   1 0.1201 0.0612 0.3405 0.2796 0.1986 
   2 0.0335 0.0147 0.0464 0.1038 0.8016 
   3 0.3351 0.0690 0.2021 0.2475 0.1463 
   4 0.0536 0.0390 0.6271 0.1419 0.1383 
   5 0.0443 0.0162 0.0463 0.1178 0.7754 
   6 0.5830 0.0154 0.0534 0.1494 0.1987 
   7 0.1105 0.0125 0.0572 0.6153 0.2046 
   8 0.2168 0.0301 0.3721 0.2325 0.1485 
   9 0.1384 0.0351 0.1215 0.3736 0.3314 
  10 0.1735 0.0137 0.1918 0.3380 0.2830 
  11 0.0890 0.0131 0.0574 0.7037 0.1368 
  12 0.0489 0.0191 0.0667 0.1180 0.7472 
  13 0.0894 0.0192 0.0872 0.2304 0.5738 
  14 0.1077 0.0943 0.1328 0.1569 0.5083 
  15 0.1165 0.0343 0.2238 0.1998 0.4256 
  16 0.2700 0.0309 0.0989 0.3463 0.2539 
  17 0.1636 0.0274 0.0735 0.1532 0.5823 
  18 0.2883 0.0274 0.1001 0.1628 0.4213 
  19 0.2871 0.0148 0.0703 0.1992 0.4285 
  20 0.1384 0.0369 0.0897 0.2874 0.4476 
  21 0.0683 0.0540 0.2350 0.1688 0.4738 
  22 0.4708 0.0237 0.1095 0.1629 0.2330 
  23 0.0670 0.1774 0.2850 0.1903 0.2803 
  24 0.1871 0.0330 0.2386 0.1999 0.3413 
  25 0.1929 0.0211 0.0429 0.3181 0.4249 
  26 0.1544 0.0243 0.1221 0.1320 0.5673 
  27 0.1194 0.0478 0.1199 0.2337 0.4793 
  28 0.1036 0.0209 0.3573 0.2933 0.2248 
  29 0.0496 0.0318 0.0790 0.3413 0.4982 
  30 0.4562 0.0381 0.0869 0.1652 0.2536 
  31 0.0986 0.0366 0.1518 0.2204 0.4926 
  32 0.1849 0.0400 0.2332 0.2285 0.3133 
  33 0.1432 0.0887 0.1883 0.4606 0.1192 
  34 0.1580 0.0180 0.0964 0.6074 0.1202 
  35 0.1323 0.0817 0.0692 0.2163 0.5004 
  36 0.1207 0.5263 0.0711 0.1352 0.1466 
  37 0.0554 0.0391 0.2209 0.2027 0.4819 
  38 0.3456 0.1702 0.0448 0.3051 0.1344 
  39 0.1373 0.0957 0.0703 0.4699 0.2269 
  40 0.0821 0.4305 0.1558 0.0938 0.2378 
  41 0.0912 0.4946 0.0451 0.2785 0.0906 
  42 0.0784 0.3374 0.3494 0.1448 0.0900 
  43 0.0422 0.3707 0.1223 0.2042 0.2606 
  44 0.1087 0.5057 0.0456 0.2131 0.1268 
  45 0.0957 0.2744 0.0478 0.2262 0.3559 
  46 0.1935 0.0619 0.0628 0.3399 0.3419 
  47 0.1551 0.0308 0.0969 0.2431 0.4742 
  48 0.1362 0.5072 0.0485 0.1164 0.1916 
  49 0.1236 0.1065 0.0951 0.3632 0.3116 
  50 0.1547 0.0406 0.1113 0.5169 0.1765 
  51 0.0313 0.7923 0.0368 0.0705 0.0692 
  52 0.1144 0.0911 0.1088 0.5072 0.1785 
  53 0.4384 0.0680 0.0989 0.2886 0.1060 
  54 0.0307 0.0476 0.0902 0.1219 0.7095 
  55 0.0352 0.2285 0.0714 0.1239 0.5410 
  56 0.2232 0.1872 0.0973 0.1390 0.3533 
  57 0.1092 0.0149 0.1720 0.1758 0.5281 
  58 0.0520 0.1753 0.0934 0.2084 0.4708 
  59 0.1608 0.2555 0.0758 0.2461 0.2618 
  60 0.0515 0.4854 0.1435 0.1181 0.2015 
  61 0.0202 0.2109 0.1439 0.1214 0.5035 
  62 0.1251 0.0251 0.0693 0.2295 0.5511 
  63 0.0457 0.1513 0.1513 0.4570 0.1947 
  64 0.4035 0.0242 0.0511 0.2200 0.3012 
  65 0.0413 0.0238 0.0396 0.6510 0.2443 
  66 0.0327 0.0455 0.1802 0.1812 0.5605 
  67 0.0286 0.1834 0.0617 0.1984 0.5280 
  68 0.1520 0.2594 0.0970 0.2305 0.2612 
  69 0.2525 0.1328 0.1581 0.3438 0.1129 
  70 0.0483 0.5275 0.0943 0.2315 0.0983 
  71 0.0830 0.4670 0.0356 0.1929 0.2214 
  72 0.2268 0.1168 0.0637 0.3980 0.1947 
  73 0.0308 0.1533 0.0477 0.2021 0.5662 
  74 0.1834 0.3637 0.1580 0.1390 0.1559 
  75 0.0853 0.4438 0.1810 0.0816 0.2083 
  76 0.0373 0.1849 0.0790 0.4737 0.2250 
  77 0.0668 0.4995 0.0420 0.2603 0.1313 
  78 0.1297 0.5057 0.0439 0.2093 0.1113 
  79 0.0722 0.0124 0.0613 0.5358 0.3183 
  80 0.0401 0.0142 0.5479 0.2099 0.1879 
  81 0.0535 0.0116 0.3775 0.2864 0.2710 
  82 0.0371 0.0467 0.1270 0.2355 0.5537 
  83 0.1082 0.0305 0.3125 0.3397 0.2091 
  84 0.0557 0.0185 0.2508 0.4447 0.2303 
  85 0.1581 0.0246 0.3216 0.2043 0.2914 
  86 0.0446 0.0462 0.0576 0.1864 0.6652 
  87 0.0566 0.0249 0.0720 0.6502 0.1963 
  88 0.0394 0.0215 0.2944 0.2950 0.3497 
  89 0.0336 0.0160 0.3274 0.1836 0.4394 
  90 0.0351 0.0155 0.0773 0.6078 0.2644 
  91 0.0864 0.0274 0.5619 0.1683 0.1559 
  92 0.0562 0.0160 0.1047 0.3090 0.5141 
  93 0.0272 0.0149 0.7809 0.0803 0.0967 
  94 0.0714 0.0240 0.0588 0.7713 0.0745 
  95 0.0273 0.0198 0.1886 0.5602 0.2041 
  96 0.0235 0.3031 0.2718 0.1181 0.2835 
  97 0.1636 0.2023 0.1960 0.1100 0.3282 
  98 0.0605 0.2366 0.1327 0.2141 0.3562 
  99 0.0417 0.0147 0.2121 0.4618 0.2697 
 100 0.0227 0.0201 0.5635 0.0782 0.3154 
 101 0.0583 0.0496 0.1184 0.3709 0.4028 
 102 0.0439 0.0708 0.4096 0.3335 0.1422 
 103 0.0264 0.0314 0.1539 0.3591 0.4292 
 104 0.0303 0.0323 0.0928 0.6648 0.1797 
 105 0.0228 0.0366 0.1506 0.5007 0.2892 
 106 0.0590 0.0214 0.0310 0.7801 0.1085 
 107 0.0264 0.0329 0.1457 0.5293 0.2658 
 108 0.1381 0.3531 0.0509 0.1125 0.3454 
 109 0.0640 0.0358 0.0329 0.5717 0.2956 
 110 0.0532 0.0170 0.0365 0.8126 0.0807 
 111 0.0232 0.0186 0.0487 0.7740 0.1354 
 112 0.0276 0.0271 0.0360 0.8213 0.0879 
 113 0.0729 0.0538 0.0877 0.2213 0.5643 
 114 0.0259 0.0240 0.1200 0.6416 0.1885 
 115 0.0333 0.0923 0.0626 0.6616 0.1502 
 116 0.0747 0.1050 0.0363 0.5358 0.2482 
 117 0.0409 0.0243 0.0471 0.8039 0.0838 
 118 0.0323 0.0250 0.0450 0.2053 0.6924 
 119 0.0326 0.3902 0.2650 0.1824 0.1298 
 120 0.0313 0.0423 0.0698 0.6412 0.2153 
 121 0.0317 0.1441 0.0465 0.6497 0.1281 
 122 0.0442 0.0181 0.0435 0.7550 0.1393 
 123 0.0362 0.0274 0.0661 0.7423 0.1281 
 124 0.0692 0.0669 0.0464 0.6864 0.1311 
 125 0.1307 0.0523 0.0605 0.6590 0.0974 
 126 0.0391 0.0691 0.0776 0.6773 0.1369 
 127 0.0224 0.0228 0.0536 0.7559 0.1454 
 128 0.0259 0.0256 0.0476 0.2060 0.6948 
 129 0.0255 0.0282 0.0411 0.5365 0.3687 
 130 0.0274 0.0170 0.1234 0.5863 0.2459 
 131 0.1409 0.1242 0.0382 0.5999 0.0968 
 132 0.0408 0.0229 0.0348 0.7014 0.2001 
 133 0.0294 0.0455 0.0725 0.6328 0.2198 
 134 0.0317 0.0129 0.0266 0.8519 0.0769 
 135 0.0313 0.0878 0.4167 0.0845 0.3797 
 136 0.0423 0.0135 0.6879 0.0577 0.1986 
 137 0.0261 0.0134 0.7545 0.1093 0.0967 
 138 0.0368 0.0218 0.7893 0.0623 0.0898 
 139 0.0404 0.0700 0.2453 0.0883 0.5559 
 140 0.0460 0.0486 0.5069 0.1892 0.2092 
 141 0.0738 0.0216 0.6389 0.0748 0.1909 
 142 0.0272 0.1316 0.4912 0.0835 0.2666 
 143 0.0225 0.0143 0.8347 0.0513 0.0771 
 144 0.0241 0.0146 0.7631 0.1027 0.0956 
 145 0.0805 0.0289 0.4059 0.0823 0.4024 
 146 0.0533 0.0317 0.5242 0.1929 0.1978 
 147 0.0268 0.0121 0.8306 0.0528 0.0777 
 148 0.0399 0.0404 0.5473 0.1216 0.2507 
 149 0.0364 0.0347 0.7272 0.0682 0.1334 
 150 0.0294 0.0189 0.5657 0.1754 0.2107 
 151 0.0249 0.0172 0.7565 0.0771 0.1244 
 152 0.0748 0.0833 0.4733 0.1016 0.2671 
 153 0.0369 0.0354 0.7344 0.0960 0.0973 
 154 0.0380 0.0227 0.6631 0.0589 0.2173 
 155 0.0235 0.0168 0.7938 0.0707 0.0951 
 156 0.0194 0.0796 0.6682 0.1007 0.1321 
 157 0.0297 0.0187 0.6670 0.2075 0.0771 
 158 0.0824 0.0235 0.5066 0.0787 0.3087 
 159 0.0242 0.0118 0.8223 0.0526 0.0890 
 160 0.0259 0.0121 0.7825 0.0515 0.1280 
 161 0.0439 0.0278 0.6752 0.1242 0.1288 
 162 0.0563 0.0348 0.3911 0.1671 0.3507 
 163 0.0208 0.0220 0.8098 0.0677 0.0797 
 164 0.0399 0.0200 0.4096 0.1313 0.3992 
 165 0.0253 0.0171 0.6483 0.1559 0.1535 
 166 0.0512 0.0589 0.5610 0.2165 0.1125 
 167 0.0679 0.0173 0.6086 0.0885 0.2177 
 168 0.0664 0.0401 0.7043 0.0868 0.1023 
 169 0.3394 0.0412 0.2998 0.0804 0.2393 
 170 0.0245 0.0517 0.6878 0.0873 0.1487 
 171 0.0808 0.0398 0.5119 0.1138 0.2537 
 172 0.1174 0.1617 0.5056 0.0801 0.1351 
 173 0.0252 0.0150 0.7427 0.0538 0.1633 
 174 0.0270 0.0126 0.7744 0.0765 0.1095 
 175 0.0431 0.0202 0.7673 0.0545 0.1150 
 176 0.0232 0.0144 0.7642 0.1024 0.0959 
 177 0.0496 0.0283 0.5409 0.2667 0.1145 
 178 0.0501 0.0142 0.6675 0.0880 0.1801 
 179 0.0261 0.0124 0.8231 0.0535 0.0848 
 180 0.0591 0.0324 0.6042 0.1199 0.1843 
 181 0.0420 0.0342 0.5170 0.0754 0.3314 
 182 0.0230 0.0230 0.6102 0.0561 0.2877 
 183 0.0274 0.0152 0.7795 0.0560 0.1219 
 184 0.0479 0.0178 0.0469 0.0915 0.7960 
 185 0.0210 0.0796 0.7359 0.0565 0.1070 
 186 0.0374 0.0213 0.0528 0.2197 0.6689 
 187 0.0372 0.0225 0.2032 0.0873 0.6498 
 188 0.0300 0.0195 0.0399 0.1683 0.7422 
 189 0.2065 0.0370 0.2578 0.1174 0.3812 
 190 0.0174 0.3232 0.2590 0.0577 0.3428 
 191 0.0254 0.0147 0.0690 0.0781 0.8128 
 192 0.0374 0.0204 0.2631 0.1731 0.5061 
 193 0.0409 0.0285 0.1634 0.1007 0.6665 
 194 0.0322 0.0464 0.2702 0.1889 0.4623 
 195 0.0216 0.0457 0.3758 0.0627 0.4942 
 196 0.0258 0.1588 0.1823 0.0866 0.5465 
 197 0.0796 0.0322 0.1099 0.1464 0.6318 
 198 0.0609 0.0353 0.1545 0.2231 0.5262 
 199 0.0312 0.1228 0.1494 0.0827 0.6138 
 200 0.0477 0.1018 0.1351 0.0964 0.6189 
 201 0.0299 0.0373 0.5160 0.0742 0.3426 
 202 0.0223 0.0700 0.5747 0.0861 0.2468 
 203 0.0233 0.0255 0.4340 0.0646 0.4526 
 204 0.0190 0.0371 0.1383 0.0630 0.7426 
 205 0.0296 0.0382 0.0905 0.0780 0.7637 
 206 0.0239 0.0269 0.1086 0.0622 0.7785 
 207 0.0211 0.0391 0.0729 0.0827 0.7842 
 208 0.0230 0.0534 0.2589 0.0738 0.5909 
 209 0.0279 0.0245 0.1096 0.0877 0.7504 
 210 0.0224 0.0294 0.1575 0.0887 0.7020 
 211 0.0207 0.1679 0.1873 0.1139 0.5101 
 212 0.0407 0.0395 0.5526 0.0798 0.2874 
 213 0.0298 0.1585 0.1399 0.2777 0.3941 
 214 0.0275 0.0387 0.5530 0.0724 0.3084 
 215 0.0279 0.0298 0.0584 0.0801 0.8037 
 216 0.0603 0.0225 0.0670 0.1194 0.7308 
 217 0.0412 0.0488 0.3787 0.0634 0.4679 
 218 0.0289 0.0186 0.0948 0.0771 0.7806 
 219 0.1061 0.0207 0.1659 0.0920 0.6153 
 220 0.0210 0.0198 0.0709 0.0700 0.8183 
 221 0.0203 0.0779 0.7272 0.0520 0.1225 
 222 0.0959 0.0214 0.1026 0.1290 0.6511 
 223 0.0606 0.0279 0.3208 0.1019 0.4888 
 224 0.0255 0.0240 0.3020 0.0700 0.5786 
 225 0.0249 0.0406 0.1418 0.0790 0.7136 
 226 0.1473 0.0354 0.1194 0.0805 0.6175 
 227 0.0236 0.0917 0.2243 0.0867 0.5736 
 228 0.0205 0.1015 0.3158 0.0617 0.5004 
 229 0.0267 0.0167 0.3264 0.0812 0.5490 
 230 0.0222 0.0189 0.2418 0.0735 0.6436 
 231 0.0353 0.0165 0.2071 0.0725 0.6686 
 232 0.0390 0.0538 0.2709 0.1589 0.4774 
 233 0.0281 0.0276 0.6064 0.0716 0.2663 
 234 0.0473 0.0195 0.1616 0.1409 0.6307 
 235 0.0545 0.0440 0.2388 0.0840 0.5787 
 236 0.0386 0.0254 0.3668 0.0911 0.4780 
 237 0.0228 0.0342 0.0823 0.0763 0.7844 
 238 0.0306 0.0416 0.5499 0.1172 0.2607 
 239 0.0220 0.0442 0.3727 0.0629 0.4982 
 240 0.0309 0.0406 0.5535 0.1160 0.2591 
 241 0.0274 0.0369 0.5290 0.0703 0.3364 
 242 0.0586 0.0264 0.1414 0.0948 0.6787 
 243 0.0194 0.1556 0.1913 0.0649 0.5689 
 244 0.0228 0.0227 0.3547 0.0675 0.5323 
 245 0.0216 0.0380 0.7474 0.0772 0.1157 
 246 0.0398 0.0487 0.3780 0.0640 0.4696 
 247 0.0418 0.0565 0.0563 0.4867 0.3587 
 248 0.0257 0.0294 0.0488 0.0996 0.7965 
 249 0.0239 0.0300 0.3812 0.0839 0.4811 
 250 0.0322 0.0197 0.2485 0.0945 0.6051 
 251 0.0920 0.0350 0.0873 0.1256 0.6600 
 252 0.0313 0.0369 0.2215 0.0895 0.6208 
 253 0.0495 0.0601 0.0886 0.1642 0.6377 
 254 0.0552 0.0242 0.1057 0.1029 0.7120 
 255 0.0365 0.0210 0.1609 0.0998 0.6818 
 256 0.0297 0.0493 0.2866 0.0789 0.5555 
 257 0.0286 0.0319 0.1354 0.0933 0.7109 
 258 0.0319 0.0792 0.1132 0.1713 0.6045 
 259 0.0283 0.0249 0.1361 0.0905 0.7203 
 260 0.0817 0.0220 0.2874 0.1353 0.4736 
 261 0.0359 0.0546 0.3780 0.0848 0.4466 
 262 0.0261 0.1242 0.3994 0.0544 0.3959 
 263 0.0273 0.0239 0.0650 0.0778 0.8060 
 264 0.2441 0.0277 0.0414 0.1938 0.4930 
 265 0.0491 0.0261 0.1443 0.0791 0.7014 
 266 0.0197 0.0545 0.7173 0.0541 0.1544 
 267 0.0350 0.0298 0.1656 0.0962 0.6734 
 268 0.0259 0.1622 0.1812 0.0867 0.5440 
 269 0.1438 0.0217 0.1836 0.1061 0.5447 
 270 0.0415 0.0204 0.0669 0.1123 0.7589 
 271 0.0318 0.0450 0.0825 0.1016 0.7392 
 272 0.0973 0.0705 0.0892 0.0833 0.6597 
 273 0.0819 0.0464 0.2132 0.1214 0.5371 
 274 0.0499 0.0234 0.0961 0.0874 0.7432 
 275 0.0752 0.0271 0.1218 0.0720 0.7038 
 276 0.0805 0.0913 0.0776 0.0923 0.6583 
 277 0.0569 0.0236 0.2372 0.1002 0.5821 
 278 0.0281 0.0488 0.0779 0.0747 0.7705 
 279 0.0391 0.0251 0.1542 0.0910 0.6905 
 280 0.0975 0.0432 0.1240 0.0918 0.6435 
 281 0.0332 0.0249 0.1053 0.1105 0.7261 
 282 0.0542 0.0212 0.4760 0.1042 0.3444 
 283 0.0293 0.0249 0.5476 0.0957 0.3025 
 284 0.0364 0.0403 0.2810 0.1727 0.4696 
 285 0.0345 0.0643 0.0376 0.1320 0.7316 
 286 0.0231 0.0226 0.3527 0.0676 0.5339 
 287 0.0668 0.0220 0.1447 0.1067 0.6598 
 288 0.0789 0.0300 0.0774 0.0737 0.7400 
 289 0.0669 0.0570 0.1040 0.1427 0.6293 
 290 0.1059 0.1527 0.1295 0.1795 0.4323 
 291 0.0321 0.0418 0.0832 0.1004 0.7423 
 292 0.0794 0.1062 0.1913 0.0876 0.5356 
 293 0.1517 0.1510 0.0806 0.2707 0.3460 
 294 0.0304 0.0314 0.0575 0.0759 0.8049 
 295 0.0913 0.0681 0.1425 0.1169 0.5811 
 296 0.0249 0.0282 0.0737 0.0759 0.7973 
 297 0.0873 0.0275 0.0767 0.1015 0.7070 
 298 0.0430 0.0168 0.3366 0.1150 0.4887 
 299 0.0343 0.0169 0.0652 0.0858 0.7978 
 300 0.0303 0.0326 0.0561 0.0858 0.7953 
 301 0.0688 0.0192 0.0626 0.0915 0.7579 
 302 0.0301 0.0542 0.0651 0.0758 0.7747 
 303 0.0417 0.0358 0.3373 0.0956 0.4896 
 304 0.0885 0.0216 0.3858 0.1915 0.3126 
 305 0.0263 0.0370 0.2060 0.0574 0.6733 
 306 0.0593 0.0407 0.3765 0.0721 0.4515 
 307 0.0422 0.0290 0.2068 0.0995 0.6226 
 308 0.0362 0.0560 0.3793 0.0857 0.4428 
 309 0.0334 0.0536 0.0810 0.1112 0.7208 
 310 0.0233 0.0623 0.2863 0.0666 0.5614 
 311 0.0220 0.0187 0.2390 0.0731 0.6472 
 312 0.0197 0.0311 0.0803 0.0955 0.7734 
 313 0.0216 0.0890 0.0540 0.0803 0.7551 
 314 0.0239 0.0218 0.8375 0.0503 0.0666 
 315 0.0374 0.0322 0.7995 0.0667 0.0642 
 316 0.0579 0.0222 0.7768 0.0694 0.0737 
 317 0.0260 0.0131 0.8434 0.0508 0.0667 
 318 0.0286 0.0105 0.8470 0.0511 0.0627 
 319 0.0241 0.0140 0.8193 0.0507 0.0919 
 320 0.0239 0.0217 0.8348 0.0508 0.0689 
 321 0.0293 0.0118 0.8399 0.0525 0.0664 
 322 0.0482 0.0357 0.7681 0.0694 0.0785 
 323 0.0298 0.0108 0.8397 0.0500 0.0697 
 324 0.0297 0.0120 0.8395 0.0527 0.0661 
 325 0.0518 0.0187 0.8038 0.0664 0.0594 
 326 0.0569 0.0214 0.7989 0.0657 0.0571 
 327 0.0262 0.0132 0.8454 0.0507 0.0644 
 328 0.0425 0.0238 0.7898 0.0693 0.0746 
 329 0.0242 0.0106 0.8480 0.0512 0.0659 
 330 0.0259 0.0126 0.8457 0.0502 0.0656 
 331 0.0248 0.0106 0.8433 0.0501 0.0712 
 332 0.0723 0.0188 0.7829 0.0663 0.0597 
 333 0.0452 0.0221 0.8024 0.0647 0.0655 
 334 0.0428 0.0241 0.7897 0.0691 0.0744 
 335 0.0365 0.0260 0.8075 0.0668 0.0632 
 336 0.0317 0.0155 0.8372 0.0519 0.0637 
 337 0.0532 0.0221 0.7903 0.0693 0.0650 
 338 0.0318 0.0100 0.8434 0.0517 0.0630 
 339 0.0251 0.0105 0.8431 0.0510 0.0702 
 340 0.0225 0.0115 0.8475 0.0487 0.0697 
 341 0.0272 0.0121 0.8333 0.0498 0.0776 
 342 0.0263 0.0130 0.8443 0.0506 0.0659 
 343 0.0429 0.0443 0.7789 0.0679 0.0659 
 344 0.0254 0.0104 0.8516 0.0505 0.0621 
 345 0.0263 0.0130 0.8449 0.0509 0.0649 
 346 0.0259 0.0112 0.8535 0.0486 0.0607 
 347 0.0223 0.0110 0.8559 0.0488 0.0620 
 348 0.0325 0.0507 0.7843 0.0652 0.0673 
 349 0.0263 0.0130 0.8451 0.0507 0.0650 
 350 0.0237 0.0173 0.8239 0.0503 0.0848 
 351 0.0363 0.0248 0.8076 0.0672 0.0642 
 352 0.0448 0.0272 0.7988 0.0661 0.0632 
 353 0.0326 0.0161 0.8366 0.0512 0.0635 
 354 0.0259 0.0107 0.8395 0.0519 0.0721 
 355 0.0301 0.0105 0.8468 0.0505 0.0621 
 356 0.0321 0.0605 0.7718 0.0666 0.0690 
 357 0.2007 0.0203 0.4951 0.1546 0.1294 
 358 0.0458 0.0176 0.8068 0.0680 0.0617 
 359 0.0266 0.0105 0.8398 0.0512 0.0718 
 360 0.0258 0.0115 0.8529 0.0488 0.0610 
 361 0.1959 0.0294 0.4448 0.1709 0.1590 
 362 0.1304 0.0345 0.0682 0.4312 0.3357 
 363 0.1858 0.0451 0.0492 0.5597 0.1602 
 364 0.2574 0.0248 0.2144 0.1301 0.3733 
 365 0.4075 0.0257 0.0548 0.2106 0.3015 
 366 0.2781 0.1882 0.1317 0.1484 0.2535 
 367 0.0605 0.0138 0.0327 0.8183 0.0747 
 368 0.0481 0.0133 0.0575 0.3588 0.5223 
 369 0.1097 0.1628 0.3018 0.2024 0.2233 
 370 0.0564 0.0281 0.0752 0.3811 0.4591 
 371 0.1297 0.0357 0.0997 0.2047 0.5302 
 372 0.0541 0.0337 0.0866 0.1577 0.6679 
 373 0.0865 0.0186 0.1201 0.4955 0.2792 
 374 0.1388 0.0231 0.3050 0.2904 0.2427 
 375 0.1535 0.0166 0.0449 0.5031 0.2818 
 376 0.6007 0.0165 0.0386 0.2646 0.0795 
 377 0.2094 0.0319 0.0671 0.2670 0.4246 
 378 0.0316 0.0186 0.2088 0.5846 0.1564 
 379 0.6150 0.0245 0.0344 0.2476 0.0785 
 380 0.5564 0.0585 0.1252 0.0937 0.1661 
 381 0.5632 0.0763 0.1324 0.0978 0.1303 
 382 0.1474 0.0136 0.0499 0.6489 0.1401 
 383 0.7094 0.0166 0.0894 0.0678 0.1167 
 384 0.4519 0.0225 0.0982 0.1877 0.2397 
 385 0.0876 0.0119 0.1511 0.2586 0.4907 
 386 0.1150 0.0194 0.0453 0.6940 0.1263 
 387 0.1624 0.0237 0.0584 0.5821 0.1734 
 388 0.1083 0.0166 0.2077 0.2561 0.4113 
 389 0.0415 0.0707 0.0504 0.1116 0.7258 
 390 0.1276 0.1545 0.0490 0.5519 0.1170 
 391 0.0923 0.0918 0.0996 0.3700 0.3462 
 392 0.3153 0.0222 0.1119 0.3382 0.2124 
 393 0.5928 0.0855 0.0908 0.1432 0.0878 
 394 0.1053 0.0215 0.2715 0.4131 0.1886 
 395 0.1159 0.2389 0.0582 0.3752 0.2118 
 396 0.1046 0.0147 0.0360 0.5871 0.2576 
 397 0.0914 0.0206 0.0980 0.0974 0.6925 
 398 0.3265 0.0258 0.0381 0.5114 0.0983 
 399 0.0804 0.0528 0.0494 0.6782 0.1393 
 400 0.1296 0.0207 0.0753 0.6570 0.1174 
 401 0.0353 0.0545 0.0782 0.7126 0.1193 
 402 0.1039 0.0740 0.0727 0.2569 0.4925 
 403 0.0780 0.0216 0.3151 0.1984 0.3869 
 404 0.1478 0.0234 0.1051 0.4265 0.2971 
 405 0.2476 0.0468 0.0947 0.2820 0.3288 
 406 0.1442 0.5986 0.0916 0.0786 0.0870 
 407 0.5483 0.0192 0.0371 0.2827 0.1125 
 408 0.0258 0.0879 0.0344 0.6610 0.1909 
 409 0.1134 0.3378 0.2769 0.1770 0.0949 
 410 0.2316 0.0326 0.1027 0.4337 0.1995 
 411 0.3217 0.0696 0.1717 0.3095 0.1274 
 412 0.0654 0.0130 0.0539 0.4916 0.3761 
 413 0.0463 0.0179 0.1669 0.4921 0.2767 
 414 0.0662 0.0150 0.0361 0.5475 0.3352 
 415 0.3765 0.0658 0.0589 0.3736 0.1253 
 416 0.1005 0.0415 0.1144 0.5047 0.2390 
 417 0.4324 0.0196 0.0494 0.3761 0.1225 
 418 0.0666 0.0116 0.0419 0.7207 0.1593 
 419 0.0991 0.0672 0.2026 0.3918 0.2393 
 420 0.0359 0.1495 0.0486 0.6657 0.1003 
 421 0.1539 0.0223 0.0629 0.5471 0.2137 
 422 0.2075 0.1043 0.0543 0.1792 0.4548 
 423 0.3142 0.0380 0.0710 0.3517 0.2251 
 424 0.0578 0.0913 0.0778 0.6745 0.0985 
 425 0.1562 0.0240 0.0879 0.2266 0.5053 
 426 0.1521 0.0217 0.1005 0.5542 0.1716 
 427 0.2715 0.0350 0.1357 0.4836 0.0742 
 428 0.3110 0.0980 0.1402 0.1463 0.3044 
 429 0.1783 0.0138 0.0331 0.6990 0.0758 
 430 0.4240 0.0308 0.0467 0.3769 0.1216 
 431 0.0776 0.0232 0.0780 0.4561 0.3652 
 432 0.0567 0.0164 0.0663 0.4143 0.4463 
 433 0.0409 0.0322 0.2991 0.2073 0.4205 
 434 0.1067 0.0301 0.1179 0.2358 0.5095 
 435 0.4282 0.0341 0.0369 0.4142 0.0866 
 436 0.4775 0.0449 0.0682 0.3527 0.0567 
 437 0.6410 0.0157 0.0401 0.1826 0.1206 
 438 0.1676 0.2753 0.0843 0.3931 0.0797 
 439 0.5838 0.0208 0.0546 0.2817 0.0592 
 440 0.6143 0.0270 0.0301 0.2630 0.0656 
 441 0.2842 0.0256 0.1191 0.4464 0.1248 
 442 0.1402 0.0314 0.0427 0.6588 0.1269 
 443 0.0649 0.1014 0.0374 0.7136 0.0828 
 444 0.2504 0.0510 0.0431 0.5422 0.1134 
 445 0.2759 0.1729 0.1639 0.2556 0.1318 
 446 0.2972 0.0235 0.0429 0.5657 0.0707 
 447 0.3745 0.0978 0.0937 0.2691 0.1649 
 448 0.3791 0.0265 0.0468 0.3894 0.1583 
 449 0.4283 0.0290 0.0754 0.2826 0.1847 
 450 0.4477 0.0123 0.0924 0.3076 0.1399 
 451 0.0657 0.0289 0.0308 0.7178 0.1568 
 452 0.4928 0.0137 0.0718 0.3074 0.1143 
 453 0.0462 0.3718 0.0823 0.3447 0.1550 
 454 0.3657 0.0230 0.0945 0.3874 0.1293 
 455 0.3297 0.1125 0.0437 0.4457 0.0683 
 456 0.2639 0.1120 0.0402 0.4773 0.1067 
 457 0.6692 0.0170 0.0442 0.1687 0.1009 
 458 0.4723 0.0223 0.0549 0.3597 0.0907 
 459 0.1228 0.0333 0.1137 0.6676 0.0626 
 460 0.1273 0.0245 0.0420 0.7445 0.0618 
 461 0.0641 0.0116 0.0415 0.8207 0.0621 
 462 0.1235 0.0388 0.0301 0.7060 0.1017 
 463 0.1428 0.4969 0.0645 0.1879 0.1079 
 464 0.0931 0.0556 0.0400 0.7360 0.0752 
 465 0.0614 0.0314 0.0498 0.7492 0.1082 
 466 0.0842 0.1598 0.0437 0.5983 0.1141 
 467 0.1244 0.0502 0.0768 0.6314 0.1172 
 468 0.6466 0.0704 0.0413 0.1469 0.0949 
 469 0.7270 0.0228 0.0446 0.1498 0.0558 
 470 0.4005 0.0287 0.0387 0.4665 0.0656 
 471 0.1351 0.1461 0.0494 0.3907 0.2788 
 472 0.1270 0.0568 0.0556 0.5779 0.1827 
 473 0.3215 0.0358 0.0798 0.3096 0.2533 
 474 0.3532 0.0335 0.0853 0.3844 0.1435 
 475 0.0752 0.0271 0.0883 0.6904 0.1189 
 476 0.4171 0.0333 0.0577 0.4187 0.0731 
 477 0.0706 0.0421 0.0730 0.7094 0.1049 
 478 0.0412 0.0171 0.0376 0.8324 0.0717 
 479 0.3623 0.0200 0.0370 0.5071 0.0735 
 480 0.6976 0.0145 0.0409 0.1831 0.0640 
 481 0.1453 0.0257 0.0424 0.2531 0.5335 
 482 0.3082 0.0139 0.0377 0.5781 0.0620 
 483 0.5142 0.0266 0.0529 0.3409 0.0654 
 484 0.3102 0.1835 0.0579 0.3286 0.1199 
 485 0.6097 0.0448 0.0411 0.2474 0.0570 
 486 0.0607 0.0633 0.0574 0.2336 0.5850 
 487 0.0811 0.0276 0.1189 0.1216 0.6508 
 488 0.0427 0.0210 0.0778 0.2028 0.6556 
 489 0.0812 0.0984 0.1809 0.0895 0.5501 
 490 0.0666 0.0498 0.0418 0.5757 0.2661 
 491 0.0325 0.0245 0.0982 0.0919 0.7528 
 492 0.0390 0.0533 0.2904 0.3112 0.3061 
 493 0.0453 0.0216 0.0557 0.0945 0.7829 
 494 0.0575 0.0265 0.0879 0.1152 0.7129 
 495 0.0414 0.0481 0.1767 0.4044 0.3293 
 496 0.0478 0.0511 0.4025 0.1890 0.3095 
 497 0.0379 0.0146 0.0786 0.0858 0.7831 
 498 0.0582 0.1170 0.1050 0.3460 0.3738 
 499 0.0532 0.0262 0.1677 0.0839 0.6690 
 500 0.1143 0.0204 0.0573 0.0995 0.7085 
 501 0.1012 0.0209 0.2046 0.2304 0.4429 
 502 0.0593 0.0160 0.2441 0.2817 0.3989 
 503 0.2438 0.0230 0.0526 0.2033 0.4772 
 504 0.0351 0.0394 0.0588 0.5537 0.3130 
 505 0.0406 0.0489 0.0998 0.1091 0.7016 
 506 0.0484 0.0217 0.1895 0.2996 0.4408 
 507 0.0286 0.0448 0.6128 0.0639 0.2499 
 508 0.0255 0.0804 0.5349 0.0723 0.2869 
 509 0.0360 0.0323 0.1425 0.0984 0.6907 
 510 0.0990 0.0237 0.2506 0.1483 0.4785 
 511 0.2269 0.0490 0.0690 0.3159 0.3392 
 512 0.2315 0.0163 0.0448 0.4376 0.2697 
 513 0.0188 0.0736 0.0853 0.2622 0.5601 
 514 0.0367 0.0299 0.0861 0.5335 0.3138 
 515 0.2801 0.0736 0.1670 0.2190 0.2602 
 516 0.0340 0.0512 0.0747 0.3551 0.4850 
 517 0.0851 0.2098 0.1806 0.3228 0.2017 
 518 0.0805 0.0171 0.1519 0.0926 0.6579 
 519 0.0416 0.0295 0.0936 0.6453 0.1900 
 520 0.1773 0.2832 0.2904 0.0902 0.1590 
 521 0.0350 0.0451 0.3948 0.3222 0.2029 
 522 0.3469 0.1887 0.0614 0.2072 0.1957 
 523 0.0378 0.4599 0.1727 0.1689 0.1607 
 524 0.3372 0.1237 0.1016 0.1876 0.2499 
 525 0.2231 0.0545 0.2310 0.1162 0.3753 
 526 0.1729 0.5349 0.0890 0.0907 0.1126 
 527 0.1166 0.0157 0.0569 0.1981 0.6129 
 528 0.0328 0.0380 0.5406 0.1234 0.2652 
 529 0.0345 0.0201 0.1113 0.1253 0.7088 
 530 0.3093 0.1057 0.1061 0.1811 0.2978 
 531 0.1399 0.0572 0.4315 0.1837 0.1877 
 532 0.0680 0.0409 0.2482 0.1445 0.4984 
 533 0.1975 0.0791 0.0799 0.1502 0.4933 
 534 0.0244 0.0793 0.1022 0.1219 0.6722 
 535 0.0660 0.3279 0.0924 0.3626 0.1511 
 536 0.1550 0.1675 0.2063 0.2366 0.2346 
 537 0.0501 0.2807 0.3423 0.1232 0.2037 
 538 0.0661 0.1744 0.2509 0.1900 0.3186 
 539 0.0351 0.0431 0.6783 0.0764 0.1670 
 540 0.1135 0.1388 0.2537 0.1552 0.3388 
 541 0.0634 0.0385 0.5474 0.1845 0.1662 
 542 0.1016 0.4691 0.0693 0.1404 0.2196 
 543 0.0386 0.2511 0.2287 0.3106 0.1710 
 544 0.0618 0.4572 0.1192 0.1563 0.2055 
 545 0.0700 0.6671 0.0423 0.1330 0.0876 
 546 0.0493 0.1696 0.1770 0.1762 0.4280 
 547 0.0330 0.6542 0.1209 0.1139 0.0780 
 548 0.0322 0.0197 0.2455 0.0937 0.6089 
 549 0.1273 0.2257 0.4484 0.1117 0.0869 
 550 0.1020 0.5288 0.0605 0.2257 0.0830 
 551 0.0551 0.0471 0.6387 0.1446 0.1145 
 552 0.0554 0.1086 0.1898 0.1002 0.5459 
 553 0.0242 0.5872 0.1803 0.1115 0.0968 
 554 0.1482 0.0697 0.1855 0.3377 0.2588 
 555 0.0426 0.1569 0.4199 0.1240 0.2567 
 556 0.0474 0.1580 0.1719 0.1590 0.4636 
 557 0.1140 0.4037 0.1036 0.3007 0.0780 
 558 0.3304 0.0123 0.0392 0.5605 0.0577 
 559 0.0369 0.0332 0.0596 0.4330 0.4374 
 560 0.0936 0.0261 0.0283 0.7734 0.0785 
 561 0.0943 0.0305 0.0396 0.6001 0.2356 
 562 0.0796 0.0483 0.0288 0.6552 0.1881 
 563 0.0396 0.0391 0.1686 0.6607 0.0920 
 564 0.0683 0.0726 0.0656 0.2287 0.5649 
 565 0.6487 0.0154 0.0441 0.1975 0.0943 
 566 0.0914 0.0190 0.0303 0.7834 0.0758 
 567 0.0630 0.0352 0.0420 0.2092 0.6505 
 568 0.0581 0.0465 0.0636 0.6230 0.2088 
 569 0.2003 0.1224 0.0674 0.4494 0.1604 
 570 0.4397 0.0139 0.0318 0.4236 0.0910 
 571 0.0461 0.0200 0.0494 0.7577 0.1268 
 572 0.0959 0.4135 0.1762 0.1516 0.1628 
 573 0.2008 0.0686 0.0590 0.1805 0.4911 
 574 0.3479 0.0324 0.1600 0.2511 0.2086 
 575 0.0457 0.0289 0.1221 0.6413 0.1620 
 576 0.0713 0.0140 0.0305 0.7765 0.1077 
 577 0.1921 0.0233 0.1323 0.3872 0.2650 
 578 0.0853 0.0255 0.0506 0.7061 0.1326 
 579 0.1047 0.0227 0.0445 0.5167 0.3114 
 580 0.3013 0.0181 0.0828 0.3880 0.2098 
 581 0.1674 0.0185 0.0591 0.6342 0.1208 
 582 0.1775 0.0344 0.0359 0.6743 0.0779 
 583 0.0826 0.0203 0.0489 0.6445 0.2037 
 584 0.0832 0.0137 0.0358 0.7409 0.1265 
 585 0.1136 0.0204 0.0430 0.6721 0.1508 
 586 0.0298 0.0223 0.0611 0.7222 0.1646 
 587 0.1361 0.0363 0.0339 0.5371 0.2566 
 588 0.0200 0.0942 0.0423 0.0782 0.7652 
 589 0.4203 0.0926 0.0401 0.2910 0.1560 
 590 0.0418 0.0200 0.0428 0.5774 0.3179 
 591 0.0422 0.0168 0.0526 0.6970 0.1913 
 592 0.0707 0.0922 0.0435 0.5729 0.2207 
 593 0.0978 0.0388 0.0818 0.5628 0.2188 
 594 0.0484 0.0226 0.0890 0.3929 0.4471 
 595 0.1169 0.0124 0.0321 0.3257 0.5129 
 596 0.2033 0.1451 0.0738 0.1964 0.3814 
 597 0.0313 0.0576 0.2213 0.5871 0.1027 
 598 0.6342 0.0138 0.0340 0.2562 0.0618 
 599 0.0720 0.0432 0.0320 0.7148 0.1381 
 600 0.2177 0.0334 0.0998 0.4019 0.2471 
 601 0.0732 0.0304 0.0335 0.7509 0.1119 
 602 0.0483 0.0156 0.0973 0.1464 0.6924 
 603 0.0440 0.0192 0.1078 0.1989 0.6300 
 604 0.3857 0.0274 0.0997 0.1720 0.3152 
 605 0.0919 0.0367 0.0590 0.4357 0.3767 
 606 0.1063 0.0341 0.1403 0.1990 0.5203 
 607 0.1382 0.0139 0.1953 0.1851 0.4674 
 608 0.0959 0.0195 0.4571 0.2611 0.1665 
 609 0.2083 0.0344 0.0825 0.4489 0.2259 
 610 0.4803 0.0902 0.0579 0.1848 0.1868 
 611 0.0467 0.0314 0.1268 0.2498 0.5453 
 612 0.5947 0.0395 0.0549 0.2053 0.1057 
 613 0.2183 0.0562 0.0757 0.2538 0.3959 
 614 0.5918 0.0184 0.0455 0.1259 0.2184 
 615 0.6159 0.0227 0.0744 0.1004 0.1865 
 616 0.1155 0.0149 0.1351 0.2022 0.5323 
 617 0.3069 0.0472 0.0484 0.2636 0.3339 
 618 0.3910 0.0441 0.1367 0.1129 0.3153 
 619 0.0935 0.0934 0.1570 0.4369 0.2193 
 620 0.0462 0.0820 0.0311 0.5844 0.2563 
 621 0.1156 0.0125 0.0487 0.6185 0.2046 
 622 0.2738 0.0547 0.1069 0.1328 0.4318 
 623 0.1035 0.0330 0.0525 0.4265 0.3845 
 624 0.4928 0.0246 0.1462 0.1989 0.1375 
 625 0.3704 0.0174 0.1391 0.2288 0.2443 
 626 0.2269 0.1467 0.3756 0.0876 0.1633 
 627 0.0872 0.0283 0.0697 0.4043 0.4105 
 628 0.0710 0.0220 0.0661 0.3507 0.4903 
 629 0.1114 0.0157 0.0712 0.2130 0.5887 
 630 0.3238 0.0275 0.0680 0.2751 0.3055 
 631 0.2022 0.0166 0.0672 0.2493 0.4647 
 632 0.0690 0.0376 0.2337 0.1257 0.5340 
 633 0.2410 0.0175 0.1334 0.3307 0.2774 
 634 0.1057 0.0419 0.1791 0.2821 0.3912 
 635 0.1015 0.0204 0.4130 0.1245 0.3406 
 636 0.2139 0.0219 0.2524 0.2735 0.2384 
 637 0.0787 0.1126 0.1161 0.2206 0.4720 
 638 0.0925 0.0153 0.0979 0.1821 0.6122 
 639 0.2540 0.0193 0.0979 0.1814 0.4475 
 640 0.0648 0.0121 0.0678 0.6598 0.1955 
 641 0.1116 0.0157 0.0690 0.1713 0.6323 
 642 0.0485 0.0477 0.5106 0.1714 0.2218 
 643 0.0297 0.0178 0.7457 0.1162 0.0906 
 644 0.0374 0.0210 0.5497 0.1673 0.2245 
 645 0.2873 0.0340 0.4191 0.0644 0.1952 
 646 0.0405 0.0544 0.1268 0.2518 0.5264 
 647 0.0310 0.0447 0.3932 0.2668 0.2643 
 648 0.0716 0.0636 0.2323 0.0922 0.5403 
 649 0.0296 0.1051 0.1575 0.1294 0.5783 
 650 0.0329 0.0388 0.1606 0.2225 0.5452 
 651 0.0332 0.0147 0.2987 0.1113 0.5422 
 652 0.0350 0.0223 0.5300 0.1321 0.2806 
 653 0.0580 0.0462 0.3197 0.1006 0.4755 
 654 0.0387 0.0916 0.4673 0.1113 0.2912 
 655 0.0318 0.0286 0.5087 0.3116 0.1193 
 656 0.0454 0.0497 0.1694 0.1150 0.6205 
 657 0.1185 0.0209 0.1745 0.1718 0.5143 
 658 0.0587 0.0756 0.2448 0.4335 0.1874 
 659 0.0552 0.0522 0.4547 0.1220 0.3158 
 660 0.0328 0.0397 0.5452 0.1021 0.2801 
 661 0.0464 0.1114 0.5520 0.1060 0.1842 
 662 0.0255 0.2196 0.1075 0.1295 0.5179 
 663 0.0453 0.0236 0.4096 0.1185 0.4030 
 664 0.0558 0.0424 0.2565 0.5219 0.1235 
 665 0.0293 0.0967 0.1228 0.1121 0.6391 
 666 0.0444 0.0531 0.4489 0.1418 0.3119 
 667 0.0390 0.0307 0.0921 0.2358 0.6024 
 668 0.0534 0.0471 0.4409 0.2035 0.2550 
 669 0.0333 0.0347 0.1852 0.1010 0.6458 
 670 0.0260 0.0181 0.7649 0.0586 0.1324 
 671 0.0276 0.0277 0.6233 0.1005 0.2208 
 672 0.0400 0.0489 0.6690 0.1817 0.0604 
 673 0.0303 0.0112 0.8345 0.0520 0.0720 
 674 0.0494 0.0245 0.6272 0.0857 0.2132 
 675 0.0237 0.0145 0.7619 0.1036 0.0964 
 676 0.0254 0.0120 0.8406 0.0537 0.0683 
 677 0.0215 0.0800 0.7215 0.0555 0.1216 
 678 0.0304 0.0106 0.8363 0.0555 0.0672 
 679 0.0586 0.0115 0.6834 0.0826 0.1640 
 680 0.0397 0.0178 0.7428 0.0680 0.1317 
 681 0.1090 0.2679 0.2690 0.1128 0.2412 
 682 0.0420 0.0187 0.7886 0.0708 0.0798 
 683 0.0247 0.0211 0.7936 0.0583 0.1022 
 684 0.0292 0.0124 0.8296 0.0578 0.0710 
 685 0.0226 0.0138 0.8430 0.0514 0.0691 
 686 0.0385 0.0792 0.6603 0.0762 0.1458 
 687 0.0259 0.0412 0.6191 0.0925 0.2213 
 688 0.0263 0.0158 0.7755 0.0810 0.1014 
 689 0.0244 0.0128 0.8377 0.0488 0.0763 
 690 0.0250 0.0123 0.8409 0.0534 0.0685 
 691 0.0510 0.0197 0.7011 0.0786 0.1496 
 692 0.0353 0.0126 0.7662 0.0781 0.1078 
 693 0.0292 0.0146 0.7741 0.1066 0.0754 
 694 0.0213 0.0144 0.8514 0.0472 0.0657 
 695 0.0364 0.0354 0.8038 0.0650 0.0595 
 696 0.0268 0.0155 0.7725 0.0822 0.1029 
 697 0.0253 0.0161 0.8172 0.0512 0.0901 
 698 0.0253 0.0128 0.8299 0.0528 0.0792 
 699 0.0313 0.1028 0.7344 0.0627 0.0688 
 700 0.0267 0.0432 0.7358 0.1179 0.0763 
 701 0.0626 0.0303 0.6802 0.0769 0.1501 
 702 0.0414 0.0393 0.6794 0.1171 0.1228 
 703 0.0427 0.0204 0.7679 0.0720 0.0970 
 704 0.0239 0.0221 0.7807 0.0783 0.0949 
 705 0.0559 0.2746 0.3838 0.1010 0.1847 
 706 0.0381 0.0301 0.7766 0.0637 0.0915 
 707 0.0285 0.0221 0.7997 0.0526 0.0972 
 708 0.0232 0.0143 0.8125 0.0537 0.0963 
 709 0.0226 0.0388 0.8149 0.0618 0.0619 
 710 0.0228 0.0162 0.8508 0.0495 0.0608 
 711 0.0336 0.0486 0.7168 0.0655 0.1355 
 712 0.0194 0.0473 0.7857 0.0491 0.0986 
 713 0.0242 0.0178 0.7829 0.0783 0.0967 
 714 0.0482 0.0148 0.6057 0.0849 0.2462 
 715 0.0205 0.0326 0.8268 0.0494 0.0707 
 716 0.0359 0.0277 0.8027 0.0645 0.0692 
 717 0.0216 0.0197 0.8456 0.0503 0.0628 
 718 0.0343 0.0300 0.6417 0.0695 0.2246 
 719 0.0206 0.0293 0.8309 0.0530 0.0661 
 720 0.1178 0.0161 0.0501 0.4690 0.3470 
 721 0.1362 0.0274 0.5381 0.1302 0.1681 
 722 0.3563 0.0414 0.0998 0.2830 0.2195 
 723 0.4341 0.0145 0.0798 0.1764 0.2952 
 724 0.4089 0.0204 0.2055 0.2190 0.1461 
 725 0.0605 0.0236 0.2076 0.2229 0.4853 
 726 0.3576 0.0492 0.1284 0.2150 0.2498 
 727 0.1440 0.1887 0.2421 0.1701 0.2552 
 728 0.8242 0.0144 0.0286 0.0703 0.0625 
 729 0.7565 0.0129 0.0324 0.1172 0.0809 
 730 0.2871 0.0150 0.0510 0.2936 0.3533 
 731 0.4807 0.0216 0.0782 0.2847 0.1348 
 732 0.4372 0.0143 0.0792 0.1769 0.2924 
 733 0.6789 0.0121 0.0475 0.1497 0.1118 
 734 0.5457 0.0148 0.0326 0.3156 0.0914 
 735 0.7567 0.0101 0.0490 0.0933 0.0909 
 736 0.3099 0.0190 0.0638 0.4879 0.1194 
 737 0.4192 0.0447 0.0645 0.2125 0.2590 
 738 0.3058 0.0155 0.0547 0.2866 0.3374 
 739 0.6987 0.0122 0.0429 0.1492 0.0970 
 740 0.0431 0.0180 0.4914 0.0673 0.3802 
 741 0.0707 0.0341 0.4769 0.1300 0.2883 
 742 0.0515 0.0154 0.1694 0.6578 0.1060 
 743 0.0528 0.0140 0.0813 0.2003 0.6516 
 744 0.0351 0.1738 0.0981 0.3044 0.3886 
 745 0.0433 0.0432 0.0442 0.6036 0.2657 
 746 0.1098 0.0193 0.2015 0.2008 0.4686 
 747 0.0412 0.0223 0.0940 0.3508 0.4917 
 748 0.0324 0.0130 0.4493 0.2667 0.2386 
 749 0.0457 0.0287 0.1126 0.1803 0.6327 
 750 0.0420 0.0169 0.0769 0.1732 0.6910 
 751 0.0408 0.0139 0.4382 0.2216 0.2856 
 752 0.0566 0.0180 0.0928 0.2466 0.5860 
 753 0.1033 0.0203 0.1478 0.1546 0.5742 
 754 0.0622 0.0212 0.4213 0.1786 0.3167 
 755 0.0668 0.0126 0.1341 0.1492 0.6373 
 756 0.0269 0.0172 0.2445 0.4688 0.2426 
 757 0.0421 0.0158 0.1796 0.4501 0.3123 
 758 0.0351 0.0243 0.0441 0.4309 0.4656 
 759 0.0999 0.0443 0.4420 0.1370 0.2767 
 760 0.1187 0.0162 0.1028 0.2314 0.5309 
 761 0.2248 0.0176 0.2358 0.1394 0.3823 
 762 0.2088 0.0114 0.0633 0.4499 0.2666 
 763 0.1049 0.0210 0.1479 0.1541 0.5721 
 764 0.0426 0.0141 0.0895 0.2970 0.5567 
 765 0.1695 0.0132 0.0586 0.2066 0.5521 
 766 0.0420 0.0119 0.3031 0.2652 0.3778 
 767 0.0384 0.0192 0.2669 0.4688 0.2068 
 768 0.2613 0.0113 0.0645 0.3855 0.2774 
 769 0.2474 0.0210 0.2650 0.2672 0.1993 
 770 0.1391 0.0145 0.0657 0.5737 0.2069 
 771 0.0277 0.1283 0.1313 0.1120 0.6007 
 772 0.0466 0.0683 0.2809 0.3897 0.2146 
 773 0.0411 0.0141 0.0856 0.1966 0.6625 
 774 0.0478 0.0170 0.3047 0.1061 0.5244 
 775 0.2511 0.0142 0.1343 0.4455 0.1550 
 776 0.0405 0.0184 0.0725 0.6628 0.2058 
 777 0.0548 0.0445 0.1250 0.2707 0.5050 
 778 0.0373 0.0354 0.2092 0.2135 0.5046 
 779 0.0382 0.0143 0.1297 0.2270 0.5907 
 780 0.0433 0.0123 0.3699 0.2011 0.3734 
 781 0.0281 0.0430 0.1100 0.0729 0.7461 
 782 0.0371 0.0149 0.1268 0.2237 0.5974 
 783 0.0624 0.0136 0.2623 0.3545 0.3072 
 784 0.0545 0.0169 0.1117 0.5983 0.2185 
 785 0.0478 0.0184 0.1822 0.2958 0.4558 
 786 0.0450 0.0162 0.4356 0.2706 0.2325 
 787 0.0248 0.0306 0.4220 0.1678 0.3547 
 788 0.0713 0.0376 0.1148 0.4511 0.3252 
 789 0.0479 0.0142 0.1261 0.6300 0.1817 
 790 0.0982 0.0137 0.2224 0.1815 0.4843 
 791 0.0459 0.0181 0.1875 0.5531 0.1954 
 792 0.0242 0.0424 0.3596 0.1169 0.4569 
 793 0.1047 0.0547 0.4032 0.1301 0.3073 
 794 0.0629 0.0223 0.2043 0.4338 0.2766 
 795 0.1078 0.0225 0.5005 0.1271 0.2421 
 796 0.0312 0.0256 0.2193 0.6032 0.1208 
 797 0.0553 0.0379 0.5463 0.0987 0.2618 
 798 0.2543 0.1981 0.0382 0.4015 0.1079 
 799 0.0330 0.0265 0.0898 0.6739 0.1768 
 800 0.0221 0.1113 0.5586 0.1554 0.1526 
 801 0.1657 0.1429 0.0732 0.5073 0.1110 
 802 0.0867 0.1021 0.2951 0.3170 0.1991 
 803 0.0583 0.0526 0.3698 0.1586 0.3607 
 804 0.0538 0.1437 0.1415 0.2872 0.3737 
 805 0.0258 0.0199 0.7661 0.1065 0.0817 
 806 0.1412 0.3780 0.1023 0.1810 0.1975 
 807 0.0415 0.0512 0.5757 0.0672 0.2645 
 808 0.0460 0.1198 0.4415 0.1293 0.2634 
 809 0.0608 0.6465 0.0544 0.1399 0.0984 
 810 0.1591 0.0238 0.2057 0.2309 0.3806 
 811 0.0451 0.1919 0.4563 0.1539 0.1526 
 812 0.0306 0.7199 0.0345 0.1124 0.1025 
 813 0.1334 0.1145 0.0453 0.6281 0.0787 
 814 0.0324 0.2073 0.0612 0.1831 0.5161 
 815 0.1031 0.4651 0.1652 0.1762 0.0905 
 816 0.0461 0.0808 0.3272 0.4073 0.1386 
 817 0.0849 0.1031 0.2969 0.3189 0.1962 
 818 0.0455 0.0238 0.0918 0.7526 0.0863 
 819 0.0273 0.0284 0.1731 0.3329 0.4382 
 820 0.0308 0.0455 0.2129 0.5532 0.1577 
 821 0.1122 0.0148 0.1297 0.4378 0.3055 
 822 0.1345 0.0226 0.0344 0.2121 0.5964 
 823 0.1649 0.0164 0.2429 0.4986 0.0772 
 824 0.0582 0.0159 0.1504 0.3108 0.4648 
 825 0.1776 0.0212 0.0686 0.3915 0.3411 
 826 0.0422 0.0168 0.0517 0.7164 0.1729 
 827 0.2036 0.0146 0.0682 0.4954 0.2182 
 828 0.3041 0.0132 0.0819 0.1181 0.4827 
 829 0.2294 0.0416 0.1132 0.4088 0.2070 
 830 0.2135 0.0117 0.0469 0.3268 0.4011 
 831 0.0902 0.0172 0.0816 0.1059 0.7051 
 832 0.0527 0.0661 0.1609 0.5816 0.1388 
 833 0.0834 0.0437 0.1784 0.6266 0.0679 
 834 0.1263 0.0213 0.1456 0.2929 0.4140 
 835 0.0389 0.0287 0.0503 0.7554 0.1267 
 836 0.0414 0.0966 0.0997 0.6015 0.1608 
 837 0.1677 0.0263 0.2651 0.3287 0.2122 
 838 0.0314 0.1053 0.0519 0.6170 0.1943 
 839 0.1386 0.0123 0.0773 0.4881 0.2836 
 840 0.0549 0.0853 0.1531 0.1544 0.5523 
 841 0.0461 0.0770 0.1426 0.4602 0.2741 
 842 0.0341 0.0132 0.0390 0.8142 0.0997 
 843 0.0466 0.0597 0.2986 0.2241 0.3710 
 844 0.0937 0.0303 0.1344 0.1776 0.5640 
 845 0.0547 0.0135 0.0556 0.6722 0.2040 
 846 0.0418 0.0222 0.1474 0.5332 0.2554 
 847 0.0260 0.0119 0.1152 0.0901 0.7568 
 848 0.0278 0.0307 0.1306 0.5977 0.2132 
 849 0.0531 0.0150 0.0828 0.3910 0.4581 
 850 0.1788 0.0199 0.0698 0.5069 0.2245 
 851 0.0346 0.0151 0.0617 0.6907 0.1979 
 852 0.1586 0.0125 0.4323 0.1341 0.2626 
 853 0.0741 0.0296 0.0576 0.7442 0.0945 
 854 0.1327 0.0130 0.2673 0.2449 0.3422 
 855 0.0528 0.0173 0.0988 0.3672 0.4640 
 856 0.0469 0.0130 0.1247 0.2002 0.6152 
 857 0.0632 0.0914 0.0639 0.2834 0.4982 
 858 0.0495 0.0161 0.0592 0.2771 0.5981 
 859 0.1773 0.0120 0.0607 0.4127 0.3373 
 860 0.0412 0.0291 0.0582 0.5516 0.3199 
 861 0.0292 0.0415 0.3633 0.1254 0.4407 
 862 0.7141 0.0266 0.0394 0.1630 0.0570 
 863 0.6236 0.0282 0.0921 0.0984 0.1577 
 864 0.7808 0.0122 0.0590 0.0765 0.0714 
 865 0.4558 0.0207 0.0309 0.4142 0.0783 
 866 0.1661 0.0163 0.0479 0.4538 0.3159 
 867 0.7619 0.0170 0.0525 0.0740 0.0946 
 868 0.5445 0.0242 0.0468 0.1152 0.2693 
 869 0.1896 0.0149 0.0518 0.4812 0.2625 
 870 0.2561 0.0739 0.0366 0.4877 0.1458 
 871 0.3289 0.0270 0.0383 0.5048 0.1009 
 872 0.7608 0.0120 0.0438 0.0923 0.0910 
 873 0.6954 0.0164 0.0564 0.1448 0.0869 
 874 0.7375 0.0237 0.0344 0.1186 0.0858 
 875 0.2176 0.0425 0.0576 0.3923 0.2900 
 876 0.1198 0.0537 0.0464 0.4687 0.3115 
 877 0.7657 0.0147 0.0455 0.1089 0.0652 
 878 0.2088 0.0221 0.0643 0.2389 0.4659 
 879 0.7385 0.0118 0.0591 0.0929 0.0977 
 880 0.2219 0.1310 0.0459 0.4400 0.1611 
 881 0.6910 0.0155 0.0498 0.1013 0.1425 
 882 0.7542 0.0101 0.0514 0.0934 0.0909 
 883 0.0853 0.0323 0.0513 0.2241 0.6069 
 884 0.4113 0.0158 0.0313 0.4636 0.0779 
 885 0.4175 0.0972 0.0771 0.1351 0.2731 
 886 0.5223 0.0163 0.0639 0.1362 0.2612 
 887 0.5250 0.0152 0.0368 0.3115 0.1114 
 888 0.4202 0.0561 0.1079 0.1214 0.2944 
 889 0.5641 0.0244 0.0301 0.3146 0.0668 
 890 0.4962 0.0345 0.0311 0.2672 0.1710 
 891 0.0308 0.0302 0.0519 0.7402 0.1469 
 892 0.0454 0.0216 0.0541 0.2965 0.5824 
 893 0.0653 0.1328 0.0893 0.4004 0.3123 
 894 0.0594 0.0128 0.0357 0.8074 0.0846 
 895 0.4433 0.0221 0.0382 0.3888 0.1076 
 896 0.0344 0.0392 0.0891 0.4831 0.3542 
 897 0.0367 0.0150 0.0450 0.1311 0.7722 
 898 0.1472 0.0250 0.1008 0.3757 0.3513 
 899 0.0413 0.0126 0.0295 0.8324 0.0842 
 900 0.0291 0.0289 0.0478 0.7771 0.1172 
 901 0.0461 0.0163 0.0505 0.7040 0.1831 
 902 0.0643 0.0972 0.0631 0.2230 0.5525 
 903 0.2746 0.0260 0.0501 0.3804 0.2689 
 904 0.2396 0.0231 0.0747 0.1617 0.5008 
 905 0.2196 0.0130 0.0356 0.5767 0.1551 
 906 0.1026 0.0528 0.0626 0.5968 0.1852 
 907 0.0698 0.0139 0.0859 0.6399 0.1905 
 908 0.1015 0.0123 0.0607 0.5256 0.2999 
 909 0.0880 0.0852 0.0678 0.6241 0.1349 
 910 0.0456 0.0512 0.0629 0.7319 0.1084 
 911 0.1592 0.0168 0.0309 0.7011 0.0920 
 912 0.0640 0.0195 0.0400 0.7480 0.1285 
 913 0.1364 0.0318 0.0350 0.6317 0.1652 
 914 0.1062 0.0167 0.2128 0.3983 0.2661 
 915 0.1452 0.0444 0.0300 0.6657 0.1146 
 916 0.0494 0.0176 0.0431 0.7354 0.1545 
 917 0.0567 0.0188 0.0428 0.7423 0.1395 
 918 0.1848 0.0228 0.1840 0.4273 0.1812 
 919 0.1864 0.0170 0.0892 0.5435 0.1639 
 920 0.0429 0.0135 0.0707 0.7715 0.1014 
 921 0.0520 0.1849 0.3342 0.2866 0.1423 
 922 0.0353 0.2049 0.0627 0.2021 0.4950 
 923 0.0292 0.0393 0.0786 0.1132 0.7397 
 924 0.0272 0.2353 0.0643 0.3164 0.3569 
 925 0.0528 0.1983 0.1166 0.3332 0.2990 
 926 0.0213 0.6578 0.0944 0.1164 0.1101 
 927 0.0320 0.5477 0.1428 0.1221 0.1554 
 928 0.0235 0.0815 0.2095 0.0725 0.6130 
 929 0.0282 0.3872 0.0671 0.0975 0.4201 
 930 0.0425 0.3738 0.1105 0.2283 0.2448 
 931 0.0483 0.7432 0.0927 0.0546 0.0612 
 932 0.0271 0.7233 0.0411 0.1020 0.1065 
 933 0.0305 0.1093 0.5118 0.1189 0.2295 
 934 0.0214 0.0801 0.0401 0.1101 0.7484 
 935 0.0469 0.6949 0.0588 0.0836 0.1157 
 936 0.0260 0.7945 0.0331 0.0693 0.0769 
 937 0.0265 0.7865 0.0522 0.0595 0.0753 
 938 0.0204 0.6229 0.1439 0.0602 0.1525 
 939 0.0347 0.6110 0.1836 0.0620 0.1086 
 940 0.0301 0.3358 0.1246 0.1152 0.3943 
 941 0.0307 0.6922 0.0362 0.1504 0.0905 
 942 0.0829 0.0819 0.3404 0.1652 0.3296 
 943 0.0243 0.6984 0.1590 0.0513 0.0670 
 944 0.0420 0.6249 0.1183 0.0638 0.1511 
 945 0.0613 0.1263 0.0962 0.1289 0.5873 
 946 0.0253 0.6506 0.0594 0.1075 0.1572 
 947 0.0176 0.7078 0.1426 0.0710 0.0610 
 948 0.0787 0.6954 0.0324 0.1008 0.0927 
 949 0.0943 0.6033 0.0340 0.1517 0.1166 
 950 0.0184 0.7611 0.0721 0.0633 0.0851 
 951 0.0459 0.2718 0.1843 0.1546 0.3434 
 952 0.0391 0.4636 0.0768 0.1362 0.2843 
 953 0.1124 0.4486 0.0797 0.1983 0.1610 
 954 0.0407 0.7560 0.0409 0.0928 0.0696 
 955 0.0324 0.0385 0.7669 0.0657 0.0965 
 956 0.0272 0.0673 0.6918 0.0727 0.1410 
 957 0.0533 0.0408 0.3451 0.1299 0.4309 
 958 0.0439 0.0315 0.1023 0.2995 0.5228 
 959 0.0346 0.0590 0.2489 0.1202 0.5374 
 960 0.0985 0.0254 0.1504 0.5007 0.2249 
 961 0.0226 0.0131 0.8449 0.0511 0.0684 
 962 0.0187 0.0661 0.0872 0.1263 0.7016 
 963 0.0465 0.0378 0.1034 0.2899 0.5225 
 964 0.0752 0.0125 0.1031 0.1276 0.6816 
 965 0.0311 0.0263 0.2537 0.1225 0.5664 
 966 0.0538 0.0410 0.2766 0.2035 0.4252 
 967 0.0393 0.0359 0.7614 0.0668 0.0966 
 968 0.0224 0.0307 0.0965 0.1135 0.7370 
 969 0.2024 0.0129 0.2410 0.1600 0.3837 
 970 0.0393 0.0191 0.5476 0.0791 0.3149 
 971 0.0300 0.0571 0.1845 0.1565 0.5718 
 972 0.0645 0.0294 0.1893 0.1410 0.5759 
 973 0.0269 0.1132 0.3772 0.1400 0.3426 
 974 0.0748 0.0177 0.1064 0.1377 0.6634 
 975 0.2022 0.0132 0.2415 0.1606 0.3826 
