   1 0.1001 0.2477 0.2767 0.3755 
   2 0.0275 0.0457 0.0637 0.8632 
   3 0.0725 0.5377 0.1953 0.1944 
   4 0.0473 0.0489 0.6944 0.2094 
   5 0.0285 0.0537 0.0521 0.8656 
   6 0.0163 0.7663 0.0478 0.1696 
   7 0.0128 0.1262 0.0427 0.8183 
   8 0.0311 0.2475 0.3533 0.3680 
   9 0.0449 0.3403 0.1301 0.4846 
  10 0.0145 0.2685 0.1577 0.5593 
  11 0.0167 0.2050 0.0450 0.7333 
  12 0.0307 0.0684 0.0950 0.8059 
  13 0.0228 0.1059 0.0924 0.7790 
  14 0.1511 0.1171 0.1600 0.5718 
  15 0.0433 0.0972 0.2206 0.6389 
  16 0.0315 0.5223 0.0787 0.3675 
  17 0.0325 0.2009 0.0833 0.6832 
  18 0.0300 0.4295 0.2008 0.3397 
  19 0.0176 0.4119 0.0728 0.4977 
  20 0.0445 0.1183 0.0730 0.7643 
  21 0.1124 0.1508 0.3167 0.4201 
  22 0.0245 0.7142 0.0890 0.1724 
  23 0.2572 0.0641 0.2621 0.4167 
  24 0.0413 0.3491 0.2674 0.3422 
  25 0.0206 0.1280 0.0361 0.8153 
  26 0.0436 0.2346 0.1718 0.5500 
  27 0.0644 0.2032 0.1229 0.6094 
  28 0.0250 0.1723 0.3198 0.4829 
  29 0.0445 0.0793 0.0727 0.8036 
  30 0.0387 0.7302 0.0716 0.1596 
  31 0.0445 0.1391 0.1585 0.6579 
  32 0.0527 0.1826 0.2198 0.5449 
  33 0.1192 0.4551 0.1871 0.2385 
  34 0.0186 0.3650 0.0667 0.5497 
  35 0.1898 0.3620 0.0740 0.3741 
  36 0.6097 0.2107 0.0616 0.1180 
  37 0.0608 0.0953 0.3083 0.5357 
  38 0.1143 0.6972 0.0352 0.1533 
  39 0.1125 0.5130 0.0628 0.3116 
  40 0.5233 0.1073 0.2070 0.1624 
  41 0.5262 0.2944 0.0446 0.1347 
  42 0.4536 0.1345 0.2935 0.1183 
  43 0.4646 0.0716 0.1249 0.3389 
  44 0.5890 0.2414 0.0363 0.1333 
  45 0.3584 0.2964 0.0434 0.3018 
  46 0.0889 0.4879 0.0478 0.3753 
  47 0.0457 0.3960 0.1159 0.4424 
  48 0.6262 0.2263 0.0378 0.1097 
  49 0.1758 0.3489 0.0890 0.3862 
  50 0.0533 0.4718 0.1114 0.3635 
  51 0.8607 0.0433 0.0295 0.0665 
  52 0.1026 0.5452 0.0727 0.2795 
  53 0.0491 0.7572 0.0723 0.1213 
  54 0.0925 0.0720 0.1462 0.6893 
  55 0.4937 0.0671 0.0694 0.3698 
  56 0.3860 0.3364 0.0933 0.1843 
  57 0.0175 0.1857 0.2050 0.5918 
  58 0.3611 0.1348 0.0906 0.4134 
  59 0.3418 0.3320 0.0623 0.2639 
  60 0.6215 0.0765 0.1524 0.1497 
  61 0.4829 0.0339 0.1732 0.3100 
  62 0.0420 0.3154 0.0727 0.5698 
  63 0.2748 0.1160 0.1385 0.4708 
  64 0.0306 0.6910 0.0463 0.2321 
  65 0.0267 0.0855 0.0313 0.8564 
  66 0.1025 0.0501 0.2501 0.5973 
  67 0.3052 0.0596 0.0642 0.5710 
  68 0.3310 0.3200 0.0811 0.2678 
  69 0.1411 0.4330 0.1413 0.2846 
  70 0.6132 0.1039 0.0715 0.2115 
  71 0.5897 0.1630 0.0300 0.2173 
  72 0.1483 0.5596 0.0594 0.2327 
  73 0.2803 0.0638 0.0472 0.6086 
  74 0.4219 0.3254 0.1328 0.1199 
  75 0.6235 0.1038 0.1643 0.1084 
  76 0.2494 0.0946 0.0684 0.5876 
  77 0.5812 0.1869 0.0360 0.1959 
  78 0.5362 0.2824 0.0405 0.1409 
  79 0.0129 0.1010 0.0490 0.8371 
  80 0.0155 0.0739 0.6532 0.2573 
  81 0.0129 0.1008 0.4581 0.4283 
  82 0.0759 0.0509 0.1346 0.7386 
  83 0.0401 0.1735 0.3307 0.4558 
  84 0.0228 0.1129 0.2381 0.6263 
  85 0.0302 0.1780 0.4062 0.3856 
  86 0.0993 0.1096 0.0641 0.7270 
  87 0.0257 0.0898 0.0577 0.8269 
  88 0.0273 0.0528 0.2622 0.6577 
  89 0.0200 0.0544 0.4754 0.4503 
  90 0.0148 0.0539 0.0554 0.8759 
  91 0.0339 0.1040 0.6407 0.2214 
  92 0.0188 0.0711 0.0984 0.8116 
  93 0.0159 0.0351 0.8523 0.0966 
  94 0.0257 0.4620 0.0505 0.4619 
  95 0.0212 0.0422 0.1254 0.8113 
  96 0.5349 0.0336 0.2340 0.1974 
  97 0.3714 0.2080 0.2426 0.1780 
  98 0.4209 0.1216 0.1221 0.3354 
  99 0.0175 0.0806 0.1991 0.7028 
 100 0.0260 0.0293 0.8030 0.1418 
 101 0.0461 0.0598 0.0979 0.7962 
 102 0.0946 0.0910 0.4001 0.4143 
 103 0.0425 0.0394 0.2080 0.7101 
 104 0.0398 0.0535 0.0697 0.8370 
 105 0.0413 0.0337 0.1257 0.7994 
 106 0.0303 0.2562 0.0251 0.6885 
 107 0.0414 0.0454 0.1259 0.7873 
 108 0.6320 0.0882 0.0406 0.2392 
 109 0.0372 0.1213 0.0261 0.8154 
 110 0.0208 0.2691 0.0313 0.6789 
 111 0.0198 0.0445 0.0340 0.9017 
 112 0.0293 0.1252 0.0272 0.8182 
 113 0.1158 0.1208 0.1030 0.6605 
 114 0.0301 0.0498 0.0865 0.8336 
 115 0.1356 0.0534 0.0479 0.7630 
 116 0.1288 0.2034 0.0299 0.6379 
 117 0.0357 0.1519 0.0411 0.7713 
 118 0.0431 0.0446 0.0434 0.8689 
 119 0.5647 0.0493 0.2034 0.1826 
 120 0.0390 0.0624 0.0461 0.8525 
 121 0.1609 0.0588 0.0395 0.7407 
 122 0.0248 0.1821 0.0334 0.7597 
 123 0.0332 0.0959 0.0495 0.8214 
 124 0.0968 0.3787 0.0427 0.4817 
 125 0.0683 0.5138 0.0492 0.3687 
 126 0.1108 0.1842 0.0607 0.6443 
 127 0.0218 0.0461 0.0381 0.8939 
 128 0.0468 0.0378 0.0455 0.8698 
 129 0.0270 0.0320 0.0361 0.9049 
 130 0.0218 0.0522 0.0894 0.8367 
 131 0.1559 0.4199 0.0362 0.3880 
 132 0.0300 0.1073 0.0303 0.8324 
 133 0.0498 0.0560 0.0532 0.8410 
 134 0.0149 0.2033 0.0211 0.7608 
 135 0.1683 0.0417 0.5943 0.1957 
 136 0.0158 0.0391 0.8494 0.0958 
 137 0.0140 0.0337 0.8134 0.1389 
 138 0.0226 0.0417 0.8634 0.0724 
 139 0.2176 0.0582 0.4762 0.2480 
 140 0.0796 0.0977 0.5563 0.2664 
 141 0.0239 0.0710 0.7924 0.1127 
 142 0.2057 0.0371 0.6055 0.1516 
 143 0.0151 0.0258 0.8956 0.0634 
 144 0.0159 0.0302 0.8232 0.1307 
 145 0.0395 0.0867 0.6897 0.1841 
 146 0.0500 0.0840 0.5350 0.3310 
 147 0.0120 0.0298 0.8937 0.0644 
 148 0.0508 0.0494 0.6815 0.2183 
 149 0.0398 0.0467 0.8265 0.0870 
 150 0.0220 0.0425 0.6556 0.2800 
 151 0.0192 0.0335 0.8427 0.1046 
 152 0.0966 0.0689 0.6138 0.2207 
 153 0.0448 0.0600 0.7920 0.1032 
 154 0.0276 0.0374 0.8240 0.1110 
 155 0.0177 0.0297 0.8661 0.0866 
 156 0.1063 0.0286 0.7323 0.1328 
 157 0.0235 0.0630 0.7013 0.2121 
 158 0.0274 0.0888 0.7272 0.1565 
 159 0.0130 0.0266 0.8897 0.0706 
 160 0.0132 0.0274 0.8817 0.0777 
 161 0.0354 0.0694 0.7410 0.1542 
 162 0.0606 0.0888 0.4622 0.3883 
 163 0.0252 0.0276 0.8696 0.0776 
 164 0.0295 0.0579 0.4504 0.4622 
 165 0.0204 0.0379 0.7105 0.2311 
 166 0.0643 0.0865 0.5887 0.2605 
 167 0.0219 0.0518 0.6947 0.2315 
 168 0.0472 0.0772 0.7704 0.1052 
 169 0.0541 0.4294 0.3754 0.1411 
 170 0.0586 0.0322 0.7952 0.1141 
 171 0.0475 0.0747 0.6439 0.2339 
 172 0.1969 0.1793 0.5375 0.0863 
 173 0.0170 0.0272 0.8737 0.0820 
 174 0.0147 0.0360 0.8498 0.0995 
 175 0.0193 0.0361 0.8717 0.0729 
 176 0.0154 0.0301 0.8229 0.1315 
 177 0.0369 0.1261 0.5397 0.2972 
 178 0.0154 0.0535 0.8007 0.1304 
 179 0.0130 0.0273 0.8949 0.0647 
 180 0.0434 0.0781 0.6651 0.2134 
 181 0.0468 0.0526 0.7634 0.1373 
 182 0.0289 0.0254 0.8328 0.1128 
 183 0.0159 0.0297 0.8803 0.0740 
 184 0.0507 0.0885 0.0794 0.7814 
 185 0.0748 0.0244 0.8272 0.0736 
 186 0.0305 0.0611 0.0601 0.8483 
 187 0.0497 0.0639 0.4615 0.4250 
 188 0.0293 0.0459 0.0459 0.8788 
 189 0.0609 0.2828 0.3939 0.2624 
 190 0.6076 0.0204 0.2731 0.0988 
 191 0.0347 0.0414 0.1671 0.7568 
 192 0.0359 0.0634 0.3624 0.5383 
 193 0.0972 0.0819 0.3128 0.5081 
 194 0.0891 0.0534 0.2950 0.5626 
 195 0.0580 0.0258 0.8011 0.1151 
 196 0.4911 0.0345 0.2534 0.2209 
 197 0.0595 0.1399 0.1663 0.6343 
 198 0.0789 0.1291 0.1955 0.5965 
 199 0.4303 0.0384 0.2575 0.2737 
 200 0.3775 0.0766 0.2126 0.3334 
 201 0.0518 0.0345 0.7822 0.1316 
 202 0.0951 0.0266 0.7181 0.1602 
 203 0.0392 0.0294 0.7824 0.1489 
 204 0.1027 0.0279 0.5689 0.3005 
 205 0.2400 0.0591 0.1912 0.5097 
 206 0.0810 0.0341 0.4919 0.3930 
 207 0.1569 0.0317 0.1488 0.6626 
 208 0.2629 0.0369 0.4287 0.2714 
 209 0.0813 0.0535 0.2372 0.6279 
 210 0.0803 0.0372 0.4950 0.3875 
 211 0.4309 0.0261 0.1482 0.3947 
 212 0.0436 0.0466 0.7862 0.1235 
 213 0.2428 0.0577 0.1330 0.5664 
 214 0.0660 0.0326 0.7729 0.1285 
 215 0.2070 0.0430 0.1006 0.6494 
 216 0.0594 0.0913 0.1057 0.7436 
 217 0.0817 0.0469 0.7361 0.1353 
 218 0.0728 0.0578 0.2953 0.5740 
 219 0.0374 0.1745 0.3616 0.4264 
 220 0.0835 0.0324 0.1962 0.6879 
 221 0.1124 0.0236 0.7940 0.0700 
 222 0.0397 0.1525 0.1784 0.6294 
 223 0.0547 0.0857 0.5513 0.3083 
 224 0.0390 0.0332 0.6952 0.2326 
 225 0.1562 0.0452 0.3608 0.4377 
 226 0.2173 0.2256 0.2417 0.3153 
 227 0.1813 0.0312 0.4660 0.3214 
 228 0.1547 0.0257 0.6893 0.1303 
 229 0.0206 0.0385 0.6892 0.2517 
 230 0.0326 0.0340 0.5995 0.3340 
 231 0.0240 0.0577 0.6315 0.2869 
 232 0.0953 0.0780 0.3962 0.4305 
 233 0.0390 0.0324 0.8105 0.1181 
 234 0.0418 0.0926 0.2972 0.5684 
 235 0.1462 0.0957 0.4656 0.2924 
 236 0.0666 0.0616 0.5765 0.2953 
 237 0.0957 0.0346 0.2537 0.6161 
 238 0.0657 0.0417 0.7171 0.1755 
 239 0.0569 0.0259 0.8016 0.1156 
 240 0.0644 0.0407 0.7192 0.1757 
 241 0.0547 0.0323 0.7850 0.1280 
 242 0.0510 0.1117 0.4466 0.3907 
 243 0.5165 0.0251 0.2830 0.1754 
 244 0.0378 0.0315 0.7533 0.1774 
 245 0.0463 0.0292 0.8295 0.0950 
 246 0.0853 0.0486 0.7312 0.1349 
 247 0.0789 0.0826 0.0502 0.7883 
 248 0.1487 0.0376 0.0628 0.7509 
 249 0.0545 0.0369 0.6762 0.2324 
 250 0.0451 0.0559 0.4370 0.4620 
 251 0.1412 0.1224 0.1406 0.5957 
 252 0.0792 0.0590 0.5094 0.3524 
 253 0.1709 0.0766 0.1133 0.6392 
 254 0.0528 0.1081 0.2280 0.6111 
 255 0.0447 0.0802 0.3424 0.5328 
 256 0.1447 0.0407 0.6017 0.2129 
 257 0.1702 0.0425 0.2641 0.5231 
 258 0.2516 0.0581 0.1370 0.5533 
 259 0.0608 0.0401 0.2062 0.6929 
 260 0.0320 0.1259 0.4038 0.4383 
 261 0.1105 0.0568 0.6255 0.2073 
 262 0.2379 0.0288 0.6393 0.0940 
 263 0.0687 0.0437 0.1940 0.6936 
 264 0.0635 0.4638 0.0441 0.4286 
 265 0.1172 0.1098 0.3381 0.4350 
 266 0.0717 0.0241 0.8273 0.0770 
 267 0.0612 0.0539 0.3732 0.5117 
 268 0.4963 0.0351 0.2523 0.2162 
 269 0.0481 0.2247 0.3631 0.3641 
 270 0.0483 0.0690 0.1164 0.7663 
 271 0.2743 0.0463 0.1184 0.5610 
 272 0.4489 0.1144 0.1289 0.3078 
 273 0.1663 0.1198 0.4206 0.2932 
 274 0.1451 0.0971 0.1983 0.5596 
 275 0.1824 0.1295 0.3252 0.3629 
 276 0.4528 0.0909 0.1055 0.3509 
 277 0.0535 0.0920 0.4890 0.3655 
 278 0.4358 0.0429 0.1198 0.4015 
 279 0.1010 0.0650 0.3643 0.4697 
 280 0.1491 0.1883 0.2839 0.3788 
 281 0.0985 0.0569 0.2012 0.6434 
 282 0.0334 0.0745 0.6550 0.2371 
 283 0.0288 0.0376 0.7755 0.1580 
 284 0.1022 0.0540 0.3352 0.5085 
 285 0.2262 0.0543 0.0383 0.6812 
 286 0.0400 0.0314 0.7516 0.1770 
 287 0.0600 0.1398 0.3046 0.4956 
 288 0.1892 0.1627 0.1897 0.4584 
 289 0.1885 0.0972 0.1660 0.5483 
 290 0.3293 0.2178 0.1407 0.3122 
 291 0.2620 0.0456 0.1215 0.5709 
 292 0.2630 0.1379 0.3598 0.2393 
 293 0.2508 0.3526 0.0846 0.3120 
 294 0.1001 0.0558 0.1804 0.6637 
 295 0.2236 0.1181 0.2075 0.4508 
 296 0.1523 0.0417 0.1787 0.6273 
 297 0.0744 0.2093 0.1683 0.5481 
 298 0.0278 0.0759 0.5343 0.3619 
 299 0.0299 0.0584 0.1734 0.7383 
 300 0.1089 0.0472 0.1400 0.7038 
 301 0.0601 0.1278 0.1236 0.6885 
 302 0.2209 0.0521 0.1512 0.5758 
 303 0.0517 0.0605 0.6738 0.2141 
 304 0.0281 0.1405 0.4648 0.3666 
 305 0.0912 0.0345 0.7164 0.1579 
 306 0.0694 0.0643 0.7132 0.1531 
 307 0.0828 0.0578 0.3034 0.5559 
 308 0.1162 0.0573 0.6182 0.2084 
 309 0.2153 0.0527 0.1837 0.5484 
 310 0.1928 0.0318 0.6023 0.1731 
 311 0.0328 0.0334 0.5992 0.3347 
 312 0.0996 0.0286 0.1848 0.6870 
 313 0.3926 0.0315 0.0717 0.5042 
 314 0.0207 0.0274 0.8951 0.0567 
 315 0.0340 0.0415 0.8537 0.0709 
 316 0.0237 0.0510 0.8512 0.0740 
 317 0.0129 0.0288 0.9006 0.0578 
 318 0.0105 0.0302 0.9019 0.0574 
 319 0.0145 0.0259 0.8934 0.0661 
 320 0.0211 0.0277 0.8938 0.0574 
 321 0.0122 0.0320 0.8963 0.0595 
 322 0.0334 0.0461 0.8457 0.0748 
 323 0.0109 0.0283 0.9001 0.0607 
 324 0.0123 0.0317 0.8974 0.0587 
 325 0.0191 0.0518 0.8584 0.0707 
 326 0.0202 0.0523 0.8606 0.0669 
 327 0.0131 0.0288 0.9002 0.0580 
 328 0.0249 0.0462 0.8455 0.0834 
 329 0.0111 0.0273 0.9021 0.0595 
 330 0.0134 0.0283 0.9003 0.0579 
 331 0.0112 0.0268 0.9018 0.0603 
 332 0.0177 0.0630 0.8450 0.0743 
 333 0.0214 0.0434 0.8634 0.0719 
 334 0.0263 0.0463 0.8449 0.0825 
 335 0.0268 0.0408 0.8588 0.0737 
 336 0.0151 0.0344 0.8932 0.0574 
 337 0.0232 0.0546 0.8478 0.0744 
 338 0.0101 0.0323 0.8991 0.0585 
 339 0.0112 0.0270 0.9016 0.0602 
 340 0.0121 0.0244 0.9046 0.0589 
 341 0.0119 0.0283 0.8981 0.0616 
 342 0.0129 0.0285 0.9015 0.0571 
 343 0.0443 0.0483 0.8326 0.0748 
 344 0.0109 0.0275 0.9028 0.0588 
 345 0.0130 0.0282 0.9014 0.0575 
 346 0.0114 0.0266 0.9062 0.0557 
 347 0.0114 0.0257 0.9068 0.0562 
 348 0.0566 0.0383 0.8346 0.0705 
 349 0.0134 0.0290 0.9004 0.0572 
 350 0.0172 0.0273 0.8918 0.0637 
 351 0.0273 0.0416 0.8574 0.0738 
 352 0.0270 0.0464 0.8550 0.0716 
 353 0.0149 0.0333 0.8947 0.0572 
 354 0.0109 0.0280 0.9011 0.0600 
 355 0.0105 0.0309 0.9018 0.0567 
 356 0.0752 0.0384 0.8111 0.0753 
 357 0.0246 0.2198 0.5500 0.2055 
 358 0.0181 0.0482 0.8586 0.0751 
 359 0.0107 0.0278 0.8997 0.0618 
 360 0.0112 0.0278 0.9054 0.0557 
 361 0.0360 0.2288 0.4900 0.2451 
 362 0.0412 0.2400 0.0844 0.6345 
 363 0.0512 0.5134 0.0447 0.3906 
 364 0.0289 0.2245 0.3661 0.3805 
 365 0.0354 0.5573 0.0498 0.3574 
 366 0.2699 0.3618 0.1365 0.2318 
 367 0.0150 0.3721 0.0260 0.5869 
 368 0.0162 0.0661 0.0473 0.8705 
 369 0.1804 0.1955 0.3694 0.2548 
 370 0.0507 0.0778 0.0707 0.8008 
 371 0.0649 0.2713 0.1372 0.5267 
 372 0.0665 0.0749 0.1334 0.7252 
 373 0.0207 0.1467 0.0869 0.7458 
 374 0.0327 0.2789 0.3418 0.3467 
 375 0.0189 0.3320 0.0381 0.6110 
 376 0.0135 0.8530 0.0287 0.1048 
 377 0.0486 0.3302 0.0642 0.5571 
 378 0.0218 0.0832 0.1602 0.7348 
 379 0.0186 0.8590 0.0262 0.0963 
 380 0.0668 0.6880 0.1316 0.1135 
 381 0.0520 0.7573 0.1011 0.0896 
 382 0.0148 0.3693 0.0415 0.5744 
 383 0.0218 0.7622 0.1173 0.0987 
 384 0.0279 0.6155 0.0927 0.2639 
 385 0.0127 0.0971 0.1392 0.7509 
 386 0.0239 0.4269 0.0413 0.5079 
 387 0.0252 0.3982 0.0450 0.5316 
 388 0.0234 0.1785 0.2585 0.5396 
 389 0.2509 0.0582 0.0589 0.6320 
 390 0.2165 0.4733 0.0371 0.2731 
 391 0.1159 0.1165 0.0840 0.6836 
 392 0.0247 0.6766 0.0822 0.2164 
 393 0.0516 0.8049 0.0568 0.0867 
 394 0.0284 0.1944 0.2451 0.5320 
 395 0.3391 0.2879 0.0526 0.3203 
 396 0.0168 0.2863 0.0286 0.6683 
 397 0.0361 0.1734 0.2015 0.5889 
 398 0.0207 0.7769 0.0275 0.1749 
 399 0.0768 0.2150 0.0393 0.6689 
 400 0.0214 0.5051 0.0562 0.4173 
 401 0.0842 0.1929 0.0598 0.6630 
 402 0.1048 0.1548 0.0727 0.6677 
 403 0.0292 0.1246 0.3800 0.4661 
 404 0.0323 0.4149 0.1006 0.4522 
 405 0.0560 0.3512 0.0985 0.4943 
 406 0.6874 0.1541 0.0761 0.0823 
 407 0.0165 0.8220 0.0281 0.1334 
 408 0.1192 0.0544 0.0292 0.7972 
 409 0.4499 0.1906 0.2349 0.1246 
 410 0.0329 0.5580 0.0822 0.3269 
 411 0.0703 0.6154 0.1570 0.1574 
 412 0.0140 0.0883 0.0440 0.8537 
 413 0.0232 0.0925 0.1491 0.7352 
 414 0.0153 0.0754 0.0322 0.8771 
 415 0.0575 0.7468 0.0436 0.1520 
 416 0.0439 0.4235 0.0755 0.4572 
 417 0.0181 0.7590 0.0371 0.1859 
 418 0.0127 0.2316 0.0317 0.7240 
 419 0.1218 0.2275 0.1780 0.4727 
 420 0.2305 0.2363 0.0383 0.4950 
 421 0.0246 0.5045 0.0476 0.4233 
 422 0.2154 0.3689 0.0586 0.3571 
 423 0.0349 0.6173 0.0613 0.2865 
 424 0.1337 0.1302 0.0584 0.6777 
 425 0.0363 0.2702 0.0911 0.6024 
 426 0.0234 0.1549 0.0712 0.7505 
 427 0.0294 0.7118 0.1100 0.1488 
 428 0.1205 0.4271 0.1812 0.2713 
 429 0.0131 0.7678 0.0263 0.1929 
 430 0.0215 0.7846 0.0353 0.1586 
 431 0.0224 0.1100 0.0627 0.8049 
 432 0.0192 0.0755 0.0548 0.8505 
 433 0.0523 0.0500 0.2541 0.6436 
 434 0.0376 0.2167 0.1517 0.5940 
 435 0.0258 0.7977 0.0274 0.1491 
 436 0.0272 0.8364 0.0443 0.0921 
 437 0.0166 0.8028 0.0321 0.1485 
 438 0.2959 0.4264 0.0676 0.2101 
 439 0.0160 0.8597 0.0356 0.0887 
 440 0.0215 0.8426 0.0228 0.1132 
 441 0.0268 0.5976 0.0976 0.2780 
 442 0.0354 0.6630 0.0337 0.2679 
 443 0.1175 0.4051 0.0297 0.4476 
 444 0.0445 0.7298 0.0320 0.1937 
 445 0.1331 0.5716 0.1371 0.1582 
 446 0.0206 0.7483 0.0326 0.1985 
 447 0.0797 0.5937 0.0723 0.2543 
 448 0.0283 0.6332 0.0350 0.3035 
 449 0.0316 0.5782 0.0643 0.3259 
 450 0.0117 0.6895 0.0587 0.2402 
 451 0.0317 0.1013 0.0250 0.8420 
 452 0.0137 0.7577 0.0478 0.1808 
 453 0.5192 0.0841 0.0644 0.3323 
 454 0.0263 0.6097 0.0760 0.2880 
 455 0.0793 0.7283 0.0313 0.1611 
 456 0.1150 0.6674 0.0298 0.1878 
 457 0.0167 0.8313 0.0334 0.1186 
 458 0.0166 0.8275 0.0371 0.1188 
 459 0.0464 0.5457 0.1003 0.3076 
 460 0.0218 0.7413 0.0304 0.2065 
 461 0.0126 0.5826 0.0305 0.3743 
 462 0.0437 0.6829 0.0235 0.2499 
 463 0.5698 0.2314 0.0534 0.1455 
 464 0.0580 0.6172 0.0292 0.2956 
 465 0.0500 0.2759 0.0439 0.6303 
 466 0.2469 0.3203 0.0344 0.3984 
 467 0.0540 0.6339 0.0691 0.2430 
 468 0.0455 0.8326 0.0281 0.0937 
 469 0.0175 0.8761 0.0301 0.0762 
 470 0.0210 0.8249 0.0277 0.1264 
 471 0.2012 0.3179 0.0397 0.4412 
 472 0.0760 0.4129 0.0448 0.4664 
 473 0.0453 0.4547 0.0685 0.4315 
 474 0.0278 0.7361 0.0505 0.1855 
 475 0.0399 0.3065 0.0710 0.5826 
 476 0.0231 0.8393 0.0356 0.1020 
 477 0.0546 0.1737 0.0614 0.7103 
 478 0.0200 0.1436 0.0289 0.8075 
 479 0.0178 0.7670 0.0272 0.1880 
 480 0.0139 0.8614 0.0321 0.0926 
 481 0.0440 0.2929 0.0376 0.6255 
 482 0.0128 0.8368 0.0268 0.1236 
 483 0.0249 0.7882 0.0375 0.1495 
 484 0.1875 0.5592 0.0450 0.2082 
 485 0.0386 0.8106 0.0296 0.1211 
 486 0.0944 0.0639 0.0559 0.7858 
 487 0.0437 0.0797 0.1532 0.7233 
 488 0.0282 0.0448 0.0744 0.8526 
 489 0.1518 0.1042 0.2864 0.4575 
 490 0.0508 0.0839 0.0331 0.8322 
 491 0.0591 0.0525 0.1789 0.7095 
 492 0.0732 0.0533 0.2476 0.6259 
 493 0.0354 0.0499 0.0719 0.8428 
 494 0.0590 0.0932 0.1301 0.7177 
 495 0.0478 0.0641 0.1159 0.7722 
 496 0.1036 0.0728 0.4085 0.4152 
 497 0.0231 0.0480 0.1273 0.8017 
 498 0.1401 0.0783 0.1024 0.6792 
 499 0.0528 0.0609 0.3139 0.5724 
 500 0.0435 0.1517 0.0777 0.7270 
 501 0.0294 0.1346 0.1774 0.6585 
 502 0.0183 0.0770 0.1961 0.7087 
 503 0.0304 0.3843 0.0484 0.5369 
 504 0.0388 0.0461 0.0461 0.8690 
 505 0.2102 0.0555 0.1293 0.6051 
 506 0.0291 0.0689 0.1958 0.7063 
 507 0.0528 0.0329 0.8037 0.1105 
 508 0.1564 0.0300 0.6089 0.2047 
 509 0.0953 0.0531 0.2677 0.5838 
 510 0.0348 0.1450 0.3255 0.4947 
 511 0.0701 0.4524 0.0615 0.4159 
 512 0.0190 0.4205 0.0352 0.5253 
 513 0.0774 0.0234 0.0627 0.8365 
 514 0.0306 0.0568 0.0572 0.8554 
 515 0.0941 0.4531 0.1681 0.2848 
 516 0.0731 0.0449 0.0623 0.8197 
 517 0.2738 0.1795 0.1446 0.4022 
 518 0.0268 0.1512 0.3407 0.4812 
 519 0.0301 0.0674 0.0647 0.8378 
 520 0.3723 0.1890 0.2894 0.1492 
 521 0.0606 0.0659 0.4434 0.4300 
 522 0.2166 0.5163 0.0501 0.2170 
 523 0.5401 0.0580 0.1484 0.2535 
 524 0.1525 0.4341 0.0957 0.3178 
 525 0.0654 0.2698 0.3184 0.3464 
 526 0.6168 0.2069 0.0728 0.1035 
 527 0.0176 0.1416 0.0542 0.7866 
 528 0.0555 0.0448 0.7181 0.1815 
 529 0.0407 0.0679 0.1709 0.7204 
 530 0.1161 0.4394 0.1050 0.3395 
 531 0.0781 0.2092 0.4533 0.2594 
 532 0.0694 0.1013 0.3155 0.5138 
 533 0.1133 0.3106 0.0888 0.4872 
 534 0.1435 0.0370 0.1411 0.6783 
 535 0.4109 0.1506 0.0767 0.3619 
 536 0.2138 0.2982 0.2236 0.2644 
 537 0.3816 0.0624 0.3826 0.1734 
 538 0.2602 0.0975 0.3074 0.3349 
 539 0.0441 0.0345 0.8268 0.0946 
 540 0.2158 0.1247 0.3471 0.3125 
 541 0.0611 0.1087 0.6055 0.2246 
 542 0.6331 0.1658 0.0603 0.1408 
 543 0.3697 0.0554 0.1937 0.3811 
 544 0.6298 0.0879 0.0966 0.1857 
 545 0.7528 0.0996 0.0336 0.1141 
 546 0.3905 0.0875 0.2160 0.3060 
 547 0.7621 0.0411 0.0859 0.1109 
 548 0.0454 0.0567 0.4321 0.4658 
 549 0.2859 0.1815 0.4300 0.1026 
 550 0.5482 0.2168 0.0579 0.1771 
 551 0.0624 0.0815 0.6766 0.1795 
 552 0.2606 0.0868 0.3928 0.2597 
 553 0.7138 0.0287 0.1386 0.1188 
 554 0.0782 0.2243 0.1955 0.5021 
 555 0.2487 0.0580 0.4596 0.2337 
 556 0.3419 0.0782 0.2355 0.3445 
 557 0.5074 0.2358 0.0815 0.1753 
 558 0.0117 0.8473 0.0276 0.1134 
 559 0.0400 0.0634 0.0529 0.8438 
 560 0.0246 0.5077 0.0234 0.4443 
 561 0.0419 0.2494 0.0318 0.6768 
 562 0.0532 0.1553 0.0241 0.7674 
 563 0.0567 0.1051 0.1328 0.7053 
 564 0.0889 0.0652 0.0677 0.7783 
 565 0.0148 0.8341 0.0329 0.1182 
 566 0.0231 0.2937 0.0244 0.6589 
 567 0.0298 0.0514 0.0419 0.8770 
 568 0.0763 0.1561 0.0537 0.7139 
 569 0.1350 0.3502 0.0553 0.4595 
 570 0.0123 0.7977 0.0251 0.1650 
 571 0.0226 0.0966 0.0367 0.8441 
 572 0.5092 0.1242 0.1605 0.2060 
 573 0.0755 0.1567 0.0650 0.7028 
 574 0.0357 0.4408 0.1436 0.3798 
 575 0.0383 0.1276 0.0860 0.7481 
 576 0.0151 0.1622 0.0233 0.7993 
 577 0.0261 0.3526 0.1210 0.5004 
 578 0.0294 0.2012 0.0413 0.7280 
 579 0.0282 0.2025 0.0420 0.7273 
 580 0.0216 0.5206 0.0716 0.3862 
 581 0.0218 0.4999 0.0522 0.4261 
 582 0.0275 0.7552 0.0275 0.1897 
 583 0.0188 0.1561 0.0379 0.7873 
 584 0.0156 0.1407 0.0280 0.8156 
 585 0.0223 0.2751 0.0355 0.6672 
 586 0.0260 0.0748 0.0470 0.8521 
 587 0.0493 0.4713 0.0284 0.4511 
 588 0.3883 0.0269 0.0526 0.5321 
 589 0.0723 0.6611 0.0299 0.2368 
 590 0.0219 0.0564 0.0341 0.8876 
 591 0.0187 0.0734 0.0410 0.8669 
 592 0.1184 0.1702 0.0350 0.6765 
 593 0.0398 0.2166 0.0704 0.6732 
 594 0.0216 0.0593 0.0718 0.8472 
 595 0.0139 0.1901 0.0265 0.7695 
 596 0.2237 0.1557 0.0665 0.5541 
 597 0.0796 0.0644 0.1696 0.6865 
 598 0.0126 0.8544 0.0261 0.1069 
 599 0.0496 0.2231 0.0271 0.7002 
 600 0.0414 0.4930 0.0893 0.3763 
 601 0.0337 0.4380 0.0277 0.5006 
 602 0.0240 0.0598 0.1321 0.7842 
 603 0.0278 0.0559 0.1207 0.7956 
 604 0.0375 0.5117 0.1028 0.3480 
 605 0.0549 0.1738 0.0483 0.7230 
 606 0.0596 0.1581 0.1800 0.6023 
 607 0.0209 0.1884 0.2860 0.5047 
 608 0.0234 0.2015 0.4667 0.3083 
 609 0.0399 0.4125 0.0651 0.4825 
 610 0.0972 0.6175 0.0514 0.2339 
 611 0.0571 0.0745 0.1123 0.7561 
 612 0.0255 0.8278 0.0373 0.1094 
 613 0.0601 0.2301 0.0697 0.6401 
 614 0.0251 0.7561 0.0413 0.1775 
 615 0.0255 0.7476 0.0757 0.1512 
 616 0.0217 0.1716 0.1978 0.6088 
 617 0.0499 0.3312 0.0419 0.5769 
 618 0.0634 0.5358 0.1809 0.2200 
 619 0.1547 0.1845 0.1356 0.5252 
 620 0.0978 0.1018 0.0289 0.7715 
 621 0.0133 0.1498 0.0378 0.7992 
 622 0.1205 0.4195 0.1364 0.3236 
 623 0.0378 0.1096 0.0431 0.8096 
 624 0.0229 0.7019 0.1234 0.1518 
 625 0.0192 0.4698 0.1525 0.3584 
 626 0.1399 0.2992 0.4504 0.1106 
 627 0.0375 0.1333 0.0628 0.7664 
 628 0.0301 0.0793 0.0578 0.8329 
 629 0.0208 0.1363 0.0754 0.7675 
 630 0.0313 0.6083 0.0526 0.3078 
 631 0.0212 0.3845 0.0751 0.5193 
 632 0.1038 0.1129 0.3248 0.4584 
 633 0.0235 0.3916 0.1159 0.4690 
 634 0.0621 0.1662 0.1916 0.5800 
 635 0.0285 0.1454 0.5713 0.2548 
 636 0.0287 0.4247 0.2303 0.3164 
 637 0.2761 0.1617 0.1121 0.4500 
 638 0.0209 0.1167 0.1055 0.7569 
 639 0.0281 0.3501 0.1139 0.5079 
 640 0.0131 0.1120 0.0471 0.8277 
 641 0.0238 0.1592 0.0706 0.7464 
 642 0.0685 0.0852 0.6100 0.2363 
 643 0.0209 0.0475 0.8153 0.1164 
 644 0.0253 0.0479 0.6515 0.2753 
 645 0.0458 0.3158 0.5353 0.1031 
 646 0.1085 0.0942 0.1319 0.6653 
 647 0.0655 0.0615 0.3501 0.5229 
 648 0.1287 0.1125 0.3531 0.4057 
 649 0.3237 0.0449 0.1967 0.4347 
 650 0.0725 0.0490 0.1630 0.7156 
 651 0.0185 0.0487 0.4620 0.4709 
 652 0.0369 0.0610 0.6201 0.2821 
 653 0.0797 0.0872 0.4241 0.4090 
 654 0.1250 0.0713 0.5835 0.2202 
 655 0.0411 0.0801 0.5269 0.3519 
 656 0.1350 0.0841 0.2680 0.5129 
 657 0.0281 0.2473 0.1843 0.5403 
 658 0.1134 0.1412 0.2292 0.5162 
 659 0.1004 0.0759 0.5423 0.2813 
 660 0.0480 0.0417 0.7400 0.1702 
 661 0.1875 0.0794 0.5889 0.1443 
 662 0.5108 0.0359 0.1029 0.3504 
 663 0.0370 0.0654 0.6386 0.2589 
 664 0.0584 0.2025 0.2457 0.4935 
 665 0.3183 0.0443 0.1488 0.4887 
 666 0.0859 0.0687 0.6174 0.2280 
 667 0.0400 0.0642 0.0795 0.8163 
 668 0.0847 0.1204 0.4952 0.2997 
 669 0.0825 0.0555 0.3408 0.5212 
 670 0.0179 0.0284 0.8742 0.0794 
 671 0.0348 0.0373 0.7739 0.1540 
 672 0.0629 0.0770 0.6890 0.1711 
 673 0.0110 0.0301 0.8959 0.0630 
 674 0.0252 0.0537 0.8053 0.1158 
 675 0.0150 0.0301 0.8256 0.1293 
 676 0.0129 0.0282 0.8960 0.0629 
 677 0.0816 0.0258 0.8220 0.0705 
 678 0.0108 0.0299 0.8899 0.0695 
 679 0.0122 0.0520 0.8253 0.1105 
 680 0.0217 0.0485 0.8361 0.0937 
 681 0.3235 0.1353 0.3050 0.2362 
 682 0.0207 0.0540 0.8452 0.0801 
 683 0.0200 0.0274 0.8787 0.0739 
 684 0.0125 0.0304 0.8868 0.0702 
 685 0.0138 0.0255 0.9002 0.0605 
 686 0.0834 0.0482 0.7742 0.0942 
 687 0.0471 0.0338 0.7817 0.1374 
 688 0.0184 0.0351 0.8441 0.1023 
 689 0.0132 0.0268 0.8981 0.0619 
 690 0.0132 0.0285 0.8943 0.0641 
 691 0.0195 0.0477 0.8313 0.1015 
 692 0.0134 0.0419 0.8409 0.1038 
 693 0.0164 0.0476 0.8301 0.1059 
 694 0.0147 0.0238 0.9039 0.0576 
 695 0.0391 0.0392 0.8519 0.0698 
 696 0.0184 0.0363 0.8431 0.1022 
 697 0.0166 0.0277 0.8898 0.0659 
 698 0.0137 0.0285 0.8920 0.0659 
 699 0.1312 0.0355 0.7627 0.0706 
 700 0.0503 0.0749 0.7886 0.0862 
 701 0.0308 0.0622 0.7771 0.1298 
 702 0.0504 0.0691 0.7407 0.1398 
 703 0.0230 0.0509 0.8427 0.0834 
 704 0.0263 0.0325 0.8511 0.0901 
 705 0.3347 0.0683 0.4455 0.1514 
 706 0.0326 0.0450 0.8465 0.0759 
 707 0.0208 0.0307 0.8811 0.0674 
 708 0.0163 0.0265 0.8848 0.0724 
 709 0.0435 0.0320 0.8616 0.0629 
 710 0.0161 0.0249 0.9032 0.0558 
 711 0.0562 0.0455 0.8141 0.0843 
 712 0.0660 0.0230 0.8461 0.0649 
 713 0.0214 0.0321 0.8504 0.0961 
 714 0.0175 0.0509 0.7898 0.1418 
 715 0.0329 0.0245 0.8861 0.0565 
 716 0.0313 0.0434 0.8572 0.0681 
 717 0.0204 0.0257 0.8978 0.0561 
 718 0.0393 0.0441 0.8076 0.1090 
 719 0.0302 0.0245 0.8855 0.0598 
 720 0.0193 0.1448 0.0421 0.7938 
 721 0.0287 0.1605 0.6291 0.1817 
 722 0.0445 0.4736 0.0894 0.3926 
 723 0.0165 0.5194 0.0772 0.3870 
 724 0.0249 0.6184 0.2027 0.1541 
 725 0.0377 0.1139 0.2488 0.5996 
 726 0.0694 0.5650 0.1307 0.2349 
 727 0.2477 0.1829 0.2654 0.3039 
 728 0.0154 0.8837 0.0237 0.0772 
 729 0.0135 0.8528 0.0265 0.1072 
 730 0.0161 0.4181 0.0560 0.5098 
 731 0.0191 0.7747 0.0576 0.1487 
 732 0.0169 0.5264 0.0781 0.3785 
 733 0.0119 0.8255 0.0364 0.1261 
 734 0.0139 0.8188 0.0255 0.1418 
 735 0.0104 0.8408 0.0437 0.1050 
 736 0.0201 0.5140 0.0525 0.4133 
 737 0.0534 0.4679 0.0561 0.4226 
 738 0.0172 0.4428 0.0496 0.4903 
 739 0.0119 0.8384 0.0327 0.1170 
 740 0.0191 0.0458 0.7523 0.1828 
 741 0.0377 0.0952 0.5620 0.3051 
 742 0.0161 0.1229 0.1645 0.6965 
 743 0.0166 0.0879 0.0953 0.8002 
 744 0.2435 0.0573 0.1221 0.5771 
 745 0.0408 0.0873 0.0368 0.8351 
 746 0.0240 0.1371 0.2480 0.5909 
 747 0.0249 0.0594 0.0712 0.8445 
 748 0.0156 0.0554 0.5207 0.4083 
 749 0.0519 0.0684 0.1956 0.6842 
 750 0.0236 0.0675 0.1517 0.7573 
 751 0.0176 0.0665 0.5299 0.3860 
 752 0.0235 0.0832 0.0974 0.7959 
 753 0.0284 0.1768 0.2836 0.5112 
 754 0.0259 0.0867 0.4322 0.4552 
 755 0.0142 0.0915 0.1921 0.7022 
 756 0.0200 0.0463 0.2908 0.6429 
 757 0.0169 0.0628 0.1427 0.7775 
 758 0.0231 0.0411 0.0345 0.9013 
 759 0.0465 0.1276 0.5597 0.2661 
 760 0.0191 0.2090 0.1395 0.6325 
 761 0.0198 0.3993 0.3633 0.2176 
 762 0.0112 0.4457 0.0568 0.4864 
 763 0.0275 0.1739 0.2886 0.5099 
 764 0.0152 0.0606 0.0873 0.8370 
 765 0.0155 0.3462 0.0893 0.5491 
 766 0.0124 0.0643 0.4126 0.5108 
 767 0.0253 0.0998 0.2412 0.6337 
 768 0.0114 0.4725 0.0565 0.4596 
 769 0.0221 0.4580 0.2520 0.2679 
 770 0.0148 0.4180 0.0485 0.5186 
 771 0.2879 0.0417 0.2053 0.4651 
 772 0.0683 0.1082 0.3166 0.5069 
 773 0.0143 0.0551 0.1079 0.8227 
 774 0.0191 0.0797 0.5824 0.3188 
 775 0.0149 0.6237 0.0909 0.2705 
 776 0.0186 0.0694 0.0551 0.8570 
 777 0.0752 0.1030 0.1307 0.6911 
 778 0.0484 0.0682 0.2591 0.6243 
 779 0.0159 0.0500 0.1280 0.8061 
 780 0.0156 0.0683 0.4473 0.4688 
 781 0.1124 0.0475 0.3836 0.4566 
 782 0.0159 0.0488 0.1275 0.8078 
 783 0.0156 0.1061 0.2886 0.5897 
 784 0.0183 0.1487 0.0711 0.7619 
 785 0.0200 0.0679 0.1498 0.7622 
 786 0.0167 0.0793 0.5216 0.3824 
 787 0.0364 0.0349 0.5180 0.4106 
 788 0.0341 0.1172 0.0875 0.7611 
 789 0.0155 0.1490 0.0805 0.7550 
 790 0.0151 0.1211 0.2954 0.5685 
 791 0.0197 0.0864 0.1312 0.7626 
 792 0.0590 0.0376 0.5299 0.3736 
 793 0.0853 0.1605 0.5019 0.2524 
 794 0.0287 0.1050 0.1542 0.7122 
 795 0.0314 0.1403 0.6013 0.2270 
 796 0.0386 0.0674 0.1614 0.7326 
 797 0.0460 0.0616 0.7373 0.1552 
 798 0.1511 0.6315 0.0299 0.1875 
 799 0.0337 0.0853 0.0720 0.8090 
 800 0.1712 0.0296 0.5794 0.2198 
 801 0.1153 0.6420 0.0599 0.1828 
 802 0.1361 0.3731 0.2713 0.2194 
 803 0.0698 0.1113 0.4681 0.3508 
 804 0.2681 0.1170 0.1340 0.4809 
 805 0.0258 0.0431 0.8196 0.1115 
 806 0.4573 0.2669 0.0948 0.1811 
 807 0.0473 0.0396 0.8136 0.0995 
 808 0.2147 0.0606 0.4872 0.2376 
 809 0.7252 0.1155 0.0486 0.1107 
 810 0.0325 0.1859 0.2226 0.5590 
 811 0.3066 0.0847 0.4135 0.1952 
 812 0.8261 0.0414 0.0280 0.1046 
 813 0.1000 0.6443 0.0356 0.2200 
 814 0.4254 0.0438 0.0580 0.4729 
 815 0.5371 0.2129 0.1393 0.1107 
 816 0.1358 0.2464 0.3631 0.2548 
 817 0.1415 0.3657 0.2724 0.2204 
 818 0.0330 0.1206 0.0645 0.7819 
 819 0.0320 0.0349 0.1322 0.8009 
 820 0.0726 0.0527 0.1714 0.7033 
 821 0.0134 0.1215 0.0830 0.7822 
 822 0.0281 0.1644 0.0282 0.7793 
 823 0.0172 0.4006 0.2291 0.3531 
 824 0.0165 0.0704 0.1603 0.7528 
 825 0.0259 0.2057 0.0562 0.7122 
 826 0.0174 0.0578 0.0388 0.8859 
 827 0.0154 0.2973 0.0556 0.6316 
 828 0.0163 0.4074 0.1057 0.4706 
 829 0.0547 0.5344 0.0961 0.3149 
 830 0.0121 0.2388 0.0371 0.7121 
 831 0.0289 0.1721 0.1327 0.6664 
 832 0.1092 0.1921 0.1306 0.5682 
 833 0.0592 0.3829 0.1566 0.4013 
 834 0.0277 0.2476 0.1260 0.5986 
 835 0.0278 0.0553 0.0365 0.8804 
 836 0.1259 0.0689 0.0717 0.7334 
 837 0.0281 0.3934 0.2938 0.2847 
 838 0.1253 0.0511 0.0401 0.7835 
 839 0.0131 0.1517 0.0574 0.7778 
 840 0.1355 0.0572 0.1734 0.6339 
 841 0.0632 0.0463 0.0993 0.7912 
 842 0.0133 0.0675 0.0287 0.8904 
 843 0.1180 0.0685 0.3626 0.4509 
 844 0.0477 0.1318 0.1463 0.6741 
 845 0.0122 0.0699 0.0377 0.8802 
 846 0.0233 0.0542 0.0958 0.8268 
 847 0.0136 0.0355 0.1896 0.7613 
 848 0.0280 0.0385 0.0783 0.8552 
 849 0.0165 0.0859 0.0537 0.8439 
 850 0.0175 0.1354 0.0522 0.7950 
 851 0.0155 0.0454 0.0462 0.8929 
 852 0.0135 0.1694 0.5585 0.2586 
 853 0.0328 0.1825 0.0464 0.7383 
 854 0.0147 0.2507 0.2408 0.4938 
 855 0.0184 0.0551 0.0768 0.8497 
 856 0.0171 0.0594 0.1199 0.8036 
 857 0.1357 0.0815 0.0584 0.7244 
 858 0.0190 0.0678 0.0452 0.8680 
 859 0.0132 0.1746 0.0481 0.7642 
 860 0.0254 0.0474 0.0405 0.8866 
 861 0.0764 0.0402 0.4357 0.4477 
 862 0.0222 0.8657 0.0309 0.0811 
 863 0.0246 0.7751 0.0834 0.1169 
 864 0.0123 0.8600 0.0518 0.0760 
 865 0.0170 0.8278 0.0239 0.1313 
 866 0.0192 0.3069 0.0426 0.6313 
 867 0.0192 0.8383 0.0519 0.0906 
 868 0.0286 0.7200 0.0479 0.2035 
 869 0.0171 0.3621 0.0476 0.5731 
 870 0.0971 0.6205 0.0306 0.2518 
 871 0.0232 0.7602 0.0283 0.1883 
 872 0.0127 0.8320 0.0384 0.1169 
 873 0.0153 0.8460 0.0406 0.0981 
 874 0.0228 0.8520 0.0268 0.0984 
 875 0.0538 0.3849 0.0511 0.5102 
 876 0.0479 0.1036 0.0356 0.8129 
 877 0.0143 0.8710 0.0366 0.0781 
 878 0.0347 0.3303 0.0726 0.5623 
 879 0.0123 0.8369 0.0513 0.0995 
 880 0.1057 0.4127 0.0399 0.4417 
 881 0.0151 0.8122 0.0479 0.1247 
 882 0.0107 0.8405 0.0448 0.1040 
 883 0.0534 0.1078 0.0505 0.7882 
 884 0.0147 0.8283 0.0243 0.1326 
 885 0.1441 0.5612 0.0749 0.2198 
 886 0.0182 0.5530 0.0672 0.3616 
 887 0.0140 0.8207 0.0288 0.1364 
 888 0.1529 0.4214 0.1254 0.3003 
 889 0.0189 0.8500 0.0234 0.1076 
 890 0.0469 0.4265 0.0261 0.5005 
 891 0.0332 0.0586 0.0425 0.8656 
 892 0.0288 0.0636 0.0508 0.8568 
 893 0.1518 0.1317 0.0733 0.6432 
 894 0.0147 0.2519 0.0280 0.7054 
 895 0.0179 0.7762 0.0296 0.1762 
 896 0.0442 0.0456 0.0748 0.8353 
 897 0.0219 0.0461 0.0440 0.8880 
 898 0.0325 0.2883 0.0836 0.5957 
 899 0.0149 0.1572 0.0236 0.8043 
 900 0.0306 0.0562 0.0357 0.8774 
 901 0.0185 0.0697 0.0374 0.8744 
 902 0.1389 0.0567 0.0594 0.7450 
 903 0.0250 0.5301 0.0390 0.4058 
 904 0.0318 0.3327 0.0836 0.5520 
 905 0.0137 0.5210 0.0288 0.4366 
 906 0.0611 0.2033 0.0511 0.6846 
 907 0.0158 0.1197 0.0573 0.8072 
 908 0.0140 0.1310 0.0456 0.8094 
 909 0.1037 0.1923 0.0554 0.6486 
 910 0.0696 0.0738 0.0521 0.8045 
 911 0.0177 0.6473 0.0241 0.3109 
 912 0.0201 0.2102 0.0303 0.7393 
 913 0.0324 0.3035 0.0274 0.6368 
 914 0.0209 0.1848 0.1541 0.6403 
 915 0.0405 0.1871 0.0225 0.7499 
 916 0.0184 0.1050 0.0331 0.8435 
 917 0.0250 0.1568 0.0337 0.7844 
 918 0.0276 0.3501 0.1384 0.4838 
 919 0.0203 0.4802 0.0758 0.4238 
 920 0.0163 0.1047 0.0505 0.8285 
 921 0.2676 0.0769 0.2896 0.3659 
 922 0.4708 0.0588 0.0544 0.4160 
 923 0.1478 0.0446 0.1211 0.6865 
 924 0.3716 0.0432 0.0525 0.5328 
 925 0.2732 0.0647 0.0954 0.5667 
 926 0.7793 0.0264 0.0674 0.1268 
 927 0.7195 0.0433 0.1012 0.1359 
 928 0.3117 0.0318 0.4038 0.2527 
 929 0.6865 0.0324 0.0473 0.2338 
 930 0.4730 0.0547 0.0978 0.3745 
 931 0.8079 0.0616 0.0711 0.0595 
 932 0.8170 0.0292 0.0317 0.1221 
 933 0.1940 0.0393 0.5826 0.1840 
 934 0.2719 0.0309 0.0410 0.6562 
 935 0.8103 0.0445 0.0453 0.0999 
 936 0.8683 0.0297 0.0267 0.0753 
 937 0.8636 0.0281 0.0412 0.0671 
 938 0.7644 0.0228 0.1221 0.0907 
 939 0.7516 0.0335 0.1415 0.0734 
 940 0.6915 0.0446 0.0926 0.1713 
 941 0.7895 0.0470 0.0282 0.1352 
 942 0.1672 0.0806 0.3311 0.4210 
 943 0.8126 0.0260 0.1047 0.0566 
 944 0.7602 0.0460 0.1030 0.0909 
 945 0.3204 0.0569 0.1167 0.5061 
 946 0.8014 0.0314 0.0445 0.1226 
 947 0.8175 0.0250 0.0877 0.0699 
 948 0.7992 0.0894 0.0252 0.0862 
 949 0.7322 0.1088 0.0265 0.1325 
 950 0.8515 0.0213 0.0518 0.0754 
 951 0.5220 0.0674 0.1733 0.2374 
 952 0.6610 0.0516 0.0653 0.2220 
 953 0.6138 0.0893 0.0576 0.2393 
 954 0.8335 0.0531 0.0317 0.0817 
 955 0.0507 0.0409 0.8289 0.0795 
 956 0.0811 0.0327 0.7795 0.1068 
 957 0.0617 0.0979 0.5063 0.3341 
 958 0.0446 0.0831 0.0971 0.7752 
 959 0.0871 0.0542 0.3687 0.4900 
 960 0.0312 0.3355 0.1170 0.5164 
 961 0.0140 0.0259 0.8993 0.0608 
 962 0.1543 0.0268 0.0929 0.7260 
 963 0.0545 0.0886 0.0846 0.7723 
 964 0.0157 0.0965 0.1391 0.7487 
 965 0.0430 0.0449 0.3895 0.5226 
 966 0.0735 0.0875 0.2423 0.5967 
 967 0.0393 0.0481 0.8361 0.0764 
 968 0.0688 0.0317 0.1339 0.7656 
 969 0.0181 0.2366 0.3126 0.4328 
 970 0.0231 0.0446 0.7898 0.1425 
 971 0.1216 0.0412 0.1884 0.6488 
 972 0.0516 0.1305 0.3025 0.5153 
 973 0.2091 0.0335 0.3769 0.3805 
 974 0.0279 0.0804 0.1106 0.7811 
 975 0.0186 0.2389 0.3088 0.4337 
 976 0.1212 0.0405 0.1883 0.6500 
 977 0.0158 0.1070 0.3912 0.4861 
 978 0.0769 0.0434 0.3060 0.5737 
 979 0.0375 0.0543 0.1018 0.8064 
 980 0.0649 0.0507 0.4391 0.4453 
 981 0.0676 0.0868 0.2759 0.5697 
 982 0.0299 0.0869 0.0547 0.8285 
 983 0.0644 0.2910 0.0610 0.5836 
 984 0.0227 0.1761 0.6662 0.1350 
 985 0.0394 0.0519 0.2085 0.7003 
 986 0.0207 0.0805 0.0964 0.8023 
 987 0.0268 0.0570 0.0393 0.8769 
 988 0.0132 0.3389 0.0283 0.6197 
 989 0.0759 0.1068 0.6723 0.1450 
 990 0.0160 0.1597 0.1197 0.7046 
 991 0.0482 0.0755 0.1660 0.7103 
 992 0.0505 0.0354 0.0440 0.8701 
 993 0.0386 0.3911 0.0695 0.5007 
 994 0.1919 0.0619 0.3002 0.4460 
 995 0.0206 0.0230 0.8882 0.0682 
 996 0.0170 0.1520 0.0547 0.7763 
 997 0.0870 0.0350 0.1118 0.7662 
 998 0.0754 0.0717 0.0522 0.8006 
 999 0.0239 0.0602 0.2224 0.6936 
1000 0.0583 0.0664 0.0455 0.8299 
1001 0.0144 0.1451 0.0680 0.7724 
1002 0.0177 0.1093 0.0287 0.8443 
1003 0.0432 0.0568 0.1220 0.7781 
1004 0.0335 0.0403 0.0822 0.8440 
1005 0.0261 0.0555 0.0515 0.8668 
1006 0.3185 0.0824 0.1691 0.4301 
1007 0.1478 0.0599 0.3652 0.4271 
1008 0.1290 0.0506 0.5202 0.3002 
1009 0.2421 0.1517 0.1585 0.4477 
1010 0.0709 0.0701 0.2042 0.6548 
1011 0.0421 0.0755 0.5150 0.3673 
1012 0.6712 0.0547 0.0561 0.2180 
1013 0.1870 0.0588 0.1287 0.6255 
1014 0.0275 0.0839 0.0501 0.8385 
1015 0.0685 0.0399 0.0797 0.8118 
1016 0.0167 0.0493 0.0445 0.8895 
1017 0.0482 0.0440 0.2215 0.6863 
1018 0.0369 0.0583 0.2182 0.6866 
1019 0.0908 0.1185 0.1769 0.6138 
1020 0.0317 0.0325 0.8378 0.0979 
1021 0.2815 0.0442 0.4944 0.1799 
1022 0.0673 0.0568 0.1708 0.7051 
1023 0.0319 0.1870 0.0713 0.7097 
1024 0.0688 0.1649 0.0501 0.7163 
1025 0.0204 0.0557 0.1010 0.8229 
1026 0.0590 0.5855 0.2383 0.1171 
1027 0.3741 0.3811 0.1263 0.1185 
1028 0.0309 0.5435 0.1406 0.2849 
1029 0.1103 0.1152 0.2321 0.5423 
1030 0.0761 0.0881 0.5409 0.2948 
1031 0.1342 0.3925 0.2896 0.1838 
1032 0.1312 0.2379 0.3895 0.2414 
1033 0.0829 0.3462 0.3173 0.2536 
1034 0.1144 0.1105 0.2491 0.5260 
1035 0.0179 0.0744 0.7570 0.1507 
1036 0.2184 0.1576 0.3899 0.2341 
1037 0.0685 0.0512 0.6007 0.2796 
1038 0.0300 0.2749 0.5083 0.1868 
1039 0.4000 0.1151 0.2748 0.2101 
1040 0.0784 0.5750 0.2177 0.1289 
1041 0.0734 0.5202 0.2107 0.1958 
1042 0.0611 0.1786 0.4892 0.2711 
1043 0.0225 0.3639 0.3523 0.2614 
1044 0.0543 0.3048 0.1949 0.4460 
1045 0.0195 0.6443 0.2163 0.1198 
1046 0.1479 0.1492 0.4421 0.2608 
1047 0.0358 0.0711 0.7466 0.1465 
1048 0.0186 0.1458 0.1068 0.7288 
1049 0.0203 0.0672 0.0676 0.8449 
1050 0.0162 0.2123 0.0259 0.7456 
1051 0.0173 0.1059 0.0284 0.8484 
1052 0.0309 0.1408 0.0419 0.7864 
1053 0.0173 0.1423 0.0475 0.7928 
1054 0.0209 0.1103 0.0497 0.8191 
1055 0.0188 0.0424 0.0371 0.9017 
1056 0.0201 0.0662 0.0403 0.8734 
1057 0.0516 0.6523 0.0323 0.2637 
1058 0.0178 0.1409 0.0301 0.8112 
1059 0.0209 0.2516 0.0614 0.6662 
1060 0.0357 0.1746 0.0994 0.6903 
1061 0.0298 0.0414 0.0341 0.8947 
1062 0.0202 0.1766 0.0337 0.7695 
1063 0.0883 0.0395 0.0962 0.7760 
1064 0.0276 0.1186 0.0404 0.8134 
1065 0.0494 0.0793 0.0628 0.8085 
1066 0.0259 0.0481 0.0715 0.8545 
1067 0.0179 0.1676 0.0335 0.7809 
1068 0.0366 0.1466 0.2992 0.5176 
1069 0.0149 0.0570 0.0248 0.9032 
1070 0.0239 0.0925 0.0370 0.8466 
1071 0.0332 0.1066 0.1179 0.7423 
1072 0.0300 0.0621 0.0634 0.8445 
1073 0.0155 0.1547 0.0421 0.7877 
1074 0.0278 0.1993 0.0942 0.6787 
1075 0.0319 0.1407 0.0564 0.7711 
1076 0.0185 0.1175 0.0678 0.7963 
1077 0.0195 0.7076 0.0345 0.2384 
1078 0.0303 0.0639 0.0494 0.8563 
1079 0.0237 0.1641 0.0395 0.7727 
1080 0.0430 0.0928 0.1643 0.6999 
1081 0.0135 0.1624 0.0296 0.7945 
1082 0.0640 0.1991 0.0775 0.6593 
1083 0.0219 0.0683 0.0575 0.8522 
1084 0.1510 0.1032 0.1320 0.6138 
1085 0.0158 0.0825 0.0222 0.8794 
1086 0.0319 0.0365 0.0335 0.8982 
1087 0.0179 0.0805 0.0226 0.8790 
1088 0.0201 0.0670 0.0243 0.8886 
1089 0.0133 0.2154 0.0262 0.7451 
1090 0.0175 0.1402 0.0343 0.8081 
1091 0.0213 0.0790 0.0503 0.8495 
1092 0.0214 0.1677 0.0308 0.7801 
1093 0.0344 0.0565 0.0935 0.8156 
1094 0.0226 0.5696 0.0964 0.3114 
1095 0.0164 0.6720 0.0310 0.2807 
1096 0.0209 0.1342 0.0684 0.7765 
1097 0.0176 0.5981 0.0243 0.3600 
1098 0.1225 0.0416 0.0307 0.8052 
1099 0.3007 0.0455 0.0939 0.5599 
1100 0.0171 0.0947 0.0296 0.8585 
1101 0.0183 0.0680 0.0260 0.8877 
1102 0.0204 0.1647 0.0367 0.7782 
1103 0.0155 0.0782 0.0594 0.8470 
1104 0.0428 0.0596 0.0355 0.8620 
1105 0.0218 0.0673 0.0361 0.8748 
1106 0.0313 0.1114 0.1125 0.7447 
1107 0.0141 0.1432 0.0547 0.7879 
1108 0.0152 0.6712 0.0417 0.2719 
1109 0.0195 0.4938 0.0374 0.4494 
1110 0.0886 0.0491 0.5399 0.3225 
1111 0.2296 0.0304 0.4519 0.2881 
1112 0.0483 0.1974 0.6858 0.0684 
1113 0.4467 0.1445 0.2253 0.1835 
1114 0.1053 0.3579 0.2710 0.2658 
1115 0.7213 0.0623 0.1247 0.0918 
1116 0.0338 0.0617 0.8047 0.0997 
1117 0.0670 0.5313 0.1827 0.2190 
1118 0.0440 0.0643 0.8117 0.0800 
1119 0.4032 0.3133 0.1499 0.1336 
1120 0.5785 0.0860 0.2328 0.1026 
1121 0.0374 0.3626 0.4988 0.1012 
1122 0.0235 0.1906 0.4356 0.3504 
1123 0.0418 0.2091 0.2251 0.5240 
1124 0.0433 0.0632 0.8139 0.0796 
1125 0.0465 0.1198 0.5312 0.3025 
1126 0.0403 0.3567 0.4703 0.1327 
1127 0.1656 0.2196 0.4991 0.1157 
1128 0.1948 0.0450 0.6403 0.1199 
1129 0.2501 0.1874 0.2108 0.3516 
1130 0.1412 0.1356 0.2344 0.4888 
1131 0.0456 0.6393 0.1424 0.1726 
1132 0.5717 0.1221 0.2230 0.0831 
1133 0.0225 0.0909 0.7499 0.1367 
1134 0.0670 0.0402 0.8085 0.0843 
1135 0.1130 0.2757 0.1015 0.5099 
1136 0.1615 0.6213 0.0969 0.1203 
1137 0.0548 0.0627 0.6558 0.2267 
1138 0.1458 0.1618 0.3402 0.3523 
1139 0.0725 0.0476 0.7924 0.0874 
1140 0.0342 0.2061 0.3711 0.3886 
1141 0.1055 0.2142 0.2499 0.4304 
1142 0.0868 0.6037 0.1186 0.1909 
1143 0.0242 0.1038 0.3964 0.4757 
1144 0.4608 0.1196 0.2959 0.1237 
1145 0.3706 0.3384 0.1444 0.1465 
1146 0.0265 0.3665 0.4455 0.1615 
1147 0.1127 0.1611 0.1057 0.6205 
1148 0.0192 0.7791 0.0654 0.1363 
1149 0.1249 0.1448 0.5181 0.2122 
1150 0.3677 0.0925 0.2410 0.2988 
1151 0.0523 0.1912 0.6658 0.0908 
1152 0.1354 0.3233 0.2008 0.3405 
1153 0.1851 0.5667 0.0786 0.1697 
1154 0.0418 0.3229 0.3870 0.2483 
1155 0.3634 0.1825 0.2826 0.1716 
1156 0.5036 0.0668 0.3330 0.0966 
1157 0.2127 0.4931 0.2032 0.0910 
1158 0.1256 0.1465 0.6020 0.1259 
1159 0.0254 0.0761 0.0347 0.8638 
1160 0.0355 0.0814 0.0356 0.8475 
1161 0.0317 0.0345 0.0559 0.8778 
1162 0.2819 0.1121 0.1405 0.4655 
1163 0.0237 0.0615 0.5717 0.3430 
1164 0.0605 0.1744 0.1649 0.6003 
1165 0.0169 0.0530 0.0443 0.8858 
1166 0.0267 0.0446 0.2983 0.6305 
1167 0.0141 0.0817 0.0328 0.8714 
1168 0.0336 0.1342 0.0567 0.7755 
1169 0.0234 0.0731 0.0870 0.8165 
1170 0.0456 0.4452 0.0501 0.4590 
1171 0.0177 0.1844 0.1080 0.6899 
1172 0.0135 0.1088 0.0523 0.8254 
1173 0.0255 0.0719 0.0572 0.8454 
1174 0.0161 0.0482 0.0334 0.9022 
1175 0.0595 0.0856 0.0461 0.8088 
1176 0.0251 0.0805 0.1395 0.7548 
