   1 0.0490 0.0103 0.0431 0.0932 0.2118 0.1317 0.1468 0.3142 
   2 0.0057 0.0092 0.0162 0.0335 0.1507 0.1285 0.5176 0.1385 
   3 0.0143 0.0058 0.0194 0.0984 0.3053 0.1217 0.1568 0.2782 
   4 0.0109 0.0081 0.1284 0.0612 0.1040 0.1182 0.1556 0.4136 
   5 0.0059 0.0106 0.0255 0.0362 0.2080 0.1372 0.4512 0.1252 
   6 0.0062 0.0059 0.0235 0.0475 0.5063 0.1420 0.1389 0.1298 
   7 0.0061 0.0072 0.0204 0.0579 0.2425 0.4308 0.1117 0.1234 
   8 0.0099 0.0077 0.2016 0.0581 0.2128 0.1489 0.1240 0.2370 
   9 0.0102 0.0130 0.0176 0.0437 0.2695 0.1345 0.2829 0.2286 
  10 0.0062 0.0082 0.1790 0.0413 0.2943 0.1889 0.1239 0.1582 
  11 0.0102 0.0102 0.0206 0.0739 0.2183 0.4201 0.1175 0.1293 
  12 0.0067 0.0077 0.0187 0.0339 0.2239 0.1441 0.3681 0.1970 
  13 0.0083 0.0105 0.0193 0.0429 0.2831 0.2042 0.2294 0.2024 
  14 0.0162 0.0066 0.0634 0.0789 0.1571 0.0955 0.3984 0.1840 
  15 0.0080 0.0074 0.0328 0.0959 0.1393 0.1582 0.2283 0.3301 
  16 0.0116 0.0114 0.0189 0.0732 0.3670 0.1819 0.1444 0.1914 
  17 0.0141 0.0105 0.0201 0.0445 0.3982 0.1147 0.2173 0.1808 
  18 0.0094 0.0089 0.0247 0.0989 0.2541 0.1009 0.2823 0.2208 
  19 0.0060 0.0067 0.0171 0.0408 0.4531 0.1548 0.1542 0.1673 
  20 0.0080 0.0078 0.0212 0.0763 0.1725 0.2381 0.2767 0.1993 
  21 0.0131 0.0074 0.0416 0.0596 0.1513 0.1130 0.3017 0.3124 
  22 0.0079 0.0074 0.0180 0.0453 0.4564 0.1078 0.1460 0.2113 
  23 0.0271 0.0253 0.0474 0.0696 0.1216 0.1120 0.2524 0.3446 
  24 0.0105 0.0101 0.0200 0.0681 0.2297 0.1479 0.1551 0.3586 
  25 0.0076 0.0080 0.0200 0.0771 0.3462 0.2220 0.2185 0.1006 
  26 0.0077 0.0073 0.0215 0.0570 0.2889 0.1269 0.2122 0.2785 
  27 0.0122 0.0105 0.0198 0.0546 0.3196 0.1323 0.2246 0.2264 
  28 0.0137 0.0086 0.2208 0.0671 0.1388 0.1874 0.1270 0.2365 
  29 0.0083 0.0110 0.0158 0.0384 0.1690 0.2478 0.3213 0.1884 
  30 0.0102 0.0089 0.0158 0.0585 0.4064 0.1067 0.2072 0.1862 
  31 0.0138 0.0104 0.1523 0.0389 0.1840 0.1747 0.2846 0.1411 
  32 0.0082 0.0063 0.0462 0.0636 0.2730 0.1208 0.2119 0.2700 
  33 0.0115 0.0095 0.0158 0.0855 0.2108 0.1994 0.1683 0.2992 
  34 0.0083 0.0168 0.1448 0.0663 0.2332 0.3071 0.1128 0.1106 
  35 0.0155 0.0196 0.0143 0.0365 0.2904 0.1010 0.3580 0.1648 
  36 0.0449 0.0093 0.0223 0.2564 0.1010 0.1106 0.2681 0.1874 
  37 0.0088 0.0072 0.0234 0.0371 0.1843 0.1335 0.2576 0.3481 
  38 0.0140 0.0235 0.0135 0.3611 0.1022 0.1844 0.1841 0.1172 
  39 0.0132 0.0218 0.0168 0.1124 0.1811 0.2107 0.2765 0.1676 
  40 0.0474 0.0109 0.0196 0.0661 0.1601 0.0869 0.3028 0.3063 
  41 0.1017 0.0448 0.0186 0.1115 0.1510 0.1740 0.2266 0.1717 
  42 0.0428 0.0222 0.0177 0.1563 0.0755 0.0991 0.1528 0.4337 
  43 0.0426 0.0165 0.0321 0.0347 0.1330 0.1418 0.3450 0.2542 
  44 0.0649 0.0146 0.0132 0.0326 0.2067 0.1012 0.4068 0.1600 
  45 0.0331 0.0212 0.0138 0.1575 0.0975 0.1249 0.4232 0.1288 
  46 0.0138 0.0092 0.0166 0.0489 0.3209 0.1406 0.3085 0.1415 
  47 0.0117 0.0181 0.0300 0.0335 0.3596 0.1218 0.2274 0.1978 
  48 0.0496 0.0189 0.0129 0.0404 0.2000 0.0779 0.4291 0.1712 
  49 0.0149 0.0333 0.0183 0.0633 0.2145 0.1268 0.3220 0.2069 
  50 0.0102 0.0133 0.0947 0.0489 0.3173 0.2115 0.2016 0.1025 
  51 0.1455 0.0191 0.0183 0.1692 0.0678 0.0917 0.3250 0.1634 
  52 0.0259 0.0238 0.0167 0.0895 0.1972 0.2261 0.2119 0.2089 
  53 0.0144 0.0159 0.0418 0.2790 0.1788 0.1584 0.1510 0.1607 
  54 0.0141 0.0149 0.0194 0.0267 0.1808 0.1190 0.4046 0.2205 
  55 0.0178 0.0108 0.0162 0.0353 0.1269 0.1058 0.5130 0.1741 
  56 0.0135 0.0189 0.0154 0.0780 0.2060 0.0857 0.3631 0.2194 
  57 0.0072 0.0135 0.0523 0.0438 0.3354 0.1492 0.1162 0.2824 
  58 0.0182 0.0177 0.0171 0.0684 0.1150 0.1335 0.4233 0.2068 
  59 0.0210 0.0451 0.0155 0.1929 0.1111 0.1334 0.2977 0.1834 
  60 0.0363 0.0090 0.0466 0.0961 0.0954 0.1124 0.3142 0.2900 
  61 0.0267 0.0092 0.0217 0.0285 0.0686 0.0888 0.5087 0.2479 
  62 0.0088 0.0472 0.0181 0.0479 0.2535 0.1396 0.3046 0.1804 
  63 0.0135 0.0088 0.0184 0.0702 0.1003 0.2185 0.2914 0.2790 
  64 0.0073 0.0133 0.0149 0.0851 0.3597 0.1335 0.2519 0.1343 
  65 0.0067 0.0106 0.0165 0.0441 0.1703 0.3679 0.2776 0.1064 
  66 0.0085 0.0100 0.0547 0.0427 0.1006 0.1725 0.3253 0.2857 
  67 0.0286 0.0096 0.0159 0.0284 0.1286 0.1177 0.5275 0.1439 
  68 0.0208 0.0450 0.0180 0.2023 0.1006 0.1250 0.2772 0.2111 
  69 0.0246 0.0361 0.2699 0.2134 0.1080 0.1216 0.1319 0.0946 
  70 0.0434 0.0103 0.0338 0.1673 0.0814 0.2025 0.2172 0.2441 
  71 0.0272 0.0389 0.0185 0.1727 0.0970 0.1357 0.4041 0.1058 
  72 0.0230 0.0077 0.0240 0.1126 0.2824 0.1418 0.2583 0.1501 
  73 0.0149 0.0341 0.0216 0.0459 0.0898 0.1392 0.5343 0.1201 
  74 0.0332 0.0089 0.0165 0.2336 0.0983 0.0968 0.2187 0.2940 
  75 0.0372 0.0119 0.0299 0.1695 0.0875 0.0741 0.2376 0.3524 
  76 0.0196 0.0079 0.0167 0.0495 0.1185 0.2503 0.3594 0.1781 
  77 0.0432 0.0391 0.0130 0.1985 0.0877 0.1945 0.2733 0.1508 
  78 0.0406 0.0443 0.0132 0.2971 0.0904 0.1615 0.1978 0.1551 
  79 0.0059 0.0078 0.0225 0.0566 0.2240 0.3598 0.1740 0.1493 
  80 0.0068 0.0072 0.0278 0.0385 0.0967 0.1721 0.1244 0.5264 
  81 0.0057 0.0061 0.0350 0.0467 0.1135 0.2435 0.1253 0.4244 
  82 0.0095 0.0146 0.0225 0.0447 0.1157 0.1675 0.3690 0.2566 
  83 0.0083 0.0061 0.0363 0.1067 0.1136 0.2276 0.1655 0.3360 
  84 0.0061 0.0067 0.0331 0.0744 0.1270 0.2979 0.1428 0.3117 
  85 0.0079 0.0062 0.0394 0.1219 0.1693 0.1444 0.1594 0.3514 
  86 0.0105 0.0119 0.0172 0.0402 0.1841 0.1475 0.4449 0.1437 
  87 0.0088 0.0074 0.0423 0.0913 0.1109 0.4093 0.1758 0.1542 
  88 0.0061 0.0069 0.0248 0.0450 0.1077 0.2334 0.1895 0.3865 
  89 0.0065 0.0068 0.0717 0.0430 0.1109 0.1922 0.1758 0.3930 
  90 0.0060 0.0074 0.0228 0.0541 0.1104 0.4228 0.1971 0.1795 
  91 0.0084 0.0056 0.0347 0.1046 0.1077 0.1299 0.1298 0.4792 
  92 0.0061 0.0078 0.0248 0.0524 0.1696 0.2642 0.2400 0.2350 
  93 0.0072 0.0072 0.1895 0.0333 0.0890 0.0899 0.1176 0.4662 
  94 0.0090 0.0068 0.0230 0.1777 0.0876 0.4557 0.1042 0.1360 
  95 0.0061 0.0069 0.0235 0.0466 0.0781 0.3788 0.1585 0.3014 
  96 0.0204 0.0112 0.0233 0.0312 0.0686 0.1001 0.3862 0.3588 
  97 0.0150 0.0101 0.0185 0.1888 0.0973 0.0801 0.2699 0.3203 
  98 0.0218 0.0134 0.0161 0.0448 0.1549 0.1293 0.3814 0.2383 
  99 0.0060 0.0068 0.0321 0.0604 0.1176 0.3331 0.1537 0.2903 
 100 0.0069 0.0077 0.0233 0.0288 0.0816 0.0851 0.2020 0.5646 
 101 0.0100 0.0084 0.1300 0.0832 0.1101 0.2636 0.2099 0.1849 
 102 0.0152 0.0169 0.0324 0.0944 0.0843 0.1872 0.1672 0.4025 
 103 0.0083 0.0100 0.1194 0.0392 0.0836 0.2084 0.3533 0.1778 
 104 0.0069 0.0075 0.0623 0.0368 0.0924 0.4628 0.2083 0.1230 
 105 0.0082 0.0209 0.1503 0.0331 0.0829 0.2970 0.2702 0.1374 
 106 0.0071 0.0067 0.0129 0.0765 0.1301 0.5112 0.1691 0.0863 
 107 0.0101 0.0114 0.0643 0.0369 0.0890 0.3198 0.2784 0.1901 
 108 0.0170 0.0061 0.0222 0.1996 0.0809 0.0901 0.4644 0.1198 
 109 0.0088 0.1211 0.0242 0.1014 0.1231 0.2956 0.2428 0.0830 
 110 0.0080 0.0086 0.0205 0.0710 0.1180 0.5656 0.1182 0.0900 
 111 0.0093 0.0189 0.0203 0.0336 0.0871 0.5108 0.1954 0.1246 
 112 0.0166 0.1807 0.0160 0.0568 0.0818 0.4207 0.1302 0.0971 
 113 0.0096 0.0099 0.0352 0.0636 0.1444 0.1529 0.4188 0.1656 
 114 0.0066 0.0138 0.0806 0.0338 0.0849 0.4423 0.1958 0.1422 
 115 0.0451 0.0172 0.0173 0.0459 0.1075 0.3405 0.2659 0.1606 
 116 0.0145 0.0133 0.0137 0.1302 0.1161 0.3078 0.3071 0.0975 
 117 0.0225 0.0261 0.0268 0.0650 0.1303 0.4948 0.1171 0.1176 
 118 0.0069 0.0161 0.0167 0.0403 0.0991 0.1921 0.5085 0.1203 
 119 0.0360 0.0080 0.0274 0.0903 0.0671 0.1567 0.2590 0.3556 
 120 0.0180 0.0246 0.0259 0.0460 0.1020 0.3486 0.2729 0.1619 
 121 0.0985 0.0446 0.0299 0.0571 0.1044 0.3134 0.2444 0.1077 
 122 0.0076 0.0134 0.0307 0.0635 0.1297 0.4505 0.2007 0.1040 
 123 0.0102 0.0108 0.0297 0.0700 0.0939 0.4423 0.1986 0.1445 
 124 0.0306 0.0248 0.0178 0.0998 0.1678 0.2607 0.2833 0.1154 
 125 0.0506 0.0303 0.0212 0.1397 0.2182 0.2710 0.1363 0.1326 
 126 0.0163 0.0072 0.0186 0.0969 0.0882 0.3494 0.2506 0.1728 
 127 0.0090 0.0123 0.0189 0.0320 0.0725 0.4997 0.2240 0.1316 
 128 0.0068 0.0126 0.0160 0.0291 0.1089 0.1630 0.5433 0.1204 
 129 0.0082 0.0117 0.0520 0.0358 0.0902 0.3057 0.4082 0.0882 
 130 0.0075 0.0227 0.0600 0.0374 0.0970 0.4044 0.1997 0.1713 
 131 0.0626 0.0289 0.0333 0.2446 0.1087 0.2508 0.1843 0.0867 
 132 0.0078 0.0094 0.0245 0.0596 0.1130 0.3977 0.3017 0.0863 
 133 0.0168 0.0134 0.0381 0.0466 0.0942 0.3500 0.2935 0.1474 
 134 0.0070 0.0117 0.0120 0.0451 0.1012 0.6330 0.1156 0.0745 
 135 0.0122 0.0170 0.0257 0.0465 0.0754 0.0769 0.2517 0.4946 
 136 0.0068 0.0094 0.0807 0.0371 0.1540 0.0690 0.1118 0.5311 
 137 0.0072 0.0206 0.0629 0.0358 0.0878 0.1117 0.0882 0.5857 
 138 0.0082 0.0062 0.0968 0.0426 0.0803 0.0705 0.1010 0.5944 
 139 0.0089 0.0087 0.0704 0.0401 0.1063 0.0791 0.4159 0.2705 
 140 0.0109 0.0094 0.0847 0.0567 0.1044 0.1272 0.2227 0.3840 
 141 0.0079 0.0100 0.2756 0.0525 0.1746 0.0766 0.1467 0.2561 
 142 0.0146 0.0177 0.0755 0.0429 0.0720 0.0753 0.3191 0.3828 
 143 0.0067 0.0060 0.0266 0.0289 0.0694 0.0639 0.0904 0.7081 
 144 0.0074 0.0202 0.0288 0.0316 0.0750 0.1081 0.0902 0.6388 
 145 0.0096 0.0115 0.0568 0.0540 0.2056 0.0770 0.1733 0.4121 
 146 0.0086 0.0078 0.0884 0.0543 0.1486 0.1370 0.1498 0.4054 
 147 0.0065 0.0064 0.0679 0.0318 0.0850 0.0667 0.0844 0.6513 
 148 0.0122 0.0156 0.2339 0.0357 0.1274 0.0965 0.2082 0.2704 
 149 0.0137 0.0089 0.2947 0.0516 0.0889 0.0711 0.1977 0.2733 
 150 0.0078 0.0233 0.0706 0.0343 0.1022 0.1552 0.1405 0.4660 
 151 0.0069 0.0066 0.0312 0.0309 0.0799 0.0869 0.1201 0.6375 
 152 0.0195 0.0130 0.1051 0.0709 0.1403 0.0844 0.2069 0.3598 
 153 0.0168 0.0072 0.1232 0.0528 0.0914 0.0920 0.1262 0.4905 
 154 0.0118 0.0086 0.3939 0.0353 0.1198 0.0663 0.1715 0.1928 
 155 0.0067 0.0060 0.1046 0.0298 0.0751 0.0868 0.1097 0.5814 
 156 0.0152 0.0104 0.0542 0.0307 0.0627 0.0859 0.1957 0.5451 
 157 0.0063 0.0063 0.1242 0.0491 0.0743 0.1697 0.0973 0.4727 
 158 0.0094 0.0118 0.0617 0.0586 0.2002 0.0772 0.1362 0.4450 
 159 0.0058 0.0078 0.2391 0.0317 0.0783 0.0664 0.0952 0.4757 
 160 0.0059 0.0076 0.2608 0.0319 0.0818 0.0663 0.1133 0.4324 
 161 0.0095 0.0082 0.0465 0.0525 0.1120 0.1015 0.1360 0.5339 
 162 0.0086 0.0078 0.0930 0.0491 0.1616 0.1308 0.1972 0.3519 
 163 0.0103 0.0060 0.0905 0.0303 0.0668 0.0796 0.1115 0.6049 
 164 0.0067 0.0066 0.3154 0.0377 0.1057 0.1171 0.1863 0.2245 
 165 0.0078 0.0229 0.0330 0.0340 0.0839 0.1470 0.1165 0.5549 
 166 0.0101 0.0061 0.3050 0.0924 0.0683 0.1310 0.1536 0.2334 
 167 0.0070 0.0065 0.4919 0.0349 0.1479 0.0842 0.0924 0.1353 
 168 0.0105 0.0066 0.0734 0.1023 0.0909 0.0806 0.1256 0.5102 
 169 0.0151 0.0143 0.0463 0.1951 0.1883 0.0732 0.1235 0.3443 
 170 0.0109 0.0075 0.0236 0.0321 0.0784 0.0878 0.1719 0.5878 
 171 0.0104 0.0067 0.1004 0.0764 0.1242 0.0898 0.1895 0.4027 
 172 0.0367 0.0125 0.1049 0.1629 0.0863 0.0682 0.1851 0.3433 
 173 0.0059 0.0071 0.1208 0.0304 0.0844 0.0681 0.1380 0.5453 
 174 0.0058 0.0062 0.1344 0.0331 0.0944 0.0911 0.1072 0.5276 
 175 0.0094 0.0074 0.0337 0.0326 0.1418 0.0667 0.0965 0.6120 
 176 0.0073 0.0198 0.0290 0.0320 0.0742 0.1072 0.0905 0.6399 
 177 0.0082 0.0075 0.1185 0.0827 0.0926 0.1820 0.1184 0.3900 
 178 0.0064 0.0065 0.1664 0.0347 0.1728 0.0934 0.1173 0.4026 
 179 0.0058 0.0057 0.2878 0.0299 0.0837 0.0673 0.1038 0.4160 
 180 0.0109 0.0097 0.1444 0.0527 0.1481 0.0983 0.1420 0.3937 
 181 0.0093 0.0097 0.0456 0.0460 0.1048 0.0757 0.1965 0.5125 
 182 0.0079 0.0080 0.0351 0.0302 0.0732 0.0660 0.1700 0.6097 
 183 0.0067 0.0063 0.0646 0.0307 0.0895 0.0677 0.1130 0.6216 
 184 0.0059 0.0076 0.0162 0.0372 0.2075 0.1108 0.4715 0.1434 
 185 0.0293 0.0087 0.0525 0.0283 0.0618 0.0573 0.1634 0.5987 
 186 0.0064 0.0063 0.0171 0.0308 0.1836 0.1872 0.4285 0.1401 
 187 0.0071 0.0059 0.0441 0.0335 0.1228 0.1025 0.3398 0.3443 
 188 0.0063 0.0071 0.0161 0.0266 0.1618 0.1423 0.5345 0.1053 
 189 0.0108 0.0059 0.0262 0.1064 0.1968 0.1010 0.1960 0.3568 
 190 0.0184 0.0102 0.0210 0.0266 0.0553 0.0614 0.4519 0.3550 
 191 0.0059 0.0095 0.0240 0.0293 0.1211 0.0981 0.5164 0.1959 
 192 0.0062 0.0063 0.0234 0.0328 0.1383 0.1459 0.2902 0.3569 
 193 0.0074 0.0097 0.0226 0.0390 0.1534 0.1088 0.3422 0.3170 
 194 0.0116 0.0065 0.0250 0.0358 0.1111 0.1245 0.3307 0.3548 
 195 0.0101 0.0067 0.0274 0.0269 0.0719 0.0637 0.3520 0.4412 
 196 0.0098 0.0087 0.0221 0.0315 0.0691 0.0835 0.4825 0.2927 
 197 0.0086 0.0070 0.0305 0.0339 0.2412 0.1442 0.2947 0.2399 
 198 0.0097 0.0068 0.0259 0.0544 0.1815 0.1558 0.3025 0.2634 
 199 0.0113 0.0090 0.0179 0.0419 0.0785 0.0881 0.4567 0.2966 
 200 0.0108 0.0129 0.0215 0.0514 0.1098 0.0932 0.4320 0.2686 
 201 0.0075 0.0058 0.0584 0.0261 0.0893 0.0737 0.2646 0.4746 
 202 0.0117 0.0075 0.0199 0.0270 0.0679 0.0845 0.2264 0.5551 
 203 0.0068 0.0087 0.0400 0.0263 0.0762 0.0711 0.3093 0.4616 
 204 0.0087 0.0079 0.0224 0.0264 0.0687 0.0704 0.5190 0.2765 
 205 0.0085 0.0071 0.0220 0.0417 0.0928 0.0913 0.5129 0.2238 
 206 0.0072 0.0068 0.0269 0.0252 0.0912 0.0689 0.5049 0.2688 
 207 0.0076 0.0090 0.0156 0.0256 0.0765 0.0894 0.6004 0.1758 
 208 0.0069 0.0068 0.0478 0.0267 0.0782 0.0779 0.4307 0.3249 
 209 0.0075 0.0093 0.0214 0.0301 0.1243 0.1031 0.4500 0.2543 
 210 0.0069 0.0069 0.0248 0.0263 0.0822 0.0863 0.4848 0.2818 
 211 0.0111 0.0171 0.0163 0.0260 0.0749 0.1017 0.4449 0.3079 
 212 0.0117 0.0071 0.0235 0.0329 0.1105 0.0729 0.1953 0.5461 
 213 0.0155 0.0091 0.0182 0.0500 0.0820 0.1493 0.4242 0.2518 
 214 0.0074 0.0077 0.0209 0.0263 0.0841 0.0735 0.2401 0.5400 
 215 0.0066 0.0084 0.0220 0.0370 0.0838 0.0942 0.5796 0.1683 
 216 0.0063 0.0076 0.0181 0.0378 0.2407 0.1155 0.3851 0.1890 
 217 0.0079 0.0066 0.0233 0.0341 0.0929 0.0712 0.2875 0.4765 
 218 0.0061 0.0072 0.0232 0.0387 0.1001 0.1128 0.4591 0.2528 
 219 0.0068 0.0061 0.0271 0.0512 0.2308 0.0994 0.2357 0.3430 
 220 0.0063 0.0077 0.0226 0.0260 0.0792 0.0831 0.5779 0.1972 
 221 0.0152 0.0083 0.0180 0.0271 0.0639 0.0611 0.1631 0.6434 
 222 0.0072 0.0061 0.0214 0.0371 0.2929 0.1132 0.2774 0.2448 
 223 0.0074 0.0058 0.0443 0.0421 0.1398 0.0999 0.2529 0.4079 
 224 0.0072 0.0071 0.0290 0.0260 0.0913 0.0722 0.3528 0.4144 
 225 0.0093 0.0069 0.0224 0.0331 0.0904 0.0852 0.4694 0.2833 
 226 0.0072 0.0088 0.0271 0.1414 0.1409 0.0989 0.3130 0.2626 
 227 0.0143 0.0076 0.0300 0.0282 0.0733 0.0891 0.4046 0.3530 
 228 0.0243 0.0094 0.0279 0.0268 0.0662 0.0589 0.3857 0.4009 
 229 0.0061 0.0071 0.0249 0.0260 0.1020 0.0899 0.3144 0.4296 
 230 0.0060 0.0083 0.0222 0.0257 0.0876 0.0842 0.3982 0.3679 
 231 0.0064 0.0082 0.0297 0.0295 0.1428 0.0832 0.3245 0.3757 
 232 0.0117 0.0083 0.0188 0.0601 0.1047 0.1297 0.2782 0.3886 
 233 0.0063 0.0071 0.0502 0.0260 0.0861 0.0746 0.2167 0.5330 
 234 0.0063 0.0069 0.0252 0.0362 0.1859 0.1254 0.3122 0.3017 
 235 0.0076 0.0069 0.0248 0.0446 0.1158 0.0958 0.3178 0.3868 
 236 0.0063 0.0070 0.0238 0.0334 0.1183 0.0904 0.2734 0.4474 
 237 0.0085 0.0101 0.0173 0.0298 0.0891 0.0822 0.5742 0.1889 
 238 0.0076 0.0067 0.0212 0.0268 0.0936 0.0981 0.2293 0.5166 
 239 0.0104 0.0068 0.0277 0.0270 0.0722 0.0635 0.3521 0.4404 
 240 0.0074 0.0070 0.0216 0.0269 0.0933 0.0968 0.2318 0.5153 
 241 0.0080 0.0076 0.0243 0.0342 0.0825 0.0743 0.2242 0.5449 
 242 0.0099 0.0072 0.0270 0.0550 0.1473 0.0973 0.3556 0.3007 
 243 0.0105 0.0096 0.0211 0.0255 0.0638 0.0675 0.4955 0.3064 
 244 0.0063 0.0089 0.0238 0.0259 0.0828 0.0719 0.3409 0.4396 
 245 0.0102 0.0059 0.0463 0.0280 0.0722 0.0804 0.1715 0.5855 
 246 0.0075 0.0066 0.0247 0.0336 0.0917 0.0715 0.2879 0.4765 
 247 0.0078 0.0070 0.0160 0.0611 0.1009 0.2378 0.4422 0.1271 
 248 0.0066 0.0075 0.0154 0.0305 0.0929 0.1015 0.6158 0.1298 
 249 0.0069 0.0083 0.0203 0.0261 0.0903 0.0884 0.3042 0.4555 
 250 0.0059 0.0075 0.0217 0.0324 0.1272 0.1062 0.3225 0.3766 
 251 0.0077 0.0110 0.0240 0.0841 0.1635 0.1226 0.3735 0.2135 
 252 0.0098 0.0057 0.0251 0.0350 0.1076 0.0918 0.3554 0.3695 
 253 0.0096 0.0070 0.0185 0.0583 0.1114 0.1410 0.4562 0.1980 
 254 0.0072 0.0063 0.0215 0.0313 0.2336 0.1023 0.3376 0.2602 
 255 0.0072 0.0076 0.0242 0.0314 0.1603 0.1133 0.3398 0.3161 
 256 0.0080 0.0079 0.0215 0.0317 0.0939 0.0817 0.3440 0.4112 
 257 0.0081 0.0106 0.0382 0.0351 0.1040 0.1051 0.4135 0.2855 
 258 0.0123 0.0085 0.0240 0.0391 0.1051 0.1181 0.4791 0.2138 
 259 0.0068 0.0073 0.0223 0.0312 0.1133 0.0970 0.4464 0.2756 
 260 0.0064 0.0061 0.0222 0.0323 0.2454 0.1062 0.1887 0.3927 
 261 0.0111 0.0058 0.0262 0.0356 0.0987 0.0772 0.2957 0.4497 
 262 0.0112 0.0074 0.0209 0.0342 0.0657 0.0610 0.3329 0.4666 
 263 0.0066 0.0082 0.0177 0.0260 0.1448 0.0875 0.5345 0.1747 
 264 0.0064 0.0074 0.0139 0.0402 0.3860 0.1121 0.3261 0.1079 
 265 0.0068 0.0060 0.0278 0.0438 0.1311 0.0957 0.3801 0.3087 
 266 0.0111 0.0072 0.0203 0.0270 0.0641 0.0612 0.1868 0.6223 
 267 0.0080 0.0094 0.0207 0.0296 0.1369 0.1067 0.3538 0.3349 
 268 0.0094 0.0089 0.0221 0.0312 0.0694 0.0840 0.4807 0.2943 
 269 0.0069 0.0063 0.0287 0.0658 0.2217 0.1046 0.2465 0.3196 
 270 0.0066 0.0076 0.0324 0.0346 0.2040 0.1249 0.4214 0.1685 
 271 0.0073 0.0089 0.0236 0.0410 0.0980 0.1056 0.5068 0.2089 
 272 0.0087 0.0114 0.0260 0.1323 0.1037 0.0974 0.4057 0.2147 
 273 0.0187 0.0204 0.0963 0.0589 0.1588 0.1409 0.2332 0.2727 
 274 0.0065 0.0072 0.0242 0.0547 0.1360 0.1085 0.4146 0.2484 
 275 0.0099 0.0118 0.0752 0.0580 0.1485 0.0904 0.3765 0.2297 
 276 0.0095 0.0123 0.0188 0.1023 0.0993 0.1069 0.4490 0.2019 
 277 0.0068 0.0060 0.0277 0.0404 0.1568 0.1024 0.2746 0.3854 
 278 0.0071 0.0087 0.0231 0.0373 0.0800 0.0842 0.5623 0.1974 
 279 0.0067 0.0070 0.0240 0.0402 0.1304 0.0979 0.3723 0.3213 
 280 0.0082 0.0069 0.0211 0.0617 0.1572 0.0892 0.3734 0.2824 
 281 0.0067 0.0072 0.0245 0.0427 0.1130 0.1344 0.4192 0.2523 
 282 0.0063 0.0060 0.0263 0.0336 0.1360 0.0946 0.1983 0.4989 
 283 0.0075 0.0066 0.0333 0.0272 0.0942 0.0934 0.2096 0.5283 
 284 0.0075 0.0092 0.0490 0.0357 0.1153 0.1206 0.3411 0.3216 
 285 0.0079 0.0094 0.0142 0.0420 0.0891 0.1016 0.6369 0.0990 
 286 0.0065 0.0089 0.0239 0.0260 0.0825 0.0725 0.3437 0.4361 
 287 0.0064 0.0059 0.0292 0.0602 0.1481 0.1401 0.3051 0.3050 
 288 0.0070 0.0086 0.0256 0.0970 0.1207 0.0989 0.4289 0.2134 
 289 0.0149 0.0118 0.0343 0.0598 0.1109 0.1311 0.4620 0.1752 
 290 0.0123 0.0171 0.0148 0.0422 0.1779 0.0850 0.4010 0.2496 
 291 0.0076 0.0085 0.0234 0.0414 0.0988 0.1056 0.5053 0.2094 
 292 0.0136 0.0063 0.0215 0.0715 0.1202 0.0801 0.3515 0.3353 
 293 0.0136 0.0147 0.0146 0.0476 0.2282 0.0992 0.4154 0.1668 
 294 0.0084 0.0083 0.0169 0.0313 0.1369 0.0902 0.5523 0.1558 
 295 0.0120 0.0171 0.0593 0.0901 0.1150 0.1147 0.4177 0.1740 
 296 0.0067 0.0090 0.0229 0.0372 0.0774 0.1070 0.5317 0.2080 
 297 0.0073 0.0067 0.0199 0.0589 0.1786 0.1038 0.4068 0.2179 
 298 0.0060 0.0059 0.0243 0.0330 0.1502 0.1150 0.2394 0.4262 
 299 0.0066 0.0072 0.0202 0.0257 0.2015 0.0995 0.4431 0.1962 
 300 0.0071 0.0085 0.0159 0.0350 0.0898 0.0818 0.6177 0.1442 
 301 0.0061 0.0077 0.0320 0.0424 0.2407 0.0986 0.4075 0.1650 
 302 0.0101 0.0108 0.0308 0.0339 0.1243 0.0823 0.5655 0.1422 
 303 0.0080 0.0083 0.0219 0.0364 0.1092 0.0805 0.3111 0.4246 
 304 0.0067 0.0071 0.0717 0.0299 0.2457 0.1409 0.1465 0.3515 
 305 0.0090 0.0084 0.0475 0.0357 0.0769 0.0646 0.4468 0.3112 
 306 0.0071 0.0066 0.0241 0.0433 0.1112 0.0821 0.2468 0.4789 
 307 0.0069 0.0073 0.0248 0.0403 0.1367 0.0990 0.3307 0.3543 
 308 0.0111 0.0058 0.0257 0.0357 0.0981 0.0784 0.2966 0.4486 
 309 0.0230 0.0325 0.0574 0.0357 0.0870 0.1163 0.4759 0.1721 
 310 0.0083 0.0081 0.0218 0.0259 0.0772 0.0704 0.3947 0.3936 
 311 0.0062 0.0086 0.0223 0.0262 0.0882 0.0837 0.3965 0.3684 
 312 0.0071 0.0081 0.0237 0.0257 0.0699 0.0936 0.5797 0.1922 
 313 0.0109 0.0078 0.0176 0.0315 0.0698 0.0762 0.6582 0.1281 
 314 0.0145 0.0092 0.1990 0.0356 0.0708 0.0629 0.1136 0.4945 
 315 0.0136 0.0060 0.2896 0.0586 0.0774 0.0702 0.1103 0.3744 
 316 0.0083 0.0063 0.4802 0.0581 0.0833 0.0738 0.0842 0.2058 
 317 0.0076 0.0087 0.2375 0.0351 0.0753 0.0660 0.0912 0.4785 
 318 0.0056 0.0060 0.4844 0.0320 0.0803 0.0657 0.0754 0.2506 
 319 0.0065 0.0061 0.0332 0.0294 0.0722 0.0642 0.0931 0.6954 
 320 0.0142 0.0093 0.1987 0.0356 0.0703 0.0631 0.1129 0.4959 
 321 0.0073 0.0080 0.3667 0.0337 0.0816 0.0663 0.0851 0.3513 
 322 0.0162 0.0091 0.1999 0.0709 0.0821 0.0771 0.1143 0.4305 
 323 0.0060 0.0057 0.2948 0.0317 0.0896 0.0663 0.0836 0.4223 
 324 0.0073 0.0079 0.3686 0.0341 0.0814 0.0669 0.0851 0.3487 
 325 0.0072 0.0059 0.5167 0.0532 0.0797 0.0714 0.0815 0.1844 
 326 0.0084 0.0067 0.5433 0.0544 0.0770 0.0717 0.0806 0.1579 
 327 0.0077 0.0089 0.2368 0.0350 0.0762 0.0660 0.0910 0.4783 
 328 0.0097 0.0068 0.2339 0.0615 0.0835 0.0752 0.1114 0.4180 
 329 0.0057 0.0056 0.1209 0.0313 0.0810 0.0657 0.0772 0.6125 
 330 0.0078 0.0092 0.2370 0.0354 0.0758 0.0655 0.0902 0.4792 
 331 0.0056 0.0057 0.2908 0.0312 0.0797 0.0662 0.0848 0.4361 
 332 0.0070 0.0063 0.5438 0.0533 0.0830 0.0723 0.0797 0.1545 
 333 0.0084 0.0063 0.4462 0.0554 0.0783 0.0733 0.0962 0.2359 
 334 0.0097 0.0067 0.2360 0.0617 0.0835 0.0754 0.1125 0.4146 
 335 0.0114 0.0067 0.1126 0.0621 0.0775 0.0755 0.1047 0.5495 
 336 0.0110 0.0062 0.4745 0.0334 0.0786 0.0645 0.0985 0.2332 
 337 0.0104 0.0080 0.4036 0.0598 0.0809 0.0737 0.0971 0.2666 
 338 0.0056 0.0059 0.5277 0.0317 0.0816 0.0659 0.0751 0.2065 
 339 0.0056 0.0056 0.2939 0.0310 0.0799 0.0656 0.0844 0.4340 
 340 0.0059 0.0057 0.1554 0.0295 0.0721 0.0638 0.0874 0.5803 
 341 0.0073 0.0070 0.2863 0.0328 0.0810 0.0668 0.0861 0.4327 
 342 0.0079 0.0089 0.2367 0.0346 0.0762 0.0657 0.0902 0.4798 
 343 0.0250 0.0077 0.1818 0.0622 0.0865 0.0717 0.1212 0.4440 
 344 0.0057 0.0057 0.2850 0.0308 0.0812 0.0659 0.0755 0.4502 
 345 0.0077 0.0090 0.2373 0.0349 0.0762 0.0662 0.0901 0.4785 
 346 0.0061 0.0066 0.3311 0.0329 0.0763 0.0656 0.0850 0.3963 
 347 0.0059 0.0057 0.1574 0.0292 0.0720 0.0644 0.0793 0.5860 
 348 0.0218 0.0068 0.0917 0.0594 0.0711 0.0710 0.1310 0.5471 
 349 0.0076 0.0087 0.2369 0.0356 0.0755 0.0660 0.0914 0.4783 
 350 0.0083 0.0057 0.1074 0.0313 0.0759 0.0626 0.1058 0.6029 
 351 0.0113 0.0068 0.1134 0.0626 0.0769 0.0751 0.1046 0.5492 
 352 0.0120 0.0089 0.2694 0.0667 0.0766 0.0749 0.1080 0.3836 
 353 0.0109 0.0063 0.4755 0.0335 0.0797 0.0639 0.0974 0.2328 
 354 0.0064 0.0067 0.2974 0.0320 0.0837 0.0674 0.0778 0.4285 
 355 0.0055 0.0060 0.4835 0.0317 0.0820 0.0659 0.0751 0.2503 
 356 0.0197 0.0064 0.0260 0.0612 0.0704 0.0711 0.1275 0.6177 
 357 0.0084 0.0064 0.0807 0.1161 0.1831 0.1049 0.1121 0.3884 
 358 0.0071 0.0058 0.4414 0.0520 0.0819 0.0737 0.0836 0.2545 
 359 0.0055 0.0056 0.4149 0.0310 0.0802 0.0659 0.0862 0.3106 
 360 0.0062 0.0070 0.3345 0.0326 0.0764 0.0655 0.0835 0.3943 
 361 0.0108 0.0075 0.0329 0.1181 0.1852 0.1055 0.1255 0.4144 
 362 0.0084 0.0092 0.0445 0.1685 0.1383 0.2143 0.2760 0.1408 
 363 0.0130 0.0109 0.0205 0.0990 0.2012 0.3264 0.2146 0.1144 
 364 0.0100 0.0137 0.0347 0.0471 0.3193 0.1277 0.1609 0.2866 
 365 0.0131 0.0205 0.0212 0.1055 0.3806 0.1660 0.1647 0.1284 
 366 0.0298 0.0134 0.0222 0.0908 0.2325 0.0980 0.3016 0.2116 
 367 0.0069 0.0075 0.0144 0.0997 0.1163 0.5628 0.1042 0.0882 
 368 0.0059 0.0075 0.0222 0.0485 0.1869 0.2956 0.2833 0.1501 
 369 0.0462 0.0250 0.0583 0.0461 0.2177 0.1169 0.2086 0.2811 
 370 0.0128 0.0169 0.0610 0.0478 0.1652 0.2836 0.2664 0.1462 
 371 0.0145 0.0152 0.0521 0.0398 0.3210 0.1298 0.2521 0.1756 
 372 0.0200 0.0408 0.0504 0.0527 0.1282 0.2044 0.3208 0.1827 
 373 0.0081 0.0102 0.0189 0.0435 0.1690 0.3698 0.1538 0.2267 
 374 0.0121 0.0219 0.0332 0.0844 0.2115 0.1694 0.1558 0.3117 
 375 0.0097 0.0126 0.0218 0.0463 0.3756 0.2798 0.1492 0.1049 
 376 0.0100 0.0114 0.0187 0.1229 0.4417 0.1995 0.0935 0.1024 
 377 0.0089 0.0113 0.0570 0.1204 0.1849 0.1587 0.3321 0.1267 
 378 0.0076 0.0108 0.0777 0.0472 0.0858 0.4019 0.1453 0.2237 
 379 0.0210 0.0224 0.0207 0.1085 0.4147 0.2075 0.1122 0.0930 
 380 0.0257 0.0135 0.0273 0.2329 0.2022 0.0913 0.1509 0.2562 
 381 0.0334 0.0112 0.0175 0.0708 0.3989 0.0797 0.1506 0.2379 
 382 0.0062 0.0069 0.0320 0.0664 0.3514 0.2993 0.1267 0.1111 
 383 0.0136 0.0106 0.2079 0.2024 0.2215 0.0861 0.1345 0.1234 
 384 0.0225 0.0215 0.0865 0.0563 0.3892 0.1618 0.1121 0.1501 
 385 0.0065 0.1626 0.1802 0.0378 0.2132 0.1372 0.1227 0.1398 
 386 0.0075 0.0076 0.0171 0.1163 0.2070 0.3737 0.1546 0.1162 
 387 0.0090 0.0080 0.0191 0.0981 0.2667 0.3141 0.1508 0.1340 
 388 0.0093 0.0273 0.0521 0.0548 0.2737 0.1826 0.1349 0.2653 
 389 0.0158 0.0407 0.0347 0.0386 0.1249 0.1154 0.5172 0.1127 
 390 0.0839 0.0205 0.0255 0.1532 0.1194 0.3215 0.1646 0.1115 
 391 0.0201 0.0559 0.0258 0.0674 0.1398 0.2354 0.2733 0.1824 
 392 0.0082 0.0068 0.0207 0.0823 0.2865 0.2207 0.1681 0.2066 
 393 0.1073 0.0105 0.0250 0.2807 0.1835 0.1035 0.0989 0.1907 
 394 0.0073 0.0063 0.0946 0.1173 0.1182 0.2608 0.1439 0.2516 
 395 0.0132 0.0074 0.0146 0.2032 0.0923 0.1691 0.3658 0.1343 
 396 0.0058 0.0066 0.0138 0.0432 0.3128 0.3467 0.1782 0.0930 
 397 0.0074 0.0064 0.0224 0.0313 0.3533 0.0914 0.2434 0.2444 
 398 0.0095 0.0077 0.0164 0.2922 0.1704 0.2916 0.1137 0.0985 
 399 0.0111 0.0132 0.0276 0.0969 0.0908 0.4481 0.1936 0.1187 
 400 0.0089 0.0095 0.0167 0.0536 0.2574 0.3641 0.1143 0.1754 
 401 0.0128 0.0100 0.0169 0.0663 0.0834 0.4301 0.1954 0.1852 
 402 0.0259 0.0088 0.0217 0.0469 0.2258 0.2590 0.2448 0.1670 
 403 0.0087 0.0201 0.0340 0.0625 0.1527 0.1567 0.1508 0.4145 
 404 0.0076 0.0145 0.0159 0.0442 0.3385 0.1523 0.2153 0.2116 
 405 0.0086 0.0069 0.0210 0.1425 0.2183 0.1567 0.2619 0.1841 
 406 0.0152 0.0074 0.0155 0.3403 0.0863 0.0847 0.1926 0.2579 
 407 0.0091 0.0073 0.0142 0.2663 0.2741 0.1892 0.1412 0.0986 
 408 0.0121 0.0066 0.0132 0.0447 0.0722 0.3812 0.3778 0.0922 
 409 0.0726 0.0201 0.0220 0.1648 0.0999 0.1104 0.1269 0.3834 
 410 0.0183 0.0129 0.0266 0.0870 0.2617 0.2747 0.1491 0.1696 
 411 0.0286 0.0079 0.0815 0.0532 0.3787 0.1595 0.1451 0.1455 
 412 0.0059 0.0079 0.0211 0.0518 0.2180 0.3393 0.2174 0.1385 
 413 0.0064 0.0066 0.0717 0.0644 0.1306 0.3298 0.1795 0.2110 
 414 0.0064 0.0120 0.0284 0.0446 0.2261 0.3488 0.2494 0.0843 
 415 0.0136 0.0095 0.0153 0.1456 0.2630 0.1974 0.2146 0.1410 
 416 0.0257 0.0236 0.0161 0.0609 0.1935 0.2896 0.1790 0.2116 
 417 0.0103 0.0073 0.0199 0.2933 0.1776 0.2455 0.1364 0.1098 
 418 0.0058 0.0065 0.0164 0.0448 0.2065 0.4799 0.1342 0.1059 
 419 0.0194 0.0265 0.0261 0.0721 0.1772 0.2123 0.1718 0.2946 
 420 0.0247 0.0096 0.0132 0.0711 0.0812 0.4008 0.2635 0.1359 
 421 0.0102 0.0083 0.0215 0.1367 0.1508 0.3424 0.2082 0.1219 
 422 0.0101 0.0082 0.0172 0.2180 0.1164 0.1222 0.3687 0.1393 
 423 0.0091 0.0074 0.0185 0.1504 0.2454 0.1893 0.2254 0.1544 
 424 0.0403 0.0200 0.0225 0.1557 0.1063 0.3250 0.1570 0.1732 
 425 0.0114 0.0347 0.0240 0.0515 0.3591 0.1638 0.1662 0.1893 
 426 0.0118 0.0268 0.0859 0.1147 0.1714 0.2935 0.1380 0.1579 
 427 0.0098 0.0074 0.0759 0.3102 0.1088 0.2466 0.0939 0.1476 
 428 0.0122 0.0082 0.0226 0.2996 0.1002 0.1018 0.1675 0.2879 
 429 0.0068 0.0068 0.0144 0.1161 0.2665 0.3933 0.1069 0.0893 
 430 0.0161 0.0080 0.0188 0.3695 0.1661 0.1690 0.1424 0.1101 
 431 0.0067 0.0151 0.0492 0.0858 0.1627 0.3007 0.2147 0.1651 
 432 0.0060 0.0074 0.0230 0.0538 0.1697 0.3265 0.2516 0.1621 
 433 0.0084 0.0071 0.0292 0.0380 0.1457 0.1438 0.2426 0.3854 
 434 0.0102 0.0103 0.0230 0.0551 0.3070 0.1396 0.2321 0.2227 
 435 0.0070 0.0060 0.0150 0.4865 0.1017 0.1750 0.1167 0.0920 
 436 0.0146 0.0100 0.0162 0.3893 0.1321 0.2076 0.0828 0.1474 
 437 0.0067 0.0060 0.0176 0.1003 0.4930 0.1376 0.1355 0.1034 
 438 0.0205 0.0093 0.0200 0.4275 0.0695 0.1462 0.1426 0.1644 
 439 0.0138 0.0072 0.0190 0.4809 0.1218 0.1539 0.0815 0.1219 
 440 0.0081 0.0071 0.0131 0.3871 0.1426 0.2515 0.1101 0.0804 
 441 0.0139 0.0089 0.0320 0.2777 0.1944 0.1706 0.1138 0.1886 
 442 0.0111 0.0225 0.0135 0.0777 0.2846 0.2818 0.1904 0.1183 
 443 0.0268 0.0107 0.0145 0.1499 0.0929 0.3976 0.2084 0.0992 
 444 0.0137 0.0204 0.0143 0.1640 0.2644 0.2235 0.1867 0.1130 
 445 0.1017 0.0104 0.0203 0.2014 0.1944 0.1099 0.1251 0.2368 
 446 0.0115 0.0090 0.0196 0.3216 0.1535 0.3055 0.0760 0.1033 
 447 0.0150 0.0282 0.0179 0.3033 0.1391 0.1632 0.1468 0.1864 
 448 0.0085 0.0070 0.0180 0.1920 0.2552 0.2302 0.1739 0.1151 
 449 0.0082 0.0075 0.0203 0.1884 0.2542 0.1846 0.1668 0.1699 
 450 0.0109 0.0089 0.0232 0.0692 0.4517 0.1962 0.0830 0.1569 
 451 0.0078 0.0069 0.0146 0.0945 0.1292 0.4521 0.2139 0.0809 
 452 0.0073 0.0073 0.0197 0.1121 0.3099 0.2813 0.0973 0.1651 
 453 0.0550 0.0131 0.0202 0.0926 0.0994 0.2061 0.3368 0.1768 
 454 0.0085 0.0071 0.0479 0.2268 0.2193 0.1996 0.1339 0.1569 
 455 0.0171 0.0069 0.0159 0.5218 0.0920 0.1499 0.0993 0.0971 
 456 0.0213 0.0104 0.0149 0.2685 0.1779 0.1858 0.2206 0.1007 
 457 0.0073 0.0062 0.0176 0.2261 0.3742 0.1295 0.1239 0.1151 
 458 0.0268 0.0105 0.0204 0.2720 0.2429 0.2042 0.0964 0.1267 
 459 0.0177 0.0089 0.0212 0.3012 0.1063 0.2682 0.0811 0.1953 
 460 0.0135 0.0080 0.0179 0.2716 0.1077 0.3930 0.0898 0.0984 
 461 0.0091 0.0078 0.0179 0.0758 0.1457 0.5673 0.0752 0.1014 
 462 0.0848 0.0552 0.0161 0.1511 0.2240 0.1765 0.2163 0.0760 
 463 0.0427 0.0079 0.0208 0.3654 0.0839 0.1004 0.2342 0.1447 
 464 0.0165 0.0065 0.0145 0.2614 0.0912 0.3648 0.1437 0.1015 
 465 0.0160 0.0090 0.0197 0.1603 0.1339 0.3648 0.1686 0.1276 
 466 0.0200 0.0068 0.0148 0.2454 0.0960 0.2595 0.2492 0.1083 
 467 0.0734 0.0110 0.0256 0.2190 0.1532 0.1935 0.1781 0.1462 
 468 0.0140 0.0064 0.0137 0.4518 0.1821 0.0981 0.1381 0.0958 
 469 0.0109 0.0068 0.0170 0.5994 0.0946 0.1039 0.0732 0.0941 
 470 0.0069 0.0058 0.0151 0.5023 0.0840 0.2020 0.0915 0.0924 
 471 0.0285 0.0123 0.0146 0.0728 0.1896 0.2727 0.2871 0.1224 
 472 0.0361 0.0103 0.0174 0.1145 0.2665 0.2117 0.2125 0.1309 
 473 0.0084 0.0067 0.0244 0.1954 0.2344 0.1538 0.2138 0.1632 
 474 0.0169 0.0075 0.0173 0.1200 0.2603 0.2610 0.1389 0.1781 
 475 0.0097 0.0078 0.0191 0.1229 0.1265 0.3560 0.1550 0.2031 
 476 0.0287 0.0081 0.0182 0.1737 0.3402 0.1993 0.1083 0.1234 
 477 0.0180 0.0147 0.0222 0.1639 0.1251 0.3608 0.1373 0.1580 
 478 0.0097 0.0134 0.0187 0.1018 0.0917 0.5772 0.0964 0.0909 
 479 0.0075 0.0068 0.0156 0.3231 0.1810 0.2763 0.0963 0.0934 
 480 0.0073 0.0064 0.0168 0.2636 0.3288 0.1748 0.0925 0.1098 
 481 0.0072 0.0103 0.0142 0.0696 0.2845 0.1949 0.3053 0.1141 
 482 0.0070 0.0066 0.0150 0.1766 0.2727 0.3358 0.0892 0.0971 
 483 0.0084 0.0071 0.0199 0.4603 0.1143 0.1853 0.0829 0.1217 
 484 0.0248 0.0120 0.0190 0.4374 0.0878 0.1117 0.1959 0.1114 
 485 0.0083 0.0064 0.0173 0.5602 0.0798 0.1554 0.0799 0.0925 
 486 0.0137 0.0191 0.0217 0.0480 0.1833 0.1798 0.3927 0.1417 
 487 0.0096 0.0168 0.0339 0.0490 0.2726 0.1453 0.2318 0.2410 
 488 0.0082 0.0350 0.0326 0.0451 0.1623 0.2419 0.2805 0.1944 
 489 0.0227 0.0123 0.0240 0.0316 0.3098 0.0887 0.2419 0.2692 
 490 0.0148 0.0114 0.0162 0.0585 0.1852 0.3225 0.2901 0.1014 
 491 0.0083 0.0253 0.0238 0.0343 0.1628 0.1041 0.3817 0.2598 
 492 0.0167 0.0216 0.0309 0.0396 0.0990 0.2467 0.1913 0.3541 
 493 0.0096 0.0234 0.0305 0.0348 0.2376 0.1266 0.3892 0.1484 
 494 0.0084 0.0236 0.0186 0.0475 0.2374 0.1306 0.2830 0.2510 
 495 0.0225 0.0849 0.0304 0.0397 0.1488 0.2580 0.1513 0.2645 
 496 0.0121 0.0065 0.0275 0.0453 0.1231 0.1193 0.2308 0.4354 
 497 0.0095 0.0493 0.0448 0.0352 0.2442 0.0962 0.2941 0.2267 
 498 0.0264 0.0500 0.0196 0.0422 0.2141 0.1994 0.2644 0.1839 
 499 0.0100 0.0109 0.0355 0.0405 0.2278 0.0937 0.2298 0.3519 
 500 0.0072 0.0082 0.0198 0.0512 0.3684 0.1020 0.2841 0.1591 
 501 0.0065 0.0089 0.0196 0.0452 0.2664 0.1690 0.1568 0.3274 
 502 0.0067 0.0164 0.0226 0.0410 0.1681 0.2503 0.1444 0.3506 
 503 0.0072 0.0070 0.0163 0.0635 0.4004 0.1566 0.2192 0.1299 
 504 0.0110 0.0492 0.0176 0.0450 0.1271 0.3354 0.2658 0.1490 
 505 0.0082 0.0123 0.0165 0.0423 0.1174 0.1215 0.4354 0.2465 
 506 0.0076 0.0213 0.0211 0.0344 0.1303 0.2491 0.2069 0.3293 
 507 0.0130 0.0064 0.0293 0.0322 0.0824 0.0683 0.1834 0.5849 
 508 0.0166 0.0122 0.0402 0.0297 0.0891 0.0827 0.1947 0.5348 
 509 0.0090 0.0088 0.0214 0.0428 0.1111 0.1140 0.3578 0.3350 
 510 0.0078 0.0082 0.0207 0.0316 0.2993 0.1184 0.1496 0.3644 
 511 0.0108 0.0172 0.0156 0.0957 0.2211 0.2622 0.2116 0.1658 
 512 0.0061 0.0101 0.0138 0.0512 0.3635 0.2961 0.1510 0.1082 
 513 0.0227 0.2733 0.0189 0.0247 0.0686 0.1259 0.3132 0.1528 
 514 0.0077 0.0080 0.0322 0.0493 0.1024 0.4168 0.2033 0.1802 
 515 0.0144 0.0115 0.0279 0.1700 0.1855 0.1141 0.2143 0.2623 
 516 0.0093 0.0106 0.0192 0.0466 0.1049 0.2413 0.3861 0.1819 
 517 0.0161 0.0084 0.0251 0.1666 0.0934 0.1802 0.2353 0.2749 
 518 0.0067 0.0069 0.0343 0.0316 0.3640 0.0998 0.1688 0.2879 
 519 0.0085 0.0118 0.0185 0.0609 0.1001 0.4174 0.1762 0.2066 
 520 0.0192 0.0073 0.0253 0.2531 0.0830 0.0803 0.1648 0.3670 
 521 0.0080 0.0072 0.2162 0.0405 0.0859 0.1852 0.2333 0.2236 
 522 0.0623 0.0095 0.0220 0.0819 0.3093 0.1349 0.2419 0.1383 
 523 0.0561 0.0082 0.0584 0.1101 0.0751 0.1529 0.2463 0.2929 
 524 0.0111 0.0063 0.0258 0.3304 0.1009 0.1300 0.1963 0.1992 
 525 0.0114 0.0075 0.0333 0.1052 0.2414 0.0920 0.1841 0.3251 
 526 0.0178 0.0071 0.0173 0.3808 0.0712 0.0764 0.2360 0.1933 
 527 0.0067 0.0099 0.0196 0.0352 0.3993 0.2166 0.1689 0.1439 
 528 0.0078 0.0063 0.1428 0.0295 0.0955 0.0988 0.2451 0.3742 
 529 0.0073 0.0142 0.0347 0.0334 0.2196 0.1364 0.3047 0.2496 
 530 0.0164 0.0108 0.0200 0.0939 0.2890 0.1411 0.2266 0.2021 
 531 0.0114 0.0081 0.1074 0.1053 0.1409 0.1367 0.1576 0.3325 
 532 0.0133 0.0097 0.1256 0.0316 0.2078 0.1331 0.2470 0.2320 
 533 0.0113 0.0079 0.0242 0.0828 0.2734 0.1109 0.3125 0.1769 
 534 0.0175 0.0177 0.0251 0.0332 0.1166 0.1198 0.4275 0.2426 
 535 0.0200 0.0090 0.0184 0.1495 0.0895 0.2224 0.2945 0.1966 
 536 0.0257 0.0117 0.0202 0.1519 0.1313 0.1508 0.1937 0.3146 
 537 0.0325 0.0155 0.0508 0.0468 0.1190 0.1256 0.1910 0.4188 
 538 0.0145 0.0078 0.0204 0.0712 0.1113 0.1078 0.3336 0.3335 
 539 0.0088 0.0071 0.0191 0.0267 0.0934 0.0766 0.1584 0.6098 
 540 0.0120 0.0070 0.1853 0.0721 0.1131 0.0882 0.3670 0.1554 
 541 0.0420 0.0111 0.1878 0.0589 0.1356 0.1036 0.1519 0.3090 
 542 0.0489 0.0172 0.0165 0.1681 0.1111 0.0962 0.3807 0.1614 
 543 0.0558 0.0141 0.2060 0.0852 0.0745 0.1528 0.2382 0.1733 
 544 0.0346 0.0094 0.0317 0.0868 0.1051 0.1138 0.4156 0.2030 
 545 0.0373 0.0150 0.0173 0.2736 0.0804 0.1283 0.3262 0.1220 
 546 0.0253 0.0183 0.0419 0.0560 0.1234 0.1020 0.4112 0.2219 
 547 0.0846 0.0141 0.0256 0.1225 0.0745 0.1251 0.2473 0.3062 
 548 0.0060 0.0075 0.0224 0.0324 0.1268 0.1071 0.3210 0.3768 
 549 0.0363 0.0119 0.0225 0.1700 0.0900 0.0986 0.0973 0.4734 
 550 0.0516 0.0134 0.0143 0.2299 0.0901 0.1962 0.1935 0.2109 
 551 0.0128 0.0092 0.0306 0.0666 0.1063 0.1257 0.1108 0.5381 
 552 0.0104 0.0077 0.0194 0.0398 0.1234 0.0833 0.3901 0.3259 
 553 0.1311 0.0193 0.0869 0.0663 0.0668 0.1161 0.2761 0.2374 
 554 0.0146 0.0091 0.2252 0.0596 0.1977 0.1278 0.2440 0.1220 
 555 0.0214 0.0252 0.0501 0.0462 0.1064 0.1044 0.2221 0.4242 
 556 0.0122 0.0092 0.0348 0.0431 0.1197 0.1142 0.3798 0.2871 
 557 0.0212 0.0102 0.0359 0.3164 0.0898 0.1698 0.1438 0.2128 
 558 0.0065 0.0069 0.0155 0.2028 0.2608 0.3282 0.0781 0.1011 
 559 0.0123 0.0077 0.0239 0.0383 0.1489 0.2360 0.3950 0.1380 
 560 0.0103 0.0123 0.0126 0.1804 0.0875 0.4897 0.1282 0.0790 
 561 0.0086 0.0114 0.0163 0.0943 0.1911 0.3140 0.2579 0.1063 
 562 0.0124 0.0106 0.0140 0.0894 0.1699 0.3083 0.3182 0.0771 
 563 0.0121 0.0218 0.0186 0.0825 0.0994 0.3678 0.1075 0.2904 
 564 0.0114 0.0089 0.0512 0.0588 0.1534 0.1228 0.4696 0.1239 
 565 0.0081 0.0067 0.0167 0.3147 0.2777 0.1477 0.1121 0.1164 
 566 0.0069 0.0067 0.0136 0.1092 0.1222 0.5434 0.1184 0.0796 
 567 0.0077 0.0084 0.0158 0.0475 0.1374 0.1429 0.5381 0.1023 
 568 0.0088 0.0068 0.0208 0.1136 0.1147 0.2949 0.2884 0.1521 
 569 0.0419 0.0074 0.0504 0.1235 0.2445 0.2199 0.1884 0.1239 
 570 0.0070 0.0062 0.0156 0.1318 0.4152 0.2336 0.1067 0.0840 
 571 0.0073 0.0067 0.0226 0.1009 0.0896 0.4834 0.1692 0.1203 
 572 0.0907 0.0143 0.0220 0.0921 0.1307 0.0995 0.2555 0.2951 
 573 0.0122 0.0080 0.0356 0.2219 0.1063 0.1212 0.3582 0.1365 
 574 0.0118 0.0087 0.0486 0.0900 0.3647 0.1177 0.1491 0.2096 
 575 0.0081 0.0073 0.0183 0.0732 0.1136 0.3742 0.1676 0.2377 
 576 0.0068 0.0121 0.0157 0.0984 0.1561 0.5081 0.1227 0.0802 
 577 0.0084 0.0085 0.0216 0.0511 0.3785 0.1553 0.1398 0.2367 
 578 0.0093 0.0153 0.0225 0.1700 0.1382 0.3550 0.1665 0.1232 
 579 0.0092 0.0183 0.0306 0.0840 0.2361 0.2296 0.2888 0.1034 
 580 0.0070 0.0072 0.0221 0.1088 0.3666 0.1760 0.1428 0.1693 
 581 0.0073 0.0070 0.0212 0.1684 0.2270 0.3011 0.1266 0.1414 
 582 0.0183 0.0073 0.0145 0.2127 0.2190 0.2887 0.1438 0.0957 
 583 0.0088 0.0086 0.0340 0.0902 0.2141 0.3946 0.1339 0.1159 
 584 0.0059 0.0073 0.0157 0.0758 0.1970 0.4781 0.1253 0.0951 
 585 0.0086 0.0155 0.0181 0.1253 0.1830 0.3906 0.1519 0.1069 
 586 0.0112 0.0075 0.0184 0.0417 0.0987 0.4523 0.2205 0.1498 
 587 0.0122 0.0090 0.0136 0.0466 0.3434 0.1643 0.3186 0.0923 
 588 0.0117 0.0092 0.0283 0.0288 0.0688 0.0742 0.6826 0.0963 
 589 0.0193 0.0072 0.0252 0.2456 0.2234 0.1823 0.2069 0.0899 
 590 0.0070 0.0081 0.0149 0.0337 0.1766 0.3516 0.2955 0.1126 
 591 0.0060 0.0070 0.0211 0.0609 0.1161 0.4726 0.1841 0.1321 
 592 0.0105 0.0071 0.0143 0.1137 0.1056 0.2761 0.3701 0.1027 
 593 0.0089 0.0072 0.0236 0.1864 0.1253 0.2591 0.2222 0.1674 
 594 0.0095 0.0103 0.0622 0.0691 0.1903 0.2499 0.2046 0.2042 
 595 0.0059 0.0183 0.0128 0.0349 0.4586 0.1973 0.1850 0.0872 
 596 0.0136 0.0080 0.0192 0.1848 0.1112 0.1292 0.3844 0.1496 
 597 0.0161 0.0095 0.0773 0.0703 0.0705 0.3691 0.1540 0.2332 
 598 0.0068 0.0058 0.0160 0.1865 0.4163 0.1944 0.0845 0.0897 
 599 0.0092 0.0062 0.0144 0.0843 0.1395 0.4246 0.2357 0.0862 
 600 0.0148 0.0078 0.0358 0.1122 0.3174 0.1470 0.1928 0.1721 
 601 0.0152 0.0079 0.0129 0.1073 0.1731 0.3937 0.1965 0.0935 
 602 0.0062 0.0096 0.0237 0.0540 0.1650 0.1857 0.2923 0.2636 
 603 0.0065 0.0079 0.0242 0.0427 0.1595 0.1766 0.3378 0.2447 
 604 0.0114 0.0155 0.0727 0.2346 0.2259 0.1164 0.1747 0.1488 
 605 0.0089 0.0106 0.0212 0.0950 0.1867 0.2044 0.3299 0.1435 
 606 0.0102 0.0091 0.0455 0.0619 0.2188 0.1415 0.2832 0.2297 
 607 0.0060 0.0083 0.0304 0.0775 0.2633 0.1520 0.1477 0.3148 
 608 0.0082 0.0068 0.0488 0.0842 0.1033 0.1939 0.1114 0.4433 
 609 0.0110 0.0100 0.0168 0.0891 0.3381 0.1865 0.1630 0.1856 
 610 0.0106 0.0098 0.0177 0.3941 0.1217 0.1055 0.2089 0.1318 
 611 0.0101 0.0075 0.0230 0.0539 0.1321 0.2048 0.3038 0.2648 
 612 0.0261 0.0082 0.0242 0.2907 0.2783 0.1219 0.1334 0.1173 
 613 0.0177 0.0086 0.0425 0.0844 0.3140 0.1320 0.2611 0.1397 
 614 0.0067 0.0090 0.0133 0.0737 0.5332 0.1031 0.1518 0.1092 
 615 0.0093 0.0069 0.0179 0.2153 0.2863 0.1030 0.1677 0.1936 
 616 0.0062 0.0069 0.0314 0.0466 0.3481 0.1675 0.1634 0.2300 
 617 0.0148 0.0309 0.0327 0.0937 0.3613 0.1233 0.2467 0.0967 
 618 0.0214 0.0168 0.1483 0.2347 0.1406 0.0924 0.1721 0.1737 
 619 0.0148 0.0065 0.0285 0.1676 0.1208 0.2102 0.2341 0.2174 
 620 0.0107 0.0081 0.0140 0.0901 0.0844 0.2630 0.4497 0.0800 
 621 0.0056 0.0075 0.0177 0.0690 0.2696 0.3833 0.1268 0.1205 
 622 0.0172 0.0436 0.0567 0.0939 0.2335 0.1071 0.3056 0.1424 
 623 0.0078 0.0073 0.0198 0.0846 0.1719 0.2535 0.3330 0.1219 
 624 0.0107 0.0076 0.1822 0.2198 0.1393 0.1534 0.1317 0.1553 
 625 0.0097 0.0274 0.0669 0.0830 0.3312 0.1629 0.1285 0.1904 
 626 0.0351 0.0079 0.1661 0.1682 0.1090 0.0698 0.1908 0.2531 
 627 0.0109 0.0079 0.0337 0.0577 0.2465 0.1925 0.3092 0.1416 
 628 0.0068 0.0103 0.0178 0.0496 0.1664 0.2591 0.3296 0.1604 
 629 0.0063 0.0085 0.0180 0.0428 0.2792 0.2256 0.2340 0.1855 
 630 0.0154 0.0137 0.0237 0.0954 0.2924 0.2397 0.1696 0.1501 
 631 0.0071 0.0072 0.0194 0.0628 0.3749 0.1732 0.1994 0.1562 
 632 0.0079 0.0089 0.0347 0.0520 0.1664 0.0978 0.3073 0.3251 
 633 0.0073 0.0106 0.0438 0.1294 0.2545 0.1967 0.1477 0.2101 
 634 0.0146 0.0068 0.0307 0.0637 0.1766 0.1768 0.2443 0.2864 
 635 0.0096 0.0065 0.0266 0.0587 0.1919 0.0996 0.1473 0.4598 
 636 0.0088 0.0082 0.0836 0.0856 0.2356 0.2048 0.1584 0.2150 
 637 0.0158 0.0102 0.0160 0.0721 0.1505 0.1431 0.3517 0.2405 
 638 0.0062 0.0075 0.0263 0.0537 0.2458 0.1965 0.2394 0.2245 
 639 0.0073 0.0100 0.0403 0.0913 0.3667 0.1133 0.1903 0.1809 
 640 0.0060 0.0143 0.0450 0.0514 0.2033 0.3922 0.1477 0.1401 
 641 0.0058 0.0084 0.0219 0.0505 0.3576 0.1447 0.2369 0.1743 
 642 0.0112 0.0088 0.0493 0.0550 0.1176 0.1068 0.2053 0.4460 
 643 0.0117 0.0083 0.1598 0.0400 0.1009 0.1137 0.1118 0.4539 
 644 0.0107 0.0077 0.1654 0.0439 0.1004 0.1454 0.1643 0.3622 
 645 0.0108 0.0109 0.0511 0.2040 0.0995 0.0676 0.1298 0.4263 
