   1 0.0221 0.0117 0.0567 0.0885 0.2049 0.3229 0.2932 
   2 0.0124 0.0059 0.0300 0.6663 0.0778 0.0889 0.1187 
   3 0.0069 0.0219 0.0379 0.0789 0.1925 0.2175 0.4445 
   4 0.0100 0.0214 0.0546 0.0909 0.1560 0.5341 0.1331 
   5 0.0177 0.0076 0.0387 0.6080 0.0874 0.0926 0.1480 
   6 0.0073 0.0177 0.0324 0.1337 0.0634 0.1188 0.6267 
   7 0.0106 0.0116 0.2683 0.1278 0.0707 0.0984 0.4126 
   8 0.0104 0.0875 0.0563 0.0782 0.1179 0.3480 0.3018 
   9 0.0201 0.0570 0.0504 0.2491 0.1357 0.1729 0.3148 
  10 0.0144 0.0218 0.0568 0.1294 0.0704 0.2611 0.4462 
  11 0.0197 0.0071 0.1820 0.1198 0.0957 0.0969 0.4787 
  12 0.0115 0.0097 0.0405 0.5618 0.0946 0.1329 0.1490 
  13 0.0191 0.0159 0.0562 0.3175 0.1135 0.1708 0.3071 
  14 0.0093 0.0061 0.0282 0.2538 0.2670 0.1970 0.2386 
  15 0.0097 0.0110 0.0651 0.2157 0.1699 0.3024 0.2261 
  16 0.0159 0.0074 0.0382 0.0803 0.1380 0.1414 0.5787 
  17 0.0185 0.0584 0.0405 0.2435 0.1486 0.1499 0.3406 
  18 0.0095 0.0332 0.0263 0.2941 0.1029 0.1735 0.3605 
  19 0.0098 0.0142 0.0420 0.2124 0.0770 0.1397 0.5049 
  20 0.0132 0.0100 0.0876 0.2555 0.1943 0.1545 0.2847 
  21 0.0112 0.0085 0.0346 0.1734 0.2300 0.3200 0.2224 
  22 0.0098 0.0308 0.0264 0.1122 0.0956 0.1936 0.5316 
  23 0.0338 0.0140 0.0506 0.1507 0.2818 0.3019 0.1672 
  24 0.0146 0.0096 0.0336 0.0997 0.1536 0.3195 0.3694 
  25 0.0116 0.0101 0.0726 0.3266 0.0920 0.0747 0.4125 
  26 0.0107 0.0267 0.0413 0.2378 0.1262 0.2483 0.3090 
  27 0.0178 0.0130 0.0390 0.1555 0.1978 0.1875 0.3895 
  28 0.0116 0.0082 0.1128 0.1197 0.0821 0.4038 0.2618 
  29 0.0224 0.0066 0.0749 0.2626 0.2486 0.1331 0.2517 
  30 0.0129 0.0118 0.0248 0.1199 0.1340 0.1555 0.5411 
  31 0.0238 0.0494 0.0564 0.2189 0.2066 0.2194 0.2256 
  32 0.0086 0.0092 0.0440 0.1966 0.1300 0.2737 0.3380 
  33 0.0104 0.0098 0.0555 0.0759 0.2374 0.2133 0.3977 
  34 0.0407 0.0141 0.1053 0.0935 0.0745 0.1499 0.5221 
  35 0.0349 0.0438 0.0314 0.1887 0.2932 0.1137 0.2943 
  36 0.0126 0.0064 0.0280 0.0648 0.5583 0.0977 0.2322 
  37 0.0088 0.0192 0.0455 0.2073 0.2149 0.2910 0.2133 
  38 0.0316 0.0068 0.0605 0.0819 0.2573 0.0758 0.4861 
  39 0.0257 0.0118 0.0571 0.1201 0.2600 0.1166 0.4087 
  40 0.0144 0.0066 0.0236 0.0922 0.5005 0.1671 0.1957 
  41 0.0489 0.0118 0.0456 0.0599 0.4885 0.0740 0.2713 
  42 0.0266 0.0067 0.0309 0.0534 0.3987 0.2969 0.1867 
  43 0.0135 0.0152 0.0479 0.1297 0.4927 0.1406 0.1604 
  44 0.0131 0.0220 0.0301 0.0967 0.5244 0.0732 0.2405 
  45 0.0368 0.0074 0.0344 0.2028 0.3724 0.0789 0.2672 
  46 0.0128 0.0345 0.0422 0.1701 0.2413 0.1069 0.3922 
  47 0.0245 0.1036 0.0396 0.2220 0.1453 0.1654 0.2997 
  48 0.0189 0.0279 0.0234 0.1116 0.5165 0.0822 0.2195 
  49 0.0414 0.0205 0.0412 0.1280 0.3292 0.1337 0.3060 
  50 0.0175 0.0320 0.0842 0.1359 0.1529 0.1370 0.4405 
  51 0.0171 0.0046 0.0229 0.0528 0.7112 0.0687 0.1227 
  52 0.0322 0.0192 0.0553 0.0895 0.2761 0.1442 0.3836 
  53 0.0149 0.0113 0.0467 0.0616 0.1904 0.1411 0.5339 
  54 0.0200 0.0186 0.0326 0.4067 0.2021 0.1781 0.1418 
  55 0.0138 0.0136 0.0333 0.1936 0.4940 0.1137 0.1380 
  56 0.0286 0.0178 0.0265 0.1161 0.4048 0.1373 0.2688 
  57 0.0204 0.0619 0.0578 0.1753 0.0764 0.2997 0.3085 
  58 0.0275 0.0077 0.0363 0.1552 0.4447 0.1255 0.2030 
  59 0.0623 0.0086 0.0415 0.1083 0.3861 0.1095 0.2837 
  60 0.0090 0.0059 0.0292 0.0685 0.5873 0.1646 0.1356 
  61 0.0123 0.0058 0.0283 0.2449 0.4183 0.1988 0.0915 
  62 0.0899 0.0392 0.0387 0.3085 0.1070 0.1329 0.2838 
  63 0.0106 0.0062 0.0673 0.1092 0.4273 0.1730 0.2064 
  64 0.0179 0.0119 0.0364 0.1825 0.1201 0.0921 0.5391 
  65 0.0142 0.0087 0.1339 0.3340 0.1230 0.0740 0.3122 
  66 0.0119 0.0074 0.0724 0.2765 0.2101 0.2663 0.1554 
  67 0.0139 0.0121 0.0365 0.2768 0.4225 0.0952 0.1431 
  68 0.0494 0.0109 0.0413 0.1041 0.3849 0.1340 0.2754 
  69 0.1114 0.0116 0.1022 0.0811 0.1621 0.1757 0.3559 
  70 0.0091 0.0053 0.0540 0.0507 0.5971 0.1139 0.1699 
  71 0.0506 0.0069 0.0417 0.1199 0.4769 0.0647 0.2393 
  72 0.0095 0.0106 0.0373 0.0830 0.3339 0.0920 0.4336 
  73 0.0562 0.0066 0.0483 0.2825 0.3767 0.0816 0.1482 
  74 0.0121 0.0073 0.0263 0.0650 0.4857 0.1579 0.2457 
  75 0.0163 0.0075 0.0231 0.0763 0.5023 0.2082 0.1662 
  76 0.0081 0.0098 0.0731 0.1315 0.4549 0.1056 0.2170 
  77 0.0473 0.0057 0.0512 0.1050 0.4308 0.0722 0.2879 
  78 0.0553 0.0062 0.0533 0.0789 0.4057 0.0751 0.3255 
  79 0.0120 0.0072 0.0867 0.3035 0.0704 0.1089 0.4112 
  80 0.0092 0.0089 0.0751 0.1208 0.0652 0.5504 0.1703 
  81 0.0075 0.0091 0.1031 0.1677 0.0545 0.4270 0.2311 
  82 0.0210 0.0072 0.0552 0.2480 0.3023 0.2009 0.1654 
  83 0.0071 0.0074 0.0904 0.1272 0.1082 0.3337 0.3260 
  84 0.0077 0.0067 0.0939 0.1537 0.0913 0.3031 0.3435 
  85 0.0075 0.0074 0.0380 0.1373 0.0998 0.3559 0.3541 
  86 0.0167 0.0110 0.0452 0.3996 0.2124 0.1067 0.2084 
  87 0.0099 0.0080 0.2556 0.1763 0.1274 0.1220 0.3007 
  88 0.0089 0.0085 0.1088 0.2246 0.1290 0.3444 0.1759 
  89 0.0073 0.0097 0.0704 0.2443 0.0849 0.4114 0.1719 
  90 0.0096 0.0068 0.1810 0.3276 0.0933 0.1283 0.2533 
  91 0.0062 0.0071 0.0446 0.0919 0.1081 0.5087 0.2334 
  92 0.0100 0.0085 0.0774 0.3560 0.1109 0.1774 0.2597 
  93 0.0083 0.0062 0.0291 0.0712 0.0721 0.7046 0.1085 
  94 0.0076 0.0061 0.3838 0.0596 0.1043 0.1037 0.3348 
  95 0.0080 0.0070 0.2662 0.2000 0.1049 0.2511 0.1629 
  96 0.0114 0.0058 0.0308 0.1641 0.4141 0.2784 0.0954 
  97 0.0139 0.0094 0.0242 0.1206 0.3645 0.2382 0.2291 
  98 0.0185 0.0055 0.0282 0.1935 0.3766 0.1404 0.2374 
  99 0.0077 0.0068 0.1076 0.2380 0.0738 0.2654 0.3007 
 100 0.0098 0.0082 0.0274 0.1919 0.0878 0.5848 0.0900 
 101 0.0099 0.0106 0.1453 0.2257 0.2148 0.1682 0.2255 
 102 0.0199 0.0077 0.0861 0.0928 0.2150 0.3865 0.1920 
 103 0.0109 0.0079 0.1201 0.4113 0.1141 0.2067 0.1290 
 104 0.0107 0.0071 0.3655 0.1885 0.1091 0.1350 0.1841 
 105 0.0345 0.0081 0.2653 0.2579 0.1217 0.1960 0.1164 
 106 0.0087 0.0068 0.1986 0.1208 0.1115 0.0580 0.4956 
 107 0.0151 0.0113 0.2840 0.2420 0.1191 0.1927 0.1359 
 108 0.0076 0.0053 0.0311 0.2854 0.3701 0.0882 0.2122 
 109 0.1667 0.0080 0.1008 0.1908 0.1426 0.0622 0.3289 
 110 0.0111 0.0073 0.3834 0.0732 0.0870 0.0678 0.3702 
 111 0.0203 0.0057 0.5635 0.1408 0.0744 0.0872 0.1080 
 112 0.2588 0.0051 0.3348 0.0663 0.1030 0.0676 0.1644 
 113 0.0146 0.0104 0.0646 0.3164 0.2165 0.1470 0.2306 
 114 0.0251 0.0055 0.3263 0.2101 0.0905 0.1662 0.1762 
 115 0.0202 0.0117 0.2510 0.1293 0.3388 0.0960 0.1531 
 116 0.0178 0.0085 0.1064 0.1412 0.3112 0.0630 0.3519 
 117 0.0370 0.0128 0.3861 0.0774 0.1123 0.0828 0.2916 
 118 0.0220 0.0058 0.0758 0.5813 0.1174 0.0815 0.1162 
 119 0.0076 0.0052 0.0441 0.0966 0.4358 0.2730 0.1377 
 120 0.0537 0.0093 0.2540 0.1713 0.1849 0.1222 0.2046 
 121 0.0503 0.0669 0.2567 0.0961 0.3021 0.0735 0.1543 
 122 0.0238 0.0049 0.1702 0.1690 0.0934 0.0839 0.4548 
 123 0.0134 0.0066 0.4078 0.1203 0.1269 0.1179 0.2071 
 124 0.0340 0.0267 0.1861 0.1367 0.2534 0.0803 0.2828 
 125 0.0534 0.0095 0.1083 0.0800 0.1704 0.0946 0.4838 
 126 0.0094 0.0050 0.1478 0.1078 0.2900 0.1210 0.3190 
 127 0.0148 0.0086 0.5702 0.1266 0.0898 0.0944 0.0955 
 128 0.0180 0.0053 0.0478 0.6237 0.1112 0.0816 0.1123 
 129 0.0125 0.0101 0.2356 0.4363 0.1120 0.0752 0.1182 
 130 0.0408 0.0105 0.2790 0.2346 0.0750 0.1689 0.1911 
 131 0.0502 0.0186 0.2014 0.0877 0.2221 0.0673 0.3527 
 132 0.0126 0.0067 0.1697 0.2860 0.1069 0.0661 0.3520 
 133 0.0131 0.0087 0.3667 0.2390 0.1195 0.1137 0.1393 
 134 0.0187 0.0050 0.4686 0.0936 0.0652 0.0510 0.2978 
 135 0.0247 0.0086 0.0247 0.1057 0.2604 0.4772 0.0987 
 136 0.0123 0.0088 0.0211 0.0778 0.0610 0.7006 0.1185 
 137 0.0250 0.0071 0.0517 0.0585 0.0597 0.6975 0.1004 
 138 0.0073 0.0071 0.0213 0.0557 0.0798 0.7243 0.1045 
 139 0.0139 0.0069 0.0245 0.2662 0.2055 0.3478 0.1351 
 140 0.0104 0.0071 0.0326 0.1131 0.1823 0.4629 0.1916 
 141 0.0135 0.0082 0.0222 0.0909 0.0784 0.6019 0.1848 
 142 0.0219 0.0070 0.0240 0.1115 0.2797 0.4617 0.0941 
 143 0.0069 0.0057 0.0206 0.0545 0.0629 0.7716 0.0778 
 144 0.0244 0.0067 0.0513 0.0594 0.0661 0.7020 0.0901 
 145 0.0186 0.0108 0.0222 0.1130 0.1129 0.5314 0.1911 
 146 0.0107 0.0144 0.0501 0.1008 0.1257 0.4917 0.2067 
 147 0.0071 0.0069 0.0210 0.0522 0.0533 0.7750 0.0845 
 148 0.0209 0.0074 0.0355 0.1258 0.1423 0.5227 0.1454 
 149 0.0128 0.0073 0.0211 0.0695 0.1317 0.6467 0.1109 
 150 0.0300 0.0087 0.0751 0.1033 0.0877 0.5656 0.1295 
 151 0.0081 0.0076 0.0287 0.0775 0.0821 0.6976 0.0984 
 152 0.0160 0.0081 0.0289 0.0994 0.1958 0.4820 0.1698 
 153 0.0098 0.0066 0.0279 0.0565 0.1358 0.6312 0.1323 
 154 0.0121 0.0095 0.0218 0.0975 0.0930 0.6544 0.1118 
 155 0.0068 0.0069 0.0297 0.0705 0.0705 0.7227 0.0928 
 156 0.0123 0.0056 0.0317 0.0765 0.2116 0.5815 0.0808 
 157 0.0072 0.0055 0.0754 0.0645 0.0791 0.6173 0.1511 
 158 0.0184 0.0097 0.0222 0.0860 0.0934 0.5824 0.1879 
 159 0.0090 0.0071 0.0217 0.0614 0.0520 0.7656 0.0833 
 160 0.0091 0.0090 0.0214 0.0733 0.0536 0.7501 0.0835 
 161 0.0102 0.0063 0.0309 0.0729 0.1264 0.5870 0.1664 
 162 0.0110 0.0229 0.0456 0.1451 0.1350 0.4382 0.2022 
 163 0.0073 0.0059 0.0269 0.0574 0.0966 0.7212 0.0846 
 164 0.0088 0.0143 0.0369 0.2084 0.0917 0.4898 0.1500 
 165 0.0290 0.0088 0.0743 0.0811 0.0842 0.6089 0.1136 
 166 0.0072 0.0063 0.0609 0.0822 0.1702 0.4985 0.1748 
 167 0.0099 0.0322 0.0378 0.1024 0.0654 0.6035 0.1488 
 168 0.0076 0.0073 0.0240 0.0618 0.1324 0.5992 0.1678 
 169 0.0231 0.0127 0.0222 0.0824 0.1130 0.4047 0.3419 
 170 0.0094 0.0064 0.0292 0.0999 0.1918 0.5644 0.0990 
 171 0.0087 0.0072 0.0264 0.1284 0.1288 0.5086 0.1921 
 172 0.0230 0.0070 0.0208 0.0673 0.2457 0.4481 0.1881 
 173 0.0085 0.0080 0.0213 0.0909 0.0615 0.7267 0.0830 
 174 0.0073 0.0076 0.0294 0.0761 0.0599 0.7129 0.1068 
 175 0.0087 0.0081 0.0205 0.0654 0.0752 0.7091 0.1130 
 176 0.0237 0.0067 0.0506 0.0591 0.0662 0.7016 0.0920 
 177 0.0090 0.0076 0.0671 0.0716 0.1082 0.5125 0.2240 
 178 0.0084 0.0089 0.0299 0.0978 0.0619 0.6303 0.1628 
 179 0.0062 0.0065 0.0214 0.0637 0.0530 0.7645 0.0848 
 180 0.0120 0.0174 0.0352 0.0850 0.1165 0.5656 0.1683 
 181 0.0142 0.0087 0.0226 0.1038 0.1309 0.5935 0.1263 
 182 0.0099 0.0096 0.0217 0.1107 0.0945 0.6754 0.0782 
 183 0.0071 0.0074 0.0214 0.0703 0.0656 0.7417 0.0865 
 184 0.0091 0.0106 0.0292 0.6169 0.0950 0.0930 0.1463 
 185 0.0132 0.0060 0.0193 0.0553 0.1874 0.6514 0.0674 
 186 0.0071 0.0095 0.0452 0.5913 0.0971 0.0894 0.1604 
 187 0.0068 0.0063 0.0307 0.4205 0.0966 0.3218 0.1173 
 188 0.0076 0.0085 0.0324 0.6736 0.0820 0.0709 0.1251 
 189 0.0076 0.0074 0.0275 0.1275 0.1561 0.3463 0.3275 
 190 0.0126 0.0052 0.0204 0.1343 0.4450 0.3188 0.0638 
 191 0.0101 0.0053 0.0217 0.6601 0.0649 0.1375 0.1004 
 192 0.0080 0.0062 0.0445 0.3913 0.0899 0.3147 0.1455 
 193 0.0160 0.0064 0.0262 0.3311 0.1480 0.2971 0.1753 
 194 0.0083 0.0083 0.0442 0.2915 0.1973 0.3121 0.1383 
 195 0.0079 0.0066 0.0205 0.2805 0.1609 0.4494 0.0743 
 196 0.0125 0.0053 0.0301 0.2478 0.3507 0.2614 0.0922 
 197 0.0096 0.0119 0.0521 0.3305 0.1522 0.2104 0.2334 
 198 0.0090 0.0060 0.0361 0.2533 0.1797 0.2356 0.2803 
 199 0.0127 0.0068 0.0301 0.1741 0.4726 0.2088 0.0949 
 200 0.0283 0.0055 0.0264 0.2466 0.2789 0.2468 0.1675 
 201 0.0073 0.0061 0.0248 0.2164 0.1203 0.5326 0.0924 
 202 0.0098 0.0059 0.0315 0.1126 0.2378 0.5264 0.0758 
 203 0.0111 0.0058 0.0239 0.3017 0.0886 0.4890 0.0799 
 204 0.0085 0.0059 0.0214 0.4954 0.1586 0.2362 0.0739 
 205 0.0084 0.0058 0.0251 0.4775 0.1900 0.1795 0.1137 
 206 0.0076 0.0075 0.0219 0.5654 0.1102 0.2053 0.0822 
 207 0.0145 0.0060 0.0293 0.5242 0.2018 0.1432 0.0810 
 208 0.0093 0.0057 0.0236 0.3767 0.1477 0.3495 0.0875 
 209 0.0153 0.0062 0.0241 0.4990 0.1151 0.2207 0.1195 
 210 0.0081 0.0058 0.0273 0.5208 0.1202 0.2294 0.0884 
 211 0.0331 0.0090 0.0473 0.2152 0.3921 0.2239 0.0793 
 212 0.0099 0.0062 0.0201 0.1142 0.1502 0.5793 0.1202 
 213 0.0104 0.0063 0.0527 0.2318 0.3817 0.1661 0.1510 
 214 0.0120 0.0063 0.0251 0.1692 0.1318 0.5632 0.0924 
 215 0.0105 0.0053 0.0268 0.6123 0.1300 0.1175 0.0976 
 216 0.0098 0.0128 0.0367 0.4899 0.1288 0.1329 0.1891 
 217 0.0088 0.0067 0.0239 0.2054 0.1730 0.4756 0.1067 
 218 0.0082 0.0066 0.0289 0.5616 0.1025 0.1817 0.1105 
 219 0.0072 0.0192 0.0328 0.3156 0.1082 0.2972 0.2198 
 220 0.0085 0.0054 0.0223 0.6585 0.0855 0.1389 0.0809 
 221 0.0101 0.0057 0.0196 0.0730 0.1993 0.6217 0.0705 
 222 0.0077 0.0153 0.0382 0.3957 0.1125 0.1941 0.2365 
 223 0.0073 0.0068 0.0342 0.2505 0.1252 0.4203 0.1556 
 224 0.0082 0.0072 0.0244 0.3858 0.0923 0.3961 0.0860 
 225 0.0088 0.0064 0.0266 0.4311 0.1863 0.2433 0.0975 
 226 0.0113 0.0083 0.0336 0.3305 0.1640 0.2176 0.2348 
 227 0.0092 0.0070 0.0339 0.2604 0.3011 0.3075 0.0810 
 228 0.0147 0.0069 0.0193 0.2191 0.2707 0.4000 0.0693 
 229 0.0076 0.0076 0.0257 0.4034 0.0667 0.3989 0.0900 
 230 0.0091 0.0066 0.0238 0.4765 0.0761 0.3264 0.0815 
 231 0.0100 0.0068 0.0222 0.4456 0.0709 0.3311 0.1135 
 232 0.0113 0.0085 0.0395 0.2208 0.2159 0.3288 0.1752 
 233 0.0102 0.0064 0.0256 0.1677 0.0950 0.6020 0.0931 
 234 0.0101 0.0057 0.0341 0.4102 0.0970 0.2547 0.1881 
 235 0.0083 0.0076 0.0267 0.2487 0.1840 0.3684 0.1563 
 236 0.0111 0.0060 0.0310 0.2825 0.1051 0.4403 0.1240 
 237 0.0147 0.0060 0.0251 0.5182 0.1890 0.1585 0.0885 
 238 0.0099 0.0058 0.0351 0.1629 0.1471 0.5232 0.1161 
 239 0.0076 0.0065 0.0209 0.2808 0.1607 0.4484 0.0750 
 240 0.0100 0.0059 0.0345 0.1644 0.1490 0.5210 0.1153 
 241 0.0093 0.0075 0.0244 0.1456 0.1591 0.5613 0.0928 
 242 0.0095 0.0078 0.0242 0.3766 0.1247 0.2663 0.1909 
 243 0.0163 0.0051 0.0243 0.2807 0.3128 0.2887 0.0721 
 244 0.0109 0.0064 0.0236 0.3613 0.0884 0.4270 0.0824 
 245 0.0070 0.0056 0.0274 0.0841 0.1389 0.6487 0.0884 
 246 0.0086 0.0067 0.0239 0.2071 0.1701 0.4765 0.1071 
 247 0.0090 0.0053 0.0751 0.3689 0.2149 0.0890 0.2377 
 248 0.0107 0.0054 0.0310 0.6242 0.1396 0.0930 0.0962 
 249 0.0111 0.0067 0.0282 0.2993 0.1109 0.4503 0.0934 
 250 0.0095 0.0065 0.0322 0.4195 0.0832 0.3328 0.1163 
 251 0.0202 0.0065 0.0340 0.3275 0.1729 0.1773 0.2616 
 252 0.0073 0.0072 0.0280 0.3574 0.1575 0.3306 0.1121 
 253 0.0092 0.0065 0.0515 0.2655 0.3615 0.1417 0.1641 
 254 0.0077 0.0121 0.0317 0.4766 0.1126 0.1952 0.1641 
 255 0.0110 0.0068 0.0251 0.4182 0.0976 0.2937 0.1477 
 256 0.0118 0.0069 0.0267 0.2513 0.2044 0.3951 0.1038 
 257 0.0113 0.0152 0.0406 0.4335 0.1490 0.2389 0.1115 
 258 0.0120 0.0048 0.0335 0.3370 0.2771 0.1850 0.1507 
 259 0.0091 0.0068 0.0300 0.5225 0.1042 0.2250 0.1024 
 260 0.0082 0.0139 0.0394 0.2701 0.0887 0.3727 0.2069 
 261 0.0077 0.0061 0.0258 0.2045 0.1998 0.4459 0.1102 
 262 0.0095 0.0060 0.0196 0.1389 0.3065 0.4412 0.0783 
 263 0.0095 0.0097 0.0257 0.6342 0.1030 0.1199 0.0980 
 264 0.0103 0.0226 0.0322 0.3540 0.1154 0.0770 0.3884 
 265 0.0077 0.0067 0.0268 0.4316 0.1213 0.2602 0.1458 
 266 0.0093 0.0056 0.0200 0.0835 0.1635 0.6473 0.0709 
 267 0.0165 0.0067 0.0324 0.3620 0.1568 0.3006 0.1249 
 268 0.0126 0.0053 0.0298 0.2493 0.3483 0.2617 0.0929 
 269 0.0091 0.0067 0.0286 0.2556 0.1013 0.3041 0.2946 
 270 0.0098 0.0109 0.0348 0.5498 0.1039 0.1316 0.1592 
 271 0.0127 0.0057 0.0334 0.4730 0.1898 0.1611 0.1242 
 272 0.0161 0.0070 0.0357 0.3455 0.2447 0.1732 0.1778 
 273 0.0275 0.0529 0.0560 0.2896 0.1077 0.2828 0.1835 
 274 0.0093 0.0066 0.0304 0.4549 0.1349 0.1965 0.1674 
 275 0.0167 0.0102 0.0304 0.4624 0.1134 0.2192 0.1477 
 276 0.0193 0.0083 0.0395 0.2714 0.3669 0.1425 0.1520 
 277 0.0077 0.0075 0.0331 0.3114 0.1193 0.3586 0.1623 
 278 0.0120 0.0050 0.0267 0.5147 0.1891 0.1534 0.0991 
 279 0.0095 0.0065 0.0310 0.4133 0.1347 0.2674 0.1376 
 280 0.0100 0.0075 0.0270 0.3154 0.1934 0.2337 0.2129 
 281 0.0084 0.0067 0.0357 0.4792 0.1268 0.1979 0.1453 
 282 0.0086 0.0063 0.0325 0.2101 0.0860 0.5116 0.1450 
 283 0.0079 0.0071 0.0318 0.2028 0.0896 0.5588 0.1021 
 284 0.0142 0.0054 0.0494 0.2978 0.1558 0.3341 0.1432 
 285 0.0150 0.0054 0.0289 0.5246 0.2134 0.0723 0.1404 
 286 0.0113 0.0062 0.0238 0.3641 0.0896 0.4238 0.0812 
 287 0.0070 0.0078 0.0362 0.3530 0.1126 0.2640 0.2195 
 288 0.0104 0.0075 0.0294 0.5111 0.1233 0.1544 0.1639 
 289 0.0144 0.0088 0.0496 0.4852 0.1516 0.1451 0.1455 
 290 0.0277 0.0175 0.0289 0.2214 0.3056 0.1780 0.2209 
 291 0.0118 0.0060 0.0330 0.4803 0.1864 0.1612 0.1213 
 292 0.0088 0.0073 0.0248 0.1757 0.3244 0.2851 0.1739 
 293 0.0244 0.0095 0.0287 0.1617 0.3458 0.1184 0.3114 
 294 0.0091 0.0128 0.0244 0.5606 0.1706 0.1148 0.1077 
 295 0.0248 0.0079 0.0434 0.2602 0.2955 0.1934 0.1748 
 296 0.0104 0.0059 0.0302 0.5766 0.1347 0.1488 0.0934 
 297 0.0092 0.0083 0.0276 0.4274 0.1390 0.1589 0.2298 
 298 0.0075 0.0072 0.0355 0.3298 0.0721 0.4071 0.1409 
 299 0.0072 0.0130 0.0256 0.6377 0.0740 0.1287 0.1138 
 300 0.0115 0.0062 0.0228 0.5859 0.1465 0.1061 0.1211 
 301 0.0105 0.0106 0.0307 0.5235 0.1085 0.1319 0.1843 
 302 0.0145 0.0116 0.0271 0.4688 0.2381 0.1303 0.1096 
 303 0.0116 0.0074 0.0249 0.2912 0.1254 0.4073 0.1323 
 304 0.0114 0.0149 0.0528 0.1510 0.0829 0.4287 0.2583 
 305 0.0108 0.0067 0.0205 0.3598 0.1758 0.3399 0.0865 
 306 0.0086 0.0076 0.0271 0.1799 0.1661 0.4748 0.1359 
 307 0.0104 0.0081 0.0350 0.3503 0.1352 0.3176 0.1435 
 308 0.0075 0.0061 0.0266 0.1993 0.2004 0.4485 0.1115 
 309 0.0254 0.0183 0.0428 0.5933 0.0999 0.1305 0.0897 
 310 0.0121 0.0059 0.0235 0.2793 0.2075 0.3881 0.0836 
 311 0.0095 0.0065 0.0244 0.4740 0.0766 0.3272 0.0817 
 312 0.0093 0.0053 0.0286 0.6130 0.1246 0.1398 0.0794 
 313 0.0105 0.0060 0.0266 0.4846 0.2895 0.1003 0.0825 
 314 0.0092 0.0056 0.0200 0.0490 0.0845 0.7533 0.0784 
 315 0.0070 0.0052 0.0238 0.0481 0.1160 0.6823 0.1175 
 316 0.0085 0.0085 0.0287 0.0546 0.0792 0.6722 0.1483 
 317 0.0084 0.0064 0.0209 0.0501 0.0539 0.7774 0.0828 
 318 0.0079 0.0062 0.0212 0.0489 0.0440 0.7824 0.0893 
 319 0.0068 0.0072 0.0201 0.0589 0.0610 0.7679 0.0781 
 320 0.0095 0.0057 0.0197 0.0490 0.0856 0.7527 0.0778 
 321 0.0090 0.0061 0.0208 0.0496 0.0507 0.7721 0.0917 
 322 0.0093 0.0089 0.0284 0.0565 0.1134 0.6534 0.1302 
 323 0.0066 0.0195 0.0215 0.0519 0.0483 0.7681 0.0841 
 324 0.0091 0.0063 0.0212 0.0489 0.0507 0.7728 0.0911 
 325 0.0081 0.0061 0.0258 0.0491 0.0698 0.6934 0.1477 
 326 0.0131 0.0150 0.0300 0.0498 0.0744 0.6732 0.1446 
 327 0.0087 0.0062 0.0207 0.0495 0.0547 0.7763 0.0839 
 328 0.0073 0.0058 0.0253 0.0553 0.0970 0.6790 0.1304 
 329 0.0063 0.0061 0.0207 0.0481 0.0463 0.7895 0.0830 
 330 0.0086 0.0062 0.0205 0.0507 0.0545 0.7760 0.0834 
 331 0.0062 0.0058 0.0202 0.0528 0.0465 0.7868 0.0817 
 332 0.0093 0.0241 0.0275 0.0476 0.0710 0.6675 0.1531 
 333 0.0098 0.0140 0.0289 0.0547 0.0846 0.6784 0.1296 
 334 0.0073 0.0059 0.0253 0.0542 0.0963 0.6802 0.1308 
 335 0.0072 0.0058 0.0252 0.0496 0.1004 0.6922 0.1197 
 336 0.0095 0.0208 0.0214 0.0475 0.0660 0.7481 0.0868 
 337 0.0094 0.0058 0.0255 0.0499 0.0861 0.6750 0.1482 
 338 0.0086 0.0074 0.0217 0.0496 0.0436 0.7771 0.0921 
 339 0.0063 0.0063 0.0201 0.0535 0.0465 0.7835 0.0837 
 340 0.0062 0.0061 0.0203 0.0535 0.0499 0.7874 0.0766 
 341 0.0092 0.0191 0.0232 0.0586 0.0506 0.7553 0.0839 
 342 0.0085 0.0063 0.0209 0.0502 0.0537 0.7772 0.0833 
 343 0.0080 0.0151 0.0247 0.0468 0.1589 0.6299 0.1166 
 344 0.0063 0.0061 0.0207 0.0479 0.0443 0.7912 0.0835 
 345 0.0089 0.0061 0.0208 0.0494 0.0548 0.7766 0.0834 
 346 0.0074 0.0061 0.0207 0.0499 0.0466 0.7869 0.0823 
 347 0.0063 0.0059 0.0203 0.0489 0.0472 0.7946 0.0768 
 348 0.0075 0.0052 0.0225 0.0487 0.1712 0.6407 0.1042 
 349 0.0085 0.0063 0.0209 0.0497 0.0545 0.7765 0.0836 
 350 0.0068 0.0061 0.0197 0.0555 0.0718 0.7621 0.0780 
 351 0.0073 0.0058 0.0248 0.0495 0.1015 0.6919 0.1191 
 352 0.0094 0.0059 0.0257 0.0510 0.0960 0.6815 0.1306 
 353 0.0096 0.0203 0.0216 0.0465 0.0664 0.7486 0.0870 
 354 0.0074 0.0085 0.0219 0.0522 0.0461 0.7782 0.0857 
 355 0.0080 0.0064 0.0213 0.0490 0.0436 0.7812 0.0904 
 356 0.0071 0.0051 0.0229 0.0484 0.1902 0.6240 0.1024 
 357 0.0085 0.0059 0.0248 0.0714 0.0738 0.4734 0.3423 
 358 0.0071 0.0067 0.0267 0.0496 0.0726 0.7012 0.1362 
 359 0.0068 0.0070 0.0211 0.0535 0.0466 0.7805 0.0846 
 360 0.0078 0.0061 0.0207 0.0492 0.0465 0.7865 0.0832 
 361 0.0103 0.0056 0.0255 0.0753 0.1030 0.4376 0.3427 
 362 0.0115 0.0066 0.0547 0.2434 0.1215 0.1195 0.4427 
 363 0.0129 0.0098 0.0856 0.1515 0.1249 0.0826 0.5327 
 364 0.0239 0.0512 0.0483 0.1667 0.1210 0.3274 0.2615 
 365 0.0471 0.0269 0.0388 0.1469 0.0959 0.0998 0.5446 
 366 0.0217 0.0081 0.0286 0.1343 0.2906 0.1708 0.3459 
 367 0.0096 0.0058 0.2828 0.0812 0.0656 0.0605 0.4946 
 368 0.0101 0.0070 0.0626 0.4897 0.0794 0.1064 0.2448 
 369 0.0282 0.0128 0.0335 0.1179 0.2826 0.2514 0.2735 
 370 0.0208 0.0225 0.1940 0.3589 0.1061 0.1222 0.1755 
 371 0.0269 0.0176 0.0422 0.3112 0.1327 0.1677 0.3016 
 372 0.0368 0.0659 0.0866 0.4789 0.0832 0.1241 0.1245 
 373 0.0206 0.0095 0.1492 0.1706 0.1066 0.1795 0.3640 
 374 0.0360 0.0080 0.0454 0.1244 0.0886 0.3157 0.3818 
 375 0.0178 0.0314 0.0906 0.2430 0.0654 0.0757 0.4762 
 376 0.0108 0.1524 0.0513 0.0570 0.0693 0.0700 0.5892 
 377 0.0149 0.0100 0.0429 0.3125 0.1270 0.1141 0.3786 
 378 0.0133 0.0057 0.3922 0.1040 0.0839 0.2564 0.1445 
 379 0.0162 0.2744 0.0733 0.0637 0.0862 0.0622 0.4239 
 380 0.0196 0.0224 0.0262 0.1070 0.1541 0.2183 0.4524 
 381 0.0169 0.0209 0.0225 0.0645 0.1909 0.1913 0.4930 
 382 0.0101 0.0059 0.0681 0.1190 0.0634 0.0944 0.6391 
 383 0.0217 0.0467 0.0284 0.1319 0.0676 0.2091 0.4947 
 384 0.0296 0.1482 0.0857 0.1381 0.0671 0.1543 0.3769 
 385 0.3349 0.0090 0.0330 0.1564 0.0519 0.2220 0.1928 
 386 0.0097 0.0052 0.0640 0.1040 0.0896 0.0840 0.6436 
 387 0.0116 0.0060 0.0746 0.1041 0.1073 0.1038 0.5926 
 388 0.0453 0.0239 0.0643 0.2138 0.0657 0.2678 0.3191 
 389 0.1149 0.0118 0.0449 0.3989 0.2094 0.0983 0.1218 
 390 0.0339 0.0256 0.1842 0.0824 0.2650 0.0773 0.3316 
 391 0.1023 0.0213 0.1118 0.1697 0.2590 0.1308 0.2051 
 392 0.0082 0.0135 0.0490 0.1242 0.0875 0.1735 0.5442 
 393 0.0303 0.0134 0.0397 0.0676 0.1821 0.1528 0.5142 
 394 0.0074 0.0059 0.0820 0.1175 0.0828 0.2979 0.4066 
 395 0.0095 0.0050 0.0564 0.1811 0.3369 0.0922 0.3189 
 396 0.0090 0.0079 0.0632 0.1884 0.0748 0.0640 0.5927 
 397 0.0078 0.1949 0.0329 0.2696 0.1225 0.1961 0.1760 
 398 0.0084 0.0433 0.0894 0.0640 0.0866 0.0676 0.6408 
 399 0.0195 0.0053 0.3612 0.0963 0.1781 0.0911 0.2486 
 400 0.0125 0.0104 0.0945 0.0671 0.1022 0.1275 0.5858 
 401 0.0129 0.0058 0.1859 0.0895 0.2630 0.1253 0.3176 
 402 0.0138 0.0119 0.0763 0.2168 0.2281 0.1289 0.3242 
 403 0.0307 0.0129 0.0670 0.1399 0.0975 0.4257 0.2263 
 404 0.0230 0.0130 0.0463 0.2397 0.0978 0.1638 0.4165 
 405 0.0091 0.0064 0.0361 0.1751 0.1583 0.1419 0.4732 
 406 0.0093 0.0053 0.0253 0.0673 0.4751 0.1443 0.2734 
 407 0.0084 0.0055 0.0327 0.0799 0.0678 0.0646 0.7411 
 408 0.0084 0.0050 0.1825 0.1821 0.3852 0.0602 0.1765 
 409 0.0353 0.0128 0.0495 0.0646 0.3276 0.2682 0.2420 
 410 0.0166 0.1104 0.1235 0.0881 0.1167 0.1369 0.4077 
 411 0.0093 0.0498 0.0502 0.0772 0.1522 0.1874 0.4737 
 412 0.0109 0.0066 0.0727 0.3805 0.0729 0.0957 0.3608 
 413 0.0082 0.0059 0.0842 0.2273 0.0867 0.2243 0.3635 
 414 0.0221 0.0051 0.1281 0.3557 0.0785 0.0675 0.3431 
 415 0.0113 0.0076 0.0414 0.0793 0.1782 0.0952 0.5870 
 416 0.0506 0.0089 0.0696 0.1102 0.1656 0.1458 0.4494 
 417 0.0082 0.0073 0.0460 0.0912 0.0703 0.0759 0.7011 
 418 0.0081 0.0098 0.1456 0.1680 0.0608 0.0725 0.5352 
 419 0.0413 0.0159 0.0812 0.1200 0.1735 0.2478 0.3204 
 420 0.0118 0.0049 0.1418 0.0705 0.4126 0.0735 0.2850 
 421 0.0089 0.0079 0.0630 0.1799 0.0887 0.0826 0.5689 
 422 0.0110 0.0088 0.0310 0.2657 0.2229 0.0983 0.3623 
 423 0.0085 0.0148 0.0494 0.1816 0.1216 0.1239 0.5002 
 424 0.0197 0.0116 0.2658 0.0790 0.2400 0.1182 0.2655 
 425 0.0726 0.0368 0.0597 0.2208 0.0865 0.1561 0.3675 
 426 0.0390 0.0427 0.2391 0.1218 0.1001 0.1511 0.3062 
 427 0.0089 0.0057 0.0732 0.0529 0.0731 0.1729 0.6133 
 428 0.0115 0.0351 0.0363 0.1207 0.2094 0.2069 0.3802 
 429 0.0077 0.0071 0.0903 0.0784 0.0561 0.0604 0.6999 
 430 0.0111 0.0064 0.0427 0.0987 0.0852 0.0749 0.6810 
 431 0.0174 0.0129 0.1785 0.2600 0.1044 0.1409 0.2859 
 432 0.0100 0.0079 0.0782 0.3828 0.1044 0.1198 0.2970 
 433 0.0090 0.0169 0.0660 0.2454 0.1436 0.3566 0.1626 
 434 0.0166 0.0085 0.0340 0.2136 0.1349 0.1921 0.4003 
 435 0.0069 0.0054 0.0427 0.0674 0.0920 0.0660 0.7197 
 436 0.0111 0.0089 0.1630 0.0394 0.1282 0.1111 0.5382 
 437 0.0068 0.0118 0.0304 0.0924 0.0667 0.0736 0.7183 
 438 0.0108 0.0069 0.0856 0.0514 0.4134 0.1107 0.3213 
 439 0.0104 0.0060 0.0559 0.0465 0.0776 0.0866 0.7170 
 440 0.0083 0.0047 0.0544 0.0538 0.0815 0.0552 0.7421 
 441 0.0111 0.0069 0.0472 0.0746 0.1033 0.1519 0.6051 
 442 0.0309 0.0077 0.0530 0.1004 0.1387 0.0801 0.5892 
 443 0.0129 0.0051 0.2981 0.0580 0.3057 0.0650 0.2552 
 444 0.0253 0.0067 0.0436 0.0826 0.1514 0.0779 0.6126 
 445 0.0302 0.0629 0.0425 0.0555 0.2966 0.1668 0.3455 
 446 0.0106 0.0529 0.2225 0.0442 0.0875 0.0747 0.5076 
 447 0.0296 0.0076 0.0400 0.0768 0.2141 0.1389 0.4930 
 448 0.0084 0.0061 0.0365 0.0929 0.1027 0.0780 0.6755 
 449 0.0092 0.0073 0.0376 0.1014 0.1261 0.1262 0.5922 
 450 0.0118 0.0137 0.0557 0.0747 0.0588 0.1351 0.6501 
 451 0.0095 0.0066 0.1828 0.2087 0.1430 0.0572 0.3923 
 452 0.0086 0.0085 0.0514 0.0641 0.0606 0.1159 0.6909 
 453 0.0160 0.0055 0.0609 0.0766 0.5984 0.0961 0.1465 
 454 0.0093 0.0057 0.0483 0.0824 0.0826 0.1378 0.6339 
 455 0.0109 0.0055 0.0815 0.0493 0.2477 0.0710 0.5342 
 456 0.0116 0.0067 0.0518 0.0672 0.2731 0.0671 0.5225 
 457 0.0073 0.0073 0.0270 0.0709 0.0718 0.0799 0.7359 
 458 0.0139 0.0551 0.0728 0.0546 0.0823 0.0862 0.6350 
 459 0.0115 0.0058 0.1350 0.0454 0.1431 0.1571 0.5020 
 460 0.0100 0.0054 0.1845 0.0485 0.0975 0.0709 0.5832 
 461 0.0093 0.0076 0.3787 0.0523 0.0578 0.0720 0.4222 
 462 0.1024 0.0102 0.1126 0.1287 0.1554 0.0532 0.4376 
 463 0.0111 0.0049 0.0388 0.0698 0.5251 0.0910 0.2593 
 464 0.0086 0.0046 0.1215 0.0568 0.2143 0.0677 0.5266 
 465 0.0118 0.0092 0.1933 0.0966 0.2021 0.0901 0.3970 
 466 0.0082 0.0050 0.0693 0.0758 0.4235 0.0685 0.3497 
 467 0.0274 0.0075 0.1150 0.0963 0.2140 0.1130 0.4269 
 468 0.0075 0.0057 0.0257 0.0587 0.1781 0.0690 0.6552 
 469 0.0087 0.0056 0.0359 0.0446 0.0811 0.0738 0.7502 
 470 0.0071 0.0053 0.0674 0.0537 0.0801 0.0675 0.7189 
 471 0.0247 0.0079 0.0809 0.1283 0.2755 0.0826 0.4002 
 472 0.0177 0.0088 0.0603 0.1070 0.2499 0.0859 0.4704 
 473 0.0086 0.0068 0.0326 0.1402 0.1273 0.1221 0.5624 
 474 0.0107 0.0072 0.0510 0.0642 0.1294 0.1217 0.6158 
 475 0.0094 0.0074 0.1281 0.0880 0.1961 0.1419 0.4291 
 476 0.0109 0.0107 0.0647 0.0505 0.1263 0.0871 0.6499 
 477 0.0193 0.0085 0.2096 0.0803 0.2337 0.1161 0.3325 
 478 0.0139 0.0074 0.5765 0.0622 0.0726 0.0653 0.2020 
 479 0.0078 0.0054 0.0502 0.0532 0.0737 0.0653 0.7444 
 480 0.0072 0.0075 0.0377 0.0516 0.0618 0.0748 0.7594 
 481 0.0212 0.0072 0.0369 0.2596 0.1299 0.0809 0.4643 
 482 0.0072 0.0068 0.0738 0.0508 0.0580 0.0655 0.7380 
 483 0.0096 0.0075 0.1112 0.0507 0.1041 0.0890 0.6278 
 484 0.0174 0.0059 0.0487 0.0772 0.3352 0.0871 0.4284 
 485 0.0085 0.0066 0.1047 0.0485 0.1257 0.0694 0.6366 
 486 0.0434 0.0144 0.0889 0.2556 0.2494 0.1170 0.2314 
 487 0.0322 0.0162 0.0540 0.2408 0.1749 0.2380 0.2439 
 488 0.0587 0.0114 0.1197 0.3616 0.1169 0.1626 0.1691 
 489 0.0225 0.0165 0.0284 0.2683 0.1979 0.2420 0.2244 
 490 0.0184 0.0083 0.2064 0.1510 0.2543 0.0722 0.2894 
 491 0.0550 0.0094 0.0298 0.3979 0.1393 0.2263 0.1423 
 492 0.0330 0.0066 0.1668 0.1183 0.2155 0.3215 0.1383 
 493 0.0614 0.0249 0.0493 0.4754 0.1089 0.1255 0.1546 
 494 0.0371 0.0779 0.0456 0.2748 0.1700 0.1960 0.1985 
 495 0.0845 0.0468 0.2166 0.1005 0.1755 0.2284 0.1478 
 496 0.0083 0.0084 0.0451 0.1472 0.2286 0.3932 0.1693 
 497 0.1142 0.0325 0.0310 0.4123 0.0704 0.1952 0.1446 
 498 0.1289 0.0117 0.0671 0.2259 0.2012 0.1194 0.2458 
 499 0.0164 0.0538 0.0350 0.2177 0.1384 0.3735 0.1651 
 500 0.0130 0.0332 0.0374 0.4006 0.1117 0.1234 0.2806 
 501 0.0130 0.0194 0.0621 0.1757 0.1112 0.2975 0.3212 
 502 0.0339 0.0114 0.1224 0.1923 0.0924 0.3274 0.2201 
 503 0.0100 0.0119 0.0361 0.2342 0.0979 0.0974 0.5125 
 504 0.0822 0.0112 0.1947 0.1774 0.2315 0.1081 0.1948 
 505 0.0210 0.0135 0.0482 0.2825 0.3285 0.1781 0.1281 
 506 0.0476 0.0094 0.1352 0.2133 0.1154 0.2972 0.1819 
 507 0.0072 0.0097 0.0225 0.0940 0.1637 0.6147 0.0882 
 508 0.0137 0.0248 0.0321 0.1228 0.1911 0.5307 0.0849 
 509 0.0134 0.0098 0.0414 0.2954 0.2341 0.2825 0.1235 
 510 0.0118 0.0956 0.0490 0.1642 0.1114 0.3520 0.2159 
 511 0.0304 0.0158 0.0960 0.1354 0.1738 0.1225 0.4261 
 512 0.0195 0.0112 0.0763 0.1553 0.0739 0.0822 0.5816 
 513 0.4392 0.0107 0.0687 0.1815 0.1198 0.1123 0.0677 
 514 0.0110 0.0096 0.2575 0.2076 0.1717 0.1445 0.1981 
 515 0.0135 0.0208 0.0373 0.1113 0.2206 0.2349 0.3616 
 516 0.0117 0.0114 0.1211 0.2760 0.3085 0.1309 0.1404 
 517 0.0087 0.0092 0.0491 0.1034 0.3601 0.2160 0.2535 
 518 0.0103 0.1183 0.0370 0.2165 0.0844 0.2950 0.2385 
 519 0.0175 0.0068 0.2512 0.1305 0.2102 0.1522 0.2316 
 520 0.0082 0.0096 0.0261 0.0771 0.3611 0.3005 0.2173 
 521 0.0100 0.0068 0.0891 0.1756 0.1530 0.3997 0.1659 
 522 0.0107 0.0576 0.0440 0.1061 0.2838 0.1076 0.3902 
 523 0.0083 0.0086 0.0478 0.0739 0.5267 0.2086 0.1261 
 524 0.0075 0.0101 0.0372 0.1367 0.2135 0.1678 0.4272 
 525 0.0080 0.1412 0.0286 0.1046 0.1846 0.2823 0.2505 
 526 0.0080 0.0065 0.0245 0.0699 0.5133 0.1155 0.2622 
 527 0.0208 0.1236 0.1015 0.2137 0.1030 0.1162 0.3211 
 528 0.0085 0.0059 0.0364 0.1809 0.1311 0.5214 0.1160 
 529 0.0150 0.1030 0.0434 0.3571 0.1141 0.2077 0.1597 
 530 0.0167 0.0102 0.0349 0.1107 0.2433 0.1710 0.4132 
 531 0.0104 0.0086 0.0370 0.0776 0.1557 0.4313 0.2793 
 532 0.0125 0.0457 0.0464 0.2456 0.1309 0.3273 0.1917 
 533 0.0100 0.0981 0.0321 0.1933 0.2179 0.1391 0.3096 
 534 0.0178 0.0924 0.0707 0.1996 0.3536 0.1849 0.0809 
 535 0.0085 0.0064 0.0590 0.0782 0.5092 0.1171 0.2216 
 536 0.0189 0.0107 0.0582 0.1444 0.2423 0.2464 0.2792 
 537 0.0183 0.0094 0.0450 0.0978 0.3814 0.3137 0.1345 
 538 0.0101 0.0067 0.0330 0.1982 0.3088 0.2545 0.1888 
 539 0.0098 0.0063 0.0254 0.1099 0.1234 0.6233 0.1019 
 540 0.0119 0.0083 0.0305 0.1828 0.2683 0.2853 0.2129 
 541 0.0242 0.0095 0.0744 0.1030 0.1377 0.4818 0.1693 
 542 0.0312 0.0068 0.0292 0.1351 0.4727 0.1044 0.2206 
 543 0.0179 0.0072 0.1547 0.1026 0.3407 0.2440 0.1329 
 544 0.0112 0.0054 0.0288 0.0849 0.5644 0.1429 0.1623 
 545 0.0139 0.0053 0.0432 0.0689 0.6050 0.0710 0.1927 
 546 0.0348 0.0062 0.0331 0.1931 0.3588 0.2096 0.1643 
 547 0.0107 0.0053 0.0393 0.0515 0.6348 0.1510 0.1075 
 548 0.0098 0.0066 0.0313 0.4199 0.0847 0.3332 0.1145 
 549 0.0215 0.0098 0.0385 0.0531 0.2787 0.3950 0.2034 
 550 0.0150 0.0047 0.0633 0.0615 0.4580 0.1008 0.2967 
 551 0.0115 0.0107 0.0521 0.0630 0.1729 0.5373 0.1525 
 552 0.0102 0.0083 0.0252 0.2139 0.3166 0.2753 0.1506 
 553 0.0168 0.0074 0.0717 0.0692 0.5203 0.2263 0.0882 
 554 0.0164 0.0155 0.0608 0.1920 0.1862 0.2205 0.3086 
 555 0.0376 0.0079 0.0372 0.1350 0.2486 0.3927 0.1410 
 556 0.0116 0.0072 0.0358 0.1687 0.4040 0.2090 0.1637 
 557 0.0149 0.0054 0.0856 0.0602 0.3752 0.1512 0.3075 
 558 0.0071 0.0066 0.0736 0.0456 0.0538 0.0682 0.7452 
 559 0.0101 0.0077 0.1021 0.4096 0.1570 0.1052 0.2083 
 560 0.0156 0.0054 0.2815 0.0952 0.0774 0.0537 0.4713 
 561 0.0161 0.0065 0.0595 0.1615 0.1795 0.0716 0.5053 
 562 0.0182 0.0077 0.1334 0.2384 0.1607 0.0532 0.3885 
 563 0.0238 0.0106 0.2605 0.0569 0.1901 0.2180 0.2402 
 564 0.0102 0.0102 0.0382 0.4507 0.1834 0.1072 0.2001 
 565 0.0080 0.0065 0.0296 0.0666 0.0649 0.0780 0.7464 
 566 0.0101 0.0047 0.2987 0.0785 0.0886 0.0553 0.4642 
 567 0.0101 0.0075 0.0407 0.5864 0.1199 0.0688 0.1666 
 568 0.0078 0.0063 0.0832 0.1892 0.2397 0.1092 0.3647 
 569 0.0095 0.0091 0.0636 0.1040 0.2105 0.1090 0.4944 
 570 0.0066 0.0097 0.0467 0.0846 0.0538 0.0575 0.7412 
 571 0.0082 0.0057 0.3199 0.1778 0.1041 0.0882 0.2961 
 572 0.0190 0.0047 0.0228 0.0799 0.4158 0.2275 0.2305 
 573 0.0081 0.0078 0.0325 0.4032 0.1327 0.1053 0.3105 
 574 0.0124 0.0090 0.0299 0.0960 0.1129 0.2138 0.5261 
 575 0.0093 0.0074 0.1510 0.1474 0.1550 0.1792 0.3508 
 576 0.0240 0.0057 0.1874 0.1526 0.0701 0.0572 0.5030 
 577 0.0122 0.0115 0.0374 0.1085 0.1088 0.2031 0.5186 
 578 0.0201 0.0062 0.1403 0.1438 0.1055 0.0920 0.4921 
 579 0.0339 0.0067 0.0449 0.2510 0.1128 0.0809 0.4697 
 580 0.0095 0.0069 0.0359 0.1074 0.0818 0.1259 0.6327 
 581 0.0086 0.0060 0.0581 0.0855 0.0833 0.1032 0.6553 
 582 0.0089 0.0070 0.1010 0.0744 0.1287 0.0640 0.6160 
 583 0.0110 0.0574 0.2767 0.1311 0.0809 0.0882 0.3546 
 584 0.0111 0.0082 0.2035 0.1385 0.0848 0.0681 0.4858 
 585 0.0226 0.0074 0.1072 0.1320 0.0859 0.0729 0.5719 
 586 0.0102 0.0062 0.4150 0.1639 0.1338 0.1160 0.1549 
 587 0.0130 0.0136 0.0434 0.2252 0.1754 0.0633 0.4661 
 588 0.0127 0.0077 0.0268 0.5199 0.2677 0.0854 0.0798 
 589 0.0089 0.0061 0.0374 0.0973 0.1893 0.0693 0.5918 
 590 0.0141 0.0081 0.1979 0.3963 0.0967 0.0769 0.2101 
 591 0.0094 0.0059 0.1856 0.2521 0.1141 0.0966 0.3362 
 592 0.0090 0.0052 0.0862 0.2258 0.2701 0.0693 0.3343 
 593 0.0079 0.0071 0.0663 0.1961 0.1364 0.1268 0.4594 
 594 0.0169 0.0489 0.1292 0.2368 0.1232 0.1808 0.2643 
 595 0.0552 0.0106 0.0449 0.3318 0.0549 0.0615 0.4412 
 596 0.0119 0.0049 0.0439 0.2861 0.2735 0.1107 0.2690 
 597 0.0088 0.0074 0.4255 0.0760 0.1212 0.2445 0.1166 
 598 0.0065 0.0087 0.0406 0.0533 0.0548 0.0630 0.7731 
 599 0.0074 0.0073 0.1349 0.1584 0.1800 0.0589 0.4532 
 600 0.0124 0.0053 0.0318 0.1013 0.1476 0.1491 0.5526 
 601 0.0105 0.0052 0.0702 0.1074 0.1527 0.0611 0.5930 
 602 0.0135 0.0092 0.0507 0.4318 0.1042 0.1934 0.1973 
 603 0.0109 0.0067 0.0509 0.4605 0.1161 0.1779 0.1771 
 604 0.0269 0.0197 0.0437 0.1695 0.0938 0.1688 0.4777 
 605 0.0148 0.0068 0.0460 0.2307 0.1977 0.1034 0.4005 
 606 0.0118 0.0152 0.0556 0.2629 0.1634 0.2259 0.2652 
 607 0.0126 0.0086 0.0334 0.1773 0.0693 0.3139 0.3850 
 608 0.0084 0.0071 0.0762 0.0782 0.0811 0.4731 0.2757 
 609 0.0139 0.0111 0.0416 0.0939 0.1533 0.1302 0.5559 
 610 0.0128 0.0068 0.0310 0.1103 0.2293 0.1008 0.5091 
 611 0.0106 0.0090 0.0667 0.2618 0.2405 0.2140 0.1974 
 612 0.0117 0.0169 0.0291 0.0624 0.1326 0.0891 0.6581 
 613 0.0164 0.0460 0.0460 0.1495 0.2175 0.1264 0.3982 
 614 0.0184 0.0105 0.0251 0.1421 0.0805 0.0844 0.6391 
 615 0.0096 0.0084 0.0253 0.1372 0.0939 0.1521 0.5735 
 616 0.0095 0.0067 0.0417 0.2223 0.0716 0.2227 0.4256 
 617 0.0765 0.0205 0.0396 0.1748 0.1445 0.0825 0.4617 
 618 0.0365 0.0144 0.0306 0.1564 0.1101 0.2430 0.4089 
 619 0.0076 0.0051 0.0521 0.1312 0.2439 0.1964 0.3636 
 620 0.0099 0.0051 0.0712 0.3520 0.2263 0.0549 0.2806 
 621 0.0125 0.0109 0.1289 0.1616 0.0791 0.0857 0.5213 
 622 0.0931 0.0177 0.0343 0.2699 0.1255 0.1471 0.3124 
 623 0.0104 0.0060 0.0624 0.3414 0.1479 0.0889 0.3431 
 624 0.0120 0.0117 0.0408 0.0870 0.0784 0.2428 0.5273 
 625 0.0426 0.0408 0.0639 0.1322 0.0774 0.2228 0.4203 
 626 0.0149 0.0418 0.0230 0.0729 0.2666 0.3743 0.2066 
 627 0.0159 0.0054 0.0538 0.2479 0.1773 0.1233 0.3763 
 628 0.0256 0.0061 0.0945 0.3677 0.1062 0.1181 0.2817 
 629 0.0146 0.0085 0.0650 0.3484 0.1054 0.1387 0.3194 
 630 0.0182 0.0199 0.0472 0.1422 0.0982 0.1108 0.5635 
 631 0.0103 0.0077 0.0320 0.2522 0.0685 0.1215 0.5078 
 632 0.0156 0.0067 0.0315 0.2555 0.1522 0.3269 0.2117 
 633 0.0189 0.0080 0.0475 0.1236 0.0792 0.2063 0.5164 
 634 0.0100 0.0078 0.0560 0.1683 0.1558 0.2788 0.3234 
 635 0.0090 0.0069 0.0282 0.1221 0.1078 0.4858 0.2403 
 636 0.0102 0.0101 0.0438 0.1122 0.0979 0.2740 0.4517 
 637 0.0153 0.0081 0.0388 0.1322 0.4282 0.1554 0.2220 
 638 0.0101 0.0099 0.0489 0.3734 0.0923 0.1864 0.2790 
 639 0.0186 0.0079 0.0265 0.1909 0.0868 0.1814 0.4879 
 640 0.0333 0.0070 0.1807 0.1904 0.0664 0.1214 0.4007 
 641 0.0118 0.0146 0.0349 0.3654 0.0836 0.1381 0.3515 
 642 0.0112 0.0070 0.0338 0.1006 0.2145 0.4570 0.1759 
 643 0.0105 0.0065 0.0452 0.0742 0.0801 0.6502 0.1334 
 644 0.0106 0.0075 0.0669 0.1261 0.1149 0.5395 0.1344 
 645 0.0156 0.0207 0.0221 0.0818 0.1033 0.5034 0.2531 
 646 0.0339 0.0084 0.0403 0.2561 0.2365 0.2049 0.2198 
 647 0.0402 0.0121 0.0742 0.1559 0.1672 0.3917 0.1587 
 648 0.0302 0.2117 0.0278 0.1690 0.2134 0.2244 0.1235 
 649 0.0126 0.0163 0.0361 0.3426 0.2783 0.2001 0.1140 
 650 0.0120 0.0069 0.0538 0.2905 0.2378 0.2520 0.1470 
 651 0.0278 0.0129 0.0352 0.3832 0.0638 0.3392 0.1378 
 652 0.0089 0.0076 0.0331 0.1373 0.1045 0.5584 0.1502 
 653 0.0259 0.0934 0.0304 0.1089 0.1879 0.4109 0.1426 
 654 0.0362 0.0104 0.0278 0.1334 0.2241 0.4340 0.1340 
 655 0.0090 0.0057 0.0783 0.0989 0.1209 0.4896 0.1976 
 656 0.0361 0.0305 0.0315 0.2061 0.2410 0.3055 0.1493 
 657 0.0109 0.1136 0.0368 0.1443 0.1085 0.2743 0.3115 
 658 0.0088 0.0223 0.0775 0.1248 0.2452 0.2677 0.2537 
 659 0.0157 0.0221 0.0352 0.1220 0.1977 0.4450 0.1623 
 660 0.0085 0.0215 0.0323 0.1493 0.1676 0.5106 0.1103 
 661 0.0158 0.0153 0.0250 0.0951 0.2447 0.4654 0.1387 
 662 0.0156 0.0136 0.0377 0.3020 0.3853 0.1478 0.0981 
 663 0.0077 0.0069 0.0402 0.2233 0.1020 0.4737 0.1462 
 664 0.0173 0.0080 0.1181 0.0895 0.1975 0.2961 0.2736 
 665 0.0097 0.0055 0.0328 0.3478 0.2763 0.2109 0.1171 
 666 0.0090 0.0069 0.0309 0.1562 0.1874 0.4465 0.1630 
 667 0.1146 0.0293 0.0555 0.2979 0.1473 0.1781 0.1773 
 668 0.0114 0.0072 0.0327 0.1363 0.1729 0.4177 0.2217 
 669 0.0122 0.0797 0.0397 0.2432 0.1900 0.3155 0.1197 
 670 0.0065 0.0064 0.0219 0.0885 0.0784 0.7117 0.0866 
 671 0.0085 0.0064 0.0315 0.1232 0.1337 0.5865 0.1102 
 672 0.0070 0.0055 0.0570 0.0472 0.1438 0.5844 0.1551 
 673 0.0069 0.0222 0.0223 0.0516 0.0506 0.7613 0.0852 
 674 0.0108 0.0059 0.0206 0.0896 0.1094 0.6261 0.1376 
 675 0.0234 0.0071 0.0512 0.0591 0.0654 0.7024 0.0914 
 676 0.0070 0.0062 0.0212 0.0487 0.0538 0.7794 0.0838 
 677 0.0080 0.0055 0.0197 0.0718 0.2194 0.6008 0.0748 
 678 0.0080 0.0440 0.0268 0.0531 0.0473 0.7338 0.0871 
 679 0.0085 0.0065 0.0211 0.0890 0.0529 0.6743 0.1477 
 680 0.0112 0.0082 0.0217 0.0665 0.0741 0.6961 0.1221 
 681 0.0184 0.0077 0.0252 0.0742 0.3823 0.2890 0.2033 
 682 0.0089 0.0065 0.0221 0.0500 0.0804 0.7048 0.1274 
 683 0.0070 0.0057 0.0220 0.0670 0.0885 0.7293 0.0805 
 684 0.0082 0.0328 0.0254 0.0534 0.0564 0.7396 0.0842 
 685 0.0069 0.0058 0.0206 0.0493 0.0585 0.7817 0.0773 
 686 0.0099 0.0071 0.0222 0.0796 0.2238 0.5414 0.1161 
 687 0.0079 0.0060 0.0306 0.1252 0.1557 0.5746 0.1000 
 688 0.0081 0.0061 0.0297 0.0706 0.0781 0.7003 0.1072 
 689 0.0068 0.0063 0.0204 0.0503 0.0543 0.7840 0.0780 
 690 0.0069 0.0059 0.0213 0.0490 0.0544 0.7782 0.0844 
 691 0.0110 0.0068 0.0208 0.0819 0.0834 0.6617 0.1344 
 692 0.0084 0.0370 0.0320 0.0733 0.0616 0.6774 0.1104 
 693 0.0111 0.0059 0.0428 0.0617 0.0695 0.6784 0.1306 
 694 0.0064 0.0054 0.0201 0.0483 0.0603 0.7878 0.0718 
 695 0.0076 0.0058 0.0244 0.0455 0.1278 0.6723 0.1166 
 696 0.0082 0.0058 0.0303 0.0703 0.0778 0.7001 0.1074 
 697 0.0071 0.0071 0.0198 0.0570 0.0708 0.7579 0.0803 
 698 0.0070 0.0058 0.0208 0.0533 0.0575 0.7718 0.0837 
 699 0.0080 0.0050 0.0218 0.0493 0.2523 0.5654 0.0983 
 700 0.0370 0.0069 0.0465 0.0534 0.1827 0.5781 0.0954 
 701 0.0091 0.0675 0.0289 0.0638 0.1129 0.5766 0.1410 
 702 0.0106 0.0071 0.0297 0.0698 0.1658 0.5685 0.1485 
 703 0.0089 0.0063 0.0217 0.0562 0.0871 0.6932 0.1265 
 704 0.0075 0.0053 0.0280 0.0691 0.1006 0.6917 0.0978 
 705 0.0187 0.0274 0.0288 0.0711 0.3467 0.3757 0.1316 
 706 0.0097 0.0078 0.0202 0.0543 0.1122 0.6828 0.1129 
 707 0.0079 0.0194 0.0204 0.0541 0.0939 0.7250 0.0793 
 708 0.0092 0.0064 0.0214 0.0600 0.0627 0.7582 0.0821 
 709 0.0142 0.0051 0.0247 0.0458 0.1421 0.6830 0.0852 
 710 0.0074 0.0061 0.0199 0.0457 0.0652 0.7788 0.0768 
 711 0.0098 0.0070 0.0200 0.0610 0.1736 0.6265 0.1020 
 712 0.0105 0.0054 0.0190 0.0597 0.1523 0.6813 0.0718 
 713 0.0077 0.0062 0.0293 0.0714 0.0861 0.7007 0.0986 
 714 0.0163 0.0070 0.0224 0.1022 0.0717 0.6362 0.1442 
 715 0.0075 0.0054 0.0190 0.0495 0.1202 0.7256 0.0729 
 716 0.0098 0.0066 0.0208 0.0466 0.1068 0.6977 0.1115 
 717 0.0068 0.0050 0.0198 0.0432 0.0806 0.7713 0.0733 
 718 0.0135 0.0088 0.0215 0.0819 0.1240 0.6403 0.1099 
 719 0.0090 0.0078 0.0225 0.0511 0.1086 0.7277 0.0733 
 720 0.0144 0.0058 0.0683 0.2917 0.0954 0.0915 0.4330 
 721 0.0131 0.0065 0.0222 0.0809 0.0899 0.5209 0.2664 
 722 0.0130 0.0083 0.0318 0.1097 0.1440 0.1437 0.5495 
 723 0.0092 0.0109 0.0319 0.1594 0.0614 0.1397 0.5875 
 724 0.0093 0.0184 0.0450 0.0920 0.0608 0.2599 0.5147 
 725 0.0091 0.0129 0.0373 0.2930 0.0949 0.2880 0.2648 
 726 0.0090 0.0153 0.0297 0.1658 0.1135 0.1809 0.4858 
 727 0.0095 0.0147 0.0315 0.1203 0.2529 0.2894 0.2817 
