   1 0.0056 0.0080 0.0324 0.0487 0.1743 0.1874 0.1349 0.1052 0.1510 0.1524 
   2 0.0040 0.0039 0.0165 0.0530 0.0669 0.0657 0.1503 0.1177 0.2874 0.2347 
   3 0.0066 0.0047 0.0187 0.1678 0.1437 0.1366 0.0669 0.1313 0.1725 0.1513 
   4 0.0116 0.0156 0.0934 0.0564 0.1382 0.0855 0.0785 0.1122 0.1444 0.2641 
   5 0.0049 0.0058 0.0213 0.0612 0.0654 0.0731 0.2522 0.1299 0.2169 0.1692 
   6 0.0062 0.0045 0.0291 0.2494 0.0649 0.1160 0.0875 0.1694 0.1329 0.1400 
   7 0.0059 0.0045 0.0185 0.0548 0.0701 0.1311 0.1765 0.3390 0.0981 0.1015 
   8 0.0170 0.0578 0.0945 0.0962 0.1148 0.0891 0.0887 0.1505 0.1254 0.1660 
   9 0.0073 0.0105 0.0187 0.1072 0.1080 0.1119 0.1195 0.1217 0.2037 0.1916 
  10 0.0073 0.0426 0.0932 0.0732 0.0798 0.1039 0.1535 0.1803 0.1193 0.1468 
  11 0.0047 0.0042 0.0173 0.0483 0.0758 0.2003 0.2367 0.2149 0.0977 0.1001 
  12 0.0051 0.0043 0.0240 0.0744 0.0818 0.0722 0.1778 0.1364 0.2192 0.2048 
  13 0.0064 0.0048 0.0194 0.0696 0.1068 0.1089 0.1362 0.1940 0.1771 0.1767 
  14 0.0040 0.0077 0.0353 0.0681 0.1122 0.1116 0.0875 0.0934 0.2864 0.1938 
  15 0.0056 0.0046 0.0323 0.0594 0.1149 0.1284 0.1127 0.1380 0.1727 0.2312 
  16 0.0048 0.0042 0.0178 0.0719 0.1091 0.1869 0.1935 0.1598 0.1308 0.1213 
  17 0.0092 0.0063 0.0218 0.1290 0.0998 0.0913 0.1556 0.1364 0.1802 0.1703 
  18 0.0086 0.0063 0.0263 0.0937 0.0879 0.1676 0.0780 0.0965 0.2059 0.2292 
  19 0.0053 0.0042 0.0186 0.1722 0.0805 0.0952 0.1444 0.1699 0.1481 0.1617 
  20 0.0050 0.0043 0.0231 0.0762 0.0852 0.1083 0.1819 0.1913 0.1623 0.1622 
  21 0.0048 0.0063 0.0354 0.0423 0.1232 0.1152 0.1088 0.1048 0.2394 0.2198 
  22 0.0084 0.0044 0.0190 0.2101 0.1148 0.1264 0.0925 0.1218 0.1459 0.1566 
  23 0.0078 0.0109 0.0293 0.0650 0.1785 0.0893 0.0912 0.1026 0.2278 0.1976 
  24 0.0050 0.0042 0.0219 0.0507 0.1644 0.1615 0.1275 0.1296 0.1453 0.1899 
  25 0.0058 0.0051 0.0181 0.1190 0.0637 0.1264 0.1840 0.1930 0.1557 0.1293 
  26 0.0072 0.0047 0.0279 0.0728 0.1071 0.1212 0.1561 0.1303 0.1676 0.2052 
  27 0.0059 0.0047 0.0229 0.0667 0.1101 0.1297 0.1978 0.1284 0.1834 0.1503 
  28 0.0053 0.0119 0.1155 0.0485 0.0910 0.1338 0.0790 0.1601 0.1444 0.2105 
  29 0.0041 0.0038 0.0154 0.0513 0.1034 0.0825 0.2041 0.1944 0.1919 0.1489 
  30 0.0055 0.0041 0.0165 0.1594 0.1136 0.1646 0.1103 0.1086 0.1759 0.1416 
  31 0.0111 0.0542 0.0794 0.0630 0.0959 0.0814 0.1410 0.1553 0.1856 0.1331 
  32 0.0047 0.0066 0.0323 0.1456 0.1089 0.0867 0.0874 0.1165 0.1916 0.2197 
  33 0.0053 0.0042 0.0174 0.0962 0.1529 0.1439 0.0832 0.1840 0.1629 0.1500 
  34 0.0061 0.0476 0.0841 0.1007 0.0655 0.0874 0.1898 0.2307 0.0902 0.0981 
  35 0.0112 0.0047 0.0144 0.1177 0.1358 0.0846 0.1775 0.1017 0.2418 0.1106 
  36 0.0046 0.0051 0.0178 0.0367 0.1847 0.2320 0.0745 0.1004 0.2437 0.1006 
  37 0.0070 0.0045 0.0208 0.0611 0.1482 0.0799 0.0832 0.1335 0.2469 0.2149 
  38 0.0056 0.0050 0.0144 0.0617 0.0954 0.2771 0.1504 0.1593 0.1426 0.0885 
  39 0.0078 0.0051 0.0202 0.0647 0.1091 0.1639 0.1478 0.1726 0.1904 0.1184 
  40 0.0041 0.0044 0.0178 0.0571 0.2424 0.0914 0.0969 0.0859 0.2816 0.1183 
  41 0.0074 0.0066 0.0167 0.0654 0.2097 0.1312 0.1193 0.1466 0.2189 0.0783 
  42 0.0045 0.0046 0.0197 0.0267 0.2791 0.1884 0.0891 0.0881 0.1513 0.1487 
  43 0.0076 0.0062 0.0242 0.0510 0.2146 0.0638 0.0845 0.1307 0.2815 0.1360 
  44 0.0069 0.0045 0.0136 0.1146 0.2022 0.0690 0.0777 0.1103 0.3077 0.0936 
  45 0.0051 0.0050 0.0139 0.0298 0.1318 0.1750 0.1512 0.1105 0.2613 0.1164 
  46 0.0095 0.0048 0.0200 0.1581 0.1014 0.1004 0.1293 0.1522 0.2074 0.1168 
  47 0.0175 0.0082 0.0255 0.1412 0.1160 0.0889 0.1348 0.1126 0.1869 0.1685 
  48 0.0076 0.0049 0.0141 0.1229 0.2052 0.0661 0.0827 0.0894 0.3150 0.0922 
  49 0.0089 0.0049 0.0178 0.0625 0.1439 0.1467 0.1808 0.1013 0.2131 0.1203 
  50 0.0101 0.0185 0.0536 0.1623 0.0812 0.1035 0.1119 0.2055 0.1502 0.1031 
  51 0.0042 0.0052 0.0163 0.0291 0.2529 0.1541 0.0693 0.0855 0.3019 0.0815 
  52 0.0091 0.0050 0.0198 0.0626 0.1270 0.1502 0.1670 0.1772 0.1706 0.1115 
  53 0.0069 0.0090 0.0312 0.0949 0.1160 0.2528 0.0736 0.1641 0.1486 0.1029 
  54 0.0079 0.0054 0.0187 0.0530 0.1347 0.0547 0.1363 0.1089 0.2893 0.1911 
  55 0.0063 0.0043 0.0163 0.0522 0.1778 0.0596 0.0927 0.1106 0.3558 0.1245 
  56 0.0063 0.0045 0.0175 0.1096 0.1621 0.1171 0.1185 0.0878 0.2549 0.1218 
  57 0.0142 0.0076 0.0462 0.0880 0.1139 0.0950 0.1798 0.1305 0.1149 0.2100 
  58 0.0052 0.0045 0.0162 0.0315 0.1793 0.1013 0.1638 0.1072 0.2740 0.1170 
  59 0.0051 0.0047 0.0170 0.0389 0.1424 0.1870 0.2076 0.1020 0.1887 0.1068 
  60 0.0044 0.0056 0.0332 0.0353 0.2153 0.1033 0.0692 0.1042 0.2994 0.1299 
  61 0.0037 0.0050 0.0206 0.0263 0.1740 0.0543 0.0793 0.0912 0.3514 0.1942 
  62 0.0094 0.0059 0.0251 0.0742 0.0833 0.1080 0.2758 0.1201 0.1527 0.1454 
  63 0.0041 0.0043 0.0194 0.0401 0.1657 0.1027 0.0851 0.1921 0.2317 0.1549 
  64 0.0065 0.0043 0.0156 0.1210 0.0815 0.1674 0.2009 0.1151 0.1688 0.1190 
  65 0.0056 0.0046 0.0159 0.0625 0.0676 0.0749 0.1678 0.2837 0.1884 0.1290 
  66 0.0049 0.0073 0.0361 0.0380 0.1174 0.0766 0.1045 0.1514 0.2386 0.2251 
  67 0.0051 0.0052 0.0153 0.0462 0.1535 0.0540 0.0894 0.1193 0.3592 0.1527 
  68 0.0063 0.0053 0.0196 0.0338 0.1553 0.2027 0.1588 0.1024 0.1972 0.1186 
  69 0.0064 0.0857 0.1523 0.0602 0.0714 0.1829 0.1525 0.0893 0.1068 0.0925 
  70 0.0045 0.0074 0.0233 0.0371 0.1958 0.1347 0.0788 0.1881 0.2202 0.1101 
  71 0.0056 0.0061 0.0165 0.0401 0.1317 0.1724 0.1817 0.1119 0.2407 0.0934 
  72 0.0057 0.0054 0.0185 0.0929 0.1322 0.2295 0.0929 0.1180 0.2057 0.0993 
  73 0.0053 0.0061 0.0199 0.0336 0.1302 0.0732 0.1933 0.1169 0.2929 0.1288 
  74 0.0042 0.0043 0.0173 0.0381 0.2041 0.2220 0.0723 0.0925 0.2242 0.1209 
  75 0.0052 0.0066 0.0221 0.0320 0.2013 0.1828 0.0830 0.0764 0.2484 0.1422 
  76 0.0050 0.0042 0.0162 0.0490 0.1487 0.0727 0.0725 0.2312 0.2765 0.1241 
  77 0.0048 0.0047 0.0134 0.0353 0.1555 0.1808 0.1518 0.1697 0.1920 0.0920 
  78 0.0056 0.0056 0.0144 0.0535 0.1547 0.2283 0.1408 0.1467 0.1630 0.0873 
  79 0.0045 0.0046 0.0193 0.0471 0.0747 0.1456 0.1220 0.2638 0.1538 0.1646 
  80 0.0047 0.0046 0.0282 0.0323 0.1969 0.0752 0.0674 0.1508 0.1368 0.3031 
  81 0.0049 0.0046 0.0315 0.0329 0.1417 0.0922 0.0674 0.1993 0.1374 0.2881 
  82 0.0048 0.0043 0.0210 0.0386 0.1385 0.0891 0.1493 0.1411 0.2399 0.1734 
  83 0.0045 0.0051 0.0296 0.0448 0.1114 0.1228 0.0618 0.2099 0.1683 0.2418 
  84 0.0045 0.0043 0.0290 0.0382 0.1058 0.1207 0.0809 0.2498 0.1403 0.2266 
  85 0.0045 0.0048 0.0297 0.0566 0.1236 0.1651 0.0793 0.1342 0.1553 0.2469 
  86 0.0062 0.0050 0.0195 0.0627 0.1026 0.0703 0.1780 0.1318 0.2800 0.1439 
  87 0.0050 0.0073 0.0296 0.0404 0.0899 0.1331 0.0875 0.3051 0.1546 0.1476 
  88 0.0047 0.0043 0.0239 0.0334 0.1447 0.0960 0.0964 0.1862 0.1726 0.2379 
  89 0.0054 0.0077 0.0412 0.0308 0.1275 0.0913 0.0795 0.1504 0.1819 0.2844 
  90 0.0046 0.0043 0.0207 0.0333 0.0790 0.1019 0.1027 0.3117 0.1624 0.1794 
  91 0.0046 0.0048 0.0293 0.0436 0.1777 0.1308 0.0638 0.1253 0.1394 0.2808 
  92 0.0049 0.0042 0.0210 0.0415 0.0946 0.1170 0.1217 0.1983 0.1904 0.2064 
  93 0.0046 0.0154 0.0900 0.0309 0.2035 0.0760 0.0805 0.0917 0.1282 0.2792 
  94 0.0044 0.0047 0.0206 0.0360 0.0798 0.1817 0.0608 0.3951 0.1092 0.1078 
  95 0.0044 0.0045 0.0242 0.0279 0.1204 0.0839 0.0816 0.2969 0.1499 0.2063 
  96 0.0043 0.0045 0.0238 0.0270 0.2182 0.0615 0.0785 0.0983 0.2931 0.1909 
  97 0.0053 0.0041 0.0182 0.0331 0.1556 0.2144 0.0879 0.0819 0.2336 0.1660 
  98 0.0038 0.0040 0.0153 0.0466 0.1779 0.0922 0.1208 0.1201 0.2609 0.1584 
  99 0.0045 0.0045 0.0281 0.0342 0.0991 0.1081 0.0826 0.2565 0.1498 0.2325 
 100 0.0049 0.0045 0.0264 0.0299 0.1854 0.0568 0.0735 0.0837 0.1966 0.3384 
 101 0.0061 0.0163 0.0636 0.0405 0.1042 0.1263 0.0919 0.1914 0.1833 0.1764 
 102 0.0058 0.0056 0.0304 0.0366 0.1935 0.1053 0.1100 0.1498 0.1536 0.2094 
 103 0.0047 0.0133 0.0535 0.0360 0.0725 0.0636 0.0766 0.1716 0.2531 0.2552 
 104 0.0046 0.0070 0.0502 0.0363 0.0527 0.0643 0.1091 0.4043 0.1374 0.1342 
 105 0.0057 0.0151 0.0815 0.0323 0.0647 0.0603 0.1832 0.2042 0.1762 0.1767 
 106 0.0042 0.0039 0.0138 0.0428 0.0593 0.1199 0.1084 0.4353 0.1255 0.0869 
 107 0.0053 0.0146 0.0393 0.0406 0.0789 0.0640 0.0984 0.2521 0.2035 0.2032 
 108 0.0040 0.0054 0.0222 0.0959 0.0845 0.1433 0.0721 0.0992 0.3065 0.1669 
 109 0.0054 0.0065 0.0196 0.0381 0.0634 0.1174 0.3193 0.1979 0.1439 0.0885 
 110 0.0048 0.0075 0.0178 0.0453 0.0596 0.1219 0.1124 0.4393 0.1042 0.0873 
 111 0.0069 0.0108 0.0252 0.0391 0.0640 0.0629 0.1817 0.3450 0.1392 0.1253 
 112 0.0048 0.0059 0.0167 0.0289 0.0745 0.0865 0.2541 0.3238 0.1188 0.0859 
 113 0.0050 0.0088 0.0263 0.0541 0.0885 0.1059 0.1171 0.1247 0.2819 0.1877 
 114 0.0046 0.0077 0.0590 0.0314 0.0565 0.0626 0.1679 0.3242 0.1330 0.1532 
 115 0.0053 0.0106 0.0188 0.0486 0.1243 0.0691 0.1556 0.2796 0.1798 0.1084 
 116 0.0055 0.0046 0.0141 0.0381 0.1036 0.1356 0.1804 0.2411 0.1952 0.0817 
 117 0.0062 0.0158 0.0204 0.0418 0.0861 0.1148 0.2362 0.2865 0.1043 0.0879 
 118 0.0049 0.0094 0.0202 0.0418 0.0732 0.0648 0.2423 0.1448 0.2462 0.1524 
 119 0.0042 0.0048 0.0249 0.0349 0.2198 0.0920 0.0583 0.1520 0.2260 0.1830 
 120 0.0053 0.0077 0.0240 0.0397 0.0988 0.0694 0.1745 0.2695 0.1783 0.1328 
 121 0.0092 0.0676 0.0215 0.0419 0.1049 0.0854 0.1706 0.2294 0.1759 0.0936 
 122 0.0042 0.0063 0.0244 0.0379 0.0617 0.1068 0.1787 0.3208 0.1407 0.1184 
 123 0.0049 0.0186 0.0290 0.0424 0.0745 0.0988 0.0979 0.3370 0.1587 0.1382 
 124 0.0075 0.0336 0.0205 0.0868 0.0841 0.1558 0.1233 0.1843 0.1893 0.1148 
 125 0.0050 0.0071 0.0170 0.0593 0.1088 0.1980 0.2597 0.1409 0.1156 0.0885 
 126 0.0037 0.0044 0.0210 0.0320 0.1108 0.1277 0.0854 0.2898 0.2029 0.1223 
 127 0.0049 0.0091 0.0235 0.0344 0.0654 0.0564 0.1084 0.4046 0.1597 0.1338 
 128 0.0043 0.0041 0.0188 0.0358 0.0701 0.0601 0.2326 0.1283 0.2713 0.1745 
 129 0.0058 0.0144 0.0317 0.0369 0.0580 0.0613 0.1212 0.2539 0.2432 0.1737 
 130 0.0054 0.0126 0.0382 0.0342 0.0721 0.0648 0.1864 0.2856 0.1352 0.1654 
 131 0.0087 0.0299 0.0242 0.0548 0.0769 0.2255 0.1242 0.2128 0.1470 0.0959 
 132 0.0047 0.0070 0.0204 0.0364 0.0574 0.0950 0.1044 0.3481 0.1884 0.1382 
 133 0.0080 0.0157 0.0303 0.0475 0.0716 0.0713 0.0855 0.2843 0.2173 0.1684 
 134 0.0043 0.0046 0.0131 0.0343 0.0497 0.0863 0.1598 0.4713 0.0964 0.0803 
 135 0.0056 0.0044 0.0414 0.0264 0.1729 0.0842 0.1193 0.0746 0.2192 0.2521 
 136 0.0056 0.0070 0.0634 0.0486 0.1621 0.0764 0.1307 0.0727 0.1178 0.3158 
 137 0.0047 0.0073 0.0424 0.0323 0.2343 0.0710 0.1142 0.0843 0.0988 0.3107 
 138 0.0044 0.0044 0.1768 0.0304 0.0957 0.0862 0.0606 0.0766 0.1103 0.3545 
 139 0.0043 0.0061 0.0568 0.0374 0.0915 0.0771 0.0982 0.0801 0.2812 0.2672 
 140 0.0051 0.0091 0.0514 0.0300 0.1755 0.1148 0.0996 0.1134 0.1873 0.2138 
 141 0.0056 0.0212 0.1640 0.0521 0.0938 0.1073 0.1146 0.0807 0.1406 0.2200 
 142 0.0053 0.0096 0.0549 0.0274 0.1810 0.0748 0.0931 0.0761 0.2580 0.2199 
 143 0.0040 0.0038 0.0347 0.0279 0.2598 0.0605 0.0608 0.0676 0.1068 0.3740 
 144 0.0046 0.0047 0.0347 0.0295 0.2435 0.0638 0.1072 0.0815 0.1008 0.3297 
 145 0.0059 0.0070 0.0485 0.0537 0.1298 0.1092 0.1503 0.0811 0.1711 0.2434 
 146 0.0064 0.0071 0.0755 0.0334 0.1269 0.1240 0.1262 0.1238 0.1349 0.2418 
 147 0.0044 0.0062 0.0570 0.0315 0.2331 0.0681 0.0686 0.0703 0.0954 0.3654 
 148 0.0051 0.0228 0.1184 0.0491 0.1437 0.0721 0.1198 0.0966 0.1691 0.2033 
 149 0.0049 0.0811 0.1498 0.0294 0.1433 0.0905 0.0903 0.0722 0.1886 0.1500 
 150 0.0056 0.0073 0.0511 0.0342 0.1431 0.0724 0.1439 0.1118 0.1470 0.2838 
 151 0.0047 0.0039 0.0473 0.0288 0.1962 0.0684 0.0811 0.0891 0.1347 0.3457 
 152 0.0053 0.0087 0.0726 0.0674 0.1422 0.0903 0.1109 0.0838 0.1734 0.2453 
 153 0.0044 0.0067 0.1440 0.0296 0.1219 0.1022 0.0799 0.0912 0.1500 0.2702 
 154 0.0053 0.0990 0.1928 0.0468 0.1050 0.0710 0.1058 0.0707 0.1657 0.1378 
 155 0.0044 0.0045 0.1798 0.0292 0.0846 0.0601 0.0637 0.0953 0.1116 0.3667 
 156 0.0042 0.0045 0.0951 0.0261 0.1718 0.0587 0.0800 0.0845 0.1850 0.2901 
 157 0.0044 0.0065 0.1084 0.0291 0.1253 0.0830 0.0682 0.1599 0.1042 0.3112 
 158 0.0058 0.0068 0.0505 0.0493 0.1425 0.1217 0.1672 0.0785 0.1407 0.2370 
 159 0.0055 0.0434 0.1231 0.0301 0.1928 0.0657 0.0803 0.0711 0.1019 0.2863 
 160 0.0064 0.0418 0.1365 0.0299 0.1408 0.0668 0.0893 0.0717 0.1156 0.3013 
 161 0.0046 0.0062 0.0346 0.0311 0.2175 0.1211 0.0925 0.0954 0.1536 0.2433 
 162 0.0075 0.0072 0.0859 0.0356 0.0897 0.1086 0.1280 0.1266 0.1603 0.2507 
 163 0.0042 0.0044 0.1622 0.0271 0.1111 0.0616 0.0666 0.0869 0.1334 0.3424 
 164 0.0072 0.0526 0.1456 0.0322 0.0931 0.0827 0.1005 0.1114 0.1626 0.2121 
 165 0.0052 0.0047 0.0449 0.0292 0.1741 0.0711 0.1440 0.1047 0.1240 0.2979 
 166 0.0048 0.0571 0.1454 0.0370 0.1195 0.1054 0.0600 0.1311 0.1502 0.1896 
 167 0.0074 0.1168 0.2646 0.0522 0.0769 0.0732 0.0976 0.0909 0.0952 0.1252 
 168 0.0049 0.0047 0.1039 0.0374 0.1206 0.1386 0.0748 0.0823 0.1327 0.3002 
 169 0.0062 0.0065 0.0390 0.0473 0.1183 0.2415 0.1615 0.0752 0.1199 0.1844 
 170 0.0042 0.0042 0.0236 0.0285 0.2723 0.0701 0.0722 0.0877 0.1903 0.2469 
 171 0.0049 0.0058 0.0826 0.0506 0.1065 0.1153 0.0806 0.0887 0.1761 0.2889 
 172 0.0050 0.0188 0.0619 0.0299 0.1816 0.1890 0.0920 0.0696 0.1898 0.1624 
 173 0.0052 0.0056 0.1237 0.0315 0.0964 0.0613 0.0775 0.0729 0.1382 0.3877 
 174 0.0051 0.0057 0.1212 0.0317 0.1138 0.0760 0.0835 0.0936 0.1148 0.3545 
 175 0.0048 0.0045 0.0403 0.0570 0.2411 0.0664 0.0807 0.0744 0.1164 0.3144 
 176 0.0047 0.0047 0.0344 0.0293 0.2428 0.0636 0.1064 0.0812 0.1016 0.3313 
 177 0.0052 0.0065 0.1067 0.0298 0.0929 0.1329 0.0852 0.1640 0.1179 0.2588 
 178 0.0052 0.0066 0.1310 0.0557 0.0851 0.0772 0.1014 0.0973 0.1245 0.3160 
 179 0.0046 0.0155 0.1677 0.0341 0.1206 0.0621 0.0584 0.0733 0.1156 0.3480 
 180 0.0070 0.0186 0.0781 0.0350 0.1955 0.1134 0.1092 0.0964 0.1350 0.2119 
 181 0.0056 0.0063 0.0428 0.0323 0.1502 0.0940 0.1039 0.0779 0.1991 0.2879 
 182 0.0059 0.0048 0.0451 0.0280 0.1651 0.0629 0.0884 0.0706 0.1944 0.3349 
 183 0.0047 0.0061 0.0568 0.0343 0.1830 0.0627 0.0658 0.0736 0.1317 0.3812 
 184 0.0052 0.0042 0.0168 0.0861 0.0697 0.0616 0.0989 0.1101 0.3175 0.2298 
 185 0.0040 0.0055 0.0958 0.0270 0.1776 0.0501 0.0654 0.0605 0.1801 0.3340 
 186 0.0047 0.0043 0.0163 0.0570 0.0670 0.0611 0.0799 0.1612 0.3055 0.2431 
 187 0.0040 0.0047 0.0509 0.0516 0.0903 0.0602 0.0704 0.0956 0.2578 0.3145 
 188 0.0050 0.0048 0.0149 0.0558 0.0591 0.0531 0.0789 0.1306 0.3433 0.2547 
 189 0.0043 0.0047 0.0271 0.0837 0.1473 0.1424 0.0696 0.1117 0.1974 0.2119 
 190 0.0038 0.0040 0.0287 0.0246 0.1981 0.0474 0.0699 0.0656 0.3560 0.2017 
 191 0.0041 0.0049 0.0198 0.0406 0.0688 0.0567 0.0982 0.0937 0.3173 0.2960 
 192 0.0038 0.0044 0.0234 0.0480 0.1164 0.0644 0.0877 0.1237 0.2316 0.2966 
 193 0.0043 0.0041 0.0212 0.0512 0.1283 0.0761 0.1330 0.1066 0.2385 0.2366 
 194 0.0044 0.0059 0.0247 0.0403 0.1577 0.0695 0.0773 0.1147 0.2727 0.2328 
 195 0.0041 0.0049 0.0328 0.0304 0.1358 0.0535 0.0560 0.0670 0.2988 0.3167 
 196 0.0038 0.0042 0.0273 0.0349 0.1425 0.0532 0.0879 0.0888 0.3405 0.2170 
 197 0.0051 0.0048 0.0472 0.1001 0.0810 0.0643 0.1079 0.1522 0.2183 0.2190 
 198 0.0040 0.0044 0.0223 0.0548 0.1198 0.1118 0.1088 0.1424 0.2322 0.1996 
 199 0.0044 0.0040 0.0171 0.0334 0.1863 0.0676 0.0944 0.0897 0.3451 0.1581 
 200 0.0040 0.0044 0.0281 0.0542 0.1339 0.0756 0.1001 0.0993 0.3027 0.1976 
 201 0.0039 0.0042 0.0821 0.0389 0.0976 0.0516 0.0660 0.0743 0.2208 0.3606 
 202 0.0039 0.0040 0.0271 0.0306 0.2122 0.0538 0.0733 0.0821 0.2432 0.2698 
 203 0.0041 0.0052 0.0708 0.0339 0.1083 0.0486 0.0735 0.0751 0.2233 0.3572 
 204 0.0043 0.0048 0.0214 0.0273 0.1078 0.0506 0.0655 0.0723 0.3620 0.2841 
 205 0.0042 0.0045 0.0211 0.0385 0.1074 0.0677 0.0837 0.0949 0.3504 0.2277 
 206 0.0043 0.0048 0.0253 0.0368 0.0848 0.0507 0.0633 0.0713 0.3455 0.3132 
 207 0.0039 0.0039 0.0162 0.0322 0.0992 0.0502 0.1021 0.0920 0.3678 0.2326 
 208 0.0042 0.0043 0.0646 0.0337 0.0832 0.0513 0.0853 0.0817 0.2857 0.3060 
 209 0.0040 0.0042 0.0200 0.0427 0.1022 0.0596 0.1142 0.1000 0.2891 0.2639 
 210 0.0039 0.0044 0.0262 0.0327 0.0858 0.0525 0.0714 0.0851 0.3263 0.3117 
 211 0.0052 0.0046 0.0249 0.0343 0.1603 0.0489 0.1750 0.1065 0.2630 0.1773 
 212 0.0039 0.0041 0.0320 0.0415 0.1851 0.0665 0.0743 0.0750 0.2125 0.3052 
 213 0.0041 0.0046 0.0191 0.0273 0.1670 0.0860 0.0807 0.1372 0.2996 0.1744 
 214 0.0040 0.0039 0.0301 0.0362 0.1718 0.0507 0.0859 0.0759 0.2122 0.3294 
 215 0.0042 0.0044 0.0207 0.0419 0.0841 0.0602 0.1123 0.1019 0.3507 0.2196 
 216 0.0056 0.0041 0.0177 0.0946 0.0863 0.0731 0.1138 0.1185 0.2785 0.2077 
 217 0.0039 0.0042 0.0313 0.0443 0.1533 0.0564 0.0693 0.0752 0.2518 0.3103 
 218 0.0042 0.0043 0.0218 0.0364 0.0845 0.0635 0.0819 0.1057 0.3118 0.2859 
 219 0.0064 0.0046 0.0315 0.0969 0.1056 0.0804 0.0758 0.1030 0.2268 0.2691 
 220 0.0039 0.0044 0.0193 0.0317 0.0715 0.0497 0.0782 0.0843 0.3570 0.3000 
 221 0.0040 0.0040 0.0218 0.0278 0.2928 0.0518 0.0658 0.0668 0.2165 0.2486 
 222 0.0054 0.0041 0.0206 0.1252 0.0978 0.0754 0.0861 0.1154 0.2419 0.2282 
 223 0.0042 0.0045 0.0543 0.0619 0.1162 0.0748 0.0765 0.0996 0.2120 0.2960 
 224 0.0044 0.0050 0.0316 0.0376 0.1146 0.0515 0.0648 0.0734 0.2722 0.3449 
 225 0.0041 0.0044 0.0217 0.0352 0.1143 0.0613 0.0790 0.0854 0.3350 0.2596 
 226 0.0055 0.0052 0.0246 0.0929 0.1017 0.1233 0.1052 0.1006 0.2263 0.2147 
 227 0.0040 0.0048 0.0346 0.0311 0.1557 0.0523 0.0662 0.0901 0.3242 0.2371 
 228 0.0041 0.0057 0.0330 0.0281 0.1653 0.0505 0.0651 0.0613 0.3027 0.2842 
 229 0.0042 0.0052 0.0264 0.0391 0.1262 0.0512 0.0644 0.0826 0.2418 0.3588 
 230 0.0042 0.0050 0.0238 0.0339 0.1111 0.0496 0.0766 0.0811 0.2755 0.3392 
 231 0.0042 0.0047 0.0322 0.0501 0.0961 0.0596 0.0797 0.0791 0.2442 0.3501 
 232 0.0045 0.0047 0.0204 0.0286 0.1758 0.1064 0.0904 0.1141 0.2414 0.2137 
 233 0.0042 0.0042 0.0869 0.0370 0.1129 0.0508 0.0836 0.0773 0.1768 0.3663 
 234 0.0037 0.0041 0.0285 0.0600 0.0873 0.0753 0.1120 0.1134 0.2362 0.2795 
 235 0.0044 0.0042 0.0237 0.0523 0.1595 0.0727 0.0798 0.0980 0.2519 0.2534 
 236 0.0039 0.0042 0.0345 0.0484 0.1282 0.0611 0.1002 0.0881 0.2098 0.3216 
 237 0.0041 0.0047 0.0208 0.0340 0.1029 0.0591 0.1083 0.0843 0.3486 0.2331 
 238 0.0038 0.0041 0.0295 0.0374 0.1724 0.0551 0.0815 0.0957 0.2093 0.3112 
 239 0.0040 0.0047 0.0334 0.0305 0.1348 0.0530 0.0566 0.0669 0.2980 0.3182 
 240 0.0039 0.0042 0.0291 0.0368 0.1691 0.0555 0.0817 0.0960 0.2130 0.3106 
 241 0.0050 0.0041 0.0262 0.0316 0.1855 0.0694 0.0778 0.0805 0.2297 0.2904 
 242 0.0043 0.0056 0.0244 0.0542 0.1135 0.0884 0.0592 0.1012 0.2834 0.2659 
 243 0.0040 0.0040 0.0284 0.0306 0.1446 0.0471 0.0911 0.0725 0.3465 0.2312 
 244 0.0040 0.0047 0.0332 0.0339 0.1197 0.0501 0.0781 0.0738 0.2493 0.3533 
 245 0.0039 0.0045 0.0826 0.0292 0.1441 0.0579 0.0645 0.0858 0.1972 0.3302 
 246 0.0040 0.0041 0.0313 0.0445 0.1557 0.0563 0.0689 0.0745 0.2518 0.3089 
 247 0.0037 0.0042 0.0162 0.0404 0.0768 0.0962 0.0825 0.2056 0.2822 0.1921 
 248 0.0038 0.0038 0.0189 0.0404 0.0746 0.0584 0.1288 0.1068 0.3527 0.2116 
 249 0.0043 0.0043 0.0225 0.0360 0.1572 0.0505 0.0830 0.0846 0.2432 0.3144 
 250 0.0041 0.0043 0.0242 0.0463 0.1171 0.0598 0.0961 0.0975 0.2408 0.3098 
 251 0.0045 0.0046 0.0238 0.0810 0.1037 0.1090 0.1271 0.1273 0.2425 0.1764 
 252 0.0040 0.0044 0.0250 0.0418 0.1275 0.0652 0.0665 0.0870 0.2936 0.2850 
 253 0.0042 0.0043 0.0176 0.0460 0.1283 0.0947 0.1024 0.1345 0.3082 0.1598 
 254 0.0051 0.0041 0.0255 0.0987 0.0859 0.0606 0.0812 0.1004 0.2783 0.2602 
 255 0.0041 0.0042 0.0223 0.0528 0.1180 0.0626 0.0913 0.1040 0.2548 0.2858 
 256 0.0043 0.0039 0.0222 0.0391 0.1552 0.0608 0.0897 0.0836 0.2762 0.2651 
 257 0.0071 0.0136 0.0260 0.0421 0.1085 0.0657 0.1000 0.1027 0.2865 0.2479 
 258 0.0038 0.0044 0.0275 0.0422 0.1194 0.0765 0.1176 0.1185 0.3004 0.1896 
 259 0.0043 0.0046 0.0206 0.0429 0.1008 0.0586 0.0919 0.0920 0.3040 0.2803 
 260 0.0050 0.0044 0.0305 0.1094 0.1231 0.0618 0.0850 0.1055 0.1902 0.2850 
 261 0.0039 0.0044 0.0342 0.0417 0.1470 0.0665 0.0679 0.0785 0.2676 0.2882 
 262 0.0041 0.0041 0.0276 0.0297 0.1842 0.0539 0.0682 0.0662 0.3168 0.2452 
 263 0.0053 0.0047 0.0207 0.0560 0.0742 0.0495 0.0843 0.0870 0.3503 0.2681 
 264 0.0068 0.0041 0.0145 0.2101 0.0683 0.0897 0.1170 0.1216 0.2278 0.1401 
 265 0.0040 0.0042 0.0312 0.0590 0.0989 0.0692 0.0833 0.0958 0.2770 0.2776 
 266 0.0040 0.0039 0.0299 0.0276 0.2121 0.0520 0.0672 0.0672 0.2326 0.3034 
 267 0.0041 0.0039 0.0253 0.0520 0.1223 0.0616 0.1157 0.0973 0.2539 0.2640 
 268 0.0037 0.0041 0.0280 0.0354 0.1430 0.0531 0.0870 0.0890 0.3408 0.2159 
 269 0.0042 0.0043 0.0335 0.1015 0.1004 0.1009 0.0796 0.1103 0.2094 0.2558 
 270 0.0053 0.0056 0.0244 0.0632 0.0714 0.0635 0.0996 0.1203 0.2991 0.2476 
 271 0.0044 0.0041 0.0226 0.0445 0.1028 0.0713 0.1285 0.1116 0.3082 0.2020 
 272 0.0056 0.0056 0.0253 0.0848 0.1086 0.1102 0.1215 0.1008 0.2570 0.1807 
 273 0.0185 0.0284 0.0455 0.0575 0.1076 0.0904 0.1111 0.1308 0.1839 0.2264 
 274 0.0044 0.0042 0.0221 0.0585 0.0973 0.0851 0.1134 0.1114 0.2767 0.2271 
 275 0.0072 0.0140 0.0438 0.0710 0.0867 0.0773 0.1091 0.0898 0.2567 0.2445 
 276 0.0057 0.0051 0.0177 0.0644 0.1247 0.0976 0.1256 0.1081 0.2907 0.1603 
 277 0.0041 0.0040 0.0264 0.0624 0.1242 0.0787 0.0818 0.0984 0.2304 0.2896 
 278 0.0039 0.0042 0.0275 0.0423 0.0981 0.0608 0.1171 0.0936 0.3444 0.2081 
 279 0.0044 0.0042 0.0235 0.0512 0.1085 0.0740 0.1040 0.0973 0.2692 0.2637 
 280 0.0041 0.0042 0.0256 0.0611 0.1070 0.1013 0.0881 0.0896 0.2800 0.2390 
 281 0.0044 0.0041 0.0218 0.0383 0.0956 0.0774 0.0994 0.1299 0.2829 0.2462 
 282 0.0039 0.0040 0.0382 0.0572 0.1456 0.0641 0.0815 0.0904 0.1734 0.3417 
 283 0.0041 0.0046 0.0487 0.0397 0.1640 0.0500 0.0649 0.0900 0.1872 0.3467 
 284 0.0040 0.0062 0.0369 0.0471 0.1206 0.0659 0.1192 0.1127 0.2295 0.2579 
 285 0.0041 0.0039 0.0149 0.0376 0.0871 0.0768 0.1240 0.1080 0.3662 0.1773 
 286 0.0041 0.0048 0.0330 0.0340 0.1207 0.0498 0.0789 0.0740 0.2501 0.3507 
 287 0.0044 0.0041 0.0256 0.0524 0.1123 0.0911 0.0789 0.1341 0.2397 0.2574 
 288 0.0051 0.0057 0.0224 0.0729 0.0811 0.0926 0.0947 0.0972 0.2830 0.2454 
 289 0.0069 0.0083 0.0256 0.0680 0.0920 0.0703 0.1031 0.1256 0.2948 0.2054 
 290 0.0061 0.0048 0.0169 0.0854 0.1521 0.0889 0.1102 0.0908 0.2752 0.1696 
 291 0.0044 0.0043 0.0226 0.0447 0.1026 0.0711 0.1285 0.1112 0.3095 0.2012 
 292 0.0042 0.0042 0.0266 0.0480 0.1534 0.1031 0.0738 0.0814 0.2965 0.2087 
 293 0.0051 0.0042 0.0181 0.1047 0.1198 0.1140 0.1311 0.1006 0.2646 0.1379 
 294 0.0057 0.0054 0.0169 0.0518 0.0953 0.0540 0.0732 0.0906 0.3765 0.2305 
 295 0.0053 0.0098 0.0370 0.0579 0.1286 0.1048 0.1226 0.1118 0.2817 0.1406 
 296 0.0043 0.0044 0.0223 0.0336 0.0917 0.0603 0.0949 0.1078 0.3390 0.2418 
 297 0.0042 0.0042 0.0192 0.0609 0.0940 0.0993 0.0836 0.0978 0.2930 0.2438 
 298 0.0041 0.0044 0.0261 0.0569 0.1338 0.0628 0.0778 0.1014 0.2058 0.3268 
 299 0.0054 0.0048 0.0187 0.0698 0.0739 0.0511 0.0670 0.0945 0.3228 0.2919 
 300 0.0042 0.0045 0.0160 0.0321 0.0791 0.0690 0.0851 0.0815 0.3661 0.2624 
 301 0.0053 0.0057 0.0250 0.1025 0.0739 0.0687 0.1116 0.1019 0.2852 0.2200 
 302 0.0062 0.0072 0.0253 0.0527 0.1145 0.0544 0.0879 0.0855 0.3734 0.1929 
 303 0.0043 0.0049 0.0294 0.0397 0.1336 0.0756 0.0746 0.0788 0.2464 0.3128 
 304 0.0059 0.0065 0.0725 0.0914 0.0968 0.0623 0.1099 0.1430 0.1384 0.2734 
 305 0.0042 0.0068 0.0343 0.0320 0.1170 0.0584 0.0710 0.0682 0.3311 0.2769 
 306 0.0043 0.0043 0.0250 0.0532 0.1795 0.0695 0.0735 0.0849 0.2237 0.2822 
 307 0.0048 0.0046 0.0230 0.0527 0.1268 0.0750 0.1054 0.0990 0.2526 0.2561 
 308 0.0041 0.0043 0.0352 0.0415 0.1466 0.0669 0.0672 0.0791 0.2674 0.2876 
 309 0.0147 0.0336 0.0340 0.0438 0.0805 0.0568 0.0935 0.1086 0.2910 0.2435 
 310 0.0040 0.0040 0.0272 0.0336 0.1316 0.0501 0.0821 0.0724 0.3075 0.2875 
 311 0.0042 0.0050 0.0243 0.0338 0.1096 0.0496 0.0770 0.0807 0.2751 0.3407 
 312 0.0039 0.0048 0.0202 0.0303 0.0816 0.0492 0.0804 0.0917 0.3639 0.2740 
 313 0.0041 0.0047 0.0169 0.0319 0.1214 0.0558 0.0838 0.0835 0.4149 0.1829 
 314 0.0046 0.0227 0.1101 0.0318 0.2342 0.0649 0.0621 0.0670 0.1404 0.2622 
 315 0.0042 0.0198 0.1658 0.0388 0.1568 0.0859 0.0630 0.0745 0.1342 0.2569 
 316 0.0059 0.0388 0.2452 0.0428 0.1138 0.1017 0.0646 0.0801 0.0979 0.2092 
 317 0.0051 0.0213 0.1181 0.0324 0.2278 0.0684 0.0632 0.0695 0.1010 0.2932 
 318 0.0045 0.0482 0.2595 0.0333 0.1326 0.0719 0.0622 0.0705 0.0855 0.2318 
 319 0.0045 0.0039 0.0496 0.0284 0.2266 0.0610 0.0652 0.0679 0.1074 0.3855 
 320 0.0045 0.0228 0.1108 0.0316 0.2314 0.0646 0.0623 0.0669 0.1406 0.2644 
 321 0.0046 0.0452 0.1763 0.0327 0.2090 0.0725 0.0649 0.0712 0.0952 0.2285 
 322 0.0066 0.0180 0.0969 0.0422 0.2029 0.0968 0.0668 0.0800 0.1256 0.2642 
 323 0.0111 0.0196 0.1568 0.0379 0.1549 0.0657 0.0615 0.0707 0.0923 0.3296 
 324 0.0047 0.0452 0.1756 0.0325 0.2088 0.0720 0.0651 0.0708 0.0946 0.2307 
 325 0.0046 0.0647 0.2723 0.0391 0.1112 0.0948 0.0626 0.0776 0.0927 0.1804 
 326 0.0053 0.1435 0.2603 0.0368 0.1045 0.0864 0.0613 0.0773 0.0900 0.1346 
 327 0.0050 0.0202 0.1221 0.0315 0.2284 0.0684 0.0636 0.0692 0.1002 0.2914 
 328 0.0043 0.0198 0.1044 0.0384 0.2073 0.0948 0.0674 0.0778 0.1234 0.2623 
 329 0.0042 0.0058 0.1153 0.0317 0.1766 0.0669 0.0625 0.0696 0.0868 0.3806 
 330 0.0048 0.0209 0.1194 0.0325 0.2286 0.0682 0.0640 0.0697 0.1007 0.2911 
 331 0.0046 0.0136 0.1666 0.0314 0.1474 0.0674 0.0633 0.0702 0.0946 0.3407 
 332 0.0068 0.1389 0.2577 0.0396 0.1063 0.0871 0.0611 0.0770 0.0906 0.1349 
 333 0.0060 0.1039 0.2054 0.0369 0.1310 0.0866 0.0628 0.0768 0.1073 0.1833 
 334 0.0045 0.0198 0.1050 0.0390 0.2085 0.0948 0.0672 0.0782 0.1229 0.2601 
 335 0.0045 0.0083 0.0640 0.0376 0.2327 0.0871 0.0623 0.0775 0.1161 0.3098 
 336 0.0068 0.1253 0.2298 0.0356 0.1390 0.0663 0.0590 0.0691 0.1118 0.1572 
 337 0.0046 0.0629 0.1955 0.0385 0.1734 0.0952 0.0660 0.0774 0.1066 0.1801 
 338 0.0046 0.1243 0.2544 0.0329 0.1265 0.0694 0.0616 0.0706 0.0851 0.1706 
 339 0.0046 0.0131 0.1674 0.0320 0.1478 0.0675 0.0631 0.0705 0.0945 0.3396 
 340 0.0046 0.0065 0.1381 0.0289 0.1501 0.0614 0.0600 0.0688 0.0954 0.3860 
 341 0.0096 0.0551 0.1415 0.0330 0.1670 0.0664 0.0665 0.0714 0.0960 0.2935 
 342 0.0049 0.0206 0.1191 0.0317 0.2279 0.0687 0.0635 0.0694 0.1009 0.2932 
 343 0.0096 0.0250 0.0846 0.0466 0.2470 0.0815 0.0620 0.0750 0.1494 0.2192 
 344 0.0045 0.0130 0.1687 0.0319 0.1576 0.0668 0.0621 0.0699 0.0855 0.3399 
 345 0.0048 0.0196 0.1192 0.0320 0.2284 0.0687 0.0634 0.0695 0.1008 0.2935 
 346 0.0048 0.0203 0.2067 0.0323 0.1421 0.0682 0.0624 0.0698 0.0900 0.3035 
 347 0.0045 0.0066 0.1416 0.0294 0.1607 0.0614 0.0595 0.0687 0.0870 0.3805 
 348 0.0040 0.0087 0.0575 0.0353 0.2489 0.0769 0.0602 0.0729 0.1659 0.2696 
 349 0.0050 0.0190 0.1186 0.0314 0.2291 0.0693 0.0636 0.0705 0.0999 0.2935 
 350 0.0043 0.0062 0.1247 0.0311 0.1388 0.0635 0.0654 0.0681 0.1306 0.3673 
 351 0.0044 0.0085 0.0626 0.0373 0.2362 0.0876 0.0632 0.0769 0.1153 0.3082 
 352 0.0047 0.0268 0.1347 0.0390 0.1997 0.0954 0.0653 0.0769 0.1190 0.2384 
 353 0.0067 0.1261 0.2293 0.0353 0.1389 0.0667 0.0594 0.0684 0.1120 0.1572 
 354 0.0062 0.0126 0.1874 0.0345 0.1356 0.0699 0.0646 0.0723 0.0902 0.3266 
 355 0.0046 0.0460 0.2633 0.0335 0.1317 0.0711 0.0622 0.0712 0.0855 0.2308 
 356 0.0037 0.0047 0.0315 0.0352 0.2720 0.0770 0.0599 0.0719 0.1684 0.2756 
 357 0.0043 0.0049 0.0899 0.0707 0.0988 0.1717 0.0785 0.1052 0.1086 0.2676 
 358 0.0044 0.0969 0.2106 0.0373 0.1447 0.0878 0.0622 0.0770 0.0935 0.1855 
 359 0.0046 0.0807 0.1930 0.0316 0.1568 0.0681 0.0626 0.0706 0.0980 0.2340 
 360 0.0049 0.0202 0.2059 0.0325 0.1421 0.0690 0.0612 0.0702 0.0897 0.3043 
 361 0.0043 0.0046 0.0331 0.0668 0.1602 0.1710 0.0837 0.1055 0.1304 0.2405 
 362 0.0049 0.0081 0.0301 0.0454 0.0751 0.1873 0.0715 0.1951 0.2080 0.1747 
 363 0.0063 0.0071 0.0190 0.0807 0.0712 0.1349 0.0925 0.2793 0.1713 0.1378 
 364 0.0093 0.0075 0.0335 0.1435 0.1305 0.0994 0.1277 0.1158 0.1429 0.1900 
 365 0.0115 0.0087 0.0201 0.0755 0.0708 0.2240 0.1863 0.1608 0.1263 0.1158 
 366 0.0056 0.0068 0.0228 0.1209 0.1306 0.1219 0.1025 0.0935 0.2342 0.1612 
 367 0.0044 0.0067 0.0147 0.0387 0.0551 0.1430 0.0789 0.4737 0.0953 0.0895 
 368 0.0046 0.0045 0.0187 0.0458 0.0759 0.1086 0.1534 0.2047 0.1970 0.1868 
 369 0.0061 0.0100 0.0351 0.0890 0.2094 0.0797 0.0948 0.1184 0.2215 0.1360 
 370 0.0100 0.0211 0.0318 0.0678 0.0789 0.0881 0.1536 0.1925 0.1893 0.1669 
 371 0.0086 0.0127 0.0332 0.1241 0.0942 0.0743 0.1233 0.1276 0.2168 0.1853 
 372 0.0301 0.0274 0.0340 0.0396 0.0811 0.0819 0.1178 0.1604 0.2183 0.2095 
 373 0.0049 0.0046 0.0195 0.0486 0.1092 0.0969 0.1007 0.3117 0.1393 0.1647 
 374 0.0061 0.0064 0.0251 0.0637 0.1534 0.1236 0.1739 0.1374 0.1319 0.1786 
 375 0.0127 0.0093 0.0196 0.1085 0.0609 0.1017 0.1409 0.2589 0.1461 0.1413 
 376 0.0943 0.0070 0.0174 0.1195 0.0638 0.2378 0.0836 0.1912 0.0961 0.0893 
 377 0.0059 0.0098 0.0355 0.0523 0.0758 0.1684 0.1423 0.1387 0.2103 0.1611 
 378 0.0051 0.0082 0.0472 0.0292 0.0999 0.0896 0.0983 0.3158 0.1313 0.1753 
 379 0.1494 0.0122 0.0170 0.1364 0.0626 0.1527 0.0828 0.1964 0.1056 0.0850 
 380 0.0092 0.0092 0.0245 0.0680 0.1304 0.2744 0.0796 0.0937 0.1479 0.1632 
 381 0.0074 0.0059 0.0179 0.1942 0.1514 0.1753 0.0795 0.0827 0.1651 0.1206 
 382 0.0043 0.0057 0.0251 0.1339 0.0605 0.1235 0.1138 0.2876 0.1218 0.1236 
 383 0.0090 0.0784 0.1120 0.0932 0.0655 0.2121 0.0860 0.0872 0.1218 0.1348 
 384 0.0356 0.0385 0.0547 0.1401 0.0777 0.1052 0.1180 0.1646 0.1155 0.1501 
 385 0.0055 0.0453 0.0979 0.0551 0.0719 0.0895 0.2913 0.1031 0.1038 0.1368 
 386 0.0039 0.0040 0.0167 0.0568 0.0679 0.1897 0.0939 0.3135 0.1351 0.1186 
 387 0.0044 0.0044 0.0236 0.0719 0.0662 0.1718 0.1620 0.2570 0.1200 0.1186 
 388 0.0121 0.0099 0.0361 0.0573 0.1083 0.1183 0.2178 0.1285 0.1183 0.1935 
 389 0.0092 0.0137 0.0271 0.0544 0.0900 0.0646 0.2681 0.1180 0.2308 0.1241 
 390 0.0170 0.0253 0.0223 0.0509 0.0990 0.1635 0.1017 0.2833 0.1488 0.0883 
 391 0.0101 0.0102 0.0212 0.0563 0.1152 0.0900 0.2717 0.1459 0.1576 0.1217 
 392 0.0064 0.0046 0.0270 0.0825 0.0890 0.2003 0.0773 0.1951 0.1473 0.1706 
 393 0.0064 0.0063 0.0233 0.0535 0.1131 0.3877 0.0788 0.0927 0.1169 0.1212 
 394 0.0045 0.0079 0.0478 0.0405 0.1076 0.1557 0.0786 0.2196 0.1341 0.2038 
 395 0.0038 0.0040 0.0190 0.0416 0.0821 0.2017 0.0847 0.1692 0.2414 0.1525 
 396 0.0047 0.0038 0.0140 0.0840 0.0578 0.0963 0.1491 0.3272 0.1441 0.1190 
 397 0.0531 0.0049 0.0218 0.1239 0.1015 0.0693 0.0760 0.1029 0.2286 0.2180 
 398 0.0356 0.0046 0.0161 0.0393 0.0627 0.2877 0.0707 0.2913 0.1025 0.0894 
 399 0.0044 0.0075 0.0219 0.0515 0.0776 0.0952 0.1161 0.3817 0.1381 0.1060 
 400 0.0056 0.0041 0.0161 0.0712 0.0978 0.1188 0.0989 0.3554 0.1160 0.1159 
 401 0.0041 0.0041 0.0201 0.0280 0.1037 0.1071 0.0923 0.3545 0.1622 0.1239 
 402 0.0057 0.0050 0.0207 0.0579 0.1067 0.1114 0.1230 0.2231 0.1845 0.1619 
 403 0.0060 0.0050 0.0486 0.0459 0.1154 0.1189 0.1510 0.1070 0.1428 0.2594 
 404 0.0065 0.0051 0.0176 0.1009 0.0993 0.1235 0.1936 0.1238 0.1637 0.1659 
 405 0.0040 0.0042 0.0186 0.0699 0.0974 0.1913 0.1004 0.1434 0.1976 0.1733 
 406 0.0040 0.0046 0.0175 0.0784 0.1538 0.2507 0.0665 0.0924 0.1833 0.1489 
 407 0.0040 0.0037 0.0138 0.0659 0.0604 0.3545 0.1037 0.1700 0.1196 0.1044 
 408 0.0037 0.0042 0.0136 0.0290 0.0910 0.0711 0.0829 0.3617 0.2381 0.1047 
 409 0.0087 0.0107 0.0210 0.0345 0.2389 0.2108 0.0755 0.1026 0.1505 0.1467 
 410 0.0721 0.0089 0.0264 0.0547 0.0864 0.1396 0.1051 0.2432 0.1332 0.1302 
 411 0.0136 0.0131 0.0465 0.1492 0.1076 0.1405 0.0806 0.1794 0.1443 0.1251 
 412 0.0045 0.0044 0.0182 0.0494 0.0671 0.1218 0.1064 0.2598 0.1840 0.1843 
 413 0.0042 0.0064 0.0403 0.0368 0.0786 0.1081 0.0849 0.2654 0.1598 0.2154 
 414 0.0042 0.0071 0.0221 0.0767 0.0495 0.0788 0.1902 0.2734 0.1578 0.1403 
 415 0.0048 0.0042 0.0145 0.1226 0.1058 0.1925 0.0909 0.1882 0.1703 0.1062 
 416 0.0053 0.0053 0.0176 0.0432 0.1349 0.1281 0.1578 0.2261 0.1563 0.1254 
 417 0.0050 0.0058 0.0179 0.0606 0.0719 0.2969 0.0850 0.2239 0.1197 0.1132 
 418 0.0057 0.0042 0.0159 0.0564 0.0619 0.0963 0.1160 0.4048 0.1220 0.1168 
 419 0.0093 0.0107 0.0304 0.0469 0.1216 0.1482 0.1403 0.1678 0.1462 0.1787 
 420 0.0039 0.0040 0.0136 0.0297 0.1284 0.0941 0.0783 0.3541 0.2041 0.0899 
 421 0.0056 0.0057 0.0180 0.0394 0.0776 0.1848 0.1081 0.2649 0.1579 0.1379 
 422 0.0050 0.0041 0.0163 0.0331 0.0838 0.2398 0.0878 0.1201 0.2491 0.1608 
 423 0.0060 0.0047 0.0227 0.1392 0.0728 0.1678 0.0900 0.1791 0.1603 0.1574 
 424 0.0068 0.0097 0.0243 0.0498 0.1133 0.1636 0.1380 0.2307 0.1487 0.1150 
 425 0.0151 0.0102 0.0269 0.0974 0.0796 0.1100 0.2356 0.1516 0.1256 0.1481 
 426 0.0232 0.0259 0.0423 0.0757 0.0893 0.1461 0.1209 0.2219 0.1242 0.1304 
 427 0.0045 0.0068 0.0575 0.0359 0.0565 0.3041 0.0657 0.2504 0.0914 0.1273 
 428 0.0165 0.0063 0.0264 0.0399 0.1104 0.2866 0.0752 0.1047 0.1621 0.1721 
 429 0.0052 0.0043 0.0150 0.0871 0.0551 0.2195 0.0692 0.3478 0.1024 0.0945 
 430 0.0045 0.0046 0.0164 0.0459 0.0688 0.3995 0.0811 0.1331 0.1250 0.1212 
 431 0.0085 0.0158 0.0345 0.0671 0.0776 0.0937 0.1493 0.2314 0.1620 0.1600 
 432 0.0048 0.0042 0.0194 0.0418 0.0797 0.1195 0.1294 0.2382 0.1867 0.1763 
 433 0.0070 0.0062 0.0345 0.0434 0.1384 0.0807 0.1120 0.1391 0.2014 0.2373 
 434 0.0049 0.0047 0.0207 0.0702 0.1127 0.1322 0.1376 0.1252 0.2041 0.1876 
 435 0.0043 0.0039 0.0156 0.0442 0.0634 0.3929 0.0717 0.2079 0.1044 0.0917 
 436 0.0057 0.0046 0.0163 0.0945 0.1006 0.3156 0.0650 0.2119 0.0949 0.0909 
 437 0.0062 0.0042 0.0168 0.2669 0.0653 0.1709 0.0910 0.1441 0.1244 0.1103 
 438 0.0052 0.0055 0.0184 0.0362 0.1399 0.3234 0.0723 0.1547 0.1456 0.0990 
 439 0.0042 0.0041 0.0164 0.0448 0.0726 0.4757 0.0770 0.1381 0.0821 0.0851 
 440 0.0038 0.0041 0.0139 0.1098 0.0572 0.2951 0.0877 0.2564 0.0937 0.0784 
 441 0.0045 0.0045 0.0219 0.0452 0.1016 0.3717 0.0941 0.1199 0.1109 0.1257 
 442 0.0057 0.0042 0.0135 0.0910 0.0823 0.1604 0.2067 0.2130 0.1306 0.0925 
 443 0.0040 0.0045 0.0148 0.0426 0.1122 0.1453 0.0974 0.3295 0.1743 0.0755 
 444 0.0054 0.0043 0.0140 0.1140 0.0892 0.1980 0.1767 0.1798 0.1309 0.0877 
 445 0.0375 0.0059 0.0182 0.0443 0.1525 0.2931 0.0780 0.0998 0.1531 0.1176 
 446 0.0418 0.0057 0.0177 0.0371 0.0667 0.3169 0.0756 0.2787 0.0799 0.0799 
 447 0.0054 0.0049 0.0181 0.0631 0.1156 0.2520 0.1896 0.1175 0.1205 0.1134 
 448 0.0044 0.0042 0.0163 0.0664 0.0750 0.2696 0.1316 0.1955 0.1279 0.1091 
 449 0.0045 0.0042 0.0183 0.0688 0.0915 0.2609 0.1268 0.1577 0.1341 0.1331 
 450 0.0069 0.0048 0.0215 0.1230 0.0939 0.2074 0.1584 0.1710 0.0895 0.1237 
 451 0.0044 0.0044 0.0142 0.0587 0.0585 0.1157 0.1214 0.3931 0.1365 0.0932 
 452 0.0053 0.0041 0.0202 0.0679 0.0884 0.2455 0.0948 0.2537 0.0961 0.1241 
 453 0.0040 0.0047 0.0158 0.0389 0.1867 0.1224 0.1232 0.1454 0.2580 0.1008 
 454 0.0044 0.0068 0.0319 0.0655 0.0803 0.2714 0.0787 0.1906 0.1316 0.1388 
 455 0.0042 0.0052 0.0160 0.0512 0.0914 0.3928 0.0831 0.1675 0.1130 0.0755 
 456 0.0050 0.0044 0.0145 0.0869 0.1145 0.2517 0.0928 0.1745 0.1783 0.0774 
 457 0.0050 0.0040 0.0165 0.1152 0.0736 0.3590 0.0998 0.1212 0.1074 0.0983 
 458 0.0386 0.0050 0.0169 0.0458 0.0748 0.3765 0.0808 0.1691 0.0975 0.0951 
 459 0.0042 0.0047 0.0203 0.0444 0.1105 0.3151 0.0949 0.2093 0.0867 0.1099 
 460 0.0043 0.0044 0.0165 0.0449 0.0677 0.2926 0.0844 0.3176 0.0879 0.0797 
 461 0.0053 0.0043 0.0167 0.0522 0.0630 0.1570 0.1036 0.4376 0.0785 0.0820 
 462 0.0065 0.0101 0.0155 0.0997 0.0723 0.2342 0.2232 0.1162 0.1349 0.0874 
 463 0.0039 0.0052 0.0177 0.0658 0.1503 0.2751 0.0694 0.0926 0.2163 0.1038 
 464 0.0038 0.0040 0.0145 0.0409 0.0933 0.2095 0.0855 0.3382 0.1340 0.0763 
 465 0.0062 0.0048 0.0172 0.0369 0.0908 0.2475 0.1199 0.2410 0.1402 0.0956 
 466 0.0039 0.0043 0.0146 0.0429 0.1212 0.2013 0.0927 0.2403 0.1931 0.0857 
 467 0.0047 0.0071 0.0201 0.0562 0.1019 0.2971 0.0979 0.1376 0.1514 0.1261 
 468 0.0043 0.0042 0.0141 0.1319 0.0897 0.3568 0.0808 0.1042 0.1336 0.0804 
 469 0.0040 0.0041 0.0163 0.0607 0.0625 0.5291 0.0706 0.0985 0.0760 0.0782 
 470 0.0042 0.0039 0.0156 0.0415 0.0635 0.3936 0.0698 0.2391 0.0880 0.0809 
 471 0.0047 0.0043 0.0147 0.0529 0.1025 0.1256 0.1657 0.2368 0.1891 0.1036 
 472 0.0053 0.0047 0.0149 0.0542 0.1068 0.2272 0.1615 0.1544 0.1741 0.0969 
 473 0.0043 0.0044 0.0200 0.0672 0.0932 0.2534 0.1011 0.1373 0.1706 0.1484 
 474 0.0044 0.0043 0.0181 0.0671 0.1079 0.2148 0.0931 0.2412 0.1351 0.1140 
 475 0.0046 0.0042 0.0210 0.0385 0.1124 0.1863 0.1080 0.2699 0.1328 0.1223 
 476 0.0060 0.0050 0.0157 0.1802 0.0930 0.2420 0.0832 0.1735 0.1188 0.0828 
 477 0.0054 0.0049 0.0186 0.0470 0.1107 0.2046 0.1474 0.2445 0.1201 0.0968 
 478 0.0061 0.0052 0.0176 0.0336 0.0626 0.1585 0.1589 0.3938 0.0859 0.0778 
 479 0.0042 0.0040 0.0153 0.0698 0.0608 0.3189 0.0904 0.2642 0.0895 0.0828 
 480 0.0050 0.0040 0.0158 0.1220 0.0670 0.3577 0.0700 0.1741 0.0935 0.0909 
 481 0.0043 0.0038 0.0143 0.0631 0.0692 0.1400 0.2448 0.1708 0.1679 0.1217 
 482 0.0054 0.0040 0.0155 0.0880 0.0584 0.2858 0.0689 0.3051 0.0867 0.0823 
 483 0.0048 0.0052 0.0178 0.0459 0.0769 0.4152 0.0832 0.1793 0.0839 0.0879 
 484 0.0045 0.0045 0.0170 0.0399 0.1070 0.3957 0.0957 0.0934 0.1537 0.0886 
 485 0.0048 0.0053 0.0171 0.0741 0.0656 0.4226 0.0675 0.1763 0.0860 0.0807 
 486 0.0063 0.0058 0.0184 0.0626 0.1048 0.0717 0.2022 0.1777 0.2361 0.1144 
 487 0.0068 0.0052 0.0365 0.0700 0.1006 0.0945 0.2369 0.1343 0.1585 0.1567 
 488 0.0061 0.0055 0.0441 0.0470 0.0705 0.0811 0.2861 0.1471 0.1529 0.1594 
 489 0.0063 0.0060 0.0205 0.1112 0.1641 0.0698 0.1508 0.0976 0.2113 0.1624 
 490 0.0050 0.0047 0.0156 0.0616 0.0950 0.0904 0.1882 0.2738 0.1822 0.0835 
 491 0.0058 0.0049 0.0204 0.0412 0.1169 0.0674 0.2369 0.0863 0.2268 0.1933 
 492 0.0043 0.0056 0.0521 0.0425 0.1266 0.0694 0.1719 0.1567 0.1663 0.2045 
 493 0.0062 0.0104 0.0411 0.0756 0.0648 0.0616 0.3094 0.1149 0.1708 0.1452 
 494 0.0137 0.0052 0.0187 0.0602 0.1263 0.0782 0.2362 0.1172 0.1924 0.1519 
 495 0.0135 0.0166 0.0364 0.0483 0.1140 0.0616 0.2707 0.1539 0.1470 0.1380 
 496 0.0047 0.0051 0.0249 0.0451 0.1932 0.0895 0.0827 0.1143 0.2312 0.2093 
 497 0.0081 0.0111 0.0365 0.0486 0.0810 0.0689 0.3052 0.0774 0.1699 0.1932 
 498 0.0067 0.0155 0.0166 0.0566 0.1361 0.0810 0.2455 0.1564 0.1727 0.1129 
 499 0.0116 0.0063 0.0324 0.0589 0.1241 0.0824 0.1828 0.1017 0.1940 0.2057 
 500 0.0091 0.0052 0.0248 0.1425 0.0768 0.0855 0.1734 0.1237 0.2056 0.1533 
 501 0.0074 0.0044 0.0220 0.0802 0.1261 0.0920 0.1461 0.1734 0.1453 0.2031 
 502 0.0054 0.0043 0.0249 0.0406 0.1459 0.0873 0.2396 0.1437 0.1054 0.2029 
 503 0.0055 0.0043 0.0170 0.0958 0.0817 0.1497 0.1708 0.1623 0.1711 0.1417 
 504 0.0059 0.0048 0.0164 0.0387 0.0975 0.0877 0.2945 0.1838 0.1628 0.1078 
 505 0.0060 0.0048 0.0178 0.0496 0.1430 0.0692 0.1729 0.1249 0.2610 0.1508 
 506 0.0053 0.0045 0.0214 0.0409 0.1427 0.0687 0.1884 0.1751 0.1539 0.1991 
 507 0.0054 0.0049 0.0328 0.0353 0.2005 0.0652 0.0666 0.0751 0.2329 0.2812 
 508 0.0091 0.0072 0.0568 0.0305 0.1994 0.0567 0.0960 0.0896 0.2053 0.2495 
 509 0.0052 0.0043 0.0265 0.0413 0.1263 0.0786 0.1397 0.1091 0.2528 0.2161 
 510 0.0099 0.0051 0.0284 0.1086 0.1542 0.0648 0.1251 0.1369 0.1455 0.2214 
 511 0.0074 0.0052 0.0155 0.0988 0.0945 0.1031 0.1489 0.2498 0.1564 0.1205 
 512 0.0056 0.0040 0.0146 0.1168 0.0598 0.1032 0.1514 0.3155 0.1238 0.1053 
 513 0.0058 0.0161 0.0237 0.0289 0.0969 0.0469 0.3961 0.0857 0.1755 0.1245 
 514 0.0058 0.0060 0.0305 0.0383 0.0786 0.0819 0.1106 0.3382 0.1533 0.1568 
 515 0.0078 0.0048 0.0390 0.0690 0.1139 0.2216 0.1017 0.1055 0.1611 0.1755 
 516 0.0070 0.0088 0.0172 0.0350 0.1207 0.0823 0.1380 0.2062 0.2454 0.1393 
 517 0.0054 0.0047 0.0280 0.0416 0.1366 0.1457 0.0740 0.1815 0.2022 0.1802 
 518 0.0439 0.0055 0.0390 0.1175 0.0878 0.0696 0.1111 0.1139 0.1719 0.2399 
 519 0.0050 0.0073 0.0183 0.0379 0.1059 0.0951 0.1305 0.3253 0.1390 0.1357 
 520 0.0056 0.0050 0.0314 0.0612 0.1545 0.1898 0.0658 0.0891 0.1891 0.2084 
 521 0.0044 0.0438 0.1111 0.0393 0.1009 0.0642 0.0723 0.1684 0.1896 0.2061 
 522 0.0129 0.0058 0.0248 0.1649 0.1096 0.1235 0.0867 0.1478 0.1971 0.1268 
 523 0.0057 0.0075 0.0351 0.0396 0.1908 0.0982 0.0656 0.1449 0.2570 0.1556 
 524 0.0057 0.0050 0.0290 0.0639 0.0935 0.2483 0.0732 0.1414 0.1687 0.1713 
 525 0.0544 0.0059 0.0331 0.0622 0.1192 0.1464 0.0738 0.1000 0.1844 0.2204 
 526 0.0045 0.0044 0.0176 0.0575 0.1448 0.2853 0.0573 0.0847 0.2142 0.1297 
