   1 0.0055 0.0068 0.0204 0.1095 0.0881 0.1351 0.1001 0.1146 0.3242 0.0956 
   2 0.0038 0.0046 0.0110 0.0543 0.0580 0.0878 0.0942 0.1221 0.0969 0.4674 
   3 0.0058 0.0084 0.0108 0.1205 0.1064 0.1267 0.0861 0.2848 0.1457 0.1048 
   4 0.0113 0.0109 0.0345 0.1511 0.0816 0.2688 0.0943 0.1292 0.0908 0.1274 
   5 0.0047 0.0048 0.0163 0.0503 0.0634 0.0874 0.1123 0.1565 0.1115 0.3928 
   6 0.0060 0.0053 0.0138 0.0503 0.0561 0.1320 0.1103 0.3156 0.1741 0.1364 
   7 0.0051 0.0063 0.0114 0.0654 0.0479 0.0853 0.2967 0.1894 0.1855 0.1071 
   8 0.0164 0.0096 0.1239 0.1131 0.0644 0.1375 0.0967 0.2165 0.1177 0.1043 
   9 0.0076 0.0068 0.0124 0.1034 0.0659 0.1097 0.1124 0.1749 0.1558 0.2512 
  10 0.0063 0.0056 0.1172 0.0710 0.0466 0.1061 0.1220 0.2103 0.1972 0.1177 
  11 0.0041 0.0062 0.0110 0.0617 0.0453 0.0747 0.2135 0.1406 0.3327 0.1103 
  12 0.0051 0.0048 0.0105 0.0572 0.0685 0.1518 0.1237 0.1544 0.1213 0.3029 
  13 0.0059 0.0052 0.0124 0.0894 0.0734 0.1156 0.1350 0.1676 0.1835 0.2120 
  14 0.0040 0.0083 0.0320 0.0748 0.1508 0.1121 0.0717 0.1858 0.1300 0.2305 
  15 0.0051 0.0121 0.0143 0.0864 0.0826 0.2104 0.1138 0.1726 0.1224 0.1803 
  16 0.0043 0.0061 0.0110 0.0839 0.0671 0.0907 0.1104 0.1971 0.3308 0.0987 
  17 0.0083 0.0061 0.0126 0.0725 0.1110 0.1335 0.1013 0.2557 0.1517 0.1473 
  18 0.0079 0.0117 0.0163 0.0634 0.0776 0.1516 0.0743 0.1934 0.1589 0.2449 
  19 0.0053 0.0054 0.0105 0.0693 0.0493 0.1186 0.1150 0.2891 0.1835 0.1540 
  20 0.0046 0.0103 0.0108 0.0605 0.0747 0.1440 0.1660 0.2082 0.1272 0.1936 
  21 0.0046 0.0061 0.0205 0.0724 0.1150 0.1906 0.0861 0.1187 0.2055 0.1806 
  22 0.0072 0.0053 0.0117 0.0978 0.0694 0.1223 0.0830 0.2741 0.2087 0.1205 
  23 0.0079 0.0133 0.0235 0.1952 0.1090 0.1264 0.0891 0.1529 0.0995 0.1830 
  24 0.0043 0.0060 0.0110 0.1157 0.0720 0.1439 0.0924 0.1115 0.3335 0.1096 
  25 0.0050 0.0081 0.0126 0.0511 0.0642 0.0750 0.1379 0.3213 0.1189 0.2059 
  26 0.0062 0.0073 0.0104 0.0707 0.0674 0.1902 0.1107 0.1602 0.1948 0.1820 
  27 0.0054 0.0057 0.0110 0.0728 0.1044 0.1311 0.1049 0.2029 0.2191 0.1427 
  28 0.0049 0.0058 0.0765 0.0716 0.0617 0.1948 0.1246 0.1233 0.1960 0.1408 
  29 0.0039 0.0050 0.0096 0.0903 0.0772 0.0960 0.1811 0.1483 0.1690 0.2196 
  30 0.0051 0.0057 0.0101 0.0817 0.0807 0.0987 0.0882 0.2042 0.2754 0.1503 
  31 0.0125 0.0058 0.1089 0.0624 0.1084 0.0942 0.1398 0.1135 0.1950 0.1595 
  32 0.0045 0.0078 0.0226 0.1034 0.0645 0.1526 0.0772 0.2882 0.0952 0.1840 
  33 0.0046 0.0065 0.0095 0.1454 0.0806 0.1181 0.1314 0.2294 0.1519 0.1226 
  34 0.0063 0.0072 0.1094 0.0588 0.0485 0.0825 0.1898 0.3004 0.0988 0.0983 
  35 0.0119 0.0054 0.0100 0.0755 0.1945 0.0823 0.1084 0.1994 0.1361 0.1766 
  36 0.0042 0.0271 0.0136 0.0778 0.2039 0.0762 0.0835 0.0946 0.3059 0.1131 
  37 0.0058 0.0053 0.0132 0.1386 0.1026 0.1399 0.0915 0.1660 0.1328 0.2044 
  38 0.0053 0.1591 0.0098 0.0626 0.0822 0.0683 0.2013 0.1229 0.1695 0.1191 
  39 0.0076 0.0112 0.0105 0.0625 0.1408 0.1043 0.1850 0.1642 0.1709 0.1431 
  40 0.0041 0.0085 0.0119 0.1352 0.2514 0.0911 0.0753 0.1395 0.1471 0.1358 
  41 0.0073 0.0101 0.0133 0.0896 0.2627 0.0631 0.1584 0.1568 0.1441 0.0945 
  42 0.0040 0.0154 0.0104 0.2912 0.1103 0.0979 0.0909 0.0759 0.2178 0.0861 
  43 0.0065 0.0050 0.0197 0.1253 0.2545 0.0883 0.0968 0.1458 0.1012 0.1569 
  44 0.0063 0.0045 0.0092 0.0774 0.3239 0.0630 0.0898 0.1981 0.0944 0.1334 
  45 0.0050 0.0193 0.0101 0.0639 0.1650 0.0686 0.1231 0.0796 0.2647 0.2007 
  46 0.0081 0.0059 0.0096 0.0506 0.1517 0.1096 0.1216 0.2749 0.1264 0.1416 
  47 0.0176 0.0052 0.0228 0.0898 0.0978 0.1133 0.1120 0.1973 0.1611 0.1833 
  48 0.0076 0.0065 0.0091 0.0752 0.3556 0.0674 0.0711 0.1839 0.0835 0.1401 
  49 0.0081 0.0066 0.0105 0.0889 0.1630 0.0962 0.1374 0.1383 0.1992 0.1518 
  50 0.0082 0.0066 0.0658 0.0487 0.0851 0.0797 0.1517 0.2839 0.1325 0.1378 
  51 0.0040 0.0216 0.0123 0.0789 0.3693 0.0628 0.0807 0.0789 0.1879 0.1036 
  52 0.0084 0.0062 0.0095 0.0670 0.1446 0.1185 0.1921 0.1607 0.1921 0.1009 
  53 0.0064 0.0331 0.0361 0.0850 0.1051 0.0850 0.1292 0.2247 0.1893 0.1059 
  54 0.0087 0.0045 0.0140 0.0898 0.1609 0.1190 0.1128 0.1186 0.1202 0.2515 
  55 0.0059 0.0053 0.0104 0.0710 0.3249 0.0896 0.0840 0.1339 0.0918 0.1833 
  56 0.0062 0.0123 0.0097 0.1090 0.1878 0.1007 0.0845 0.1727 0.1344 0.1826 
  57 0.0143 0.0064 0.0259 0.0779 0.0570 0.2222 0.1264 0.1865 0.1673 0.1160 
  58 0.0050 0.0099 0.0112 0.0925 0.2051 0.0895 0.1299 0.0891 0.2010 0.1668 
  59 0.0054 0.0349 0.0095 0.1036 0.1310 0.0877 0.1521 0.1008 0.2146 0.1605 
  60 0.0042 0.0123 0.0219 0.0805 0.2898 0.1260 0.0890 0.0967 0.1610 0.1184 
  61 0.0038 0.0047 0.0137 0.0976 0.2630 0.1257 0.0900 0.0750 0.0981 0.2284 
  62 0.0136 0.0062 0.0101 0.0654 0.0832 0.1338 0.1542 0.1419 0.1496 0.2419 
  63 0.0041 0.0063 0.0110 0.1332 0.1237 0.1107 0.1501 0.1427 0.1379 0.1802 
  64 0.0062 0.0144 0.0097 0.0620 0.0696 0.0811 0.1368 0.2191 0.2028 0.1983 
  65 0.0053 0.0055 0.0107 0.0506 0.0715 0.0726 0.2374 0.2207 0.0995 0.2261 
  66 0.0045 0.0057 0.0286 0.1054 0.0899 0.1603 0.1406 0.1103 0.1176 0.2371 
  67 0.0051 0.0047 0.0124 0.0680 0.2730 0.0782 0.0973 0.1273 0.0993 0.2347 
  68 0.0062 0.0287 0.0108 0.1081 0.1496 0.0981 0.1285 0.0887 0.2384 0.1429 
  69 0.0068 0.0558 0.2102 0.0467 0.0794 0.0735 0.1193 0.1448 0.1508 0.1128 
  70 0.0043 0.0118 0.0221 0.0945 0.2356 0.0964 0.1460 0.1430 0.1543 0.0921 
  71 0.0056 0.0261 0.0136 0.0535 0.1923 0.0649 0.1437 0.1017 0.2134 0.1853 
  72 0.0053 0.0085 0.0147 0.0649 0.1475 0.0715 0.0985 0.1815 0.2933 0.1144 
  73 0.0055 0.0094 0.0168 0.0624 0.1893 0.0733 0.1513 0.0912 0.1254 0.2755 
  74 0.0039 0.0276 0.0099 0.1360 0.1571 0.0997 0.0800 0.0929 0.2787 0.1142 
  75 0.0051 0.0153 0.0199 0.1228 0.1815 0.1191 0.0674 0.0816 0.2535 0.1337 
  76 0.0048 0.0052 0.0110 0.0774 0.2181 0.0864 0.1441 0.1850 0.1084 0.1595 
  77 0.0048 0.0285 0.0093 0.0966 0.1467 0.0619 0.1987 0.1096 0.1902 0.1537 
  78 0.0054 0.1373 0.0096 0.1025 0.1163 0.0626 0.1864 0.1138 0.1456 0.1206 
  79 0.0042 0.0058 0.0133 0.0700 0.0486 0.0911 0.1745 0.1620 0.2225 0.2080 
  80 0.0045 0.0054 0.0144 0.1748 0.0569 0.2646 0.1232 0.0916 0.1261 0.1385 
  81 0.0044 0.0058 0.0157 0.1191 0.0460 0.2468 0.1508 0.0962 0.1632 0.1519 
  82 0.0045 0.0053 0.0122 0.1124 0.1278 0.1272 0.1384 0.1176 0.1359 0.2188 
  83 0.0042 0.0092 0.0169 0.0995 0.0781 0.1966 0.1325 0.1685 0.1429 0.1516 
  84 0.0042 0.0056 0.0138 0.1002 0.0533 0.1864 0.1674 0.1658 0.1621 0.1411 
  85 0.0041 0.0101 0.0165 0.1140 0.0697 0.1977 0.0912 0.1811 0.1763 0.1394 
  86 0.0069 0.0078 0.0112 0.0557 0.1511 0.1045 0.1380 0.1642 0.1188 0.2419 
  87 0.0046 0.0120 0.0287 0.0746 0.0844 0.0964 0.2278 0.1444 0.1616 0.1655 
  88 0.0043 0.0054 0.0125 0.1586 0.0593 0.1663 0.1496 0.0989 0.1590 0.1861 
  89 0.0049 0.0061 0.0360 0.1480 0.0526 0.1909 0.1200 0.0921 0.1563 0.1930 
  90 0.0042 0.0057 0.0129 0.0753 0.0539 0.1099 0.2518 0.1320 0.1417 0.2125 
  91 0.0044 0.0107 0.0159 0.1747 0.0708 0.2392 0.0896 0.1361 0.1408 0.1178 
  92 0.0042 0.0054 0.0128 0.0883 0.0589 0.1237 0.1514 0.1286 0.2018 0.2249 
  93 0.0044 0.0052 0.0935 0.1613 0.0585 0.2653 0.0809 0.0882 0.1292 0.1136 
  94 0.0042 0.0144 0.0145 0.0643 0.0790 0.0927 0.3013 0.1680 0.1682 0.0934 
  95 0.0043 0.0053 0.0127 0.1310 0.0528 0.1492 0.2508 0.1017 0.1152 0.1769 
  96 0.0042 0.0048 0.0137 0.1718 0.2133 0.1278 0.0926 0.0813 0.0963 0.1943 
  97 0.0049 0.0148 0.0110 0.1098 0.1314 0.1204 0.0694 0.0836 0.2771 0.1776 
  98 0.0037 0.0052 0.0106 0.1402 0.1296 0.0793 0.0981 0.1289 0.1760 0.2285 
  99 0.0041 0.0054 0.0149 0.0972 0.0483 0.1749 0.1905 0.1419 0.1487 0.1743 
 100 0.0045 0.0046 0.0132 0.2060 0.0691 0.2466 0.0693 0.0789 0.0909 0.2169 
 101 0.0054 0.0140 0.0815 0.0901 0.0931 0.1014 0.1521 0.1252 0.1520 0.1853 
 102 0.0055 0.0096 0.0161 0.1769 0.1173 0.1791 0.1521 0.1353 0.0945 0.1136 
 103 0.0047 0.0049 0.0601 0.0682 0.0629 0.1243 0.1433 0.1250 0.0833 0.3234 
 104 0.0044 0.0048 0.0233 0.0390 0.0595 0.1237 0.3333 0.1374 0.0930 0.1814 
 105 0.0053 0.0048 0.0572 0.0494 0.0670 0.1403 0.2593 0.1040 0.0828 0.2298 
 106 0.0040 0.0068 0.0089 0.0441 0.0641 0.0612 0.3268 0.1908 0.1555 0.1378 
 107 0.0054 0.0057 0.0329 0.0649 0.0745 0.1325 0.2314 0.1268 0.0878 0.2381 
 108 0.0039 0.0624 0.0135 0.0473 0.1603 0.0936 0.0805 0.1719 0.0775 0.2891 
 109 0.0067 0.0141 0.0182 0.0410 0.0818 0.0627 0.3478 0.1249 0.1419 0.1609 
 110 0.0044 0.0072 0.0144 0.0485 0.0523 0.0634 0.3616 0.1758 0.1661 0.1064 
 111 0.0062 0.0067 0.0140 0.0465 0.0610 0.1043 0.3944 0.1142 0.0817 0.1710 
 112 0.0048 0.0071 0.0108 0.0474 0.0984 0.0714 0.4543 0.0973 0.1114 0.0969 
 113 0.0049 0.0115 0.0212 0.0619 0.0967 0.1086 0.1176 0.1338 0.1534 0.2903 
 114 0.0044 0.0045 0.0282 0.0440 0.0535 0.1447 0.3445 0.1094 0.0892 0.1775 
 115 0.0050 0.0062 0.0106 0.1017 0.1333 0.0794 0.2637 0.1642 0.0845 0.1515 
 116 0.0053 0.0148 0.0093 0.0488 0.1531 0.0630 0.2714 0.1354 0.1642 0.1347 
 117 0.0060 0.0082 0.0179 0.0802 0.0620 0.0644 0.3593 0.1414 0.1583 0.1023 
 118 0.0050 0.0090 0.0110 0.0474 0.0841 0.0979 0.2105 0.1016 0.0909 0.3427 
 119 0.0039 0.0075 0.0155 0.1648 0.2133 0.1324 0.1086 0.1295 0.0864 0.1379 
 120 0.0051 0.0059 0.0145 0.0862 0.1030 0.0944 0.2954 0.1384 0.0850 0.1719 
 121 0.0096 0.0092 0.0214 0.0701 0.1735 0.0639 0.2664 0.1373 0.1100 0.1386 
 122 0.0043 0.0061 0.0203 0.0467 0.0602 0.0771 0.3137 0.1478 0.1522 0.1714 
 123 0.0048 0.0076 0.0188 0.0511 0.0798 0.1107 0.3116 0.1442 0.1164 0.1551 
 124 0.0079 0.0083 0.0115 0.0424 0.1202 0.0845 0.2139 0.1814 0.1584 0.1715 
 125 0.0053 0.0140 0.0130 0.0793 0.0801 0.0671 0.1826 0.1827 0.2708 0.1052 
 126 0.0038 0.0071 0.0105 0.0573 0.1448 0.1112 0.2429 0.1301 0.1702 0.1220 
 127 0.0048 0.0052 0.0114 0.0466 0.0696 0.1071 0.3894 0.1086 0.0759 0.1814 
 128 0.0043 0.0046 0.0101 0.0474 0.0788 0.0927 0.1672 0.0986 0.0996 0.3966 
 129 0.0053 0.0048 0.0357 0.0439 0.0666 0.0662 0.2221 0.1256 0.0832 0.3464 
 130 0.0058 0.0052 0.0315 0.0615 0.0551 0.1299 0.3239 0.1167 0.0915 0.1789 
 131 0.0084 0.0441 0.0253 0.0487 0.1078 0.0631 0.2125 0.1632 0.2015 0.1255 
 132 0.0045 0.0059 0.0181 0.0404 0.0652 0.0652 0.2568 0.1522 0.1401 0.2516 
 133 0.0075 0.0084 0.0224 0.0567 0.0786 0.1079 0.2359 0.1485 0.0890 0.2451 
 134 0.0040 0.0059 0.0091 0.0385 0.0459 0.0554 0.4827 0.1158 0.1263 0.1164 
 135 0.0055 0.0067 0.0113 0.0951 0.1743 0.2969 0.0768 0.0737 0.1258 0.1339 
 136 0.0057 0.0053 0.0267 0.1160 0.0623 0.3702 0.0657 0.1189 0.1151 0.1141 
 137 0.0046 0.0053 0.0309 0.2265 0.0527 0.2845 0.1060 0.0803 0.1205 0.0887 
 138 0.0042 0.0058 0.0130 0.0678 0.0652 0.4906 0.0653 0.0760 0.1256 0.0864 
 139 0.0043 0.0056 0.0241 0.0614 0.0976 0.1977 0.0703 0.0943 0.1319 0.3127 
 140 0.0045 0.0065 0.0449 0.1084 0.1033 0.2036 0.0990 0.0867 0.2072 0.1359 
 141 0.0057 0.0060 0.1127 0.0657 0.0683 0.2524 0.0665 0.1265 0.1611 0.1352 
 142 0.0051 0.0059 0.0400 0.0882 0.2086 0.2319 0.0715 0.0745 0.1144 0.1598 
 143 0.0038 0.0048 0.0119 0.1830 0.0583 0.4153 0.0630 0.0720 0.0987 0.0892 
 144 0.0044 0.0053 0.0136 0.1928 0.0582 0.3524 0.1069 0.0741 0.1052 0.0870 
 145 0.0060 0.0059 0.0254 0.0931 0.0930 0.2520 0.0671 0.1327 0.1747 0.1501 
 146 0.0058 0.0067 0.0247 0.1115 0.0619 0.2523 0.1110 0.1080 0.2016 0.1163 
 147 0.0044 0.0052 0.0249 0.1589 0.0506 0.4159 0.0634 0.0786 0.1125 0.0857 
 148 0.0047 0.0049 0.1196 0.0964 0.1053 0.2040 0.0912 0.1322 0.1049 0.1367 
 149 0.0047 0.0064 0.2072 0.0906 0.1206 0.1428 0.0662 0.0770 0.1574 0.1270 
 150 0.0052 0.0050 0.0297 0.1189 0.0641 0.2865 0.1317 0.0967 0.1265 0.1357 
 151 0.0044 0.0049 0.0122 0.1271 0.0628 0.3965 0.0821 0.0828 0.1144 0.1127 
 152 0.0050 0.0078 0.0360 0.0816 0.1416 0.2818 0.0730 0.1638 0.0921 0.1175 
 153 0.0044 0.0064 0.0282 0.0809 0.0946 0.3669 0.0827 0.0851 0.1628 0.0881 
 154 0.0054 0.0054 0.2696 0.0793 0.0989 0.1252 0.0642 0.1131 0.1088 0.1302 
 155 0.0041 0.0045 0.0139 0.0705 0.0529 0.4995 0.0800 0.0830 0.0891 0.1024 
 156 0.0040 0.0051 0.0122 0.1290 0.1321 0.3595 0.0906 0.0758 0.0899 0.1017 
 157 0.0040 0.0052 0.0292 0.1132 0.0467 0.3603 0.1290 0.1132 0.1031 0.0960 
 158 0.0060 0.0069 0.0257 0.1066 0.0804 0.2662 0.0695 0.1269 0.1910 0.1209 
 159 0.0052 0.0055 0.1389 0.2019 0.0493 0.2552 0.0644 0.0778 0.0992 0.1025 
 160 0.0057 0.0055 0.1367 0.0966 0.0525 0.3346 0.0647 0.0786 0.1019 0.1232 
 161 0.0041 0.0062 0.0240 0.2193 0.0685 0.1885 0.0825 0.0898 0.2017 0.1154 
 162 0.0069 0.0059 0.0237 0.0631 0.0698 0.2720 0.1056 0.1141 0.1876 0.1514 
 163 0.0041 0.0048 0.0134 0.0816 0.0806 0.4784 0.0795 0.0773 0.0949 0.0854 
 164 0.0059 0.0055 0.1775 0.0796 0.0608 0.1692 0.0955 0.0922 0.1396 0.1745 
 165 0.0047 0.0053 0.0131 0.1239 0.0641 0.3428 0.1383 0.0841 0.1176 0.1061 
 166 0.0044 0.0097 0.1831 0.0889 0.0945 0.1705 0.1025 0.1336 0.0903 0.1226 
 167 0.0068 0.0055 0.3334 0.0596 0.0533 0.1420 0.0826 0.1267 0.1025 0.0876 
 168 0.0045 0.0138 0.0150 0.0746 0.0913 0.3824 0.0698 0.1105 0.1441 0.0939 
 169 0.0066 0.0145 0.0211 0.0854 0.0719 0.2068 0.0675 0.1207 0.2998 0.1058 
 170 0.0039 0.0050 0.0130 0.3048 0.0986 0.1582 0.0778 0.0805 0.1112 0.1469 
 171 0.0045 0.0100 0.0235 0.0894 0.0877 0.2969 0.0711 0.1464 0.1186 0.1520 
 172 0.0049 0.0143 0.0662 0.1045 0.1369 0.1563 0.0648 0.0760 0.2633 0.1128 
 173 0.0048 0.0046 0.0246 0.0726 0.0558 0.4531 0.0625 0.0817 0.0952 0.1452 
 174 0.0044 0.0053 0.0267 0.0873 0.0460 0.4223 0.0822 0.0906 0.1232 0.1120 
 175 0.0048 0.0046 0.0140 0.2115 0.0735 0.3146 0.0621 0.1165 0.1012 0.0970 
 176 0.0046 0.0052 0.0133 0.1897 0.0581 0.3552 0.1073 0.0739 0.1058 0.0870 
 177 0.0046 0.0068 0.0266 0.0708 0.0585 0.3144 0.1350 0.1171 0.1647 0.1014 
 178 0.0049 0.0048 0.0315 0.0676 0.0479 0.3803 0.0795 0.1423 0.1196 0.1216 
 179 0.0044 0.0046 0.0890 0.0796 0.0491 0.4196 0.0616 0.0821 0.1006 0.1093 
 180 0.0065 0.0071 0.0839 0.1227 0.0818 0.2058 0.0880 0.0950 0.2036 0.1056 
 181 0.0054 0.0057 0.0227 0.1062 0.0994 0.2764 0.0665 0.0860 0.1623 0.1694 
 182 0.0054 0.0051 0.0148 0.1333 0.0896 0.3448 0.0653 0.0755 0.0984 0.1677 
 183 0.0045 0.0047 0.0245 0.1115 0.0614 0.4237 0.0626 0.0826 0.1081 0.1166 
 184 0.0052 0.0071 0.0126 0.0565 0.0662 0.0898 0.0784 0.1727 0.0837 0.4277 
 185 0.0038 0.0047 0.0123 0.0945 0.1559 0.4325 0.0602 0.0661 0.0828 0.0873 
 186 0.0048 0.0046 0.0143 0.0561 0.0629 0.0854 0.1079 0.1544 0.1055 0.4042 
 187 0.0039 0.0052 0.0170 0.0668 0.0686 0.2572 0.0808 0.1070 0.0874 0.3063 
 188 0.0047 0.0043 0.0178 0.0469 0.0605 0.0698 0.0897 0.1411 0.0859 0.4792 
 189 0.0043 0.0133 0.0135 0.1095 0.1105 0.1916 0.0775 0.1699 0.1721 0.1376 
 190 0.0040 0.0042 0.0112 0.0824 0.3235 0.2017 0.0623 0.0673 0.0716 0.1718 
 191 0.0040 0.0043 0.0169 0.0650 0.0543 0.1202 0.0741 0.0987 0.0914 0.4712 
 192 0.0039 0.0049 0.0133 0.1286 0.0506 0.1792 0.0984 0.1239 0.0978 0.2994 
 193 0.0043 0.0050 0.0121 0.1213 0.0848 0.1591 0.0858 0.1283 0.1271 0.2722 
 194 0.0042 0.0054 0.0145 0.1889 0.0946 0.1300 0.0927 0.1084 0.1128 0.2486 
 195 0.0041 0.0043 0.0164 0.0856 0.1318 0.2781 0.0602 0.0722 0.0922 0.2549 
 196 0.0037 0.0063 0.0117 0.0863 0.1645 0.1914 0.0881 0.0924 0.0788 0.2768 
 197 0.0054 0.0050 0.0133 0.0500 0.0880 0.2134 0.1149 0.1954 0.1113 0.2034 
 198 0.0038 0.0056 0.0130 0.0974 0.1010 0.1405 0.1075 0.1548 0.1908 0.1856 
 199 0.0043 0.0080 0.0107 0.1165 0.2281 0.1265 0.0839 0.0849 0.1066 0.2304 
 200 0.0043 0.0074 0.0118 0.0764 0.1770 0.1781 0.0776 0.1331 0.0864 0.2480 
 201 0.0039 0.0043 0.0134 0.0670 0.0746 0.3695 0.0671 0.0876 0.0833 0.2294 
 202 0.0038 0.0043 0.0110 0.1515 0.1519 0.2772 0.0806 0.0727 0.0952 0.1517 
 203 0.0042 0.0045 0.0146 0.0783 0.0641 0.3468 0.0654 0.0810 0.0692 0.2718 
 204 0.0040 0.0043 0.0187 0.0855 0.1220 0.1536 0.0628 0.0717 0.0836 0.3938 
 205 0.0041 0.0079 0.0142 0.0788 0.1373 0.1323 0.0785 0.0974 0.1025 0.3472 
 206 0.0042 0.0044 0.0178 0.0674 0.0778 0.1703 0.0639 0.0793 0.0873 0.4275 
 207 0.0039 0.0044 0.0116 0.0776 0.1028 0.0996 0.0805 0.0803 0.0800 0.4594 
 208 0.0040 0.0042 0.0129 0.0573 0.0902 0.2662 0.0718 0.0834 0.0809 0.3291 
 209 0.0039 0.0044 0.0132 0.0950 0.0789 0.1389 0.0790 0.1058 0.1014 0.3796 
 210 0.0039 0.0044 0.0162 0.0708 0.0698 0.1837 0.0762 0.0872 0.0838 0.4041 
 211 0.0051 0.0045 0.0093 0.1263 0.1649 0.1652 0.1174 0.0894 0.0711 0.2469 
 212 0.0038 0.0043 0.0118 0.1153 0.1253 0.3160 0.0639 0.0980 0.1247 0.1368 
 213 0.0040 0.0056 0.0114 0.1083 0.1688 0.1210 0.1190 0.0831 0.1547 0.2241 
 214 0.0042 0.0042 0.0108 0.1425 0.0820 0.3035 0.0674 0.0883 0.0793 0.2178 
 215 0.0040 0.0074 0.0133 0.0599 0.0961 0.1137 0.0884 0.0984 0.0776 0.4413 
 216 0.0054 0.0058 0.0116 0.0708 0.0776 0.1064 0.0841 0.2022 0.1031 0.3330 
 217 0.0039 0.0071 0.0126 0.1073 0.0993 0.2944 0.0668 0.0922 0.0884 0.2278 
 218 0.0042 0.0073 0.0147 0.0766 0.0663 0.1464 0.0839 0.0891 0.0972 0.4143 
 219 0.0061 0.0099 0.0136 0.0790 0.0780 0.2362 0.0756 0.1822 0.1161 0.2032 
 220 0.0040 0.0042 0.0185 0.0649 0.0641 0.1186 0.0696 0.0785 0.0781 0.4996 
 221 0.0041 0.0042 0.0111 0.3069 0.1452 0.1832 0.0596 0.0722 0.0841 0.1294 
 222 0.0054 0.0056 0.0129 0.0844 0.0709 0.1470 0.0852 0.2101 0.1223 0.2563 
 223 0.0041 0.0060 0.0157 0.0805 0.0753 0.2879 0.0843 0.1279 0.1033 0.2150 
 224 0.0043 0.0043 0.0167 0.1076 0.0616 0.2404 0.0652 0.0823 0.0839 0.3336 
 225 0.0040 0.0050 0.0146 0.0869 0.1297 0.1591 0.0730 0.0929 0.0967 0.3381 
 226 0.0054 0.0642 0.0145 0.0923 0.0737 0.1474 0.0843 0.1416 0.1054 0.2710 
 227 0.0040 0.0044 0.0156 0.0841 0.2060 0.2051 0.0840 0.0715 0.0879 0.2374 
 228 0.0041 0.0048 0.0156 0.0809 0.2159 0.2621 0.0608 0.0657 0.0867 0.2034 
 229 0.0040 0.0045 0.0179 0.1242 0.0482 0.2388 0.0695 0.0850 0.0846 0.3233 
 230 0.0040 0.0044 0.0172 0.1176 0.0532 0.1882 0.0672 0.0813 0.0760 0.3909 
 231 0.0041 0.0043 0.0152 0.0742 0.0546 0.2623 0.0684 0.1083 0.1017 0.3069 
 232 0.0046 0.0063 0.0117 0.1521 0.1114 0.1528 0.0923 0.0802 0.1904 0.1983 
 233 0.0042 0.0041 0.0115 0.0868 0.0604 0.3972 0.0671 0.0896 0.0769 0.2023 
 234 0.0036 0.0048 0.0118 0.0734 0.0584 0.2030 0.0929 0.1632 0.1151 0.2738 
 235 0.0043 0.0089 0.0134 0.1337 0.0973 0.1964 0.0820 0.1063 0.1199 0.2379 
 236 0.0042 0.0049 0.0111 0.1055 0.0635 0.2778 0.0756 0.1150 0.0875 0.2549 
 237 0.0042 0.0043 0.0123 0.0616 0.1344 0.1345 0.0766 0.0888 0.0995 0.3838 
 238 0.0037 0.0041 0.0115 0.1530 0.0745 0.2743 0.0841 0.0992 0.0919 0.2037 
 239 0.0041 0.0043 0.0163 0.0856 0.1316 0.2775 0.0603 0.0721 0.0924 0.2557 
 240 0.0038 0.0043 0.0113 0.1515 0.0751 0.2761 0.0836 0.0995 0.0922 0.2026 
 241 0.0046 0.0053 0.0131 0.1730 0.1090 0.2327 0.0679 0.0849 0.1090 0.2005 
 242 0.0045 0.0084 0.0194 0.0892 0.1010 0.1758 0.0702 0.1185 0.1274 0.2855 
 243 0.0038 0.0043 0.0113 0.0811 0.1834 0.2020 0.0711 0.0786 0.0695 0.2950 
 244 0.0043 0.0043 0.0138 0.1021 0.0604 0.2678 0.0650 0.0828 0.0764 0.3230 
 245 0.0038 0.0044 0.0122 0.1072 0.0961 0.3889 0.0754 0.0818 0.1000 0.1303 
 246 0.0041 0.0074 0.0123 0.1058 0.0988 0.2956 0.0675 0.0923 0.0889 0.2272 
 247 0.0038 0.0061 0.0120 0.0542 0.0848 0.0814 0.1530 0.1463 0.1244 0.3341 
 248 0.0038 0.0046 0.0100 0.0475 0.0920 0.0982 0.0932 0.0972 0.0871 0.4664 
 249 0.0040 0.0042 0.0126 0.1713 0.0698 0.2078 0.0716 0.0867 0.0809 0.2911 
 250 0.0041 0.0049 0.0130 0.1230 0.0546 0.1928 0.0793 0.1106 0.0860 0.3317 
 251 0.0045 0.0118 0.0122 0.0762 0.1082 0.1342 0.0956 0.1906 0.1064 0.2602 
 252 0.0039 0.0051 0.0156 0.0995 0.1151 0.2065 0.0747 0.0957 0.1138 0.2700 
 253 0.0040 0.0099 0.0112 0.0861 0.1459 0.1052 0.1204 0.1213 0.1376 0.2584 
 254 0.0052 0.0049 0.0127 0.0652 0.0786 0.1849 0.0777 0.1784 0.0999 0.2923 
 255 0.0040 0.0044 0.0139 0.1078 0.0694 0.1776 0.0835 0.1131 0.1219 0.3044 
 256 0.0042 0.0051 0.0128 0.1384 0.1049 0.1903 0.0732 0.0959 0.0963 0.2791 
 257 0.0061 0.0063 0.0182 0.1122 0.0878 0.1423 0.0849 0.1005 0.1013 0.3404 
 258 0.0036 0.0048 0.0119 0.0635 0.1801 0.1554 0.1094 0.1267 0.1203 0.2241 
 259 0.0042 0.0049 0.0134 0.1098 0.0603 0.1294 0.0762 0.1022 0.0850 0.4146 
 260 0.0051 0.0048 0.0112 0.0982 0.0571 0.2590 0.0797 0.1980 0.0967 0.1902 
 261 0.0039 0.0050 0.0126 0.0867 0.1423 0.2804 0.0700 0.0966 0.1112 0.1912 
 262 0.0042 0.0065 0.0118 0.1067 0.2144 0.2460 0.0599 0.0746 0.0859 0.1900 
 263 0.0054 0.0043 0.0154 0.0534 0.0775 0.1218 0.0686 0.1284 0.0753 0.4500 
 264 0.0064 0.0055 0.0095 0.0514 0.0779 0.0722 0.0891 0.2957 0.1166 0.2756 
 265 0.0041 0.0081 0.0131 0.0705 0.0795 0.2203 0.0822 0.1159 0.1063 0.3000 
 266 0.0040 0.0043 0.0108 0.1571 0.1449 0.3193 0.0601 0.0722 0.0863 0.1410 
 267 0.0039 0.0042 0.0112 0.0910 0.0890 0.2063 0.0911 0.1100 0.1129 0.2804 
 268 0.0039 0.0065 0.0118 0.0865 0.1659 0.1897 0.0881 0.0918 0.0790 0.2768 
 269 0.0041 0.0099 0.0129 0.0716 0.0701 0.2324 0.0788 0.1870 0.1201 0.2130 
 270 0.0055 0.0047 0.0206 0.0578 0.0728 0.1053 0.0848 0.1545 0.1082 0.3858 
 271 0.0042 0.0060 0.0122 0.0733 0.1175 0.1303 0.0999 0.1149 0.0958 0.3459 
 272 0.0055 0.0631 0.0141 0.0789 0.1107 0.1351 0.0951 0.1294 0.0901 0.2780 
 273 0.0172 0.0150 0.0393 0.1122 0.0660 0.1618 0.1024 0.1209 0.1384 0.2268 
 274 0.0043 0.0100 0.0128 0.0859 0.0779 0.1419 0.0895 0.1307 0.1121 0.3349 
 275 0.0074 0.0160 0.0394 0.0756 0.0723 0.1524 0.0760 0.1311 0.1016 0.3283 
 276 0.0052 0.0480 0.0123 0.0962 0.1214 0.1016 0.0976 0.1064 0.1013 0.3098 
 277 0.0041 0.0058 0.0136 0.1061 0.0691 0.2171 0.0828 0.1299 0.1203 0.2511 
 278 0.0041 0.0074 0.0116 0.0574 0.1302 0.1532 0.0859 0.1015 0.0783 0.3703 
 279 0.0043 0.0059 0.0129 0.0960 0.0755 0.1710 0.0819 0.1234 0.1049 0.3242 
 280 0.0040 0.0110 0.0119 0.0689 0.0979 0.1790 0.0783 0.1201 0.1557 0.2731 
 281 0.0042 0.0055 0.0125 0.0841 0.0803 0.1413 0.1005 0.1009 0.1287 0.3419 
 282 0.0039 0.0051 0.0116 0.1054 0.0546 0.3347 0.0782 0.1228 0.0970 0.1869 
 283 0.0040 0.0045 0.0145 0.1251 0.0649 0.3430 0.0759 0.0890 0.0786 0.2006 
 284 0.0039 0.0050 0.0217 0.1098 0.0765 0.1951 0.1071 0.1293 0.0948 0.2567 
 285 0.0040 0.0060 0.0110 0.0449 0.1290 0.0689 0.0938 0.0980 0.1145 0.4298 
 286 0.0041 0.0043 0.0139 0.1025 0.0603 0.2684 0.0651 0.0826 0.0763 0.3226 
 287 0.0043 0.0096 0.0140 0.0934 0.0727 0.1801 0.1032 0.1118 0.1524 0.2585 
 288 0.0050 0.0451 0.0167 0.0734 0.0673 0.1270 0.0795 0.1157 0.0879 0.3824 
 289 0.0061 0.0155 0.0191 0.0836 0.0888 0.1110 0.1099 0.1277 0.0855 0.3528 
 290 0.0062 0.0056 0.0104 0.1163 0.1426 0.1149 0.0832 0.1448 0.1185 0.2573 
 291 0.0042 0.0061 0.0120 0.0733 0.1171 0.1313 0.1008 0.1153 0.0947 0.3452 
 292 0.0041 0.0109 0.0117 0.0771 0.1798 0.1913 0.0713 0.1011 0.1692 0.1835 
 293 0.0048 0.0053 0.0093 0.0617 0.1656 0.1075 0.0969 0.1943 0.1515 0.2032 
 294 0.0058 0.0062 0.0170 0.0636 0.1264 0.0980 0.0683 0.1232 0.0842 0.4074 
 295 0.0057 0.0229 0.0395 0.0780 0.1610 0.1011 0.1023 0.1198 0.1247 0.2449 
 296 0.0041 0.0069 0.0146 0.0669 0.0942 0.1345 0.0922 0.0838 0.0843 0.4185 
 297 0.0043 0.0102 0.0138 0.0714 0.0763 0.1232 0.0818 0.1152 0.1620 0.3418 
 298 0.0040 0.0049 0.0138 0.1274 0.0492 0.2432 0.0834 0.1172 0.0983 0.2587 
 299 0.0058 0.0043 0.0203 0.0659 0.0593 0.1227 0.0723 0.1321 0.0910 0.4262 
 300 0.0039 0.0055 0.0164 0.0569 0.0825 0.0862 0.0694 0.0816 0.1153 0.4824 
 301 0.0053 0.0076 0.0196 0.0589 0.0709 0.1079 0.0752 0.1961 0.0938 0.3646 
 302 0.0061 0.0069 0.0225 0.0553 0.1887 0.1027 0.0696 0.1269 0.0810 0.3404 
 303 0.0040 0.0055 0.0143 0.1040 0.0710 0.2404 0.0700 0.0885 0.1323 0.2700 
 304 0.0054 0.0046 0.0217 0.0823 0.0487 0.2793 0.1031 0.1881 0.1248 0.1420 
 305 0.0043 0.0071 0.0274 0.0862 0.1287 0.1877 0.0603 0.0799 0.0937 0.3246 
 306 0.0042 0.0090 0.0128 0.1546 0.0866 0.2387 0.0735 0.1064 0.1062 0.2080 
 307 0.0042 0.0058 0.0129 0.1444 0.0656 0.1510 0.0819 0.1252 0.1039 0.3051 
 308 0.0038 0.0050 0.0128 0.0847 0.1409 0.2841 0.0697 0.0965 0.1122 0.1903 
 309 0.0138 0.0127 0.0382 0.0705 0.0780 0.1178 0.0978 0.0949 0.0800 0.3963 
 310 0.0040 0.0043 0.0122 0.0966 0.1181 0.2294 0.0661 0.0829 0.0803 0.3063 
 311 0.0041 0.0043 0.0170 0.1173 0.0533 0.1906 0.0673 0.0815 0.0761 0.3884 
 312 0.0038 0.0044 0.0184 0.0646 0.0805 0.1234 0.0846 0.0812 0.0736 0.4654 
 313 0.0041 0.0049 0.0129 0.0571 0.2091 0.0861 0.0751 0.0846 0.0812 0.3848 
 314 0.0043 0.0069 0.1178 0.1213 0.1033 0.3169 0.0641 0.0742 0.1063 0.0848 
 315 0.0039 0.0093 0.1144 0.1111 0.0960 0.3158 0.0642 0.1037 0.1000 0.0816 
 316 0.0055 0.0136 0.2112 0.0814 0.0579 0.2612 0.0679 0.1112 0.1063 0.0837 
 317 0.0045 0.0071 0.1262 0.1228 0.0592 0.3473 0.0653 0.0766 0.1063 0.0847 
 318 0.0044 0.0062 0.2442 0.0813 0.0423 0.2923 0.0645 0.0783 0.1070 0.0795 
 319 0.0042 0.0049 0.0120 0.1159 0.0587 0.4773 0.0633 0.0731 0.1008 0.0898 
 320 0.0042 0.0070 0.1178 0.1204 0.1045 0.3171 0.0638 0.0733 0.1066 0.0851 
 321 0.0044 0.0062 0.2286 0.1341 0.0532 0.2335 0.0647 0.0782 0.1142 0.0829 
 322 0.0060 0.0148 0.0872 0.1260 0.0942 0.2972 0.0695 0.1082 0.1059 0.0911 
 323 0.0113 0.0061 0.0904 0.1025 0.0460 0.4097 0.0652 0.0810 0.1016 0.0862 
 324 0.0044 0.0061 0.2262 0.1343 0.0540 0.2339 0.0648 0.0779 0.1149 0.0834 
 325 0.0042 0.0114 0.2845 0.0752 0.0528 0.2231 0.0665 0.1033 0.0988 0.0802 
 326 0.0052 0.0122 0.3744 0.0815 0.0526 0.1316 0.0669 0.0993 0.0968 0.0795 
 327 0.0046 0.0070 0.1293 0.1220 0.0595 0.3452 0.0652 0.0765 0.1060 0.0848 
 328 0.0042 0.0097 0.1166 0.1495 0.0786 0.2627 0.0663 0.1099 0.1069 0.0955 
 329 0.0041 0.0052 0.0270 0.1476 0.0422 0.4460 0.0635 0.0776 0.1063 0.0805 
 330 0.0048 0.0072 0.1280 0.1209 0.0608 0.3460 0.0654 0.0762 0.1065 0.0843 
 331 0.0043 0.0051 0.0886 0.0904 0.0445 0.4319 0.0636 0.0776 0.1056 0.0884 
 332 0.0068 0.0103 0.3699 0.0812 0.0518 0.1331 0.0668 0.1035 0.0977 0.0789 
 333 0.0056 0.0119 0.2788 0.1028 0.0603 0.1820 0.0666 0.1011 0.0980 0.0930 
 334 0.0042 0.0097 0.1177 0.1494 0.0792 0.2611 0.0665 0.1087 0.1071 0.0964 
 335 0.0041 0.0104 0.0470 0.1645 0.0829 0.3390 0.0668 0.1062 0.0942 0.0848 
 336 0.0069 0.0062 0.3261 0.0941 0.0712 0.1675 0.0633 0.0764 0.1091 0.0791 
 337 0.0042 0.0112 0.2584 0.1238 0.0708 0.1731 0.0669 0.1030 0.1056 0.0830 
 338 0.0043 0.0056 0.3557 0.0859 0.0424 0.1761 0.0639 0.0784 0.1085 0.0791 
 339 0.0043 0.0053 0.0872 0.0908 0.0446 0.4307 0.0636 0.0772 0.1072 0.0890 
 340 0.0042 0.0052 0.0375 0.0821 0.0475 0.5046 0.0634 0.0731 0.0963 0.0862 
 341 0.0082 0.0079 0.1487 0.1022 0.0472 0.3490 0.0652 0.0762 0.1045 0.0908 
 342 0.0047 0.0070 0.1282 0.1225 0.0600 0.3435 0.0658 0.0762 0.1069 0.0852 
 343 0.0094 0.0105 0.0927 0.2062 0.1258 0.2071 0.0652 0.1053 0.0969 0.0810 
 344 0.0044 0.0052 0.0906 0.1082 0.0424 0.4226 0.0638 0.0770 0.1049 0.0809 
 345 0.0047 0.0071 0.1279 0.1223 0.0603 0.3447 0.0654 0.0763 0.1070 0.0843 
 346 0.0046 0.0067 0.1363 0.0778 0.0469 0.4062 0.0650 0.0766 0.0993 0.0807 
 347 0.0041 0.0050 0.0364 0.0981 0.0454 0.5001 0.0635 0.0734 0.0951 0.0789 
 348 0.0041 0.0090 0.0422 0.1575 0.1466 0.3026 0.0645 0.0960 0.0932 0.0841 
 349 0.0046 0.0071 0.1263 0.1220 0.0608 0.3453 0.0654 0.0766 0.1069 0.0850 
 350 0.0040 0.0050 0.0229 0.0837 0.0727 0.4749 0.0622 0.0759 0.1078 0.0908 
 351 0.0042 0.0100 0.0492 0.1636 0.0831 0.3393 0.0663 0.1060 0.0946 0.0836 
 352 0.0044 0.0142 0.1542 0.1161 0.0858 0.2669 0.0680 0.1031 0.0994 0.0877 
 353 0.0073 0.0058 0.3254 0.0949 0.0711 0.1673 0.0629 0.0764 0.1099 0.0790 
 354 0.0058 0.0063 0.0856 0.1201 0.0441 0.3981 0.0655 0.0798 0.1098 0.0848 
 355 0.0043 0.0062 0.2437 0.0808 0.0425 0.2928 0.0646 0.0783 0.1077 0.0792 
 356 0.0037 0.0083 0.0129 0.2259 0.1426 0.2737 0.0637 0.0957 0.0901 0.0834 
 357 0.0039 0.0096 0.0168 0.0720 0.0613 0.3200 0.0731 0.2137 0.1362 0.0933 
 358 0.0042 0.0091 0.2793 0.1249 0.0531 0.1832 0.0663 0.1021 0.0973 0.0807 
 359 0.0043 0.0052 0.2492 0.1028 0.0456 0.2503 0.0645 0.0770 0.1096 0.0913 
 360 0.0046 0.0070 0.1352 0.0775 0.0465 0.4066 0.0653 0.0767 0.0990 0.0816 
 361 0.0041 0.0097 0.0150 0.1166 0.0852 0.2432 0.0741 0.2057 0.1471 0.0994 
 362 0.0046 0.0133 0.0278 0.0581 0.0751 0.0925 0.1246 0.1882 0.1800 0.2358 
 363 0.0060 0.0086 0.0139 0.0544 0.0688 0.0778 0.1710 0.2331 0.1808 0.1854 
 364 0.0115 0.0073 0.0192 0.1181 0.0782 0.1790 0.1048 0.1942 0.1517 0.1360 
 365 0.0122 0.0129 0.0145 0.0595 0.0642 0.0840 0.1054 0.1950 0.3104 0.1420 
 366 0.0052 0.0114 0.0140 0.0735 0.1538 0.1256 0.0775 0.2169 0.1503 0.1718 
 367 0.0044 0.0076 0.0103 0.0453 0.0507 0.0666 0.3483 0.1801 0.1794 0.1073 
 368 0.0042 0.0062 0.0130 0.0697 0.0545 0.0910 0.1646 0.1397 0.1731 0.2840 
 369 0.0060 0.0073 0.0392 0.1596 0.1577 0.0896 0.0848 0.1968 0.1275 0.1315 
 370 0.0090 0.0107 0.0326 0.0779 0.0605 0.0899 0.1851 0.1539 0.1267 0.2536 
 371 0.0081 0.0070 0.0340 0.0829 0.0750 0.1028 0.0921 0.2470 0.1304 0.2208 
 372 0.0265 0.0153 0.0323 0.0785 0.0696 0.1080 0.1257 0.0928 0.1323 0.3190 
 373 0.0048 0.0051 0.0120 0.0907 0.0642 0.1158 0.2198 0.1351 0.2017 0.1508 
 374 0.0061 0.0102 0.0157 0.1911 0.0573 0.1305 0.1393 0.1680 0.1401 0.1417 
 375 0.0111 0.0086 0.0163 0.0559 0.0475 0.0751 0.1557 0.2727 0.1824 0.1747 
 376 0.0773 0.0105 0.0125 0.0545 0.0523 0.0709 0.1301 0.2797 0.2249 0.0873 
 377 0.0056 0.0087 0.0304 0.0562 0.0874 0.0958 0.1195 0.1603 0.2017 0.2344 
 378 0.0044 0.0058 0.0351 0.0830 0.0636 0.1629 0.2996 0.0959 0.1345 0.1151 
 379 0.1409 0.0159 0.0137 0.0499 0.0568 0.0650 0.1467 0.2516 0.1571 0.1025 
 380 0.0079 0.0189 0.0165 0.0908 0.0787 0.1135 0.0708 0.1144 0.3723 0.1162 
 381 0.0076 0.0076 0.0125 0.0962 0.1206 0.1061 0.0708 0.2025 0.2855 0.0906 
 382 0.0041 0.0055 0.0188 0.0510 0.0451 0.0825 0.1278 0.4205 0.1194 0.1252 
 383 0.0095 0.0268 0.1588 0.0528 0.0481 0.0937 0.0741 0.1382 0.2565 0.1415 
 384 0.0345 0.0167 0.0618 0.0697 0.0509 0.1188 0.1123 0.2198 0.2039 0.1116 
 385 0.0088 0.0052 0.1438 0.0591 0.0478 0.1089 0.2014 0.1319 0.1547 0.1384 
 386 0.0038 0.0067 0.0105 0.0539 0.0579 0.0774 0.1744 0.2576 0.2175 0.1403 
 387 0.0042 0.0063 0.0105 0.0458 0.0643 0.1057 0.1727 0.2707 0.2115 0.1083 
 388 0.0116 0.0101 0.0230 0.1093 0.0482 0.1581 0.1505 0.1595 0.1888 0.1410 
 389 0.0093 0.0075 0.0260 0.0574 0.1463 0.0815 0.1218 0.1284 0.0991 0.3228 
 390 0.0154 0.0260 0.0198 0.0596 0.1124 0.0715 0.2144 0.1639 0.2191 0.0980 
 391 0.0114 0.0168 0.0162 0.0959 0.1045 0.0991 0.2188 0.1443 0.1277 0.1654 
 392 0.0057 0.0058 0.0110 0.0558 0.0697 0.1418 0.1332 0.1496 0.3033 0.1241 
 393 0.0059 0.0165 0.0129 0.0627 0.0762 0.0940 0.0791 0.1032 0.4626 0.0870 
 394 0.0042 0.0112 0.0398 0.0917 0.0689 0.1689 0.1551 0.1522 0.1809 0.1271 
 395 0.0038 0.0153 0.0094 0.0470 0.1020 0.0996 0.1433 0.1451 0.2041 0.2304 
 396 0.0045 0.0051 0.0093 0.0477 0.0508 0.0655 0.1893 0.2575 0.2033 0.1669 
 397 0.0495 0.0055 0.0139 0.0877 0.0733 0.1493 0.0791 0.1867 0.1193 0.2356 
 398 0.0292 0.0170 0.0107 0.0504 0.0572 0.0698 0.2168 0.1439 0.3081 0.0970 
 399 0.0045 0.0226 0.0200 0.0591 0.0776 0.0777 0.3359 0.1436 0.1118 0.1473 
 400 0.0052 0.0054 0.0107 0.0874 0.0607 0.0881 0.1799 0.2636 0.2053 0.0938 
 401 0.0041 0.0057 0.0100 0.0630 0.1109 0.1121 0.2822 0.1119 0.1848 0.1154 
 402 0.0051 0.0051 0.0123 0.0627 0.1235 0.1029 0.1565 0.1261 0.2565 0.1494 
 403 0.0055 0.0074 0.0130 0.0704 0.0666 0.2851 0.1284 0.1060 0.1901 0.1275 
 404 0.0062 0.0058 0.0104 0.0969 0.0526 0.1044 0.1442 0.1893 0.1729 0.2174 
 405 0.0039 0.0115 0.0123 0.0721 0.0854 0.1033 0.0982 0.2068 0.2158 0.1907 
 406 0.0039 0.1141 0.0101 0.1136 0.1325 0.1164 0.0736 0.1520 0.1457 0.1382 
 407 0.0036 0.0108 0.0090 0.0471 0.0468 0.0639 0.1098 0.1835 0.3986 0.1269 
 408 0.0037 0.0046 0.0092 0.0438 0.1613 0.0627 0.2858 0.1083 0.1308 0.1898 
 409 0.0071 0.0193 0.0140 0.2504 0.0834 0.0953 0.0834 0.0885 0.2631 0.0955 
 410 0.0566 0.0108 0.0145 0.0687 0.0691 0.1134 0.1771 0.1325 0.2448 0.1126 
 411 0.0099 0.0067 0.0490 0.0659 0.1016 0.1031 0.1104 0.2672 0.1854 0.1007 
 412 0.0042 0.0053 0.0130 0.0611 0.0517 0.0865 0.1586 0.1674 0.1947 0.2575 
 413 0.0042 0.0050 0.0304 0.0720 0.0560 0.1518 0.1766 0.1582 0.1693 0.1765 
 414 0.0040 0.0047 0.0185 0.0399 0.0472 0.0679 0.2105 0.2535 0.1145 0.2393 
 415 0.0044 0.0103 0.0103 0.0700 0.1124 0.0752 0.1292 0.2669 0.1920 0.1294 
 416 0.0053 0.0053 0.0108 0.0769 0.1014 0.0935 0.1983 0.1108 0.2852 0.1124 
 417 0.0051 0.0347 0.0154 0.0749 0.0635 0.0712 0.1341 0.2027 0.2722 0.1263 
 418 0.0052 0.0059 0.0110 0.0555 0.0458 0.0729 0.2663 0.2076 0.1797 0.1501 
 419 0.0092 0.0104 0.0146 0.1010 0.0706 0.1595 0.1328 0.1254 0.2540 0.1225 
 420 0.0037 0.0052 0.0089 0.0590 0.1793 0.0693 0.2629 0.1219 0.1777 0.1122 
 421 0.0053 0.0141 0.0141 0.0811 0.0589 0.0708 0.1711 0.1114 0.2923 0.1809 
 422 0.0047 0.0116 0.0105 0.0543 0.1009 0.0792 0.0859 0.0893 0.3201 0.2435 
 423 0.0056 0.0105 0.0107 0.0483 0.0745 0.1222 0.1169 0.3120 0.1191 0.1801 
 424 0.0058 0.0142 0.0136 0.0747 0.1397 0.1040 0.2279 0.1857 0.1309 0.1035 
 425 0.0177 0.0096 0.0150 0.0662 0.0651 0.1380 0.1201 0.2331 0.1883 0.1469 
 426 0.0221 0.0229 0.0439 0.0838 0.0687 0.1037 0.2011 0.1959 0.1323 0.1255 
 427 0.0045 0.0136 0.0246 0.0455 0.0496 0.1368 0.1743 0.1715 0.2946 0.0851 
 428 0.0136 0.0370 0.0140 0.0803 0.1036 0.1464 0.0827 0.1150 0.2779 0.1295 
 429 0.0049 0.0069 0.0103 0.0458 0.0489 0.0656 0.2050 0.3092 0.1889 0.1144 
 430 0.0043 0.0205 0.0128 0.0494 0.0629 0.0684 0.0952 0.1460 0.4086 0.1319 
 431 0.0080 0.0129 0.0278 0.0631 0.0679 0.1207 0.2185 0.2027 0.0979 0.1805 
 432 0.0042 0.0055 0.0124 0.0715 0.0618 0.0959 0.1729 0.1282 0.2170 0.2306 
 433 0.0059 0.0055 0.0138 0.1541 0.0717 0.1842 0.1142 0.1321 0.1178 0.2008 
 434 0.0044 0.0057 0.0140 0.0946 0.0779 0.1094 0.0928 0.1831 0.2223 0.1958 
 435 0.0039 0.0289 0.0112 0.0477 0.0723 0.0682 0.1449 0.1958 0.3274 0.0997 
 436 0.0056 0.0761 0.0117 0.0812 0.0894 0.0830 0.1832 0.2351 0.1686 0.0660 
 437 0.0052 0.0083 0.0109 0.0539 0.0581 0.0746 0.0907 0.4253 0.1551 0.1180 
 438 0.0047 0.0586 0.0142 0.0882 0.1393 0.0824 0.1574 0.1322 0.2349 0.0880 
 439 0.0041 0.0364 0.0122 0.0580 0.0563 0.0731 0.1219 0.1602 0.4049 0.0728 
 440 0.0037 0.0481 0.0096 0.0426 0.0652 0.0607 0.1623 0.3544 0.1657 0.0878 
 441 0.0039 0.0139 0.0155 0.0771 0.0679 0.0970 0.0936 0.1568 0.3796 0.0945 
 442 0.0054 0.0060 0.0090 0.0617 0.0774 0.0670 0.2152 0.2333 0.1980 0.1270 
 443 0.0040 0.0138 0.0100 0.0476 0.1800 0.0645 0.2869 0.1470 0.1596 0.0865 
 444 0.0052 0.0097 0.0096 0.0596 0.1006 0.0673 0.1720 0.2931 0.1676 0.1154 
 445 0.0279 0.0117 0.0108 0.1058 0.0820 0.0977 0.0838 0.0978 0.3947 0.0878 
 446 0.0338 0.0243 0.0128 0.0582 0.0471 0.0712 0.2626 0.1265 0.2937 0.0697 
 447 0.0055 0.0554 0.0118 0.0844 0.1117 0.1003 0.1395 0.1793 0.2162 0.0958 
 448 0.0041 0.0133 0.0113 0.0549 0.0746 0.0733 0.1226 0.2212 0.3090 0.1158 
 449 0.0042 0.0131 0.0114 0.0707 0.0740 0.0968 0.1070 0.2223 0.2842 0.1163 
 450 0.0059 0.0063 0.0119 0.0671 0.0411 0.0975 0.1147 0.2216 0.3518 0.0820 
 451 0.0042 0.0086 0.0098 0.0427 0.0749 0.0614 0.2714 0.2449 0.1143 0.1680 
 452 0.0045 0.0073 0.0111 0.0627 0.0477 0.0953 0.1494 0.1708 0.3655 0.0856 
 453 0.0038 0.0082 0.0114 0.0727 0.2509 0.0766 0.1374 0.1133 0.1986 0.1269 
 454 0.0040 0.0122 0.0281 0.0620 0.0698 0.1004 0.1128 0.2675 0.2284 0.1149 
 455 0.0041 0.0543 0.0119 0.0553 0.1019 0.0659 0.1634 0.1944 0.2754 0.0734 
 456 0.0048 0.0144 0.0098 0.0517 0.1861 0.0653 0.1545 0.2328 0.1897 0.0910 
 457 0.0046 0.0145 0.0113 0.0595 0.0639 0.0749 0.0950 0.2888 0.2894 0.0983 
 458 0.0277 0.0117 0.0113 0.0554 0.0482 0.0734 0.1279 0.1177 0.4397 0.0868 
 459 0.0041 0.0171 0.0123 0.1029 0.0600 0.0998 0.1753 0.1925 0.2676 0.0683 
 460 0.0041 0.0137 0.0118 0.0500 0.0638 0.0688 0.2345 0.2174 0.2592 0.0765 
 461 0.0048 0.0065 0.0107 0.0537 0.0417 0.0705 0.3076 0.2261 0.2049 0.0736 
 462 0.0074 0.0117 0.0121 0.0400 0.0894 0.0567 0.1629 0.2159 0.2437 0.1602 
 463 0.0038 0.0518 0.0126 0.0581 0.2413 0.0785 0.0849 0.1595 0.1935 0.1159 
 464 0.0036 0.0151 0.0101 0.0519 0.1266 0.0654 0.2620 0.1830 0.2026 0.0796 
 465 0.0049 0.0083 0.0113 0.0592 0.0795 0.0721 0.2222 0.1522 0.2715 0.1187 
 466 0.0039 0.0149 0.0099 0.0526 0.1931 0.0667 0.1898 0.1726 0.1928 0.1038 
 467 0.0042 0.0128 0.0141 0.0611 0.0782 0.0829 0.1018 0.1626 0.3437 0.1387 
 468 0.0043 0.0536 0.0100 0.0510 0.1324 0.0652 0.0899 0.3017 0.2041 0.0878 
 469 0.0040 0.1444 0.0113 0.0506 0.0571 0.0685 0.0888 0.1485 0.3556 0.0713 
 470 0.0042 0.0490 0.0111 0.0520 0.0647 0.0692 0.2003 0.1910 0.2774 0.0810 
 471 0.0051 0.0073 0.0096 0.0552 0.1387 0.0748 0.1809 0.1603 0.2098 0.1583 
 472 0.0046 0.0064 0.0099 0.0558 0.0977 0.0679 0.1244 0.1608 0.3550 0.1175 
 473 0.0041 0.0136 0.0143 0.0702 0.0874 0.0947 0.0952 0.2195 0.2488 0.1521 
 474 0.0042 0.0067 0.0103 0.0609 0.0794 0.0897 0.1431 0.1613 0.3587 0.0857 
 475 0.0043 0.0090 0.0107 0.1009 0.0737 0.0961 0.2175 0.1467 0.2312 0.1098 
 476 0.0051 0.0102 0.0109 0.0593 0.0851 0.0718 0.1195 0.3462 0.2172 0.0746 
 477 0.0050 0.0108 0.0131 0.0829 0.0954 0.0834 0.2281 0.2030 0.1844 0.0940 
 478 0.0056 0.0103 0.0124 0.0484 0.0614 0.0678 0.4201 0.1432 0.1464 0.0844 
 479 0.0040 0.0120 0.0108 0.0486 0.0583 0.0681 0.1463 0.3442 0.2283 0.0793 
 480 0.0046 0.0123 0.0110 0.0548 0.0575 0.0735 0.1109 0.3604 0.2319 0.0832 
 481 0.0044 0.0065 0.0093 0.0522 0.0684 0.0719 0.1307 0.1698 0.2616 0.2251 
 482 0.0048 0.0077 0.0099 0.0501 0.0492 0.0688 0.1825 0.3321 0.2141 0.0809 
 483 0.0045 0.0593 0.0140 0.0655 0.0586 0.0751 0.1671 0.1608 0.3194 0.0757 
 484 0.0042 0.0450 0.0121 0.0558 0.1449 0.0708 0.1017 0.1287 0.3298 0.1070 
 485 0.0046 0.2121 0.0129 0.0515 0.0635 0.0696 0.1559 0.1640 0.1881 0.0777 
 486 0.0061 0.0054 0.0121 0.0727 0.1536 0.0860 0.1543 0.1932 0.0946 0.2221 
 487 0.0067 0.0059 0.0154 0.0793 0.1085 0.1636 0.1251 0.1998 0.1289 0.1668 
 488 0.0063 0.0058 0.0143 0.0496 0.0865 0.1703 0.2104 0.1391 0.1115 0.2062 
 489 0.0057 0.0045 0.0140 0.1646 0.1035 0.1032 0.0834 0.2108 0.1183 0.1919 
 490 0.0046 0.0060 0.0099 0.0490 0.1449 0.0698 0.2633 0.2083 0.1151 0.1290 
 491 0.0062 0.0050 0.0125 0.1176 0.0825 0.1191 0.1040 0.1138 0.1220 0.3172 
 492 0.0042 0.0054 0.0129 0.0760 0.1108 0.2467 0.2191 0.0955 0.1186 0.1107 
 493 0.0077 0.0053 0.0146 0.0414 0.0968 0.1507 0.1324 0.1913 0.0860 0.2739 
 494 0.0153 0.0097 0.0117 0.1121 0.1085 0.1233 0.1273 0.1622 0.1220 0.2079 
 495 0.0146 0.0060 0.0130 0.0651 0.1311 0.1827 0.2758 0.1303 0.0928 0.0886 
 496 0.0042 0.0058 0.0137 0.2332 0.0969 0.1377 0.0917 0.1211 0.1343 0.1613 
 497 0.0119 0.0057 0.0208 0.0701 0.0761 0.1605 0.1102 0.1511 0.1195 0.2741 
 498 0.0075 0.0056 0.0124 0.1339 0.1036 0.0693 0.1916 0.1766 0.1186 0.1808 
 499 0.0100 0.0057 0.0156 0.1104 0.1012 0.2017 0.0857 0.1600 0.1215 0.1884 
 500 0.0082 0.0093 0.0115 0.0545 0.0923 0.1270 0.0867 0.2826 0.1052 0.2226 
 501 0.0067 0.0060 0.0112 0.1353 0.0576 0.1576 0.1134 0.2069 0.1549 0.1504 
 502 0.0057 0.0060 0.0112 0.1356 0.0489 0.1783 0.2115 0.1037 0.1747 0.1244 
 503 0.0051 0.0064 0.0102 0.0583 0.0656 0.0879 0.1234 0.1921 0.2619 0.1891 
 504 0.0053 0.0058 0.0110 0.0784 0.1128 0.0830 0.2877 0.1278 0.1356 0.1526 
 505 0.0055 0.0086 0.0100 0.1301 0.1189 0.1103 0.1169 0.1160 0.0994 0.2844 
 506 0.0051 0.0049 0.0119 0.1240 0.0688 0.1661 0.2150 0.1000 0.1235 0.1806 
 507 0.0049 0.0050 0.0144 0.1510 0.1376 0.2805 0.0649 0.0809 0.1156 0.1452 
 508 0.0082 0.0048 0.0173 0.1890 0.1411 0.2459 0.0771 0.0861 0.0820 0.1486 
 509 0.0051 0.0061 0.0108 0.0845 0.1271 0.2016 0.1011 0.1071 0.1206 0.2359 
 510 0.0093 0.0051 0.0108 0.1253 0.0673 0.2261 0.0985 0.2071 0.1102 0.1403 
 511 0.0076 0.0265 0.0110 0.0829 0.0858 0.0888 0.1746 0.2219 0.1362 0.1649 
 512 0.0054 0.0056 0.0092 0.0525 0.0533 0.0754 0.1655 0.3353 0.1460 0.1518 
 513 0.0095 0.0056 0.0130 0.0723 0.1458 0.1077 0.2436 0.0758 0.0708 0.2558 
 514 0.0054 0.0059 0.0184 0.0556 0.0737 0.1349 0.2637 0.1395 0.1206 0.1821 
 515 0.0070 0.0137 0.0120 0.0592 0.1386 0.2047 0.1013 0.1717 0.1830 0.1086 
 516 0.0061 0.0065 0.0118 0.0881 0.1387 0.0922 0.2057 0.1024 0.1324 0.2161 
 517 0.0050 0.0104 0.0137 0.0760 0.1717 0.1650 0.1192 0.1636 0.1396 0.1357 
 518 0.0354 0.0050 0.0144 0.0701 0.0541 0.2167 0.0860 0.2174 0.1090 0.1920 
 519 0.0046 0.0060 0.0109 0.0921 0.0792 0.1109 0.2937 0.1374 0.1388 0.1264 
 520 0.0052 0.0483 0.0135 0.0890 0.1821 0.2059 0.0689 0.1446 0.1218 0.1209 
 521 0.0043 0.0049 0.1330 0.0921 0.0694 0.1483 0.1274 0.1332 0.0839 0.2034 
 522 0.0100 0.0080 0.0116 0.0468 0.1906 0.1196 0.0983 0.2872 0.1153 0.1127 
 523 0.0053 0.0090 0.0259 0.0847 0.2700 0.1525 0.1064 0.1388 0.0952 0.1122 
 524 0.0055 0.0562 0.0143 0.0558 0.1332 0.1473 0.0984 0.1647 0.1725 0.1521 
 525 0.0422 0.0133 0.0153 0.0794 0.1077 0.2030 0.0720 0.1566 0.1640 0.1463 
 526 0.0043 0.1114 0.0117 0.0744 0.2069 0.0977 0.0673 0.1194 0.1723 0.1346 
