   1 0.0102 0.0384 0.0527 0.1125 0.3479 0.2931 0.1453 
   2 0.0055 0.0120 0.0339 0.0718 0.0954 0.1331 0.6482 
   3 0.0154 0.0391 0.0447 0.0327 0.2565 0.4471 0.1645 
   4 0.0212 0.0289 0.0674 0.0456 0.5211 0.1485 0.1673 
   5 0.0075 0.0129 0.0432 0.1176 0.0993 0.1675 0.5519 
   6 0.0154 0.0127 0.0353 0.0329 0.1272 0.5928 0.1837 
   7 0.0105 0.0114 0.2381 0.0734 0.1019 0.4015 0.1632 
   8 0.0785 0.0235 0.0700 0.0466 0.3470 0.3068 0.1276 
   9 0.0386 0.0192 0.0528 0.0932 0.1882 0.3040 0.3039 
  10 0.0179 0.0112 0.0580 0.0786 0.2453 0.4141 0.1748 
  11 0.0065 0.0112 0.1282 0.1812 0.1021 0.4135 0.1572 
  12 0.0097 0.0144 0.0439 0.0823 0.1477 0.1683 0.5338 
  13 0.0145 0.0189 0.0581 0.0774 0.1619 0.2980 0.3712 
  14 0.0056 0.0468 0.0320 0.0409 0.1806 0.2410 0.4531 
  15 0.0099 0.0221 0.0694 0.0580 0.2897 0.2351 0.3157 
  16 0.0067 0.0223 0.0412 0.0952 0.1459 0.5428 0.1458 
  17 0.0406 0.0314 0.0424 0.1030 0.1596 0.3235 0.2995 
  18 0.0262 0.0255 0.0309 0.0424 0.1844 0.3500 0.3407 
  19 0.0119 0.0114 0.0441 0.0660 0.1478 0.4778 0.2410 
  20 0.0088 0.0200 0.0969 0.1135 0.1634 0.2939 0.3035 
  21 0.0073 0.0311 0.0351 0.0635 0.3125 0.2194 0.3312 
  22 0.0262 0.0187 0.0282 0.0414 0.1927 0.4977 0.1951 
  23 0.0123 0.0642 0.0541 0.0778 0.3315 0.1874 0.2727 
  24 0.0083 0.0218 0.0357 0.0820 0.3175 0.3564 0.1784 
  25 0.0101 0.0188 0.0824 0.0725 0.0801 0.4244 0.3117 
  26 0.0214 0.0182 0.0416 0.0728 0.2552 0.2960 0.2947 
  27 0.0106 0.0350 0.0386 0.1028 0.1851 0.3696 0.2581 
  28 0.0079 0.0167 0.1026 0.0473 0.3725 0.2633 0.1897 
  29 0.0057 0.0170 0.0703 0.1536 0.1319 0.2266 0.3949 
  30 0.0103 0.0247 0.0257 0.0535 0.1594 0.5053 0.2212 
  31 0.0489 0.0276 0.0659 0.1039 0.2092 0.2195 0.3250 
  32 0.0085 0.0210 0.0481 0.0423 0.2799 0.3304 0.2697 
  33 0.0080 0.0288 0.0613 0.0484 0.2619 0.4136 0.1780 
  34 0.0134 0.0172 0.1071 0.1339 0.1502 0.4671 0.1111 
  35 0.0317 0.0531 0.0299 0.1378 0.1236 0.2773 0.3465 
  36 0.0063 0.2341 0.0343 0.0475 0.1300 0.3212 0.2265 
  37 0.0135 0.0234 0.0410 0.0425 0.2420 0.1929 0.4448 
  38 0.0066 0.0762 0.0580 0.0925 0.0867 0.5184 0.1616 
  39 0.0106 0.0520 0.0550 0.0944 0.1295 0.4021 0.2564 
  40 0.0059 0.2181 0.0276 0.0586 0.2272 0.2346 0.2281 
  41 0.0108 0.3259 0.0536 0.0851 0.0936 0.2991 0.1318 
  42 0.0061 0.1566 0.0343 0.0781 0.3840 0.2210 0.1199 
  43 0.0118 0.1977 0.0475 0.0518 0.1730 0.1553 0.3629 
  44 0.0159 0.2974 0.0325 0.0460 0.0948 0.2451 0.2683 
  45 0.0068 0.1305 0.0324 0.1044 0.0923 0.2796 0.3541 
  46 0.0260 0.0411 0.0444 0.0696 0.1185 0.3740 0.3265 
  47 0.0843 0.0312 0.0382 0.0821 0.1580 0.2854 0.3208 
  48 0.0229 0.2930 0.0253 0.0573 0.1082 0.2176 0.2757 
  49 0.0150 0.0557 0.0361 0.1652 0.1500 0.2948 0.2832 
  50 0.0248 0.0299 0.0812 0.0578 0.1398 0.4116 0.2548 
  51 0.0049 0.5689 0.0301 0.0388 0.0774 0.1377 0.1421 
  52 0.0140 0.0604 0.0574 0.1289 0.1693 0.3921 0.1779 
  53 0.0096 0.0430 0.0508 0.0408 0.1532 0.5507 0.1520 
  54 0.0159 0.0377 0.0330 0.0840 0.1687 0.1409 0.5198 
  55 0.0094 0.0938 0.0315 0.0603 0.1335 0.1312 0.5403 
  56 0.0141 0.0718 0.0282 0.1201 0.1717 0.3012 0.2930 
  57 0.0516 0.0151 0.0534 0.1025 0.2945 0.2901 0.1927 
  58 0.0069 0.0803 0.0354 0.1248 0.1574 0.2184 0.3769 
  59 0.0068 0.0930 0.0361 0.2153 0.1324 0.3127 0.2036 
  60 0.0059 0.1967 0.0386 0.0435 0.2404 0.1939 0.2810 
  61 0.0053 0.1118 0.0280 0.0667 0.1925 0.0935 0.5021 
  62 0.0260 0.0188 0.0405 0.2756 0.1332 0.2658 0.2401 
  63 0.0056 0.0514 0.0732 0.0604 0.2171 0.2474 0.3448 
  64 0.0108 0.0166 0.0341 0.0990 0.0984 0.4927 0.2484 
  65 0.0081 0.0171 0.1096 0.0792 0.0768 0.2980 0.4111 
  66 0.0060 0.0216 0.0620 0.0493 0.2336 0.1430 0.4845 
  67 0.0089 0.1095 0.0347 0.0749 0.1052 0.1295 0.5374 
  68 0.0100 0.1179 0.0389 0.1481 0.1608 0.3078 0.2165 
  69 0.0120 0.1131 0.0856 0.1809 0.1741 0.3223 0.1120 
  70 0.0055 0.2163 0.0966 0.0547 0.1961 0.2618 0.1689 
  71 0.0070 0.1941 0.0416 0.1382 0.0750 0.2693 0.2748 
  72 0.0086 0.0671 0.0403 0.0540 0.1066 0.4625 0.2609 
  73 0.0063 0.0795 0.0417 0.1625 0.0910 0.1491 0.4699 
  74 0.0068 0.1431 0.0309 0.0530 0.2293 0.3338 0.2032 
  75 0.0076 0.1431 0.0266 0.0645 0.3123 0.2198 0.2261 
  76 0.0076 0.0747 0.0776 0.0388 0.1265 0.2109 0.4639 
  77 0.0053 0.2153 0.0540 0.1053 0.0961 0.3206 0.2033 
  78 0.0061 0.2451 0.0567 0.1001 0.0943 0.3498 0.1479 
  79 0.0066 0.0109 0.0883 0.0587 0.1086 0.3821 0.3448 
  80 0.0076 0.0133 0.0780 0.0383 0.5100 0.1640 0.1888 
  81 0.0089 0.0108 0.1087 0.0333 0.4009 0.2154 0.2219 
  82 0.0061 0.0254 0.0499 0.0929 0.1855 0.1528 0.4875 
  83 0.0065 0.0217 0.1063 0.0284 0.3023 0.3044 0.2303 
  84 0.0060 0.0131 0.0932 0.0349 0.2677 0.3075 0.2776 
  85 0.0063 0.0195 0.0422 0.0337 0.3246 0.3381 0.2356 
  86 0.0095 0.0297 0.0407 0.0922 0.1079 0.1992 0.5208 
  87 0.0072 0.0231 0.2606 0.0444 0.1239 0.2697 0.2711 
  88 0.0071 0.0128 0.0968 0.0472 0.3268 0.1696 0.3396 
  89 0.0080 0.0122 0.0643 0.0359 0.3539 0.1597 0.3660 
  90 0.0061 0.0122 0.1569 0.0488 0.1230 0.2302 0.4229 
  91 0.0067 0.0212 0.0523 0.0284 0.4852 0.2380 0.1682 
  92 0.0071 0.0122 0.0687 0.0538 0.1587 0.2381 0.4614 
  93 0.0057 0.0128 0.0312 0.0383 0.6564 0.1180 0.1377 
  94 0.0056 0.0273 0.4000 0.0301 0.1132 0.3105 0.1132 
  95 0.0063 0.0128 0.2364 0.0417 0.2475 0.1543 0.3010 
  96 0.0054 0.1039 0.0309 0.0453 0.2982 0.1011 0.4152 
  97 0.0085 0.0745 0.0258 0.0614 0.2516 0.2704 0.3078 
  98 0.0052 0.0862 0.0299 0.0752 0.1922 0.2386 0.3727 
  99 0.0062 0.0119 0.1012 0.0373 0.2367 0.2662 0.3405 
 100 0.0074 0.0155 0.0291 0.0395 0.5341 0.0952 0.2791 
 101 0.0089 0.0327 0.1524 0.0451 0.1640 0.2144 0.3825 
 102 0.0075 0.0611 0.0840 0.0737 0.3825 0.2056 0.1856 
 103 0.0071 0.0172 0.1026 0.0422 0.1796 0.1293 0.5222 
 104 0.0064 0.0162 0.3327 0.0493 0.1347 0.1788 0.2819 
 105 0.0083 0.0188 0.1880 0.1333 0.1872 0.1242 0.3402 
 106 0.0063 0.0187 0.1933 0.0467 0.0649 0.4658 0.2042 
 107 0.0107 0.0212 0.2449 0.0615 0.1732 0.1393 0.3492 
 108 0.0049 0.1325 0.0333 0.0324 0.0931 0.2387 0.4651 
 109 0.0069 0.0256 0.0768 0.2718 0.0672 0.3053 0.2463 
 110 0.0069 0.0157 0.3479 0.0604 0.0749 0.3715 0.1228 
 111 0.0061 0.0150 0.4809 0.0977 0.0937 0.1176 0.1888 
 112 0.0049 0.0260 0.3093 0.3190 0.0767 0.1627 0.1014 
 113 0.0091 0.0280 0.0564 0.0710 0.1431 0.2229 0.4696 
 114 0.0055 0.0145 0.2796 0.1009 0.1633 0.1749 0.2612 
 115 0.0097 0.0629 0.2580 0.1740 0.1144 0.1665 0.2145 
 116 0.0078 0.0572 0.0981 0.0961 0.0739 0.3726 0.2942 
 117 0.0101 0.0246 0.2683 0.2156 0.0918 0.2811 0.1087 
 118 0.0057 0.0167 0.0662 0.1453 0.0883 0.1261 0.5516 
 119 0.0050 0.2084 0.0538 0.0298 0.2873 0.1593 0.2564 
 120 0.0075 0.0311 0.2034 0.1903 0.1300 0.1947 0.2430 
 121 0.0361 0.1111 0.2382 0.2020 0.0838 0.1743 0.1545 
 122 0.0050 0.0165 0.1547 0.0974 0.0891 0.4090 0.2283 
 123 0.0062 0.0257 0.3631 0.0626 0.1233 0.2117 0.2074 
 124 0.0194 0.0542 0.1578 0.1351 0.0875 0.3002 0.2458 
 125 0.0073 0.0440 0.0770 0.2650 0.1005 0.4079 0.0982 
 126 0.0045 0.0510 0.1474 0.0524 0.1404 0.3333 0.2709 
 127 0.0077 0.0167 0.5144 0.0597 0.1003 0.1033 0.1979 
 128 0.0053 0.0156 0.0463 0.1291 0.0876 0.1239 0.5921 
 129 0.0091 0.0176 0.2005 0.0582 0.0774 0.1234 0.5139 
 130 0.0102 0.0142 0.2354 0.1320 0.1672 0.1887 0.2523 
 131 0.0153 0.0897 0.1909 0.1116 0.0730 0.3725 0.1471 
 132 0.0064 0.0201 0.1688 0.0501 0.0702 0.3198 0.3646 
 133 0.0087 0.0238 0.3095 0.0450 0.1107 0.1466 0.3557 
 134 0.0052 0.0140 0.4274 0.0999 0.0575 0.2742 0.1218 
 135 0.0074 0.0471 0.0254 0.1147 0.4861 0.1088 0.2105 
 136 0.0079 0.0132 0.0229 0.0604 0.6498 0.1318 0.1140 
 137 0.0066 0.0134 0.0420 0.0858 0.6513 0.1048 0.0960 
 138 0.0070 0.0199 0.0236 0.0311 0.7057 0.1126 0.1000 
 139 0.0061 0.0272 0.0254 0.0606 0.3143 0.1397 0.4267 
 140 0.0064 0.0279 0.0333 0.0528 0.4468 0.1920 0.2408 
 141 0.0079 0.0172 0.0245 0.0558 0.5619 0.1970 0.1357 
 142 0.0066 0.0612 0.0256 0.0810 0.4675 0.1061 0.2521 
 143 0.0054 0.0133 0.0219 0.0303 0.7427 0.0862 0.1002 
 144 0.0064 0.0140 0.0404 0.0856 0.6629 0.0947 0.0960 
 145 0.0099 0.0220 0.0250 0.0825 0.4852 0.2042 0.1713 
 146 0.0112 0.0188 0.0484 0.0593 0.4791 0.2119 0.1713 
 147 0.0070 0.0121 0.0224 0.0323 0.7422 0.0943 0.0896 
 148 0.0067 0.0294 0.0354 0.0741 0.4805 0.1579 0.2159 
 149 0.0069 0.0253 0.0232 0.0534 0.6323 0.1217 0.1371 
 150 0.0080 0.0154 0.0584 0.1090 0.5018 0.1302 0.1772 
 151 0.0066 0.0143 0.0303 0.0412 0.6502 0.1074 0.1499 
 152 0.0073 0.0714 0.0332 0.0646 0.4569 0.1900 0.1768 
 153 0.0057 0.0262 0.0309 0.0455 0.6311 0.1443 0.1162 
 154 0.0097 0.0205 0.0237 0.0535 0.6009 0.1283 0.1633 
 155 0.0065 0.0134 0.0314 0.0322 0.6863 0.1022 0.1280 
 156 0.0051 0.0410 0.0322 0.0622 0.5923 0.0897 0.1774 
 157 0.0055 0.0128 0.0776 0.0327 0.5846 0.1589 0.1280 
 158 0.0089 0.0188 0.0242 0.0916 0.5267 0.2001 0.1296 
 159 0.0068 0.0109 0.0237 0.0389 0.7304 0.0924 0.0968 
 160 0.0086 0.0111 0.0233 0.0406 0.7050 0.0931 0.1184 
 161 0.0060 0.0189 0.0317 0.0502 0.5675 0.1749 0.1508 
 162 0.0184 0.0215 0.0453 0.0587 0.4155 0.2047 0.2360 
 163 0.0055 0.0184 0.0288 0.0354 0.7053 0.0928 0.1137 
 164 0.0144 0.0138 0.0361 0.0426 0.4348 0.1481 0.3102 
 165 0.0079 0.0150 0.0531 0.1235 0.5479 0.1146 0.1381 
 166 0.0065 0.0418 0.0700 0.0308 0.4575 0.1933 0.2000 
 167 0.0293 0.0163 0.0386 0.0448 0.5680 0.1666 0.1364 
 168 0.0066 0.0357 0.0277 0.0368 0.5968 0.1803 0.1162 
 169 0.0108 0.0278 0.0235 0.0964 0.3758 0.3485 0.1172 
 170 0.0057 0.0340 0.0296 0.0397 0.5458 0.1079 0.2373 
 171 0.0067 0.0273 0.0289 0.0385 0.4653 0.2022 0.2310 
 172 0.0064 0.0754 0.0220 0.0643 0.4810 0.2151 0.1359 
 173 0.0076 0.0120 0.0229 0.0373 0.6796 0.0917 0.1490 
 174 0.0070 0.0105 0.0304 0.0371 0.6644 0.1168 0.1337 
 175 0.0084 0.0203 0.0225 0.0364 0.6812 0.1270 0.1042 
 176 0.0067 0.0144 0.0411 0.0862 0.6599 0.0943 0.0974 
 177 0.0069 0.0170 0.0691 0.0426 0.4910 0.2297 0.1437 
 178 0.0085 0.0120 0.0322 0.0424 0.5793 0.1784 0.1471 
 179 0.0062 0.0117 0.0229 0.0264 0.7224 0.0950 0.1153 
 180 0.0141 0.0250 0.0362 0.0559 0.5498 0.1732 0.1458 
 181 0.0083 0.0228 0.0243 0.0598 0.5553 0.1336 0.1958 
 182 0.0084 0.0164 0.0229 0.0471 0.6133 0.0866 0.2053 
 183 0.0070 0.0141 0.0234 0.0307 0.6982 0.0966 0.1300 
 184 0.0097 0.0138 0.0319 0.0464 0.0972 0.1592 0.6417 
 185 0.0055 0.0605 0.0212 0.0584 0.6683 0.0737 0.1125 
 186 0.0085 0.0134 0.0452 0.0346 0.0902 0.1629 0.6452 
 187 0.0060 0.0158 0.0315 0.0334 0.3046 0.1237 0.4850 
 188 0.0080 0.0133 0.0331 0.0341 0.0728 0.1330 0.7057 
 189 0.0065 0.0291 0.0312 0.0351 0.3260 0.3227 0.2494 
 190 0.0049 0.1082 0.0219 0.0537 0.3179 0.0717 0.4217 
 191 0.0055 0.0124 0.0244 0.0443 0.1347 0.1109 0.6678 
 192 0.0057 0.0124 0.0430 0.0423 0.3004 0.1469 0.4493 
 193 0.0059 0.0184 0.0272 0.0660 0.2576 0.1630 0.4619 
 194 0.0063 0.0222 0.0415 0.0427 0.3129 0.1328 0.4415 
 195 0.0060 0.0282 0.0217 0.0314 0.3779 0.0807 0.4541 
 196 0.0047 0.0411 0.0290 0.0509 0.2367 0.0949 0.5427 
 197 0.0107 0.0209 0.0530 0.0630 0.2145 0.2404 0.3975 
 198 0.0053 0.0214 0.0355 0.0455 0.2086 0.2452 0.4386 
 199 0.0061 0.0451 0.0327 0.0619 0.2277 0.1041 0.5223 
 200 0.0053 0.0501 0.0280 0.0769 0.2321 0.1728 0.4348 
 201 0.0059 0.0189 0.0248 0.0347 0.4806 0.0955 0.3397 
 202 0.0054 0.0323 0.0350 0.0500 0.5355 0.0827 0.2592 
 203 0.0055 0.0147 0.0251 0.0431 0.4634 0.0863 0.3619 
 204 0.0057 0.0220 0.0222 0.0361 0.2024 0.0784 0.6332 
 205 0.0055 0.0259 0.0264 0.0394 0.1632 0.1141 0.6255 
 206 0.0072 0.0166 0.0229 0.0334 0.1902 0.0891 0.6407 
 207 0.0054 0.0203 0.0297 0.0580 0.1276 0.0841 0.6748 
 208 0.0054 0.0198 0.0243 0.0429 0.3179 0.0925 0.4972 
 209 0.0056 0.0175 0.0252 0.0565 0.1920 0.1225 0.5808 
 210 0.0051 0.0152 0.0269 0.0359 0.2018 0.0920 0.6230 
 211 0.0080 0.0403 0.0478 0.1778 0.2750 0.0872 0.3639 
 212 0.0056 0.0298 0.0212 0.0426 0.5352 0.1244 0.2412 
 213 0.0055 0.0601 0.0506 0.0537 0.2124 0.1524 0.4652 
 214 0.0056 0.0184 0.0260 0.0529 0.5338 0.0973 0.2660 
 215 0.0049 0.0197 0.0283 0.0477 0.1179 0.1059 0.6756 
 216 0.0106 0.0147 0.0351 0.0548 0.1265 0.1914 0.5668 
 217 0.0060 0.0243 0.0242 0.0372 0.4290 0.1094 0.3699 
 218 0.0058 0.0136 0.0306 0.0377 0.1731 0.1153 0.6239 
 219 0.0157 0.0173 0.0333 0.0358 0.2743 0.2152 0.4084 
 220 0.0054 0.0138 0.0241 0.0365 0.1355 0.0879 0.6969 
 221 0.0053 0.0447 0.0214 0.0393 0.6569 0.0792 0.1532 
 222 0.0128 0.0152 0.0367 0.0408 0.1831 0.2338 0.4777 
 223 0.0060 0.0175 0.0336 0.0378 0.3877 0.1550 0.3623 
 224 0.0071 0.0150 0.0254 0.0360 0.3679 0.0914 0.4572 
 225 0.0053 0.0230 0.0264 0.0411 0.2088 0.1000 0.5953 
 226 0.0076 0.0223 0.0344 0.0508 0.2035 0.2344 0.4470 
 227 0.0062 0.0434 0.0329 0.0394 0.3068 0.0848 0.4865 
 228 0.0064 0.0816 0.0213 0.0619 0.3674 0.0761 0.3853 
 229 0.0069 0.0120 0.0277 0.0338 0.3833 0.0979 0.4383 
 230 0.0060 0.0125 0.0273 0.0427 0.3144 0.0897 0.5074 
 231 0.0063 0.0128 0.0236 0.0437 0.3115 0.1249 0.4772 
 232 0.0066 0.0289 0.0401 0.0586 0.3501 0.1724 0.3433 
 233 0.0056 0.0144 0.0265 0.0471 0.5708 0.0974 0.2380 
 234 0.0051 0.0134 0.0325 0.0530 0.2291 0.1823 0.4847 
 235 0.0065 0.0229 0.0278 0.0369 0.3296 0.1486 0.4277 
 236 0.0057 0.0140 0.0311 0.0579 0.4221 0.1289 0.3402 
 237 0.0054 0.0218 0.0264 0.0659 0.1440 0.0944 0.6422 
 238 0.0052 0.0178 0.0339 0.0470 0.4902 0.1166 0.2892 
 239 0.0059 0.0272 0.0220 0.0311 0.3745 0.0819 0.4574 
 240 0.0053 0.0178 0.0339 0.0473 0.4869 0.1148 0.2939 
 241 0.0072 0.0229 0.0256 0.0428 0.4792 0.1019 0.3203 
 242 0.0074 0.0240 0.0276 0.0317 0.2399 0.1973 0.4720 
 243 0.0048 0.0418 0.0236 0.0615 0.2593 0.0775 0.5314 
 244 0.0060 0.0141 0.0245 0.0474 0.4038 0.0885 0.4157 
 245 0.0052 0.0219 0.0291 0.0333 0.6229 0.0970 0.1906 
 246 0.0061 0.0251 0.0245 0.0375 0.4306 0.1102 0.3661 
 247 0.0048 0.0244 0.0657 0.0421 0.0897 0.2236 0.5497 
 248 0.0050 0.0167 0.0322 0.0598 0.0957 0.1044 0.6862 
 249 0.0060 0.0162 0.0290 0.0496 0.4153 0.0967 0.3872 
 250 0.0059 0.0127 0.0332 0.0505 0.3250 0.1241 0.4486 
 251 0.0057 0.0231 0.0349 0.0706 0.1700 0.2620 0.4338 
 252 0.0062 0.0239 0.0276 0.0336 0.2901 0.1121 0.5066 
 253 0.0057 0.0252 0.0488 0.0487 0.1370 0.1574 0.5771 
 254 0.0119 0.0172 0.0316 0.0412 0.1885 0.1702 0.5394 
 255 0.0063 0.0165 0.0267 0.0426 0.2581 0.1467 0.5032 
 256 0.0061 0.0217 0.0264 0.0508 0.3369 0.1076 0.4504 
 257 0.0130 0.0181 0.0426 0.0484 0.2178 0.1148 0.5454 
 258 0.0045 0.0384 0.0315 0.0566 0.1671 0.1400 0.5619 
 259 0.0064 0.0139 0.0319 0.0481 0.2269 0.1124 0.5604 
 260 0.0119 0.0142 0.0385 0.0456 0.3661 0.2083 0.3154 
 261 0.0056 0.0311 0.0259 0.0366 0.3930 0.1120 0.3958 
 262 0.0055 0.0515 0.0214 0.0416 0.4290 0.0871 0.3638 
 263 0.0096 0.0153 0.0266 0.0444 0.1220 0.1088 0.6732 
 264 0.0183 0.0159 0.0320 0.0542 0.0815 0.3756 0.4224 
 265 0.0060 0.0172 0.0277 0.0366 0.2477 0.1488 0.5159 
 266 0.0054 0.0301 0.0220 0.0400 0.6412 0.0800 0.1813 
 267 0.0063 0.0184 0.0317 0.0723 0.2643 0.1247 0.4823 
 268 0.0048 0.0422 0.0288 0.0504 0.2366 0.0954 0.5418 
 269 0.0062 0.0172 0.0303 0.0396 0.2877 0.2912 0.3278 
 270 0.0096 0.0144 0.0372 0.0469 0.1278 0.1637 0.6004 
 271 0.0051 0.0217 0.0320 0.0569 0.1525 0.1259 0.6058 
 272 0.0068 0.0363 0.0362 0.0640 0.1650 0.1882 0.5034 
 273 0.0438 0.0253 0.0620 0.0695 0.2661 0.1874 0.3460 
 274 0.0059 0.0155 0.0312 0.0471 0.1827 0.1658 0.5519 
 275 0.0112 0.0216 0.0331 0.0608 0.2146 0.1592 0.4995 
 276 0.0075 0.0370 0.0409 0.0772 0.1456 0.1661 0.5257 
 277 0.0068 0.0156 0.0316 0.0393 0.3176 0.1603 0.4289 
 278 0.0048 0.0255 0.0267 0.0541 0.1501 0.1050 0.6338 
 279 0.0059 0.0152 0.0305 0.0503 0.2367 0.1371 0.5242 
 280 0.0068 0.0261 0.0277 0.0464 0.2241 0.2083 0.4606 
 281 0.0057 0.0155 0.0357 0.0413 0.1801 0.1416 0.5801 
 282 0.0058 0.0132 0.0323 0.0428 0.4907 0.1464 0.2687 
 283 0.0059 0.0165 0.0323 0.0347 0.5329 0.1045 0.2732 
 284 0.0049 0.0186 0.0441 0.0659 0.3184 0.1403 0.4078 
 285 0.0048 0.0322 0.0288 0.0656 0.0757 0.1424 0.6504 
 286 0.0056 0.0141 0.0252 0.0468 0.4021 0.0879 0.4184 
 287 0.0069 0.0159 0.0369 0.0318 0.2455 0.2005 0.4624 
 288 0.0069 0.0208 0.0316 0.0452 0.1510 0.1714 0.5731 
 289 0.0087 0.0379 0.0479 0.0490 0.1339 0.1499 0.5728 
 290 0.0127 0.0496 0.0302 0.0992 0.2186 0.2245 0.3653 
 291 0.0052 0.0215 0.0319 0.0576 0.1522 0.1238 0.6077 
 292 0.0063 0.0561 0.0258 0.0429 0.2874 0.1828 0.3986 
 293 0.0084 0.0540 0.0293 0.1026 0.1340 0.3035 0.3682 
 294 0.0108 0.0223 0.0266 0.0381 0.1108 0.1119 0.6796 
 295 0.0074 0.0339 0.0431 0.0791 0.1887 0.1808 0.4671 
 296 0.0054 0.0183 0.0324 0.0427 0.1447 0.0992 0.6572 
 297 0.0073 0.0203 0.0288 0.0427 0.1585 0.2153 0.5271 
 298 0.0068 0.0123 0.0359 0.0390 0.3935 0.1447 0.3677 
 299 0.0133 0.0133 0.0283 0.0330 0.1337 0.1270 0.6514 
 300 0.0060 0.0211 0.0241 0.0506 0.1074 0.1210 0.6697 
 301 0.0094 0.0144 0.0315 0.0536 0.1298 0.1940 0.5673 
 302 0.0087 0.0353 0.0271 0.0496 0.1225 0.1117 0.6452 
 303 0.0065 0.0202 0.0260 0.0471 0.3938 0.1340 0.3724 
 304 0.0129 0.0129 0.0534 0.0627 0.4176 0.2518 0.1888 
 305 0.0058 0.0244 0.0224 0.0395 0.2853 0.0923 0.5304 
 306 0.0070 0.0220 0.0267 0.0377 0.4287 0.1393 0.3387 
 307 0.0070 0.0147 0.0349 0.0547 0.3057 0.1465 0.4365 
 308 0.0058 0.0311 0.0256 0.0360 0.3965 0.1134 0.3917 
 309 0.0213 0.0345 0.0472 0.0557 0.1316 0.1002 0.6096 
 310 0.0054 0.0254 0.0236 0.0508 0.3328 0.0864 0.4757 
 311 0.0062 0.0126 0.0268 0.0420 0.3147 0.0892 0.5085 
 312 0.0047 0.0176 0.0282 0.0373 0.1291 0.0848 0.6983 
 313 0.0053 0.0373 0.0260 0.0455 0.0992 0.0856 0.7011 
 314 0.0053 0.0234 0.0217 0.0326 0.7327 0.0883 0.0960 
 315 0.0050 0.0365 0.0277 0.0298 0.6747 0.1317 0.0947 
 316 0.0083 0.0264 0.0333 0.0311 0.6407 0.1613 0.0988 
 317 0.0062 0.0138 0.0225 0.0305 0.7435 0.0936 0.0897 
 318 0.0062 0.0109 0.0228 0.0287 0.7487 0.1005 0.0822 
 319 0.0065 0.0131 0.0215 0.0311 0.7374 0.0856 0.1048 
 320 0.0054 0.0228 0.0216 0.0327 0.7334 0.0874 0.0967 
 321 0.0060 0.0127 0.0231 0.0312 0.7372 0.1020 0.0878 
 322 0.0085 0.0424 0.0321 0.0342 0.6297 0.1430 0.1101 
 323 0.0191 0.0113 0.0238 0.0272 0.7370 0.0926 0.0890 
 324 0.0063 0.0128 0.0227 0.0314 0.7365 0.1028 0.0874 
 325 0.0056 0.0211 0.0292 0.0288 0.6677 0.1603 0.0873 
 326 0.0163 0.0290 0.0340 0.0322 0.6434 0.1573 0.0878 
 327 0.0058 0.0138 0.0226 0.0309 0.7459 0.0928 0.0882 
 328 0.0054 0.0266 0.0287 0.0311 0.6573 0.1443 0.1066 
 329 0.0056 0.0105 0.0226 0.0278 0.7596 0.0917 0.0822 
 330 0.0059 0.0140 0.0222 0.0309 0.7447 0.0932 0.0892 
 331 0.0058 0.0106 0.0224 0.0276 0.7486 0.0930 0.0920 
 332 0.0275 0.0227 0.0332 0.0297 0.6354 0.1667 0.0848 
 333 0.0151 0.0285 0.0343 0.0313 0.6501 0.1416 0.0991 
 334 0.0054 0.0257 0.0287 0.0307 0.6569 0.1454 0.1072 
 335 0.0053 0.0294 0.0286 0.0313 0.6793 0.1301 0.0961 
 336 0.0234 0.0181 0.0243 0.0303 0.7185 0.0974 0.0880 
 337 0.0058 0.0266 0.0299 0.0322 0.6488 0.1639 0.0928 
 338 0.0073 0.0108 0.0233 0.0293 0.7428 0.1030 0.0834 
 339 0.0061 0.0106 0.0221 0.0275 0.7505 0.0922 0.0910 
 340 0.0060 0.0112 0.0217 0.0275 0.7550 0.0848 0.0938 
 341 0.0219 0.0130 0.0256 0.0324 0.7190 0.0921 0.0960 
 342 0.0058 0.0137 0.0223 0.0311 0.7451 0.0930 0.0890 
 343 0.0148 0.0552 0.0297 0.0331 0.6382 0.1303 0.0986 
 344 0.0059 0.0102 0.0224 0.0275 0.7583 0.0927 0.0830 
 345 0.0061 0.0138 0.0219 0.0307 0.7458 0.0926 0.0891 
 346 0.0060 0.0114 0.0223 0.0285 0.7552 0.0926 0.0841 
 347 0.0058 0.0111 0.0216 0.0277 0.7642 0.0852 0.0844 
 348 0.0050 0.0585 0.0269 0.0325 0.6560 0.1181 0.1031 
 349 0.0064 0.0140 0.0226 0.0306 0.7442 0.0926 0.0896 
 350 0.0060 0.0157 0.0213 0.0302 0.7359 0.0868 0.1041 
 351 0.0054 0.0294 0.0285 0.0310 0.6792 0.1302 0.0962 
 352 0.0059 0.0321 0.0289 0.0313 0.6633 0.1435 0.0951 
 353 0.0237 0.0177 0.0248 0.0308 0.7178 0.0985 0.0867 
 354 0.0089 0.0112 0.0237 0.0301 0.7423 0.0943 0.0895 
 355 0.0064 0.0107 0.0230 0.0282 0.7483 0.1009 0.0825 
 356 0.0048 0.0581 0.0273 0.0327 0.6556 0.1183 0.1032 
 357 0.0053 0.0193 0.0284 0.0370 0.4531 0.3386 0.1184 
 358 0.0065 0.0207 0.0302 0.0290 0.6774 0.1479 0.0882 
 359 0.0071 0.0106 0.0229 0.0287 0.7435 0.0943 0.0929 
 360 0.0062 0.0116 0.0221 0.0282 0.7557 0.0920 0.0842 
 361 0.0052 0.0263 0.0285 0.0429 0.4183 0.3431 0.1357 
 362 0.0061 0.0213 0.0576 0.0369 0.1135 0.4136 0.3511 
 363 0.0093 0.0251 0.0928 0.0431 0.0863 0.4810 0.2624 
 364 0.0473 0.0208 0.0491 0.0865 0.2980 0.2647 0.2335 
 365 0.0241 0.0193 0.0421 0.1367 0.1036 0.5074 0.1668 
 366 0.0075 0.0987 0.0313 0.0684 0.1828 0.3546 0.2568 
 367 0.0054 0.0146 0.3129 0.0436 0.0675 0.4357 0.1202 
 368 0.0063 0.0113 0.0579 0.0603 0.1069 0.2358 0.5214 
 369 0.0105 0.0946 0.0347 0.0616 0.2955 0.2611 0.2421 
 370 0.0200 0.0173 0.1618 0.0927 0.1235 0.1810 0.4038 
 371 0.0188 0.0262 0.0426 0.0757 0.1544 0.2769 0.4054 
 372 0.0701 0.0220 0.1002 0.0792 0.1329 0.1339 0.4616 
 373 0.0089 0.0172 0.1617 0.0810 0.1767 0.3268 0.2275 
 374 0.0076 0.0192 0.0433 0.1155 0.2910 0.3515 0.1719 
 375 0.0290 0.0148 0.0955 0.0740 0.0815 0.4558 0.2495 
 376 0.1372 0.0156 0.0546 0.0382 0.0757 0.5773 0.1015 
 377 0.0091 0.0216 0.0408 0.0608 0.1114 0.3493 0.4070 
 378 0.0057 0.0175 0.3547 0.0519 0.2397 0.1465 0.1840 
 379 0.2508 0.0211 0.0759 0.0450 0.0693 0.4211 0.1168 
 380 0.0213 0.0627 0.0285 0.0492 0.2165 0.4440 0.1777 
 381 0.0180 0.0631 0.0252 0.0530 0.2117 0.4862 0.1427 
 382 0.0059 0.0119 0.0684 0.0450 0.0979 0.5956 0.1753 
 383 0.0507 0.0245 0.0307 0.0501 0.1994 0.4847 0.1598 
 384 0.1524 0.0185 0.0884 0.0734 0.1569 0.3568 0.1537 
 385 0.0103 0.0114 0.0343 0.3608 0.2329 0.2139 0.1365 
 386 0.0048 0.0158 0.0712 0.0404 0.0902 0.5949 0.1827 
 387 0.0056 0.0188 0.0752 0.0709 0.1095 0.5632 0.1568 
 388 0.0234 0.0141 0.0555 0.1453 0.2552 0.2940 0.2125 
 389 0.0136 0.0424 0.0465 0.2170 0.0971 0.1279 0.4555 
 390 0.0236 0.0853 0.2015 0.0804 0.0886 0.3624 0.1581 
 391 0.0175 0.0428 0.0926 0.3058 0.1400 0.2014 0.1998 
 392 0.0122 0.0183 0.0547 0.0365 0.1773 0.5055 0.1956 
 393 0.0137 0.0925 0.0404 0.0625 0.1628 0.5207 0.1073 
 394 0.0056 0.0186 0.0959 0.0328 0.2809 0.3734 0.1927 
 395 0.0048 0.0533 0.0533 0.0449 0.1011 0.3567 0.3859 
 396 0.0080 0.0119 0.0674 0.0553 0.0699 0.5316 0.2559 
 397 0.1662 0.0168 0.0325 0.0369 0.1828 0.1780 0.3867 
 398 0.0401 0.0202 0.0950 0.0314 0.0752 0.6170 0.1211 
 399 0.0052 0.0286 0.3524 0.0798 0.0975 0.2444 0.1921 
 400 0.0095 0.0180 0.1050 0.0583 0.1324 0.5455 0.1311 
 401 0.0054 0.0453 0.1935 0.0683 0.1443 0.3292 0.2140 
 402 0.0118 0.0587 0.0888 0.0949 0.1335 0.3121 0.3002 
 403 0.0110 0.0195 0.0500 0.1303 0.3984 0.2074 0.1835 
 404 0.0117 0.0143 0.0451 0.1227 0.1749 0.3829 0.2484 
 405 0.0057 0.0259 0.0389 0.0439 0.1456 0.4502 0.2897 
 406 0.0052 0.2715 0.0308 0.0361 0.1996 0.3003 0.1565 
 407 0.0054 0.0147 0.0349 0.0391 0.0704 0.7067 0.1287 
 408 0.0048 0.0392 0.1949 0.0486 0.0676 0.1765 0.4684 
 409 0.0131 0.1540 0.0503 0.0563 0.3291 0.2705 0.1267 
 410 0.1007 0.0299 0.1240 0.0713 0.1377 0.3884 0.1479 
 411 0.0404 0.0601 0.0559 0.0425 0.1917 0.4659 0.1435 
 412 0.0065 0.0117 0.0758 0.0508 0.0980 0.3443 0.4129 
 413 0.0055 0.0140 0.0858 0.0351 0.2007 0.3137 0.3453 
 414 0.0054 0.0124 0.1231 0.1125 0.0714 0.3434 0.3319 
 415 0.0066 0.0436 0.0480 0.0466 0.1077 0.5777 0.1699 
 416 0.0085 0.0395 0.0752 0.1665 0.1603 0.3894 0.1607 
 417 0.0071 0.0214 0.0590 0.0371 0.0822 0.6570 0.1362 
 418 0.0094 0.0109 0.1579 0.0519 0.0790 0.4741 0.2168 
 419 0.0136 0.0281 0.0760 0.1454 0.2566 0.3046 0.1757 
 420 0.0047 0.1037 0.1835 0.0590 0.0976 0.3272 0.2243 
 421 0.0080 0.0182 0.0757 0.0486 0.0883 0.5035 0.2577 
 422 0.0076 0.0415 0.0321 0.0449 0.0990 0.3587 0.4160 
 423 0.0120 0.0245 0.0574 0.0445 0.1350 0.4806 0.2459 
 424 0.0097 0.1080 0.2206 0.1060 0.1315 0.2840 0.1402 
 425 0.0308 0.0162 0.0529 0.2328 0.1457 0.3285 0.1931 
 426 0.0394 0.0212 0.2274 0.0999 0.1515 0.2938 0.1670 
 427 0.0056 0.0193 0.0846 0.0321 0.1734 0.5901 0.0948 
 428 0.0289 0.0610 0.0395 0.0485 0.2137 0.3924 0.2160 
 429 0.0070 0.0132 0.1048 0.0322 0.0665 0.6499 0.1264 
 430 0.0062 0.0259 0.0476 0.0441 0.0830 0.6461 0.1471 
 431 0.0116 0.0161 0.1589 0.0806 0.1385 0.2712 0.3232 
 432 0.0067 0.0126 0.0704 0.0513 0.1154 0.2639 0.4797 
 433 0.0129 0.0182 0.0584 0.0538 0.3485 0.1633 0.3449 
 434 0.0073 0.0239 0.0343 0.0686 0.1793 0.3732 0.3134 
 435 0.0051 0.0252 0.0508 0.0285 0.0725 0.6940 0.1238 
 436 0.0085 0.0629 0.1786 0.0373 0.1223 0.5125 0.0780 
 437 0.0108 0.0152 0.0326 0.0319 0.0794 0.6857 0.1444 
 438 0.0069 0.2076 0.1059 0.0511 0.1324 0.3698 0.1264 
 439 0.0057 0.0208 0.0581 0.0461 0.0957 0.6936 0.0799 
 440 0.0044 0.0254 0.0653 0.0384 0.0626 0.7156 0.0883 
 441 0.0061 0.0217 0.0492 0.0552 0.1612 0.5781 0.1284 
 442 0.0070 0.0253 0.0515 0.1161 0.0856 0.5393 0.1752 
 443 0.0048 0.1195 0.3207 0.0688 0.0768 0.2783 0.1310 
 444 0.0068 0.0401 0.0459 0.0922 0.0855 0.5863 0.1433 
 445 0.0538 0.0692 0.0454 0.0703 0.2188 0.4211 0.1214 
 446 0.0476 0.0226 0.2201 0.0445 0.0829 0.5036 0.0787 
 447 0.0067 0.0689 0.0402 0.1325 0.1562 0.4705 0.1250 
 448 0.0059 0.0193 0.0417 0.0481 0.0844 0.6486 0.1519 
 449 0.0068 0.0206 0.0412 0.0542 0.1336 0.5769 0.1668 
 450 0.0126 0.0110 0.0523 0.0793 0.1447 0.5968 0.1034 
 451 0.0060 0.0224 0.1970 0.0486 0.0630 0.3635 0.2994 
 452 0.0077 0.0126 0.0607 0.0452 0.1270 0.6473 0.0994 
 453 0.0053 0.1603 0.0943 0.1429 0.1317 0.2109 0.2545 
 454 0.0052 0.0199 0.0570 0.0369 0.1412 0.6029 0.1368 
 455 0.0053 0.0930 0.0989 0.0557 0.0831 0.5688 0.0952 
 456 0.0061 0.1015 0.0598 0.0587 0.0791 0.5342 0.1606 
 457 0.0070 0.0166 0.0292 0.0362 0.0863 0.7063 0.1183 
 458 0.0502 0.0184 0.0700 0.0489 0.0952 0.6188 0.0984 
 459 0.0052 0.0244 0.1402 0.0639 0.1803 0.5070 0.0789 
 460 0.0053 0.0214 0.1905 0.0487 0.0790 0.5705 0.0846 
 461 0.0071 0.0110 0.3215 0.0534 0.0802 0.4411 0.0857 
 462 0.0089 0.0450 0.0824 0.2560 0.0600 0.4023 0.1453 
 463 0.0048 0.3033 0.0437 0.0514 0.1123 0.3087 0.1757 
 464 0.0045 0.0514 0.1472 0.0468 0.0811 0.5463 0.1228 
 465 0.0080 0.0311 0.1532 0.0777 0.0952 0.4308 0.2039 
 466 0.0046 0.1113 0.0861 0.0521 0.0826 0.4482 0.2150 
 467 0.0068 0.0427 0.1089 0.1017 0.1217 0.4491 0.1691 
 468 0.0053 0.0707 0.0292 0.0366 0.0791 0.6585 0.1205 
 469 0.0051 0.0326 0.0392 0.0375 0.0814 0.7277 0.0764 
 470 0.0051 0.0215 0.0770 0.0298 0.0757 0.6945 0.0964 
 471 0.0073 0.0716 0.0870 0.1727 0.0920 0.3851 0.1843 
 472 0.0075 0.0417 0.0594 0.1109 0.0989 0.4708 0.2109 
 473 0.0060 0.0249 0.0349 0.0403 0.1275 0.5346 0.2318 
 474 0.0068 0.0274 0.0617 0.0547 0.1370 0.5889 0.1235 
 475 0.0065 0.0246 0.1199 0.0723 0.1531 0.4352 0.1883 
 476 0.0090 0.0324 0.0678 0.0509 0.0979 0.6436 0.0984 
 477 0.0077 0.0383 0.2107 0.1118 0.1262 0.3527 0.1525 
 478 0.0074 0.0172 0.5255 0.0738 0.0726 0.2110 0.0925 
 479 0.0049 0.0171 0.0594 0.0374 0.0716 0.7195 0.0900 
 480 0.0070 0.0158 0.0441 0.0303 0.0812 0.7334 0.0883 
 481 0.0061 0.0159 0.0389 0.1272 0.0866 0.4279 0.2973 
 482 0.0062 0.0128 0.0825 0.0304 0.0725 0.7052 0.0906 
 483 0.0069 0.0276 0.1153 0.0507 0.0960 0.6191 0.0844 
 484 0.0057 0.1221 0.0476 0.0821 0.0965 0.4764 0.1697 
 485 0.0062 0.0632 0.1209 0.0392 0.0784 0.6097 0.0824 
 486 0.0111 0.0407 0.0841 0.1523 0.1171 0.2280 0.3666 
 487 0.0133 0.0225 0.0527 0.1523 0.2259 0.2532 0.2801 
 488 0.0098 0.0176 0.0823 0.2400 0.1653 0.1751 0.3099 
 489 0.0140 0.0568 0.0303 0.0850 0.2631 0.2367 0.3140 
 490 0.0070 0.0416 0.1978 0.1222 0.0807 0.2832 0.2675 
 491 0.0082 0.0175 0.0281 0.1851 0.2002 0.1380 0.4229 
 492 0.0057 0.0286 0.1196 0.1861 0.3456 0.1375 0.1769 
 493 0.0214 0.0198 0.0522 0.2643 0.1405 0.1762 0.3256 
 494 0.0474 0.0242 0.0429 0.1555 0.1844 0.1995 0.3462 
 495 0.0321 0.0392 0.1231 0.2940 0.2244 0.1479 0.1393 
 496 0.0066 0.0237 0.0432 0.0451 0.4053 0.1706 0.3054 
 497 0.0260 0.0154 0.0293 0.2981 0.1979 0.1524 0.2809 
 498 0.0103 0.0609 0.0597 0.2370 0.1432 0.2330 0.2559 
 499 0.0386 0.0234 0.0362 0.0914 0.3405 0.1819 0.2881 
 500 0.0268 0.0205 0.0390 0.0779 0.1309 0.3174 0.3874 
 501 0.0161 0.0126 0.0637 0.0859 0.2957 0.3076 0.2184 
 502 0.0093 0.0112 0.0845 0.2141 0.3283 0.1856 0.1670 
 503 0.0109 0.0169 0.0377 0.0584 0.1072 0.4743 0.2946 
 504 0.0097 0.0274 0.1175 0.2695 0.1081 0.1811 0.2867 
 505 0.0104 0.0265 0.0461 0.1141 0.1868 0.1349 0.4812 
 506 0.0079 0.0153 0.1059 0.1811 0.2753 0.1689 0.2456 
 507 0.0089 0.0307 0.0240 0.0336 0.5875 0.0972 0.2181 
 508 0.0188 0.0466 0.0335 0.0537 0.5483 0.0947 0.2045 
 509 0.0083 0.0209 0.0419 0.0872 0.2745 0.1261 0.4410 
 510 0.0580 0.0192 0.0488 0.0671 0.3542 0.2233 0.2295 
 511 0.0129 0.0259 0.0988 0.1211 0.1256 0.4025 0.2132 
 512 0.0097 0.0121 0.0827 0.0936 0.0858 0.5441 0.1720 
 513 0.0079 0.0272 0.0432 0.5741 0.1152 0.0723 0.1602 
 514 0.0086 0.0181 0.2331 0.0567 0.1419 0.1905 0.3512 
 515 0.0157 0.0562 0.0410 0.0687 0.2523 0.3668 0.1993 
 516 0.0098 0.0288 0.1014 0.0676 0.1286 0.1373 0.5266 
 517 0.0080 0.0999 0.0615 0.0388 0.2434 0.3006 0.2478 
 518 0.1064 0.0142 0.0373 0.0516 0.2770 0.2465 0.2671 
 519 0.0064 0.0208 0.2404 0.0991 0.1550 0.2207 0.2576 
 520 0.0087 0.1792 0.0305 0.0345 0.3351 0.2419 0.1701 
 521 0.0070 0.0201 0.0808 0.0412 0.3559 0.1602 0.3348 
 522 0.0500 0.1674 0.0511 0.0500 0.1205 0.3832 0.1779 
 523 0.0082 0.2221 0.0690 0.0363 0.2613 0.1655 0.2377 
 524 0.0095 0.0850 0.0441 0.0339 0.1773 0.4214 0.2288 
 525 0.1176 0.0429 0.0334 0.0365 0.2896 0.2758 0.2042 
 526 0.0065 0.3643 0.0280 0.0299 0.1397 0.2481 0.1837 
 527 0.1010 0.0123 0.0921 0.1559 0.1198 0.3083 0.2105 
 528 0.0055 0.0183 0.0346 0.0388 0.4792 0.1181 0.3055 
 529 0.1000 0.0178 0.0400 0.0636 0.1881 0.1579 0.4326 
 530 0.0091 0.0489 0.0415 0.0963 0.1837 0.4468 0.1738 
 531 0.0079 0.0309 0.0438 0.0582 0.4239 0.3021 0.1332 
 532 0.0380 0.0261 0.0475 0.0545 0.3254 0.1928 0.3156 
 533 0.0868 0.0460 0.0353 0.0451 0.1506 0.3262 0.3099 
 534 0.0826 0.0506 0.0687 0.0904 0.1994 0.0871 0.4212 
 535 0.0059 0.1413 0.0846 0.0489 0.1453 0.3057 0.2684 
 536 0.0094 0.0707 0.0667 0.0769 0.2752 0.2945 0.2067 
 537 0.0086 0.1165 0.0570 0.0775 0.3913 0.1529 0.1962 
 538 0.0057 0.0638 0.0375 0.0468 0.3019 0.2108 0.3336 
 539 0.0056 0.0236 0.0262 0.0387 0.6166 0.1071 0.1822 
 540 0.0077 0.0592 0.0339 0.0465 0.2633 0.2346 0.3548 
 541 0.0085 0.0345 0.0659 0.0849 0.4538 0.1774 0.1751 
 542 0.0065 0.1224 0.0316 0.1117 0.1230 0.2870 0.3178 
 543 0.0068 0.1916 0.1532 0.0661 0.2308 0.1456 0.2060 
 544 0.0052 0.2038 0.0379 0.0732 0.1847 0.2248 0.2703 
 545 0.0055 0.3989 0.0546 0.0660 0.0841 0.2232 0.1677 
 546 0.0058 0.0527 0.0333 0.1480 0.2055 0.1747 0.3800 
 547 0.0054 0.4039 0.0529 0.0566 0.2273 0.1308 0.1232 
 548 0.0059 0.0129 0.0335 0.0501 0.3270 0.1238 0.4468 
 549 0.0090 0.1364 0.0436 0.0526 0.4397 0.2209 0.0979 
 550 0.0048 0.2854 0.0824 0.0605 0.1329 0.3015 0.1325 
 551 0.0093 0.0368 0.0582 0.0581 0.5500 0.1667 0.1210 
 552 0.0068 0.0426 0.0263 0.0449 0.2563 0.1572 0.4659 
 553 0.0069 0.3961 0.0724 0.0513 0.2163 0.0975 0.1594 
 554 0.0140 0.0428 0.0619 0.0636 0.2031 0.3129 0.3016 
 555 0.0070 0.0760 0.0382 0.1072 0.4297 0.1471 0.1948 
 556 0.0063 0.0394 0.0380 0.0544 0.2299 0.1766 0.4554 
 557 0.0052 0.1651 0.1117 0.0586 0.1892 0.3527 0.1175 
 558 0.0063 0.0117 0.0804 0.0323 0.0754 0.7141 0.0798 
 559 0.0066 0.0230 0.0958 0.0486 0.0989 0.1922 0.5347 
 560 0.0051 0.0211 0.2626 0.0630 0.0595 0.4435 0.1452 
 561 0.0059 0.0254 0.0586 0.1024 0.0779 0.4661 0.2638 
 562 0.0070 0.0474 0.1331 0.0819 0.0593 0.3752 0.2962 
 563 0.0090 0.0299 0.2054 0.1281 0.2470 0.2620 0.1186 
 564 0.0090 0.0455 0.0408 0.0374 0.1039 0.2006 0.5628 
 565 0.0059 0.0137 0.0320 0.0378 0.0832 0.7153 0.1121 
 566 0.0045 0.0155 0.3230 0.0501 0.0619 0.4244 0.1206 
 567 0.0072 0.0232 0.0494 0.0524 0.0761 0.1760 0.6157 
 568 0.0056 0.0281 0.0762 0.0398 0.1083 0.3499 0.3922 
 569 0.0081 0.1021 0.0728 0.0440 0.1147 0.4763 0.1820 
 570 0.0090 0.0140 0.0551 0.0282 0.0635 0.7037 0.1265 
 571 0.0053 0.0191 0.3241 0.0385 0.0941 0.2660 0.2528 
 572 0.0042 0.2892 0.0261 0.0491 0.2315 0.2362 0.1636 
 573 0.0072 0.0489 0.0368 0.0323 0.1047 0.3069 0.4632 
 574 0.0084 0.0274 0.0329 0.0431 0.2067 0.5026 0.1789 
 575 0.0064 0.0179 0.1528 0.0572 0.1990 0.3374 0.2293 
 576 0.0056 0.0144 0.1871 0.1148 0.0627 0.4620 0.1534 
 577 0.0100 0.0180 0.0402 0.0497 0.1915 0.4797 0.2110 
 578 0.0059 0.0264 0.1306 0.0798 0.0962 0.4472 0.2139 
 579 0.0060 0.0210 0.0482 0.1077 0.0844 0.4390 0.2938 
 580 0.0060 0.0144 0.0361 0.0440 0.1297 0.5928 0.1769 
 581 0.0056 0.0152 0.0588 0.0386 0.1092 0.6170 0.1557 
 582 0.0065 0.0412 0.1173 0.0395 0.0728 0.5888 0.1339 
 583 0.0565 0.0202 0.2788 0.0408 0.0934 0.3243 0.1860 
 584 0.0073 0.0131 0.1851 0.0600 0.0724 0.4648 0.1974 
 585 0.0069 0.0197 0.1070 0.1060 0.0803 0.5064 0.1737 
 586 0.0057 0.0200 0.3754 0.0531 0.1197 0.1563 0.2697 
 587 0.0116 0.0315 0.0431 0.0628 0.0693 0.4175 0.3642 
 588 0.0065 0.0448 0.0272 0.0493 0.0843 0.0846 0.7034 
 589 0.0058 0.0687 0.0442 0.0457 0.0769 0.5860 0.1726 
 590 0.0072 0.0148 0.1774 0.1033 0.0826 0.2149 0.3997 
 591 0.0057 0.0137 0.1600 0.0445 0.0972 0.2929 0.3859 
 592 0.0048 0.0450 0.0957 0.0520 0.0769 0.3561 0.3695 
 593 0.0057 0.0279 0.0757 0.0342 0.1288 0.4179 0.3098 
 594 0.0421 0.0182 0.1014 0.0739 0.1622 0.2517 0.3505 
 595 0.0104 0.0105 0.0458 0.2329 0.0658 0.4160 0.2188 
 596 0.0049 0.0664 0.0501 0.0579 0.1164 0.2908 0.4136 
 597 0.0069 0.0313 0.4227 0.0343 0.2439 0.1216 0.1392 
 598 0.0079 0.0137 0.0461 0.0280 0.0690 0.7466 0.0886 
 599 0.0064 0.0310 0.1516 0.0384 0.0636 0.4270 0.2820 
 600 0.0048 0.0264 0.0341 0.0616 0.1558 0.5209 0.1964 
 601 0.0046 0.0302 0.0846 0.0561 0.0694 0.5617 0.1934 
 602 0.0079 0.0124 0.0506 0.0696 0.1797 0.1924 0.4875 
 603 0.0063 0.0135 0.0462 0.0637 0.1626 0.1728 0.5350 
 604 0.0151 0.0201 0.0423 0.1009 0.1572 0.4640 0.2003 
 605 0.0062 0.0271 0.0432 0.0696 0.1059 0.3558 0.3923 
 606 0.0139 0.0246 0.0502 0.0633 0.2096 0.2543 0.3841 
 607 0.0075 0.0123 0.0368 0.0505 0.2882 0.3719 0.2328 
 608 0.0066 0.0171 0.0799 0.0362 0.4620 0.2610 0.1371 
 609 0.0100 0.0274 0.0434 0.0673 0.1360 0.5300 0.1858 
 610 0.0063 0.0615 0.0338 0.0597 0.1111 0.5193 0.2084 
 611 0.0077 0.0204 0.0609 0.0809 0.2102 0.1871 0.4327 
 612 0.0153 0.0327 0.0336 0.0520 0.1013 0.6431 0.1220 
 613 0.0413 0.0425 0.0525 0.0622 0.1313 0.3917 0.2785 
 614 0.0088 0.0137 0.0272 0.0769 0.0892 0.6104 0.1739 
 615 0.0075 0.0177 0.0268 0.0459 0.1575 0.5428 0.2018 
 616 0.0059 0.0120 0.0431 0.0506 0.2059 0.4079 0.2746 
 617 0.0180 0.0421 0.0394 0.2140 0.0911 0.4160 0.1795 
 618 0.0143 0.0307 0.0336 0.0838 0.2401 0.4046 0.1930 
 619 0.0046 0.0527 0.0621 0.0353 0.1905 0.3670 0.2877 
 620 0.0048 0.0496 0.0872 0.0473 0.0603 0.2935 0.4572 
 621 0.0093 0.0117 0.1186 0.0747 0.0928 0.4820 0.2110 
 622 0.0170 0.0328 0.0359 0.1628 0.1528 0.3149 0.2838 
 623 0.0053 0.0211 0.0671 0.0499 0.0913 0.3220 0.4433 
 624 0.0121 0.0218 0.0463 0.0370 0.2374 0.5037 0.1416 
 625 0.0427 0.0178 0.0545 0.1232 0.2174 0.3691 0.1754 
 626 0.0391 0.1073 0.0257 0.0424 0.3711 0.2374 0.1771 
 627 0.0048 0.0213 0.0540 0.0745 0.1201 0.3413 0.3840 
 628 0.0058 0.0148 0.0958 0.1080 0.1243 0.2774 0.3738 
 629 0.0079 0.0122 0.0647 0.1135 0.1441 0.3022 0.3555 
 630 0.0197 0.0223 0.0543 0.0682 0.1192 0.5211 0.1953 
 631 0.0070 0.0144 0.0361 0.0424 0.1283 0.4727 0.2990 
 632 0.0060 0.0182 0.0324 0.0795 0.3272 0.2053 0.3314 
 633 0.0068 0.0139 0.0537 0.0778 0.1989 0.4829 0.1660 
 634 0.0069 0.0302 0.0605 0.0403 0.2576 0.3093 0.2952 
 635 0.0060 0.0172 0.0286 0.0499 0.4540 0.2310 0.2132 
 636 0.0098 0.0166 0.0447 0.0546 0.2726 0.4280 0.1737 
 637 0.0072 0.0525 0.0431 0.1395 0.1879 0.2581 0.3118 
 638 0.0087 0.0127 0.0474 0.0558 0.1806 0.2657 0.4291 
 639 0.0074 0.0153 0.0290 0.0754 0.1730 0.4625 0.2375 
 640 0.0064 0.0109 0.1511 0.1393 0.1246 0.3684 0.1993 
 641 0.0127 0.0130 0.0362 0.0599 0.1377 0.3411 0.3993 
 642 0.0065 0.0314 0.0325 0.0624 0.4318 0.1857 0.2497 
 643 0.0060 0.0140 0.0436 0.0472 0.6064 0.1456 0.1373 
 644 0.0067 0.0175 0.0665 0.0536 0.5132 0.1348 0.2077 
 645 0.0172 0.0261 0.0238 0.0609 0.4681 0.2701 0.1337 
 646 0.0075 0.0339 0.0362 0.1312 0.1864 0.1956 0.4091 
 647 0.0104 0.0234 0.0561 0.1385 0.3787 0.1523 0.2407 
 648 0.1903 0.0377 0.0293 0.0874 0.2334 0.1358 0.2861 
 649 0.0140 0.0369 0.0339 0.0404 0.1681 0.1124 0.5943 
 650 0.0062 0.0207 0.0460 0.0613 0.2091 0.1406 0.5161 
 651 0.0131 0.0138 0.0341 0.1169 0.3242 0.1540 0.3439 
 652 0.0069 0.0159 0.0331 0.0458 0.5093 0.1495 0.2395 
 653 0.0786 0.0321 0.0310 0.0960 0.4145 0.1533 0.1946 
 654 0.0092 0.0622 0.0262 0.1098 0.4563 0.1291 0.2073 
 655 0.0054 0.0187 0.0777 0.0374 0.4602 0.1931 0.2075 
 656 0.0197 0.0394 0.0323 0.1664 0.2970 0.1546 0.2907 
 657 0.0971 0.0173 0.0372 0.0552 0.2655 0.2974 0.2303 
 658 0.0219 0.0381 0.0773 0.0412 0.2609 0.2628 0.2979 
 659 0.0169 0.0320 0.0364 0.0740 0.4382 0.1754 0.2270 
 660 0.0226 0.0248 0.0335 0.0381 0.4248 0.1151 0.3410 
 661 0.0131 0.0761 0.0277 0.0480 0.4768 0.1506 0.2076 
 662 0.0121 0.0628 0.0352 0.0463 0.1346 0.0992 0.6099 
 663 0.0060 0.0174 0.0392 0.0337 0.4379 0.1431 0.3227 
 664 0.0084 0.0352 0.1086 0.0724 0.2690 0.2975 0.2089 
 665 0.0050 0.0288 0.0303 0.0386 0.1922 0.1145 0.5908 
 666 0.0064 0.0258 0.0313 0.0423 0.3851 0.1667 0.3424 
 667 0.0204 0.0246 0.0441 0.3084 0.1736 0.1615 0.2674 
 668 0.0067 0.0283 0.0337 0.0475 0.3886 0.2145 0.2806 
 669 0.0701 0.0264 0.0373 0.0461 0.2600 0.1239 0.4362 
 670 0.0062 0.0161 0.0233 0.0311 0.6522 0.0949 0.1762 
 671 0.0058 0.0200 0.0310 0.0413 0.4969 0.1195 0.2854 
 672 0.0047 0.0373 0.0676 0.0306 0.5910 0.1705 0.0982 
 673 0.0261 0.0111 0.0243 0.0288 0.7242 0.0953 0.0901 
 674 0.0054 0.0209 0.0221 0.0474 0.5857 0.1451 0.1734 
 675 0.0067 0.0145 0.0405 0.0865 0.6589 0.0954 0.0974 
 676 0.0057 0.0124 0.0228 0.0304 0.7489 0.0927 0.0871 
 677 0.0052 0.0644 0.0212 0.0337 0.6124 0.0830 0.1801 
 678 0.0501 0.0116 0.0291 0.0287 0.6946 0.0953 0.0906 
 679 0.0064 0.0107 0.0227 0.0398 0.6259 0.1568 0.1378 
 680 0.0079 0.0143 0.0236 0.0532 0.6634 0.1293 0.1084 
 681 0.0069 0.1923 0.0289 0.0912 0.3161 0.2215 0.1431 
 682 0.0061 0.0175 0.0237 0.0392 0.6873 0.1335 0.0928 
 683 0.0056 0.0220 0.0235 0.0310 0.6827 0.0901 0.1452 
 684 0.0356 0.0138 0.0276 0.0311 0.7002 0.0956 0.0962 
 685 0.0056 0.0130 0.0223 0.0309 0.7536 0.0857 0.0888 
 686 0.0065 0.0605 0.0227 0.0410 0.5604 0.1256 0.1832 
 687 0.0055 0.0240 0.0317 0.0341 0.5020 0.1083 0.2944 
 688 0.0055 0.0133 0.0311 0.0382 0.6550 0.1182 0.1386 
 689 0.0060 0.0123 0.0223 0.0293 0.7542 0.0865 0.0894 
 690 0.0057 0.0121 0.0229 0.0310 0.7471 0.0937 0.0875 
 691 0.0061 0.0183 0.0218 0.0438 0.6335 0.1436 0.1330 
 692 0.0383 0.0116 0.0336 0.0384 0.6274 0.1206 0.1301 
 693 0.0058 0.0124 0.0422 0.0512 0.6396 0.1411 0.1077 
 694 0.0050 0.0134 0.0219 0.0274 0.7636 0.0806 0.0881 
 695 0.0052 0.0417 0.0275 0.0303 0.6798 0.1289 0.0866 
 696 0.0058 0.0130 0.0315 0.0385 0.6566 0.1169 0.1378 
 697 0.0072 0.0160 0.0221 0.0312 0.7286 0.0889 0.1059 
 698 0.0056 0.0123 0.0227 0.0306 0.7366 0.0936 0.0986 
 699 0.0047 0.0921 0.0257 0.0315 0.6264 0.1143 0.1053 
 700 0.0066 0.0453 0.0445 0.1060 0.5825 0.1070 0.1081 
 701 0.0645 0.0327 0.0332 0.0347 0.5549 0.1541 0.1259 
 702 0.0065 0.0267 0.0321 0.0500 0.5716 0.1610 0.1520 
 703 0.0060 0.0181 0.0234 0.0381 0.6757 0.1327 0.1059 
 704 0.0050 0.0170 0.0303 0.0365 0.6621 0.1074 0.1416 
 705 0.0247 0.1998 0.0327 0.0623 0.3838 0.1498 0.1470 
 706 0.0071 0.0270 0.0219 0.0387 0.6839 0.1206 0.1008 
 707 0.0194 0.0217 0.0233 0.0335 0.7033 0.0885 0.1102 
 708 0.0057 0.0125 0.0227 0.0408 0.7242 0.0904 0.1036 
 709 0.0049 0.0397 0.0256 0.0459 0.7024 0.0939 0.0877 
 710 0.0058 0.0162 0.0213 0.0294 0.7604 0.0857 0.0812 
 711 0.0062 0.0384 0.0220 0.0445 0.6476 0.1119 0.1293 
 712 0.0050 0.0341 0.0212 0.0414 0.7000 0.0794 0.1190 
 713 0.0056 0.0143 0.0306 0.0380 0.6630 0.1070 0.1416 
 714 0.0067 0.0132 0.0236 0.0680 0.5806 0.1498 0.1582 
 715 0.0050 0.0296 0.0209 0.0308 0.7350 0.0804 0.0983 
 716 0.0059 0.0253 0.0225 0.0374 0.7043 0.1191 0.0855 
 717 0.0046 0.0201 0.0216 0.0291 0.7584 0.0815 0.0846 
 718 0.0075 0.0219 0.0231 0.0640 0.6147 0.1178 0.1510 
 719 0.0073 0.0326 0.0241 0.0315 0.7233 0.0821 0.0991 
 720 0.0053 0.0125 0.0642 0.0747 0.0941 0.4062 0.3430 
 721 0.0064 0.0245 0.0245 0.0394 0.5053 0.2665 0.1334 
 722 0.0070 0.0311 0.0354 0.0497 0.1477 0.5250 0.2042 
 723 0.0105 0.0118 0.0334 0.0425 0.1462 0.5553 0.2002 
 724 0.0179 0.0140 0.0493 0.0379 0.2548 0.4902 0.1360 
 725 0.0109 0.0154 0.0362 0.0429 0.2621 0.2448 0.3875 
 726 0.0131 0.0263 0.0320 0.0411 0.1789 0.4666 0.2420 
 727 0.0135 0.1315 0.0345 0.0457 0.2889 0.2800 0.2059 
