   1 0.0067 0.0076 0.0253 0.0634 0.0686 0.1345 0.1968 0.3648 0.1322 
   2 0.0048 0.0046 0.0107 0.0725 0.4434 0.0950 0.1032 0.1076 0.1582 
   3 0.0066 0.0086 0.0124 0.2366 0.0767 0.1676 0.1906 0.1684 0.1326 
   4 0.0104 0.0121 0.0598 0.0919 0.0866 0.1290 0.3747 0.0963 0.1392 
   5 0.0072 0.0054 0.0178 0.1086 0.3086 0.1105 0.1021 0.1356 0.2042 
   6 0.0063 0.0054 0.0171 0.2669 0.0999 0.0714 0.1317 0.2145 0.1868 
   7 0.0062 0.0063 0.0130 0.0910 0.0676 0.0688 0.1020 0.2236 0.4217 
   8 0.0147 0.0196 0.1402 0.1755 0.0806 0.0972 0.2007 0.1240 0.1475 
   9 0.0082 0.0068 0.0121 0.1188 0.2289 0.1129 0.1581 0.1964 0.1579 
  10 0.0077 0.0145 0.1329 0.1184 0.0963 0.0697 0.1287 0.2238 0.2081 
  11 0.0045 0.0065 0.0123 0.0657 0.0775 0.0659 0.0924 0.3722 0.3032 
  12 0.0056 0.0048 0.0127 0.1029 0.2363 0.1073 0.1688 0.1398 0.2217 
  13 0.0068 0.0054 0.0133 0.0867 0.1363 0.1088 0.1569 0.2245 0.2614 
  14 0.0046 0.0095 0.0394 0.1311 0.1916 0.2248 0.1317 0.1509 0.1164 
  15 0.0055 0.0136 0.0189 0.1148 0.1309 0.1325 0.2643 0.1372 0.1823 
  16 0.0046 0.0060 0.0118 0.1011 0.0713 0.1005 0.1184 0.4277 0.1586 
  17 0.0100 0.0066 0.0142 0.1967 0.1180 0.1371 0.1626 0.1760 0.1789 
  18 0.0107 0.0131 0.0158 0.1463 0.2341 0.1106 0.1658 0.1953 0.1084 
  19 0.0055 0.0052 0.0115 0.2263 0.1337 0.0717 0.1463 0.2096 0.1902 
  20 0.0056 0.0100 0.0131 0.1594 0.1429 0.1191 0.1641 0.1376 0.2482 
  21 0.0056 0.0070 0.0258 0.0632 0.1487 0.1819 0.2107 0.2317 0.1254 
  22 0.0078 0.0053 0.0126 0.2076 0.0876 0.0976 0.1721 0.2671 0.1423 
  23 0.0129 0.0146 0.0287 0.1076 0.1458 0.2178 0.2363 0.1094 0.1269 
  24 0.0046 0.0062 0.0131 0.0616 0.0798 0.1087 0.2170 0.3793 0.1299 
  25 0.0061 0.0083 0.0133 0.2503 0.1365 0.0847 0.0862 0.1475 0.2671 
  26 0.0089 0.0077 0.0133 0.1070 0.1373 0.1081 0.2245 0.2254 0.1678 
  27 0.0068 0.0058 0.0138 0.1110 0.0960 0.1512 0.1566 0.2903 0.1686 
  28 0.0053 0.0080 0.1284 0.0672 0.1075 0.0834 0.2020 0.2247 0.1734 
  29 0.0043 0.0049 0.0106 0.0788 0.1527 0.1441 0.1330 0.1893 0.2823 
  30 0.0053 0.0059 0.0107 0.1367 0.1091 0.1162 0.1285 0.3564 0.1312 
  31 0.0114 0.0148 0.1197 0.0723 0.1118 0.1495 0.1101 0.1996 0.2108 
  32 0.0049 0.0081 0.0254 0.2542 0.1609 0.1064 0.2136 0.1046 0.1217 
  33 0.0051 0.0065 0.0109 0.1428 0.0863 0.1586 0.1954 0.2018 0.1925 
  34 0.0090 0.0157 0.1137 0.2277 0.0795 0.0665 0.0965 0.1142 0.2772 
  35 0.0219 0.0051 0.0102 0.1357 0.1331 0.2752 0.1036 0.1662 0.1489 
  36 0.0046 0.0295 0.0140 0.0494 0.0763 0.3061 0.0949 0.3165 0.1087 
  37 0.0069 0.0058 0.0148 0.0915 0.1732 0.1867 0.2168 0.1449 0.1596 
  38 0.0062 0.1726 0.0100 0.0679 0.0882 0.1262 0.0838 0.2050 0.2401 
  39 0.0094 0.0114 0.0120 0.0914 0.1033 0.1879 0.1205 0.2268 0.2374 
  40 0.0044 0.0075 0.0125 0.0835 0.0930 0.4101 0.1246 0.1631 0.1013 
  41 0.0097 0.0091 0.0129 0.0917 0.0663 0.3651 0.0823 0.1805 0.1824 
  42 0.0049 0.0190 0.0122 0.0374 0.0579 0.2388 0.2675 0.2508 0.1115 
  43 0.0074 0.0057 0.0209 0.0783 0.1101 0.3877 0.1295 0.1042 0.1560 
  44 0.0074 0.0047 0.0093 0.1403 0.0922 0.4319 0.0805 0.1046 0.1292 
  45 0.0068 0.0209 0.0099 0.0401 0.1560 0.2363 0.0827 0.2875 0.1599 
  46 0.0116 0.0059 0.0118 0.2118 0.1032 0.2038 0.1145 0.1470 0.1905 
  47 0.0258 0.0060 0.0218 0.1363 0.1641 0.1366 0.1487 0.2007 0.1601 
  48 0.0103 0.0059 0.0092 0.1494 0.0975 0.4532 0.0838 0.0913 0.0995 
  49 0.0111 0.0069 0.0120 0.0731 0.1074 0.2494 0.1235 0.2597 0.1568 
  50 0.0102 0.0099 0.0700 0.2100 0.0978 0.1202 0.0908 0.1530 0.2381 
  51 0.0043 0.0240 0.0120 0.0398 0.0660 0.4901 0.0786 0.1883 0.0969 
  52 0.0131 0.0064 0.0113 0.0846 0.0725 0.1934 0.1367 0.2485 0.2335 
  53 0.0073 0.0410 0.0352 0.1456 0.0714 0.1544 0.1095 0.2575 0.1782 
  54 0.0117 0.0046 0.0130 0.0646 0.2415 0.2199 0.1540 0.1236 0.1671 
  55 0.0077 0.0052 0.0110 0.0778 0.1367 0.4303 0.1075 0.0922 0.1317 
  56 0.0075 0.0105 0.0108 0.1327 0.1195 0.3159 0.1347 0.1640 0.1043 
  57 0.0207 0.0080 0.0324 0.1180 0.0994 0.0786 0.2634 0.1898 0.1897 
  58 0.0068 0.0098 0.0115 0.0440 0.1172 0.3176 0.1147 0.2131 0.1655 
  59 0.0075 0.0355 0.0105 0.0576 0.1158 0.2282 0.1207 0.2531 0.1710 
  60 0.0044 0.0116 0.0272 0.0503 0.0782 0.4095 0.1417 0.1634 0.1137 
  61 0.0042 0.0047 0.0138 0.0359 0.2105 0.3556 0.1566 0.0951 0.1237 
  62 0.0325 0.0061 0.0119 0.0893 0.2043 0.1267 0.1487 0.1964 0.1841 
  63 0.0042 0.0064 0.0124 0.0701 0.1258 0.2445 0.1621 0.1530 0.2216 
  64 0.0089 0.0131 0.0103 0.1521 0.1617 0.1088 0.0955 0.2791 0.1705 
  65 0.0066 0.0053 0.0111 0.1045 0.1844 0.1004 0.0824 0.1066 0.3985 
  66 0.0052 0.0067 0.0322 0.0548 0.2123 0.1658 0.1987 0.1224 0.2019 
  67 0.0062 0.0045 0.0109 0.0647 0.2079 0.3578 0.0942 0.0960 0.1577 
  68 0.0086 0.0313 0.0121 0.0469 0.0973 0.2429 0.1360 0.2735 0.1514 
  69 0.0090 0.0728 0.2461 0.1095 0.0869 0.0904 0.0759 0.1719 0.1376 
  70 0.0044 0.0123 0.0213 0.0765 0.0634 0.3552 0.1176 0.1632 0.1861 
  71 0.0075 0.0277 0.0131 0.0564 0.1295 0.2830 0.0740 0.2399 0.1690 
  72 0.0056 0.0087 0.0152 0.0999 0.0823 0.2101 0.0859 0.3582 0.1341 
  73 0.0074 0.0089 0.0156 0.0478 0.2194 0.2888 0.0856 0.1351 0.1914 
  74 0.0043 0.0299 0.0107 0.0505 0.0773 0.2746 0.1462 0.3019 0.1046 
  75 0.0058 0.0181 0.0203 0.0425 0.0906 0.3181 0.1564 0.2612 0.0870 
  76 0.0052 0.0052 0.0115 0.0898 0.1149 0.3083 0.1066 0.1070 0.2514 
  77 0.0061 0.0298 0.0095 0.0556 0.1044 0.2507 0.0863 0.2160 0.2416 
  78 0.0068 0.1408 0.0100 0.0610 0.0889 0.2066 0.0909 0.1764 0.2186 
  79 0.0046 0.0064 0.0138 0.0641 0.1411 0.0712 0.1134 0.2471 0.3383 
  80 0.0047 0.0056 0.0164 0.0437 0.1176 0.0807 0.4255 0.1349 0.1710 
  81 0.0049 0.0060 0.0189 0.0439 0.1311 0.0651 0.3404 0.1707 0.2190 
  82 0.0048 0.0058 0.0142 0.0579 0.1380 0.2272 0.1779 0.1527 0.2216 
  83 0.0045 0.0109 0.0210 0.0940 0.1289 0.1158 0.2548 0.1573 0.2128 
  84 0.0042 0.0057 0.0182 0.0675 0.1114 0.0807 0.2456 0.1753 0.2914 
  85 0.0044 0.0124 0.0213 0.1088 0.1140 0.1026 0.2770 0.2029 0.1564 
  86 0.0089 0.0073 0.0119 0.0915 0.2240 0.2079 0.1098 0.1251 0.2136 
  87 0.0052 0.0137 0.0314 0.0717 0.1138 0.1179 0.1185 0.1687 0.3592 
  88 0.0047 0.0057 0.0151 0.0469 0.1251 0.1089 0.2840 0.1664 0.2432 
  89 0.0054 0.0075 0.0431 0.0426 0.1866 0.0887 0.2761 0.1617 0.1882 
  90 0.0043 0.0058 0.0143 0.0524 0.1462 0.0799 0.1379 0.1471 0.4121 
  91 0.0045 0.0135 0.0201 0.0804 0.0884 0.1088 0.3939 0.1520 0.1385 
  92 0.0046 0.0057 0.0150 0.0594 0.1550 0.1007 0.1660 0.2242 0.2696 
  93 0.0046 0.0104 0.1063 0.0421 0.0852 0.0945 0.4082 0.1366 0.1121 
  94 0.0045 0.0185 0.0158 0.0803 0.0638 0.1009 0.1071 0.1942 0.4149 
  95 0.0044 0.0057 0.0146 0.0431 0.1228 0.0870 0.2357 0.1171 0.3697 
  96 0.0047 0.0052 0.0167 0.0386 0.1391 0.3479 0.2173 0.0995 0.1310 
  97 0.0058 0.0175 0.0117 0.0431 0.1254 0.2249 0.1713 0.3062 0.0941 
  98 0.0040 0.0053 0.0110 0.0653 0.1632 0.2662 0.1254 0.2000 0.1597 
  99 0.0043 0.0059 0.0181 0.0568 0.1452 0.0706 0.2274 0.1550 0.3168 
 100 0.0055 0.0046 0.0146 0.0405 0.1902 0.1135 0.4366 0.0943 0.1002 
 101 0.0057 0.0182 0.0943 0.0668 0.1379 0.1435 0.1282 0.1571 0.2483 
 102 0.0070 0.0109 0.0205 0.0729 0.0872 0.1751 0.3085 0.1091 0.2087 
 103 0.0053 0.0069 0.0608 0.0618 0.3455 0.0948 0.1255 0.0859 0.2135 
 104 0.0052 0.0052 0.0395 0.0640 0.1090 0.0813 0.1182 0.0984 0.4792 
 105 0.0077 0.0065 0.0944 0.0499 0.1829 0.1010 0.1284 0.0878 0.3415 
 106 0.0047 0.0074 0.0094 0.0811 0.0849 0.0873 0.0689 0.1747 0.4816 
 107 0.0058 0.0064 0.0361 0.0663 0.2358 0.1032 0.1386 0.0918 0.3160 
 108 0.0044 0.0624 0.0153 0.1559 0.2593 0.1953 0.0997 0.0887 0.1190 
 109 0.0215 0.0152 0.0186 0.0685 0.1304 0.1091 0.0672 0.1689 0.4006 
 110 0.0048 0.0081 0.0147 0.0801 0.0773 0.0724 0.0710 0.1916 0.4800 
 111 0.0080 0.0067 0.0156 0.0571 0.1384 0.0833 0.1051 0.0869 0.4990 
 112 0.0135 0.0081 0.0117 0.0467 0.0905 0.1218 0.0768 0.1295 0.5013 
 113 0.0056 0.0124 0.0219 0.0781 0.2758 0.1532 0.1150 0.1678 0.1703 
 114 0.0054 0.0052 0.0483 0.0504 0.1279 0.0762 0.1378 0.0962 0.4525 
 115 0.0057 0.0063 0.0117 0.0915 0.0991 0.2120 0.1146 0.0920 0.3671 
 116 0.0073 0.0151 0.0099 0.0669 0.0927 0.2035 0.0705 0.1866 0.3476 
 117 0.0079 0.0096 0.0199 0.0694 0.0882 0.0958 0.0877 0.1877 0.4338 
 118 0.0065 0.0087 0.0119 0.0600 0.3011 0.1246 0.1033 0.0959 0.2880 
 119 0.0040 0.0087 0.0186 0.0676 0.1046 0.3117 0.2246 0.0910 0.1692 
 120 0.0070 0.0060 0.0169 0.0691 0.1355 0.1581 0.1232 0.0978 0.3864 
 121 0.0116 0.0101 0.0220 0.0735 0.1042 0.2327 0.0796 0.1181 0.3482 
 122 0.0052 0.0069 0.0221 0.0652 0.1295 0.0814 0.0832 0.1840 0.4225 
 123 0.0053 0.0087 0.0203 0.0720 0.1247 0.1068 0.1129 0.1295 0.4198 
 124 0.0080 0.0082 0.0128 0.1264 0.1456 0.1540 0.0871 0.1911 0.2668 
 125 0.0069 0.0151 0.0147 0.1174 0.0880 0.1190 0.0918 0.3272 0.2198 
 126 0.0040 0.0074 0.0121 0.0532 0.0886 0.1927 0.1204 0.1871 0.3345 
 127 0.0051 0.0051 0.0127 0.0527 0.1368 0.0960 0.1078 0.0782 0.5054 
 128 0.0058 0.0048 0.0113 0.0505 0.3431 0.1248 0.0998 0.1059 0.2541 
 129 0.0073 0.0059 0.0348 0.0633 0.2821 0.1005 0.0711 0.0873 0.3478 
 130 0.0072 0.0062 0.0350 0.0560 0.1646 0.0722 0.1428 0.1005 0.4155 
 131 0.0089 0.0617 0.0262 0.0939 0.1005 0.1302 0.0692 0.2276 0.2817 
 132 0.0060 0.0065 0.0176 0.0675 0.1989 0.0900 0.0693 0.1596 0.3845 
 133 0.0083 0.0087 0.0259 0.0768 0.2188 0.1148 0.1140 0.0932 0.3395 
 134 0.0048 0.0059 0.0089 0.0540 0.0916 0.0612 0.0609 0.1480 0.5647 
 135 0.0070 0.0071 0.0166 0.0369 0.0967 0.2521 0.3582 0.1312 0.0942 
 136 0.0074 0.0059 0.0381 0.0744 0.0861 0.0891 0.4778 0.1348 0.0864 
 137 0.0049 0.0066 0.0351 0.0420 0.0690 0.0745 0.5068 0.1233 0.1377 
 138 0.0047 0.0064 0.0501 0.0407 0.0626 0.0903 0.5255 0.1350 0.0846 
 139 0.0054 0.0067 0.0400 0.0522 0.2859 0.1728 0.1987 0.1427 0.0956 
 140 0.0050 0.0091 0.0492 0.0400 0.0965 0.1580 0.2790 0.2216 0.1416 
 141 0.0069 0.0119 0.1702 0.0752 0.1015 0.1016 0.2451 0.1970 0.0907 
 142 0.0064 0.0083 0.0452 0.0386 0.1113 0.2942 0.2842 0.1193 0.0924 
 143 0.0042 0.0047 0.0156 0.0366 0.0635 0.0795 0.6198 0.0960 0.0801 
 144 0.0047 0.0055 0.0174 0.0380 0.0653 0.0802 0.5516 0.1024 0.1347 
 145 0.0087 0.0070 0.0326 0.0826 0.1125 0.1411 0.3010 0.2230 0.0916 
 146 0.0072 0.0076 0.0440 0.0511 0.0789 0.1023 0.3221 0.2295 0.1572 
 147 0.0048 0.0056 0.0312 0.0418 0.0611 0.0690 0.5909 0.1132 0.0825 
 148 0.0058 0.0118 0.1453 0.0755 0.1005 0.1583 0.2528 0.1230 0.1270 
 149 0.0058 0.0243 0.2276 0.0397 0.0930 0.1920 0.1712 0.1620 0.0845 
 150 0.0061 0.0060 0.0368 0.0486 0.1085 0.0986 0.3788 0.1348 0.1818 
 151 0.0049 0.0048 0.0182 0.0393 0.0836 0.0967 0.5236 0.1171 0.1117 
 152 0.0064 0.0094 0.0513 0.1269 0.0898 0.1826 0.3270 0.1051 0.1014 
 153 0.0050 0.0072 0.0672 0.0423 0.0646 0.1414 0.3879 0.1797 0.1048 
 154 0.0067 0.0283 0.3060 0.0661 0.0941 0.1506 0.1416 0.1216 0.0849 
 155 0.0047 0.0047 0.0519 0.0418 0.0762 0.0795 0.5380 0.0932 0.1100 
 156 0.0046 0.0049 0.0282 0.0359 0.0739 0.2026 0.4477 0.0895 0.1127 
 157 0.0045 0.0061 0.0572 0.0497 0.0719 0.0710 0.4460 0.1101 0.1834 
 158 0.0082 0.0077 0.0331 0.0750 0.0918 0.1190 0.3315 0.2420 0.0918 
 159 0.0063 0.0161 0.1587 0.0404 0.0757 0.0752 0.4416 0.1031 0.0829 
 160 0.0074 0.0148 0.1662 0.0416 0.0953 0.0796 0.4074 0.1041 0.0836 
 161 0.0046 0.0071 0.0280 0.0429 0.0830 0.1249 0.3583 0.2377 0.1134 
 162 0.0094 0.0067 0.0480 0.0582 0.1039 0.1117 0.2904 0.2150 0.1567 
 163 0.0043 0.0050 0.0457 0.0376 0.0626 0.1186 0.5283 0.0952 0.1027 
 164 0.0076 0.0198 0.2200 0.0453 0.1248 0.0945 0.1960 0.1451 0.1470 
 165 0.0055 0.0057 0.0190 0.0403 0.0828 0.0939 0.4533 0.1183 0.1812 
 166 0.0043 0.0258 0.2227 0.0736 0.0990 0.1291 0.2011 0.0958 0.1485 
 167 0.0085 0.0297 0.3934 0.0780 0.0570 0.0677 0.1382 0.1132 0.1142 
 168 0.0050 0.0165 0.0364 0.0640 0.0699 0.1302 0.4288 0.1551 0.0942 
 169 0.0097 0.0150 0.0250 0.0698 0.0782 0.1021 0.2437 0.3702 0.0864 
 170 0.0045 0.0057 0.0157 0.0397 0.1120 0.2111 0.3760 0.1217 0.1136 
 171 0.0052 0.0110 0.0465 0.0898 0.1165 0.1320 0.3541 0.1336 0.1114 
 172 0.0060 0.0201 0.0710 0.0401 0.0800 0.2092 0.2104 0.2817 0.0815 
 173 0.0063 0.0051 0.0537 0.0446 0.1184 0.0848 0.5038 0.0992 0.0841 
 174 0.0052 0.0058 0.0573 0.0439 0.0859 0.0708 0.4886 0.1297 0.1128 
 175 0.0051 0.0049 0.0187 0.0746 0.0704 0.1056 0.5242 0.1118 0.0846 
 176 0.0047 0.0056 0.0170 0.0376 0.0661 0.0804 0.5523 0.1021 0.1342 
 177 0.0055 0.0080 0.0561 0.0525 0.0751 0.0892 0.3388 0.1871 0.1876 
 178 0.0056 0.0057 0.0718 0.0865 0.0976 0.0723 0.4008 0.1431 0.1167 
 179 0.0047 0.0080 0.1414 0.0448 0.0872 0.0698 0.4580 0.1016 0.0846 
 180 0.0082 0.0117 0.0890 0.0505 0.0698 0.1209 0.3025 0.2276 0.1198 
 181 0.0070 0.0066 0.0281 0.0460 0.1254 0.1575 0.3588 0.1816 0.0890 
 182 0.0073 0.0051 0.0211 0.0378 0.1191 0.1431 0.4824 0.0980 0.0859 
 183 0.0048 0.0053 0.0318 0.0456 0.0877 0.0861 0.5445 0.1095 0.0848 
 184 0.0060 0.0063 0.0109 0.1134 0.4474 0.1070 0.1006 0.0874 0.1212 
 185 0.0043 0.0048 0.0284 0.0352 0.0677 0.2028 0.5022 0.0795 0.0753 
 186 0.0053 0.0046 0.0110 0.0782 0.4034 0.1003 0.0964 0.1066 0.1941 
 187 0.0043 0.0049 0.0253 0.0666 0.3330 0.0973 0.2592 0.0927 0.1167 
 188 0.0053 0.0041 0.0106 0.0719 0.4906 0.0946 0.0775 0.0862 0.1593 
 189 0.0046 0.0139 0.0163 0.1099 0.1246 0.1558 0.2531 0.2020 0.1199 
 190 0.0047 0.0042 0.0137 0.0351 0.1403 0.4243 0.2275 0.0706 0.0796 
 191 0.0047 0.0044 0.0133 0.0541 0.4977 0.0883 0.1241 0.0949 0.1185 
 192 0.0040 0.0049 0.0138 0.0656 0.3163 0.0852 0.2534 0.1024 0.1544 
 193 0.0050 0.0052 0.0136 0.0739 0.2375 0.1483 0.2298 0.1465 0.1401 
 194 0.0046 0.0052 0.0164 0.0574 0.2289 0.1842 0.2369 0.1193 0.1472 
 195 0.0046 0.0043 0.0166 0.0385 0.2833 0.1882 0.2945 0.0892 0.0807 
 196 0.0041 0.0060 0.0136 0.0501 0.2444 0.2757 0.2099 0.0799 0.1162 
 197 0.0055 0.0050 0.0208 0.1452 0.2053 0.1200 0.2075 0.1191 0.1716 
 198 0.0043 0.0061 0.0153 0.0764 0.1624 0.1510 0.1826 0.2152 0.1867 
 199 0.0048 0.0071 0.0117 0.0472 0.1466 0.4018 0.1640 0.1052 0.1117 
 200 0.0050 0.0076 0.0140 0.0774 0.2163 0.2667 0.1976 0.0996 0.1156 
 201 0.0043 0.0044 0.0293 0.0506 0.2313 0.1187 0.3849 0.0837 0.0928 
 202 0.0041 0.0042 0.0136 0.0393 0.1034 0.2495 0.3876 0.0914 0.1069 
 203 0.0051 0.0044 0.0252 0.0466 0.2804 0.1048 0.3746 0.0705 0.0883 
 204 0.0049 0.0044 0.0135 0.0376 0.4198 0.1893 0.1631 0.0806 0.0867 
 205 0.0047 0.0072 0.0132 0.0540 0.3658 0.1930 0.1442 0.1032 0.1148 
 206 0.0046 0.0044 0.0158 0.0453 0.4483 0.1314 0.1758 0.0859 0.0886 
 207 0.0046 0.0042 0.0109 0.0441 0.4022 0.2039 0.1271 0.0823 0.1208 
 208 0.0046 0.0044 0.0247 0.0447 0.3316 0.1487 0.2588 0.0812 0.1013 
 209 0.0049 0.0044 0.0129 0.0587 0.3721 0.1325 0.1756 0.1119 0.1270 
 210 0.0042 0.0042 0.0143 0.0442 0.4426 0.1241 0.1768 0.0833 0.1061 
 211 0.0072 0.0045 0.0118 0.0527 0.1461 0.3185 0.2252 0.0738 0.1603 
 212 0.0042 0.0043 0.0152 0.0546 0.1122 0.1773 0.4079 0.1311 0.0933 
 213 0.0044 0.0059 0.0123 0.0387 0.1703 0.2872 0.1558 0.1534 0.1719 
 214 0.0046 0.0043 0.0137 0.0507 0.1845 0.1421 0.4256 0.0821 0.0924 
 215 0.0047 0.0067 0.0124 0.0569 0.4541 0.1456 0.1140 0.0796 0.1261 
 216 0.0064 0.0060 0.0118 0.1336 0.3305 0.1304 0.1302 0.1131 0.1382 
 217 0.0042 0.0066 0.0146 0.0588 0.2177 0.1562 0.3612 0.0901 0.0907 
 218 0.0047 0.0063 0.0136 0.0499 0.4384 0.1106 0.1561 0.0985 0.1220 
 219 0.0063 0.0090 0.0173 0.1333 0.2119 0.1095 0.2707 0.1231 0.1190 
 220 0.0046 0.0044 0.0124 0.0418 0.5262 0.1099 0.1204 0.0777 0.1027 
 221 0.0046 0.0044 0.0126 0.0376 0.0933 0.2798 0.4071 0.0837 0.0769 
 222 0.0059 0.0058 0.0134 0.1492 0.2657 0.1101 0.1785 0.1323 0.1391 
 223 0.0042 0.0062 0.0251 0.0827 0.2122 0.1123 0.3233 0.1124 0.1216 
 224 0.0050 0.0043 0.0177 0.0469 0.3391 0.1089 0.3045 0.0830 0.0907 
 225 0.0046 0.0051 0.0134 0.0502 0.3577 0.1937 0.1738 0.0977 0.1038 
 226 0.0060 0.0535 0.0158 0.1061 0.2834 0.1200 0.1777 0.1204 0.1171 
 227 0.0043 0.0045 0.0203 0.0404 0.1954 0.2918 0.2355 0.0893 0.1184 
 228 0.0051 0.0048 0.0168 0.0359 0.2257 0.2734 0.2779 0.0833 0.0771 
 229 0.0043 0.0044 0.0148 0.0486 0.3525 0.0778 0.3148 0.0839 0.0989 
 230 0.0048 0.0043 0.0135 0.0442 0.4143 0.0935 0.2541 0.0760 0.0952 
 231 0.0045 0.0045 0.0168 0.0642 0.3512 0.0840 0.2679 0.1067 0.1002 
 232 0.0055 0.0069 0.0127 0.0390 0.1645 0.1981 0.2390 0.2026 0.1318 
 233 0.0047 0.0042 0.0266 0.0517 0.1812 0.1028 0.4574 0.0787 0.0928 
 234 0.0040 0.0048 0.0156 0.0889 0.2953 0.0925 0.2151 0.1303 0.1534 
 235 0.0044 0.0085 0.0151 0.0674 0.2165 0.1599 0.2836 0.1249 0.1197 
 236 0.0046 0.0049 0.0147 0.0688 0.2531 0.1040 0.3468 0.0944 0.1087 
 237 0.0054 0.0043 0.0121 0.0481 0.3582 0.2172 0.1393 0.1015 0.1140 
 238 0.0039 0.0043 0.0137 0.0536 0.1728 0.1347 0.3981 0.0955 0.1233 
 239 0.0046 0.0046 0.0158 0.0384 0.2846 0.1854 0.2961 0.0903 0.0802 
 240 0.0040 0.0043 0.0142 0.0533 0.1738 0.1357 0.3955 0.0958 0.1234 
 241 0.0052 0.0056 0.0157 0.0441 0.1621 0.1847 0.3717 0.1157 0.0951 
 242 0.0048 0.0082 0.0164 0.0679 0.3167 0.1439 0.1945 0.1399 0.1078 
 243 0.0047 0.0043 0.0136 0.0432 0.2583 0.2938 0.2191 0.0709 0.0922 
 244 0.0051 0.0042 0.0151 0.0456 0.3364 0.1071 0.3218 0.0763 0.0883 
 245 0.0041 0.0043 0.0268 0.0397 0.1033 0.1608 0.4577 0.0997 0.1036 
 246 0.0044 0.0068 0.0154 0.0600 0.2168 0.1571 0.3604 0.0888 0.0905 
 247 0.0040 0.0064 0.0108 0.0689 0.3042 0.1370 0.0900 0.1370 0.2417 
 248 0.0044 0.0046 0.0109 0.0548 0.4275 0.1550 0.1042 0.0905 0.1480 
 249 0.0049 0.0045 0.0129 0.0478 0.2814 0.1270 0.3365 0.0827 0.1024 
 250 0.0046 0.0051 0.0135 0.0631 0.3487 0.0906 0.2683 0.0906 0.1156 
 251 0.0055 0.0127 0.0143 0.1240 0.2439 0.1635 0.1576 0.1286 0.1499 
 252 0.0042 0.0052 0.0151 0.0541 0.3001 0.1637 0.2365 0.1137 0.1074 
 253 0.0042 0.0096 0.0124 0.0681 0.1937 0.2560 0.1303 0.1445 0.1812 
 254 0.0053 0.0048 0.0137 0.1192 0.3323 0.1143 0.1872 0.1028 0.1201 
 255 0.0042 0.0045 0.0143 0.0664 0.2989 0.1061 0.2344 0.1319 0.1392 
 256 0.0048 0.0053 0.0134 0.0549 0.2507 0.1940 0.2740 0.1009 0.1019 
 257 0.0089 0.0067 0.0201 0.0575 0.3338 0.1560 0.1813 0.1048 0.1308 
 258 0.0041 0.0050 0.0151 0.0633 0.2038 0.2398 0.1641 0.1306 0.1743 
 259 0.0050 0.0049 0.0144 0.0599 0.4088 0.1127 0.1920 0.0884 0.1140 
 260 0.0056 0.0047 0.0145 0.1435 0.1908 0.0885 0.3250 0.1010 0.1263 
 261 0.0040 0.0053 0.0163 0.0542 0.1976 0.1971 0.3141 0.1131 0.0982 
 262 0.0047 0.0061 0.0138 0.0413 0.1592 0.3203 0.2915 0.0846 0.0786 
 263 0.0063 0.0043 0.0118 0.0736 0.4778 0.1285 0.1218 0.0755 0.1005 
 264 0.0078 0.0057 0.0096 0.2465 0.2377 0.1239 0.0858 0.1397 0.1433 
 265 0.0043 0.0077 0.0159 0.0749 0.3259 0.1148 0.2269 0.1093 0.1204 
 266 0.0046 0.0043 0.0141 0.0376 0.1054 0.2272 0.4442 0.0841 0.0786 
 267 0.0044 0.0044 0.0134 0.0677 0.2303 0.1499 0.2611 0.1223 0.1464 
 268 0.0042 0.0059 0.0134 0.0501 0.2443 0.2762 0.2111 0.0799 0.1149 
 269 0.0043 0.0101 0.0163 0.1340 0.2277 0.0984 0.2474 0.1390 0.1229 
 270 0.0069 0.0053 0.0206 0.0912 0.3882 0.1181 0.1156 0.1145 0.1396 
 271 0.0052 0.0064 0.0138 0.0651 0.3306 0.1819 0.1471 0.1032 0.1469 
 272 0.0063 0.0529 0.0155 0.0935 0.2735 0.1744 0.1551 0.1016 0.1271 
 273 0.0207 0.0198 0.0517 0.0769 0.2240 0.1038 0.2047 0.1482 0.1501 
 274 0.0050 0.0097 0.0139 0.0819 0.3358 0.1290 0.1689 0.1215 0.1343 
 275 0.0074 0.0153 0.0391 0.0936 0.3725 0.1084 0.1551 0.1064 0.1021 
 276 0.0060 0.0387 0.0126 0.0745 0.2346 0.2490 0.1359 0.1107 0.1380 
 277 0.0043 0.0062 0.0154 0.0801 0.2630 0.1082 0.2712 0.1291 0.1225 
 278 0.0047 0.0065 0.0133 0.0602 0.3807 0.1895 0.1455 0.0810 0.1185 
 279 0.0046 0.0062 0.0141 0.0729 0.3317 0.1278 0.2097 0.1146 0.1184 
 280 0.0044 0.0101 0.0138 0.0799 0.2715 0.1499 0.1919 0.1706 0.1078 
 281 0.0050 0.0055 0.0142 0.0533 0.3261 0.1330 0.1670 0.1346 0.1613 
 282 0.0040 0.0050 0.0158 0.0781 0.1810 0.0842 0.4153 0.1029 0.1136 
 283 0.0042 0.0045 0.0202 0.0533 0.1847 0.0981 0.4468 0.0808 0.1074 
 284 0.0044 0.0058 0.0285 0.0730 0.2396 0.1326 0.2543 0.1047 0.1571 
 285 0.0046 0.0063 0.0102 0.0535 0.3920 0.1978 0.0757 0.1222 0.1375 
 286 0.0049 0.0044 0.0145 0.0456 0.3395 0.1068 0.3198 0.0770 0.0875 
 287 0.0046 0.0099 0.0163 0.0692 0.2508 0.1094 0.2210 0.1587 0.1602 
 288 0.0056 0.0330 0.0141 0.0799 0.4243 0.1062 0.1336 0.0932 0.1100 
 289 0.0067 0.0211 0.0189 0.0884 0.3707 0.1338 0.1183 0.0884 0.1536 
 290 0.0081 0.0055 0.0104 0.0994 0.2033 0.2584 0.1624 0.1425 0.1099 
 291 0.0051 0.0060 0.0137 0.0641 0.3317 0.1816 0.1459 0.1035 0.1484 
 292 0.0044 0.0104 0.0139 0.0616 0.1666 0.2539 0.2115 0.1806 0.0971 
 293 0.0056 0.0052 0.0103 0.1252 0.1478 0.2537 0.1204 0.1952 0.1366 
 294 0.0069 0.0057 0.0112 0.0705 0.4250 0.1909 0.1061 0.0822 0.1014 
 295 0.0067 0.0242 0.0414 0.0811 0.1826 0.2584 0.1209 0.1366 0.1481 
 296 0.0051 0.0066 0.0131 0.0458 0.4251 0.1523 0.1362 0.0862 0.1296 
 297 0.0043 0.0098 0.0125 0.0762 0.3470 0.1188 0.1395 0.1752 0.1167 
 298 0.0042 0.0050 0.0142 0.0717 0.2722 0.0756 0.3322 0.1013 0.1236 
 299 0.0059 0.0044 0.0127 0.0807 0.4722 0.0924 0.1325 0.0874 0.1118 
 300 0.0049 0.0056 0.0108 0.0438 0.4753 0.1450 0.0966 0.1208 0.0974 
 301 0.0065 0.0071 0.0202 0.1476 0.3731 0.1131 0.1178 0.1021 0.1125 
 302 0.0085 0.0068 0.0213 0.0778 0.3414 0.2598 0.1060 0.0813 0.0973 
 303 0.0047 0.0059 0.0147 0.0501 0.2714 0.1212 0.2969 0.1394 0.0959 
 304 0.0062 0.0050 0.0376 0.1382 0.1254 0.0754 0.3257 0.1300 0.1564 
 305 0.0051 0.0069 0.0269 0.0455 0.3492 0.1961 0.1964 0.0935 0.0805 
 306 0.0045 0.0085 0.0143 0.0696 0.1886 0.1489 0.3542 0.1103 0.1011 
 307 0.0056 0.0062 0.0158 0.0769 0.2761 0.1314 0.2517 0.1151 0.1211 
 308 0.0042 0.0053 0.0164 0.0549 0.1950 0.1978 0.3144 0.1137 0.0983 
 309 0.0130 0.0127 0.0279 0.0536 0.4510 0.1137 0.1163 0.0798 0.1320 
 310 0.0045 0.0043 0.0134 0.0455 0.2909 0.2037 0.2678 0.0811 0.0888 
 311 0.0049 0.0043 0.0137 0.0454 0.4126 0.0937 0.2530 0.0764 0.0960 
 312 0.0042 0.0044 0.0136 0.0414 0.4850 0.1377 0.1216 0.0731 0.1191 
 313 0.0050 0.0049 0.0124 0.0457 0.3442 0.3019 0.0951 0.0826 0.1081 
 314 0.0050 0.0151 0.1296 0.0394 0.0634 0.1372 0.4270 0.1025 0.0807 
 315 0.0044 0.0148 0.1690 0.0615 0.0594 0.1338 0.3695 0.1021 0.0853 
 316 0.0058 0.0280 0.3157 0.0635 0.0622 0.0737 0.2499 0.1101 0.0912 
 317 0.0051 0.0169 0.1401 0.0402 0.0622 0.0796 0.4676 0.1044 0.0839 
 318 0.0048 0.0232 0.3202 0.0409 0.0589 0.0574 0.3032 0.1081 0.0833 
 319 0.0048 0.0049 0.0182 0.0375 0.0654 0.0788 0.6147 0.0948 0.0808 
 320 0.0049 0.0155 0.1282 0.0398 0.0628 0.1377 0.4273 0.1030 0.0808 
 321 0.0047 0.0245 0.2480 0.0415 0.0600 0.0752 0.3461 0.1165 0.0834 
 322 0.0062 0.0222 0.1094 0.0679 0.0684 0.1223 0.4021 0.1088 0.0926 
 323 0.0093 0.0095 0.1390 0.0466 0.0645 0.0630 0.4829 0.1015 0.0838 
 324 0.0048 0.0253 0.2503 0.0414 0.0599 0.0746 0.3411 0.1183 0.0842 
 325 0.0046 0.0355 0.3682 0.0571 0.0579 0.0699 0.2153 0.1036 0.0878 
 326 0.0051 0.0507 0.4200 0.0538 0.0582 0.0689 0.1544 0.0998 0.0892 
 327 0.0051 0.0161 0.1380 0.0403 0.0623 0.0793 0.4704 0.1050 0.0836 
 328 0.0046 0.0179 0.1343 0.0656 0.0708 0.1123 0.3922 0.1120 0.0904 
 329 0.0043 0.0056 0.0493 0.0409 0.0592 0.0593 0.5928 0.1064 0.0822 
 330 0.0050 0.0161 0.1377 0.0405 0.0621 0.0797 0.4702 0.1044 0.0843 
 331 0.0045 0.0090 0.1372 0.0408 0.0663 0.0622 0.4929 0.1047 0.0824 
 332 0.0061 0.0472 0.4161 0.0585 0.0576 0.0686 0.1573 0.0999 0.0887 
 333 0.0059 0.0406 0.3207 0.0564 0.0707 0.0836 0.2317 0.1014 0.0890 
 334 0.0047 0.0178 0.1360 0.0654 0.0696 0.1116 0.3923 0.1122 0.0903 
 335 0.0046 0.0131 0.0542 0.0632 0.0594 0.1140 0.5035 0.0978 0.0901 
 336 0.0065 0.0374 0.3600 0.0419 0.0589 0.0978 0.2094 0.1071 0.0810 
 337 0.0045 0.0358 0.2939 0.0589 0.0596 0.0986 0.2467 0.1116 0.0902 
 338 0.0046 0.0391 0.3909 0.0410 0.0594 0.0573 0.2137 0.1105 0.0835 
 339 0.0045 0.0090 0.1352 0.0407 0.0673 0.0619 0.4935 0.1051 0.0828 
 340 0.0044 0.0062 0.0640 0.0374 0.0641 0.0646 0.5859 0.0925 0.0808 
 341 0.0097 0.0203 0.1772 0.0414 0.0707 0.0656 0.4286 0.1029 0.0836 
 342 0.0051 0.0162 0.1387 0.0408 0.0615 0.0800 0.4691 0.1046 0.0840 
 343 0.0087 0.0170 0.1076 0.0715 0.0583 0.1860 0.3644 0.1005 0.0860 
 344 0.0045 0.0084 0.1355 0.0407 0.0591 0.0582 0.5064 0.1049 0.0822 
 345 0.0049 0.0165 0.1392 0.0406 0.0619 0.0802 0.4697 0.1041 0.0828 
 346 0.0051 0.0149 0.1885 0.0408 0.0618 0.0630 0.4433 0.0993 0.0833 
 347 0.0045 0.0057 0.0639 0.0374 0.0577 0.0618 0.5965 0.0917 0.0809 
 348 0.0041 0.0111 0.0472 0.0573 0.0598 0.1984 0.4431 0.0935 0.0854 
 349 0.0051 0.0155 0.1375 0.0406 0.0621 0.0800 0.4708 0.1049 0.0836 
 350 0.0049 0.0053 0.0498 0.0408 0.0691 0.1012 0.5440 0.1058 0.0792 
 351 0.0044 0.0129 0.0555 0.0633 0.0597 0.1135 0.5033 0.0973 0.0902 
 352 0.0048 0.0287 0.1736 0.0602 0.0642 0.1144 0.3598 0.1036 0.0907 
 353 0.0065 0.0376 0.3615 0.0415 0.0591 0.0982 0.2086 0.1068 0.0802 
 354 0.0061 0.0082 0.1541 0.0429 0.0633 0.0609 0.4699 0.1100 0.0846 
 355 0.0047 0.0249 0.3195 0.0410 0.0593 0.0568 0.3027 0.1076 0.0835 
 356 0.0041 0.0089 0.0161 0.0569 0.0595 0.2048 0.4733 0.0919 0.0844 
 357 0.0045 0.0120 0.0371 0.1320 0.0724 0.0829 0.3652 0.1708 0.1230 
 358 0.0045 0.0353 0.3196 0.0584 0.0585 0.0750 0.2568 0.1028 0.0892 
 359 0.0044 0.0262 0.2814 0.0402 0.0701 0.0639 0.3217 0.1082 0.0839 
 360 0.0050 0.0147 0.1890 0.0401 0.0619 0.0630 0.4436 0.0990 0.0838 
 361 0.0042 0.0121 0.0196 0.1272 0.0759 0.1160 0.3374 0.1855 0.1221 
 362 0.0055 0.0162 0.0272 0.0877 0.2159 0.1081 0.1012 0.2287 0.2094 
 363 0.0063 0.0094 0.0146 0.1417 0.1351 0.1032 0.0862 0.2072 0.2963 
 364 0.0086 0.0075 0.0228 0.1666 0.0940 0.1151 0.2433 0.1816 0.1604 
 365 0.0146 0.0143 0.0153 0.1052 0.1093 0.0880 0.0965 0.4008 0.1558 
 366 0.0058 0.0119 0.0150 0.1842 0.1316 0.2167 0.1493 0.1719 0.1136 
 367 0.0045 0.0093 0.0105 0.0715 0.0751 0.0638 0.0729 0.2069 0.4856 
 368 0.0045 0.0060 0.0136 0.0636 0.2008 0.0796 0.1140 0.1936 0.3244 
 369 0.0074 0.0099 0.0395 0.1285 0.1037 0.2873 0.1405 0.1401 0.1431 
 370 0.0098 0.0112 0.0353 0.0896 0.2200 0.0958 0.1082 0.1372 0.2930 
 371 0.0091 0.0084 0.0339 0.1763 0.2107 0.1209 0.1305 0.1527 0.1575 
 372 0.0335 0.0175 0.0340 0.0525 0.2867 0.1045 0.1303 0.1383 0.2027 
 373 0.0049 0.0055 0.0128 0.0620 0.1069 0.0939 0.1607 0.2256 0.3279 
 374 0.0077 0.0180 0.0214 0.0964 0.1237 0.0997 0.2360 0.1923 0.2050 
 375 0.0128 0.0095 0.0160 0.1628 0.1484 0.0650 0.0867 0.2054 0.2935 
 376 0.0763 0.0111 0.0134 0.1742 0.0604 0.0702 0.0815 0.3115 0.2014 
 377 0.0062 0.0098 0.0345 0.0800 0.1728 0.1228 0.1044 0.2653 0.2041 
 378 0.0052 0.0078 0.0435 0.0435 0.0899 0.0898 0.1964 0.1439 0.3801 
 379 0.1373 0.0172 0.0139 0.1971 0.0743 0.0795 0.0728 0.2052 0.2026 
 380 0.0081 0.0215 0.0181 0.0706 0.0891 0.1088 0.1523 0.4294 0.1023 
 381 0.0078 0.0077 0.0128 0.1627 0.0637 0.1641 0.1410 0.3474 0.0927 
 382 0.0047 0.0061 0.0223 0.2653 0.1017 0.0645 0.0930 0.1565 0.2858 
 383 0.0088 0.0392 0.1635 0.0994 0.1140 0.0652 0.0992 0.3055 0.1054 
 384 0.0361 0.0212 0.0645 0.1780 0.1005 0.0656 0.1376 0.2278 0.1687 
 385 0.0265 0.0154 0.1499 0.0670 0.1187 0.0659 0.1214 0.1840 0.2513 
 386 0.0039 0.0072 0.0117 0.1045 0.1003 0.0839 0.0887 0.2678 0.3320 
 387 0.0046 0.0067 0.0129 0.1409 0.0826 0.0857 0.1095 0.2754 0.2817 
 388 0.0147 0.0111 0.0303 0.0800 0.1272 0.0690 0.2134 0.2373 0.2170 
 389 0.0137 0.0081 0.0279 0.0896 0.2261 0.2363 0.0951 0.1130 0.1904 
 390 0.0157 0.0329 0.0209 0.0903 0.0772 0.1517 0.0814 0.2492 0.2807 
 391 0.0151 0.0166 0.0179 0.0980 0.1306 0.1741 0.1341 0.1432 0.2703 
 392 0.0060 0.0060 0.0135 0.0769 0.0908 0.0881 0.1566 0.3769 0.1851 
 393 0.0059 0.0191 0.0154 0.0587 0.0625 0.0956 0.1146 0.5239 0.1044 
 394 0.0046 0.0139 0.0519 0.0772 0.0983 0.0918 0.2179 0.2015 0.2429 
 395 0.0041 0.0180 0.0106 0.0740 0.1932 0.1582 0.1016 0.2307 0.2097 
 396 0.0051 0.0051 0.0098 0.1331 0.1197 0.0710 0.0765 0.2097 0.3701 
 397 0.0520 0.0057 0.0144 0.1409 0.2347 0.1162 0.1854 0.1288 0.1220 
 398 0.0295 0.0202 0.0114 0.0635 0.0630 0.0747 0.0795 0.3573 0.3010 
 399 0.0049 0.0217 0.0218 0.0822 0.1013 0.1183 0.0925 0.1289 0.4284 
 400 0.0058 0.0061 0.0113 0.1235 0.0680 0.0927 0.1231 0.2529 0.3165 
 401 0.0042 0.0062 0.0116 0.0472 0.0779 0.1518 0.1299 0.2009 0.3703 
 402 0.0052 0.0053 0.0139 0.0678 0.1013 0.1611 0.1243 0.2696 0.2514 
 403 0.0060 0.0078 0.0200 0.0591 0.1085 0.0936 0.3204 0.2094 0.1751 
 404 0.0089 0.0061 0.0108 0.1130 0.1948 0.0875 0.1507 0.2393 0.1889 
 405 0.0043 0.0129 0.0139 0.1305 0.1497 0.1360 0.1290 0.2577 0.1660 
 406 0.0040 0.1342 0.0109 0.1148 0.0965 0.2004 0.1723 0.1667 0.1003 
 407 0.0040 0.0112 0.0096 0.0874 0.0881 0.0680 0.0735 0.4822 0.1760 
 408 0.0039 0.0048 0.0095 0.0479 0.1163 0.2185 0.0686 0.1217 0.4087 
 409 0.0089 0.0263 0.0164 0.0452 0.0684 0.1908 0.2264 0.3028 0.1150 
 410 0.0609 0.0181 0.0179 0.0769 0.0872 0.0966 0.1261 0.2842 0.2321 
 411 0.0124 0.0097 0.0550 0.1791 0.0727 0.1339 0.1288 0.2252 0.1834 
 412 0.0044 0.0055 0.0138 0.0688 0.1804 0.0758 0.1044 0.2206 0.3264 
 413 0.0045 0.0061 0.0381 0.0650 0.1367 0.0770 0.1763 0.1802 0.3161 
 414 0.0051 0.0051 0.0196 0.1591 0.2044 0.0676 0.0706 0.1350 0.3336 
 415 0.0048 0.0113 0.0103 0.1853 0.0854 0.1599 0.0961 0.2573 0.1895 
 416 0.0065 0.0057 0.0110 0.0501 0.0922 0.1366 0.1217 0.3360 0.2401 
 417 0.0050 0.0603 0.0161 0.1176 0.0941 0.0819 0.0862 0.3265 0.2125 
 418 0.0058 0.0060 0.0112 0.0899 0.1090 0.0618 0.0878 0.1819 0.4466 
 419 0.0127 0.0114 0.0182 0.0649 0.0985 0.1073 0.2138 0.2906 0.1827 
 420 0.0038 0.0053 0.0096 0.0518 0.0708 0.2455 0.0812 0.1858 0.3461 
 421 0.0053 0.0218 0.0153 0.0582 0.1324 0.0822 0.0881 0.3282 0.2684 
 422 0.0057 0.0136 0.0113 0.0459 0.1849 0.1567 0.0932 0.3563 0.1322 
 423 0.0068 0.0111 0.0121 0.2661 0.1471 0.1048 0.1234 0.1498 0.1788 
 424 0.0067 0.0186 0.0161 0.1040 0.0749 0.1754 0.1291 0.1506 0.3245 
 425 0.0313 0.0097 0.0171 0.1504 0.1325 0.0877 0.1590 0.2209 0.1915 
 426 0.0275 0.0259 0.0506 0.1353 0.0941 0.0944 0.1324 0.1533 0.2865 
 427 0.0047 0.0182 0.0413 0.0679 0.0591 0.0655 0.1346 0.3587 0.2501 
 428 0.0151 0.0518 0.0162 0.0664 0.1036 0.1451 0.1790 0.3037 0.1191 
 429 0.0050 0.0076 0.0104 0.1443 0.0808 0.0640 0.0728 0.2767 0.3384 
 430 0.0045 0.0265 0.0134 0.0840 0.0977 0.0812 0.0792 0.4617 0.1519 
 431 0.0106 0.0133 0.0328 0.1268 0.1627 0.0948 0.1337 0.1114 0.3140 
 432 0.0044 0.0057 0.0140 0.0578 0.1442 0.0944 0.1205 0.2307 0.3283 
 433 0.0078 0.0058 0.0197 0.0699 0.1382 0.1295 0.3013 0.1337 0.1942 
 434 0.0049 0.0060 0.0153 0.0972 0.1565 0.1208 0.1450 0.2982 0.1561 
 435 0.0042 0.0440 0.0121 0.0989 0.0644 0.0897 0.0782 0.3638 0.2447 
 436 0.0057 0.1039 0.0124 0.1698 0.0445 0.1034 0.1115 0.2361 0.2127 
 437 0.0058 0.0088 0.0119 0.3725 0.0843 0.0760 0.0904 0.1918 0.1585 
 438 0.0049 0.0884 0.0156 0.0678 0.0610 0.1907 0.1083 0.2638 0.1995 
 439 0.0044 0.0531 0.0133 0.0866 0.0514 0.0725 0.0882 0.4732 0.1573 
 440 0.0038 0.0674 0.0099 0.2609 0.0616 0.0764 0.0675 0.2231 0.2294 
 441 0.0043 0.0170 0.0190 0.0852 0.0666 0.0949 0.1237 0.4469 0.1424 
 442 0.0069 0.0059 0.0094 0.1229 0.0904 0.1090 0.0840 0.2730 0.2986 
 443 0.0044 0.0154 0.0107 0.0835 0.0618 0.2184 0.0726 0.1839 0.3493 
 444 0.0068 0.0103 0.0102 0.2025 0.0808 0.1325 0.0833 0.2280 0.2455 
 445 0.0303 0.0125 0.0127 0.0522 0.0617 0.1386 0.1458 0.4386 0.1077 
 446 0.0352 0.0309 0.0138 0.0568 0.0481 0.0643 0.0832 0.3558 0.3120 
 447 0.0067 0.0694 0.0126 0.1230 0.0732 0.1375 0.1325 0.2725 0.1726 
 448 0.0043 0.0154 0.0122 0.1313 0.0800 0.0967 0.0880 0.3683 0.2039 
 449 0.0045 0.0151 0.0134 0.1413 0.0866 0.1053 0.1211 0.3485 0.1642 
 450 0.0066 0.0064 0.0139 0.1420 0.0651 0.0553 0.1235 0.4043 0.1829 
 451 0.0044 0.0086 0.0106 0.1299 0.0889 0.0958 0.0689 0.1186 0.4743 
 452 0.0044 0.0079 0.0118 0.0805 0.0621 0.0626 0.1152 0.4505 0.2050 
 453 0.0042 0.0078 0.0122 0.0642 0.0822 0.3595 0.0954 0.1988 0.1757 
 454 0.0046 0.0173 0.0316 0.1492 0.0866 0.0953 0.1173 0.3121 0.1860 
 455 0.0044 0.0765 0.0130 0.1087 0.0512 0.1310 0.0766 0.3224 0.2161 
 456 0.0053 0.0167 0.0104 0.1494 0.0624 0.2225 0.0759 0.2549 0.2024 
 457 0.0050 0.0177 0.0119 0.1897 0.0673 0.0834 0.0912 0.3888 0.1449 
 458 0.0295 0.0125 0.0118 0.0573 0.0601 0.0673 0.0854 0.5156 0.1605 
 459 0.0043 0.0230 0.0161 0.1068 0.0483 0.0901 0.1526 0.3202 0.2387 
 460 0.0043 0.0170 0.0133 0.1160 0.0528 0.0820 0.0795 0.3128 0.3223 
 461 0.0054 0.0068 0.0119 0.1007 0.0539 0.0562 0.0841 0.2302 0.4508 
 462 0.0113 0.0119 0.0123 0.1533 0.1329 0.1124 0.0621 0.3077 0.1962 
 463 0.0042 0.0755 0.0142 0.1170 0.0876 0.2759 0.0910 0.2206 0.1140 
 464 0.0039 0.0185 0.0107 0.0920 0.0544 0.1554 0.0764 0.2383 0.3504 
 465 0.0056 0.0092 0.0128 0.0654 0.0801 0.1137 0.0852 0.3112 0.3167 
 466 0.0041 0.0175 0.0104 0.0930 0.0725 0.2383 0.0770 0.2173 0.2699 
 467 0.0048 0.0143 0.0165 0.1043 0.1019 0.1136 0.0989 0.3939 0.1518 
 468 0.0044 0.0621 0.0105 0.2477 0.0597 0.1447 0.0757 0.2680 0.1272 
 469 0.0043 0.1964 0.0123 0.0855 0.0473 0.0638 0.0789 0.3904 0.1211 
 470 0.0042 0.0834 0.0120 0.0907 0.0543 0.0771 0.0810 0.3147 0.2826 
 471 0.0060 0.0078 0.0101 0.0857 0.1183 0.1947 0.0861 0.2517 0.2396 
 472 0.0053 0.0062 0.0108 0.0777 0.0776 0.1403 0.0805 0.4121 0.1895 
 473 0.0043 0.0169 0.0162 0.1290 0.1107 0.1217 0.1189 0.3138 0.1684 
 474 0.0042 0.0071 0.0111 0.0763 0.0635 0.1055 0.1070 0.4317 0.1935 
 475 0.0045 0.0098 0.0126 0.0664 0.0798 0.1156 0.1374 0.2728 0.3012 
 476 0.0058 0.0105 0.0120 0.2779 0.0537 0.1134 0.0877 0.2702 0.1688 
 477 0.0056 0.0118 0.0146 0.1037 0.0594 0.1346 0.1133 0.2157 0.3413 
 478 0.0065 0.0106 0.0141 0.0699 0.0594 0.0762 0.0776 0.1656 0.5200 
 479 0.0041 0.0182 0.0117 0.1939 0.0550 0.0751 0.0788 0.3080 0.2552 
 480 0.0049 0.0177 0.0118 0.2354 0.0571 0.0747 0.0874 0.3453 0.1657 
 481 0.0054 0.0065 0.0095 0.0963 0.1722 0.1034 0.0859 0.3140 0.2066 
 482 0.0050 0.0091 0.0107 0.1575 0.0547 0.0642 0.0786 0.3268 0.2933 
 483 0.0050 0.0933 0.0156 0.0817 0.0535 0.0763 0.0924 0.3727 0.2095 
 484 0.0049 0.0677 0.0137 0.0715 0.0770 0.1850 0.0851 0.3643 0.1309 
 485 0.0046 0.2841 0.0133 0.0865 0.0533 0.0712 0.0785 0.2217 0.1867 
 486 0.0105 0.0056 0.0140 0.1270 0.1415 0.2599 0.1063 0.1146 0.2205 
 487 0.0090 0.0060 0.0219 0.1339 0.1025 0.1643 0.1921 0.1693 0.2011 
 488 0.0084 0.0058 0.0224 0.0775 0.1450 0.1210 0.1740 0.1290 0.3169 
 489 0.0079 0.0049 0.0163 0.1628 0.1358 0.2092 0.1792 0.1509 0.1330 
 490 0.0057 0.0059 0.0106 0.1179 0.0830 0.1945 0.0776 0.1371 0.3677 
 491 0.0101 0.0052 0.0151 0.0641 0.2598 0.1632 0.1839 0.1491 0.1494 
 492 0.0044 0.0054 0.0220 0.0559 0.0875 0.1526 0.2814 0.1229 0.2679 
 493 0.0117 0.0052 0.0209 0.1619 0.2036 0.1370 0.1418 0.1034 0.2144 
 494 0.0328 0.0095 0.0128 0.1011 0.1550 0.1849 0.1803 0.1402 0.1835 
 495 0.0251 0.0062 0.0192 0.0762 0.0767 0.1671 0.2021 0.0977 0.3296 
 496 0.0049 0.0063 0.0180 0.0648 0.1278 0.2001 0.2825 0.1506 0.1449 
 497 0.0241 0.0056 0.0266 0.0929 0.2472 0.1125 0.1842 0.1525 0.1544 
 498 0.0120 0.0062 0.0135 0.0891 0.1275 0.2045 0.1136 0.1415 0.2921 
 499 0.0194 0.0061 0.0212 0.1064 0.1220 0.1737 0.2742 0.1471 0.1299 
 500 0.0126 0.0087 0.0137 0.2508 0.1768 0.1316 0.1391 0.1232 0.1435 
 501 0.0089 0.0064 0.0131 0.1335 0.1254 0.0970 0.2600 0.1732 0.1826 
 502 0.0066 0.0059 0.0137 0.0542 0.1010 0.0756 0.2864 0.1922 0.2645 
 503 0.0060 0.0067 0.0109 0.1207 0.1298 0.0915 0.1032 0.3129 0.2181 
 504 0.0063 0.0059 0.0115 0.0592 0.0952 0.1683 0.1075 0.1425 0.4035 
 505 0.0078 0.0081 0.0110 0.0774 0.1770 0.2662 0.1684 0.1091 0.1750 
 506 0.0064 0.0049 0.0131 0.0532 0.1422 0.1173 0.2476 0.1421 0.2732 
 507 0.0057 0.0050 0.0184 0.0446 0.1039 0.2197 0.4024 0.1124 0.0879 
 508 0.0127 0.0053 0.0278 0.0474 0.0886 0.2412 0.3829 0.0861 0.1081 
 509 0.0067 0.0063 0.0137 0.0625 0.1800 0.2185 0.2384 0.1277 0.1462 
 510 0.0123 0.0051 0.0133 0.1613 0.1003 0.1071 0.3226 0.1160 0.1620 
 511 0.0097 0.0230 0.0111 0.1535 0.1328 0.1409 0.1198 0.1585 0.2506 
 512 0.0073 0.0060 0.0099 0.2108 0.1244 0.0797 0.0901 0.1849 0.2870 
 513 0.0162 0.0055 0.0141 0.0424 0.2266 0.2131 0.1274 0.0733 0.2814 
 514 0.0063 0.0063 0.0211 0.0681 0.1218 0.1140 0.1455 0.1221 0.3948 
 515 0.0093 0.0159 0.0174 0.1119 0.0799 0.1826 0.2213 0.2282 0.1334 
 516 0.0067 0.0072 0.0125 0.0514 0.1273 0.2162 0.1265 0.1343 0.3179 
 517 0.0057 0.0121 0.0172 0.0919 0.0918 0.2349 0.1959 0.1569 0.1936 
 518 0.0443 0.0051 0.0195 0.1665 0.1808 0.0860 0.2344 0.1299 0.1335 
 519 0.0045 0.0062 0.0120 0.0644 0.0835 0.1233 0.1527 0.1465 0.4069 
 520 0.0058 0.0632 0.0173 0.1144 0.0864 0.2181 0.2564 0.1421 0.0963 
 521 0.0046 0.0149 0.1550 0.0692 0.1786 0.1155 0.1781 0.0878 0.1962 
 522 0.0129 0.0084 0.0144 0.2531 0.0798 0.2201 0.1222 0.1337 0.1554 
 523 0.0064 0.0099 0.0302 0.0797 0.0754 0.3708 0.1776 0.0993 0.1509 
 524 0.0061 0.0792 0.0176 0.1211 0.1108 0.1464 0.1601 0.1976 0.1612 
 525 0.0490 0.0149 0.0200 0.1108 0.1118 0.1618 0.2358 0.1900 0.1058 
 526 0.0043 0.1613 0.0124 0.0761 0.0960 0.2501 0.1228 0.1832 0.0937 
 527 0.0486 0.0055 0.0128 0.1664 0.1174 0.0821 0.1276 0.1725 0.2669 
 528 0.0043 0.0052 0.0740 0.0583 0.1930 0.1164 0.3322 0.0930 0.1235 
 529 0.0643 0.0055 0.0189 0.0524 0.2348 0.1188 0.1768 0.1505 0.1779 
 530 0.0057 0.0086 0.0127 0.2187 0.0955 0.1659 0.1494 0.2043 0.1392 
 531 0.0060 0.0140 0.0543 0.0875 0.0809 0.1159 0.2871 0.2268 0.1274 
 532 0.0147 0.0057 0.0832 0.1385 0.1256 0.1294 0.2278 0.0957 0.1795 
 533 0.0440 0.0116 0.0156 0.1386 0.1749 0.1730 0.1366 0.1698 0.1359 
 534 0.0620 0.0061 0.0168 0.0479 0.1309 0.3033 0.1895 0.0800 0.1635 
 535 0.0043 0.0109 0.0132 0.0881 0.0922 0.2902 0.1203 0.1736 0.2071 
 536 0.0051 0.0166 0.0144 0.0554 0.1441 0.1245 0.2077 0.2793 0.1529 
 537 0.0055 0.0081 0.0361 0.0561 0.1203 0.2717 0.2133 0.1596 0.1292 
 538 0.0042 0.0102 0.0134 0.0815 0.1984 0.2325 0.2114 0.1294 0.1189 
 539 0.0041 0.0046 0.0128 0.0555 0.1229 0.1368 0.4817 0.0872 0.0944 
 540 0.0047 0.0209 0.1422 0.0829 0.1997 0.1999 0.1091 0.1380 0.1026 
 541 0.0063 0.0103 0.1244 0.0637 0.1098 0.1212 0.2315 0.2209 0.1120 
 542 0.0052 0.0108 0.0105 0.0562 0.1747 0.2268 0.0943 0.3183 0.1032 
 543 0.0066 0.0192 0.1547 0.0598 0.0967 0.2400 0.1416 0.1165 0.1649 
 544 0.0042 0.0086 0.0223 0.0664 0.0982 0.3765 0.1142 0.1940 0.1157 
 545 0.0049 0.0482 0.0127 0.0729 0.0977 0.3275 0.0822 0.2063 0.1477 
 546 0.0052 0.0057 0.0254 0.0550 0.2219 0.2331 0.1226 0.2278 0.1032 
 547 0.0047 0.0121 0.0159 0.0527 0.0635 0.4432 0.1608 0.1242 0.1228 
 548 0.0048 0.0048 0.0133 0.0630 0.3502 0.0913 0.2669 0.0905 0.1152 
 549 0.0055 0.0179 0.0165 0.0418 0.0591 0.1653 0.2963 0.2882 0.1095 
 550 0.0040 0.0428 0.0103 0.1344 0.0771 0.2788 0.1135 0.1504 0.1887 
 551 0.0056 0.0087 0.0197 0.0461 0.0709 0.1321 0.3647 0.2226 0.1296 
 552 0.0044 0.0054 0.0128 0.0580 0.2278 0.2376 0.1919 0.1619 0.1002 
 553 0.0071 0.0132 0.0622 0.0607 0.0890 0.3913 0.1674 0.0860 0.1231 
 554 0.0062 0.0183 0.1667 0.1644 0.1743 0.1276 0.0886 0.1278 0.1261 
 555 0.0082 0.0091 0.0335 0.0718 0.1404 0.2415 0.2708 0.0943 0.1304 
 556 0.0047 0.0062 0.0229 0.0602 0.2056 0.2600 0.1492 0.1613 0.1299 
 557 0.0047 0.0459 0.0286 0.1085 0.0760 0.1667 0.1480 0.2249 0.1968 
 558 0.0051 0.0097 0.0108 0.1370 0.0486 0.0588 0.0812 0.3590 0.2898 
 559 0.0050 0.0052 0.0153 0.0673 0.2544 0.1550 0.0952 0.1503 0.2524 
 560 0.0040 0.0168 0.0091 0.0531 0.0974 0.0661 0.0633 0.2401 0.4502 
 561 0.0048 0.0074 0.0109 0.0680 0.0974 0.1186 0.0807 0.3217 0.2904 
 562 0.0058 0.0115 0.0104 0.1403 0.1418 0.1373 0.0633 0.1472 0.3423 
 563 0.0058 0.0088 0.0127 0.0494 0.0564 0.1219 0.2019 0.1935 0.3495 
 564 0.0075 0.0100 0.0343 0.1193 0.3066 0.1805 0.1002 0.0982 0.1434 
 565 0.0041 0.0134 0.0106 0.0794 0.0667 0.0634 0.0832 0.5370 0.1422 
 566 0.0039 0.0104 0.0102 0.1758 0.0678 0.0738 0.0682 0.1264 0.4636 
 567 0.0058 0.0073 0.0111 0.1184 0.3573 0.1192 0.0822 0.0965 0.2023 
 568 0.0043 0.0089 0.0135 0.0656 0.1408 0.1475 0.1052 0.2219 0.2924 
 569 0.0054 0.0098 0.0332 0.2897 0.0872 0.1533 0.1052 0.1293 0.1867 
 570 0.0050 0.0077 0.0112 0.4337 0.0839 0.0575 0.0736 0.1301 0.1975 
 571 0.0042 0.0123 0.0154 0.0867 0.1087 0.0895 0.1020 0.1154 0.4659 
 572 0.0040 0.0083 0.0151 0.1048 0.0787 0.3670 0.1795 0.1269 0.1157 
 573 0.0056 0.0650 0.0231 0.1303 0.2822 0.1069 0.1076 0.1295 0.1498 
 574 0.0055 0.0090 0.0307 0.2667 0.0920 0.1148 0.1640 0.1873 0.1300 
 575 0.0044 0.0074 0.0127 0.0625 0.1177 0.0964 0.1735 0.2037 0.3215 
 576 0.0054 0.0103 0.0114 0.1265 0.0874 0.0647 0.0701 0.1484 0.4757 
 577 0.0060 0.0060 0.0142 0.1632 0.0973 0.1067 0.1652 0.2492 0.1921 
 578 0.0045 0.0156 0.0158 0.1228 0.1188 0.0987 0.0951 0.1863 0.3424 
 579 0.0061 0.0072 0.0209 0.0722 0.1739 0.1009 0.0801 0.3303 0.2084 
