   1 0.2700 0.1184 0.1217 0.2425 0.2474 
   2 0.0324 0.0303 0.0250 0.0901 0.8222 
   3 0.1430 0.3408 0.1257 0.2164 0.1742 
   4 0.5676 0.0514 0.0842 0.1274 0.1693 
   5 0.0322 0.0402 0.0270 0.1002 0.8005 
   6 0.0407 0.5892 0.0221 0.1391 0.2089 
   7 0.0432 0.1012 0.0206 0.6225 0.2125 
   8 0.3212 0.2218 0.0575 0.1998 0.1996 
   9 0.0834 0.1348 0.0622 0.3187 0.4010 
  10 0.1451 0.1597 0.0237 0.2910 0.3805 
  11 0.0421 0.0845 0.0236 0.6980 0.1517 
  12 0.0478 0.0425 0.0290 0.1013 0.7793 
  13 0.0617 0.0816 0.0304 0.2009 0.6254 
  14 0.0829 0.0955 0.1509 0.1331 0.5376 
  15 0.1630 0.1130 0.0670 0.1669 0.4900 
  16 0.0709 0.2754 0.0570 0.3173 0.2794 
  17 0.0508 0.1561 0.0397 0.1320 0.6214 
  18 0.0712 0.2959 0.0410 0.1436 0.4484 
  19 0.0513 0.2817 0.0241 0.1716 0.4713 
  20 0.0652 0.1361 0.0742 0.2529 0.4716 
  21 0.1527 0.0620 0.1056 0.1333 0.5463 
  22 0.0828 0.4813 0.0376 0.1472 0.2511 
  23 0.1796 0.0572 0.3088 0.1559 0.2984 
  24 0.1734 0.1868 0.0643 0.1618 0.4136 
  25 0.0313 0.1780 0.0343 0.3158 0.4406 
  26 0.0860 0.1471 0.0410 0.1105 0.6154 
  27 0.0864 0.1118 0.0807 0.2164 0.5046 
  28 0.2938 0.1020 0.0376 0.2779 0.2887 
  29 0.0556 0.0488 0.0686 0.3001 0.5269 
  30 0.0629 0.4755 0.0586 0.1425 0.2604 
  31 0.1066 0.0852 0.0523 0.1806 0.5753 
  32 0.1616 0.1714 0.0825 0.1880 0.3965 
  33 0.1275 0.1404 0.2040 0.3965 0.1317 
  34 0.0785 0.1542 0.0300 0.6030 0.1342 
  35 0.0470 0.1291 0.1264 0.2067 0.4907 
  36 0.0429 0.0921 0.6420 0.0967 0.1263 
  37 0.1451 0.0510 0.0857 0.1666 0.5516 
  38 0.0307 0.3295 0.2431 0.2739 0.1228 
  39 0.0502 0.1247 0.1498 0.4620 0.2133 
  40 0.0917 0.0742 0.5350 0.0799 0.2192 
  41 0.0296 0.0853 0.5392 0.2561 0.0898 
  42 0.1960 0.0605 0.5563 0.1026 0.0847 
  43 0.0683 0.0388 0.4866 0.1654 0.2408 
  44 0.0311 0.1084 0.5364 0.1998 0.1243 
  45 0.0319 0.0856 0.3409 0.1986 0.3429 
  46 0.0453 0.1919 0.0943 0.3357 0.3328 
  47 0.0645 0.1452 0.0455 0.2117 0.5331 
  48 0.0331 0.1370 0.5369 0.1145 0.1785 
  49 0.0630 0.1214 0.1885 0.3184 0.3087 
  50 0.0896 0.1403 0.0570 0.5323 0.1807 
  51 0.0257 0.0284 0.8236 0.0571 0.0652 
  52 0.0803 0.1037 0.1452 0.4895 0.1813 
  53 0.0728 0.4478 0.1104 0.2662 0.1027 
  54 0.0631 0.0278 0.0684 0.1046 0.7361 
  55 0.0471 0.0338 0.3185 0.1107 0.4898 
  56 0.0616 0.2117 0.3080 0.1177 0.3009 
  57 0.1206 0.0941 0.0239 0.1429 0.6185 
  58 0.0602 0.0469 0.2821 0.1787 0.4321 
  59 0.0482 0.1312 0.3965 0.2018 0.2223 
  60 0.0815 0.0443 0.6122 0.0857 0.1763 
  61 0.0955 0.0182 0.3097 0.1047 0.4719 
  62 0.0515 0.1186 0.0404 0.2220 0.5674 
  63 0.0928 0.0397 0.3394 0.3494 0.1787 
  64 0.0364 0.4136 0.0410 0.2004 0.3085 
  65 0.0287 0.0356 0.0382 0.6616 0.2359 
  66 0.1035 0.0281 0.0876 0.1331 0.6478 
  67 0.0414 0.0263 0.2493 0.1827 0.5002 
  68 0.0608 0.1209 0.4132 0.1825 0.2226 
  69 0.1284 0.2501 0.1677 0.3306 0.1232 
  70 0.0476 0.0392 0.6696 0.1514 0.0922 
  71 0.0244 0.0738 0.5303 0.1655 0.2060 
  72 0.0406 0.2281 0.1820 0.3470 0.2023 
  73 0.0319 0.0292 0.2024 0.1817 0.5548 
  74 0.0855 0.1331 0.5498 0.0986 0.1331 
  75 0.0809 0.0653 0.6035 0.0613 0.1890 
  76 0.0505 0.0366 0.2869 0.4152 0.2108 
  77 0.0277 0.0610 0.5574 0.2318 0.1221 
  78 0.0292 0.1180 0.5651 0.1856 0.1021 
  79 0.0435 0.0637 0.0201 0.5172 0.3555 
  80 0.5076 0.0389 0.0241 0.1893 0.2401 
  81 0.3324 0.0486 0.0193 0.2560 0.3438 
  82 0.0886 0.0352 0.1045 0.1933 0.5784 
  83 0.2530 0.1074 0.0574 0.3136 0.2686 
  84 0.2039 0.0511 0.0359 0.4194 0.2898 
  85 0.2571 0.1560 0.0474 0.1751 0.3644 
  86 0.0413 0.0426 0.0737 0.1787 0.6637 
  87 0.0518 0.0531 0.0430 0.6292 0.2229 
  88 0.2057 0.0356 0.0471 0.2310 0.4806 
  89 0.2100 0.0288 0.0316 0.1378 0.5918 
  90 0.0576 0.0326 0.0291 0.5747 0.3061 
  91 0.5162 0.0834 0.0562 0.1468 0.1974 
  92 0.0731 0.0491 0.0307 0.2587 0.5884 
  93 0.7732 0.0241 0.0258 0.0712 0.1057 
  94 0.0435 0.0596 0.0375 0.7835 0.0758 
  95 0.1486 0.0242 0.0442 0.5122 0.2708 
  96 0.1687 0.0207 0.4860 0.0910 0.2337 
  97 0.1154 0.1316 0.3614 0.0847 0.3070 
  98 0.0791 0.0558 0.3546 0.1841 0.3264 
  99 0.1716 0.0363 0.0279 0.4343 0.3299 
 100 0.4832 0.0207 0.0422 0.0653 0.3885 
 101 0.0660 0.0547 0.0926 0.2829 0.5039 
 102 0.3414 0.0393 0.1609 0.2963 0.1621 
 103 0.0988 0.0248 0.0592 0.3064 0.5108 
 104 0.0714 0.0274 0.0478 0.6675 0.1860 
 105 0.1034 0.0210 0.0680 0.4494 0.3582 
 106 0.0221 0.0510 0.0331 0.7900 0.1038 
 107 0.1096 0.0238 0.0586 0.5106 0.2975 
 108 0.0362 0.1347 0.4081 0.1006 0.3203 
 109 0.0233 0.0572 0.0531 0.5860 0.2804 
 110 0.0254 0.0492 0.0269 0.8104 0.0881 
 111 0.0361 0.0206 0.0288 0.7887 0.1259 
 112 0.0258 0.0243 0.0387 0.8274 0.0838 
 113 0.0528 0.0635 0.0889 0.1719 0.6230 
 114 0.0943 0.0231 0.0391 0.6458 0.1976 
 115 0.0442 0.0312 0.1724 0.6087 0.1436 
 116 0.0253 0.0681 0.1465 0.5287 0.2314 
 117 0.0344 0.0363 0.0386 0.7987 0.0919 
 118 0.0326 0.0295 0.0422 0.1994 0.6962 
 119 0.1605 0.0275 0.5609 0.1297 0.1214 
 120 0.0492 0.0299 0.0772 0.6279 0.2159 
 121 0.0321 0.0300 0.1957 0.6036 0.1387 
 122 0.0312 0.0383 0.0288 0.7653 0.1364 
 123 0.0477 0.0331 0.0459 0.7308 0.1426 
 124 0.0329 0.0596 0.0910 0.6915 0.1250 
 125 0.0429 0.1295 0.0828 0.6439 0.1008 
 126 0.0554 0.0355 0.1010 0.6753 0.1327 
 127 0.0386 0.0197 0.0347 0.7695 0.1375 
 128 0.0347 0.0236 0.0426 0.2006 0.6985 
 129 0.0275 0.0225 0.0477 0.4948 0.4075 
 130 0.0995 0.0248 0.0289 0.5864 0.2604 
 131 0.0270 0.1307 0.1558 0.5833 0.1033 
 132 0.0249 0.0348 0.0325 0.7244 0.1835 
 133 0.0527 0.0259 0.0653 0.6443 0.2118 
 134 0.0189 0.0272 0.0188 0.8625 0.0726 
 135 0.3386 0.0290 0.1648 0.0710 0.3965 
 136 0.6699 0.0367 0.0240 0.0495 0.2199 
 137 0.7477 0.0242 0.0222 0.0941 0.1118 
 138 0.7746 0.0352 0.0357 0.0555 0.0990 
 139 0.1605 0.0347 0.1175 0.0716 0.6157 
 140 0.4734 0.0425 0.0901 0.1757 0.2184 
 141 0.6181 0.0679 0.0353 0.0662 0.2125 
 142 0.4262 0.0253 0.2104 0.0714 0.2667 
 143 0.8298 0.0204 0.0237 0.0431 0.0830 
 144 0.7587 0.0210 0.0250 0.0892 0.1061 
 145 0.3240 0.0735 0.0535 0.0700 0.4790 
 146 0.4620 0.0494 0.0676 0.1705 0.2505 
 147 0.8300 0.0239 0.0197 0.0445 0.0819 
 148 0.5232 0.0374 0.0698 0.1094 0.2601 
 149 0.6919 0.0329 0.0615 0.0595 0.1542 
 150 0.5126 0.0266 0.0345 0.1529 0.2734 
 151 0.7415 0.0230 0.0319 0.0657 0.1379 
 152 0.4319 0.0680 0.1335 0.0873 0.2794 
 153 0.7005 0.0356 0.0665 0.0866 0.1107 
 154 0.6275 0.0339 0.0393 0.0514 0.2479 
 155 0.7895 0.0224 0.0277 0.0637 0.0967 
 156 0.6202 0.0178 0.1440 0.0855 0.1325 
 157 0.6594 0.0270 0.0381 0.1939 0.0817 
 158 0.4426 0.0775 0.0416 0.0697 0.3685 
 159 0.8156 0.0217 0.0194 0.0444 0.0989 
 160 0.7655 0.0229 0.0202 0.0446 0.1468 
 161 0.6122 0.0431 0.0657 0.1097 0.1693 
 162 0.3137 0.0521 0.0634 0.1385 0.4324 
 163 0.8005 0.0191 0.0381 0.0585 0.0838 
 164 0.3206 0.0371 0.0318 0.1111 0.4993 
 165 0.6257 0.0232 0.0303 0.1434 0.1773 
 166 0.5040 0.0478 0.1186 0.1945 0.1351 
 167 0.5929 0.0560 0.0266 0.0764 0.2481 
 168 0.6696 0.0655 0.0731 0.0760 0.1158 
 169 0.2493 0.3415 0.0718 0.0697 0.2678 
 170 0.5940 0.0231 0.1285 0.0768 0.1777 
 171 0.4437 0.0762 0.0754 0.1015 0.3031 
 172 0.4292 0.1058 0.2595 0.0657 0.1398 
 173 0.7165 0.0228 0.0253 0.0453 0.1901 
 174 0.7672 0.0249 0.0220 0.0664 0.1195 
 175 0.7645 0.0367 0.0330 0.0478 0.1180 
 176 0.7600 0.0212 0.0246 0.0887 0.1054 
 177 0.5043 0.0449 0.0593 0.2538 0.1376 
 178 0.6441 0.0463 0.0243 0.0772 0.2080 
 179 0.8162 0.0237 0.0207 0.0456 0.0939 
 180 0.5751 0.0581 0.0518 0.1057 0.2092 
 181 0.4153 0.0405 0.0682 0.0655 0.4105 
 182 0.5321 0.0206 0.0448 0.0478 0.3547 
 183 0.7632 0.0254 0.0256 0.0474 0.1384 
 184 0.0331 0.0442 0.0281 0.0788 0.8158 
 185 0.6983 0.0190 0.1200 0.0478 0.1148 
 186 0.0367 0.0345 0.0337 0.1893 0.7059 
 187 0.1450 0.0322 0.0342 0.0705 0.7181 
 188 0.0279 0.0275 0.0305 0.1617 0.7524 
 189 0.1997 0.1876 0.0619 0.1028 0.4480 
 190 0.1710 0.0156 0.4656 0.0466 0.3012 
 191 0.0483 0.0240 0.0230 0.0694 0.8353 
 192 0.1855 0.0316 0.0400 0.1350 0.6078 
 193 0.1187 0.0369 0.0537 0.0868 0.7039 
 194 0.1754 0.0286 0.1062 0.1504 0.5394 
 195 0.2790 0.0200 0.0746 0.0528 0.5736 
 196 0.1312 0.0228 0.2810 0.0725 0.4925 
 197 0.0750 0.0709 0.0470 0.1231 0.6840 
 198 0.1115 0.0545 0.0633 0.1950 0.5757 
 199 0.0948 0.0273 0.2617 0.0660 0.5502 
 200 0.0990 0.0445 0.1570 0.0864 0.6130 
 201 0.4485 0.0262 0.0634 0.0632 0.3986 
 202 0.4595 0.0206 0.1547 0.0706 0.2945 
 203 0.3563 0.0212 0.0430 0.0557 0.5239 
 204 0.0915 0.0172 0.0609 0.0540 0.7764 
 205 0.0631 0.0271 0.0643 0.0687 0.7768 
 206 0.0731 0.0215 0.0411 0.0531 0.8112 
 207 0.0492 0.0192 0.0727 0.0704 0.7885 
 208 0.2034 0.0206 0.0882 0.0639 0.6238 
 209 0.0779 0.0254 0.0396 0.0766 0.7806 
 210 0.1085 0.0203 0.0507 0.0749 0.7456 
 211 0.1089 0.0190 0.3282 0.0887 0.4552 
 212 0.4871 0.0367 0.0739 0.0681 0.3341 
 213 0.0826 0.0263 0.2537 0.2123 0.4252 
 214 0.4739 0.0240 0.0837 0.0603 0.3580 
 215 0.0425 0.0260 0.0479 0.0713 0.8124 
 216 0.0459 0.0547 0.0386 0.1010 0.7597 
 217 0.3119 0.0365 0.0850 0.0539 0.5127 
 218 0.0655 0.0264 0.0311 0.0641 0.8130 
 219 0.1205 0.0910 0.0347 0.0778 0.6761 
 220 0.0510 0.0187 0.0312 0.0618 0.8373 
 221 0.6252 0.0176 0.1787 0.0433 0.1353 
 222 0.0694 0.0845 0.0344 0.1055 0.7062 
 223 0.2479 0.0518 0.0478 0.0840 0.5685 
 224 0.2019 0.0224 0.0435 0.0572 0.6750 
 225 0.0953 0.0231 0.0696 0.0667 0.7453 
 226 0.0885 0.1419 0.0675 0.0706 0.6316 
 227 0.1511 0.0213 0.1489 0.0683 0.6105 
 228 0.2428 0.0187 0.1452 0.0530 0.5403 
 229 0.2399 0.0233 0.0276 0.0665 0.6427 
 230 0.1633 0.0191 0.0330 0.0587 0.7258 
 231 0.1616 0.0305 0.0258 0.0612 0.7208 
 232 0.1706 0.0347 0.1032 0.1235 0.5681 
 233 0.5557 0.0258 0.0519 0.0610 0.3055 
 234 0.1186 0.0415 0.0353 0.1195 0.6851 
 235 0.1897 0.0502 0.0754 0.0720 0.6127 
 236 0.2814 0.0334 0.0489 0.0742 0.5622 
 237 0.0568 0.0204 0.0579 0.0658 0.7992 
 238 0.4733 0.0279 0.0956 0.1009 0.3023 
 239 0.2776 0.0197 0.0730 0.0520 0.5777 
 240 0.4741 0.0274 0.0969 0.0985 0.3030 
 241 0.4163 0.0249 0.0787 0.0597 0.4203 
 242 0.1021 0.0521 0.0414 0.0820 0.7225 
 243 0.1348 0.0174 0.2488 0.0549 0.5441 
 244 0.2662 0.0202 0.0417 0.0567 0.6152 
 245 0.7036 0.0201 0.0748 0.0686 0.1329 
 246 0.3161 0.0373 0.0826 0.0544 0.5096 
 247 0.0380 0.0381 0.0988 0.4505 0.3746 
 248 0.0352 0.0245 0.0535 0.0879 0.7989 
 249 0.2933 0.0211 0.0585 0.0682 0.5589 
 250 0.1688 0.0266 0.0358 0.0749 0.6939 
 251 0.0634 0.0841 0.0598 0.1139 0.6788 
 252 0.1503 0.0277 0.0582 0.0720 0.6918 
 253 0.0566 0.0456 0.1273 0.1360 0.6345 
 254 0.0728 0.0499 0.0366 0.0893 0.7515 
 255 0.1178 0.0319 0.0347 0.0872 0.7285 
 256 0.2059 0.0263 0.1037 0.0654 0.5987 
 257 0.0888 0.0267 0.0678 0.0789 0.7378 
 258 0.0833 0.0295 0.1265 0.1506 0.6100 
 259 0.0804 0.0246 0.0424 0.0710 0.7816 
 260 0.2076 0.0695 0.0373 0.1069 0.5788 
 261 0.2884 0.0312 0.0907 0.0700 0.5197 
 262 0.2910 0.0224 0.2315 0.0454 0.4099 
 263 0.0462 0.0254 0.0370 0.0668 0.8246 
 264 0.0288 0.2439 0.0429 0.1824 0.5019 
 265 0.1085 0.0451 0.0418 0.0684 0.7362 
 266 0.6443 0.0183 0.1124 0.0456 0.1794 
 267 0.1202 0.0316 0.0524 0.0800 0.7158 
 268 0.1292 0.0221 0.2904 0.0721 0.4862 
 269 0.1441 0.1301 0.0353 0.0936 0.5969 
 270 0.0447 0.0368 0.0327 0.0950 0.7908 
 271 0.0579 0.0287 0.0773 0.0907 0.7454 
 272 0.0646 0.0932 0.1281 0.0739 0.6402 
 273 0.1668 0.0734 0.0684 0.1024 0.5890 
 274 0.0692 0.0476 0.0424 0.0785 0.7623 
 275 0.0923 0.0714 0.0440 0.0626 0.7297 
 276 0.0525 0.0743 0.1897 0.0784 0.6050 
 277 0.1715 0.0490 0.0403 0.0819 0.6573 
 278 0.0560 0.0260 0.0854 0.0679 0.7647 
 279 0.1039 0.0353 0.0464 0.0743 0.7400 
 280 0.0903 0.0879 0.0682 0.0784 0.6753 
 281 0.0726 0.0300 0.0435 0.0936 0.7602 
 282 0.4112 0.0494 0.0375 0.0878 0.4141 
 283 0.4934 0.0271 0.0430 0.0804 0.3561 
 284 0.1987 0.0318 0.0848 0.1373 0.5474 
 285 0.0262 0.0318 0.0918 0.1192 0.7310 
 286 0.2695 0.0200 0.0434 0.0560 0.6111 
 287 0.1076 0.0610 0.0355 0.0900 0.7060 
 288 0.0557 0.0770 0.0506 0.0664 0.7503 
 289 0.0805 0.0637 0.0913 0.1371 0.6274 
 290 0.0763 0.0993 0.2327 0.1566 0.4350 
 291 0.0580 0.0292 0.0779 0.0900 0.7449 
 292 0.1319 0.0727 0.1584 0.0725 0.5645 
 293 0.0545 0.1484 0.2231 0.2478 0.3262 
 294 0.0405 0.0272 0.0495 0.0642 0.8186 
 295 0.1052 0.0912 0.1227 0.1087 0.5721 
 296 0.0526 0.0222 0.0457 0.0678 0.8116 
 297 0.0521 0.0813 0.0441 0.0866 0.7360 
 298 0.2556 0.0362 0.0300 0.0917 0.5865 
 299 0.0448 0.0306 0.0253 0.0722 0.8272 
 300 0.0367 0.0272 0.0490 0.0735 0.8136 
 301 0.0444 0.0645 0.0332 0.0785 0.7794 
 302 0.0438 0.0287 0.0850 0.0675 0.7750 
 303 0.2319 0.0373 0.0640 0.0784 0.5884 
 304 0.3216 0.0794 0.0377 0.1575 0.4037 
 305 0.1401 0.0233 0.0647 0.0484 0.7234 
 306 0.3040 0.0535 0.0708 0.0602 0.5115 
 307 0.1245 0.0364 0.0584 0.0788 0.7018 
 308 0.2879 0.0315 0.0896 0.0704 0.5206 
 309 0.0613 0.0315 0.0698 0.1020 0.7354 
 310 0.2105 0.0206 0.1192 0.0558 0.5939 
 311 0.1619 0.0190 0.0329 0.0588 0.7275 
 312 0.0550 0.0179 0.0534 0.0824 0.7912 
 313 0.0366 0.0195 0.1323 0.0673 0.7442 
 314 0.8345 0.0210 0.0321 0.0438 0.0686 
 315 0.7869 0.0346 0.0531 0.0573 0.0682 
 316 0.7747 0.0540 0.0338 0.0604 0.0770 
 317 0.8494 0.0226 0.0198 0.0429 0.0653 
 318 0.8521 0.0251 0.0161 0.0430 0.0637 
 319 0.8199 0.0212 0.0226 0.0427 0.0936 
 320 0.8355 0.0214 0.0325 0.0429 0.0676 
 321 0.8420 0.0263 0.0183 0.0454 0.0680 
 322 0.7625 0.0463 0.0510 0.0599 0.0804 
 323 0.8437 0.0253 0.0166 0.0425 0.0719 
 324 0.8429 0.0264 0.0185 0.0444 0.0678 
 325 0.8043 0.0462 0.0281 0.0584 0.0630 
 326 0.8058 0.0495 0.0291 0.0570 0.0586 
 327 0.8483 0.0227 0.0200 0.0430 0.0660 
 328 0.7795 0.0407 0.0408 0.0606 0.0785 
 329 0.8496 0.0227 0.0174 0.0429 0.0674 
 330 0.8468 0.0234 0.0199 0.0435 0.0664 
 331 0.8431 0.0221 0.0170 0.0428 0.0749 
 332 0.7869 0.0641 0.0277 0.0583 0.0631 
 333 0.8043 0.0418 0.0328 0.0553 0.0658 
 334 0.7798 0.0406 0.0402 0.0606 0.0788 
 335 0.8002 0.0347 0.0418 0.0572 0.0661 
 336 0.8368 0.0287 0.0238 0.0440 0.0667 
 337 0.7891 0.0486 0.0354 0.0607 0.0662 
 338 0.8478 0.0268 0.0156 0.0437 0.0661 
 339 0.8439 0.0223 0.0169 0.0425 0.0745 
 340 0.8492 0.0201 0.0180 0.0411 0.0716 
 341 0.8335 0.0239 0.0184 0.0421 0.0820 
 342 0.8481 0.0230 0.0196 0.0435 0.0658 
 343 0.7612 0.0404 0.0712 0.0586 0.0686 
 344 0.8545 0.0216 0.0160 0.0425 0.0654 
 345 0.8476 0.0229 0.0196 0.0435 0.0663 
 346 0.8564 0.0222 0.0168 0.0419 0.0626 
 347 0.8577 0.0195 0.0175 0.0414 0.0640 
 348 0.7593 0.0293 0.0863 0.0564 0.0686 
 349 0.8486 0.0230 0.0197 0.0427 0.0659 
 350 0.8149 0.0213 0.0268 0.0432 0.0938 
 351 0.8003 0.0343 0.0418 0.0573 0.0664 
 352 0.7967 0.0408 0.0407 0.0578 0.0640 
 353 0.8370 0.0281 0.0237 0.0442 0.0671 
 354 0.8357 0.0234 0.0168 0.0437 0.0804 
 355 0.8523 0.0254 0.0163 0.0429 0.0631 
 356 0.7303 0.0288 0.1119 0.0565 0.0725 
 357 0.4759 0.1970 0.0341 0.1487 0.1442 
 358 0.8044 0.0443 0.0284 0.0580 0.0649 
 359 0.8406 0.0229 0.0165 0.0437 0.0764 
 360 0.8566 0.0223 0.0170 0.0420 0.0621 
 361 0.4074 0.1893 0.0531 0.1616 0.1886 
 362 0.0480 0.1208 0.0592 0.4224 0.3497 
 363 0.0354 0.1865 0.0664 0.5471 0.1646 
 364 0.1770 0.2459 0.0438 0.1138 0.4195 
 365 0.0406 0.4129 0.0396 0.1948 0.3122 
 366 0.0951 0.2735 0.2491 0.1273 0.2550 
 367 0.0236 0.0531 0.0208 0.8269 0.0757 
 368 0.0415 0.0448 0.0229 0.3382 0.5525 
 369 0.2280 0.1079 0.2462 0.1906 0.2272 
 370 0.0516 0.0517 0.0452 0.3062 0.5453 
 371 0.0728 0.1225 0.0547 0.1860 0.5640 
 372 0.0655 0.0491 0.0463 0.1410 0.6981 
 373 0.0913 0.0829 0.0318 0.4721 0.3219 
 374 0.2672 0.1321 0.0449 0.2838 0.2720 
 375 0.0337 0.1476 0.0248 0.5006 0.2932 
 376 0.0274 0.6237 0.0253 0.2432 0.0804 
 377 0.0504 0.2046 0.0529 0.2459 0.4463 
 378 0.1781 0.0276 0.0323 0.5839 0.1782 
 379 0.0250 0.6324 0.0340 0.2305 0.0781 
 380 0.0901 0.5789 0.0805 0.0763 0.1742 
 381 0.0942 0.5825 0.1102 0.0813 0.1318 
 382 0.0366 0.1326 0.0211 0.6602 0.1495 
 383 0.0708 0.7217 0.0229 0.0576 0.1270 
 384 0.0791 0.4637 0.0296 0.1658 0.2618 
 385 0.1051 0.0722 0.0178 0.2234 0.5816 
 386 0.0321 0.0980 0.0310 0.7117 0.1272 
 387 0.0420 0.1444 0.0366 0.6014 0.1756 
 388 0.1704 0.0973 0.0278 0.2332 0.4713 
 389 0.0360 0.0392 0.1018 0.1030 0.7199 
 390 0.0366 0.1240 0.1881 0.5343 0.1169 
 391 0.0731 0.0905 0.1581 0.3274 0.3508 
 392 0.0877 0.3203 0.0335 0.3250 0.2335 
 393 0.0695 0.6063 0.1165 0.1152 0.0925 
 394 0.2316 0.1030 0.0375 0.3977 0.2302 
 395 0.0388 0.1041 0.3366 0.3221 0.1985 
 396 0.0260 0.1000 0.0238 0.5802 0.2700 
 397 0.0671 0.0840 0.0323 0.0803 0.7363 
 398 0.0276 0.3203 0.0408 0.5127 0.0986 
 399 0.0360 0.0744 0.0932 0.6642 0.1322 
 400 0.0558 0.1261 0.0351 0.6568 0.1262 
 401 0.0560 0.0327 0.0897 0.7047 0.1169 
 402 0.0509 0.0996 0.1220 0.2268 0.5007 
 403 0.2517 0.0707 0.0351 0.1724 0.4700 
 404 0.0738 0.1419 0.0439 0.3742 0.3662 
 405 0.0650 0.2472 0.0793 0.2490 0.3595 
 406 0.0549 0.1251 0.6726 0.0632 0.0842 
 407 0.0261 0.5816 0.0282 0.2493 0.1147 
 408 0.0240 0.0237 0.1403 0.6296 0.1823 
 409 0.1525 0.0856 0.5363 0.1319 0.0936 
 410 0.0771 0.2353 0.0501 0.4296 0.2079 
 411 0.1423 0.3286 0.1003 0.3020 0.1268 
 412 0.0389 0.0570 0.0226 0.4795 0.4020 
 413 0.1321 0.0417 0.0328 0.4729 0.3205 
 414 0.0265 0.0588 0.0247 0.5726 0.3175 
 415 0.0429 0.3852 0.0918 0.3588 0.1213 
 416 0.0865 0.0956 0.0634 0.4878 0.2666 
 417 0.0364 0.4294 0.0310 0.3729 0.1304 
 418 0.0311 0.0623 0.0186 0.7253 0.1627 
 419 0.1531 0.0935 0.1282 0.3364 0.2888 
 420 0.0334 0.0322 0.2035 0.6330 0.0979 
 421 0.0458 0.1410 0.0361 0.5552 0.2219 
 422 0.0365 0.1960 0.1616 0.1568 0.4491 
 423 0.0518 0.3239 0.0599 0.3353 0.2292 
 424 0.0560 0.0528 0.1259 0.6665 0.0988 
 425 0.0672 0.1503 0.0369 0.2039 0.5416 
 426 0.0749 0.1492 0.0362 0.5478 0.1919 
 427 0.1054 0.2612 0.0558 0.4940 0.0836 
 428 0.0966 0.2939 0.1567 0.1268 0.3259 
 429 0.0238 0.1468 0.0202 0.7338 0.0754 
 430 0.0331 0.4429 0.0459 0.3478 0.1303 
 431 0.0558 0.0721 0.0425 0.4361 0.3935 
 432 0.0463 0.0499 0.0284 0.3783 0.4971 
 433 0.2176 0.0361 0.0696 0.1697 0.5070 
 434 0.0812 0.0963 0.0511 0.2075 0.5638 
 435 0.0264 0.4443 0.0519 0.3896 0.0877 
 436 0.0505 0.4818 0.0621 0.3479 0.0576 
 437 0.0292 0.6642 0.0242 0.1632 0.1193 
 438 0.0554 0.1416 0.4514 0.2738 0.0778 
 439 0.0391 0.6319 0.0336 0.2347 0.0608 
 440 0.0217 0.6267 0.0350 0.2518 0.0648 
 441 0.0881 0.2926 0.0470 0.4325 0.1397 
 442 0.0309 0.1141 0.0484 0.6864 0.1202 
 443 0.0264 0.0595 0.1255 0.7081 0.0805 
 444 0.0317 0.2316 0.0710 0.5561 0.1097 
 445 0.1034 0.2486 0.3062 0.1965 0.1453 
 446 0.0315 0.2851 0.0394 0.5681 0.0760 
 447 0.0653 0.3772 0.1507 0.2338 0.1730 
 448 0.0325 0.3995 0.0411 0.3611 0.1658 
 449 0.0534 0.4545 0.0510 0.2357 0.2054 
 450 0.0695 0.4719 0.0209 0.2804 0.1573 
 451 0.0223 0.0593 0.0421 0.7287 0.1477 
 452 0.0545 0.5107 0.0220 0.2884 0.1245 
 453 0.0482 0.0392 0.5486 0.2321 0.1319 
 454 0.0689 0.3769 0.0379 0.3743 0.1420 
 455 0.0306 0.3319 0.1664 0.3993 0.0718 
 456 0.0283 0.2567 0.1390 0.4737 0.1024 
 457 0.0312 0.6958 0.0264 0.1446 0.1021 
 458 0.0400 0.4941 0.0381 0.3332 0.0946 
 459 0.0922 0.1234 0.0783 0.6337 0.0725 
 460 0.0306 0.1186 0.0374 0.7510 0.0624 
 461 0.0312 0.0559 0.0185 0.8305 0.0639 
 462 0.0218 0.1051 0.0519 0.7261 0.0951 
 463 0.0409 0.1304 0.5771 0.1506 0.1009 
 464 0.0286 0.0849 0.0762 0.7360 0.0743 
 465 0.0361 0.0566 0.0558 0.7398 0.1117 
 466 0.0294 0.0796 0.2374 0.5431 0.1105 
 467 0.0545 0.1183 0.0896 0.6163 0.1213 
 468 0.0298 0.6678 0.0850 0.1266 0.0909 
 469 0.0319 0.7500 0.0328 0.1269 0.0584 
 470 0.0282 0.4214 0.0419 0.4428 0.0657 
 471 0.0342 0.1347 0.2075 0.3689 0.2547 
 472 0.0388 0.1182 0.0959 0.5595 0.1876 
 473 0.0575 0.3203 0.0603 0.2882 0.2736 
 474 0.0616 0.3761 0.0508 0.3558 0.1557 
 475 0.0647 0.0740 0.0619 0.6719 0.1276 
 476 0.0403 0.4236 0.0493 0.4126 0.0742 
 477 0.0544 0.0678 0.0796 0.6921 0.1061 
 478 0.0275 0.0364 0.0267 0.8362 0.0733 
 479 0.0264 0.3667 0.0307 0.5017 0.0745 
 480 0.0297 0.7226 0.0212 0.1618 0.0647 
 481 0.0300 0.1429 0.0428 0.2386 0.5458 
 482 0.0272 0.2886 0.0221 0.5987 0.0635 
 483 0.0386 0.5376 0.0465 0.3060 0.0713 
 484 0.0401 0.2910 0.2785 0.2731 0.1173 
 485 0.0281 0.6318 0.0660 0.2141 0.0599 
 486 0.0420 0.0576 0.0980 0.2239 0.5785 
 487 0.0870 0.0735 0.0460 0.1030 0.6904 
 488 0.0568 0.0380 0.0319 0.1765 0.6967 
 489 0.1290 0.0787 0.1522 0.0789 0.5611 
 490 0.0298 0.0588 0.0746 0.5787 0.2582 
 491 0.0668 0.0299 0.0424 0.0782 0.7827 
 492 0.2187 0.0358 0.0988 0.2570 0.3897 
 493 0.0406 0.0417 0.0319 0.0868 0.7990 
 494 0.0629 0.0507 0.0461 0.0955 0.7448 
 495 0.1417 0.0389 0.0737 0.3788 0.3668 
 496 0.2805 0.0437 0.1443 0.1534 0.3781 
 497 0.0561 0.0332 0.0227 0.0746 0.8134 
 498 0.0699 0.0530 0.1757 0.3401 0.3613 
 499 0.1259 0.0481 0.0471 0.0710 0.7079 
 500 0.0419 0.1036 0.0308 0.0906 0.7332 
 501 0.1363 0.0925 0.0423 0.1762 0.5528 
 502 0.1764 0.0534 0.0307 0.2183 0.5212 
 503 0.0370 0.2426 0.0342 0.1848 0.5014 
 504 0.0416 0.0325 0.0712 0.5236 0.3312 
 505 0.0701 0.0376 0.1167 0.0928 0.6827 
 506 0.1424 0.0446 0.0393 0.2722 0.5015 
 507 0.5087 0.0267 0.0902 0.0533 0.3211 
 508 0.4460 0.0236 0.1660 0.0608 0.3037 
 509 0.0977 0.0318 0.0666 0.0821 0.7218 
 510 0.2055 0.0950 0.0418 0.1267 0.5310 
 511 0.0488 0.2321 0.0870 0.2987 0.3333 
 512 0.0332 0.2282 0.0274 0.4283 0.2829 
 513 0.0621 0.0169 0.1097 0.2477 0.5636 
 514 0.0617 0.0348 0.0585 0.5045 0.3405 
 515 0.1313 0.2789 0.1178 0.1987 0.2733 
 516 0.0516 0.0307 0.1061 0.3205 0.4911 
 517 0.1214 0.0719 0.3576 0.2557 0.1935 
 518 0.1145 0.0709 0.0293 0.0798 0.7055 
 519 0.0687 0.0381 0.0656 0.6244 0.2033 
 520 0.1930 0.1518 0.4171 0.0731 0.1650 
 521 0.3392 0.0318 0.0923 0.2917 0.2450 
 522 0.0442 0.3556 0.2338 0.1883 0.1781 
 523 0.1005 0.0309 0.6035 0.1194 0.1456 
 524 0.0733 0.3439 0.1610 0.1624 0.2594 
 525 0.1589 0.2195 0.0952 0.0984 0.4281 
 526 0.0505 0.1531 0.6254 0.0691 0.1020 
 527 0.0426 0.1110 0.0277 0.1809 0.6378 
 528 0.4786 0.0293 0.0773 0.1030 0.3118 
 529 0.0779 0.0316 0.0343 0.1112 0.7450 
 530 0.0760 0.3099 0.1573 0.1587 0.2981 
 531 0.3665 0.1417 0.1090 0.1566 0.2262 
 532 0.2209 0.0653 0.0551 0.1333 0.5254 
 533 0.0564 0.2000 0.1150 0.1311 0.4974 
 534 0.0738 0.0229 0.1374 0.1050 0.6608 
 535 0.0544 0.0549 0.5070 0.2523 0.1314 
 536 0.1325 0.1376 0.2752 0.1708 0.2840 
 537 0.1831 0.0438 0.4568 0.0840 0.2324 
 538 0.1480 0.0546 0.3044 0.1444 0.3486 
 539 0.6380 0.0316 0.0812 0.0667 0.1825 
 540 0.1720 0.1061 0.2123 0.1255 0.3840 
 541 0.5119 0.0593 0.0706 0.1652 0.1930 
 542 0.0417 0.0799 0.5933 0.1023 0.1828 
 543 0.1673 0.0363 0.3668 0.2458 0.1838 
 544 0.0669 0.0501 0.5923 0.1089 0.1818 
 545 0.0280 0.0655 0.7184 0.1044 0.0837 
 546 0.1067 0.0447 0.3088 0.1398 0.4000 
 547 0.0646 0.0284 0.7489 0.0822 0.0759 
 548 0.1676 0.0273 0.0356 0.0751 0.6943 
 549 0.3141 0.1135 0.3889 0.0813 0.1022 
 550 0.0399 0.1023 0.5721 0.2061 0.0796 
 551 0.5576 0.0551 0.1114 0.1228 0.1531 
 552 0.1222 0.0503 0.1808 0.0797 0.5670 
 553 0.1221 0.0212 0.6834 0.0832 0.0902 
 554 0.1335 0.1410 0.1177 0.3062 0.3015 
 555 0.2566 0.0346 0.3240 0.0959 0.2889 
 556 0.0837 0.0399 0.2973 0.1142 0.4650 
 557 0.0602 0.0892 0.5669 0.2037 0.0800 
 558 0.0289 0.3033 0.0196 0.5889 0.0593 
 559 0.0400 0.0333 0.0545 0.4212 0.4510 
 560 0.0204 0.0796 0.0356 0.7887 0.0756 
 561 0.0289 0.0918 0.0524 0.5918 0.2351 
 562 0.0206 0.0730 0.0588 0.6729 0.1746 
 563 0.1375 0.0385 0.0909 0.6290 0.1041 
 564 0.0437 0.0638 0.1074 0.2064 0.5788 
 565 0.0314 0.6788 0.0249 0.1680 0.0969 
 566 0.0218 0.0831 0.0282 0.7927 0.0742 
 567 0.0298 0.0569 0.0537 0.1882 0.6714 
 568 0.0452 0.0531 0.0864 0.5992 0.2161 
 569 0.0467 0.1985 0.1674 0.4291 0.1584 
 570 0.0229 0.4212 0.0200 0.4459 0.0901 
 571 0.0366 0.0411 0.0320 0.7631 0.1272 
 572 0.1173 0.0899 0.4956 0.1355 0.1616 
 573 0.0419 0.1942 0.0929 0.1647 0.5063 
 574 0.1208 0.3591 0.0561 0.2269 0.2372 
 575 0.0928 0.0428 0.0689 0.5907 0.2048 
 576 0.0223 0.0659 0.0210 0.7892 0.1016 
 577 0.0968 0.1824 0.0407 0.3700 0.3100 
 578 0.0362 0.0753 0.0398 0.7142 0.1346 
 579 0.0310 0.0947 0.0369 0.5124 0.3251 
 580 0.0597 0.3034 0.0318 0.3675 0.2377 
 581 0.0437 0.1550 0.0311 0.6426 0.1276 
 582 0.0252 0.1579 0.0473 0.6912 0.0784 
 583 0.0358 0.0763 0.0300 0.6508 0.2071 
 584 0.0260 0.0717 0.0229 0.7557 0.1237 
 585 0.0307 0.1087 0.0323 0.6647 0.1636 
 586 0.0438 0.0281 0.0387 0.7189 0.1706 
 587 0.0241 0.1245 0.0492 0.5630 0.2393 
 588 0.0289 0.0177 0.1318 0.0689 0.7526 
 589 0.0287 0.4332 0.1077 0.2741 0.1563 
 590 0.0311 0.0375 0.0312 0.5903 0.3098 
 591 0.0382 0.0374 0.0290 0.6985 0.1969 
 592 0.0297 0.0683 0.1411 0.5341 0.2268 
 593 0.0592 0.0948 0.0676 0.5317 0.2467 
 594 0.0638 0.0437 0.0404 0.3802 0.4718 
 595 0.0232 0.1053 0.0184 0.3262 0.5270 
 596 0.0519 0.1928 0.2010 0.1739 0.3804 
 597 0.1840 0.0292 0.0892 0.5866 0.1109 
 598 0.0243 0.6502 0.0207 0.2427 0.0622 
 599 0.0230 0.0654 0.0627 0.7126 0.1363 
 600 0.0697 0.2117 0.0600 0.3815 0.2771 
 601 0.0234 0.0651 0.0436 0.7582 0.1097 
 602 0.0655 0.0421 0.0278 0.1191 0.7455 
 603 0.0750 0.0398 0.0352 0.1676 0.6824 
 604 0.0603 0.3797 0.0481 0.1344 0.3775 
 605 0.0415 0.0839 0.0649 0.4154 0.3943 
 606 0.0791 0.0913 0.0536 0.1489 0.6271 
 607 0.1438 0.1225 0.0240 0.1579 0.5518 
 608 0.4145 0.0946 0.0330 0.2410 0.2168 
 609 0.0604 0.2075 0.0593 0.4267 0.2461 
 610 0.0411 0.4857 0.1322 0.1538 0.1873 
 611 0.0930 0.0445 0.0634 0.2199 0.5791 
 612 0.0385 0.6189 0.0574 0.1759 0.1093 
 613 0.0513 0.2077 0.0880 0.2352 0.4178 
 614 0.0327 0.6073 0.0294 0.1126 0.2181 
 615 0.0529 0.6293 0.0356 0.0842 0.1980 
 616 0.1038 0.1036 0.0260 0.1827 0.5840 
 617 0.0351 0.3027 0.0663 0.2603 0.3356 
 618 0.1006 0.3967 0.0614 0.0932 0.3480 
 619 0.1164 0.0896 0.1592 0.4003 0.2345 
 620 0.0213 0.0415 0.1040 0.5870 0.2462 
 621 0.0359 0.1052 0.0210 0.6188 0.2191 
 622 0.0901 0.2818 0.0716 0.1317 0.4248 
 623 0.0379 0.1007 0.0537 0.4087 0.3990 
 624 0.1158 0.5159 0.0353 0.1743 0.1587 
 625 0.1083 0.3619 0.0278 0.2070 0.2950 
 626 0.2956 0.2273 0.2035 0.0730 0.2007 
 627 0.0480 0.0800 0.0490 0.3807 0.4423 
 628 0.0469 0.0629 0.0362 0.3409 0.5131 
 629 0.0489 0.0997 0.0280 0.1787 0.6448 
 630 0.0508 0.3418 0.0390 0.2498 0.3185 
 631 0.0483 0.1877 0.0252 0.2280 0.5109 
 632 0.1460 0.0578 0.0757 0.0977 0.6227 
 633 0.0967 0.2442 0.0317 0.3108 0.3166 
 634 0.1280 0.0997 0.0655 0.2625 0.4443 
 635 0.3487 0.0935 0.0382 0.1019 0.4177 
 636 0.2264 0.2202 0.0367 0.2543 0.2623 
 637 0.0718 0.0717 0.2377 0.1736 0.4452 
 638 0.0688 0.0853 0.0253 0.1535 0.6672 
 639 0.0672 0.2384 0.0326 0.1592 0.5025 
 640 0.0494 0.0584 0.0207 0.6570 0.2145 
 641 0.0483 0.0996 0.0251 0.1524 0.6747 
 642 0.3877 0.0494 0.1243 0.1514 0.2872 
 643 0.7321 0.0277 0.0340 0.1039 0.1023 
 644 0.5159 0.0318 0.0373 0.1488 0.2662 
 645 0.3653 0.2906 0.0624 0.0534 0.2283 
 646 0.0847 0.0374 0.0961 0.2166 0.5652 
 647 0.2887 0.0298 0.1267 0.2356 0.3192 
 648 0.1987 0.0684 0.0880 0.0802 0.5648 
 649 0.1082 0.0278 0.2077 0.1105 0.5459 
 650 0.1084 0.0300 0.0808 0.1881 0.5928 
 651 0.2696 0.0292 0.0248 0.1031 0.5733 
 652 0.4900 0.0316 0.0418 0.1204 0.3162 
 653 0.2217 0.0528 0.0887 0.0817 0.5551 
 654 0.3415 0.0358 0.1874 0.0914 0.3439 
 655 0.5016 0.0283 0.0533 0.2967 0.1201 
 656 0.1199 0.0419 0.0851 0.0993 0.6538 
 657 0.1292 0.1081 0.0351 0.1456 0.5820 
 658 0.1870 0.0535 0.1425 0.4035 0.2135 
 659 0.3983 0.0515 0.1031 0.1055 0.3416 
 660 0.4375 0.0306 0.0849 0.0880 0.3591 
 661 0.5174 0.0458 0.1593 0.0934 0.1842 
 662 0.0720 0.0232 0.3616 0.1084 0.4348 
 663 0.3383 0.0392 0.0406 0.1002 0.4817 
 664 0.2027 0.0515 0.0896 0.5083 0.1479 
 665 0.0809 0.0269 0.1627 0.0960 0.6336 
 666 0.3268 0.0406 0.1103 0.1175 0.4048 
 667 0.0668 0.0351 0.0496 0.2090 0.6395 
 668 0.3984 0.0503 0.0900 0.1877 0.2735 
 669 0.1273 0.0295 0.0626 0.0817 0.6989 
 670 0.7280 0.0237 0.0340 0.0515 0.1628 
 671 0.5298 0.0254 0.0632 0.0876 0.2940 
 672 0.6447 0.0367 0.0967 0.1588 0.0632 
 673 0.8333 0.0263 0.0176 0.0437 0.0791 
 674 0.5744 0.0467 0.0438 0.0736 0.2615 
 675 0.7581 0.0214 0.0250 0.0886 0.1070 
 676 0.8389 0.0228 0.0202 0.0447 0.0733 
 677 0.6360 0.0204 0.1586 0.0477 0.1373 
 678 0.8357 0.0275 0.0165 0.0469 0.0734 
 679 0.6592 0.0543 0.0189 0.0722 0.1954 
 680 0.7176 0.0380 0.0318 0.0591 0.1535 
 681 0.2011 0.1021 0.3620 0.0943 0.2406 
 682 0.7693 0.0402 0.0345 0.0619 0.0941 
 683 0.7656 0.0226 0.0392 0.0508 0.1217 
 684 0.8263 0.0258 0.0209 0.0484 0.0786 
 685 0.8422 0.0210 0.0220 0.0433 0.0715 
 686 0.5462 0.0385 0.1689 0.0655 0.1809 
 687 0.5299 0.0247 0.0831 0.0798 0.2825 
 688 0.7563 0.0251 0.0306 0.0706 0.1174 
 689 0.8349 0.0222 0.0203 0.0414 0.0812 
 690 0.8384 0.0229 0.0209 0.0448 0.0730 
 691 0.6807 0.0480 0.0353 0.0688 0.1672 
 692 0.7534 0.0317 0.0213 0.0683 0.1252 
 693 0.7695 0.0267 0.0260 0.0943 0.0835 
 694 0.8489 0.0194 0.0236 0.0399 0.0682 
 695 0.7812 0.0341 0.0688 0.0547 0.0612 
 696 0.7568 0.0238 0.0301 0.0724 0.1169 
 697 0.8081 0.0223 0.0264 0.0441 0.0992 
 698 0.8253 0.0230 0.0214 0.0446 0.0856 
 699 0.6282 0.0279 0.2142 0.0531 0.0766 
 700 0.7174 0.0240 0.0790 0.1002 0.0794 
 701 0.6488 0.0573 0.0530 0.0661 0.1748 
 702 0.6071 0.0411 0.0889 0.1046 0.1583 
 703 0.7396 0.0425 0.0381 0.0612 0.1186 
 704 0.7587 0.0218 0.0432 0.0674 0.1088 
 705 0.3110 0.0504 0.3620 0.0818 0.1948 
 706 0.7517 0.0351 0.0565 0.0550 0.1017 
 707 0.7899 0.0248 0.0363 0.0443 0.1047 
 708 0.8013 0.0213 0.0260 0.0453 0.1062 
 709 0.7908 0.0210 0.0713 0.0522 0.0648 
 710 0.8481 0.0205 0.0270 0.0420 0.0625 
 711 0.6577 0.0326 0.0897 0.0573 0.1628 
 712 0.7275 0.0179 0.1062 0.0421 0.1064 
 713 0.7669 0.0215 0.0329 0.0670 0.1118 
 714 0.5632 0.0453 0.0280 0.0742 0.2893 
 715 0.8064 0.0187 0.0582 0.0419 0.0748 
 716 0.7811 0.0337 0.0538 0.0561 0.0754 
 717 0.8413 0.0193 0.0329 0.0419 0.0646 
 718 0.5749 0.0336 0.0615 0.0597 0.2704 
 719 0.8154 0.0187 0.0494 0.0460 0.0705 
 720 0.0358 0.1111 0.0267 0.4511 0.3754 
 721 0.5042 0.1329 0.0490 0.1190 0.1950 
 722 0.0718 0.3454 0.0690 0.2798 0.2340 
 723 0.0584 0.4243 0.0222 0.1647 0.3303 
 724 0.1804 0.4062 0.0296 0.2185 0.1653 
 725 0.1606 0.0524 0.0386 0.2001 0.5483 
 726 0.1029 0.3579 0.0691 0.2097 0.2604 
 727 0.1785 0.1298 0.2641 0.1534 0.2741 
 728 0.0211 0.8321 0.0201 0.0648 0.0619 
 729 0.0233 0.7678 0.0192 0.1086 0.0811 
 730 0.0373 0.2788 0.0237 0.2775 0.3828 
 731 0.0576 0.5013 0.0369 0.2643 0.1399 
 732 0.0587 0.4195 0.0229 0.1647 0.3342 
 733 0.0340 0.6980 0.0192 0.1331 0.1157 
 734 0.0237 0.5515 0.0219 0.3094 0.0934 
 735 0.0366 0.7736 0.0158 0.0825 0.0915 
 736 0.0472 0.2937 0.0306 0.5000 0.1284 
 737 0.0464 0.4150 0.0665 0.2008 0.2713 
 738 0.0399 0.2904 0.0247 0.2772 0.3678 
 739 0.0307 0.7188 0.0190 0.1323 0.0992 
 740 0.4442 0.0379 0.0295 0.0576 0.4309 
 741 0.4147 0.0657 0.0637 0.1105 0.3454 
 742 0.1488 0.0469 0.0232 0.6673 0.1138 
 743 0.0540 0.0445 0.0235 0.1603 0.7177 
 744 0.0608 0.0316 0.2986 0.2486 0.3604 
 745 0.0309 0.0400 0.0683 0.5925 0.2683 
 746 0.1410 0.0950 0.0313 0.1602 0.5724 
 747 0.0610 0.0362 0.0375 0.2674 0.5979 
 748 0.3981 0.0288 0.0235 0.2289 0.3207 
 749 0.0719 0.0397 0.0522 0.1465 0.6897 
 750 0.0531 0.0378 0.0276 0.1476 0.7339 
 751 0.4056 0.0361 0.0234 0.2036 0.3312 
 752 0.0618 0.0510 0.0318 0.2053 0.6501 
 753 0.1006 0.0904 0.0316 0.1273 0.6501 
 754 0.3655 0.0587 0.0369 0.1522 0.3867 
 755 0.0904 0.0567 0.0195 0.1209 0.7124 
 756 0.2069 0.0247 0.0283 0.4605 0.2796 
 757 0.1204 0.0367 0.0299 0.3395 0.4734 
 758 0.0311 0.0321 0.0421 0.4215 0.4733 
 759 0.3793 0.0914 0.0879 0.1266 0.3148 
 760 0.0738 0.0977 0.0261 0.1945 0.6080 
 761 0.1830 0.2191 0.0294 0.1225 0.4460 
 762 0.0447 0.1887 0.0177 0.4095 0.3393 
 763 0.0997 0.0892 0.0314 0.1261 0.6537 
 764 0.0600 0.0375 0.0222 0.2492 0.6311 
 765 0.0424 0.1571 0.0210 0.1892 0.5903 
 766 0.2715 0.0369 0.0198 0.2415 0.4303 
 767 0.2321 0.0354 0.0360 0.4577 0.2387 
 768 0.0449 0.2401 0.0183 0.3540 0.3427 
 769 0.2138 0.2517 0.0367 0.2551 0.2428 
 770 0.0492 0.1248 0.0233 0.5819 0.2208 
 771 0.0786 0.0252 0.2321 0.0913 0.5729 
 772 0.2476 0.0434 0.1155 0.3695 0.2240 
 773 0.0602 0.0345 0.0205 0.1686 0.7162 
 774 0.2408 0.0426 0.0289 0.0873 0.6005 
 775 0.1094 0.2531 0.0252 0.4363 0.1759 
 776 0.0510 0.0354 0.0323 0.6487 0.2327 
 777 0.0856 0.0497 0.0850 0.2350 0.5447 
 778 0.1368 0.0338 0.0689 0.1645 0.5960 
 779 0.0864 0.0317 0.0240 0.1796 0.6783 
 780 0.3088 0.0377 0.0210 0.1716 0.4608 
 781 0.0755 0.0250 0.0603 0.0611 0.7782 
 782 0.0857 0.0322 0.0240 0.1822 0.6759 
 783 0.2331 0.0568 0.0226 0.3270 0.3605 
 784 0.0858 0.0517 0.0298 0.5946 0.2380 
 785 0.1403 0.0426 0.0311 0.2594 0.5267 
 786 0.4115 0.0400 0.0270 0.2505 0.2710 
 787 0.3026 0.0219 0.0625 0.1384 0.4747 
 788 0.0832 0.0663 0.0705 0.4198 0.3602 
 789 0.1022 0.0426 0.0253 0.6303 0.1996 
 790 0.1575 0.0824 0.0209 0.1466 0.5925 
 791 0.1504 0.0438 0.0389 0.5122 0.2547 
 792 0.3070 0.0224 0.0740 0.1032 0.4933 
 793 0.2489 0.1001 0.1131 0.1014 0.4365 
 794 0.1527 0.0596 0.0486 0.3810 0.3582 
 795 0.4146 0.1018 0.0435 0.1053 0.3348 
 796 0.1839 0.0285 0.0638 0.5862 0.1376 
 797 0.4789 0.0533 0.0874 0.0836 0.2967 
 798 0.0269 0.2448 0.2485 0.3761 0.1038 
 799 0.0658 0.0307 0.0512 0.6662 0.1860 
 800 0.3930 0.0206 0.2876 0.1305 0.1682 
 801 0.0516 0.1554 0.1992 0.4829 0.1108 
 802 0.2327 0.0807 0.1807 0.2860 0.2199 
 803 0.2187 0.0536 0.1015 0.1202 0.5060 
 804 0.0989 0.0472 0.2312 0.2563 0.3663 
 805 0.7524 0.0231 0.0410 0.0947 0.0888 
 806 0.0766 0.1382 0.4323 0.1552 0.1977 
 807 0.5033 0.0388 0.0922 0.0566 0.3092 
 808 0.3606 0.0415 0.2155 0.1054 0.2770 
 809 0.0331 0.0506 0.7221 0.1058 0.0884 
 810 0.1547 0.1552 0.0487 0.2079 0.4335 
 811 0.2976 0.0376 0.3809 0.1227 0.1612 
 812 0.0249 0.0287 0.7530 0.0984 0.0951 
 813 0.0320 0.1152 0.1601 0.6148 0.0779 
 814 0.0385 0.0298 0.3503 0.1435 0.4379 
 815 0.0898 0.0789 0.6174 0.1283 0.0856 
 816 0.2513 0.0409 0.1899 0.3689 0.1490 
 817 0.2308 0.0813 0.1806 0.2859 0.2214 
 818 0.0739 0.0431 0.0491 0.7350 0.0989 
 819 0.1200 0.0245 0.0545 0.3106 0.4904 
 820 0.1771 0.0269 0.0858 0.5390 0.1712 
 821 0.1080 0.1006 0.0246 0.4294 0.3374 
 822 0.0248 0.1269 0.0308 0.2105 0.6071 
 823 0.2216 0.1557 0.0280 0.4985 0.0961 
 824 0.1159 0.0503 0.0252 0.2866 0.5220 
 825 0.0456 0.1668 0.0393 0.3599 0.3884 
 826 0.0382 0.0379 0.0281 0.7164 0.1795 
 827 0.0513 0.1833 0.0246 0.5042 0.2367 
 828 0.0597 0.2910 0.0208 0.1060 0.5225 
 829 0.0846 0.2369 0.0813 0.3823 0.2149 
 830 0.0344 0.1884 0.0178 0.3243 0.4351 
 831 0.0590 0.0825 0.0264 0.0939 0.7382 
 832 0.1172 0.0479 0.1328 0.5523 0.1498 
 833 0.1484 0.0838 0.0988 0.5930 0.0761 
 834 0.1086 0.1170 0.0386 0.2642 0.4716 
 835 0.0361 0.0357 0.0541 0.7389 0.1352 
 836 0.0660 0.0364 0.1728 0.5646 0.1603 
 837 0.2219 0.1635 0.0469 0.3252 0.2425 
 838 0.0350 0.0271 0.1521 0.5995 0.1863 
 839 0.0574 0.1242 0.0202 0.4548 0.3434 
 840 0.1054 0.0509 0.1272 0.1322 0.5843 
 841 0.0998 0.0420 0.1304 0.4291 0.2988 
 842 0.0283 0.0298 0.0198 0.8241 0.0980 
 843 0.2431 0.0406 0.0977 0.1975 0.4211 
 844 0.0876 0.0850 0.0507 0.1445 0.6321 
 845 0.0407 0.0482 0.0214 0.6729 0.2168 
 846 0.1091 0.0389 0.0399 0.5045 0.3076 
 847 0.0782 0.0229 0.0196 0.0762 0.8032 
 848 0.0954 0.0256 0.0537 0.5905 0.2348 
 849 0.0636 0.0490 0.0243 0.3805 0.4826 
 850 0.0523 0.1701 0.0340 0.5138 0.2299 
 851 0.0448 0.0307 0.0264 0.6885 0.2096 
 852 0.3740 0.1471 0.0206 0.1150 0.3433 
 853 0.0441 0.0685 0.0390 0.7507 0.0977 
 854 0.2230 0.1254 0.0235 0.2223 0.4058 
 855 0.0614 0.0452 0.0269 0.2803 0.5862 
 856 0.0884 0.0405 0.0234 0.1659 0.6818 
 857 0.0493 0.0607 0.1048 0.2794 0.5059 
 858 0.0414 0.0466 0.0282 0.2598 0.6241 
 859 0.0447 0.1636 0.0212 0.3943 0.3762 
 860 0.0431 0.0378 0.0455 0.5603 0.3133 
 861 0.2867 0.0267 0.0850 0.1047 0.4969 
 862 0.0290 0.7367 0.0357 0.1427 0.0560 
 863 0.0676 0.6429 0.0422 0.0865 0.1608 
 864 0.0436 0.7973 0.0182 0.0670 0.0739 
 865 0.0223 0.4710 0.0323 0.3970 0.0774 
 866 0.0341 0.1573 0.0263 0.4528 0.3295 
 867 0.0395 0.7753 0.0248 0.0642 0.0962 
 868 0.0332 0.5544 0.0378 0.1020 0.2727 
 869 0.0380 0.1749 0.0242 0.4801 0.2828 
 870 0.0254 0.2504 0.0995 0.4836 0.1411 
 871 0.0271 0.3323 0.0436 0.4937 0.1032 
 872 0.0321 0.7733 0.0185 0.0834 0.0926 
 873 0.0400 0.7202 0.0259 0.1231 0.0908 
 874 0.0253 0.7507 0.0328 0.1059 0.0852 
 875 0.0409 0.2230 0.0660 0.3675 0.3025 
 876 0.0333 0.1078 0.0751 0.4838 0.3000 
 877 0.0322 0.7826 0.0221 0.0961 0.0671 
 878 0.0454 0.1967 0.0370 0.2193 0.5016 
 879 0.0429 0.7553 0.0177 0.0816 0.1025 
 880 0.0314 0.2204 0.1597 0.4262 0.1623 
 881 0.0362 0.7076 0.0220 0.0837 0.1504 
 882 0.0366 0.7743 0.0160 0.0806 0.0925 
 883 0.0404 0.0843 0.0462 0.2152 0.6139 
 884 0.0222 0.4087 0.0242 0.4675 0.0774 
 885 0.0565 0.4187 0.1424 0.1225 0.2599 
 886 0.0490 0.5175 0.0250 0.1223 0.2862 
 887 0.0263 0.5380 0.0231 0.2952 0.1175 
 888 0.0736 0.4141 0.0998 0.1076 0.3050 
 889 0.0217 0.5794 0.0355 0.2958 0.0676 
 890 0.0220 0.4932 0.0471 0.2642 0.1736 
 891 0.0366 0.0277 0.0493 0.7370 0.1494 
 892 0.0390 0.0422 0.0384 0.2703 0.6101 
 893 0.0597 0.0589 0.2127 0.3453 0.3235 
 894 0.0259 0.0502 0.0199 0.8176 0.0864 
 895 0.0282 0.4509 0.0322 0.3768 0.1119 
 896 0.0641 0.0314 0.0774 0.4410 0.3862 
 897 0.0333 0.0333 0.0241 0.1218 0.7874 
 898 0.0693 0.1508 0.0464 0.3421 0.3914 
 899 0.0213 0.0378 0.0195 0.8389 0.0824 
 900 0.0349 0.0271 0.0449 0.7759 0.1172 
 901 0.0373 0.0433 0.0290 0.7019 0.1885 
 902 0.0443 0.0610 0.1531 0.2012 0.5403 
 903 0.0360 0.2717 0.0428 0.3669 0.2826 
 904 0.0522 0.2314 0.0356 0.1374 0.5434 
 905 0.0257 0.2046 0.0203 0.5824 0.1670 
 906 0.0435 0.0957 0.0917 0.5807 0.1883 
 907 0.0662 0.0682 0.0272 0.6131 0.2253 
 908 0.0444 0.0877 0.0213 0.5219 0.3248 
 909 0.0476 0.0852 0.1327 0.5956 0.1389 
 910 0.0458 0.0412 0.0832 0.7216 0.1082 
 911 0.0226 0.1458 0.0258 0.7155 0.0903 
 912 0.0296 0.0583 0.0288 0.7519 0.1314 
 913 0.0253 0.1303 0.0458 0.6358 0.1627 
 914 0.1678 0.1012 0.0326 0.3712 0.3272 
 915 0.0221 0.1363 0.0517 0.6811 0.1087 
 916 0.0301 0.0439 0.0282 0.7304 0.1675 
 917 0.0315 0.0506 0.0293 0.7485 0.1401 
 918 0.1438 0.1891 0.0420 0.3967 0.2285 
 919 0.0647 0.1771 0.0294 0.5526 0.1762 
 920 0.0546 0.0393 0.0257 0.7709 0.1094 
 921 0.1954 0.0429 0.4227 0.2007 0.1383 
 922 0.0422 0.0321 0.2910 0.1781 0.4565 
 923 0.0519 0.0262 0.0717 0.0963 0.7540 
 924 0.0413 0.0243 0.3312 0.2790 0.3242 
 925 0.0723 0.0466 0.3393 0.2680 0.2738 
 926 0.0530 0.0184 0.7561 0.0798 0.0927 
 927 0.0705 0.0256 0.6829 0.0896 0.1314 
 928 0.1362 0.0206 0.1734 0.0605 0.6092 
 929 0.0419 0.0258 0.4633 0.0821 0.3868 
 930 0.0609 0.0360 0.5423 0.1583 0.2025 
 931 0.0590 0.0489 0.7848 0.0466 0.0608 
 932 0.0276 0.0233 0.7691 0.0806 0.0995 
 933 0.3249 0.0264 0.3247 0.0931 0.2309 
 934 0.0272 0.0196 0.1221 0.1006 0.7306 
 935 0.0387 0.0426 0.7459 0.0663 0.1065 
 936 0.0235 0.0242 0.8116 0.0629 0.0778 
 937 0.0363 0.0273 0.8150 0.0505 0.0710 
 938 0.0968 0.0180 0.6905 0.0500 0.1447 
 939 0.1373 0.0326 0.6675 0.0541 0.1085 
 940 0.0827 0.0264 0.4207 0.0949 0.3753 
 941 0.0254 0.0299 0.7159 0.1378 0.0909 
 942 0.2332 0.0707 0.1890 0.1352 0.3718 
 943 0.1161 0.0233 0.7506 0.0440 0.0661 
 944 0.0828 0.0372 0.6737 0.0543 0.1520 
 945 0.0629 0.0539 0.2093 0.1085 0.5653 
 946 0.0440 0.0226 0.6893 0.0952 0.1489 
 947 0.0992 0.0164 0.7645 0.0596 0.0603 
 948 0.0236 0.0818 0.7145 0.0889 0.0911 
 949 0.0244 0.0989 0.6283 0.1371 0.1113 
 950 0.0542 0.0173 0.7955 0.0530 0.0801 
 951 0.1160 0.0409 0.4101 0.1247 0.3083 
 952 0.0515 0.0370 0.5127 0.1277 0.2711 
 953 0.0489 0.1011 0.5503 0.1462 0.1535 
 954 0.0309 0.0417 0.7781 0.0809 0.0684 
 955 0.7088 0.0309 0.0948 0.0563 0.1092 
 956 0.6333 0.0251 0.1315 0.0620 0.1480 
 957 0.2513 0.0493 0.0776 0.1075 0.5143 
 958 0.0729 0.0406 0.0573 0.2685 0.5606 
 959 0.1879 0.0324 0.1138 0.1021 0.5638 
 960 0.1172 0.0946 0.0538 0.4710 0.2634 
 961 0.8434 0.0201 0.0215 0.0436 0.0715 
 962 0.0597 0.0169 0.1251 0.1145 0.6839 
 963 0.0774 0.0424 0.0677 0.2573 0.5551 
 964 0.0761 0.0655 0.0199 0.1123 0.7263 
 965 0.1719 0.0290 0.0502 0.0967 0.6522 
 966 0.1990 0.0501 0.0910 0.1679 0.4920 
 967 0.7257 0.0379 0.0701 0.0593 0.1070 
 968 0.0657 0.0205 0.0571 0.0989 0.7578 
 969 0.1902 0.1836 0.0231 0.1462 0.4569 
 970 0.4895 0.0354 0.0350 0.0665 0.3735 
 971 0.1119 0.0278 0.1253 0.1221 0.6129 
 972 0.1340 0.0598 0.0578 0.1150 0.6334 
 973 0.2643 0.0249 0.2776 0.1120 0.3212 
 974 0.0733 0.0686 0.0327 0.1169 0.7085 
 975 0.1927 0.1839 0.0234 0.1465 0.4535 
