   1 0.0097 0.0151 0.0809 0.2319 0.1185 0.1879 0.3561 
   2 0.0055 0.0082 0.0135 0.0941 0.6071 0.1446 0.1270 
   3 0.0110 0.0208 0.0471 0.3280 0.1190 0.1743 0.2998 
   4 0.0132 0.0201 0.0259 0.0809 0.1165 0.1577 0.5857 
   5 0.0086 0.0089 0.0144 0.1288 0.5373 0.1701 0.1319 
   6 0.0076 0.0095 0.0154 0.5432 0.1221 0.1729 0.1292 
   7 0.0092 0.0127 0.0137 0.1850 0.0980 0.5541 0.1273 
   8 0.0427 0.0213 0.0271 0.1861 0.0988 0.2151 0.4088 
   9 0.0166 0.0103 0.0257 0.2553 0.3059 0.1605 0.2257 
  10 0.0171 0.0114 0.0148 0.2669 0.1152 0.2738 0.3008 
  11 0.0059 0.0132 0.0199 0.2111 0.0995 0.5222 0.1283 
  12 0.0073 0.0087 0.0158 0.1602 0.4370 0.1773 0.1936 
  13 0.0104 0.0110 0.0212 0.2342 0.2297 0.2831 0.2103 
  14 0.0062 0.0225 0.0422 0.1443 0.3620 0.1552 0.2676 
  15 0.0076 0.0322 0.0213 0.1152 0.2043 0.2353 0.3841 
  16 0.0062 0.0134 0.0341 0.3821 0.1108 0.2644 0.1890 
  17 0.0191 0.0131 0.0299 0.3056 0.2511 0.1889 0.1922 
  18 0.0244 0.0286 0.0297 0.2567 0.2949 0.1349 0.2308 
  19 0.0073 0.0100 0.0148 0.4171 0.1619 0.2164 0.1725 
  20 0.0074 0.0223 0.0225 0.1411 0.2664 0.3269 0.2133 
  21 0.0071 0.0132 0.0392 0.1386 0.2633 0.1578 0.3808 
  22 0.0101 0.0101 0.0224 0.4806 0.1251 0.1483 0.2034 
  23 0.0215 0.0262 0.0547 0.1089 0.2165 0.1691 0.4032 
  24 0.0062 0.0137 0.0307 0.2595 0.1248 0.2007 0.3644 
  25 0.0094 0.0205 0.0193 0.2616 0.2241 0.3574 0.1077 
  26 0.0135 0.0149 0.0205 0.2520 0.2331 0.1754 0.2907 
  27 0.0096 0.0111 0.0419 0.2816 0.2098 0.2121 0.2339 
  28 0.0079 0.0133 0.0257 0.1606 0.1189 0.2475 0.4262 
  29 0.0053 0.0088 0.0239 0.1364 0.3009 0.3330 0.1916 
  30 0.0060 0.0106 0.0323 0.4824 0.1606 0.1387 0.1694 
  31 0.0254 0.0100 0.0335 0.1867 0.2450 0.2400 0.2593 
  32 0.0076 0.0189 0.0234 0.2156 0.2058 0.1968 0.3318 
  33 0.0071 0.0129 0.0477 0.2374 0.1244 0.2685 0.3019 
  34 0.0202 0.0178 0.0214 0.1849 0.1024 0.4623 0.1910 
  35 0.0297 0.0084 0.0565 0.2419 0.3655 0.1398 0.1582 
  36 0.0062 0.0582 0.3177 0.1436 0.1565 0.1457 0.1722 
  37 0.0111 0.0092 0.0281 0.1353 0.2412 0.1895 0.3856 
  38 0.0075 0.2569 0.0739 0.1050 0.1555 0.2897 0.1115 
  39 0.0139 0.0243 0.0614 0.1906 0.2467 0.2986 0.1645 
  40 0.0059 0.0153 0.2375 0.1437 0.2093 0.1203 0.2680 
  41 0.0136 0.0162 0.3832 0.1453 0.1190 0.2094 0.1134 
  42 0.0065 0.0331 0.2612 0.0994 0.0907 0.1258 0.3832 
  43 0.0116 0.0086 0.2087 0.0929 0.2246 0.2041 0.2495 
  44 0.0125 0.0075 0.2961 0.1821 0.2381 0.1434 0.1204 
  45 0.0089 0.0405 0.1667 0.1255 0.3802 0.1628 0.1155 
  46 0.0191 0.0106 0.0471 0.2854 0.2879 0.2036 0.1464 
  47 0.0413 0.0081 0.0399 0.3010 0.2148 0.1791 0.2158 
  48 0.0175 0.0107 0.2330 0.1726 0.3262 0.1039 0.1360 
  49 0.0190 0.0133 0.0723 0.2194 0.2793 0.1858 0.2109 
  50 0.0192 0.0113 0.0365 0.2970 0.1636 0.3038 0.1686 
  51 0.0048 0.0208 0.5943 0.0618 0.1175 0.1026 0.0982 
  52 0.0186 0.0123 0.0918 0.1948 0.1586 0.3196 0.2043 
  53 0.0100 0.1093 0.0657 0.2486 0.1183 0.2457 0.2024 
  54 0.0172 0.0064 0.0414 0.1110 0.4411 0.1547 0.2282 
  55 0.0096 0.0090 0.0843 0.0866 0.4922 0.1443 0.1742 
  56 0.0108 0.0212 0.0738 0.2338 0.3415 0.1114 0.2075 
  57 0.0340 0.0123 0.0174 0.2301 0.1191 0.2349 0.3522 
  58 0.0080 0.0176 0.0913 0.1052 0.3757 0.1940 0.2082 
  59 0.0098 0.0664 0.1438 0.1579 0.2664 0.1820 0.1737 
  60 0.0056 0.0243 0.2284 0.0921 0.1834 0.1509 0.3153 
  61 0.0053 0.0070 0.0882 0.0530 0.4708 0.1173 0.2585 
  62 0.0499 0.0109 0.0254 0.2162 0.3643 0.1657 0.1678 
  63 0.0053 0.0132 0.0694 0.0947 0.2204 0.3138 0.2832 
  64 0.0106 0.0248 0.0210 0.3744 0.2687 0.1712 0.1294 
  65 0.0083 0.0094 0.0193 0.1018 0.2667 0.4899 0.1046 
  66 0.0062 0.0103 0.0263 0.0821 0.2985 0.2274 0.3491 
  67 0.0087 0.0070 0.0930 0.0811 0.5101 0.1578 0.1422 
  68 0.0120 0.0709 0.1650 0.1365 0.2356 0.1723 0.2076 
  69 0.0275 0.1605 0.1507 0.1164 0.1287 0.2205 0.1956 
  70 0.0052 0.0266 0.2408 0.0762 0.1140 0.2784 0.2588 
  71 0.0084 0.0430 0.2545 0.1205 0.2886 0.1854 0.0995 
  72 0.0075 0.0186 0.1002 0.3499 0.1687 0.2010 0.1542 
  73 0.0088 0.0132 0.0906 0.0739 0.4840 0.2017 0.1279 
  74 0.0061 0.0687 0.2071 0.1555 0.1605 0.1275 0.2745 
  75 0.0072 0.0390 0.1798 0.1263 0.1691 0.0959 0.3826 
  76 0.0071 0.0093 0.0933 0.0843 0.2752 0.3506 0.1803 
  77 0.0069 0.0417 0.2814 0.0937 0.2064 0.2627 0.1070 
  78 0.0080 0.1565 0.2408 0.0862 0.1541 0.2362 0.1181 
  79 0.0065 0.0131 0.0135 0.1782 0.1648 0.4720 0.1519 
  80 0.0069 0.0097 0.0158 0.0827 0.1163 0.2060 0.5627 
  81 0.0070 0.0115 0.0129 0.1034 0.1224 0.2850 0.4579 
  82 0.0061 0.0107 0.0315 0.0902 0.3362 0.2487 0.2766 
  83 0.0056 0.0252 0.0225 0.1092 0.1348 0.3174 0.3853 
  84 0.0056 0.0126 0.0158 0.1020 0.1216 0.3995 0.3429 
  85 0.0059 0.0317 0.0204 0.1663 0.1342 0.2330 0.4085 
  86 0.0114 0.0108 0.0284 0.1094 0.5145 0.1895 0.1359 
  87 0.0068 0.0215 0.0231 0.0921 0.1331 0.5557 0.1678 
  88 0.0064 0.0104 0.0161 0.0927 0.1733 0.2848 0.4164 
  89 0.0081 0.0106 0.0151 0.0883 0.1657 0.2330 0.4791 
  90 0.0060 0.0106 0.0143 0.0802 0.1814 0.5249 0.1827 
  91 0.0056 0.0278 0.0226 0.1022 0.1043 0.1877 0.5497 
  92 0.0065 0.0113 0.0152 0.1385 0.2280 0.3515 0.2489 
  93 0.0059 0.0083 0.0163 0.0679 0.0887 0.1089 0.7040 
  94 0.0052 0.0382 0.0269 0.0868 0.0782 0.6275 0.1372 
  95 0.0060 0.0100 0.0157 0.0606 0.1451 0.4478 0.3148 
  96 0.0058 0.0077 0.1012 0.0556 0.3163 0.1348 0.3786 
  97 0.0070 0.0557 0.0918 0.1618 0.2342 0.1084 0.3411 
  98 0.0051 0.0096 0.1026 0.1496 0.3092 0.1924 0.2315 
  99 0.0061 0.0114 0.0145 0.0880 0.1424 0.4251 0.3125 
 100 0.0072 0.0073 0.0183 0.0595 0.2140 0.1016 0.5920 
 101 0.0084 0.0255 0.0322 0.0923 0.1685 0.4019 0.2712 
 102 0.0086 0.0204 0.0499 0.0647 0.1220 0.2817 0.4528 
 103 0.0099 0.0086 0.0216 0.0622 0.3621 0.2702 0.2654 
 104 0.0067 0.0084 0.0167 0.0711 0.1816 0.5459 0.1694 
 105 0.0120 0.0080 0.0210 0.0598 0.2627 0.3879 0.2486 
 106 0.0057 0.0147 0.0213 0.1158 0.1371 0.6221 0.0834 
 107 0.0084 0.0086 0.0226 0.0668 0.2712 0.3878 0.2347 
 108 0.0052 0.1828 0.0432 0.0661 0.4511 0.1236 0.1280 
 109 0.0351 0.0281 0.0268 0.0940 0.2608 0.4669 0.0883 
 110 0.0068 0.0146 0.0216 0.1123 0.0943 0.6557 0.0949 
 111 0.0091 0.0097 0.0187 0.0631 0.1924 0.5857 0.1214 
 112 0.0194 0.0137 0.0437 0.0665 0.1249 0.6389 0.0930 
 113 0.0085 0.0205 0.0314 0.1276 0.4327 0.1918 0.1875 
 114 0.0071 0.0076 0.0156 0.0638 0.1773 0.5276 0.2011 
 115 0.0094 0.0113 0.0857 0.0793 0.2303 0.4272 0.1568 
 116 0.0089 0.0320 0.0625 0.0977 0.2700 0.4328 0.0961 
 117 0.0140 0.0146 0.0477 0.1084 0.1002 0.5908 0.1243 
 118 0.0075 0.0125 0.0158 0.0662 0.5871 0.1990 0.1120 
 119 0.0048 0.0175 0.1493 0.0566 0.1683 0.2286 0.3749 
 120 0.0100 0.0103 0.0324 0.0738 0.2614 0.4421 0.1700 
 121 0.0390 0.0138 0.1675 0.0773 0.2065 0.3837 0.1121 
 122 0.0064 0.0118 0.0197 0.1047 0.1660 0.5789 0.1125 
 123 0.0071 0.0160 0.0263 0.0807 0.1735 0.5400 0.1564 
 124 0.0136 0.0156 0.0910 0.1832 0.2529 0.3331 0.1106 
 125 0.0095 0.0249 0.1128 0.2373 0.1100 0.3788 0.1268 
 126 0.0046 0.0154 0.0571 0.0854 0.1857 0.4776 0.1743 
 127 0.0075 0.0083 0.0197 0.0549 0.2216 0.5608 0.1272 
 128 0.0064 0.0075 0.0169 0.0718 0.5954 0.1853 0.1166 
 129 0.0137 0.0082 0.0209 0.0640 0.4146 0.3691 0.1095 
 130 0.0115 0.0082 0.0162 0.0666 0.2136 0.4783 0.2057 
 131 0.0143 0.0991 0.1431 0.1461 0.1451 0.3584 0.0939 
 132 0.0086 0.0114 0.0228 0.0952 0.2758 0.4940 0.0922 
 133 0.0125 0.0134 0.0278 0.0735 0.2863 0.4275 0.1590 
 134 0.0058 0.0097 0.0171 0.0836 0.1033 0.7095 0.0710 
 135 0.0097 0.0124 0.0535 0.0642 0.2336 0.1038 0.5228 
 136 0.0093 0.0088 0.0158 0.1041 0.1007 0.0887 0.6725 
 137 0.0067 0.0091 0.0166 0.0670 0.0758 0.1476 0.6772 
 138 0.0057 0.0103 0.0225 0.0726 0.0806 0.0857 0.7226 
 139 0.0066 0.0099 0.0273 0.0923 0.3875 0.1040 0.3724 
 140 0.0062 0.0126 0.0338 0.0988 0.1711 0.1757 0.5019 
 141 0.0093 0.0117 0.0207 0.1542 0.1217 0.1029 0.5795 
 142 0.0073 0.0108 0.0607 0.0610 0.2634 0.1007 0.4961 
 143 0.0048 0.0077 0.0159 0.0557 0.0743 0.0768 0.7647 
 144 0.0061 0.0086 0.0177 0.0590 0.0812 0.1411 0.6863 
 145 0.0116 0.0116 0.0279 0.1654 0.1566 0.1044 0.5226 
 146 0.0118 0.0125 0.0237 0.1174 0.1232 0.1874 0.5240 
 147 0.0062 0.0080 0.0145 0.0648 0.0678 0.0802 0.7585 
 148 0.0088 0.0088 0.0356 0.1036 0.1764 0.1426 0.5242 
 149 0.0091 0.0121 0.0334 0.0778 0.1251 0.0897 0.6528 
 150 0.0081 0.0084 0.0200 0.0736 0.1237 0.2005 0.5656 
 151 0.0062 0.0076 0.0172 0.0612 0.1006 0.1050 0.7021 
 152 0.0091 0.0188 0.0614 0.1094 0.1634 0.1332 0.5047 
 153 0.0061 0.0106 0.0384 0.0806 0.0906 0.1142 0.6596 
 154 0.0162 0.0093 0.0227 0.0989 0.1426 0.0872 0.6232 
 155 0.0057 0.0073 0.0164 0.0567 0.0905 0.0994 0.7240 
 156 0.0057 0.0074 0.0521 0.0496 0.1532 0.1086 0.6234 
 157 0.0054 0.0097 0.0166 0.0579 0.0741 0.2134 0.6228 
 158 0.0109 0.0127 0.0245 0.1631 0.1195 0.1039 0.5654 
 159 0.0082 0.0085 0.0133 0.0607 0.0796 0.0796 0.7501 
 160 0.0103 0.0085 0.0131 0.0603 0.0959 0.0805 0.7314 
 161 0.0060 0.0115 0.0268 0.0968 0.0995 0.1323 0.6271 
 162 0.0155 0.0115 0.0235 0.1220 0.1749 0.1788 0.4737 
 163 0.0056 0.0071 0.0236 0.0522 0.0862 0.0931 0.7320 
 164 0.0171 0.0103 0.0156 0.0876 0.1946 0.1545 0.5203 
 165 0.0075 0.0086 0.0190 0.0621 0.1069 0.1901 0.6057 
 166 0.0071 0.0292 0.0354 0.0624 0.1095 0.2141 0.5423 
 167 0.0347 0.0105 0.0160 0.1376 0.1024 0.1218 0.5770 
 168 0.0062 0.0303 0.0342 0.0861 0.0937 0.1132 0.6363 
 169 0.0132 0.0454 0.0419 0.2852 0.1115 0.0969 0.4060 
 170 0.0056 0.0078 0.0372 0.0619 0.1335 0.1105 0.6434 
 171 0.0069 0.0227 0.0227 0.1072 0.1517 0.1345 0.5543 
 172 0.0079 0.0412 0.1123 0.1284 0.1298 0.0875 0.4931 
 173 0.0078 0.0074 0.0139 0.0598 0.1196 0.0806 0.7109 
 174 0.0070 0.0081 0.0137 0.0678 0.0872 0.1079 0.7083 
 175 0.0070 0.0076 0.0244 0.1012 0.0806 0.0850 0.6942 
 176 0.0063 0.0086 0.0181 0.0591 0.0806 0.1408 0.6866 
 177 0.0072 0.0147 0.0233 0.0783 0.0882 0.2501 0.5382 
 178 0.0087 0.0083 0.0150 0.1272 0.1026 0.1196 0.6185 
 179 0.0057 0.0076 0.0137 0.0625 0.0800 0.0797 0.7508 
 180 0.0130 0.0129 0.0282 0.1205 0.1114 0.1387 0.5753 
 181 0.0083 0.0109 0.0273 0.0859 0.1650 0.0964 0.6061 
 182 0.0092 0.0080 0.0174 0.0547 0.1555 0.0806 0.6746 
 183 0.0063 0.0076 0.0166 0.0654 0.0901 0.0817 0.7323 
 184 0.0090 0.0106 0.0150 0.1153 0.5908 0.1304 0.1289 
 185 0.0053 0.0079 0.0630 0.0481 0.1284 0.0735 0.6739 
 186 0.0081 0.0074 0.0172 0.1151 0.4885 0.2268 0.1369 
 187 0.0051 0.0091 0.0176 0.0959 0.3646 0.1220 0.3857 
 188 0.0085 0.0067 0.0161 0.0945 0.6114 0.1617 0.1011 
 189 0.0054 0.0397 0.0318 0.2128 0.1866 0.1401 0.3836 
 190 0.0053 0.0066 0.0786 0.0427 0.4110 0.0775 0.3784 
 191 0.0062 0.0071 0.0138 0.0767 0.5990 0.1104 0.1869 
 192 0.0053 0.0083 0.0155 0.0982 0.3286 0.1733 0.3708 
 193 0.0060 0.0093 0.0213 0.1193 0.3706 0.1447 0.3288 
 194 0.0069 0.0087 0.0282 0.0847 0.3300 0.1548 0.3866 
 195 0.0060 0.0069 0.0280 0.0559 0.3479 0.0772 0.4781 
 196 0.0050 0.0092 0.0361 0.0531 0.4863 0.1043 0.3061 
 197 0.0075 0.0085 0.0235 0.1963 0.3131 0.1862 0.2649 
 198 0.0052 0.0116 0.0281 0.1552 0.2864 0.2277 0.2857 
 199 0.0059 0.0127 0.0417 0.0634 0.4578 0.1116 0.3068 
 200 0.0056 0.0172 0.0366 0.0965 0.4499 0.1240 0.2702 
 201 0.0049 0.0067 0.0190 0.0710 0.2486 0.0913 0.5585 
 202 0.0049 0.0067 0.0334 0.0544 0.1923 0.1046 0.6036 
 203 0.0067 0.0070 0.0166 0.0555 0.3359 0.0832 0.4951 
 204 0.0066 0.0065 0.0240 0.0502 0.5585 0.0822 0.2720 
 205 0.0055 0.0112 0.0242 0.0669 0.5693 0.1064 0.2165 
 206 0.0069 0.0066 0.0173 0.0694 0.5376 0.0824 0.2798 
 207 0.0054 0.0066 0.0218 0.0540 0.6371 0.1029 0.1723 
 208 0.0053 0.0068 0.0195 0.0587 0.4481 0.0937 0.3680 
 209 0.0057 0.0071 0.0197 0.0831 0.5093 0.1251 0.2499 
 210 0.0056 0.0067 0.0181 0.0603 0.5166 0.1031 0.2895 
 211 0.0086 0.0068 0.0369 0.0533 0.4621 0.1223 0.3100 
 212 0.0048 0.0078 0.0314 0.0922 0.1714 0.0976 0.5948 
 213 0.0057 0.0106 0.0754 0.0749 0.3651 0.2054 0.2629 
 214 0.0056 0.0067 0.0210 0.0640 0.2464 0.0900 0.5663 
 215 0.0052 0.0106 0.0180 0.0598 0.6382 0.1075 0.1607 
 216 0.0095 0.0106 0.0175 0.1584 0.4620 0.1577 0.1843 
 217 0.0052 0.0106 0.0235 0.0743 0.2936 0.0882 0.5046 
 218 0.0060 0.0109 0.0154 0.0708 0.5327 0.1243 0.2398 
 219 0.0105 0.0180 0.0178 0.1796 0.2780 0.1348 0.3614 
 220 0.0061 0.0067 0.0155 0.0555 0.6324 0.0935 0.1904 
 221 0.0053 0.0067 0.0513 0.0498 0.1319 0.0741 0.6809 
 222 0.0090 0.0101 0.0181 0.2309 0.3102 0.1605 0.2612 
 223 0.0051 0.0115 0.0191 0.1211 0.2459 0.1292 0.4680 
 224 0.0076 0.0068 0.0164 0.0681 0.3720 0.0861 0.4430 
 225 0.0057 0.0082 0.0252 0.0662 0.5107 0.1012 0.2828 
 226 0.0073 0.0955 0.0196 0.1094 0.3836 0.1210 0.2638 
 227 0.0053 0.0069 0.0443 0.0574 0.3738 0.1106 0.4017 
 228 0.0067 0.0072 0.0584 0.0510 0.3764 0.0732 0.4272 
 229 0.0072 0.0068 0.0147 0.0726 0.3551 0.0996 0.4441 
 230 0.0076 0.0068 0.0147 0.0590 0.4543 0.0927 0.3650 
 231 0.0064 0.0073 0.0148 0.1050 0.3755 0.1020 0.3890 
 232 0.0072 0.0137 0.0371 0.0973 0.2794 0.1663 0.3991 
 233 0.0058 0.0066 0.0161 0.0644 0.2212 0.0892 0.5966 
 234 0.0050 0.0090 0.0157 0.1388 0.3513 0.1675 0.3127 
 235 0.0056 0.0141 0.0244 0.1004 0.3250 0.1194 0.4112 
 236 0.0057 0.0089 0.0160 0.0867 0.3143 0.1099 0.4585 
 237 0.0061 0.0071 0.0224 0.0631 0.6208 0.1007 0.1797 
 238 0.0051 0.0066 0.0220 0.0741 0.2155 0.1216 0.5551 
 239 0.0062 0.0068 0.0285 0.0560 0.3466 0.0775 0.4784 
 240 0.0050 0.0066 0.0223 0.0743 0.2169 0.1212 0.5537 
 241 0.0066 0.0089 0.0239 0.0636 0.2047 0.0943 0.5980 
 242 0.0070 0.0176 0.0257 0.1333 0.3861 0.1224 0.3078 
 243 0.0053 0.0066 0.0341 0.0478 0.5058 0.0843 0.3160 
 244 0.0068 0.0067 0.0159 0.0583 0.3875 0.0834 0.4415 
 245 0.0050 0.0067 0.0265 0.0565 0.1342 0.0976 0.6735 
 246 0.0051 0.0108 0.0236 0.0751 0.2914 0.0889 0.5050 
 247 0.0048 0.0120 0.0300 0.0865 0.4140 0.3226 0.1301 
 248 0.0051 0.0077 0.0172 0.0664 0.6594 0.1198 0.1243 
 249 0.0062 0.0067 0.0193 0.0640 0.3381 0.1016 0.4642 
 250 0.0062 0.0087 0.0150 0.0837 0.3894 0.1218 0.3752 
 251 0.0063 0.0316 0.0224 0.1476 0.4076 0.1685 0.2160 
 252 0.0056 0.0086 0.0276 0.0839 0.3704 0.1134 0.3905 
 253 0.0053 0.0169 0.0289 0.0931 0.4602 0.1860 0.2097 
 254 0.0085 0.0082 0.0182 0.1674 0.3983 0.1337 0.2657 
 255 0.0056 0.0072 0.0198 0.1230 0.3671 0.1464 0.3310 
 256 0.0059 0.0080 0.0245 0.0727 0.3496 0.1024 0.4369 
 257 0.0155 0.0098 0.0200 0.0771 0.4450 0.1290 0.3035 
 258 0.0048 0.0088 0.0393 0.0818 0.4765 0.1646 0.2242 
 259 0.0068 0.0082 0.0161 0.0759 0.5046 0.1113 0.2771 
 260 0.0084 0.0087 0.0161 0.1881 0.2213 0.1449 0.4125 
 261 0.0050 0.0089 0.0305 0.0825 0.2775 0.1008 0.4949 
 262 0.0057 0.0102 0.0423 0.0509 0.3282 0.0750 0.4878 
 263 0.0110 0.0067 0.0168 0.0820 0.6218 0.1040 0.1577 
 264 0.0113 0.0099 0.0187 0.3509 0.3576 0.1466 0.1050 
 265 0.0051 0.0131 0.0171 0.1049 0.4281 0.1147 0.3170 
 266 0.0055 0.0066 0.0328 0.0499 0.1620 0.0747 0.6684 
 267 0.0052 0.0073 0.0205 0.1079 0.3696 0.1368 0.3527 
 268 0.0051 0.0091 0.0362 0.0537 0.4824 0.1050 0.3083 
 269 0.0052 0.0246 0.0184 0.2116 0.2678 0.1363 0.3362 
 270 0.0104 0.0083 0.0163 0.1313 0.4891 0.1616 0.1830 
 271 0.0057 0.0110 0.0221 0.0764 0.5388 0.1348 0.2112 
 272 0.0071 0.0865 0.0260 0.0806 0.4630 0.1221 0.2147 
 273 0.0401 0.0294 0.0279 0.1468 0.2665 0.1686 0.3208 
 274 0.0057 0.0174 0.0166 0.1029 0.4779 0.1321 0.2474 
 275 0.0109 0.0274 0.0212 0.1138 0.4521 0.1062 0.2684 
 276 0.0072 0.0578 0.0303 0.0795 0.4994 0.1307 0.1950 
 277 0.0056 0.0108 0.0182 0.1328 0.2805 0.1312 0.4209 
 278 0.0050 0.0106 0.0203 0.0588 0.6134 0.1010 0.1909 
 279 0.0058 0.0111 0.0172 0.0993 0.4156 0.1234 0.3276 
 280 0.0055 0.0201 0.0251 0.1532 0.4011 0.1144 0.2806 
 281 0.0062 0.0104 0.0179 0.0898 0.4486 0.1683 0.2588 
 282 0.0048 0.0089 0.0155 0.1137 0.2074 0.1180 0.5316 
 283 0.0054 0.0069 0.0190 0.0723 0.2114 0.1116 0.5736 
 284 0.0054 0.0089 0.0226 0.0863 0.3353 0.1608 0.3806 
 285 0.0054 0.0112 0.0298 0.0758 0.6548 0.1274 0.0956 
 286 0.0070 0.0067 0.0160 0.0581 0.3878 0.0843 0.4402 
 287 0.0058 0.0177 0.0179 0.1364 0.3258 0.1720 0.3245 
 288 0.0068 0.0537 0.0175 0.0796 0.5298 0.1116 0.2009 
 289 0.0092 0.0396 0.0294 0.0831 0.5036 0.1538 0.1813 
 290 0.0114 0.0095 0.0563 0.1770 0.3919 0.1092 0.2447 
 291 0.0057 0.0109 0.0220 0.0765 0.5373 0.1354 0.2123 
 292 0.0054 0.0227 0.0492 0.1218 0.3432 0.1070 0.3507 
 293 0.0071 0.0097 0.0617 0.2447 0.3671 0.1404 0.1693 
 294 0.0118 0.0086 0.0230 0.0770 0.6346 0.1031 0.1419 
 295 0.0075 0.0449 0.0345 0.1000 0.4270 0.1432 0.2430 
 296 0.0057 0.0108 0.0180 0.0567 0.5927 0.1183 0.1978 
 297 0.0060 0.0189 0.0218 0.1631 0.4470 0.1286 0.2146 
 298 0.0057 0.0088 0.0148 0.1127 0.2737 0.1372 0.4472 
 299 0.0118 0.0067 0.0158 0.1252 0.5291 0.1173 0.1943 
 300 0.0062 0.0091 0.0226 0.0725 0.6536 0.0994 0.1367 
 301 0.0100 0.0131 0.0157 0.1488 0.5090 0.1302 0.1731 
 302 0.0123 0.0093 0.0300 0.0738 0.6185 0.1024 0.1537 
 303 0.0067 0.0093 0.0244 0.1001 0.3222 0.0993 0.4380 
 304 0.0087 0.0073 0.0165 0.1924 0.1438 0.1887 0.4426 
 305 0.0072 0.0104 0.0247 0.0573 0.4655 0.0788 0.3561 
 306 0.0055 0.0146 0.0231 0.0956 0.2471 0.1028 0.5114 
 307 0.0072 0.0108 0.0165 0.1030 0.3627 0.1256 0.3742 
 308 0.0051 0.0092 0.0310 0.0827 0.2780 0.1014 0.4927 
 309 0.0241 0.0163 0.0331 0.0647 0.5612 0.1222 0.1785 
 310 0.0052 0.0066 0.0250 0.0580 0.4107 0.0855 0.4090 
 311 0.0074 0.0067 0.0151 0.0586 0.4556 0.0915 0.3651 
 312 0.0053 0.0066 0.0195 0.0506 0.6165 0.1067 0.1948 
 313 0.0060 0.0079 0.0308 0.0510 0.6819 0.0923 0.1301 
 314 0.0053 0.0100 0.0281 0.0561 0.0773 0.0753 0.7479 
 315 0.0051 0.0180 0.0354 0.0648 0.0755 0.0960 0.7052 
 316 0.0083 0.0343 0.0243 0.0848 0.0729 0.1070 0.6684 
 317 0.0059 0.0111 0.0167 0.0603 0.0678 0.0778 0.7604 
 318 0.0061 0.0115 0.0130 0.0659 0.0612 0.0791 0.7633 
 319 0.0059 0.0076 0.0157 0.0558 0.0773 0.0768 0.7609 
 320 0.0052 0.0100 0.0282 0.0560 0.0772 0.0751 0.7484 
 321 0.0061 0.0115 0.0158 0.0680 0.0649 0.0805 0.7533 
 322 0.0080 0.0312 0.0367 0.0742 0.0831 0.1044 0.6624 
 323 0.0121 0.0088 0.0131 0.0661 0.0661 0.0780 0.7558 
 324 0.0064 0.0116 0.0157 0.0674 0.0643 0.0806 0.7540 
 325 0.0065 0.0359 0.0207 0.0751 0.0665 0.1008 0.6946 
 326 0.0172 0.0783 0.0271 0.0743 0.0679 0.0993 0.6359 
 327 0.0055 0.0111 0.0167 0.0606 0.0676 0.0777 0.7607 
 328 0.0055 0.0198 0.0260 0.0710 0.0778 0.1040 0.6959 
 329 0.0052 0.0078 0.0128 0.0626 0.0612 0.0787 0.7716 
 330 0.0057 0.0109 0.0168 0.0592 0.0676 0.0778 0.7620 
 331 0.0056 0.0080 0.0123 0.0604 0.0668 0.0781 0.7687 
 332 0.0195 0.0479 0.0227 0.0856 0.0653 0.1012 0.6578 
 333 0.0148 0.0404 0.0271 0.0719 0.0748 0.1023 0.6688 
 334 0.0055 0.0202 0.0250 0.0707 0.0789 0.1032 0.6965 
 335 0.0051 0.0192 0.0290 0.0637 0.0737 0.0984 0.7108 
 336 0.0167 0.0129 0.0224 0.0694 0.0692 0.0769 0.7325 
 337 0.0058 0.0349 0.0271 0.0761 0.0707 0.1041 0.6813 
 338 0.0082 0.0130 0.0132 0.0683 0.0613 0.0804 0.7555 
 339 0.0056 0.0080 0.0128 0.0610 0.0673 0.0784 0.7671 
 340 0.0052 0.0078 0.0130 0.0551 0.0704 0.0754 0.7732 
 341 0.0190 0.0139 0.0156 0.0647 0.0721 0.0804 0.7342 
 342 0.0058 0.0113 0.0169 0.0592 0.0676 0.0781 0.7611 
 343 0.0108 0.0194 0.0524 0.0714 0.0783 0.0963 0.6714 
 344 0.0055 0.0082 0.0127 0.0617 0.0618 0.0788 0.7714 
 345 0.0060 0.0109 0.0167 0.0603 0.0675 0.0772 0.7614 
 346 0.0059 0.0107 0.0138 0.0598 0.0648 0.0761 0.7689 
 347 0.0054 0.0080 0.0132 0.0561 0.0638 0.0757 0.7778 
 348 0.0047 0.0159 0.0556 0.0580 0.0864 0.0937 0.6857 
 349 0.0057 0.0109 0.0169 0.0599 0.0674 0.0780 0.7611 
 350 0.0055 0.0074 0.0189 0.0579 0.0808 0.0761 0.7534 
 351 0.0051 0.0189 0.0280 0.0643 0.0747 0.0996 0.7094 
 352 0.0057 0.0313 0.0309 0.0667 0.0745 0.0990 0.6920 
 353 0.0171 0.0132 0.0227 0.0693 0.0689 0.0767 0.7322 
 354 0.0078 0.0091 0.0134 0.0652 0.0639 0.0799 0.7607 
 355 0.0061 0.0116 0.0130 0.0668 0.0619 0.0794 0.7613 
 356 0.0048 0.0156 0.0567 0.0584 0.0841 0.0931 0.6874 
 357 0.0052 0.0364 0.0201 0.1867 0.0901 0.1681 0.4934 
 358 0.0069 0.0229 0.0203 0.0738 0.0664 0.1030 0.7068 
 359 0.0066 0.0084 0.0127 0.0631 0.0676 0.0791 0.7625 
 360 0.0060 0.0106 0.0140 0.0593 0.0642 0.0765 0.7696 
 361 0.0052 0.0338 0.0285 0.1904 0.0996 0.1726 0.4698 
 362 0.0082 0.0481 0.0275 0.1435 0.2778 0.3303 0.1644 
 363 0.0078 0.0218 0.0365 0.2049 0.1721 0.4424 0.1145 
 364 0.0130 0.0128 0.0231 0.3030 0.1446 0.1799 0.3235 
 365 0.0216 0.0358 0.0256 0.4190 0.1616 0.2116 0.1247 
 366 0.0071 0.0269 0.0950 0.2628 0.2357 0.1473 0.2253 
 367 0.0053 0.0225 0.0181 0.1123 0.0870 0.6682 0.0866 
 368 0.0064 0.0118 0.0143 0.1397 0.2930 0.3808 0.1540 
 369 0.0101 0.0124 0.1202 0.1789 0.1607 0.1724 0.3453 
 370 0.0196 0.0179 0.0222 0.1281 0.3060 0.3342 0.1719 
 371 0.0154 0.0126 0.0321 0.2579 0.2802 0.1952 0.2066 
 372 0.0693 0.0285 0.0252 0.0978 0.3823 0.2198 0.1772 
 373 0.0069 0.0102 0.0212 0.1702 0.1400 0.4278 0.2237 
 374 0.0100 0.0335 0.0225 0.1934 0.1474 0.2442 0.3489 
 375 0.0214 0.0157 0.0190 0.2971 0.1618 0.3800 0.1050 
 376 0.0799 0.0213 0.0227 0.4265 0.0728 0.2777 0.0991 
 377 0.0086 0.0279 0.0239 0.2410 0.3149 0.2315 0.1521 
 378 0.0067 0.0105 0.0203 0.0705 0.1166 0.4906 0.2847 
 379 0.1581 0.0246 0.0320 0.3408 0.0891 0.2669 0.0884 
 380 0.0102 0.0688 0.0731 0.3806 0.1196 0.1159 0.2320 
 381 0.0077 0.0127 0.0780 0.4910 0.1008 0.1006 0.2091 
 382 0.0062 0.0136 0.0147 0.2541 0.1137 0.4737 0.1238 
 383 0.0185 0.0768 0.0250 0.4847 0.1106 0.0978 0.1866 
 384 0.0755 0.0301 0.0251 0.3900 0.1051 0.2007 0.1734 
 385 0.0798 0.0115 0.0139 0.1962 0.1626 0.2746 0.2613 
 386 0.0049 0.0177 0.0213 0.1978 0.1189 0.5253 0.1141 
 387 0.0055 0.0156 0.0255 0.2376 0.1266 0.4525 0.1367 
 388 0.0247 0.0204 0.0179 0.2187 0.1483 0.2655 0.3046 
 389 0.0158 0.0125 0.0378 0.0895 0.5716 0.1486 0.1242 
 390 0.0190 0.0575 0.1326 0.1334 0.1297 0.4177 0.1101 
 391 0.0235 0.0255 0.0490 0.1133 0.2531 0.3412 0.1944 
 392 0.0081 0.0131 0.0215 0.3709 0.1410 0.2484 0.1970 
 393 0.0081 0.0518 0.1705 0.3836 0.0767 0.1341 0.1753 
 394 0.0059 0.0262 0.0192 0.1132 0.1165 0.3768 0.3422 
 395 0.0047 0.0517 0.0847 0.1441 0.3182 0.2588 0.1377 
 396 0.0066 0.0092 0.0150 0.2548 0.1650 0.4571 0.0923 
 397 0.0810 0.0087 0.0192 0.2296 0.2566 0.1320 0.2728 
 398 0.0361 0.0696 0.0392 0.2369 0.0868 0.4325 0.0988 
 399 0.0058 0.0363 0.0348 0.0787 0.1657 0.5512 0.1274 
 400 0.0077 0.0117 0.0247 0.2336 0.0900 0.4638 0.1684 
 401 0.0051 0.0115 0.0516 0.0799 0.1431 0.5300 0.1787 
 402 0.0075 0.0105 0.0692 0.2313 0.1927 0.3193 0.1696 
 403 0.0085 0.0165 0.0228 0.1384 0.1546 0.2155 0.4438 
 404 0.0121 0.0101 0.0201 0.3100 0.2405 0.1979 0.2093 
 405 0.0051 0.0346 0.0296 0.2443 0.2219 0.2633 0.2011 
 406 0.0048 0.2258 0.1551 0.0953 0.1562 0.1135 0.2494 
 407 0.0050 0.0395 0.0240 0.5264 0.1011 0.2127 0.0913 
 408 0.0045 0.0083 0.0509 0.0620 0.2986 0.4830 0.0926 
 409 0.0130 0.0397 0.2529 0.1396 0.0921 0.1345 0.3283 
 410 0.0799 0.0358 0.0347 0.2180 0.1220 0.3386 0.1711 
 411 0.0227 0.0128 0.0678 0.3779 0.1014 0.1986 0.2188 
 412 0.0062 0.0114 0.0141 0.1754 0.2111 0.4415 0.1403 
 413 0.0056 0.0108 0.0160 0.1025 0.1519 0.4437 0.2695 
 414 0.0078 0.0086 0.0162 0.1591 0.2620 0.4534 0.0930 
 415 0.0062 0.0261 0.0529 0.3586 0.1444 0.2753 0.1364 
 416 0.0092 0.0115 0.0639 0.2093 0.1477 0.3636 0.1949 
 417 0.0067 0.1526 0.0263 0.2418 0.1131 0.3452 0.1144 
 418 0.0084 0.0105 0.0135 0.1618 0.1283 0.5734 0.1041 
 419 0.0174 0.0215 0.0492 0.1946 0.1524 0.2625 0.3023 
 420 0.0045 0.0105 0.1252 0.0798 0.1567 0.5014 0.1218 
 421 0.0080 0.0494 0.0234 0.1794 0.1836 0.4308 0.1253 
 422 0.0074 0.0571 0.0555 0.2222 0.3543 0.1675 0.1360 
 423 0.0108 0.0313 0.0318 0.2608 0.2078 0.2931 0.1644 
 424 0.0091 0.0392 0.1005 0.0893 0.1207 0.4701 0.1712 
 425 0.0445 0.0173 0.0230 0.2956 0.1998 0.2322 0.1877 
 426 0.0477 0.0523 0.0217 0.1464 0.1202 0.4170 0.1945 
 427 0.0061 0.0837 0.0353 0.2178 0.0727 0.3767 0.2076 
 428 0.0207 0.1560 0.0613 0.1661 0.1575 0.1503 0.2881 
 429 0.0070 0.0186 0.0176 0.3087 0.0874 0.4734 0.0873 
 430 0.0064 0.0851 0.0646 0.3553 0.1170 0.2621 0.1095 
 431 0.0157 0.0298 0.0166 0.0992 0.2456 0.4056 0.1876 
 432 0.0061 0.0113 0.0155 0.1398 0.2297 0.4303 0.1673 
 433 0.0130 0.0101 0.0195 0.1054 0.2448 0.1868 0.4204 
 434 0.0070 0.0114 0.0315 0.2744 0.2236 0.2159 0.2362 
 435 0.0049 0.1995 0.0389 0.1949 0.0954 0.3710 0.0954 
 436 0.0078 0.2794 0.0499 0.1789 0.0612 0.2762 0.1466 
 437 0.0082 0.0240 0.0184 0.5334 0.1116 0.2002 0.1043 
 438 0.0059 0.1762 0.2113 0.0949 0.0861 0.2591 0.1665 
 439 0.0056 0.1906 0.0475 0.3058 0.0653 0.2569 0.1282 
 440 0.0044 0.2828 0.0291 0.1652 0.0873 0.3525 0.0787 
 441 0.0061 0.0476 0.0417 0.2859 0.0904 0.3227 0.2055 
 442 0.0085 0.0119 0.0361 0.2890 0.1450 0.3990 0.1103 
 443 0.0052 0.0304 0.1203 0.0955 0.1237 0.5287 0.0961 
 444 0.0081 0.0234 0.0556 0.2952 0.1345 0.3746 0.1087 
 445 0.0381 0.0264 0.2116 0.2645 0.0894 0.1437 0.2263 
 446 0.0414 0.1040 0.0412 0.1989 0.0584 0.4505 0.1057 
 447 0.0089 0.1953 0.0699 0.1314 0.1264 0.2713 0.1968 
 448 0.0055 0.0445 0.0273 0.3117 0.1322 0.3631 0.1157 
 449 0.0059 0.0445 0.0271 0.3109 0.1358 0.2928 0.1830 
 450 0.0080 0.0122 0.0193 0.4905 0.0709 0.2474 0.1517 
 451 0.0056 0.0187 0.0205 0.0979 0.1606 0.6158 0.0808 
 452 0.0060 0.0215 0.0174 0.4211 0.0754 0.3089 0.1497 
 453 0.0053 0.0140 0.2669 0.0922 0.1901 0.2671 0.1645 
 454 0.0056 0.0603 0.0249 0.2883 0.1058 0.3269 0.1883 
 455 0.0049 0.2308 0.1236 0.1520 0.0784 0.3073 0.1030 
 456 0.0067 0.0525 0.1071 0.2725 0.1512 0.3087 0.1013 
 457 0.0061 0.0489 0.0223 0.5185 0.0976 0.1923 0.1144 
 458 0.0371 0.0435 0.0498 0.4105 0.0729 0.2635 0.1227 
 459 0.0053 0.0549 0.0615 0.1354 0.0623 0.4674 0.2131 
 460 0.0049 0.0416 0.0427 0.1305 0.0684 0.6098 0.1022 
 461 0.0067 0.0132 0.0188 0.1279 0.0619 0.6708 0.1008 
 462 0.0156 0.0191 0.1761 0.2701 0.1753 0.2697 0.0740 
 463 0.0046 0.1433 0.3130 0.0968 0.1437 0.1551 0.1434 
 464 0.0046 0.0399 0.0680 0.1048 0.0984 0.5807 0.1035 
 465 0.0077 0.0231 0.0529 0.1312 0.1234 0.5347 0.1270 
 466 0.0046 0.0443 0.1239 0.1051 0.1605 0.4503 0.1112 
 467 0.0063 0.0269 0.1562 0.2027 0.1315 0.3238 0.1526 
 468 0.0055 0.2674 0.0731 0.2805 0.1171 0.1567 0.0997 
 469 0.0051 0.4681 0.0384 0.1462 0.0606 0.1802 0.1014 
 470 0.0049 0.2830 0.0305 0.1352 0.0751 0.3759 0.0954 
 471 0.0077 0.0164 0.0948 0.2135 0.2297 0.3226 0.1152 
 472 0.0076 0.0145 0.0865 0.2903 0.1636 0.3122 0.1253 
 473 0.0057 0.0492 0.0292 0.2818 0.1781 0.2817 0.1744 
 474 0.0053 0.0190 0.0416 0.3660 0.1006 0.3067 0.1609 
 475 0.0058 0.0240 0.0319 0.1327 0.1181 0.4818 0.2056 
 476 0.0077 0.0245 0.0657 0.4301 0.0794 0.2714 0.1212 
 477 0.0071 0.0244 0.0578 0.1071 0.0928 0.5540 0.1568 
 478 0.0085 0.0178 0.0245 0.0732 0.0747 0.7098 0.0915 
 479 0.0048 0.0692 0.0254 0.2368 0.0742 0.4937 0.0959 
 480 0.0062 0.0547 0.0220 0.5089 0.0705 0.2309 0.1067 
 481 0.0065 0.0151 0.0213 0.2825 0.3083 0.2586 0.1076 
 482 0.0063 0.0254 0.0184 0.3499 0.0691 0.4345 0.0964 
 483 0.0062 0.2707 0.0352 0.2039 0.0681 0.2891 0.1268 
 484 0.0059 0.1927 0.1968 0.1593 0.1278 0.1918 0.1256 
 485 0.0051 0.5170 0.0283 0.0857 0.0630 0.2081 0.0928 
 486 0.0157 0.0105 0.0363 0.1336 0.4038 0.2494 0.1506 
 487 0.0137 0.0115 0.0254 0.2031 0.2500 0.2173 0.2791 
 488 0.0108 0.0114 0.0190 0.1108 0.3410 0.2996 0.2074 
 489 0.0129 0.0077 0.0569 0.2394 0.2510 0.1342 0.2980 
 490 0.0080 0.0114 0.0460 0.1358 0.2399 0.4568 0.1023 
 491 0.0128 0.0084 0.0194 0.1050 0.4531 0.1398 0.2615 
 492 0.0051 0.0092 0.0384 0.0858 0.1712 0.3031 0.3872 
 493 0.0145 0.0083 0.0199 0.1495 0.4978 0.1554 0.1547 
 494 0.0540 0.0156 0.0236 0.1294 0.3531 0.1786 0.2457 
 495 0.0497 0.0099 0.0509 0.0861 0.1518 0.3690 0.2825 
 496 0.0064 0.0112 0.0295 0.1074 0.1998 0.1589 0.4867 
 497 0.0455 0.0091 0.0156 0.1447 0.4180 0.1364 0.2307 
 498 0.0199 0.0124 0.0629 0.1471 0.2693 0.2950 0.1934 
 499 0.0401 0.0105 0.0228 0.1450 0.2490 0.1335 0.3990 
 500 0.0224 0.0169 0.0187 0.2510 0.3808 0.1531 0.1570 
 501 0.0130 0.0121 0.0171 0.2059 0.1765 0.2308 0.3447 
 502 0.0095 0.0105 0.0146 0.1354 0.1479 0.3105 0.3716 
 503 0.0080 0.0140 0.0202 0.4096 0.2073 0.2170 0.1240 
 504 0.0090 0.0108 0.0373 0.0882 0.2307 0.4798 0.1442 
 505 0.0094 0.0132 0.0265 0.0871 0.4759 0.1493 0.2386 
 506 0.0086 0.0084 0.0185 0.1052 0.2104 0.3059 0.3431 
 507 0.0074 0.0079 0.0310 0.0654 0.1432 0.0856 0.6594 
 508 0.0212 0.0077 0.0403 0.0597 0.1779 0.1019 0.5912 
 509 0.0082 0.0110 0.0237 0.0835 0.3901 0.1439 0.3396 
 510 0.0278 0.0084 0.0218 0.2071 0.1681 0.1761 0.3908 
 511 0.0139 0.0421 0.0324 0.1799 0.2415 0.3337 0.1564 
 512 0.0094 0.0125 0.0151 0.3285 0.1670 0.3609 0.1066 
 513 0.0246 0.0077 0.0465 0.0473 0.5174 0.2021 0.1544 
 514 0.0080 0.0102 0.0219 0.0759 0.1701 0.5170 0.1968 
 515 0.0157 0.0413 0.0581 0.2316 0.1791 0.1786 0.2955 
 516 0.0091 0.0129 0.0311 0.0806 0.3663 0.3144 0.1856 
 517 0.0071 0.0318 0.0877 0.0889 0.1706 0.3121 0.3017 
 518 0.0630 0.0082 0.0177 0.2400 0.1914 0.1427 0.3370 
 519 0.0056 0.0127 0.0244 0.0797 0.1447 0.5251 0.2079 
 520 0.0066 0.1772 0.0951 0.0732 0.1291 0.1110 0.4078 
 521 0.0070 0.0090 0.0249 0.0738 0.1972 0.2511 0.4370 
 522 0.0322 0.0207 0.1544 0.2857 0.1630 0.1936 0.1504 
 523 0.0084 0.0200 0.1775 0.0595 0.1422 0.2238 0.3685 
 524 0.0083 0.2376 0.0497 0.0963 0.1846 0.2077 0.2159 
 525 0.0700 0.0343 0.0409 0.1782 0.1531 0.1426 0.3809 
 526 0.0050 0.2723 0.1593 0.0766 0.1685 0.1054 0.2128 
 527 0.0718 0.0088 0.0160 0.2660 0.1815 0.3005 0.1554 
 528 0.0054 0.0072 0.0211 0.0784 0.2164 0.1233 0.5483 
 529 0.0879 0.0087 0.0204 0.1120 0.3118 0.1844 0.2747 
 530 0.0081 0.0199 0.0688 0.2906 0.1815 0.2117 0.2194 
 531 0.0074 0.0269 0.0394 0.1341 0.1154 0.1991 0.4777 
 532 0.0298 0.0083 0.0281 0.1342 0.2602 0.1858 0.3536 
 533 0.0587 0.0253 0.0448 0.2068 0.2941 0.1810 0.1892 
 534 0.0790 0.0092 0.0424 0.0591 0.4287 0.1454 0.2361 
 535 0.0054 0.0268 0.1402 0.0876 0.1886 0.3366 0.2147 
 536 0.0075 0.0325 0.1189 0.2065 0.1651 0.1771 0.2924 
 537 0.0066 0.0109 0.1371 0.1117 0.1399 0.1538 0.4399 
 538 0.0058 0.0199 0.0634 0.1055 0.2867 0.1598 0.3590 
 539 0.0049 0.0068 0.0292 0.0775 0.1412 0.0942 0.6461 
 540 0.0081 0.0281 0.0540 0.1304 0.2961 0.1409 0.3423 
 541 0.0089 0.0132 0.0790 0.1418 0.1281 0.1592 0.4698 
 542 0.0064 0.0209 0.2481 0.1665 0.2950 0.1181 0.1449 
 543 0.0083 0.0244 0.2013 0.0691 0.1611 0.2547 0.2810 
 544 0.0053 0.0179 0.2138 0.1043 0.2432 0.1625 0.2530 
 545 0.0053 0.0568 0.4062 0.1004 0.1603 0.1616 0.1093 
 546 0.0067 0.0095 0.1060 0.1227 0.3592 0.1367 0.2592 
 547 0.0052 0.0205 0.4154 0.0632 0.1038 0.1416 0.2504 
 548 0.0064 0.0084 0.0149 0.0857 0.3869 0.1220 0.3757 
 549 0.0066 0.0370 0.2097 0.1320 0.0728 0.1149 0.4270 
 550 0.0048 0.0887 0.2627 0.0861 0.1317 0.2583 0.1677 
 551 0.0068 0.0162 0.0483 0.1070 0.0849 0.1600 0.5768 
 552 0.0054 0.0098 0.0467 0.1233 0.3482 0.1133 0.3533 
 553 0.0069 0.0155 0.3839 0.0529 0.1362 0.1397 0.2649 
 554 0.0157 0.0166 0.0656 0.2059 0.2226 0.2130 0.2606 
 555 0.0096 0.0136 0.0642 0.0814 0.1805 0.1506 0.5002 
 556 0.0058 0.0100 0.0493 0.1166 0.3028 0.1597 0.3558 
 557 0.0051 0.0766 0.2416 0.1166 0.0984 0.2556 0.2061 
 558 0.0063 0.0310 0.0169 0.3536 0.0605 0.4322 0.0996 
 559 0.0075 0.0091 0.0268 0.1100 0.4036 0.2956 0.1475 
 560 0.0052 0.0444 0.0390 0.1427 0.1065 0.5872 0.0751 
 561 0.0060 0.0188 0.0316 0.1896 0.2005 0.4520 0.1015 
 562 0.0075 0.0254 0.0435 0.1395 0.2654 0.4423 0.0766 
 563 0.0082 0.0167 0.0405 0.0830 0.0817 0.4819 0.2880 
 564 0.0120 0.0199 0.0371 0.1064 0.4774 0.1946 0.1525 
 565 0.0057 0.0561 0.0217 0.5415 0.0838 0.1804 0.1108 
 566 0.0043 0.0248 0.0186 0.1125 0.0893 0.6708 0.0797 
 567 0.0076 0.0149 0.0216 0.0939 0.5694 0.1904 0.1022 
 568 0.0054 0.0204 0.0333 0.1089 0.2253 0.4489 0.1577 
 569 0.0085 0.0286 0.1001 0.1972 0.1343 0.3794 0.1518 
 570 0.0084 0.0268 0.0185 0.4108 0.0900 0.3623 0.0833 
 571 0.0053 0.0235 0.0184 0.0720 0.1372 0.6235 0.1202 
 572 0.0048 0.0220 0.2577 0.1271 0.1465 0.1591 0.2828 
 573 0.0099 0.1854 0.0285 0.0826 0.3791 0.1679 0.1465 
 574 0.0083 0.0238 0.0316 0.3447 0.1204 0.2103 0.2609 
 575 0.0057 0.0148 0.0254 0.1012 0.1472 0.4616 0.2441 
 576 0.0062 0.0213 0.0164 0.1165 0.1006 0.6592 0.0798 
 577 0.0081 0.0121 0.0232 0.3323 0.1227 0.2526 0.2490 
 578 0.0057 0.0351 0.0281 0.1186 0.1336 0.5560 0.1229 
 579 0.0098 0.0177 0.0293 0.2381 0.2635 0.3277 0.1139 
 580 0.0058 0.0226 0.0189 0.3975 0.1195 0.2599 0.1758 
 581 0.0055 0.0278 0.0211 0.2312 0.0998 0.4747 0.1398 
 582 0.0069 0.0330 0.0573 0.2755 0.1065 0.4270 0.0939 
 583 0.0481 0.0235 0.0211 0.0997 0.1214 0.5663 0.1200 
 584 0.0069 0.0158 0.0148 0.1491 0.1043 0.6149 0.0941 
 585 0.0064 0.0254 0.0250 0.1747 0.1256 0.5355 0.1074 
 586 0.0057 0.0096 0.0262 0.0802 0.1919 0.5371 0.1492 
 587 0.0108 0.0101 0.0377 0.3086 0.2996 0.2441 0.0892 
 588 0.0096 0.0073 0.0337 0.0505 0.6989 0.0920 0.1079 
 589 0.0066 0.1330 0.0791 0.1976 0.1746 0.3081 0.1009 
 590 0.0072 0.0085 0.0167 0.1243 0.3178 0.4164 0.1092 
 591 0.0053 0.0115 0.0157 0.0910 0.1506 0.5942 0.1316 
 592 0.0047 0.0262 0.0467 0.0968 0.3079 0.4114 0.1061 
 593 0.0059 0.0348 0.0306 0.1166 0.1825 0.4489 0.1808 
 594 0.0501 0.0150 0.0194 0.1008 0.2008 0.3810 0.2330 
 595 0.0149 0.0093 0.0136 0.3195 0.2612 0.2961 0.0854 
 596 0.0047 0.1391 0.0377 0.0898 0.3859 0.1871 0.1557 
 597 0.0079 0.0220 0.0309 0.0578 0.1154 0.4655 0.3005 
 598 0.0068 0.0367 0.0187 0.4645 0.0669 0.3156 0.0908 
 599 0.0058 0.0177 0.0318 0.1056 0.1802 0.5729 0.0860 
 600 0.0057 0.0201 0.0369 0.3592 0.1497 0.2270 0.2014 
 601 0.0048 0.0156 0.0462 0.1680 0.1453 0.5300 0.0901 
 602 0.0081 0.0125 0.0149 0.1307 0.3203 0.2407 0.2727 
 603 0.0059 0.0102 0.0159 0.1219 0.3590 0.2314 0.2557 
 604 0.0172 0.0568 0.0277 0.3863 0.1678 0.1534 0.1908 
 605 0.0064 0.0207 0.0324 0.1811 0.2821 0.3342 0.1431 
 606 0.0095 0.0161 0.0293 0.2151 0.2653 0.1866 0.2780 
 607 0.0077 0.0176 0.0147 0.2462 0.1531 0.2144 0.3463 
 608 0.0057 0.0177 0.0206 0.1166 0.0917 0.2461 0.5019 
 609 0.0090 0.0183 0.0349 0.3357 0.1314 0.2918 0.1790 
 610 0.0058 0.2196 0.0612 0.2135 0.1829 0.1729 0.1440 
 611 0.0076 0.0130 0.0262 0.1052 0.2951 0.2755 0.2775 
 612 0.0103 0.0510 0.0563 0.5024 0.0998 0.1574 0.1228 
 613 0.0340 0.0235 0.0459 0.2684 0.2096 0.2402 0.1784 
 614 0.0073 0.0146 0.0167 0.5799 0.1500 0.1266 0.1049 
 615 0.0053 0.0355 0.0242 0.4925 0.1425 0.1241 0.1759 
 616 0.0058 0.0098 0.0150 0.2948 0.1680 0.2458 0.2608 
 617 0.0236 0.0295 0.0450 0.3142 0.2389 0.2360 0.1128 
 618 0.0187 0.0881 0.0386 0.2955 0.1700 0.1278 0.2614 
 619 0.0047 0.0307 0.0495 0.1094 0.1806 0.3784 0.2468 
 620 0.0056 0.0209 0.0503 0.0787 0.3951 0.3700 0.0795 
 621 0.0086 0.0154 0.0137 0.2204 0.1110 0.5106 0.1204 
 622 0.0188 0.0573 0.0367 0.2494 0.3260 0.1365 0.1753 
 623 0.0052 0.0208 0.0214 0.1476 0.2826 0.3945 0.1280 
 624 0.0107 0.0578 0.0319 0.3358 0.1063 0.1990 0.2585 
 625 0.0130 0.0218 0.0202 0.3630 0.1181 0.2374 0.2265 
 626 0.0211 0.0486 0.1156 0.1741 0.1260 0.0886 0.4260 
 627 0.0054 0.0123 0.0275 0.2167 0.2708 0.2982 0.1690 
 628 0.0061 0.0118 0.0161 0.1408 0.3612 0.3091 0.1549 
 629 0.0057 0.0107 0.0153 0.2523 0.2445 0.2823 0.1891 
 630 0.0126 0.0255 0.0280 0.3743 0.1382 0.2832 0.1382 
 631 0.0060 0.0130 0.0180 0.3833 0.1987 0.2260 0.1549 
 632 0.0062 0.0132 0.0224 0.1464 0.3147 0.1308 0.3662 
 633 0.0084 0.0302 0.0174 0.2882 0.1403 0.2706 0.2449 
 634 0.0068 0.0145 0.0303 0.1812 0.2144 0.2289 0.3240 
 635 0.0052 0.0142 0.0213 0.1789 0.1361 0.1420 0.5024 
 636 0.0071 0.0201 0.0216 0.2658 0.1300 0.2579 0.2975 
 637 0.0067 0.0158 0.0684 0.1625 0.3124 0.1933 0.2408 
 638 0.0061 0.0131 0.0148 0.2201 0.2395 0.2659 0.2405 
 639 0.0083 0.0207 0.0188 0.3778 0.1933 0.1657 0.2155 
 640 0.0085 0.0125 0.0135 0.1582 0.1397 0.5056 0.1620 
 641 0.0112 0.0131 0.0150 0.2675 0.2882 0.2215 0.1835 
 642 0.0062 0.0125 0.0403 0.1065 0.1497 0.1466 0.5381 
 643 0.0062 0.0076 0.0272 0.0879 0.0884 0.1407 0.6420 
 644 0.0060 0.0099 0.0211 0.0873 0.1319 0.1837 0.5600 
 645 0.0139 0.0802 0.0302 0.1804 0.1142 0.0838 0.4972 
 646 0.0103 0.0111 0.0407 0.1108 0.3461 0.2124 0.2685 
 647 0.0148 0.0077 0.0449 0.0926 0.1767 0.2066 0.4567 
 648 0.1593 0.0122 0.0374 0.1064 0.3125 0.1087 0.2634 
 649 0.0157 0.0109 0.0407 0.0714 0.4556 0.1378 0.2680 
 650 0.0063 0.0098 0.0260 0.0842 0.3325 0.2203 0.3209 
 651 0.0321 0.0080 0.0155 0.1084 0.3217 0.1415 0.3727 
 652 0.0074 0.0090 0.0191 0.0806 0.1536 0.1583 0.5721 
 653 0.0915 0.0150 0.0372 0.1092 0.1830 0.1152 0.4489 
 654 0.0117 0.0096 0.0654 0.0902 0.1754 0.1219 0.5258 
 655 0.0058 0.0102 0.0220 0.0652 0.1098 0.2866 0.5004 
 656 0.0174 0.0144 0.0418 0.0971 0.3625 0.1312 0.3358 
 657 0.0825 0.0151 0.0214 0.2015 0.1609 0.1954 0.3232 
 658 0.0155 0.0183 0.0389 0.0951 0.1682 0.3337 0.3302 
 659 0.0162 0.0143 0.0343 0.1105 0.1966 0.1430 0.4851 
 660 0.0142 0.0085 0.0279 0.0773 0.1891 0.1166 0.5665 
 661 0.0113 0.0173 0.0835 0.0988 0.1695 0.1200 0.4997 
 662 0.0139 0.0112 0.0572 0.0601 0.5156 0.1345 0.2074 
 663 0.0053 0.0088 0.0191 0.1055 0.2064 0.1473 0.5076 
 664 0.0100 0.0181 0.0658 0.1053 0.1172 0.3400 0.3436 
 665 0.0057 0.0075 0.0327 0.0739 0.4830 0.1269 0.2703 
 666 0.0065 0.0112 0.0296 0.0999 0.2106 0.1383 0.5039 
 667 0.0352 0.0130 0.0295 0.0901 0.3826 0.2278 0.2217 
 668 0.0068 0.0119 0.0340 0.1167 0.1929 0.1831 0.4546 
 669 0.0664 0.0090 0.0317 0.0899 0.2997 0.1309 0.3722 
 670 0.0054 0.0083 0.0163 0.0628 0.1047 0.0833 0.7192 
 671 0.0059 0.0082 0.0224 0.0698 0.1503 0.1170 0.6264 
 672 0.0049 0.0220 0.0383 0.0545 0.0686 0.1921 0.6196 
 673 0.0158 0.0093 0.0135 0.0685 0.0658 0.0787 0.7483 
 674 0.0052 0.0088 0.0250 0.1074 0.1190 0.1032 0.6314 
 675 0.0060 0.0085 0.0180 0.0588 0.0803 0.1399 0.6886 
 676 0.0052 0.0080 0.0154 0.0628 0.0642 0.0793 0.7652 
 677 0.0049 0.0072 0.0629 0.0542 0.1187 0.0773 0.6748 
 678 0.0299 0.0096 0.0143 0.0703 0.0619 0.0843 0.7297 
 679 0.0059 0.0096 0.0127 0.1171 0.0907 0.1061 0.6579 
 680 0.0087 0.0120 0.0185 0.0855 0.0961 0.0923 0.6869 
 681 0.0092 0.0240 0.1950 0.1314 0.1522 0.1308 0.3575 
 682 0.0055 0.0118 0.0233 0.0920 0.0709 0.0921 0.7044 
 683 0.0053 0.0083 0.0207 0.0580 0.0880 0.0813 0.7385 
 684 0.0211 0.0092 0.0172 0.0677 0.0646 0.0857 0.7344 
 685 0.0051 0.0077 0.0158 0.0568 0.0667 0.0764 0.7714 
 686 0.0054 0.0118 0.0608 0.0810 0.1164 0.0946 0.6300 
 687 0.0054 0.0079 0.0266 0.0633 0.1646 0.1104 0.6219 
 688 0.0056 0.0080 0.0171 0.0685 0.0882 0.1098 0.7029 
 689 0.0056 0.0080 0.0153 0.0560 0.0672 0.0769 0.7709 
 690 0.0053 0.0078 0.0150 0.0624 0.0640 0.0792 0.7662 
 691 0.0053 0.0094 0.0224 0.1027 0.0895 0.1032 0.6676 
 692 0.0251 0.0094 0.0146 0.0778 0.0841 0.1076 0.6813 
 693 0.0062 0.0086 0.0237 0.0852 0.0736 0.1380 0.6648 
 694 0.0048 0.0077 0.0164 0.0507 0.0675 0.0734 0.7796 
 695 0.0049 0.0178 0.0424 0.0625 0.0658 0.0970 0.7096 
 696 0.0057 0.0081 0.0171 0.0680 0.0880 0.1109 0.7023 
 697 0.0072 0.0078 0.0192 0.0604 0.0804 0.0766 0.7484 
 698 0.0052 0.0079 0.0150 0.0620 0.0705 0.0794 0.7601 
 699 0.0046 0.0150 0.0895 0.0571 0.0835 0.0906 0.6598 
 700 0.0063 0.0080 0.1811 0.0734 0.0809 0.1026 0.5476 
 701 0.0579 0.0269 0.0307 0.0772 0.0875 0.1116 0.6082 
 702 0.0070 0.0118 0.0390 0.0921 0.1121 0.1218 0.6162 
 703 0.0057 0.0119 0.0232 0.0900 0.0788 0.0925 0.6979 
 704 0.0052 0.0076 0.0221 0.0623 0.0972 0.1023 0.7033 
 705 0.0306 0.0361 0.1719 0.0764 0.1412 0.1202 0.4237 
 706 0.0062 0.0115 0.0353 0.0791 0.0771 0.0874 0.7034 
 707 0.0127 0.0079 0.0257 0.0639 0.0831 0.0766 0.7301 
 708 0.0064 0.0080 0.0158 0.0591 0.0859 0.0798 0.7450 
 709 0.0049 0.0074 0.0918 0.0636 0.0687 0.0863 0.6772 
 710 0.0049 0.0074 0.0212 0.0568 0.0613 0.0757 0.7727 
 711 0.0057 0.0099 0.0456 0.0726 0.1066 0.0859 0.6737 
 712 0.0053 0.0072 0.0426 0.0497 0.1048 0.0742 0.7163 
 713 0.0054 0.0077 0.0182 0.0603 0.0941 0.1053 0.7091 
 714 0.0073 0.0096 0.0164 0.1095 0.1212 0.1088 0.6273 
 715 0.0046 0.0071 0.0381 0.0517 0.0757 0.0735 0.7493 
 716 0.0053 0.0108 0.0377 0.0783 0.0665 0.0867 0.7147 
 717 0.0047 0.0076 0.0251 0.0527 0.0667 0.0740 0.7693 
 718 0.0080 0.0111 0.0263 0.0738 0.1346 0.0920 0.6542 
 719 0.0066 0.0075 0.0424 0.0534 0.0709 0.0783 0.7409 
 720 0.0050 0.0128 0.0153 0.2521 0.2135 0.3713 0.1301 
 721 0.0053 0.0127 0.0297 0.1986 0.0905 0.1327 0.5306 
 722 0.0063 0.0215 0.0346 0.3601 0.1487 0.2368 0.1920 
 723 0.0068 0.0116 0.0145 0.5091 0.1256 0.1690 0.1633 
 724 0.0087 0.0091 0.0160 0.4322 0.1032 0.1747 0.2560 
 725 0.0098 0.0084 0.0172 0.1681 0.2428 0.2270 0.3267 
 726 0.0092 0.0146 0.0252 0.3725 0.2082 0.1651 0.2052 
 727 0.0105 0.0177 0.1107 0.1850 0.1636 0.1705 0.3421 
