   1 0.0063 0.0096 0.0126 0.0756 0.0913 0.1645 0.2570 0.1093 0.2737 
   2 0.0044 0.0043 0.0156 0.0515 0.1400 0.2625 0.1720 0.2506 0.0990 
   3 0.0066 0.0049 0.0081 0.0494 0.1044 0.2606 0.2463 0.1094 0.2103 
   4 0.0126 0.0158 0.0113 0.2315 0.0993 0.1146 0.2575 0.1299 0.1275 
   5 0.0054 0.0073 0.0171 0.0561 0.1392 0.3081 0.1339 0.2249 0.1080 
   6 0.0058 0.0044 0.0083 0.0740 0.0692 0.4368 0.1039 0.1537 0.1439 
   7 0.0064 0.0047 0.0108 0.0459 0.0583 0.2077 0.1233 0.3261 0.2169 
   8 0.0199 0.1114 0.0108 0.0923 0.0718 0.1863 0.2142 0.1334 0.1599 
   9 0.0082 0.0059 0.0172 0.0484 0.0937 0.2552 0.2285 0.1918 0.1510 
  10 0.0072 0.0838 0.0114 0.0902 0.0553 0.2515 0.1511 0.1685 0.1809 
  11 0.0047 0.0045 0.0153 0.0398 0.0537 0.1554 0.1237 0.2505 0.3524 
  12 0.0052 0.0043 0.0114 0.0760 0.1249 0.2639 0.1714 0.2436 0.0994 
  13 0.0060 0.0050 0.0141 0.0486 0.0915 0.2804 0.2103 0.2174 0.1266 
  14 0.0044 0.0143 0.0094 0.0713 0.2174 0.2231 0.1812 0.1059 0.1731 
  15 0.0059 0.0057 0.0108 0.1051 0.1083 0.1500 0.2603 0.1699 0.1839 
  16 0.0046 0.0045 0.0145 0.0429 0.0740 0.2465 0.1820 0.1358 0.2952 
  17 0.0089 0.0051 0.0147 0.0613 0.1305 0.3683 0.1643 0.1309 0.1160 
  18 0.0090 0.0060 0.0116 0.0860 0.1137 0.2325 0.1981 0.1358 0.2072 
  19 0.0050 0.0039 0.0101 0.0520 0.0639 0.3925 0.1573 0.1711 0.1442 
  20 0.0056 0.0049 0.0125 0.0720 0.1026 0.1737 0.1690 0.2663 0.1934 
  21 0.0049 0.0086 0.0100 0.1130 0.1381 0.1559 0.2467 0.1196 0.2034 
  22 0.0070 0.0044 0.0103 0.0499 0.0804 0.3844 0.2080 0.1172 0.1384 
  23 0.0089 0.0149 0.0271 0.0572 0.1703 0.1548 0.3192 0.1127 0.1350 
  24 0.0050 0.0043 0.0125 0.0598 0.0749 0.1589 0.3184 0.1230 0.2431 
  25 0.0055 0.0056 0.0109 0.0397 0.0821 0.3563 0.1015 0.2458 0.1528 
  26 0.0076 0.0043 0.0104 0.0902 0.0936 0.2525 0.2254 0.1527 0.1632 
  27 0.0060 0.0048 0.0132 0.0624 0.1312 0.2765 0.1901 0.1364 0.1794 
  28 0.0055 0.0174 0.0111 0.2152 0.0860 0.1422 0.1638 0.1294 0.2294 
  29 0.0042 0.0039 0.0160 0.0403 0.1042 0.1741 0.2046 0.3042 0.1485 
  30 0.0049 0.0041 0.0114 0.0424 0.1033 0.3323 0.1906 0.1221 0.1889 
  31 0.0132 0.0867 0.0149 0.0735 0.1279 0.1749 0.1445 0.2268 0.1376 
  32 0.0048 0.0103 0.0088 0.0785 0.0961 0.3222 0.2257 0.1215 0.1321 
  33 0.0052 0.0040 0.0107 0.0448 0.0897 0.1709 0.2733 0.1645 0.2370 
  34 0.0068 0.0989 0.0222 0.0712 0.0562 0.2429 0.0984 0.2259 0.1776 
  35 0.0102 0.0041 0.0256 0.0365 0.2332 0.2704 0.1671 0.1330 0.1199 
  36 0.0047 0.0073 0.0108 0.0355 0.1923 0.1017 0.1752 0.0993 0.3732 
  37 0.0071 0.0049 0.0096 0.0560 0.1313 0.1827 0.3408 0.1493 0.1183 
  38 0.0055 0.0046 0.0243 0.0321 0.1144 0.1136 0.1183 0.1586 0.4285 
  39 0.0076 0.0046 0.0228 0.0507 0.1680 0.1445 0.1429 0.1832 0.2756 
  40 0.0042 0.0046 0.0116 0.0439 0.2424 0.1717 0.2781 0.0900 0.1534 
  41 0.0075 0.0082 0.0301 0.0320 0.1981 0.1312 0.1803 0.1393 0.2733 
  42 0.0048 0.0048 0.0176 0.0485 0.1115 0.0748 0.3880 0.0960 0.2539 
  43 0.0079 0.0107 0.0169 0.0449 0.2711 0.1454 0.2385 0.1523 0.1123 
  44 0.0072 0.0043 0.0136 0.0306 0.3545 0.1991 0.1546 0.1316 0.1044 
  45 0.0054 0.0045 0.0223 0.0323 0.2045 0.1204 0.1466 0.1795 0.2847 
  46 0.0108 0.0044 0.0127 0.0559 0.1834 0.2837 0.1232 0.1674 0.1586 
  47 0.0146 0.0105 0.0213 0.0501 0.1088 0.3059 0.2133 0.1621 0.1133 
  48 0.0076 0.0041 0.0152 0.0322 0.4113 0.2013 0.1443 0.0895 0.0946 
  49 0.0093 0.0047 0.0369 0.0446 0.1867 0.1498 0.2027 0.1499 0.2153 
  50 0.0111 0.0285 0.0167 0.0733 0.1109 0.2828 0.0949 0.2075 0.1743 
  51 0.0043 0.0073 0.0155 0.0318 0.3512 0.0766 0.1629 0.0922 0.2582 
  52 0.0095 0.0043 0.0250 0.0547 0.1276 0.1432 0.1757 0.1759 0.2842 
  53 0.0073 0.0113 0.0162 0.0533 0.1068 0.1487 0.1549 0.1201 0.3813 
  54 0.0074 0.0048 0.0190 0.0492 0.2020 0.2048 0.2339 0.1909 0.0881 
  55 0.0065 0.0043 0.0134 0.0412 0.4167 0.1461 0.1555 0.1183 0.0980 
  56 0.0066 0.0043 0.0200 0.0474 0.2792 0.1880 0.1942 0.0939 0.1665 
  57 0.0148 0.0110 0.0180 0.1203 0.0614 0.2871 0.2098 0.1352 0.1423 
  58 0.0056 0.0044 0.0230 0.0403 0.2375 0.1266 0.2063 0.1471 0.2092 
  59 0.0056 0.0044 0.0423 0.0434 0.1794 0.1209 0.1709 0.1446 0.2885 
  60 0.0048 0.0087 0.0110 0.0751 0.2869 0.1013 0.1940 0.1019 0.2162 
  61 0.0040 0.0046 0.0120 0.0556 0.3335 0.0965 0.2442 0.1577 0.0920 
  62 0.0126 0.0043 0.0586 0.0760 0.1294 0.2233 0.1527 0.1854 0.1577 
  63 0.0042 0.0044 0.0114 0.0518 0.1574 0.1122 0.2588 0.2058 0.1941 
  64 0.0065 0.0041 0.0164 0.0396 0.1007 0.3018 0.1358 0.1508 0.2443 
  65 0.0055 0.0044 0.0135 0.0393 0.0988 0.1976 0.1060 0.4017 0.1331 
  66 0.0052 0.0131 0.0142 0.0780 0.1523 0.1202 0.2654 0.2169 0.1347 
  67 0.0053 0.0044 0.0134 0.0370 0.3448 0.1662 0.1566 0.1809 0.0914 
  68 0.0066 0.0049 0.0396 0.0491 0.1804 0.1029 0.1903 0.1270 0.2993 
  69 0.0070 0.2039 0.0371 0.0621 0.0800 0.1206 0.0925 0.1095 0.2873 
  70 0.0044 0.0140 0.0124 0.0423 0.1556 0.0813 0.2372 0.1357 0.3171 
  71 0.0058 0.0075 0.0397 0.0318 0.2504 0.1183 0.1074 0.1556 0.2835 
  72 0.0058 0.0073 0.0097 0.0364 0.1423 0.1777 0.1462 0.1280 0.3466 
  73 0.0057 0.0082 0.0427 0.0369 0.2814 0.1327 0.1315 0.2121 0.1489 
  74 0.0043 0.0044 0.0102 0.0445 0.1581 0.1001 0.2642 0.0918 0.3224 
  75 0.0051 0.0101 0.0137 0.0463 0.1689 0.0915 0.3416 0.0795 0.2433 
  76 0.0057 0.0043 0.0101 0.0397 0.2384 0.1425 0.1747 0.2387 0.1459 
  77 0.0047 0.0042 0.0275 0.0304 0.1679 0.1065 0.1590 0.2000 0.2998 
  78 0.0058 0.0051 0.0311 0.0310 0.1408 0.1065 0.1641 0.1540 0.3616 
  79 0.0048 0.0045 0.0108 0.0475 0.0632 0.2282 0.1495 0.2858 0.2057 
  80 0.0048 0.0046 0.0097 0.0909 0.0630 0.1022 0.4525 0.1495 0.1229 
  81 0.0049 0.0048 0.0084 0.1125 0.0565 0.1174 0.3392 0.1971 0.1593 
  82 0.0052 0.0047 0.0207 0.0567 0.1823 0.1310 0.2496 0.2101 0.1397 
  83 0.0045 0.0058 0.0083 0.0916 0.0968 0.1219 0.2631 0.1627 0.2453 
  84 0.0046 0.0049 0.0089 0.0932 0.0674 0.1325 0.2413 0.2172 0.2298 
  85 0.0045 0.0058 0.0086 0.0934 0.0799 0.1670 0.2783 0.1227 0.2398 
  86 0.0065 0.0046 0.0165 0.0522 0.2343 0.2382 0.1317 0.1886 0.1275 
  87 0.0053 0.0128 0.0106 0.0516 0.0851 0.1214 0.1526 0.3070 0.2537 
  88 0.0050 0.0047 0.0098 0.0660 0.0780 0.1112 0.3451 0.2283 0.1518 
  89 0.0056 0.0126 0.0090 0.0843 0.0639 0.1155 0.3757 0.1913 0.1420 
  90 0.0046 0.0047 0.0101 0.0575 0.0691 0.1251 0.1679 0.3925 0.1684 
  91 0.0047 0.0060 0.0081 0.0947 0.0783 0.1106 0.3835 0.1113 0.2028 
  92 0.0048 0.0047 0.0106 0.0604 0.0824 0.1697 0.2220 0.2656 0.1797 
  93 0.0048 0.0225 0.0100 0.2177 0.0683 0.1005 0.3623 0.0978 0.1162 
  94 0.0046 0.0057 0.0088 0.0479 0.0714 0.0918 0.1231 0.2224 0.4243 
  95 0.0046 0.0047 0.0093 0.0673 0.0654 0.0905 0.2683 0.3450 0.1450 
  96 0.0045 0.0049 0.0131 0.0615 0.2786 0.0834 0.3112 0.1421 0.1007 
  97 0.0054 0.0044 0.0126 0.0503 0.1719 0.0964 0.3060 0.0918 0.2612 
  98 0.0039 0.0042 0.0137 0.0374 0.1676 0.1950 0.2493 0.1671 0.1617 
  99 0.0047 0.0049 0.0090 0.0896 0.0598 0.1316 0.2385 0.2725 0.1893 
 100 0.0050 0.0044 0.0107 0.0783 0.0945 0.1024 0.5159 0.1051 0.0839 
 101 0.0059 0.0540 0.0118 0.0553 0.0931 0.1243 0.2059 0.2477 0.2019 
 102 0.0058 0.0065 0.0199 0.0856 0.1096 0.0923 0.3309 0.1644 0.1850 
 103 0.0051 0.0318 0.0125 0.1015 0.1383 0.1260 0.1639 0.3114 0.1095 
 104 0.0047 0.0088 0.0099 0.1139 0.0834 0.1119 0.0780 0.4675 0.1219 
 105 0.0055 0.0246 0.0230 0.1454 0.0992 0.1042 0.1000 0.3989 0.0991 
 106 0.0048 0.0039 0.0095 0.0317 0.0804 0.1388 0.0864 0.3768 0.2676 
 107 0.0058 0.0160 0.0153 0.0956 0.1184 0.1163 0.1562 0.3634 0.1129 
 108 0.0041 0.0064 0.0087 0.0506 0.3807 0.1334 0.1021 0.1256 0.1884 
 109 0.0064 0.0096 0.1201 0.0385 0.1114 0.1415 0.0805 0.2482 0.2437 
 110 0.0050 0.0084 0.0115 0.0342 0.0609 0.1209 0.0907 0.3638 0.3047 
 111 0.0064 0.0077 0.0218 0.0577 0.0864 0.1083 0.1031 0.5039 0.1048 
 112 0.0048 0.0049 0.1819 0.0371 0.0878 0.0916 0.0928 0.2714 0.2276 
 113 0.0054 0.0118 0.0124 0.0615 0.1953 0.1917 0.1539 0.1879 0.1801 
 114 0.0044 0.0087 0.0173 0.1393 0.0754 0.1071 0.0889 0.4395 0.1193 
 115 0.0058 0.0065 0.0214 0.0461 0.1736 0.1277 0.1483 0.3479 0.1228 
 116 0.0063 0.0043 0.0170 0.0318 0.1660 0.1273 0.0955 0.2550 0.2969 
 117 0.0069 0.0154 0.0317 0.0367 0.0673 0.1280 0.1205 0.3367 0.2568 
 118 0.0051 0.0045 0.0221 0.0537 0.1921 0.1507 0.1180 0.3455 0.1082 
 119 0.0043 0.0061 0.0094 0.0606 0.2047 0.0828 0.3112 0.1599 0.1610 
 120 0.0057 0.0065 0.0307 0.0579 0.1568 0.1322 0.1443 0.3163 0.1496 
 121 0.0109 0.0303 0.0519 0.0363 0.1959 0.1166 0.1103 0.2884 0.1594 
 122 0.0043 0.0084 0.0168 0.0498 0.0798 0.1530 0.0968 0.3404 0.2508 
 123 0.0051 0.0113 0.0133 0.0621 0.1084 0.1134 0.1184 0.3721 0.1960 
 124 0.0087 0.0066 0.0269 0.0475 0.1624 0.1421 0.0992 0.2579 0.2488 
 125 0.0056 0.0070 0.0318 0.0363 0.0755 0.1630 0.1276 0.1613 0.3920 
 126 0.0039 0.0042 0.0092 0.0572 0.1549 0.0963 0.1383 0.2279 0.3081 
 127 0.0049 0.0055 0.0166 0.0571 0.1110 0.0925 0.1075 0.4920 0.1130 
 128 0.0045 0.0043 0.0178 0.0532 0.1723 0.1473 0.1257 0.3736 0.1013 
 129 0.0056 0.0247 0.0135 0.0450 0.1249 0.1233 0.0888 0.4738 0.1004 
 130 0.0057 0.0132 0.0280 0.0955 0.0786 0.1217 0.1338 0.3932 0.1304 
 131 0.0094 0.0292 0.0321 0.0363 0.1238 0.1248 0.0879 0.2257 0.3307 
 132 0.0047 0.0091 0.0118 0.0409 0.1087 0.1447 0.0838 0.3882 0.2081 
 133 0.0088 0.0157 0.0146 0.0711 0.1557 0.1313 0.1267 0.3492 0.1268 
 134 0.0044 0.0040 0.0159 0.0295 0.0533 0.1106 0.0758 0.4939 0.2127 
 135 0.0062 0.0043 0.0205 0.1332 0.2206 0.0796 0.3264 0.0824 0.1269 
 136 0.0057 0.0082 0.0128 0.2255 0.0753 0.1610 0.3378 0.0738 0.1001 
 137 0.0049 0.0112 0.0274 0.1369 0.0567 0.0979 0.4562 0.1033 0.1055 
 138 0.0046 0.0045 0.0088 0.4525 0.0741 0.0849 0.1716 0.0749 0.1240 
 139 0.0045 0.0082 0.0116 0.1791 0.2381 0.1444 0.1796 0.1110 0.1235 
 140 0.0051 0.0115 0.0116 0.1462 0.1252 0.1040 0.2782 0.1314 0.1867 
 141 0.0054 0.0181 0.0123 0.3258 0.0889 0.1746 0.1533 0.0784 0.1431 
 142 0.0054 0.0113 0.0198 0.1634 0.2771 0.0806 0.2418 0.0836 0.1170 
 143 0.0041 0.0043 0.0085 0.1318 0.0661 0.0794 0.5477 0.0733 0.0847 
 144 0.0048 0.0049 0.0265 0.1259 0.0638 0.0830 0.4931 0.1032 0.0948 
 145 0.0062 0.0091 0.0149 0.1467 0.1149 0.1988 0.2883 0.0787 0.1425 
 146 0.0072 0.0096 0.0107 0.2051 0.0766 0.1320 0.2398 0.1329 0.1860 
 147 0.0050 0.0081 0.0093 0.2336 0.0567 0.0941 0.4262 0.0729 0.0943 
 148 0.0056 0.0303 0.0176 0.2246 0.1460 0.1476 0.2068 0.1126 0.1088 
 149 0.0052 0.1217 0.0123 0.1749 0.1347 0.0972 0.2363 0.0752 0.1426 
 150 0.0059 0.0116 0.0307 0.1585 0.0782 0.1160 0.3331 0.1472 0.1189 
 151 0.0051 0.0045 0.0093 0.1640 0.0772 0.0887 0.4513 0.0965 0.1033 
 152 0.0055 0.0135 0.0158 0.2036 0.1765 0.1509 0.2197 0.0872 0.1273 
 153 0.0045 0.0074 0.0091 0.3540 0.0931 0.0888 0.1809 0.0887 0.1736 
 154 0.0061 0.1580 0.0113 0.1830 0.1338 0.1552 0.1771 0.0745 0.1009 
 155 0.0046 0.0048 0.0083 0.4674 0.0680 0.0870 0.1619 0.1024 0.0957 
 156 0.0045 0.0046 0.0128 0.2648 0.1616 0.0747 0.2754 0.1011 0.1006 
 157 0.0045 0.0089 0.0084 0.3076 0.0560 0.0836 0.2409 0.1422 0.1480 
 158 0.0065 0.0089 0.0156 0.1554 0.0927 0.1828 0.3077 0.0759 0.1544 
 159 0.0055 0.0704 0.0107 0.2338 0.0612 0.0940 0.3582 0.0734 0.0928 
 160 0.0064 0.0607 0.0106 0.3067 0.0689 0.0968 0.2792 0.0761 0.0947 
 161 0.0045 0.0090 0.0101 0.0844 0.0738 0.1059 0.4439 0.0952 0.1731 
 162 0.0085 0.0090 0.0108 0.2437 0.0952 0.1465 0.1710 0.1430 0.1723 
 163 0.0043 0.0044 0.0084 0.4248 0.0896 0.0775 0.1963 0.0912 0.1036 
 164 0.0080 0.1112 0.0095 0.1751 0.0966 0.1257 0.2003 0.1415 0.1321 
 165 0.0058 0.0054 0.0301 0.1555 0.0746 0.0919 0.3858 0.1366 0.1142 
 166 0.0050 0.1109 0.0084 0.1666 0.1057 0.0834 0.2161 0.1309 0.1730 
 167 0.0089 0.1583 0.0094 0.2868 0.0685 0.1628 0.1191 0.0920 0.0941 
 168 0.0049 0.0053 0.0087 0.3043 0.0906 0.0956 0.2122 0.0789 0.1995 
 169 0.0071 0.0087 0.0159 0.1227 0.0836 0.1713 0.2460 0.0733 0.2713 
 170 0.0044 0.0046 0.0093 0.0618 0.0975 0.0852 0.5303 0.1050 0.1018 
 171 0.0052 0.0075 0.0089 0.2552 0.1177 0.1475 0.2048 0.0929 0.1602 
 172 0.0055 0.0230 0.0143 0.1286 0.1395 0.0929 0.2736 0.0721 0.2505 
 173 0.0053 0.0069 0.0098 0.3997 0.0830 0.1036 0.2228 0.0804 0.0884 
 174 0.0049 0.0072 0.0085 0.3755 0.0577 0.1032 0.2265 0.1010 0.1155 
 175 0.0052 0.0047 0.0097 0.1378 0.0699 0.1516 0.4612 0.0746 0.0853 
 176 0.0047 0.0051 0.0269 0.1271 0.0654 0.0833 0.4899 0.1031 0.0945 
 177 0.0050 0.0085 0.0092 0.2898 0.0647 0.0891 0.1706 0.1306 0.2326 
 178 0.0054 0.0082 0.0088 0.3608 0.0626 0.1726 0.1671 0.1038 0.1108 
 179 0.0044 0.0133 0.0079 0.4441 0.0621 0.1002 0.1989 0.0801 0.0889 
 180 0.0083 0.0255 0.0128 0.1736 0.0877 0.1300 0.3072 0.1020 0.1528 
 181 0.0059 0.0084 0.0133 0.1403 0.1238 0.1139 0.3784 0.0808 0.1354 
 182 0.0065 0.0051 0.0114 0.1518 0.1331 0.0886 0.4375 0.0764 0.0895 
 183 0.0048 0.0085 0.0090 0.2197 0.0745 0.1024 0.4110 0.0797 0.0905 
 184 0.0057 0.0045 0.0109 0.0497 0.1849 0.3318 0.1624 0.1536 0.0964 
 185 0.0041 0.0044 0.0116 0.2898 0.1737 0.0757 0.2951 0.0688 0.0768 
 186 0.0049 0.0045 0.0090 0.0470 0.1302 0.2270 0.1622 0.3102 0.1050 
 187 0.0041 0.0048 0.0083 0.1704 0.1361 0.1715 0.2281 0.1861 0.0906 
 188 0.0052 0.0046 0.0100 0.0396 0.1698 0.2429 0.1194 0.3201 0.0884 
 189 0.0045 0.0047 0.0082 0.0834 0.1348 0.2096 0.2793 0.0894 0.1860 
 190 0.0038 0.0041 0.0117 0.0825 0.4356 0.0688 0.2417 0.0781 0.0739 
 191 0.0049 0.0048 0.0142 0.0736 0.1601 0.2502 0.1905 0.2109 0.0909 
 192 0.0042 0.0042 0.0088 0.0750 0.0821 0.1875 0.3253 0.2081 0.1048 
 193 0.0045 0.0044 0.0140 0.0659 0.1544 0.2139 0.2833 0.1434 0.1162 
 194 0.0047 0.0057 0.0089 0.0615 0.1372 0.1500 0.3543 0.1624 0.1153 
 195 0.0043 0.0048 0.0092 0.1284 0.2515 0.0960 0.3300 0.0971 0.0787 
 196 0.0040 0.0044 0.0124 0.0829 0.3569 0.0987 0.2287 0.1220 0.0901 
 197 0.0053 0.0046 0.0101 0.1369 0.1453 0.2314 0.1491 0.2082 0.1093 
 198 0.0041 0.0046 0.0091 0.0661 0.1272 0.2051 0.2274 0.1729 0.1834 
 199 0.0045 0.0041 0.0126 0.0495 0.3258 0.0994 0.2887 0.1110 0.1045 
 200 0.0041 0.0044 0.0153 0.0794 0.3671 0.1413 0.1885 0.0905 0.1093 
 201 0.0041 0.0043 0.0083 0.2801 0.1535 0.1209 0.2327 0.1170 0.0792 
 202 0.0039 0.0041 0.0102 0.0821 0.1685 0.0833 0.4585 0.1094 0.0801 
 203 0.0044 0.0047 0.0123 0.2473 0.1792 0.1176 0.2495 0.1100 0.0750 
 204 0.0046 0.0045 0.0117 0.0748 0.2928 0.1107 0.2886 0.1324 0.0798 
 205 0.0043 0.0045 0.0106 0.0648 0.2810 0.1566 0.2142 0.1508 0.1132 
 206 0.0048 0.0055 0.0098 0.0992 0.3016 0.1392 0.2360 0.1270 0.0770 
 207 0.0044 0.0041 0.0146 0.0461 0.2842 0.1260 0.2375 0.2042 0.0789 
 208 0.0043 0.0044 0.0099 0.2069 0.2660 0.1203 0.1708 0.1345 0.0829 
 209 0.0043 0.0045 0.0142 0.0623 0.1645 0.2187 0.2566 0.1799 0.0949 
 210 0.0043 0.0047 0.0101 0.1034 0.2305 0.1311 0.2497 0.1783 0.0878 
 211 0.0053 0.0041 0.0250 0.0680 0.3108 0.1002 0.2536 0.1586 0.0745 
 212 0.0040 0.0041 0.0098 0.1096 0.1392 0.1320 0.4166 0.0870 0.0977 
 213 0.0044 0.0045 0.0128 0.0515 0.2188 0.0987 0.2526 0.1910 0.1658 
 214 0.0042 0.0041 0.0113 0.0998 0.1537 0.1151 0.4353 0.0984 0.0781 
 215 0.0044 0.0044 0.0138 0.0634 0.3206 0.1566 0.1538 0.1852 0.0978 
 216 0.0057 0.0043 0.0109 0.0527 0.1768 0.2925 0.2003 0.1489 0.1079 
 217 0.0042 0.0043 0.0093 0.1119 0.1946 0.1285 0.3649 0.0968 0.0855 
 218 0.0049 0.0046 0.0110 0.0767 0.1875 0.1707 0.2543 0.1783 0.1120 
 219 0.0064 0.0049 0.0084 0.1140 0.1350 0.2554 0.2518 0.1082 0.1158 
 220 0.0047 0.0047 0.0123 0.0697 0.2623 0.1542 0.2007 0.2108 0.0807 
 221 0.0040 0.0041 0.0106 0.0592 0.1348 0.0795 0.5580 0.0718 0.0781 
 222 0.0053 0.0045 0.0083 0.0642 0.1216 0.3039 0.2326 0.1534 0.1062 
 223 0.0044 0.0046 0.0083 0.1827 0.1307 0.1647 0.2517 0.1435 0.1093 
 224 0.0048 0.0056 0.0103 0.1212 0.1830 0.1443 0.3354 0.1183 0.0771 
 225 0.0044 0.0045 0.0101 0.0692 0.2327 0.1386 0.2987 0.1424 0.0995 
 226 0.0059 0.0054 0.0122 0.0743 0.1714 0.2133 0.2213 0.1144 0.1818 
 227 0.0043 0.0047 0.0108 0.1059 0.2704 0.0945 0.2776 0.1533 0.0784 
 228 0.0041 0.0045 0.0117 0.1257 0.3243 0.0862 0.2840 0.0844 0.0751 
 229 0.0044 0.0048 0.0102 0.1031 0.1000 0.1666 0.3706 0.1624 0.0779 
 230 0.0048 0.0046 0.0130 0.0885 0.1417 0.1609 0.3511 0.1579 0.0776 
 231 0.0043 0.0047 0.0109 0.1527 0.1223 0.2176 0.2652 0.1334 0.0889 
 232 0.0049 0.0043 0.0112 0.0574 0.1292 0.1116 0.3794 0.1308 0.1713 
 233 0.0042 0.0042 0.0104 0.2810 0.1250 0.1225 0.2735 0.1005 0.0787 
 234 0.0039 0.0043 0.0095 0.1095 0.1068 0.2421 0.2345 0.1696 0.1197 
 235 0.0044 0.0044 0.0092 0.0771 0.1828 0.1593 0.3242 0.1270 0.1117 
 236 0.0043 0.0041 0.0105 0.1225 0.1308 0.1660 0.3456 0.1208 0.0954 
 237 0.0044 0.0045 0.0175 0.0687 0.3247 0.1456 0.1944 0.1455 0.0948 
 238 0.0041 0.0043 0.0094 0.0926 0.1210 0.1204 0.4276 0.1314 0.0891 
 239 0.0043 0.0048 0.0094 0.1297 0.2462 0.0956 0.3326 0.0976 0.0798 
 240 0.0041 0.0042 0.0095 0.0922 0.1198 0.1207 0.4302 0.1303 0.0890 
 241 0.0049 0.0045 0.0103 0.0792 0.1441 0.0942 0.4735 0.0914 0.0979 
 242 0.0049 0.0053 0.0097 0.0842 0.1895 0.2058 0.2613 0.1182 0.1211 
 243 0.0039 0.0041 0.0137 0.0852 0.4044 0.0876 0.2293 0.0989 0.0729 
 244 0.0045 0.0044 0.0128 0.1307 0.1781 0.1321 0.3427 0.1171 0.0775 
 245 0.0040 0.0047 0.0083 0.2468 0.1237 0.0901 0.3259 0.1000 0.0964 
 246 0.0040 0.0045 0.0093 0.1121 0.1960 0.1301 0.3619 0.0964 0.0859 
 247 0.0040 0.0043 0.0094 0.0443 0.1523 0.1376 0.1467 0.3284 0.1730 
 248 0.0043 0.0041 0.0124 0.0535 0.3221 0.1505 0.1365 0.2213 0.0954 
 249 0.0045 0.0042 0.0117 0.0694 0.1240 0.1371 0.4400 0.1311 0.0780 
 250 0.0046 0.0043 0.0109 0.0815 0.1053 0.1951 0.3481 0.1569 0.0934 
 251 0.0048 0.0045 0.0153 0.0704 0.2396 0.2186 0.1740 0.1157 0.1570 
 252 0.0041 0.0045 0.0081 0.0825 0.1630 0.1429 0.3490 0.1456 0.1002 
 253 0.0042 0.0045 0.0100 0.0484 0.2273 0.1437 0.2136 0.1882 0.1601 
 254 0.0052 0.0045 0.0087 0.0875 0.1665 0.2720 0.2187 0.1477 0.0892 
 255 0.0044 0.0044 0.0108 0.0725 0.1111 0.2299 0.2878 0.1839 0.0953 
 256 0.0046 0.0041 0.0113 0.0687 0.1977 0.1243 0.3831 0.1147 0.0915 
 257 0.0080 0.0111 0.0139 0.0736 0.2281 0.1460 0.2560 0.1620 0.1012 
 258 0.0038 0.0044 0.0124 0.0817 0.2768 0.1494 0.1634 0.1744 0.1338 
 259 0.0052 0.0053 0.0110 0.0643 0.1601 0.2028 0.3003 0.1583 0.0926 
 260 0.0050 0.0042 0.0087 0.1073 0.0932 0.2735 0.2935 0.1241 0.0906 
 261 0.0040 0.0043 0.0081 0.1179 0.1955 0.1216 0.3394 0.1065 0.1028 
 262 0.0040 0.0042 0.0101 0.0864 0.3116 0.0853 0.3390 0.0750 0.0845 
 263 0.0059 0.0045 0.0121 0.0675 0.3068 0.2103 0.1748 0.1404 0.0776 
 264 0.0065 0.0039 0.0106 0.0363 0.1523 0.3939 0.1146 0.1618 0.1201 
 265 0.0042 0.0045 0.0086 0.1165 0.1921 0.1969 0.2205 0.1455 0.1112 
 266 0.0040 0.0041 0.0103 0.0927 0.1698 0.0805 0.4842 0.0745 0.0798 
 267 0.0042 0.0042 0.0132 0.0830 0.1585 0.1837 0.2976 0.1656 0.0901 
 268 0.0041 0.0043 0.0124 0.0819 0.3552 0.1002 0.2284 0.1234 0.0901 
 269 0.0042 0.0044 0.0085 0.1205 0.1350 0.2700 0.2189 0.1059 0.1327 
 270 0.0059 0.0087 0.0113 0.0699 0.1852 0.2649 0.1760 0.1683 0.1097 
 271 0.0046 0.0042 0.0134 0.0692 0.3042 0.1424 0.1777 0.1700 0.1143 
 272 0.0057 0.0054 0.0162 0.0724 0.2802 0.1562 0.1753 0.1199 0.1687 
 273 0.0215 0.0430 0.0220 0.0947 0.1149 0.1793 0.2373 0.1484 0.1390 
 274 0.0049 0.0045 0.0109 0.0715 0.1997 0.2151 0.2138 0.1452 0.1344 
 275 0.0080 0.0241 0.0152 0.1093 0.1790 0.2443 0.1900 0.1114 0.1188 
 276 0.0058 0.0052 0.0176 0.0454 0.2891 0.1437 0.2052 0.1418 0.1462 
 277 0.0044 0.0043 0.0083 0.0930 0.1202 0.1846 0.3263 0.1476 0.1113 
 278 0.0040 0.0041 0.0126 0.0822 0.3908 0.1306 0.1471 0.1308 0.0979 
 279 0.0047 0.0044 0.0105 0.0792 0.1731 0.1787 0.2958 0.1409 0.1126 
 280 0.0043 0.0043 0.0093 0.0880 0.2001 0.1984 0.2299 0.1150 0.1508 
 281 0.0047 0.0042 0.0108 0.0710 0.1934 0.1508 0.2324 0.2031 0.1294 
 282 0.0039 0.0044 0.0083 0.1440 0.0926 0.1703 0.3580 0.1229 0.0955 
 283 0.0043 0.0047 0.0094 0.1623 0.0977 0.1298 0.3846 0.1302 0.0771 
 284 0.0043 0.0088 0.0137 0.1167 0.1496 0.1581 0.2574 0.1764 0.1150 
 285 0.0042 0.0041 0.0143 0.0381 0.3563 0.1464 0.1093 0.2017 0.1255 
 286 0.0044 0.0045 0.0126 0.1298 0.1759 0.1335 0.3435 0.1177 0.0780 
 287 0.0046 0.0047 0.0084 0.0874 0.1388 0.1883 0.2453 0.1714 0.1511 
 288 0.0059 0.0058 0.0124 0.0700 0.1869 0.2231 0.2014 0.1491 0.1454 
 289 0.0072 0.0109 0.0160 0.0658 0.2174 0.1804 0.1672 0.2173 0.1178 
 290 0.0064 0.0041 0.0212 0.0458 0.2336 0.1878 0.2524 0.1266 0.1219 
 291 0.0046 0.0043 0.0136 0.0689 0.3038 0.1414 0.1780 0.1705 0.1151 
 292 0.0043 0.0043 0.0089 0.0834 0.2482 0.1388 0.2621 0.0916 0.1583 
 293 0.0051 0.0040 0.0179 0.0485 0.2557 0.2195 0.1531 0.1339 0.1623 
 294 0.0066 0.0047 0.0120 0.0500 0.3147 0.2133 0.1787 0.1344 0.0857 
 295 0.0056 0.0114 0.0217 0.0706 0.2612 0.1582 0.1741 0.1393 0.1578 
 296 0.0044 0.0045 0.0138 0.0741 0.2970 0.1274 0.1925 0.1831 0.1032 
 297 0.0045 0.0044 0.0093 0.0604 0.1518 0.2479 0.2218 0.1489 0.1511 
 298 0.0041 0.0044 0.0083 0.0946 0.0770 0.1965 0.3621 0.1596 0.0933 
 299 0.0059 0.0049 0.0098 0.0643 0.1609 0.2705 0.2081 0.1981 0.0775 
 300 0.0046 0.0045 0.0137 0.0497 0.3023 0.1571 0.1897 0.1705 0.1079 
 301 0.0053 0.0078 0.0111 0.0687 0.1775 0.3492 0.1605 0.1134 0.1064 
 302 0.0064 0.0095 0.0147 0.0656 0.4166 0.1704 0.1299 0.1000 0.0871 
 303 0.0047 0.0047 0.0112 0.1100 0.1544 0.1493 0.3365 0.1195 0.1096 
 304 0.0056 0.0076 0.0103 0.2136 0.0669 0.2402 0.1941 0.1549 0.1068 
 305 0.0048 0.0098 0.0118 0.1193 0.2987 0.1179 0.2551 0.0886 0.0941 
 306 0.0043 0.0044 0.0091 0.0800 0.1454 0.1477 0.4067 0.1010 0.1015 
 307 0.0053 0.0050 0.0106 0.0692 0.1472 0.1938 0.3328 0.1245 0.1116 
 308 0.0040 0.0043 0.0082 0.1175 0.1970 0.1210 0.3398 0.1059 0.1022 
 309 0.0188 0.0338 0.0353 0.0823 0.2015 0.1454 0.1570 0.2358 0.0901 
 310 0.0043 0.0040 0.0112 0.0892 0.2697 0.1100 0.3285 0.1051 0.0780 
 311 0.0048 0.0047 0.0132 0.0867 0.1421 0.1611 0.3526 0.1574 0.0774 
 312 0.0045 0.0048 0.0128 0.0723 0.2744 0.1174 0.1897 0.2421 0.0821 
 313 0.0045 0.0047 0.0114 0.0449 0.4485 0.1130 0.1440 0.1387 0.0904 
 314 0.0046 0.0282 0.0119 0.2785 0.1002 0.0829 0.3273 0.0717 0.0947 
 315 0.0042 0.0229 0.0081 0.3568 0.0961 0.0933 0.2039 0.0732 0.1414 
 316 0.0065 0.0546 0.0096 0.3746 0.0656 0.1054 0.1556 0.0784 0.1498 
 317 0.0050 0.0265 0.0115 0.3299 0.0661 0.0868 0.3063 0.0733 0.0946 
 318 0.0046 0.0449 0.0089 0.4631 0.0492 0.0931 0.1658 0.0727 0.0978 
 319 0.0047 0.0042 0.0087 0.2101 0.0687 0.0825 0.4598 0.0742 0.0872 
 320 0.0046 0.0278 0.0114 0.2790 0.1006 0.0829 0.3274 0.0715 0.0948 
 321 0.0049 0.0643 0.0111 0.3056 0.0588 0.0941 0.2875 0.0734 0.1003 
 322 0.0076 0.0298 0.0122 0.2375 0.1006 0.0966 0.2948 0.0794 0.1415 
 323 0.0114 0.0172 0.0082 0.4253 0.0535 0.0952 0.2210 0.0759 0.0923 
 324 0.0049 0.0652 0.0114 0.3070 0.0594 0.0934 0.2860 0.0731 0.0995 
 325 0.0048 0.0740 0.0090 0.3841 0.0607 0.1000 0.1462 0.0757 0.1455 
 326 0.0072 0.2453 0.0102 0.2116 0.0593 0.0932 0.1661 0.0771 0.1299 
 327 0.0048 0.0281 0.0114 0.3284 0.0671 0.0865 0.3053 0.0738 0.0945 
 328 0.0046 0.0350 0.0094 0.2223 0.0842 0.0992 0.3252 0.0773 0.1428 
 329 0.0044 0.0069 0.0076 0.3852 0.0488 0.0913 0.2920 0.0716 0.0922 
 330 0.0051 0.0267 0.0113 0.3327 0.0658 0.0867 0.3039 0.0733 0.0945 
 331 0.0047 0.0128 0.0078 0.4569 0.0523 0.0918 0.2062 0.0748 0.0927 
 332 0.0097 0.2262 0.0093 0.2222 0.0590 0.0983 0.1688 0.0764 0.1300 
 333 0.0070 0.1829 0.0092 0.2096 0.0674 0.0922 0.2256 0.0791 0.1270 
 334 0.0047 0.0352 0.0095 0.2208 0.0839 0.0995 0.3263 0.0780 0.1420 
 335 0.0047 0.0131 0.0095 0.2385 0.0878 0.0891 0.3491 0.0762 0.1319 
 336 0.0087 0.1805 0.0095 0.2492 0.0739 0.0919 0.2182 0.0720 0.0961 
 337 0.0048 0.0965 0.0116 0.2419 0.0755 0.0994 0.2480 0.0762 0.1462 
 338 0.0050 0.1733 0.0086 0.3090 0.0488 0.0943 0.1902 0.0736 0.0972 
 339 0.0045 0.0123 0.0080 0.4585 0.0526 0.0908 0.2052 0.0745 0.0935 
 340 0.0044 0.0066 0.0076 0.4614 0.0561 0.0842 0.2174 0.0745 0.0878 
 341 0.0099 0.0875 0.0097 0.2824 0.0554 0.0906 0.2962 0.0760 0.0922 
 342 0.0050 0.0277 0.0120 0.3296 0.0669 0.0868 0.3053 0.0729 0.0936 
 343 0.0108 0.0398 0.0102 0.1714 0.1146 0.0976 0.3503 0.0740 0.1314 
 344 0.0044 0.0136 0.0078 0.4670 0.0490 0.0910 0.2018 0.0725 0.0930 
 345 0.0049 0.0269 0.0114 0.3287 0.0662 0.0860 0.3073 0.0737 0.0949 
 346 0.0046 0.0201 0.0091 0.4891 0.0528 0.0869 0.1715 0.0731 0.0927 
 347 0.0045 0.0061 0.0079 0.4720 0.0528 0.0835 0.2120 0.0726 0.0887 
 348 0.0044 0.0128 0.0095 0.1962 0.1359 0.0846 0.3586 0.0730 0.1251 
 349 0.0050 0.0277 0.0114 0.3289 0.0666 0.0864 0.3066 0.0734 0.0941 
 350 0.0044 0.0067 0.0079 0.3847 0.0813 0.0889 0.2596 0.0722 0.0942 
 351 0.0046 0.0135 0.0097 0.2394 0.0878 0.0896 0.3476 0.0760 0.1319 
 352 0.0052 0.0442 0.0121 0.2714 0.0907 0.0930 0.2660 0.0771 0.1402 
 353 0.0092 0.1792 0.0093 0.2499 0.0736 0.0924 0.2180 0.0722 0.0963 
 354 0.0060 0.0187 0.0093 0.4389 0.0506 0.0941 0.2123 0.0747 0.0953 
 355 0.0047 0.0452 0.0088 0.4654 0.0487 0.0928 0.1632 0.0734 0.0977 
 356 0.0040 0.0052 0.0086 0.0972 0.1257 0.0818 0.4829 0.0732 0.1214 
 357 0.0043 0.0059 0.0087 0.2624 0.0701 0.1823 0.1687 0.0855 0.2121 
 358 0.0046 0.1525 0.0083 0.2580 0.0598 0.0971 0.2120 0.0760 0.1318 
 359 0.0049 0.1047 0.0080 0.3238 0.0533 0.0921 0.2448 0.0748 0.0936 
 360 0.0048 0.0199 0.0092 0.4880 0.0530 0.0867 0.1725 0.0734 0.0926 
 361 0.0042 0.0056 0.0102 0.1056 0.0914 0.1779 0.3062 0.0860 0.2130 
 362 0.0050 0.0121 0.0117 0.0661 0.1372 0.1670 0.1275 0.1578 0.3156 
 363 0.0068 0.0076 0.0130 0.0424 0.0932 0.2185 0.1112 0.2483 0.2590 
 364 0.0121 0.0084 0.0175 0.0871 0.0906 0.2753 0.2560 0.1370 0.1160 
 365 0.0145 0.0089 0.0257 0.0462 0.0824 0.2617 0.1245 0.1221 0.3141 
 366 0.0058 0.0075 0.0156 0.0573 0.2004 0.2460 0.1837 0.1052 0.1786 
 367 0.0046 0.0043 0.0102 0.0351 0.0546 0.1206 0.0880 0.3299 0.3527 
 368 0.0046 0.0047 0.0106 0.0491 0.0757 0.2052 0.1495 0.3478 0.1528 
 369 0.0063 0.0125 0.0205 0.0573 0.1433 0.2409 0.2796 0.1146 0.1250 
 370 0.0111 0.0275 0.0196 0.0521 0.0935 0.1923 0.1473 0.3251 0.1315 
 371 0.0087 0.0220 0.0172 0.0566 0.1080 0.3664 0.1708 0.1381 0.1121 
 372 0.0376 0.0285 0.0390 0.0693 0.1195 0.1469 0.1868 0.2492 0.1231 
 373 0.0049 0.0048 0.0142 0.0512 0.0737 0.1658 0.2202 0.2811 0.1841 
 374 0.0064 0.0069 0.0240 0.0606 0.0755 0.2077 0.2877 0.1460 0.1851 
 375 0.0136 0.0094 0.0153 0.0411 0.0574 0.3276 0.1079 0.2617 0.1661 
 376 0.1103 0.0070 0.0126 0.0381 0.0555 0.2024 0.1000 0.1363 0.3378 
 377 0.0067 0.0147 0.0156 0.0688 0.1413 0.1976 0.1149 0.1938 0.2467 
 378 0.0051 0.0120 0.0144 0.1151 0.0875 0.0947 0.1741 0.2817 0.2155 
 379 0.1876 0.0102 0.0154 0.0345 0.0658 0.1843 0.0910 0.1626 0.2487 
 380 0.0100 0.0114 0.0160 0.0592 0.0917 0.1803 0.2348 0.0941 0.3026 
 381 0.0083 0.0062 0.0139 0.0461 0.1122 0.2966 0.2365 0.0809 0.1993 
 382 0.0043 0.0073 0.0093 0.0491 0.0581 0.3834 0.1002 0.1885 0.1998 
 383 0.0099 0.1724 0.0118 0.0787 0.0633 0.2269 0.1146 0.1014 0.2211 
 384 0.0404 0.0624 0.0209 0.0810 0.0589 0.2936 0.1357 0.1476 0.1596 
 385 0.0060 0.0826 0.1547 0.0949 0.0603 0.2261 0.1326 0.1273 0.1155 
 386 0.0039 0.0044 0.0096 0.0403 0.0733 0.2071 0.1102 0.2030 0.3482 
 387 0.0046 0.0044 0.0108 0.0627 0.0750 0.2142 0.1068 0.2044 0.3172 
 388 0.0135 0.0107 0.0292 0.0927 0.0589 0.2351 0.2192 0.1647 0.1760 
 389 0.0093 0.0206 0.0585 0.0486 0.2785 0.1908 0.1142 0.1827 0.0968 
 390 0.0196 0.0244 0.0230 0.0400 0.1029 0.1102 0.1102 0.1943 0.3754 
 391 0.0122 0.0126 0.0581 0.0445 0.1201 0.1414 0.1886 0.2542 0.1683 
 392 0.0067 0.0044 0.0089 0.0801 0.0909 0.1887 0.1650 0.1676 0.2878 
 393 0.0071 0.0064 0.0117 0.0595 0.0855 0.1374 0.1635 0.0905 0.4383 
 394 0.0044 0.0127 0.0085 0.1139 0.0783 0.1238 0.1946 0.1718 0.2920 
 395 0.0039 0.0040 0.0090 0.0521 0.1747 0.1103 0.1269 0.2226 0.2965 
 396 0.0049 0.0038 0.0096 0.0324 0.0640 0.2910 0.0943 0.3189 0.1810 
 397 0.0502 0.0051 0.0091 0.0663 0.1240 0.2794 0.2384 0.1324 0.0950 
 398 0.0384 0.0050 0.0091 0.0365 0.0637 0.1049 0.0949 0.1822 0.4652 
 399 0.0043 0.0098 0.0167 0.0423 0.1009 0.1074 0.1177 0.3703 0.2306 
 400 0.0063 0.0045 0.0123 0.0389 0.0673 0.2262 0.1713 0.1998 0.2736 
 401 0.0044 0.0043 0.0124 0.0517 0.1255 0.0836 0.1530 0.2742 0.2910 
 402 0.0057 0.0052 0.0126 0.0550 0.1464 0.1923 0.1536 0.2520 0.1773 
 403 0.0062 0.0055 0.0274 0.1680 0.0849 0.1437 0.2522 0.1380 0.1742 
 404 0.0062 0.0042 0.0169 0.0458 0.0681 0.2897 0.2053 0.1971 0.1667 
 405 0.0041 0.0048 0.0094 0.0510 0.1099 0.2194 0.1720 0.1438 0.2855 
 406 0.0041 0.0049 0.0100 0.0454 0.1428 0.1085 0.2363 0.1008 0.3471 
 407 0.0041 0.0037 0.0090 0.0324 0.0606 0.2171 0.0965 0.1396 0.4371 
 408 0.0038 0.0040 0.0096 0.0316 0.1789 0.0823 0.0960 0.4351 0.1586 
 409 0.0099 0.0110 0.0168 0.0446 0.0807 0.0943 0.3688 0.0999 0.2741 
 410 0.0751 0.0106 0.0145 0.0620 0.0842 0.1314 0.1447 0.1884 0.2891 
 411 0.0136 0.0165 0.0099 0.0910 0.1160 0.2952 0.1270 0.1418 0.1889 
 412 0.0047 0.0047 0.0109 0.0472 0.0716 0.2395 0.1379 0.3000 0.1835 
 413 0.0044 0.0107 0.0091 0.1090 0.0749 0.1484 0.1643 0.2660 0.2132 
 414 0.0042 0.0083 0.0142 0.0453 0.0723 0.2618 0.0796 0.3772 0.1371 
 415 0.0048 0.0042 0.0112 0.0338 0.1262 0.2054 0.1397 0.1544 0.3202 
 416 0.0052 0.0043 0.0263 0.0427 0.0954 0.1609 0.2078 0.1907 0.2667 
 417 0.0052 0.0069 0.0095 0.0367 0.0627 0.1483 0.1153 0.1618 0.4536 
 418 0.0060 0.0043 0.0092 0.0375 0.0537 0.2037 0.1075 0.3780 0.2001 
 419 0.0096 0.0085 0.0240 0.0793 0.0826 0.1349 0.2329 0.1682 0.2601 
 420 0.0038 0.0039 0.0116 0.0321 0.1721 0.0864 0.1288 0.2607 0.3007 
 421 0.0057 0.0065 0.0102 0.0370 0.0700 0.1277 0.1249 0.2769 0.3410 
 422 0.0055 0.0044 0.0108 0.0419 0.1973 0.1194 0.1420 0.1496 0.3292 
 423 0.0066 0.0048 0.0096 0.0659 0.0940 0.2331 0.1349 0.1977 0.2534 
 424 0.0070 0.0092 0.0298 0.0572 0.1367 0.1134 0.1413 0.2261 0.2795 
 425 0.0171 0.0080 0.0384 0.0763 0.0852 0.2986 0.1525 0.1488 0.1750 
 426 0.0269 0.0309 0.0314 0.0641 0.0808 0.1567 0.1518 0.2170 0.2404 
 427 0.0046 0.0085 0.0086 0.1251 0.0554 0.1017 0.0888 0.1320 0.4754 
 428 0.0167 0.0062 0.0103 0.0738 0.1094 0.0977 0.2189 0.1047 0.3623 
 429 0.0055 0.0041 0.0086 0.0343 0.0544 0.1990 0.0904 0.2198 0.3839 
 430 0.0046 0.0048 0.0098 0.0362 0.0611 0.1468 0.1047 0.1412 0.4909 
 431 0.0088 0.0135 0.0189 0.0802 0.0999 0.2062 0.1404 0.2653 0.1668 
 432 0.0049 0.0048 0.0106 0.0500 0.0853 0.1746 0.1564 0.3243 0.1891 
 433 0.0074 0.0064 0.0095 0.0982 0.1195 0.1616 0.3048 0.1703 0.1222 
 434 0.0049 0.0049 0.0125 0.0505 0.0919 0.2902 0.2261 0.1427 0.1764 
 435 0.0041 0.0045 0.0081 0.0348 0.0659 0.1082 0.0895 0.1440 0.5409 
 436 0.0060 0.0050 0.0113 0.0368 0.0670 0.1049 0.1404 0.1237 0.5049 
 437 0.0064 0.0048 0.0083 0.0380 0.0696 0.4227 0.1025 0.1294 0.2183 
 438 0.0052 0.0064 0.0115 0.0387 0.1086 0.0751 0.1671 0.1406 0.4469 
 439 0.0043 0.0044 0.0089 0.0377 0.0498 0.0990 0.1070 0.0943 0.5947 
 440 0.0038 0.0042 0.0092 0.0311 0.0655 0.1435 0.0795 0.1469 0.5164 
 441 0.0044 0.0053 0.0105 0.0514 0.0622 0.1383 0.1542 0.0995 0.4741 
 442 0.0057 0.0040 0.0242 0.0318 0.0885 0.2272 0.1207 0.2279 0.2700 
 443 0.0042 0.0047 0.0144 0.0325 0.1516 0.0915 0.0931 0.2159 0.3921 
 444 0.0054 0.0044 0.0230 0.0319 0.0996 0.2214 0.1130 0.1806 0.3207 
 445 0.0385 0.0053 0.0115 0.0437 0.0820 0.1107 0.2128 0.0928 0.4025 
 446 0.0470 0.0064 0.0106 0.0378 0.0480 0.0903 0.1003 0.1696 0.4901 
 447 0.0053 0.0052 0.0278 0.0446 0.0824 0.1157 0.1746 0.1219 0.4224 
 448 0.0044 0.0045 0.0096 0.0373 0.0733 0.1784 0.1074 0.1570 0.4281 
 449 0.0045 0.0046 0.0097 0.0473 0.0732 0.1735 0.1543 0.1329 0.3999 
 450 0.0065 0.0046 0.0120 0.0541 0.0452 0.3018 0.1483 0.1298 0.2976 
 451 0.0044 0.0045 0.0099 0.0319 0.0932 0.1549 0.0813 0.4156 0.2042 
 452 0.0047 0.0045 0.0093 0.0525 0.0531 0.1820 0.1519 0.1373 0.4047 
 453 0.0041 0.0051 0.0177 0.0357 0.2297 0.0937 0.1766 0.1740 0.2634 
 454 0.0045 0.0104 0.0090 0.0625 0.0751 0.1881 0.1322 0.1148 0.4034 
 455 0.0043 0.0052 0.0098 0.0329 0.0716 0.1005 0.0968 0.1270 0.5519 
 456 0.0051 0.0046 0.0117 0.0328 0.1607 0.1353 0.0946 0.1326 0.4225 
 457 0.0052 0.0044 0.0086 0.0379 0.0645 0.2421 0.1093 0.1131 0.4150 
 458 0.0401 0.0050 0.0104 0.0385 0.0549 0.1192 0.1138 0.1163 0.5019 
 459 0.0042 0.0047 0.0100 0.0473 0.0497 0.0866 0.1638 0.1165 0.5173 
 460 0.0041 0.0046 0.0096 0.0351 0.0548 0.0909 0.0893 0.1445 0.5670 
 461 0.0062 0.0045 0.0105 0.0371 0.0449 0.1505 0.0959 0.2378 0.4126 
 462 0.0069 0.0058 0.0447 0.0306 0.1014 0.1987 0.0769 0.1757 0.3593 
 463 0.0040 0.0051 0.0096 0.0413 0.1984 0.0955 0.1301 0.0985 0.4175 
 464 0.0038 0.0042 0.0091 0.0323 0.0892 0.0882 0.0928 0.1755 0.5050 
 465 0.0064 0.0046 0.0109 0.0380 0.0896 0.1084 0.1153 0.2240 0.4029 
 466 0.0040 0.0043 0.0090 0.0328 0.1514 0.0899 0.1048 0.1854 0.4184 
 467 0.0046 0.0055 0.0113 0.0447 0.0885 0.1468 0.1300 0.1237 0.4448 
 468 0.0045 0.0044 0.0085 0.0324 0.0953 0.1632 0.0931 0.0992 0.4993 
 469 0.0040 0.0046 0.0089 0.0353 0.0488 0.0915 0.0897 0.0832 0.6339 
 470 0.0040 0.0042 0.0079 0.0351 0.0575 0.0878 0.0901 0.1392 0.5742 
 471 0.0050 0.0042 0.0156 0.0372 0.1884 0.1700 0.1156 0.1886 0.2754 
 472 0.0058 0.0045 0.0125 0.0343 0.1072 0.1978 0.1193 0.1521 0.3666 
 473 0.0044 0.0052 0.0091 0.0493 0.0965 0.2106 0.1469 0.1348 0.3431 
 474 0.0044 0.0042 0.0096 0.0466 0.0784 0.1684 0.1581 0.1314 0.3989 
 475 0.0046 0.0045 0.0099 0.0522 0.0741 0.0987 0.1776 0.2159 0.3625 
 476 0.0063 0.0046 0.0095 0.0346 0.0745 0.2456 0.1115 0.1113 0.4022 
 477 0.0061 0.0059 0.0195 0.0395 0.0907 0.1215 0.1527 0.2249 0.3393 
 478 0.0067 0.0054 0.0214 0.0363 0.0621 0.0954 0.0889 0.3445 0.3393 
 479 0.0039 0.0044 0.0090 0.0349 0.0547 0.1442 0.0885 0.1312 0.5292 
 480 0.0054 0.0047 0.0082 0.0368 0.0575 0.2078 0.1038 0.1035 0.4723 
 481 0.0049 0.0039 0.0161 0.0366 0.1110 0.2648 0.1148 0.1945 0.2535 
 482 0.0050 0.0041 0.0083 0.0352 0.0514 0.1677 0.0938 0.1510 0.4833 
 483 0.0051 0.0062 0.0091 0.0381 0.0519 0.1013 0.1119 0.1288 0.5477 
 484 0.0047 0.0048 0.0135 0.0379 0.1408 0.0867 0.1070 0.1090 0.4957 
 485 0.0049 0.0060 0.0090 0.0358 0.0577 0.0886 0.0914 0.1256 0.5810 
 486 0.0072 0.0053 0.0223 0.0434 0.2827 0.2076 0.1337 0.1726 0.1252 
 487 0.0075 0.0053 0.0227 0.0928 0.1420 0.2676 0.1804 0.1611 0.1207 
 488 0.0073 0.0057 0.0486 0.1178 0.1382 0.1802 0.1210 0.2610 0.1202 
 489 0.0060 0.0054 0.0129 0.0469 0.1384 0.3370 0.2552 0.1114 0.0868 
 490 0.0052 0.0045 0.0155 0.0371 0.1775 0.1898 0.0986 0.3040 0.1679 
 491 0.0070 0.0052 0.0344 0.0563 0.1596 0.2247 0.2737 0.1332 0.1058 
 492 0.0044 0.0052 0.0318 0.1491 0.1254 0.1049 0.2127 0.2394 0.1272 
 493 0.0076 0.0060 0.0335 0.1027 0.1899 0.2783 0.0998 0.1964 0.0858 
 494 0.0180 0.0051 0.0305 0.0515 0.1580 0.2433 0.2417 0.1334 0.1186 
 495 0.0188 0.0064 0.0959 0.1062 0.1229 0.1514 0.1685 0.2220 0.1079 
 496 0.0051 0.0057 0.0087 0.0653 0.1252 0.1401 0.3850 0.1228 0.1421 
 497 0.0120 0.0087 0.0598 0.1118 0.1418 0.2727 0.1760 0.1182 0.0989 
 498 0.0083 0.0069 0.0430 0.0355 0.1320 0.2553 0.1947 0.2056 0.1186 
 499 0.0136 0.0065 0.0153 0.0989 0.1490 0.2278 0.2764 0.1048 0.1076 
 500 0.0089 0.0048 0.0113 0.0659 0.1670 0.3866 0.1305 0.1136 0.1114 
 501 0.0076 0.0045 0.0134 0.0641 0.0750 0.2377 0.2854 0.1532 0.1591 
 502 0.0059 0.0046 0.0237 0.0730 0.0569 0.1402 0.3019 0.2445 0.1491 
 503 0.0055 0.0042 0.0097 0.0431 0.0881 0.3468 0.1279 0.1810 0.1938 
 504 0.0066 0.0050 0.0642 0.0394 0.1353 0.1332 0.1506 0.3216 0.1441 
 505 0.0065 0.0043 0.0178 0.0498 0.2459 0.1589 0.2408 0.1723 0.1037 
 506 0.0055 0.0045 0.0256 0.0624 0.0897 0.1396 0.3003 0.2581 0.1143 
 507 0.0053 0.0050 0.0090 0.0995 0.1448 0.0979 0.4654 0.0798 0.0933 
 508 0.0103 0.0064 0.0149 0.1579 0.1787 0.1031 0.3506 0.0948 0.0835 
 509 0.0057 0.0043 0.0136 0.0896 0.1880 0.1358 0.2938 0.1469 0.1223 
 510 0.0103 0.0045 0.0111 0.0891 0.0843 0.2801 0.2980 0.1314 0.0913 
 511 0.0084 0.0049 0.0211 0.0383 0.1183 0.2300 0.1620 0.1931 0.2240 
 512 0.0057 0.0039 0.0142 0.0365 0.0738 0.3561 0.1040 0.1962 0.2097 
 513 0.0060 0.0066 0.2717 0.0576 0.2014 0.0904 0.1269 0.1667 0.0728 
 514 0.0061 0.0084 0.0116 0.0773 0.0915 0.1187 0.1450 0.3761 0.1654 
 515 0.0088 0.0052 0.0137 0.1213 0.1502 0.1291 0.1687 0.1057 0.2973 
 516 0.0070 0.0051 0.0131 0.0423 0.1670 0.1099 0.1908 0.3431 0.1218 
 517 0.0056 0.0059 0.0105 0.0797 0.1689 0.1034 0.2116 0.1492 0.2651 
 518 0.0410 0.0054 0.0104 0.1221 0.0835 0.3063 0.2010 0.1285 0.1019 
 519 0.0052 0.0046 0.0160 0.0463 0.0842 0.1060 0.1952 0.3619 0.1806 
 520 0.0057 0.0061 0.0105 0.0915 0.1566 0.0963 0.2757 0.0862 0.2714 
 521 0.0046 0.0829 0.0096 0.1507 0.1104 0.1124 0.1926 0.2214 0.1155 
 522 0.0142 0.0061 0.0119 0.0663 0.2278 0.2551 0.1121 0.1269 0.1796 
 523 0.0063 0.0147 0.0104 0.0783 0.2495 0.0901 0.2270 0.1228 0.2007 
 524 0.0060 0.0057 0.0089 0.0852 0.1294 0.1111 0.1480 0.1308 0.3749 
 525 0.0575 0.0070 0.0100 0.0996 0.1204 0.1525 0.2478 0.0947 0.2105 
 526 0.0046 0.0054 0.0092 0.0437 0.2026 0.0827 0.1839 0.0944 0.3735 
 527 0.0492 0.0048 0.0147 0.0635 0.0690 0.2752 0.1275 0.2604 0.1357 
 528 0.0042 0.0074 0.0088 0.3330 0.1259 0.1213 0.1559 0.1506 0.0928 
 529 0.0597 0.0064 0.0180 0.0770 0.1275 0.1535 0.2222 0.2140 0.1218 
 530 0.0055 0.0051 0.0147 0.0621 0.1286 0.2506 0.1738 0.1315 0.2281 
 531 0.0053 0.0091 0.0103 0.2471 0.0815 0.1144 0.1535 0.1085 0.2703 
 532 0.0100 0.0106 0.0125 0.2281 0.1395 0.2243 0.1219 0.1652 0.0878 
 533 0.0451 0.0061 0.0106 0.0689 0.1734 0.2187 0.1500 0.1360 0.1912 
 534 0.0576 0.0061 0.0199 0.1061 0.3017 0.0861 0.1664 0.1698 0.0864 
 535 0.0044 0.0050 0.0109 0.0440 0.1882 0.0878 0.1883 0.1744 0.2969 
 536 0.0054 0.0056 0.0127 0.0493 0.0833 0.1417 0.3048 0.1725 0.2248 
 537 0.0054 0.0169 0.0148 0.0496 0.1138 0.1283 0.4117 0.1338 0.1257 
 538 0.0040 0.0051 0.0101 0.0500 0.1533 0.1503 0.3363 0.1367 0.1542 
 539 0.0039 0.0041 0.0093 0.0686 0.0890 0.1183 0.5328 0.0965 0.0775 
 540 0.0046 0.0990 0.0097 0.0861 0.2123 0.1440 0.1664 0.1181 0.1598 
 541 0.0066 0.0316 0.0170 0.1595 0.0998 0.1467 0.2513 0.0987 0.1887 
 542 0.0047 0.0043 0.0183 0.0369 0.2438 0.1279 0.1637 0.1110 0.2895 
 543 0.0071 0.0652 0.0203 0.1081 0.2135 0.0944 0.1571 0.1532 0.1812 
 544 0.0039 0.0097 0.0120 0.0517 0.2702 0.1050 0.1957 0.1166 0.2352 
 545 0.0048 0.0061 0.0165 0.0334 0.2620 0.0958 0.1234 0.1514 0.3065 
 546 0.0045 0.0093 0.0209 0.0601 0.2509 0.1460 0.2077 0.1099 0.1907 
 547 0.0051 0.0073 0.0166 0.0485 0.2583 0.0817 0.2714 0.1119 0.1992 
 548 0.0045 0.0043 0.0106 0.0827 0.1061 0.1940 0.3471 0.1581 0.0927 
 549 0.0053 0.0065 0.0117 0.0512 0.0698 0.0885 0.4316 0.0972 0.2384 
 550 0.0040 0.0049 0.0139 0.0358 0.1490 0.0990 0.2081 0.1504 0.3348 
 551 0.0056 0.0061 0.0115 0.0679 0.0733 0.1012 0.4622 0.1086 0.1637 
 552 0.0042 0.0042 0.0100 0.0575 0.2224 0.1451 0.3205 0.1170 0.1190 
 553 0.0074 0.0242 0.0235 0.0766 0.3244 0.0842 0.2086 0.1234 0.1276 
 554 0.0062 0.1210 0.0126 0.0686 0.1434 0.2329 0.1219 0.1323 0.1611 
 555 0.0057 0.0148 0.0266 0.0581 0.1208 0.1349 0.4057 0.1221 0.1113 
 556 0.0047 0.0120 0.0116 0.0482 0.1664 0.1484 0.3231 0.1431 0.1426 
 557 0.0045 0.0137 0.0129 0.0515 0.0977 0.1086 0.1927 0.1571 0.3612 
 558 0.0052 0.0040 0.0083 0.0354 0.0464 0.1490 0.0938 0.1365 0.5214 
 559 0.0051 0.0065 0.0101 0.0438 0.1625 0.2082 0.1564 0.2738 0.1336 
 560 0.0041 0.0040 0.0172 0.0301 0.0592 0.1020 0.0800 0.3717 0.3316 
 561 0.0048 0.0042 0.0155 0.0363 0.1106 0.1468 0.0993 0.2362 0.3463 
 562 0.0050 0.0050 0.0153 0.0304 0.1425 0.2033 0.0793 0.3179 0.2012 
 563 0.0073 0.0054 0.0296 0.0463 0.0705 0.0964 0.2654 0.2295 0.2497 
 564 0.0066 0.0159 0.0124 0.0654 0.3039 0.1909 0.1146 0.1629 0.1274 
 565 0.0044 0.0041 0.0087 0.0366 0.0538 0.1914 0.1101 0.1104 0.4805 
 566 0.0037 0.0044 0.0103 0.0315 0.0679 0.1457 0.0809 0.3359 0.3198 
 567 0.0050 0.0054 0.0127 0.0398 0.1532 0.2347 0.1165 0.3176 0.1151 
 568 0.0046 0.0048 0.0091 0.0469 0.1310 0.1159 0.1458 0.2527 0.2892 
 569 0.0060 0.0137 0.0096 0.0588 0.1524 0.2770 0.1064 0.1531 0.2230 
 570 0.0060 0.0048 0.0085 0.0349 0.0560 0.3959 0.0849 0.1668 0.2421 
 571 0.0043 0.0055 0.0095 0.0473 0.0824 0.1112 0.1179 0.3907 0.2312 
 572 0.0039 0.0054 0.0159 0.0521 0.2592 0.1498 0.2609 0.0861 0.1668 
 573 0.0063 0.0109 0.0113 0.0573 0.1701 0.1728 0.1398 0.1866 0.2449 
 574 0.0052 0.0114 0.0111 0.0614 0.0939 0.3570 0.1840 0.0930 0.1829 
 575 0.0044 0.0045 0.0100 0.0523 0.0665 0.1113 0.2141 0.2808 0.2561 
 576 0.0047 0.0051 0.0187 0.0342 0.0557 0.1773 0.0821 0.3510 0.2712 
 577 0.0057 0.0047 0.0109 0.0478 0.0764 0.3412 0.2222 0.1196 0.1716 
 578 0.0047 0.0061 0.0226 0.0450 0.0787 0.1628 0.1197 0.2530 0.3075 
 579 0.0052 0.0100 0.0239 0.0488 0.1209 0.1979 0.0955 0.1867 0.3110 
