   1 0.0062 0.0088 0.0265 0.0842 0.0880 0.1968 0.3312 0.1288 0.1296 
   2 0.0046 0.0059 0.0299 0.0509 0.1974 0.1109 0.0996 0.2011 0.2996 
   3 0.0080 0.0106 0.0316 0.0530 0.0514 0.2110 0.1476 0.3233 0.1635 
   4 0.0129 0.0131 0.0407 0.2553 0.0735 0.2188 0.0865 0.1442 0.1550 
   5 0.0056 0.0061 0.0318 0.0627 0.2482 0.0919 0.1088 0.2146 0.2301 
   6 0.0082 0.0063 0.0305 0.0876 0.0675 0.0980 0.1916 0.3956 0.1146 
   7 0.0062 0.0077 0.1532 0.0493 0.1316 0.0947 0.2085 0.2518 0.0969 
   8 0.0317 0.0132 0.0386 0.1813 0.0699 0.1736 0.1188 0.2572 0.1155 
   9 0.0114 0.0085 0.0339 0.0516 0.1321 0.1766 0.1698 0.2180 0.1980 
  10 0.0085 0.0070 0.0346 0.1726 0.1015 0.1089 0.2000 0.2711 0.0958 
  11 0.0045 0.0079 0.0530 0.0415 0.1680 0.0929 0.3695 0.1727 0.0901 
  12 0.0064 0.0060 0.0325 0.0777 0.1885 0.1397 0.1166 0.2015 0.2311 
  13 0.0077 0.0063 0.0433 0.0560 0.1371 0.1706 0.1646 0.2448 0.1695 
  14 0.0043 0.0104 0.0221 0.0863 0.0723 0.1198 0.1252 0.2251 0.3345 
  15 0.0060 0.0164 0.0414 0.1142 0.1053 0.2046 0.1195 0.2025 0.1901 
  16 0.0050 0.0078 0.0323 0.0476 0.0933 0.1313 0.3363 0.2283 0.1181 
  17 0.0124 0.0083 0.0261 0.0714 0.1270 0.1498 0.1365 0.2974 0.1711 
  18 0.0115 0.0141 0.0276 0.0889 0.0735 0.1454 0.1664 0.2242 0.2484 
  19 0.0069 0.0067 0.0295 0.0618 0.1054 0.1427 0.1739 0.3527 0.1203 
  20 0.0055 0.0139 0.0512 0.0730 0.1788 0.1283 0.1283 0.2388 0.1821 
  21 0.0052 0.0082 0.0247 0.1331 0.0783 0.1538 0.2038 0.1385 0.2544 
  22 0.0110 0.0063 0.0225 0.0558 0.0654 0.1865 0.2008 0.3272 0.1245 
  23 0.0085 0.0169 0.0329 0.0657 0.0816 0.2731 0.0957 0.1690 0.2567 
  24 0.0053 0.0075 0.0276 0.0626 0.0787 0.2432 0.3138 0.1342 0.1272 
  25 0.0057 0.0102 0.0452 0.0440 0.1464 0.0800 0.1142 0.4120 0.1425 
  26 0.0089 0.0099 0.0294 0.0979 0.1192 0.1851 0.1873 0.1876 0.1748 
  27 0.0065 0.0072 0.0291 0.0647 0.1102 0.1416 0.2070 0.2358 0.1978 
  28 0.0058 0.0073 0.0486 0.2437 0.0617 0.1235 0.2237 0.1520 0.1337 
  29 0.0044 0.0059 0.0484 0.0426 0.1936 0.1435 0.1643 0.1930 0.2043 
  30 0.0067 0.0076 0.0220 0.0467 0.0787 0.1503 0.2846 0.2350 0.1685 
  31 0.0223 0.0068 0.0452 0.1378 0.1386 0.1054 0.1964 0.1483 0.1992 
  32 0.0052 0.0099 0.0236 0.0959 0.0690 0.1837 0.0915 0.3488 0.1723 
  33 0.0057 0.0077 0.0387 0.0470 0.0680 0.2283 0.1818 0.2593 0.1634 
  34 0.0072 0.0098 0.0407 0.1320 0.1598 0.0789 0.1073 0.3778 0.0866 
  35 0.0150 0.0062 0.0208 0.0383 0.1445 0.1209 0.1371 0.2207 0.2964 
  36 0.0046 0.0360 0.0271 0.0382 0.0553 0.1190 0.3266 0.1031 0.2900 
  37 0.0078 0.0063 0.0284 0.0623 0.0660 0.2244 0.1271 0.2103 0.2674 
  38 0.0056 0.1749 0.0456 0.0331 0.1312 0.0905 0.2018 0.1545 0.1630 
  39 0.0083 0.0135 0.0362 0.0495 0.1235 0.1101 0.2244 0.1905 0.2439 
  40 0.0043 0.0110 0.0220 0.0489 0.0619 0.2074 0.1389 0.1511 0.3545 
  41 0.0083 0.0137 0.0384 0.0344 0.1012 0.1505 0.2109 0.1734 0.2692 
  42 0.0046 0.0214 0.0236 0.0479 0.0756 0.3626 0.2366 0.0856 0.1421 
  43 0.0088 0.0061 0.0317 0.0494 0.0711 0.1889 0.1036 0.1776 0.3627 
  44 0.0087 0.0055 0.0221 0.0326 0.0646 0.1274 0.0997 0.2225 0.4171 
  45 0.0053 0.0250 0.0235 0.0336 0.1250 0.0951 0.2824 0.0972 0.3129 
  46 0.0112 0.0072 0.0267 0.0591 0.1028 0.0961 0.1412 0.3188 0.2369 
  47 0.0306 0.0060 0.0277 0.0606 0.1233 0.1588 0.1655 0.2308 0.1965 
  48 0.0104 0.0078 0.0189 0.0340 0.0655 0.1353 0.0849 0.2026 0.4405 
  49 0.0100 0.0085 0.0258 0.0472 0.1471 0.1380 0.2272 0.1423 0.2538 
  50 0.0121 0.0079 0.0540 0.0914 0.0908 0.0716 0.1567 0.3417 0.1738 
  51 0.0044 0.0322 0.0245 0.0346 0.0585 0.1353 0.2133 0.0850 0.4122 
  52 0.0090 0.0076 0.0355 0.0547 0.1351 0.1349 0.2683 0.1832 0.1718 
  53 0.0085 0.0484 0.0447 0.0649 0.0589 0.1221 0.2348 0.2420 0.1757 
  54 0.0113 0.0050 0.0224 0.0552 0.1344 0.1644 0.1132 0.1596 0.3344 
  55 0.0071 0.0065 0.0228 0.0426 0.0735 0.1169 0.0896 0.1641 0.4769 
  56 0.0080 0.0145 0.0228 0.0484 0.0856 0.1641 0.1433 0.1708 0.3424 
  57 0.0197 0.0082 0.0283 0.1435 0.1352 0.1836 0.1627 0.2178 0.1011 
  58 0.0055 0.0120 0.0242 0.0429 0.1245 0.1393 0.2122 0.1055 0.3340 
  59 0.0054 0.0451 0.0252 0.0445 0.1671 0.1405 0.2306 0.1081 0.2336 
  60 0.0046 0.0142 0.0296 0.0793 0.0543 0.1480 0.1846 0.1080 0.3773 
  61 0.0040 0.0056 0.0223 0.0572 0.0785 0.1544 0.0937 0.0911 0.4932 
  62 0.0120 0.0073 0.0314 0.0695 0.2626 0.1178 0.1677 0.1631 0.1685 
  63 0.0043 0.0080 0.0459 0.0536 0.0748 0.1849 0.1589 0.1822 0.2874 
  64 0.0076 0.0195 0.0247 0.0421 0.1522 0.0976 0.2305 0.2295 0.1963 
  65 0.0057 0.0069 0.0393 0.0408 0.1763 0.0770 0.1208 0.3305 0.2028 
  66 0.0050 0.0071 0.0532 0.0904 0.0930 0.1886 0.1286 0.1442 0.2900 
  67 0.0062 0.0056 0.0233 0.0380 0.0862 0.1023 0.0936 0.1682 0.4766 
  68 0.0067 0.0403 0.0265 0.0507 0.1269 0.1558 0.2521 0.1009 0.2401 
  69 0.0083 0.1369 0.0319 0.1510 0.1383 0.0752 0.1741 0.1575 0.1268 
  70 0.0046 0.0176 0.0631 0.0477 0.0684 0.1709 0.1933 0.1712 0.2631 
  71 0.0056 0.0320 0.0289 0.0343 0.1426 0.0790 0.2360 0.1072 0.3345 
  72 0.0062 0.0107 0.0284 0.0392 0.0669 0.0931 0.3624 0.1779 0.2150 
  73 0.0054 0.0100 0.0300 0.0393 0.1755 0.0900 0.1302 0.1085 0.4112 
  74 0.0045 0.0391 0.0241 0.0463 0.0555 0.2006 0.2849 0.1018 0.2432 
  75 0.0053 0.0229 0.0224 0.0522 0.0619 0.2261 0.2403 0.0868 0.2820 
  76 0.0057 0.0061 0.0397 0.0406 0.0642 0.1159 0.1176 0.2525 0.3578 
  77 0.0050 0.0348 0.0355 0.0319 0.1367 0.1317 0.2391 0.1391 0.2464 
  78 0.0056 0.1541 0.0416 0.0320 0.1298 0.1355 0.1740 0.1403 0.1871 
  79 0.0049 0.0069 0.0671 0.0521 0.1278 0.1118 0.2326 0.2638 0.1330 
  80 0.0051 0.0062 0.0515 0.0991 0.0634 0.3951 0.1287 0.1241 0.1268 
  81 0.0053 0.0066 0.0803 0.1226 0.0639 0.2872 0.1806 0.1365 0.1169 
  82 0.0051 0.0064 0.0399 0.0602 0.1416 0.1851 0.1354 0.1547 0.2717 
  83 0.0050 0.0109 0.0826 0.1006 0.0522 0.2086 0.1541 0.2057 0.1802 
  84 0.0048 0.0065 0.0672 0.0990 0.0690 0.1986 0.1926 0.2345 0.1277 
  85 0.0050 0.0127 0.0369 0.1031 0.0624 0.2309 0.1737 0.2285 0.1468 
  86 0.0073 0.0091 0.0238 0.0502 0.1523 0.0936 0.1175 0.2078 0.3384 
  87 0.0054 0.0135 0.1767 0.0577 0.0897 0.1155 0.1777 0.1978 0.1660 
  88 0.0051 0.0065 0.0735 0.0747 0.0907 0.2783 0.1706 0.1362 0.1646 
  89 0.0056 0.0069 0.0551 0.1123 0.0767 0.2802 0.1717 0.1335 0.1580 
  90 0.0047 0.0063 0.1188 0.0617 0.1294 0.1285 0.1701 0.2263 0.1542 
  91 0.0047 0.0138 0.0408 0.1014 0.0513 0.3472 0.1409 0.1600 0.1398 
  92 0.0050 0.0066 0.0629 0.0660 0.1166 0.1619 0.2169 0.1886 0.1755 
  93 0.0050 0.0062 0.0248 0.2786 0.0629 0.2662 0.1252 0.1054 0.1257 
  94 0.0047 0.0181 0.3042 0.0506 0.0486 0.0992 0.1830 0.1738 0.1179 
  95 0.0049 0.0064 0.1473 0.0720 0.1010 0.2253 0.1370 0.1623 0.1439 
  96 0.0045 0.0056 0.0250 0.0626 0.0695 0.2541 0.0984 0.0971 0.3833 
  97 0.0057 0.0211 0.0220 0.0530 0.0659 0.1960 0.2682 0.0926 0.2755 
  98 0.0040 0.0065 0.0237 0.0396 0.0939 0.1917 0.1823 0.1721 0.2861 
  99 0.0048 0.0062 0.0761 0.0966 0.0843 0.1941 0.1778 0.2328 0.1273 
 100 0.0052 0.0053 0.0239 0.0846 0.0667 0.4345 0.0839 0.0986 0.1973 
 101 0.0064 0.0158 0.1104 0.0721 0.0971 0.1486 0.1656 0.1720 0.2120 
 102 0.0060 0.0126 0.0427 0.0891 0.1076 0.2846 0.1078 0.1678 0.1818 
 103 0.0054 0.0059 0.0627 0.1211 0.0979 0.1116 0.0961 0.1832 0.3160 
 104 0.0048 0.0056 0.1620 0.1179 0.1332 0.0597 0.1112 0.2342 0.1714 
 105 0.0055 0.0055 0.0710 0.1634 0.2513 0.0723 0.0909 0.1439 0.1963 
 106 0.0045 0.0088 0.0982 0.0331 0.1037 0.0660 0.2226 0.3163 0.1468 
 107 0.0068 0.0067 0.1306 0.1053 0.1235 0.1098 0.1054 0.1734 0.2384 
 108 0.0042 0.0883 0.0236 0.0525 0.0645 0.0791 0.0768 0.1876 0.4234 
 109 0.0052 0.0177 0.0387 0.0433 0.3122 0.0606 0.1723 0.1736 0.1765 
 110 0.0051 0.0093 0.1579 0.0376 0.1139 0.0714 0.2420 0.2556 0.1072 
 111 0.0060 0.0073 0.2259 0.0561 0.2290 0.0803 0.0937 0.1535 0.1482 
 112 0.0045 0.0103 0.2008 0.0397 0.2685 0.0736 0.1439 0.1301 0.1285 
 113 0.0056 0.0141 0.0340 0.0632 0.1089 0.1067 0.1532 0.1661 0.3481 
 114 0.0044 0.0054 0.1134 0.1435 0.2174 0.0669 0.1150 0.1852 0.1488 
 115 0.0057 0.0084 0.0815 0.0453 0.2071 0.1322 0.0955 0.2204 0.2038 
 116 0.0059 0.0185 0.0482 0.0336 0.1661 0.0721 0.2255 0.1882 0.2418 
 117 0.0067 0.0106 0.0782 0.0397 0.2515 0.1019 0.2211 0.1890 0.1013 
 118 0.0049 0.0110 0.0408 0.0504 0.2997 0.0852 0.0879 0.1220 0.2982 
 119 0.0044 0.0096 0.0385 0.0631 0.0547 0.2610 0.0964 0.1672 0.3049 
 120 0.0054 0.0072 0.0822 0.0627 0.2105 0.1168 0.1067 0.2118 0.1969 
 121 0.0128 0.0123 0.0870 0.0396 0.2422 0.0975 0.1328 0.1698 0.2061 
 122 0.0043 0.0077 0.0700 0.0538 0.1724 0.0712 0.2206 0.2521 0.1480 
 123 0.0053 0.0101 0.1833 0.0644 0.1176 0.0937 0.1376 0.2016 0.1863 
 124 0.0105 0.0103 0.0781 0.0460 0.1544 0.0724 0.1985 0.1937 0.2363 
 125 0.0057 0.0224 0.0328 0.0376 0.1820 0.1085 0.3059 0.1887 0.1164 
 126 0.0039 0.0089 0.0752 0.0553 0.0775 0.1034 0.2476 0.1898 0.2384 
 127 0.0053 0.0059 0.3412 0.0568 0.1174 0.0835 0.0789 0.1326 0.1784 
 128 0.0045 0.0057 0.0282 0.0492 0.2733 0.0846 0.1037 0.1261 0.3247 
 129 0.0064 0.0059 0.1057 0.0548 0.1814 0.0652 0.0931 0.1869 0.3006 
 130 0.0062 0.0062 0.0932 0.1041 0.2323 0.1052 0.1187 0.1941 0.1400 
 131 0.0098 0.0635 0.0798 0.0399 0.1371 0.0693 0.2418 0.1950 0.1639 
 132 0.0048 0.0071 0.1020 0.0449 0.1100 0.0612 0.1848 0.2524 0.2327 
 133 0.0078 0.0094 0.1563 0.0699 0.0938 0.0940 0.1066 0.2069 0.2552 
 134 0.0044 0.0076 0.2035 0.0310 0.1931 0.0590 0.2059 0.1958 0.0997 
 135 0.0060 0.0084 0.0208 0.1295 0.0901 0.2823 0.1187 0.0810 0.2632 
 136 0.0058 0.0062 0.0202 0.2719 0.0770 0.2785 0.0981 0.1232 0.1190 
 137 0.0052 0.0066 0.0235 0.1634 0.1004 0.4049 0.1099 0.0938 0.0924 
 138 0.0050 0.0076 0.0207 0.4445 0.0461 0.1526 0.1233 0.0846 0.1156 
 139 0.0046 0.0067 0.0202 0.1901 0.0764 0.1042 0.1194 0.1069 0.3715 
 140 0.0051 0.0083 0.0257 0.1645 0.0727 0.1992 0.2201 0.1060 0.1985 
 141 0.0057 0.0078 0.0211 0.3747 0.0653 0.1099 0.1448 0.1272 0.1434 
 142 0.0053 0.0075 0.0209 0.1795 0.0723 0.1817 0.1073 0.0821 0.3433 
 143 0.0044 0.0056 0.0188 0.1226 0.0489 0.5298 0.0859 0.0778 0.1063 
 144 0.0050 0.0063 0.0226 0.1192 0.0968 0.4722 0.0946 0.0834 0.1000 
 145 0.0068 0.0076 0.0217 0.1912 0.0816 0.2122 0.1528 0.1416 0.1846 
 146 0.0067 0.0086 0.0321 0.2257 0.0894 0.1821 0.2010 0.1280 0.1264 
 147 0.0049 0.0059 0.0198 0.2578 0.0528 0.3818 0.0986 0.0869 0.0915 
 148 0.0052 0.0061 0.0276 0.2787 0.0824 0.1497 0.0998 0.1427 0.2078 
 149 0.0053 0.0084 0.0196 0.3223 0.0636 0.1506 0.1493 0.0855 0.1955 
 150 0.0061 0.0061 0.0311 0.1867 0.1273 0.2535 0.1250 0.1207 0.1436 
 151 0.0050 0.0057 0.0241 0.1659 0.0654 0.3924 0.1081 0.0959 0.1374 
 152 0.0054 0.0107 0.0240 0.2345 0.0742 0.1771 0.0835 0.1718 0.2189 
 153 0.0045 0.0082 0.0235 0.3612 0.0562 0.1409 0.1702 0.0942 0.1409 
 154 0.0058 0.0066 0.0201 0.3819 0.0659 0.1240 0.0972 0.1123 0.1860 
 155 0.0048 0.0053 0.0266 0.4557 0.0537 0.1440 0.0912 0.1007 0.1182 
 156 0.0042 0.0061 0.0243 0.2506 0.0717 0.2566 0.0912 0.0862 0.2091 
 157 0.0045 0.0060 0.0459 0.3305 0.0590 0.1980 0.1142 0.1442 0.0976 
 158 0.0066 0.0087 0.0206 0.1969 0.0883 0.2390 0.1659 0.1329 0.1411 
 159 0.0054 0.0063 0.0203 0.3625 0.0600 0.2734 0.0901 0.0865 0.0955 
 160 0.0055 0.0059 0.0202 0.4325 0.0641 0.1869 0.0905 0.0861 0.1083 
 161 0.0046 0.0078 0.0247 0.1085 0.0637 0.3482 0.2001 0.1069 0.1356 
 162 0.0075 0.0074 0.0324 0.2650 0.0886 0.1162 0.1842 0.1356 0.1632 
 163 0.0042 0.0057 0.0240 0.4105 0.0552 0.1758 0.0985 0.0889 0.1373 
 164 0.0067 0.0065 0.0273 0.3175 0.0777 0.1277 0.1526 0.1209 0.1631 
 165 0.0055 0.0063 0.0283 0.1511 0.1324 0.3369 0.1146 0.0998 0.1251 
 166 0.0048 0.0139 0.0409 0.2956 0.0553 0.1354 0.0998 0.1712 0.1832 
 167 0.0086 0.0066 0.0267 0.4821 0.0691 0.0905 0.0880 0.1287 0.0997 
 168 0.0052 0.0195 0.0222 0.3115 0.0557 0.1753 0.1424 0.1188 0.1495 
 169 0.0068 0.0215 0.0200 0.1497 0.0900 0.1879 0.2761 0.1265 0.1214 
 170 0.0045 0.0059 0.0240 0.0689 0.0618 0.4277 0.1085 0.0944 0.2042 
 171 0.0051 0.0123 0.0222 0.2738 0.0665 0.1584 0.1139 0.1704 0.1775 
 172 0.0052 0.0212 0.0196 0.1601 0.0658 0.1885 0.2546 0.0822 0.2027 
 173 0.0055 0.0055 0.0201 0.4255 0.0596 0.1666 0.0854 0.0917 0.1402 
 174 0.0050 0.0061 0.0250 0.4058 0.0634 0.1674 0.1179 0.1049 0.1045 
 175 0.0057 0.0055 0.0200 0.1481 0.0550 0.4395 0.0869 0.1284 0.1109 
 176 0.0050 0.0061 0.0222 0.1161 0.0968 0.4769 0.0934 0.0828 0.1005 
 177 0.0050 0.0085 0.0430 0.3092 0.0647 0.1245 0.1906 0.1428 0.1117 
 178 0.0056 0.0055 0.0261 0.4016 0.0630 0.1214 0.1118 0.1514 0.1137 
 179 0.0049 0.0054 0.0201 0.4863 0.0466 0.1476 0.0886 0.0909 0.1096 
 180 0.0081 0.0090 0.0261 0.2235 0.0793 0.2240 0.1829 0.1097 0.1374 
 181 0.0062 0.0072 0.0214 0.1716 0.0711 0.2676 0.1439 0.0976 0.2133 
 182 0.0063 0.0061 0.0199 0.1639 0.0692 0.3678 0.0862 0.0835 0.1971 
 183 0.0054 0.0057 0.0207 0.2602 0.0516 0.3354 0.0960 0.0929 0.1320 
 184 0.0067 0.0087 0.0237 0.0490 0.0960 0.1086 0.0835 0.2569 0.3669 
 185 0.0043 0.0062 0.0174 0.2845 0.0613 0.2700 0.0746 0.0711 0.2105 
 186 0.0059 0.0054 0.0412 0.0470 0.0838 0.1001 0.1189 0.2601 0.3376 
 187 0.0045 0.0062 0.0259 0.1703 0.0778 0.1710 0.0901 0.1503 0.3039 
 188 0.0064 0.0051 0.0274 0.0398 0.0891 0.0778 0.0932 0.2368 0.4243 
 189 0.0049 0.0165 0.0235 0.0878 0.0548 0.2346 0.1618 0.1934 0.2226 
 190 0.0040 0.0050 0.0181 0.0780 0.0582 0.1804 0.0658 0.0725 0.5179 
 191 0.0048 0.0052 0.0232 0.0695 0.1269 0.1324 0.0985 0.1681 0.3714 
 192 0.0044 0.0061 0.0309 0.0806 0.0957 0.2616 0.1048 0.1960 0.2199 
 193 0.0047 0.0061 0.0228 0.0688 0.1102 0.2254 0.1233 0.1743 0.2643 
 194 0.0047 0.0063 0.0295 0.0691 0.0756 0.2662 0.1161 0.1512 0.2813 
 195 0.0045 0.0051 0.0192 0.1248 0.0526 0.2275 0.0820 0.0807 0.4036 
 196 0.0039 0.0068 0.0234 0.0762 0.0714 0.1660 0.0738 0.0983 0.4802 
 197 0.0068 0.0062 0.0305 0.1370 0.0987 0.1217 0.1155 0.2364 0.2471 
 198 0.0044 0.0069 0.0262 0.0700 0.0856 0.1714 0.1993 0.2105 0.2256 
 199 0.0047 0.0089 0.0269 0.0508 0.0795 0.1938 0.0941 0.0954 0.4458 
 200 0.0042 0.0087 0.0209 0.0748 0.0735 0.1529 0.0825 0.1436 0.4390 
 201 0.0046 0.0051 0.0203 0.2796 0.0611 0.1640 0.0792 0.1003 0.2859 
 202 0.0041 0.0050 0.0253 0.0806 0.0683 0.3824 0.0823 0.0818 0.2701 
 203 0.0046 0.0053 0.0218 0.2014 0.0707 0.2257 0.0667 0.0969 0.3070 
 204 0.0045 0.0051 0.0208 0.0707 0.0650 0.1648 0.0763 0.0875 0.5053 
 205 0.0044 0.0087 0.0229 0.0633 0.0792 0.1426 0.0995 0.1258 0.4536 
 206 0.0054 0.0050 0.0203 0.0950 0.0619 0.1547 0.0817 0.0938 0.4823 
 207 0.0043 0.0050 0.0266 0.0453 0.1045 0.1257 0.0748 0.1017 0.5122 
 208 0.0046 0.0050 0.0203 0.1968 0.0764 0.1187 0.0802 0.1005 0.3974 
 209 0.0044 0.0051 0.0228 0.0639 0.1174 0.1830 0.1026 0.1670 0.3337 
 210 0.0043 0.0050 0.0238 0.0890 0.0726 0.1544 0.0839 0.1077 0.4592 
 211 0.0052 0.0051 0.0313 0.0628 0.1641 0.2305 0.0666 0.1004 0.3340 
 212 0.0044 0.0051 0.0187 0.1080 0.0621 0.3554 0.1083 0.1144 0.2237 
 213 0.0043 0.0065 0.0410 0.0533 0.0753 0.1785 0.1671 0.1092 0.3648 
 214 0.0045 0.0052 0.0203 0.0936 0.0718 0.3726 0.0723 0.1005 0.2593 
 215 0.0043 0.0085 0.0235 0.0611 0.1038 0.1090 0.0796 0.1355 0.4747 
 216 0.0067 0.0069 0.0241 0.0548 0.0957 0.1318 0.1007 0.2601 0.3192 
 217 0.0047 0.0075 0.0200 0.1098 0.0588 0.2929 0.0788 0.1017 0.3258 
 218 0.0048 0.0081 0.0367 0.0759 0.0835 0.1653 0.1049 0.1314 0.3895 
 219 0.0090 0.0119 0.0230 0.1197 0.0622 0.2081 0.1077 0.2227 0.2358 
 220 0.0044 0.0052 0.0224 0.0653 0.0855 0.1253 0.0792 0.1086 0.5041 
 221 0.0042 0.0050 0.0183 0.0600 0.0524 0.5038 0.0741 0.0786 0.2036 
 222 0.0072 0.0070 0.0241 0.0741 0.0762 0.1771 0.1172 0.2662 0.2508 
 223 0.0047 0.0076 0.0253 0.1837 0.0715 0.2020 0.1054 0.1521 0.2476 
 224 0.0052 0.0051 0.0215 0.1155 0.0647 0.2670 0.0782 0.1021 0.3407 
 225 0.0044 0.0063 0.0225 0.0724 0.0774 0.1724 0.0917 0.1169 0.4361 
 226 0.0058 0.0700 0.0286 0.0767 0.0873 0.1745 0.1031 0.1670 0.2871 
 227 0.0046 0.0051 0.0279 0.1065 0.0678 0.1863 0.0824 0.0858 0.4336 
 228 0.0044 0.0058 0.0177 0.1180 0.0612 0.2127 0.0770 0.0727 0.4305 
 229 0.0051 0.0052 0.0258 0.1039 0.0754 0.3095 0.0811 0.1220 0.2721 
 230 0.0049 0.0053 0.0242 0.0846 0.0883 0.2653 0.0747 0.1130 0.3397 
 231 0.0048 0.0052 0.0212 0.1422 0.0873 0.2182 0.0989 0.1500 0.2721 
 232 0.0048 0.0079 0.0327 0.0618 0.0763 0.2833 0.1905 0.1027 0.2402 
 233 0.0044 0.0052 0.0207 0.2659 0.0724 0.2334 0.0726 0.1048 0.2205 
 234 0.0042 0.0059 0.0253 0.1052 0.1055 0.1805 0.1193 0.2239 0.2302 
 235 0.0048 0.0097 0.0229 0.0816 0.0662 0.2699 0.1114 0.1265 0.3070 
 236 0.0044 0.0063 0.0221 0.1126 0.0929 0.2934 0.0845 0.1392 0.2446 
 237 0.0045 0.0051 0.0235 0.0597 0.1125 0.1207 0.0916 0.1137 0.4687 
 238 0.0041 0.0049 0.0255 0.0893 0.0716 0.3529 0.0879 0.1194 0.2445 
 239 0.0045 0.0050 0.0193 0.1249 0.0518 0.2270 0.0824 0.0798 0.4052 
 240 0.0040 0.0050 0.0248 0.0895 0.0723 0.3528 0.0875 0.1194 0.2445 
 241 0.0054 0.0062 0.0226 0.0880 0.0620 0.3547 0.0985 0.0945 0.2682 
 242 0.0056 0.0094 0.0238 0.0875 0.0561 0.1908 0.1167 0.1528 0.3573 
 243 0.0040 0.0050 0.0194 0.0789 0.0712 0.1677 0.0639 0.0838 0.5062 
 244 0.0046 0.0052 0.0209 0.1126 0.0772 0.2749 0.0710 0.1006 0.3329 
 245 0.0042 0.0052 0.0235 0.2443 0.0550 0.2567 0.0957 0.0955 0.2199 
 246 0.0046 0.0076 0.0202 0.1097 0.0593 0.2889 0.0798 0.1002 0.3297 
 247 0.0041 0.0077 0.0451 0.0435 0.0888 0.0880 0.1423 0.2194 0.3611 
 248 0.0041 0.0061 0.0262 0.0499 0.1311 0.0893 0.0898 0.1272 0.4763 
 249 0.0046 0.0050 0.0239 0.0715 0.0825 0.3498 0.0752 0.1147 0.2729 
 250 0.0046 0.0062 0.0258 0.0845 0.1031 0.2794 0.0880 0.1626 0.2458 
 251 0.0049 0.0147 0.0250 0.0705 0.0952 0.1385 0.1066 0.2216 0.3231 
 252 0.0049 0.0064 0.0232 0.0943 0.0659 0.2277 0.1088 0.1219 0.3472 
 253 0.0043 0.0117 0.0368 0.0496 0.0951 0.1369 0.1336 0.1498 0.3821 
 254 0.0070 0.0060 0.0218 0.0914 0.0759 0.1610 0.0970 0.2289 0.3111 
 255 0.0050 0.0052 0.0243 0.0806 0.0963 0.2326 0.1206 0.1806 0.2548 
 256 0.0047 0.0061 0.0224 0.0743 0.0743 0.2649 0.0880 0.1091 0.3562 
 257 0.0076 0.0073 0.0315 0.0756 0.0924 0.1929 0.1015 0.1267 0.3645 
 258 0.0038 0.0061 0.0239 0.0764 0.1039 0.1252 0.1219 0.1613 0.3776 
 259 0.0049 0.0062 0.0251 0.0696 0.0989 0.2134 0.0863 0.1538 0.3419 
 260 0.0065 0.0062 0.0225 0.1086 0.0733 0.2709 0.0913 0.2445 0.1761 
 261 0.0045 0.0062 0.0202 0.1237 0.0607 0.2386 0.1025 0.1073 0.3364 
 262 0.0043 0.0072 0.0183 0.0841 0.0549 0.2484 0.0740 0.0799 0.4289 
 263 0.0069 0.0051 0.0208 0.0595 0.0793 0.1085 0.0716 0.1710 0.4773 
 264 0.0087 0.0070 0.0227 0.0384 0.1000 0.0834 0.1243 0.3551 0.2604 
 265 0.0048 0.0097 0.0223 0.1143 0.0775 0.1793 0.1067 0.1489 0.3367 
 266 0.0042 0.0050 0.0186 0.0884 0.0550 0.4193 0.0749 0.0780 0.2567 
 267 0.0046 0.0051 0.0263 0.0834 0.1204 0.2291 0.1023 0.1422 0.2865 
 268 0.0039 0.0068 0.0232 0.0763 0.0714 0.1644 0.0741 0.0990 0.4810 
 269 0.0048 0.0123 0.0221 0.1205 0.0665 0.1877 0.1165 0.2226 0.2469 
 270 0.0069 0.0056 0.0313 0.0779 0.0872 0.1063 0.1137 0.2287 0.3422 
 271 0.0046 0.0079 0.0252 0.0683 0.1095 0.1328 0.0994 0.1422 0.4102 
 272 0.0055 0.0677 0.0299 0.0710 0.0986 0.1399 0.0883 0.1449 0.3542 
 273 0.0247 0.0178 0.0562 0.1044 0.0950 0.2012 0.1417 0.1570 0.2020 
 274 0.0050 0.0127 0.0245 0.0733 0.0935 0.1627 0.1144 0.1709 0.3430 
 275 0.0084 0.0215 0.0262 0.1286 0.0945 0.1390 0.1011 0.1683 0.3125 
 276 0.0057 0.0448 0.0367 0.0471 0.1032 0.1465 0.0927 0.1235 0.3997 
 277 0.0048 0.0073 0.0241 0.1028 0.0774 0.2477 0.1177 0.1574 0.2609 
 278 0.0041 0.0086 0.0215 0.0759 0.0944 0.1147 0.0768 0.1194 0.4845 
 279 0.0048 0.0073 0.0240 0.0821 0.0927 0.2034 0.1051 0.1521 0.3287 
 280 0.0048 0.0131 0.0214 0.0862 0.0728 0.1660 0.1436 0.1370 0.3549 
 281 0.0049 0.0066 0.0352 0.0729 0.0874 0.1607 0.1427 0.1378 0.3519 
 282 0.0044 0.0063 0.0225 0.1359 0.0752 0.3297 0.0929 0.1483 0.1848 
 283 0.0046 0.0052 0.0252 0.1475 0.0648 0.3545 0.0761 0.1190 0.2030 
 284 0.0043 0.0065 0.0288 0.1312 0.1082 0.1997 0.0986 0.1671 0.2557 
 285 0.0041 0.0076 0.0232 0.0381 0.1089 0.0735 0.1106 0.1284 0.5056 
 286 0.0045 0.0051 0.0212 0.1107 0.0777 0.2769 0.0718 0.1008 0.3313 
 287 0.0052 0.0111 0.0358 0.0928 0.0679 0.2000 0.1648 0.1540 0.2685 
 288 0.0059 0.0466 0.0295 0.0696 0.0941 0.1441 0.0888 0.1606 0.3607 
 289 0.0070 0.0228 0.0362 0.0656 0.1035 0.1225 0.0901 0.1830 0.3694 
 290 0.0075 0.0066 0.0226 0.0469 0.0966 0.1934 0.1187 0.1610 0.3466 
 291 0.0046 0.0079 0.0248 0.0684 0.1074 0.1328 0.0989 0.1425 0.4128 
 292 0.0049 0.0129 0.0201 0.0832 0.0591 0.1819 0.1529 0.1087 0.3764 
 293 0.0056 0.0067 0.0227 0.0471 0.1000 0.1107 0.1603 0.2064 0.3404 
 294 0.0076 0.0069 0.0220 0.0471 0.0696 0.1081 0.0765 0.1665 0.4958 
 295 0.0061 0.0302 0.0336 0.0827 0.1088 0.1229 0.1166 0.1416 0.3576 
 296 0.0046 0.0078 0.0363 0.0698 0.0877 0.1320 0.0902 0.1153 0.4565 
 297 0.0053 0.0128 0.0248 0.0658 0.0780 0.1524 0.1531 0.1604 0.3475 
 298 0.0048 0.0064 0.0264 0.0986 0.0832 0.3203 0.0983 0.1729 0.1893 
 299 0.0087 0.0051 0.0235 0.0693 0.0749 0.1439 0.0873 0.2019 0.3853 
 300 0.0045 0.0061 0.0219 0.0455 0.0824 0.1008 0.1021 0.1045 0.5323 
 301 0.0066 0.0099 0.0225 0.0776 0.0906 0.1095 0.0920 0.2647 0.3266 
 302 0.0073 0.0074 0.0206 0.0698 0.0697 0.0890 0.0731 0.1563 0.5067 
 303 0.0047 0.0065 0.0214 0.1004 0.0680 0.2694 0.1165 0.1049 0.3083 
 304 0.0071 0.0054 0.0308 0.2407 0.0867 0.1643 0.1155 0.2285 0.1212 
 305 0.0047 0.0073 0.0198 0.1262 0.0607 0.1589 0.0836 0.0910 0.4478 
 306 0.0050 0.0100 0.0224 0.0880 0.0604 0.3366 0.0932 0.1186 0.2659 
 307 0.0051 0.0074 0.0249 0.0755 0.0912 0.2646 0.1016 0.1573 0.2723 
 308 0.0044 0.0063 0.0202 0.1216 0.0601 0.2395 0.1028 0.1072 0.3379 
 309 0.0178 0.0141 0.0466 0.0810 0.1080 0.1169 0.0839 0.1339 0.3978 
 310 0.0040 0.0049 0.0192 0.0858 0.0700 0.2189 0.0727 0.0919 0.4326 
 311 0.0047 0.0051 0.0238 0.0841 0.0878 0.2643 0.0749 0.1147 0.3406 
 312 0.0041 0.0051 0.0271 0.0651 0.0827 0.1198 0.0747 0.1074 0.5140 
 313 0.0042 0.0061 0.0218 0.0452 0.0769 0.0896 0.0769 0.1031 0.5763 
 314 0.0048 0.0084 0.0194 0.3240 0.0511 0.2730 0.0928 0.0796 0.1468 
 315 0.0044 0.0124 0.0216 0.3925 0.0479 0.1641 0.0959 0.1172 0.1441 
 316 0.0064 0.0202 0.0254 0.4379 0.0509 0.1238 0.1008 0.1311 0.1034 
 317 0.0050 0.0079 0.0199 0.3774 0.0512 0.2605 0.0924 0.0825 0.1034 
 318 0.0048 0.0078 0.0198 0.5375 0.0481 0.1241 0.0933 0.0862 0.0785 
 319 0.0051 0.0057 0.0190 0.1966 0.0524 0.4442 0.0875 0.0791 0.1103 
 320 0.0048 0.0083 0.0194 0.3237 0.0506 0.2719 0.0934 0.0796 0.1483 
 321 0.0050 0.0079 0.0204 0.4078 0.0511 0.2252 0.0999 0.0867 0.0959 
 322 0.0070 0.0213 0.0261 0.2660 0.0542 0.2606 0.0990 0.1203 0.1456 
 323 0.0107 0.0066 0.0205 0.4753 0.0494 0.1725 0.0910 0.0868 0.0873 
 324 0.0052 0.0082 0.0201 0.4051 0.0511 0.2269 0.1007 0.0873 0.0954 
 325 0.0046 0.0199 0.0227 0.4727 0.0494 0.1139 0.0937 0.1263 0.0968 
 326 0.0096 0.0377 0.0258 0.4360 0.0511 0.1250 0.0925 0.1248 0.0975 
 327 0.0052 0.0082 0.0200 0.3753 0.0510 0.2602 0.0932 0.0831 0.1039 
 328 0.0050 0.0138 0.0227 0.2874 0.0525 0.2585 0.0986 0.1260 0.1355 
 329 0.0045 0.0060 0.0194 0.4021 0.0471 0.2647 0.0929 0.0850 0.0782 
 330 0.0050 0.0081 0.0200 0.3774 0.0513 0.2603 0.0929 0.0829 0.1021 
 331 0.0046 0.0061 0.0192 0.4973 0.0480 0.1593 0.0935 0.0850 0.0871 
 332 0.0131 0.0252 0.0246 0.4453 0.0497 0.1215 0.0932 0.1307 0.0968 
 333 0.0090 0.0248 0.0254 0.4010 0.0516 0.1603 0.0935 0.1217 0.1127 
 334 0.0047 0.0139 0.0227 0.2862 0.0528 0.2596 0.0982 0.1259 0.1360 
 335 0.0049 0.0135 0.0224 0.2487 0.0505 0.3268 0.0886 0.1161 0.1285 
 336 0.0125 0.0090 0.0204 0.4585 0.0489 0.1523 0.0987 0.0854 0.1143 
 337 0.0049 0.0221 0.0232 0.3491 0.0527 0.1992 0.1000 0.1268 0.1221 
 338 0.0049 0.0078 0.0197 0.5330 0.0488 0.1257 0.0949 0.0866 0.0785 
 339 0.0047 0.0061 0.0192 0.4983 0.0489 0.1586 0.0925 0.0846 0.0872 
 340 0.0048 0.0058 0.0194 0.4745 0.0491 0.1826 0.0878 0.0818 0.0942 
 341 0.0109 0.0092 0.0222 0.4240 0.0526 0.2137 0.0933 0.0837 0.0903 
 342 0.0051 0.0081 0.0200 0.3758 0.0511 0.2597 0.0928 0.0835 0.1038 
 343 0.0123 0.0163 0.0235 0.2108 0.0504 0.3115 0.0928 0.1188 0.1636 
 344 0.0048 0.0059 0.0195 0.5000 0.0475 0.1662 0.0932 0.0847 0.0781 
 345 0.0050 0.0081 0.0200 0.3738 0.0510 0.2637 0.0925 0.0831 0.1029 
 346 0.0048 0.0074 0.0193 0.5241 0.0484 0.1404 0.0889 0.0826 0.0841 
 347 0.0047 0.0057 0.0190 0.4787 0.0481 0.1895 0.0886 0.0808 0.0850 
 348 0.0043 0.0122 0.0215 0.2066 0.0495 0.3250 0.0867 0.1073 0.1868 
 349 0.0052 0.0081 0.0200 0.3752 0.0512 0.2614 0.0931 0.0826 0.1032 
 350 0.0047 0.0059 0.0185 0.4111 0.0498 0.2029 0.0977 0.0818 0.1277 
 351 0.0045 0.0140 0.0226 0.2507 0.0506 0.3249 0.0887 0.1151 0.1288 
 352 0.0050 0.0218 0.0230 0.3239 0.0527 0.2271 0.0926 0.1189 0.1351 
 353 0.0124 0.0089 0.0209 0.4585 0.0484 0.1519 0.0976 0.0853 0.1161 
 354 0.0058 0.0065 0.0204 0.4783 0.0484 0.1785 0.0951 0.0862 0.0808 
 355 0.0048 0.0073 0.0197 0.5351 0.0482 0.1254 0.0947 0.0858 0.0791 
 356 0.0039 0.0119 0.0210 0.0882 0.0488 0.4686 0.0824 0.1038 0.1715 
 357 0.0045 0.0130 0.0223 0.2666 0.0586 0.1481 0.1317 0.2448 0.1105 
 358 0.0048 0.0148 0.0230 0.4399 0.0487 0.1516 0.0934 0.1267 0.0971 
 359 0.0049 0.0061 0.0196 0.4943 0.0486 0.1598 0.0943 0.0859 0.0865 
 360 0.0047 0.0076 0.0193 0.5234 0.0484 0.1404 0.0892 0.0823 0.0847 
 361 0.0046 0.0131 0.0227 0.1067 0.0618 0.2776 0.1373 0.2367 0.1394 
 362 0.0050 0.0168 0.0454 0.0719 0.0622 0.0889 0.2060 0.2442 0.2596 
 363 0.0065 0.0101 0.0715 0.0435 0.0729 0.0821 0.2106 0.3333 0.1694 
 364 0.0220 0.0086 0.0392 0.1092 0.1039 0.2209 0.1341 0.2202 0.1419 
 365 0.0146 0.0168 0.0342 0.0484 0.1229 0.0956 0.3163 0.2238 0.1274 
 366 0.0060 0.0162 0.0245 0.0570 0.0791 0.1393 0.1433 0.2424 0.2923 
 367 0.0048 0.0110 0.1979 0.0370 0.0878 0.0689 0.2358 0.2597 0.0971 
 368 0.0049 0.0072 0.0444 0.0532 0.1826 0.1130 0.1919 0.2321 0.1706 
 369 0.0071 0.0101 0.0249 0.0702 0.0729 0.2342 0.1202 0.2451 0.2153 
 370 0.0110 0.0127 0.0821 0.0596 0.1824 0.1158 0.1322 0.2130 0.1913 
 371 0.0102 0.0093 0.0299 0.0697 0.0943 0.1264 0.1245 0.3343 0.2014 
 372 0.0375 0.0156 0.1111 0.0718 0.1323 0.1358 0.1380 0.1353 0.2225 
 373 0.0058 0.0063 0.1060 0.0543 0.1104 0.1682 0.2123 0.1953 0.1413 
 374 0.0059 0.0166 0.0291 0.0634 0.1427 0.2564 0.1452 0.2088 0.1318 
 375 0.0143 0.0104 0.0506 0.0436 0.1170 0.0829 0.1886 0.3847 0.1078 
 376 0.1065 0.0117 0.0453 0.0402 0.0623 0.0778 0.2808 0.2850 0.0905 
 377 0.0067 0.0118 0.0304 0.0801 0.1147 0.0866 0.2378 0.2171 0.2149 
 378 0.0048 0.0069 0.2524 0.1308 0.0792 0.1335 0.1399 0.1164 0.1360 
 379 0.1812 0.0173 0.0561 0.0360 0.0685 0.0706 0.1962 0.2629 0.1113 
 380 0.0107 0.0295 0.0265 0.0590 0.0583 0.1733 0.3664 0.1343 0.1420 
 381 0.0119 0.0103 0.0223 0.0490 0.0588 0.1846 0.2923 0.2129 0.1579 
 382 0.0045 0.0068 0.0317 0.0558 0.0755 0.0756 0.1206 0.5310 0.0984 
 383 0.0169 0.0483 0.0267 0.1771 0.0780 0.0901 0.2741 0.1724 0.1164 
 384 0.0624 0.0187 0.0504 0.1063 0.0873 0.1145 0.2028 0.2616 0.0960 
 385 0.0060 0.0066 0.0242 0.1930 0.2882 0.0990 0.1315 0.1563 0.0952 
 386 0.0040 0.0081 0.0531 0.0421 0.0708 0.0822 0.2560 0.3535 0.1302 
 387 0.0044 0.0080 0.0474 0.0624 0.1015 0.0837 0.2509 0.3183 0.1232 
 388 0.0125 0.0122 0.0339 0.1012 0.1734 0.1842 0.1910 0.1897 0.1020 
 389 0.0099 0.0093 0.0354 0.0563 0.2455 0.0873 0.0932 0.1565 0.3066 
 390 0.0168 0.0303 0.1064 0.0408 0.0844 0.0839 0.2953 0.1901 0.1521 
 391 0.0120 0.0210 0.0515 0.0470 0.2729 0.1453 0.1171 0.1549 0.1782 
 392 0.0074 0.0069 0.0459 0.0763 0.0584 0.1222 0.3731 0.1689 0.1409 
 393 0.0071 0.0217 0.0242 0.0546 0.0557 0.1102 0.5016 0.1113 0.1136 
 394 0.0047 0.0136 0.0711 0.1344 0.0634 0.1554 0.2150 0.2053 0.1371 
 395 0.0039 0.0200 0.0381 0.0486 0.0815 0.0836 0.2397 0.1740 0.3107 
 396 0.0052 0.0059 0.0463 0.0346 0.1090 0.0719 0.2294 0.3750 0.1227 
 397 0.0823 0.0066 0.0244 0.0747 0.0674 0.1760 0.1103 0.2122 0.2460 
 398 0.0319 0.0179 0.0793 0.0383 0.0584 0.0735 0.4192 0.1780 0.1035 
 399 0.0047 0.0200 0.2362 0.0466 0.1170 0.0853 0.1264 0.1947 0.1692 
 400 0.0061 0.0068 0.0641 0.0414 0.0729 0.1316 0.2341 0.3344 0.1084 
 401 0.0044 0.0069 0.1119 0.0510 0.0826 0.1152 0.2764 0.1593 0.1923 
 402 0.0065 0.0064 0.0681 0.0579 0.1062 0.1173 0.2608 0.1650 0.2118 
 403 0.0069 0.0095 0.0262 0.1644 0.1295 0.2036 0.1901 0.1255 0.1443 
 404 0.0070 0.0076 0.0266 0.0485 0.1788 0.1619 0.1949 0.2280 0.1466 
 405 0.0045 0.0137 0.0338 0.0539 0.0750 0.1284 0.2201 0.2587 0.2120 
 406 0.0043 0.1833 0.0241 0.0467 0.0546 0.1975 0.1254 0.1448 0.2193 
 407 0.0041 0.0139 0.0312 0.0346 0.0717 0.0720 0.4394 0.2258 0.1073 
 408 0.0040 0.0054 0.1392 0.0326 0.0981 0.0654 0.1710 0.1567 0.3275 
 409 0.0088 0.0264 0.0333 0.0455 0.0574 0.3200 0.2835 0.1001 0.1250 
 410 0.0678 0.0155 0.0846 0.0618 0.0788 0.1078 0.2941 0.1551 0.1345 
 411 0.0151 0.0080 0.0424 0.1086 0.0577 0.0972 0.1971 0.3139 0.1601 
 412 0.0049 0.0062 0.0679 0.0500 0.1152 0.1022 0.2069 0.2841 0.1627 
 413 0.0044 0.0058 0.0605 0.1221 0.0751 0.1239 0.2105 0.2558 0.1419 
 414 0.0043 0.0056 0.0731 0.0501 0.1839 0.0602 0.1197 0.3454 0.1576 
 415 0.0055 0.0137 0.0399 0.0357 0.0673 0.1087 0.2331 0.2986 0.1975 
 416 0.0057 0.0067 0.0468 0.0429 0.1283 0.1429 0.3349 0.1427 0.1491 
 417 0.0057 0.0518 0.0534 0.0397 0.0675 0.0951 0.3078 0.2616 0.1175 
 418 0.0062 0.0070 0.0696 0.0397 0.1110 0.0825 0.2365 0.3408 0.1068 
 419 0.0104 0.0127 0.0433 0.0772 0.1047 0.1923 0.2784 0.1449 0.1361 
 420 0.0040 0.0067 0.1070 0.0333 0.0707 0.0919 0.2700 0.1667 0.2497 
 421 0.0062 0.0205 0.0611 0.0402 0.0893 0.0983 0.3760 0.1654 0.1431 
 422 0.0055 0.0148 0.0298 0.0437 0.0677 0.0915 0.3524 0.1088 0.2859 
 423 0.0069 0.0143 0.0352 0.0681 0.0845 0.1044 0.1361 0.3728 0.1778 
 424 0.0073 0.0240 0.0627 0.0579 0.1487 0.1279 0.1582 0.2405 0.1726 
 425 0.0193 0.0111 0.0339 0.0731 0.1786 0.1270 0.1718 0.2617 0.1236 
 426 0.0263 0.0280 0.1158 0.0757 0.1249 0.1234 0.1414 0.2369 0.1275 
 427 0.0046 0.0169 0.0662 0.1346 0.0514 0.0669 0.3698 0.1999 0.0896 
 428 0.0165 0.0528 0.0344 0.0739 0.0606 0.1638 0.2831 0.1268 0.1882 
 429 0.0053 0.0087 0.0679 0.0358 0.0617 0.0689 0.2537 0.3974 0.1007 
 430 0.0048 0.0248 0.0341 0.0386 0.0644 0.0769 0.4529 0.1849 0.1185 
 431 0.0092 0.0167 0.0651 0.0922 0.1628 0.1049 0.1028 0.2775 0.1689 
 432 0.0049 0.0065 0.0634 0.0532 0.1218 0.1160 0.2524 0.2043 0.1777 
 433 0.0075 0.0067 0.0353 0.1001 0.0963 0.2645 0.1211 0.1690 0.1995 
 434 0.0052 0.0068 0.0286 0.0582 0.0902 0.1566 0.2146 0.2519 0.1878 
 435 0.0044 0.0344 0.0459 0.0380 0.0573 0.0725 0.4006 0.2366 0.1103 
 436 0.0066 0.1381 0.1463 0.0406 0.0498 0.1245 0.1878 0.2079 0.0983 
 437 0.0065 0.0110 0.0240 0.0414 0.0651 0.0842 0.1602 0.4991 0.1085 
 438 0.0052 0.0859 0.0629 0.0420 0.0714 0.1283 0.2891 0.1462 0.1689 
 439 0.0045 0.0516 0.0386 0.0404 0.0566 0.0861 0.4719 0.1653 0.0849 
 440 0.0039 0.0971 0.0567 0.0333 0.0707 0.0654 0.1970 0.3732 0.1026 
 441 0.0047 0.0188 0.0318 0.0566 0.0625 0.1224 0.4073 0.1870 0.1087 
 442 0.0056 0.0074 0.0329 0.0335 0.1620 0.0907 0.2518 0.2794 0.1367 
 443 0.0044 0.0211 0.2117 0.0343 0.0803 0.0740 0.2020 0.1601 0.2122 
 444 0.0058 0.0133 0.0303 0.0333 0.1364 0.0914 0.2054 0.3371 0.1469 
 445 0.0337 0.0145 0.0257 0.0464 0.0536 0.1656 0.4311 0.1045 0.1248 
 446 0.0375 0.0265 0.1282 0.0397 0.0673 0.0802 0.4008 0.1448 0.0751 
 447 0.0056 0.1042 0.0297 0.0484 0.1469 0.1464 0.2130 0.1812 0.1245 
 448 0.0046 0.0183 0.0318 0.0407 0.0843 0.0848 0.3488 0.2625 0.1243 
 449 0.0047 0.0193 0.0320 0.0515 0.0847 0.1213 0.3015 0.2509 0.1340 
 450 0.0080 0.0078 0.0284 0.0557 0.0854 0.1192 0.3658 0.2565 0.0732 
 451 0.0047 0.0097 0.1034 0.0336 0.1311 0.0651 0.1308 0.3615 0.1601 
 452 0.0055 0.0095 0.0476 0.0521 0.0636 0.1094 0.4326 0.1926 0.0870 
 453 0.0044 0.0112 0.0455 0.0378 0.1060 0.1167 0.2199 0.1300 0.3286 
 454 0.0045 0.0176 0.0420 0.0725 0.0578 0.1006 0.2541 0.3187 0.1323 
 455 0.0043 0.0775 0.0521 0.0356 0.0780 0.0823 0.3431 0.2129 0.1141 
 456 0.0052 0.0229 0.0404 0.0352 0.0779 0.0781 0.2699 0.2556 0.2147 
 457 0.0056 0.0211 0.0242 0.0407 0.0683 0.0899 0.3319 0.3141 0.1043 
 458 0.0352 0.0134 0.0439 0.0403 0.0549 0.0824 0.5139 0.1275 0.0886 
 459 0.0046 0.0252 0.0528 0.0508 0.0705 0.1528 0.3508 0.2098 0.0827 
 460 0.0045 0.0187 0.0959 0.0387 0.0647 0.0745 0.3653 0.2451 0.0926 
 461 0.0058 0.0081 0.1028 0.0393 0.0789 0.0763 0.3035 0.3132 0.0720 
 462 0.0075 0.0161 0.0280 0.0325 0.1855 0.0597 0.2910 0.2238 0.1559 
 463 0.0042 0.1196 0.0257 0.0438 0.0581 0.0921 0.2140 0.1621 0.2805 
 464 0.0038 0.0209 0.0851 0.0351 0.0726 0.0785 0.3219 0.2407 0.1413 
 465 0.0059 0.0109 0.0559 0.0402 0.0991 0.0837 0.3668 0.1890 0.1484 
 466 0.0040 0.0228 0.0495 0.0352 0.0805 0.0792 0.2808 0.2151 0.2329 
 467 0.0046 0.0157 0.0361 0.0466 0.0648 0.0967 0.3831 0.1859 0.1666 
 468 0.0052 0.1155 0.0227 0.0353 0.0623 0.0792 0.2391 0.2978 0.1430 
 469 0.0045 0.2065 0.0283 0.0385 0.0552 0.0747 0.3665 0.1502 0.0757 
 470 0.0042 0.0651 0.0623 0.0380 0.0596 0.0758 0.3719 0.2274 0.0957 
 471 0.0051 0.0097 0.0575 0.0379 0.1216 0.0861 0.2501 0.1871 0.2449 
 472 0.0053 0.0082 0.0311 0.0361 0.0982 0.0845 0.3916 0.1856 0.1594 
 473 0.0048 0.0189 0.0264 0.0532 0.0739 0.1154 0.2653 0.2739 0.1682 
 474 0.0047 0.0090 0.0446 0.0457 0.0626 0.1091 0.4257 0.1794 0.1191 
 475 0.0048 0.0117 0.0601 0.0547 0.0909 0.1339 0.3298 0.1804 0.1337 
 476 0.0067 0.0131 0.0380 0.0377 0.0594 0.0918 0.2702 0.3702 0.1129 
 477 0.0056 0.0143 0.0803 0.0427 0.1373 0.1268 0.2107 0.2542 0.1280 
 478 0.0067 0.0128 0.2235 0.0394 0.1597 0.0718 0.2017 0.1933 0.0911 
 479 0.0043 0.0191 0.0437 0.0382 0.0674 0.0739 0.2754 0.3873 0.0907 
 480 0.0055 0.0199 0.0379 0.0400 0.0529 0.0851 0.2866 0.3764 0.0956 
 481 0.0048 0.0085 0.0287 0.0381 0.1686 0.0848 0.2734 0.2154 0.1778 
 482 0.0053 0.0101 0.0603 0.0380 0.0554 0.0739 0.3024 0.3686 0.0861 
 483 0.0051 0.0894 0.0657 0.0418 0.0726 0.0927 0.3793 0.1670 0.0863 
 484 0.0047 0.0746 0.0266 0.0409 0.0799 0.0821 0.3649 0.1310 0.1953 
 485 0.0050 0.3026 0.0720 0.0393 0.0613 0.0761 0.1995 0.1563 0.0880 
 486 0.0066 0.0067 0.0561 0.0484 0.1361 0.1065 0.0969 0.2226 0.3202 
 487 0.0076 0.0070 0.0388 0.1014 0.1753 0.1508 0.1200 0.2215 0.1776 
 488 0.0064 0.0069 0.0371 0.1105 0.3005 0.0999 0.1094 0.1610 0.1684 
 489 0.0073 0.0055 0.0237 0.0602 0.1033 0.2428 0.1015 0.2444 0.2114 
 490 0.0052 0.0075 0.0945 0.0390 0.1617 0.0748 0.1303 0.2566 0.2304 
 491 0.0060 0.0060 0.0215 0.0620 0.2142 0.1990 0.1073 0.1342 0.2499 
 492 0.0049 0.0065 0.0455 0.1330 0.1948 0.1982 0.1262 0.1135 0.1774 
 493 0.0077 0.0060 0.0329 0.1034 0.2949 0.0819 0.0800 0.1941 0.1990 
 494 0.0195 0.0128 0.0268 0.0540 0.1851 0.1881 0.1079 0.1849 0.2209 
 495 0.0159 0.0074 0.0451 0.0975 0.2899 0.1511 0.0932 0.1536 0.1463 
 496 0.0049 0.0076 0.0286 0.0733 0.0661 0.3159 0.1374 0.1492 0.2169 
 497 0.0110 0.0060 0.0223 0.1253 0.2766 0.1352 0.0992 0.1471 0.1773 
 498 0.0070 0.0070 0.0383 0.0394 0.2476 0.1704 0.1067 0.2010 0.1826 
 499 0.0129 0.0068 0.0282 0.1176 0.1132 0.2280 0.1073 0.1754 0.2105 
 500 0.0108 0.0117 0.0260 0.0697 0.1082 0.1061 0.0982 0.3198 0.2495 
 501 0.0085 0.0075 0.0329 0.0675 0.1081 0.2490 0.1501 0.2477 0.1287 
 502 0.0062 0.0070 0.0387 0.0780 0.2307 0.2648 0.1616 0.1173 0.0957 
 503 0.0066 0.0089 0.0277 0.0477 0.1204 0.1046 0.2748 0.2518 0.1575 
 504 0.0064 0.0073 0.0502 0.0422 0.3002 0.1175 0.1366 0.1607 0.1789 
 505 0.0065 0.0103 0.0355 0.0500 0.1439 0.1913 0.0925 0.1346 0.3354 
 506 0.0057 0.0060 0.0593 0.0673 0.1995 0.2455 0.1255 0.1308 0.1605 
 507 0.0060 0.0059 0.0206 0.1162 0.0523 0.3790 0.0968 0.0897 0.2335 
 508 0.0096 0.0059 0.0256 0.1511 0.0787 0.3505 0.0771 0.0983 0.2031 
 509 0.0058 0.0076 0.0309 0.0911 0.1269 0.2070 0.1109 0.1273 0.2924 
 510 0.0141 0.0060 0.0282 0.0917 0.0940 0.2858 0.0975 0.2429 0.1398 
 511 0.0094 0.0266 0.0775 0.0402 0.1197 0.1295 0.1403 0.2724 0.1844 
 512 0.0062 0.0074 0.0489 0.0393 0.1192 0.0846 0.1555 0.4138 0.1252 
 513 0.0058 0.0058 0.0256 0.0566 0.4508 0.1172 0.0634 0.0802 0.1946 
 514 0.0061 0.0065 0.1620 0.0805 0.1162 0.1088 0.1410 0.2031 0.1757 
 515 0.0091 0.0190 0.0332 0.1181 0.0829 0.1439 0.2103 0.1792 0.2041 
 516 0.0072 0.0083 0.0814 0.0462 0.1589 0.1365 0.1311 0.1304 0.3000 
 517 0.0059 0.0141 0.0428 0.0830 0.0614 0.1680 0.1596 0.2057 0.2595 
 518 0.0524 0.0059 0.0309 0.1407 0.0792 0.1577 0.1070 0.2536 0.1728 
 519 0.0049 0.0074 0.1552 0.0500 0.1565 0.1544 0.1456 0.1847 0.1413 
 520 0.0060 0.0977 0.0264 0.0988 0.0524 0.2220 0.1146 0.1529 0.2291 
 521 0.0048 0.0058 0.0465 0.2445 0.0726 0.1213 0.0957 0.1844 0.2244 
 522 0.0179 0.0108 0.0386 0.0713 0.0687 0.0916 0.1193 0.3258 0.2561 
 523 0.0059 0.0122 0.0498 0.0888 0.0575 0.1829 0.1085 0.1719 0.3225 
 524 0.0063 0.0946 0.0408 0.0904 0.0599 0.1179 0.1854 0.2020 0.2027 
 525 0.0640 0.0175 0.0275 0.1116 0.0557 0.1842 0.1578 0.1673 0.2143 
 526 0.0048 0.1991 0.0238 0.0473 0.0481 0.1309 0.1457 0.1163 0.2840 
 527 0.0530 0.0068 0.0591 0.0676 0.1941 0.0978 0.1453 0.2507 0.1257 
 528 0.0040 0.0052 0.0265 0.3393 0.0670 0.1133 0.0867 0.1241 0.2338 
 529 0.0631 0.0063 0.0298 0.0837 0.1248 0.1563 0.1533 0.1313 0.2513 
 530 0.0057 0.0124 0.0321 0.0676 0.1010 0.1353 0.1686 0.2699 0.2074 
 531 0.0057 0.0158 0.0313 0.2658 0.0711 0.1155 0.2046 0.1497 0.1405 
 532 0.0114 0.0057 0.0269 0.2423 0.0957 0.0980 0.0852 0.2308 0.2040 
 533 0.0521 0.0143 0.0276 0.0729 0.0725 0.1128 0.1509 0.2037 0.2932 
 534 0.0580 0.0068 0.0526 0.0987 0.1224 0.1277 0.0745 0.0911 0.3683 
 535 0.0046 0.0132 0.0585 0.0468 0.0668 0.1273 0.1906 0.1875 0.3049 
 536 0.0059 0.0194 0.0387 0.0529 0.0951 0.2440 0.2534 0.1215 0.1690 
 537 0.0059 0.0082 0.0364 0.0607 0.0848 0.3445 0.1371 0.1094 0.2130 
 538 0.0041 0.0115 0.0253 0.0535 0.0678 0.2538 0.1117 0.1553 0.3170 
 539 0.0041 0.0051 0.0208 0.0695 0.0591 0.4948 0.0766 0.1067 0.1633 
 540 0.0049 0.0140 0.0232 0.1658 0.0638 0.0987 0.1254 0.1480 0.3563 
 541 0.0070 0.0093 0.0282 0.1874 0.0711 0.1884 0.2224 0.1231 0.1632 
 542 0.0047 0.0133 0.0221 0.0373 0.0765 0.1028 0.2918 0.1048 0.3467 
 543 0.0069 0.0200 0.0827 0.1317 0.0924 0.1251 0.1264 0.1312 0.2836 
 544 0.0041 0.0117 0.0289 0.0574 0.0723 0.1191 0.1887 0.1260 0.3918 
 545 0.0048 0.0665 0.0390 0.0355 0.0960 0.0940 0.2053 0.1253 0.3336 
 546 0.0045 0.0066 0.0220 0.0664 0.0892 0.1224 0.2028 0.1111 0.3750 
 547 0.0049 0.0210 0.0386 0.0508 0.0787 0.2435 0.1357 0.1138 0.3130 
 548 0.0047 0.0061 0.0251 0.0834 0.1043 0.2789 0.0876 0.1601 0.2498 
 549 0.0059 0.0212 0.0303 0.0527 0.0597 0.3840 0.2549 0.0853 0.1059 
 550 0.0042 0.0782 0.0623 0.0375 0.0752 0.1805 0.1476 0.2084 0.2061 
 551 0.0062 0.0090 0.0352 0.0723 0.0649 0.4104 0.1835 0.0973 0.1212 
 552 0.0051 0.0063 0.0212 0.0628 0.0586 0.2031 0.1310 0.1097 0.4021 
 553 0.0078 0.0172 0.0535 0.0789 0.0812 0.1778 0.0881 0.1123 0.3832 
 554 0.0074 0.0102 0.0260 0.1483 0.0746 0.0821 0.1421 0.2693 0.2399 
 555 0.0055 0.0102 0.0238 0.0680 0.1271 0.3505 0.0787 0.1294 0.2069 
 556 0.0047 0.0069 0.0285 0.0543 0.0707 0.1835 0.1380 0.1327 0.3806 
 557 0.0045 0.0528 0.0612 0.0596 0.0804 0.1635 0.2244 0.1969 0.1566 
 558 0.0052 0.0113 0.0590 0.0385 0.0573 0.0772 0.3386 0.3368 0.0761 
 559 0.0053 0.0063 0.0624 0.0477 0.1007 0.1019 0.1648 0.2111 0.2999 
 560 0.0043 0.0162 0.1383 0.0323 0.1272 0.0615 0.3063 0.1962 0.1178 
 561 0.0048 0.0093 0.0363 0.0388 0.1374 0.0762 0.3480 0.1883 0.1609 
 562 0.0052 0.0149 0.0678 0.0323 0.1577 0.0611 0.1495 0.2876 0.2239 
 563 0.0063 0.0104 0.0695 0.0491 0.1511 0.2315 0.2145 0.1622 0.1056 
 564 0.0077 0.0092 0.0265 0.0745 0.0708 0.0821 0.0947 0.2302 0.4043 
 565 0.0047 0.0179 0.0254 0.0393 0.0629 0.0802 0.4717 0.2070 0.0910 
 566 0.0038 0.0113 0.1429 0.0332 0.1009 0.0635 0.1264 0.4099 0.1081 
 567 0.0050 0.0083 0.0375 0.0402 0.1622 0.0821 0.0893 0.2337 0.3418 
 568 0.0048 0.0099 0.0479 0.0501 0.0747 0.1000 0.2567 0.2126 0.2434 
 569 0.0055 0.0108 0.0326 0.0685 0.0600 0.0819 0.1071 0.4470 0.1866 
 570 0.0056 0.0091 0.0306 0.0366 0.0562 0.0656 0.1054 0.6018 0.0890 
 571 0.0047 0.0132 0.1455 0.0495 0.1045 0.0917 0.1323 0.2973 0.1614 
 572 0.0040 0.0103 0.0211 0.0536 0.0661 0.2393 0.1016 0.2063 0.2978 
 573 0.0056 0.0675 0.0305 0.0613 0.0812 0.1047 0.1161 0.2529 0.2801 
 574 0.0054 0.0097 0.0230 0.0741 0.0597 0.1476 0.1299 0.4074 0.1431 
 575 0.0048 0.0084 0.0723 0.0573 0.0939 0.1757 0.2378 0.2116 0.1383 
 576 0.0049 0.0110 0.0682 0.0369 0.2176 0.0654 0.1381 0.3634 0.0946 
 577 0.0062 0.0068 0.0274 0.0524 0.0675 0.1752 0.1699 0.3627 0.1319 
 578 0.0052 0.0168 0.0474 0.0486 0.1299 0.0911 0.1802 0.3356 0.1452 
 579 0.0052 0.0082 0.0364 0.0542 0.1223 0.0704 0.2964 0.2110 0.1959 
