   1 0.4483 0.0154 0.1074 0.1070 0.0932 0.2287 
   2 0.0101 0.0100 0.0456 0.1283 0.4413 0.3646 
   3 0.0432 0.0403 0.1308 0.1424 0.2260 0.4174 
   4 0.0121 0.0196 0.5292 0.1220 0.1885 0.1286 
   5 0.0117 0.0109 0.0456 0.1228 0.2688 0.5403 
   6 0.0116 0.0137 0.0461 0.0868 0.0652 0.7767 
   7 0.0119 0.0186 0.0478 0.3490 0.0623 0.5104 
   8 0.0267 0.0243 0.3133 0.1585 0.1016 0.3756 
   9 0.0513 0.0151 0.0866 0.1815 0.2784 0.3872 
  10 0.0223 0.0128 0.1381 0.1432 0.0663 0.6172 
  11 0.0535 0.0172 0.0494 0.4827 0.0619 0.3353 
  12 0.0131 0.0099 0.0748 0.1361 0.2698 0.4964 
  13 0.0156 0.0118 0.0684 0.1509 0.1425 0.6109 
  14 0.0153 0.0270 0.0820 0.0968 0.5256 0.2533 
  15 0.0119 0.0364 0.1823 0.1593 0.2844 0.3258 
  16 0.0493 0.0186 0.0637 0.1306 0.0886 0.6492 
  17 0.0199 0.0150 0.0610 0.1058 0.1487 0.6496 
  18 0.0183 0.0376 0.0771 0.0932 0.2451 0.5288 
  19 0.0140 0.0116 0.0535 0.1091 0.0811 0.7308 
  20 0.0140 0.0250 0.0741 0.2251 0.2185 0.4433 
  21 0.0453 0.0169 0.1510 0.1050 0.3850 0.2967 
  22 0.0187 0.0131 0.0762 0.0792 0.0891 0.7237 
  23 0.0303 0.0245 0.1842 0.1255 0.4655 0.1700 
  24 0.0709 0.0182 0.1418 0.1004 0.1239 0.5448 
  25 0.0092 0.0282 0.0350 0.1952 0.1131 0.6193 
  26 0.0196 0.0159 0.0938 0.0857 0.1311 0.6539 
  27 0.0329 0.0149 0.0893 0.1139 0.1657 0.5833 
  28 0.0504 0.0191 0.2848 0.2228 0.1060 0.3169 
  29 0.0239 0.0100 0.0638 0.2690 0.2473 0.3860 
  30 0.0302 0.0168 0.0578 0.0799 0.1255 0.6899 
  31 0.0380 0.0116 0.1086 0.1649 0.1727 0.5043 
  32 0.0175 0.0231 0.1656 0.1551 0.2812 0.3575 
  33 0.0885 0.0347 0.1212 0.2952 0.2114 0.2489 
  34 0.0180 0.0306 0.0889 0.4558 0.0656 0.3412 
  35 0.0630 0.0109 0.0448 0.1087 0.3412 0.4314 
  36 0.3176 0.0858 0.0486 0.0772 0.3177 0.1531 
  37 0.0225 0.0112 0.1512 0.1687 0.3645 0.2819 
  38 0.0879 0.3518 0.0376 0.2211 0.1518 0.1497 
  39 0.0594 0.0498 0.0564 0.3086 0.2386 0.2872 
  40 0.0702 0.0178 0.0883 0.0623 0.5342 0.2273 
  41 0.2836 0.0375 0.0385 0.1831 0.2978 0.1595 
  42 0.5658 0.0252 0.1379 0.0725 0.1152 0.0833 
  43 0.0274 0.0093 0.0737 0.1506 0.5801 0.1588 
  44 0.0466 0.0104 0.0385 0.1184 0.5444 0.2417 
  45 0.2645 0.0437 0.0337 0.1184 0.3397 0.2000 
  46 0.0245 0.0160 0.0468 0.1790 0.2366 0.4971 
  47 0.0420 0.0093 0.0667 0.1266 0.2037 0.5516 
  48 0.0332 0.0137 0.0385 0.0702 0.5861 0.2584 
  49 0.1431 0.0205 0.0635 0.1723 0.2971 0.3035 
  50 0.0176 0.0178 0.1015 0.2749 0.1383 0.4498 
  51 0.3179 0.0496 0.0352 0.0615 0.4544 0.0814 
  52 0.1142 0.0268 0.0726 0.3048 0.1741 0.3075 
  53 0.0499 0.3171 0.0804 0.1835 0.1311 0.2380 
  54 0.0347 0.0069 0.0741 0.1385 0.4484 0.2974 
  55 0.0179 0.0100 0.0495 0.1124 0.6468 0.1634 
  56 0.0489 0.0338 0.0637 0.0751 0.4460 0.3326 
  57 0.0170 0.0128 0.1399 0.1097 0.0857 0.6348 
  58 0.0826 0.0180 0.0599 0.1357 0.4824 0.2214 
  59 0.2673 0.0691 0.0535 0.1290 0.2844 0.1966 
  60 0.0832 0.0255 0.1038 0.0857 0.5470 0.1548 
  61 0.0181 0.0070 0.0616 0.0714 0.7673 0.0747 
  62 0.0288 0.0124 0.0554 0.1235 0.2007 0.5791 
  63 0.0390 0.0211 0.0946 0.3397 0.3792 0.1263 
  64 0.0284 0.0283 0.0396 0.1045 0.1399 0.6593 
  65 0.0114 0.0117 0.0340 0.6484 0.1314 0.1631 
  66 0.0121 0.0127 0.1086 0.1499 0.5878 0.1288 
  67 0.0234 0.0075 0.0412 0.1487 0.6151 0.1639 
  68 0.2847 0.0773 0.0651 0.1165 0.2753 0.1811 
  69 0.1607 0.2486 0.1021 0.2117 0.1148 0.1621 
  70 0.0863 0.0620 0.0728 0.2746 0.3960 0.1082 
  71 0.1908 0.0686 0.0298 0.1250 0.4033 0.1826 
  72 0.1623 0.0369 0.0433 0.1657 0.2311 0.3608 
  73 0.0323 0.0126 0.0350 0.1588 0.6028 0.1586 
  74 0.3591 0.0749 0.0832 0.0720 0.2589 0.1519 
  75 0.3224 0.0495 0.0942 0.0531 0.3565 0.1243 
  76 0.0224 0.0127 0.0524 0.3997 0.3854 0.1274 
  77 0.2258 0.0878 0.0373 0.2197 0.2953 0.1342 
  78 0.2122 0.2264 0.0408 0.1678 0.2398 0.1130 
  79 0.0109 0.0163 0.0531 0.3347 0.0986 0.4863 
  80 0.0148 0.0127 0.4994 0.1570 0.1314 0.1848 
  81 0.0119 0.0159 0.3732 0.2110 0.1207 0.2672 
  82 0.0164 0.0137 0.1014 0.2113 0.4502 0.2069 
  83 0.0103 0.0501 0.2182 0.2271 0.2766 0.2178 
  84 0.0110 0.0269 0.2172 0.3740 0.1790 0.1919 
  85 0.0108 0.0529 0.2614 0.1317 0.2274 0.3158 
  86 0.0227 0.0122 0.0496 0.1910 0.4059 0.3185 
  87 0.0116 0.0327 0.0618 0.4922 0.1583 0.2434 
  88 0.0202 0.0136 0.2455 0.2583 0.2417 0.2206 
  89 0.0143 0.0128 0.3052 0.1742 0.2979 0.1957 
  90 0.0101 0.0154 0.0702 0.5846 0.1332 0.1866 
  91 0.0132 0.0451 0.4641 0.1178 0.1964 0.1634 
  92 0.0123 0.0145 0.0937 0.2601 0.1912 0.4283 
  93 0.0159 0.0085 0.7279 0.0654 0.0871 0.0954 
  94 0.0128 0.1166 0.0498 0.6298 0.0767 0.1144 
  95 0.0152 0.0132 0.1631 0.5381 0.1607 0.1097 
  96 0.0170 0.0088 0.1158 0.0816 0.7008 0.0760 
  97 0.2482 0.0747 0.1001 0.0657 0.3294 0.1819 
  98 0.0407 0.0123 0.0668 0.1143 0.5130 0.2529 
  99 0.0102 0.0193 0.1989 0.4211 0.1696 0.1811 
 100 0.0167 0.0082 0.4205 0.0654 0.3759 0.1132 
 101 0.0139 0.0307 0.0864 0.2825 0.3714 0.2152 
 102 0.0228 0.0310 0.3026 0.2951 0.2530 0.0955 
 103 0.0128 0.0108 0.1032 0.2993 0.4895 0.0844 
 104 0.0104 0.0114 0.0818 0.6140 0.1588 0.1235 
 105 0.0166 0.0087 0.1180 0.5087 0.2570 0.0911 
 106 0.0138 0.0267 0.0270 0.6703 0.0803 0.1819 
 107 0.0115 0.0101 0.1060 0.4914 0.2960 0.0851 
 108 0.0085 0.1482 0.0409 0.0845 0.6131 0.1048 
 109 0.0323 0.0418 0.0285 0.4991 0.1290 0.2693 
 110 0.0209 0.0234 0.0305 0.7362 0.0624 0.1266 
 111 0.0117 0.0088 0.0420 0.7590 0.0927 0.0858 
 112 0.0360 0.0175 0.0308 0.7422 0.0774 0.0961 
 113 0.0296 0.0218 0.0676 0.1734 0.4822 0.2254 
 114 0.0113 0.0098 0.1083 0.6102 0.1480 0.1124 
 115 0.0258 0.0125 0.0533 0.5744 0.2218 0.1121 
 116 0.0387 0.0520 0.0296 0.4539 0.2230 0.2027 
 117 0.0652 0.0181 0.0395 0.6865 0.0691 0.1216 
 118 0.0128 0.0157 0.0430 0.2931 0.4566 0.1788 
 119 0.0148 0.0288 0.1364 0.1575 0.5931 0.0694 
 120 0.0167 0.0125 0.0590 0.5906 0.1938 0.1275 
 121 0.0564 0.0177 0.0372 0.5927 0.1968 0.0992 
 122 0.0168 0.0186 0.0383 0.6511 0.0921 0.1832 
 123 0.0162 0.0225 0.0523 0.6789 0.1288 0.1013 
 124 0.0677 0.0285 0.0352 0.5699 0.1578 0.1409 
 125 0.2566 0.0399 0.0432 0.3233 0.0920 0.2450 
 126 0.0312 0.0277 0.0578 0.5733 0.1905 0.1194 
 127 0.0092 0.0089 0.0441 0.7374 0.1246 0.0758 
 128 0.0151 0.0082 0.0443 0.3094 0.4357 0.1873 
 129 0.0122 0.0092 0.0351 0.5835 0.2573 0.1028 
 130 0.0108 0.0108 0.1172 0.5822 0.1674 0.1115 
 131 0.1725 0.1700 0.0312 0.4035 0.1090 0.1138 
 132 0.0151 0.0172 0.0305 0.6205 0.1337 0.1830 
 133 0.0140 0.0137 0.0600 0.6128 0.1985 0.1011 
 134 0.0159 0.0129 0.0230 0.7860 0.0518 0.1104 
 135 0.0380 0.0151 0.3115 0.0669 0.4352 0.1333 
 136 0.0134 0.0095 0.6626 0.0446 0.0946 0.1752 
 137 0.0196 0.0095 0.7210 0.0989 0.0681 0.0829 
 138 0.0239 0.0151 0.7083 0.0538 0.0871 0.1118 
 139 0.0211 0.0115 0.1297 0.0620 0.6313 0.1443 
 140 0.0393 0.0169 0.4221 0.1335 0.1987 0.1895 
 141 0.0230 0.0173 0.5196 0.0543 0.1125 0.2733 
 142 0.0317 0.0137 0.3459 0.0638 0.4425 0.1024 
 143 0.0136 0.0077 0.7908 0.0432 0.0751 0.0695 
 144 0.0191 0.0088 0.7263 0.0959 0.0749 0.0750 
 145 0.0305 0.0157 0.2886 0.0567 0.1803 0.4283 
 146 0.0490 0.0157 0.4267 0.1278 0.1352 0.2456 
 147 0.0130 0.0082 0.7950 0.0433 0.0596 0.0809 
 148 0.0167 0.0104 0.4937 0.0944 0.2198 0.1650 
 149 0.0587 0.0152 0.5759 0.0537 0.1611 0.1353 
 150 0.0187 0.0096 0.5332 0.1649 0.1499 0.1237 
 151 0.0148 0.0082 0.6976 0.0653 0.1169 0.0973 
 152 0.0131 0.0248 0.3868 0.0732 0.3151 0.1870 
 153 0.0590 0.0149 0.6052 0.0762 0.1232 0.1216 
 154 0.0198 0.0104 0.6120 0.0467 0.1427 0.1684 
 155 0.0114 0.0077 0.7440 0.0639 0.0913 0.0816 
 156 0.0266 0.0078 0.5370 0.0790 0.2847 0.0650 
 157 0.0140 0.0152 0.6249 0.1859 0.0866 0.0734 
 158 0.0347 0.0165 0.3677 0.0549 0.1268 0.3993 
 159 0.0146 0.0087 0.7783 0.0432 0.0699 0.0852 
 160 0.0119 0.0090 0.7530 0.0427 0.0826 0.1008 
 161 0.0767 0.0154 0.5037 0.0898 0.1499 0.1645 
 162 0.0262 0.0140 0.3199 0.1120 0.1897 0.3383 
 163 0.0181 0.0076 0.7421 0.0588 0.1038 0.0697 
 164 0.0141 0.0118 0.4310 0.1118 0.1624 0.2690 
 165 0.0186 0.0091 0.6105 0.1501 0.1154 0.0962 
 166 0.0141 0.0547 0.4426 0.1921 0.2110 0.0856 
 167 0.0123 0.0113 0.5703 0.0668 0.0678 0.2715 
 168 0.0220 0.0443 0.5781 0.0672 0.1516 0.1367 
 169 0.1543 0.0682 0.1921 0.0487 0.0924 0.4443 
 170 0.0280 0.0088 0.4383 0.0776 0.3548 0.0926 
 171 0.0109 0.0302 0.4241 0.0847 0.2601 0.1900 
 172 0.3639 0.0394 0.2956 0.0463 0.1401 0.1146 
 173 0.0109 0.0084 0.6971 0.0453 0.1364 0.1019 
 174 0.0126 0.0085 0.7320 0.0640 0.0816 0.1014 
 175 0.0149 0.0090 0.6959 0.0440 0.0958 0.1404 
 176 0.0192 0.0090 0.7276 0.0953 0.0744 0.0744 
 177 0.0259 0.0318 0.4693 0.2231 0.1148 0.1352 
 178 0.0117 0.0098 0.6196 0.0679 0.0950 0.1960 
 179 0.0103 0.0082 0.7802 0.0453 0.0741 0.0820 
 180 0.0406 0.0162 0.4956 0.0826 0.1053 0.2598 
 181 0.0335 0.0143 0.3876 0.0581 0.2854 0.2211 
 182 0.0141 0.0083 0.5870 0.0488 0.2326 0.1093 
 183 0.0121 0.0083 0.7305 0.0466 0.1032 0.0994 
 184 0.0099 0.0120 0.0451 0.0993 0.4264 0.4073 
 185 0.0347 0.0081 0.5890 0.0455 0.2604 0.0623 
 186 0.0109 0.0085 0.0469 0.2471 0.3802 0.3065 
 187 0.0141 0.0099 0.1991 0.0920 0.4958 0.1891 
 188 0.0102 0.0074 0.0345 0.2225 0.4750 0.2504 
 189 0.0191 0.0493 0.1957 0.0806 0.3195 0.3358 
 190 0.0129 0.0068 0.0883 0.0433 0.7946 0.0541 
 191 0.0090 0.0087 0.0612 0.0839 0.6350 0.2022 
 192 0.0145 0.0095 0.1879 0.1414 0.4648 0.1819 
 193 0.0131 0.0116 0.1318 0.0842 0.5021 0.2572 
 194 0.0275 0.0096 0.1625 0.1338 0.5198 0.1469 
 195 0.0161 0.0068 0.2030 0.0475 0.6437 0.0829 
 196 0.0108 0.0081 0.0818 0.0614 0.7662 0.0717 
 197 0.0271 0.0095 0.1110 0.1551 0.2661 0.4311 
 198 0.0178 0.0164 0.1164 0.1606 0.4075 0.2813 
 199 0.0179 0.0113 0.0786 0.0635 0.7227 0.1059 
 200 0.0107 0.0205 0.0756 0.0749 0.6670 0.1512 
 201 0.0119 0.0070 0.3637 0.0596 0.4604 0.0974 
 202 0.0286 0.0071 0.3479 0.0674 0.4588 0.0903 
 203 0.0133 0.0073 0.3101 0.0552 0.5212 0.0929 
 204 0.0113 0.0066 0.0690 0.0515 0.7859 0.0757 
 205 0.0114 0.0125 0.0566 0.0698 0.7261 0.1235 
 206 0.0125 0.0069 0.1034 0.0553 0.7031 0.1189 
 207 0.0107 0.0068 0.0473 0.0714 0.7660 0.0978 
 208 0.0096 0.0072 0.1368 0.0548 0.7067 0.0849 
 209 0.0106 0.0084 0.0798 0.0802 0.6220 0.1990 
 210 0.0108 0.0068 0.0896 0.0695 0.7342 0.0890 
 211 0.0187 0.0068 0.1059 0.0925 0.6825 0.0935 
 212 0.0201 0.0094 0.3904 0.0591 0.3696 0.1515 
 213 0.0367 0.0132 0.0715 0.1631 0.5971 0.1184 
 214 0.0151 0.0071 0.3248 0.0526 0.5051 0.0954 
 215 0.0087 0.0119 0.0434 0.0796 0.7433 0.1132 
 216 0.0135 0.0118 0.0601 0.1213 0.4097 0.3836 
 217 0.0133 0.0096 0.2559 0.0487 0.5562 0.1164 
 218 0.0091 0.0109 0.0730 0.0776 0.6747 0.1546 
 219 0.0136 0.0183 0.1740 0.0835 0.2701 0.4406 
 220 0.0091 0.0072 0.0501 0.0641 0.7729 0.0967 
 221 0.0290 0.0070 0.4003 0.0425 0.4531 0.0681 
 222 0.0155 0.0115 0.0917 0.1206 0.2975 0.4632 
 223 0.0160 0.0141 0.2929 0.0963 0.3789 0.2019 
 224 0.0151 0.0069 0.2412 0.0601 0.5527 0.1240 
 225 0.0128 0.0089 0.0706 0.0668 0.7352 0.1056 
 226 0.0129 0.0659 0.0909 0.0733 0.5664 0.1906 
 227 0.0218 0.0072 0.1507 0.0686 0.6438 0.1079 
 228 0.0193 0.0068 0.1668 0.0440 0.6887 0.0744 
 229 0.0132 0.0071 0.2667 0.0745 0.4964 0.1422 
 230 0.0123 0.0068 0.1399 0.0626 0.6757 0.1026 
 231 0.0111 0.0083 0.2172 0.0699 0.4700 0.2235 
 232 0.0591 0.0167 0.1526 0.1112 0.4606 0.1998 
 233 0.0121 0.0069 0.4581 0.0559 0.3631 0.1038 
 234 0.0116 0.0112 0.1522 0.1241 0.4345 0.2664 
 235 0.0150 0.0133 0.1968 0.0671 0.5185 0.1891 
 236 0.0156 0.0101 0.2513 0.0731 0.5035 0.1464 
 237 0.0121 0.0080 0.0568 0.0706 0.7218 0.1306 
 238 0.0171 0.0071 0.3464 0.0799 0.4447 0.1047 
 239 0.0158 0.0067 0.2020 0.0477 0.6451 0.0827 
 240 0.0166 0.0069 0.3436 0.0811 0.4443 0.1074 
 241 0.0171 0.0106 0.3283 0.0610 0.4730 0.1099 
 242 0.0140 0.0187 0.1123 0.0753 0.5370 0.2427 
 243 0.0105 0.0068 0.0804 0.0488 0.7905 0.0631 
 244 0.0128 0.0071 0.2074 0.0541 0.6264 0.0922 
 245 0.0204 0.0072 0.5480 0.0632 0.2858 0.0753 
 246 0.0129 0.0094 0.2567 0.0488 0.5552 0.1170 
 247 0.0161 0.0175 0.0400 0.3980 0.3888 0.1396 
 248 0.0109 0.0095 0.0406 0.1008 0.6965 0.1418 
 249 0.0144 0.0067 0.2066 0.0623 0.6022 0.1078 
 250 0.0141 0.0095 0.1707 0.0831 0.5538 0.1687 
 251 0.0106 0.0439 0.0696 0.1045 0.5095 0.2620 
 252 0.0176 0.0095 0.1470 0.0732 0.6080 0.1447 
 253 0.0186 0.0172 0.0599 0.1322 0.5927 0.1795 
 254 0.0150 0.0093 0.1050 0.1089 0.4076 0.3543 
 255 0.0123 0.0087 0.1499 0.0907 0.4498 0.2885 
 256 0.0140 0.0091 0.1473 0.0601 0.6591 0.1105 
 257 0.0118 0.0102 0.0893 0.0822 0.6812 0.1254 
 258 0.0132 0.0119 0.0658 0.1281 0.6444 0.1366 
 259 0.0144 0.0092 0.0959 0.0838 0.6295 0.1672 
 260 0.0179 0.0095 0.2745 0.1096 0.2286 0.3599 
 261 0.0209 0.0099 0.2217 0.0644 0.5633 0.1198 
 262 0.0140 0.0080 0.1373 0.0412 0.7280 0.0715 
 263 0.0106 0.0074 0.0540 0.0862 0.6438 0.1980 
 264 0.0153 0.0141 0.0329 0.1207 0.2234 0.5936 
 265 0.0125 0.0134 0.1384 0.0737 0.5536 0.2084 
 266 0.0218 0.0070 0.4123 0.0442 0.4436 0.0710 
 267 0.0149 0.0082 0.1484 0.0916 0.4863 0.2506 
 268 0.0108 0.0080 0.0808 0.0619 0.7667 0.0719 
 269 0.0117 0.0277 0.1756 0.0811 0.3419 0.3620 
 270 0.0122 0.0094 0.0616 0.1177 0.4321 0.3671 
 271 0.0108 0.0137 0.0592 0.0977 0.6938 0.1248 
 272 0.0113 0.0583 0.0628 0.0735 0.6679 0.1263 
 273 0.0220 0.0340 0.1782 0.0995 0.4290 0.2374 
 274 0.0115 0.0203 0.0833 0.0834 0.5837 0.2178 
 275 0.0152 0.0261 0.1017 0.0662 0.6043 0.1865 
 276 0.0150 0.0342 0.0569 0.0754 0.6749 0.1436 
 277 0.0158 0.0125 0.2107 0.0938 0.4478 0.2194 
 278 0.0096 0.0120 0.0515 0.0681 0.7619 0.0969 
 279 0.0134 0.0131 0.1140 0.0827 0.6098 0.1669 
 280 0.0233 0.0210 0.1029 0.0712 0.4774 0.3043 
 281 0.0117 0.0127 0.0840 0.1089 0.6010 0.1816 
 282 0.0151 0.0110 0.4214 0.0843 0.2827 0.1856 
 283 0.0155 0.0076 0.4675 0.0792 0.2967 0.1334 
 284 0.0167 0.0107 0.1826 0.1266 0.5308 0.1326 
 285 0.0150 0.0146 0.0294 0.1110 0.6820 0.1481 
 286 0.0127 0.0068 0.2081 0.0536 0.6265 0.0923 
 287 0.0122 0.0197 0.1500 0.0970 0.4146 0.3065 
 288 0.0101 0.0323 0.0577 0.0697 0.6777 0.1526 
 289 0.0123 0.0360 0.0659 0.1297 0.6159 0.1403 
 290 0.0567 0.0151 0.0692 0.0815 0.5298 0.2478 
 291 0.0111 0.0137 0.0596 0.0992 0.6905 0.1259 
 292 0.0391 0.0209 0.1175 0.0629 0.5579 0.2017 
 293 0.0365 0.0166 0.0540 0.1164 0.4138 0.3628 
 294 0.0116 0.0086 0.0432 0.0799 0.6587 0.1980 
 295 0.0235 0.0517 0.1057 0.0980 0.5064 0.2146 
 296 0.0085 0.0108 0.0531 0.0780 0.7415 0.1081 
 297 0.0191 0.0193 0.0672 0.0823 0.4087 0.4034 
 298 0.0153 0.0100 0.3061 0.1029 0.3388 0.2268 
 299 0.0118 0.0073 0.0677 0.1022 0.4940 0.3170 
 300 0.0156 0.0098 0.0411 0.0690 0.7326 0.1320 
 301 0.0114 0.0138 0.0627 0.0826 0.3667 0.4627 
 302 0.0124 0.0096 0.0486 0.0779 0.6802 0.1713 
 303 0.0330 0.0104 0.2278 0.0701 0.4850 0.1736 
 304 0.0240 0.0084 0.3519 0.1267 0.1224 0.3665 
 305 0.0132 0.0091 0.1116 0.0457 0.7322 0.0882 
 306 0.0146 0.0132 0.2879 0.0576 0.4640 0.1626 
 307 0.0181 0.0129 0.1591 0.0890 0.5073 0.2137 
 308 0.0200 0.0099 0.2161 0.0636 0.5718 0.1187 
 309 0.0143 0.0151 0.0545 0.0960 0.7323 0.0879 
 310 0.0125 0.0067 0.1214 0.0489 0.7309 0.0795 
 311 0.0121 0.0070 0.1410 0.0623 0.6745 0.1032 
 312 0.0093 0.0067 0.0508 0.0812 0.7768 0.0753 
 313 0.0112 0.0090 0.0366 0.0691 0.7889 0.0853 
 314 0.0200 0.0090 0.7772 0.0422 0.0871 0.0645 
 315 0.0160 0.0200 0.7215 0.0543 0.1149 0.0735 
 316 0.0112 0.0340 0.7225 0.0566 0.0819 0.0939 
 317 0.0121 0.0093 0.8103 0.0419 0.0584 0.0680 
 318 0.0106 0.0101 0.8171 0.0413 0.0487 0.0722 
 319 0.0120 0.0078 0.7836 0.0425 0.0769 0.0772 
 320 0.0192 0.0091 0.7778 0.0424 0.0873 0.0643 
 321 0.0126 0.0103 0.8049 0.0428 0.0541 0.0753 
 322 0.0141 0.0294 0.7006 0.0573 0.1118 0.0868 
 323 0.0095 0.0082 0.8086 0.0423 0.0543 0.0771 
 324 0.0131 0.0101 0.8040 0.0426 0.0543 0.0759 
 325 0.0102 0.0320 0.7529 0.0552 0.0685 0.0813 
 326 0.0120 0.0447 0.7476 0.0538 0.0630 0.0789 
 327 0.0126 0.0096 0.8078 0.0419 0.0580 0.0700 
 328 0.0121 0.0231 0.7172 0.0573 0.1029 0.0875 
 329 0.0117 0.0081 0.8152 0.0416 0.0520 0.0715 
 330 0.0120 0.0093 0.8102 0.0421 0.0579 0.0685 
 331 0.0105 0.0084 0.8107 0.0417 0.0551 0.0736 
 332 0.0101 0.0365 0.7421 0.0559 0.0636 0.0918 
 333 0.0118 0.0316 0.7426 0.0547 0.0782 0.0811 
 334 0.0120 0.0231 0.7188 0.0575 0.1011 0.0874 
 335 0.0119 0.0202 0.7449 0.0550 0.0932 0.0747 
 336 0.0163 0.0106 0.7914 0.0426 0.0640 0.0751 
 337 0.0127 0.0339 0.7327 0.0568 0.0801 0.0839 
 338 0.0113 0.0103 0.8141 0.0421 0.0469 0.0752 
 339 0.0101 0.0083 0.8102 0.0415 0.0560 0.0738 
 340 0.0099 0.0076 0.8144 0.0413 0.0609 0.0658 
 341 0.0122 0.0099 0.8005 0.0417 0.0564 0.0793 
 342 0.0123 0.0095 0.8104 0.0423 0.0579 0.0676 
 343 0.0181 0.0195 0.6909 0.0583 0.1312 0.0820 
 344 0.0106 0.0082 0.8180 0.0420 0.0497 0.0715 
 345 0.0117 0.0092 0.8093 0.0422 0.0587 0.0688 
 346 0.0100 0.0093 0.8226 0.0408 0.0512 0.0660 
 347 0.0099 0.0076 0.8236 0.0414 0.0524 0.0651 
 348 0.0185 0.0180 0.6807 0.0554 0.1582 0.0692 
 349 0.0120 0.0095 0.8104 0.0423 0.0574 0.0684 
 350 0.0158 0.0076 0.7659 0.0424 0.0924 0.0759 
 351 0.0117 0.0208 0.7407 0.0560 0.0949 0.0758 
 352 0.0120 0.0288 0.7390 0.0558 0.0882 0.0762 
 353 0.0158 0.0101 0.7914 0.0431 0.0646 0.0749 
 354 0.0114 0.0088 0.8108 0.0427 0.0524 0.0739 
 355 0.0107 0.0101 0.8167 0.0415 0.0478 0.0733 
 356 0.0223 0.0176 0.6367 0.0571 0.1970 0.0694 
 357 0.0103 0.0720 0.4479 0.0978 0.1146 0.2574 
 358 0.0108 0.0243 0.7548 0.0552 0.0685 0.0864 
 359 0.0113 0.0087 0.8072 0.0420 0.0532 0.0777 
 360 0.0101 0.0094 0.8222 0.0412 0.0509 0.0662 
 361 0.0139 0.0662 0.3699 0.1002 0.1671 0.2827 
 362 0.0177 0.1025 0.0563 0.3044 0.2550 0.2642 
 363 0.0184 0.0526 0.0387 0.4351 0.1395 0.3156 
 364 0.0165 0.0167 0.1567 0.0948 0.1282 0.5871 
 365 0.0382 0.0491 0.0391 0.1019 0.0788 0.6929 
 366 0.0271 0.0432 0.0794 0.0942 0.3814 0.3748 
 367 0.0141 0.0562 0.0284 0.7018 0.0547 0.1448 
 368 0.0113 0.0139 0.0540 0.3557 0.1502 0.4149 
 369 0.0606 0.0165 0.1977 0.1200 0.3090 0.2961 
 370 0.0232 0.0185 0.0690 0.3869 0.2797 0.2226 
 371 0.0229 0.0165 0.0823 0.1387 0.2624 0.4773 
 372 0.0335 0.0325 0.0852 0.1924 0.3444 0.3120 
 373 0.0233 0.0136 0.0829 0.3062 0.1121 0.4618 
 374 0.0226 0.0409 0.2640 0.1758 0.1660 0.3306 
 375 0.0220 0.0200 0.0392 0.2819 0.0744 0.5625 
 376 0.0271 0.0985 0.0342 0.2323 0.0562 0.5517 
 377 0.0165 0.0643 0.0593 0.2052 0.2223 0.4323 
 378 0.0124 0.0160 0.1898 0.5313 0.1388 0.1116 
 379 0.0514 0.1182 0.0320 0.2464 0.0683 0.4836 
 380 0.1849 0.1447 0.1002 0.0679 0.1356 0.3667 
 381 0.1359 0.0275 0.0756 0.0634 0.1373 0.5603 
 382 0.0102 0.0266 0.0428 0.4574 0.0718 0.3911 
 383 0.0644 0.2248 0.1096 0.0599 0.0875 0.4538 
 384 0.0830 0.0417 0.0886 0.1359 0.0708 0.5799 
 385 0.0265 0.0112 0.1136 0.1523 0.0729 0.6235 
 386 0.0132 0.0498 0.0371 0.5000 0.0906 0.3094 
 387 0.0236 0.0373 0.0494 0.4054 0.0820 0.4023 
 388 0.0266 0.0247 0.2206 0.1873 0.1278 0.4131 
 389 0.0177 0.0151 0.0417 0.1158 0.5883 0.2213 
 390 0.1894 0.1089 0.0369 0.4123 0.1223 0.1300 
 391 0.0518 0.0252 0.0772 0.2957 0.2478 0.3022 
 392 0.0239 0.0254 0.0753 0.1561 0.1002 0.6190 
 393 0.5868 0.0407 0.0582 0.0729 0.0645 0.1769 
 394 0.0110 0.0607 0.2369 0.2718 0.1654 0.2541 
 395 0.0904 0.1190 0.0428 0.2731 0.3298 0.1449 
 396 0.0117 0.0114 0.0306 0.2919 0.0793 0.5751 
 397 0.0139 0.0093 0.0876 0.0843 0.2509 0.5540 
 398 0.0450 0.2407 0.0339 0.3179 0.0644 0.2981 
 399 0.0209 0.0442 0.0426 0.6071 0.1630 0.1223 
 400 0.0250 0.0178 0.0616 0.3466 0.0777 0.4714 
 401 0.0363 0.0189 0.0630 0.6124 0.1377 0.1317 
 402 0.0298 0.0137 0.0529 0.1788 0.2452 0.4796 
 403 0.0359 0.0219 0.3006 0.1828 0.1458 0.3130 
 404 0.0655 0.0131 0.0830 0.1769 0.1576 0.5038 
 405 0.0142 0.0552 0.0642 0.1500 0.2309 0.4854 
 406 0.0530 0.3643 0.1089 0.0717 0.3031 0.0989 
 407 0.0418 0.1399 0.0316 0.1360 0.0734 0.5773 
 408 0.0166 0.0109 0.0275 0.6207 0.2339 0.0904 
 409 0.6275 0.0225 0.0874 0.0736 0.0936 0.0953 
 410 0.0484 0.0459 0.0750 0.2400 0.0936 0.4972 
 411 0.0360 0.0218 0.1492 0.1376 0.1561 0.4993 
 412 0.0100 0.0151 0.0475 0.3226 0.1235 0.4812 
 413 0.0102 0.0211 0.1572 0.4259 0.1887 0.1969 
 414 0.0113 0.0134 0.0323 0.4714 0.1091 0.3624 
 415 0.0277 0.0765 0.0457 0.1963 0.1601 0.4938 
 416 0.1536 0.0157 0.0593 0.2349 0.1189 0.4175 
 417 0.0188 0.2739 0.0425 0.2132 0.0799 0.3717 
 418 0.0131 0.0136 0.0368 0.4954 0.0635 0.3776 
 419 0.3713 0.0190 0.1108 0.1752 0.1167 0.2070 
 420 0.0563 0.0189 0.0381 0.5725 0.2016 0.1128 
 421 0.0262 0.0716 0.0499 0.3631 0.1020 0.3872 
 422 0.0847 0.1195 0.0417 0.1098 0.3288 0.3155 
 423 0.0147 0.0902 0.0528 0.2566 0.1747 0.4110 
 424 0.0318 0.0666 0.0653 0.5920 0.1313 0.1130 
 425 0.0754 0.0188 0.0794 0.1347 0.0982 0.5935 
 426 0.0144 0.0566 0.0851 0.3911 0.1013 0.3515 
 427 0.0460 0.3372 0.1131 0.2649 0.0810 0.1578 
 428 0.0668 0.2403 0.1203 0.0867 0.2228 0.2632 
 429 0.0158 0.0716 0.0288 0.4986 0.0571 0.3281 
 430 0.1183 0.2196 0.0387 0.1945 0.0878 0.3410 
 431 0.0129 0.0442 0.0717 0.4467 0.1880 0.2365 
 432 0.0113 0.0150 0.0583 0.3415 0.1526 0.4213 
 433 0.0239 0.0116 0.2731 0.1797 0.2701 0.2417 
 434 0.0247 0.0146 0.0822 0.1207 0.1747 0.5831 
 435 0.0140 0.6103 0.0299 0.1464 0.0644 0.1349 
 436 0.0261 0.5548 0.0577 0.1793 0.0645 0.1177 
 437 0.0107 0.0563 0.0363 0.1221 0.0739 0.7008 
 438 0.1510 0.4054 0.0552 0.1848 0.1258 0.0778 
 439 0.1324 0.4212 0.0511 0.1604 0.0532 0.1818 
 440 0.0147 0.5063 0.0259 0.2101 0.0615 0.1815 
 441 0.0636 0.1133 0.0904 0.2482 0.0872 0.3974 
 442 0.0354 0.0266 0.0363 0.4096 0.0992 0.3930 
 443 0.0386 0.0653 0.0308 0.6092 0.1412 0.1149 
 444 0.0295 0.0867 0.0365 0.3557 0.1158 0.3758 
 445 0.6074 0.0186 0.0490 0.0700 0.0726 0.1823 
 446 0.0995 0.2848 0.0372 0.3285 0.0454 0.2045 
 447 0.0605 0.2940 0.0729 0.1767 0.1271 0.2688 
 448 0.0208 0.0954 0.0391 0.2122 0.0923 0.5403 
 449 0.0243 0.0856 0.0588 0.1676 0.1117 0.5520 
 450 0.0716 0.0168 0.0662 0.1741 0.0466 0.6248 
 451 0.0082 0.0350 0.0266 0.6399 0.1065 0.1839 
 452 0.0284 0.0408 0.0530 0.1746 0.0544 0.6488 
 453 0.1847 0.0192 0.0532 0.2736 0.3493 0.1200 
 454 0.0156 0.1645 0.0727 0.1962 0.1034 0.4475 
 455 0.0703 0.5864 0.0329 0.1515 0.0694 0.0896 
 456 0.0412 0.2227 0.0328 0.2710 0.1762 0.2561 
 457 0.0170 0.1724 0.0417 0.1097 0.0713 0.5880 
 458 0.2567 0.0759 0.0432 0.1762 0.0560 0.3920 
 459 0.1631 0.1410 0.0809 0.4391 0.0596 0.1164 
 460 0.0452 0.1310 0.0352 0.6059 0.0551 0.1276 
 461 0.0267 0.0191 0.0372 0.7401 0.0416 0.1353 
 462 0.2640 0.0372 0.0244 0.3114 0.1200 0.2429 
 463 0.1105 0.3090 0.0523 0.1549 0.2803 0.0929 
 464 0.0364 0.1447 0.0333 0.5660 0.0944 0.1252 
 465 0.0711 0.0333 0.0404 0.6327 0.0812 0.1413 
 466 0.0482 0.1122 0.0338 0.4999 0.1826 0.1232 
 467 0.2197 0.0504 0.0546 0.2803 0.1584 0.2366 
 468 0.0240 0.5970 0.0322 0.0820 0.0972 0.1677 
 469 0.0491 0.6797 0.0357 0.0941 0.0412 0.1002 
 470 0.0149 0.6594 0.0301 0.1512 0.0509 0.0935 
 471 0.0615 0.0253 0.0344 0.2199 0.2562 0.4027 
 472 0.1673 0.0211 0.0394 0.2704 0.1244 0.3775 
 473 0.0158 0.1017 0.0609 0.1644 0.1548 0.5024 
 474 0.0751 0.0410 0.0539 0.2026 0.0968 0.5307 
 475 0.0535 0.0384 0.0717 0.5859 0.0933 0.1571 
 476 0.0930 0.0768 0.0458 0.3103 0.0810 0.3931 
 477 0.0372 0.0455 0.0613 0.6075 0.0914 0.1571 
 478 0.0177 0.0261 0.0327 0.7703 0.0512 0.1020 
 479 0.0159 0.3357 0.0317 0.3245 0.0540 0.2383 
 480 0.0156 0.2761 0.0393 0.1357 0.0597 0.4736 
 481 0.0220 0.0183 0.0327 0.1332 0.1222 0.6715 
 482 0.0177 0.1556 0.0331 0.4146 0.0508 0.3282 
 483 0.0589 0.5335 0.0494 0.1444 0.0555 0.1583 
 484 0.2296 0.3115 0.0397 0.1661 0.1442 0.1089 
 485 0.0190 0.7330 0.0308 0.0964 0.0457 0.0751 
 486 0.0140 0.0151 0.0497 0.1633 0.3595 0.3983 
 487 0.0190 0.0134 0.0979 0.1004 0.1582 0.6112 
 488 0.0183 0.0139 0.0917 0.3005 0.2042 0.3714 
 489 0.0269 0.0090 0.1150 0.0660 0.3012 0.4819 
 490 0.0187 0.0181 0.0353 0.4374 0.1890 0.3015 
 491 0.0196 0.0095 0.1012 0.0961 0.4166 0.3571 
 492 0.1109 0.0101 0.2328 0.3141 0.1838 0.1484 
 493 0.0132 0.0098 0.0625 0.1289 0.2622 0.5235 
 494 0.0237 0.0143 0.0832 0.0978 0.2461 0.5349 
 495 0.0493 0.0116 0.1639 0.4124 0.1384 0.2243 
 496 0.0410 0.0130 0.2684 0.1355 0.3739 0.1682 
 497 0.0154 0.0105 0.1215 0.1027 0.2444 0.5054 
 498 0.0300 0.0157 0.0660 0.2494 0.3125 0.3264 
 499 0.0164 0.0117 0.1788 0.0678 0.2148 0.5105 
 500 0.0122 0.0175 0.0577 0.0754 0.1891 0.6481 
 501 0.0415 0.0136 0.1758 0.1467 0.1430 0.4794 
 502 0.0621 0.0113 0.2207 0.2381 0.1058 0.3621 
 503 0.0162 0.0180 0.0383 0.1083 0.0926 0.7266 
 504 0.0183 0.0128 0.0501 0.5613 0.1844 0.1731 
 505 0.0170 0.0123 0.0771 0.0999 0.5617 0.2320 
 506 0.0232 0.0096 0.1640 0.2391 0.2115 0.3527 
 507 0.0208 0.0090 0.4878 0.0529 0.3092 0.1203 
 508 0.0208 0.0083 0.4544 0.0632 0.2997 0.1536 
 509 0.0177 0.0122 0.1273 0.0938 0.5301 0.2189 
 510 0.0185 0.0092 0.2049 0.0946 0.1236 0.5492 
 511 0.0299 0.0431 0.0495 0.2144 0.1979 0.4651 
 512 0.0135 0.0171 0.0328 0.1919 0.0736 0.6711 
 513 0.0260 0.0076 0.0584 0.3334 0.4794 0.0952 
 514 0.0106 0.0146 0.0768 0.4968 0.2011 0.2001 
 515 0.0268 0.0934 0.1243 0.1226 0.2444 0.3884 
 516 0.0172 0.0151 0.0615 0.3630 0.3841 0.1590 
 517 0.0195 0.0815 0.1236 0.2407 0.3635 0.1713 
 518 0.0101 0.0086 0.1836 0.0710 0.1974 0.5293 
 519 0.0182 0.0196 0.0782 0.5925 0.1425 0.1489 
 520 0.0172 0.2340 0.2081 0.0667 0.3441 0.1299 
 521 0.0153 0.0130 0.3123 0.2645 0.2887 0.1062 
 522 0.0162 0.0388 0.0460 0.1249 0.3180 0.4561 
 523 0.0170 0.0345 0.1256 0.1684 0.5566 0.0979 
 524 0.0109 0.3649 0.0898 0.1112 0.2125 0.2107 
 525 0.0162 0.0376 0.1458 0.0757 0.2179 0.5067 
 526 0.0347 0.4293 0.0640 0.0657 0.3202 0.0861 
 527 0.0125 0.0090 0.0447 0.1343 0.0845 0.7152 
 528 0.0150 0.0079 0.4159 0.0965 0.3548 0.1101 
 529 0.0168 0.0094 0.1159 0.1430 0.3562 0.3587 
 530 0.0282 0.0295 0.0679 0.1028 0.1870 0.5846 
 531 0.0374 0.0412 0.3360 0.1200 0.1686 0.2967 
 532 0.0212 0.0096 0.2472 0.1195 0.1530 0.4494 
 533 0.0128 0.0280 0.0588 0.0901 0.2616 0.5488 
 534 0.0139 0.0105 0.0837 0.1164 0.6051 0.1704 
 535 0.0415 0.0576 0.0620 0.3447 0.3625 0.1318 
 536 0.4396 0.0236 0.0762 0.1108 0.1646 0.1853 
 537 0.1820 0.0129 0.1692 0.0958 0.3995 0.1406 
 538 0.0280 0.0191 0.1104 0.0912 0.6108 0.1405 
 539 0.0196 0.0072 0.5246 0.0574 0.2823 0.1089 
 540 0.0266 0.0348 0.1519 0.0924 0.4781 0.2162 
 541 0.1968 0.0149 0.3534 0.1178 0.1706 0.1464 
 542 0.3922 0.0238 0.0387 0.0792 0.3205 0.1456 
 543 0.0616 0.0401 0.1313 0.2576 0.4222 0.0872 
 544 0.1123 0.0232 0.0659 0.1139 0.5293 0.1554 
 545 0.1911 0.1786 0.0362 0.1463 0.3478 0.1002 
 546 0.1671 0.0109 0.0783 0.1030 0.4761 0.1646 
 547 0.1883 0.0409 0.1075 0.1429 0.4368 0.0836 
 548 0.0142 0.0095 0.1732 0.0838 0.5542 0.1651 
 549 0.6339 0.0203 0.1236 0.0551 0.0748 0.0922 
 550 0.0583 0.2127 0.0666 0.1912 0.3348 0.1363 
 551 0.1942 0.0228 0.4090 0.1068 0.1198 0.1473 
 552 0.0316 0.0112 0.1023 0.0658 0.6041 0.1849 
 553 0.0733 0.0261 0.1165 0.1514 0.5686 0.0640 
 554 0.0538 0.0210 0.1259 0.2396 0.2432 0.3165 
 555 0.0238 0.0111 0.1827 0.0803 0.5872 0.1149 
 556 0.0261 0.0113 0.0751 0.0891 0.6472 0.1512 
 557 0.2376 0.2097 0.0814 0.2218 0.1500 0.0996 
 558 0.0188 0.2072 0.0353 0.3904 0.0462 0.3022 
 559 0.0163 0.0103 0.0483 0.3652 0.3235 0.2364 
 560 0.0491 0.1071 0.0246 0.6203 0.0657 0.1333 
 561 0.0268 0.0296 0.0335 0.4101 0.1209 0.3791 
 562 0.0135 0.0348 0.0246 0.5177 0.1610 0.2485 
 563 0.0787 0.0255 0.1346 0.5526 0.0907 0.1179 
 564 0.0107 0.0203 0.0519 0.1874 0.5261 0.2036 
 565 0.0494 0.2136 0.0395 0.1178 0.0655 0.5143 
 566 0.0092 0.0598 0.0268 0.6908 0.0644 0.1490 
 567 0.0090 0.0142 0.0343 0.1890 0.4610 0.2925 
 568 0.0206 0.0372 0.0494 0.5272 0.2014 0.1641 
 569 0.0163 0.0764 0.0526 0.3398 0.2452 0.2698 
 570 0.0089 0.1235 0.0286 0.3297 0.0604 0.4489 
 571 0.0086 0.0362 0.0436 0.6945 0.0997 0.1174 
 572 0.0186 0.0414 0.0949 0.0901 0.5909 0.1641 
 573 0.0092 0.1893 0.0536 0.1596 0.3979 0.1905 
 574 0.0147 0.0358 0.1053 0.1187 0.1415 0.5840 
 575 0.0490 0.0226 0.0956 0.5338 0.1368 0.1622 
 576 0.0100 0.0398 0.0275 0.6675 0.0571 0.1981 
 577 0.0168 0.0161 0.0946 0.1521 0.1142 0.6061 
 578 0.0127 0.0786 0.0413 0.5939 0.1055 0.1681 
 579 0.0278 0.0253 0.0369 0.2979 0.1496 0.4625 
 580 0.0174 0.0382 0.0578 0.1552 0.0885 0.6428 
 581 0.0154 0.0930 0.0488 0.4325 0.0811 0.3292 
 582 0.0306 0.1397 0.0295 0.4812 0.0913 0.2277 
 583 0.0086 0.0392 0.0428 0.5786 0.0864 0.2445 
 584 0.0099 0.0306 0.0329 0.6028 0.0644 0.2595 
 585 0.0200 0.0475 0.0368 0.4769 0.0872 0.3316 
 586 0.0191 0.0111 0.0517 0.6347 0.1520 0.1313 
 587 0.0221 0.0148 0.0295 0.2700 0.1916 0.4721 
 588 0.0118 0.0077 0.0341 0.0689 0.7887 0.0889 
 589 0.0217 0.2475 0.0331 0.2389 0.1564 0.3023 
 590 0.0119 0.0098 0.0391 0.5109 0.1450 0.2832 
 591 0.0096 0.0195 0.0462 0.6389 0.1059 0.1799 
 592 0.0191 0.0413 0.0324 0.4910 0.2678 0.1484 
 593 0.0128 0.0922 0.0616 0.3982 0.1978 0.2374 
 594 0.0127 0.0215 0.1009 0.4170 0.1574 0.2907 
 595 0.0126 0.0094 0.0266 0.1333 0.0697 0.7484 
 596 0.0089 0.1390 0.0524 0.1513 0.4849 0.1635 
 597 0.0113 0.0243 0.1806 0.5451 0.1653 0.0734 
 598 0.0097 0.2497 0.0308 0.2449 0.0512 0.4137 
 599 0.0108 0.0289 0.0270 0.6624 0.1204 0.1505 
 600 0.0461 0.0355 0.0691 0.1602 0.1505 0.5386 
 601 0.0316 0.0352 0.0274 0.5730 0.1035 0.2292 
 602 0.0122 0.0155 0.0971 0.1451 0.2651 0.4650 
 603 0.0135 0.0126 0.1134 0.2106 0.3206 0.3293 
 604 0.1427 0.1064 0.0715 0.1032 0.1094 0.4668 
 605 0.0196 0.0324 0.0486 0.2997 0.2183 0.3813 
 606 0.0484 0.0193 0.1063 0.1773 0.3111 0.3376 
 607 0.0115 0.0272 0.1991 0.1003 0.1582 0.5037 
 608 0.0267 0.0344 0.3742 0.1730 0.0993 0.2925 
 609 0.0319 0.0253 0.0591 0.1533 0.1035 0.6269 
 610 0.0315 0.4378 0.0469 0.1038 0.1790 0.2010 
 611 0.0231 0.0146 0.1165 0.2292 0.3153 0.3014 
 612 0.1364 0.1400 0.0435 0.1128 0.0863 0.4810 
 613 0.0159 0.0310 0.0556 0.1285 0.2471 0.5219 
 614 0.0160 0.0280 0.0314 0.0711 0.0766 0.7769 
 615 0.0640 0.0864 0.0592 0.0740 0.0995 0.6169 
 616 0.0103 0.0139 0.1456 0.1254 0.1724 0.5324 
 617 0.0160 0.0384 0.0388 0.1534 0.1563 0.5971 
 618 0.1658 0.1266 0.1018 0.0669 0.1074 0.4314 
 619 0.0129 0.0827 0.0963 0.2978 0.3653 0.1450 
 620 0.0158 0.0277 0.0248 0.5072 0.3029 0.1216 
 621 0.0118 0.0212 0.0420 0.3042 0.0649 0.5561 
 622 0.0508 0.0858 0.0889 0.0941 0.2092 0.4711 
 623 0.0094 0.0295 0.0437 0.2948 0.2408 0.3818 
 624 0.0948 0.1322 0.1232 0.1144 0.0753 0.4602 
 625 0.0262 0.0395 0.1059 0.1846 0.0840 0.5598 
 626 0.3584 0.0461 0.2093 0.0574 0.1528 0.1760 
 627 0.0207 0.0174 0.0564 0.2358 0.2341 0.4356 
 628 0.0116 0.0174 0.0583 0.2493 0.2684 0.3949 
 629 0.0157 0.0122 0.0603 0.1635 0.1268 0.6216 
 630 0.0461 0.0393 0.0497 0.1469 0.0808 0.6371 
 631 0.0136 0.0170 0.0478 0.1110 0.1047 0.7060 
 632 0.0394 0.0158 0.1584 0.0859 0.4150 0.2855 
 633 0.0213 0.0500 0.0839 0.1409 0.0938 0.6100 
 634 0.0203 0.0230 0.1340 0.1708 0.2875 0.3645 
 635 0.0240 0.0198 0.3731 0.0904 0.1925 0.3004 
 636 0.0417 0.0297 0.2005 0.1545 0.0827 0.4908 
 637 0.1900 0.0190 0.0676 0.1363 0.3337 0.2533 
 638 0.0126 0.0156 0.0864 0.1610 0.1468 0.5776 
 639 0.0179 0.0298 0.0664 0.0822 0.1123 0.6914 
 640 0.0139 0.0153 0.0604 0.4198 0.0813 0.4093 
 641 0.0116 0.0153 0.0607 0.1106 0.1343 0.6675 
 642 0.0874 0.0157 0.3156 0.1246 0.2710 0.1856 
 643 0.0504 0.0090 0.6470 0.0994 0.0939 0.1002 
 644 0.0223 0.0123 0.4985 0.1435 0.1542 0.1691 
 645 0.1061 0.1248 0.3704 0.0462 0.1221 0.2305 
 646 0.0689 0.0127 0.0932 0.1948 0.3615 0.2689 
 647 0.1618 0.0086 0.2537 0.1871 0.2265 0.1623 
 648 0.0206 0.0131 0.1991 0.0740 0.3227 0.3705 
 649 0.0195 0.0118 0.0986 0.1023 0.6495 0.1182 
 650 0.0232 0.0116 0.1299 0.2069 0.4440 0.1843 
 651 0.0172 0.0087 0.3427 0.1220 0.1982 0.3112 
 652 0.0160 0.0104 0.5132 0.1062 0.1777 0.1765 
 653 0.0579 0.0184 0.2592 0.0747 0.2762 0.3135 
 654 0.1492 0.0103 0.2466 0.0801 0.3405 0.1734 
 655 0.0146 0.0168 0.4769 0.2694 0.1255 0.0969 
 656 0.0447 0.0175 0.1462 0.0943 0.4363 0.2610 
 657 0.0207 0.0158 0.1261 0.0968 0.1077 0.6329 
 658 0.0240 0.0306 0.1844 0.3780 0.2319 0.1511 
 659 0.0408 0.0174 0.3516 0.0857 0.2158 0.2888 
 660 0.0173 0.0087 0.3554 0.0878 0.4004 0.1304 
 661 0.0854 0.0204 0.4120 0.0778 0.2585 0.1460 
 662 0.0163 0.0118 0.0711 0.1020 0.7104 0.0884 
 663 0.0160 0.0110 0.3740 0.1118 0.3004 0.1868 
 664 0.1450 0.0302 0.1723 0.4019 0.1184 0.1321 
 665 0.0171 0.0084 0.0958 0.0935 0.6518 0.1334 
 666 0.0345 0.0141 0.2629 0.1030 0.4198 0.1658 
 667 0.0331 0.0146 0.1007 0.2735 0.2742 0.3039 
 668 0.0365 0.0174 0.3457 0.1331 0.2275 0.2399 
 669 0.0156 0.0106 0.1582 0.0912 0.4990 0.2255 
 670 0.0151 0.0091 0.6777 0.0559 0.1572 0.0849 
 671 0.0224 0.0101 0.4603 0.0884 0.3042 0.1146 
 672 0.0138 0.0429 0.6078 0.1597 0.1127 0.0631 
 673 0.0118 0.0086 0.7968 0.0431 0.0555 0.0843 
 674 0.0240 0.0112 0.5309 0.0624 0.1947 0.1767 
 675 0.0194 0.0090 0.7282 0.0943 0.0746 0.0746 
 676 0.0145 0.0083 0.7987 0.0437 0.0600 0.0748 
 677 0.0357 0.0078 0.4502 0.0482 0.3825 0.0756 
 678 0.0119 0.0089 0.8027 0.0482 0.0492 0.0791 
 679 0.0114 0.0127 0.6493 0.0612 0.0794 0.1860 
 680 0.0300 0.0154 0.6404 0.0544 0.1001 0.1597 
 681 0.0455 0.0453 0.1772 0.0772 0.3945 0.2604 
 682 0.0565 0.0157 0.6692 0.0556 0.0754 0.1275 
 683 0.0194 0.0087 0.7105 0.0566 0.1308 0.0739 
 684 0.0133 0.0087 0.7911 0.0491 0.0577 0.0801 
 685 0.0134 0.0078 0.8041 0.0430 0.0643 0.0675 
 686 0.0904 0.0147 0.3903 0.0644 0.3079 0.1322 
 687 0.0201 0.0089 0.4457 0.0815 0.3440 0.0999 
 688 0.0192 0.0083 0.7088 0.0672 0.1006 0.0958 
 689 0.0116 0.0082 0.8048 0.0415 0.0608 0.0732 
 690 0.0146 0.0081 0.8010 0.0428 0.0595 0.0740 
 691 0.0176 0.0116 0.6303 0.0592 0.1164 0.1649 
 692 0.0123 0.0091 0.7226 0.0649 0.0727 0.1184 
 693 0.0504 0.0088 0.6932 0.0893 0.0684 0.0899 
 694 0.0125 0.0080 0.8136 0.0407 0.0645 0.0607 
 695 0.0171 0.0204 0.7287 0.0537 0.1076 0.0725 
 696 0.0198 0.0085 0.7095 0.0673 0.1011 0.0939 
 697 0.0162 0.0083 0.7646 0.0431 0.0870 0.0808 
 698 0.0145 0.0084 0.7879 0.0439 0.0681 0.0772 
 699 0.0293 0.0170 0.5432 0.0527 0.2883 0.0695 
 700 0.3470 0.0077 0.4033 0.0538 0.1178 0.0703 
 701 0.0142 0.0268 0.5980 0.0612 0.1343 0.1655 
 702 0.1192 0.0148 0.4732 0.0831 0.1674 0.1424 
 703 0.0532 0.0156 0.6412 0.0575 0.0955 0.1369 
 704 0.0239 0.0080 0.6799 0.0639 0.1426 0.0816 
 705 0.0430 0.0483 0.2762 0.0781 0.4168 0.1374 
 706 0.0480 0.0147 0.6394 0.0519 0.1141 0.1319 
 707 0.0186 0.0080 0.7333 0.0442 0.1096 0.0864 
 708 0.0167 0.0084 0.7581 0.0438 0.0894 0.0836 
 709 0.1521 0.0076 0.6208 0.0511 0.1031 0.0653 
 710 0.0169 0.0077 0.8038 0.0405 0.0649 0.0662 
 711 0.0618 0.0124 0.5343 0.0520 0.2140 0.1254 
 712 0.0351 0.0074 0.5788 0.0424 0.2679 0.0683 
 713 0.0179 0.0081 0.7052 0.0665 0.1168 0.0856 
 714 0.0167 0.0122 0.5664 0.0628 0.1320 0.2100 
 715 0.0311 0.0075 0.7213 0.0417 0.1334 0.0650 
 716 0.0730 0.0146 0.6682 0.0520 0.0880 0.1043 
 717 0.0225 0.0077 0.7879 0.0424 0.0781 0.0614 
 718 0.0348 0.0149 0.5228 0.0553 0.2115 0.1606 
 719 0.0324 0.0075 0.7460 0.0466 0.1047 0.0628 
 720 0.0106 0.0167 0.0427 0.2639 0.1257 0.5404 
 721 0.0197 0.0208 0.4301 0.0739 0.1475 0.3080 
 722 0.0132 0.0334 0.0660 0.1407 0.1657 0.5809 
 723 0.0103 0.0150 0.0550 0.0912 0.0771 0.7515 
 724 0.0135 0.0150 0.1588 0.1165 0.1013 0.5950 
 725 0.0119 0.0105 0.2032 0.1708 0.2245 0.3791 
 726 0.0112 0.0235 0.1041 0.1132 0.2233 0.5248 
 727 0.0146 0.0225 0.1628 0.1070 0.4122 0.2808 
 728 0.0096 0.3200 0.0276 0.0840 0.0619 0.4969 
 729 0.0094 0.0534 0.0295 0.1036 0.0640 0.7401 
 730 0.0176 0.0127 0.0414 0.1488 0.0857 0.6939 
 731 0.0193 0.0175 0.0571 0.1083 0.0773 0.7204 
 732 0.0106 0.0145 0.0553 0.0910 0.0758 0.7528 
 733 0.0136 0.0176 0.0389 0.0878 0.0561 0.7860 
 734 0.0126 0.0317 0.0292 0.2820 0.0621 0.5823 
 735 0.0117 0.0199 0.0447 0.0713 0.0478 0.8046 
 736 0.0092 0.1172 0.0532 0.3698 0.0843 0.3664 
 737 0.0122 0.0586 0.0521 0.1613 0.1723 0.5435 
 738 0.0097 0.0119 0.0414 0.1078 0.0786 0.7506 
 739 0.0143 0.0214 0.0370 0.0950 0.0532 0.7790 
 740 0.0166 0.0111 0.5201 0.0590 0.1028 0.2904 
 741 0.0225 0.0233 0.4230 0.0967 0.1713 0.2631 
 742 0.0118 0.0188 0.1538 0.5958 0.0574 0.1625 
 743 0.0110 0.0100 0.0796 0.1608 0.1405 0.5981 
 744 0.0179 0.0165 0.0685 0.2610 0.5142 0.1219 
 745 0.0224 0.0160 0.0368 0.5907 0.1307 0.2035 
 746 0.0207 0.0152 0.1820 0.2012 0.1786 0.4023 
 747 0.0177 0.0086 0.0846 0.2905 0.2175 0.3811 
 748 0.0161 0.0117 0.4326 0.2391 0.1290 0.1715 
 749 0.0187 0.0182 0.1050 0.1910 0.3816 0.2856 
 750 0.0174 0.0120 0.0727 0.2253 0.3133 0.3594 
 751 0.0134 0.0122 0.4220 0.2097 0.1502 0.1924 
 752 0.0152 0.0123 0.0852 0.2552 0.2615 0.3706 
 753 0.0189 0.0165 0.1239 0.1381 0.1943 0.5084 
 754 0.0407 0.0090 0.3812 0.1255 0.0858 0.3578 
 755 0.0158 0.0120 0.1559 0.1565 0.1268 0.5329 
 756 0.0159 0.0176 0.2180 0.4791 0.1790 0.0904 
 757 0.0223 0.0099 0.1703 0.3903 0.1463 0.2609 
 758 0.0123 0.0149 0.0413 0.5577 0.1610 0.2128 
 759 0.0258 0.0092 0.3126 0.0856 0.1704 0.3964 
 760 0.0139 0.0158 0.0812 0.1354 0.0915 0.6621 
 761 0.0169 0.0092 0.1709 0.0714 0.1252 0.6064 
 762 0.0185 0.0135 0.0540 0.2171 0.0612 0.6356 
 763 0.0198 0.0165 0.1241 0.1370 0.1929 0.5097 
 764 0.0150 0.0114 0.1005 0.3106 0.1472 0.4154 
 765 0.0121 0.0099 0.0496 0.1082 0.1323 0.6877 
 766 0.0135 0.0101 0.2971 0.2759 0.1310 0.2724 
 767 0.0236 0.0146 0.2410 0.4414 0.1455 0.1339 
 768 0.0199 0.0138 0.0555 0.1960 0.0639 0.6510 
 769 0.0256 0.0132 0.1950 0.1398 0.0932 0.5332 
 770 0.0111 0.0153 0.0504 0.4487 0.0819 0.3926 
 771 0.0275 0.0096 0.0877 0.1005 0.5977 0.1770 
 772 0.0290 0.0147 0.2486 0.3504 0.1654 0.1920 
 773 0.0129 0.0097 0.0943 0.2464 0.1692 0.4675 
 774 0.0146 0.0083 0.3189 0.0919 0.1859 0.3804 
 775 0.0133 0.0320 0.0994 0.3140 0.0693 0.4720 
 776 0.0124 0.0141 0.0572 0.6754 0.1091 0.1318 
 777 0.0204 0.0117 0.0946 0.2267 0.3444 0.3022 
 778 0.0203 0.0076 0.1472 0.1658 0.4029 0.2562 
 779 0.0138 0.0132 0.1536 0.2611 0.1523 0.4060 
 780 0.0140 0.0139 0.4030 0.2000 0.1383 0.2309 
 781 0.0173 0.0082 0.0989 0.0677 0.6281 0.1798 
 782 0.0139 0.0135 0.1545 0.2578 0.1501 0.4101 
 783 0.0130 0.0119 0.2517 0.2993 0.1039 0.3201 
 784 0.0217 0.0131 0.0921 0.5403 0.0960 0.2368 
 785 0.0194 0.0099 0.1765 0.2508 0.1189 0.4244 
 786 0.0171 0.0095 0.4127 0.2167 0.1033 0.2407 
 787 0.0227 0.0087 0.3311 0.1563 0.3480 0.1332 
 788 0.0186 0.0178 0.0958 0.3651 0.1317 0.3709 
 789 0.0206 0.0137 0.1084 0.5606 0.0760 0.2208 
 790 0.0163 0.0153 0.2236 0.1439 0.0963 0.5045 
 791 0.0170 0.0156 0.1664 0.4965 0.1250 0.1795 
 792 0.0272 0.0087 0.3275 0.1195 0.3259 0.1913 
 793 0.0867 0.0283 0.2541 0.0887 0.2846 0.2576 
 794 0.1293 0.0097 0.1321 0.3099 0.1198 0.2991 
 795 0.0468 0.0242 0.4021 0.0864 0.1469 0.2936 
 796 0.0485 0.0142 0.1746 0.5619 0.1080 0.0928 
 797 0.0181 0.0180 0.4172 0.0798 0.3209 0.1459 
 798 0.0848 0.3488 0.0306 0.2338 0.1796 0.1223 
 799 0.0592 0.0088 0.0710 0.5386 0.1377 0.1847 
 800 0.0759 0.0083 0.3477 0.1351 0.3453 0.0877 
 801 0.4535 0.0408 0.0432 0.2029 0.1051 0.1546 
 802 0.5043 0.0118 0.1026 0.0802 0.1607 0.1405 
 803 0.1234 0.0155 0.2519 0.1043 0.2217 0.2831 
 804 0.1381 0.0161 0.0921 0.1895 0.3961 0.1681 
 805 0.0726 0.0084 0.6493 0.0907 0.0938 0.0852 
 806 0.4954 0.0259 0.0512 0.1000 0.1441 0.1834 
 807 0.0186 0.0177 0.4833 0.0542 0.3007 0.1254 
 808 0.0150 0.0209 0.2548 0.0898 0.5149 0.1046 
 809 0.1538 0.1223 0.0525 0.1386 0.4223 0.1105 
 810 0.0650 0.0347 0.1575 0.1829 0.1678 0.3920 
 811 0.1516 0.0195 0.2736 0.0957 0.3371 0.1225 
 812 0.0498 0.0198 0.0340 0.1381 0.6452 0.1132 
 813 0.3858 0.0763 0.0324 0.2967 0.0835 0.1253 
 814 0.0138 0.0125 0.0446 0.1299 0.6860 0.1132 
 815 0.7060 0.0143 0.0527 0.0621 0.0743 0.0906 
 816 0.4632 0.0105 0.1390 0.1064 0.1631 0.1178 
 817 0.5029 0.0123 0.1019 0.0805 0.1611 0.1413 
 818 0.0707 0.0259 0.0763 0.6512 0.0691 0.1068 
 819 0.0663 0.0103 0.1690 0.3364 0.2391 0.1790 
 820 0.0275 0.0138 0.1634 0.4796 0.2157 0.1001 
 821 0.0102 0.0302 0.1241 0.4182 0.0695 0.3478 
 822 0.0283 0.0119 0.0292 0.1541 0.1050 0.6716 
 823 0.0237 0.0406 0.2215 0.4242 0.0598 0.2303 
 824 0.0175 0.0122 0.1617 0.3473 0.1405 0.3208 
 825 0.0211 0.0161 0.0515 0.2575 0.1116 0.5421 
 826 0.0091 0.0185 0.0438 0.7046 0.0979 0.1260 
 827 0.0104 0.0239 0.0563 0.3326 0.0767 0.5001 
 828 0.0101 0.0101 0.0608 0.0722 0.0800 0.7668 
 829 0.0285 0.0149 0.0897 0.1737 0.1575 0.5357 
 830 0.0127 0.0109 0.0370 0.1138 0.0517 0.7740 
 831 0.0198 0.0115 0.0743 0.0704 0.1156 0.7084 
 832 0.4357 0.0116 0.0747 0.1931 0.0865 0.1984 
 833 0.1211 0.0433 0.1340 0.4995 0.0723 0.1297 
