   1 0.0160 0.2529 0.0837 0.1820 0.1575 0.3080 
   2 0.0142 0.0422 0.0385 0.0350 0.7762 0.0940 
   3 0.0063 0.1479 0.0489 0.1569 0.1391 0.5009 
   4 0.0103 0.5289 0.0870 0.1096 0.1522 0.1118 
   5 0.0195 0.0441 0.0490 0.0374 0.7331 0.1170 
   6 0.0069 0.0588 0.0349 0.0300 0.1816 0.6878 
   7 0.0122 0.0535 0.3095 0.0325 0.2121 0.3803 
   8 0.0107 0.3295 0.0910 0.0746 0.1328 0.3615 
   9 0.0261 0.1071 0.0875 0.0952 0.3277 0.3563 
  10 0.0159 0.1676 0.0734 0.0351 0.2215 0.4865 
  11 0.0223 0.0516 0.2773 0.0453 0.1756 0.4278 
  12 0.0128 0.0626 0.0500 0.0420 0.7143 0.1183 
  13 0.0210 0.0771 0.0704 0.0477 0.5147 0.2691 
  14 0.0093 0.0965 0.0408 0.1681 0.4654 0.2199 
  15 0.0093 0.1707 0.0824 0.0863 0.4427 0.2087 
  16 0.0164 0.0723 0.0449 0.0707 0.1478 0.6479 
  17 0.0199 0.0731 0.0527 0.0786 0.4273 0.3484 
  18 0.0107 0.0864 0.0323 0.0564 0.3987 0.4154 
  19 0.0110 0.0687 0.0493 0.0360 0.3211 0.5139 
  20 0.0144 0.0792 0.1211 0.0970 0.4011 0.2871 
  21 0.0117 0.1779 0.0409 0.1471 0.4068 0.2157 
  22 0.0098 0.1005 0.0311 0.0469 0.1973 0.6144 
  23 0.0353 0.1992 0.0804 0.2949 0.2492 0.1409 
  24 0.0152 0.1980 0.0385 0.0923 0.2278 0.4282 
  25 0.0125 0.0380 0.1153 0.0457 0.4050 0.3834 
  26 0.0109 0.1239 0.0432 0.0612 0.4666 0.2942 
  27 0.0208 0.1035 0.0485 0.1106 0.3496 0.3669 
  28 0.0130 0.2931 0.1530 0.0527 0.2299 0.2584 
  29 0.0260 0.0659 0.0964 0.1029 0.4897 0.2190 
  30 0.0133 0.0777 0.0274 0.0643 0.1942 0.6230 
  31 0.0256 0.1417 0.0869 0.0949 0.4008 0.2501 
  32 0.0092 0.1896 0.0731 0.0971 0.3082 0.3229 
  33 0.0110 0.1432 0.0773 0.2116 0.1226 0.4343 
  34 0.0554 0.0843 0.1748 0.0376 0.0962 0.5518 
  35 0.0401 0.0567 0.0379 0.1736 0.3768 0.3149 
  36 0.0087 0.0502 0.0305 0.5509 0.1217 0.2380 
  37 0.0087 0.1437 0.0565 0.1076 0.5192 0.1644 
  38 0.0276 0.0396 0.0610 0.1353 0.1113 0.6253 
  39 0.0303 0.0679 0.0754 0.1511 0.1957 0.4797 
  40 0.0131 0.0961 0.0256 0.5066 0.1713 0.1873 
  41 0.0391 0.0385 0.0512 0.4825 0.0862 0.3025 
  42 0.0165 0.2122 0.0401 0.4873 0.0815 0.1625 
  43 0.0141 0.0786 0.0636 0.4501 0.2628 0.1308 
  44 0.0128 0.0374 0.0390 0.5132 0.1387 0.2588 
  45 0.0273 0.0412 0.0429 0.2760 0.2999 0.3127 
  46 0.0126 0.0518 0.0557 0.1211 0.3104 0.4485 
  47 0.0272 0.0789 0.0453 0.0706 0.4331 0.3448 
  48 0.0215 0.0430 0.0272 0.4963 0.1712 0.2409 
  49 0.0527 0.0720 0.0499 0.2258 0.2641 0.3355 
  50 0.0209 0.1019 0.1043 0.0809 0.2172 0.4749 
  51 0.0085 0.0328 0.0245 0.7703 0.0737 0.0902 
  52 0.0303 0.0817 0.0682 0.1824 0.1555 0.4818 
  53 0.0137 0.0820 0.0494 0.0983 0.0953 0.6612 
  54 0.0188 0.0803 0.0396 0.0979 0.6528 0.1106 
  55 0.0130 0.0584 0.0411 0.3432 0.4366 0.1078 
  56 0.0410 0.0788 0.0306 0.3032 0.2244 0.3219 
  57 0.0198 0.1629 0.0574 0.0353 0.4477 0.2768 
  58 0.0292 0.0723 0.0458 0.3070 0.3325 0.2132 
  59 0.0830 0.0616 0.0509 0.2959 0.1758 0.3328 
  60 0.0076 0.0893 0.0338 0.5903 0.1495 0.1295 
  61 0.0139 0.1049 0.0373 0.3517 0.4197 0.0726 
  62 0.1685 0.0671 0.0471 0.0529 0.3667 0.2977 
  63 0.0125 0.0990 0.1252 0.3777 0.1895 0.1962 
  64 0.0205 0.0453 0.0378 0.0505 0.2277 0.6181 
  65 0.0164 0.0357 0.2894 0.0536 0.3585 0.2465 
  66 0.0109 0.1232 0.0737 0.0971 0.5886 0.1066 
  67 0.0158 0.0482 0.0528 0.3242 0.4405 0.1185 
  68 0.0517 0.0750 0.0526 0.3191 0.1880 0.3135 
  69 0.1458 0.1165 0.1399 0.1427 0.0917 0.3634 
  70 0.0079 0.0548 0.0651 0.6455 0.0811 0.1456 
  71 0.0571 0.0319 0.0474 0.4090 0.2001 0.2545 
  72 0.0088 0.0458 0.0487 0.2268 0.1772 0.4926 
  73 0.0751 0.0405 0.0551 0.2154 0.4781 0.1358 
  74 0.0091 0.0932 0.0314 0.4808 0.1160 0.2694 
  75 0.0109 0.0971 0.0247 0.5763 0.1516 0.1395 
  76 0.0079 0.0571 0.1423 0.3415 0.2548 0.1965 
  77 0.0442 0.0394 0.0688 0.4150 0.1308 0.3019 
  78 0.0496 0.0438 0.0573 0.3688 0.0988 0.3816 
  79 0.0124 0.0517 0.1333 0.0311 0.4259 0.3456 
  80 0.0110 0.4891 0.0864 0.0349 0.2235 0.1552 
  81 0.0082 0.3236 0.1137 0.0271 0.3175 0.2100 
  82 0.0203 0.0981 0.0690 0.1244 0.5667 0.1215 
  83 0.0071 0.2450 0.1118 0.0629 0.2541 0.3192 
  84 0.0076 0.1924 0.1360 0.0451 0.3275 0.2914 
  85 0.0074 0.2555 0.0483 0.0553 0.3105 0.3231 
  86 0.0183 0.0516 0.0556 0.0960 0.6031 0.1755 
  87 0.0104 0.0624 0.3386 0.0622 0.2701 0.2564 
  88 0.0082 0.2178 0.1416 0.0699 0.4333 0.1292 
  89 0.0072 0.2228 0.0716 0.0417 0.5413 0.1154 
  90 0.0098 0.0631 0.2700 0.0404 0.4227 0.1940 
  91 0.0059 0.4796 0.0624 0.0679 0.1774 0.2068 
  92 0.0094 0.0803 0.0888 0.0430 0.5923 0.1862 
  93 0.0085 0.7180 0.0335 0.0379 0.1174 0.0846 
  94 0.0075 0.0547 0.4547 0.0583 0.0845 0.3403 
  95 0.0075 0.1470 0.3991 0.0558 0.2762 0.1144 
  96 0.0118 0.1896 0.0379 0.3776 0.3096 0.0736 
  97 0.0125 0.1278 0.0278 0.3362 0.2703 0.2255 
  98 0.0269 0.0865 0.0373 0.3192 0.3074 0.2227 
  99 0.0080 0.1587 0.1543 0.0366 0.4045 0.2379 
 100 0.0100 0.4880 0.0322 0.0559 0.3443 0.0697 
 101 0.0088 0.0766 0.1860 0.1139 0.4383 0.1765 
 102 0.0212 0.3304 0.1487 0.1670 0.1652 0.1674 
 103 0.0132 0.1071 0.2030 0.0569 0.5205 0.0993 
 104 0.0127 0.0785 0.5255 0.0604 0.1928 0.1301 
 105 0.0413 0.1143 0.4150 0.0712 0.2738 0.0843 
 106 0.0095 0.0293 0.3229 0.0513 0.1331 0.4539 
 107 0.0147 0.1175 0.4189 0.0614 0.2885 0.0990 
 108 0.0078 0.0454 0.0455 0.3023 0.3746 0.2245 
 109 0.2400 0.0309 0.1339 0.0706 0.2039 0.3208 
 110 0.0123 0.0342 0.5017 0.0436 0.0881 0.3201 
 111 0.0252 0.0442 0.6882 0.0359 0.1293 0.0773 
 112 0.3730 0.0330 0.3307 0.0513 0.0706 0.1415 
 113 0.0166 0.0756 0.0877 0.1135 0.4977 0.2089 
 114 0.0376 0.1005 0.4683 0.0493 0.2183 0.1260 
 115 0.0247 0.0489 0.5195 0.1754 0.1195 0.1120 
 116 0.0169 0.0317 0.1608 0.1717 0.2169 0.4020 
 117 0.0406 0.0415 0.5453 0.0599 0.0856 0.2271 
 118 0.0308 0.0405 0.1096 0.0495 0.6701 0.0996 
 119 0.0073 0.1930 0.0665 0.4614 0.1614 0.1104 
 120 0.0779 0.0596 0.4357 0.0960 0.1779 0.1530 
 121 0.0549 0.0375 0.4860 0.2014 0.1001 0.1201 
 122 0.0342 0.0422 0.2777 0.0462 0.1815 0.4183 
 123 0.0165 0.0590 0.5556 0.0667 0.1393 0.1628 
 124 0.0403 0.0416 0.3104 0.1631 0.1482 0.2964 
 125 0.0656 0.0560 0.1754 0.1250 0.0907 0.4873 
 126 0.0106 0.0707 0.2451 0.1859 0.1703 0.3174 
 127 0.0146 0.0484 0.6943 0.0422 0.1284 0.0720 
 128 0.0257 0.0411 0.0780 0.0511 0.7151 0.0890 
 129 0.0145 0.0352 0.4332 0.0504 0.3821 0.0846 
 130 0.0535 0.1074 0.3956 0.0367 0.2630 0.1438 
 131 0.0463 0.0343 0.3054 0.1637 0.0954 0.3550 
 132 0.0181 0.0322 0.2947 0.0528 0.2867 0.3154 
 133 0.0125 0.0563 0.5541 0.0600 0.2224 0.0947 
 134 0.0264 0.0256 0.5672 0.0319 0.0881 0.2608 
 135 0.0276 0.3710 0.0277 0.2076 0.2789 0.0871 
 136 0.0126 0.6775 0.0223 0.0320 0.1624 0.0933 
 137 0.0249 0.7227 0.0579 0.0320 0.0874 0.0751 
 138 0.0073 0.7359 0.0240 0.0518 0.0875 0.0937 
 139 0.0164 0.2013 0.0296 0.1601 0.4819 0.1106 
 140 0.0120 0.4405 0.0453 0.1138 0.2125 0.1758 
 141 0.0150 0.5889 0.0245 0.0499 0.1587 0.1631 
 142 0.0263 0.4124 0.0280 0.2362 0.2177 0.0793 
 143 0.0064 0.7945 0.0210 0.0344 0.0852 0.0585 
 144 0.0229 0.7304 0.0553 0.0346 0.0875 0.0693 
 145 0.0225 0.3913 0.0250 0.0769 0.2974 0.1869 
 146 0.0116 0.4508 0.0669 0.0906 0.1919 0.1881 
 147 0.0071 0.7978 0.0221 0.0276 0.0801 0.0653 
 148 0.0216 0.4934 0.0426 0.0835 0.2404 0.1185 
 149 0.0137 0.6513 0.0234 0.0913 0.1221 0.0982 
 150 0.0319 0.5178 0.0942 0.0465 0.2057 0.1039 
 151 0.0080 0.6843 0.0313 0.0440 0.1528 0.0796 
 152 0.0166 0.4277 0.0361 0.1396 0.2255 0.1544 
 153 0.0093 0.6333 0.0329 0.1041 0.0973 0.1231 
 154 0.0129 0.6244 0.0249 0.0536 0.1958 0.0884 
 155 0.0068 0.7357 0.0333 0.0393 0.1118 0.0731 
 156 0.0137 0.5719 0.0404 0.1784 0.1324 0.0632 
 157 0.0073 0.6184 0.1078 0.0474 0.0954 0.1236 
 158 0.0232 0.4889 0.0246 0.0599 0.2189 0.1845 
 159 0.0090 0.7864 0.0231 0.0284 0.0896 0.0634 
 160 0.0087 0.7501 0.0221 0.0282 0.1272 0.0636 
 161 0.0107 0.5490 0.0384 0.0983 0.1468 0.1568 
 162 0.0124 0.3377 0.0545 0.0868 0.3251 0.1836 
 163 0.0068 0.7477 0.0305 0.0594 0.0893 0.0663 
 164 0.0095 0.3530 0.0511 0.0417 0.4223 0.1224 
 165 0.0317 0.5999 0.0852 0.0448 0.1491 0.0893 
 166 0.0073 0.4620 0.1049 0.1275 0.1472 0.1511 
 167 0.0097 0.5983 0.0465 0.0359 0.1878 0.1218 
 168 0.0077 0.6082 0.0281 0.0969 0.1072 0.1518 
 169 0.0262 0.2972 0.0238 0.0818 0.1844 0.3866 
 170 0.0092 0.5148 0.0365 0.1513 0.2103 0.0780 
 171 0.0089 0.4224 0.0361 0.0895 0.2779 0.1652 
 172 0.0173 0.4085 0.0225 0.2500 0.1174 0.1844 
 173 0.0083 0.7002 0.0225 0.0333 0.1707 0.0651 
 174 0.0074 0.7125 0.0324 0.0313 0.1303 0.0861 
 175 0.0083 0.7254 0.0215 0.0433 0.1109 0.0905 
 176 0.0245 0.7325 0.0529 0.0352 0.0860 0.0688 
 177 0.0098 0.4713 0.0873 0.0737 0.1328 0.2250 
 178 0.0084 0.6086 0.0335 0.0333 0.1843 0.1320 
 179 0.0059 0.7786 0.0226 0.0285 0.0973 0.0672 
 180 0.0131 0.5503 0.0408 0.0740 0.1627 0.1591 
 181 0.0164 0.4581 0.0257 0.0951 0.2894 0.1153 
 182 0.0108 0.5354 0.0241 0.0592 0.3090 0.0615 
 183 0.0069 0.7332 0.0228 0.0358 0.1318 0.0695 
 184 0.0095 0.0437 0.0336 0.0386 0.7537 0.1208 
 185 0.0135 0.6564 0.0220 0.1655 0.0876 0.0549 
 186 0.0078 0.0418 0.0604 0.0421 0.7190 0.1290 
 187 0.0069 0.1748 0.0349 0.0443 0.6494 0.0897 
 188 0.0083 0.0340 0.0462 0.0367 0.7759 0.0990 
 189 0.0081 0.2313 0.0322 0.0805 0.3136 0.3344 
 190 0.0117 0.1955 0.0230 0.4217 0.2997 0.0484 
 191 0.0108 0.0600 0.0261 0.0296 0.7969 0.0765 
 192 0.0089 0.2088 0.0614 0.0513 0.5552 0.1144 
 193 0.0153 0.1472 0.0306 0.0620 0.6225 0.1224 
 194 0.0086 0.1976 0.0773 0.1396 0.4690 0.1079 
 195 0.0075 0.2749 0.0238 0.0914 0.5441 0.0584 
 196 0.0133 0.1487 0.0329 0.2174 0.5153 0.0725 
 197 0.0105 0.1059 0.0628 0.0795 0.5415 0.1998 
 198 0.0084 0.1208 0.0478 0.0785 0.5301 0.2144 
 199 0.0120 0.1106 0.0331 0.3115 0.4553 0.0774 
 200 0.0339 0.1305 0.0299 0.1630 0.5033 0.1394 
 201 0.0078 0.4332 0.0289 0.0723 0.3866 0.0712 
 202 0.0102 0.4342 0.0395 0.2116 0.2432 0.0613 
 203 0.0126 0.3922 0.0276 0.0551 0.4516 0.0610 
 204 0.0083 0.1060 0.0243 0.0779 0.7280 0.0556 
 205 0.0080 0.0818 0.0292 0.0787 0.7160 0.0863 
 206 0.0079 0.0905 0.0256 0.0507 0.7633 0.0619 
 207 0.0145 0.0609 0.0343 0.0869 0.7419 0.0615 
 208 0.0096 0.2273 0.0279 0.0860 0.5843 0.0649 
 209 0.0144 0.0957 0.0277 0.0499 0.7246 0.0878 
 210 0.0087 0.1097 0.0315 0.0548 0.7294 0.0659 
 211 0.0408 0.1394 0.0701 0.3421 0.3463 0.0613 
 212 0.0104 0.4824 0.0237 0.0954 0.2842 0.1038 
 213 0.0101 0.0901 0.0790 0.3142 0.3799 0.1268 
 214 0.0137 0.4824 0.0298 0.0918 0.3094 0.0729 
 215 0.0112 0.0515 0.0312 0.0513 0.7785 0.0764 
 216 0.0099 0.0583 0.0405 0.0521 0.6993 0.1400 
 217 0.0089 0.3372 0.0250 0.0898 0.4504 0.0886 
 218 0.0083 0.0813 0.0298 0.0392 0.7593 0.0821 
 219 0.0073 0.1529 0.0348 0.0471 0.5800 0.1779 
 220 0.0087 0.0598 0.0260 0.0372 0.8078 0.0605 
 221 0.0094 0.5792 0.0211 0.2049 0.1297 0.0557 
 222 0.0079 0.0864 0.0428 0.0483 0.6256 0.1889 
 223 0.0069 0.2733 0.0393 0.0596 0.5007 0.1201 
 224 0.0088 0.2503 0.0299 0.0581 0.5878 0.0650 
 225 0.0081 0.1087 0.0296 0.0873 0.6955 0.0708 
 226 0.0114 0.1093 0.0342 0.0637 0.5741 0.2072 
 227 0.0085 0.1725 0.0386 0.2015 0.5133 0.0655 
 228 0.0169 0.2604 0.0235 0.2232 0.4193 0.0567 
 229 0.0084 0.2832 0.0315 0.0370 0.5698 0.0702 
 230 0.0106 0.2032 0.0303 0.0447 0.6491 0.0622 
 231 0.0108 0.1858 0.0242 0.0333 0.6599 0.0860 
 232 0.0106 0.2040 0.0475 0.1670 0.4252 0.1457 
 233 0.0115 0.5562 0.0292 0.0622 0.2677 0.0731 
 234 0.0114 0.1335 0.0399 0.0425 0.6340 0.1389 
 235 0.0082 0.2215 0.0299 0.0830 0.5300 0.1275 
 236 0.0117 0.3257 0.0369 0.0602 0.4729 0.0926 
 237 0.0139 0.0710 0.0284 0.0845 0.7360 0.0664 
 238 0.0104 0.4539 0.0429 0.1006 0.2994 0.0927 
 239 0.0074 0.2758 0.0240 0.0956 0.5383 0.0588 
 240 0.0105 0.4534 0.0428 0.1026 0.2965 0.0942 
 241 0.0091 0.3959 0.0284 0.0975 0.3945 0.0745 
 242 0.0095 0.1298 0.0279 0.0581 0.6091 0.1656 
 243 0.0160 0.1551 0.0262 0.2146 0.5335 0.0547 
 244 0.0126 0.3046 0.0275 0.0533 0.5409 0.0611 
 245 0.0070 0.6365 0.0321 0.1053 0.1479 0.0713 
 246 0.0091 0.3415 0.0246 0.0923 0.4430 0.0893 
 247 0.0099 0.0438 0.1441 0.1228 0.4576 0.2219 
 248 0.0120 0.0441 0.0422 0.0603 0.7677 0.0737 
 249 0.0122 0.3280 0.0332 0.0724 0.4818 0.0724 
 250 0.0103 0.2127 0.0391 0.0486 0.6022 0.0870 
 251 0.0207 0.0831 0.0400 0.0691 0.5681 0.2190 
 252 0.0066 0.1689 0.0313 0.0781 0.6319 0.0832 
 253 0.0086 0.0671 0.0603 0.1592 0.5717 0.1332 
 254 0.0081 0.0894 0.0386 0.0510 0.6885 0.1242 
 255 0.0104 0.1481 0.0294 0.0436 0.6554 0.1131 
 256 0.0111 0.2198 0.0296 0.1091 0.5532 0.0773 
 257 0.0106 0.1057 0.0465 0.0606 0.6980 0.0787 
 258 0.0123 0.0887 0.0437 0.1337 0.6118 0.1098 
 259 0.0099 0.1135 0.0414 0.0585 0.6993 0.0774 
 260 0.0089 0.2659 0.0508 0.0524 0.4509 0.1711 
 261 0.0073 0.2872 0.0312 0.1195 0.4690 0.0859 
 262 0.0097 0.3138 0.0213 0.2402 0.3515 0.0634 
 263 0.0110 0.0558 0.0291 0.0470 0.7831 0.0740 
 264 0.0123 0.0368 0.0398 0.0538 0.4639 0.3933 
 265 0.0081 0.1357 0.0297 0.0468 0.6673 0.1123 
 266 0.0092 0.6057 0.0224 0.1418 0.1646 0.0563 
 267 0.0167 0.1461 0.0352 0.0723 0.6357 0.0941 
 268 0.0133 0.1484 0.0336 0.2210 0.5115 0.0722 
 269 0.0107 0.1860 0.0328 0.0469 0.4573 0.2663 
 270 0.0102 0.0586 0.0395 0.0426 0.7318 0.1172 
 271 0.0121 0.0707 0.0391 0.0750 0.7152 0.0880 
 272 0.0164 0.0823 0.0375 0.1034 0.5968 0.1636 
 273 0.0275 0.1865 0.0587 0.0695 0.5085 0.1493 
 274 0.0091 0.0897 0.0329 0.0476 0.6976 0.1232 
 275 0.0187 0.1143 0.0314 0.0528 0.6630 0.1198 
 276 0.0197 0.0709 0.0418 0.1671 0.5546 0.1459 
 277 0.0076 0.1930 0.0369 0.0505 0.5918 0.1202 
 278 0.0127 0.0720 0.0304 0.0794 0.7297 0.0757 
 279 0.0095 0.1210 0.0338 0.0545 0.6851 0.0961 
 280 0.0108 0.1195 0.0301 0.0972 0.5488 0.1936 
 281 0.0082 0.0861 0.0383 0.0475 0.7207 0.0992 
 282 0.0092 0.4371 0.0416 0.0480 0.3446 0.1196 
 283 0.0082 0.5021 0.0394 0.0542 0.3113 0.0849 
 284 0.0155 0.2244 0.0644 0.0944 0.4916 0.1096 
 285 0.0176 0.0346 0.0392 0.1120 0.6797 0.1169 
 286 0.0128 0.3068 0.0280 0.0550 0.5357 0.0617 
 287 0.0068 0.1319 0.0363 0.0425 0.6218 0.1608 
 288 0.0107 0.0717 0.0311 0.0495 0.6895 0.1475 
 289 0.0161 0.0837 0.0615 0.0771 0.6251 0.1365 
 290 0.0377 0.0986 0.0372 0.2631 0.3339 0.2295 
 291 0.0118 0.0702 0.0384 0.0733 0.7192 0.0871 
 292 0.0090 0.1603 0.0276 0.2236 0.4100 0.1694 
 293 0.0367 0.0651 0.0361 0.2391 0.2825 0.3405 
 294 0.0086 0.0508 0.0269 0.0680 0.7611 0.0846 
 295 0.0270 0.1195 0.0488 0.1416 0.4980 0.1651 
 296 0.0108 0.0661 0.0323 0.0517 0.7675 0.0717 
 297 0.0095 0.0729 0.0315 0.0620 0.6177 0.2063 
 298 0.0087 0.2986 0.0437 0.0400 0.4980 0.1110 
 299 0.0080 0.0569 0.0309 0.0340 0.7795 0.0907 
 300 0.0131 0.0478 0.0268 0.0708 0.7444 0.0971 
 301 0.0110 0.0596 0.0340 0.0432 0.7020 0.1500 
 302 0.0135 0.0570 0.0289 0.1114 0.7054 0.0839 
 303 0.0141 0.2856 0.0303 0.0938 0.4633 0.1129 
 304 0.0138 0.3702 0.0697 0.0541 0.2498 0.2424 
 305 0.0095 0.1719 0.0222 0.0830 0.6454 0.0680 
 306 0.0084 0.3372 0.0278 0.0831 0.4246 0.1189 
 307 0.0103 0.1703 0.0451 0.0766 0.5945 0.1032 
 308 0.0072 0.2889 0.0305 0.1191 0.4681 0.0862 
 309 0.0392 0.0689 0.0561 0.0618 0.6997 0.0744 
 310 0.0119 0.2266 0.0264 0.1233 0.5492 0.0627 
 311 0.0105 0.2038 0.0298 0.0445 0.6506 0.0608 
 312 0.0095 0.0611 0.0336 0.0541 0.7821 0.0596 
 313 0.0100 0.0454 0.0319 0.1447 0.7051 0.0630 
 314 0.0078 0.7903 0.0205 0.0483 0.0725 0.0607 
 315 0.0064 0.7303 0.0269 0.0743 0.0691 0.0930 
 316 0.0078 0.7233 0.0300 0.0460 0.0787 0.1142 
 317 0.0076 0.8115 0.0206 0.0286 0.0696 0.0622 
 318 0.0071 0.8142 0.0213 0.0225 0.0681 0.0667 
 319 0.0066 0.7829 0.0206 0.0321 0.0970 0.0607 
 320 0.0079 0.7909 0.0207 0.0482 0.0722 0.0601 
 321 0.0079 0.8050 0.0219 0.0263 0.0701 0.0688 
 322 0.0085 0.7043 0.0297 0.0694 0.0846 0.1035 
 323 0.0059 0.8083 0.0217 0.0244 0.0750 0.0646 
 324 0.0079 0.8068 0.0215 0.0261 0.0694 0.0682 
 325 0.0073 0.7481 0.0280 0.0395 0.0661 0.1109 
 326 0.0091 0.7489 0.0302 0.0407 0.0637 0.1074 
 327 0.0079 0.8101 0.0210 0.0285 0.0706 0.0618 
 328 0.0069 0.7232 0.0277 0.0566 0.0838 0.1018 
 329 0.0062 0.8161 0.0220 0.0249 0.0681 0.0629 
 330 0.0075 0.8114 0.0208 0.0285 0.0691 0.0628 
 331 0.0061 0.8085 0.0212 0.0242 0.0775 0.0625 
 332 0.0078 0.7363 0.0299 0.0375 0.0653 0.1233 
 333 0.0077 0.7459 0.0295 0.0459 0.0729 0.0981 
 334 0.0070 0.7231 0.0277 0.0565 0.0829 0.1029 
 335 0.0068 0.7443 0.0280 0.0591 0.0705 0.0913 
 336 0.0077 0.7978 0.0221 0.0352 0.0684 0.0689 
 337 0.0087 0.7288 0.0288 0.0489 0.0707 0.1141 
 338 0.0073 0.8112 0.0218 0.0225 0.0678 0.0694 
 339 0.0060 0.8087 0.0210 0.0246 0.0772 0.0624 
 340 0.0057 0.8119 0.0206 0.0263 0.0773 0.0582 
 341 0.0078 0.7984 0.0221 0.0258 0.0836 0.0624 
 342 0.0078 0.8093 0.0209 0.0284 0.0710 0.0627 
 343 0.0070 0.6918 0.0281 0.1039 0.0718 0.0974 
 344 0.0061 0.8180 0.0212 0.0232 0.0680 0.0635 
 345 0.0074 0.8090 0.0214 0.0286 0.0708 0.0628 
 346 0.0069 0.8202 0.0209 0.0240 0.0665 0.0615 
 347 0.0059 0.8230 0.0210 0.0245 0.0679 0.0577 
 348 0.0069 0.6921 0.0264 0.1199 0.0721 0.0826 
 349 0.0074 0.8101 0.0212 0.0281 0.0702 0.0631 
 350 0.0064 0.7801 0.0205 0.0409 0.0908 0.0614 
 351 0.0068 0.7432 0.0274 0.0588 0.0713 0.0925 
 352 0.0080 0.7397 0.0273 0.0561 0.0696 0.0992 
 353 0.0081 0.7990 0.0219 0.0351 0.0668 0.0692 
 354 0.0071 0.8044 0.0221 0.0244 0.0779 0.0640 
 355 0.0072 0.8156 0.0212 0.0228 0.0665 0.0668 
 356 0.0068 0.6548 0.0268 0.1546 0.0757 0.0813 
 357 0.0104 0.4591 0.0318 0.0441 0.1189 0.3357 
 358 0.0066 0.7521 0.0296 0.0388 0.0669 0.1059 
 359 0.0062 0.8080 0.0217 0.0241 0.0769 0.0631 
 360 0.0069 0.8204 0.0209 0.0239 0.0672 0.0607 
 361 0.0127 0.3978 0.0323 0.0631 0.1463 0.3478 
 362 0.0137 0.0583 0.0801 0.0622 0.3201 0.4657 
 363 0.0130 0.0426 0.1196 0.0649 0.1775 0.5824 
 364 0.0236 0.2162 0.0543 0.0574 0.3498 0.2989 
 365 0.0734 0.0535 0.0455 0.0541 0.2042 0.5693 
 366 0.0285 0.1034 0.0358 0.2361 0.2108 0.3855 
 367 0.0103 0.0304 0.3622 0.0323 0.0878 0.4769 
 368 0.0106 0.0498 0.0966 0.0323 0.6340 0.1768 
 369 0.0340 0.1991 0.0414 0.2439 0.1985 0.2831 
 370 0.0239 0.0641 0.2829 0.0505 0.4440 0.1346 
 371 0.0334 0.0874 0.0537 0.0667 0.4780 0.2808 
 372 0.0509 0.0746 0.1090 0.0501 0.6116 0.1037 
 373 0.0269 0.0947 0.1797 0.0539 0.2730 0.3717 
 374 0.0508 0.2510 0.0536 0.0492 0.2146 0.3807 
 375 0.0211 0.0409 0.1415 0.0341 0.2717 0.4907 
 376 0.0099 0.0351 0.0489 0.0319 0.0859 0.7882 
 377 0.0168 0.0570 0.0604 0.0602 0.4229 0.3827 
 378 0.0146 0.1807 0.4460 0.0412 0.1876 0.1298 
 379 0.0227 0.0332 0.0712 0.0427 0.0922 0.7380 
 380 0.0167 0.1217 0.0281 0.1060 0.1782 0.5492 
 381 0.0141 0.1052 0.0245 0.1263 0.1116 0.6183 
 382 0.0124 0.0491 0.1075 0.0308 0.1480 0.6522 
 383 0.0233 0.1320 0.0305 0.0372 0.1536 0.6234 
 384 0.0441 0.1093 0.1132 0.0425 0.2199 0.4710 
 385 0.5028 0.1384 0.0339 0.0256 0.1519 0.1474 
 386 0.0106 0.0430 0.0984 0.0447 0.1406 0.6627 
 387 0.0132 0.0577 0.1072 0.0573 0.1477 0.6168 
 388 0.0561 0.1823 0.0772 0.0339 0.3856 0.2649 
 389 0.1386 0.0470 0.0553 0.1036 0.5576 0.0979 
 390 0.0273 0.0416 0.2557 0.2089 0.1087 0.3579 
 391 0.1631 0.0802 0.1404 0.1685 0.2415 0.2063 
 392 0.0087 0.0982 0.0535 0.0461 0.1918 0.6017 
 393 0.0141 0.0859 0.0439 0.1640 0.0976 0.5944 
 394 0.0076 0.2274 0.1159 0.0437 0.2190 0.3864 
 395 0.0100 0.0473 0.0839 0.2867 0.2460 0.3261 
 396 0.0098 0.0318 0.0949 0.0340 0.2479 0.5816 
 397 0.0073 0.0823 0.0339 0.0453 0.6738 0.1574 
 398 0.0070 0.0345 0.0918 0.0441 0.1027 0.7200 
 399 0.0269 0.0463 0.4450 0.0916 0.1323 0.2579 
 400 0.0133 0.0669 0.1092 0.0525 0.1110 0.6471 
 401 0.0153 0.0735 0.2851 0.1686 0.1410 0.3164 
 402 0.0174 0.0628 0.0959 0.1636 0.3674 0.2929 
 403 0.0366 0.3187 0.0848 0.0540 0.2924 0.2134 
 404 0.0315 0.0983 0.0699 0.0636 0.2909 0.4459 
 405 0.0093 0.0762 0.0447 0.0856 0.2844 0.4998 
 406 0.0073 0.0692 0.0288 0.5997 0.0876 0.2074 
 407 0.0082 0.0325 0.0358 0.0336 0.1008 0.7891 
 408 0.0077 0.0299 0.3799 0.2037 0.2437 0.1350 
 409 0.0166 0.1719 0.0608 0.4452 0.0939 0.2115 
 410 0.0186 0.0874 0.1180 0.0668 0.1754 0.5339 
 411 0.0116 0.1515 0.0622 0.1195 0.1131 0.5420 
 412 0.0129 0.0465 0.1141 0.0317 0.4882 0.3066 
 413 0.0083 0.1309 0.1468 0.0408 0.3851 0.2881 
 414 0.0353 0.0338 0.2071 0.0370 0.3756 0.3111 
 415 0.0113 0.0499 0.0477 0.0958 0.1109 0.6844 
 416 0.0705 0.0779 0.0747 0.0994 0.1580 0.5195 
 417 0.0082 0.0396 0.0542 0.0368 0.1032 0.7580 
 418 0.0095 0.0380 0.2303 0.0286 0.1956 0.4980 
 419 0.0561 0.1737 0.1307 0.1434 0.1863 0.3097 
 420 0.0113 0.0394 0.2112 0.3252 0.1045 0.3083 
 421 0.0095 0.0440 0.0902 0.0445 0.2105 0.6013 
 422 0.0099 0.0444 0.0370 0.1458 0.4101 0.3527 
 423 0.0085 0.0624 0.0613 0.0637 0.2158 0.5882 
 424 0.0189 0.0657 0.4620 0.1557 0.0964 0.2013 
 425 0.1147 0.0905 0.0725 0.0462 0.3326 0.3434 
 426 0.0482 0.0925 0.3291 0.0509 0.1786 0.3007 
 427 0.0097 0.1214 0.0863 0.0550 0.0757 0.6519 
 428 0.0106 0.1086 0.0405 0.1481 0.2929 0.3992 
 429 0.0077 0.0303 0.1110 0.0279 0.0861 0.7370 
 430 0.0088 0.0388 0.0533 0.0498 0.1134 0.7359 
 431 0.0198 0.0725 0.2347 0.0467 0.3587 0.2676 
 432 0.0096 0.0549 0.1056 0.0397 0.5794 0.2108 
 433 0.0090 0.2471 0.1182 0.0870 0.4189 0.1197 
 434 0.0169 0.0945 0.0405 0.0706 0.4013 0.3761 
 435 0.0063 0.0331 0.0568 0.0477 0.0880 0.7680 
 436 0.0103 0.0590 0.1317 0.0731 0.0582 0.6675 
 437 0.0068 0.0377 0.0363 0.0324 0.1194 0.7674 
 438 0.0082 0.0630 0.1158 0.4256 0.0782 0.3093 
 439 0.0088 0.0469 0.0585 0.0447 0.0633 0.7779 
 440 0.0086 0.0281 0.0574 0.0441 0.0632 0.7987 
 441 0.0107 0.0909 0.0628 0.0600 0.1186 0.6570 
 442 0.0374 0.0397 0.0712 0.0655 0.1275 0.6587 
 443 0.0146 0.0337 0.3580 0.2146 0.0836 0.2955 
 444 0.0284 0.0390 0.0581 0.0766 0.1037 0.6941 
 445 0.0102 0.1018 0.0528 0.2966 0.1228 0.4159 
 446 0.0090 0.0392 0.2229 0.0518 0.0732 0.6040 
 447 0.0322 0.0795 0.0454 0.1404 0.1209 0.5816 
 448 0.0085 0.0396 0.0485 0.0489 0.1260 0.7286 
 449 0.0092 0.0633 0.0439 0.0654 0.1526 0.6656 
 450 0.0119 0.0744 0.0651 0.0294 0.1072 0.7120 
 451 0.0098 0.0284 0.3605 0.0602 0.2212 0.3199 
 452 0.0092 0.0591 0.0533 0.0302 0.0903 0.7578 
 453 0.0136 0.0509 0.0900 0.6004 0.1199 0.1253 
 454 0.0103 0.0746 0.0585 0.0466 0.1183 0.6917 
 455 0.0087 0.0369 0.1089 0.1784 0.0678 0.5993 
 456 0.0128 0.0349 0.0659 0.1754 0.1059 0.6051 
 457 0.0072 0.0408 0.0325 0.0348 0.0955 0.7892 
 458 0.0096 0.0446 0.0654 0.0442 0.0903 0.7459 
 459 0.0095 0.1016 0.2485 0.1074 0.0648 0.4681 
 460 0.0090 0.0372 0.2417 0.0553 0.0614 0.5953 
 461 0.0086 0.0385 0.4694 0.0288 0.0665 0.3882 
 462 0.1030 0.0278 0.1638 0.1000 0.1191 0.4863 
 463 0.0085 0.0467 0.0529 0.5419 0.1025 0.2476 
 464 0.0077 0.0355 0.1774 0.1183 0.0770 0.5842 
 465 0.0100 0.0456 0.3604 0.1085 0.1392 0.3363 
 466 0.0075 0.0367 0.1351 0.3265 0.1188 0.3755 
 467 0.0135 0.0640 0.1641 0.1562 0.1314 0.4708 
 468 0.0067 0.0356 0.0304 0.0958 0.0804 0.7511 
 469 0.0077 0.0388 0.0392 0.0486 0.0581 0.8075 
 470 0.0064 0.0350 0.0830 0.0429 0.0680 0.7647 
 471 0.0453 0.0426 0.0972 0.2258 0.1723 0.4169 
 472 0.0143 0.0447 0.0950 0.1443 0.1694 0.5323 
 473 0.0083 0.0651 0.0450 0.0666 0.2154 0.5996 
 474 0.0097 0.0597 0.0537 0.0666 0.0980 0.7124 
 475 0.0100 0.0751 0.2609 0.1074 0.1383 0.4083 
 476 0.0084 0.0450 0.0717 0.0680 0.0697 0.7372 
 477 0.0181 0.0670 0.3684 0.1241 0.1253 0.2971 
 478 0.0129 0.0341 0.6987 0.0348 0.0715 0.1480 
 479 0.0080 0.0331 0.0646 0.0374 0.0672 0.7896 
 480 0.0068 0.0385 0.0394 0.0316 0.0666 0.8170 
 481 0.0263 0.0397 0.0473 0.0609 0.3644 0.4614 
 482 0.0074 0.0333 0.0836 0.0293 0.0645 0.7818 
 483 0.0098 0.0468 0.1263 0.0665 0.0693 0.6813 
 484 0.0128 0.0471 0.0729 0.2982 0.1192 0.4498 
 485 0.0084 0.0371 0.1183 0.0922 0.0615 0.6825 
 486 0.0485 0.0547 0.1027 0.1220 0.4767 0.1954 
 487 0.0246 0.1248 0.0537 0.0757 0.5332 0.1880 
 488 0.0593 0.0841 0.1624 0.0528 0.5157 0.1257 
 489 0.0276 0.1484 0.0326 0.1534 0.4559 0.1820 
 490 0.0205 0.0380 0.2985 0.1234 0.2630 0.2566 
 491 0.0497 0.0907 0.0318 0.0582 0.6680 0.1016 
 492 0.0353 0.2520 0.2453 0.1564 0.1956 0.1154 
 493 0.0632 0.0627 0.0583 0.0523 0.6449 0.1185 
 494 0.0327 0.0885 0.0448 0.0697 0.6006 0.1636 
 495 0.0932 0.1701 0.2699 0.1125 0.2130 0.1414 
 496 0.0081 0.2879 0.0757 0.1745 0.3131 0.1407 
 497 0.1095 0.0914 0.0366 0.0341 0.6197 0.1086 
 498 0.2468 0.0657 0.0868 0.1283 0.2770 0.1954 
 499 0.0150 0.1759 0.0358 0.0644 0.5793 0.1295 
 500 0.0122 0.0581 0.0404 0.0463 0.6225 0.2205 
 501 0.0142 0.1915 0.0857 0.0707 0.3592 0.2788 
 502 0.0394 0.2298 0.1605 0.0509 0.3356 0.1839 
 503 0.0105 0.0476 0.0473 0.0441 0.3434 0.5071 
 504 0.0766 0.0555 0.3121 0.0961 0.3153 0.1443 
 505 0.0223 0.0973 0.0584 0.1553 0.5607 0.1061 
 506 0.0690 0.1676 0.1320 0.0574 0.4050 0.1689 
 507 0.0070 0.4906 0.0250 0.1195 0.2818 0.0761 
 508 0.0143 0.4605 0.0369 0.1676 0.2533 0.0674 
 509 0.0111 0.1263 0.0427 0.0981 0.6280 0.0938 
 510 0.0132 0.2606 0.0599 0.0591 0.3862 0.2210 
 511 0.0398 0.0622 0.0905 0.0883 0.2312 0.4880 
 512 0.0264 0.0422 0.0855 0.0376 0.2009 0.6073 
 513 0.6035 0.0619 0.0811 0.0659 0.1381 0.0496 
 514 0.0105 0.0696 0.3062 0.0723 0.3754 0.1661 
 515 0.0141 0.1488 0.0428 0.1446 0.2288 0.4209 
 516 0.0117 0.0630 0.1770 0.1228 0.5191 0.1065 
 517 0.0085 0.1351 0.0737 0.3049 0.1955 0.2822 
 518 0.0089 0.1384 0.0320 0.0358 0.6151 0.1698 
 519 0.0179 0.0852 0.3704 0.0943 0.2368 0.1954 
 520 0.0077 0.2062 0.0305 0.3736 0.1575 0.2246 
 521 0.0117 0.3195 0.1690 0.0951 0.2655 0.1392 
 522 0.0127 0.0577 0.0520 0.2436 0.1680 0.4660 
 523 0.0074 0.1168 0.0615 0.5449 0.1583 0.1110 
 524 0.0070 0.0898 0.0477 0.1383 0.2247 0.4925 
 525 0.0081 0.1758 0.0339 0.1165 0.3586 0.3071 
 526 0.0063 0.0606 0.0293 0.5708 0.1069 0.2260 
 527 0.0181 0.0560 0.0834 0.0419 0.5090 0.2915 
 528 0.0088 0.4601 0.0504 0.0855 0.3021 0.0932 
 529 0.0123 0.0839 0.0416 0.0404 0.7172 0.1045 
 530 0.0181 0.0927 0.0386 0.1593 0.1908 0.5004 
 531 0.0116 0.3694 0.0454 0.1262 0.1469 0.3005 
 532 0.0132 0.2625 0.0615 0.0726 0.4194 0.1707 
 533 0.0090 0.0692 0.0368 0.1167 0.4276 0.3407 
 534 0.0146 0.0875 0.0634 0.1561 0.6129 0.0655 
 535 0.0082 0.0625 0.0870 0.4962 0.1323 0.2139 
 536 0.0167 0.1528 0.0762 0.2679 0.2050 0.2814 
 537 0.0194 0.1871 0.0474 0.4584 0.1741 0.1136 
 538 0.0112 0.1590 0.0469 0.3165 0.2944 0.1720 
 539 0.0105 0.6085 0.0301 0.0927 0.1733 0.0850 
 540 0.0137 0.1865 0.0449 0.2271 0.3079 0.2200 
 541 0.0183 0.4602 0.0934 0.0964 0.1781 0.1536 
 542 0.0216 0.0505 0.0351 0.5036 0.1890 0.2003 
 543 0.0160 0.1724 0.2044 0.3191 0.1776 0.1105 
 544 0.0110 0.0770 0.0353 0.5887 0.1417 0.1462 
 545 0.0111 0.0357 0.0489 0.6627 0.0899 0.1517 
 546 0.0429 0.1090 0.0442 0.3332 0.3248 0.1460 
 547 0.0089 0.0755 0.0428 0.7169 0.0745 0.0814 
 548 0.0102 0.2126 0.0391 0.0474 0.6043 0.0864 
 549 0.0121 0.2998 0.0395 0.3783 0.0874 0.1829 
 550 0.0168 0.0540 0.0708 0.4929 0.0783 0.2872 
 551 0.0112 0.5014 0.0646 0.1598 0.1180 0.1449 
 552 0.0111 0.1388 0.0291 0.2198 0.4664 0.1349 
 553 0.0129 0.1475 0.0742 0.5931 0.1067 0.0655 
 554 0.0192 0.1386 0.1219 0.1338 0.2657 0.3208 
 555 0.0462 0.2979 0.0437 0.2622 0.2376 0.1125 
 556 0.0126 0.1012 0.0425 0.3180 0.3809 0.1447 
 557 0.0126 0.0771 0.1126 0.4631 0.0763 0.2584 
 558 0.0071 0.0354 0.0808 0.0270 0.0597 0.7900 
 559 0.0102 0.0485 0.1695 0.0713 0.5239 0.1767 
 560 0.0168 0.0271 0.3525 0.0434 0.0934 0.4668 
 561 0.0191 0.0358 0.0993 0.0864 0.2482 0.5113 
 562 0.0221 0.0265 0.2426 0.0866 0.2362 0.3859 
 563 0.0216 0.1417 0.4166 0.1311 0.0902 0.1988 
 564 0.0113 0.0528 0.0642 0.1122 0.5879 0.1715 
 565 0.0079 0.0393 0.0335 0.0329 0.0899 0.7965 
 566 0.0112 0.0278 0.4215 0.0414 0.0884 0.4097 
 567 0.0130 0.0363 0.0710 0.0647 0.6592 0.1558 
 568 0.0081 0.0541 0.1734 0.1313 0.2999 0.3331 
 569 0.0119 0.0570 0.1082 0.1728 0.1489 0.5012 
 570 0.0066 0.0299 0.0627 0.0260 0.0926 0.7821 
 571 0.0081 0.0444 0.5251 0.0467 0.1729 0.2028 
 572 0.0216 0.1485 0.0289 0.4352 0.1453 0.2204 
 573 0.0080 0.0510 0.0504 0.0874 0.4982 0.3051 
 574 0.0132 0.1275 0.0403 0.0662 0.1788 0.5740 
 575 0.0096 0.1039 0.2703 0.1066 0.1969 0.3128 
 576 0.0302 0.0286 0.3196 0.0330 0.1389 0.4497 
 577 0.0132 0.1110 0.0494 0.0563 0.2286 0.5415 
 578 0.0214 0.0475 0.2666 0.0555 0.1588 0.4502 
 579 0.0528 0.0396 0.0682 0.0586 0.3144 0.4665 
 580 0.0103 0.0657 0.0460 0.0402 0.1759 0.6620 
 581 0.0093 0.0545 0.0834 0.0425 0.1250 0.6853 
 582 0.0078 0.0319 0.1305 0.0653 0.0841 0.6804 
 583 0.0095 0.0439 0.3804 0.0388 0.2230 0.3044 
 584 0.0117 0.0341 0.3358 0.0348 0.1686 0.4150 
 585 0.0258 0.0379 0.1674 0.0429 0.1484 0.5776 
 586 0.0113 0.0579 0.5277 0.0633 0.2084 0.1313 
 587 0.0141 0.0309 0.0664 0.0830 0.3058 0.4997 
 588 0.0131 0.0386 0.0328 0.1401 0.7159 0.0595 
 589 0.0086 0.0347 0.0515 0.1086 0.1220 0.6746 
 590 0.0171 0.0403 0.3323 0.0427 0.3938 0.1738 
 591 0.0087 0.0468 0.3244 0.0447 0.3295 0.2458 
 592 0.0104 0.0356 0.1664 0.1831 0.2587 0.3459 
 593 0.0081 0.0688 0.1053 0.0789 0.2623 0.4765 
 594 0.0122 0.0733 0.1769 0.0494 0.4998 0.1885 
 595 0.1062 0.0308 0.0572 0.0270 0.3300 0.4488 
 596 0.0132 0.0601 0.0700 0.1906 0.3836 0.2825 
 597 0.0086 0.1790 0.5426 0.0837 0.1014 0.0847 
 598 0.0063 0.0321 0.0476 0.0275 0.0673 0.8192 
 599 0.0072 0.0291 0.2934 0.0919 0.1875 0.3908 
 600 0.0134 0.0787 0.0420 0.0806 0.1783 0.6072 
 601 0.0105 0.0301 0.1156 0.0749 0.1249 0.6440 
 602 0.0118 0.0809 0.0512 0.0398 0.6806 0.1357 
 603 0.0113 0.0810 0.0615 0.0468 0.6728 0.1265 
 604 0.0340 0.0892 0.0553 0.0576 0.2794 0.4845 
 605 0.0159 0.0517 0.0707 0.0916 0.4031 0.3670 
 606 0.0129 0.1125 0.0810 0.0835 0.4792 0.2309 
 607 0.0131 0.1843 0.0383 0.0331 0.4001 0.3310 
 608 0.0092 0.4057 0.0797 0.0495 0.1621 0.2936 
 609 0.0152 0.0669 0.0547 0.0788 0.1794 0.6049 
 610 0.0124 0.0511 0.0395 0.1442 0.1749 0.5779 
 611 0.0099 0.1050 0.0879 0.0929 0.5479 0.1565 
 612 0.0092 0.0445 0.0332 0.0639 0.0926 0.7567 
 613 0.0157 0.0608 0.0580 0.1159 0.3471 0.4025 
 614 0.0237 0.0429 0.0274 0.0411 0.1889 0.6760 
 615 0.0091 0.0744 0.0277 0.0491 0.1987 0.6410 
 616 0.0096 0.1224 0.0476 0.0330 0.4648 0.3226 
 617 0.1094 0.0439 0.0526 0.0743 0.2145 0.5053 
 618 0.0366 0.1464 0.0315 0.0780 0.2576 0.4500 
 619 0.0077 0.1246 0.0972 0.1526 0.2548 0.3631 
 620 0.0130 0.0276 0.1684 0.1545 0.3597 0.2767 
 621 0.0129 0.0442 0.1804 0.0344 0.2601 0.4681 
 622 0.1807 0.0889 0.0406 0.0730 0.3108 0.3061 
 623 0.0107 0.0444 0.1083 0.0697 0.4508 0.3161 
 624 0.0109 0.1452 0.0466 0.0425 0.1248 0.6299 
 625 0.0502 0.1368 0.0817 0.0374 0.1848 0.5091 
 626 0.0100 0.3138 0.0275 0.2393 0.1536 0.2558 
 627 0.0190 0.0588 0.0844 0.0811 0.4138 0.3429 
 628 0.0444 0.0610 0.1265 0.0511 0.4632 0.2538 
 629 0.0163 0.0641 0.0787 0.0447 0.5214 0.2747 
 630 0.0201 0.0579 0.0562 0.0522 0.2042 0.6093 
 631 0.0113 0.0597 0.0396 0.0342 0.3268 0.5284 
 632 0.0192 0.2047 0.0414 0.1126 0.4444 0.1777 
 633 0.0276 0.1171 0.0564 0.0429 0.2145 0.5415 
 634 0.0118 0.1517 0.0763 0.0936 0.3505 0.3162 
 635 0.0087 0.3739 0.0330 0.0562 0.3145 0.2137 
 636 0.0109 0.2214 0.0549 0.0495 0.1750 0.4884 
 637 0.0193 0.0857 0.0558 0.3438 0.2675 0.2279 
 638 0.0097 0.0850 0.0597 0.0361 0.6032 0.2063 
 639 0.0251 0.0911 0.0329 0.0449 0.3258 0.4802 
 640 0.0559 0.0630 0.2478 0.0313 0.2426 0.3593 
 641 0.0117 0.0630 0.0438 0.0363 0.5774 0.2679 
 642 0.0131 0.3598 0.0482 0.1683 0.2390 0.1716 
 643 0.0100 0.6612 0.0564 0.0515 0.1141 0.1069 
 644 0.0108 0.5039 0.0840 0.0591 0.2341 0.1082 
 645 0.0152 0.4236 0.0225 0.0749 0.1756 0.2883 
 646 0.0379 0.1002 0.0529 0.1345 0.4899 0.1846 
 647 0.0411 0.2760 0.1206 0.1444 0.2891 0.1287 
 648 0.0376 0.2146 0.0328 0.1091 0.4639 0.1421 
 649 0.0120 0.1034 0.0472 0.1585 0.5918 0.0870 
 650 0.0116 0.1224 0.0741 0.1020 0.5810 0.1089 
 651 0.0395 0.2622 0.0416 0.0320 0.5227 0.1020 
 652 0.0095 0.4763 0.0419 0.0516 0.3004 0.1204 
 653 0.0242 0.2833 0.0356 0.1285 0.3887 0.1397 
 654 0.0425 0.3335 0.0323 0.2072 0.2659 0.1186 
 655 0.0091 0.4712 0.1292 0.0665 0.1573 0.1666 
 656 0.0355 0.1770 0.0395 0.1500 0.4596 0.1384 
 657 0.0102 0.1521 0.0405 0.0490 0.4425 0.3056 
 658 0.0093 0.1888 0.1437 0.1784 0.2321 0.2476 
 659 0.0174 0.3938 0.0404 0.1339 0.2638 0.1507 
 660 0.0087 0.3841 0.0401 0.0978 0.3782 0.0910 
 661 0.0134 0.4676 0.0299 0.1900 0.1668 0.1322 
 662 0.0152 0.0760 0.0508 0.2495 0.5343 0.0743 
 663 0.0078 0.3745 0.0497 0.0531 0.4000 0.1150 
 664 0.0161 0.1930 0.2351 0.1404 0.1506 0.2648 
 665 0.0098 0.0998 0.0421 0.1566 0.6034 0.0883 
 666 0.0103 0.3084 0.0410 0.1474 0.3508 0.1421 
 667 0.1403 0.0911 0.0757 0.0714 0.4691 0.1523 
 668 0.0137 0.3673 0.0454 0.1051 0.2539 0.2146 
 669 0.0094 0.1384 0.0370 0.0677 0.6626 0.0849 
 670 0.0064 0.6752 0.0260 0.0484 0.1778 0.0663 
 671 0.0085 0.4692 0.0394 0.0828 0.3121 0.0880 
 672 0.0070 0.6043 0.0813 0.1087 0.0675 0.1312 
 673 0.0062 0.7989 0.0231 0.0253 0.0786 0.0679 
 674 0.0109 0.5703 0.0243 0.0632 0.2073 0.1241 
 675 0.0240 0.7313 0.0564 0.0346 0.0857 0.0680 
 676 0.0067 0.8049 0.0226 0.0293 0.0731 0.0634 
 677 0.0073 0.5617 0.0226 0.2039 0.1453 0.0592 
 678 0.0071 0.7975 0.0274 0.0243 0.0775 0.0662 
 679 0.0093 0.6452 0.0244 0.0261 0.1653 0.1297 
 680 0.0134 0.6955 0.0236 0.0452 0.1161 0.1062 
 681 0.0202 0.2089 0.0300 0.3703 0.1608 0.2098 
 682 0.0091 0.7230 0.0249 0.0510 0.0804 0.1116 
 683 0.0066 0.7209 0.0265 0.0587 0.1245 0.0628 
 684 0.0077 0.7859 0.0271 0.0291 0.0832 0.0669 
 685 0.0062 0.8080 0.0222 0.0321 0.0733 0.0582 
 686 0.0095 0.4725 0.0256 0.2220 0.1668 0.1036 
 687 0.0075 0.4667 0.0382 0.1053 0.3013 0.0811 
 688 0.0084 0.7017 0.0354 0.0444 0.1240 0.0862 
 689 0.0062 0.8031 0.0205 0.0295 0.0805 0.0602 
 690 0.0065 0.8050 0.0226 0.0291 0.0727 0.0640 
 691 0.0122 0.6484 0.0238 0.0465 0.1502 0.1189 
 692 0.0080 0.7021 0.0351 0.0306 0.1304 0.0938 
 693 0.0100 0.7050 0.0502 0.0409 0.0921 0.1018 
 694 0.0057 0.8126 0.0207 0.0336 0.0734 0.0541 
 695 0.0073 0.7239 0.0276 0.0873 0.0651 0.0887 
 696 0.0081 0.7033 0.0343 0.0431 0.1246 0.0867 
 697 0.0065 0.7763 0.0213 0.0390 0.0932 0.0637 
 698 0.0066 0.7924 0.0220 0.0311 0.0842 0.0637 
 699 0.0070 0.5627 0.0245 0.2503 0.0795 0.0760 
 700 0.0127 0.6016 0.0509 0.1647 0.0866 0.0835 
 701 0.0079 0.5760 0.0326 0.0704 0.1927 0.1205 
 702 0.0110 0.5532 0.0374 0.1301 0.1287 0.1396 
 703 0.0090 0.6961 0.0242 0.0596 0.0986 0.1125 
 704 0.0072 0.7012 0.0324 0.0648 0.1153 0.0790 
 705 0.0173 0.3053 0.0335 0.3597 0.1622 0.1220 
 706 0.0096 0.6942 0.0217 0.0797 0.0965 0.0983 
 707 0.0069 0.7524 0.0213 0.0535 0.0995 0.0663 
 708 0.0101 0.7731 0.0228 0.0357 0.0963 0.0621 
 709 0.0089 0.7161 0.0265 0.1152 0.0683 0.0650 
 710 0.0065 0.8110 0.0215 0.0376 0.0652 0.0582 
 711 0.0088 0.6106 0.0218 0.1363 0.1311 0.0915 
 712 0.0104 0.6756 0.0203 0.1358 0.1028 0.0551 
 713 0.0079 0.7060 0.0338 0.0505 0.1261 0.0757 
 714 0.0191 0.5836 0.0264 0.0377 0.2087 0.1244 
 715 0.0067 0.7548 0.0206 0.0840 0.0774 0.0564 
 716 0.0094 0.7225 0.0233 0.0767 0.0709 0.0972 
 717 0.0063 0.8017 0.0210 0.0494 0.0648 0.0568 
 718 0.0153 0.5806 0.0235 0.0862 0.1982 0.0962 
 719 0.0077 0.7610 0.0234 0.0730 0.0783 0.0567 
 720 0.0171 0.0447 0.1042 0.0408 0.3969 0.3963 
 721 0.0157 0.4869 0.0267 0.0588 0.1472 0.2647 
 722 0.0141 0.0796 0.0410 0.0785 0.1840 0.6027 
 723 0.0102 0.0721 0.0387 0.0301 0.2416 0.6073 
 724 0.0123 0.2012 0.0485 0.0405 0.1353 0.5623 
 725 0.0098 0.1837 0.0509 0.0519 0.5034 0.2003 
 726 0.0103 0.1244 0.0405 0.0778 0.2278 0.5192 
 727 0.0122 0.1974 0.0438 0.2641 0.2170 0.2656 
 728 0.0084 0.0291 0.0319 0.0324 0.0721 0.8261 
 729 0.0076 0.0311 0.0323 0.0285 0.0867 0.8138 
 730 0.0250 0.0459 0.0675 0.0309 0.3108 0.5199 
 731 0.0110 0.0641 0.0352 0.0439 0.1157 0.7301 
 732 0.0106 0.0709 0.0381 0.0297 0.2400 0.6108 
 733 0.0104 0.0430 0.0376 0.0263 0.1134 0.7693 
 734 0.0108 0.0306 0.0629 0.0276 0.0933 0.7749 
 735 0.0074 0.0534 0.0289 0.0234 0.1062 0.7807 
 736 0.0089 0.0582 0.0806 0.0380 0.1226 0.6917 
 737 0.0232 0.0576 0.0664 0.0774 0.2378 0.5376 
 738 0.0110 0.0484 0.0463 0.0329 0.2742 0.5872 
 739 0.0084 0.0385 0.0386 0.0263 0.1009 0.7873 
 740 0.0096 0.4233 0.0307 0.0389 0.4137 0.0838 
 741 0.0248 0.3898 0.0460 0.0766 0.3081 0.1547 
 742 0.0093 0.1411 0.4808 0.0318 0.1359 0.2011 
 743 0.0072 0.0607 0.0598 0.0310 0.6941 0.1472 
 744 0.0118 0.0678 0.1407 0.2213 0.4365 0.1219 
 745 0.0083 0.0380 0.3636 0.1009 0.2911 0.1981 
 746 0.0083 0.1375 0.0727 0.0421 0.5491 0.1903 
 747 0.0082 0.0792 0.1449 0.0536 0.5538 0.1602 
 748 0.0081 0.3630 0.1183 0.0327 0.3533 0.1247 
 749 0.0072 0.0745 0.0684 0.0558 0.6721 0.1220 
 750 0.0092 0.0584 0.0559 0.0345 0.7257 0.1162 
 751 0.0096 0.3565 0.0861 0.0307 0.3923 0.1247 
 752 0.0075 0.0702 0.0702 0.0412 0.6381 0.1728 
 753 0.0079 0.1133 0.0565 0.0423 0.5817 0.1983 
 754 0.0247 0.4060 0.0823 0.0547 0.2529 0.1794 
 755 0.0102 0.1003 0.0564 0.0267 0.6666 0.1397 
 756 0.0169 0.1729 0.3165 0.0345 0.3585 0.1007 
 757 0.0086 0.1413 0.2655 0.0408 0.3840 0.1599 
 758 0.0083 0.0370 0.3055 0.0466 0.4763 0.1263 
 759 0.0155 0.3577 0.0419 0.0990 0.2494 0.2365 
 760 0.0094 0.0766 0.0793 0.0344 0.5790 0.2214 
 761 0.0101 0.2269 0.0318 0.0412 0.3494 0.3406 
 762 0.0112 0.0575 0.1458 0.0251 0.3282 0.4322 
 763 0.0079 0.1140 0.0571 0.0428 0.5851 0.1932 
 764 0.0102 0.0626 0.1078 0.0286 0.6544 0.1364 
 765 0.0097 0.0472 0.0391 0.0282 0.5819 0.2939 
 766 0.0134 0.2429 0.0880 0.0267 0.4964 0.1326 
 767 0.0107 0.2201 0.2640 0.0475 0.2685 0.1892 
 768 0.0128 0.0580 0.1293 0.0251 0.3301 0.4447 
 769 0.0150 0.2159 0.0582 0.0467 0.2398 0.4244 
 770 0.0132 0.0550 0.1757 0.0313 0.2768 0.4481 
 771 0.0100 0.0849 0.0421 0.2396 0.5402 0.0832 
 772 0.0154 0.2360 0.1748 0.1466 0.2377 0.1895 
 773 0.0099 0.0578 0.0618 0.0278 0.7396 0.1030 
 774 0.0086 0.2849 0.0357 0.0402 0.5051 0.1256 
 775 0.0072 0.1149 0.0835 0.0342 0.1595 0.6006 
 776 0.0086 0.0562 0.3920 0.0422 0.3315 0.1695 
 777 0.0091 0.0929 0.0650 0.1041 0.5450 0.1839 
 778 0.0106 0.1674 0.0658 0.0914 0.5316 0.1332 
 779 0.0078 0.0819 0.0878 0.0297 0.6882 0.1045 
 780 0.0093 0.2784 0.0765 0.0280 0.4815 0.1262 
 781 0.0102 0.0894 0.0294 0.0697 0.7306 0.0707 
 782 0.0081 0.0803 0.0861 0.0307 0.6897 0.1052 
 783 0.0113 0.2159 0.1284 0.0304 0.4196 0.1944 
 784 0.0114 0.0894 0.3107 0.0439 0.2607 0.2839 
 785 0.0139 0.1422 0.1154 0.0442 0.5255 0.1587 
 786 0.0132 0.3747 0.0978 0.0375 0.3144 0.1624 
 787 0.0098 0.2772 0.0762 0.0770 0.4794 0.0804 
 788 0.0103 0.0913 0.2016 0.0848 0.3784 0.2336 
 789 0.0106 0.1062 0.3575 0.0368 0.2149 0.2739 
 790 0.0098 0.1633 0.0701 0.0289 0.5342 0.1938 
 791 0.0074 0.1608 0.2880 0.0517 0.2630 0.2290 
 792 0.0126 0.2854 0.0480 0.0956 0.4805 0.0781 
 793 0.0091 0.2887 0.0399 0.1717 0.2694 0.2212 
 794 0.0237 0.1641 0.2717 0.0737 0.2519 0.2150 
 795 0.0093 0.4532 0.0380 0.0605 0.2174 0.2216 
 796 0.0112 0.1588 0.5097 0.0770 0.1320 0.1112 
 797 0.0079 0.4494 0.0390 0.0954 0.2699 0.1384 
 798 0.0126 0.0333 0.0841 0.2035 0.1088 0.5577 
 799 0.1332 0.0806 0.3328 0.0777 0.2005 0.1753 
 800 0.0181 0.3210 0.0789 0.3300 0.1801 0.0718 
 801 0.0150 0.0624 0.0966 0.2214 0.1141 0.4904 
 802 0.0187 0.1870 0.0790 0.3077 0.1745 0.2330 
 803 0.0396 0.2748 0.0482 0.1483 0.2929 0.1961 
 804 0.1728 0.1085 0.0736 0.2108 0.2519 0.1824 
 805 0.0111 0.6777 0.0503 0.0681 0.1000 0.0928 
 806 0.0408 0.0905 0.0678 0.3465 0.1745 0.2799 
 807 0.0079 0.5011 0.0259 0.1050 0.2623 0.0978 
 808 0.0073 0.3369 0.0390 0.2129 0.2869 0.1170 
 809 0.0100 0.0468 0.0455 0.6006 0.1049 0.1922 
 810 0.0149 0.1655 0.1102 0.0700 0.3616 0.2778 
 811 0.0426 0.2808 0.0404 0.3840 0.1227 0.1295 
 812 0.0128 0.0317 0.0375 0.7066 0.1078 0.1036 
 813 0.0164 0.0388 0.1398 0.2120 0.0887 0.5044 
 814 0.0161 0.0492 0.0707 0.3238 0.4410 0.0992 
 815 0.0251 0.1068 0.0499 0.5089 0.0875 0.2218 
 816 0.0238 0.2064 0.1046 0.3276 0.1497 0.1879 
 817 0.0189 0.1867 0.0784 0.3125 0.1722 0.2313 
 818 0.0247 0.0699 0.6010 0.0601 0.0817 0.1627 
 819 0.3586 0.1621 0.0880 0.0528 0.2513 0.0873 
 820 0.1256 0.1820 0.3134 0.0816 0.1736 0.1238 
 821 0.0137 0.1197 0.3083 0.0319 0.2972 0.2292 
 822 0.5899 0.0296 0.0439 0.0282 0.1370 0.1714 
 823 0.0122 0.1992 0.3185 0.0355 0.0934 0.3411 
 824 0.0410 0.1389 0.1362 0.0378 0.4486 0.1976 
 825 0.0405 0.0559 0.2341 0.0463 0.2931 0.3300 
 826 0.0155 0.0448 0.4894 0.0366 0.2540 0.1597 
 827 0.0099 0.0615 0.1011 0.0322 0.1952 0.6001 
 828 0.0123 0.0816 0.0342 0.0283 0.3751 0.4685 
 829 0.0251 0.0996 0.0606 0.1073 0.1923 0.5151 
 830 0.0282 0.0423 0.0724 0.0252 0.2673 0.5646 
 831 0.1274 0.0934 0.0309 0.0398 0.4612 0.2473 
 832 0.0845 0.1317 0.1904 0.1868 0.1419 0.2647 
 833 0.0107 0.1489 0.3006 0.1331 0.0700 0.3368 
