   1 0.0963 0.0667 0.3273 0.2418 0.2679 
   2 0.0203 0.0835 0.0610 0.1716 0.6636 
   3 0.1701 0.0863 0.1866 0.2555 0.3014 
   4 0.0313 0.0551 0.6315 0.1642 0.1180 
   5 0.0241 0.0505 0.0515 0.1461 0.7278 
   6 0.1976 0.0228 0.0479 0.1074 0.6244 
   7 0.0681 0.0189 0.0540 0.4993 0.3597 
   8 0.0864 0.0370 0.3547 0.2591 0.2627 
   9 0.0736 0.0698 0.1235 0.3514 0.3817 
  10 0.0777 0.0204 0.1673 0.2741 0.4605 
  11 0.0742 0.0190 0.0568 0.6328 0.2171 
  12 0.0249 0.0537 0.0780 0.1606 0.6829 
  13 0.0429 0.0363 0.0795 0.1947 0.6466 
  14 0.0634 0.2016 0.1417 0.2089 0.3846 
  15 0.0634 0.0617 0.2423 0.2641 0.3685 
  16 0.1473 0.0378 0.0878 0.2383 0.4888 
  17 0.0639 0.0435 0.0686 0.1407 0.6832 
  18 0.1345 0.0673 0.1072 0.1449 0.5462 
  19 0.1042 0.0248 0.0619 0.1579 0.6513 
  20 0.0640 0.0619 0.0885 0.3399 0.4457 
  21 0.0562 0.1312 0.2706 0.1855 0.3565 
  22 0.1743 0.0323 0.0907 0.1138 0.5889 
  23 0.0422 0.2477 0.2713 0.2220 0.2168 
  24 0.0935 0.0450 0.2117 0.1622 0.4877 
  25 0.0784 0.0332 0.0404 0.2811 0.5669 
  26 0.0691 0.0416 0.1057 0.1163 0.6673 
  27 0.0647 0.0650 0.1147 0.1868 0.5688 
  28 0.0711 0.0319 0.3376 0.2681 0.2913 
  29 0.0317 0.0637 0.0806 0.4337 0.3904 
  30 0.1879 0.0532 0.0743 0.1135 0.5711 
  31 0.0462 0.0598 0.1294 0.2111 0.5535 
  32 0.0731 0.0782 0.2178 0.3070 0.3239 
  33 0.1498 0.0957 0.1686 0.4228 0.1630 
  34 0.0822 0.0231 0.0884 0.5705 0.2359 
  35 0.0624 0.1731 0.0675 0.1574 0.5396 
  36 0.2860 0.4149 0.0716 0.1095 0.1179 
  37 0.0333 0.0929 0.2646 0.2847 0.3245 
  38 0.5661 0.1020 0.0407 0.1833 0.1079 
  39 0.1977 0.1171 0.0694 0.3560 0.2598 
  40 0.0552 0.5143 0.1384 0.0845 0.2077 
  41 0.1727 0.4016 0.0577 0.2311 0.1369 
  42 0.1774 0.2377 0.3830 0.1277 0.0742 
  43 0.0256 0.4213 0.1241 0.2550 0.1740 
  44 0.0560 0.5325 0.0458 0.1685 0.1971 
  45 0.1841 0.3472 0.0458 0.1891 0.2338 
  46 0.0977 0.1038 0.0560 0.2747 0.4679 
  47 0.0626 0.0588 0.0902 0.1819 0.6064 
  48 0.0613 0.5663 0.0430 0.0878 0.2416 
  49 0.0995 0.1504 0.0952 0.3323 0.3226 
  50 0.0846 0.0533 0.1114 0.4153 0.3354 
  51 0.0772 0.7562 0.0401 0.0699 0.0567 
  52 0.1653 0.0967 0.0969 0.3879 0.2532 
  53 0.6038 0.0572 0.0769 0.1589 0.1032 
  54 0.0187 0.1887 0.1077 0.1809 0.5040 
  55 0.0230 0.4931 0.0648 0.1494 0.2697 
  56 0.1185 0.2998 0.0870 0.1039 0.3908 
  57 0.0466 0.0242 0.1505 0.1486 0.6300 
  58 0.0626 0.3208 0.0898 0.2064 0.3204 
  59 0.2631 0.2604 0.0719 0.2051 0.1995 
  60 0.0578 0.5178 0.1564 0.1145 0.1535 
  61 0.0155 0.5807 0.1030 0.1170 0.1839 
  62 0.0595 0.0518 0.0603 0.1630 0.6653 
  63 0.0495 0.1921 0.1436 0.4913 0.1236 
  64 0.2034 0.0452 0.0478 0.1603 0.5432 
  65 0.0272 0.0404 0.0372 0.7313 0.1639 
  66 0.0266 0.1963 0.2194 0.3083 0.2494 
  67 0.0192 0.4161 0.0581 0.2499 0.2568 
  68 0.2741 0.2325 0.0952 0.1987 0.1996 
  69 0.3236 0.0824 0.1451 0.3236 0.1253 
  70 0.0756 0.3436 0.1145 0.3805 0.0858 
  71 0.1579 0.4625 0.0362 0.1788 0.1646 
  72 0.2461 0.1347 0.0645 0.2932 0.2615 
  73 0.0284 0.3776 0.0458 0.2509 0.2973 
  74 0.3227 0.2983 0.1538 0.1053 0.1200 
  75 0.1272 0.4694 0.2006 0.0745 0.1284 
  76 0.0300 0.2167 0.0743 0.5487 0.1303 
  77 0.2398 0.3928 0.0467 0.2148 0.1058 
  78 0.3843 0.3188 0.0525 0.1545 0.0899 
  79 0.0493 0.0227 0.0595 0.5013 0.3671 
  80 0.0301 0.0321 0.5719 0.2001 0.1658 
  81 0.0384 0.0265 0.4222 0.2769 0.2360 
  82 0.0285 0.1097 0.1449 0.4156 0.3012 
  83 0.0884 0.0727 0.3206 0.3445 0.1738 
  84 0.0577 0.0385 0.2699 0.4740 0.1598 
  85 0.1074 0.0532 0.3524 0.2186 0.2684 
  86 0.0317 0.1804 0.0624 0.2432 0.4823 
  87 0.0457 0.0362 0.0696 0.6747 0.1737 
  88 0.0293 0.0399 0.2996 0.4131 0.2182 
  89 0.0274 0.0442 0.4228 0.2668 0.2388 
  90 0.0288 0.0254 0.0711 0.7101 0.1645 
  91 0.0697 0.0471 0.5738 0.1755 0.1338 
  92 0.0372 0.0333 0.1141 0.4186 0.3968 
  93 0.0197 0.0247 0.8024 0.0794 0.0738 
  94 0.1523 0.0297 0.0571 0.6843 0.0766 
  95 0.0221 0.0287 0.1622 0.6734 0.1137 
  96 0.0203 0.5083 0.2144 0.1349 0.1221 
  97 0.1904 0.2827 0.2127 0.0979 0.2163 
  98 0.0456 0.3808 0.1111 0.1925 0.2700 
  99 0.0377 0.0345 0.2360 0.5190 0.1727 
 100 0.0160 0.0780 0.6391 0.0905 0.1765 
 101 0.0402 0.0704 0.1196 0.5374 0.2323 
 102 0.0472 0.0862 0.4013 0.3686 0.0967 
 103 0.0214 0.1459 0.1858 0.4701 0.1769 
 104 0.0236 0.0577 0.0904 0.7094 0.1189 
 105 0.0180 0.0626 0.1522 0.6368 0.1305 
 106 0.0673 0.0335 0.0305 0.7425 0.1262 
 107 0.0210 0.0904 0.1564 0.6084 0.1239 
 108 0.0812 0.5842 0.0446 0.1265 0.1635 
 109 0.0767 0.0548 0.0316 0.5315 0.3054 
 110 0.0568 0.0237 0.0348 0.7961 0.0886 
 111 0.0181 0.0314 0.0441 0.8186 0.0878 
 112 0.0347 0.0336 0.0340 0.8107 0.0870 
 113 0.0586 0.2011 0.0958 0.2799 0.3647 
 114 0.0216 0.0449 0.1160 0.6993 0.1182 
 115 0.0232 0.1012 0.0560 0.7138 0.1058 
 116 0.1275 0.1276 0.0345 0.4976 0.2128 
 117 0.0408 0.0297 0.0440 0.7980 0.0875 
 118 0.0263 0.1382 0.0494 0.3896 0.3964 
 119 0.0399 0.4434 0.2243 0.2149 0.0774 
 120 0.0260 0.0564 0.0609 0.7214 0.1353 
 121 0.0291 0.1180 0.0432 0.7172 0.0926 
 122 0.0520 0.0318 0.0415 0.7361 0.1386 
 123 0.0349 0.0448 0.0596 0.7687 0.0920 
 124 0.0905 0.0775 0.0447 0.6561 0.1311 
 125 0.1346 0.0543 0.0584 0.5789 0.1738 
 126 0.0726 0.0941 0.0725 0.6570 0.1038 
 127 0.0181 0.0379 0.0492 0.8120 0.0829 
 128 0.0193 0.1163 0.0558 0.4538 0.3548 
 129 0.0178 0.0586 0.0417 0.7222 0.1597 
 130 0.0235 0.0500 0.1369 0.6494 0.1403 
 131 0.3242 0.0909 0.0381 0.4660 0.0808 
 132 0.0394 0.0489 0.0347 0.7159 0.1611 
 133 0.0249 0.0732 0.0663 0.7186 0.1171 
 134 0.0315 0.0201 0.0261 0.8373 0.0850 
 135 0.0261 0.1883 0.4838 0.0920 0.2097 
 136 0.0242 0.0275 0.7193 0.0539 0.1751 
 137 0.0195 0.0205 0.7747 0.1115 0.0738 
 138 0.0254 0.0318 0.7990 0.0594 0.0844 
 139 0.0278 0.3298 0.2641 0.0956 0.2828 
 140 0.0462 0.0813 0.5197 0.1844 0.1683 
 141 0.0420 0.0363 0.6442 0.0664 0.2112 
 142 0.0228 0.2495 0.4971 0.0879 0.1426 
 143 0.0155 0.0242 0.8463 0.0516 0.0624 
 144 0.0171 0.0236 0.7806 0.1094 0.0693 
 145 0.0435 0.0541 0.4026 0.0727 0.4272 
 146 0.0407 0.0447 0.5319 0.1925 0.1901 
 147 0.0174 0.0196 0.8411 0.0514 0.0705 
 148 0.0264 0.0803 0.5869 0.1323 0.1741 
 149 0.0299 0.0576 0.7392 0.0627 0.1105 
 150 0.0219 0.0367 0.6233 0.1929 0.1252 
 151 0.0186 0.0311 0.7905 0.0764 0.0835 
 152 0.0433 0.1424 0.4926 0.1094 0.2123 
 153 0.0353 0.0473 0.7419 0.0871 0.0884 
 154 0.0229 0.0456 0.6908 0.0588 0.1819 
 155 0.0172 0.0288 0.8121 0.0711 0.0707 
 156 0.0165 0.1299 0.6684 0.1112 0.0739 
 157 0.0320 0.0252 0.6711 0.2138 0.0579 
 158 0.0473 0.0396 0.4886 0.0691 0.3553 
 159 0.0171 0.0209 0.8378 0.0507 0.0735 
 160 0.0174 0.0230 0.8109 0.0508 0.0979 
 161 0.0405 0.0408 0.6847 0.1211 0.1128 
 162 0.0392 0.0599 0.4211 0.1705 0.3094 
 163 0.0168 0.0348 0.8212 0.0659 0.0613 
 164 0.0308 0.0422 0.4537 0.1613 0.3119 
 165 0.0197 0.0297 0.6860 0.1703 0.0943 
 166 0.0556 0.0664 0.5560 0.2463 0.0757 
 167 0.0294 0.0248 0.5832 0.0822 0.2803 
 168 0.0555 0.0533 0.7090 0.0840 0.0982 
 169 0.2691 0.0477 0.2907 0.0627 0.3299 
 170 0.0199 0.0947 0.7000 0.0960 0.0894 
 171 0.0510 0.0664 0.5481 0.1331 0.2015 
 172 0.1645 0.1497 0.5122 0.0626 0.1109 
 173 0.0164 0.0338 0.7891 0.0543 0.1065 
 174 0.0203 0.0225 0.7992 0.0752 0.0827 
 175 0.0228 0.0336 0.7735 0.0518 0.1183 
 176 0.0167 0.0231 0.7819 0.1090 0.0692 
 177 0.0659 0.0346 0.5492 0.2545 0.0958 
 178 0.0288 0.0263 0.7044 0.0824 0.1581 
 179 0.0167 0.0222 0.8383 0.0531 0.0697 
 180 0.0372 0.0407 0.5956 0.1120 0.2144 
 181 0.0293 0.0686 0.5960 0.0727 0.2335 
 182 0.0160 0.0521 0.7174 0.0594 0.1551 
 183 0.0171 0.0281 0.8085 0.0564 0.0899 
 184 0.0258 0.1183 0.0569 0.1115 0.6875 
 185 0.0150 0.1329 0.7221 0.0596 0.0705 
 186 0.0219 0.0872 0.0632 0.4134 0.4142 
 187 0.0228 0.1786 0.2784 0.1401 0.3801 
 188 0.0188 0.1474 0.0452 0.3541 0.4345 
 189 0.1238 0.1252 0.2738 0.1045 0.3727 
 190 0.0129 0.6578 0.1557 0.0543 0.1194 
 191 0.0182 0.2422 0.1050 0.1210 0.5137 
 192 0.0238 0.1080 0.3076 0.2673 0.2933 
 193 0.0290 0.1908 0.2048 0.1214 0.4541 
 194 0.0241 0.1365 0.2911 0.3001 0.2482 
 195 0.0147 0.2892 0.4233 0.0689 0.2039 
 196 0.0173 0.5807 0.1297 0.0850 0.1874 
 197 0.0337 0.0883 0.1213 0.1819 0.5748 
 198 0.0529 0.1366 0.1866 0.2705 0.3534 
 199 0.0226 0.4643 0.1440 0.0942 0.2750 
 200 0.0352 0.4837 0.1050 0.0905 0.2855 
 201 0.0182 0.1746 0.5485 0.0866 0.1720 
 202 0.0152 0.1545 0.5978 0.1023 0.1302 
 203 0.0153 0.2001 0.4833 0.0786 0.2228 
 204 0.0137 0.4890 0.1396 0.0751 0.2825 
 205 0.0219 0.4575 0.0836 0.0929 0.3441 
 206 0.0156 0.3460 0.1829 0.0895 0.3659 
 207 0.0145 0.4337 0.0818 0.1244 0.3457 
 208 0.0158 0.4598 0.2139 0.0757 0.2347 
 209 0.0201 0.2645 0.1396 0.1194 0.4565 
 210 0.0164 0.3956 0.1910 0.1218 0.2752 
 211 0.0144 0.4388 0.1720 0.1544 0.2204 
 212 0.0252 0.1068 0.5916 0.0840 0.1924 
 213 0.0286 0.2846 0.1296 0.3775 0.1798 
 214 0.0169 0.1956 0.5418 0.0783 0.1673 
 215 0.0198 0.4884 0.0547 0.1021 0.3350 
 216 0.0303 0.1249 0.0860 0.1635 0.5952 
 217 0.0234 0.2773 0.3885 0.0670 0.2438 
 218 0.0221 0.2925 0.1287 0.1119 0.4448 
 219 0.0441 0.0666 0.1900 0.1032 0.5962 
 220 0.0143 0.4739 0.0803 0.0920 0.3396 
 221 0.0146 0.1876 0.6706 0.0521 0.0750 
 222 0.0406 0.0734 0.1226 0.1694 0.5941 
 223 0.0350 0.1230 0.3914 0.1378 0.3128 
 224 0.0162 0.1701 0.4139 0.1007 0.2990 
 225 0.0183 0.4146 0.1494 0.1031 0.3147 
 226 0.0911 0.3041 0.1298 0.0864 0.3886 
 227 0.0155 0.3400 0.2600 0.1192 0.2653 
 228 0.0136 0.4113 0.3111 0.0629 0.2010 
 229 0.0162 0.1221 0.4276 0.1246 0.3095 
 230 0.0148 0.2545 0.3055 0.1046 0.3205 
 231 0.0206 0.1217 0.3256 0.1018 0.4302 
 232 0.0380 0.1521 0.3093 0.1832 0.3174 
 233 0.0176 0.1230 0.6241 0.0773 0.1580 
 234 0.0321 0.1122 0.2382 0.2102 0.4074 
 235 0.0335 0.2598 0.2635 0.0888 0.3543 
 236 0.0236 0.1682 0.4133 0.1105 0.2844 
 237 0.0173 0.3368 0.1147 0.1196 0.4116 
 238 0.0201 0.1425 0.5581 0.1321 0.1472 
 239 0.0145 0.2894 0.4236 0.0687 0.2038 
 240 0.0206 0.1523 0.5543 0.1308 0.1421 
 241 0.0198 0.1207 0.6141 0.0783 0.1671 
 242 0.0383 0.2471 0.1807 0.0982 0.4357 
 243 0.0131 0.5975 0.1313 0.0629 0.1951 
 244 0.0152 0.2460 0.4117 0.0803 0.2468 
 245 0.0165 0.0807 0.7493 0.0800 0.0734 
 246 0.0236 0.2812 0.3829 0.0658 0.2465 
 247 0.0339 0.1229 0.0543 0.6092 0.1796 
 248 0.0187 0.3695 0.0564 0.1597 0.3957 
 249 0.0161 0.2253 0.4042 0.1043 0.2501 
 250 0.0202 0.1654 0.3075 0.1366 0.3703 
 251 0.0667 0.2789 0.0970 0.1315 0.4259 
 252 0.0214 0.2568 0.2776 0.1272 0.3170 
 253 0.0438 0.2501 0.0990 0.2435 0.3636 
 254 0.0262 0.1236 0.1423 0.1585 0.5493 
 255 0.0223 0.1392 0.2156 0.1391 0.4838 
 256 0.0204 0.3307 0.3054 0.0901 0.2534 
 257 0.0215 0.3540 0.1669 0.1248 0.3328 
 258 0.0291 0.3608 0.1078 0.2251 0.2772 
 259 0.0190 0.2047 0.1859 0.1566 0.4337 
 260 0.0353 0.0584 0.3267 0.1642 0.4154 
 261 0.0249 0.2433 0.4040 0.1006 0.2272 
 262 0.0170 0.4971 0.2709 0.0528 0.1623 
 263 0.0162 0.3084 0.0906 0.1177 0.4671 
 264 0.0944 0.0690 0.0392 0.1514 0.6459 
 265 0.0294 0.2689 0.1797 0.0943 0.4278 
 266 0.0142 0.1620 0.6838 0.0542 0.0858 
 267 0.0207 0.1266 0.2250 0.1477 0.4800 
 268 0.0171 0.5776 0.1307 0.0848 0.1897 
 269 0.0687 0.1328 0.2155 0.1003 0.4826 
 270 0.0233 0.1172 0.0925 0.1678 0.5993 
 271 0.0256 0.4382 0.0846 0.1336 0.3180 
 272 0.0663 0.4561 0.0826 0.0911 0.3039 
 273 0.0652 0.2219 0.2340 0.1272 0.3517 
 274 0.0373 0.2824 0.1198 0.1056 0.4549 
 275 0.0442 0.3395 0.1364 0.0821 0.3979 
 276 0.0502 0.4190 0.0769 0.1014 0.3525 
 277 0.0334 0.1322 0.3264 0.1448 0.3632 
 278 0.0198 0.5354 0.0650 0.0822 0.2975 
 279 0.0277 0.2609 0.2111 0.1263 0.3740 
 280 0.0536 0.1996 0.1360 0.0962 0.5147 
 281 0.0281 0.2714 0.1422 0.1619 0.3964 
 282 0.0309 0.0756 0.5236 0.1255 0.2445 
 283 0.0177 0.0915 0.5831 0.1148 0.1929 
 284 0.0264 0.1750 0.3034 0.2628 0.2324 
 285 0.0257 0.4465 0.0370 0.1562 0.3345 
 286 0.0154 0.2476 0.4059 0.0813 0.2499 
 287 0.0457 0.1434 0.1907 0.1239 0.4963 
 288 0.0472 0.3867 0.0846 0.0873 0.3942 
 289 0.0443 0.3898 0.0935 0.1797 0.2927 
 290 0.0571 0.3336 0.1232 0.1515 0.3347 
 291 0.0257 0.4451 0.0828 0.1330 0.3134 
 292 0.0512 0.3339 0.1898 0.0871 0.3380 
 293 0.0869 0.2480 0.0752 0.2204 0.3695 
 294 0.0184 0.3199 0.0701 0.1036 0.4879 
 295 0.0721 0.2484 0.1438 0.1365 0.3992 
 296 0.0194 0.4428 0.0784 0.1170 0.3425 
 297 0.0465 0.1346 0.0846 0.1113 0.6229 
 298 0.0251 0.0779 0.4026 0.1592 0.3351 
 299 0.0184 0.1413 0.0948 0.1518 0.5937 
 300 0.0201 0.4181 0.0654 0.1072 0.3892 
 301 0.0325 0.0967 0.0751 0.0993 0.6965 
 302 0.0193 0.4113 0.0716 0.1029 0.3949 
 303 0.0269 0.1674 0.3992 0.1135 0.2929 
 304 0.0388 0.0374 0.3986 0.1823 0.3429 
 305 0.0185 0.4053 0.2305 0.0616 0.2842 
 306 0.0354 0.1899 0.4152 0.0776 0.2819 
 307 0.0276 0.1377 0.2735 0.1457 0.4155 
 308 0.0243 0.2386 0.4100 0.1023 0.2249 
 309 0.0223 0.5108 0.0703 0.1258 0.2708 
 310 0.0148 0.4408 0.2488 0.0708 0.2248 
 311 0.0149 0.2537 0.3062 0.1042 0.3209 
 312 0.0143 0.4729 0.0861 0.1442 0.2826 
 313 0.0162 0.5427 0.0520 0.1044 0.2848 
 314 0.0177 0.0343 0.8434 0.0489 0.0556 
 315 0.0306 0.0463 0.7980 0.0666 0.0585 
 316 0.0410 0.0334 0.7827 0.0690 0.0739 
 317 0.0182 0.0210 0.8547 0.0484 0.0577 
 318 0.0200 0.0164 0.8567 0.0483 0.0586 
 319 0.0153 0.0239 0.8393 0.0503 0.0711 
 320 0.0181 0.0330 0.8434 0.0495 0.0560 
 321 0.0200 0.0189 0.8486 0.0503 0.0622 
 322 0.0360 0.0493 0.7712 0.0705 0.0730 
 323 0.0173 0.0179 0.8498 0.0495 0.0656 
 324 0.0202 0.0182 0.8507 0.0499 0.0608 
 325 0.0417 0.0260 0.8075 0.0645 0.0603 
 326 0.0478 0.0273 0.8029 0.0629 0.0592 
 327 0.0180 0.0209 0.8544 0.0489 0.0578 
 328 0.0328 0.0356 0.7911 0.0726 0.0679 
 329 0.0163 0.0170 0.8577 0.0505 0.0585 
 330 0.0185 0.0203 0.8546 0.0490 0.0576 
 331 0.0165 0.0181 0.8538 0.0497 0.0619 
 332 0.0471 0.0250 0.7944 0.0662 0.0673 
 333 0.0357 0.0312 0.8052 0.0653 0.0626 
 334 0.0319 0.0350 0.7927 0.0710 0.0693 
 335 0.0286 0.0368 0.8080 0.0676 0.0590 
 336 0.0211 0.0233 0.8440 0.0494 0.0623 
 337 0.0429 0.0299 0.7951 0.0679 0.0642 
 338 0.0209 0.0161 0.8530 0.0492 0.0609 
 339 0.0167 0.0180 0.8555 0.0488 0.0610 
 340 0.0149 0.0197 0.8597 0.0477 0.0580 
 341 0.0187 0.0192 0.8463 0.0490 0.0667 
 342 0.0183 0.0204 0.8549 0.0490 0.0575 
 343 0.0326 0.0558 0.7760 0.0704 0.0652 
 344 0.0164 0.0164 0.8602 0.0487 0.0583 
 345 0.0184 0.0204 0.8541 0.0492 0.0579 
 346 0.0179 0.0179 0.8619 0.0472 0.0551 
 347 0.0155 0.0183 0.8640 0.0470 0.0551 
 348 0.0263 0.0717 0.7774 0.0670 0.0576 
 349 0.0184 0.0213 0.8543 0.0485 0.0575 
 350 0.0162 0.0284 0.8359 0.0500 0.0694 
 351 0.0283 0.0363 0.8076 0.0672 0.0606 
 352 0.0368 0.0355 0.8013 0.0667 0.0596 
 353 0.0213 0.0236 0.8429 0.0495 0.0627 
 354 0.0175 0.0173 0.8526 0.0496 0.0630 
 355 0.0193 0.0167 0.8585 0.0472 0.0584 
 356 0.0261 0.0834 0.7642 0.0690 0.0574 
 357 0.1340 0.0359 0.5059 0.1396 0.1845 
 358 0.0338 0.0246 0.8105 0.0672 0.0638 
 359 0.0177 0.0173 0.8495 0.0505 0.0650 
 360 0.0179 0.0183 0.8608 0.0475 0.0553 
 361 0.1340 0.0536 0.4490 0.1521 0.2112 
 362 0.1795 0.0854 0.0756 0.3903 0.2692 
 363 0.1438 0.0609 0.0466 0.5335 0.2152 
 364 0.0884 0.0361 0.1834 0.1208 0.5713 
 365 0.1931 0.0337 0.0483 0.1411 0.5838 
 366 0.1382 0.2654 0.1107 0.1401 0.3456 
 367 0.0807 0.0199 0.0316 0.7729 0.0949 
 368 0.0330 0.0294 0.0594 0.4784 0.3997 
 369 0.0615 0.1877 0.3078 0.1904 0.2525 
 370 0.0415 0.0811 0.0784 0.5269 0.2722 
 371 0.0637 0.1061 0.1034 0.2145 0.5123 
 372 0.0409 0.1034 0.1011 0.2179 0.5368 
 373 0.0475 0.0322 0.1038 0.3967 0.4198 
 374 0.1250 0.0548 0.3226 0.2406 0.2569 
 375 0.0724 0.0263 0.0440 0.4317 0.4256 
 376 0.5814 0.0200 0.0370 0.1683 0.1932 
 377 0.1705 0.0669 0.0701 0.3239 0.3687 
 378 0.0354 0.0400 0.2189 0.6049 0.1008 
 379 0.5863 0.0286 0.0324 0.1647 0.1880 
 380 0.4541 0.0787 0.1408 0.0807 0.2457 
 381 0.2735 0.0816 0.1158 0.0803 0.4488 
 382 0.0889 0.0214 0.0463 0.5986 0.2448 
 383 0.5110 0.0353 0.1170 0.0693 0.2674 
 384 0.1748 0.0312 0.0950 0.1698 0.5292 
 385 0.0389 0.0204 0.1194 0.1745 0.6468 
 386 0.1420 0.0308 0.0437 0.6028 0.1807 
 387 0.1138 0.0302 0.0546 0.5170 0.2843 
 388 0.0742 0.0358 0.2477 0.2514 0.3909 
 389 0.0276 0.3062 0.0512 0.1553 0.4597 
 390 0.2353 0.1309 0.0452 0.4751 0.1135 
 391 0.0543 0.1103 0.0926 0.4126 0.3303 
 392 0.1826 0.0363 0.0920 0.2136 0.4755 
 393 0.6215 0.0556 0.0966 0.0879 0.1384 
 394 0.1088 0.0462 0.2853 0.3795 0.1802 
 395 0.2061 0.2698 0.0601 0.3408 0.1232 
 396 0.0541 0.0260 0.0349 0.4769 0.4081 
 397 0.0373 0.0662 0.1112 0.1159 0.6693 
 398 0.5623 0.0269 0.0355 0.2594 0.1160 
 399 0.0878 0.0788 0.0472 0.6672 0.1189 
 400 0.0821 0.0280 0.0724 0.5486 0.2690 
 401 0.0455 0.0699 0.0746 0.7084 0.1017 
 402 0.0510 0.1128 0.0684 0.2497 0.5181 
 403 0.0498 0.0397 0.3415 0.2210 0.3480 
 404 0.0793 0.0422 0.1060 0.3439 0.4286 
 405 0.1493 0.0788 0.0890 0.2863 0.3966 
 406 0.2929 0.3965 0.1328 0.1020 0.0758 
 407 0.5889 0.0270 0.0359 0.1672 0.1810 
 408 0.0231 0.1064 0.0340 0.7367 0.0998 
 409 0.2463 0.2206 0.3176 0.1354 0.0801 
 410 0.1665 0.0424 0.0952 0.3315 0.3643 
 411 0.1563 0.0871 0.1705 0.2297 0.3564 
 412 0.0413 0.0261 0.0550 0.4859 0.3918 
 413 0.0485 0.0442 0.1904 0.5335 0.1834 
 414 0.0387 0.0288 0.0370 0.5730 0.3226 
 415 0.3358 0.0856 0.0546 0.2587 0.2653 
 416 0.0746 0.0624 0.0940 0.3506 0.4184 
 417 0.4062 0.0289 0.0490 0.3107 0.2053 
 418 0.0407 0.0197 0.0407 0.6580 0.2409 
 419 0.0838 0.0768 0.2036 0.3970 0.2387 
 420 0.0537 0.1457 0.0474 0.6650 0.0881 
 421 0.1703 0.0364 0.0607 0.4875 0.2451 
 422 0.2508 0.2079 0.0590 0.1505 0.3317 
 423 0.2025 0.0604 0.0652 0.3457 0.3262 
 424 0.0606 0.0790 0.0712 0.6988 0.0904 
 425 0.0685 0.0369 0.0825 0.1708 0.6413 
 426 0.0900 0.0325 0.0903 0.5055 0.2816 
 427 0.5254 0.0337 0.1296 0.2402 0.0710 
 428 0.3480 0.1040 0.1725 0.1297 0.2459 
 429 0.2926 0.0204 0.0329 0.4989 0.1550 
 430 0.5461 0.0314 0.0437 0.2207 0.1581 
 431 0.0547 0.0479 0.0752 0.5409 0.2812 
 432 0.0408 0.0334 0.0682 0.4923 0.3653 
 433 0.0270 0.0598 0.3206 0.3026 0.2899 
 434 0.0612 0.0541 0.1178 0.2056 0.5613 
 435 0.6485 0.0295 0.0344 0.2025 0.0851 
 436 0.6602 0.0320 0.0573 0.1886 0.0619 
 437 0.2826 0.0263 0.0404 0.1714 0.4792 
 438 0.4608 0.1500 0.0779 0.2475 0.0639 
 439 0.7360 0.0203 0.0473 0.1256 0.0707 
 440 0.5741 0.0298 0.0289 0.2581 0.1090 
 441 0.3597 0.0307 0.1153 0.3031 0.1912 
 442 0.1683 0.0413 0.0411 0.4966 0.2528 
 443 0.1072 0.0898 0.0363 0.6820 0.0847 
 444 0.3006 0.0536 0.0406 0.3831 0.2221 
 445 0.4388 0.1093 0.1593 0.1575 0.1352 
 446 0.5823 0.0210 0.0386 0.2753 0.0828 
 447 0.3419 0.0750 0.0870 0.2949 0.2012 
 448 0.2505 0.0369 0.0448 0.3322 0.3357 
 449 0.2319 0.0404 0.0730 0.2916 0.3631 
 450 0.1862 0.0163 0.0847 0.2367 0.4761 
 451 0.0526 0.0377 0.0291 0.7319 0.1486 
 452 0.2659 0.0201 0.0695 0.2326 0.4120 
 453 0.0469 0.3099 0.0863 0.4340 0.1229 
 454 0.3362 0.0372 0.0902 0.3006 0.2358 
 455 0.6347 0.0572 0.0372 0.2101 0.0608 
 456 0.4186 0.1064 0.0360 0.3049 0.1340 
 457 0.5342 0.0248 0.0439 0.1311 0.2661 
 458 0.6269 0.0233 0.0495 0.1649 0.1354 
 459 0.2192 0.0304 0.0992 0.5749 0.0763 
 460 0.2781 0.0246 0.0389 0.5782 0.0802 
 461 0.0656 0.0152 0.0416 0.7865 0.0911 
 462 0.2303 0.0504 0.0295 0.5159 0.1740 
 463 0.3132 0.3291 0.0673 0.2052 0.0852 
 464 0.2222 0.0527 0.0374 0.6015 0.0862 
 465 0.1131 0.0362 0.0507 0.6933 0.1067 
 466 0.1460 0.1352 0.0410 0.5788 0.0990 
 467 0.2730 0.0604 0.0761 0.4456 0.1449 
 468 0.7168 0.0501 0.0349 0.1012 0.0971 
 469 0.7999 0.0191 0.0361 0.0854 0.0595 
 470 0.6634 0.0251 0.0340 0.2139 0.0636 
 471 0.0863 0.2067 0.0443 0.3016 0.3611 
 472 0.1510 0.0659 0.0552 0.4582 0.2699 
 473 0.2220 0.0559 0.0769 0.2775 0.3678 
 474 0.2364 0.0435 0.0744 0.2721 0.3737 
 475 0.0881 0.0329 0.0826 0.6823 0.1142 
 476 0.4122 0.0335 0.0506 0.3014 0.2022 
 477 0.0881 0.0392 0.0703 0.6869 0.1155 
 478 0.0525 0.0201 0.0361 0.8097 0.0816 
 479 0.4046 0.0226 0.0354 0.3998 0.1376 
 480 0.6647 0.0205 0.0408 0.1254 0.1486 
 481 0.0761 0.0467 0.0393 0.1854 0.6525 
 482 0.5389 0.0179 0.0350 0.3081 0.1002 
 483 0.6762 0.0237 0.0475 0.1790 0.0736 
 484 0.5136 0.1315 0.0482 0.2187 0.0881 
 485 0.7313 0.0302 0.0362 0.1468 0.0555 
 486 0.0367 0.1589 0.0588 0.2208 0.5248 
 487 0.0380 0.0458 0.1087 0.1136 0.6939 
 488 0.0259 0.0498 0.0947 0.2880 0.5415 
 489 0.0349 0.1562 0.1656 0.0870 0.5563 
 490 0.0469 0.0734 0.0409 0.5742 0.2647 
 491 0.0214 0.0946 0.1384 0.1197 0.6259 
 492 0.0241 0.0780 0.3077 0.3880 0.2022 
 493 0.0217 0.0600 0.0596 0.1224 0.7363 
 494 0.0311 0.0643 0.0953 0.1077 0.7016 
 495 0.0280 0.0595 0.1800 0.4628 0.2697 
 496 0.0379 0.1012 0.4097 0.2495 0.2016 
 497 0.0214 0.0436 0.1090 0.1094 0.7166 
 498 0.0393 0.1598 0.1014 0.3647 0.3348 
 499 0.0286 0.0566 0.1868 0.0864 0.6417 
 500 0.0452 0.0507 0.0573 0.0897 0.7571 
 501 0.0463 0.0381 0.2193 0.2254 0.4709 
 502 0.0321 0.0249 0.2493 0.3166 0.3771 
 503 0.1046 0.0349 0.0455 0.1503 0.6647 
 504 0.0272 0.0541 0.0567 0.6786 0.1833 
 505 0.0270 0.2250 0.1049 0.1357 0.5076 
 506 0.0299 0.0487 0.1982 0.3166 0.4066 
 507 0.0198 0.0878 0.6684 0.0689 0.1551 
 508 0.0166 0.1305 0.5564 0.0831 0.2133 
 509 0.0255 0.1567 0.2101 0.1454 0.4623 
 510 0.0424 0.0400 0.2166 0.1256 0.5754 
 511 0.1250 0.0928 0.0611 0.2438 0.4774 
 512 0.1035 0.0267 0.0386 0.2808 0.5504 
 513 0.0138 0.2226 0.0797 0.4276 0.2563 
 514 0.0291 0.0477 0.0889 0.6246 0.2097 
 515 0.1888 0.0995 0.1641 0.1963 0.3513 
 516 0.0268 0.1034 0.0792 0.5566 0.2341 
 517 0.1064 0.2070 0.1752 0.3443 0.1672 
 518 0.0376 0.0621 0.2170 0.0951 0.5882 
 519 0.0312 0.0379 0.0833 0.7222 0.1254 
 520 0.1829 0.2666 0.3041 0.1151 0.1313 
 521 0.0294 0.0852 0.4068 0.3631 0.1154 
 522 0.1488 0.2203 0.0549 0.1867 0.3893 
 523 0.0453 0.3934 0.1984 0.2507 0.1121 
 524 0.3333 0.1289 0.1135 0.2084 0.2158 
 525 0.1192 0.0826 0.2175 0.1141 0.4666 
 526 0.3496 0.3679 0.0933 0.1049 0.0844 
 527 0.0501 0.0265 0.0513 0.1730 0.6990 
 528 0.0222 0.1162 0.5704 0.1391 0.1520 
 529 0.0274 0.1077 0.1709 0.1906 0.5034 
 530 0.1332 0.1180 0.0893 0.1565 0.5030 
 531 0.0853 0.0693 0.4326 0.1832 0.2295 
 532 0.0317 0.0647 0.2306 0.1401 0.5328 
 533 0.1011 0.1382 0.0730 0.1345 0.5531 
 534 0.0195 0.2896 0.1316 0.2207 0.3386 
 535 0.0674 0.2445 0.0907 0.4839 0.1135 
 536 0.1831 0.1834 0.2263 0.2083 0.1989 
 537 0.0354 0.3180 0.3604 0.1392 0.1469 
 538 0.0398 0.3447 0.2226 0.1968 0.1961 
 539 0.0198 0.1048 0.6776 0.0779 0.1198 
 540 0.0690 0.2592 0.2490 0.1723 0.2506 
 541 0.0507 0.0646 0.5558 0.1791 0.1497 
 542 0.1653 0.4924 0.0682 0.1122 0.1619 
 543 0.0443 0.2881 0.2039 0.3643 0.0995 
 544 0.0462 0.5069 0.1134 0.1794 0.1540 
 545 0.2116 0.4922 0.0443 0.1761 0.0757 
 546 0.0435 0.3534 0.1695 0.1627 0.2710 
 547 0.0499 0.5144 0.1622 0.2053 0.0683 
 548 0.0211 0.1660 0.3095 0.1390 0.3644 
 549 0.1962 0.1341 0.4974 0.0918 0.0805 
 550 0.1440 0.4287 0.0734 0.2599 0.0940 
 551 0.0487 0.0505 0.6525 0.1389 0.1094 
 552 0.0319 0.3511 0.1975 0.1044 0.3151 
 553 0.0255 0.5940 0.1573 0.1624 0.0608 
 554 0.0785 0.0965 0.1771 0.3621 0.2858 
 555 0.0274 0.2975 0.3700 0.1424 0.1627 
 556 0.0342 0.3665 0.1781 0.1865 0.2347 
 557 0.3257 0.2142 0.1211 0.2697 0.0693 
 558 0.5960 0.0158 0.0359 0.2689 0.0834 
 559 0.0272 0.0794 0.0634 0.5549 0.2751 
 560 0.2338 0.0333 0.0281 0.6274 0.0774 
 561 0.0834 0.0448 0.0387 0.5643 0.2688 
 562 0.0572 0.0698 0.0280 0.6514 0.1936 
 563 0.0519 0.0401 0.1547 0.6657 0.0876 
 564 0.0369 0.2136 0.0701 0.3594 0.3200 
 565 0.6663 0.0219 0.0426 0.1261 0.1431 
 566 0.0835 0.0253 0.0295 0.7618 0.0998 
 567 0.0316 0.1071 0.0446 0.3342 0.4826 
 568 0.0729 0.0690 0.0612 0.6556 0.1413 
 569 0.1138 0.1332 0.0605 0.4898 0.2027 
 570 0.2716 0.0202 0.0309 0.3986 0.2788 
 571 0.0425 0.0304 0.0462 0.7816 0.0993 
 572 0.0725 0.5030 0.1370 0.1349 0.1526 
 573 0.1375 0.1318 0.0653 0.3538 0.3116 
 574 0.1539 0.0489 0.1334 0.2174 0.4464 
 575 0.0403 0.0392 0.1009 0.7006 0.1191 
 576 0.0597 0.0191 0.0293 0.7416 0.1503 
 577 0.0947 0.0363 0.1199 0.2881 0.4610 
 578 0.0842 0.0340 0.0482 0.7066 0.1270 
 579 0.0762 0.0452 0.0451 0.4678 0.3657 
 580 0.2086 0.0294 0.0776 0.2825 0.4019 
 581 0.2310 0.0277 0.0593 0.5083 0.1737 
 582 0.3041 0.0383 0.0333 0.4959 0.1284 
 583 0.0526 0.0280 0.0464 0.6726 0.2005 
 584 0.0688 0.0198 0.0357 0.7034 0.1724 
 585 0.0893 0.0297 0.0418 0.6288 0.2104 
 586 0.0282 0.0427 0.0593 0.7521 0.1177 
 587 0.0775 0.0666 0.0343 0.4270 0.3946 
 588 0.0150 0.5578 0.0441 0.0917 0.2913 
 589 0.2709 0.0917 0.0372 0.3803 0.2199 
 590 0.0259 0.0411 0.0428 0.6295 0.2607 
 591 0.0371 0.0271 0.0510 0.7405 0.1443 
 592 0.0538 0.1146 0.0397 0.6499 0.1420 
 593 0.0947 0.0527 0.0759 0.5901 0.1865 
 594 0.0389 0.0365 0.0994 0.5084 0.3168 
 595 0.0482 0.0218 0.0290 0.1885 0.7124 
 596 0.1131 0.2426 0.0699 0.3368 0.2376 
 597 0.0291 0.0675 0.2050 0.6269 0.0714 
 598 0.4654 0.0187 0.0333 0.2580 0.2246 
 599 0.0454 0.0497 0.0312 0.7544 0.1193 
 600 0.2004 0.0545 0.0967 0.2835 0.3649 
 601 0.1008 0.0404 0.0324 0.6778 0.1486 
 602 0.0304 0.0445 0.1235 0.1890 0.6126 
 603 0.0296 0.0556 0.1382 0.3476 0.4289 
 604 0.3473 0.0431 0.1048 0.1401 0.3647 
 605 0.0834 0.0711 0.0581 0.4727 0.3146 
 606 0.0595 0.0919 0.1595 0.2616 0.4274 
 607 0.0803 0.0398 0.2435 0.1426 0.4939 
 608 0.0832 0.0317 0.4392 0.2193 0.2266 
 609 0.1494 0.0437 0.0777 0.2947 0.4346 
 610 0.5001 0.0941 0.0602 0.1794 0.1661 
 611 0.0393 0.0810 0.1454 0.3448 0.3895 
 612 0.6055 0.0363 0.0519 0.1338 0.1725 
 613 0.1093 0.0900 0.0732 0.2182 0.5093 
 614 0.2470 0.0289 0.0389 0.0924 0.5928 
 615 0.3838 0.0422 0.0813 0.0964 0.3964 
 616 0.0610 0.0454 0.1802 0.1927 0.5208 
 617 0.1312 0.0686 0.0435 0.2292 0.5276 
 618 0.3432 0.0540 0.1470 0.0842 0.3717 
 619 0.1106 0.1677 0.1473 0.4263 0.1481 
 620 0.0393 0.1562 0.0303 0.6298 0.1444 
 621 0.0777 0.0195 0.0473 0.4748 0.3807 
 622 0.1672 0.1043 0.1034 0.1181 0.5071 
 623 0.0616 0.0628 0.0498 0.4723 0.3534 
 624 0.4422 0.0318 0.1614 0.1279 0.2367 
 625 0.1560 0.0267 0.1274 0.2217 0.4682 
 626 0.2060 0.1408 0.4098 0.0796 0.1638 
 627 0.0611 0.0627 0.0716 0.4056 0.3989 
 628 0.0420 0.0778 0.0683 0.3104 0.5015 
 629 0.0481 0.0300 0.0676 0.2166 0.6377 
 630 0.1718 0.0365 0.0602 0.1984 0.5331 
 631 0.0881 0.0323 0.0590 0.1718 0.6488 
 632 0.0448 0.1310 0.2690 0.1411 0.4141 
 633 0.1755 0.0322 0.1163 0.2135 0.4624 
 634 0.0684 0.1019 0.1811 0.2490 0.3996 
 635 0.0601 0.0479 0.4589 0.1269 0.3061 
 636 0.1127 0.0337 0.2421 0.2197 0.3919 
 637 0.0579 0.2205 0.1184 0.2235 0.3797 
 638 0.0475 0.0317 0.0968 0.2011 0.6230 
 639 0.1238 0.0346 0.0864 0.1243 0.6310 
 640 0.0502 0.0214 0.0650 0.5846 0.2788 
 641 0.0523 0.0350 0.0657 0.1459 0.7011 
 642 0.0456 0.0775 0.5397 0.1766 0.1606 
 643 0.0258 0.0273 0.7599 0.1115 0.0755 
 644 0.0269 0.0372 0.5736 0.1793 0.1830 
 645 0.2599 0.0467 0.4625 0.0572 0.1737 
 646 0.0409 0.1214 0.1448 0.3347 0.3583 
 647 0.0290 0.0633 0.3966 0.3256 0.1855 
 648 0.0354 0.1585 0.2360 0.0963 0.4738 
 649 0.0261 0.3510 0.1762 0.1905 0.2562 
 650 0.0277 0.1083 0.1897 0.3819 0.2924 
 651 0.0215 0.0416 0.3704 0.1473 0.4191 
 652 0.0290 0.0513 0.5856 0.1448 0.1893 
 653 0.0421 0.0935 0.3658 0.1098 0.3888 
 654 0.0301 0.1425 0.4813 0.1220 0.2242 
 655 0.0385 0.0425 0.5171 0.3169 0.0850 
 656 0.0382 0.1533 0.2124 0.1288 0.4673 
 657 0.0721 0.0334 0.1607 0.1414 0.5924 
 658 0.0596 0.0932 0.2407 0.4752 0.1313 
 659 0.0375 0.0898 0.4611 0.1158 0.2957 
 660 0.0218 0.0954 0.6095 0.1225 0.1508 
 661 0.0441 0.1784 0.5356 0.0993 0.1426 
 662 0.0238 0.4836 0.1098 0.1839 0.1989 
 663 0.0288 0.0774 0.4719 0.1516 0.2703 
 664 0.1054 0.0471 0.2508 0.4937 0.1030 
 665 0.0218 0.3871 0.1374 0.1578 0.2960 
 666 0.0365 0.1122 0.5071 0.1599 0.1843 
 667 0.0337 0.0660 0.1077 0.3539 0.4386 
 668 0.0515 0.0882 0.4544 0.2022 0.2037 
 669 0.0264 0.1825 0.2684 0.1547 0.3680 
 670 0.0174 0.0339 0.8002 0.0635 0.0851 
 671 0.0210 0.0599 0.6869 0.1138 0.1184 
 672 0.0473 0.0494 0.6607 0.1906 0.0519 
 673 0.0179 0.0177 0.8437 0.0517 0.0689 
 674 0.0308 0.0461 0.6650 0.0846 0.1734 
 675 0.0168 0.0236 0.7799 0.1097 0.0699 
 676 0.0172 0.0190 0.8517 0.0513 0.0608 
 677 0.0157 0.1438 0.7058 0.0583 0.0764 
 678 0.0182 0.0163 0.8431 0.0567 0.0657 
 679 0.0323 0.0200 0.7129 0.0789 0.1559 
 680 0.0296 0.0294 0.7566 0.0613 0.1232 
 681 0.0802 0.2962 0.2575 0.1156 0.2504 
 682 0.0313 0.0263 0.7907 0.0660 0.0857 
 683 0.0172 0.0351 0.8153 0.0605 0.0720 
 684 0.0180 0.0197 0.8380 0.0585 0.0657 
 685 0.0155 0.0216 0.8537 0.0505 0.0588 
 686 0.0300 0.1072 0.6752 0.0777 0.1100 
 687 0.0199 0.0836 0.6745 0.1063 0.1158 
 688 0.0204 0.0258 0.7954 0.0819 0.0765 
 689 0.0164 0.0200 0.8488 0.0483 0.0665 
 690 0.0166 0.0191 0.8502 0.0517 0.0623 
 691 0.0314 0.0312 0.7217 0.0771 0.1386 
 692 0.0222 0.0212 0.7852 0.0772 0.0942 
 693 0.0257 0.0215 0.7873 0.0989 0.0666 
 694 0.0145 0.0225 0.8607 0.0477 0.0545 
 695 0.0278 0.0443 0.8060 0.0658 0.0561 
 696 0.0196 0.0267 0.7945 0.0837 0.0756 
 697 0.0174 0.0280 0.8304 0.0506 0.0736 
 698 0.0167 0.0217 0.8432 0.0519 0.0665 
 699 0.0259 0.1377 0.7134 0.0652 0.0578 
 700 0.0371 0.0529 0.7461 0.1002 0.0637 
 701 0.0405 0.0439 0.6935 0.0807 0.1414 
 702 0.0400 0.0553 0.6897 0.1111 0.1039 
 703 0.0314 0.0294 0.7754 0.0673 0.0965 
 704 0.0189 0.0392 0.7958 0.0773 0.0688 
 705 0.0584 0.2994 0.3881 0.1093 0.1448 
 706 0.0286 0.0403 0.7791 0.0590 0.0930 
 707 0.0174 0.0351 0.8140 0.0524 0.0811 
 708 0.0165 0.0259 0.8288 0.0531 0.0757 
 709 0.0185 0.0469 0.8220 0.0593 0.0534 
 710 0.0155 0.0231 0.8604 0.0473 0.0537 
 711 0.0263 0.0765 0.7303 0.0623 0.1046 
 712 0.0149 0.0932 0.7749 0.0503 0.0667 
 713 0.0183 0.0304 0.8004 0.0798 0.0711 
 714 0.0308 0.0297 0.6524 0.0816 0.2055 
 715 0.0152 0.0464 0.8343 0.0486 0.0555 
 716 0.0275 0.0335 0.8090 0.0595 0.0705 
 717 0.0158 0.0291 0.8528 0.0485 0.0537 
 718 0.0268 0.0582 0.6950 0.0646 0.1554 
 719 0.0155 0.0422 0.8350 0.0541 0.0532 
 720 0.0647 0.0319 0.0491 0.4208 0.4336 
 721 0.0734 0.0478 0.5340 0.1053 0.2395 
 722 0.1525 0.0654 0.0837 0.2470 0.4515 
 723 0.1421 0.0242 0.0645 0.1328 0.6365 
 724 0.1552 0.0367 0.1756 0.1594 0.4731 
 725 0.0343 0.0594 0.2434 0.2603 0.4026 
 726 0.1407 0.1007 0.1197 0.1717 0.4672 
 727 0.0632 0.2632 0.2219 0.1763 0.2754 
 728 0.4654 0.0309 0.0296 0.1139 0.3602 
 729 0.3189 0.0236 0.0330 0.1327 0.4917 
 730 0.1047 0.0249 0.0508 0.2331 0.5865 
 731 0.2174 0.0283 0.0702 0.1800 0.5042 
 732 0.1442 0.0245 0.0639 0.1334 0.6340 
 733 0.2494 0.0188 0.0446 0.1247 0.5624 
 734 0.2514 0.0222 0.0322 0.3162 0.3780 
 735 0.2616 0.0163 0.0492 0.0861 0.5868 
 736 0.1794 0.0264 0.0584 0.5071 0.2286 
 737 0.1675 0.0646 0.0605 0.2512 0.4561 
 738 0.1214 0.0262 0.0492 0.1847 0.6185 
 739 0.2683 0.0189 0.0418 0.1326 0.5385 
 740 0.0241 0.0325 0.5543 0.0680 0.3210 
 741 0.0456 0.0537 0.5035 0.1320 0.2653 
 742 0.0366 0.0206 0.1652 0.6629 0.1147 
 743 0.0283 0.0312 0.0905 0.2395 0.6104 
 744 0.0326 0.2577 0.1076 0.4052 0.1969 
 745 0.0365 0.0509 0.0436 0.6655 0.2036 
 746 0.0493 0.0419 0.2276 0.2575 0.4236 
 747 0.0233 0.0445 0.0937 0.4797 0.3588 
 748 0.0275 0.0267 0.4790 0.3049 0.1619 
 749 0.0375 0.0869 0.1567 0.3081 0.4108 
 750 0.0263 0.0638 0.1028 0.2976 0.5095 
 751 0.0300 0.0335 0.4705 0.2711 0.1949 
 752 0.0317 0.0475 0.1087 0.4039 0.4083 
 753 0.0486 0.0465 0.1671 0.1729 0.5649 
 754 0.0300 0.0289 0.4139 0.1655 0.3616 
 755 0.0299 0.0272 0.1663 0.1872 0.5893 
 756 0.0271 0.0453 0.2742 0.5316 0.1218 
 757 0.0249 0.0270 0.1721 0.5600 0.2160 
 758 0.0265 0.0389 0.0447 0.6210 0.2689 
 759 0.0430 0.0659 0.4257 0.1253 0.3401 
 760 0.0548 0.0272 0.0977 0.1986 0.6217 
 761 0.0814 0.0338 0.1957 0.1014 0.5876 
 762 0.0901 0.0172 0.0631 0.3256 0.5041 
 763 0.0469 0.0459 0.1611 0.1721 0.5739 
 764 0.0268 0.0294 0.1108 0.4054 0.4276 
 765 0.0649 0.0296 0.0595 0.1596 0.6865 
 766 0.0243 0.0282 0.3369 0.3327 0.2780 
 767 0.0382 0.0372 0.2910 0.4928 0.1409 
 768 0.1007 0.0181 0.0624 0.2990 0.5198 
 769 0.1080 0.0299 0.2394 0.2145 0.4083 
 770 0.0711 0.0244 0.0554 0.5418 0.3074 
 771 0.0234 0.3232 0.1680 0.1676 0.3177 
 772 0.0351 0.0727 0.2947 0.4197 0.1778 
 773 0.0234 0.0360 0.1087 0.3066 0.5252 
 774 0.0236 0.0403 0.3637 0.1207 0.4516 
 775 0.1569 0.0200 0.1103 0.3938 0.3190 
 776 0.0275 0.0291 0.0656 0.7511 0.1267 
 777 0.0350 0.1076 0.1342 0.3766 0.3465 
 778 0.0220 0.1001 0.2305 0.3176 0.3299 
 779 0.0277 0.0303 0.1568 0.3387 0.4465 
 780 0.0315 0.0289 0.4400 0.2514 0.2482 
 781 0.0171 0.2864 0.1506 0.1076 0.4382 
 782 0.0273 0.0305 0.1562 0.3374 0.4486 
 783 0.0334 0.0274 0.2704 0.3998 0.2690 
 784 0.0388 0.0263 0.1017 0.6292 0.2040 
 785 0.0284 0.0319 0.1939 0.3396 0.4061 
 786 0.0265 0.0277 0.4503 0.2895 0.2059 
 787 0.0188 0.0682 0.4650 0.2580 0.1900 
 788 0.0448 0.0442 0.1078 0.4752 0.3280 
 789 0.0395 0.0218 0.1158 0.6434 0.1795 
 790 0.0450 0.0236 0.2469 0.1921 0.4924 
 791 0.0291 0.0272 0.1604 0.6442 0.1391 
 792 0.0197 0.1042 0.4238 0.1694 0.2829 
 793 0.0802 0.0865 0.4482 0.1373 0.2477 
 794 0.0382 0.0340 0.1963 0.4432 0.2883 
 795 0.0654 0.0399 0.5246 0.1260 0.2441 
 796 0.0316 0.0324 0.1908 0.6626 0.0825 
 797 0.0454 0.1014 0.5766 0.1030 0.1735 
 798 0.5164 0.1307 0.0354 0.2362 0.0813 
 799 0.0306 0.0435 0.0885 0.6757 0.1616 
 800 0.0182 0.1440 0.5607 0.1853 0.0917 
 801 0.4144 0.1152 0.0771 0.2849 0.1084 
 802 0.1367 0.1296 0.2958 0.2475 0.1903 
 803 0.0456 0.0674 0.4148 0.1661 0.3061 
 804 0.0661 0.2430 0.1394 0.2970 0.2546 
 805 0.0232 0.0295 0.7775 0.1030 0.0668 
 806 0.2842 0.2666 0.1205 0.1303 0.1985 
 807 0.0319 0.1146 0.6156 0.0670 0.1709 
 808 0.0361 0.2508 0.4242 0.1430 0.1459 
 809 0.1793 0.5389 0.0665 0.1390 0.0764 
 810 0.1052 0.0442 0.1922 0.2125 0.4459 
 811 0.0464 0.2079 0.4547 0.1566 0.1344 
 812 0.0270 0.7187 0.0368 0.1335 0.0840 
 813 0.4724 0.0871 0.0400 0.3294 0.0710 
 814 0.0271 0.4657 0.0600 0.2295 0.2176 
 815 0.3386 0.2542 0.2033 0.1238 0.0800 
 816 0.1002 0.0955 0.3483 0.3385 0.1174 
 817 0.1366 0.1275 0.2964 0.2492 0.1904 
 818 0.0450 0.0250 0.0787 0.7667 0.0845 
 819 0.0210 0.0667 0.2119 0.4174 0.2830 
 820 0.0289 0.0935 0.2091 0.5588 0.1097 
 821 0.0539 0.0207 0.1171 0.4826 0.3258 
 822 0.0500 0.0334 0.0315 0.1522 0.7329 
 823 0.0882 0.0197 0.2155 0.5207 0.1559 
 824 0.0315 0.0342 0.1753 0.3901 0.3689 
 825 0.0763 0.0317 0.0642 0.3756 0.4522 
 826 0.0303 0.0275 0.0468 0.7793 0.1160 
 827 0.0979 0.0224 0.0632 0.4599 0.3565 
 828 0.0996 0.0241 0.0683 0.0962 0.7118 
 829 0.1091 0.0532 0.1074 0.3067 0.4236 
 830 0.0818 0.0167 0.0417 0.2000 0.6598 
 831 0.0439 0.0336 0.0774 0.0875 0.7576 
 832 0.0658 0.0655 0.1592 0.5149 0.1946 
 833 0.0755 0.0370 0.1573 0.6454 0.0847 
 834 0.0721 0.0344 0.1300 0.2363 0.5271 
 835 0.0349 0.0332 0.0464 0.7922 0.0933 
 836 0.0537 0.0663 0.0851 0.6851 0.1097 
 837 0.1005 0.0420 0.2634 0.2258 0.3682 
 838 0.0317 0.0756 0.0470 0.7229 0.1227 
 839 0.0654 0.0190 0.0763 0.4326 0.4068 
 840 0.0333 0.2025 0.1674 0.2448 0.3520 
 841 0.0267 0.0764 0.1195 0.6310 0.1465 
 842 0.0228 0.0196 0.0360 0.8299 0.0916 
 843 0.0347 0.1574 0.3201 0.2816 0.2062 
 844 0.0595 0.0464 0.1411 0.1818 0.5712 
 845 0.0357 0.0194 0.0558 0.7084 0.1808 
 846 0.0248 0.0306 0.1345 0.5744 0.2357 
 847 0.0163 0.0267 0.1419 0.1506 0.6645 
 848 0.0231 0.0446 0.1134 0.7101 0.1088 
 849 0.0305 0.0276 0.0832 0.4578 0.4009 
 850 0.1189 0.0240 0.0672 0.5424 0.2475 
 851 0.0253 0.0236 0.0605 0.7669 0.1236 
 852 0.0624 0.0210 0.3931 0.1127 0.4108 
 853 0.0460 0.0240 0.0526 0.7650 0.1124 
 854 0.0608 0.0197 0.2128 0.1782 0.5285 
 855 0.0312 0.0313 0.0983 0.4545 0.3846 
 856 0.0294 0.0268 0.1255 0.2070 0.6113 
 857 0.0439 0.1402 0.0631 0.4456 0.3072 
 858 0.0266 0.0315 0.0561 0.2874 0.5984 
 859 0.0812 0.0189 0.0553 0.3144 0.5303 
 860 0.0336 0.0368 0.0562 0.6964 0.1770 
 861 0.0203 0.0849 0.4296 0.1621 0.3032 
 862 0.7432 0.0251 0.0370 0.1082 0.0866 
 863 0.2286 0.0359 0.0759 0.0789 0.5808 
 864 0.5716 0.0197 0.0820 0.0729 0.2538 
 865 0.6184 0.0248 0.0300 0.2251 0.1018 
 866 0.0754 0.0308 0.0456 0.3502 0.4979 
 867 0.6254 0.0279 0.0704 0.0675 0.2088 
 868 0.3633 0.0393 0.0436 0.0859 0.4679 
 869 0.0852 0.0264 0.0495 0.3564 0.4824 
 870 0.2664 0.0957 0.0357 0.4116 0.1906 
 871 0.5557 0.0293 0.0355 0.2759 0.1035 
 872 0.2794 0.0214 0.0446 0.1013 0.5533 
 873 0.7165 0.0218 0.0530 0.1023 0.1064 
 874 0.7197 0.0272 0.0333 0.1040 0.1158 
 875 0.1550 0.0738 0.0557 0.3339 0.3818 
 876 0.0682 0.0726 0.0451 0.5154 0.2987 
 877 0.7506 0.0198 0.0440 0.0821 0.1035 
 878 0.1073 0.0434 0.0573 0.1553 0.6367 
 879 0.3087 0.0189 0.0595 0.0821 0.5308 
 880 0.1743 0.1172 0.0420 0.5038 0.1628 
 881 0.3931 0.0272 0.0528 0.0826 0.4444 
 882 0.2599 0.0161 0.0496 0.0880 0.5864 
 883 0.0458 0.0518 0.0482 0.2044 0.6498 
 884 0.4570 0.0227 0.0303 0.3021 0.1879 
 885 0.4624 0.1548 0.0764 0.1055 0.2009 
 886 0.1842 0.0215 0.0587 0.1036 0.6319 
 887 0.3442 0.0231 0.0362 0.1865 0.4100 
 888 0.3209 0.1490 0.1113 0.1566 0.2621 
 889 0.6926 0.0250 0.0282 0.1708 0.0834 
 890 0.2692 0.0508 0.0308 0.3608 0.2885 
 891 0.0300 0.0416 0.0501 0.7792 0.0991 
 892 0.0267 0.0538 0.0601 0.4394 0.4200 
 893 0.0517 0.1377 0.0869 0.4234 0.3003 
 894 0.0667 0.0169 0.0356 0.7631 0.1178 
 895 0.3950 0.0317 0.0391 0.3040 0.2302 
 896 0.0264 0.0640 0.0876 0.6393 0.1828 
 897 0.0229 0.0372 0.0448 0.1509 0.7442 
 898 0.0974 0.0437 0.0914 0.2903 0.4772 
 899 0.0437 0.0175 0.0292 0.7898 0.1199 
 900 0.0248 0.0365 0.0446 0.8093 0.0849 
 901 0.0375 0.0266 0.0490 0.7530 0.1339 
 902 0.0367 0.2507 0.0625 0.3511 0.2990 
 903 0.1204 0.0379 0.0477 0.2793 0.5147 
 904 0.0978 0.0364 0.0662 0.1322 0.6674 
 905 0.1009 0.0201 0.0344 0.4056 0.4389 
 906 0.0927 0.0587 0.0573 0.6357 0.1557 
 907 0.0485 0.0230 0.0786 0.6510 0.1988 
 908 0.0582 0.0213 0.0584 0.4363 0.4258 
 909 0.0759 0.0770 0.0618 0.6558 0.1296 
 910 0.0342 0.0586 0.0563 0.7681 0.0827 
 911 0.1688 0.0236 0.0307 0.6035 0.1734 
 912 0.0462 0.0249 0.0378 0.7021 0.1890 
 913 0.0765 0.0379 0.0345 0.5608 0.2903 
 914 0.0909 0.0268 0.2074 0.3917 0.2832 
 915 0.1294 0.0356 0.0290 0.6436 0.1624 
 916 0.0290 0.0266 0.0404 0.7625 0.1415 
 917 0.0519 0.0276 0.0428 0.6815 0.1961 
 918 0.1466 0.0326 0.1797 0.3672 0.2738 
 919 0.1763 0.0296 0.0883 0.4152 0.2905 
 920 0.0340 0.0201 0.0667 0.7796 0.0996 
 921 0.0448 0.1753 0.3135 0.3682 0.0983 
 922 0.0264 0.4653 0.0573 0.2064 0.2445 
 923 0.0211 0.3108 0.1017 0.2196 0.3468 
 924 0.0247 0.3656 0.0601 0.4052 0.1443 
 925 0.0363 0.2752 0.1054 0.4361 0.1470 
 926 0.0173 0.6685 0.1045 0.1412 0.0685 
 927 0.0260 0.6027 0.1360 0.1238 0.1115 
 928 0.0155 0.4355 0.2120 0.0818 0.2552 
 929 0.0182 0.6259 0.0634 0.1132 0.1792 
 930 0.0373 0.4224 0.1048 0.3174 0.1181 
 931 0.2035 0.4981 0.1780 0.0682 0.0523 
 932 0.0226 0.7337 0.0424 0.1208 0.0805 
 933 0.0203 0.2129 0.4927 0.1359 0.1382 
 934 0.0163 0.5038 0.0373 0.1568 0.2859 
 935 0.0452 0.7260 0.0569 0.0926 0.0793 
 936 0.0208 0.8117 0.0332 0.0707 0.0636 
 937 0.0244 0.8063 0.0523 0.0630 0.0540 
 938 0.0149 0.7355 0.1147 0.0649 0.0700 
 939 0.0267 0.7311 0.1213 0.0614 0.0595 
 940 0.0221 0.5773 0.0993 0.1163 0.1850 
 941 0.0403 0.6381 0.0400 0.2070 0.0746 
 942 0.0448 0.1871 0.3244 0.2200 0.2237 
 943 0.0242 0.7656 0.1088 0.0542 0.0472 
 944 0.0236 0.6919 0.1006 0.0618 0.1221 
 945 0.0314 0.4491 0.0926 0.1619 0.2649 
 946 0.0197 0.7356 0.0540 0.1041 0.0866 
 947 0.0218 0.7306 0.1023 0.1021 0.0432 
 948 0.1311 0.6810 0.0314 0.0838 0.0728 
 949 0.0877 0.5927 0.0329 0.1842 0.1025 
 950 0.0153 0.8035 0.0613 0.0667 0.0532 
 951 0.0369 0.4991 0.1432 0.1538 0.1670 
 952 0.0261 0.6746 0.0535 0.1143 0.1316 
 953 0.0890 0.4568 0.0802 0.2652 0.1087 
 954 0.0481 0.7167 0.0439 0.1200 0.0714 
 955 0.0272 0.0540 0.7684 0.0612 0.0893 
 956 0.0204 0.1188 0.6865 0.0747 0.0996 
 957 0.0394 0.0774 0.3940 0.1522 0.3369 
 958 0.0290 0.0709 0.1103 0.4094 0.3803 
 959 0.0211 0.1287 0.2601 0.1509 0.4391 
 960 0.0718 0.0325 0.1382 0.3835 0.3740 
 961 0.0157 0.0213 0.8545 0.0508 0.0576 
 962 0.0143 0.2700 0.0978 0.2482 0.3697 
 963 0.0348 0.0686 0.1159 0.3797 0.4010 
 964 0.0327 0.0262 0.1053 0.1309 0.7049 
 965 0.0210 0.0688 0.3391 0.2018 0.3693 
 966 0.0444 0.0810 0.2910 0.2397 0.3440 
 967 0.0276 0.0472 0.7676 0.0625 0.0951 
 968 0.0170 0.1407 0.1375 0.2138 0.4910 
 969 0.1065 0.0315 0.2744 0.1239 0.4636 
 970 0.0261 0.0453 0.6291 0.0798 0.2196 
 971 0.0223 0.2012 0.2016 0.2339 0.3410 
 972 0.0450 0.0572 0.2178 0.1278 0.5521 
 973 0.0205 0.2392 0.3793 0.1816 0.1794 
 974 0.0390 0.0356 0.1061 0.1362 0.6831 
 975 0.1099 0.0322 0.2741 0.1232 0.4606 
