   1 0.0070 0.0106 0.0169 0.0746 0.1455 0.1483 0.2349 0.1103 0.2520 
   2 0.0050 0.0041 0.0249 0.0627 0.1790 0.1102 0.0847 0.3089 0.2206 
   3 0.0076 0.0048 0.0103 0.0696 0.2608 0.1122 0.1791 0.1115 0.2442 
   4 0.0135 0.0179 0.0149 0.0637 0.0996 0.3122 0.1076 0.1241 0.2465 
   5 0.0062 0.0075 0.0308 0.0730 0.2537 0.1086 0.0915 0.2645 0.1642 
   6 0.0061 0.0046 0.0109 0.0447 0.4155 0.1152 0.1276 0.1796 0.0957 
   7 0.0082 0.0046 0.0158 0.0361 0.1875 0.0865 0.2240 0.3070 0.1302 
   8 0.0219 0.1366 0.0142 0.0441 0.1819 0.1402 0.1328 0.1302 0.1980 
   9 0.0097 0.0049 0.0245 0.0513 0.2071 0.0996 0.1312 0.2156 0.2561 
  10 0.0086 0.1034 0.0159 0.0308 0.2238 0.1225 0.1599 0.1738 0.1613 
  11 0.0052 0.0044 0.0236 0.0317 0.1347 0.0744 0.3476 0.2330 0.1454 
  12 0.0057 0.0041 0.0183 0.0705 0.2144 0.1564 0.0846 0.2872 0.1588 
  13 0.0079 0.0045 0.0205 0.0506 0.2221 0.1068 0.1141 0.2386 0.2347 
  14 0.0048 0.0152 0.0128 0.1483 0.1826 0.1398 0.1452 0.1204 0.2308 
  15 0.0067 0.0058 0.0153 0.0647 0.1312 0.2195 0.1594 0.1665 0.2310 
  16 0.0052 0.0043 0.0193 0.0414 0.2263 0.0915 0.2573 0.1354 0.2193 
  17 0.0101 0.0049 0.0222 0.0991 0.3431 0.1233 0.0974 0.1403 0.1595 
  18 0.0108 0.0060 0.0141 0.0582 0.1817 0.1983 0.1856 0.1628 0.1825 
  19 0.0055 0.0039 0.0145 0.0352 0.3839 0.1074 0.1196 0.1753 0.1546 
  20 0.0061 0.0045 0.0205 0.0585 0.1749 0.1463 0.1680 0.2640 0.1573 
  21 0.0054 0.0086 0.0131 0.0807 0.1181 0.2136 0.1757 0.1282 0.2565 
  22 0.0089 0.0044 0.0127 0.0495 0.3562 0.1115 0.1179 0.1334 0.2054 
  23 0.0091 0.0136 0.0325 0.1004 0.1313 0.1327 0.1140 0.1212 0.3452 
  24 0.0055 0.0042 0.0177 0.0412 0.1311 0.1382 0.2067 0.1215 0.3338 
  25 0.0061 0.0055 0.0161 0.0541 0.3312 0.0728 0.1267 0.2715 0.1160 
  26 0.0092 0.0041 0.0151 0.0593 0.2274 0.1904 0.1440 0.1595 0.1910 
  27 0.0075 0.0045 0.0186 0.0844 0.2401 0.1332 0.1546 0.1520 0.2051 
  28 0.0058 0.0236 0.0138 0.0570 0.1113 0.2862 0.2178 0.1302 0.1543 
  29 0.0045 0.0038 0.0245 0.0462 0.1403 0.0868 0.1250 0.3099 0.2590 
  30 0.0055 0.0038 0.0151 0.0609 0.3033 0.0926 0.1632 0.1431 0.2124 
  31 0.0137 0.1098 0.0216 0.0826 0.1406 0.1020 0.1170 0.2496 0.1632 
  32 0.0051 0.0098 0.0119 0.0550 0.3001 0.1622 0.1080 0.1351 0.2129 
  33 0.0059 0.0039 0.0136 0.0462 0.1591 0.0984 0.2079 0.1631 0.3020 
  34 0.0068 0.1167 0.0324 0.0363 0.2385 0.0905 0.1581 0.2241 0.0965 
  35 0.0128 0.0041 0.0352 0.1604 0.2454 0.0786 0.1040 0.1472 0.2123 
  36 0.0050 0.0070 0.0128 0.1039 0.0824 0.0721 0.3138 0.0954 0.3076 
  37 0.0079 0.0046 0.0118 0.0570 0.1443 0.1221 0.0983 0.1526 0.4015 
  38 0.0057 0.0043 0.0313 0.0638 0.1010 0.0623 0.4170 0.1540 0.1607 
  39 0.0083 0.0045 0.0267 0.1134 0.1318 0.0993 0.2550 0.1971 0.1639 
  40 0.0046 0.0044 0.0131 0.1045 0.1420 0.0865 0.1189 0.0904 0.4356 
  41 0.0078 0.0075 0.0310 0.1023 0.1240 0.0585 0.2365 0.1366 0.2958 
  42 0.0052 0.0044 0.0213 0.0624 0.0583 0.1001 0.2324 0.0916 0.4243 
  43 0.0090 0.0092 0.0198 0.1239 0.1148 0.0819 0.0906 0.1696 0.3812 
  44 0.0084 0.0040 0.0164 0.2515 0.1822 0.0582 0.0916 0.1581 0.2295 
  45 0.0055 0.0042 0.0270 0.1235 0.0853 0.0648 0.2648 0.1991 0.2258 
  46 0.0121 0.0041 0.0178 0.1474 0.2634 0.1052 0.1393 0.1912 0.1194 
  47 0.0175 0.0094 0.0254 0.0526 0.2623 0.0993 0.0942 0.1740 0.2652 
  48 0.0088 0.0038 0.0211 0.3105 0.1922 0.0631 0.0808 0.1026 0.2171 
  49 0.0110 0.0046 0.0473 0.1063 0.1335 0.0885 0.1868 0.1507 0.2715 
  50 0.0124 0.0338 0.0217 0.0635 0.2709 0.1009 0.1566 0.2293 0.1110 
  51 0.0047 0.0067 0.0189 0.2139 0.0625 0.0589 0.2298 0.0978 0.3068 
  52 0.0118 0.0042 0.0307 0.0904 0.1245 0.1158 0.2708 0.1792 0.1727 
  53 0.0079 0.0123 0.0170 0.0607 0.1470 0.0924 0.3379 0.1173 0.2075 
  54 0.0092 0.0044 0.0242 0.1192 0.1432 0.1089 0.0760 0.2398 0.2750 
  55 0.0072 0.0039 0.0188 0.3403 0.1215 0.0866 0.0839 0.1377 0.2001 
  56 0.0071 0.0040 0.0316 0.1689 0.1897 0.0935 0.1339 0.0990 0.2722 
  57 0.0175 0.0108 0.0254 0.0352 0.2470 0.2263 0.1239 0.1383 0.1756 
  58 0.0057 0.0043 0.0286 0.1371 0.0941 0.0835 0.1781 0.1612 0.3073 
  59 0.0059 0.0041 0.0608 0.1015 0.1008 0.0819 0.2652 0.1488 0.2310 
  60 0.0049 0.0099 0.0130 0.1644 0.0834 0.1336 0.1615 0.1016 0.3278 
  61 0.0046 0.0045 0.0166 0.2366 0.0677 0.1203 0.0793 0.1878 0.2825 
  62 0.0142 0.0042 0.0948 0.0735 0.1757 0.1392 0.1477 0.2067 0.1440 
  63 0.0044 0.0040 0.0140 0.0746 0.0884 0.1009 0.1664 0.2149 0.3324 
  64 0.0069 0.0039 0.0230 0.0520 0.2991 0.0769 0.2084 0.1522 0.1777 
  65 0.0063 0.0041 0.0181 0.0573 0.1552 0.0699 0.1193 0.4554 0.1142 
  66 0.0055 0.0103 0.0193 0.0736 0.0921 0.1507 0.1205 0.2381 0.2899 
  67 0.0064 0.0042 0.0178 0.2499 0.1202 0.0764 0.0790 0.2318 0.2143 
  68 0.0072 0.0046 0.0504 0.1047 0.0800 0.0922 0.2777 0.1292 0.2541 
  69 0.0066 0.2479 0.0450 0.0602 0.1010 0.0766 0.2494 0.1120 0.1013 
  70 0.0046 0.0110 0.0149 0.1042 0.0721 0.0846 0.2814 0.1297 0.2975 
  71 0.0059 0.0072 0.0582 0.1428 0.1035 0.0609 0.2663 0.1733 0.1820 
  72 0.0064 0.0067 0.0120 0.0909 0.1741 0.0677 0.2923 0.1278 0.2222 
  73 0.0061 0.0076 0.0611 0.1420 0.0976 0.0697 0.1256 0.2481 0.2421 
  74 0.0046 0.0042 0.0121 0.0846 0.0798 0.0910 0.2726 0.0883 0.3629 
  75 0.0055 0.0074 0.0162 0.0842 0.0698 0.0998 0.2114 0.0766 0.4291 
  76 0.0059 0.0042 0.0120 0.1476 0.1128 0.0815 0.1261 0.2759 0.2339 
  77 0.0050 0.0039 0.0305 0.0843 0.0862 0.0566 0.2855 0.2180 0.2299 
  78 0.0056 0.0045 0.0344 0.0670 0.0922 0.0568 0.3487 0.1533 0.2375 
  79 0.0054 0.0047 0.0150 0.0340 0.1574 0.0923 0.2052 0.3119 0.1741 
  80 0.0052 0.0045 0.0117 0.0345 0.0750 0.2502 0.1155 0.1499 0.3535 
  81 0.0059 0.0048 0.0105 0.0313 0.0823 0.2593 0.1555 0.2019 0.2485 
  82 0.0054 0.0046 0.0291 0.0835 0.0938 0.1141 0.1148 0.2177 0.3371 
  83 0.0051 0.0059 0.0102 0.0547 0.0983 0.2017 0.2331 0.1634 0.2277 
  84 0.0050 0.0047 0.0115 0.0362 0.0978 0.1857 0.2167 0.2260 0.2165 
  85 0.0049 0.0057 0.0113 0.0470 0.1371 0.2066 0.2172 0.1303 0.2399 
  86 0.0075 0.0044 0.0224 0.1708 0.1919 0.1034 0.1116 0.2346 0.1533 
  87 0.0056 0.0118 0.0139 0.0481 0.0925 0.0952 0.2443 0.2990 0.1897 
  88 0.0053 0.0045 0.0129 0.0388 0.0806 0.1490 0.1373 0.2200 0.3517 
  89 0.0057 0.0107 0.0114 0.0329 0.0778 0.1772 0.1300 0.1930 0.3614 
  90 0.0049 0.0045 0.0134 0.0357 0.0851 0.1064 0.1582 0.4059 0.1860 
  91 0.0050 0.0058 0.0100 0.0477 0.0931 0.2472 0.1870 0.1111 0.2932 
  92 0.0055 0.0047 0.0146 0.0402 0.1180 0.1223 0.1616 0.2730 0.2601 
  93 0.0052 0.0242 0.0119 0.0346 0.0752 0.3709 0.0992 0.0973 0.2815 
  94 0.0049 0.0054 0.0106 0.0457 0.0725 0.0879 0.4686 0.1787 0.1257 
  95 0.0051 0.0046 0.0121 0.0348 0.0647 0.1382 0.1398 0.3404 0.2604 
  96 0.0047 0.0047 0.0169 0.1559 0.0621 0.1214 0.0873 0.1722 0.3750 
  97 0.0058 0.0043 0.0155 0.0830 0.0743 0.1134 0.2283 0.0903 0.3851 
  98 0.0043 0.0040 0.0168 0.0720 0.1357 0.0753 0.1345 0.2090 0.3484 
  99 0.0049 0.0049 0.0117 0.0327 0.0896 0.1769 0.1780 0.2916 0.2097 
 100 0.0052 0.0043 0.0139 0.0449 0.0713 0.2289 0.0708 0.1085 0.4522 
 101 0.0063 0.0438 0.0147 0.0520 0.0919 0.0984 0.1791 0.2374 0.2763 
 102 0.0061 0.0061 0.0255 0.0727 0.0784 0.1906 0.1737 0.1558 0.2911 
 103 0.0053 0.0216 0.0153 0.0580 0.0858 0.1796 0.0940 0.3787 0.1617 
 104 0.0052 0.0087 0.0139 0.0509 0.0877 0.1376 0.1132 0.4994 0.0833 
 105 0.0061 0.0196 0.0329 0.0535 0.0802 0.1725 0.0893 0.4291 0.1167 
 106 0.0054 0.0036 0.0126 0.0534 0.1176 0.0560 0.2670 0.3905 0.0939 
 107 0.0061 0.0139 0.0213 0.0668 0.0885 0.1536 0.1021 0.3955 0.1522 
 108 0.0043 0.0054 0.0116 0.3928 0.1142 0.0889 0.1291 0.1456 0.1081 
 109 0.0069 0.0089 0.1386 0.0821 0.1198 0.0626 0.2248 0.2590 0.0973 
 110 0.0055 0.0068 0.0158 0.0374 0.1075 0.0600 0.3207 0.3449 0.1013 
 111 0.0069 0.0074 0.0293 0.0509 0.0831 0.0939 0.0961 0.5376 0.0948 
 112 0.0049 0.0046 0.2055 0.0610 0.0715 0.0666 0.2597 0.2288 0.0975 
 113 0.0060 0.0089 0.0170 0.1117 0.1611 0.1185 0.1539 0.2197 0.2032 
 114 0.0048 0.0088 0.0240 0.0425 0.0785 0.1657 0.1152 0.4673 0.0932 
 115 0.0064 0.0053 0.0334 0.1523 0.1065 0.0841 0.1067 0.3549 0.1504 
 116 0.0067 0.0042 0.0223 0.1440 0.1092 0.0573 0.2762 0.2612 0.1189 
 117 0.0081 0.0106 0.0462 0.0467 0.1126 0.0670 0.2591 0.3185 0.1311 
 118 0.0052 0.0043 0.0336 0.1129 0.1189 0.1011 0.0936 0.3999 0.1306 
 119 0.0045 0.0060 0.0113 0.1344 0.0676 0.1254 0.1433 0.1741 0.3334 
 120 0.0061 0.0059 0.0486 0.1143 0.1023 0.1062 0.1442 0.3270 0.1456 
 121 0.0128 0.0132 0.0724 0.1880 0.0949 0.0634 0.1400 0.2927 0.1227 
 122 0.0047 0.0085 0.0221 0.0472 0.1127 0.0806 0.2482 0.3708 0.1052 
 123 0.0054 0.0081 0.0174 0.0693 0.0904 0.1074 0.1910 0.3940 0.1169 
 124 0.0090 0.0054 0.0367 0.1228 0.1329 0.0819 0.2301 0.2722 0.1090 
 125 0.0059 0.0063 0.0499 0.0557 0.1572 0.0682 0.3696 0.1495 0.1378 
 126 0.0042 0.0040 0.0117 0.1199 0.0735 0.1084 0.3044 0.2375 0.1364 
 127 0.0058 0.0048 0.0255 0.0644 0.0711 0.0993 0.1214 0.5044 0.1032 
 128 0.0047 0.0039 0.0253 0.0900 0.1030 0.1006 0.0878 0.4539 0.1308 
 129 0.0059 0.0178 0.0174 0.0589 0.0874 0.0754 0.0864 0.5510 0.0997 
 130 0.0064 0.0124 0.0395 0.0462 0.0891 0.1495 0.1257 0.4159 0.1153 
 131 0.0108 0.0189 0.0432 0.1037 0.1076 0.0610 0.3234 0.2332 0.0983 
 132 0.0052 0.0086 0.0150 0.0570 0.1003 0.0720 0.1950 0.4541 0.0929 
 133 0.0094 0.0134 0.0179 0.0964 0.0985 0.1202 0.1155 0.4039 0.1247 
 134 0.0046 0.0039 0.0230 0.0333 0.0887 0.0505 0.2268 0.4874 0.0816 
 135 0.0065 0.0044 0.0289 0.1361 0.0601 0.3055 0.1095 0.0845 0.2646 
 136 0.0059 0.0082 0.0159 0.0399 0.1184 0.4440 0.0831 0.0727 0.2119 
 137 0.0051 0.0102 0.0343 0.0330 0.0743 0.3428 0.0911 0.0950 0.3142 
 138 0.0048 0.0044 0.0110 0.0475 0.0650 0.5467 0.1066 0.0745 0.1395 
 139 0.0050 0.0079 0.0173 0.1084 0.1130 0.2612 0.1057 0.1295 0.2521 
 140 0.0055 0.0125 0.0141 0.0740 0.0749 0.2603 0.1684 0.1448 0.2455 
 141 0.0060 0.0238 0.0160 0.0495 0.1376 0.4040 0.1237 0.0789 0.1605 
 142 0.0059 0.0110 0.0267 0.1704 0.0615 0.2902 0.0992 0.0887 0.2464 
 143 0.0044 0.0041 0.0108 0.0374 0.0625 0.4326 0.0743 0.0723 0.3015 
 144 0.0053 0.0050 0.0342 0.0380 0.0663 0.3848 0.0839 0.0965 0.2860 
 145 0.0066 0.0093 0.0192 0.0590 0.1473 0.3008 0.1192 0.0802 0.2583 
 146 0.0085 0.0098 0.0139 0.0490 0.1059 0.2844 0.1605 0.1358 0.2322 
 147 0.0051 0.0078 0.0113 0.0323 0.0706 0.4941 0.0788 0.0707 0.2292 
 148 0.0058 0.0365 0.0238 0.0795 0.1180 0.3201 0.0951 0.1220 0.1993 
 149 0.0055 0.1723 0.0153 0.0748 0.0729 0.1987 0.1153 0.0745 0.2707 
 150 0.0063 0.0106 0.0379 0.0399 0.0827 0.3200 0.1021 0.1439 0.2566 
 151 0.0057 0.0044 0.0121 0.0404 0.0686 0.4102 0.0914 0.0981 0.2692 
 152 0.0059 0.0130 0.0215 0.1236 0.1311 0.3358 0.1048 0.0906 0.1738 
 153 0.0049 0.0082 0.0119 0.0610 0.0692 0.4252 0.1506 0.0874 0.1817 
 154 0.0064 0.2280 0.0153 0.0787 0.1215 0.2005 0.0839 0.0745 0.1912 
 155 0.0053 0.0047 0.0104 0.0381 0.0665 0.5564 0.0844 0.1035 0.1306 
 156 0.0046 0.0043 0.0172 0.1079 0.0585 0.3946 0.0881 0.1056 0.2193 
 157 0.0048 0.0084 0.0105 0.0314 0.0666 0.4153 0.1382 0.1405 0.1844 
 158 0.0070 0.0090 0.0199 0.0496 0.1380 0.3136 0.1293 0.0745 0.2592 
 159 0.0058 0.0891 0.0138 0.0343 0.0707 0.3865 0.0803 0.0719 0.2476 
 160 0.0072 0.0819 0.0141 0.0364 0.0717 0.4472 0.0803 0.0746 0.1865 
 161 0.0049 0.0092 0.0122 0.0385 0.0776 0.1799 0.1410 0.0927 0.4439 
 162 0.0095 0.0092 0.0143 0.0579 0.1140 0.3191 0.1511 0.1512 0.1738 
 163 0.0047 0.0044 0.0107 0.0561 0.0611 0.5301 0.0890 0.0910 0.1529 
 164 0.0091 0.1411 0.0121 0.0552 0.0872 0.2405 0.1190 0.1595 0.1762 
 165 0.0066 0.0053 0.0375 0.0406 0.0704 0.3634 0.1029 0.1314 0.2418 
 166 0.0049 0.1481 0.0105 0.0665 0.0688 0.2147 0.1536 0.1295 0.2034 
 167 0.0102 0.2769 0.0121 0.0477 0.1414 0.2327 0.0820 0.0900 0.1070 
 168 0.0051 0.0055 0.0110 0.0594 0.0786 0.4230 0.1734 0.0774 0.1666 
 169 0.0076 0.0090 0.0210 0.0464 0.1367 0.2512 0.2477 0.0717 0.2087 
 170 0.0047 0.0044 0.0111 0.0452 0.0631 0.1408 0.0851 0.0978 0.5478 
 171 0.0057 0.0077 0.0117 0.0754 0.1180 0.3628 0.1341 0.0975 0.1870 
 172 0.0053 0.0275 0.0180 0.0792 0.0711 0.2190 0.2209 0.0706 0.2884 
 173 0.0054 0.0068 0.0127 0.0410 0.0741 0.5425 0.0744 0.0788 0.1643 
 174 0.0056 0.0078 0.0110 0.0310 0.0769 0.4909 0.1007 0.0997 0.1765 
 175 0.0057 0.0046 0.0122 0.0387 0.1163 0.3325 0.0723 0.0747 0.3430 
 176 0.0053 0.0050 0.0342 0.0380 0.0652 0.3806 0.0839 0.0978 0.2900 
 177 0.0056 0.0086 0.0117 0.0367 0.0696 0.3578 0.2208 0.1294 0.1597 
 178 0.0058 0.0090 0.0116 0.0338 0.1349 0.4555 0.0966 0.1075 0.1453 
 179 0.0047 0.0156 0.0098 0.0340 0.0724 0.5590 0.0740 0.0787 0.1517 
 180 0.0097 0.0307 0.0154 0.0584 0.1053 0.2852 0.1285 0.1021 0.2646 
 181 0.0064 0.0080 0.0170 0.0591 0.0808 0.3058 0.1121 0.0811 0.3297 
 182 0.0066 0.0051 0.0147 0.0657 0.0644 0.4078 0.0762 0.0767 0.2827 
 183 0.0051 0.0073 0.0112 0.0384 0.0744 0.4685 0.0745 0.0792 0.2413 
 184 0.0068 0.0042 0.0163 0.0842 0.2753 0.1059 0.0813 0.1921 0.2340 
 185 0.0043 0.0045 0.0162 0.1323 0.0579 0.4630 0.0645 0.0689 0.1885 
 186 0.0056 0.0042 0.0115 0.0551 0.1543 0.0908 0.0907 0.3850 0.2028 
 187 0.0043 0.0048 0.0115 0.0722 0.1269 0.2773 0.0777 0.2260 0.1994 
 188 0.0056 0.0041 0.0127 0.0648 0.1381 0.0835 0.0752 0.4754 0.1406 
 189 0.0047 0.0046 0.0107 0.0807 0.1933 0.1816 0.1589 0.0912 0.2743 
 190 0.0042 0.0039 0.0169 0.3250 0.0542 0.1996 0.0632 0.0855 0.2473 
 191 0.0054 0.0045 0.0218 0.0646 0.1411 0.1782 0.0797 0.3195 0.1852 
 192 0.0043 0.0041 0.0117 0.0403 0.1326 0.1788 0.0907 0.2422 0.2952 
 193 0.0049 0.0042 0.0207 0.0765 0.1589 0.1653 0.0990 0.1792 0.2913 
 194 0.0051 0.0054 0.0116 0.0781 0.1016 0.1352 0.0997 0.1805 0.3829 
 195 0.0046 0.0046 0.0115 0.1200 0.0665 0.3531 0.0677 0.1143 0.2580 
 196 0.0043 0.0041 0.0188 0.1887 0.0853 0.1862 0.0796 0.1562 0.2769 
 197 0.0055 0.0045 0.0145 0.0898 0.2143 0.2148 0.0911 0.2321 0.1335 
 198 0.0047 0.0045 0.0125 0.0808 0.1531 0.1402 0.1640 0.2075 0.2327 
 199 0.0049 0.0039 0.0183 0.1384 0.0759 0.1131 0.0827 0.1059 0.4568 
 200 0.0046 0.0042 0.0267 0.2323 0.1351 0.1805 0.0979 0.1093 0.2096 
 201 0.0042 0.0041 0.0112 0.0733 0.0935 0.4116 0.0670 0.1343 0.2008 
 202 0.0041 0.0041 0.0141 0.0898 0.0635 0.2342 0.0665 0.1082 0.4154 
 203 0.0047 0.0044 0.0158 0.0646 0.0864 0.4710 0.0641 0.1276 0.1614 
 204 0.0052 0.0045 0.0157 0.1241 0.0710 0.2064 0.0682 0.1683 0.3366 
 205 0.0049 0.0043 0.0146 0.1810 0.1138 0.1394 0.0978 0.1839 0.2602 
 206 0.0053 0.0054 0.0131 0.1268 0.0960 0.2652 0.0665 0.1815 0.2403 
 207 0.0047 0.0040 0.0227 0.0999 0.0885 0.1050 0.0661 0.2374 0.3717 
 208 0.0046 0.0041 0.0147 0.1439 0.0934 0.3177 0.0725 0.1840 0.1650 
 209 0.0049 0.0041 0.0213 0.0756 0.1432 0.1502 0.0816 0.2420 0.2771 
 210 0.0045 0.0044 0.0133 0.0820 0.0900 0.2548 0.0758 0.2451 0.2301 
 211 0.0059 0.0040 0.0460 0.2036 0.0841 0.1590 0.0639 0.1862 0.2473 
 212 0.0041 0.0044 0.0129 0.0778 0.0974 0.2980 0.0809 0.0933 0.3312 
 213 0.0047 0.0042 0.0163 0.1273 0.0674 0.1043 0.1444 0.2141 0.3174 
 214 0.0045 0.0039 0.0164 0.0676 0.0911 0.3123 0.0662 0.1085 0.3295 
 215 0.0050 0.0043 0.0223 0.2063 0.1200 0.1279 0.0842 0.2518 0.1781 
 216 0.0067 0.0041 0.0165 0.0873 0.2489 0.1181 0.0903 0.1756 0.2525 
 217 0.0044 0.0041 0.0124 0.0861 0.1090 0.2820 0.0714 0.1064 0.3242 
 218 0.0053 0.0044 0.0154 0.0774 0.1226 0.1664 0.0972 0.2097 0.3016 
 219 0.0073 0.0048 0.0111 0.0726 0.2236 0.2437 0.0949 0.1175 0.2245 
 220 0.0051 0.0043 0.0177 0.1042 0.0963 0.1711 0.0706 0.3186 0.2121 
 221 0.0040 0.0038 0.0133 0.0644 0.0596 0.1589 0.0650 0.0719 0.5589 
 222 0.0061 0.0041 0.0114 0.0625 0.2660 0.1362 0.0896 0.1731 0.2509 
 223 0.0045 0.0046 0.0112 0.0745 0.1396 0.3044 0.0931 0.1586 0.2096 
 224 0.0052 0.0053 0.0131 0.0704 0.0971 0.3524 0.0668 0.1471 0.2425 
 225 0.0047 0.0042 0.0144 0.1293 0.0975 0.1600 0.0847 0.1604 0.3447 
 226 0.0064 0.0052 0.0180 0.0870 0.2011 0.1582 0.1537 0.1223 0.2481 
 227 0.0045 0.0050 0.0136 0.1413 0.0669 0.1967 0.0660 0.1640 0.3420 
 228 0.0044 0.0045 0.0160 0.2213 0.0617 0.3266 0.0638 0.0965 0.2053 
 229 0.0048 0.0043 0.0126 0.0397 0.1015 0.2972 0.0667 0.2017 0.2715 
 230 0.0051 0.0043 0.0175 0.0515 0.0988 0.2627 0.0664 0.2008 0.2929 
 231 0.0044 0.0044 0.0149 0.0487 0.1479 0.3576 0.0766 0.1653 0.1800 
 232 0.0051 0.0042 0.0146 0.0684 0.0761 0.1335 0.1504 0.1344 0.4134 
 233 0.0046 0.0039 0.0148 0.0551 0.0943 0.4527 0.0672 0.1095 0.1978 
 234 0.0043 0.0042 0.0140 0.0515 0.1881 0.2275 0.1044 0.2119 0.1941 
 235 0.0047 0.0043 0.0124 0.0895 0.1290 0.1817 0.0936 0.1536 0.3311 
 236 0.0045 0.0040 0.0160 0.0651 0.1362 0.3169 0.0824 0.1355 0.2394 
 237 0.0048 0.0043 0.0278 0.1429 0.0977 0.2023 0.0801 0.1909 0.2492 
 238 0.0043 0.0039 0.0130 0.0543 0.0928 0.2640 0.0760 0.1448 0.3468 
 239 0.0045 0.0045 0.0112 0.1213 0.0656 0.3535 0.0675 0.1144 0.2575 
 240 0.0043 0.0041 0.0131 0.0539 0.0928 0.2670 0.0764 0.1444 0.3440 
 241 0.0054 0.0042 0.0135 0.0669 0.0707 0.2047 0.0818 0.0914 0.4614 
 242 0.0051 0.0052 0.0123 0.0897 0.1438 0.2111 0.1101 0.1476 0.2751 
 243 0.0044 0.0039 0.0220 0.2490 0.0732 0.2066 0.0639 0.1259 0.2511 
 244 0.0047 0.0040 0.0167 0.0628 0.0954 0.3856 0.0668 0.1376 0.2264 
 245 0.0041 0.0042 0.0107 0.0661 0.0671 0.4008 0.0829 0.1043 0.2596 
 246 0.0044 0.0042 0.0125 0.0854 0.1078 0.2837 0.0711 0.1081 0.3228 
 247 0.0041 0.0039 0.0127 0.0754 0.0979 0.0827 0.1495 0.3787 0.1950 
 248 0.0048 0.0039 0.0208 0.1885 0.1154 0.1196 0.0816 0.3008 0.1646 
 249 0.0047 0.0040 0.0165 0.0528 0.0951 0.1939 0.0661 0.1456 0.4212 
 250 0.0048 0.0042 0.0165 0.0505 0.1421 0.2074 0.0803 0.1868 0.3073 
 251 0.0053 0.0043 0.0256 0.1461 0.2156 0.1415 0.1365 0.1312 0.1939 
 252 0.0046 0.0044 0.0106 0.0924 0.1026 0.1880 0.0861 0.1636 0.3477 
 253 0.0047 0.0041 0.0139 0.1112 0.1155 0.0988 0.1294 0.1889 0.3335 
 254 0.0056 0.0042 0.0117 0.0879 0.2284 0.1935 0.0759 0.1853 0.2074 
 255 0.0045 0.0044 0.0148 0.0543 0.1485 0.1756 0.0820 0.2443 0.2717 
 256 0.0047 0.0040 0.0158 0.0819 0.0982 0.1749 0.0769 0.1233 0.4203 
 257 0.0095 0.0069 0.0190 0.1162 0.1111 0.1558 0.0881 0.1988 0.2946 
 258 0.0041 0.0043 0.0178 0.2123 0.1113 0.1563 0.1157 0.2236 0.1546 
 259 0.0056 0.0049 0.0161 0.0761 0.1394 0.1516 0.0794 0.1951 0.3317 
 260 0.0057 0.0041 0.0119 0.0502 0.2375 0.2579 0.0770 0.1435 0.2122 
 261 0.0042 0.0042 0.0107 0.1305 0.0956 0.2819 0.0866 0.1157 0.2707 
 262 0.0044 0.0041 0.0136 0.1640 0.0677 0.2362 0.0702 0.0777 0.3620 
 263 0.0073 0.0043 0.0187 0.1283 0.1623 0.2016 0.0663 0.2088 0.2025 
 264 0.0078 0.0037 0.0154 0.0959 0.3733 0.0724 0.1037 0.1915 0.1364 
 265 0.0045 0.0044 0.0118 0.1123 0.1646 0.2381 0.0948 0.1831 0.1864 
 266 0.0044 0.0038 0.0137 0.0930 0.0615 0.3023 0.0668 0.0761 0.3784 
 267 0.0043 0.0041 0.0194 0.0679 0.1335 0.2041 0.0750 0.1927 0.2990 
 268 0.0043 0.0042 0.0192 0.1870 0.0849 0.1841 0.0781 0.1564 0.2818 
 269 0.0043 0.0043 0.0115 0.0719 0.2542 0.2426 0.1140 0.1171 0.1800 
 270 0.0067 0.0081 0.0165 0.0844 0.2087 0.1413 0.0958 0.2119 0.2265 
 271 0.0051 0.0043 0.0217 0.2090 0.1156 0.1422 0.0979 0.2185 0.1857 
 272 0.0062 0.0054 0.0277 0.1780 0.1504 0.1423 0.1451 0.1369 0.2080 
 273 0.0248 0.0402 0.0298 0.0638 0.1440 0.1871 0.1281 0.1600 0.2222 
 274 0.0054 0.0042 0.0159 0.1108 0.1828 0.1574 0.1145 0.1763 0.2326 
 275 0.0085 0.0235 0.0235 0.0966 0.2168 0.1942 0.0995 0.1257 0.2118 
 276 0.0063 0.0051 0.0274 0.1189 0.1274 0.0981 0.1217 0.1504 0.3446 
 277 0.0046 0.0045 0.0115 0.0619 0.1529 0.2125 0.0959 0.1627 0.2936 
 278 0.0044 0.0040 0.0206 0.2963 0.1115 0.1650 0.0840 0.1681 0.1462 
 279 0.0049 0.0041 0.0157 0.0827 0.1478 0.1822 0.0964 0.1594 0.3068 
 280 0.0046 0.0042 0.0130 0.1080 0.1707 0.1897 0.1273 0.1296 0.2529 
 281 0.0054 0.0042 0.0157 0.0989 0.1115 0.1590 0.1162 0.2498 0.2393 
 282 0.0042 0.0041 0.0118 0.0495 0.1408 0.3520 0.0828 0.1343 0.2205 
 283 0.0045 0.0046 0.0122 0.0478 0.0938 0.3407 0.0647 0.1475 0.2843 
 284 0.0045 0.0086 0.0205 0.0803 0.1255 0.2200 0.0995 0.2081 0.2330 
 285 0.0046 0.0040 0.0235 0.2546 0.1032 0.0732 0.1096 0.2768 0.1505 
 286 0.0048 0.0041 0.0175 0.0626 0.0947 0.3875 0.0668 0.1378 0.2242 
 287 0.0049 0.0046 0.0109 0.0726 0.1465 0.1841 0.1332 0.2079 0.2354 
 288 0.0063 0.0055 0.0183 0.0916 0.1861 0.1439 0.1250 0.1766 0.2467 
 289 0.0078 0.0087 0.0218 0.1250 0.1416 0.1166 0.1003 0.2709 0.2074 
 290 0.0074 0.0040 0.0322 0.1203 0.1617 0.1004 0.1055 0.1471 0.3213 
 291 0.0051 0.0043 0.0217 0.2088 0.1141 0.1422 0.0986 0.2192 0.1860 
 292 0.0045 0.0044 0.0116 0.1634 0.1123 0.1880 0.1296 0.0973 0.2890 
 293 0.0055 0.0038 0.0279 0.1500 0.2019 0.1052 0.1409 0.1663 0.1986 
 294 0.0081 0.0047 0.0175 0.1426 0.1515 0.1348 0.0739 0.1838 0.2832 
 295 0.0061 0.0127 0.0300 0.1529 0.1370 0.1257 0.1291 0.1404 0.2661 
 296 0.0053 0.0044 0.0233 0.1519 0.0970 0.1510 0.0906 0.2316 0.2449 
 297 0.0048 0.0042 0.0125 0.0731 0.1841 0.1201 0.1244 0.1777 0.2991 
 298 0.0044 0.0041 0.0116 0.0400 0.1461 0.2381 0.0812 0.1874 0.2871 
 299 0.0066 0.0047 0.0130 0.0619 0.1717 0.1575 0.0659 0.2894 0.2293 
 300 0.0054 0.0043 0.0208 0.1112 0.1023 0.1252 0.0936 0.2456 0.2917 
 301 0.0062 0.0078 0.0162 0.0823 0.3165 0.1380 0.0878 0.1305 0.2147 
 302 0.0078 0.0097 0.0234 0.2718 0.1384 0.1533 0.0752 0.1357 0.1847 
 303 0.0047 0.0043 0.0146 0.0625 0.1035 0.3066 0.0986 0.1424 0.2627 
 304 0.0057 0.0073 0.0146 0.0350 0.2198 0.3049 0.0909 0.1602 0.1617 
 305 0.0050 0.0090 0.0160 0.1307 0.0839 0.2926 0.0786 0.0997 0.2845 
 306 0.0048 0.0042 0.0122 0.0612 0.1192 0.2024 0.0828 0.1058 0.4074 
 307 0.0059 0.0049 0.0164 0.0739 0.1528 0.1686 0.0954 0.1386 0.3435 
 308 0.0043 0.0043 0.0108 0.1305 0.0950 0.2812 0.0870 0.1168 0.2701 
 309 0.0205 0.0294 0.0420 0.0975 0.0944 0.1537 0.0797 0.3255 0.1573 
 310 0.0046 0.0041 0.0161 0.1208 0.0881 0.2431 0.0666 0.1258 0.3309 
 311 0.0052 0.0045 0.0178 0.0503 0.0998 0.2627 0.0667 0.2005 0.2925 
 312 0.0047 0.0044 0.0184 0.1074 0.0757 0.1570 0.0709 0.3522 0.2092 
 313 0.0050 0.0045 0.0167 0.3534 0.0796 0.0944 0.0762 0.1648 0.2053 
 314 0.0047 0.0257 0.0137 0.0606 0.0658 0.4640 0.0797 0.0702 0.2157 
 315 0.0043 0.0291 0.0101 0.0683 0.0799 0.4528 0.1156 0.0723 0.1676 
 316 0.0071 0.0762 0.0116 0.0449 0.0916 0.4289 0.1264 0.0763 0.1369 
 317 0.0054 0.0257 0.0135 0.0372 0.0672 0.5164 0.0801 0.0722 0.1822 
 318 0.0051 0.0577 0.0115 0.0292 0.0726 0.5389 0.0838 0.0717 0.1297 
 319 0.0050 0.0043 0.0109 0.0375 0.0632 0.5108 0.0747 0.0722 0.2214 
 320 0.0049 0.0271 0.0136 0.0609 0.0655 0.4623 0.0797 0.0701 0.2159 
 321 0.0054 0.0689 0.0130 0.0329 0.0741 0.4473 0.0850 0.0722 0.2013 
 322 0.0081 0.0301 0.0141 0.0673 0.0832 0.3954 0.1199 0.0774 0.2045 
 323 0.0136 0.0232 0.0105 0.0317 0.0774 0.5326 0.0788 0.0726 0.1594 
 324 0.0056 0.0682 0.0131 0.0331 0.0738 0.4512 0.0839 0.0714 0.1998 
 325 0.0054 0.1065 0.0114 0.0398 0.0850 0.4277 0.1237 0.0747 0.1258 
 326 0.0062 0.3532 0.0111 0.0360 0.0774 0.1889 0.1049 0.0746 0.1476 
 327 0.0052 0.0271 0.0135 0.0372 0.0669 0.5130 0.0798 0.0719 0.1855 
 328 0.0049 0.0368 0.0115 0.0507 0.0826 0.3760 0.1196 0.0760 0.2419 
 329 0.0046 0.0072 0.0098 0.0289 0.0689 0.5508 0.0781 0.0704 0.1814 
 330 0.0054 0.0257 0.0131 0.0367 0.0674 0.5163 0.0808 0.0721 0.1824 
 331 0.0048 0.0155 0.0099 0.0298 0.0682 0.5721 0.0787 0.0719 0.1490 
 332 0.0080 0.3365 0.0109 0.0357 0.0806 0.1991 0.1074 0.0747 0.1471 
 333 0.0067 0.2548 0.0108 0.0403 0.0748 0.2425 0.1043 0.0770 0.1888 
 334 0.0050 0.0372 0.0116 0.0497 0.0825 0.3777 0.1193 0.0765 0.2405 
 335 0.0050 0.0122 0.0114 0.0572 0.0761 0.4381 0.1114 0.0742 0.2144 
 336 0.0090 0.2684 0.0113 0.0456 0.0734 0.2522 0.0817 0.0700 0.1885 
 337 0.0052 0.1233 0.0136 0.0474 0.0840 0.3278 0.1217 0.0744 0.2026 
 338 0.0056 0.2631 0.0106 0.0287 0.0742 0.3087 0.0833 0.0723 0.1536 
 339 0.0049 0.0144 0.0098 0.0294 0.0687 0.5730 0.0793 0.0724 0.1480 
 340 0.0047 0.0070 0.0097 0.0323 0.0626 0.5958 0.0739 0.0719 0.1422 
 341 0.0103 0.1246 0.0121 0.0320 0.0702 0.4143 0.0788 0.0746 0.1831 
 342 0.0051 0.0258 0.0129 0.0365 0.0669 0.5198 0.0806 0.0715 0.1809 
 343 0.0116 0.0480 0.0125 0.0828 0.0851 0.2957 0.1073 0.0724 0.2845 
 344 0.0047 0.0152 0.0101 0.0286 0.0685 0.5807 0.0783 0.0715 0.1424 
 345 0.0052 0.0266 0.0133 0.0369 0.0672 0.5146 0.0806 0.0719 0.1836 
 346 0.0052 0.0228 0.0113 0.0320 0.0666 0.5878 0.0802 0.0709 0.1232 
 347 0.0045 0.0070 0.0096 0.0316 0.0629 0.6025 0.0739 0.0704 0.1376 
 348 0.0045 0.0123 0.0113 0.0991 0.0717 0.3821 0.1041 0.0726 0.2424 
 349 0.0052 0.0264 0.0131 0.0367 0.0671 0.5191 0.0797 0.0722 0.1805 
 350 0.0045 0.0067 0.0099 0.0475 0.0675 0.5357 0.0785 0.0709 0.1788 
 351 0.0048 0.0131 0.0114 0.0569 0.0755 0.4381 0.1124 0.0738 0.2139 
 352 0.0052 0.0468 0.0139 0.0583 0.0793 0.4164 0.1194 0.0757 0.1850 
 353 0.0084 0.2708 0.0110 0.0458 0.0734 0.2505 0.0807 0.0706 0.1889 
 354 0.0071 0.0257 0.0121 0.0303 0.0718 0.5363 0.0815 0.0729 0.1623 
 355 0.0053 0.0562 0.0114 0.0290 0.0730 0.5404 0.0841 0.0719 0.1287 
 356 0.0041 0.0052 0.0110 0.0963 0.0709 0.3011 0.1018 0.0721 0.3374 
 357 0.0047 0.0053 0.0115 0.0461 0.1667 0.3579 0.1875 0.0873 0.1329 
 358 0.0051 0.2204 0.0105 0.0369 0.0792 0.2888 0.1095 0.0739 0.1756 
 359 0.0052 0.1526 0.0102 0.0302 0.0714 0.3932 0.0805 0.0738 0.1828 
 360 0.0054 0.0222 0.0115 0.0315 0.0669 0.5884 0.0797 0.0712 0.1233 
 361 0.0046 0.0055 0.0133 0.0582 0.1614 0.2556 0.1879 0.0888 0.2247 
 362 0.0054 0.0116 0.0139 0.0647 0.1212 0.1296 0.3024 0.1895 0.1616 
 363 0.0071 0.0074 0.0167 0.0531 0.1742 0.0753 0.2401 0.2894 0.1366 
 364 0.0118 0.0081 0.0223 0.0489 0.2456 0.1670 0.0971 0.1332 0.2660 
 365 0.0148 0.0089 0.0373 0.0522 0.2442 0.0870 0.2937 0.1234 0.1386 
 366 0.0060 0.0068 0.0209 0.1285 0.2353 0.1266 0.1464 0.1209 0.2085 
 367 0.0049 0.0043 0.0130 0.0346 0.0998 0.0609 0.3733 0.3169 0.0921 
 368 0.0053 0.0047 0.0148 0.0410 0.1366 0.0931 0.1382 0.3976 0.1687 
 369 0.0070 0.0135 0.0214 0.0675 0.1982 0.0997 0.1025 0.1241 0.3660 
 370 0.0126 0.0198 0.0258 0.0512 0.1519 0.0931 0.1161 0.3508 0.1788 
 371 0.0098 0.0221 0.0227 0.0542 0.3067 0.1103 0.0962 0.1673 0.2107 
 372 0.0436 0.0272 0.0460 0.0657 0.0988 0.1244 0.1115 0.2658 0.2171 
 373 0.0055 0.0045 0.0201 0.0397 0.1325 0.1109 0.1795 0.2768 0.2305 
 374 0.0067 0.0062 0.0324 0.0386 0.1755 0.1348 0.1743 0.1474 0.2841 
 375 0.0156 0.0087 0.0206 0.0349 0.2807 0.0731 0.1463 0.3022 0.1180 
 376 0.1094 0.0063 0.0147 0.0344 0.1962 0.0657 0.3293 0.1340 0.1098 
 377 0.0070 0.0163 0.0216 0.0926 0.1483 0.1113 0.2249 0.2482 0.1298 
 378 0.0056 0.0119 0.0185 0.0533 0.0718 0.1841 0.2519 0.2487 0.1542 
 379 0.1828 0.0091 0.0180 0.0400 0.1864 0.0595 0.2399 0.1611 0.1031 
 380 0.0111 0.0112 0.0181 0.0542 0.1456 0.1232 0.2756 0.0988 0.2623 
 381 0.0085 0.0054 0.0158 0.0726 0.2899 0.0964 0.1579 0.0814 0.2721 
 382 0.0051 0.0074 0.0129 0.0344 0.3509 0.0860 0.1854 0.2111 0.1069 
 383 0.0102 0.2023 0.0158 0.0365 0.1966 0.1036 0.2062 0.1118 0.1170 
 384 0.0426 0.0662 0.0253 0.0382 0.2873 0.1264 0.1403 0.1474 0.1263 
 385 0.0060 0.1053 0.1862 0.0337 0.1747 0.1297 0.1052 0.1235 0.1356 
 386 0.0042 0.0041 0.0130 0.0406 0.1642 0.0747 0.3452 0.2259 0.1280 
 387 0.0049 0.0043 0.0156 0.0500 0.2001 0.1069 0.3031 0.2129 0.1021 
 388 0.0147 0.0107 0.0397 0.0360 0.1907 0.1729 0.1687 0.1733 0.1933 
 389 0.0106 0.0180 0.1079 0.1704 0.1574 0.0868 0.0829 0.2157 0.1503 
 390 0.0188 0.0216 0.0251 0.0853 0.0997 0.0672 0.3665 0.1891 0.1268 
 391 0.0119 0.0121 0.0927 0.0675 0.1308 0.0917 0.1476 0.2303 0.2156 
 392 0.0072 0.0045 0.0112 0.0581 0.1604 0.1579 0.2879 0.1774 0.1354 
 393 0.0076 0.0067 0.0149 0.0690 0.1162 0.1132 0.4221 0.0885 0.1619 
 394 0.0048 0.0131 0.0108 0.0502 0.0953 0.2034 0.2896 0.1748 0.1579 
 395 0.0041 0.0038 0.0123 0.1023 0.0909 0.0990 0.2837 0.2609 0.1430 
 396 0.0052 0.0036 0.0133 0.0361 0.2459 0.0615 0.1668 0.3661 0.1013 
 397 0.0604 0.0048 0.0120 0.0612 0.2348 0.1396 0.0808 0.1476 0.2588 
 398 0.0416 0.0047 0.0111 0.0399 0.0829 0.0634 0.4857 0.1729 0.0979 
 399 0.0048 0.0099 0.0245 0.0523 0.0931 0.0768 0.2224 0.3724 0.1439 
 400 0.0068 0.0041 0.0162 0.0375 0.2115 0.0830 0.2664 0.1896 0.1850 
 401 0.0046 0.0041 0.0157 0.0791 0.0666 0.1065 0.2873 0.2821 0.1541 
 402 0.0064 0.0055 0.0193 0.1071 0.1562 0.1083 0.1634 0.2642 0.1695 
 403 0.0067 0.0052 0.0358 0.0535 0.1113 0.3120 0.1608 0.1350 0.1798 
 404 0.0066 0.0040 0.0237 0.0365 0.2452 0.0935 0.1512 0.2182 0.2211 
 405 0.0044 0.0048 0.0132 0.0601 0.1853 0.1051 0.2556 0.1614 0.2100 
 406 0.0043 0.0048 0.0128 0.0999 0.0988 0.1007 0.3117 0.1061 0.2610 
 407 0.0044 0.0037 0.0124 0.0331 0.1819 0.0608 0.4414 0.1525 0.1099 
 408 0.0041 0.0038 0.0127 0.1180 0.0653 0.0583 0.1437 0.4737 0.1204 
 409 0.0112 0.0087 0.0172 0.0447 0.0718 0.0886 0.2480 0.0980 0.4118 
 410 0.0843 0.0091 0.0183 0.0544 0.1124 0.1135 0.2860 0.1833 0.1386 
 411 0.0158 0.0202 0.0126 0.0880 0.2762 0.1357 0.1767 0.1466 0.1283 
 412 0.0050 0.0046 0.0145 0.0366 0.1659 0.0903 0.1762 0.3435 0.1636 
 413 0.0044 0.0106 0.0117 0.0424 0.1026 0.1771 0.1988 0.3062 0.1462 
 414 0.0042 0.0084 0.0217 0.0358 0.2085 0.0794 0.1192 0.4366 0.0864 
 415 0.0052 0.0042 0.0146 0.0799 0.2048 0.0699 0.2924 0.1639 0.1651 
 416 0.0059 0.0042 0.0363 0.0586 0.1261 0.0914 0.2611 0.1856 0.2309 
 417 0.0056 0.0065 0.0124 0.0390 0.1209 0.0672 0.4490 0.1685 0.1310 
 418 0.0070 0.0044 0.0128 0.0324 0.1658 0.0704 0.1978 0.3990 0.1105 
 419 0.0106 0.0084 0.0316 0.0552 0.1174 0.1601 0.2411 0.1725 0.2031 
 420 0.0042 0.0038 0.0152 0.1147 0.0701 0.0640 0.2928 0.2655 0.1697 
 421 0.0058 0.0059 0.0132 0.0414 0.0924 0.0680 0.3249 0.3020 0.1465 
 422 0.0062 0.0044 0.0154 0.1216 0.0906 0.0870 0.3173 0.1718 0.1856 
 423 0.0076 0.0047 0.0129 0.0580 0.2200 0.1234 0.2260 0.2189 0.1285 
 424 0.0078 0.0080 0.0381 0.1438 0.1002 0.1031 0.2572 0.2157 0.1262 
 425 0.0182 0.0080 0.0533 0.0553 0.2818 0.1447 0.1549 0.1506 0.1332 
 426 0.0289 0.0348 0.0396 0.0548 0.1431 0.1075 0.2296 0.1980 0.1638 
 427 0.0047 0.0087 0.0106 0.0345 0.0822 0.1529 0.4918 0.1232 0.0915 
 428 0.0200 0.0064 0.0135 0.0706 0.0795 0.1511 0.3463 0.1086 0.2041 
 429 0.0057 0.0042 0.0110 0.0330 0.1718 0.0605 0.3915 0.2233 0.0990 
 430 0.0050 0.0049 0.0128 0.0374 0.1114 0.0668 0.4851 0.1533 0.1234 
 431 0.0097 0.0123 0.0248 0.0572 0.1789 0.1315 0.1489 0.2779 0.1587 
 432 0.0052 0.0045 0.0141 0.0448 0.1204 0.0975 0.1730 0.3607 0.1799 
 433 0.0089 0.0060 0.0135 0.0819 0.1270 0.2203 0.1060 0.1901 0.2462 
 434 0.0052 0.0049 0.0157 0.0462 0.2146 0.1069 0.1484 0.1610 0.2971 
 435 0.0044 0.0044 0.0105 0.0450 0.0885 0.0625 0.5445 0.1478 0.0923 
 436 0.0060 0.0051 0.0133 0.0499 0.0999 0.0751 0.5093 0.0973 0.1441 
 437 0.0065 0.0046 0.0106 0.0481 0.4281 0.0713 0.1824 0.1434 0.1049 
 438 0.0053 0.0063 0.0137 0.0746 0.0630 0.0757 0.4293 0.1251 0.2070 
 439 0.0045 0.0045 0.0113 0.0329 0.0862 0.0700 0.5948 0.0878 0.1082 
 440 0.0039 0.0041 0.0128 0.0460 0.1454 0.0552 0.5086 0.1406 0.0834 
 441 0.0048 0.0056 0.0138 0.0397 0.1108 0.1003 0.4569 0.0999 0.1682 
 442 0.0061 0.0037 0.0319 0.0515 0.1998 0.0626 0.2547 0.2468 0.1428 
 443 0.0044 0.0045 0.0192 0.1316 0.0818 0.0585 0.4169 0.1792 0.1040 
 444 0.0061 0.0042 0.0301 0.0675 0.2139 0.0626 0.2941 0.1905 0.1309 
 445 0.0426 0.0051 0.0135 0.0517 0.0895 0.0910 0.3752 0.0905 0.2408 
 446 0.0503 0.0062 0.0127 0.0300 0.0738 0.0647 0.5198 0.1379 0.1046 
 447 0.0058 0.0053 0.0368 0.0598 0.1045 0.0924 0.3892 0.1173 0.1889 
 448 0.0047 0.0045 0.0133 0.0522 0.1637 0.0709 0.4062 0.1686 0.1160 
 449 0.0049 0.0047 0.0141 0.0470 0.1682 0.0950 0.3583 0.1343 0.1736 
 450 0.0075 0.0048 0.0170 0.0282 0.3039 0.1037 0.2718 0.1229 0.1402 
 451 0.0049 0.0043 0.0142 0.0634 0.1352 0.0568 0.1863 0.4472 0.0878 
 452 0.0055 0.0043 0.0124 0.0330 0.1684 0.1041 0.4033 0.1267 0.1423 
 453 0.0045 0.0050 0.0251 0.1538 0.0840 0.0738 0.2230 0.1675 0.2635 
 454 0.0046 0.0109 0.0114 0.0486 0.1626 0.1122 0.3913 0.1167 0.1416 
 455 0.0045 0.0054 0.0128 0.0577 0.0902 0.0599 0.5457 0.1147 0.1092 
 456 0.0054 0.0042 0.0154 0.1524 0.1334 0.0593 0.3972 0.1286 0.1041 
 457 0.0058 0.0043 0.0110 0.0448 0.2412 0.0712 0.3884 0.1185 0.1147 
 458 0.0441 0.0049 0.0130 0.0324 0.0962 0.0708 0.5046 0.1090 0.1248 
 459 0.0044 0.0048 0.0129 0.0347 0.0789 0.0958 0.5160 0.1054 0.1471 
 460 0.0044 0.0045 0.0126 0.0373 0.0815 0.0623 0.5764 0.1290 0.0920 
 461 0.0068 0.0043 0.0139 0.0282 0.1408 0.0656 0.4395 0.2049 0.0960 
 462 0.0076 0.0052 0.0632 0.0695 0.1822 0.0526 0.3427 0.1884 0.0887 
 463 0.0041 0.0055 0.0125 0.2016 0.0844 0.0764 0.3525 0.0997 0.1633 
 464 0.0040 0.0040 0.0114 0.0734 0.0764 0.0585 0.5156 0.1594 0.0973 
 465 0.0072 0.0049 0.0143 0.0654 0.0959 0.0676 0.3943 0.2148 0.1356 
 466 0.0041 0.0041 0.0119 0.1393 0.0803 0.0603 0.3970 0.1823 0.1207 
 467 0.0049 0.0057 0.0153 0.0522 0.1217 0.0855 0.4303 0.1314 0.1530 
 468 0.0049 0.0044 0.0109 0.0955 0.1698 0.0596 0.4512 0.1026 0.1011 
 469 0.0044 0.0044 0.0110 0.0343 0.0783 0.0623 0.6344 0.0799 0.0909 
 470 0.0042 0.0041 0.0100 0.0405 0.0745 0.0631 0.5875 0.1291 0.0871 
 471 0.0056 0.0040 0.0260 0.1451 0.1611 0.0731 0.2615 0.1873 0.1362 
 472 0.0064 0.0043 0.0175 0.0800 0.1737 0.0652 0.3356 0.1614 0.1559 
 473 0.0049 0.0050 0.0121 0.0695 0.1757 0.0958 0.3143 0.1575 0.1653 
 474 0.0047 0.0041 0.0129 0.0547 0.1566 0.0943 0.3888 0.1227 0.1611 
 475 0.0050 0.0042 0.0132 0.0474 0.0854 0.0949 0.3615 0.1976 0.1909 
 476 0.0067 0.0047 0.0126 0.0554 0.2666 0.0663 0.3628 0.1032 0.1217 
 477 0.0070 0.0054 0.0280 0.0660 0.1111 0.0792 0.3130 0.2119 0.1785 
 478 0.0078 0.0056 0.0320 0.0459 0.0841 0.0629 0.3635 0.3050 0.0932 
 479 0.0044 0.0042 0.0122 0.0366 0.1410 0.0624 0.5184 0.1284 0.0925 
 480 0.0058 0.0042 0.0104 0.0375 0.2165 0.0691 0.4482 0.1013 0.1071 
 481 0.0052 0.0037 0.0265 0.0664 0.2349 0.0732 0.2289 0.2225 0.1387 
 482 0.0055 0.0040 0.0106 0.0323 0.1564 0.0624 0.4938 0.1392 0.0959 
 483 0.0053 0.0057 0.0115 0.0345 0.0888 0.0707 0.5547 0.1109 0.1178 
 484 0.0052 0.0047 0.0179 0.1126 0.0755 0.0664 0.4809 0.1097 0.1270 
 485 0.0050 0.0059 0.0115 0.0440 0.0793 0.0631 0.5826 0.1124 0.0963 
 486 0.0084 0.0051 0.0379 0.2022 0.1905 0.0915 0.1146 0.1848 0.1650 
 487 0.0089 0.0056 0.0354 0.0877 0.2368 0.1714 0.0992 0.1609 0.1942 
 488 0.0079 0.0055 0.0815 0.0976 0.1478 0.1812 0.1037 0.2600 0.1148 
 489 0.0071 0.0055 0.0172 0.0765 0.2961 0.0974 0.0730 0.1258 0.3013 
 490 0.0060 0.0040 0.0232 0.1414 0.1755 0.0675 0.1577 0.3063 0.1184 
 491 0.0075 0.0049 0.0575 0.0700 0.1566 0.1339 0.0911 0.1488 0.3298 
 492 0.0048 0.0054 0.0508 0.0961 0.0912 0.2472 0.1099 0.2273 0.1674 
 493 0.0082 0.0053 0.0641 0.1358 0.2460 0.1549 0.0721 0.2156 0.0981 
 494 0.0229 0.0046 0.0442 0.0817 0.2147 0.1153 0.0961 0.1359 0.2845 
 495 0.0243 0.0060 0.1220 0.0995 0.1344 0.1803 0.0937 0.1984 0.1414 
 496 0.0053 0.0052 0.0116 0.0751 0.1073 0.1488 0.1220 0.1287 0.3961 
 497 0.0138 0.0084 0.0982 0.0886 0.1962 0.2202 0.0866 0.1263 0.1617 
 498 0.0095 0.0058 0.0566 0.0742 0.2084 0.0690 0.1077 0.2296 0.2391 
 499 0.0180 0.0062 0.0207 0.0937 0.1837 0.2361 0.0907 0.1073 0.2435 
 500 0.0105 0.0045 0.0169 0.1105 0.3774 0.1328 0.0927 0.1204 0.1344 
 501 0.0084 0.0044 0.0194 0.0426 0.2229 0.1546 0.1387 0.1503 0.2586 
 502 0.0066 0.0045 0.0393 0.0335 0.1242 0.1735 0.1391 0.2244 0.2549 
 503 0.0061 0.0041 0.0141 0.0600 0.3072 0.0839 0.1728 0.2152 0.1368 
 504 0.0080 0.0047 0.0956 0.0812 0.1069 0.0791 0.1268 0.3088 0.1890 
 505 0.0072 0.0041 0.0293 0.1204 0.1402 0.1051 0.0845 0.1813 0.3279 
 506 0.0059 0.0042 0.0390 0.0425 0.1092 0.1459 0.1078 0.2479 0.2976 
 507 0.0061 0.0049 0.0112 0.0813 0.0721 0.2772 0.0783 0.0812 0.3877 
 508 0.0129 0.0066 0.0192 0.1183 0.0805 0.2894 0.0697 0.0986 0.3047 
 509 0.0063 0.0041 0.0214 0.1044 0.1071 0.2122 0.1035 0.1490 0.2921 
 510 0.0131 0.0042 0.0158 0.0502 0.2574 0.2173 0.0776 0.1406 0.2239 
 511 0.0085 0.0046 0.0322 0.0605 0.2258 0.0843 0.2042 0.1883 0.1916 
 512 0.0064 0.0037 0.0216 0.0418 0.3607 0.0722 0.1953 0.1869 0.1113 
 513 0.0058 0.0051 0.3717 0.1165 0.0652 0.1099 0.0621 0.1463 0.1174 
 514 0.0067 0.0079 0.0156 0.0449 0.0906 0.1375 0.1513 0.3943 0.1512 
 515 0.0097 0.0052 0.0183 0.1144 0.1222 0.2147 0.2732 0.1078 0.1346 
 516 0.0078 0.0049 0.0179 0.1065 0.0855 0.0897 0.1053 0.3555 0.2271 
 517 0.0063 0.0056 0.0129 0.1216 0.0825 0.1688 0.2390 0.1653 0.1980 
 518 0.0495 0.0051 0.0136 0.0417 0.2586 0.2319 0.0893 0.1448 0.1655 
 519 0.0054 0.0044 0.0235 0.0453 0.0862 0.0987 0.1652 0.3518 0.2194 
 520 0.0059 0.0060 0.0126 0.1275 0.0818 0.2056 0.2227 0.0884 0.2494 
 521 0.0050 0.1078 0.0124 0.0567 0.0872 0.1912 0.1011 0.2434 0.1951 
 522 0.0161 0.0056 0.0158 0.2027 0.2519 0.1180 0.1544 0.1337 0.1018 
 523 0.0068 0.0144 0.0130 0.1781 0.0742 0.1642 0.1712 0.1252 0.2529 
 524 0.0065 0.0058 0.0115 0.1118 0.0871 0.1582 0.3436 0.1436 0.1319 
 525 0.0658 0.0069 0.0121 0.0721 0.1248 0.2077 0.1810 0.0966 0.2329 
 526 0.0050 0.0052 0.0112 0.1519 0.0715 0.0907 0.3310 0.0959 0.2375 
 527 0.0574 0.0045 0.0238 0.0373 0.2551 0.1182 0.1198 0.2601 0.1237 
 528 0.0043 0.0086 0.0115 0.0632 0.0972 0.3935 0.0807 0.1724 0.1686 
 529 0.0696 0.0060 0.0217 0.0685 0.1084 0.1519 0.1091 0.2458 0.2190 
 530 0.0056 0.0047 0.0220 0.0776 0.2558 0.1341 0.1901 0.1336 0.1765 
 531 0.0057 0.0102 0.0143 0.0523 0.1002 0.3220 0.2420 0.1068 0.1465 
 532 0.0125 0.0174 0.0163 0.0896 0.1933 0.2828 0.0756 0.2020 0.1105 
 533 0.0533 0.0057 0.0140 0.1117 0.1814 0.1362 0.1734 0.1699 0.1545 
 534 0.0637 0.0054 0.0288 0.2180 0.0676 0.1985 0.0750 0.1835 0.1595 
 535 0.0048 0.0049 0.0139 0.1179 0.0786 0.0905 0.2652 0.1775 0.2466 
 536 0.0055 0.0057 0.0158 0.0444 0.1043 0.1111 0.2041 0.1707 0.3383 
 537 0.0053 0.0113 0.0171 0.0508 0.0966 0.0957 0.0985 0.1240 0.5008 
 538 0.0041 0.0050 0.0131 0.0764 0.1154 0.1120 0.1263 0.1499 0.3977 
 539 0.0042 0.0041 0.0121 0.0419 0.0902 0.1860 0.0653 0.0993 0.4968 
 540 0.0050 0.1262 0.0130 0.1141 0.1214 0.1200 0.1337 0.1354 0.2313 
 541 0.0070 0.0400 0.0219 0.0692 0.1192 0.2524 0.1606 0.1017 0.2280 
 542 0.0051 0.0044 0.0257 0.1193 0.1076 0.0789 0.2616 0.1280 0.2695 
 543 0.0069 0.0770 0.0257 0.1855 0.0763 0.1574 0.1594 0.1499 0.1620 
 544 0.0042 0.0098 0.0163 0.1783 0.0922 0.1027 0.1940 0.1203 0.2822 
 545 0.0050 0.0056 0.0236 0.2007 0.0869 0.0641 0.2825 0.1560 0.1756 
 546 0.0046 0.0095 0.0294 0.1121 0.1149 0.1178 0.1508 0.1245 0.3363 
 547 0.0053 0.0067 0.0202 0.2107 0.0680 0.0999 0.1594 0.1024 0.3274 
 548 0.0049 0.0041 0.0160 0.0512 0.1390 0.2066 0.0804 0.1870 0.3107 
 549 0.0057 0.0061 0.0140 0.0400 0.0692 0.1130 0.2132 0.0875 0.4514 
 550 0.0041 0.0046 0.0178 0.0971 0.0931 0.0702 0.3067 0.1485 0.2579 
 551 0.0061 0.0060 0.0135 0.0425 0.0785 0.1610 0.1330 0.0971 0.4623 
 552 0.0044 0.0040 0.0129 0.0891 0.1122 0.1257 0.0958 0.1323 0.4236 
 553 0.0072 0.0251 0.0293 0.2728 0.0697 0.1392 0.1051 0.1165 0.2351 
 554 0.0063 0.1491 0.0157 0.0819 0.2099 0.0944 0.1307 0.1535 0.1585 
 555 0.0059 0.0115 0.0329 0.0602 0.1133 0.1283 0.0964 0.1230 0.4285 
 556 0.0046 0.0075 0.0140 0.0595 0.1082 0.0974 0.1132 0.1509 0.4446 
 557 0.0046 0.0140 0.0165 0.0609 0.0950 0.1004 0.3439 0.1520 0.2127 
 558 0.0056 0.0037 0.0104 0.0287 0.1403 0.0629 0.5344 0.1204 0.0936 
 559 0.0057 0.0062 0.0133 0.0963 0.1341 0.0880 0.1192 0.3281 0.2091 
 560 0.0043 0.0039 0.0230 0.0341 0.0765 0.0534 0.3507 0.3643 0.0898 
 561 0.0052 0.0041 0.0222 0.0746 0.1233 0.0656 0.3290 0.2614 0.1146 
 562 0.0054 0.0049 0.0221 0.1140 0.1697 0.0532 0.1804 0.3578 0.0925 
 563 0.0087 0.0049 0.0388 0.0480 0.0811 0.1012 0.2426 0.2049 0.2699 
 564 0.0079 0.0162 0.0167 0.2053 0.1442 0.1268 0.1091 0.2444 0.1296 
 565 0.0046 0.0039 0.0113 0.0322 0.1627 0.0691 0.4835 0.1127 0.1200 
 566 0.0040 0.0041 0.0154 0.0436 0.1469 0.0560 0.3210 0.3220 0.0869 
 567 0.0054 0.0050 0.0180 0.0722 0.1630 0.0839 0.0989 0.4175 0.1360 
 568 0.0051 0.0045 0.0112 0.0800 0.0892 0.0876 0.2669 0.2812 0.1742 
 569 0.0066 0.0144 0.0127 0.1344 0.2571 0.1012 0.1903 0.1696 0.1137 
 570 0.0061 0.0046 0.0106 0.0362 0.3997 0.0608 0.2099 0.1843 0.0878 
 571 0.0046 0.0054 0.0127 0.0551 0.0888 0.0842 0.2269 0.3999 0.1225 
 572 0.0041 0.0050 0.0204 0.1830 0.1335 0.1090 0.1438 0.0929 0.3085 
 573 0.0067 0.0103 0.0139 0.1257 0.1118 0.1199 0.2094 0.2513 0.1511 
 574 0.0061 0.0110 0.0134 0.0539 0.3356 0.1245 0.1517 0.0999 0.2039 
 575 0.0049 0.0042 0.0132 0.0384 0.0863 0.1060 0.2409 0.2870 0.2190 
 576 0.0050 0.0049 0.0288 0.0368 0.1576 0.0589 0.2645 0.3570 0.0866 
 577 0.0064 0.0046 0.0139 0.0401 0.2980 0.1061 0.1496 0.1274 0.2539 
 578 0.0049 0.0058 0.0288 0.0539 0.1260 0.0821 0.2892 0.2732 0.1360 
 579 0.0054 0.0091 0.0335 0.0638 0.1491 0.0905 0.3023 0.2351 0.1111 
