   1 0.0301 0.0812 0.3208 0.1786 0.3893 
   2 0.0173 0.0186 0.0491 0.8008 0.1141 
   3 0.0085 0.0777 0.1831 0.1949 0.5359 
   4 0.0114 0.0502 0.5916 0.1976 0.1492 
   5 0.0244 0.0216 0.0504 0.7521 0.1515 
   6 0.0091 0.0175 0.0647 0.1508 0.7579 
   7 0.0159 0.0151 0.0477 0.1982 0.7231 
   8 0.0132 0.0358 0.3602 0.2081 0.3827 
   9 0.0366 0.0397 0.1008 0.4650 0.3579 
  10 0.0234 0.0156 0.1877 0.2767 0.4965 
  11 0.0365 0.0169 0.0532 0.1733 0.7201 
  12 0.0180 0.0237 0.0810 0.7008 0.1765 
  13 0.0241 0.0251 0.0953 0.3887 0.4668 
  14 0.0112 0.1002 0.1284 0.5277 0.2326 
  15 0.0111 0.0357 0.1971 0.5119 0.2442 
  16 0.0225 0.0330 0.0930 0.1395 0.7120 
  17 0.0236 0.0404 0.0914 0.4483 0.3963 
  18 0.0135 0.0315 0.1155 0.4189 0.4206 
  19 0.0151 0.0180 0.0821 0.3297 0.5551 
  20 0.0165 0.0437 0.0836 0.4939 0.3622 
  21 0.0146 0.0745 0.2531 0.4295 0.2282 
  22 0.0134 0.0247 0.1220 0.1757 0.6641 
  23 0.0443 0.1987 0.2459 0.3530 0.1582 
  24 0.0192 0.0410 0.2830 0.2140 0.4428 
  25 0.0140 0.0221 0.0407 0.3451 0.5782 
  26 0.0147 0.0339 0.1656 0.4633 0.3225 
  27 0.0283 0.0605 0.1396 0.2874 0.4843 
  28 0.0192 0.0251 0.3425 0.2369 0.3764 
  29 0.0347 0.0424 0.0762 0.5481 0.2986 
  30 0.0178 0.0403 0.0967 0.1654 0.6798 
  31 0.0221 0.0487 0.1605 0.3956 0.3731 
  32 0.0116 0.0434 0.1809 0.4577 0.3065 
  33 0.0194 0.1019 0.1833 0.2027 0.4926 
  34 0.0807 0.0199 0.0907 0.1476 0.6612 
  35 0.0673 0.1286 0.0736 0.4012 0.3293 
  36 0.0109 0.5240 0.0680 0.1189 0.2783 
  37 0.0122 0.0446 0.1884 0.5879 0.1668 
  38 0.0423 0.1069 0.0436 0.1115 0.6957 
  39 0.0534 0.0913 0.0751 0.2266 0.5536 
  40 0.0169 0.4490 0.1811 0.1401 0.2130 
  41 0.0642 0.4463 0.0511 0.0933 0.3451 
  42 0.0271 0.3424 0.3302 0.1114 0.1888 
  43 0.0220 0.3567 0.1208 0.3448 0.1556 
  44 0.0203 0.5136 0.0435 0.1449 0.2777 
  45 0.0383 0.2622 0.0496 0.2829 0.3670 
  46 0.0180 0.0701 0.0589 0.3505 0.5025 
  47 0.0434 0.0395 0.1024 0.4196 0.3952 
  48 0.0241 0.5391 0.0485 0.1402 0.2482 
  49 0.0953 0.1226 0.0917 0.3459 0.3446 
  50 0.0264 0.0434 0.1100 0.2192 0.6010 
  51 0.0098 0.7975 0.0355 0.0672 0.0900 
  52 0.0513 0.1018 0.1027 0.1990 0.5452 
  53 0.0185 0.0527 0.0980 0.1030 0.7279 
  54 0.0256 0.0618 0.1128 0.6711 0.1288 
  55 0.0164 0.3023 0.0710 0.4876 0.1227 
  56 0.0561 0.2501 0.1056 0.2481 0.3401 
  57 0.0289 0.0173 0.2043 0.4265 0.3231 
  58 0.0418 0.2346 0.1012 0.3529 0.2694 
  59 0.1203 0.2252 0.0749 0.2043 0.3753 
  60 0.0098 0.5348 0.1403 0.1487 0.1664 
  61 0.0177 0.2736 0.1430 0.4793 0.0865 
  62 0.1817 0.0284 0.0730 0.4136 0.3033 
  63 0.0231 0.1829 0.1382 0.3978 0.2580 
  64 0.0338 0.0297 0.0544 0.2376 0.6444 
  65 0.0315 0.0270 0.0365 0.6148 0.2902 
  66 0.0120 0.0415 0.1235 0.7089 0.1142 
  67 0.0220 0.2450 0.0594 0.5356 0.1380 
  68 0.0656 0.2354 0.0985 0.2337 0.3668 
  69 0.2699 0.1170 0.1303 0.0912 0.3917 
  70 0.0117 0.5665 0.0759 0.1387 0.2071 
  71 0.0654 0.4154 0.0362 0.1901 0.2930 
  72 0.0140 0.1408 0.0598 0.2196 0.5658 
  73 0.0962 0.1823 0.0498 0.4948 0.1770 
  74 0.0126 0.3787 0.1531 0.1353 0.3203 
  75 0.0130 0.5243 0.1582 0.1651 0.1394 
  76 0.0123 0.1953 0.0718 0.4864 0.2342 
  77 0.0757 0.4132 0.0470 0.1476 0.3165 
  78 0.0794 0.3784 0.0509 0.1026 0.3888 
  79 0.0169 0.0139 0.0568 0.3544 0.5580 
  80 0.0140 0.0167 0.5429 0.2158 0.2107 
  81 0.0102 0.0131 0.3628 0.3140 0.2999 
  82 0.0243 0.0547 0.1172 0.6530 0.1508 
  83 0.0084 0.0308 0.2860 0.2669 0.4078 
  84 0.0097 0.0190 0.2033 0.4469 0.3211 
  85 0.0083 0.0271 0.3140 0.3103 0.3403 
  86 0.0267 0.0648 0.0615 0.6288 0.2182 
  87 0.0122 0.0299 0.0640 0.3391 0.5547 
  88 0.0104 0.0235 0.1924 0.6102 0.1635 
  89 0.0087 0.0173 0.2273 0.6217 0.1249 
  90 0.0127 0.0160 0.0595 0.6466 0.2651 
  91 0.0071 0.0321 0.5160 0.2206 0.2242 
  92 0.0116 0.0183 0.0898 0.6263 0.2541 
  93 0.0103 0.0169 0.7757 0.1090 0.0881 
  94 0.0094 0.0244 0.0566 0.0925 0.8172 
  95 0.0113 0.0203 0.1148 0.6807 0.1729 
  96 0.0145 0.3016 0.2545 0.3454 0.0840 
  97 0.0155 0.2654 0.2155 0.2742 0.2295 
  98 0.0380 0.2624 0.1352 0.2961 0.2684 
  99 0.0102 0.0152 0.1539 0.5604 0.2602 
 100 0.0106 0.0247 0.5692 0.3184 0.0772 
 101 0.0097 0.0473 0.0797 0.6217 0.2417 
 102 0.0346 0.0784 0.3733 0.3007 0.2129 
 103 0.0150 0.0231 0.0915 0.7742 0.0961 
 104 0.0283 0.0443 0.0838 0.4380 0.4056 
 105 0.0990 0.0333 0.1034 0.6557 0.1086 
 106 0.0129 0.0276 0.0289 0.1700 0.7607 
 107 0.0263 0.0298 0.0942 0.6725 0.1772 
 108 0.0095 0.3842 0.0485 0.3388 0.2190 
 109 0.3255 0.0429 0.0320 0.2511 0.3485 
 110 0.0343 0.0217 0.0388 0.2095 0.6957 
 111 0.2009 0.0248 0.0461 0.3936 0.3346 
 112 0.5685 0.0229 0.0336 0.0778 0.2972 
 113 0.0219 0.0645 0.0769 0.6193 0.2174 
 114 0.1165 0.0313 0.1029 0.4195 0.3298 
 115 0.0977 0.1734 0.0614 0.3975 0.2699 
 116 0.0282 0.0979 0.0349 0.2890 0.5500 
 117 0.2795 0.0374 0.0527 0.2191 0.4112 
 118 0.0432 0.0278 0.0440 0.7551 0.1299 
 119 0.0097 0.3828 0.2486 0.2233 0.1356 
 120 0.2106 0.0476 0.0613 0.3911 0.2894 
 121 0.2200 0.2113 0.0453 0.3205 0.2029 
 122 0.0596 0.0226 0.0427 0.2336 0.6415 
 123 0.0494 0.0358 0.0646 0.4286 0.4216 
 124 0.1273 0.1039 0.0472 0.2959 0.4258 
 125 0.1437 0.0677 0.0612 0.0987 0.6286 
 126 0.0173 0.1072 0.0793 0.2393 0.5569 
 127 0.0912 0.0340 0.0534 0.3611 0.4603 
 128 0.0359 0.0278 0.0439 0.7848 0.1075 
 129 0.0202 0.0232 0.0335 0.8139 0.1093 
 130 0.1257 0.0196 0.0969 0.4778 0.2801 
 131 0.1245 0.1504 0.0385 0.2209 0.4656 
 132 0.0264 0.0273 0.0339 0.3908 0.5215 
 133 0.0378 0.0472 0.0592 0.6236 0.2323 
 134 0.0655 0.0151 0.0254 0.1303 0.7637 
 135 0.0338 0.1177 0.5013 0.2585 0.0887 
 136 0.0128 0.0157 0.7843 0.1013 0.0859 
 137 0.0320 0.0145 0.7561 0.1088 0.0886 
 138 0.0079 0.0247 0.8080 0.0766 0.0828 
 139 0.0194 0.1111 0.3036 0.4524 0.1134 
 140 0.0162 0.0592 0.5099 0.2202 0.1944 
 141 0.0143 0.0246 0.7173 0.1072 0.1366 
 142 0.0264 0.1554 0.5252 0.2071 0.0861 
 143 0.0072 0.0165 0.8429 0.0742 0.0592 
 144 0.0309 0.0167 0.7646 0.1068 0.0810 
 145 0.0200 0.0343 0.6093 0.1799 0.1566 
 146 0.0171 0.0414 0.4998 0.2376 0.2041 
 147 0.0078 0.0131 0.8447 0.0695 0.0649 
 148 0.0260 0.0469 0.5688 0.2223 0.1359 
 149 0.0131 0.0388 0.7628 0.0969 0.0884 
 150 0.0404 0.0213 0.5485 0.2676 0.1222 
 151 0.0105 0.0196 0.7531 0.1353 0.0815 
 152 0.0178 0.0940 0.5273 0.2014 0.1596 
 153 0.0115 0.0430 0.7320 0.0964 0.1171 
 154 0.0127 0.0274 0.7420 0.1340 0.0839 
 155 0.0083 0.0190 0.7887 0.1056 0.0784 
 156 0.0185 0.0986 0.6432 0.1648 0.0749 
 157 0.0126 0.0211 0.6405 0.1665 0.1593 
 158 0.0204 0.0258 0.6776 0.1320 0.1441 
 159 0.0093 0.0135 0.8329 0.0824 0.0620 
 160 0.0095 0.0136 0.8145 0.0998 0.0627 
 161 0.0145 0.0337 0.6547 0.1545 0.1426 
 162 0.0158 0.0433 0.4074 0.3320 0.2015 
 163 0.0087 0.0274 0.8057 0.0870 0.0711 
 164 0.0117 0.0211 0.3756 0.4623 0.1293 
 165 0.0447 0.0197 0.6298 0.1975 0.1082 
 166 0.0100 0.0620 0.5096 0.2379 0.1805 
 167 0.0124 0.0210 0.6526 0.1741 0.1399 
 168 0.0093 0.0473 0.7134 0.0968 0.1331 
 169 0.0287 0.0505 0.4448 0.1307 0.3453 
 170 0.0110 0.0596 0.6631 0.1869 0.0794 
 171 0.0107 0.0454 0.5304 0.2544 0.1591 
 172 0.0173 0.1695 0.5386 0.0954 0.1791 
 173 0.0089 0.0173 0.7852 0.1245 0.0640 
 174 0.0093 0.0147 0.7688 0.1213 0.0858 
 175 0.0085 0.0208 0.8071 0.0798 0.0837 
 176 0.0314 0.0162 0.7661 0.1064 0.0800 
 177 0.0156 0.0313 0.5147 0.1924 0.2460 
 178 0.0103 0.0165 0.7037 0.1417 0.1278 
 179 0.0069 0.0140 0.8337 0.0796 0.0657 
 180 0.0164 0.0357 0.6227 0.1554 0.1697 
 181 0.0154 0.0415 0.6428 0.1981 0.1022 
 182 0.0112 0.0273 0.6786 0.2218 0.0611 
 183 0.0074 0.0170 0.8068 0.1000 0.0688 
 184 0.0126 0.0251 0.0523 0.7737 0.1363 
 185 0.0142 0.0942 0.7534 0.0799 0.0583 
 186 0.0096 0.0208 0.0462 0.7822 0.1412 
 187 0.0090 0.0261 0.2445 0.6175 0.1030 
 188 0.0110 0.0201 0.0370 0.8225 0.1093 
 189 0.0097 0.0467 0.3356 0.2029 0.4051 
 190 0.0127 0.3981 0.2760 0.2610 0.0522 
 191 0.0136 0.0175 0.0814 0.7980 0.0895 
 192 0.0113 0.0214 0.1936 0.6536 0.1200 
 193 0.0191 0.0400 0.2166 0.5723 0.1520 
 194 0.0103 0.0488 0.1799 0.6530 0.1080 
 195 0.0085 0.0584 0.4516 0.4186 0.0628 
 196 0.0165 0.1963 0.2010 0.4995 0.0868 
 197 0.0146 0.0477 0.1261 0.5887 0.2229 
 198 0.0107 0.0432 0.1586 0.5308 0.2567 
 199 0.0142 0.2267 0.1929 0.4680 0.0982 
 200 0.0425 0.1971 0.1986 0.3678 0.1941 
 201 0.0103 0.0461 0.5573 0.3050 0.0813 
 202 0.0122 0.0969 0.5695 0.2431 0.0782 
 203 0.0149 0.0323 0.4566 0.4277 0.0684 
 204 0.0096 0.0456 0.1610 0.7225 0.0613 
 205 0.0095 0.0660 0.1150 0.7062 0.1033 
 206 0.0098 0.0304 0.1322 0.7598 0.0678 
 207 0.0170 0.0498 0.0806 0.7808 0.0718 
 208 0.0126 0.0779 0.3018 0.5322 0.0755 
 209 0.0178 0.0324 0.1379 0.7039 0.1079 
 210 0.0110 0.0309 0.1545 0.7307 0.0729 
 211 0.0446 0.1968 0.1466 0.5382 0.0738 
 212 0.0113 0.0428 0.6644 0.1743 0.1071 
 213 0.0134 0.1686 0.1033 0.5659 0.1488 
 214 0.0168 0.0495 0.5795 0.2721 0.0821 
 215 0.0134 0.0425 0.0647 0.7900 0.0893 
 216 0.0133 0.0282 0.0685 0.7485 0.1414 
 217 0.0111 0.0670 0.5041 0.3118 0.1060 
 218 0.0096 0.0254 0.1155 0.7499 0.0997 
 219 0.0097 0.0276 0.2254 0.5175 0.2198 
 220 0.0113 0.0233 0.0793 0.8186 0.0674 
 221 0.0099 0.0914 0.7396 0.1015 0.0576 
 222 0.0106 0.0254 0.1103 0.6580 0.1957 
 223 0.0097 0.0360 0.3590 0.4607 0.1347 
 224 0.0108 0.0266 0.2845 0.6063 0.0717 
 225 0.0098 0.0540 0.1595 0.6965 0.0801 
 226 0.0157 0.0593 0.1664 0.4887 0.2698 
 227 0.0100 0.1258 0.2690 0.5145 0.0807 
 228 0.0200 0.1516 0.4178 0.3501 0.0605 
 229 0.0104 0.0174 0.3196 0.5725 0.0802 
 230 0.0119 0.0207 0.2130 0.6882 0.0662 
 231 0.0145 0.0190 0.2939 0.5675 0.1051 
 232 0.0131 0.0731 0.2623 0.4889 0.1626 
 233 0.0142 0.0343 0.6354 0.2344 0.0817 
 234 0.0155 0.0233 0.1741 0.6239 0.1631 
 235 0.0106 0.0661 0.3276 0.4311 0.1647 
 236 0.0156 0.0323 0.3602 0.4878 0.1040 
 237 0.0175 0.0535 0.1053 0.7398 0.0839 
 238 0.0146 0.0476 0.5171 0.3149 0.1058 
 239 0.0092 0.0561 0.4483 0.4238 0.0627 
 240 0.0141 0.0497 0.5153 0.3146 0.1063 
 241 0.0102 0.0448 0.5653 0.3062 0.0735 
 242 0.0124 0.0374 0.2263 0.4779 0.2460 
 243 0.0183 0.1951 0.2162 0.5099 0.0605 
 244 0.0155 0.0277 0.3592 0.5293 0.0683 
 245 0.0086 0.0477 0.7313 0.1353 0.0771 
 246 0.0112 0.0644 0.5069 0.3098 0.1077 
 247 0.0139 0.0530 0.0463 0.6686 0.2181 
 248 0.0150 0.0420 0.0513 0.8043 0.0874 
 249 0.0149 0.0344 0.3758 0.4920 0.0829 
 250 0.0128 0.0224 0.2145 0.6551 0.0951 
 251 0.0285 0.0610 0.1175 0.4933 0.2997 
 252 0.0085 0.0450 0.2562 0.5920 0.0983 
 253 0.0111 0.0821 0.0868 0.6426 0.1774 
 254 0.0113 0.0293 0.1228 0.6934 0.1432 
 255 0.0129 0.0278 0.2146 0.5939 0.1507 
 256 0.0139 0.0675 0.3354 0.4974 0.0859 
 257 0.0121 0.0356 0.1285 0.7403 0.0835 
 258 0.0154 0.1013 0.1115 0.6365 0.1354 
 259 0.0114 0.0264 0.0984 0.7852 0.0785 
 260 0.0125 0.0247 0.2716 0.5101 0.1811 
 261 0.0096 0.0711 0.4219 0.4002 0.0971 
 262 0.0098 0.1715 0.5219 0.2263 0.0705 
 263 0.0144 0.0299 0.0711 0.8048 0.0798 
 264 0.0184 0.0355 0.0424 0.4940 0.4097 
 265 0.0096 0.0386 0.2057 0.5975 0.1487 
 266 0.0091 0.0645 0.7409 0.1271 0.0583 
 267 0.0223 0.0417 0.2328 0.5724 0.1308 
 268 0.0170 0.1941 0.1987 0.5034 0.0868 
 269 0.0139 0.0320 0.2782 0.3101 0.3658 
 270 0.0134 0.0251 0.0707 0.7651 0.1257 
 271 0.0145 0.0553 0.0847 0.7518 0.0937 
 272 0.0201 0.1159 0.1101 0.5477 0.2062 
 273 0.0309 0.0684 0.2611 0.4593 0.1804 
 274 0.0116 0.0362 0.1228 0.6842 0.1453 
 275 0.0224 0.0476 0.1762 0.6076 0.1462 
 276 0.0257 0.1633 0.0978 0.4985 0.2147 
 277 0.0100 0.0292 0.2716 0.5566 0.1327 
 278 0.0155 0.0843 0.0934 0.7180 0.0888 
 279 0.0119 0.0322 0.1700 0.6825 0.1033 
 280 0.0142 0.0746 0.1901 0.4890 0.2320 
 281 0.0100 0.0302 0.1145 0.7332 0.1120 
 282 0.0126 0.0253 0.4797 0.3460 0.1363 
 283 0.0105 0.0278 0.5594 0.3005 0.1018 
 284 0.0187 0.0381 0.2118 0.6184 0.1130 
 285 0.0218 0.0871 0.0391 0.7247 0.1273 
 286 0.0157 0.0274 0.3581 0.5301 0.0687 
 287 0.0083 0.0286 0.1944 0.5488 0.2198 
 288 0.0144 0.0453 0.1063 0.6339 0.2001 
 289 0.0195 0.0603 0.1063 0.6424 0.1715 
 290 0.0503 0.1753 0.1172 0.4158 0.2414 
 291 0.0141 0.0539 0.0847 0.7528 0.0943 
 292 0.0109 0.1680 0.2766 0.3448 0.1997 
 293 0.0564 0.1758 0.0828 0.2968 0.3882 
 294 0.0111 0.0467 0.0687 0.7775 0.0960 
 295 0.0293 0.1035 0.1687 0.4696 0.2289 
 296 0.0120 0.0359 0.0864 0.7825 0.0832 
 297 0.0123 0.0407 0.1072 0.5868 0.2531 
 298 0.0098 0.0187 0.3193 0.5251 0.1271 
 299 0.0101 0.0192 0.0762 0.7964 0.0981 
 300 0.0173 0.0437 0.0626 0.7767 0.0997 
 301 0.0148 0.0285 0.0773 0.7143 0.1651 
 302 0.0172 0.0870 0.0755 0.7254 0.0948 
 303 0.0177 0.0439 0.3659 0.4541 0.1184 
 304 0.0188 0.0263 0.3927 0.3007 0.2616 
 305 0.0116 0.0600 0.3203 0.5332 0.0749 
 306 0.0104 0.0523 0.4923 0.3086 0.1363 
 307 0.0125 0.0322 0.1600 0.6931 0.1022 
 308 0.0092 0.0731 0.4280 0.3923 0.0974 
 309 0.0394 0.0560 0.0809 0.7392 0.0844 
 310 0.0153 0.0909 0.3464 0.4774 0.0701 
 311 0.0124 0.0198 0.2132 0.6881 0.0665 
 312 0.0117 0.0299 0.0755 0.8173 0.0656 
 313 0.0115 0.1079 0.0542 0.7586 0.0679 
 314 0.0085 0.0234 0.8462 0.0606 0.0613 
 315 0.0072 0.0394 0.7980 0.0667 0.0887 
 316 0.0086 0.0254 0.7898 0.0696 0.1066 
 317 0.0085 0.0142 0.8533 0.0603 0.0637 
 318 0.0082 0.0115 0.8559 0.0584 0.0661 
 319 0.0076 0.0156 0.8369 0.0795 0.0605 
 320 0.0084 0.0234 0.8465 0.0603 0.0613 
 321 0.0088 0.0130 0.8489 0.0606 0.0687 
 322 0.0090 0.0377 0.7815 0.0719 0.0999 
 323 0.0070 0.0120 0.8514 0.0653 0.0643 
 324 0.0091 0.0129 0.8477 0.0618 0.0685 
 325 0.0084 0.0208 0.8028 0.0639 0.1042 
 326 0.0098 0.0228 0.8054 0.0605 0.1015 
 327 0.0086 0.0142 0.8538 0.0602 0.0631 
 328 0.0076 0.0278 0.7863 0.0794 0.0989 
 329 0.0070 0.0120 0.8553 0.0639 0.0619 
 330 0.0085 0.0145 0.8531 0.0608 0.0630 
 331 0.0071 0.0120 0.8523 0.0667 0.0619 
 332 0.0083 0.0199 0.7920 0.0645 0.1152 
 333 0.0085 0.0255 0.8049 0.0692 0.0919 
 334 0.0077 0.0278 0.7877 0.0779 0.0988 
 335 0.0079 0.0301 0.8033 0.0687 0.0900 
 336 0.0082 0.0179 0.8462 0.0594 0.0683 
 337 0.0088 0.0246 0.7919 0.0662 0.1085 
 338 0.0083 0.0115 0.8512 0.0597 0.0693 
 339 0.0069 0.0121 0.8530 0.0662 0.0618 
 340 0.0068 0.0130 0.8577 0.0658 0.0568 
 341 0.0081 0.0132 0.8472 0.0700 0.0615 
 342 0.0087 0.0139 0.8535 0.0606 0.0633 
 343 0.0078 0.0503 0.7753 0.0699 0.0966 
 344 0.0070 0.0113 0.8582 0.0606 0.0629 
 345 0.0088 0.0143 0.8531 0.0604 0.0635 
 346 0.0077 0.0123 0.8608 0.0575 0.0618 
 347 0.0071 0.0122 0.8646 0.0588 0.0574 
 348 0.0077 0.0609 0.7799 0.0680 0.0835 
 349 0.0088 0.0142 0.8537 0.0601 0.0632 
 350 0.0070 0.0188 0.8382 0.0748 0.0611 
 351 0.0078 0.0291 0.8029 0.0698 0.0904 
 352 0.0088 0.0293 0.7990 0.0662 0.0967 
 353 0.0084 0.0173 0.8459 0.0596 0.0688 
 354 0.0079 0.0120 0.8501 0.0676 0.0624 
 355 0.0081 0.0116 0.8549 0.0593 0.0661 
 356 0.0079 0.0730 0.7594 0.0750 0.0847 
 357 0.0115 0.0230 0.5128 0.0990 0.3537 
 358 0.0075 0.0199 0.8050 0.0677 0.0999 
 359 0.0075 0.0117 0.8486 0.0685 0.0637 
 360 0.0078 0.0121 0.8608 0.0579 0.0614 
 361 0.0152 0.0326 0.4626 0.1168 0.3728 
 362 0.0183 0.0322 0.0698 0.3421 0.5376 
 363 0.0158 0.0366 0.0461 0.1974 0.7041 
 364 0.0237 0.0264 0.3111 0.2365 0.4022 
 365 0.0878 0.0360 0.0659 0.1940 0.6163 
 366 0.0323 0.2049 0.1320 0.1903 0.4405 
 367 0.0143 0.0148 0.0306 0.1161 0.8243 
 368 0.0134 0.0150 0.0531 0.6669 0.2515 
 369 0.0390 0.1451 0.3170 0.1902 0.3087 
 370 0.0338 0.0290 0.0580 0.7182 0.1610 
 371 0.0450 0.0435 0.1095 0.4693 0.3328 
 372 0.0586 0.0385 0.0865 0.6790 0.1374 
 373 0.0273 0.0256 0.0969 0.2247 0.6256 
 374 0.0745 0.0246 0.2966 0.1737 0.4306 
 375 0.0314 0.0195 0.0424 0.3190 0.5878 
 376 0.0155 0.0164 0.0369 0.0938 0.8374 
 377 0.0203 0.0339 0.0655 0.4271 0.4533 
 378 0.0270 0.0245 0.1924 0.2503 0.5058 
 379 0.0450 0.0289 0.0351 0.1028 0.7883 
 380 0.0192 0.0911 0.1750 0.1561 0.5586 
 381 0.0178 0.0777 0.1471 0.0959 0.6615 
 382 0.0188 0.0148 0.0489 0.1642 0.7534 
 383 0.0241 0.0302 0.1772 0.1378 0.6306 
 384 0.0637 0.0303 0.1221 0.2520 0.5319 
 385 0.5011 0.0130 0.1667 0.1261 0.1931 
 386 0.0134 0.0215 0.0450 0.1426 0.7775 
 387 0.0199 0.0266 0.0570 0.1558 0.7407 
 388 0.0850 0.0182 0.2158 0.3870 0.2940 
 389 0.1333 0.0993 0.0548 0.5817 0.1309 
 390 0.0491 0.1957 0.0472 0.1693 0.5386 
 391 0.2146 0.1022 0.0938 0.3054 0.2840 
 392 0.0111 0.0257 0.1046 0.1573 0.7013 
 393 0.0240 0.1205 0.1044 0.0911 0.6601 
 394 0.0099 0.0233 0.2472 0.2301 0.4895 
 395 0.0153 0.2181 0.0532 0.3475 0.3659 
 396 0.0130 0.0174 0.0330 0.2523 0.6843 
 397 0.0095 0.0237 0.1114 0.6872 0.1682 
 398 0.0090 0.0231 0.0356 0.1131 0.8192 
 399 0.0458 0.0484 0.0483 0.1836 0.6739 
 400 0.0183 0.0239 0.0707 0.1107 0.7763 
 401 0.0246 0.0897 0.0810 0.2050 0.5997 
 402 0.0241 0.1056 0.0729 0.3507 0.4467 
 403 0.0425 0.0265 0.3582 0.3302 0.2427 
 404 0.0570 0.0275 0.0932 0.3878 0.4345 
 405 0.0115 0.0474 0.0943 0.2980 0.5487 
 406 0.0082 0.6581 0.0756 0.0919 0.1661 
 407 0.0108 0.0197 0.0346 0.0927 0.8421 
 408 0.0115 0.1296 0.0318 0.5657 0.2614 
 409 0.0303 0.3611 0.2519 0.1132 0.2435 
 410 0.0238 0.0355 0.0938 0.1822 0.6647 
 411 0.0193 0.0836 0.1716 0.1274 0.5981 
 412 0.0144 0.0156 0.0515 0.4066 0.5119 
 413 0.0105 0.0190 0.1345 0.5148 0.3211 
 414 0.0461 0.0171 0.0356 0.4475 0.4537 
 415 0.0145 0.0647 0.0555 0.1096 0.7558 
 416 0.0761 0.0505 0.0931 0.1366 0.6437 
 417 0.0097 0.0201 0.0429 0.0977 0.8295 
 418 0.0139 0.0139 0.0368 0.2258 0.7096 
 419 0.0932 0.0684 0.1966 0.2949 0.3469 
 420 0.0168 0.2053 0.0476 0.1493 0.5810 
 421 0.0115 0.0225 0.0463 0.2185 0.7012 
 422 0.0123 0.1316 0.0566 0.4222 0.3773 
 423 0.0123 0.0380 0.0703 0.2711 0.6083 
 424 0.0624 0.1504 0.0856 0.2108 0.4909 
 425 0.1851 0.0238 0.0989 0.3360 0.3562 
 426 0.0766 0.0271 0.0962 0.2331 0.5670 
 427 0.0137 0.0331 0.1340 0.0820 0.7373 
 428 0.0132 0.1117 0.1468 0.3057 0.4227 
 429 0.0106 0.0142 0.0310 0.0923 0.8519 
 430 0.0117 0.0267 0.0417 0.1049 0.8150 
 431 0.0297 0.0200 0.0666 0.5765 0.3072 
 432 0.0110 0.0188 0.0612 0.5871 0.3220 
 433 0.0121 0.0321 0.2000 0.6306 0.1251 
 434 0.0220 0.0354 0.1348 0.3390 0.4689 
 435 0.0077 0.0290 0.0344 0.0925 0.8365 
 436 0.0117 0.0404 0.0632 0.0560 0.8287 
 437 0.0090 0.0178 0.0402 0.1200 0.8130 
 438 0.0145 0.3376 0.0817 0.1407 0.4255 
 439 0.0117 0.0232 0.0502 0.0627 0.8522 
 440 0.0102 0.0274 0.0287 0.0628 0.8708 
 441 0.0139 0.0259 0.1038 0.1146 0.7418 
 442 0.0662 0.0347 0.0429 0.1442 0.7120 
 443 0.0191 0.1238 0.0352 0.0946 0.7274 
 444 0.0420 0.0487 0.0421 0.1110 0.7563 
 445 0.0170 0.1785 0.1457 0.1541 0.5047 
 446 0.0154 0.0247 0.0401 0.1021 0.8177 
 447 0.0390 0.0917 0.0963 0.1362 0.6368 
 448 0.0108 0.0272 0.0428 0.1373 0.7820 
 449 0.0117 0.0339 0.0792 0.1810 0.6942 
 450 0.0184 0.0132 0.0822 0.1060 0.7803 
 451 0.0114 0.0337 0.0289 0.3114 0.6146 
 452 0.0115 0.0151 0.0647 0.0862 0.8225 
 453 0.0255 0.5073 0.0708 0.1730 0.2233 
 454 0.0117 0.0236 0.0807 0.1108 0.7732 
 455 0.0137 0.1029 0.0398 0.0880 0.7556 
 456 0.0156 0.1132 0.0374 0.1106 0.7232 
 457 0.0094 0.0197 0.0449 0.0964 0.8296 
 458 0.0142 0.0215 0.0479 0.0920 0.8244 
 459 0.0192 0.0481 0.1377 0.1024 0.6926 
 460 0.0133 0.0238 0.0379 0.0656 0.8595 
 461 0.0182 0.0139 0.0383 0.0785 0.8513 
 462 0.1731 0.0416 0.0286 0.1128 0.6439 
 463 0.0126 0.5184 0.0581 0.1187 0.2922 
 464 0.0101 0.0603 0.0369 0.0880 0.8047 
 465 0.0246 0.0595 0.0542 0.2529 0.6089 
 466 0.0116 0.2520 0.0400 0.1901 0.5062 
 467 0.0223 0.0502 0.0708 0.1130 0.7437 
 468 0.0086 0.0684 0.0371 0.0790 0.8069 
 469 0.0098 0.0303 0.0402 0.0579 0.8618 
 470 0.0081 0.0247 0.0363 0.0743 0.8566 
 471 0.0738 0.1814 0.0490 0.1889 0.5069 
 472 0.0223 0.0658 0.0520 0.1614 0.6985 
 473 0.0100 0.0361 0.0751 0.2238 0.6550 
 474 0.0118 0.0328 0.0681 0.0894 0.7980 
 475 0.0198 0.0455 0.0879 0.2981 0.5487 
 476 0.0120 0.0322 0.0482 0.0701 0.8375 
 477 0.0339 0.0582 0.0727 0.1622 0.6731 
 478 0.0407 0.0207 0.0351 0.1295 0.7739 
 479 0.0103 0.0194 0.0347 0.0745 0.8610 
 480 0.0086 0.0171 0.0411 0.0650 0.8682 
 481 0.0358 0.0366 0.0467 0.3789 0.5020 
 482 0.0094 0.0143 0.0345 0.0702 0.8715 
 483 0.0133 0.0323 0.0484 0.0848 0.8212 
 484 0.0216 0.2151 0.0562 0.1553 0.5519 
 485 0.0111 0.0576 0.0370 0.0744 0.8199 
 486 0.0660 0.0988 0.0653 0.5007 0.2692 
 487 0.0318 0.0447 0.1733 0.4628 0.2873 
 488 0.0623 0.0289 0.0851 0.6505 0.1732 
 489 0.0363 0.1125 0.2433 0.3689 0.2390 
 490 0.0294 0.0769 0.0387 0.3229 0.5322 
 491 0.0722 0.0330 0.1252 0.6569 0.1126 
 492 0.0598 0.0874 0.2539 0.3981 0.2008 
 493 0.0723 0.0368 0.0799 0.6307 0.1802 
 494 0.0464 0.0391 0.1155 0.6143 0.1846 
 495 0.1798 0.0589 0.1588 0.3821 0.2204 
 496 0.0107 0.0613 0.3036 0.4802 0.1442 
 497 0.1389 0.0193 0.1270 0.5891 0.1258 
 498 0.3550 0.0832 0.0774 0.2551 0.2293 
 499 0.0186 0.0381 0.2800 0.5146 0.1486 
 500 0.0191 0.0329 0.0803 0.5685 0.2992 
 501 0.0179 0.0267 0.1728 0.5178 0.2648 
 502 0.0541 0.0193 0.2099 0.4755 0.2412 
 503 0.0137 0.0248 0.0545 0.2939 0.6131 
 504 0.1183 0.0452 0.0577 0.5429 0.2358 
 505 0.0261 0.0858 0.1121 0.6394 0.1365 
 506 0.1016 0.0266 0.1984 0.4094 0.2640 
 507 0.0078 0.0550 0.6688 0.1938 0.0746 
 508 0.0151 0.1000 0.5563 0.2516 0.0771 
 509 0.0148 0.0499 0.1757 0.6472 0.1124 
 510 0.0190 0.0298 0.2921 0.4029 0.2561 
 511 0.0519 0.0561 0.0760 0.2168 0.5991 
 512 0.0362 0.0212 0.0469 0.1892 0.7066 
 513 0.6955 0.0354 0.0585 0.1532 0.0574 
 514 0.0141 0.0317 0.0634 0.6204 0.2704 
 515 0.0184 0.0852 0.1767 0.2556 0.4640 
 516 0.0148 0.0535 0.0660 0.7309 0.1348 
 517 0.0112 0.1999 0.1700 0.2763 0.3426 
 518 0.0120 0.0210 0.2098 0.5428 0.2144 
 519 0.0307 0.0382 0.0800 0.4790 0.3722 
 520 0.0086 0.3150 0.2886 0.1574 0.2304 
 521 0.0167 0.0409 0.3219 0.4632 0.1574 
 522 0.0167 0.2100 0.0642 0.1965 0.5126 
 523 0.0097 0.4518 0.1584 0.2369 0.1431 
 524 0.0080 0.1173 0.1042 0.2375 0.5329 
 525 0.0091 0.0639 0.2420 0.3855 0.2995 
 526 0.0075 0.5930 0.0805 0.1188 0.2002 
 527 0.0236 0.0191 0.0652 0.4783 0.4138 
 528 0.0119 0.0469 0.5223 0.3125 0.1063 
 529 0.0157 0.0210 0.1019 0.7508 0.1105 
 530 0.0203 0.1106 0.1282 0.1899 0.5509 
 531 0.0142 0.0702 0.4476 0.1623 0.3056 
 532 0.0158 0.0542 0.2933 0.4275 0.2092 
 533 0.0110 0.0848 0.0860 0.4634 0.3548 
 534 0.0151 0.0770 0.0934 0.7386 0.0759 
 535 0.0117 0.3739 0.0819 0.2383 0.2942 
 536 0.0258 0.1693 0.1894 0.2761 0.3394 
 537 0.0285 0.3338 0.2932 0.2163 0.1282 
 538 0.0137 0.1852 0.2214 0.3783 0.2015 
 539 0.0130 0.0459 0.6950 0.1528 0.0933 
 540 0.0150 0.1594 0.2481 0.3561 0.2214 
 541 0.0365 0.0504 0.5712 0.1519 0.1900 
 542 0.0301 0.5160 0.0665 0.1772 0.2103 
 543 0.0332 0.3176 0.2065 0.2768 0.1658 
 544 0.0145 0.5347 0.1113 0.1744 0.1651 
 545 0.0147 0.6852 0.0398 0.1059 0.1545 
 546 0.0668 0.2332 0.1908 0.3361 0.1730 
 547 0.0114 0.6917 0.1028 0.0998 0.0944 
 548 0.0123 0.0218 0.2100 0.6625 0.0934 
 549 0.0167 0.2530 0.4314 0.0972 0.2016 
 550 0.0204 0.4951 0.0669 0.0854 0.3322 
 551 0.0153 0.0643 0.6153 0.1531 0.1519 
 552 0.0132 0.1595 0.2376 0.4411 0.1486 
 553 0.0211 0.6164 0.1708 0.1177 0.0741 
 554 0.0281 0.0838 0.1770 0.3284 0.3827 
 555 0.0522 0.1703 0.3883 0.2652 0.1240 
 556 0.0163 0.1829 0.1450 0.4968 0.1590 
 557 0.0197 0.4403 0.0966 0.1257 0.3176 
 558 0.0100 0.0130 0.0360 0.0634 0.8777 
 559 0.0132 0.0356 0.0536 0.6687 0.2290 
 560 0.0299 0.0199 0.0276 0.1325 0.7901 
 561 0.0239 0.0422 0.0369 0.2815 0.6156 
 562 0.0255 0.0556 0.0276 0.2932 0.5981 
 563 0.0731 0.0597 0.1900 0.2607 0.4165 
 564 0.0119 0.0646 0.0566 0.6982 0.1686 
 565 0.0101 0.0176 0.0425 0.0873 0.8426 
 566 0.0152 0.0211 0.0282 0.1017 0.8337 
 567 0.0132 0.0314 0.0387 0.7386 0.1782 
 568 0.0122 0.0602 0.0594 0.4962 0.3721 
 569 0.0183 0.1328 0.0635 0.2025 0.5829 
 570 0.0085 0.0138 0.0299 0.0937 0.8541 
 571 0.0130 0.0248 0.0458 0.3191 0.5973 
 572 0.0227 0.4009 0.1993 0.1175 0.2596 
 573 0.0105 0.0644 0.0549 0.5423 0.3279 
 574 0.0158 0.0337 0.1501 0.1590 0.6413 
 575 0.0152 0.0389 0.1037 0.4505 0.3916 
 576 0.0365 0.0163 0.0291 0.1598 0.7582 
 577 0.0174 0.0259 0.1305 0.2012 0.6251 
 578 0.0295 0.0280 0.0501 0.2464 0.6460 
 579 0.0618 0.0292 0.0438 0.3058 0.5595 
 580 0.0137 0.0191 0.0731 0.1595 0.7346 
 581 0.0124 0.0191 0.0572 0.1321 0.7792 
 582 0.0102 0.0335 0.0329 0.0945 0.8289 
 583 0.0142 0.0213 0.0457 0.3760 0.5429 
 584 0.0161 0.0171 0.0340 0.1999 0.7329 
 585 0.0273 0.0210 0.0387 0.1844 0.7286 
 586 0.0230 0.0314 0.0589 0.2961 0.5905 
 587 0.0187 0.0443 0.0329 0.3030 0.6012 
 588 0.0137 0.1181 0.0431 0.7586 0.0665 
 589 0.0111 0.0736 0.0367 0.1263 0.7524 
 590 0.0278 0.0242 0.0406 0.5614 0.3460 
 591 0.0116 0.0199 0.0487 0.4986 0.4211 
 592 0.0147 0.1127 0.0375 0.4270 0.4080 
 593 0.0099 0.0393 0.0745 0.3432 0.5331 
 594 0.0163 0.0205 0.0699 0.7114 0.1820 
 595 0.1634 0.0146 0.0331 0.2883 0.5006 
 596 0.0159 0.1474 0.0707 0.3918 0.3741 
 597 0.0251 0.0947 0.2102 0.2714 0.3987 
 598 0.0084 0.0147 0.0325 0.0699 0.8745 
 599 0.0108 0.0632 0.0312 0.3237 0.5711 
 600 0.0180 0.0382 0.0923 0.1589 0.6926 
 601 0.0144 0.0349 0.0322 0.1336 0.7849 
 602 0.0143 0.0192 0.1039 0.6926 0.1701 
 603 0.0156 0.0225 0.0984 0.6967 0.1668 
 604 0.0401 0.0364 0.0952 0.3474 0.4809 
 605 0.0193 0.0467 0.0562 0.4395 0.4383 
 606 0.0178 0.0408 0.1231 0.5954 0.2229 
 607 0.0152 0.0176 0.2659 0.2912 0.4100 
 608 0.0116 0.0232 0.4511 0.1482 0.3660 
 609 0.0208 0.0369 0.0777 0.1552 0.7095 
 610 0.0144 0.1016 0.0595 0.1917 0.6329 
 611 0.0133 0.0420 0.1177 0.6201 0.2071 
 612 0.0128 0.0358 0.0499 0.0871 0.8143 
 613 0.0151 0.0564 0.0764 0.2762 0.5759 
 614 0.0331 0.0245 0.0526 0.1709 0.7189 
 615 0.0121 0.0312 0.0989 0.1908 0.6670 
 616 0.0133 0.0173 0.1672 0.3786 0.4236 
 617 0.1081 0.0467 0.0487 0.2169 0.5796 
 618 0.0386 0.0684 0.2026 0.2359 0.4545 
 619 0.0097 0.0946 0.1451 0.3215 0.4291 
 620 0.0170 0.0993 0.0298 0.5294 0.3244 
 621 0.0153 0.0150 0.0431 0.2062 0.7204 
 622 0.2045 0.0643 0.1149 0.2754 0.3409 
 623 0.0119 0.0343 0.0489 0.4441 0.4607 
 624 0.0121 0.0262 0.1735 0.1161 0.6722 
 625 0.0487 0.0191 0.1626 0.2005 0.5691 
 626 0.0116 0.1802 0.4383 0.1423 0.2276 
 627 0.0211 0.0382 0.0703 0.3362 0.5342 
 628 0.0583 0.0324 0.0760 0.4318 0.4016 
 629 0.0202 0.0203 0.0766 0.4963 0.3865 
 630 0.0233 0.0343 0.0690 0.1891 0.6843 
 631 0.0140 0.0184 0.0728 0.2422 0.6526 
 632 0.0234 0.0524 0.2283 0.5151 0.1808 
 633 0.0357 0.0228 0.1442 0.1951 0.6022 
 634 0.0148 0.0611 0.2095 0.2996 0.4149 
 635 0.0121 0.0255 0.4832 0.2519 0.2274 
 636 0.0138 0.0255 0.2497 0.1839 0.5270 
 637 0.0253 0.1972 0.1171 0.4061 0.2543 
 638 0.0121 0.0181 0.1061 0.5541 0.3095 
 639 0.0310 0.0256 0.1224 0.2813 0.5398 
 640 0.0768 0.0143 0.0643 0.2403 0.6043 
 641 0.0156 0.0200 0.0752 0.5901 0.2991 
 642 0.0175 0.0620 0.4918 0.2689 0.1597 
 643 0.0134 0.0207 0.7347 0.1141 0.1172 
 644 0.0131 0.0263 0.5516 0.2448 0.1641 
 645 0.0165 0.0488 0.5685 0.1250 0.2412 
 646 0.0535 0.0710 0.1307 0.5497 0.1951 
 647 0.0679 0.0522 0.3416 0.3799 0.1584 
 648 0.0376 0.0759 0.2576 0.4815 0.1474 
 649 0.0140 0.0982 0.1287 0.6701 0.0890 
 650 0.0155 0.0457 0.1391 0.6711 0.1286 
 651 0.0558 0.0170 0.3329 0.4774 0.1170 
 652 0.0113 0.0262 0.5343 0.2919 0.1363 
 653 0.0270 0.0566 0.3111 0.4697 0.1356 
 654 0.0539 0.0973 0.5048 0.2290 0.1150 
 655 0.0135 0.0322 0.4950 0.2429 0.2164 
 656 0.0384 0.0900 0.2421 0.4832 0.1464 
 657 0.0141 0.0245 0.1883 0.4665 0.3066 
 658 0.0143 0.0948 0.2206 0.3921 0.2782 
 659 0.0202 0.0698 0.4929 0.2534 0.1637 
 660 0.0107 0.0433 0.4942 0.3578 0.0940 
 661 0.0143 0.1300 0.5637 0.1572 0.1348 
 662 0.0171 0.1780 0.0891 0.6335 0.0823 
 663 0.0093 0.0286 0.4345 0.3941 0.1335 
 664 0.0373 0.0658 0.2669 0.2489 0.3811 
 665 0.0125 0.1095 0.1245 0.6534 0.1002 
 666 0.0125 0.0666 0.4356 0.3471 0.1383 
 667 0.1379 0.0357 0.0939 0.5712 0.1613 
 668 0.0150 0.0552 0.4435 0.2564 0.2300 
 669 0.0112 0.0351 0.1606 0.7045 0.0885 
 670 0.0076 0.0220 0.7736 0.1329 0.0639 
 671 0.0113 0.0335 0.5875 0.2782 0.0895 
 672 0.0109 0.0547 0.6565 0.1075 0.1705 
 673 0.0071 0.0126 0.8409 0.0724 0.0670 
 674 0.0118 0.0268 0.7073 0.1352 0.1190 
 675 0.0309 0.0165 0.7662 0.1060 0.0804 
 676 0.0077 0.0136 0.8470 0.0671 0.0646 
 677 0.0081 0.0904 0.7331 0.1100 0.0585 
 678 0.0083 0.0123 0.8331 0.0796 0.0666 
 679 0.0105 0.0128 0.7411 0.1191 0.1165 
 680 0.0129 0.0200 0.7807 0.0958 0.0907 
 681 0.0230 0.2911 0.3122 0.1514 0.2224 
 682 0.0102 0.0213 0.7959 0.0760 0.0966 
 683 0.0077 0.0249 0.8003 0.1050 0.0622 
 684 0.0086 0.0147 0.8248 0.0851 0.0667 
 685 0.0074 0.0150 0.8503 0.0678 0.0595 
 686 0.0115 0.0885 0.6789 0.1312 0.0900 
 687 0.0096 0.0462 0.5922 0.2689 0.0830 
 688 0.0102 0.0188 0.7568 0.1259 0.0884 
 689 0.0072 0.0143 0.8494 0.0685 0.0606 
 690 0.0077 0.0135 0.8473 0.0674 0.0641 
 691 0.0118 0.0199 0.7502 0.1091 0.1089 
 692 0.0098 0.0148 0.7574 0.1241 0.0939 
 693 0.0137 0.0169 0.7667 0.0922 0.1106 
 694 0.0068 0.0162 0.8560 0.0650 0.0561 
 695 0.0080 0.0384 0.8016 0.0648 0.0871 
 696 0.0101 0.0185 0.7586 0.1255 0.0873 
 697 0.0074 0.0190 0.8346 0.0751 0.0639 
 698 0.0074 0.0147 0.8395 0.0750 0.0635 
 699 0.0079 0.1210 0.7156 0.0750 0.0805 
 700 0.0222 0.0548 0.7355 0.0687 0.1188 
 701 0.0095 0.0345 0.6561 0.1892 0.1106 
 702 0.0131 0.0507 0.6662 0.1359 0.1341 
 703 0.0099 0.0235 0.7835 0.0868 0.0963 
 704 0.0093 0.0284 0.7707 0.1107 0.0809 
 705 0.0182 0.2981 0.3882 0.1742 0.1214 
 706 0.0099 0.0313 0.7962 0.0778 0.0849 
 707 0.0080 0.0231 0.8249 0.0789 0.0651 
 708 0.0103 0.0161 0.8278 0.0839 0.0619 
 709 0.0107 0.0430 0.8196 0.0586 0.0682 
 710 0.0077 0.0171 0.8570 0.0599 0.0582 
 711 0.0103 0.0562 0.7581 0.0920 0.0835 
 712 0.0098 0.0529 0.7982 0.0833 0.0557 
 713 0.0098 0.0209 0.7654 0.1242 0.0797 
 714 0.0190 0.0168 0.6910 0.1603 0.1128 
 715 0.0077 0.0369 0.8343 0.0650 0.0560 
 716 0.0098 0.0307 0.8101 0.0656 0.0838 
 717 0.0070 0.0228 0.8526 0.0597 0.0579 
 718 0.0142 0.0353 0.7308 0.1342 0.0854 
 719 0.0089 0.0323 0.8288 0.0733 0.0567 
 720 0.0221 0.0196 0.0499 0.3102 0.5982 
 721 0.0157 0.0274 0.5797 0.0981 0.2791 
 722 0.0170 0.0431 0.0919 0.1672 0.6807 
 723 0.0140 0.0156 0.0835 0.1857 0.7012 
 724 0.0163 0.0242 0.2208 0.1091 0.6295 
 725 0.0134 0.0291 0.2156 0.4987 0.2431 
 726 0.0158 0.0596 0.1366 0.2083 0.5797 
 727 0.0169 0.2265 0.2393 0.2252 0.2921 
 728 0.0110 0.0225 0.0302 0.0713 0.8651 
 729 0.0100 0.0156 0.0322 0.0826 0.8596 
 730 0.0320 0.0160 0.0510 0.3286 0.5724 
 731 0.0155 0.0221 0.0717 0.1094 0.7813 
 732 0.0132 0.0155 0.0818 0.1886 0.7008 
 733 0.0149 0.0134 0.0446 0.1139 0.8130 
 734 0.0166 0.0149 0.0305 0.1012 0.8368 
 735 0.0094 0.0117 0.0608 0.0915 0.8266 
 736 0.0109 0.0188 0.0588 0.1302 0.7813 
 737 0.0245 0.0453 0.0609 0.2474 0.6220 
 738 0.0151 0.0162 0.0506 0.2368 0.6813 
 739 0.0122 0.0137 0.0418 0.0986 0.8336 
 740 0.0111 0.0199 0.5245 0.3617 0.0828 
 741 0.0288 0.0361 0.4532 0.3307 0.1513 
 742 0.0149 0.0177 0.1704 0.3673 0.4297 
 743 0.0089 0.0153 0.0644 0.7568 0.1547 
 744 0.0161 0.0983 0.0759 0.6859 0.1238 
 745 0.0129 0.0480 0.0417 0.6054 0.2919 
 746 0.0110 0.0194 0.1555 0.6203 0.1937 
 747 0.0105 0.0215 0.0625 0.7321 0.1733 
 748 0.0100 0.0152 0.3271 0.5060 0.1417 
 749 0.0094 0.0260 0.0853 0.7547 0.1246 
 750 0.0130 0.0171 0.0655 0.7866 0.1178 
 751 0.0121 0.0155 0.3734 0.4574 0.1416 
 752 0.0104 0.0186 0.0741 0.7259 0.1711 
 753 0.0101 0.0220 0.1510 0.6074 0.2095 
 754 0.0370 0.0259 0.4184 0.3074 0.2114 
 755 0.0128 0.0135 0.1098 0.7183 0.1456 
 756 0.0282 0.0186 0.1597 0.6676 0.1259 
 757 0.0110 0.0167 0.1071 0.7056 0.1596 
 758 0.0113 0.0201 0.0373 0.7905 0.1407 
 759 0.0195 0.0433 0.4811 0.2069 0.2491 
 760 0.0114 0.0167 0.0817 0.6686 0.2216 
 761 0.0130 0.0202 0.3011 0.3027 0.3629 
 762 0.0160 0.0121 0.0506 0.4829 0.4384 
 763 0.0096 0.0224 0.1504 0.6096 0.2080 
 764 0.0124 0.0142 0.0611 0.7649 0.1474 
 765 0.0145 0.0140 0.0516 0.6248 0.2951 
 766 0.0179 0.0132 0.2546 0.5745 0.1398 
 767 0.0200 0.0226 0.2273 0.4242 0.3059 
 768 0.0197 0.0122 0.0506 0.4875 0.4300 
 769 0.0217 0.0224 0.2379 0.2887 0.4292 
 770 0.0211 0.0152 0.0512 0.4359 0.4767 
 771 0.0119 0.1451 0.1186 0.6347 0.0897 
 772 0.0211 0.0713 0.2743 0.3964 0.2370 
 773 0.0118 0.0137 0.0578 0.8123 0.1044 
 774 0.0110 0.0193 0.3761 0.4489 0.1447 
 775 0.0107 0.0157 0.1230 0.2172 0.6334 
 776 0.0127 0.0182 0.0543 0.7035 0.2113 
 777 0.0128 0.0497 0.1092 0.6314 0.1970 
 778 0.0142 0.0362 0.1534 0.6598 0.1364 
 779 0.0098 0.0139 0.0747 0.7943 0.1072 
 780 0.0127 0.0138 0.2726 0.5663 0.1347 
 781 0.0128 0.0448 0.1305 0.7329 0.0791 
 782 0.0101 0.0141 0.0746 0.7944 0.1067 
 783 0.0145 0.0154 0.2208 0.5390 0.2103 
 784 0.0214 0.0198 0.0933 0.3976 0.4679 
 785 0.0198 0.0209 0.1350 0.6515 0.1727 
 786 0.0196 0.0180 0.3911 0.3869 0.1844 
 787 0.0121 0.0312 0.2470 0.6249 0.0848 
 788 0.0144 0.0347 0.0856 0.6110 0.2542 
 789 0.0198 0.0175 0.1081 0.3379 0.5167 
 790 0.0125 0.0143 0.1833 0.5836 0.2064 
 791 0.0114 0.0194 0.1294 0.5779 0.2618 
 792 0.0145 0.0479 0.3442 0.5052 0.0882 
 793 0.0125 0.0748 0.3925 0.2986 0.2216 
 794 0.0396 0.0333 0.1762 0.3457 0.4052 
 795 0.0122 0.0274 0.5163 0.2322 0.2120 
 796 0.0423 0.0423 0.2262 0.3684 0.3207 
 797 0.0103 0.0414 0.5730 0.2342 0.1412 
 798 0.0147 0.1443 0.0355 0.1079 0.6976 
 799 0.3354 0.0315 0.0835 0.2120 0.3376 
 800 0.0259 0.1553 0.4715 0.2547 0.0926 
 801 0.0227 0.1250 0.0734 0.1120 0.6669 
 802 0.0365 0.1355 0.2831 0.1468 0.3981 
 803 0.0472 0.0645 0.3769 0.3100 0.2014 
 804 0.2616 0.1402 0.1339 0.2454 0.2189 
 805 0.0161 0.0243 0.7579 0.0989 0.1028 
 806 0.0647 0.3614 0.1055 0.1538 0.3146 
 807 0.0088 0.0558 0.6739 0.1604 0.1011 
 808 0.0091 0.1385 0.4212 0.3054 0.1258 
 809 0.0147 0.6023 0.0603 0.1207 0.2020 
 810 0.0221 0.0279 0.2104 0.2965 0.4431 
 811 0.0491 0.2191 0.4329 0.1453 0.1537 
 812 0.0147 0.7448 0.0329 0.1008 0.1067 
 813 0.0257 0.1112 0.0422 0.0986 0.7223 
 814 0.0215 0.2447 0.0593 0.5302 0.1443 
 815 0.0550 0.4179 0.1655 0.0949 0.2667 
 816 0.0560 0.1101 0.3455 0.1469 0.3416 
 817 0.0360 0.1365 0.2814 0.1446 0.4015 
 818 0.1063 0.0414 0.1072 0.2126 0.5325 
 819 0.4601 0.0244 0.1783 0.2485 0.0887 
 820 0.3213 0.0457 0.1940 0.2560 0.1831 
 821 0.0215 0.0150 0.0950 0.5869 0.2817 
 822 0.6614 0.0170 0.0310 0.1214 0.1692 
 823 0.0235 0.0182 0.2392 0.2542 0.4650 
 824 0.0530 0.0182 0.1467 0.5513 0.2309 
 825 0.0502 0.0225 0.0584 0.4114 0.4575 
 826 0.0283 0.0185 0.0443 0.6490 0.2598 
 827 0.0146 0.0154 0.0633 0.2262 0.6805 
 828 0.0162 0.0153 0.1042 0.2845 0.5799 
 829 0.0343 0.0451 0.1116 0.2386 0.5704 
 830 0.0437 0.0126 0.0446 0.2415 0.6576 
 831 0.1769 0.0230 0.1428 0.3904 0.2670 
 832 0.2343 0.0787 0.1584 0.1630 0.3656 
 833 0.0225 0.0623 0.2049 0.1104 0.6000 
 834 0.0887 0.0246 0.1479 0.3054 0.4333 
 835 0.1040 0.0472 0.0498 0.4396 0.3595 
 836 0.0944 0.0923 0.0820 0.5055 0.2258 
 837 0.1414 0.0289 0.2633 0.2041 0.3623 
 838 0.2915 0.0716 0.0422 0.4410 0.1537 
 839 0.0220 0.0139 0.0690 0.4773 0.4178 
 840 0.0655 0.0873 0.1556 0.5409 0.1508 
 841 0.1345 0.0607 0.1177 0.5280 0.1592 
 842 0.4981 0.0157 0.0399 0.1696 0.2767 
 843 0.0430 0.0524 0.2265 0.5542 0.1240 
 844 0.0177 0.0387 0.1381 0.5439 0.2616 
 845 0.0845 0.0143 0.0471 0.4869 0.3671 
 846 0.1357 0.0243 0.1113 0.5593 0.1694 
 847 0.0355 0.0128 0.1206 0.7510 0.0801 
 848 0.1167 0.0300 0.0883 0.6166 0.1484 
 849 0.0577 0.0179 0.0708 0.5774 0.2762 
 850 0.0217 0.0205 0.0661 0.2909 0.6009 
 851 0.1118 0.0182 0.0588 0.5561 0.2550 
 852 0.0142 0.0138 0.4820 0.2149 0.2752 
 853 0.4362 0.0221 0.0517 0.1854 0.3046 
 854 0.0762 0.0144 0.2842 0.2641 0.3612 
 855 0.0464 0.0193 0.0824 0.6517 0.2002 
 856 0.0606 0.0156 0.1252 0.5994 0.1992 
 857 0.5113 0.0318 0.0519 0.3085 0.0964 
 858 0.0409 0.0174 0.0485 0.7028 0.1904 
 859 0.0278 0.0143 0.0540 0.2266 0.6773 
 860 0.0550 0.0259 0.0506 0.6316 0.2369 
 861 0.0138 0.0454 0.3301 0.5092 0.1014 
 862 0.0176 0.0376 0.0425 0.0721 0.8303 
 863 0.0194 0.0278 0.1129 0.1094 0.7306 
 864 0.0090 0.0148 0.0824 0.0734 0.8204 
 865 0.0113 0.0197 0.0291 0.0803 0.8596 
 866 0.0123 0.0183 0.0467 0.2315 0.6912 
 867 0.0086 0.0259 0.0732 0.0957 0.7966 
 868 0.0260 0.0343 0.0563 0.1896 0.6938 
 869 0.0129 0.0163 0.0515 0.2022 0.7171 
 870 0.0121 0.0899 0.0358 0.2296 0.6326 
 871 0.0100 0.0245 0.0345 0.1174 0.8135 
 872 0.0102 0.0145 0.0465 0.0940 0.8348 
 873 0.0109 0.0192 0.0559 0.0835 0.8304 
 874 0.0080 0.0290 0.0346 0.0815 0.8469 
 875 0.0109 0.0427 0.0545 0.2432 0.6486 
 876 0.0294 0.0682 0.0445 0.3371 0.5208 
 877 0.0074 0.0178 0.0491 0.0659 0.8598 
 878 0.0275 0.0300 0.0791 0.2866 0.5767 
 879 0.0116 0.0140 0.0755 0.0924 0.8065 
 880 0.0218 0.1131 0.0450 0.1474 0.6726 
 881 0.0117 0.0187 0.0644 0.1076 0.7976 
 882 0.0091 0.0119 0.0610 0.0934 0.8246 
 883 0.3812 0.0272 0.0456 0.3575 0.1885 
 884 0.0115 0.0158 0.0295 0.0821 0.8611 
 885 0.0416 0.1308 0.0875 0.1870 0.5531 
 886 0.0123 0.0177 0.0796 0.1590 0.7314 
 887 0.0116 0.0156 0.0337 0.0915 0.8477 
 888 0.0128 0.0707 0.1042 0.3110 0.5013 
 889 0.0091 0.0241 0.0295 0.0693 0.8680 
 890 0.0155 0.0340 0.0299 0.1360 0.7847 
 891 0.0362 0.0402 0.0521 0.4523 0.4192 
 892 0.0262 0.0271 0.0516 0.6561 0.2391 
 893 0.3398 0.1860 0.0976 0.1884 0.1882 
 894 0.1453 0.0150 0.0353 0.1283 0.6761 
 895 0.0156 0.0210 0.0370 0.1127 0.8137 
 896 0.1085 0.0438 0.0875 0.5602 0.2000 
 897 0.0621 0.0191 0.0493 0.7313 0.1382 
 898 0.0276 0.0342 0.1104 0.3012 0.5266 
 899 0.5828 0.0155 0.0310 0.0858 0.2849 
 900 0.1415 0.0459 0.0484 0.3699 0.3943 
 901 0.0155 0.0194 0.0474 0.5440 0.3737 
 902 0.0207 0.0987 0.0568 0.6387 0.1851 
 903 0.0132 0.0274 0.0453 0.1478 0.7663 
 904 0.0151 0.0284 0.0918 0.3685 0.4963 
 905 0.0136 0.0143 0.0329 0.1191 0.8201 
 906 0.0198 0.0612 0.0632 0.3132 0.5426 
 907 0.0201 0.0179 0.0748 0.2984 0.5888 
 908 0.0557 0.0148 0.0587 0.2822 0.5887 
 909 0.0238 0.1056 0.0654 0.2122 0.5930 
 910 0.0735 0.0930 0.0716 0.3195 0.4424 
 911 0.0157 0.0173 0.0294 0.0930 0.8446 
 912 0.0993 0.0236 0.0362 0.1881 0.6528 
 913 0.0769 0.0437 0.0337 0.1454 0.7003 
 914 0.0496 0.0204 0.1971 0.3214 0.4116 
 915 0.4417 0.0423 0.0298 0.0827 0.4034 
 916 0.0381 0.0224 0.0420 0.4745 0.4231 
 917 0.5876 0.0201 0.0388 0.1213 0.2322 
 918 0.0192 0.0279 0.1491 0.2044 0.5994 
 919 0.0151 0.0187 0.0814 0.1443 0.7405 
 920 0.0248 0.0183 0.0680 0.2374 0.6515 
 921 0.0134 0.1814 0.2807 0.3231 0.2014 
 922 0.0198 0.2758 0.0616 0.4866 0.1563 
 923 0.0114 0.0394 0.0683 0.7925 0.0883 
 924 0.0097 0.1666 0.0527 0.6532 0.1177 
 925 0.0117 0.1448 0.0865 0.5861 0.1708 
 926 0.0228 0.6878 0.0806 0.1293 0.0795 
 927 0.0160 0.5846 0.1259 0.1648 0.1087 
 928 0.0169 0.1082 0.2170 0.5886 0.0694 
 929 0.0249 0.4221 0.0563 0.4138 0.0829 
 930 0.0107 0.2920 0.0908 0.4542 0.1524 
 931 0.0071 0.7639 0.0810 0.0637 0.0843 
 932 0.0117 0.7500 0.0375 0.1150 0.0859 
 933 0.0172 0.1308 0.4506 0.3011 0.1002 
 934 0.0139 0.0989 0.0391 0.7700 0.0782 
 935 0.0091 0.7035 0.0546 0.1324 0.1003 
 936 0.0113 0.8041 0.0312 0.0782 0.0752 
 937 0.0098 0.7897 0.0506 0.0799 0.0700 
 938 0.0078 0.6387 0.1258 0.1698 0.0579 
 939 0.0084 0.6281 0.1786 0.1073 0.0776 
 940 0.0170 0.5201 0.1149 0.2390 0.1089 
 941 0.0119 0.6987 0.0351 0.1218 0.1325 
 942 0.0122 0.0899 0.2525 0.4804 0.1650 
 943 0.0075 0.7061 0.1595 0.0667 0.0602 
 944 0.0112 0.6684 0.1191 0.1074 0.0939 
 945 0.0100 0.1223 0.0810 0.6603 0.1265 
 946 0.0180 0.6844 0.0536 0.1534 0.0906 
 947 0.0104 0.7147 0.1395 0.0701 0.0652 
 948 0.0136 0.7145 0.0307 0.0893 0.1519 
 949 0.0147 0.6382 0.0320 0.1122 0.2028 
 950 0.0103 0.7810 0.0654 0.0848 0.0585 
 951 0.0125 0.3239 0.1705 0.3487 0.1445 
 952 0.0155 0.4746 0.0729 0.3101 0.1269 
 953 0.0142 0.4813 0.0706 0.2059 0.2279 
 954 0.0138 0.7688 0.0397 0.0676 0.1103 
 955 0.0145 0.0418 0.7816 0.0811 0.0809 
 956 0.0325 0.0789 0.7143 0.1006 0.0736 
 957 0.0400 0.0518 0.4099 0.3424 0.1559 
 958 0.0318 0.0368 0.0947 0.6420 0.1948 
 959 0.1649 0.0584 0.2831 0.3617 0.1319 
 960 0.1243 0.0289 0.1495 0.1892 0.5081 
 961 0.0075 0.0147 0.8511 0.0673 0.0594 
 962 0.4313 0.0934 0.0938 0.3149 0.0666 
 963 0.1274 0.0476 0.1079 0.4975 0.2195 
 964 0.0707 0.0162 0.1552 0.4526 0.3053 
 965 0.0357 0.0323 0.2779 0.5489 0.1052 
 966 0.1275 0.0470 0.2580 0.3936 0.1739 
 967 0.0104 0.0372 0.7800 0.0812 0.0912 
 968 0.3765 0.0509 0.1372 0.3626 0.0728 
 969 0.0210 0.0163 0.3021 0.2457 0.4150 
 970 0.0167 0.0210 0.6629 0.1986 0.1008 
 971 0.0400 0.0843 0.1468 0.6095 0.1194 
 972 0.0949 0.0371 0.2820 0.3733 0.2128 
 973 0.0456 0.1428 0.3463 0.3722 0.0932 
 974 0.0164 0.0215 0.1031 0.6796 0.1794 
 975 0.0222 0.0157 0.2995 0.2445 0.4181 
