   1 0.0160 0.0085 0.0265 0.1598 0.1361 0.2759 0.1325 0.2446 
   2 0.0045 0.0051 0.0145 0.0740 0.0945 0.0874 0.6067 0.1132 
   3 0.0056 0.0112 0.0324 0.2744 0.1343 0.2199 0.1165 0.2056 
   4 0.0274 0.0154 0.0323 0.0768 0.1132 0.1420 0.1366 0.4564 
   5 0.0079 0.0065 0.0154 0.0920 0.1032 0.0881 0.5817 0.1051 
   6 0.0064 0.0074 0.0191 0.4436 0.1433 0.0799 0.1771 0.1233 
   7 0.0058 0.0098 0.0263 0.1472 0.4353 0.0810 0.1818 0.1127 
   8 0.1677 0.0308 0.0268 0.1411 0.1501 0.1355 0.1252 0.2229 
   9 0.0053 0.0152 0.0180 0.2047 0.1234 0.1545 0.3065 0.1724 
  10 0.1361 0.0116 0.0191 0.2013 0.1954 0.0978 0.1825 0.1561 
  11 0.0061 0.0063 0.0257 0.1701 0.3997 0.1226 0.1623 0.1072 
  12 0.0049 0.0065 0.0146 0.1256 0.1105 0.0970 0.4650 0.1759 
  13 0.0060 0.0093 0.0217 0.1871 0.1762 0.1220 0.2951 0.1827 
  14 0.0222 0.0054 0.0347 0.1190 0.0971 0.2354 0.3075 0.1788 
  15 0.0074 0.0076 0.0523 0.0977 0.1518 0.1368 0.2467 0.2997 
  16 0.0056 0.0065 0.0278 0.2802 0.1871 0.2023 0.1452 0.1453 
  17 0.0059 0.0163 0.0212 0.2685 0.1197 0.1468 0.2577 0.1639 
  18 0.0070 0.0164 0.0471 0.2017 0.1016 0.1277 0.3107 0.1878 
  19 0.0050 0.0071 0.0175 0.3659 0.1565 0.0954 0.2010 0.1516 
  20 0.0054 0.0070 0.0370 0.1160 0.2231 0.1477 0.2924 0.1715 
  21 0.0112 0.0066 0.0230 0.1008 0.1136 0.2480 0.2333 0.2635 
  22 0.0054 0.0116 0.0183 0.3984 0.1061 0.1291 0.1510 0.1802 
  23 0.0190 0.0150 0.0350 0.0892 0.1130 0.2498 0.2007 0.2783 
  24 0.0056 0.0064 0.0269 0.1780 0.1438 0.2112 0.1397 0.2884 
  25 0.0071 0.0076 0.0418 0.2026 0.1753 0.0924 0.3826 0.0907 
  26 0.0050 0.0123 0.0274 0.1795 0.1302 0.1291 0.2662 0.2502 
  27 0.0056 0.0090 0.0235 0.1941 0.1305 0.2142 0.2452 0.1779 
  28 0.0795 0.0066 0.0235 0.1192 0.2077 0.1074 0.1535 0.3026 
  29 0.0045 0.0053 0.0160 0.1094 0.2071 0.2213 0.2910 0.1454 
  30 0.0047 0.0067 0.0215 0.3688 0.1034 0.1840 0.1676 0.1433 
  31 0.1406 0.0149 0.0155 0.1244 0.1471 0.2044 0.2274 0.1258 
  32 0.0140 0.0069 0.0298 0.2012 0.1256 0.1312 0.2371 0.2541 
  33 0.0047 0.0077 0.0233 0.1843 0.1994 0.2572 0.1207 0.2028 
  34 0.1371 0.0094 0.0261 0.1507 0.3336 0.0893 0.1481 0.1056 
  35 0.0046 0.0242 0.0143 0.1987 0.1042 0.3009 0.2369 0.1163 
  36 0.0067 0.0055 0.0580 0.0672 0.0913 0.5734 0.0992 0.0986 
  37 0.0062 0.0118 0.0165 0.1148 0.1276 0.2271 0.2250 0.2710 
  38 0.0049 0.0071 0.2394 0.0683 0.2134 0.2324 0.1462 0.0881 
  39 0.0055 0.0129 0.0343 0.1380 0.2231 0.2621 0.1937 0.1305 
  40 0.0054 0.0053 0.0217 0.1015 0.0789 0.5056 0.1409 0.1405 
  41 0.0071 0.0122 0.0234 0.1215 0.1615 0.4919 0.1021 0.0802 
  42 0.0055 0.0061 0.0521 0.0578 0.0903 0.4430 0.0894 0.2557 
  43 0.0110 0.0107 0.0149 0.0852 0.1175 0.4453 0.1716 0.1438 
  44 0.0044 0.0113 0.0123 0.1649 0.0960 0.4757 0.1509 0.0844 
  45 0.0045 0.0068 0.0468 0.0580 0.1197 0.4213 0.2584 0.0846 
  46 0.0046 0.0189 0.0186 0.2461 0.1362 0.2169 0.2346 0.1240 
  47 0.0132 0.0332 0.0142 0.2580 0.1156 0.1771 0.2264 0.1622 
  48 0.0046 0.0151 0.0157 0.1574 0.0778 0.4608 0.1748 0.0939 
  49 0.0055 0.0157 0.0223 0.1630 0.1277 0.3239 0.2001 0.1418 
  50 0.0508 0.0173 0.0198 0.2640 0.1985 0.1464 0.1871 0.1161 
  51 0.0060 0.0045 0.0353 0.0448 0.0722 0.6684 0.0903 0.0784 
  52 0.0048 0.0182 0.0223 0.1381 0.2311 0.2942 0.1441 0.1471 
  53 0.0165 0.0111 0.1223 0.1908 0.1890 0.2303 0.1048 0.1353 
  54 0.0061 0.0122 0.0115 0.0928 0.1055 0.2443 0.3434 0.1841 
  55 0.0049 0.0092 0.0148 0.0747 0.0974 0.4224 0.2508 0.1259 
  56 0.0045 0.0097 0.0286 0.1799 0.0833 0.3608 0.1844 0.1488 
  57 0.0167 0.0295 0.0214 0.1955 0.1601 0.0984 0.1871 0.2913 
  58 0.0051 0.0072 0.0231 0.0621 0.1255 0.4451 0.2055 0.1266 
  59 0.0046 0.0076 0.0691 0.0759 0.1277 0.4022 0.1917 0.1212 
  60 0.0119 0.0053 0.0256 0.0594 0.0917 0.5406 0.1039 0.1617 
  61 0.0057 0.0051 0.0122 0.0429 0.0867 0.3909 0.2433 0.2134 
  62 0.0047 0.0251 0.0194 0.1591 0.1306 0.1209 0.3888 0.1514 
  63 0.0050 0.0050 0.0220 0.0692 0.1958 0.3665 0.1596 0.1769 
  64 0.0047 0.0097 0.0362 0.2887 0.1423 0.1491 0.2639 0.1054 
  65 0.0051 0.0080 0.0183 0.0923 0.3253 0.1151 0.3474 0.0886 
  66 0.0162 0.0063 0.0181 0.0655 0.1535 0.1844 0.2845 0.2716 
  67 0.0050 0.0085 0.0119 0.0716 0.1120 0.4001 0.2856 0.1052 
  68 0.0057 0.0092 0.0745 0.0683 0.1208 0.3991 0.1766 0.1458 
  69 0.3166 0.0079 0.1242 0.0689 0.1306 0.1324 0.1381 0.0813 
  70 0.0106 0.0053 0.0363 0.0545 0.1705 0.5146 0.0861 0.1220 
  71 0.0070 0.0071 0.0505 0.0655 0.1216 0.4729 0.2007 0.0746 
  72 0.0078 0.0077 0.0296 0.2563 0.1270 0.3570 0.1185 0.0961 
  73 0.0083 0.0068 0.0193 0.0537 0.1256 0.3547 0.3400 0.0916 
  74 0.0047 0.0056 0.0634 0.0724 0.0873 0.5126 0.1022 0.1519 
  75 0.0091 0.0064 0.0437 0.0599 0.0706 0.5237 0.1140 0.1727 
  76 0.0052 0.0073 0.0165 0.0775 0.2168 0.3845 0.1731 0.1191 
  77 0.0045 0.0062 0.0576 0.0552 0.1924 0.4274 0.1768 0.0798 
  78 0.0048 0.0072 0.1643 0.0593 0.1793 0.3571 0.1413 0.0866 
  79 0.0064 0.0059 0.0287 0.1368 0.3172 0.0832 0.2927 0.1291 
  80 0.0062 0.0060 0.0171 0.0623 0.1685 0.0886 0.1367 0.5146 
  81 0.0063 0.0062 0.0201 0.0705 0.2357 0.0716 0.1639 0.4255 
  82 0.0060 0.0065 0.0200 0.0736 0.1382 0.2455 0.3032 0.2069 
  83 0.0088 0.0057 0.0453 0.0813 0.2550 0.1185 0.1529 0.3324 
  84 0.0064 0.0056 0.0264 0.0818 0.3035 0.0961 0.1769 0.3033 
  85 0.0083 0.0058 0.0600 0.1242 0.1588 0.1160 0.1798 0.3470 
  86 0.0052 0.0095 0.0180 0.0947 0.1361 0.2188 0.3954 0.1223 
  87 0.0184 0.0067 0.0424 0.0723 0.3943 0.1346 0.1972 0.1340 
  88 0.0063 0.0066 0.0192 0.0686 0.2025 0.1309 0.2379 0.3281 
  89 0.0205 0.0079 0.0190 0.0641 0.1689 0.1058 0.2349 0.3789 
  90 0.0058 0.0056 0.0226 0.0634 0.3588 0.0932 0.2995 0.1510 
  91 0.0080 0.0059 0.0497 0.0782 0.1425 0.1209 0.1303 0.4644 
  92 0.0059 0.0067 0.0222 0.1016 0.2160 0.1151 0.3425 0.1900 
  93 0.0345 0.0058 0.0147 0.0589 0.0897 0.1055 0.1116 0.5792 
  94 0.0068 0.0053 0.0653 0.0627 0.5346 0.1119 0.0956 0.1178 
  95 0.0061 0.0058 0.0187 0.0486 0.3366 0.1044 0.2189 0.2609 
  96 0.0068 0.0055 0.0139 0.0449 0.0889 0.3565 0.2069 0.2766 
  97 0.0055 0.0073 0.0660 0.0724 0.0804 0.3932 0.1621 0.2132 
  98 0.0050 0.0048 0.0170 0.0964 0.1148 0.3751 0.2570 0.1299 
  99 0.0068 0.0059 0.0228 0.0696 0.3124 0.0825 0.2210 0.2790 
 100 0.0055 0.0064 0.0131 0.0487 0.0760 0.1089 0.2078 0.5336 
 101 0.0749 0.0079 0.0424 0.0730 0.2260 0.1835 0.2364 0.1558 
 102 0.0083 0.0074 0.0388 0.0541 0.1932 0.2023 0.1332 0.3626 
 103 0.0410 0.0072 0.0153 0.0540 0.1797 0.1110 0.3875 0.2043 
 104 0.0139 0.0061 0.0152 0.0572 0.4265 0.0891 0.2474 0.1446 
 105 0.0419 0.0085 0.0138 0.0504 0.2423 0.1130 0.3507 0.1794 
 106 0.0043 0.0055 0.0273 0.0837 0.5234 0.1080 0.1762 0.0716 
 107 0.0200 0.0078 0.0156 0.0595 0.2901 0.1184 0.2873 0.2013 
 108 0.0076 0.0049 0.1918 0.0590 0.0884 0.1524 0.3787 0.1173 
 109 0.0096 0.0179 0.0386 0.0681 0.3357 0.1214 0.3362 0.0724 
 110 0.0081 0.0065 0.0267 0.0849 0.5754 0.0985 0.1232 0.0766 
 111 0.0083 0.0079 0.0157 0.0556 0.4692 0.0904 0.2401 0.1129 
 112 0.0056 0.0117 0.0223 0.0530 0.5371 0.1500 0.1393 0.0809 
 113 0.0105 0.0075 0.0303 0.0985 0.1364 0.2000 0.3785 0.1383 
 114 0.0160 0.0057 0.0140 0.0512 0.4054 0.0842 0.2516 0.1720 
 115 0.0058 0.0078 0.0194 0.0711 0.2876 0.2653 0.2245 0.1186 
 116 0.0045 0.0080 0.0419 0.0687 0.3159 0.2672 0.2183 0.0755 
 117 0.0114 0.0109 0.0254 0.0838 0.4814 0.1474 0.1452 0.0944 
 118 0.0049 0.0060 0.0201 0.0552 0.1328 0.1016 0.5747 0.1048 
 119 0.0082 0.0049 0.0308 0.0456 0.1446 0.3512 0.1384 0.2763 
 120 0.0078 0.0077 0.0187 0.0635 0.3456 0.1656 0.2526 0.1385 
 121 0.0146 0.0306 0.0228 0.0643 0.2610 0.3025 0.2187 0.0855 
 122 0.0108 0.0052 0.0224 0.0769 0.4577 0.1008 0.2341 0.0922 
 123 0.0104 0.0069 0.0287 0.0673 0.4343 0.1188 0.2021 0.1315 
 124 0.0064 0.0142 0.0258 0.1504 0.2529 0.2368 0.2216 0.0919 
 125 0.0076 0.0077 0.0418 0.1516 0.2922 0.2577 0.1441 0.0972 
 126 0.0050 0.0048 0.0280 0.0606 0.3634 0.2557 0.1477 0.1348 
 127 0.0055 0.0068 0.0143 0.0476 0.4654 0.1045 0.2348 0.1210 
 128 0.0047 0.0054 0.0130 0.0574 0.1182 0.1142 0.5835 0.1038 
 129 0.0213 0.0088 0.0146 0.0531 0.2256 0.1050 0.4904 0.0813 
 130 0.0165 0.0083 0.0155 0.0545 0.3651 0.0795 0.2770 0.1836 
 131 0.0212 0.0141 0.1318 0.0923 0.2729 0.2315 0.1610 0.0753 
 132 0.0090 0.0063 0.0221 0.0681 0.3851 0.1051 0.3280 0.0763 
 133 0.0170 0.0107 0.0212 0.0664 0.3351 0.1161 0.2950 0.1385 
 134 0.0042 0.0053 0.0178 0.0625 0.6383 0.0747 0.1347 0.0625 
 135 0.0055 0.0080 0.0206 0.0472 0.0736 0.2567 0.1639 0.4245 
 136 0.0124 0.0073 0.0173 0.0866 0.0674 0.0867 0.1320 0.5903 
 137 0.0146 0.0060 0.0156 0.0578 0.1125 0.0915 0.0996 0.6024 
 138 0.0067 0.0056 0.0203 0.0598 0.0726 0.1078 0.0882 0.6389 
 139 0.0124 0.0057 0.0175 0.0727 0.0798 0.1962 0.3189 0.2968 
 140 0.0183 0.0065 0.0229 0.0658 0.1226 0.2305 0.1620 0.3714 
 141 0.0649 0.0076 0.0245 0.1215 0.0803 0.1141 0.1595 0.4275 
 142 0.0167 0.0069 0.0184 0.0476 0.0713 0.2763 0.1726 0.3902 
 143 0.0052 0.0048 0.0137 0.0470 0.0608 0.0865 0.0826 0.6994 
 144 0.0062 0.0060 0.0150 0.0505 0.1071 0.0952 0.0957 0.6245 
 145 0.0131 0.0090 0.0233 0.1230 0.0796 0.1612 0.1926 0.3983 
 146 0.0139 0.0103 0.0238 0.0871 0.1409 0.1452 0.1625 0.4162 
 147 0.0106 0.0058 0.0144 0.0541 0.0639 0.0766 0.0832 0.6913 
 148 0.0659 0.0063 0.0160 0.0861 0.0898 0.1542 0.1883 0.3935 
 149 0.2332 0.0069 0.0199 0.0589 0.0717 0.2329 0.1324 0.2441 
 150 0.0146 0.0078 0.0148 0.0614 0.1502 0.1148 0.1598 0.4767 
 151 0.0055 0.0065 0.0139 0.0518 0.0856 0.1092 0.1155 0.6121 
 152 0.0232 0.0074 0.0343 0.0946 0.0810 0.1800 0.1637 0.4158 
 153 0.0163 0.0060 0.0201 0.0637 0.0944 0.1926 0.0958 0.5112 
 154 0.3181 0.0076 0.0159 0.0822 0.0660 0.1452 0.1595 0.2055 
 155 0.0071 0.0058 0.0128 0.0498 0.0837 0.0846 0.1062 0.6501 
 156 0.0058 0.0051 0.0129 0.0418 0.0774 0.2193 0.1140 0.5238 
 157 0.0135 0.0053 0.0184 0.0502 0.1743 0.0868 0.1009 0.5505 
 158 0.0130 0.0082 0.0275 0.1220 0.0808 0.1459 0.1560 0.4465 
 159 0.1340 0.0074 0.0151 0.0516 0.0655 0.0776 0.1022 0.5467 
 160 0.1365 0.0088 0.0151 0.0511 0.0650 0.0765 0.1243 0.5227 
 161 0.0124 0.0060 0.0225 0.0761 0.1075 0.1945 0.1231 0.4579 
 162 0.0149 0.0131 0.0210 0.0870 0.1308 0.1397 0.2197 0.3738 
 163 0.0067 0.0053 0.0130 0.0449 0.0778 0.1283 0.0877 0.6364 
 164 0.2064 0.0107 0.0173 0.0627 0.1072 0.1005 0.2468 0.2484 
 165 0.0064 0.0072 0.0151 0.0532 0.1454 0.1160 0.1281 0.5285 
 166 0.2175 0.0056 0.0405 0.0494 0.1357 0.1470 0.1224 0.2819 
 167 0.4115 0.0109 0.0179 0.1050 0.0830 0.0693 0.1213 0.1810 
 168 0.0073 0.0063 0.0534 0.0673 0.0873 0.1557 0.1006 0.5221 
 169 0.0130 0.0101 0.1012 0.1420 0.0777 0.1796 0.1442 0.3323 
 170 0.0061 0.0058 0.0143 0.0519 0.0833 0.2365 0.1350 0.4671 
 171 0.0124 0.0062 0.0422 0.0894 0.0907 0.1273 0.1812 0.4505 
 172 0.0386 0.0067 0.0547 0.0639 0.0686 0.3510 0.1124 0.3042 
 173 0.0112 0.0068 0.0134 0.0505 0.0643 0.0778 0.1379 0.6381 
 174 0.0135 0.0067 0.0145 0.0580 0.0890 0.0800 0.1195 0.6188 
 175 0.0060 0.0063 0.0147 0.0870 0.0644 0.1094 0.1022 0.6101 
 176 0.0063 0.0060 0.0149 0.0498 0.1067 0.0970 0.0960 0.6233 
 177 0.0157 0.0068 0.0303 0.0632 0.2023 0.1241 0.1181 0.4395 
 178 0.0160 0.0071 0.0153 0.1070 0.0908 0.0805 0.1549 0.5283 
 179 0.0329 0.0056 0.0135 0.0561 0.0641 0.0708 0.0986 0.6584 
 180 0.0402 0.0112 0.0243 0.0919 0.1015 0.1533 0.1329 0.4448 
 181 0.0115 0.0078 0.0206 0.0662 0.0765 0.1782 0.1736 0.4656 
 182 0.0068 0.0081 0.0140 0.0448 0.0627 0.1129 0.1614 0.5892 
 183 0.0100 0.0058 0.0134 0.0564 0.0651 0.0888 0.1052 0.6553 
 184 0.0048 0.0076 0.0180 0.0986 0.0943 0.1012 0.5586 0.1169 
 185 0.0057 0.0047 0.0125 0.0416 0.0544 0.2074 0.0847 0.5889 
 186 0.0050 0.0073 0.0131 0.0875 0.1450 0.1093 0.5189 0.1140 
 187 0.0077 0.0049 0.0149 0.0799 0.0889 0.0997 0.3458 0.3581 
 188 0.0049 0.0072 0.0115 0.0743 0.1074 0.0952 0.6110 0.0885 
 189 0.0064 0.0055 0.0533 0.1800 0.1104 0.1811 0.1367 0.3267 
 190 0.0052 0.0050 0.0117 0.0366 0.0574 0.3803 0.1744 0.3295 
 191 0.0058 0.0056 0.0128 0.0610 0.0774 0.0773 0.5734 0.1868 
 192 0.0054 0.0053 0.0143 0.0807 0.1224 0.0972 0.3478 0.3268 
 193 0.0053 0.0055 0.0167 0.0899 0.0982 0.1536 0.3315 0.2992 
 194 0.0069 0.0062 0.0153 0.0707 0.1095 0.1999 0.3037 0.2880 
 195 0.0060 0.0056 0.0116 0.0486 0.0592 0.1872 0.2379 0.4439 
 196 0.0054 0.0047 0.0157 0.0493 0.0813 0.2724 0.2779 0.2933 
 197 0.0069 0.0072 0.0145 0.1767 0.1362 0.1447 0.2780 0.2358 
 198 0.0063 0.0053 0.0216 0.1200 0.1457 0.1957 0.2660 0.2394 
 199 0.0050 0.0057 0.0188 0.0507 0.0797 0.4117 0.2198 0.2086 
 200 0.0053 0.0054 0.0286 0.0859 0.0976 0.2312 0.2705 0.2754 
 201 0.0057 0.0049 0.0118 0.0623 0.0691 0.1206 0.2117 0.5140 
 202 0.0053 0.0049 0.0119 0.0483 0.0748 0.2541 0.1423 0.4585 
 203 0.0063 0.0056 0.0121 0.0492 0.0659 0.0922 0.2897 0.4791 
 204 0.0056 0.0058 0.0120 0.0425 0.0644 0.1824 0.4124 0.2749 
 205 0.0061 0.0053 0.0201 0.0581 0.0860 0.1935 0.4125 0.2184 
 206 0.0065 0.0058 0.0118 0.0602 0.0638 0.1191 0.4713 0.2615 
 207 0.0046 0.0051 0.0116 0.0481 0.0795 0.1923 0.5002 0.1584 
 208 0.0058 0.0052 0.0120 0.0499 0.0728 0.1303 0.3608 0.3631 
 209 0.0054 0.0052 0.0136 0.0670 0.0860 0.1258 0.4479 0.2490 
 210 0.0056 0.0055 0.0117 0.0532 0.0795 0.1233 0.4370 0.2842 
 211 0.0044 0.0072 0.0120 0.0467 0.0891 0.2516 0.3309 0.2582 
 212 0.0054 0.0048 0.0140 0.0774 0.0693 0.1901 0.1401 0.4990 
 213 0.0051 0.0053 0.0181 0.0515 0.1416 0.3444 0.2631 0.1709 
 214 0.0048 0.0053 0.0118 0.0550 0.0698 0.1386 0.1972 0.5176 
 215 0.0056 0.0050 0.0188 0.0524 0.0833 0.1116 0.5558 0.1675 
 216 0.0049 0.0086 0.0175 0.1341 0.1092 0.1324 0.4381 0.1551 
 217 0.0053 0.0049 0.0172 0.0662 0.0691 0.1663 0.2025 0.4685 
 218 0.0056 0.0056 0.0182 0.0560 0.0959 0.1038 0.4756 0.2393 
 219 0.0061 0.0100 0.0264 0.1550 0.0972 0.1174 0.2615 0.3264 
 220 0.0056 0.0053 0.0118 0.0467 0.0719 0.0942 0.5740 0.1905 
 221 0.0050 0.0050 0.0117 0.0418 0.0579 0.2630 0.1080 0.5076 
 222 0.0055 0.0081 0.0173 0.2068 0.1089 0.1267 0.3080 0.2187 
 223 0.0071 0.0049 0.0187 0.1053 0.0957 0.1205 0.2314 0.4164 
 224 0.0068 0.0061 0.0120 0.0597 0.0659 0.0991 0.3453 0.4051 
 225 0.0056 0.0054 0.0147 0.0580 0.0799 0.1960 0.3676 0.2728 
 226 0.0072 0.0077 0.1056 0.0976 0.0973 0.1312 0.3020 0.2513 
 227 0.0073 0.0053 0.0121 0.0502 0.0819 0.2917 0.2443 0.3071 
 228 0.0061 0.0060 0.0123 0.0446 0.0556 0.2706 0.2067 0.3982 
 229 0.0055 0.0057 0.0119 0.0609 0.0754 0.0809 0.3421 0.4177 
 230 0.0053 0.0057 0.0118 0.0496 0.0707 0.0878 0.4216 0.3475 
 231 0.0057 0.0054 0.0131 0.0881 0.0731 0.0845 0.3516 0.3784 
 232 0.0053 0.0063 0.0235 0.0616 0.1260 0.2556 0.2430 0.2786 
 233 0.0052 0.0052 0.0119 0.0559 0.0702 0.0984 0.1961 0.5571 
 234 0.0054 0.0049 0.0154 0.1138 0.1138 0.1011 0.3553 0.2904 
 235 0.0059 0.0055 0.0221 0.0808 0.0894 0.1851 0.2456 0.3655 
 236 0.0050 0.0050 0.0152 0.0776 0.0849 0.1018 0.2770 0.4335 
 237 0.0051 0.0057 0.0127 0.0535 0.0742 0.2020 0.4669 0.1799 
 238 0.0050 0.0049 0.0117 0.0626 0.0922 0.1545 0.1907 0.4784 
 239 0.0061 0.0057 0.0122 0.0486 0.0591 0.1850 0.2393 0.4440 
 240 0.0050 0.0049 0.0118 0.0624 0.0916 0.1534 0.1905 0.4805 
 241 0.0056 0.0063 0.0159 0.0531 0.0707 0.1766 0.1779 0.4940 
 242 0.0071 0.0066 0.0296 0.1101 0.0986 0.1565 0.2978 0.2938 
 243 0.0051 0.0050 0.0117 0.0438 0.0649 0.2435 0.3073 0.3188 
 244 0.0051 0.0056 0.0117 0.0520 0.0663 0.0970 0.3309 0.4313 
 245 0.0054 0.0049 0.0116 0.0480 0.0775 0.1699 0.1181 0.5645 
 246 0.0054 0.0051 0.0169 0.0663 0.0689 0.1667 0.2023 0.4683 
 247 0.0049 0.0048 0.0226 0.0685 0.2272 0.1818 0.3849 0.1053 
 248 0.0045 0.0050 0.0138 0.0571 0.0879 0.1257 0.5879 0.1182 
 249 0.0049 0.0054 0.0118 0.0536 0.0777 0.1239 0.2927 0.4301 
 250 0.0051 0.0053 0.0145 0.0700 0.0899 0.0914 0.3763 0.3476 
 251 0.0060 0.0061 0.0495 0.1303 0.1254 0.1449 0.3272 0.2104 
 252 0.0060 0.0053 0.0152 0.0740 0.0853 0.1792 0.2862 0.3488 
 253 0.0053 0.0056 0.0259 0.0786 0.1315 0.3033 0.2966 0.1532 
 254 0.0054 0.0073 0.0139 0.1537 0.0920 0.1239 0.3630 0.2408 
 255 0.0057 0.0053 0.0132 0.0914 0.0946 0.1150 0.3618 0.3131 
 256 0.0053 0.0058 0.0143 0.0632 0.0758 0.1993 0.2542 0.3821 
 257 0.0087 0.0129 0.0158 0.0623 0.0918 0.1432 0.4052 0.2601 
 258 0.0057 0.0047 0.0170 0.0732 0.1116 0.2351 0.3353 0.2174 
 259 0.0055 0.0060 0.0140 0.0621 0.0819 0.1057 0.4902 0.2345 
 260 0.0050 0.0075 0.0148 0.1713 0.1017 0.0972 0.2298 0.3726 
 261 0.0055 0.0047 0.0159 0.0731 0.0762 0.2010 0.1916 0.4320 
 262 0.0051 0.0054 0.0159 0.0434 0.0592 0.2933 0.1599 0.4178 
 263 0.0048 0.0083 0.0118 0.0706 0.0765 0.1146 0.5574 0.1561 
 264 0.0044 0.0108 0.0172 0.2972 0.1068 0.1191 0.3538 0.0907 
 265 0.0056 0.0050 0.0217 0.0905 0.0905 0.1183 0.3565 0.3119 
 266 0.0047 0.0049 0.0117 0.0423 0.0590 0.2058 0.1176 0.5540 
 267 0.0051 0.0050 0.0129 0.0911 0.0912 0.1587 0.3213 0.3147 
 268 0.0053 0.0050 0.0158 0.0492 0.0805 0.2713 0.2779 0.2951 
 269 0.0060 0.0050 0.0366 0.1879 0.1074 0.1082 0.2253 0.3236 
 270 0.0096 0.0079 0.0138 0.0984 0.1087 0.1112 0.5047 0.1457 
 271 0.0058 0.0054 0.0185 0.0645 0.0964 0.1470 0.4597 0.2027 
 272 0.0068 0.0073 0.1030 0.0746 0.0948 0.1628 0.3410 0.2097 
 273 0.0618 0.0308 0.0310 0.1010 0.1344 0.1104 0.2580 0.2727 
 274 0.0057 0.0056 0.0277 0.0856 0.1011 0.1252 0.4134 0.2358 
 275 0.0308 0.0097 0.0347 0.0983 0.0848 0.1108 0.3861 0.2448 
 276 0.0060 0.0075 0.0680 0.0671 0.0991 0.2715 0.3200 0.1608 
 277 0.0059 0.0055 0.0181 0.1117 0.0952 0.1217 0.2709 0.3710 
 278 0.0054 0.0049 0.0192 0.0532 0.0791 0.1415 0.4875 0.2093 
 279 0.0053 0.0056 0.0183 0.0829 0.0908 0.1309 0.3666 0.2996 
 280 0.0054 0.0054 0.0315 0.1257 0.0917 0.1923 0.2976 0.2504 
 281 0.0056 0.0056 0.0175 0.0661 0.1199 0.1278 0.4200 0.2376 
 282 0.0053 0.0047 0.0156 0.0976 0.0888 0.0902 0.2033 0.4944 
 283 0.0062 0.0050 0.0122 0.0608 0.0833 0.1019 0.2019 0.5287 
 284 0.0110 0.0050 0.0154 0.0766 0.1099 0.1312 0.3269 0.3240 
 285 0.0046 0.0047 0.0203 0.0611 0.0975 0.1733 0.5539 0.0847 
 286 0.0052 0.0056 0.0119 0.0515 0.0667 0.0976 0.3315 0.4301 
 287 0.0064 0.0059 0.0281 0.0954 0.1284 0.1199 0.3154 0.3004 
 288 0.0075 0.0067 0.0721 0.0741 0.0896 0.1089 0.4368 0.2043 
 289 0.0117 0.0091 0.0454 0.0772 0.1145 0.1290 0.4380 0.1752 
 290 0.0046 0.0099 0.0165 0.1447 0.0855 0.2807 0.2793 0.1789 
 291 0.0058 0.0055 0.0182 0.0642 0.0967 0.1492 0.4571 0.2033 
 292 0.0054 0.0054 0.0322 0.0974 0.0811 0.3118 0.1912 0.2755 
 293 0.0042 0.0069 0.0172 0.2013 0.0973 0.3088 0.2317 0.1327 
 294 0.0053 0.0101 0.0154 0.0680 0.0782 0.1922 0.4939 0.1369 
 295 0.0190 0.0075 0.0559 0.0840 0.1079 0.2644 0.2922 0.1691 
 296 0.0059 0.0056 0.0181 0.0469 0.0902 0.1193 0.5104 0.2037 
 297 0.0054 0.0061 0.0304 0.1256 0.0999 0.1539 0.3946 0.1841 
 298 0.0054 0.0051 0.0147 0.0909 0.0992 0.0821 0.2895 0.4132 
 299 0.0054 0.0087 0.0119 0.1048 0.0823 0.0945 0.5159 0.1764 
 300 0.0047 0.0058 0.0165 0.0582 0.0781 0.1571 0.5601 0.1196 
 301 0.0095 0.0075 0.0201 0.1269 0.0925 0.1082 0.4863 0.1489 
 302 0.0117 0.0098 0.0163 0.0678 0.0746 0.2288 0.4507 0.1403 
 303 0.0056 0.0059 0.0174 0.0802 0.0792 0.1509 0.2799 0.3810 
 304 0.0109 0.0077 0.0127 0.1688 0.1412 0.0967 0.1699 0.3923 
 305 0.0124 0.0065 0.0169 0.0496 0.0616 0.1912 0.3236 0.3381 
 306 0.0056 0.0055 0.0212 0.0804 0.0786 0.1693 0.1881 0.4514 
 307 0.0062 0.0065 0.0185 0.0851 0.0908 0.1245 0.3639 0.3045 
 308 0.0057 0.0049 0.0161 0.0728 0.0756 0.2026 0.1930 0.4293 
 309 0.0376 0.0216 0.0209 0.0579 0.0963 0.1056 0.4841 0.1761 
 310 0.0049 0.0052 0.0117 0.0521 0.0671 0.1938 0.2747 0.3905 
 311 0.0053 0.0058 0.0119 0.0504 0.0710 0.0872 0.4242 0.3442 
 312 0.0057 0.0052 0.0117 0.0441 0.0789 0.1173 0.5451 0.1920 
 313 0.0058 0.0054 0.0139 0.0467 0.0727 0.2448 0.4899 0.1209 
 314 0.0467 0.0054 0.0178 0.0496 0.0604 0.1358 0.0776 0.6065 
 315 0.0582 0.0051 0.0296 0.0580 0.0730 0.1471 0.0798 0.5491 
 316 0.1865 0.0075 0.0444 0.0675 0.0795 0.0862 0.0857 0.4427 
 317 0.0491 0.0059 0.0196 0.0531 0.0635 0.0830 0.0790 0.6469 
 318 0.1477 0.0059 0.0191 0.0578 0.0652 0.0631 0.0796 0.5617 
 319 0.0052 0.0056 0.0135 0.0473 0.0612 0.0834 0.0861 0.6977 
 320 0.0463 0.0058 0.0182 0.0509 0.0598 0.1375 0.0774 0.6040 
 321 0.1305 0.0059 0.0193 0.0595 0.0654 0.0805 0.0803 0.5586 
 322 0.0519 0.0080 0.0460 0.0630 0.0802 0.1328 0.0877 0.5305 
 323 0.0454 0.0149 0.0157 0.0621 0.0647 0.0671 0.0817 0.6484 
 324 0.1315 0.0059 0.0189 0.0581 0.0660 0.0806 0.0803 0.5587 
 325 0.2421 0.0058 0.0407 0.0618 0.0760 0.0801 0.0820 0.4115 
 326 0.4556 0.0063 0.0301 0.0588 0.0748 0.0776 0.0806 0.2164 
 327 0.0488 0.0058 0.0196 0.0530 0.0631 0.0820 0.0789 0.6489 
 328 0.0548 0.0056 0.0340 0.0621 0.0789 0.1227 0.0920 0.5500 
 329 0.0108 0.0049 0.0140 0.0538 0.0633 0.0652 0.0782 0.7097 
 330 0.0496 0.0059 0.0192 0.0527 0.0633 0.0816 0.0793 0.6485 
 331 0.0327 0.0053 0.0146 0.0526 0.0635 0.0649 0.0842 0.6821 
 332 0.4451 0.0082 0.0295 0.0625 0.0747 0.0781 0.0801 0.2218 
 333 0.3357 0.0071 0.0281 0.0569 0.0739 0.0916 0.0916 0.3150 
 334 0.0558 0.0055 0.0340 0.0613 0.0778 0.1241 0.0919 0.5496 
 335 0.0191 0.0052 0.0330 0.0563 0.0767 0.1252 0.0806 0.6039 
 336 0.3662 0.0087 0.0154 0.0587 0.0628 0.1097 0.0772 0.3014 
 337 0.2020 0.0057 0.0424 0.0623 0.0773 0.1116 0.0832 0.4156 
 338 0.3845 0.0060 0.0164 0.0600 0.0668 0.0649 0.0807 0.3207 
 339 0.0318 0.0053 0.0145 0.0525 0.0641 0.0649 0.0840 0.6829 
 340 0.0120 0.0052 0.0137 0.0465 0.0613 0.0673 0.0811 0.7129 
 341 0.1812 0.0115 0.0165 0.0536 0.0643 0.0701 0.0903 0.5124 
 342 0.0491 0.0062 0.0200 0.0532 0.0637 0.0819 0.0798 0.6461 
 343 0.0606 0.0127 0.0297 0.0655 0.0718 0.2045 0.0768 0.4783 
 344 0.0323 0.0056 0.0145 0.0537 0.0633 0.0632 0.0786 0.6889 
 345 0.0486 0.0058 0.0197 0.0530 0.0636 0.0816 0.0791 0.6487 
 346 0.0561 0.0063 0.0197 0.0520 0.0626 0.0660 0.0781 0.6592 
 347 0.0120 0.0051 0.0136 0.0477 0.0619 0.0655 0.0752 0.7190 
 348 0.0162 0.0048 0.0268 0.0513 0.0702 0.2124 0.0777 0.5406 
 349 0.0496 0.0059 0.0199 0.0530 0.0634 0.0819 0.0798 0.6465 
 350 0.0105 0.0053 0.0132 0.0502 0.0606 0.1025 0.0868 0.6710 
 351 0.0190 0.0054 0.0328 0.0559 0.0766 0.1254 0.0805 0.6044 
 352 0.0809 0.0060 0.0482 0.0599 0.0759 0.1209 0.0839 0.5243 
 353 0.3676 0.0087 0.0155 0.0579 0.0631 0.1089 0.0764 0.3019 
 354 0.0663 0.0080 0.0162 0.0576 0.0663 0.0666 0.0828 0.6363 
 355 0.1493 0.0058 0.0188 0.0578 0.0656 0.0633 0.0794 0.5599 
 356 0.0066 0.0046 0.0255 0.0501 0.0688 0.2327 0.0781 0.5334 
 357 0.0090 0.0052 0.0697 0.1584 0.1177 0.0917 0.1091 0.4391 
 358 0.3128 0.0055 0.0273 0.0597 0.0751 0.0836 0.0818 0.3543 
 359 0.2429 0.0060 0.0148 0.0558 0.0646 0.0686 0.0882 0.4590 
 360 0.0570 0.0061 0.0196 0.0517 0.0638 0.0657 0.0786 0.6574 
 361 0.0072 0.0053 0.0659 0.1591 0.1189 0.1305 0.1107 0.4024 
 362 0.0161 0.0066 0.0744 0.1045 0.2510 0.1404 0.2778 0.1292 
 363 0.0082 0.0078 0.0384 0.1578 0.3397 0.1415 0.2117 0.0950 
 364 0.0098 0.0120 0.0232 0.2656 0.1126 0.1330 0.1770 0.2667 
 365 0.0095 0.0177 0.0594 0.2964 0.1862 0.1209 0.2014 0.1086 
 366 0.0080 0.0067 0.0393 0.2106 0.0963 0.2882 0.1839 0.1670 
 367 0.0047 0.0052 0.0403 0.0805 0.6020 0.0762 0.1153 0.0759 
 368 0.0060 0.0060 0.0215 0.0986 0.1930 0.0906 0.4597 0.1248 
 369 0.0190 0.0100 0.0222 0.1570 0.1119 0.3451 0.1534 0.1814 
 370 0.0267 0.0171 0.0241 0.1095 0.2079 0.1153 0.3715 0.1278 
 371 0.0259 0.0130 0.0195 0.2118 0.1245 0.1546 0.2886 0.1620 
 372 0.0354 0.0507 0.0292 0.0702 0.1503 0.0979 0.4198 0.1466 
 373 0.0059 0.0066 0.0192 0.1275 0.3580 0.1218 0.1631 0.1980 
 374 0.0088 0.0088 0.0520 0.1497 0.1881 0.1218 0.1754 0.2954 
 375 0.0101 0.0197 0.0238 0.2454 0.2669 0.0829 0.2587 0.0925 
 376 0.0068 0.1111 0.0414 0.3182 0.2388 0.0989 0.0982 0.0867 
 377 0.0210 0.0076 0.0624 0.1388 0.1332 0.1184 0.3959 0.1227 
 378 0.0197 0.0061 0.0199 0.0557 0.3940 0.1008 0.1540 0.2497 
 379 0.0090 0.1900 0.0358 0.2468 0.2325 0.1062 0.1047 0.0749 
 380 0.0117 0.0120 0.1236 0.2100 0.0909 0.2203 0.1286 0.2030 
 381 0.0055 0.0085 0.0219 0.4034 0.0770 0.2498 0.0872 0.1466 
 382 0.0111 0.0056 0.0262 0.2575 0.3415 0.0772 0.1759 0.1049 
 383 0.2103 0.0102 0.1140 0.2308 0.0796 0.0911 0.1495 0.1146 
 384 0.0737 0.0528 0.0302 0.3172 0.1590 0.0820 0.1393 0.1457 
 385 0.1594 0.0229 0.0189 0.1517 0.1719 0.0735 0.2650 0.1367 
 386 0.0051 0.0048 0.0396 0.1479 0.4326 0.1125 0.1614 0.0962 
 387 0.0053 0.0056 0.0346 0.1995 0.3344 0.1226 0.1791 0.1189 
 388 0.0161 0.0197 0.0311 0.1650 0.1834 0.0848 0.2332 0.2667 
 389 0.0199 0.0125 0.0195 0.0748 0.0982 0.1834 0.4816 0.1101 
 390 0.0207 0.0215 0.0637 0.1018 0.3430 0.2474 0.1142 0.0878 
 391 0.0142 0.0175 0.0325 0.0908 0.2207 0.2443 0.2384 0.1418 
 392 0.0058 0.0090 0.0280 0.2540 0.2367 0.1166 0.1660 0.1839 
 393 0.0090 0.0085 0.1183 0.2138 0.1196 0.2716 0.1007 0.1585 
 394 0.0252 0.0056 0.0533 0.0807 0.2901 0.0987 0.1588 0.2875 
 395 0.0043 0.0047 0.0731 0.0779 0.1872 0.2957 0.2479 0.1093 
 396 0.0044 0.0065 0.0175 0.1913 0.3404 0.0960 0.2623 0.0817 
 397 0.0062 0.0871 0.0152 0.1909 0.0943 0.1350 0.2479 0.2233 
 398 0.0057 0.0476 0.1377 0.0965 0.3820 0.1348 0.1104 0.0852 
 399 0.0121 0.0055 0.0462 0.0662 0.4515 0.1642 0.1510 0.1034 
 400 0.0053 0.0082 0.0224 0.1855 0.3989 0.1338 0.1041 0.1419 
 401 0.0052 0.0051 0.0217 0.0545 0.4151 0.2277 0.1287 0.1419 
 402 0.0067 0.0073 0.0197 0.1637 0.2292 0.2110 0.2162 0.1461 
 403 0.0066 0.0080 0.0289 0.1094 0.1605 0.1221 0.1828 0.3816 
 404 0.0048 0.0103 0.0181 0.2369 0.1495 0.1246 0.2927 0.1629 
 405 0.0061 0.0052 0.0636 0.1605 0.1728 0.1863 0.2557 0.1498 
 406 0.0049 0.0045 0.2480 0.0652 0.0839 0.2852 0.1274 0.1809 
 407 0.0046 0.0052 0.1244 0.2810 0.2204 0.1259 0.1568 0.0818 
 408 0.0044 0.0046 0.0156 0.0494 0.3520 0.2805 0.2189 0.0746 
 409 0.0100 0.0142 0.0643 0.0758 0.1060 0.4114 0.1016 0.2167 
 410 0.0095 0.0932 0.0451 0.1315 0.3012 0.1447 0.1313 0.1436 
 411 0.0284 0.0216 0.0219 0.3082 0.1719 0.1619 0.1191 0.1669 
 412 0.0061 0.0058 0.0237 0.1331 0.2814 0.0862 0.3481 0.1156 
 413 0.0166 0.0052 0.0225 0.0780 0.3105 0.0884 0.2468 0.2320 
 414 0.0095 0.0052 0.0168 0.1286 0.2926 0.0832 0.3864 0.0777 
 415 0.0050 0.0065 0.0446 0.2528 0.2207 0.2311 0.1346 0.1046 
 416 0.0052 0.0070 0.0208 0.1337 0.3149 0.2320 0.1341 0.1523 
 417 0.0072 0.0071 0.1956 0.1455 0.2898 0.1057 0.1534 0.0957 
 418 0.0049 0.0077 0.0192 0.1220 0.4741 0.0774 0.2006 0.0940 
 419 0.0104 0.0150 0.0325 0.1368 0.2061 0.1979 0.1671 0.2342 
 420 0.0043 0.0044 0.0187 0.0538 0.3691 0.3562 0.1087 0.0849 
 421 0.0080 0.0081 0.0720 0.1010 0.3311 0.1260 0.2528 0.1008 
 422 0.0054 0.0072 0.0941 0.0852 0.1271 0.2552 0.3148 0.1111 
 423 0.0054 0.0101 0.0536 0.2119 0.2212 0.1293 0.2307 0.1377 
 424 0.0080 0.0087 0.0667 0.0730 0.3487 0.2130 0.1444 0.1374 
 425 0.0092 0.0305 0.0274 0.2362 0.1711 0.1067 0.2499 0.1690 
 426 0.0441 0.0342 0.0732 0.1274 0.3057 0.1041 0.1632 0.1482 
 427 0.0176 0.0056 0.1563 0.1019 0.3433 0.1090 0.0921 0.1741 
 428 0.0071 0.0234 0.1900 0.0795 0.1146 0.2076 0.1606 0.2171 
 429 0.0048 0.0069 0.0353 0.2339 0.4487 0.0775 0.1164 0.0764 
 430 0.0072 0.0062 0.1860 0.1499 0.2050 0.1727 0.1812 0.0919 
 431 0.0154 0.0116 0.0393 0.0865 0.2855 0.0964 0.3118 0.1535 
 432 0.0061 0.0061 0.0229 0.0973 0.2493 0.1089 0.3735 0.1358 
 433 0.0072 0.0106 0.0170 0.0817 0.1261 0.1208 0.2948 0.3418 
 434 0.0067 0.0061 0.0238 0.1856 0.1304 0.1830 0.2883 0.1761 
 435 0.0054 0.0050 0.3285 0.0862 0.2468 0.1172 0.1294 0.0814 
 436 0.0059 0.0083 0.2905 0.1385 0.2458 0.1272 0.0655 0.1183 
 437 0.0057 0.0084 0.0442 0.4537 0.1406 0.0926 0.1623 0.0925 
 438 0.0074 0.0059 0.2351 0.0580 0.1687 0.3234 0.0845 0.1170 
 439 0.0066 0.0059 0.3029 0.1319 0.2228 0.1378 0.0864 0.1057 
 440 0.0045 0.0044 0.3012 0.1239 0.3017 0.0934 0.1014 0.0695 
 441 0.0096 0.0063 0.1019 0.1749 0.2384 0.1814 0.1303 0.1571 
 442 0.0045 0.0085 0.0238 0.2183 0.2981 0.1800 0.1763 0.0905 
 443 0.0051 0.0048 0.0476 0.0728 0.4090 0.2826 0.1016 0.0765 
 444 0.0049 0.0081 0.0486 0.2284 0.2673 0.2003 0.1550 0.0873 
 445 0.0064 0.0542 0.0518 0.1105 0.1135 0.4347 0.0880 0.1410 
 446 0.0075 0.0538 0.1725 0.0881 0.3951 0.1194 0.0754 0.0881 
 447 0.0058 0.0076 0.2297 0.0887 0.1776 0.2007 0.1428 0.1472 
 448 0.0056 0.0057 0.0851 0.2087 0.2572 0.1528 0.1857 0.0993 
 449 0.0062 0.0059 0.0852 0.2179 0.2044 0.1663 0.1711 0.1431 
 450 0.0067 0.0085 0.0235 0.4142 0.2088 0.0962 0.1047 0.1374 
 451 0.0051 0.0055 0.0419 0.0824 0.4313 0.1074 0.2552 0.0711 
 452 0.0056 0.0065 0.0426 0.2928 0.3176 0.0947 0.0977 0.1426 
 453 0.0055 0.0049 0.0223 0.0625 0.1365 0.5527 0.1170 0.0986 
 454 0.0174 0.0054 0.1080 0.2067 0.2611 0.1137 0.1363 0.1515 
 455 0.0062 0.0050 0.3246 0.0874 0.1981 0.2157 0.0834 0.0796 
 456 0.0050 0.0071 0.0786 0.2000 0.2272 0.2834 0.1189 0.0798 
 457 0.0055 0.0070 0.0975 0.3927 0.1465 0.1140 0.1374 0.0993 
 458 0.0075 0.0586 0.1046 0.1668 0.2756 0.1862 0.0964 0.1042 
 459 0.0072 0.0054 0.0977 0.0962 0.3739 0.1822 0.0796 0.1578 
 460 0.0063 0.0050 0.0762 0.0910 0.5237 0.1295 0.0833 0.0849 
 461 0.0057 0.0069 0.0240 0.1021 0.6090 0.0812 0.0839 0.0871 
 462 0.0074 0.0125 0.0358 0.2157 0.2164 0.2354 0.2124 0.0644 
 463 0.0066 0.0047 0.2070 0.0689 0.1029 0.3974 0.1125 0.1000 
 464 0.0050 0.0045 0.0732 0.0727 0.4536 0.2181 0.0928 0.0802 
 465 0.0059 0.0083 0.0441 0.0922 0.3951 0.2081 0.1481 0.0982 
 466 0.0051 0.0046 0.0718 0.0745 0.2884 0.3501 0.1241 0.0814 
 467 0.0087 0.0060 0.0471 0.1193 0.2389 0.3198 0.1489 0.1112 
 468 0.0048 0.0060 0.3076 0.2054 0.1062 0.1809 0.1093 0.0798 
 469 0.0065 0.0048 0.5069 0.0814 0.1344 0.1031 0.0801 0.0829 
 470 0.0050 0.0050 0.3685 0.0685 0.2811 0.0964 0.0934 0.0822 
 471 0.0045 0.0065 0.0273 0.1288 0.2844 0.2666 0.1875 0.0944 
 472 0.0053 0.0074 0.0276 0.1798 0.2063 0.3067 0.1767 0.0901 
 473 0.0074 0.0058 0.0978 0.1846 0.1711 0.1625 0.2320 0.1387 
 474 0.0052 0.0054 0.0370 0.2540 0.2839 0.1862 0.0943 0.1338 
 475 0.0055 0.0061 0.0418 0.0970 0.3693 0.1904 0.1312 0.1586 
 476 0.0062 0.0081 0.0410 0.3555 0.2282 0.1883 0.0804 0.0924 
 477 0.0072 0.0078 0.0531 0.0898 0.3708 0.2216 0.1282 0.1216 
 478 0.0067 0.0079 0.0339 0.0564 0.6125 0.0940 0.1096 0.0790 
 479 0.0054 0.0050 0.1394 0.1826 0.3851 0.1019 0.0978 0.0829 
 480 0.0058 0.0062 0.0980 0.3981 0.2165 0.0925 0.0882 0.0947 
 481 0.0044 0.0058 0.0288 0.1759 0.1978 0.1479 0.3476 0.0919 
 482 0.0050 0.0066 0.0484 0.2693 0.4179 0.0828 0.0866 0.0834 
 483 0.0072 0.0066 0.3474 0.1047 0.2247 0.1157 0.0882 0.1056 
 484 0.0068 0.0060 0.2506 0.0880 0.1236 0.3095 0.1216 0.0939 
 485 0.0061 0.0051 0.5060 0.0631 0.1713 0.0899 0.0779 0.0806 
 486 0.0062 0.0103 0.0200 0.1012 0.1788 0.1898 0.3667 0.1270 
 487 0.0081 0.0106 0.0227 0.1518 0.1263 0.1530 0.3003 0.2273 
 488 0.0087 0.0087 0.0200 0.0856 0.1828 0.1038 0.4128 0.1776 
 489 0.0069 0.0089 0.0144 0.1894 0.0824 0.2051 0.2864 0.2065 
 490 0.0052 0.0072 0.0227 0.1183 0.3043 0.2144 0.2434 0.0844 
 491 0.0061 0.0086 0.0153 0.0773 0.0922 0.1519 0.4304 0.2182 
 492 0.0071 0.0052 0.0162 0.0750 0.2196 0.2087 0.1559 0.3122 
 493 0.0079 0.0101 0.0148 0.1102 0.0949 0.0979 0.5238 0.1404 
 494 0.0055 0.0382 0.0228 0.0997 0.1229 0.1761 0.3343 0.2004 
 495 0.0081 0.0414 0.0169 0.0750 0.2693 0.1909 0.1715 0.2269 
 496 0.0073 0.0062 0.0195 0.0875 0.1156 0.2263 0.1920 0.3456 
 497 0.0088 0.0154 0.0160 0.0946 0.0806 0.0830 0.5214 0.1803 
 498 0.0064 0.0125 0.0218 0.1186 0.1895 0.2009 0.3232 0.1269 
 499 0.0076 0.0228 0.0189 0.1056 0.0893 0.1345 0.2986 0.3227 
 500 0.0055 0.0152 0.0266 0.1879 0.1019 0.1065 0.4167 0.1395 
 501 0.0053 0.0113 0.0207 0.1653 0.1761 0.1209 0.2126 0.2878 
 502 0.0056 0.0082 0.0188 0.1034 0.2276 0.1022 0.2114 0.3229 
 503 0.0050 0.0076 0.0285 0.2747 0.1545 0.1185 0.2952 0.1161 
 504 0.0057 0.0088 0.0206 0.0758 0.2721 0.2123 0.2842 0.1205 
 505 0.0048 0.0083 0.0207 0.0702 0.1076 0.2481 0.3495 0.1909 
 506 0.0056 0.0072 0.0154 0.0809 0.2323 0.1351 0.2302 0.2932 
 507 0.0068 0.0073 0.0140 0.0559 0.0654 0.1982 0.1297 0.5227 
 508 0.0091 0.0145 0.0138 0.0488 0.0748 0.1744 0.1859 0.4788 
 509 0.0052 0.0074 0.0187 0.0694 0.1037 0.2071 0.3072 0.2813 
 510 0.0052 0.0217 0.0143 0.1764 0.1208 0.1216 0.1916 0.3485 
 511 0.0056 0.0128 0.0516 0.1410 0.2802 0.1850 0.1906 0.1333 
 512 0.0043 0.0080 0.0217 0.2521 0.3357 0.0892 0.1934 0.0957 
 513 0.0075 0.0151 0.0126 0.0419 0.1286 0.1713 0.4897 0.1333 
 514 0.0106 0.0083 0.0200 0.0625 0.3715 0.1392 0.2312 0.1568 
 515 0.0065 0.0150 0.0684 0.1703 0.1301 0.1958 0.1697 0.2442 
 516 0.0057 0.0097 0.0218 0.0617 0.1860 0.2192 0.3490 0.1469 
 517 0.0070 0.0073 0.0561 0.0618 0.1940 0.2888 0.1578 0.2271 
 518 0.0069 0.0673 0.0148 0.1843 0.1059 0.0948 0.2315 0.2946 
 519 0.0054 0.0060 0.0261 0.0696 0.3843 0.1646 0.1764 0.1675 
 520 0.0069 0.0067 0.1966 0.0580 0.0821 0.2122 0.1218 0.3157 
 521 0.1557 0.0056 0.0152 0.0599 0.1707 0.1429 0.2048 0.2452 
 522 0.0067 0.0272 0.0358 0.2501 0.1432 0.2375 0.1672 0.1323 
 523 0.0178 0.0082 0.0329 0.0495 0.1347 0.4134 0.1218 0.2216 
 524 0.0071 0.0077 0.2652 0.0645 0.1376 0.1367 0.2013 0.1799 
 525 0.0088 0.0870 0.0513 0.1187 0.1038 0.1952 0.1536 0.2816 
 526 0.0053 0.0053 0.2929 0.0530 0.0755 0.3010 0.1227 0.1443 
 527 0.0054 0.0741 0.0166 0.2005 0.2131 0.1033 0.2549 0.1320 
 528 0.0174 0.0050 0.0126 0.0660 0.0916 0.1259 0.2175 0.4640 
 529 0.0088 0.0845 0.0149 0.0763 0.1236 0.1280 0.3282 0.2357 
 530 0.0055 0.0074 0.0345 0.2011 0.1396 0.2625 0.1815 0.1680 
 531 0.0187 0.0072 0.0449 0.0975 0.1448 0.1764 0.1297 0.3809 
 532 0.0459 0.0215 0.0140 0.1067 0.1214 0.1211 0.2835 0.2858 
 533 0.0071 0.0668 0.0419 0.1352 0.1254 0.2066 0.2637 0.1533 
 534 0.0065 0.0803 0.0157 0.0482 0.1067 0.2513 0.2729 0.2183 
 535 0.0060 0.0053 0.0414 0.0629 0.2055 0.4141 0.1300 0.1348 
 536 0.0074 0.0069 0.0516 0.1052 0.1242 0.3080 0.1765 0.2202 
 537 0.0199 0.0066 0.0167 0.0852 0.0964 0.4093 0.1271 0.2388 
 538 0.0059 0.0051 0.0295 0.0763 0.1065 0.3042 0.2354 0.2371 
 539 0.0050 0.0045 0.0117 0.0660 0.0710 0.1525 0.1338 0.5554 
 540 0.1591 0.0056 0.0316 0.0844 0.0898 0.2514 0.2369 0.1413 
 541 0.1005 0.0075 0.0196 0.1143 0.1100 0.1927 0.1296 0.3258 
 542 0.0049 0.0056 0.0349 0.0791 0.0861 0.5095 0.1810 0.0989 
 543 0.1444 0.0075 0.0351 0.0545 0.1476 0.2800 0.1410 0.1898 
 544 0.0125 0.0049 0.0242 0.0703 0.0972 0.5225 0.1315 0.1370 
 545 0.0059 0.0053 0.0880 0.0666 0.1054 0.5198 0.1259 0.0831 
 546 0.0139 0.0054 0.0159 0.0800 0.0910 0.3948 0.2437 0.1553 
 547 0.0072 0.0053 0.0307 0.0496 0.0919 0.5721 0.0882 0.1549 
 548 0.0051 0.0053 0.0144 0.0706 0.0907 0.0901 0.3751 0.3487 
 549 0.0083 0.0071 0.0599 0.0769 0.0878 0.3641 0.0828 0.3130 
 550 0.0050 0.0046 0.1418 0.0641 0.1978 0.3590 0.1103 0.1174 
 551 0.0091 0.0074 0.0285 0.0821 0.1151 0.2280 0.0962 0.4335 
 552 0.0055 0.0054 0.0162 0.0946 0.0821 0.3193 0.2218 0.2551 
 553 0.0451 0.0078 0.0262 0.0475 0.0983 0.4544 0.1065 0.2141 
 554 0.2023 0.0079 0.0206 0.1421 0.1188 0.1905 0.2131 0.1047 
 555 0.0177 0.0077 0.0207 0.0638 0.0986 0.2734 0.1797 0.3383 
 556 0.0113 0.0057 0.0164 0.0793 0.1052 0.3824 0.2148 0.1848 
 557 0.0179 0.0050 0.1257 0.0739 0.1813 0.3391 0.1080 0.1491 
 558 0.0048 0.0067 0.0585 0.2621 0.4244 0.0785 0.0791 0.0859 
 559 0.0079 0.0065 0.0160 0.0923 0.2112 0.1729 0.3769 0.1164 
 560 0.0045 0.0049 0.0746 0.0681 0.5275 0.1153 0.1392 0.0658 
 561 0.0051 0.0059 0.0370 0.1357 0.2906 0.1786 0.2587 0.0884 
 562 0.0054 0.0066 0.0446 0.1175 0.2960 0.1437 0.3202 0.0660 
 563 0.0058 0.0092 0.0309 0.0626 0.3745 0.2022 0.1016 0.2131 
 564 0.0195 0.0090 0.0312 0.0900 0.1118 0.1574 0.4642 0.1169 
 565 0.0052 0.0061 0.1734 0.3071 0.1677 0.1137 0.1286 0.0982 
 566 0.0048 0.0043 0.0441 0.0970 0.5810 0.0866 0.1129 0.0692 
 567 0.0056 0.0061 0.0266 0.0776 0.1158 0.1099 0.5722 0.0862 
 568 0.0062 0.0057 0.0397 0.0812 0.2993 0.2036 0.2418 0.1225 
 569 0.0208 0.0078 0.0531 0.1925 0.2489 0.1918 0.1637 0.1213 
 570 0.0055 0.0075 0.0510 0.3848 0.2748 0.0702 0.1319 0.0743 
 571 0.0070 0.0052 0.0470 0.0599 0.4784 0.0945 0.2007 0.1073 
 572 0.0067 0.0046 0.0414 0.1107 0.1042 0.3942 0.1177 0.2205 
 573 0.0100 0.0066 0.1991 0.0614 0.0988 0.0903 0.4174 0.1163 
 574 0.0160 0.0070 0.0424 0.3150 0.1313 0.1443 0.1451 0.1988 
 575 0.0053 0.0057 0.0266 0.0748 0.3681 0.1472 0.1826 0.1897 
 576 0.0055 0.0055 0.0442 0.1040 0.5265 0.0728 0.1703 0.0712 
 577 0.0060 0.0086 0.0237 0.2973 0.1734 0.1406 0.1524 0.1980 
 578 0.0077 0.0056 0.0737 0.0985 0.3906 0.1186 0.2020 0.1033 
 579 0.0119 0.0068 0.0358 0.1733 0.2306 0.1363 0.3134 0.0920 
 580 0.0063 0.0060 0.0491 0.3106 0.2003 0.1170 0.1682 0.1425 
 581 0.0061 0.0054 0.0636 0.1824 0.3692 0.1107 0.1426 0.1200 
 582 0.0052 0.0066 0.0594 0.2259 0.3443 0.1686 0.1143 0.0757 
 583 0.0109 0.0494 0.0427 0.0940 0.4352 0.0875 0.1744 0.1060 
 584 0.0051 0.0065 0.0339 0.1347 0.4831 0.0797 0.1724 0.0845 
 585 0.0063 0.0061 0.0510 0.1248 0.4041 0.1211 0.1969 0.0898 
 586 0.0056 0.0053 0.0171 0.0646 0.4331 0.1620 0.1922 0.1201 
 587 0.0047 0.0098 0.0182 0.2705 0.1559 0.1815 0.2825 0.0769 
 588 0.0112 0.0072 0.0126 0.0419 0.0691 0.2179 0.5468 0.0932 
 589 0.0123 0.0062 0.1662 0.1720 0.1938 0.1877 0.1810 0.0809 
 590 0.0046 0.0062 0.0152 0.1005 0.2797 0.0958 0.4018 0.0962 
 591 0.0058 0.0055 0.0244 0.0733 0.4204 0.1011 0.2540 0.1155 
 592 0.0050 0.0045 0.0434 0.0793 0.2932 0.2132 0.2764 0.0851 
 593 0.0072 0.0056 0.0744 0.0851 0.2994 0.1429 0.2433 0.1421 
 594 0.0136 0.0464 0.0298 0.0855 0.2501 0.1068 0.2834 0.1844 
 595 0.0043 0.0093 0.0176 0.2401 0.2183 0.0727 0.3627 0.0751 
 596 0.0061 0.0044 0.1588 0.0793 0.1132 0.1358 0.3612 0.1411 
 597 0.0218 0.0084 0.0352 0.0515 0.3675 0.1189 0.1298 0.2668 
 598 0.0056 0.0068 0.0684 0.4365 0.2374 0.0743 0.0909 0.0801 
 599 0.0051 0.0061 0.0323 0.0946 0.4312 0.1519 0.2060 0.0730 
 600 0.0123 0.0052 0.0402 0.2763 0.1646 0.2034 0.1584 0.1396 
 601 0.0046 0.0045 0.0322 0.1298 0.4256 0.1813 0.1499 0.0720 
 602 0.0059 0.0070 0.0231 0.0876 0.1506 0.1108 0.4046 0.2105 
 603 0.0059 0.0056 0.0179 0.0927 0.1366 0.1135 0.4241 0.2037 
 604 0.0303 0.0119 0.1288 0.1822 0.1163 0.1353 0.2594 0.1357 
 605 0.0060 0.0059 0.0406 0.1263 0.1910 0.1824 0.3300 0.1178 
 606 0.0133 0.0092 0.0273 0.1712 0.1292 0.1779 0.2770 0.1949 
 607 0.0066 0.0072 0.0382 0.1763 0.1698 0.0856 0.2082 0.3080 
 608 0.0079 0.0057 0.0351 0.0776 0.2201 0.1091 0.1067 0.4375 
 609 0.0054 0.0087 0.0396 0.2425 0.2150 0.1916 0.1581 0.1391 
 610 0.0055 0.0057 0.2823 0.1127 0.1080 0.1919 0.1795 0.1143 
 611 0.0055 0.0074 0.0225 0.0808 0.1753 0.2124 0.2804 0.2156 
 612 0.0097 0.0116 0.1321 0.3045 0.1343 0.2073 0.1088 0.0918 
 613 0.0194 0.0346 0.0427 0.2232 0.1503 0.2155 0.1889 0.1254 
 614 0.0041 0.0070 0.0300 0.4818 0.1082 0.1013 0.1752 0.0924 
 615 0.0050 0.0056 0.0983 0.2989 0.1041 0.1470 0.1818 0.1593 
 616 0.0064 0.0057 0.0200 0.2199 0.1684 0.0880 0.2617 0.2299 
 617 0.0152 0.0159 0.0557 0.2558 0.1304 0.1490 0.2896 0.0883 
 618 0.1087 0.0107 0.1357 0.1148 0.1023 0.1400 0.2102 0.1776 
 619 0.0078 0.0044 0.0595 0.0965 0.2345 0.2189 0.1734 0.2050 
 620 0.0052 0.0048 0.0369 0.0619 0.2657 0.1888 0.3685 0.0682 
 621 0.0053 0.0087 0.0331 0.1747 0.3914 0.0840 0.1970 0.1058 
 622 0.0300 0.0157 0.0674 0.1848 0.1064 0.1398 0.3173 0.1387 
 623 0.0061 0.0049 0.0406 0.1122 0.2225 0.1351 0.3718 0.1067 
 624 0.1604 0.0078 0.1022 0.1280 0.1753 0.1406 0.1345 0.1513 
 625 0.0279 0.0115 0.0377 0.3015 0.1689 0.0996 0.1683 0.1846 
 626 0.1379 0.0165 0.0571 0.0904 0.0679 0.3357 0.1036 0.1908 
 627 0.0114 0.0048 0.0238 0.1943 0.1855 0.1824 0.2730 0.1247 
 628 0.0048 0.0054 0.0228 0.1149 0.2516 0.1052 0.3529 0.1424 
 629 0.0050 0.0056 0.0188 0.2068 0.1887 0.1109 0.3014 0.1629 
 630 0.0102 0.0134 0.0430 0.2291 0.2437 0.1397 0.1906 0.1303 
 631 0.0057 0.0055 0.0282 0.2780 0.1764 0.0989 0.2709 0.1363 
 632 0.0097 0.0055 0.0226 0.1113 0.0996 0.1624 0.3110 0.2779 
 633 0.0138 0.0071 0.0612 0.1871 0.2477 0.1075 0.1794 0.1963 
 634 0.0085 0.0061 0.0269 0.1488 0.1906 0.1712 0.1790 0.2689 
 635 0.0058 0.0052 0.0259 0.1485 0.1000 0.1381 0.1436 0.4328 
 636 0.0237 0.0078 0.0355 0.1764 0.2078 0.1341 0.1674 0.2474 
 637 0.0045 0.0062 0.0255 0.1026 0.1325 0.3896 0.1826 0.1564 
 638 0.0065 0.0063 0.0241 0.1615 0.1539 0.1009 0.3385 0.2083 
 639 0.0122 0.0066 0.0450 0.2717 0.1315 0.1125 0.2533 0.1672 
 640 0.0142 0.0069 0.0230 0.1223 0.3950 0.0773 0.2294 0.1319 
 641 0.0057 0.0102 0.0234 0.1915 0.1403 0.0982 0.3781 0.1525 
 642 0.0142 0.0065 0.0226 0.0814 0.1053 0.2708 0.1517 0.3476 
 643 0.0234 0.0059 0.0142 0.0706 0.1177 0.1344 0.1162 0.5176 
 644 0.0461 0.0059 0.0175 0.0691 0.1344 0.1429 0.1541 0.4300 
 645 0.0152 0.0118 0.1384 0.0773 0.0675 0.1348 0.1308 0.4241 
