   1 0.0830 0.2921 0.0839 0.3056 0.2354 
   2 0.0170 0.0373 0.7361 0.0648 0.1448 
   3 0.0722 0.1723 0.0772 0.5039 0.1743 
   4 0.0391 0.6326 0.0745 0.0712 0.1825 
   5 0.0206 0.0402 0.6490 0.0934 0.1968 
   6 0.0146 0.0430 0.0851 0.7566 0.1007 
   7 0.0132 0.0476 0.0726 0.2183 0.6483 
   8 0.0305 0.3425 0.0602 0.2985 0.2684 
   9 0.0378 0.1030 0.2036 0.3256 0.3299 
  10 0.0144 0.1562 0.0844 0.3883 0.3567 
  11 0.0146 0.0461 0.0510 0.1986 0.6897 
  12 0.0216 0.0600 0.6286 0.0987 0.1912 
  13 0.0226 0.0828 0.3670 0.2106 0.3170 
  14 0.0952 0.1135 0.3981 0.1774 0.2158 
  15 0.0346 0.2236 0.2398 0.1633 0.3386 
  16 0.0314 0.0751 0.0632 0.5873 0.2430 
  17 0.0338 0.0678 0.3294 0.3542 0.2148 
  18 0.0263 0.0807 0.3128 0.4527 0.1276 
  19 0.0168 0.0597 0.1446 0.5862 0.1927 
  20 0.0418 0.0826 0.1632 0.2129 0.4995 
  21 0.0776 0.2358 0.2885 0.1915 0.2066 
  22 0.0225 0.0838 0.1020 0.6863 0.1055 
  23 0.1749 0.2469 0.2120 0.1005 0.2657 
  24 0.0392 0.2143 0.1056 0.4559 0.1850 
  25 0.0208 0.0355 0.1872 0.2910 0.4655 
  26 0.0319 0.1227 0.2976 0.3835 0.1643 
  27 0.0627 0.1101 0.2060 0.3383 0.2829 
  28 0.0224 0.3221 0.1549 0.2319 0.2688 
  29 0.0409 0.0704 0.1642 0.1251 0.5994 
  30 0.0352 0.0632 0.1031 0.6988 0.0997 
  31 0.0468 0.1534 0.2014 0.2428 0.3557 
  32 0.0435 0.1966 0.2086 0.2574 0.2939 
  33 0.0973 0.1575 0.0616 0.3728 0.3107 
  34 0.0173 0.0725 0.0493 0.3417 0.5192 
  35 0.1292 0.0556 0.3290 0.3364 0.1498 
  36 0.5396 0.0559 0.0671 0.2296 0.1077 
  37 0.0497 0.2047 0.3312 0.1210 0.2934 
  38 0.1003 0.0351 0.0642 0.6287 0.1717 
  39 0.1010 0.0611 0.1194 0.4259 0.2926 
  40 0.4859 0.1315 0.1320 0.1602 0.0903 
  41 0.5078 0.0392 0.0466 0.2495 0.1569 
  42 0.3816 0.3146 0.0442 0.1364 0.1233 
  43 0.3965 0.1052 0.1507 0.0856 0.2619 
  44 0.5404 0.0354 0.0733 0.2242 0.1266 
  45 0.2770 0.0380 0.2126 0.2866 0.1858 
  46 0.0789 0.0464 0.1720 0.4403 0.2625 
  47 0.0423 0.0821 0.2953 0.3665 0.2137 
  48 0.5397 0.0370 0.1167 0.2326 0.0740 
  49 0.1508 0.0770 0.1536 0.3103 0.3083 
  50 0.0474 0.1014 0.0966 0.3818 0.3728 
  51 0.8157 0.0298 0.0370 0.0552 0.0623 
  52 0.1060 0.0776 0.0787 0.4252 0.3125 
  53 0.0511 0.0735 0.0481 0.6796 0.1477 
  54 0.0522 0.0731 0.6617 0.0718 0.1413 
  55 0.2972 0.0572 0.4211 0.0784 0.1461 
  56 0.2384 0.0774 0.2068 0.3770 0.1005 
  57 0.0171 0.1890 0.2818 0.2833 0.2289 
  58 0.2598 0.0788 0.2627 0.1709 0.2278 
  59 0.2735 0.0611 0.1239 0.3356 0.2059 
  60 0.5761 0.1141 0.0936 0.1045 0.1117 
  61 0.2296 0.1036 0.4779 0.0431 0.1458 
  62 0.0331 0.0591 0.3789 0.3415 0.1875 
  63 0.1649 0.1250 0.0956 0.1071 0.5073 
  64 0.0233 0.0406 0.1232 0.6756 0.1375 
  65 0.0221 0.0313 0.1258 0.0959 0.7250 
  66 0.0487 0.1522 0.4529 0.0645 0.2818 
  67 0.2197 0.0507 0.3764 0.0703 0.2829 
  68 0.2806 0.0787 0.1272 0.3100 0.2034 
  69 0.1107 0.1393 0.0619 0.3894 0.2987 
  70 0.5240 0.0751 0.0416 0.1004 0.2589 
  71 0.5027 0.0289 0.1121 0.1820 0.1743 
  72 0.1460 0.0518 0.0817 0.4786 0.2419 
  73 0.2085 0.0402 0.3759 0.0864 0.2890 
  74 0.3652 0.1184 0.0730 0.3363 0.1071 
  75 0.5449 0.1408 0.1002 0.1371 0.0769 
  76 0.1844 0.0616 0.1335 0.0912 0.5293 
  77 0.5082 0.0357 0.0705 0.1764 0.2093 
  78 0.4435 0.0416 0.0606 0.3009 0.1533 
  79 0.0127 0.0509 0.1516 0.1619 0.6228 
  80 0.0145 0.5210 0.1580 0.0976 0.2089 
  81 0.0116 0.3433 0.2338 0.1355 0.2758 
  82 0.0600 0.1157 0.2943 0.0736 0.4563 
  83 0.0290 0.2648 0.1828 0.2048 0.3186 
  84 0.0172 0.2132 0.1769 0.1267 0.4660 
  85 0.0238 0.2922 0.2205 0.2514 0.2122 
  86 0.0552 0.0453 0.5642 0.1188 0.2165 
  87 0.0232 0.0568 0.0857 0.1057 0.7287 
  88 0.0236 0.2532 0.1691 0.0764 0.4777 
  89 0.0166 0.3127 0.3340 0.0744 0.2624 
  90 0.0141 0.0570 0.1132 0.0715 0.7442 
  91 0.0278 0.5505 0.1022 0.1425 0.1769 
  92 0.0181 0.0928 0.2485 0.1205 0.5202 
  93 0.0161 0.7940 0.0575 0.0508 0.0815 
  94 0.0242 0.0484 0.0391 0.1742 0.7141 
  95 0.0176 0.1310 0.0900 0.0513 0.7102 
  96 0.3261 0.2387 0.2437 0.0451 0.1464 
  97 0.2680 0.1662 0.1983 0.2683 0.0992 
  98 0.3096 0.1097 0.1933 0.1641 0.2233 
  99 0.0144 0.1771 0.2123 0.0972 0.4990 
 100 0.0235 0.5193 0.3224 0.0459 0.0890 
 101 0.0432 0.0931 0.1432 0.0891 0.6314 
 102 0.0658 0.3879 0.0917 0.0863 0.3684 
 103 0.0260 0.1043 0.4189 0.0514 0.3995 
 104 0.0317 0.0761 0.1052 0.0642 0.7228 
 105 0.0331 0.1212 0.1673 0.0440 0.6345 
 106 0.0237 0.0255 0.0514 0.1824 0.7170 
 107 0.0260 0.1131 0.2382 0.0519 0.5709 
 108 0.3418 0.0401 0.3047 0.1747 0.1387 
 109 0.0397 0.0264 0.1494 0.1876 0.5970 
 110 0.0181 0.0296 0.0368 0.1379 0.7776 
 111 0.0177 0.0361 0.0709 0.0452 0.8301 
 112 0.0275 0.0284 0.0438 0.0666 0.8338 
 113 0.0705 0.0765 0.3880 0.1720 0.2930 
 114 0.0233 0.0974 0.1223 0.0571 0.6999 
 115 0.0758 0.0460 0.0559 0.0594 0.7628 
 116 0.1161 0.0290 0.1114 0.2394 0.5042 
 117 0.0266 0.0376 0.0365 0.0949 0.8044 
 118 0.0282 0.0358 0.5486 0.0651 0.3224 
 119 0.3726 0.2545 0.1030 0.0641 0.2057 
 120 0.0344 0.0504 0.0980 0.0636 0.7537 
 121 0.1157 0.0364 0.0525 0.0625 0.7329 
 122 0.0206 0.0350 0.0743 0.1418 0.7282 
 123 0.0282 0.0489 0.0684 0.0773 0.7773 
 124 0.0771 0.0374 0.0784 0.2388 0.5682 
 125 0.0629 0.0508 0.0410 0.3603 0.4850 
 126 0.0794 0.0626 0.0734 0.1149 0.6697 
 127 0.0200 0.0399 0.0760 0.0434 0.8207 
 128 0.0301 0.0393 0.4990 0.0538 0.3777 
 129 0.0237 0.0319 0.1793 0.0453 0.7199 
 130 0.0166 0.1001 0.2079 0.0647 0.6108 
 131 0.1386 0.0315 0.0510 0.2833 0.4956 
 132 0.0246 0.0278 0.1168 0.1151 0.7157 
 133 0.0373 0.0524 0.1420 0.0558 0.7126 
 134 0.0144 0.0214 0.0376 0.0940 0.8326 
 135 0.1351 0.4499 0.2482 0.0663 0.1005 
 136 0.0149 0.7136 0.1400 0.0739 0.0576 
 137 0.0138 0.7765 0.0483 0.0451 0.1162 
 138 0.0235 0.8053 0.0498 0.0622 0.0592 
 139 0.0994 0.1974 0.5209 0.0864 0.0959 
 140 0.0623 0.5184 0.1081 0.1141 0.1970 
 141 0.0251 0.6608 0.1113 0.1329 0.0699 
 142 0.1742 0.4875 0.1870 0.0558 0.0955 
 143 0.0152 0.8453 0.0488 0.0384 0.0523 
 144 0.0156 0.7849 0.0482 0.0404 0.1110 
 145 0.0387 0.4516 0.2512 0.1770 0.0815 
 146 0.0391 0.5186 0.0902 0.1237 0.2284 
 147 0.0123 0.8456 0.0460 0.0443 0.0519 
 148 0.0434 0.5547 0.1793 0.0752 0.1474 
 149 0.0413 0.7466 0.0745 0.0736 0.0640 
 150 0.0199 0.5856 0.1220 0.0584 0.2141 
 151 0.0182 0.7648 0.0864 0.0473 0.0832 
 152 0.0851 0.4720 0.2070 0.1119 0.1240 
 153 0.0422 0.7429 0.0480 0.0775 0.0894 
 154 0.0261 0.6980 0.1471 0.0669 0.0618 
 155 0.0178 0.8025 0.0599 0.0438 0.0760 
 156 0.0940 0.6593 0.0897 0.0372 0.1197 
 157 0.0180 0.6637 0.0471 0.0603 0.2109 
 158 0.0273 0.5666 0.1572 0.1724 0.0765 
 159 0.0124 0.8375 0.0546 0.0429 0.0526 
 160 0.0127 0.7976 0.0903 0.0457 0.0538 
 161 0.0319 0.6858 0.0635 0.0944 0.1244 
 162 0.0454 0.3958 0.1973 0.1510 0.2105 
 163 0.0248 0.8176 0.0488 0.0395 0.0693 
 164 0.0214 0.4317 0.2687 0.0888 0.1893 
 165 0.0181 0.6690 0.0776 0.0488 0.1865 
 166 0.0501 0.5411 0.0774 0.0874 0.2441 
 167 0.0196 0.6478 0.1169 0.1053 0.1104 
 168 0.0450 0.7123 0.0571 0.1030 0.0827 
 169 0.0412 0.2626 0.1129 0.5166 0.0667 
 170 0.0585 0.6845 0.1051 0.0471 0.1049 
 171 0.0391 0.5079 0.1934 0.1196 0.1399 
 172 0.1805 0.4803 0.0740 0.2022 0.0630 
 173 0.0170 0.7265 0.1560 0.0446 0.0558 
 174 0.0132 0.7866 0.0693 0.0512 0.0797 
 175 0.0201 0.7870 0.0728 0.0675 0.0527 
 176 0.0152 0.7844 0.0482 0.0401 0.1120 
 177 0.0285 0.5301 0.0622 0.1167 0.2624 
 178 0.0152 0.6721 0.1324 0.0901 0.0902 
 179 0.0131 0.8318 0.0584 0.0431 0.0536 
 180 0.0374 0.6175 0.0835 0.1308 0.1307 
 181 0.0448 0.5653 0.2190 0.0929 0.0780 
 182 0.0251 0.6294 0.2399 0.0426 0.0630 
 183 0.0161 0.7844 0.0937 0.0479 0.0578 
 184 0.0172 0.0350 0.7665 0.0888 0.0926 
 185 0.0902 0.7311 0.0782 0.0374 0.0631 
 186 0.0220 0.0415 0.5421 0.0845 0.3100 
 187 0.0220 0.1416 0.6816 0.0626 0.0921 
 188 0.0191 0.0309 0.6874 0.0626 0.1999 
 189 0.0374 0.1997 0.3690 0.2971 0.0969 
 190 0.3279 0.1795 0.3993 0.0307 0.0626 
 191 0.0140 0.0410 0.8253 0.0468 0.0729 
 192 0.0216 0.2031 0.4950 0.0709 0.2093 
 193 0.0308 0.1166 0.6583 0.0877 0.1066 
 194 0.0550 0.2367 0.3393 0.0674 0.3015 
 195 0.0407 0.2204 0.6382 0.0378 0.0629 
 196 0.1344 0.1187 0.6047 0.0448 0.0973 
 197 0.0544 0.1167 0.3785 0.2113 0.2392 
 198 0.0385 0.1286 0.4437 0.1474 0.2418 
 199 0.1814 0.1269 0.5313 0.0580 0.1023 
 200 0.0766 0.0810 0.6772 0.0791 0.0861 
 201 0.0368 0.3911 0.4468 0.0476 0.0777 
 202 0.0887 0.5846 0.1756 0.0399 0.1112 
 203 0.0263 0.3354 0.5314 0.0389 0.0679 
 204 0.0324 0.0729 0.7979 0.0346 0.0623 
 205 0.0354 0.0532 0.7835 0.0538 0.0741 
 206 0.0229 0.0718 0.8011 0.0407 0.0635 
 207 0.0440 0.0560 0.7574 0.0388 0.1038 
 208 0.0468 0.1457 0.6973 0.0399 0.0704 
 209 0.0239 0.0660 0.7716 0.0536 0.0849 
 210 0.0247 0.0855 0.7553 0.0409 0.0936 
 211 0.2737 0.1571 0.3362 0.0404 0.1925 
 212 0.0436 0.5034 0.2947 0.0739 0.0844 
 213 0.1823 0.1101 0.2302 0.0721 0.4052 
 214 0.0473 0.4774 0.3467 0.0496 0.0790 
 215 0.0238 0.0357 0.8145 0.0466 0.0794 
 216 0.0262 0.0558 0.6572 0.1167 0.1441 
 217 0.0438 0.2582 0.5740 0.0619 0.0621 
 218 0.0163 0.0536 0.8065 0.0514 0.0722 
 219 0.0213 0.1364 0.5792 0.1629 0.1003 
 220 0.0176 0.0418 0.8360 0.0372 0.0674 
 221 0.1005 0.7099 0.0985 0.0373 0.0538 
 222 0.0234 0.0905 0.5593 0.1691 0.1576 
 223 0.0298 0.2713 0.4822 0.1001 0.1166 
 224 0.0252 0.2280 0.6272 0.0421 0.0774 
 225 0.0407 0.0791 0.7544 0.0457 0.0800 
 226 0.0293 0.0760 0.6511 0.1692 0.0744 
 227 0.1154 0.2058 0.5143 0.0450 0.1195 
 228 0.0995 0.1981 0.5988 0.0366 0.0670 
 229 0.0164 0.2326 0.6258 0.0445 0.0806 
 230 0.0196 0.1565 0.7104 0.0373 0.0762 
 231 0.0156 0.1180 0.7433 0.0548 0.0683 
 232 0.0824 0.2627 0.3458 0.1121 0.1970 
 233 0.0314 0.5409 0.3018 0.0500 0.0759 
 234 0.0202 0.1152 0.6187 0.0916 0.1544 
 235 0.0423 0.1779 0.6021 0.0945 0.0832 
 236 0.0287 0.2789 0.5313 0.0636 0.0975 
 237 0.0364 0.0586 0.7718 0.0426 0.0906 
 238 0.0491 0.5113 0.2425 0.0610 0.1362 
 239 0.0410 0.2170 0.6414 0.0378 0.0627 
 240 0.0480 0.5123 0.2417 0.0614 0.1366 
 241 0.0433 0.4773 0.3465 0.0513 0.0815 
 242 0.0237 0.0798 0.7245 0.0957 0.0764 
 243 0.1219 0.1152 0.6591 0.0338 0.0700 
 244 0.0243 0.2363 0.6309 0.0384 0.0701 
 245 0.0437 0.7365 0.0939 0.0431 0.0828 
 246 0.0433 0.2542 0.5788 0.0615 0.0622 
 247 0.0539 0.0422 0.2045 0.0975 0.6019 
 248 0.0371 0.0382 0.7446 0.0480 0.1321 
 249 0.0336 0.2968 0.5335 0.0453 0.0908 
 250 0.0214 0.1729 0.6461 0.0553 0.1044 
 251 0.0308 0.0567 0.6523 0.1436 0.1166 
 252 0.0352 0.1374 0.6796 0.0568 0.0910 
 253 0.0882 0.0738 0.4837 0.1051 0.2493 
 254 0.0249 0.0807 0.6803 0.0973 0.1168 
 255 0.0219 0.1056 0.7069 0.0722 0.0935 
 256 0.0568 0.2062 0.5948 0.0553 0.0869 
 257 0.0322 0.0878 0.7257 0.0531 0.1013 
 258 0.0806 0.0796 0.5791 0.0666 0.1942 
 259 0.0260 0.1049 0.7068 0.0499 0.1125 
 260 0.0246 0.2587 0.4206 0.1419 0.1543 
 261 0.0587 0.2720 0.5188 0.0606 0.0898 
 262 0.1296 0.2657 0.5059 0.0436 0.0552 
 263 0.0224 0.0452 0.8052 0.0493 0.0780 
 264 0.0371 0.0329 0.3360 0.4511 0.1429 
 265 0.0220 0.0840 0.7471 0.0739 0.0731 
 266 0.0682 0.6894 0.1480 0.0372 0.0572 
 267 0.0339 0.1407 0.6319 0.0672 0.1263 
 268 0.1357 0.1160 0.6094 0.0443 0.0946 
 269 0.0204 0.1167 0.5897 0.1854 0.0877 
 270 0.0217 0.0503 0.7180 0.0859 0.1241 
 271 0.0421 0.0551 0.7271 0.0593 0.1165 
 272 0.0488 0.0547 0.6983 0.1165 0.0816 
 273 0.0378 0.1354 0.6086 0.1130 0.1052 
 274 0.0228 0.0629 0.7371 0.0887 0.0885 
 275 0.0216 0.0654 0.7663 0.0799 0.0668 
 276 0.0954 0.0632 0.6210 0.1167 0.1038 
 277 0.0241 0.1778 0.5926 0.0930 0.1126 
 278 0.0407 0.0462 0.7922 0.0458 0.0751 
 279 0.0249 0.0993 0.7082 0.0694 0.0982 
 280 0.0525 0.1090 0.5495 0.1930 0.0960 
 281 0.0250 0.0691 0.7199 0.0686 0.1173 
 282 0.0227 0.4195 0.3541 0.0900 0.1137 
 283 0.0271 0.5125 0.2944 0.0592 0.1067 
 284 0.0439 0.2265 0.4377 0.0658 0.2261 
 285 0.0922 0.0307 0.6251 0.0818 0.1701 
 286 0.0247 0.2393 0.6284 0.0383 0.0693 
 287 0.0200 0.0970 0.6602 0.1227 0.1001 
 288 0.0222 0.0457 0.7697 0.0956 0.0668 
 289 0.0411 0.0670 0.6643 0.0893 0.1384 
 290 0.2068 0.1061 0.3175 0.2268 0.1427 
 291 0.0424 0.0534 0.7312 0.0584 0.1146 
 292 0.1375 0.1633 0.4470 0.1620 0.0901 
 293 0.1968 0.0651 0.2032 0.3294 0.2055 
 294 0.0289 0.0418 0.8004 0.0557 0.0733 
 295 0.0942 0.1193 0.4898 0.1537 0.1430 
 296 0.0232 0.0436 0.8124 0.0434 0.0774 
 297 0.0325 0.0648 0.5968 0.1971 0.1087 
 298 0.0180 0.2686 0.5131 0.0757 0.1247 
 299 0.0158 0.0482 0.7897 0.0608 0.0855 
 300 0.0410 0.0446 0.7469 0.0703 0.0972 
 301 0.0199 0.0488 0.7169 0.1216 0.0929 
 302 0.0483 0.0468 0.7739 0.0540 0.0770 
 303 0.0459 0.2966 0.4654 0.0845 0.1076 
 304 0.0257 0.3865 0.1547 0.2100 0.2232 
 305 0.0330 0.1089 0.7592 0.0432 0.0557 
 306 0.0378 0.2909 0.5027 0.0935 0.0751 
 307 0.0339 0.1811 0.5694 0.0792 0.1364 
 308 0.0570 0.2666 0.5266 0.0599 0.0899 
 309 0.0293 0.0441 0.7864 0.0446 0.0957 
 310 0.0630 0.1754 0.6533 0.0397 0.0685 
 311 0.0204 0.1588 0.7078 0.0380 0.0750 
 312 0.0266 0.0471 0.7859 0.0357 0.1047 
 313 0.0851 0.0396 0.7422 0.0388 0.0943 
 314 0.0232 0.8454 0.0424 0.0403 0.0487 
 315 0.0325 0.8081 0.0379 0.0578 0.0637 
 316 0.0215 0.7871 0.0465 0.0785 0.0663 
 317 0.0134 0.8562 0.0399 0.0426 0.0479 
 318 0.0107 0.8601 0.0369 0.0445 0.0478 
 319 0.0140 0.8348 0.0599 0.0400 0.0513 
 320 0.0223 0.8470 0.0426 0.0395 0.0486 
 321 0.0120 0.8522 0.0391 0.0469 0.0497 
 322 0.0337 0.7810 0.0501 0.0678 0.0674 
 323 0.0109 0.8533 0.0421 0.0443 0.0493 
 324 0.0120 0.8522 0.0399 0.0460 0.0498 
 325 0.0178 0.8165 0.0351 0.0690 0.0616 
 326 0.0197 0.8168 0.0332 0.0684 0.0620 
 327 0.0131 0.8563 0.0397 0.0419 0.0489 
 328 0.0236 0.7993 0.0433 0.0652 0.0686 
 329 0.0109 0.8602 0.0374 0.0415 0.0501 
 330 0.0129 0.8571 0.0394 0.0420 0.0487 
 331 0.0108 0.8552 0.0432 0.0417 0.0492 
 332 0.0174 0.8022 0.0339 0.0824 0.0640 
 333 0.0209 0.8162 0.0393 0.0600 0.0637 
 334 0.0225 0.8013 0.0442 0.0636 0.0684 
 335 0.0251 0.8150 0.0383 0.0563 0.0653 
 336 0.0160 0.8492 0.0376 0.0478 0.0494 
 337 0.0214 0.8051 0.0373 0.0717 0.0646 
 338 0.0105 0.8568 0.0364 0.0473 0.0489 
 339 0.0107 0.8547 0.0438 0.0410 0.0497 
 340 0.0122 0.8583 0.0443 0.0367 0.0485 
 341 0.0120 0.8482 0.0479 0.0421 0.0497 
 342 0.0130 0.8570 0.0398 0.0414 0.0488 
 343 0.0452 0.7838 0.0391 0.0648 0.0670 
 344 0.0104 0.8612 0.0383 0.0408 0.0493 
 345 0.0131 0.8567 0.0395 0.0420 0.0487 
 346 0.0114 0.8640 0.0374 0.0405 0.0467 
 347 0.0113 0.8663 0.0380 0.0366 0.0478 
 348 0.0547 0.7876 0.0414 0.0515 0.0648 
 349 0.0134 0.8575 0.0390 0.0409 0.0491 
 350 0.0179 0.8285 0.0626 0.0409 0.0501 
 351 0.0245 0.8177 0.0378 0.0547 0.0653 
 352 0.0257 0.8106 0.0374 0.0620 0.0644 
 353 0.0162 0.8479 0.0383 0.0482 0.0494 
 354 0.0109 0.8501 0.0473 0.0417 0.0501 
 355 0.0105 0.8604 0.0365 0.0448 0.0478 
 356 0.0626 0.7764 0.0432 0.0510 0.0668 
 357 0.0205 0.4878 0.0923 0.2689 0.1306 
 358 0.0170 0.8164 0.0359 0.0653 0.0654 
 359 0.0106 0.8518 0.0430 0.0438 0.0508 
 360 0.0117 0.8637 0.0373 0.0403 0.0470 
 361 0.0294 0.4278 0.1160 0.2774 0.1494 
 362 0.0324 0.0537 0.2451 0.3089 0.3599 
 363 0.0410 0.0393 0.0930 0.3934 0.4333 
 364 0.0271 0.2296 0.2387 0.3248 0.1798 
 365 0.0283 0.0436 0.1085 0.6732 0.1464 
 366 0.1978 0.1093 0.1637 0.3864 0.1427 
 367 0.0147 0.0262 0.0370 0.1719 0.7502 
 368 0.0148 0.0495 0.2514 0.1080 0.5762 
 369 0.1819 0.2809 0.1299 0.2207 0.1865 
 370 0.0275 0.0602 0.2868 0.0914 0.5341 
 371 0.0352 0.0794 0.4517 0.2309 0.2028 
 372 0.0310 0.0671 0.6429 0.0759 0.1831 
 373 0.0224 0.1032 0.1346 0.2366 0.5032 
 374 0.0231 0.2790 0.1870 0.2869 0.2240 
 375 0.0175 0.0365 0.1141 0.3373 0.4945 
 376 0.0153 0.0303 0.0403 0.7869 0.1272 
 377 0.0336 0.0539 0.2633 0.3280 0.3211 
 378 0.0172 0.1862 0.1176 0.0678 0.6113 
 379 0.0228 0.0275 0.0451 0.7765 0.1280 
 380 0.0562 0.0975 0.1064 0.6627 0.0772 
 381 0.0682 0.0920 0.0616 0.7064 0.0717 
 382 0.0141 0.0408 0.0777 0.3644 0.5030 
 383 0.0179 0.0834 0.0898 0.7450 0.0639 
 384 0.0251 0.0902 0.1303 0.5802 0.1742 
 385 0.0123 0.1457 0.3197 0.1921 0.3303 
 386 0.0206 0.0376 0.0680 0.3502 0.5236 
 387 0.0251 0.0471 0.0661 0.3814 0.4803 
 388 0.0167 0.1786 0.3447 0.1938 0.2662 
 389 0.0797 0.0403 0.6576 0.0666 0.1559 
 390 0.1721 0.0404 0.0640 0.2652 0.4583 
 391 0.1007 0.0828 0.1341 0.1464 0.5360 
 392 0.0242 0.0807 0.1025 0.6299 0.1627 
 393 0.0740 0.0622 0.0421 0.7390 0.0827 
 394 0.0209 0.2409 0.1434 0.2327 0.3621 
 395 0.2544 0.0457 0.1232 0.2538 0.3230 
 396 0.0161 0.0284 0.0918 0.3429 0.5208 
 397 0.0217 0.0778 0.6514 0.1462 0.1030 
 398 0.0229 0.0304 0.0479 0.6595 0.2393 
 399 0.0470 0.0397 0.0713 0.1765 0.6655 
 400 0.0214 0.0591 0.0498 0.4131 0.4566 
 401 0.0667 0.0619 0.0555 0.1131 0.7028 
 402 0.0953 0.0694 0.1971 0.2675 0.3706 
 403 0.0260 0.3553 0.1904 0.1674 0.2610 
 404 0.0276 0.0904 0.1555 0.3960 0.3306 
 405 0.0440 0.0776 0.1601 0.4521 0.2662 
 406 0.6263 0.0728 0.0486 0.1734 0.0789 
 407 0.0169 0.0284 0.0489 0.7796 0.1261 
 408 0.0818 0.0276 0.0759 0.0564 0.7583 
 409 0.3886 0.2392 0.0494 0.1828 0.1399 
 410 0.0334 0.0844 0.0951 0.4992 0.2879 
 411 0.0744 0.1532 0.0604 0.5511 0.1609 
 412 0.0141 0.0442 0.2034 0.1451 0.5932 
 413 0.0170 0.1415 0.2293 0.1192 0.4929 
 414 0.0147 0.0299 0.1565 0.1414 0.6575 
 415 0.0555 0.0449 0.0584 0.6750 0.1662 
 416 0.0513 0.0800 0.1012 0.4291 0.3384 
 417 0.0186 0.0382 0.0504 0.6898 0.2030 
 418 0.0123 0.0328 0.0666 0.2088 0.6794 
 419 0.0941 0.1762 0.0936 0.2245 0.4115 
 420 0.1769 0.0388 0.0481 0.1195 0.6167 
 421 0.0215 0.0464 0.0828 0.4303 0.4190 
 422 0.1260 0.0444 0.2819 0.4018 0.1459 
 423 0.0314 0.0514 0.1090 0.5720 0.2361 
 424 0.0861 0.0617 0.0442 0.1040 0.7041 
 425 0.0348 0.0832 0.2362 0.3944 0.2513 
 426 0.0219 0.0791 0.0906 0.1914 0.6170 
 427 0.0337 0.1119 0.0444 0.5790 0.2311 
 428 0.0998 0.1308 0.1975 0.4387 0.1332 
 429 0.0137 0.0266 0.0413 0.5832 0.3351 
 430 0.0244 0.0342 0.0567 0.7226 0.1621 
 431 0.0214 0.0596 0.2341 0.1605 0.5244 
 432 0.0172 0.0552 0.2076 0.1235 0.5965 
 433 0.0380 0.2743 0.2373 0.0808 0.3696 
 434 0.0342 0.1079 0.2722 0.3228 0.2628 
 435 0.0294 0.0293 0.0399 0.7009 0.2005 
 436 0.0353 0.0528 0.0287 0.6801 0.2031 
 437 0.0155 0.0324 0.0554 0.7773 0.1194 
 438 0.2838 0.0700 0.0387 0.2950 0.3124 
 439 0.0194 0.0404 0.0295 0.7919 0.1188 
 440 0.0257 0.0241 0.0311 0.7510 0.1681 
 441 0.0248 0.0919 0.0579 0.5676 0.2578 
 442 0.0345 0.0345 0.0612 0.5205 0.3493 
 443 0.1086 0.0311 0.0388 0.1652 0.6563 
 444 0.0474 0.0344 0.0540 0.6115 0.2527 
 445 0.1647 0.1338 0.0639 0.4943 0.1434 
 446 0.0242 0.0354 0.0340 0.5640 0.3425 
 447 0.0820 0.0737 0.0556 0.5487 0.2400 
 448 0.0258 0.0354 0.0539 0.6247 0.2602 
 449 0.0286 0.0596 0.0633 0.6110 0.2375 
 450 0.0124 0.0608 0.0467 0.7127 0.1674 
 451 0.0250 0.0249 0.0670 0.1211 0.7620 
 452 0.0139 0.0489 0.0431 0.7371 0.1570 
 453 0.4377 0.0625 0.0610 0.0933 0.3455 
 454 0.0224 0.0721 0.0663 0.5994 0.2399 
 455 0.1053 0.0347 0.0322 0.5470 0.2809 
 456 0.1221 0.0323 0.0540 0.5414 0.2502 
 457 0.0170 0.0352 0.0428 0.7972 0.1079 
 458 0.0195 0.0403 0.0412 0.7635 0.1355 
 459 0.0392 0.0962 0.0287 0.2873 0.5486 
 460 0.0257 0.0338 0.0286 0.3871 0.5249 
 461 0.0125 0.0344 0.0297 0.2190 0.7044 
 462 0.0525 0.0247 0.0721 0.4833 0.3673 
 463 0.5073 0.0502 0.0596 0.2202 0.1628 
 464 0.0622 0.0332 0.0346 0.3028 0.5672 
 465 0.0358 0.0423 0.0475 0.1703 0.7042 
 466 0.1793 0.0347 0.0482 0.2048 0.5331 
 467 0.0596 0.0626 0.0661 0.4506 0.3611 
 468 0.0573 0.0315 0.0392 0.7742 0.0977 
 469 0.0228 0.0342 0.0277 0.8248 0.0905 
 470 0.0242 0.0315 0.0319 0.6927 0.2197 
 471 0.1805 0.0377 0.1033 0.3946 0.2839 
 472 0.0695 0.0431 0.0741 0.4014 0.4118 
 473 0.0342 0.0644 0.1154 0.5245 0.2614 
 474 0.0314 0.0510 0.0495 0.6953 0.1727 
 475 0.0297 0.0683 0.0446 0.1728 0.6847 
 476 0.0301 0.0411 0.0343 0.7477 0.1468 
 477 0.0406 0.0610 0.0439 0.1414 0.7131 
 478 0.0171 0.0306 0.0333 0.0920 0.8271 
 479 0.0190 0.0295 0.0321 0.6278 0.2915 
 480 0.0152 0.0337 0.0320 0.8170 0.1020 
 481 0.0350 0.0346 0.1849 0.5047 0.2408 
 482 0.0140 0.0288 0.0314 0.6913 0.2345 
 483 0.0294 0.0428 0.0314 0.6618 0.2345 
 484 0.1967 0.0453 0.0642 0.4622 0.2316 
 485 0.0499 0.0336 0.0292 0.6926 0.1946 
 486 0.0857 0.0519 0.4332 0.1367 0.2924 
 487 0.0439 0.1311 0.4230 0.1922 0.2099 
 488 0.0340 0.0892 0.3601 0.0945 0.4222 
 489 0.1183 0.1723 0.4326 0.1608 0.1161 
 490 0.0523 0.0337 0.1028 0.1292 0.6820 
 491 0.0278 0.0859 0.6974 0.0719 0.1170 
 492 0.0705 0.3004 0.1010 0.0783 0.4498 
 493 0.0287 0.0516 0.6710 0.0906 0.1581 
 494 0.0343 0.0845 0.5772 0.1521 0.1519 
 495 0.0562 0.1713 0.1126 0.0962 0.5637 
 496 0.0668 0.3736 0.1931 0.0956 0.2709 
 497 0.0147 0.0650 0.7388 0.0729 0.1086 
 498 0.1259 0.0952 0.2054 0.1251 0.4484 
 499 0.0353 0.1921 0.5399 0.1184 0.1142 
 500 0.0253 0.0500 0.5837 0.2260 0.1150 
 501 0.0312 0.2037 0.1917 0.2597 0.3136 
 502 0.0188 0.2513 0.1341 0.1352 0.4607 
 503 0.0243 0.0415 0.1825 0.5593 0.1924 
 504 0.0376 0.0466 0.0849 0.0643 0.7665 
 505 0.0906 0.0954 0.5535 0.0883 0.1721 
 506 0.0259 0.1892 0.2879 0.1148 0.3823 
 507 0.0486 0.6263 0.2027 0.0518 0.0706 
 508 0.1080 0.5532 0.1932 0.0514 0.0941 
 509 0.0465 0.1412 0.5942 0.0732 0.1449 
 510 0.0292 0.2601 0.2760 0.2452 0.1895 
 511 0.0480 0.0547 0.1436 0.5330 0.2206 
 512 0.0183 0.0338 0.1025 0.5887 0.2567 
 513 0.0764 0.0660 0.3399 0.0354 0.4822 
 514 0.0279 0.0674 0.1285 0.0773 0.6989 
 515 0.0880 0.1442 0.1417 0.4371 0.1890 
 516 0.0575 0.0635 0.1883 0.0659 0.6249 
 517 0.1983 0.1510 0.1104 0.2021 0.3381 
 518 0.0166 0.1083 0.6511 0.1332 0.0908 
 519 0.0266 0.0682 0.0653 0.0754 0.7644 
 520 0.2835 0.2671 0.0974 0.2430 0.1089 
 521 0.0398 0.3590 0.1610 0.0747 0.3655 
 522 0.2025 0.0480 0.0999 0.4898 0.1598 
 523 0.4448 0.1587 0.0983 0.0724 0.2257 
 524 0.1021 0.0858 0.1281 0.4837 0.2003 
 525 0.0571 0.2111 0.2564 0.3579 0.1175 
 526 0.5576 0.0702 0.0626 0.2154 0.0941 
 527 0.0205 0.0529 0.2706 0.3212 0.3348 
 528 0.0448 0.5128 0.2346 0.0628 0.1450 
 529 0.0204 0.0728 0.7021 0.0707 0.1340 
 530 0.0993 0.0838 0.1018 0.5486 0.1665 
 531 0.0627 0.4145 0.0748 0.2691 0.1789 
 532 0.0542 0.2540 0.3324 0.1660 0.1934 
 533 0.0801 0.0671 0.3392 0.3725 0.1411 
 534 0.0814 0.0828 0.6027 0.0438 0.1893 
 535 0.3153 0.0718 0.0683 0.1388 0.4058 
 536 0.1827 0.1773 0.1263 0.3081 0.2055 
 537 0.3451 0.3105 0.1123 0.0960 0.1361 
 538 0.2005 0.2179 0.2177 0.1325 0.2313 
 539 0.0486 0.6713 0.1348 0.0632 0.0822 
 540 0.1586 0.2315 0.2197 0.1985 0.1917 
 541 0.0431 0.5215 0.1372 0.1262 0.1721 
 542 0.5191 0.0497 0.1259 0.2073 0.0981 
 543 0.2273 0.2036 0.1419 0.0697 0.3574 
 544 0.5461 0.0922 0.0841 0.1219 0.1556 
 545 0.6798 0.0343 0.0454 0.1128 0.1278 
 546 0.2568 0.1391 0.3059 0.1383 0.1599 
 547 0.6850 0.0980 0.0415 0.0547 0.1208 
 548 0.0217 0.1763 0.6405 0.0564 0.1051 
 549 0.2496 0.4240 0.0441 0.1906 0.0917 
 550 0.5277 0.0524 0.0382 0.1851 0.1967 
 551 0.0538 0.6368 0.0585 0.1013 0.1495 
 552 0.1484 0.1706 0.4445 0.1213 0.1152 
 553 0.5593 0.1789 0.0823 0.0417 0.1378 
 554 0.0700 0.1476 0.1687 0.2724 0.3413 
 555 0.1758 0.4013 0.1904 0.0802 0.1523 
 556 0.2391 0.1599 0.2628 0.1116 0.2266 
 557 0.4010 0.0853 0.0418 0.2186 0.2534 
 558 0.0125 0.0310 0.0280 0.7049 0.2236 
 559 0.0336 0.0474 0.3009 0.0833 0.5348 
 560 0.0309 0.0232 0.0422 0.2989 0.6049 
 561 0.0364 0.0317 0.0777 0.2463 0.6080 
 562 0.0463 0.0233 0.0872 0.1645 0.6786 
 563 0.0416 0.1311 0.0382 0.0862 0.7029 
 564 0.0632 0.0503 0.4782 0.1118 0.2965 
 565 0.0156 0.0349 0.0427 0.7981 0.1088 
 566 0.0190 0.0248 0.0367 0.1890 0.7305 
 567 0.0345 0.0341 0.4740 0.1000 0.3574 
 568 0.0501 0.0510 0.1026 0.1359 0.6603 
 569 0.1135 0.0534 0.0854 0.3417 0.4059 
 570 0.0130 0.0252 0.0486 0.7045 0.2088 
 571 0.0194 0.0396 0.0617 0.0877 0.7916 
 572 0.4079 0.1666 0.1364 0.1519 0.1372 
 573 0.0544 0.0490 0.3870 0.2457 0.2639 
 574 0.0332 0.1272 0.1149 0.5236 0.2012 
 575 0.0313 0.0831 0.0631 0.1092 0.7132 
 576 0.0140 0.0246 0.0469 0.1603 0.7542 
 577 0.0242 0.1116 0.1309 0.4175 0.3158 
 578 0.0258 0.0410 0.0640 0.1685 0.7007 
 579 0.0271 0.0350 0.1479 0.2614 0.5287 
 580 0.0187 0.0662 0.0914 0.5634 0.2602 
 581 0.0192 0.0498 0.0607 0.4219 0.4484 
 582 0.0336 0.0280 0.0414 0.5237 0.3734 
 583 0.0180 0.0379 0.1197 0.1547 0.6696 
 584 0.0138 0.0296 0.0538 0.1582 0.7446 
 585 0.0207 0.0347 0.0573 0.2617 0.6255 
 586 0.0237 0.0497 0.0839 0.0659 0.7768 
 587 0.0446 0.0274 0.1561 0.3973 0.3745 
 588 0.1004 0.0322 0.7372 0.0369 0.0934 
 589 0.0737 0.0302 0.0593 0.6071 0.2296 
 590 0.0206 0.0346 0.1440 0.0855 0.7152 
 591 0.0161 0.0407 0.0861 0.0878 0.7693 
 592 0.0841 0.0327 0.0942 0.1494 0.6396 
 593 0.0331 0.0621 0.1141 0.2293 0.5614 
 594 0.0205 0.0721 0.2904 0.0918 0.5252 
 595 0.0143 0.0265 0.2379 0.4099 0.3114 
 596 0.1377 0.0604 0.2432 0.2212 0.3375 
 597 0.0525 0.1847 0.0672 0.0542 0.6414 
 598 0.0131 0.0276 0.0325 0.7848 0.1419 
 599 0.0404 0.0258 0.0638 0.1616 0.7084 
 600 0.0378 0.0813 0.1079 0.5107 0.2623 
 601 0.0349 0.0267 0.0548 0.2800 0.6036 
 602 0.0188 0.0948 0.5466 0.1071 0.2326 
 603 0.0232 0.0975 0.4235 0.0901 0.3656 
 604 0.0276 0.0842 0.1477 0.5888 0.1517 
 605 0.0457 0.0480 0.1674 0.2127 0.5263 
 606 0.0449 0.1352 0.3285 0.2167 0.2746 
 607 0.0156 0.1674 0.3903 0.2731 0.1536 
 608 0.0217 0.4394 0.0934 0.2289 0.2166 
 609 0.0362 0.0639 0.0838 0.5027 0.3136 
 610 0.0904 0.0480 0.0957 0.5822 0.1838 
 611 0.0433 0.1232 0.2852 0.1128 0.4354 
 612 0.0323 0.0389 0.0446 0.7758 0.1084 
 613 0.0584 0.0622 0.2759 0.3442 0.2593 
 614 0.0188 0.0331 0.0924 0.7748 0.0809 
 615 0.0224 0.0592 0.0962 0.7333 0.0890 
 616 0.0155 0.1200 0.4095 0.2511 0.2040 
 617 0.0488 0.0400 0.1685 0.4541 0.2886 
 618 0.0440 0.1132 0.1723 0.5848 0.0857 
 619 0.0853 0.1336 0.1806 0.2003 0.4002 
 620 0.0747 0.0243 0.1462 0.1072 0.6475 
 621 0.0136 0.0400 0.0747 0.2351 0.6366 
 622 0.0691 0.0894 0.2957 0.4242 0.1216 
 623 0.0313 0.0427 0.1986 0.1809 0.5466 
 624 0.0211 0.1100 0.0627 0.6942 0.1119 
 625 0.0179 0.1266 0.1106 0.4911 0.2538 
 626 0.1580 0.3523 0.0954 0.3135 0.0809 
 627 0.0333 0.0589 0.2299 0.1988 0.4792 
 628 0.0261 0.0532 0.3949 0.1502 0.3755 
 629 0.0203 0.0741 0.2560 0.2748 0.3747 
 630 0.0288 0.0513 0.0952 0.6335 0.1913 
 631 0.0178 0.0545 0.2646 0.4798 0.1833 
 632 0.0587 0.2222 0.4051 0.1614 0.1526 
 633 0.0204 0.1051 0.1380 0.5359 0.2006 
 634 0.0479 0.1506 0.3301 0.2260 0.2455 
 635 0.0230 0.3957 0.2652 0.1863 0.1298 
 636 0.0248 0.2222 0.0735 0.4601 0.2194 
 637 0.2308 0.1005 0.1748 0.2275 0.2665 
 638 0.0173 0.0944 0.4134 0.1990 0.2760 
 639 0.0220 0.0883 0.2436 0.5047 0.1414 
 640 0.0126 0.0540 0.0984 0.1584 0.6766 
 641 0.0186 0.0616 0.4437 0.2804 0.1955 
 642 0.0625 0.5133 0.1096 0.1118 0.2028 
 643 0.0199 0.7457 0.0595 0.0638 0.1110 
 644 0.0231 0.5772 0.1217 0.0727 0.2053 
 645 0.0381 0.4020 0.1239 0.3755 0.0606 
 646 0.0739 0.1222 0.3069 0.1261 0.3710 
 647 0.0518 0.3453 0.1683 0.0787 0.3558 
 648 0.0759 0.2155 0.4822 0.1269 0.0995 
 649 0.1063 0.1281 0.5330 0.0564 0.1762 
 650 0.0486 0.1525 0.3205 0.0701 0.4083 
 651 0.0156 0.2751 0.4994 0.0679 0.1419 
 652 0.0257 0.5375 0.1992 0.0817 0.1559 
 653 0.0637 0.3289 0.3656 0.1236 0.1182 
 654 0.1247 0.4678 0.1853 0.0928 0.1294 
 655 0.0270 0.5064 0.0747 0.0757 0.3163 
 656 0.0826 0.1837 0.4604 0.1260 0.1474 
 657 0.0244 0.1699 0.2886 0.3410 0.1762 
 658 0.0799 0.2143 0.1103 0.1271 0.4684 
 659 0.0818 0.4715 0.1698 0.1337 0.1433 
 660 0.0429 0.5023 0.2648 0.0609 0.1291 
 661 0.1280 0.5530 0.1139 0.1024 0.1027 
 662 0.2097 0.0854 0.4686 0.0484 0.1879 
 663 0.0261 0.3746 0.3758 0.0895 0.1340 
 664 0.0464 0.2236 0.0606 0.1469 0.5225 
 665 0.1202 0.1050 0.5613 0.0613 0.1522 
 666 0.0712 0.4339 0.2254 0.1009 0.1686 
 667 0.0390 0.0890 0.3472 0.1007 0.4240 
 668 0.0577 0.4429 0.1393 0.1458 0.2143 
 669 0.0307 0.1210 0.6792 0.0557 0.1134 
 670 0.0203 0.7605 0.1108 0.0430 0.0654 
 671 0.0329 0.6176 0.1748 0.0544 0.1203 
 672 0.0411 0.6738 0.0348 0.0719 0.1784 
 673 0.0113 0.8474 0.0435 0.0459 0.0519 
 674 0.0270 0.6209 0.1687 0.0958 0.0877 
 675 0.0152 0.7852 0.0474 0.0405 0.1117 
 676 0.0131 0.8522 0.0411 0.0413 0.0523 
 677 0.0914 0.7230 0.0865 0.0387 0.0603 
 678 0.0107 0.8461 0.0403 0.0458 0.0572 
 679 0.0120 0.6880 0.1176 0.0986 0.0838 
 680 0.0210 0.7665 0.0733 0.0756 0.0636 
 681 0.3013 0.2571 0.1248 0.1911 0.1257 
 682 0.0201 0.7985 0.0413 0.0742 0.0659 
 683 0.0230 0.8069 0.0669 0.0411 0.0621 
 684 0.0129 0.8382 0.0453 0.0450 0.0586 
 685 0.0139 0.8561 0.0408 0.0379 0.0512 
 686 0.0939 0.6736 0.0830 0.0697 0.0797 
 687 0.0459 0.6054 0.1864 0.0516 0.1108 
 688 0.0165 0.7876 0.0604 0.0498 0.0858 
 689 0.0129 0.8512 0.0459 0.0408 0.0492 
 690 0.0122 0.8541 0.0395 0.0424 0.0517 
 691 0.0201 0.7174 0.0915 0.0887 0.0823 
 692 0.0131 0.7821 0.0629 0.0596 0.0823 
 693 0.0159 0.7776 0.0453 0.0598 0.1014 
 694 0.0145 0.8622 0.0412 0.0350 0.0470 
 695 0.0351 0.8145 0.0338 0.0532 0.0635 
 696 0.0169 0.7840 0.0606 0.0506 0.0878 
 697 0.0169 0.8308 0.0569 0.0442 0.0512 
 698 0.0131 0.8444 0.0474 0.0423 0.0528 
 699 0.1063 0.7376 0.0430 0.0501 0.0629 
 700 0.0595 0.7270 0.0525 0.0688 0.0922 
 701 0.0299 0.6606 0.1413 0.0875 0.0807 
 702 0.0468 0.6879 0.0599 0.0886 0.1168 
 703 0.0223 0.7835 0.0501 0.0768 0.0673 
 704 0.0247 0.7858 0.0626 0.0469 0.0800 
 705 0.2973 0.3655 0.1371 0.0955 0.1047 
 706 0.0321 0.7918 0.0484 0.0677 0.0600 
 707 0.0231 0.8117 0.0656 0.0461 0.0535 
 708 0.0154 0.8276 0.0609 0.0418 0.0543 
 709 0.0440 0.8197 0.0373 0.0428 0.0562 
 710 0.0163 0.8625 0.0352 0.0379 0.0481 
 711 0.0596 0.7341 0.0771 0.0654 0.0638 
 712 0.0597 0.7858 0.0685 0.0356 0.0503 
 713 0.0193 0.7926 0.0602 0.0445 0.0835 
 714 0.0167 0.6235 0.1732 0.0955 0.0911 
 715 0.0321 0.8393 0.0436 0.0364 0.0486 
 716 0.0296 0.8158 0.0350 0.0608 0.0588 
 717 0.0214 0.8570 0.0365 0.0370 0.0481 
 718 0.0394 0.6913 0.1291 0.0711 0.0691 
 719 0.0306 0.8404 0.0409 0.0358 0.0523 
 720 0.0176 0.0420 0.1805 0.2280 0.5318 
 721 0.0283 0.5271 0.1182 0.2197 0.1068 
 722 0.0407 0.0777 0.1200 0.5376 0.2239 
 723 0.0145 0.0636 0.1654 0.6153 0.1412 
 724 0.0223 0.1690 0.1101 0.5859 0.1127 
 725 0.0272 0.1719 0.4107 0.1403 0.2499 
 726 0.0551 0.1098 0.1763 0.5207 0.1382 
 727 0.2058 0.2119 0.1851 0.2192 0.1781 
 728 0.0165 0.0241 0.0363 0.8526 0.0705 
 729 0.0136 0.0263 0.0430 0.8265 0.0906 
 730 0.0145 0.0406 0.1688 0.4753 0.3008 
 731 0.0201 0.0579 0.0572 0.7316 0.1332 
 732 0.0142 0.0636 0.1644 0.6179 0.1397 
 733 0.0118 0.0366 0.0519 0.7954 0.1043 
 734 0.0138 0.0263 0.0468 0.7423 0.1708 
 735 0.0105 0.0418 0.0484 0.8227 0.0766 
 736 0.0180 0.0505 0.0680 0.5034 0.3600 
 737 0.0447 0.0524 0.1526 0.4842 0.2660 
 738 0.0155 0.0450 0.1972 0.5462 0.1961 
 739 0.0123 0.0339 0.0462 0.8020 0.1056 
 740 0.0180 0.3977 0.4473 0.0657 0.0714 
 741 0.0352 0.4312 0.2749 0.1191 0.1396 
 742 0.0148 0.1536 0.0532 0.1099 0.6685 
 743 0.0143 0.0621 0.5808 0.1124 0.2304 
 744 0.1336 0.0787 0.3400 0.0694 0.3782 
 745 0.0412 0.0347 0.1218 0.0953 0.7070 
 746 0.0208 0.1883 0.3564 0.1864 0.2481 
 747 0.0238 0.0701 0.2694 0.0994 0.5372 
 748 0.0133 0.4209 0.1789 0.0725 0.3144 
 749 0.0298 0.0944 0.5465 0.0881 0.2412 
 750 0.0168 0.0599 0.6386 0.0845 0.2002 
 751 0.0142 0.4099 0.2385 0.0823 0.2551 
 752 0.0197 0.0785 0.3848 0.1208 0.3963 
 753 0.0209 0.1258 0.5018 0.1881 0.1634 
 754 0.0257 0.4325 0.1551 0.1513 0.2353 
 755 0.0130 0.1156 0.5821 0.1185 0.1708 
 756 0.0160 0.1896 0.2471 0.0525 0.4949 
 757 0.0165 0.1343 0.1662 0.0896 0.5935 
 758 0.0221 0.0348 0.2437 0.0628 0.6365 
 759 0.0466 0.4563 0.1573 0.1932 0.1466 
 760 0.0158 0.0841 0.4739 0.2075 0.2187 
 761 0.0192 0.2182 0.2514 0.4054 0.1059 
 762 0.0118 0.0538 0.1849 0.4299 0.3196 
 763 0.0219 0.1298 0.4971 0.1887 0.1624 
 764 0.0140 0.0741 0.4357 0.0919 0.3842 
 765 0.0132 0.0450 0.5070 0.2981 0.1368 
 766 0.0124 0.2755 0.3106 0.0839 0.3175 
 767 0.0187 0.2300 0.1711 0.0969 0.4833 
 768 0.0121 0.0553 0.1829 0.4537 0.2960 
 769 0.0219 0.2322 0.1043 0.4485 0.1931 
 770 0.0147 0.0474 0.1177 0.3621 0.4581 
 771 0.1478 0.1101 0.5291 0.0560 0.1571 
 772 0.0656 0.2654 0.1394 0.1042 0.4254 
 773 0.0131 0.0602 0.6521 0.0704 0.2041 
 774 0.0178 0.2946 0.4660 0.1002 0.1213 
 775 0.0142 0.0934 0.0640 0.5513 0.2770 
 776 0.0166 0.0523 0.1066 0.0771 0.7473 
 777 0.0529 0.1102 0.3292 0.1298 0.3779 
 778 0.0396 0.1784 0.3928 0.0864 0.3027 
 779 0.0140 0.1024 0.5225 0.0723 0.2888 
 780 0.0130 0.3296 0.3187 0.0889 0.2498 
 781 0.0344 0.0755 0.7723 0.0454 0.0724 
 782 0.0143 0.1007 0.5228 0.0729 0.2894 
 783 0.0143 0.2416 0.2128 0.1262 0.4050 
 784 0.0172 0.0780 0.1171 0.1516 0.6361 
 785 0.0205 0.1648 0.2402 0.1176 0.4569 
 786 0.0166 0.4252 0.1427 0.1034 0.3122 
 787 0.0316 0.3721 0.2906 0.0510 0.2547 
 788 0.0365 0.0910 0.2143 0.1512 0.5070 
 789 0.0146 0.0920 0.0918 0.1395 0.6622 
 790 0.0136 0.2242 0.3808 0.1772 0.2042 
 791 0.0174 0.1334 0.0988 0.0957 0.6547 
 792 0.0464 0.3385 0.4043 0.0512 0.1595 
 793 0.0715 0.4277 0.1453 0.2053 0.1502 
 794 0.0278 0.1754 0.1239 0.1674 0.5055 
 795 0.0251 0.5092 0.1382 0.1962 0.1314 
 796 0.0271 0.1668 0.0581 0.0625 0.6855 
 797 0.0436 0.5282 0.2095 0.1100 0.1088 
 798 0.1612 0.0303 0.0590 0.5079 0.2416 
 799 0.0289 0.0721 0.0906 0.0867 0.7217 
 800 0.1391 0.5387 0.0777 0.0420 0.2025 
 801 0.1536 0.0608 0.0623 0.4725 0.2508 
 802 0.1582 0.2366 0.1253 0.2809 0.1990 
 803 0.0703 0.4215 0.1524 0.1494 0.2064 
 804 0.1829 0.1095 0.2813 0.1501 0.2762 
 805 0.0229 0.7702 0.0486 0.0533 0.1050 
 806 0.3949 0.0777 0.1144 0.2904 0.1227 
 807 0.0569 0.5702 0.2230 0.0782 0.0718 
 808 0.1281 0.4146 0.2195 0.0811 0.1567 
 809 0.6406 0.0457 0.0576 0.1300 0.1260 
 810 0.0289 0.1779 0.2377 0.2992 0.2563 
 811 0.2477 0.4134 0.0810 0.0992 0.1587 
 812 0.7592 0.0276 0.0472 0.0583 0.1077 
 813 0.1342 0.0371 0.0439 0.4261 0.3587 
 814 0.2757 0.0519 0.3211 0.0676 0.2837 
 815 0.4969 0.1332 0.0460 0.2037 0.1202 
 816 0.1316 0.3084 0.0807 0.1645 0.3149 
 817 0.1582 0.2391 0.1244 0.2810 0.1973 
 818 0.0244 0.0659 0.0373 0.0928 0.7796 
 819 0.0334 0.1639 0.2780 0.0550 0.4697 
 820 0.0414 0.1825 0.1429 0.0596 0.5736 
 821 0.0135 0.1042 0.1674 0.1530 0.5620 
 822 0.0265 0.0278 0.4176 0.2421 0.2861 
 823 0.0161 0.2055 0.0430 0.2994 0.4359 
 824 0.0174 0.1425 0.2618 0.1138 0.4645 
 825 0.0214 0.0541 0.1229 0.2638 0.5377 
 826 0.0155 0.0394 0.0825 0.0696 0.7930 
 827 0.0146 0.0558 0.1064 0.4019 0.4213 
 828 0.0134 0.0693 0.3066 0.4957 0.1150 
 829 0.0490 0.0923 0.0975 0.4667 0.2945 
 830 0.0120 0.0383 0.1402 0.4900 0.3194 
 831 0.0221 0.0847 0.4903 0.2830 0.1199 
 832 0.0869 0.1363 0.0598 0.1704 0.5466 
 833 0.0464 0.1489 0.0318 0.1994 0.5736 
 834 0.0250 0.1326 0.1676 0.3623 0.3125 
 835 0.0245 0.0398 0.0521 0.0625 0.8212 
 836 0.0667 0.0713 0.0794 0.0624 0.7202 
 837 0.0304 0.2326 0.1256 0.3805 0.2309 
 838 0.0711 0.0387 0.1016 0.0545 0.7342 
 839 0.0127 0.0634 0.1142 0.2704 0.5393 
 840 0.0803 0.1179 0.4947 0.0936 0.2135 
 841 0.0542 0.1047 0.1374 0.0651 0.6386 
 842 0.0128 0.0295 0.0505 0.0689 0.8383 
 843 0.0567 0.2182 0.4122 0.0767 0.2361 
 844 0.0434 0.1501 0.3020 0.2427 0.2618 
 845 0.0133 0.0471 0.0884 0.0908 0.7603 
 846 0.0211 0.1070 0.1212 0.0842 0.6665 
 847 0.0120 0.0993 0.7080 0.0482 0.1325 
 848 0.0251 0.0871 0.1249 0.0478 0.7151 
 849 0.0171 0.0714 0.1687 0.1379 0.6048 
 850 0.0177 0.0585 0.0994 0.2241 0.6003 
 851 0.0144 0.0487 0.0787 0.0598 0.7984 
 852 0.0127 0.4376 0.1459 0.2694 0.1345 
 853 0.0277 0.0443 0.0456 0.1212 0.7613 
 854 0.0138 0.2292 0.1961 0.3522 0.2086 
 855 0.0178 0.0815 0.1817 0.1086 0.6103 
 856 0.0164 0.1252 0.3933 0.1198 0.3453 
 857 0.0704 0.0503 0.4065 0.0812 0.3916 
 858 0.0182 0.0516 0.3256 0.1315 0.4730 
 859 0.0133 0.0506 0.0938 0.3330 0.5094 
 860 0.0241 0.0448 0.1586 0.0703 0.7022 
 861 0.0510 0.3884 0.2951 0.0630 0.2025 
 862 0.0277 0.0341 0.0327 0.7898 0.1157 
 863 0.0253 0.0674 0.0703 0.7620 0.0750 
 864 0.0127 0.0517 0.0391 0.8331 0.0634 
 865 0.0181 0.0247 0.0381 0.7339 0.1852 
 866 0.0170 0.0400 0.1816 0.3975 0.3639 
 867 0.0180 0.0447 0.0555 0.8179 0.0640 
 868 0.0226 0.0354 0.1094 0.7503 0.0824 
 869 0.0154 0.0438 0.1332 0.4497 0.3578 
 870 0.0754 0.0294 0.0860 0.5158 0.2934 
 871 0.0243 0.0302 0.0458 0.6458 0.2539 
 872 0.0127 0.0356 0.0483 0.8206 0.0829 
 873 0.0156 0.0446 0.0422 0.8053 0.0923 
 874 0.0235 0.0284 0.0403 0.8148 0.0930 
 875 0.0401 0.0473 0.1395 0.4661 0.3070 
 876 0.0511 0.0366 0.1305 0.1605 0.6213 
 877 0.0153 0.0379 0.0326 0.8367 0.0775 
 878 0.0258 0.0556 0.2514 0.4953 0.1719 
 879 0.0121 0.0483 0.0504 0.8177 0.0715 
 880 0.1075 0.0358 0.0838 0.3425 0.4304 
 881 0.0150 0.0399 0.0684 0.8026 0.0740 
 882 0.0107 0.0420 0.0487 0.8223 0.0763 
 883 0.0396 0.0441 0.4628 0.1341 0.3193 
 884 0.0153 0.0246 0.0381 0.7371 0.1849 
 885 0.1126 0.0636 0.1651 0.5453 0.1135 
 886 0.0164 0.0537 0.0934 0.7145 0.1221 
 887 0.0143 0.0283 0.0488 0.7799 0.1288 
 888 0.0561 0.0924 0.2581 0.4540 0.1394 
 889 0.0208 0.0243 0.0341 0.7734 0.1474 
 890 0.0371 0.0262 0.0777 0.4907 0.3683 
 891 0.0292 0.0414 0.0656 0.0634 0.8004 
 892 0.0273 0.0483 0.2270 0.1064 0.5910 
 893 0.1568 0.0728 0.1138 0.1470 0.5096 
 894 0.0138 0.0294 0.0356 0.1518 0.7694 
 895 0.0202 0.0300 0.0522 0.6797 0.2179 
 896 0.0390 0.0736 0.1205 0.0626 0.7043 
 897 0.0199 0.0422 0.5959 0.0890 0.2530 
 898 0.0314 0.0821 0.1344 0.4436 0.3085 
 899 0.0142 0.0245 0.0358 0.1056 0.8198 
 900 0.0290 0.0363 0.0476 0.0562 0.8309 
 901 0.0159 0.0395 0.0794 0.0851 0.7801 
 902 0.0961 0.0501 0.3664 0.0944 0.3930 
 903 0.0282 0.0377 0.0742 0.5881 0.2719 
 904 0.0268 0.0652 0.2230 0.5088 0.1762 
 905 0.0136 0.0274 0.0597 0.5443 0.3549 
 906 0.0440 0.0483 0.1075 0.1913 0.6089 
 907 0.0151 0.0644 0.0613 0.1339 0.7253 
 908 0.0132 0.0509 0.1293 0.2046 0.6021 
 909 0.0779 0.0531 0.0720 0.1623 0.6348 
 910 0.0406 0.0501 0.0510 0.0717 0.7866 
 911 0.0177 0.0254 0.0397 0.4615 0.4557 
 912 0.0199 0.0315 0.0503 0.1548 0.7435 
 913 0.0344 0.0282 0.0593 0.2825 0.5955 
 914 0.0191 0.1903 0.0901 0.2215 0.4790 
 915 0.0363 0.0244 0.0499 0.1658 0.7235 
 916 0.0177 0.0333 0.0686 0.1071 0.7732 
 917 0.0234 0.0355 0.0631 0.1707 0.7072 
 918 0.0260 0.1547 0.0859 0.3697 0.3638 
 919 0.0180 0.0733 0.0816 0.4667 0.3604 
 920 0.0133 0.0552 0.0432 0.0883 0.8000 
 921 0.1590 0.2932 0.0884 0.0913 0.3681 
 922 0.3244 0.0505 0.2626 0.0886 0.2739 
 923 0.0397 0.0589 0.6859 0.0553 0.1601 
 924 0.2076 0.0488 0.2639 0.0550 0.4248 
 925 0.1552 0.0892 0.2089 0.0860 0.4607 
 926 0.6938 0.0759 0.0548 0.0385 0.1371 
 927 0.6411 0.1038 0.0685 0.0633 0.1233 
 928 0.0959 0.1699 0.6071 0.0428 0.0843 
 929 0.4612 0.0509 0.3072 0.0501 0.1306 
 930 0.3141 0.0910 0.1841 0.0781 0.3326 
 931 0.7725 0.0710 0.0347 0.0666 0.0552 
 932 0.7522 0.0324 0.0513 0.0446 0.1196 
 933 0.1349 0.4892 0.1653 0.0616 0.1489 
 934 0.0968 0.0313 0.6706 0.0412 0.1601 
 935 0.7119 0.0483 0.0791 0.0682 0.0925 
 936 0.8164 0.0267 0.0419 0.0446 0.0704 
 937 0.7991 0.0443 0.0500 0.0431 0.0635 
 938 0.6351 0.1157 0.1432 0.0347 0.0714 
 939 0.6204 0.1582 0.1075 0.0494 0.0645 
 940 0.5648 0.0860 0.1643 0.0684 0.1164 
 941 0.7008 0.0298 0.0499 0.0637 0.1558 
 942 0.0915 0.3011 0.2486 0.1186 0.2403 
 943 0.7092 0.1492 0.0531 0.0375 0.0511 
 944 0.6890 0.0955 0.0810 0.0732 0.0613 
 945 0.1361 0.0736 0.5119 0.0959 0.1824 
 946 0.7034 0.0465 0.0868 0.0486 0.1147 
 947 0.7138 0.1309 0.0470 0.0331 0.0751 
 948 0.7213 0.0257 0.0507 0.1151 0.0872 
 949 0.6420 0.0267 0.0529 0.1351 0.1433 
 950 0.7874 0.0581 0.0537 0.0311 0.0697 
 951 0.3087 0.1538 0.2777 0.0903 0.1695 
 952 0.4557 0.0581 0.2801 0.0708 0.1353 
 953 0.4565 0.0647 0.0823 0.1298 0.2667 
 954 0.7815 0.0333 0.0346 0.0661 0.0845 
 955 0.0479 0.7786 0.0516 0.0607 0.0612 
 956 0.0812 0.7001 0.0889 0.0484 0.0814 
 957 0.0570 0.3692 0.2695 0.1357 0.1686 
 958 0.0385 0.0905 0.3083 0.1137 0.4490 
 959 0.0704 0.2459 0.4300 0.0749 0.1788 
 960 0.0292 0.1235 0.0622 0.3370 0.4482 
 961 0.0134 0.8559 0.0412 0.0384 0.0511 
 962 0.0938 0.0777 0.5616 0.0378 0.2291 
 963 0.0559 0.1027 0.1828 0.1287 0.5299 
 964 0.0142 0.1011 0.5283 0.1632 0.1931 
 965 0.0319 0.2719 0.4305 0.0650 0.2006 
 966 0.0627 0.2715 0.2334 0.1305 0.3019 
 967 0.0392 0.7717 0.0517 0.0736 0.0638 
 968 0.0429 0.0844 0.6348 0.0461 0.1919 
 969 0.0144 0.2217 0.2841 0.3442 0.1356 
 970 0.0218 0.5266 0.2905 0.0747 0.0864 
 971 0.0889 0.1650 0.4027 0.0639 0.2796 
 972 0.0413 0.2155 0.3640 0.2090 0.1701 
 973 0.1561 0.3689 0.2075 0.0496 0.2179 
 974 0.0235 0.1068 0.4762 0.1709 0.2226 
 975 0.0141 0.2197 0.2868 0.3390 0.1404 
