   1 0.4693 0.1770 0.3537 
   2 0.7535 0.0230 0.2235 
   3 0.3172 0.1027 0.5801 
   4 0.3186 0.5477 0.1336 
   5 0.6186 0.0238 0.3576 
   6 0.0657 0.0279 0.9064 
   7 0.0638 0.0208 0.9155 
   8 0.2497 0.3186 0.4317 
   9 0.5117 0.0460 0.4424 
  10 0.1263 0.1154 0.7583 
  11 0.1075 0.0216 0.8710 
  12 0.5500 0.0407 0.4093 
  13 0.1904 0.0421 0.7674 
  14 0.7331 0.0532 0.2137 
  15 0.5426 0.1207 0.3367 
  16 0.1194 0.0460 0.8346 
  17 0.3002 0.0403 0.6595 
  18 0.2801 0.0621 0.6578 
  19 0.1575 0.0361 0.8064 
  20 0.4448 0.0375 0.5177 
  21 0.6454 0.1247 0.2299 
  22 0.1017 0.0580 0.8403 
  23 0.7333 0.1143 0.1524 
  24 0.3188 0.1665 0.5147 
  25 0.1155 0.0166 0.8679 
  26 0.3745 0.0862 0.5393 
  27 0.2262 0.0733 0.7005 
  28 0.2053 0.2419 0.5527 
  29 0.5340 0.0321 0.4339 
  30 0.1403 0.0423 0.8174 
  31 0.2844 0.0817 0.6338 
  32 0.6155 0.0900 0.2946 
  33 0.3922 0.0915 0.5163 
  34 0.0979 0.0432 0.8589 
  35 0.4863 0.0277 0.4860 
  36 0.5663 0.0380 0.3957 
  37 0.6626 0.1090 0.2284 
  38 0.1799 0.0183 0.8018 
  39 0.2341 0.0303 0.7356 
  40 0.6317 0.1648 0.2036 
  41 0.5454 0.0351 0.4195 
  42 0.5950 0.2500 0.1550 
  43 0.8556 0.0393 0.1051 
  44 0.6768 0.0236 0.2996 
  45 0.5985 0.0203 0.3812 
  46 0.2047 0.0226 0.7727 
  47 0.3154 0.0448 0.6397 
  48 0.6849 0.0261 0.2891 
  49 0.5128 0.0327 0.4545 
  50 0.1175 0.0606 0.8219 
  51 0.8552 0.0262 0.1186 
  52 0.2164 0.0394 0.7442 
  53 0.0999 0.0475 0.8525 
  54 0.7925 0.0364 0.1711 
  55 0.8708 0.0248 0.1044 
  56 0.5191 0.0399 0.4410 
  57 0.2220 0.1285 0.6495 
  58 0.7381 0.0356 0.2263 
  59 0.5746 0.0305 0.3949 
  60 0.7323 0.0901 0.1777 
  61 0.9035 0.0381 0.0584 
  62 0.3575 0.0326 0.6099 
  63 0.7416 0.0492 0.2092 
  64 0.1564 0.0213 0.8224 
  65 0.3534 0.0160 0.6306 
  66 0.8514 0.0498 0.0988 
  67 0.8578 0.0204 0.1218 
  68 0.6111 0.0374 0.3515 
  69 0.2707 0.0976 0.6317 
  70 0.7864 0.0329 0.1807 
  71 0.6300 0.0156 0.3544 
  72 0.2707 0.0241 0.7051 
  73 0.8346 0.0168 0.1487 
  74 0.5663 0.0834 0.3503 
  75 0.8003 0.0796 0.1201 
  76 0.7125 0.0266 0.2609 
  77 0.6508 0.0257 0.3235 
  78 0.5335 0.0321 0.4344 
  79 0.1175 0.0258 0.8566 
  80 0.1712 0.6029 0.2259 
  81 0.2135 0.3933 0.3932 
  82 0.7591 0.0502 0.1907 
  83 0.3576 0.2282 0.4142 
  84 0.4228 0.1700 0.4072 
  85 0.4045 0.2718 0.3238 
  86 0.5958 0.0260 0.3782 
  87 0.2055 0.0310 0.7635 
  88 0.6746 0.1242 0.2013 
  89 0.7090 0.1580 0.1330 
  90 0.3506 0.0329 0.6165 
  91 0.3509 0.4793 0.1698 
  92 0.4090 0.0564 0.5346 
  93 0.0719 0.8660 0.0621 
  94 0.0641 0.0228 0.9131 
  95 0.6896 0.0628 0.2476 
  96 0.8667 0.0747 0.0586 
  97 0.7011 0.1002 0.1987 
  98 0.7596 0.0460 0.1945 
  99 0.4653 0.1361 0.3985 
 100 0.4832 0.4501 0.0666 
 101 0.7474 0.0350 0.2176 
 102 0.6669 0.1788 0.1542 
 103 0.8736 0.0379 0.0885 
 104 0.3002 0.0384 0.6614 
 105 0.8521 0.0338 0.1141 
 106 0.0820 0.0119 0.9061 
 107 0.6395 0.0529 0.3075 
 108 0.7177 0.0209 0.2614 
 109 0.2091 0.0120 0.7789 
 110 0.1469 0.0154 0.8377 
 111 0.1474 0.0211 0.8315 
 112 0.1028 0.0142 0.8830 
 113 0.7640 0.0291 0.2070 
 114 0.3604 0.0527 0.5869 
 115 0.7251 0.0205 0.2544 
 116 0.2918 0.0131 0.6951 
 117 0.4468 0.0214 0.5318 
 118 0.7175 0.0182 0.2643 
 119 0.8229 0.0891 0.0880 
 120 0.4273 0.0267 0.5460 
 121 0.8145 0.0155 0.1700 
 122 0.1239 0.0176 0.8584 
 123 0.3945 0.0272 0.5783 
 124 0.3549 0.0180 0.6272 
 125 0.2752 0.0276 0.6972 
 126 0.2559 0.0352 0.7089 
 127 0.1981 0.0232 0.7787 
 128 0.8042 0.0184 0.1774 
 129 0.8284 0.0142 0.1574 
 130 0.4812 0.0595 0.4592 
 131 0.4667 0.0167 0.5166 
 132 0.1614 0.0135 0.8251 
 133 0.4268 0.0351 0.5380 
 134 0.0563 0.0099 0.9338 
 135 0.5828 0.3329 0.0843 
 136 0.0638 0.8740 0.0621 
 137 0.1169 0.8122 0.0709 
 138 0.0629 0.8773 0.0598 
 139 0.8032 0.1137 0.0831 
 140 0.2699 0.5075 0.2226 
 141 0.0842 0.8091 0.1067 
 142 0.4446 0.4763 0.0791 
 143 0.0590 0.9005 0.0405 
 144 0.1223 0.8125 0.0652 
 145 0.1824 0.6499 0.1677 
 146 0.3736 0.4185 0.2079 
 147 0.0473 0.9086 0.0441 
 148 0.2216 0.6415 0.1369 
 149 0.1054 0.8265 0.0681 
 150 0.3496 0.5316 0.1188 
 151 0.1035 0.8360 0.0605 
 152 0.3142 0.5272 0.1586 
 153 0.1149 0.7972 0.0879 
 154 0.0908 0.8422 0.0670 
 155 0.0670 0.8751 0.0579 
 156 0.3516 0.5853 0.0631 
 157 0.1836 0.6762 0.1403 
 158 0.1184 0.7428 0.1388 
 159 0.0548 0.9011 0.0441 
 160 0.0603 0.8940 0.0458 
 161 0.2648 0.6242 0.1110 
 162 0.4337 0.3191 0.2472 
 163 0.0694 0.8797 0.0509 
 164 0.3271 0.4439 0.2290 
 165 0.2418 0.6576 0.1006 
 166 0.3673 0.4739 0.1588 
 167 0.0921 0.7401 0.1678 
 168 0.1278 0.7742 0.0980 
 169 0.1487 0.4455 0.4058 
 170 0.4019 0.5365 0.0616 
 171 0.3233 0.5386 0.1382 
 172 0.2130 0.6390 0.1480 
 173 0.0922 0.8592 0.0486 
 174 0.0756 0.8607 0.0637 
 175 0.0583 0.8846 0.0571 
 176 0.1218 0.8128 0.0654 
 177 0.2635 0.4869 0.2496 
 178 0.0770 0.8250 0.0980 
 179 0.0510 0.9032 0.0457 
 180 0.1541 0.6599 0.1860 
 181 0.3169 0.5932 0.0899 
 182 0.2256 0.7227 0.0517 
 183 0.0713 0.8791 0.0496 
 184 0.7043 0.0250 0.2708 
 185 0.1952 0.7592 0.0456 
 186 0.6724 0.0224 0.3052 
 187 0.7573 0.1342 0.1084 
 188 0.7434 0.0164 0.2402 
 189 0.3237 0.2300 0.4463 
 190 0.8724 0.0884 0.0392 
 191 0.8416 0.0374 0.1210 
 192 0.7978 0.0885 0.1137 
 193 0.7456 0.1021 0.1523 
 194 0.8393 0.0648 0.0959 
 195 0.6697 0.2780 0.0523 
 196 0.8725 0.0655 0.0620 
 197 0.5889 0.0620 0.3491 
 198 0.6463 0.0823 0.2714 
 199 0.8675 0.0571 0.0755 
 200 0.7090 0.0737 0.2173 
 201 0.4515 0.4784 0.0701 
 202 0.5900 0.3439 0.0661 
 203 0.6099 0.3276 0.0626 
 204 0.8929 0.0572 0.0500 
 205 0.8711 0.0367 0.0922 
 206 0.8631 0.0700 0.0669 
 207 0.9088 0.0259 0.0653 
 208 0.8076 0.1312 0.0612 
 209 0.8293 0.0537 0.1170 
 210 0.8636 0.0711 0.0653 
 211 0.8994 0.0408 0.0597 
 212 0.2692 0.6489 0.0819 
 213 0.8669 0.0318 0.1014 
 214 0.5340 0.4035 0.0625 
 215 0.8914 0.0229 0.0858 
 216 0.7358 0.0328 0.2313 
 217 0.5599 0.3525 0.0876 
 218 0.8472 0.0516 0.1012 
 219 0.5066 0.1480 0.3454 
 220 0.9032 0.0298 0.0670 
 221 0.3057 0.6531 0.0412 
 222 0.5843 0.0624 0.3533 
 223 0.6136 0.2509 0.1355 
 224 0.7380 0.1904 0.0716 
 225 0.8863 0.0493 0.0645 
 226 0.7038 0.0708 0.2254 
 227 0.8324 0.1005 0.0671 
 228 0.7712 0.1816 0.0472 
 229 0.7112 0.2053 0.0835 
 230 0.8473 0.0920 0.0607 
 231 0.6159 0.2535 0.1306 
 232 0.7868 0.0906 0.1226 
 233 0.3521 0.5792 0.0687 
 234 0.6980 0.1093 0.1927 
 235 0.6793 0.1758 0.1449 
 236 0.7338 0.1811 0.0851 
 237 0.8754 0.0412 0.0834 
 238 0.5662 0.3533 0.0805 
 239 0.6626 0.2827 0.0547 
 240 0.5602 0.3576 0.0822 
 241 0.5166 0.4215 0.0619 
 242 0.5551 0.1301 0.3148 
 243 0.8899 0.0654 0.0447 
 244 0.7337 0.2079 0.0584 
 245 0.2141 0.7285 0.0574 
 246 0.5578 0.3549 0.0873 
 247 0.7328 0.0178 0.2494 
 248 0.8799 0.0204 0.0997 
 249 0.7640 0.1707 0.0654 
 250 0.8249 0.0902 0.0850 
 251 0.5805 0.0529 0.3666 
 252 0.8106 0.1062 0.0832 
 253 0.7774 0.0336 0.1890 
 254 0.7144 0.0637 0.2218 
 255 0.7011 0.1194 0.1795 
 256 0.7874 0.1458 0.0668 
 257 0.8808 0.0469 0.0723 
 258 0.8335 0.0417 0.1248 
 259 0.8834 0.0372 0.0794 
 260 0.5922 0.1798 0.2280 
 261 0.7017 0.2209 0.0774 
 262 0.6706 0.2774 0.0521 
 263 0.8665 0.0324 0.1011 
 264 0.2676 0.0168 0.7156 
 265 0.7397 0.1055 0.1548 
 266 0.3060 0.6504 0.0435 
 267 0.7226 0.1206 0.1569 
 268 0.8752 0.0637 0.0612 
 269 0.3587 0.1980 0.4433 
 270 0.7526 0.0360 0.2114 
 271 0.8821 0.0308 0.0871 
 272 0.7959 0.0403 0.1638 
 273 0.6700 0.1785 0.1515 
 274 0.7957 0.0537 0.1506 
 275 0.8041 0.0769 0.1190 
 276 0.7574 0.0349 0.2077 
 277 0.7041 0.1632 0.1327 
 278 0.8921 0.0318 0.0762 
 279 0.8325 0.0747 0.0928 
 280 0.6934 0.0781 0.2285 
 281 0.8307 0.0498 0.1195 
 282 0.4870 0.3825 0.1305 
 283 0.4126 0.4921 0.0953 
 284 0.8270 0.0832 0.0898 
 285 0.8627 0.0144 0.1230 
 286 0.7320 0.2097 0.0584 
 287 0.6256 0.1201 0.2542 
 288 0.7822 0.0422 0.1756 
 289 0.7083 0.0705 0.2213 
 290 0.7028 0.0376 0.2596 
 291 0.8837 0.0302 0.0862 
 292 0.7475 0.1035 0.1490 
 293 0.4427 0.0357 0.5216 
 294 0.8544 0.0264 0.1193 
 295 0.5606 0.0911 0.3483 
 296 0.8906 0.0316 0.0778 
 297 0.6560 0.0450 0.2990 
 298 0.6711 0.1983 0.1305 
 299 0.7884 0.0376 0.1739 
 300 0.8913 0.0233 0.0855 
 301 0.6678 0.0382 0.2939 
 302 0.8741 0.0280 0.0979 
 303 0.6849 0.2116 0.1035 
 304 0.4223 0.2927 0.2850 
 305 0.8082 0.1320 0.0598 
 306 0.5368 0.3473 0.1159 
 307 0.8324 0.0685 0.0991 
 308 0.6960 0.2259 0.0782 
 309 0.8908 0.0347 0.0746 
 310 0.8042 0.1429 0.0529 
 311 0.8506 0.0897 0.0597 
 312 0.9127 0.0278 0.0595 
 313 0.9245 0.0188 0.0567 
 314 0.0481 0.9104 0.0415 
 315 0.0650 0.8782 0.0568 
 316 0.0553 0.8813 0.0635 
 317 0.0374 0.9207 0.0419 
 318 0.0346 0.9226 0.0428 
 319 0.0538 0.9043 0.0418 
 320 0.0487 0.9094 0.0418 
 321 0.0383 0.9172 0.0445 
 322 0.0655 0.8725 0.0620 
 323 0.0396 0.9177 0.0427 
 324 0.0379 0.9182 0.0439 
 325 0.0467 0.8920 0.0612 
 326 0.0418 0.9020 0.0562 
 327 0.0390 0.9193 0.0417 
 328 0.0674 0.8696 0.0630 
 329 0.0408 0.9186 0.0406 
 330 0.0383 0.9198 0.0419 
 331 0.0412 0.9175 0.0413 
 332 0.0424 0.8903 0.0673 
 333 0.0491 0.8958 0.0551 
 334 0.0654 0.8731 0.0615 
 335 0.0610 0.8835 0.0555 
 336 0.0402 0.9147 0.0451 
 337 0.0522 0.8823 0.0655 
 338 0.0346 0.9210 0.0444 
 339 0.0403 0.9184 0.0413 
 340 0.0409 0.9200 0.0391 
 341 0.0396 0.9195 0.0410 
 342 0.0391 0.9192 0.0417 
 343 0.0741 0.8647 0.0612 
 344 0.0373 0.9222 0.0405 
 345 0.0388 0.9200 0.0412 
 346 0.0348 0.9254 0.0397 
 347 0.0380 0.9237 0.0382 
 348 0.0812 0.8635 0.0553 
 349 0.0390 0.9193 0.0417 
 350 0.0582 0.8992 0.0426 
 351 0.0596 0.8846 0.0558 
 352 0.0532 0.8870 0.0598 
 353 0.0409 0.9144 0.0447 
 354 0.0423 0.9161 0.0416 
 355 0.0349 0.9225 0.0426 
 356 0.1370 0.8087 0.0543 
 357 0.0948 0.5479 0.3573 
 358 0.0485 0.8899 0.0616 
 359 0.0399 0.9170 0.0431 
 360 0.0356 0.9247 0.0397 
 361 0.1495 0.4647 0.3857 
 362 0.2022 0.0304 0.7674 
 363 0.1311 0.0197 0.8492 
 364 0.1443 0.2639 0.5917 
 365 0.1046 0.0264 0.8690 
 366 0.3600 0.0704 0.5696 
 367 0.0587 0.0119 0.9293 
 368 0.3207 0.0256 0.6537 
 369 0.4003 0.2741 0.3255 
 370 0.7531 0.0274 0.2195 
 371 0.4645 0.0614 0.4741 
 372 0.6322 0.0786 0.2892 
 373 0.1334 0.0416 0.8250 
 374 0.1918 0.2628 0.5454 
 375 0.1137 0.0215 0.8648 
 376 0.0430 0.0154 0.9416 
 377 0.2207 0.0320 0.7473 
 378 0.2147 0.1554 0.6298 
 379 0.0482 0.0156 0.9361 
 380 0.2970 0.1288 0.5742 
 381 0.1257 0.0723 0.8020 
 382 0.0691 0.0199 0.9110 
 383 0.1101 0.1639 0.7261 
 384 0.1519 0.0913 0.7568 
 385 0.1283 0.0868 0.7849 
 386 0.0801 0.0184 0.9014 
 387 0.0876 0.0231 0.8893 
 388 0.3301 0.2274 0.4425 
 389 0.8204 0.0222 0.1574 
 390 0.3390 0.0258 0.6352 
 391 0.5342 0.0442 0.4216 
 392 0.0881 0.0432 0.8688 
 393 0.2462 0.0548 0.6990 
 394 0.2419 0.2122 0.5459 
 395 0.5804 0.0217 0.3979 
 396 0.0883 0.0136 0.8981 
 397 0.4271 0.0857 0.4872 
 398 0.0539 0.0153 0.9308 
 399 0.1625 0.0194 0.8182 
 400 0.0744 0.0305 0.8952 
 401 0.2167 0.0341 0.7492 
 402 0.5444 0.0276 0.4280 
 403 0.4285 0.2438 0.3277 
 404 0.3814 0.0465 0.5721 
 405 0.3305 0.0416 0.6278 
 406 0.6450 0.0621 0.2930 
 407 0.0582 0.0149 0.9270 
 408 0.6461 0.0122 0.3418 
 409 0.5912 0.2196 0.1891 
 410 0.0790 0.0510 0.8700 
 411 0.2020 0.1098 0.6883 
 412 0.1377 0.0237 0.8386 
 413 0.4470 0.1035 0.4495 
 414 0.1398 0.0144 0.8458 
 415 0.1084 0.0244 0.8672 
 416 0.1467 0.0372 0.8161 
 417 0.0601 0.0202 0.9197 
 418 0.0721 0.0153 0.9126 
 419 0.6276 0.0838 0.2886 
 420 0.2646 0.0202 0.7152 
 421 0.1020 0.0205 0.8775 
 422 0.5421 0.0227 0.4352 
 423 0.1578 0.0264 0.8158 
 424 0.4963 0.0343 0.4693 
 425 0.3029 0.0510 0.6462 
 426 0.1181 0.0404 0.8415 
 427 0.0827 0.0744 0.8429 
 428 0.5481 0.0747 0.3772 
 429 0.0478 0.0125 0.9397 
 430 0.0975 0.0189 0.8836 
 431 0.3569 0.0322 0.6109 
 432 0.2797 0.0292 0.6912 
 433 0.7350 0.1082 0.1568 
 434 0.2532 0.0760 0.6708 
 435 0.0733 0.0152 0.9115 
 436 0.0541 0.0296 0.9164 
 437 0.0606 0.0166 0.9227 
 438 0.4434 0.0363 0.5203 
 439 0.0564 0.0246 0.9190 
 440 0.0495 0.0118 0.9388 
 441 0.1216 0.0546 0.8239 
 442 0.1050 0.0175 0.8776 
 443 0.1157 0.0147 0.8696 
 444 0.1019 0.0174 0.8806 
 445 0.3220 0.1010 0.5770 
 446 0.0633 0.0178 0.9188 
 447 0.2346 0.0412 0.7242 
 448 0.1093 0.0183 0.8725 
 449 0.1795 0.0326 0.7879 
 450 0.0648 0.0374 0.8978 
 451 0.1430 0.0116 0.8453 
 452 0.0547 0.0286 0.9167 
 453 0.7660 0.0306 0.2035 
 454 0.0841 0.0353 0.8807 
 455 0.1495 0.0175 0.8331 
 456 0.1147 0.0156 0.8698 
 457 0.0622 0.0197 0.9181 
 458 0.0561 0.0230 0.9209 
 459 0.2426 0.0771 0.6804 
 460 0.0604 0.0165 0.9231 
 461 0.0491 0.0166 0.9343 
 462 0.0928 0.0120 0.8952 
 463 0.5545 0.0291 0.4163 
 464 0.0919 0.0153 0.8928 
 465 0.2283 0.0217 0.7499 
 466 0.3779 0.0170 0.6051 
 467 0.1221 0.0335 0.8445 
 468 0.0776 0.0157 0.9067 
 469 0.0540 0.0196 0.9264 
 470 0.0533 0.0159 0.9309 
 471 0.4320 0.0173 0.5507 
 472 0.2005 0.0221 0.7775 
 473 0.1940 0.0328 0.7732 
 474 0.0786 0.0286 0.8927 
 475 0.2874 0.0366 0.6760 
 476 0.0618 0.0209 0.9173 
 477 0.1872 0.0328 0.7800 
 478 0.0727 0.0145 0.9129 
 479 0.0521 0.0148 0.9331 
 480 0.0450 0.0181 0.9369 
 481 0.2414 0.0174 0.7411 
 482 0.0423 0.0145 0.9433 
 483 0.0864 0.0225 0.8911 
 484 0.3105 0.0234 0.6662 
 485 0.0831 0.0166 0.9002 
 486 0.4457 0.0313 0.5229 
 487 0.3076 0.0935 0.5988 
 488 0.5763 0.0388 0.3849 
 489 0.5239 0.1417 0.3344 
 490 0.1867 0.0157 0.7977 
 491 0.7998 0.0543 0.1459 
 492 0.7546 0.0858 0.1596 
 493 0.4574 0.0412 0.5014 
 494 0.6209 0.0493 0.3298 
 495 0.5072 0.0603 0.4325 
 496 0.7409 0.1383 0.1209 
 497 0.5547 0.1037 0.3416 
 498 0.5069 0.0374 0.4557 
 499 0.4263 0.2697 0.3040 
 500 0.2596 0.0396 0.7008 
 501 0.5495 0.0997 0.3508 
 502 0.5546 0.1156 0.3297 
 503 0.1493 0.0215 0.8292 
 504 0.5976 0.0228 0.3796 
 505 0.8056 0.0394 0.1551 
 506 0.4433 0.1025 0.4542 
 507 0.2859 0.6506 0.0635 
 508 0.4848 0.4327 0.0825 
 509 0.7890 0.0813 0.1296 
 510 0.3429 0.2051 0.4520 
 511 0.1724 0.0286 0.7990 
 512 0.0776 0.0158 0.9066 
 513 0.9130 0.0198 0.0672 
 514 0.4330 0.0318 0.5352 
 515 0.2623 0.0873 0.6505 
 516 0.7707 0.0254 0.2039 
 517 0.5466 0.0726 0.3808 
 518 0.2611 0.2729 0.4660 
 519 0.4314 0.0330 0.5357 
 520 0.5287 0.2077 0.2637 
 521 0.5876 0.2469 0.1654 
 522 0.3715 0.0232 0.6052 
 523 0.7710 0.0824 0.1466 
 524 0.2850 0.0428 0.6722 
 525 0.3178 0.2051 0.4771 
 526 0.6086 0.0404 0.3510 
 527 0.1039 0.0283 0.8678 
 528 0.4565 0.4505 0.0930 
 529 0.6570 0.0736 0.2694 
 530 0.2383 0.0569 0.7048 
 531 0.3662 0.3378 0.2960 
 532 0.3269 0.2423 0.4308 
 533 0.3005 0.0412 0.6583 
 534 0.7940 0.0532 0.1529 
 535 0.6986 0.0297 0.2717 
 536 0.7156 0.0732 0.2112 
 537 0.8293 0.0943 0.0765 
 538 0.8190 0.0681 0.1129 
 539 0.2772 0.6518 0.0710 
 540 0.6456 0.1459 0.2085 
 541 0.3932 0.4447 0.1620 
 542 0.7265 0.0294 0.2441 
 543 0.8319 0.0686 0.0995 
 544 0.8208 0.0409 0.1383 
 545 0.7534 0.0191 0.2275 
 546 0.8198 0.0564 0.1238 
 547 0.8626 0.0529 0.0845 
 548 0.8321 0.0837 0.0842 
 549 0.4884 0.3685 0.1431 
 550 0.4849 0.0585 0.4566 
 551 0.3866 0.4968 0.1166 
 552 0.7969 0.0924 0.1107 
 553 0.8644 0.0731 0.0625 
 554 0.4339 0.0919 0.4743 
 555 0.8169 0.1170 0.0661 
 556 0.8543 0.0445 0.1012 
 557 0.6511 0.0460 0.3030 
 558 0.0387 0.0154 0.9459 
 559 0.3983 0.0261 0.5756 
 560 0.0826 0.0110 0.9064 
 561 0.1936 0.0151 0.7914 
 562 0.1443 0.0109 0.8448 
 563 0.5252 0.0870 0.3878 
 564 0.7690 0.0239 0.2071 
 565 0.0561 0.0181 0.9259 
 566 0.0598 0.0113 0.9289 
 567 0.6405 0.0173 0.3422 
 568 0.4732 0.0248 0.5020 
 569 0.4163 0.0243 0.5594 
 570 0.0466 0.0123 0.9412 
 571 0.1486 0.0198 0.8316 
 572 0.6009 0.1332 0.2659 
 573 0.5031 0.0282 0.4687 
 574 0.1368 0.0785 0.7847 
 575 0.5768 0.0431 0.3801 
 576 0.0725 0.0113 0.9162 
 577 0.1318 0.0655 0.8027 
 578 0.2202 0.0204 0.7594 
 579 0.1569 0.0175 0.8256 
 580 0.0887 0.0334 0.8779 
 581 0.0781 0.0236 0.8983 
 582 0.0663 0.0140 0.9197 
 583 0.0963 0.0205 0.8831 
 584 0.0701 0.0142 0.9157 
 585 0.1489 0.0158 0.8353 
 586 0.1571 0.0241 0.8189 
 587 0.1471 0.0130 0.8399 
 588 0.9217 0.0161 0.0622 
 589 0.1300 0.0150 0.8551 
 590 0.1735 0.0178 0.8087 
 591 0.2091 0.0226 0.7683 
 592 0.5559 0.0142 0.4298 
 593 0.3074 0.0335 0.6590 
 594 0.3805 0.0545 0.5649 
 595 0.0990 0.0134 0.8876 
 596 0.5553 0.0300 0.4147 
 597 0.2333 0.1424 0.6243 
 598 0.0413 0.0134 0.9453 
 599 0.2145 0.0124 0.7731 
 600 0.1394 0.0399 0.8206 
 601 0.0981 0.0128 0.8891 
 602 0.5852 0.0651 0.3496 
 603 0.6178 0.0607 0.3215 
 604 0.3875 0.0418 0.5708 
 605 0.3475 0.0237 0.6287 
 606 0.7295 0.0514 0.2190 
 607 0.2395 0.2207 0.5399 
 608 0.1384 0.4227 0.4390 
 609 0.1134 0.0354 0.8512 
 610 0.2443 0.0251 0.7306 
 611 0.5687 0.0570 0.3742 
 612 0.0728 0.0212 0.9060 
 613 0.1640 0.0332 0.8028 
 614 0.0789 0.0179 0.9032 
 615 0.1720 0.0430 0.7850 
 616 0.2653 0.1495 0.5852 
 617 0.1501 0.0209 0.8290 
 618 0.2315 0.1277 0.6408 
 619 0.5790 0.0677 0.3533 
 620 0.5948 0.0115 0.3937 
 621 0.0717 0.0189 0.9093 
 622 0.2663 0.0934 0.6403 
 623 0.3017 0.0208 0.6775 
 624 0.0815 0.1053 0.8131 
 625 0.1430 0.0906 0.7664 
 626 0.3055 0.4412 0.2533 
 627 0.2177 0.0301 0.7522 
 628 0.2580 0.0348 0.7071 
 629 0.2963 0.0359 0.6677 
 630 0.1320 0.0372 0.8308 
 631 0.1164 0.0313 0.8523 
 632 0.7846 0.0822 0.1331 
 633 0.1161 0.0628 0.8211 
 634 0.2719 0.1054 0.6227 
 635 0.3242 0.4375 0.2382 
 636 0.1381 0.1827 0.6792 
 637 0.7561 0.0339 0.2100 
 638 0.3006 0.0542 0.6452 
 639 0.1710 0.0520 0.7770 
 640 0.0994 0.0268 0.8739 
 641 0.2763 0.0387 0.6850 
 642 0.5063 0.3445 0.1493 
 643 0.1197 0.7969 0.0834 
 644 0.2348 0.5703 0.1949 
 645 0.1181 0.6929 0.1890 
 646 0.7585 0.0471 0.1944 
 647 0.7357 0.1352 0.1291 
 648 0.4385 0.2478 0.3137 
 649 0.8535 0.0649 0.0816 
 650 0.7782 0.0635 0.1583 
 651 0.3259 0.4138 0.2603 
 652 0.3080 0.5357 0.1563 
 653 0.5654 0.2330 0.2016 
 654 0.6828 0.2230 0.0942 
 655 0.2384 0.5141 0.2475 
 656 0.7339 0.1086 0.1576 
 657 0.1944 0.1245 0.6810 
 658 0.5401 0.1199 0.3400 
 659 0.3439 0.4565 0.1996 
 660 0.4786 0.4363 0.0852 
 661 0.2637 0.6046 0.1317 
 662 0.8918 0.0395 0.0686 
 663 0.4961 0.3620 0.1419 
 664 0.3508 0.1644 0.4848 
 665 0.8520 0.0483 0.0996 
 666 0.6074 0.2744 0.1182 
 667 0.7006 0.0419 0.2575 
 668 0.3212 0.4126 0.2662 
 669 0.7224 0.1232 0.1543 
 670 0.1243 0.8263 0.0495 
 671 0.3812 0.5412 0.0776 
 672 0.2035 0.6638 0.1328 
 673 0.0435 0.9119 0.0446 
 674 0.1622 0.7495 0.0883 
 675 0.1233 0.8113 0.0655 
 676 0.0497 0.9072 0.0431 
 677 0.2831 0.6720 0.0449 
 678 0.0433 0.9116 0.0452 
 679 0.0704 0.8442 0.0854 
 680 0.0888 0.8406 0.0706 
 681 0.4579 0.2488 0.2933 
 682 0.0776 0.8573 0.0651 
 683 0.1033 0.8496 0.0471 
 684 0.0537 0.9010 0.0453 
 685 0.0499 0.9102 0.0400 
 686 0.3533 0.5731 0.0736 
 687 0.4037 0.5258 0.0705 
 688 0.1136 0.8240 0.0625 
 689 0.0448 0.9145 0.0407 
 690 0.0490 0.9087 0.0423 
 691 0.0999 0.8234 0.0767 
 692 0.0635 0.8681 0.0684 
 693 0.0796 0.8462 0.0742 
 694 0.0481 0.9148 0.0370 
 695 0.0816 0.8660 0.0524 
 696 0.1163 0.8204 0.0633 
 697 0.0561 0.8993 0.0445 
 698 0.0571 0.8991 0.0438 
 699 0.1907 0.7568 0.0525 
 700 0.0862 0.8325 0.0812 
 701 0.0967 0.8107 0.0926 
 702 0.2166 0.6793 0.1040 
 703 0.0987 0.8343 0.0669 
 704 0.1237 0.8176 0.0586 
 705 0.5296 0.3447 0.1257 
 706 0.0854 0.8543 0.0603 
 707 0.0694 0.8848 0.0457 
 708 0.0763 0.8787 0.0450 
 709 0.0849 0.8701 0.0451 
 710 0.0477 0.9138 0.0384 
 711 0.1520 0.7826 0.0655 
 712 0.1747 0.7861 0.0392 
 713 0.1158 0.8266 0.0576 
 714 0.1433 0.7618 0.0949 
 715 0.0843 0.8783 0.0375 
 716 0.0770 0.8672 0.0558 
 717 0.0539 0.9074 0.0387 
 718 0.1949 0.7344 0.0708 
 719 0.0843 0.8766 0.0390 
 720 0.1277 0.0205 0.8518 
 721 0.1181 0.5982 0.2837 
 722 0.1353 0.0412 0.8235 
 723 0.0832 0.0361 0.8808 
 724 0.0887 0.1335 0.7778 
 725 0.4313 0.1519 0.4168 
 726 0.1868 0.0714 0.7417 
 727 0.6589 0.1211 0.2200 
 728 0.0430 0.0123 0.9448 
 729 0.0476 0.0134 0.9389 
 730 0.1002 0.0212 0.8786 
 731 0.0695 0.0312 0.8993 
 732 0.0827 0.0353 0.8820 
 733 0.0523 0.0197 0.9280 
 734 0.0494 0.0126 0.9381 
 735 0.0462 0.0268 0.9270 
 736 0.0725 0.0238 0.9037 
 737 0.1541 0.0266 0.8192 
 738 0.0709 0.0221 0.9069 
 739 0.0476 0.0180 0.9345 
 740 0.0992 0.7887 0.1121 
 741 0.2618 0.5228 0.2154 
 742 0.1241 0.1231 0.7528 
 743 0.2364 0.0595 0.7041 
 744 0.8167 0.0404 0.1428 
 745 0.2788 0.0179 0.7034 
 746 0.4948 0.1174 0.3879 
 747 0.6093 0.0353 0.3554 
 748 0.4820 0.3373 0.1808 
 749 0.7143 0.0716 0.2141 
 750 0.6458 0.0500 0.3042 
 751 0.3351 0.4338 0.2311 
 752 0.5815 0.0420 0.3764 
 753 0.4137 0.1367 0.4496 
 754 0.3579 0.3356 0.3066 
 755 0.5658 0.1020 0.3322 
 756 0.6670 0.1456 0.1874 
 757 0.6750 0.0623 0.2628 
 758 0.5293 0.0190 0.4517 
 759 0.2331 0.4779 0.2890 
 760 0.1441 0.0865 0.7694 
 761 0.1936 0.2197 0.5867 
 762 0.1067 0.0281 0.8652 
 763 0.4183 0.1321 0.4496 
 764 0.5934 0.0492 0.3574 
 765 0.1527 0.0335 0.8138 
 766 0.3118 0.3048 0.3834 
 767 0.5310 0.1408 0.3282 
 768 0.1081 0.0282 0.8636 
 769 0.1716 0.1552 0.6732 
 770 0.1270 0.0234 0.8496 
 771 0.8358 0.0617 0.1026 
 772 0.2846 0.2563 0.4590 
 773 0.3707 0.0669 0.5623 
 774 0.3860 0.3814 0.2327 
 775 0.0846 0.0510 0.8644 
 776 0.4705 0.0310 0.4986 
 777 0.6402 0.0527 0.3071 
 778 0.7797 0.0631 0.1571 
 779 0.3912 0.1139 0.4949 
 780 0.4560 0.3212 0.2228 
 781 0.8391 0.0743 0.0866 
 782 0.3957 0.1186 0.4857 
 783 0.2673 0.2212 0.5116 
 784 0.2059 0.0421 0.7520 
 785 0.4180 0.1045 0.4775 
 786 0.2366 0.4525 0.3109 
 787 0.7550 0.1594 0.0856 
 788 0.2004 0.0595 0.7401 
 789 0.1525 0.0479 0.7997 
 790 0.4048 0.2041 0.3911 
 791 0.5000 0.0890 0.4110 
 792 0.4792 0.3767 0.1440 
 793 0.6348 0.1947 0.1706 
 794 0.5383 0.0788 0.3829 
 795 0.3926 0.4113 0.1962 
 796 0.5907 0.1027 0.3066 
 797 0.3856 0.4938 0.1206 
 798 0.1361 0.0154 0.8485 
 799 0.3024 0.0394 0.6582 
 800 0.7049 0.2245 0.0706 
 801 0.1726 0.0316 0.7958 
 802 0.2952 0.1846 0.5201 
 803 0.6489 0.1883 0.1628 
 804 0.7442 0.0488 0.2070 
 805 0.1216 0.8071 0.0713 
 806 0.5574 0.0715 0.3711 
 807 0.2633 0.6507 0.0861 
 808 0.6733 0.2287 0.0980 
 809 0.7416 0.0359 0.2224 
 810 0.3265 0.1049 0.5686 
 811 0.6705 0.2239 0.1056 
 812 0.8761 0.0175 0.1064 
 813 0.1308 0.0196 0.8495 
 814 0.8520 0.0209 0.1271 
 815 0.5805 0.1933 0.2261 
 816 0.2782 0.3019 0.4198 
 817 0.2950 0.1864 0.5187 
 818 0.4142 0.0468 0.5390 
 819 0.8218 0.0536 0.1246 
 820 0.6969 0.0764 0.2267 
 821 0.1318 0.0592 0.8089 
 822 0.1888 0.0138 0.7973 
 823 0.1624 0.1996 0.6381 
 824 0.3585 0.0948 0.5467 
 825 0.2290 0.0251 0.7459 
 826 0.3935 0.0227 0.5837 
 827 0.0807 0.0286 0.8907 
 828 0.1014 0.0518 0.8468 
 829 0.1885 0.0520 0.7595 
 830 0.0654 0.0190 0.9156 
 831 0.3085 0.0783 0.6132 
 832 0.4924 0.0774 0.4302 
 833 0.2760 0.1284 0.5956 
 834 0.2997 0.0704 0.6300 
 835 0.4830 0.0196 0.4974 
 836 0.6764 0.0392 0.2844 
 837 0.2658 0.1610 0.5733 
 838 0.7367 0.0184 0.2449 
 839 0.1416 0.0364 0.8220 
 840 0.8105 0.0562 0.1334 
 841 0.7900 0.0406 0.1693 
 842 0.2320 0.0154 0.7526 
 843 0.7636 0.1243 0.1120 
 844 0.5914 0.0757 0.3329 
 845 0.2866 0.0236 0.6898 
 846 0.6138 0.0533 0.3329 
 847 0.6674 0.0962 0.2364 
 848 0.7614 0.0410 0.1976 
 849 0.2442 0.0354 0.7204 
 850 0.1083 0.0305 0.8611 
 851 0.4616 0.0267 0.5116 
 852 0.1175 0.5267 0.3558 
 853 0.2940 0.0287 0.6773 
 854 0.1829 0.1732 0.6439 
 855 0.4713 0.0463 0.4824 
 856 0.4883 0.0708 0.4409 
 857 0.7319 0.0317 0.2365 
 858 0.3581 0.0236 0.6184 
 859 0.0814 0.0233 0.8954 
 860 0.4112 0.0254 0.5634 
 861 0.6077 0.2549 0.1374 
 862 0.0557 0.0217 0.9225 
 863 0.0866 0.0538 0.8596 
 864 0.0464 0.0421 0.9115 
 865 0.0534 0.0123 0.9344 
 866 0.0934 0.0197 0.8869 
 867 0.0760 0.0314 0.8926 
 868 0.1020 0.0224 0.8756 
 869 0.0796 0.0212 0.8992 
 870 0.1853 0.0134 0.8014 
 871 0.0768 0.0148 0.9083 
 872 0.0497 0.0210 0.9293 
 873 0.0554 0.0297 0.9149 
 874 0.0594 0.0148 0.9258 
 875 0.2098 0.0234 0.7668 
 876 0.2017 0.0184 0.7798 
 877 0.0449 0.0244 0.9308 
 878 0.1563 0.0302 0.8135 
 879 0.0536 0.0320 0.9144 
 880 0.1643 0.0175 0.8182 
 881 0.0685 0.0306 0.9008 
 882 0.0466 0.0264 0.9270 
 883 0.3566 0.0303 0.6131 
 884 0.0485 0.0120 0.9395 
 885 0.1667 0.0394 0.7939 
 886 0.0740 0.0385 0.8875 
 887 0.0516 0.0141 0.9344 
 888 0.2524 0.0556 0.6921 
 889 0.0498 0.0122 0.9379 
 890 0.0713 0.0125 0.9161 
 891 0.3971 0.0203 0.5825 
 892 0.4989 0.0248 0.4762 
 893 0.7005 0.0277 0.2719 
 894 0.0852 0.0137 0.9011 
 895 0.0615 0.0153 0.9232 
 896 0.7024 0.0351 0.2625 
 897 0.5394 0.0233 0.4373 
 898 0.2174 0.0428 0.7398 
 899 0.0926 0.0114 0.8960 
 900 0.3754 0.0181 0.6065 
 901 0.2522 0.0208 0.7271 
 902 0.7740 0.0229 0.2031 
 903 0.0874 0.0188 0.8938 
 904 0.2469 0.0401 0.7129 
 905 0.0551 0.0134 0.9315 
 906 0.2932 0.0249 0.6819 
 907 0.1421 0.0322 0.8257 
 908 0.1103 0.0258 0.8639 
 909 0.2977 0.0275 0.6748 
 910 0.5954 0.0250 0.3796 
 911 0.0572 0.0125 0.9303 
 912 0.0854 0.0142 0.9005 
 913 0.1050 0.0132 0.8818 
 914 0.2724 0.1048 0.6228 
 915 0.0813 0.0111 0.9077 
 916 0.2661 0.0181 0.7158 
 917 0.2601 0.0162 0.7237 
 918 0.1932 0.0709 0.7359 
 919 0.0856 0.0343 0.8801 
 920 0.1302 0.0291 0.8407 
 921 0.7419 0.1204 0.1377 
 922 0.8130 0.0226 0.1644 
 923 0.8741 0.0311 0.0948 
 924 0.8622 0.0198 0.1180 
 925 0.8288 0.0318 0.1394 
 926 0.9153 0.0317 0.0530 
 927 0.8654 0.0525 0.0820 
 928 0.8626 0.0812 0.0562 
 929 0.9177 0.0185 0.0638 
 930 0.8500 0.0336 0.1164 
 931 0.7077 0.1142 0.1781 
 932 0.9092 0.0175 0.0732 
 933 0.7196 0.2098 0.0706 
 934 0.9122 0.0136 0.0741 
 935 0.8720 0.0246 0.1034 
 936 0.9139 0.0165 0.0696 
 937 0.8950 0.0358 0.0692 
 938 0.8861 0.0657 0.0482 
 939 0.8451 0.0852 0.0697 
 940 0.8663 0.0449 0.0888 
 941 0.8304 0.0193 0.1503 
 942 0.7819 0.1032 0.1150 
 943 0.8186 0.1173 0.0641 
 944 0.8839 0.0484 0.0677 
 945 0.8703 0.0313 0.0985 
 946 0.8986 0.0246 0.0768 
 947 0.8803 0.0673 0.0525 
 948 0.8050 0.0149 0.1801 
 949 0.7392 0.0149 0.2459 
 950 0.9149 0.0356 0.0495 
 951 0.8700 0.0483 0.0818 
 952 0.9050 0.0218 0.0733 
 953 0.8020 0.0252 0.1728 
 954 0.8217 0.0254 0.1529 
 955 0.1587 0.7831 0.0582 
 956 0.3020 0.6378 0.0602 
 957 0.6304 0.2127 0.1569 
 958 0.6124 0.0420 0.3457 
 959 0.7707 0.0947 0.1346 
 960 0.2610 0.0709 0.6681 
 961 0.0492 0.9116 0.0392 
 962 0.9110 0.0245 0.0645 
 963 0.6145 0.0441 0.3414 
 964 0.2069 0.0911 0.7020 
 965 0.7429 0.1357 0.1214 
 966 0.7537 0.0909 0.1554 
 967 0.1036 0.8312 0.0653 
 968 0.8788 0.0340 0.0872 
 969 0.1989 0.2619 0.5392 
 970 0.2105 0.7047 0.0848 
 971 0.8640 0.0443 0.0917 
 972 0.5936 0.1383 0.2681 
 973 0.7996 0.1241 0.0763 
 974 0.5424 0.0619 0.3957 
 975 0.1955 0.2629 0.5415 
 976 0.8651 0.0452 0.0897 
 977 0.3936 0.2844 0.3220 
 978 0.8155 0.0844 0.1001 
 979 0.7325 0.0341 0.2334 
 980 0.7532 0.1318 0.1150 
 981 0.6976 0.1038 0.1986 
 982 0.2613 0.0281 0.7106 
 983 0.3311 0.0320 0.6369 
 984 0.1063 0.7156 0.1781 
 985 0.7688 0.0750 0.1562 
 986 0.4343 0.0542 0.5116 
 987 0.5739 0.0187 0.4073 
 988 0.0570 0.0139 0.9291 
 989 0.4360 0.3939 0.1701 
 990 0.2034 0.0653 0.7313 
 991 0.6276 0.0642 0.3082 
 992 0.8569 0.0156 0.1275 
 993 0.2412 0.0355 0.7233 
 994 0.8195 0.0747 0.1058 
 995 0.1377 0.8152 0.0470 
 996 0.1160 0.0286 0.8554 
 997 0.8522 0.0371 0.1107 
 998 0.5159 0.0272 0.4569 
 999 0.6913 0.0915 0.2172 
1000 0.5257 0.0212 0.4531 
1001 0.1360 0.0342 0.8298 
1002 0.1223 0.0140 0.8638 
1003 0.7737 0.0373 0.1890 
1004 0.7577 0.0368 0.2056 
1005 0.6137 0.0209 0.3654 
1006 0.8182 0.0481 0.1336 
1007 0.7730 0.1059 0.1211 
1008 0.7832 0.1305 0.0863 
1009 0.7435 0.0585 0.1981 
1010 0.7752 0.0627 0.1621 
1011 0.6825 0.1798 0.1377 
1012 0.8503 0.0239 0.1258 
1013 0.8004 0.0384 0.1612 
1014 0.5018 0.0233 0.4749 
1015 0.8546 0.0216 0.1238 
1016 0.3896 0.0230 0.5874 
1017 0.8179 0.0578 0.1243 
1018 0.7880 0.0618 0.1502 
1019 0.4071 0.0875 0.5054 
1020 0.2668 0.6695 0.0636 
1021 0.7260 0.1999 0.0741 
1022 0.7166 0.0720 0.2114 
1023 0.1481 0.0306 0.8213 
1024 0.2274 0.0222 0.7504 
1025 0.6757 0.0505 0.2738 
1026 0.1374 0.1934 0.6691 
1027 0.4350 0.0956 0.4694 
1028 0.0880 0.1034 0.8086 
1029 0.3421 0.1338 0.5241 
1030 0.3749 0.4039 0.2212 
1031 0.2460 0.2432 0.5109 
1032 0.3533 0.2848 0.3620 
1033 0.1458 0.3135 0.5406 
1034 0.4264 0.1229 0.4508 
1035 0.1002 0.7645 0.1353 
1036 0.4407 0.2820 0.2773 
1037 0.4237 0.3854 0.1909 
1038 0.1558 0.5375 0.3067 
1039 0.5530 0.2319 0.2151 
1040 0.1661 0.1495 0.6844 
1041 0.1467 0.2125 0.6409 
1042 0.2372 0.4708 0.2920 
1043 0.1375 0.2606 0.6020 
1044 0.3319 0.1079 0.5602 
1045 0.0849 0.2014 0.7137 
1046 0.3972 0.3310 0.2718 
1047 0.1589 0.7098 0.1313 
1048 0.1880 0.0529 0.7591 
1049 0.4104 0.0404 0.5492 
1050 0.0641 0.0125 0.9234 
1051 0.1235 0.0141 0.8624 
1052 0.1299 0.0209 0.8491 
1053 0.0914 0.0261 0.8825 
1054 0.1289 0.0252 0.8459 
1055 0.4632 0.0199 0.5169 
1056 0.2063 0.0210 0.7727 
1057 0.1010 0.0152 0.8839 
1058 0.1076 0.0158 0.8767 
1059 0.0853 0.0352 0.8795 
1060 0.2913 0.0683 0.6404 
1061 0.6568 0.0160 0.3272 
1062 0.0920 0.0184 0.8896 
1063 0.8677 0.0292 0.1031 
1064 0.1892 0.0215 0.7893 
1065 0.5369 0.0310 0.4321 
1066 0.6333 0.0439 0.3227 
1067 0.0938 0.0161 0.8901 
1068 0.2144 0.2515 0.5340 
1069 0.0802 0.0138 0.9060 
1070 0.2121 0.0181 0.7697 
1071 0.2913 0.0699 0.6388 
1072 0.4595 0.0336 0.5069 
1073 0.0966 0.0223 0.8811 
1074 0.1878 0.0597 0.7525 
1075 0.3515 0.0414 0.6070 
1076 0.1825 0.0452 0.7723 
1077 0.0539 0.0148 0.9313 
1078 0.4959 0.0252 0.4788 
1079 0.1223 0.0214 0.8563 
1080 0.5814 0.0924 0.3262 
1081 0.0557 0.0144 0.9299 
1082 0.4822 0.0463 0.4715 
1083 0.4867 0.0393 0.4740 
1084 0.6218 0.0558 0.3225 
1085 0.1194 0.0108 0.8698 
1086 0.7055 0.0159 0.2786 
1087 0.1270 0.0108 0.8622 
1088 0.2133 0.0129 0.7738 
1089 0.0751 0.0132 0.9117 
1090 0.1036 0.0172 0.8791 
1091 0.1428 0.0254 0.8318 
1092 0.0766 0.0165 0.9069 
1093 0.4135 0.0508 0.5357 
1094 0.1135 0.0453 0.8412 
1095 0.0567 0.0141 0.9292 
1096 0.1088 0.0504 0.8408 
1097 0.0797 0.0117 0.9086 
1098 0.8348 0.0137 0.1515 
1099 0.8594 0.0316 0.1090 
1100 0.1286 0.0144 0.8570 
1101 0.1554 0.0130 0.8316 
1102 0.1176 0.0168 0.8656 
1103 0.2091 0.0329 0.7581 
1104 0.3174 0.0184 0.6642 
1105 0.2530 0.0210 0.7260 
1106 0.1875 0.0732 0.7393 
1107 0.0635 0.0278 0.9087 
1108 0.0477 0.0196 0.9327 
1109 0.1023 0.0181 0.8796 
1110 0.6880 0.2116 0.1003 
1111 0.7906 0.1422 0.0672 
1112 0.1021 0.7798 0.1180 
1113 0.6856 0.1399 0.1745 
1114 0.2260 0.2453 0.5287 
1115 0.7566 0.1416 0.1019 
1116 0.1616 0.7534 0.0851 
1117 0.3944 0.0891 0.5165 
1118 0.1124 0.8166 0.0711 
1119 0.4969 0.1308 0.3723 
1120 0.7176 0.1863 0.0961 
1121 0.1468 0.5628 0.2903 
1122 0.2709 0.3209 0.4082 
1123 0.3580 0.1299 0.5121 
1124 0.1021 0.8256 0.0723 
1125 0.4426 0.3580 0.1994 
1126 0.2527 0.4424 0.3049 
1127 0.4402 0.3812 0.1786 
1128 0.6257 0.3040 0.0703 
1129 0.4699 0.1119 0.4182 
1130 0.6843 0.0949 0.2208 
1131 0.1296 0.1071 0.7633 
1132 0.5241 0.3203 0.1556 
1133 0.1225 0.7406 0.1369 
1134 0.2357 0.7039 0.0603 
1135 0.3164 0.0547 0.6289 
1136 0.1781 0.0662 0.7557 
1137 0.4896 0.4041 0.1063 
1138 0.5700 0.1772 0.2528 
1139 0.1880 0.7477 0.0643 
1140 0.2641 0.2908 0.4451 
1141 0.1999 0.2400 0.5601 
1142 0.1089 0.0969 0.7943 
1143 0.3946 0.3186 0.2869 
1144 0.6786 0.1786 0.1428 
1145 0.3925 0.1182 0.4893 
1146 0.0820 0.5277 0.3903 
1147 0.4718 0.0582 0.4700 
1148 0.0496 0.0369 0.9135 
1149 0.4394 0.3603 0.2003 
1150 0.6347 0.1464 0.2189 
1151 0.0682 0.8091 0.1227 
1152 0.2816 0.1582 0.5603 
1153 0.2986 0.0816 0.6198 
1154 0.3309 0.2950 0.3741 
1155 0.4384 0.2684 0.2932 
1156 0.5618 0.3118 0.1264 
1157 0.1440 0.4346 0.4215 
1158 0.2098 0.5991 0.1911 
1159 0.1778 0.0184 0.8039 
1160 0.4284 0.0168 0.5548 
1161 0.7863 0.0256 0.1881 
1162 0.7265 0.0524 0.2211 
1163 0.4826 0.2927 0.2247 
1164 0.5824 0.0783 0.3393 
1165 0.3746 0.0222 0.6031 
1166 0.7926 0.0815 0.1259 
1167 0.1753 0.0158 0.8089 
1168 0.2840 0.0287 0.6873 
1169 0.4499 0.0411 0.5090 
1170 0.0941 0.0227 0.8832 
1171 0.2258 0.0618 0.7125 
1172 0.1475 0.0243 0.8282 
1173 0.3239 0.0319 0.6443 
1174 0.2860 0.0173 0.6967 
1175 0.3565 0.0278 0.6157 
1176 0.4511 0.0722 0.4767 
1177 0.0474 0.0160 0.9366 
1178 0.3521 0.0278 0.6201 
1179 0.0603 0.0156 0.9241 
1180 0.1716 0.0159 0.8125 
1181 0.6356 0.0230 0.3413 
1182 0.6973 0.0211 0.2817 
1183 0.1229 0.1588 0.7183 
1184 0.0709 0.0150 0.9142 
1185 0.1778 0.0234 0.7988 
1186 0.2328 0.0920 0.6753 
1187 0.1065 0.0722 0.8214 
1188 0.0935 0.0231 0.8834 
1189 0.7789 0.0292 0.1919 
1190 0.1308 0.0146 0.8546 
1191 0.1840 0.1815 0.6344 
1192 0.8040 0.0155 0.1805 
1193 0.3549 0.0943 0.5507 
1194 0.0494 0.0150 0.9356 
1195 0.3861 0.0140 0.5999 
1196 0.7227 0.0147 0.2626 
1197 0.1176 0.0123 0.8700 
1198 0.4732 0.0157 0.5111 
1199 0.5114 0.0187 0.4699 
1200 0.1141 0.0128 0.8732 
1201 0.6368 0.1159 0.2473 
1202 0.3172 0.1058 0.5769 
1203 0.7090 0.0138 0.2772 
1204 0.5854 0.0257 0.3889 
1205 0.2273 0.0229 0.7498 
1206 0.2737 0.4612 0.2652 
1207 0.3709 0.0639 0.5653 
1208 0.6757 0.2566 0.0677 
1209 0.7636 0.0991 0.1373 
1210 0.7319 0.0555 0.2126 
1211 0.4095 0.3057 0.2849 
1212 0.2295 0.1929 0.5777 
1213 0.6111 0.1426 0.2463 
1214 0.2120 0.2876 0.5004 
1215 0.7795 0.0450 0.1756 
1216 0.7737 0.0487 0.1776 
1217 0.3195 0.1384 0.5421 
1218 0.1585 0.0391 0.8024 
1219 0.2506 0.1851 0.5643 
1220 0.1630 0.0391 0.7979 
1221 0.7584 0.0578 0.1837 
1222 0.4791 0.1928 0.3281 
1223 0.1528 0.0483 0.7989 
1224 0.8940 0.0191 0.0869 
1225 0.3232 0.0451 0.6317 
1226 0.2662 0.0637 0.6701 
1227 0.7704 0.0455 0.1841 
1228 0.6237 0.1578 0.2186 
1229 0.8968 0.0249 0.0784 
1230 0.4370 0.4318 0.1313 
1231 0.7600 0.0892 0.1508 
1232 0.9076 0.0177 0.0746 
1233 0.8515 0.0246 0.1239 
1234 0.8771 0.0393 0.0836 
1235 0.8727 0.0433 0.0839 
1236 0.9105 0.0396 0.0499 
1237 0.9245 0.0222 0.0534 
1238 0.8428 0.0965 0.0607 
1239 0.8910 0.0303 0.0787 
1240 0.8866 0.0462 0.0672 
1241 0.9152 0.0281 0.0568 
1242 0.7104 0.1998 0.0898 
1243 0.8454 0.0395 0.1151 
1244 0.8878 0.0647 0.0475 
1245 0.6971 0.2292 0.0737 
1246 0.8255 0.0649 0.1096 
1247 0.7966 0.1577 0.0457 
1248 0.6408 0.2547 0.1045 
1249 0.3332 0.0645 0.6023 
1250 0.8767 0.0294 0.0939 
1251 0.8856 0.0372 0.0772 
1252 0.8992 0.0180 0.0828 
1253 0.8353 0.0743 0.0904 
1254 0.8940 0.0167 0.0893 
1255 0.8680 0.0810 0.0510 
1256 0.7396 0.1876 0.0728 
1257 0.8402 0.0612 0.0986 
1258 0.8884 0.0159 0.0957 
1259 0.8499 0.0169 0.1332 
1260 0.9182 0.0317 0.0501 
1261 0.8069 0.1290 0.0641 
1262 0.8835 0.0348 0.0818 
1263 0.8881 0.0194 0.0925 
1264 0.8626 0.0467 0.0907 
1265 0.9018 0.0469 0.0513 
1266 0.7577 0.0670 0.1753 
1267 0.7577 0.1225 0.1198 
1268 0.0639 0.0154 0.9207 
1269 0.0446 0.0177 0.9376 
1270 0.2669 0.0871 0.6461 
1271 0.0998 0.0262 0.8740 
1272 0.2281 0.0314 0.7406 
1273 0.1487 0.0428 0.8085 
1274 0.1357 0.0617 0.8027 
1275 0.0925 0.0232 0.8843 
1276 0.0655 0.0231 0.9113 
1277 0.0521 0.0147 0.9332 
1278 0.2161 0.1566 0.6273 
1279 0.1022 0.0797 0.8181 
1280 0.3328 0.0685 0.5987 
1281 0.1247 0.0219 0.8534 
1282 0.0677 0.0105 0.9217 
1283 0.1045 0.0352 0.8604 
1284 0.3256 0.0907 0.5837 
1285 0.2334 0.0365 0.7300 
1286 0.1240 0.0487 0.8273 
1287 0.1238 0.1237 0.7525 
1288 0.1857 0.0493 0.7650 
1289 0.0848 0.0180 0.8971 
1290 0.1815 0.1276 0.6909 
1291 0.4784 0.0750 0.4465 
1292 0.1533 0.0415 0.8052 
1293 0.0696 0.0226 0.9078 
1294 0.2266 0.0345 0.7388 
1295 0.0650 0.0149 0.9201 
1296 0.0608 0.0256 0.9136 
1297 0.2396 0.0572 0.7033 
1298 0.0641 0.0181 0.9178 
1299 0.0863 0.0216 0.8921 
1300 0.2000 0.4441 0.3559 
1301 0.0869 0.0222 0.8909 
1302 0.0933 0.0555 0.8512 
1303 0.1118 0.0340 0.8542 
1304 0.0910 0.0379 0.8711 
1305 0.1260 0.1498 0.7242 
1306 0.0897 0.0217 0.8886 
1307 0.1258 0.0325 0.8417 
1308 0.4194 0.0774 0.5032 
1309 0.1035 0.0197 0.8768 
1310 0.1078 0.0221 0.8701 
1311 0.0774 0.0137 0.9088 
1312 0.2890 0.0464 0.6645 
1313 0.1367 0.0307 0.8327 
1314 0.1158 0.0222 0.8620 
1315 0.2077 0.2791 0.5133 
1316 0.5835 0.0149 0.4016 
1317 0.7590 0.0706 0.1704 
1318 0.4894 0.0434 0.4672 
1319 0.3441 0.5947 0.0612 
1320 0.5746 0.0567 0.3687 
1321 0.1689 0.0161 0.8150 
1322 0.6123 0.0224 0.3653 
1323 0.6308 0.0152 0.3541 
1324 0.2803 0.0595 0.6602 
1325 0.3113 0.0112 0.6775 
1326 0.1815 0.0133 0.8052 
1327 0.8688 0.0223 0.1089 
1328 0.5069 0.0201 0.4730 
1329 0.6242 0.0212 0.3546 
1330 0.7436 0.0164 0.2400 
1331 0.4160 0.0187 0.5653 
1332 0.7660 0.0537 0.1803 
1333 0.4055 0.0295 0.5650 
1334 0.1834 0.0158 0.8008 
1335 0.3177 0.1026 0.5798 
1336 0.1980 0.6948 0.1072 
1337 0.3055 0.5265 0.1681 
1338 0.2828 0.0440 0.6732 
1339 0.5291 0.0215 0.4494 
1340 0.5448 0.0412 0.4140 
1341 0.4406 0.0473 0.5121 
1342 0.8475 0.0303 0.1222 
1343 0.7531 0.0258 0.2211 
1344 0.5423 0.2639 0.1938 
1345 0.2695 0.0177 0.7128 
1346 0.4022 0.0230 0.5749 
1347 0.8490 0.0527 0.0983 
1348 0.4179 0.0523 0.5298 
1349 0.3233 0.5878 0.0889 
1350 0.8794 0.0431 0.0775 
1351 0.5458 0.0209 0.4334 
1352 0.2101 0.0335 0.7564 
1353 0.6410 0.0166 0.3424 
1354 0.7876 0.0203 0.1921 
1355 0.3376 0.0113 0.6511 
1356 0.6239 0.0312 0.3449 
1357 0.8462 0.0278 0.1261 
1358 0.8689 0.0190 0.1120 
1359 0.6255 0.0470 0.3275 
1360 0.2785 0.2811 0.4404 
1361 0.4512 0.1530 0.3958 
1362 0.6947 0.0532 0.2521 
1363 0.5132 0.1758 0.3110 
1364 0.5933 0.1196 0.2870 
1365 0.2869 0.0519 0.6612 
1366 0.7185 0.0517 0.2298 
1367 0.8528 0.0722 0.0749 
1368 0.7740 0.1442 0.0818 
1369 0.3649 0.0361 0.5990 
1370 0.9145 0.0260 0.0595 
1371 0.1997 0.0386 0.7617 
1372 0.7915 0.1485 0.0599 
1373 0.3385 0.4930 0.1685 
1374 0.8515 0.0306 0.1179 
1375 0.4139 0.3175 0.2687 
1376 0.8389 0.0595 0.1016 
1377 0.7287 0.0493 0.2220 
1378 0.4439 0.2798 0.2763 
1379 0.3223 0.6241 0.0537 
1380 0.4609 0.0336 0.5055 
1381 0.4489 0.0371 0.5140 
1382 0.7841 0.1307 0.0852 
1383 0.0889 0.0206 0.8905 
1384 0.2053 0.0386 0.7562 
1385 0.7962 0.1450 0.0588 
1386 0.7568 0.0291 0.2141 
1387 0.5905 0.2404 0.1692 
1388 0.4559 0.0555 0.4886 
1389 0.8039 0.0345 0.1616 
1390 0.8658 0.0306 0.1036 
1391 0.8692 0.0290 0.1018 
1392 0.5697 0.0616 0.3687 
1393 0.6193 0.2005 0.1802 
1394 0.8625 0.0415 0.0960 
1395 0.2104 0.0308 0.7588 
1396 0.1310 0.0221 0.8469 
1397 0.5912 0.2112 0.1977 
1398 0.7675 0.0765 0.1560 
1399 0.7982 0.0302 0.1716 
1400 0.3600 0.0404 0.5996 
1401 0.0737 0.0194 0.9069 
1402 0.8006 0.1145 0.0849 
1403 0.7521 0.1147 0.1332 
1404 0.8186 0.0713 0.1101 
1405 0.0769 0.0313 0.8918 
1406 0.7539 0.0706 0.1755 
1407 0.1437 0.0327 0.8236 
1408 0.3337 0.0416 0.6247 
1409 0.6946 0.0768 0.2286 
1410 0.2869 0.0394 0.6737 
1411 0.7122 0.0255 0.2623 
1412 0.2367 0.0399 0.7234 
1413 0.8209 0.0937 0.0855 
1414 0.6099 0.0488 0.3413 
1415 0.3129 0.1163 0.5707 
1416 0.6514 0.2293 0.1193 
1417 0.2931 0.0399 0.6669 
1418 0.7346 0.1234 0.1420 
1419 0.8407 0.0609 0.0984 
1420 0.3942 0.0921 0.5137 
1421 0.8423 0.1013 0.0564 
1422 0.8886 0.0510 0.0604 
1423 0.5001 0.0379 0.4621 
1424 0.6112 0.0223 0.3665 
1425 0.6709 0.1047 0.2244 
1426 0.5841 0.0732 0.3427 
1427 0.4307 0.0211 0.5481 
1428 0.8404 0.0528 0.1068 
1429 0.7606 0.1557 0.0838 
1430 0.5324 0.2266 0.2410 
1431 0.8974 0.0237 0.0789 
1432 0.7038 0.0585 0.2378 
1433 0.6761 0.2645 0.0595 
1434 0.8452 0.0886 0.0662 
1435 0.5398 0.3646 0.0956 
1436 0.7213 0.1386 0.1401 
1437 0.6442 0.0829 0.2729 
1438 0.2824 0.0153 0.7023 
1439 0.6560 0.1995 0.1445 
1440 0.8109 0.1135 0.0756 
1441 0.3562 0.5871 0.0567 
1442 0.8924 0.0393 0.0683 
1443 0.7849 0.1344 0.0807 
1444 0.5166 0.0687 0.4147 
1445 0.8720 0.0582 0.0698 
1446 0.8378 0.0880 0.0743 
1447 0.5209 0.1697 0.3094 
1448 0.8786 0.0346 0.0868 
1449 0.7349 0.0210 0.2441 
1450 0.5156 0.1005 0.3839 
1451 0.5998 0.3387 0.0615 
1452 0.6482 0.0418 0.3100 
1453 0.6182 0.1918 0.1901 
1454 0.3420 0.0342 0.6238 
1455 0.4632 0.0348 0.5021 
1456 0.3942 0.0905 0.5153 
1457 0.4739 0.0289 0.4972 
1458 0.6712 0.0396 0.2892 
1459 0.8452 0.0970 0.0578 
1460 0.1935 0.0605 0.7460 
1461 0.0863 0.0181 0.8955 
1462 0.7896 0.0291 0.1813 
1463 0.1407 0.7470 0.1122 
1464 0.0523 0.0203 0.9274 
1465 0.0613 0.0223 0.9164 
1466 0.5784 0.0261 0.3955 
1467 0.0832 0.0322 0.8845 
1468 0.1041 0.0261 0.8698 
1469 0.3940 0.0456 0.5604 
1470 0.7554 0.1130 0.1316 
1471 0.2040 0.0753 0.7207 
1472 0.2531 0.0213 0.7255 
1473 0.2213 0.1068 0.6719 
1474 0.7480 0.0254 0.2265 
1475 0.1566 0.0433 0.8001 
1476 0.0466 0.0145 0.9389 
1477 0.4092 0.5093 0.0815 
1478 0.4252 0.2738 0.3010 
1479 0.1635 0.0371 0.7994 
1480 0.6402 0.0230 0.3368 
1481 0.0832 0.0216 0.8951 
