   1 0.0233 0.0115 0.0638 0.1104 0.2670 0.1615 0.3625 
   2 0.0094 0.0101 0.0441 0.1171 0.0728 0.6208 0.1258 
   3 0.0259 0.0066 0.1884 0.1353 0.2065 0.1505 0.2868 
   4 0.0236 0.0093 0.0599 0.1353 0.0901 0.1392 0.5426 
   5 0.0103 0.0114 0.0689 0.1424 0.0837 0.5526 0.1308 
   6 0.0098 0.0069 0.3441 0.1529 0.1558 0.1886 0.1418 
   7 0.0089 0.0084 0.0675 0.4837 0.1658 0.1353 0.1305 
   8 0.0167 0.0097 0.1713 0.1741 0.1222 0.1267 0.3792 
   9 0.0139 0.0166 0.1323 0.1146 0.1629 0.3354 0.2243 
  10 0.0086 0.0111 0.1260 0.2269 0.1641 0.1750 0.2884 
  11 0.0085 0.0132 0.0464 0.2976 0.3496 0.1584 0.1263 
  12 0.0115 0.0086 0.0931 0.1425 0.0775 0.4832 0.1836 
  13 0.0148 0.0123 0.1134 0.2303 0.1230 0.2984 0.2079 
  14 0.0421 0.0076 0.0637 0.1148 0.1585 0.3640 0.2492 
  15 0.0174 0.0082 0.0600 0.1825 0.1441 0.2410 0.3470 
  16 0.0152 0.0143 0.0810 0.1529 0.3798 0.1731 0.1837 
  17 0.0224 0.0122 0.2757 0.1455 0.0949 0.2634 0.1857 
  18 0.0181 0.0096 0.1214 0.0872 0.2196 0.3292 0.2150 
  19 0.0088 0.0084 0.2519 0.1896 0.1291 0.2401 0.1722 
  20 0.0154 0.0097 0.0715 0.2471 0.1553 0.3013 0.1996 
  21 0.0189 0.0084 0.0412 0.0927 0.1724 0.3151 0.3513 
  22 0.0147 0.0091 0.3308 0.1046 0.1420 0.1902 0.2085 
  23 0.0618 0.0305 0.0645 0.1259 0.1165 0.2248 0.3760 
  24 0.0140 0.0120 0.0536 0.1069 0.2617 0.1983 0.3536 
  25 0.0144 0.0085 0.1717 0.3222 0.1351 0.2421 0.1059 
  26 0.0130 0.0087 0.1269 0.1161 0.1489 0.3079 0.2785 
  27 0.0240 0.0134 0.1044 0.1448 0.1945 0.2899 0.2290 
  28 0.0131 0.0102 0.0479 0.1788 0.1830 0.1482 0.4189 
  29 0.0127 0.0144 0.0457 0.2159 0.1300 0.4074 0.1740 
  30 0.0170 0.0114 0.1807 0.0879 0.2637 0.2552 0.1842 
  31 0.0202 0.0146 0.1126 0.1605 0.1232 0.3219 0.2471 
  32 0.0168 0.0071 0.1646 0.1684 0.1050 0.2196 0.3185 
  33 0.0174 0.0108 0.0727 0.1526 0.2846 0.1717 0.2900 
  34 0.0134 0.0231 0.1348 0.3915 0.1370 0.1209 0.1793 
  35 0.0338 0.0256 0.1631 0.0913 0.1219 0.4094 0.1549 
  36 0.0595 0.0099 0.0292 0.0822 0.4337 0.2193 0.1662 
  37 0.0183 0.0088 0.0741 0.1400 0.0934 0.3355 0.3299 
  38 0.0204 0.0227 0.0313 0.1304 0.5138 0.1746 0.1068 
  39 0.0255 0.0232 0.0515 0.1355 0.3390 0.2673 0.1580 
  40 0.1251 0.0137 0.0551 0.0850 0.1631 0.2572 0.3008 
  41 0.1829 0.0441 0.0497 0.1235 0.2968 0.1580 0.1450 
  42 0.0610 0.0238 0.0234 0.0781 0.2610 0.1344 0.4183 
  43 0.1569 0.0188 0.0532 0.1553 0.0786 0.3012 0.2359 
  44 0.2174 0.0169 0.1229 0.1035 0.1000 0.3059 0.1335 
  45 0.0343 0.0208 0.0264 0.0851 0.3033 0.4109 0.1192 
  46 0.0288 0.0107 0.2036 0.1402 0.1539 0.3230 0.1398 
  47 0.0249 0.0209 0.2465 0.1150 0.1006 0.2954 0.1968 
  48 0.1845 0.0233 0.1329 0.0760 0.0899 0.3456 0.1479 
  49 0.0324 0.0411 0.0644 0.0908 0.2429 0.3423 0.1860 
  50 0.0207 0.0160 0.1728 0.2482 0.1611 0.2208 0.1605 
  51 0.3446 0.0157 0.0229 0.0751 0.2269 0.1891 0.1258 
  52 0.0323 0.0262 0.0570 0.1379 0.3568 0.1931 0.1968 
  53 0.0228 0.0157 0.0599 0.1163 0.4755 0.1356 0.1741 
  54 0.0292 0.0172 0.0717 0.1046 0.0659 0.5002 0.2112 
  55 0.0637 0.0130 0.0487 0.1050 0.0734 0.5247 0.1714 
  56 0.0359 0.0239 0.0979 0.0743 0.1937 0.3671 0.2071 
  57 0.0114 0.0161 0.1901 0.1720 0.1145 0.1687 0.3273 
  58 0.0362 0.0209 0.0296 0.0931 0.2032 0.4247 0.1923 
  59 0.0308 0.0478 0.0351 0.0997 0.3190 0.2953 0.1724 
  60 0.0816 0.0101 0.0302 0.0939 0.2031 0.2667 0.3146 
  61 0.0799 0.0122 0.0232 0.0798 0.0684 0.4808 0.2557 
  62 0.0145 0.0554 0.0990 0.1065 0.1630 0.3883 0.1734 
  63 0.0349 0.0115 0.0321 0.1806 0.1742 0.3008 0.2658 
  64 0.0108 0.0162 0.1200 0.1038 0.3169 0.3076 0.1246 
  65 0.0136 0.0124 0.0569 0.3689 0.1050 0.3406 0.1026 
  66 0.0170 0.0111 0.0308 0.1625 0.0986 0.3554 0.3246 
  67 0.0804 0.0133 0.0459 0.1166 0.0684 0.5352 0.1402 
  68 0.0386 0.0403 0.0316 0.0932 0.3254 0.2728 0.1980 
  69 0.0647 0.0823 0.0509 0.1336 0.3353 0.1350 0.1982 
  70 0.0977 0.0119 0.0262 0.1651 0.2743 0.1601 0.2647 
  71 0.0548 0.0415 0.0306 0.1067 0.2959 0.3671 0.1034 
  72 0.0359 0.0083 0.0728 0.0977 0.4163 0.2344 0.1345 
  73 0.0405 0.0413 0.0270 0.1087 0.1119 0.5499 0.1207 
  74 0.0377 0.0095 0.0319 0.0739 0.3896 0.1969 0.2605 
  75 0.0354 0.0133 0.0274 0.0625 0.2620 0.2285 0.3709 
  76 0.0602 0.0089 0.0428 0.2502 0.1114 0.3528 0.1737 
  77 0.0757 0.0422 0.0266 0.1386 0.3316 0.2446 0.1406 
  78 0.0741 0.0470 0.0290 0.1231 0.4144 0.1704 0.1420 
  79 0.0090 0.0094 0.0478 0.3563 0.1890 0.2413 0.1472 
  80 0.0107 0.0086 0.0329 0.1586 0.0938 0.1556 0.5398 
  81 0.0086 0.0072 0.0336 0.2165 0.1205 0.1669 0.4467 
  82 0.0205 0.0174 0.0349 0.1632 0.1074 0.4101 0.2465 
  83 0.0172 0.0067 0.0378 0.2318 0.1809 0.1650 0.3606 
  84 0.0102 0.0075 0.0337 0.2775 0.1763 0.1657 0.3291 
  85 0.0156 0.0071 0.0513 0.1542 0.2170 0.1737 0.3811 
  86 0.0204 0.0135 0.0645 0.1385 0.0954 0.5292 0.1384 
  87 0.0175 0.0086 0.0340 0.4306 0.1632 0.1876 0.1585 
  88 0.0100 0.0081 0.0306 0.2041 0.1190 0.2442 0.3840 
  89 0.0098 0.0074 0.0295 0.1608 0.1120 0.2382 0.4423 
  90 0.0098 0.0085 0.0297 0.4069 0.1232 0.2497 0.1722 
  91 0.0170 0.0063 0.0357 0.1302 0.1628 0.1324 0.5156 
  92 0.0099 0.0090 0.0409 0.2367 0.1527 0.3266 0.2242 
  93 0.0101 0.0081 0.0273 0.0793 0.0842 0.1206 0.6704 
  94 0.0184 0.0078 0.0272 0.4378 0.2644 0.1044 0.1400 
  95 0.0099 0.0077 0.0242 0.3579 0.1020 0.1983 0.3000 
  96 0.0810 0.0135 0.0231 0.0868 0.0735 0.3620 0.3601 
  97 0.0236 0.0110 0.0295 0.0648 0.2758 0.3076 0.2878 
  98 0.0526 0.0178 0.0398 0.1063 0.1487 0.4024 0.2323 
  99 0.0095 0.0074 0.0306 0.3089 0.1435 0.1989 0.3012 
 100 0.0121 0.0088 0.0283 0.0749 0.0607 0.2497 0.5655 
 101 0.0250 0.0095 0.0365 0.3005 0.1500 0.2414 0.2369 
 102 0.0429 0.0183 0.0322 0.1876 0.1391 0.1568 0.4232 
 103 0.0161 0.0114 0.0308 0.2318 0.0804 0.3722 0.2573 
 104 0.0123 0.0084 0.0314 0.4861 0.0861 0.2106 0.1651 
 105 0.0156 0.0255 0.0293 0.3282 0.0759 0.2934 0.2322 
 106 0.0132 0.0080 0.0385 0.4203 0.2319 0.2032 0.0849 
 107 0.0190 0.0136 0.0365 0.3503 0.0831 0.2644 0.2330 
 108 0.1168 0.0070 0.0427 0.1084 0.1646 0.4356 0.1249 
 109 0.0157 0.1476 0.0370 0.2278 0.2114 0.2720 0.0885 
 110 0.0111 0.0112 0.0355 0.4630 0.2493 0.1341 0.0959 
 111 0.0135 0.0203 0.0305 0.5366 0.0756 0.2019 0.1215 
 112 0.0210 0.2356 0.0246 0.3668 0.1385 0.1179 0.0957 
 113 0.0172 0.0111 0.0451 0.1319 0.1479 0.4658 0.1811 
 114 0.0108 0.0173 0.0269 0.4492 0.0887 0.2118 0.1953 
 115 0.0741 0.0192 0.0464 0.4017 0.0879 0.2175 0.1533 
 116 0.0292 0.0146 0.0354 0.2250 0.2952 0.3079 0.0926 
 117 0.0253 0.0399 0.0382 0.3980 0.2321 0.1400 0.1265 
 118 0.0119 0.0184 0.0335 0.1737 0.0771 0.5706 0.1149 
 119 0.1636 0.0086 0.0254 0.1524 0.1135 0.1959 0.3407 
 120 0.0305 0.0305 0.0366 0.3876 0.1023 0.2457 0.1668 
 121 0.1388 0.0554 0.0449 0.3336 0.1202 0.1940 0.1131 
 122 0.0121 0.0173 0.0322 0.3671 0.2212 0.2372 0.1129 
 123 0.0190 0.0129 0.0310 0.4356 0.1410 0.2035 0.1571 
 124 0.0354 0.0323 0.0744 0.2206 0.2488 0.2729 0.1157 
 125 0.0338 0.0372 0.0544 0.1730 0.4312 0.1409 0.1294 
 126 0.0302 0.0084 0.0244 0.2592 0.2667 0.2375 0.1735 
 127 0.0141 0.0137 0.0283 0.5524 0.0649 0.1971 0.1294 
 128 0.0123 0.0152 0.0319 0.1275 0.0731 0.6255 0.1146 
 129 0.0148 0.0124 0.0328 0.3404 0.0739 0.4210 0.1047 
 130 0.0114 0.0279 0.0333 0.4191 0.0936 0.2085 0.2061 
 131 0.0460 0.0373 0.0432 0.2607 0.3513 0.1663 0.0952 
 132 0.0139 0.0112 0.0327 0.3447 0.1680 0.3368 0.0927 
 133 0.0254 0.0138 0.0364 0.3909 0.0940 0.2827 0.1568 
 134 0.0106 0.0172 0.0283 0.5395 0.1803 0.1492 0.0749 
 135 0.0302 0.0212 0.0241 0.0644 0.0937 0.2656 0.5008 
 136 0.0106 0.0102 0.0557 0.0709 0.0775 0.1184 0.6567 
 137 0.0107 0.0269 0.0303 0.1006 0.0753 0.0938 0.6624 
 138 0.0131 0.0070 0.0284 0.0582 0.0856 0.1045 0.7032 
 139 0.0159 0.0098 0.0321 0.0686 0.0925 0.4357 0.3452 
 140 0.0180 0.0098 0.0266 0.0895 0.1602 0.2307 0.4652 
 141 0.0121 0.0111 0.0581 0.0745 0.1222 0.1513 0.5707 
 142 0.0348 0.0196 0.0233 0.0639 0.0855 0.2983 0.4747 
 143 0.0106 0.0066 0.0259 0.0568 0.0608 0.0967 0.7426 
 144 0.0116 0.0257 0.0275 0.0971 0.0691 0.0987 0.6703 
 145 0.0160 0.0138 0.0649 0.0755 0.1256 0.1919 0.5123 
 146 0.0138 0.0093 0.0410 0.1163 0.1467 0.1758 0.4973 
 147 0.0100 0.0069 0.0305 0.0588 0.0657 0.0869 0.7412 
 148 0.0239 0.0166 0.0499 0.1154 0.0876 0.1996 0.5071 
 149 0.0173 0.0107 0.0275 0.0587 0.1073 0.1570 0.6215 
 150 0.0129 0.0300 0.0333 0.1437 0.0883 0.1514 0.5405 
 151 0.0112 0.0078 0.0264 0.0754 0.0771 0.1340 0.6681 
 152 0.0598 0.0141 0.0691 0.1089 0.1037 0.1651 0.4792 
 153 0.0174 0.0080 0.0262 0.0723 0.1264 0.1184 0.6314 
 154 0.0180 0.0104 0.0543 0.0704 0.0780 0.1572 0.6116 
 155 0.0103 0.0068 0.0272 0.0768 0.0669 0.1166 0.6954 
 156 0.0320 0.0122 0.0217 0.0789 0.0692 0.1785 0.6075 
 157 0.0099 0.0071 0.0237 0.1572 0.1039 0.0976 0.6007 
 158 0.0135 0.0138 0.0602 0.0723 0.1376 0.1496 0.5531 
 159 0.0084 0.0082 0.0290 0.0597 0.0651 0.1003 0.7294 
 160 0.0084 0.0086 0.0298 0.0601 0.0660 0.1165 0.7106 
 161 0.0130 0.0093 0.0277 0.0790 0.1482 0.1434 0.5795 
 162 0.0148 0.0094 0.0466 0.1162 0.1334 0.2325 0.4470 
 163 0.0142 0.0068 0.0236 0.0697 0.0689 0.1082 0.7086 
 164 0.0119 0.0081 0.0366 0.1042 0.1064 0.2439 0.4889 
 165 0.0121 0.0302 0.0283 0.1290 0.0854 0.1312 0.5838 
 166 0.0300 0.0071 0.0307 0.1533 0.1343 0.1419 0.5026 
 167 0.0138 0.0085 0.1077 0.1067 0.0743 0.1212 0.5678 
 168 0.0225 0.0073 0.0328 0.0723 0.1527 0.1177 0.5946 
 169 0.0136 0.0151 0.0614 0.0678 0.3024 0.1379 0.4017 
 170 0.0251 0.0091 0.0254 0.0754 0.0780 0.1885 0.5985 
 171 0.0227 0.0075 0.0479 0.0986 0.1310 0.1825 0.5097 
 172 0.0234 0.0128 0.0255 0.0555 0.2480 0.1597 0.4752 
 173 0.0093 0.0076 0.0293 0.0611 0.0616 0.1418 0.6892 
 174 0.0086 0.0069 0.0287 0.0792 0.0818 0.1159 0.6789 
 175 0.0175 0.0083 0.0597 0.0682 0.0678 0.0999 0.6786 
 176 0.0117 0.0254 0.0278 0.0963 0.0697 0.0983 0.6709 
 177 0.0119 0.0083 0.0262 0.1443 0.1824 0.1193 0.5075 
 178 0.0097 0.0076 0.0649 0.0999 0.0918 0.1287 0.5975 
 179 0.0094 0.0063 0.0303 0.0615 0.0619 0.1050 0.7256 
 180 0.0176 0.0107 0.0481 0.0895 0.1201 0.1574 0.5566 
 181 0.0154 0.0111 0.0304 0.0631 0.1042 0.2098 0.5660 
 182 0.0138 0.0089 0.0258 0.0592 0.0626 0.1839 0.6458 
 183 0.0110 0.0069 0.0323 0.0613 0.0640 0.1183 0.7062 
 184 0.0103 0.0084 0.0843 0.1122 0.0684 0.5871 0.1295 
 185 0.0476 0.0110 0.0244 0.0546 0.0563 0.1356 0.6705 
 186 0.0113 0.0074 0.0576 0.1717 0.0743 0.5492 0.1286 
 187 0.0123 0.0066 0.0495 0.0928 0.0670 0.4039 0.3680 
 188 0.0110 0.0078 0.0549 0.1276 0.0610 0.6379 0.0998 
 189 0.0204 0.0067 0.0804 0.1036 0.2096 0.2080 0.3714 
 190 0.0730 0.0121 0.0207 0.0568 0.0525 0.4045 0.3805 
 191 0.0101 0.0096 0.0359 0.0831 0.0653 0.5988 0.1972 
 192 0.0097 0.0074 0.0446 0.1317 0.0805 0.3677 0.3584 
 193 0.0141 0.0115 0.0469 0.0975 0.0974 0.4153 0.3173 
 194 0.0197 0.0073 0.0369 0.1152 0.0874 0.3650 0.3685 
 195 0.0227 0.0073 0.0271 0.0572 0.0569 0.3766 0.4523 
 196 0.0266 0.0112 0.0262 0.0802 0.0650 0.4812 0.3096 
 197 0.0142 0.0083 0.1164 0.1501 0.0811 0.3802 0.2497 
 198 0.0172 0.0077 0.0488 0.1377 0.1717 0.3430 0.2739 
 199 0.0291 0.0109 0.0286 0.0814 0.0815 0.4804 0.2881 
 200 0.0322 0.0161 0.0407 0.0991 0.1006 0.4296 0.2818 
 201 0.0142 0.0067 0.0357 0.0681 0.0574 0.2911 0.5268 
 202 0.0239 0.0091 0.0264 0.0808 0.0581 0.2289 0.5727 
 203 0.0110 0.0097 0.0288 0.0670 0.0526 0.3390 0.4920 
 204 0.0182 0.0081 0.0241 0.0613 0.0559 0.5534 0.2790 
 205 0.0184 0.0075 0.0317 0.0784 0.0797 0.5583 0.2261 
 206 0.0142 0.0074 0.0351 0.0630 0.0543 0.5663 0.2598 
 207 0.0164 0.0106 0.0264 0.0805 0.0546 0.6453 0.1663 
 208 0.0151 0.0079 0.0275 0.0688 0.0579 0.4562 0.3666 
 209 0.0136 0.0109 0.0381 0.0889 0.0704 0.5271 0.2511 
 210 0.0130 0.0077 0.0281 0.0764 0.0601 0.5303 0.2844 
 211 0.0310 0.0210 0.0311 0.1071 0.0526 0.4440 0.3132 
 212 0.0221 0.0085 0.0410 0.0698 0.0789 0.2076 0.5720 
 213 0.0336 0.0107 0.0223 0.1126 0.1260 0.4400 0.2548 
 214 0.0133 0.0095 0.0325 0.0697 0.0574 0.2627 0.5549 
 215 0.0146 0.0095 0.0297 0.0845 0.0654 0.6223 0.1740 
 216 0.0116 0.0085 0.1011 0.1242 0.0796 0.5022 0.1728 
 217 0.0162 0.0078 0.0409 0.0673 0.0664 0.3180 0.4833 
 218 0.0109 0.0080 0.0302 0.0933 0.0759 0.5364 0.2453 
 219 0.0125 0.0069 0.1334 0.1079 0.0893 0.3132 0.3368 
 220 0.0112 0.0081 0.0273 0.0711 0.0556 0.6294 0.1973 
 221 0.0314 0.0096 0.0232 0.0554 0.0571 0.1538 0.6694 
 222 0.0126 0.0068 0.1622 0.1219 0.0825 0.3791 0.2349 
 223 0.0132 0.0067 0.0598 0.0962 0.0860 0.2960 0.4421 
 224 0.0120 0.0079 0.0361 0.0687 0.0551 0.3936 0.4266 
 225 0.0195 0.0077 0.0301 0.0747 0.0685 0.5151 0.2843 
 226 0.0138 0.0097 0.0609 0.0939 0.1762 0.3820 0.2634 
 227 0.0336 0.0086 0.0283 0.0829 0.0568 0.4198 0.3699 
 228 0.0593 0.0115 0.0257 0.0545 0.0553 0.3718 0.4218 
 229 0.0097 0.0077 0.0384 0.0795 0.0562 0.3777 0.4309 
 230 0.0096 0.0090 0.0304 0.0741 0.0544 0.4581 0.3644 
 231 0.0105 0.0091 0.0538 0.0784 0.0676 0.4031 0.3775 
 232 0.0174 0.0097 0.0259 0.0938 0.1423 0.3376 0.3732 
 233 0.0110 0.0081 0.0330 0.0703 0.0562 0.2368 0.5847 
 234 0.0104 0.0082 0.0582 0.1242 0.0985 0.3984 0.3020 
 235 0.0165 0.0078 0.0473 0.0836 0.0931 0.3604 0.3915 
 236 0.0107 0.0086 0.0441 0.0859 0.0713 0.3269 0.4526 
 237 0.0167 0.0111 0.0287 0.0773 0.0647 0.6171 0.1845 
 238 0.0134 0.0084 0.0334 0.0921 0.0699 0.2539 0.5289 
 239 0.0224 0.0076 0.0271 0.0572 0.0568 0.3750 0.4539 
 240 0.0133 0.0084 0.0339 0.0914 0.0696 0.2551 0.5284 
 241 0.0165 0.0086 0.0288 0.0674 0.0716 0.2584 0.5488 
 242 0.0182 0.0079 0.0553 0.0959 0.1167 0.3971 0.3089 
 243 0.0295 0.0132 0.0238 0.0639 0.0515 0.4952 0.3229 
 244 0.0109 0.0092 0.0302 0.0665 0.0543 0.3876 0.4412 
 245 0.0163 0.0068 0.0245 0.0723 0.0694 0.1653 0.6455 
 246 0.0165 0.0077 0.0395 0.0677 0.0670 0.3183 0.4833 
 247 0.0167 0.0086 0.0295 0.1970 0.1409 0.4864 0.1209 
 248 0.0130 0.0084 0.0309 0.0904 0.0636 0.6690 0.1247 
 249 0.0125 0.0096 0.0326 0.0796 0.0572 0.3548 0.4537 
 250 0.0097 0.0081 0.0425 0.0969 0.0686 0.4030 0.3712 
 251 0.0173 0.0126 0.0595 0.1343 0.1496 0.4057 0.2210 
 252 0.0193 0.0066 0.0401 0.0805 0.0730 0.4116 0.3689 
 253 0.0180 0.0079 0.0367 0.1292 0.1220 0.4951 0.1910 
 254 0.0133 0.0071 0.1217 0.1046 0.0659 0.4441 0.2433 
 255 0.0132 0.0087 0.0525 0.0997 0.0767 0.4289 0.3203 
 256 0.0163 0.0093 0.0341 0.0746 0.0691 0.3871 0.4094 
 257 0.0155 0.0113 0.0376 0.1050 0.0739 0.4628 0.2939 
 258 0.0297 0.0100 0.0327 0.1110 0.0971 0.4881 0.2313 
 259 0.0117 0.0083 0.0385 0.0873 0.0650 0.5149 0.2744 
 260 0.0108 0.0071 0.1420 0.1212 0.0694 0.2508 0.3987 
 261 0.0236 0.0064 0.0376 0.0713 0.0757 0.3210 0.4645 
 262 0.0304 0.0086 0.0251 0.0564 0.0645 0.3316 0.4834 
 263 0.0123 0.0088 0.0566 0.0855 0.0528 0.6251 0.1588 
 264 0.0118 0.0085 0.2562 0.1046 0.1090 0.4070 0.1029 
 265 0.0127 0.0066 0.0512 0.0846 0.0848 0.4490 0.3111 
 266 0.0213 0.0084 0.0236 0.0553 0.0574 0.1819 0.6521 
 267 0.0148 0.0107 0.0508 0.1040 0.0693 0.4256 0.3249 
 268 0.0272 0.0113 0.0259 0.0802 0.0655 0.4801 0.3097 
 269 0.0130 0.0070 0.1021 0.1145 0.1390 0.2903 0.3339 
 270 0.0115 0.0086 0.0685 0.1310 0.0753 0.5313 0.1737 
 271 0.0167 0.0100 0.0341 0.0957 0.0806 0.5490 0.2139 
 272 0.0209 0.0131 0.0446 0.0969 0.1490 0.4531 0.2224 
 273 0.0261 0.0250 0.0668 0.1327 0.1322 0.2990 0.3181 
 274 0.0117 0.0080 0.0474 0.0959 0.1033 0.4882 0.2455 
 275 0.0174 0.0131 0.0772 0.0896 0.0939 0.4305 0.2783 
 276 0.0220 0.0146 0.0407 0.1016 0.1361 0.4987 0.1864 
 277 0.0127 0.0067 0.0636 0.0932 0.0895 0.3451 0.3892 
 278 0.0176 0.0097 0.0289 0.0777 0.0673 0.5919 0.2068 
 279 0.0122 0.0079 0.0444 0.0907 0.0853 0.4460 0.3135 
 280 0.0153 0.0075 0.0545 0.0769 0.1250 0.4557 0.2652 
 281 0.0127 0.0079 0.0321 0.1082 0.0961 0.4927 0.2503 
 282 0.0105 0.0066 0.0593 0.0922 0.0760 0.2398 0.5155 
 283 0.0123 0.0077 0.0380 0.0883 0.0563 0.2394 0.5580 
 284 0.0147 0.0111 0.0394 0.1242 0.0835 0.3565 0.3707 
 285 0.0180 0.0110 0.0279 0.0810 0.0877 0.6781 0.0964 
 286 0.0104 0.0095 0.0300 0.0665 0.0545 0.3892 0.4398 
 287 0.0118 0.0067 0.0484 0.1169 0.1280 0.3754 0.3128 
 288 0.0135 0.0095 0.0492 0.0890 0.1238 0.5036 0.2114 
 289 0.0415 0.0138 0.0545 0.1310 0.0860 0.4872 0.1860 
 290 0.0271 0.0229 0.0785 0.0729 0.1279 0.4249 0.2458 
 291 0.0174 0.0099 0.0343 0.0955 0.0802 0.5498 0.2129 
 292 0.0276 0.0074 0.0426 0.0680 0.1388 0.3833 0.3323 
 293 0.0295 0.0208 0.0882 0.0879 0.1822 0.4316 0.1598 
 294 0.0165 0.0084 0.0523 0.0853 0.0598 0.6305 0.1472 
 295 0.0232 0.0164 0.0462 0.1093 0.1356 0.4377 0.2316 
 296 0.0145 0.0095 0.0253 0.0913 0.0675 0.5828 0.2091 
 297 0.0128 0.0077 0.0588 0.0845 0.1189 0.5184 0.1989 
 298 0.0097 0.0068 0.0592 0.1082 0.0728 0.3095 0.4337 
 299 0.0111 0.0074 0.0902 0.0952 0.0551 0.5624 0.1786 
 300 0.0134 0.0093 0.0273 0.0654 0.0759 0.6750 0.1338 
 301 0.0107 0.0090 0.1082 0.1102 0.0784 0.5085 0.1750 
 302 0.0246 0.0116 0.0494 0.0853 0.0621 0.6059 0.1611 
 303 0.0134 0.0091 0.0372 0.0679 0.0857 0.3701 0.4167 
 304 0.0095 0.0090 0.1146 0.1633 0.0821 0.1884 0.4331 
 305 0.0181 0.0089 0.0277 0.0597 0.0681 0.4505 0.3670 
 306 0.0151 0.0078 0.0495 0.0770 0.0838 0.2833 0.4835 
 307 0.0118 0.0086 0.0488 0.0965 0.0856 0.3901 0.3585 
 308 0.0232 0.0064 0.0381 0.0703 0.0766 0.3184 0.4669 
 309 0.0395 0.0339 0.0465 0.1108 0.0668 0.5131 0.1894 
 310 0.0187 0.0092 0.0288 0.0643 0.0557 0.4269 0.3964 
 311 0.0097 0.0086 0.0299 0.0737 0.0546 0.4585 0.3649 
 312 0.0152 0.0088 0.0242 0.0832 0.0555 0.6148 0.1984 
 313 0.0317 0.0087 0.0243 0.0718 0.0595 0.6698 0.1342 
 314 0.0181 0.0096 0.0262 0.0548 0.0676 0.0976 0.7261 
 315 0.0285 0.0066 0.0319 0.0729 0.0983 0.0907 0.6712 
 316 0.0231 0.0086 0.0433 0.0829 0.1168 0.0906 0.6348 
 317 0.0114 0.0089 0.0281 0.0581 0.0675 0.0880 0.7379 
 318 0.0087 0.0079 0.0308 0.0601 0.0706 0.0808 0.7411 
 319 0.0107 0.0070 0.0272 0.0565 0.0605 0.1002 0.7379 
 320 0.0183 0.0090 0.0262 0.0552 0.0668 0.0981 0.7264 
 321 0.0102 0.0090 0.0307 0.0605 0.0734 0.0847 0.7315 
 322 0.0381 0.0097 0.0377 0.0795 0.1073 0.1025 0.6252 
 323 0.0091 0.0066 0.0414 0.0594 0.0625 0.0856 0.7353 
 324 0.0103 0.0093 0.0307 0.0606 0.0736 0.0856 0.7299 
 325 0.0173 0.0083 0.0377 0.0782 0.1158 0.0832 0.6594 
 326 0.0266 0.0150 0.0476 0.0824 0.1186 0.0834 0.6264 
 327 0.0113 0.0090 0.0282 0.0579 0.0674 0.0871 0.7391 
 328 0.0202 0.0073 0.0333 0.0775 0.1060 0.0981 0.6575 
 329 0.0086 0.0061 0.0287 0.0587 0.0640 0.0794 0.7545 
 330 0.0110 0.0092 0.0276 0.0583 0.0677 0.0887 0.7376 
 331 0.0083 0.0062 0.0277 0.0583 0.0641 0.0870 0.7484 
 332 0.0185 0.0100 0.0661 0.0800 0.1145 0.0811 0.6297 
 333 0.0257 0.0099 0.0430 0.0797 0.1050 0.0939 0.6428 
 334 0.0211 0.0074 0.0339 0.0785 0.1040 0.0978 0.6573 
 335 0.0231 0.0072 0.0311 0.0753 0.0946 0.0923 0.6764 
 336 0.0148 0.0095 0.0469 0.0580 0.0715 0.0865 0.7127 
 337 0.0222 0.0097 0.0368 0.0786 0.1192 0.0884 0.6451 
 338 0.0088 0.0087 0.0335 0.0610 0.0728 0.0808 0.7344 
 339 0.0087 0.0063 0.0284 0.0583 0.0639 0.0872 0.7471 
 340 0.0089 0.0061 0.0252 0.0563 0.0600 0.0923 0.7512 
 341 0.0117 0.0098 0.0383 0.0602 0.0669 0.0937 0.7194 
 342 0.0111 0.0092 0.0276 0.0578 0.0665 0.0874 0.7404 
 343 0.0460 0.0078 0.0477 0.0731 0.0971 0.0939 0.6344 
 344 0.0085 0.0062 0.0290 0.0586 0.0643 0.0805 0.7530 
 345 0.0112 0.0087 0.0282 0.0573 0.0670 0.0884 0.7392 
 346 0.0091 0.0079 0.0278 0.0579 0.0657 0.0835 0.7480 
 347 0.0089 0.0063 0.0263 0.0561 0.0593 0.0833 0.7597 
 348 0.0462 0.0071 0.0288 0.0697 0.0919 0.1019 0.6543 
 349 0.0110 0.0088 0.0277 0.0581 0.0667 0.0889 0.7387 
 350 0.0126 0.0061 0.0273 0.0560 0.0636 0.1006 0.7338 
 351 0.0239 0.0074 0.0313 0.0741 0.0945 0.0917 0.6772 
 352 0.0256 0.0095 0.0334 0.0759 0.1066 0.0917 0.6573 
 353 0.0151 0.0096 0.0461 0.0576 0.0710 0.0869 0.7137 
 354 0.0090 0.0077 0.0311 0.0604 0.0657 0.0839 0.7422 
 355 0.0087 0.0079 0.0303 0.0601 0.0713 0.0806 0.7411 
 356 0.0457 0.0070 0.0292 0.0685 0.0925 0.1008 0.6562 
 357 0.0156 0.0074 0.0645 0.1214 0.2099 0.1107 0.4706 
 358 0.0164 0.0068 0.0389 0.0795 0.1046 0.0828 0.6710 
 359 0.0086 0.0066 0.0301 0.0591 0.0661 0.0883 0.7412 
 360 0.0095 0.0078 0.0274 0.0576 0.0647 0.0832 0.7499 
 361 0.0215 0.0089 0.0630 0.1209 0.2193 0.1239 0.4426 
 362 0.0147 0.0100 0.0354 0.1858 0.3003 0.2986 0.1551 
 363 0.0227 0.0134 0.0816 0.2864 0.2423 0.2390 0.1146 
 364 0.0171 0.0149 0.2443 0.1450 0.0959 0.1817 0.3011 
 365 0.0142 0.0270 0.0986 0.1363 0.3718 0.2232 0.1290 
 366 0.0793 0.0166 0.1323 0.0985 0.1787 0.2782 0.2164 
 367 0.0107 0.0089 0.0311 0.4860 0.2513 0.1236 0.0884 
 368 0.0092 0.0088 0.0465 0.2424 0.1395 0.4072 0.1464 
 369 0.0715 0.0265 0.1024 0.1372 0.1084 0.2126 0.3414 
 370 0.0169 0.0185 0.0705 0.3030 0.1090 0.3217 0.1606 
 371 0.0216 0.0193 0.1760 0.1621 0.0999 0.3209 0.2002 
 372 0.0239 0.0442 0.0536 0.1811 0.1002 0.4225 0.1745 
 373 0.0131 0.0125 0.0540 0.3452 0.1483 0.2005 0.2263 
 374 0.0198 0.0266 0.0592 0.1642 0.2281 0.1821 0.3201 
 375 0.0116 0.0152 0.1572 0.3270 0.1507 0.2320 0.1064 
 376 0.0120 0.0120 0.2658 0.1456 0.3638 0.1003 0.1004 
 377 0.0171 0.0129 0.0541 0.1537 0.2477 0.3678 0.1467 
 378 0.0143 0.0124 0.0250 0.4097 0.1148 0.1460 0.2777 
 379 0.0178 0.0189 0.3329 0.1562 0.2693 0.1148 0.0902 
 380 0.0292 0.0142 0.0910 0.0787 0.3694 0.1702 0.2473 
 381 0.0433 0.0125 0.2623 0.0671 0.2416 0.1460 0.2273 
 382 0.0092 0.0083 0.1099 0.4426 0.1592 0.1478 0.1230 
 383 0.0156 0.0139 0.2032 0.0839 0.3209 0.1517 0.2108 
 384 0.0165 0.0245 0.3171 0.1748 0.1416 0.1467 0.1789 
 385 0.0094 0.2179 0.0923 0.1467 0.1182 0.1518 0.2637 
 386 0.0122 0.0087 0.0424 0.3032 0.3434 0.1739 0.1162 
 387 0.0132 0.0095 0.0629 0.2768 0.3262 0.1749 0.1365 
 388 0.0124 0.0354 0.1008 0.1766 0.1869 0.1916 0.2963 
 389 0.0357 0.0503 0.0584 0.1290 0.0735 0.5272 0.1259 
 390 0.0620 0.0259 0.0490 0.2280 0.3706 0.1569 0.1075 
 391 0.0336 0.0705 0.0604 0.2292 0.1437 0.2819 0.1806 
 392 0.0127 0.0076 0.0823 0.1373 0.3506 0.1950 0.2144 
 393 0.0414 0.0114 0.0601 0.0776 0.5232 0.1048 0.1815 
 394 0.0146 0.0070 0.0334 0.2376 0.2378 0.1482 0.3214 
 395 0.0209 0.0077 0.0293 0.1386 0.3009 0.3718 0.1308 
 396 0.0090 0.0085 0.0867 0.3643 0.1683 0.2699 0.0934 
 397 0.0138 0.0073 0.2934 0.0863 0.0683 0.2957 0.2351 
 398 0.0116 0.0083 0.0755 0.1961 0.4974 0.1164 0.0946 
 399 0.0192 0.0163 0.0311 0.4378 0.1845 0.1843 0.1267 
 400 0.0134 0.0114 0.0748 0.3795 0.2169 0.1328 0.1711 
 401 0.0253 0.0123 0.0235 0.2988 0.2492 0.2149 0.1760 
 402 0.0522 0.0117 0.0745 0.2392 0.1581 0.2885 0.1760 
 403 0.0138 0.0255 0.0529 0.1309 0.1496 0.1945 0.4329 
 404 0.0100 0.0186 0.1188 0.1200 0.2086 0.3186 0.2053 
 405 0.0187 0.0080 0.0561 0.1471 0.2994 0.2873 0.1835 
 406 0.0845 0.0084 0.0374 0.0837 0.3566 0.1727 0.2566 
 407 0.0095 0.0075 0.0515 0.1338 0.5551 0.1507 0.0920 
 408 0.0302 0.0080 0.0226 0.3244 0.1256 0.3977 0.0914 
 409 0.0564 0.0230 0.0315 0.0862 0.3075 0.1235 0.3721 
 410 0.0284 0.0170 0.1390 0.2019 0.2737 0.1708 0.1692 
 411 0.0500 0.0097 0.2076 0.1755 0.1942 0.1458 0.2170 
 412 0.0098 0.0087 0.0488 0.3423 0.1648 0.2902 0.1354 
 413 0.0110 0.0076 0.0325 0.3055 0.1736 0.2081 0.2617 
 414 0.0094 0.0132 0.0665 0.4258 0.1155 0.2760 0.0936 
 415 0.0272 0.0106 0.0832 0.1450 0.4151 0.1894 0.1296 
 416 0.0262 0.0306 0.0459 0.1988 0.2880 0.2116 0.1988 
 417 0.0179 0.0079 0.0398 0.1735 0.5041 0.1529 0.1039 
 418 0.0083 0.0077 0.0610 0.4638 0.1548 0.1975 0.1068 
 419 0.0173 0.0318 0.0466 0.1444 0.2604 0.2072 0.2923 
 420 0.0522 0.0118 0.0237 0.2785 0.2796 0.2290 0.1253 
 421 0.0145 0.0086 0.0315 0.1823 0.3816 0.2708 0.1107 
 422 0.0166 0.0084 0.0294 0.0849 0.3266 0.4072 0.1268 
 423 0.0184 0.0084 0.1276 0.1794 0.2674 0.2412 0.1575 
 424 0.0960 0.0236 0.0402 0.3300 0.1974 0.1446 0.1682 
 425 0.0124 0.0438 0.1571 0.1895 0.1541 0.2555 0.1876 
 426 0.0196 0.0347 0.1036 0.3361 0.1744 0.1420 0.1896 
 427 0.0111 0.0077 0.0282 0.1864 0.4775 0.0910 0.1981 
 428 0.0232 0.0094 0.0355 0.0905 0.3760 0.1937 0.2717 
 429 0.0100 0.0076 0.0708 0.2893 0.4085 0.1260 0.0877 
 430 0.0132 0.0082 0.0396 0.1253 0.5548 0.1573 0.1015 
 431 0.0121 0.0156 0.0614 0.3609 0.1121 0.2534 0.1845 
 432 0.0105 0.0085 0.0409 0.2688 0.1670 0.3460 0.1582 
 433 0.0150 0.0079 0.0542 0.1463 0.0917 0.2853 0.3995 
 434 0.0168 0.0128 0.0849 0.1428 0.1981 0.3158 0.2288 
 435 0.0138 0.0065 0.0302 0.1513 0.5911 0.1164 0.0907 
 436 0.0348 0.0102 0.0494 0.1973 0.4917 0.0782 0.1383 
 437 0.0125 0.0067 0.3390 0.1497 0.2286 0.1580 0.1054 
 438 0.0708 0.0106 0.0257 0.1448 0.4569 0.1323 0.1590 
 439 0.0108 0.0075 0.0327 0.1063 0.6526 0.0806 0.1095 
 440 0.0186 0.0078 0.0456 0.2075 0.5332 0.1068 0.0805 
 441 0.0140 0.0093 0.0383 0.1166 0.5180 0.1198 0.1841 
 442 0.0169 0.0279 0.0749 0.1871 0.3783 0.2079 0.1071 
 443 0.0665 0.0131 0.0296 0.3499 0.2862 0.1584 0.0963 
 444 0.0252 0.0235 0.0802 0.1704 0.4221 0.1744 0.1042 
 445 0.0196 0.0110 0.0876 0.0769 0.4559 0.1171 0.2319 
 446 0.0116 0.0101 0.0710 0.2265 0.4998 0.0789 0.1021 
 447 0.0360 0.0266 0.0371 0.1199 0.4496 0.1488 0.1820 
 448 0.0142 0.0079 0.0514 0.1518 0.4897 0.1765 0.1084 
 449 0.0139 0.0083 0.0573 0.1377 0.4345 0.1833 0.1650 
 450 0.0083 0.0110 0.2023 0.1935 0.3009 0.1118 0.1720 
 451 0.0162 0.0076 0.0439 0.5100 0.1399 0.2015 0.0809 
 452 0.0095 0.0081 0.0683 0.1802 0.4498 0.1134 0.1707 
 453 0.1013 0.0168 0.0320 0.1646 0.2331 0.2827 0.1694 
 454 0.0162 0.0081 0.0522 0.1869 0.4194 0.1358 0.1815 
 455 0.0285 0.0081 0.0323 0.1519 0.5914 0.0915 0.0962 
 456 0.0489 0.0107 0.0520 0.1384 0.4871 0.1693 0.0936 
 457 0.0120 0.0069 0.0975 0.0995 0.5485 0.1272 0.1083 
 458 0.0102 0.0100 0.0930 0.1184 0.5561 0.0984 0.1139 
 459 0.0135 0.0092 0.0298 0.1656 0.5058 0.0795 0.1966 
 460 0.0136 0.0087 0.0302 0.2433 0.5204 0.0881 0.0958 
 461 0.0084 0.0091 0.0475 0.5029 0.2459 0.0841 0.1021 
 462 0.0229 0.0494 0.0754 0.1341 0.4251 0.2177 0.0754 
 463 0.1527 0.0086 0.0329 0.0920 0.3830 0.1888 0.1420 
 464 0.0266 0.0072 0.0267 0.2394 0.4835 0.1208 0.0958 
 465 0.0197 0.0097 0.0362 0.2354 0.3838 0.1952 0.1199 
 466 0.0554 0.0075 0.0283 0.1793 0.4088 0.2170 0.1035 
 467 0.0180 0.0105 0.0397 0.1290 0.4931 0.1661 0.1437 
 468 0.0324 0.0068 0.0600 0.0848 0.6050 0.1189 0.0921 
 469 0.0139 0.0073 0.0288 0.0836 0.6982 0.0749 0.0934 
 470 0.0125 0.0064 0.0280 0.1716 0.5958 0.0933 0.0925 
 471 0.0562 0.0179 0.0488 0.2018 0.2596 0.2990 0.1167 
 472 0.0221 0.0112 0.0586 0.1536 0.4121 0.2246 0.1177 
 473 0.0180 0.0078 0.0570 0.1337 0.3904 0.2317 0.1614 
 474 0.0164 0.0084 0.0584 0.1637 0.4510 0.1331 0.1690 
 475 0.0167 0.0092 0.0338 0.2158 0.3554 0.1789 0.1903 
 476 0.0207 0.0088 0.1676 0.1767 0.4115 0.0979 0.1168 
 477 0.0283 0.0166 0.0415 0.3735 0.2533 0.1292 0.1576 
 478 0.0131 0.0164 0.0296 0.5606 0.1883 0.0978 0.0942 
 479 0.0127 0.0076 0.0439 0.2141 0.5317 0.0975 0.0926 
 480 0.0118 0.0069 0.0890 0.1300 0.5651 0.0930 0.1042 
 481 0.0105 0.0125 0.0565 0.1377 0.2541 0.4215 0.1072 
 482 0.0096 0.0073 0.0622 0.2143 0.5231 0.0907 0.0927 
 483 0.0138 0.0079 0.0358 0.1587 0.5849 0.0847 0.1142 
 484 0.0439 0.0122 0.0302 0.0910 0.5274 0.1859 0.1094 
 485 0.0234 0.0077 0.0318 0.1596 0.5997 0.0829 0.0950 
 486 0.0333 0.0251 0.0690 0.2338 0.0978 0.3874 0.1535 
 487 0.0171 0.0187 0.1201 0.1864 0.1061 0.2784 0.2732 
 488 0.0132 0.0373 0.0572 0.2514 0.0922 0.3413 0.2073 
 489 0.0534 0.0155 0.1920 0.1108 0.0774 0.2648 0.2861 
 490 0.0332 0.0130 0.0600 0.4049 0.1300 0.2549 0.1040 
 491 0.0144 0.0301 0.0468 0.0946 0.0879 0.4777 0.2485 
 492 0.0204 0.0289 0.0358 0.2298 0.0966 0.2075 0.3810 
 493 0.0150 0.0247 0.1440 0.1745 0.0690 0.4061 0.1666 
 494 0.0156 0.0262 0.1069 0.1350 0.0941 0.3911 0.2311 
 495 0.0324 0.0908 0.0711 0.2864 0.0779 0.1558 0.2856 
 496 0.0199 0.0072 0.0417 0.1124 0.1211 0.2416 0.4561 
 497 0.0141 0.0567 0.1093 0.1166 0.0852 0.3688 0.2494 
 498 0.0587 0.0718 0.0732 0.2416 0.1093 0.2658 0.1796 
 499 0.0194 0.0126 0.1078 0.1107 0.0867 0.2726 0.3903 
 500 0.0139 0.0091 0.2415 0.1290 0.0887 0.3585 0.1593 
 501 0.0095 0.0111 0.1021 0.1864 0.1229 0.2381 0.3298 
 502 0.0087 0.0221 0.0532 0.2125 0.1298 0.2122 0.3615 
 503 0.0124 0.0086 0.1384 0.1417 0.2126 0.3468 0.1394 
 504 0.0250 0.0601 0.0418 0.3397 0.1105 0.2811 0.1418 
 505 0.0183 0.0139 0.0513 0.1203 0.0814 0.4859 0.2290 
 506 0.0124 0.0270 0.0455 0.2353 0.0935 0.2617 0.3246 
 507 0.0253 0.0070 0.0318 0.0632 0.0697 0.1777 0.6253 
 508 0.0397 0.0131 0.0371 0.0841 0.0567 0.1953 0.5740 
 509 0.0161 0.0097 0.0405 0.1066 0.0895 0.4121 0.3255 
 510 0.0152 0.0095 0.2361 0.1309 0.0701 0.1825 0.3558 
 511 0.0165 0.0218 0.0869 0.2603 0.1957 0.2641 0.1546 
 512 0.0090 0.0124 0.1263 0.3610 0.1662 0.2143 0.1108 
 513 0.0344 0.3387 0.0263 0.1170 0.0505 0.2801 0.1529 
 514 0.0140 0.0094 0.0354 0.4161 0.1110 0.2285 0.1856 
 515 0.0349 0.0124 0.0665 0.0972 0.3077 0.2046 0.2767 
 516 0.0251 0.0119 0.0359 0.2216 0.0957 0.4391 0.1707 
 517 0.0588 0.0093 0.0345 0.1710 0.2326 0.2096 0.2842 
 518 0.0109 0.0082 0.2832 0.1083 0.0795 0.1958 0.3141 
 519 0.0152 0.0146 0.0317 0.4161 0.1264 0.1937 0.2023 
 520 0.1122 0.0082 0.0365 0.0825 0.2272 0.1579 0.3755 
 521 0.0171 0.0088 0.0356 0.1946 0.0926 0.2388 0.4125 
 522 0.1468 0.0105 0.2258 0.1546 0.1481 0.1747 0.1394 
 523 0.1849 0.0083 0.0314 0.1612 0.1310 0.1620 0.3211 
 524 0.0534 0.0075 0.0390 0.1252 0.3556 0.2081 0.2112 
 525 0.0269 0.0086 0.1653 0.0870 0.1762 0.1852 0.3508 
 526 0.1356 0.0079 0.0300 0.0723 0.3584 0.2091 0.1867 
 527 0.0097 0.0128 0.2696 0.2363 0.1091 0.2185 0.1438 
 528 0.0141 0.0076 0.0363 0.0945 0.0692 0.2554 0.5230 
 529 0.0145 0.0172 0.1113 0.1125 0.0978 0.3858 0.2608 
 530 0.0350 0.0135 0.1249 0.1453 0.2433 0.2237 0.2143 
 531 0.0195 0.0093 0.0399 0.1103 0.2356 0.1479 0.4375 
 532 0.0187 0.0106 0.1251 0.1532 0.0682 0.2777 0.3467 
 533 0.0307 0.0093 0.1879 0.1027 0.1710 0.3147 0.1838 
 534 0.0458 0.0206 0.0785 0.1315 0.0611 0.4063 0.2561 
 535 0.0723 0.0098 0.0293 0.1802 0.2545 0.2623 0.1917 
 536 0.0246 0.0133 0.0460 0.1248 0.2533 0.2273 0.3109 
 537 0.0694 0.0205 0.0447 0.1094 0.1117 0.1947 0.4496 
 538 0.0405 0.0092 0.0412 0.1062 0.1358 0.3273 0.3398 
 539 0.0184 0.0085 0.0395 0.0725 0.0598 0.1707 0.6305 
 540 0.0401 0.0093 0.0517 0.0938 0.1568 0.3425 0.3057 
 541 0.0267 0.0182 0.0530 0.1040 0.1635 0.1549 0.4796 
 542 0.0307 0.0184 0.0340 0.0733 0.3094 0.3844 0.1497 
 543 0.1816 0.0207 0.0287 0.1911 0.1317 0.1756 0.2706 
 544 0.1068 0.0106 0.0315 0.0941 0.2065 0.3190 0.2314 
 545 0.1739 0.0163 0.0322 0.1178 0.3012 0.2437 0.1148 
 546 0.0264 0.0238 0.0331 0.0795 0.1613 0.4255 0.2502 
 547 0.2773 0.0147 0.0260 0.1055 0.1448 0.1472 0.2845 
 548 0.0100 0.0085 0.0422 0.0949 0.0688 0.4047 0.3709 
 549 0.0476 0.0136 0.0318 0.0809 0.2532 0.0995 0.4734 
 550 0.1867 0.0156 0.0309 0.1721 0.2507 0.1660 0.1780 
 551 0.0220 0.0116 0.0352 0.1009 0.1483 0.1218 0.5603 
 552 0.0253 0.0090 0.0422 0.0712 0.0970 0.4454 0.3099 
 553 0.3701 0.0194 0.0270 0.1095 0.0787 0.1475 0.2478 
 554 0.0322 0.0134 0.1370 0.1644 0.1479 0.2588 0.2465 
 555 0.0528 0.0314 0.0456 0.1099 0.0895 0.1971 0.4738 
 556 0.0226 0.0115 0.0368 0.0976 0.1200 0.4069 0.3047 
 557 0.0513 0.0124 0.0330 0.1795 0.3671 0.1238 0.2330 
 558 0.0088 0.0073 0.0544 0.1931 0.5632 0.0794 0.0938 
 559 0.0216 0.0086 0.0435 0.2299 0.1148 0.4408 0.1408 
 560 0.0113 0.0158 0.0264 0.4031 0.3222 0.1443 0.0769 
 561 0.0160 0.0132 0.0387 0.1902 0.3424 0.2990 0.1007 
 562 0.0331 0.0134 0.0598 0.3258 0.1800 0.3099 0.0779 
 563 0.0203 0.0296 0.0300 0.3046 0.2087 0.1178 0.2890 
 564 0.0391 0.0102 0.0695 0.1565 0.0981 0.4826 0.1440 
 565 0.0090 0.0072 0.0518 0.1093 0.5995 0.1165 0.1066 
 566 0.0123 0.0073 0.0409 0.5801 0.1684 0.1110 0.0800 
 567 0.0188 0.0091 0.0591 0.1730 0.0912 0.5471 0.1017 
 568 0.0195 0.0078 0.0310 0.2102 0.2636 0.3222 0.1457 
 569 0.0944 0.0088 0.1160 0.3265 0.1556 0.1525 0.1463 
 570 0.0120 0.0070 0.2681 0.3005 0.2145 0.1141 0.0840 
 571 0.0143 0.0074 0.0302 0.5195 0.1339 0.1754 0.1193 
 572 0.2570 0.0154 0.0463 0.1152 0.1474 0.1543 0.2645 
 573 0.0485 0.0088 0.0424 0.1378 0.2250 0.3944 0.1431 
 574 0.0240 0.0099 0.1895 0.1841 0.1834 0.1560 0.2531 
 575 0.0120 0.0090 0.0304 0.2732 0.2202 0.2188 0.2364 
 576 0.0109 0.0144 0.0443 0.5401 0.1754 0.1345 0.0804 
 577 0.0146 0.0108 0.1490 0.2216 0.1834 0.1811 0.2395 
 578 0.0203 0.0184 0.0413 0.3628 0.2505 0.1819 0.1248 
 579 0.0149 0.0208 0.0426 0.1761 0.3143 0.3207 0.1105 
 580 0.0108 0.0084 0.0659 0.1545 0.4140 0.1778 0.1686 
 581 0.0116 0.0084 0.0457 0.2433 0.4095 0.1399 0.1415 
 582 0.0248 0.0077 0.0716 0.2392 0.4359 0.1311 0.0897 
 583 0.0160 0.0093 0.1137 0.4940 0.1074 0.1415 0.1182 
 584 0.0096 0.0080 0.0564 0.5230 0.1691 0.1388 0.0951 
 585 0.0145 0.0212 0.0430 0.2970 0.3325 0.1864 0.1053 
 586 0.0173 0.0085 0.0307 0.4478 0.1104 0.2363 0.1489 
 587 0.0216 0.0110 0.1797 0.1723 0.1642 0.3605 0.0907 
 588 0.0363 0.0105 0.0256 0.0720 0.0588 0.6862 0.1105 
 589 0.0545 0.0084 0.1042 0.2275 0.3107 0.1966 0.0982 
 590 0.0117 0.0093 0.0611 0.3675 0.0935 0.3472 0.1097 
 591 0.0108 0.0082 0.0315 0.4405 0.1561 0.2237 0.1292 
 592 0.0287 0.0082 0.0356 0.2429 0.2093 0.3739 0.1014 
 593 0.0195 0.0077 0.0350 0.2517 0.2706 0.2465 0.1690 
 594 0.0159 0.0122 0.0790 0.2735 0.1459 0.2499 0.2237 
 595 0.0083 0.0274 0.1672 0.2675 0.1253 0.3166 0.0877 
 596 0.0551 0.0092 0.0565 0.1752 0.1772 0.3711 0.1558 
 597 0.0307 0.0095 0.0290 0.4287 0.0907 0.1268 0.2847 
 598 0.0117 0.0067 0.2731 0.2434 0.2867 0.0869 0.0916 
 599 0.0234 0.0070 0.0501 0.4369 0.1476 0.2500 0.0850 
 600 0.0168 0.0092 0.0543 0.1254 0.4183 0.1880 0.1881 
 601 0.0194 0.0091 0.0373 0.2791 0.3650 0.2021 0.0880 
 602 0.0098 0.0103 0.0420 0.1662 0.1277 0.4005 0.2436 
 603 0.0106 0.0088 0.0455 0.1607 0.1078 0.4383 0.2284 
 604 0.0112 0.0169 0.0614 0.1138 0.3868 0.2181 0.1917 
 605 0.0179 0.0122 0.0407 0.1561 0.2606 0.3744 0.1381 
 606 0.0178 0.0103 0.0768 0.1234 0.1536 0.3557 0.2625 
 607 0.0099 0.0098 0.0598 0.1575 0.2253 0.2006 0.3371 
 608 0.0118 0.0076 0.0272 0.1447 0.1995 0.1261 0.4830 
 609 0.0195 0.0122 0.0748 0.1739 0.3512 0.1994 0.1690 
 610 0.0260 0.0110 0.0418 0.1052 0.4680 0.2120 0.1360 
 611 0.0160 0.0087 0.0416 0.1707 0.1438 0.3596 0.2596 
 612 0.0161 0.0084 0.0818 0.0964 0.5620 0.1179 0.1175 
 613 0.0362 0.0109 0.2036 0.1753 0.1786 0.2267 0.1688 
 614 0.0103 0.0124 0.2106 0.0982 0.3390 0.2182 0.1113 
 615 0.0104 0.0076 0.0955 0.0915 0.3832 0.2199 0.1920 
 616 0.0100 0.0084 0.1086 0.2208 0.1662 0.2255 0.2605 
 617 0.0363 0.0425 0.2099 0.1560 0.1946 0.2483 0.1124 
 618 0.0142 0.0208 0.0446 0.0831 0.3646 0.2017 0.2710 
 619 0.0384 0.0072 0.0423 0.2330 0.2374 0.2049 0.2369 
 620 0.0303 0.0095 0.0289 0.2181 0.1826 0.4510 0.0796 
 621 0.0090 0.0089 0.0618 0.4007 0.2362 0.1630 0.1205 
 622 0.0220 0.0489 0.0966 0.0972 0.1907 0.3719 0.1727 
 623 0.0168 0.0082 0.0532 0.2715 0.1758 0.3505 0.1240 
 624 0.0117 0.0082 0.0487 0.1110 0.4033 0.1419 0.2752 
 625 0.0143 0.0375 0.1919 0.1531 0.2003 0.1635 0.2395 
 626 0.0360 0.0086 0.0562 0.0579 0.2527 0.1765 0.4121 
 627 0.0173 0.0100 0.0650 0.2264 0.1964 0.3229 0.1619 
 628 0.0115 0.0119 0.0490 0.2777 0.1208 0.3736 0.1556 
 629 0.0091 0.0100 0.0993 0.2111 0.1359 0.3505 0.1841 
 630 0.0155 0.0160 0.0747 0.1472 0.3705 0.2232 0.1528 
 631 0.0113 0.0089 0.0942 0.1640 0.2418 0.3124 0.1674 
 632 0.0119 0.0104 0.0469 0.0869 0.1256 0.3672 0.3510 
 633 0.0104 0.0124 0.0467 0.1617 0.3489 0.1799 0.2400 
 634 0.0264 0.0075 0.0575 0.1818 0.1673 0.2418 0.3176 
 635 0.0130 0.0075 0.0682 0.0972 0.1504 0.1774 0.4863 
 636 0.0112 0.0091 0.0547 0.1284 0.2980 0.1990 0.2997 
 637 0.0271 0.0122 0.0404 0.0997 0.2114 0.3845 0.2246 
 638 0.0106 0.0084 0.0835 0.1802 0.1405 0.3406 0.2363 
 639 0.0113 0.0120 0.0785 0.1171 0.3056 0.2638 0.2117 
 640 0.0088 0.0173 0.0477 0.4152 0.1715 0.1802 0.1594 
 641 0.0099 0.0098 0.1392 0.1694 0.1285 0.3658 0.1774 
 642 0.0202 0.0101 0.0299 0.0828 0.1538 0.2217 0.4814 
 643 0.0101 0.0098 0.0291 0.0941 0.1195 0.1176 0.6199 
 644 0.0144 0.0089 0.0311 0.1354 0.0997 0.1742 0.5364 
 645 0.0126 0.0116 0.0349 0.0599 0.2649 0.1426 0.4734 
 646 0.0206 0.0231 0.0306 0.0982 0.1576 0.4350 0.2350 
 647 0.0175 0.0365 0.0329 0.1232 0.1356 0.2212 0.4330 
 648 0.0268 0.0280 0.1524 0.0742 0.0900 0.3430 0.2857 
 649 0.0390 0.0124 0.0320 0.0921 0.0859 0.5005 0.2381 
 650 0.0172 0.0101 0.0302 0.1308 0.1066 0.4260 0.2791 
 651 0.0118 0.0269 0.0597 0.1137 0.0842 0.3367 0.3670 
 652 0.0118 0.0083 0.0304 0.0987 0.1069 0.2010 0.5429 
 653 0.0213 0.0252 0.0868 0.0730 0.1207 0.2333 0.4398 
 654 0.0392 0.0307 0.0322 0.0690 0.1019 0.2380 0.4890 
 655 0.0139 0.0087 0.0247 0.1921 0.1289 0.1508 0.4811 
 656 0.0256 0.0208 0.0401 0.0837 0.1347 0.3584 0.3366 
 657 0.0120 0.0103 0.1243 0.1034 0.2114 0.2245 0.3140 
 658 0.0249 0.0089 0.0387 0.1712 0.2080 0.2405 0.3076 
 659 0.0197 0.0141 0.0414 0.0918 0.1240 0.2568 0.4522 
 660 0.0199 0.0089 0.0442 0.0822 0.0781 0.2533 0.5134 
 661 0.0492 0.0141 0.0332 0.0699 0.1352 0.2158 0.4825 
 662 0.0683 0.0169 0.0272 0.0939 0.0772 0.5293 0.1872 
 663 0.0138 0.0068 0.0409 0.1078 0.0838 0.2597 0.4873 
 664 0.0204 0.0132 0.0285 0.1557 0.3021 0.1721 0.3080 
 665 0.0241 0.0087 0.0305 0.0911 0.0734 0.5158 0.2565 
 666 0.0164 0.0082 0.0292 0.0810 0.1298 0.2928 0.4426 
 667 0.0191 0.0783 0.0379 0.1308 0.1338 0.3776 0.2225 
 668 0.0173 0.0108 0.0301 0.0971 0.1660 0.2613 0.4174 
 669 0.0229 0.0133 0.0925 0.0915 0.0802 0.3522 0.3473 
 670 0.0123 0.0062 0.0288 0.0602 0.0662 0.1438 0.6825 
 671 0.0152 0.0082 0.0276 0.0809 0.0863 0.2119 0.5699 
 672 0.0279 0.0072 0.0260 0.1423 0.1169 0.0833 0.5963 
 673 0.0091 0.0068 0.0451 0.0595 0.0637 0.0870 0.7288 
 674 0.0166 0.0089 0.0445 0.0716 0.0965 0.1520 0.6099 
 675 0.0117 0.0260 0.0273 0.0966 0.0705 0.0989 0.6690 
 676 0.0099 0.0068 0.0290 0.0586 0.0650 0.0847 0.7459 
 677 0.0456 0.0076 0.0249 0.0541 0.0617 0.1577 0.6484 
 678 0.0098 0.0083 0.0508 0.0674 0.0654 0.0814 0.7168 
 679 0.0085 0.0076 0.0478 0.0767 0.0952 0.1217 0.6426 
 680 0.0109 0.0102 0.0294 0.0597 0.1061 0.1213 0.6624 
 681 0.1423 0.0165 0.0587 0.0900 0.1754 0.1688 0.3482 
 682 0.0127 0.0083 0.0302 0.0600 0.1112 0.0972 0.6803 
 683 0.0155 0.0069 0.0268 0.0590 0.0631 0.1220 0.7067 
 684 0.0117 0.0085 0.0453 0.0666 0.0655 0.0855 0.7169 
 685 0.0106 0.0067 0.0263 0.0566 0.0606 0.0869 0.7524 
 686 0.0351 0.0096 0.0276 0.0585 0.1023 0.1737 0.5931 
 687 0.0179 0.0077 0.0267 0.0793 0.0743 0.2223 0.5718 
 688 0.0100 0.0078 0.0274 0.0791 0.0846 0.1204 0.6707 
 689 0.0099 0.0067 0.0269 0.0577 0.0615 0.0860 0.7512 
 690 0.0098 0.0068 0.0291 0.0584 0.0654 0.0847 0.7458 
 691 0.0149 0.0102 0.0424 0.0734 0.0885 0.1224 0.6481 
 692 0.0095 0.0079 0.0491 0.0810 0.0827 0.1143 0.6555 
 693 0.0091 0.0098 0.0274 0.0884 0.1272 0.0985 0.6395 
 694 0.0106 0.0064 0.0231 0.0550 0.0565 0.0867 0.7618 
 695 0.0344 0.0078 0.0311 0.0722 0.0930 0.0824 0.6792 
 696 0.0099 0.0078 0.0269 0.0793 0.0848 0.1206 0.6707 
 697 0.0125 0.0068 0.0298 0.0567 0.0658 0.1018 0.7266 
 698 0.0094 0.0067 0.0276 0.0595 0.0659 0.0935 0.7374 
 699 0.0708 0.0077 0.0275 0.0667 0.0882 0.1005 0.6385 
 700 0.0255 0.0145 0.0272 0.0645 0.1743 0.1082 0.5858 
 701 0.0257 0.0089 0.1019 0.0815 0.1073 0.1085 0.5661 
 702 0.0169 0.0090 0.0282 0.0754 0.1440 0.1499 0.5766 
 703 0.0123 0.0080 0.0291 0.0595 0.1098 0.1097 0.6715 
 704 0.0131 0.0069 0.0248 0.0733 0.0811 0.1254 0.6754 
 705 0.1477 0.0166 0.0453 0.0795 0.1474 0.1585 0.4049 
 706 0.0197 0.0091 0.0282 0.0566 0.1001 0.1063 0.6800 
 707 0.0171 0.0077 0.0409 0.0565 0.0641 0.1050 0.7087 
 708 0.0098 0.0090 0.0264 0.0603 0.0648 0.1065 0.7231 
 709 0.0285 0.0110 0.0247 0.0588 0.0888 0.0889 0.6992 
 710 0.0137 0.0075 0.0258 0.0556 0.0610 0.0798 0.7567 
 711 0.0243 0.0081 0.0270 0.0548 0.0985 0.1406 0.6467 
 712 0.0256 0.0098 0.0226 0.0531 0.0595 0.1231 0.7062 
 713 0.0110 0.0076 0.0251 0.0762 0.0765 0.1261 0.6776 
 714 0.0106 0.0117 0.0443 0.0778 0.0970 0.1539 0.6048 
 715 0.0237 0.0074 0.0237 0.0534 0.0603 0.0958 0.7357 
 716 0.0196 0.0092 0.0271 0.0570 0.0995 0.0906 0.6970 
 717 0.0156 0.0069 0.0242 0.0547 0.0603 0.0832 0.7552 
 718 0.0144 0.0106 0.0258 0.0584 0.0992 0.1697 0.6219 
 719 0.0277 0.0089 0.0258 0.0595 0.0605 0.0916 0.7261 
 720 0.0100 0.0095 0.0840 0.3083 0.1787 0.2840 0.1257 
 721 0.0201 0.0104 0.0757 0.1045 0.1416 0.1233 0.5244 
 722 0.0261 0.0109 0.2132 0.2074 0.1703 0.1865 0.1855 
 723 0.0096 0.0075 0.3614 0.1599 0.1258 0.1679 0.1680 
 724 0.0107 0.0079 0.3090 0.1724 0.1202 0.1262 0.2537 
 725 0.0119 0.0082 0.0833 0.1716 0.0975 0.3194 0.3081 
 726 0.0205 0.0076 0.2922 0.1215 0.1233 0.2382 0.1968 
 727 0.1185 0.0085 0.1282 0.1390 0.1028 0.1813 0.3217 
