   1 0.0071 0.0081 0.0262 0.0945 0.1020 0.2399 0.1710 0.2262 0.1250 
   2 0.0043 0.0053 0.0103 0.0808 0.0925 0.0980 0.0939 0.0847 0.5302 
   3 0.0073 0.0050 0.0217 0.2183 0.0982 0.2209 0.1261 0.1822 0.1202 
   4 0.0115 0.0054 0.0212 0.0762 0.0984 0.1921 0.3562 0.1099 0.1291 
   5 0.0053 0.0060 0.0119 0.1136 0.1104 0.0857 0.1034 0.0951 0.4685 
   6 0.0066 0.0050 0.0108 0.3499 0.1174 0.0729 0.1263 0.1490 0.1622 
   7 0.0077 0.0051 0.0112 0.1193 0.3432 0.0974 0.0991 0.1935 0.1234 
   8 0.0272 0.0072 0.0161 0.1765 0.1205 0.1445 0.2569 0.1412 0.1100 
   9 0.0086 0.0096 0.0169 0.1525 0.1079 0.1812 0.1110 0.1387 0.2737 
  10 0.0097 0.0071 0.0096 0.1707 0.1562 0.1061 0.2272 0.1769 0.1364 
  11 0.0053 0.0064 0.0097 0.0884 0.2427 0.1119 0.0847 0.3179 0.1330 
  12 0.0053 0.0050 0.0147 0.1385 0.1190 0.1037 0.1503 0.0874 0.3762 
  13 0.0075 0.0060 0.0153 0.1548 0.1539 0.1635 0.1273 0.1288 0.2428 
  14 0.0047 0.0051 0.0380 0.1147 0.0746 0.1566 0.1622 0.1672 0.2769 
  15 0.0064 0.0047 0.0160 0.0919 0.1229 0.1591 0.2422 0.1654 0.1913 
  16 0.0049 0.0074 0.0137 0.1465 0.1165 0.1733 0.1060 0.3026 0.1290 
  17 0.0098 0.0062 0.0334 0.2811 0.1196 0.1282 0.1375 0.1067 0.1776 
  18 0.0103 0.0111 0.0163 0.1312 0.0716 0.1218 0.1689 0.2044 0.2643 
  19 0.0055 0.0051 0.0095 0.3183 0.1329 0.1129 0.1206 0.1278 0.1672 
  20 0.0061 0.0054 0.0148 0.1182 0.1862 0.1119 0.1550 0.1695 0.2331 
  21 0.0053 0.0057 0.0202 0.0697 0.0819 0.1791 0.2330 0.1799 0.2251 
  22 0.0081 0.0057 0.0127 0.3081 0.0864 0.1600 0.1284 0.1401 0.1504 
  23 0.0095 0.0185 0.0375 0.0949 0.0905 0.2782 0.1599 0.1174 0.1935 
  24 0.0053 0.0066 0.0126 0.0875 0.0950 0.2676 0.1664 0.2266 0.1324 
  25 0.0064 0.0051 0.0161 0.2536 0.1680 0.0820 0.0832 0.1516 0.2340 
  26 0.0094 0.0059 0.0148 0.1406 0.1060 0.1442 0.2049 0.1528 0.2214 
  27 0.0076 0.0071 0.0260 0.1544 0.1041 0.1565 0.1471 0.1826 0.2147 
  28 0.0057 0.0077 0.0152 0.0762 0.1370 0.1108 0.3280 0.1831 0.1362 
  29 0.0045 0.0059 0.0122 0.0907 0.1877 0.1783 0.0992 0.1359 0.2856 
  30 0.0056 0.0073 0.0143 0.2233 0.0778 0.1736 0.1080 0.1947 0.1953 
  31 0.0170 0.0090 0.0238 0.1146 0.1393 0.1282 0.1871 0.1376 0.2434 
  32 0.0052 0.0046 0.0141 0.2365 0.0958 0.1543 0.1910 0.1123 0.1861 
  33 0.0054 0.0069 0.0136 0.1235 0.1379 0.2501 0.1158 0.2041 0.1426 
  34 0.0076 0.0159 0.0134 0.1971 0.2587 0.0756 0.1589 0.1544 0.1183 
  35 0.0127 0.0169 0.0317 0.1765 0.0931 0.1880 0.0875 0.1075 0.2862 
  36 0.0049 0.0061 0.0277 0.0514 0.0751 0.2823 0.0830 0.3272 0.1423 
  37 0.0081 0.0052 0.0154 0.1054 0.1060 0.2958 0.1494 0.1021 0.2127 
  38 0.0059 0.0139 0.0161 0.0599 0.1482 0.1275 0.0722 0.3928 0.1636 
  39 0.0083 0.0182 0.0237 0.0842 0.1411 0.1311 0.1095 0.2618 0.2220 
  40 0.0042 0.0063 0.0281 0.0933 0.0682 0.4108 0.0994 0.1324 0.1574 
  41 0.0076 0.0258 0.0366 0.0847 0.1354 0.2975 0.0667 0.2184 0.1271 
  42 0.0050 0.0096 0.0208 0.0395 0.0740 0.4100 0.1083 0.2203 0.1124 
  43 0.0082 0.0089 0.0378 0.0820 0.1150 0.3263 0.0971 0.0891 0.2357 
  44 0.0079 0.0096 0.0667 0.1469 0.0918 0.2369 0.0664 0.0961 0.2779 
  45 0.0055 0.0138 0.0268 0.0464 0.0938 0.1714 0.0725 0.2600 0.3097 
  46 0.0119 0.0077 0.0296 0.2120 0.1227 0.1022 0.1130 0.1469 0.2541 
  47 0.0185 0.0164 0.0183 0.2232 0.1076 0.1910 0.1206 0.0967 0.2078 
  48 0.0090 0.0133 0.0538 0.1496 0.0725 0.2479 0.0716 0.0912 0.2912 
  49 0.0101 0.0286 0.0279 0.0940 0.0998 0.2145 0.1025 0.1820 0.2405 
  50 0.0115 0.0119 0.0172 0.2167 0.1840 0.0855 0.1269 0.1539 0.1923 
  51 0.0047 0.0103 0.0692 0.0417 0.0735 0.3246 0.0679 0.2333 0.1749 
  52 0.0105 0.0199 0.0278 0.0853 0.1508 0.1584 0.1262 0.2662 0.1549 
  53 0.0075 0.0139 0.0168 0.1083 0.1125 0.1681 0.1142 0.3419 0.1168 
  54 0.0086 0.0105 0.0289 0.0963 0.1022 0.2055 0.1226 0.0748 0.3506 
  55 0.0070 0.0077 0.0521 0.0790 0.0910 0.1979 0.0997 0.0866 0.3791 
  56 0.0071 0.0156 0.0242 0.1282 0.0712 0.2387 0.1030 0.1469 0.2652 
  57 0.0185 0.0115 0.0110 0.1766 0.1380 0.1344 0.2596 0.1214 0.1289 
  58 0.0057 0.0119 0.0270 0.0510 0.0979 0.2702 0.0939 0.1768 0.2656 
  59 0.0059 0.0237 0.0220 0.0587 0.1107 0.1979 0.0932 0.2484 0.2395 
  60 0.0047 0.0061 0.0418 0.0532 0.0797 0.3256 0.1594 0.1722 0.1572 
  61 0.0044 0.0056 0.0872 0.0417 0.0825 0.2334 0.1355 0.0810 0.3287 
  62 0.0125 0.0461 0.0155 0.1046 0.1088 0.1028 0.1384 0.1444 0.3269 
  63 0.0043 0.0059 0.0202 0.0581 0.1485 0.2723 0.1149 0.1619 0.2140 
  64 0.0067 0.0115 0.0111 0.1851 0.1109 0.1273 0.0833 0.2249 0.2392 
  65 0.0065 0.0070 0.0136 0.1049 0.2875 0.0848 0.0772 0.1206 0.2979 
  66 0.0052 0.0065 0.0154 0.0562 0.1357 0.1883 0.1926 0.1151 0.2850 
  67 0.0064 0.0064 0.0931 0.0786 0.1093 0.1814 0.0848 0.0807 0.3594 
  68 0.0066 0.0246 0.0237 0.0493 0.0985 0.2119 0.1060 0.2657 0.2138 
  69 0.0104 0.0743 0.0406 0.0831 0.1098 0.0865 0.1617 0.2936 0.1400 
  70 0.0046 0.0069 0.0389 0.0504 0.1380 0.2959 0.1046 0.2529 0.1077 
  71 0.0060 0.0260 0.0272 0.0568 0.1120 0.1428 0.0697 0.2506 0.3091 
  72 0.0062 0.0066 0.0290 0.1284 0.0911 0.2011 0.0780 0.3023 0.1574 
  73 0.0056 0.0214 0.0258 0.0496 0.1132 0.1627 0.0782 0.1189 0.4246 
  74 0.0045 0.0059 0.0222 0.0508 0.0691 0.3387 0.0983 0.2792 0.1312 
  75 0.0056 0.0087 0.0221 0.0451 0.0589 0.3850 0.1213 0.2133 0.1399 
  76 0.0061 0.0053 0.0385 0.0774 0.1902 0.2051 0.0940 0.1298 0.2536 
  77 0.0049 0.0169 0.0192 0.0502 0.1493 0.2027 0.0632 0.2792 0.2144 
  78 0.0056 0.0198 0.0190 0.0554 0.1393 0.2114 0.0638 0.3246 0.1611 
  79 0.0052 0.0050 0.0100 0.0922 0.2110 0.1140 0.1057 0.2264 0.2304 
  80 0.0054 0.0057 0.0112 0.0520 0.1292 0.2443 0.3145 0.1052 0.1326 
  81 0.0058 0.0048 0.0098 0.0552 0.1667 0.1642 0.3046 0.1412 0.1477 
  82 0.0053 0.0070 0.0179 0.0613 0.1273 0.2204 0.1378 0.1194 0.3036 
  83 0.0048 0.0048 0.0152 0.0671 0.1485 0.1611 0.2323 0.2169 0.1493 
  84 0.0049 0.0047 0.0103 0.0622 0.1838 0.1458 0.2172 0.2204 0.1508 
  85 0.0049 0.0044 0.0136 0.0877 0.0958 0.1690 0.2393 0.2390 0.1463 
  86 0.0071 0.0078 0.0254 0.1067 0.1255 0.1149 0.1033 0.1065 0.4028 
  87 0.0057 0.0056 0.0162 0.0611 0.2697 0.1371 0.1119 0.2183 0.1743 
  88 0.0054 0.0046 0.0106 0.0526 0.1537 0.2544 0.1828 0.1412 0.1947 
  89 0.0065 0.0051 0.0104 0.0507 0.1276 0.2300 0.2462 0.1341 0.1894 
  90 0.0050 0.0048 0.0101 0.0551 0.2795 0.1205 0.1233 0.1679 0.2338 
  91 0.0052 0.0044 0.0149 0.0630 0.0912 0.2241 0.2922 0.1866 0.1185 
  92 0.0053 0.0047 0.0106 0.0722 0.1634 0.1646 0.1411 0.1815 0.2566 
  93 0.0052 0.0053 0.0110 0.0495 0.0753 0.1837 0.4562 0.1003 0.1135 
  94 0.0048 0.0052 0.0162 0.0510 0.3046 0.1062 0.1009 0.3110 0.1000 
  95 0.0052 0.0046 0.0103 0.0424 0.2680 0.1852 0.1666 0.1338 0.1839 
  96 0.0047 0.0065 0.0290 0.0405 0.0796 0.3135 0.1411 0.0878 0.2974 
  97 0.0057 0.0072 0.0186 0.0474 0.0609 0.2901 0.1288 0.2406 0.2006 
  98 0.0040 0.0066 0.0165 0.0741 0.0868 0.2775 0.0821 0.1424 0.3099 
  99 0.0053 0.0049 0.0100 0.0569 0.2108 0.1340 0.2070 0.1869 0.1843 
 100 0.0054 0.0054 0.0116 0.0460 0.0665 0.2917 0.2872 0.0734 0.2128 
 101 0.0071 0.0063 0.0190 0.0613 0.1813 0.2154 0.1318 0.1878 0.1901 
 102 0.0061 0.0108 0.0290 0.0538 0.1501 0.2546 0.2154 0.1489 0.1313 
 103 0.0053 0.0090 0.0150 0.0558 0.1714 0.1029 0.1909 0.0994 0.3503 
 104 0.0052 0.0052 0.0137 0.0573 0.3785 0.0610 0.1493 0.1089 0.2209 
 105 0.0059 0.0120 0.0179 0.0515 0.2713 0.0820 0.1958 0.0885 0.2751 
 106 0.0051 0.0053 0.0131 0.0725 0.3367 0.0739 0.0628 0.2440 0.1865 
 107 0.0056 0.0067 0.0234 0.0606 0.2785 0.1011 0.1759 0.0965 0.2516 
 108 0.0043 0.0049 0.0672 0.0832 0.0775 0.0824 0.1014 0.1872 0.3919 
 109 0.0065 0.0876 0.0153 0.0624 0.2389 0.0720 0.0712 0.2138 0.2323 
 110 0.0049 0.0073 0.0117 0.0696 0.3935 0.0806 0.0685 0.2403 0.1236 
 111 0.0064 0.0115 0.0167 0.0546 0.4424 0.0720 0.1050 0.0856 0.2058 
 112 0.0050 0.0935 0.0306 0.0461 0.4023 0.0875 0.0751 0.1442 0.1158 
 113 0.0058 0.0071 0.0186 0.0810 0.1113 0.1287 0.1228 0.1528 0.3720 
 114 0.0047 0.0087 0.0118 0.0498 0.3566 0.0661 0.1782 0.1041 0.2200 
 115 0.0058 0.0070 0.0692 0.0765 0.3300 0.1409 0.0887 0.0983 0.1836 
 116 0.0067 0.0096 0.0288 0.0607 0.2197 0.1084 0.0645 0.2710 0.2307 
 117 0.0073 0.0183 0.0227 0.0691 0.3649 0.1146 0.0751 0.2021 0.1259 
 118 0.0049 0.0089 0.0141 0.0604 0.1608 0.0811 0.0957 0.0870 0.4871 
 119 0.0043 0.0053 0.0403 0.0475 0.1184 0.3072 0.1447 0.1542 0.1780 
 120 0.0056 0.0105 0.0376 0.0637 0.3338 0.1176 0.1172 0.1054 0.2087 
 121 0.0099 0.0128 0.1555 0.0652 0.2831 0.1079 0.0711 0.1287 0.1658 
 122 0.0044 0.0103 0.0121 0.0639 0.2845 0.0774 0.0912 0.2237 0.2325 
 123 0.0051 0.0088 0.0199 0.0593 0.3382 0.0913 0.1222 0.1593 0.1958 
 124 0.0078 0.0196 0.0472 0.1062 0.2057 0.0903 0.0849 0.2050 0.2334 
 125 0.0059 0.0207 0.0287 0.1049 0.1739 0.1339 0.0747 0.3272 0.1301 
 126 0.0041 0.0058 0.0323 0.0464 0.2065 0.1218 0.1181 0.2749 0.1901 
 127 0.0048 0.0061 0.0206 0.0481 0.4483 0.0765 0.1096 0.0809 0.2051 
 128 0.0044 0.0071 0.0146 0.0574 0.1225 0.0809 0.0903 0.0835 0.5393 
 129 0.0066 0.0086 0.0162 0.0578 0.2595 0.0719 0.0850 0.0926 0.4018 
 130 0.0057 0.0114 0.0146 0.0549 0.3399 0.0804 0.1699 0.1092 0.2140 
 131 0.0100 0.0220 0.0491 0.0766 0.2310 0.0839 0.0700 0.3071 0.1503 
 132 0.0052 0.0090 0.0139 0.0600 0.2547 0.0673 0.0743 0.1945 0.3211 
 133 0.0087 0.0104 0.0295 0.0663 0.2849 0.0853 0.1238 0.1076 0.2835 
 134 0.0046 0.0095 0.0105 0.0545 0.4935 0.0652 0.0566 0.1667 0.1389 
 135 0.0066 0.0113 0.0299 0.0388 0.0622 0.2126 0.3242 0.1105 0.2038 
 136 0.0061 0.0063 0.0116 0.0748 0.0586 0.1471 0.4977 0.0879 0.1099 
 137 0.0052 0.0071 0.0112 0.0504 0.1043 0.2318 0.4164 0.0851 0.0886 
 138 0.0047 0.0054 0.0149 0.0443 0.0561 0.1167 0.5524 0.1098 0.0957 
 139 0.0046 0.0066 0.0177 0.0571 0.0618 0.1351 0.2539 0.1075 0.3557 
 140 0.0053 0.0066 0.0181 0.0462 0.0830 0.1898 0.2908 0.1746 0.1856 
 141 0.0056 0.0078 0.0133 0.0826 0.0600 0.1150 0.4394 0.1378 0.1386 
 142 0.0055 0.0126 0.0330 0.0397 0.0610 0.1877 0.3169 0.1021 0.2415 
 143 0.0045 0.0044 0.0121 0.0434 0.0557 0.2321 0.4811 0.0747 0.0920 
 144 0.0052 0.0068 0.0135 0.0453 0.1023 0.2339 0.4219 0.0797 0.0914 
 145 0.0065 0.0086 0.0149 0.0909 0.0600 0.1827 0.3420 0.1374 0.1570 
 146 0.0082 0.0060 0.0161 0.0635 0.1048 0.1738 0.3186 0.1666 0.1424 
 147 0.0051 0.0047 0.0106 0.0476 0.0570 0.1669 0.5459 0.0788 0.0834 
 148 0.0056 0.0088 0.0208 0.0797 0.0861 0.1338 0.3875 0.0966 0.1812 
 149 0.0059 0.0086 0.0204 0.0456 0.0564 0.1888 0.4139 0.1263 0.1340 
 150 0.0061 0.0077 0.0129 0.0546 0.1379 0.1705 0.3745 0.0992 0.1366 
 151 0.0052 0.0046 0.0127 0.0453 0.0744 0.1916 0.4500 0.0920 0.1241 
 152 0.0056 0.0084 0.0401 0.0972 0.0725 0.1308 0.3784 0.1157 0.1513 
 153 0.0048 0.0056 0.0215 0.0449 0.0720 0.1582 0.4448 0.1451 0.1032 
 154 0.0069 0.0075 0.0226 0.0762 0.0576 0.1326 0.4641 0.0887 0.1438 
 155 0.0049 0.0043 0.0118 0.0453 0.0755 0.0982 0.5633 0.0836 0.1131 
 156 0.0044 0.0063 0.0371 0.0392 0.0780 0.1986 0.4011 0.0832 0.1522 
 157 0.0047 0.0045 0.0098 0.0433 0.1320 0.1278 0.4559 0.1261 0.0959 
 158 0.0069 0.0086 0.0140 0.0834 0.0603 0.1922 0.3659 0.1438 0.1249 
 159 0.0057 0.0057 0.0095 0.0450 0.0572 0.1507 0.5475 0.0805 0.0983 
 160 0.0061 0.0057 0.0097 0.0450 0.0564 0.1136 0.5730 0.0807 0.1097 
 161 0.0050 0.0057 0.0123 0.0497 0.0732 0.3374 0.2450 0.1502 0.1215 
 162 0.0094 0.0061 0.0167 0.0655 0.1019 0.1208 0.3370 0.1559 0.1867 
 163 0.0045 0.0044 0.0198 0.0412 0.0725 0.1303 0.5403 0.0856 0.1015 
 164 0.0087 0.0053 0.0131 0.0540 0.0875 0.1085 0.3897 0.1262 0.2070 
 165 0.0065 0.0074 0.0142 0.0468 0.1367 0.1816 0.3939 0.0959 0.1170 
 166 0.0052 0.0051 0.0252 0.0529 0.1089 0.1329 0.3752 0.1642 0.1304 
 167 0.0123 0.0062 0.0184 0.0996 0.0822 0.0761 0.5114 0.0850 0.1088 
 168 0.0055 0.0051 0.0222 0.0530 0.0624 0.1380 0.4333 0.1775 0.1029 
 169 0.0077 0.0105 0.0141 0.0827 0.0597 0.1547 0.2856 0.2689 0.1161 
 170 0.0045 0.0048 0.0150 0.0427 0.0689 0.4660 0.1754 0.0878 0.1350 
 171 0.0053 0.0049 0.0246 0.0808 0.0706 0.1278 0.3829 0.1480 0.1552 
 172 0.0055 0.0103 0.0221 0.0448 0.0554 0.2314 0.2730 0.2278 0.1298 
 173 0.0055 0.0051 0.0104 0.0469 0.0567 0.1076 0.5565 0.0751 0.1363 
 174 0.0053 0.0046 0.0097 0.0490 0.0759 0.1185 0.5262 0.0997 0.1111 
 175 0.0056 0.0053 0.0134 0.0847 0.0573 0.2870 0.3727 0.0785 0.0954 
 176 0.0052 0.0068 0.0130 0.0453 0.1026 0.2385 0.4176 0.0794 0.0915 
 177 0.0055 0.0055 0.0118 0.0442 0.1187 0.1170 0.3836 0.2068 0.1069 
 178 0.0056 0.0047 0.0103 0.0909 0.0782 0.0972 0.4864 0.1032 0.1235 
 179 0.0047 0.0044 0.0098 0.0501 0.0565 0.1023 0.5948 0.0753 0.1019 
 180 0.0090 0.0077 0.0194 0.0664 0.0817 0.1971 0.3585 0.1349 0.1252 
 181 0.0063 0.0077 0.0149 0.0489 0.0581 0.2217 0.3489 0.1189 0.1745 
 182 0.0067 0.0056 0.0168 0.0421 0.0570 0.1917 0.4428 0.0760 0.1613 
 183 0.0052 0.0046 0.0113 0.0506 0.0567 0.1601 0.5251 0.0763 0.1101 
 184 0.0060 0.0052 0.0109 0.1323 0.0904 0.1085 0.0966 0.0794 0.4706 
 185 0.0043 0.0051 0.0690 0.0408 0.0556 0.1866 0.4689 0.0650 0.1045 
 186 0.0057 0.0045 0.0123 0.0981 0.1336 0.1062 0.0911 0.0909 0.4576 
 187 0.0044 0.0047 0.0142 0.0796 0.0813 0.1155 0.2925 0.0760 0.3318 
 188 0.0058 0.0055 0.0116 0.0931 0.1001 0.0824 0.0749 0.0746 0.5520 
 189 0.0046 0.0045 0.0186 0.1290 0.0782 0.2318 0.2051 0.1790 0.1493 
 190 0.0042 0.0070 0.0670 0.0361 0.0558 0.2264 0.2228 0.0636 0.3169 
 191 0.0044 0.0063 0.0105 0.0627 0.0689 0.0982 0.1439 0.0785 0.5266 
 192 0.0044 0.0045 0.0102 0.0783 0.1060 0.1792 0.2094 0.0910 0.3171 
 193 0.0047 0.0060 0.0128 0.0809 0.0802 0.1885 0.1844 0.1064 0.3361 
 194 0.0049 0.0047 0.0202 0.0633 0.0927 0.2790 0.1534 0.0985 0.2834 
 195 0.0046 0.0059 0.0278 0.0460 0.0546 0.1929 0.3028 0.0690 0.2965 
 196 0.0041 0.0059 0.0231 0.0483 0.0761 0.1737 0.2013 0.0752 0.3922 
 197 0.0055 0.0056 0.0194 0.1690 0.1289 0.0936 0.2166 0.0906 0.2708 
 198 0.0044 0.0046 0.0174 0.0908 0.1039 0.1761 0.1585 0.1831 0.2613 
 199 0.0048 0.0055 0.0217 0.0472 0.0750 0.3629 0.1273 0.0872 0.2684 
 200 0.0044 0.0081 0.0271 0.0758 0.0766 0.1494 0.1933 0.1028 0.3626 
 201 0.0041 0.0042 0.0162 0.0596 0.0636 0.1238 0.4114 0.0667 0.2503 
 202 0.0040 0.0047 0.0230 0.0446 0.0719 0.3534 0.2551 0.0682 0.1751 
 203 0.0043 0.0069 0.0127 0.0493 0.0611 0.1128 0.3933 0.0630 0.2968 
 204 0.0045 0.0063 0.0203 0.0413 0.0583 0.1797 0.1730 0.0686 0.4479 
 205 0.0045 0.0050 0.0192 0.0561 0.0712 0.1572 0.1459 0.0963 0.4448 
 206 0.0048 0.0055 0.0179 0.0566 0.0585 0.1268 0.2019 0.0648 0.4632 
 207 0.0042 0.0057 0.0155 0.0471 0.0744 0.1614 0.1053 0.0648 0.5215 
 208 0.0041 0.0049 0.0174 0.0485 0.0638 0.0970 0.2957 0.0703 0.3981 
 209 0.0043 0.0062 0.0126 0.0655 0.0743 0.1506 0.1599 0.0814 0.4453 
 210 0.0041 0.0054 0.0142 0.0505 0.0708 0.1247 0.2038 0.0722 0.4542 
 211 0.0056 0.0086 0.0302 0.0495 0.0989 0.1987 0.1672 0.0628 0.3784 
 212 0.0039 0.0052 0.0237 0.0662 0.0598 0.2549 0.3309 0.0883 0.1670 
 213 0.0044 0.0065 0.0288 0.0406 0.1014 0.2386 0.1162 0.1400 0.3235 
 214 0.0044 0.0054 0.0145 0.0549 0.0635 0.2229 0.3278 0.0663 0.2402 
 215 0.0041 0.0058 0.0137 0.0551 0.0748 0.0956 0.1297 0.0801 0.5412 
 216 0.0069 0.0054 0.0130 0.1552 0.0961 0.1409 0.1179 0.0926 0.3722 
 217 0.0042 0.0049 0.0153 0.0651 0.0634 0.2153 0.3110 0.0731 0.2477 
 218 0.0047 0.0050 0.0109 0.0539 0.0828 0.1363 0.1695 0.0909 0.4460 
 219 0.0076 0.0049 0.0137 0.1607 0.0841 0.1548 0.2526 0.1004 0.2212 
 220 0.0043 0.0057 0.0123 0.0469 0.0638 0.1038 0.1419 0.0682 0.5532 
 221 0.0043 0.0053 0.0175 0.0398 0.0528 0.5042 0.1808 0.0667 0.1287 
 222 0.0061 0.0046 0.0135 0.2066 0.0952 0.1662 0.1534 0.0912 0.2631 
 223 0.0043 0.0043 0.0152 0.0941 0.0828 0.1393 0.3315 0.0928 0.2357 
 224 0.0047 0.0056 0.0141 0.0581 0.0609 0.1573 0.2911 0.0655 0.3428 
 225 0.0045 0.0052 0.0210 0.0551 0.0691 0.1918 0.1714 0.0831 0.3989 
 226 0.0061 0.0061 0.0126 0.1010 0.0829 0.1617 0.1712 0.1664 0.2920 
 227 0.0044 0.0051 0.0358 0.0466 0.0774 0.2413 0.2270 0.0669 0.2954 
 228 0.0046 0.0074 0.0942 0.0426 0.0553 0.1936 0.2842 0.0648 0.2533 
 229 0.0046 0.0058 0.0098 0.0613 0.0685 0.1741 0.2819 0.0667 0.3274 
 230 0.0046 0.0064 0.0103 0.0510 0.0651 0.1665 0.2260 0.0650 0.4052 
 231 0.0043 0.0063 0.0116 0.0845 0.0653 0.1190 0.2965 0.0773 0.3351 
 232 0.0056 0.0062 0.0175 0.0436 0.0847 0.3140 0.1470 0.1487 0.2327 
 233 0.0045 0.0050 0.0121 0.0560 0.0642 0.1303 0.4441 0.0667 0.2171 
 234 0.0042 0.0048 0.0120 0.1068 0.0953 0.1191 0.2189 0.1070 0.3319 
 235 0.0046 0.0048 0.0137 0.0757 0.0766 0.2368 0.2184 0.0999 0.2696 
 236 0.0042 0.0051 0.0120 0.0743 0.0736 0.1542 0.3092 0.0810 0.2864 
 237 0.0043 0.0067 0.0213 0.0506 0.0683 0.1341 0.1349 0.0786 0.5011 
 238 0.0042 0.0047 0.0138 0.0584 0.0814 0.2354 0.2966 0.0767 0.2288 
 239 0.0044 0.0059 0.0279 0.0460 0.0542 0.1952 0.3013 0.0679 0.2972 
 240 0.0043 0.0047 0.0141 0.0585 0.0817 0.2395 0.2925 0.0756 0.2291 
 241 0.0055 0.0053 0.0157 0.0473 0.0617 0.3203 0.2608 0.0846 0.1986 
 242 0.0051 0.0066 0.0182 0.0898 0.0735 0.1879 0.1955 0.1180 0.3055 
 243 0.0043 0.0066 0.0290 0.0425 0.0621 0.1608 0.2159 0.0617 0.4171 
 244 0.0045 0.0067 0.0122 0.0513 0.0613 0.1512 0.3036 0.0656 0.3438 
 245 0.0043 0.0044 0.0200 0.0449 0.0701 0.2048 0.4173 0.0820 0.1523 
 246 0.0043 0.0048 0.0154 0.0653 0.0636 0.2161 0.3101 0.0737 0.2467 
 247 0.0040 0.0053 0.0151 0.0581 0.1530 0.1124 0.0847 0.1587 0.4087 
 248 0.0041 0.0050 0.0153 0.0559 0.0823 0.0860 0.0979 0.0778 0.5757 
 249 0.0044 0.0054 0.0116 0.0540 0.0705 0.2543 0.2324 0.0662 0.3011 
 250 0.0046 0.0053 0.0103 0.0723 0.0804 0.1740 0.2262 0.0791 0.3479 
 251 0.0047 0.0070 0.0161 0.1126 0.0972 0.1277 0.1536 0.1462 0.3349 
 252 0.0044 0.0045 0.0215 0.0665 0.0731 0.2224 0.2196 0.0858 0.3022 
 253 0.0046 0.0047 0.0182 0.0679 0.1148 0.2333 0.1099 0.1315 0.3151 
 254 0.0062 0.0047 0.0164 0.1653 0.0849 0.1274 0.1861 0.0757 0.3334 
 255 0.0044 0.0054 0.0122 0.0864 0.0802 0.1684 0.2044 0.0862 0.3526 
 256 0.0046 0.0054 0.0153 0.0580 0.0686 0.2667 0.2079 0.0784 0.2951 
 257 0.0087 0.0071 0.0156 0.0625 0.0854 0.1805 0.1705 0.0893 0.3804 
 258 0.0040 0.0056 0.0341 0.0625 0.0932 0.1179 0.1655 0.1167 0.4005 
 259 0.0049 0.0051 0.0123 0.0669 0.0751 0.1642 0.1535 0.0763 0.4416 
 260 0.0055 0.0045 0.0122 0.1798 0.0900 0.1536 0.2691 0.0778 0.2073 
 261 0.0041 0.0045 0.0304 0.0639 0.0656 0.2053 0.2961 0.0880 0.2420 
 262 0.0045 0.0055 0.0284 0.0430 0.0536 0.2954 0.2577 0.0749 0.2369 
 263 0.0066 0.0064 0.0148 0.0889 0.0736 0.1007 0.1259 0.0646 0.5185 
 264 0.0073 0.0060 0.0131 0.2771 0.0898 0.0905 0.0757 0.1103 0.3302 
 265 0.0042 0.0045 0.0136 0.0876 0.0758 0.1205 0.2428 0.0950 0.3561 
 266 0.0042 0.0054 0.0237 0.0404 0.0534 0.3130 0.3268 0.0683 0.1648 
 267 0.0043 0.0054 0.0152 0.0841 0.0869 0.1866 0.2128 0.0771 0.3275 
 268 0.0042 0.0060 0.0233 0.0478 0.0758 0.1747 0.2016 0.0750 0.3917 
 269 0.0044 0.0045 0.0135 0.1599 0.0824 0.1240 0.2522 0.1272 0.2319 
 270 0.0063 0.0057 0.0131 0.1103 0.0995 0.1067 0.1343 0.0931 0.4311 
 271 0.0046 0.0061 0.0174 0.0626 0.0868 0.1168 0.1506 0.0972 0.4581 
 272 0.0061 0.0083 0.0168 0.0780 0.0859 0.1374 0.1527 0.1519 0.3629 
 273 0.0264 0.0186 0.0217 0.0867 0.1085 0.1600 0.2043 0.1294 0.2445 
 274 0.0048 0.0052 0.0116 0.0816 0.0844 0.1406 0.1670 0.1179 0.3869 
 275 0.0083 0.0094 0.0155 0.1085 0.0749 0.1229 0.2075 0.1029 0.3502 
 276 0.0061 0.0069 0.0159 0.0690 0.0927 0.2216 0.1080 0.1319 0.3479 
 277 0.0047 0.0044 0.0131 0.1002 0.0823 0.1869 0.2471 0.0979 0.2634 
 278 0.0041 0.0057 0.0175 0.0536 0.0721 0.0938 0.1619 0.0803 0.5110 
 279 0.0047 0.0050 0.0133 0.0795 0.0802 0.1719 0.1985 0.0960 0.3509 
 280 0.0045 0.0054 0.0160 0.0923 0.0711 0.1704 0.1877 0.1312 0.3214 
 281 0.0048 0.0050 0.0131 0.0583 0.0941 0.1406 0.1653 0.1169 0.4019 
 282 0.0043 0.0045 0.0115 0.0912 0.0775 0.1536 0.3685 0.0828 0.2061 
 283 0.0043 0.0048 0.0126 0.0619 0.0759 0.1829 0.3828 0.0650 0.2098 
 284 0.0042 0.0061 0.0140 0.0729 0.1002 0.1428 0.2496 0.0938 0.3165 
 285 0.0040 0.0071 0.0186 0.0508 0.0738 0.0857 0.0715 0.1090 0.5795 
 286 0.0044 0.0063 0.0119 0.0511 0.0604 0.1505 0.3034 0.0657 0.3462 
 287 0.0050 0.0045 0.0116 0.0784 0.0993 0.1594 0.2108 0.1383 0.2928 
 288 0.0055 0.0065 0.0125 0.0813 0.0794 0.1297 0.1488 0.1263 0.4099 
 289 0.0076 0.0084 0.0211 0.0822 0.1055 0.1276 0.1285 0.0949 0.4242 
 290 0.0064 0.0153 0.0197 0.1072 0.0697 0.2236 0.1114 0.1091 0.3376 
 291 0.0048 0.0060 0.0170 0.0623 0.0864 0.1180 0.1503 0.0966 0.4587 
 292 0.0045 0.0053 0.0292 0.0700 0.0641 0.2436 0.1980 0.1410 0.2442 
 293 0.0053 0.0119 0.0278 0.1343 0.0810 0.1423 0.1075 0.1495 0.3404 
 294 0.0072 0.0068 0.0186 0.0848 0.0743 0.1483 0.1018 0.0734 0.4847 
 295 0.0059 0.0111 0.0223 0.0796 0.0953 0.1942 0.1464 0.1349 0.3103 
 296 0.0044 0.0059 0.0137 0.0454 0.0829 0.1130 0.1528 0.0831 0.4987 
 297 0.0048 0.0054 0.0126 0.0953 0.0772 0.1696 0.1341 0.1276 0.3736 
 298 0.0044 0.0045 0.0101 0.0937 0.0862 0.1796 0.2763 0.0819 0.2634 
 299 0.0066 0.0059 0.0123 0.1253 0.0790 0.1238 0.1357 0.0648 0.4467 
 300 0.0045 0.0074 0.0141 0.0470 0.0617 0.1224 0.0921 0.0927 0.5582 
 301 0.0062 0.0057 0.0113 0.1646 0.0829 0.1114 0.1359 0.0909 0.3910 
 302 0.0065 0.0099 0.0269 0.0815 0.0728 0.1229 0.1245 0.0754 0.4794 
 303 0.0044 0.0074 0.0148 0.0605 0.0619 0.2021 0.2505 0.0955 0.3030 
 304 0.0061 0.0056 0.0104 0.1621 0.1244 0.1179 0.3298 0.0907 0.1530 
 305 0.0047 0.0074 0.0188 0.0479 0.0552 0.1827 0.2432 0.0814 0.3589 
 306 0.0046 0.0046 0.0127 0.0770 0.0696 0.2905 0.2503 0.0866 0.2042 
 307 0.0052 0.0053 0.0123 0.0821 0.0809 0.2105 0.1866 0.0961 0.3209 
 308 0.0043 0.0045 0.0297 0.0634 0.0657 0.2063 0.2969 0.0879 0.2413 
 309 0.0179 0.0290 0.0291 0.0609 0.0927 0.1010 0.1438 0.0773 0.4483 
 310 0.0043 0.0054 0.0194 0.0498 0.0606 0.1902 0.2489 0.0659 0.3554 
 311 0.0045 0.0064 0.0102 0.0516 0.0647 0.1662 0.2255 0.0654 0.4055 
 312 0.0040 0.0061 0.0141 0.0440 0.0752 0.1095 0.1418 0.0671 0.5382 
 313 0.0044 0.0056 0.0373 0.0447 0.0661 0.1197 0.0949 0.0744 0.5528 
 314 0.0047 0.0071 0.0226 0.0453 0.0552 0.1791 0.5160 0.0786 0.0915 
 315 0.0041 0.0046 0.0291 0.0562 0.0613 0.1473 0.4929 0.1176 0.0869 
 316 0.0073 0.0065 0.0202 0.0684 0.0663 0.1046 0.5051 0.1362 0.0854 
 317 0.0051 0.0067 0.0127 0.0467 0.0567 0.1351 0.5735 0.0790 0.0846 
 318 0.0049 0.0057 0.0095 0.0496 0.0566 0.0909 0.6217 0.0827 0.0783 
 319 0.0048 0.0046 0.0120 0.0436 0.0563 0.1662 0.5448 0.0741 0.0936 
 320 0.0049 0.0066 0.0228 0.0450 0.0544 0.1794 0.5180 0.0779 0.0911 
 321 0.0052 0.0069 0.0112 0.0500 0.0572 0.1317 0.5700 0.0851 0.0828 
 322 0.0072 0.0073 0.0308 0.0616 0.0663 0.1657 0.4439 0.1234 0.0938 
 323 0.0105 0.0047 0.0105 0.0551 0.0570 0.1120 0.5906 0.0768 0.0828 
 324 0.0050 0.0067 0.0113 0.0500 0.0571 0.1330 0.5699 0.0842 0.0828 
 325 0.0049 0.0063 0.0158 0.0640 0.0637 0.0949 0.5385 0.1312 0.0807 
 326 0.0131 0.0137 0.0215 0.0685 0.0674 0.1041 0.4987 0.1307 0.0823 
 327 0.0050 0.0066 0.0125 0.0459 0.0571 0.1337 0.5766 0.0784 0.0840 
 328 0.0047 0.0050 0.0183 0.0589 0.0639 0.1701 0.4626 0.1223 0.0942 
 329 0.0044 0.0042 0.0093 0.0470 0.0562 0.1390 0.5835 0.0778 0.0785 
 330 0.0049 0.0067 0.0124 0.0464 0.0566 0.1349 0.5749 0.0789 0.0843 
 331 0.0047 0.0044 0.0094 0.0462 0.0561 0.1047 0.6114 0.0784 0.0846 
 332 0.0149 0.0078 0.0174 0.0792 0.0660 0.1003 0.5048 0.1296 0.0801 
 333 0.0120 0.0081 0.0215 0.0624 0.0660 0.1253 0.4923 0.1229 0.0895 
 334 0.0048 0.0049 0.0179 0.0587 0.0638 0.1702 0.4640 0.1222 0.0935 
 335 0.0046 0.0050 0.0212 0.0547 0.0634 0.1795 0.4723 0.1120 0.0874 
 336 0.0132 0.0083 0.0187 0.0584 0.0569 0.1287 0.5492 0.0829 0.0838 
 337 0.0050 0.0075 0.0186 0.0643 0.0644 0.1395 0.4833 0.1316 0.0858 
 338 0.0054 0.0065 0.0095 0.0506 0.0572 0.0924 0.6149 0.0841 0.0794 
 339 0.0046 0.0043 0.0093 0.0462 0.0558 0.1048 0.6129 0.0782 0.0839 
 340 0.0045 0.0042 0.0104 0.0434 0.0555 0.1046 0.6166 0.0745 0.0864 
 341 0.0129 0.0075 0.0123 0.0500 0.0588 0.1227 0.5693 0.0795 0.0871 
 342 0.0049 0.0066 0.0124 0.0461 0.0563 0.1338 0.5766 0.0784 0.0849 
 343 0.0103 0.0060 0.0382 0.0663 0.0621 0.2556 0.3656 0.1085 0.0873 
 344 0.0046 0.0044 0.0095 0.0468 0.0563 0.1056 0.6162 0.0786 0.0780 
 345 0.0048 0.0067 0.0125 0.0461 0.0565 0.1345 0.5760 0.0790 0.0839 
 346 0.0049 0.0057 0.0107 0.0457 0.0565 0.0913 0.6271 0.0776 0.0803 
 347 0.0045 0.0043 0.0102 0.0436 0.0553 0.1079 0.6203 0.0738 0.0800 
 348 0.0044 0.0052 0.0418 0.0512 0.0599 0.2321 0.4065 0.1045 0.0945 
 349 0.0050 0.0067 0.0123 0.0468 0.0566 0.1344 0.5739 0.0794 0.0849 
 350 0.0045 0.0044 0.0156 0.0451 0.0546 0.1408 0.5640 0.0777 0.0933 
 351 0.0047 0.0050 0.0219 0.0548 0.0628 0.1785 0.4729 0.1120 0.0874 
 352 0.0051 0.0071 0.0236 0.0576 0.0640 0.1427 0.4900 0.1214 0.0885 
 353 0.0131 0.0078 0.0187 0.0583 0.0562 0.1303 0.5486 0.0830 0.0839 
 354 0.0064 0.0055 0.0107 0.0488 0.0579 0.1175 0.5920 0.0804 0.0807 
 355 0.0049 0.0058 0.0096 0.0493 0.0564 0.0918 0.6214 0.0826 0.0781 
 356 0.0040 0.0046 0.0375 0.0499 0.0593 0.3370 0.3136 0.1005 0.0934 
 357 0.0044 0.0046 0.0168 0.1156 0.0760 0.1012 0.3729 0.2066 0.1018 
 358 0.0051 0.0050 0.0150 0.0620 0.0641 0.1150 0.5293 0.1238 0.0807 
 359 0.0050 0.0048 0.0094 0.0476 0.0564 0.1062 0.6069 0.0791 0.0846 
 360 0.0050 0.0056 0.0106 0.0464 0.0563 0.0919 0.6254 0.0777 0.0809 
 361 0.0046 0.0054 0.0213 0.1129 0.0766 0.1740 0.2854 0.2070 0.1128 
 362 0.0050 0.0087 0.0133 0.0672 0.1207 0.1049 0.1176 0.3094 0.2532 
 363 0.0066 0.0078 0.0163 0.1181 0.1902 0.0996 0.0824 0.2517 0.2274 
 364 0.0095 0.0075 0.0156 0.2222 0.1027 0.1991 0.1904 0.1071 0.1459 
 365 0.0148 0.0175 0.0148 0.1361 0.1063 0.1034 0.0923 0.3361 0.1788 
 366 0.0056 0.0101 0.0469 0.1737 0.0741 0.1675 0.1355 0.1630 0.2236 
 367 0.0048 0.0063 0.0108 0.0642 0.3678 0.0717 0.0681 0.2876 0.1187 
 368 0.0053 0.0048 0.0102 0.0836 0.1664 0.1140 0.1045 0.1637 0.3475 
 369 0.0069 0.0124 0.0250 0.1514 0.0951 0.3243 0.1211 0.1087 0.1551 
 370 0.0130 0.0117 0.0171 0.1071 0.2186 0.1279 0.1117 0.1187 0.2741 
 371 0.0096 0.0104 0.0183 0.2278 0.1066 0.1405 0.1319 0.1040 0.2509 
 372 0.0420 0.0254 0.0217 0.0613 0.1381 0.1278 0.1259 0.1147 0.3431 
 373 0.0057 0.0068 0.0121 0.0916 0.2643 0.1702 0.1318 0.1566 0.1611 
 374 0.0067 0.0123 0.0131 0.1100 0.1369 0.2281 0.1589 0.1697 0.1643 
 375 0.0158 0.0100 0.0125 0.2168 0.2153 0.0855 0.0808 0.1636 0.1997 
 376 0.0989 0.0113 0.0120 0.1630 0.1255 0.0851 0.0737 0.3323 0.0981 
 377 0.0063 0.0075 0.0171 0.0865 0.1049 0.0860 0.1227 0.2419 0.3271 
 378 0.0055 0.0077 0.0146 0.0455 0.3167 0.1053 0.2204 0.1434 0.1408 
 379 0.1632 0.0196 0.0149 0.1625 0.1461 0.0820 0.0661 0.2285 0.1170 
 380 0.0103 0.0112 0.0197 0.1045 0.0693 0.2061 0.1418 0.3010 0.1361 
 381 0.0075 0.0095 0.0277 0.2530 0.0626 0.2557 0.1064 0.1705 0.1071 
 382 0.0048 0.0052 0.0100 0.2468 0.2193 0.0764 0.1019 0.1869 0.1485 
 383 0.0160 0.0148 0.0155 0.1788 0.0735 0.0841 0.2074 0.2612 0.1487 
 384 0.0488 0.0215 0.0164 0.2616 0.1336 0.0972 0.1528 0.1467 0.1215 
 385 0.0076 0.1268 0.0107 0.1285 0.1364 0.0943 0.2223 0.1187 0.1547 
 386 0.0040 0.0050 0.0115 0.0948 0.1904 0.0933 0.0830 0.3489 0.1691 
 387 0.0047 0.0060 0.0152 0.1275 0.1776 0.0774 0.1137 0.3318 0.1460 
 388 0.0155 0.0189 0.0127 0.1268 0.1448 0.1418 0.1986 0.1759 0.1650 
 389 0.0100 0.0198 0.0319 0.0858 0.1069 0.1008 0.0964 0.0838 0.4645 
 390 0.0191 0.0209 0.0480 0.0722 0.2013 0.1159 0.0736 0.3252 0.1238 
 391 0.0121 0.0278 0.0258 0.0907 0.2154 0.1774 0.1048 0.1389 0.2071 
 392 0.0070 0.0067 0.0147 0.1148 0.1211 0.1064 0.1645 0.3028 0.1620 
 393 0.0083 0.0123 0.0436 0.0849 0.0772 0.1390 0.1257 0.4140 0.0950 
 394 0.0049 0.0048 0.0137 0.0598 0.1461 0.1114 0.2387 0.2842 0.1364 
 395 0.0039 0.0056 0.0200 0.0569 0.1239 0.0963 0.0959 0.2824 0.3152 
 396 0.0053 0.0049 0.0097 0.1674 0.2442 0.0770 0.0691 0.1950 0.2274 
 397 0.0615 0.0051 0.0142 0.1920 0.0827 0.1705 0.1560 0.0827 0.2353 
 398 0.0401 0.0058 0.0108 0.0565 0.1664 0.0769 0.0716 0.4626 0.1093 
 399 0.0046 0.0081 0.0148 0.0616 0.3667 0.1044 0.0915 0.1800 0.1683 
 400 0.0066 0.0062 0.0122 0.1403 0.2650 0.1490 0.0978 0.2148 0.1081 
 401 0.0045 0.0070 0.0220 0.0439 0.2509 0.1257 0.1171 0.2553 0.1736 
 402 0.0064 0.0060 0.0488 0.1072 0.1902 0.1503 0.1209 0.1772 0.1929 
 403 0.0066 0.0079 0.0154 0.0725 0.1255 0.1403 0.3258 0.1582 0.1480 
 404 0.0071 0.0140 0.0105 0.1639 0.1191 0.1607 0.1054 0.1572 0.2621 
 405 0.0043 0.0052 0.0156 0.1062 0.0999 0.1459 0.1137 0.2815 0.2276 
 406 0.0041 0.0058 0.0319 0.0735 0.0727 0.2154 0.1160 0.3235 0.1570 
 407 0.0042 0.0049 0.0100 0.1085 0.1110 0.0810 0.0676 0.4647 0.1480 
 408 0.0040 0.0047 0.0280 0.0434 0.2825 0.0994 0.0648 0.1573 0.3158 
 409 0.0099 0.0123 0.0193 0.0497 0.0783 0.3795 0.1005 0.2473 0.1032 
 410 0.0819 0.0113 0.0213 0.0815 0.1753 0.1149 0.1187 0.2542 0.1410 
 411 0.0154 0.0074 0.0473 0.2220 0.1359 0.1144 0.1606 0.1824 0.1146 
 412 0.0052 0.0049 0.0105 0.0955 0.1951 0.1059 0.0992 0.1983 0.2853 
 413 0.0045 0.0049 0.0109 0.0614 0.1839 0.0960 0.2037 0.2319 0.2028 
 414 0.0043 0.0086 0.0104 0.1485 0.2598 0.0624 0.0829 0.1411 0.2819 
 415 0.0050 0.0078 0.0206 0.1515 0.1260 0.1387 0.0807 0.3043 0.1654 
 416 0.0061 0.0175 0.0229 0.0788 0.2013 0.2057 0.1043 0.2166 0.1468 
 417 0.0053 0.0058 0.0140 0.0769 0.1262 0.0991 0.0747 0.4598 0.1381 
 418 0.0069 0.0052 0.0096 0.1103 0.3441 0.0839 0.0792 0.1855 0.1753 
 419 0.0102 0.0218 0.0196 0.0776 0.1297 0.1657 0.1696 0.2432 0.1626 
 420 0.0039 0.0065 0.0315 0.0456 0.2458 0.1575 0.0728 0.2638 0.1725 
 421 0.0062 0.0063 0.0116 0.0562 0.1542 0.1090 0.0765 0.3550 0.2250 
 422 0.0054 0.0063 0.0153 0.0492 0.0767 0.1132 0.0871 0.3244 0.3225 
 423 0.0073 0.0068 0.0156 0.1679 0.1359 0.0897 0.1280 0.2383 0.2104 
 424 0.0069 0.0083 0.0860 0.0685 0.2558 0.1147 0.1095 0.2206 0.1296 
 425 0.0200 0.0283 0.0161 0.1965 0.1412 0.1011 0.1468 0.1618 0.1882 
 426 0.0262 0.0228 0.0214 0.1165 0.2207 0.1257 0.1344 0.1982 0.1340 
 427 0.0047 0.0056 0.0116 0.0546 0.1438 0.0697 0.1657 0.4543 0.0900 
 428 0.0196 0.0072 0.0237 0.0539 0.0754 0.1550 0.1583 0.3549 0.1520 
 429 0.0056 0.0062 0.0105 0.1284 0.2221 0.0734 0.0670 0.3615 0.1252 
 430 0.0050 0.0064 0.0126 0.0683 0.0959 0.0892 0.0729 0.5016 0.1480 
 431 0.0089 0.0113 0.0117 0.1039 0.2671 0.1051 0.1527 0.1308 0.2085 
 432 0.0053 0.0047 0.0106 0.0717 0.1790 0.1229 0.1102 0.2052 0.2904 
 433 0.0082 0.0049 0.0209 0.0798 0.1164 0.1817 0.2349 0.1086 0.2445 
 434 0.0052 0.0068 0.0145 0.1345 0.0933 0.1989 0.1277 0.1842 0.2349 
 435 0.0043 0.0047 0.0121 0.0558 0.1074 0.0722 0.0696 0.5650 0.1089 
 436 0.0062 0.0092 0.0253 0.0904 0.1750 0.1302 0.0882 0.4023 0.0732 
 437 0.0066 0.0046 0.0121 0.3626 0.0984 0.0805 0.0791 0.2156 0.1404 
 438 0.0053 0.0066 0.0345 0.0455 0.1285 0.1939 0.0880 0.3924 0.1052 
 439 0.0046 0.0057 0.0114 0.0592 0.0988 0.0921 0.0789 0.5716 0.0776 
 440 0.0039 0.0055 0.0165 0.1079 0.1591 0.0666 0.0620 0.4723 0.1063 
 441 0.0049 0.0061 0.0131 0.0688 0.0888 0.1401 0.1132 0.4601 0.1049 
 442 0.0060 0.0169 0.0145 0.1368 0.1842 0.1124 0.0717 0.2684 0.1891 
 443 0.0044 0.0087 0.0510 0.0589 0.2923 0.1049 0.0661 0.2809 0.1327 
 444 0.0057 0.0155 0.0199 0.1542 0.1532 0.1086 0.0713 0.3091 0.1624 
 445 0.0400 0.0078 0.0179 0.0638 0.0777 0.2342 0.0989 0.3572 0.1024 
 446 0.0491 0.0070 0.0110 0.0535 0.2173 0.0890 0.0745 0.4235 0.0751 
 447 0.0057 0.0158 0.0248 0.0699 0.1104 0.1554 0.1073 0.3887 0.1220 
 448 0.0045 0.0051 0.0132 0.0965 0.1096 0.0896 0.0795 0.4571 0.1448 
 449 0.0047 0.0053 0.0131 0.1065 0.1030 0.1273 0.1074 0.3926 0.1399 
 450 0.0076 0.0068 0.0093 0.2400 0.1499 0.1201 0.1188 0.2553 0.0922 
 451 0.0047 0.0046 0.0165 0.0908 0.3344 0.0683 0.0630 0.1987 0.2189 
 452 0.0050 0.0055 0.0103 0.1164 0.1520 0.1167 0.1186 0.3793 0.0961 
 453 0.0044 0.0079 0.0554 0.0587 0.1443 0.2685 0.0818 0.1996 0.1796 
 454 0.0045 0.0056 0.0144 0.1033 0.1141 0.1039 0.1313 0.3988 0.1241 
 455 0.0044 0.0055 0.0240 0.0619 0.1370 0.1039 0.0676 0.5114 0.0846 
 456 0.0052 0.0091 0.0438 0.1003 0.1249 0.0995 0.0671 0.4011 0.1490 
 457 0.0054 0.0053 0.0123 0.1630 0.0818 0.0909 0.0796 0.4464 0.1154 
 458 0.0442 0.0077 0.0105 0.0685 0.1159 0.1029 0.0797 0.4758 0.0948 
 459 0.0045 0.0061 0.0126 0.0556 0.1411 0.1411 0.1067 0.4574 0.0749 
 460 0.0043 0.0062 0.0123 0.0580 0.1981 0.0784 0.0709 0.4880 0.0838 
 461 0.0061 0.0059 0.0092 0.0860 0.4046 0.0799 0.0750 0.2534 0.0798 
 462 0.0071 0.0656 0.0236 0.1350 0.1345 0.0738 0.0586 0.2922 0.2095 
 463 0.0042 0.0063 0.0892 0.0612 0.0770 0.1599 0.0857 0.3613 0.1551 
 464 0.0039 0.0051 0.0232 0.0527 0.1943 0.0923 0.0667 0.4597 0.1021 
 465 0.0070 0.0066 0.0210 0.0618 0.2067 0.1186 0.0770 0.3492 0.1521 
 466 0.0041 0.0051 0.0433 0.0549 0.1473 0.1164 0.0678 0.4005 0.1607 
 467 0.0049 0.0086 0.0167 0.0779 0.1103 0.1306 0.0943 0.4013 0.1554 
 468 0.0046 0.0056 0.0302 0.1224 0.0738 0.0890 0.0672 0.4984 0.1088 
 469 0.0044 0.0054 0.0132 0.0524 0.0739 0.0761 0.0702 0.6303 0.0742 
 470 0.0043 0.0047 0.0118 0.0510 0.1366 0.0722 0.0708 0.5613 0.0874 
 471 0.0056 0.0096 0.0548 0.0909 0.1842 0.1272 0.0804 0.2368 0.2106 
 472 0.0061 0.0070 0.0251 0.1053 0.1325 0.1410 0.0732 0.3357 0.1742 
 473 0.0047 0.0049 0.0154 0.1021 0.0886 0.1222 0.1080 0.3682 0.1859 
 474 0.0048 0.0056 0.0173 0.1085 0.1448 0.1497 0.1052 0.3592 0.1049 
 475 0.0051 0.0056 0.0154 0.0575 0.1888 0.1673 0.1061 0.3227 0.1315 
 476 0.0066 0.0070 0.0213 0.2361 0.1426 0.1210 0.0752 0.3039 0.0862 
 477 0.0066 0.0080 0.0229 0.0769 0.2637 0.1533 0.0916 0.2595 0.1176 
 478 0.0064 0.0097 0.0151 0.0529 0.4566 0.0751 0.0716 0.2165 0.0961 
 479 0.0041 0.0050 0.0121 0.0936 0.1390 0.0727 0.0699 0.5134 0.0903 
 480 0.0054 0.0055 0.0120 0.1700 0.1063 0.0863 0.0779 0.4483 0.0884 
 481 0.0048 0.0074 0.0114 0.1088 0.1208 0.0957 0.0763 0.2587 0.3161 
 482 0.0055 0.0056 0.0099 0.1211 0.1794 0.0759 0.0705 0.4436 0.0884 
 483 0.0056 0.0056 0.0126 0.0632 0.1441 0.1029 0.0808 0.5055 0.0797 
 484 0.0047 0.0093 0.0350 0.0536 0.0856 0.1122 0.0761 0.4658 0.1578 
 485 0.0048 0.0054 0.0172 0.0588 0.1378 0.0820 0.0713 0.5414 0.0813 
 486 0.0079 0.0118 0.0332 0.1175 0.1681 0.1262 0.1060 0.1058 0.3234 
 487 0.0085 0.0082 0.0198 0.1596 0.1299 0.1435 0.1978 0.1138 0.2190 
 488 0.0078 0.0091 0.0196 0.0877 0.2236 0.0806 0.1849 0.1053 0.2812 
 489 0.0071 0.0066 0.0251 0.2243 0.0828 0.2461 0.1137 0.0802 0.2140 
 490 0.0056 0.0071 0.0369 0.1190 0.2984 0.0999 0.0758 0.1416 0.2157 
 491 0.0066 0.0126 0.0147 0.0781 0.0878 0.1910 0.1440 0.0917 0.3735 
 492 0.0046 0.0070 0.0280 0.0631 0.2318 0.1486 0.2629 0.1011 0.1529 
 493 0.0076 0.0087 0.0309 0.1655 0.1297 0.0686 0.1571 0.0790 0.3530 
 494 0.0236 0.0145 0.0161 0.1199 0.1270 0.2131 0.1315 0.0995 0.2548 
 495 0.0193 0.0203 0.0399 0.0810 0.3042 0.1320 0.2043 0.0813 0.1177 
 496 0.0050 0.0046 0.0203 0.0708 0.0907 0.3293 0.1724 0.1226 0.1845 
 497 0.0127 0.0199 0.0254 0.1276 0.0937 0.1002 0.2097 0.0953 0.3154 
 498 0.0085 0.0201 0.0256 0.1249 0.1887 0.1987 0.0776 0.1104 0.2455 
 499 0.0173 0.0073 0.0221 0.1199 0.0854 0.1683 0.2692 0.0990 0.2114 
 500 0.0110 0.0061 0.0177 0.2595 0.0944 0.0952 0.1341 0.1033 0.2788 
 501 0.0086 0.0065 0.0105 0.1461 0.1421 0.1967 0.1762 0.1390 0.1743 
 502 0.0069 0.0100 0.0096 0.0798 0.2079 0.2019 0.2014 0.1313 0.1512 
 503 0.0061 0.0055 0.0137 0.1919 0.1147 0.1096 0.0969 0.2054 0.2562 
 504 0.0069 0.0104 0.0233 0.0683 0.3062 0.1415 0.0915 0.1212 0.2307 
 505 0.0070 0.0064 0.0170 0.0745 0.1132 0.2366 0.1162 0.0874 0.3416 
 506 0.0057 0.0112 0.0119 0.0700 0.2128 0.2212 0.1752 0.0929 0.1991 
 507 0.0057 0.0049 0.0238 0.0505 0.0589 0.3061 0.3250 0.0803 0.1449 
 508 0.0121 0.0077 0.0325 0.0517 0.0757 0.2640 0.3135 0.0704 0.1723 
 509 0.0063 0.0057 0.0181 0.0644 0.0949 0.2035 0.2149 0.1046 0.2876 
 510 0.0126 0.0061 0.0151 0.2019 0.1141 0.1815 0.2375 0.0791 0.1521 
 511 0.0083 0.0110 0.0141 0.1379 0.2177 0.1507 0.0947 0.1753 0.1902 
 512 0.0064 0.0071 0.0101 0.2229 0.2398 0.0847 0.0791 0.1726 0.1772 
 513 0.0084 0.0484 0.0720 0.0454 0.1978 0.1061 0.1096 0.0624 0.3498 
 514 0.0062 0.0053 0.0125 0.0579 0.3159 0.1052 0.1506 0.1425 0.2039 
 515 0.0089 0.0103 0.0347 0.0908 0.0845 0.1077 0.2225 0.2785 0.1621 
 516 0.0079 0.0062 0.0236 0.0574 0.1955 0.1743 0.1033 0.1116 0.3202 
 517 0.0059 0.0061 0.0277 0.0556 0.1166 0.1622 0.1859 0.2644 0.1756 
 518 0.0480 0.0053 0.0112 0.1912 0.0918 0.1105 0.2519 0.0956 0.1946 
 519 0.0051 0.0068 0.0131 0.0600 0.3278 0.1638 0.1178 0.1495 0.1562 
 520 0.0061 0.0060 0.0458 0.0604 0.0658 0.2003 0.2353 0.2465 0.1339 
 521 0.0049 0.0057 0.0152 0.0603 0.1509 0.1201 0.3106 0.1067 0.2256 
 522 0.0160 0.0084 0.1153 0.2160 0.1157 0.0889 0.1266 0.1603 0.1529 
 523 0.0068 0.0057 0.0779 0.0534 0.1211 0.2372 0.1985 0.1642 0.1353 
 524 0.0061 0.0054 0.0277 0.0579 0.0865 0.0986 0.1662 0.3788 0.1728 
 525 0.0634 0.0060 0.0205 0.0901 0.0704 0.1738 0.2240 0.1988 0.1529 
 526 0.0047 0.0057 0.0534 0.0530 0.0635 0.1932 0.1037 0.3561 0.1667 
 527 0.0544 0.0069 0.0106 0.1917 0.2045 0.0893 0.1297 0.1279 0.1849 
 528 0.0041 0.0047 0.0152 0.0610 0.0832 0.1077 0.4086 0.0789 0.2365 
 529 0.0680 0.0096 0.0146 0.0687 0.1029 0.1390 0.1711 0.1089 0.3172 
 530 0.0055 0.0078 0.0233 0.1831 0.1049 0.1432 0.1475 0.2148 0.1698 
 531 0.0053 0.0060 0.0170 0.0653 0.0871 0.1099 0.3412 0.2499 0.1184 
 532 0.0125 0.0069 0.0199 0.1345 0.1196 0.0808 0.3105 0.0782 0.2372 
 533 0.0514 0.0065 0.0226 0.1162 0.0837 0.1113 0.1398 0.1947 0.2739 
 534 0.0610 0.0096 0.0509 0.0490 0.1194 0.1263 0.2021 0.0747 0.3070 
 535 0.0046 0.0063 0.0356 0.0547 0.1406 0.2087 0.1040 0.2646 0.1809 
 536 0.0056 0.0078 0.0155 0.0726 0.1096 0.2780 0.1287 0.1994 0.1828 
 537 0.0051 0.0077 0.0169 0.0671 0.0920 0.4559 0.1165 0.0939 0.1448 
 538 0.0043 0.0055 0.0222 0.0735 0.0813 0.3006 0.1313 0.1300 0.2512 
 539 0.0040 0.0048 0.0116 0.0635 0.0652 0.4128 0.2210 0.0664 0.1507 
 540 0.0051 0.0070 0.0293 0.0845 0.0715 0.1409 0.2163 0.1647 0.2808 
 541 0.0067 0.0134 0.0250 0.0845 0.0894 0.1966 0.2942 0.1553 0.1350 
 542 0.0049 0.0121 0.0221 0.0605 0.0727 0.1906 0.0832 0.2541 0.2998 
 543 0.0075 0.0147 0.1023 0.0544 0.1472 0.1472 0.1989 0.1572 0.1706 
 544 0.0041 0.0070 0.0626 0.0610 0.0833 0.2514 0.1216 0.2091 0.1999 
 545 0.0049 0.0099 0.0707 0.0618 0.1138 0.1650 0.0743 0.2775 0.2221 
 546 0.0046 0.0125 0.0220 0.0619 0.0723 0.2238 0.1298 0.1488 0.3243 
 547 0.0049 0.0084 0.0950 0.0485 0.0935 0.3646 0.1089 0.1461 0.1302 
 548 0.0045 0.0053 0.0104 0.0723 0.0807 0.1744 0.2260 0.0798 0.3466 
 549 0.0056 0.0074 0.0148 0.0487 0.0732 0.4344 0.1247 0.2044 0.0868 
 550 0.0041 0.0081 0.0403 0.0693 0.1445 0.2374 0.0801 0.2802 0.1360 
 551 0.0060 0.0058 0.0145 0.0538 0.0844 0.4229 0.1881 0.1270 0.0975 
 552 0.0045 0.0055 0.0190 0.0707 0.0668 0.2939 0.1479 0.0997 0.2919 
 553 0.0071 0.0147 0.1513 0.0534 0.1070 0.2467 0.1573 0.1049 0.1575 
 554 0.0078 0.0099 0.0259 0.1845 0.1037 0.1187 0.1779 0.1476 0.2239 
 555 0.0057 0.0137 0.0207 0.0742 0.0951 0.3717 0.1604 0.0911 0.1675 
 556 0.0048 0.0062 0.0156 0.0667 0.0855 0.3189 0.1219 0.1153 0.2652 
 557 0.0046 0.0081 0.0232 0.0670 0.1502 0.1810 0.1217 0.3231 0.1211 
 558 0.0054 0.0055 0.0094 0.1112 0.1724 0.0776 0.0710 0.4698 0.0776 
 559 0.0054 0.0055 0.0242 0.0824 0.1713 0.1297 0.0929 0.1224 0.3660 
 560 0.0042 0.0066 0.0108 0.0493 0.3590 0.0676 0.0593 0.2956 0.1477 
 561 0.0049 0.0075 0.0151 0.0735 0.1553 0.0874 0.0734 0.3508 0.2322 
 562 0.0052 0.0083 0.0300 0.1149 0.2278 0.0709 0.0591 0.1886 0.2952 
 563 0.0075 0.0077 0.0172 0.0505 0.2757 0.2426 0.1156 0.1873 0.0958 
 564 0.0073 0.0082 0.0302 0.1114 0.0963 0.0887 0.1165 0.1229 0.4186 
 565 0.0045 0.0046 0.0098 0.1009 0.0894 0.0893 0.0760 0.5154 0.1100 
 566 0.0039 0.0047 0.0124 0.1000 0.4121 0.0658 0.0626 0.2222 0.1164 
 567 0.0051 0.0060 0.0186 0.0990 0.1140 0.0851 0.0760 0.1066 0.4895 
 568 0.0050 0.0050 0.0167 0.0561 0.1552 0.1265 0.0963 0.2862 0.2530 
 569 0.0065 0.0057 0.0745 0.1998 0.1613 0.0968 0.1214 0.2016 0.1323 
 570 0.0060 0.0050 0.0117 0.3514 0.1651 0.0648 0.0685 0.2102 0.1173 
 571 0.0048 0.0048 0.0146 0.0591 0.3419 0.0901 0.0955 0.2021 0.1872 
 572 0.0039 0.0082 0.0768 0.0933 0.0781 0.3053 0.1227 0.1584 0.1534 
 573 0.0063 0.0069 0.0316 0.0726 0.0853 0.0947 0.1093 0.2522 0.3412 
 574 0.0059 0.0057 0.0178 0.2681 0.0881 0.1508 0.1585 0.1746 0.1305 
 575 0.0048 0.0056 0.0112 0.0562 0.2175 0.1673 0.1228 0.2360 0.1786 
 576 0.0048 0.0081 0.0118 0.0998 0.3689 0.0644 0.0660 0.2330 0.1432 
 577 0.0068 0.0054 0.0125 0.2221 0.1213 0.1885 0.1282 0.1738 0.1413 
 578 0.0049 0.0071 0.0173 0.0813 0.2396 0.1007 0.0919 0.2833 0.1740 
 579 0.0053 0.0149 0.0149 0.0858 0.1224 0.0772 0.0871 0.3154 0.2771 
