   1 0.0170 0.1253 0.0996 0.0990 0.2449 0.4141 
   2 0.0228 0.0600 0.0211 0.3196 0.4485 0.1281 
   3 0.0071 0.0716 0.0838 0.1257 0.4394 0.2723 
   4 0.0101 0.0743 0.0368 0.1061 0.1518 0.6209 
   5 0.0275 0.0652 0.0232 0.2267 0.5355 0.1220 
   6 0.0072 0.0425 0.0309 0.0573 0.7557 0.1064 
   7 0.0101 0.2372 0.0436 0.0521 0.5587 0.0983 
   8 0.0104 0.0992 0.0404 0.0732 0.3664 0.4105 
   9 0.0261 0.0937 0.0398 0.1581 0.4602 0.2221 
  10 0.0142 0.0795 0.0345 0.0525 0.5450 0.2743 
  11 0.0208 0.2984 0.0818 0.0535 0.4360 0.1096 
  12 0.0158 0.0706 0.0212 0.2047 0.5132 0.1745 
  13 0.0173 0.0651 0.0276 0.1099 0.6099 0.1703 
  14 0.0104 0.0472 0.0582 0.3638 0.2881 0.2322 
  15 0.0103 0.0942 0.0586 0.1622 0.3238 0.3509 
  16 0.0189 0.0668 0.0619 0.0859 0.5966 0.1698 
  17 0.0174 0.0550 0.0308 0.1381 0.6096 0.1492 
  18 0.0118 0.0425 0.0703 0.1544 0.5174 0.2036 
  19 0.0095 0.0551 0.0251 0.0684 0.7154 0.1265 
  20 0.0138 0.1217 0.0426 0.1916 0.4675 0.1628 
  21 0.0119 0.0600 0.0566 0.2331 0.2577 0.3807 
  22 0.0103 0.0406 0.0356 0.0747 0.6434 0.1953 
  23 0.0362 0.0821 0.0464 0.2563 0.1923 0.3868 
  24 0.0169 0.0564 0.0546 0.0936 0.4192 0.3594 
  25 0.0100 0.0819 0.0381 0.0929 0.7010 0.0761 
  26 0.0115 0.0586 0.0395 0.1206 0.5276 0.2422 
  27 0.0192 0.0577 0.0412 0.1467 0.5150 0.2202 
  28 0.0124 0.1682 0.0650 0.0691 0.2347 0.4506 
  29 0.0254 0.1104 0.0277 0.2154 0.4603 0.1609 
  30 0.0146 0.0397 0.0523 0.1201 0.6074 0.1657 
  31 0.0207 0.0841 0.0308 0.1773 0.4382 0.2489 
  32 0.0092 0.0766 0.0373 0.1387 0.4312 0.3069 
  33 0.0135 0.1210 0.0996 0.1393 0.3463 0.2804 
  34 0.0460 0.1957 0.0583 0.0609 0.4798 0.1593 
  35 0.0366 0.0571 0.0338 0.3242 0.4146 0.1339 
  36 0.0119 0.0479 0.3464 0.3039 0.1390 0.1508 
  37 0.0095 0.0901 0.0271 0.1960 0.2901 0.3872 
  38 0.0392 0.0892 0.4984 0.1354 0.1562 0.0816 
  39 0.0339 0.1093 0.1403 0.2325 0.3523 0.1318 
  40 0.0161 0.0364 0.0451 0.4465 0.2084 0.2475 
  41 0.0630 0.0834 0.1369 0.3685 0.2274 0.1207 
  42 0.0421 0.0580 0.2066 0.1419 0.0979 0.4534 
  43 0.0188 0.0939 0.0231 0.4431 0.2103 0.2107 
  44 0.0167 0.0518 0.0267 0.5377 0.2730 0.0941 
  45 0.0458 0.0601 0.2132 0.3795 0.2068 0.0946 
  46 0.0137 0.0765 0.0439 0.2460 0.5120 0.1078 
  47 0.0261 0.0737 0.0254 0.1497 0.5228 0.2024 
  48 0.0210 0.0359 0.0287 0.5614 0.2575 0.0955 
  49 0.0684 0.0877 0.0806 0.2657 0.3134 0.1842 
  50 0.0188 0.1165 0.0412 0.1346 0.5359 0.1530 
  51 0.0203 0.0376 0.1776 0.5764 0.0848 0.1033 
  52 0.0366 0.1090 0.1350 0.1820 0.3655 0.1718 
  53 0.0147 0.0679 0.4492 0.1081 0.2119 0.1483 
  54 0.0246 0.0704 0.0189 0.3435 0.3396 0.2032 
  55 0.0134 0.0597 0.0225 0.5908 0.1904 0.1231 
  56 0.0394 0.0439 0.0791 0.4056 0.2612 0.1709 
  57 0.0191 0.0736 0.0303 0.0582 0.5285 0.2903 
  58 0.0346 0.0704 0.0690 0.4274 0.2327 0.1659 
  59 0.1291 0.0757 0.2489 0.2447 0.1642 0.1373 
  60 0.0101 0.0509 0.0733 0.4448 0.1455 0.2753 
  61 0.0114 0.0419 0.0187 0.6456 0.1047 0.1777 
  62 0.1661 0.0658 0.0372 0.1462 0.4469 0.1378 
  63 0.0140 0.1788 0.0631 0.3224 0.1774 0.2443 
  64 0.0218 0.0557 0.0883 0.1329 0.6036 0.0977 
  65 0.0157 0.3284 0.0311 0.1661 0.3775 0.0812 
  66 0.0139 0.1180 0.0308 0.3330 0.2011 0.3032 
  67 0.0129 0.0661 0.0188 0.5795 0.2184 0.1042 
  68 0.0865 0.0751 0.2832 0.2283 0.1560 0.1709 
  69 0.1205 0.1499 0.3221 0.0918 0.1422 0.1734 
  70 0.0121 0.1482 0.1309 0.3453 0.1494 0.2141 
  71 0.0913 0.0675 0.1925 0.4081 0.1630 0.0776 
  72 0.0103 0.0872 0.1873 0.2377 0.3496 0.1280 
  73 0.0737 0.0769 0.0329 0.5389 0.1899 0.0877 
  74 0.0122 0.0461 0.3403 0.2159 0.1281 0.2573 
  75 0.0187 0.0354 0.1998 0.2525 0.1081 0.3855 
  76 0.0089 0.1874 0.0363 0.4085 0.2251 0.1339 
  77 0.0765 0.0859 0.2496 0.3309 0.1618 0.0953 
  78 0.0826 0.0748 0.3786 0.2295 0.1294 0.1050 
  79 0.0111 0.1028 0.0396 0.0695 0.6600 0.1170 
  80 0.0103 0.0944 0.0303 0.0706 0.2047 0.5896 
  81 0.0081 0.1268 0.0372 0.0633 0.3059 0.4589 
  82 0.0278 0.0998 0.0362 0.3107 0.2699 0.2556 
  83 0.0074 0.1286 0.0862 0.1264 0.2849 0.3665 
  84 0.0085 0.1474 0.0716 0.0913 0.3461 0.3352 
  85 0.0079 0.0579 0.0870 0.1046 0.3483 0.3942 
  86 0.0224 0.0865 0.0301 0.3700 0.3727 0.1182 
  87 0.0105 0.2912 0.0668 0.1142 0.3780 0.1394 
  88 0.0096 0.1634 0.0340 0.1046 0.2687 0.4198 
  89 0.0083 0.1088 0.0315 0.0981 0.2593 0.4941 
  90 0.0109 0.2520 0.0410 0.1007 0.4420 0.1535 
  91 0.0066 0.0690 0.0753 0.0899 0.1950 0.5642 
  92 0.0111 0.1137 0.0375 0.1134 0.5091 0.2153 
  93 0.0087 0.0407 0.0228 0.0580 0.1075 0.7623 
  94 0.0080 0.4668 0.1842 0.0701 0.1587 0.1122 
  95 0.0088 0.3744 0.0326 0.0927 0.2101 0.2814 
  96 0.0127 0.0535 0.0226 0.5023 0.1049 0.3039 
  97 0.0167 0.0409 0.2203 0.2496 0.1325 0.3400 
  98 0.0252 0.0468 0.0356 0.4140 0.2968 0.1816 
  99 0.0089 0.1629 0.0499 0.0906 0.3818 0.3059 
 100 0.0106 0.0428 0.0182 0.1314 0.1360 0.6611 
 101 0.0107 0.2079 0.0570 0.1803 0.3099 0.2342 
 102 0.0225 0.1761 0.0759 0.1417 0.1409 0.4429 
 103 0.0163 0.2296 0.0262 0.3086 0.1565 0.2628 
 104 0.0122 0.4152 0.0289 0.1499 0.2525 0.1412 
 105 0.0403 0.4319 0.0217 0.1505 0.1373 0.2185 
 106 0.0095 0.3508 0.0797 0.1056 0.3923 0.0621 
 107 0.0158 0.4135 0.0243 0.1945 0.1342 0.2178 
 108 0.0075 0.0425 0.0831 0.6568 0.1260 0.0841 
 109 0.2042 0.1640 0.0938 0.1697 0.3030 0.0653 
 110 0.0119 0.5776 0.0656 0.0651 0.2103 0.0695 
 111 0.0249 0.6415 0.0209 0.0920 0.1297 0.0910 
 112 0.2933 0.3948 0.0497 0.0724 0.1192 0.0707 
 113 0.0179 0.1243 0.0507 0.3827 0.2510 0.1733 
 114 0.0306 0.4039 0.0273 0.1228 0.2388 0.1766 
 115 0.0253 0.4347 0.0293 0.2386 0.1655 0.1066 
 116 0.0187 0.2027 0.1429 0.2697 0.2956 0.0704 
 117 0.0330 0.5946 0.0481 0.0638 0.1795 0.0810 
 118 0.0462 0.1637 0.0296 0.4300 0.2344 0.0961 
 119 0.0086 0.0890 0.0535 0.4194 0.1184 0.3110 
 120 0.0600 0.3847 0.0362 0.1812 0.2090 0.1289 
 121 0.0603 0.4711 0.0393 0.2085 0.1380 0.0827 
 122 0.0280 0.3170 0.0638 0.1035 0.3988 0.0889 
 123 0.0154 0.5444 0.0481 0.1269 0.1474 0.1178 
 124 0.0397 0.3746 0.1022 0.2003 0.1922 0.0910 
 125 0.0642 0.3075 0.1429 0.0904 0.2866 0.1085 
 126 0.0107 0.2897 0.1197 0.2392 0.2025 0.1382 
 127 0.0177 0.6296 0.0204 0.1194 0.1128 0.1000 
 128 0.0381 0.1476 0.0216 0.4208 0.2687 0.1031 
 129 0.0192 0.4364 0.0225 0.2571 0.1756 0.0892 
 130 0.0514 0.3732 0.0300 0.1251 0.2312 0.1892 
 131 0.0447 0.2886 0.3230 0.1309 0.1416 0.0711 
 132 0.0160 0.2665 0.0537 0.1785 0.4119 0.0735 
 133 0.0143 0.4751 0.0283 0.1982 0.1584 0.1257 
 134 0.0218 0.6076 0.0374 0.0575 0.2218 0.0539 
 135 0.0339 0.0396 0.0322 0.2301 0.1076 0.5566 
 136 0.0126 0.0292 0.0220 0.0553 0.1499 0.7309 
 137 0.0252 0.0749 0.0239 0.0441 0.0927 0.7392 
 138 0.0079 0.0309 0.0278 0.0592 0.0960 0.7782 
 139 0.0159 0.0410 0.0274 0.3765 0.1541 0.3851 
 140 0.0119 0.0598 0.0475 0.1502 0.1919 0.5388 
 141 0.0145 0.0323 0.0340 0.0725 0.1984 0.6484 
 142 0.0270 0.0377 0.0280 0.2859 0.0968 0.5246 
 143 0.0069 0.0293 0.0182 0.0502 0.0787 0.8167 
 144 0.0250 0.0716 0.0211 0.0488 0.0850 0.7484 
 145 0.0205 0.0335 0.0348 0.0978 0.2395 0.5740 
 146 0.0119 0.0787 0.0407 0.0832 0.2315 0.5540 
 147 0.0078 0.0292 0.0198 0.0426 0.0872 0.8134 
 148 0.0232 0.0552 0.0250 0.1513 0.1843 0.5610 
 149 0.0139 0.0320 0.0356 0.0960 0.1002 0.7223 
 150 0.0312 0.1112 0.0261 0.0718 0.1325 0.6274 
 151 0.0088 0.0398 0.0209 0.0686 0.1055 0.7564 
 152 0.0184 0.0444 0.0412 0.1987 0.1887 0.5086 
 153 0.0096 0.0431 0.0410 0.0786 0.1098 0.7179 
 154 0.0129 0.0309 0.0243 0.0881 0.1419 0.7019 
 155 0.0074 0.0397 0.0199 0.0614 0.0954 0.7762 
 156 0.0157 0.0531 0.0215 0.1794 0.0827 0.6476 
 157 0.0074 0.1139 0.0410 0.0575 0.1224 0.6578 
 158 0.0205 0.0332 0.0394 0.0718 0.2170 0.6181 
 159 0.0094 0.0308 0.0204 0.0460 0.0856 0.8078 
 160 0.0101 0.0298 0.0203 0.0514 0.0929 0.7955 
 161 0.0114 0.0490 0.0414 0.0729 0.1398 0.6855 
 162 0.0124 0.0676 0.0355 0.1121 0.2812 0.4911 
 163 0.0074 0.0372 0.0217 0.0707 0.0826 0.7803 
 164 0.0100 0.0602 0.0314 0.1104 0.2309 0.5571 
 165 0.0310 0.1033 0.0252 0.0652 0.1092 0.6661 
 166 0.0076 0.1098 0.0875 0.1275 0.1163 0.5515 
 167 0.0102 0.0491 0.0235 0.0580 0.2357 0.6234 
 168 0.0085 0.0375 0.0682 0.0898 0.1235 0.6725 
 169 0.0302 0.0312 0.2170 0.0691 0.2098 0.4427 
 170 0.0092 0.0467 0.0229 0.1347 0.1004 0.6861 
 171 0.0094 0.0398 0.0517 0.1234 0.2023 0.5733 
 172 0.0207 0.0299 0.1920 0.1164 0.0967 0.5443 
 173 0.0092 0.0291 0.0180 0.0680 0.0983 0.7775 
 174 0.0078 0.0397 0.0224 0.0523 0.1145 0.7632 
 175 0.0094 0.0281 0.0192 0.0591 0.1416 0.7426 
 176 0.0249 0.0721 0.0216 0.0486 0.0854 0.7473 
 177 0.0100 0.1119 0.0782 0.0717 0.1665 0.5617 
 178 0.0089 0.0407 0.0234 0.0592 0.2040 0.6639 
 179 0.0066 0.0293 0.0186 0.0504 0.0921 0.8029 
 180 0.0125 0.0536 0.0355 0.0808 0.1952 0.6225 
 181 0.0149 0.0332 0.0313 0.1129 0.1324 0.6753 
 182 0.0111 0.0303 0.0189 0.0938 0.0940 0.7519 
 183 0.0075 0.0298 0.0185 0.0595 0.0969 0.7878 
 184 0.0124 0.0506 0.0226 0.3526 0.4411 0.1206 
 185 0.0134 0.0286 0.0188 0.1580 0.0702 0.7110 
 186 0.0092 0.1138 0.0210 0.2931 0.4363 0.1265 
 187 0.0085 0.0613 0.0216 0.2929 0.2293 0.3864 
 188 0.0109 0.0814 0.0180 0.4074 0.3922 0.0901 
 189 0.0078 0.0401 0.1004 0.1851 0.3019 0.3647 
 190 0.0120 0.0291 0.0159 0.6152 0.0674 0.2605 
 191 0.0189 0.0385 0.0192 0.4014 0.3361 0.1859 
 192 0.0098 0.0862 0.0228 0.1917 0.3078 0.3817 
 193 0.0184 0.0411 0.0272 0.2892 0.3088 0.3153 
 194 0.0093 0.0928 0.0277 0.2610 0.2144 0.3947 
 195 0.0088 0.0313 0.0173 0.3180 0.0961 0.5285 
 196 0.0116 0.0391 0.0188 0.6157 0.0965 0.2182 
 197 0.0103 0.0922 0.0210 0.2297 0.4062 0.2406 
 198 0.0098 0.0644 0.0500 0.2486 0.3684 0.2588 
 199 0.0129 0.0429 0.0267 0.5472 0.1193 0.2509 
 200 0.0232 0.0332 0.0370 0.5403 0.1714 0.1950 
 201 0.0087 0.0403 0.0170 0.2232 0.1223 0.5885 
 202 0.0108 0.0466 0.0175 0.1918 0.0980 0.6353 
 203 0.0156 0.0362 0.0165 0.2443 0.1262 0.5612 
 204 0.0110 0.0337 0.0164 0.5773 0.1077 0.2539 
 205 0.0093 0.0402 0.0255 0.6026 0.1576 0.1649 
 206 0.0104 0.0360 0.0162 0.4669 0.1471 0.3235 
 207 0.0157 0.0473 0.0162 0.6420 0.1345 0.1443 
 208 0.0108 0.0367 0.0167 0.4783 0.1197 0.3377 
 209 0.0187 0.0395 0.0202 0.3984 0.2922 0.2309 
 210 0.0111 0.0455 0.0173 0.5027 0.1372 0.2862 
 211 0.0435 0.0749 0.0164 0.4759 0.1136 0.2758 
 212 0.0110 0.0296 0.0235 0.1494 0.1485 0.6379 
 213 0.0121 0.1054 0.0382 0.4485 0.1708 0.2249 
 214 0.0144 0.0365 0.0170 0.2104 0.1208 0.6008 
 215 0.0117 0.0438 0.0210 0.6626 0.1461 0.1148 
 216 0.0122 0.0704 0.0252 0.3170 0.3977 0.1776 
 217 0.0092 0.0325 0.0216 0.3087 0.1326 0.4954 
 218 0.0109 0.0506 0.0248 0.4559 0.2341 0.2236 
 219 0.0080 0.0512 0.0326 0.1690 0.3904 0.3488 
 220 0.0123 0.0381 0.0165 0.6226 0.1491 0.1615 
 221 0.0108 0.0278 0.0174 0.1527 0.0773 0.7140 
 222 0.0085 0.0730 0.0252 0.2010 0.4501 0.2421 
 223 0.0082 0.0630 0.0293 0.2115 0.2114 0.4767 
 224 0.0115 0.0385 0.0165 0.2461 0.1611 0.5263 
 225 0.0096 0.0444 0.0216 0.5398 0.1400 0.2445 
 226 0.0131 0.0483 0.0926 0.4152 0.2064 0.2244 
 227 0.0096 0.0509 0.0174 0.4316 0.1196 0.3710 
 228 0.0137 0.0290 0.0171 0.4198 0.0846 0.4357 
 229 0.0117 0.0464 0.0168 0.1988 0.2222 0.5041 
 230 0.0155 0.0436 0.0163 0.3170 0.1871 0.4206 
 231 0.0159 0.0355 0.0198 0.2005 0.2749 0.4534 
 232 0.0126 0.0675 0.0489 0.2216 0.2253 0.4242 
 233 0.0122 0.0363 0.0168 0.1604 0.1264 0.6479 
 234 0.0124 0.0565 0.0267 0.2225 0.3643 0.3176 
 235 0.0090 0.0402 0.0300 0.3302 0.2056 0.3849 
 236 0.0139 0.0506 0.0228 0.2281 0.1925 0.4921 
 237 0.0233 0.0375 0.0197 0.5518 0.1750 0.1928 
 238 0.0106 0.0526 0.0187 0.1908 0.1481 0.5791 
 239 0.0084 0.0312 0.0171 0.3178 0.0956 0.5300 
 240 0.0114 0.0523 0.0189 0.1892 0.1490 0.5792 
 241 0.0101 0.0384 0.0226 0.1719 0.1042 0.6528 
 242 0.0099 0.0342 0.0386 0.3199 0.2949 0.3025 
 243 0.0140 0.0322 0.0154 0.6291 0.0800 0.2293 
 244 0.0162 0.0362 0.0162 0.2744 0.1390 0.5180 
 245 0.0074 0.0389 0.0194 0.1228 0.0937 0.7177 
 246 0.0093 0.0324 0.0212 0.3121 0.1329 0.4921 
 247 0.0102 0.1710 0.0439 0.4302 0.2413 0.1034 
 248 0.0143 0.0594 0.0202 0.6370 0.1650 0.1041 
 249 0.0136 0.0444 0.0168 0.2614 0.1672 0.4966 
 250 0.0132 0.0583 0.0207 0.2450 0.2577 0.4051 
 251 0.0196 0.0470 0.0608 0.4066 0.2925 0.1737 
 252 0.0080 0.0525 0.0234 0.3533 0.1767 0.3860 
 253 0.0100 0.0824 0.0432 0.4718 0.2241 0.1686 
 254 0.0093 0.0634 0.0201 0.2726 0.3667 0.2679 
 255 0.0128 0.0422 0.0206 0.2279 0.3749 0.3216 
 256 0.0127 0.0422 0.0215 0.3680 0.1329 0.4226 
 257 0.0135 0.0715 0.0235 0.4315 0.1705 0.2896 
 258 0.0139 0.0545 0.0287 0.5480 0.1914 0.1636 
 259 0.0128 0.0597 0.0205 0.3535 0.2518 0.3017 
 260 0.0097 0.0629 0.0205 0.1130 0.3707 0.4233 
 261 0.0078 0.0456 0.0255 0.2972 0.1333 0.4905 
 262 0.0097 0.0272 0.0204 0.4499 0.0838 0.4089 
 263 0.0153 0.0477 0.0161 0.4970 0.2489 0.1750 
 264 0.0118 0.0605 0.0310 0.2244 0.5856 0.0867 
 265 0.0089 0.0429 0.0276 0.3775 0.2471 0.2960 
 266 0.0098 0.0288 0.0170 0.1614 0.0788 0.7041 
 267 0.0210 0.0495 0.0198 0.2674 0.2775 0.3649 
 268 0.0119 0.0399 0.0189 0.6194 0.0946 0.2153 
 269 0.0100 0.0401 0.0482 0.2088 0.3738 0.3192 
 270 0.0137 0.0732 0.0220 0.3058 0.3921 0.1932 
 271 0.0129 0.0558 0.0277 0.5904 0.1543 0.1589 
 272 0.0144 0.0495 0.0687 0.5653 0.1424 0.1596 
 273 0.0323 0.0775 0.0569 0.2419 0.2612 0.3303 
 274 0.0109 0.0481 0.0360 0.4354 0.2574 0.2122 
 275 0.0210 0.0458 0.0442 0.4226 0.2135 0.2529 
 276 0.0183 0.0517 0.0560 0.5701 0.1548 0.1491 
 277 0.0088 0.0631 0.0288 0.2300 0.2411 0.4283 
 278 0.0125 0.0385 0.0210 0.6781 0.1150 0.1350 
 279 0.0119 0.0557 0.0285 0.3749 0.2073 0.3216 
 280 0.0114 0.0419 0.0418 0.3642 0.2711 0.2696 
 281 0.0103 0.0681 0.0309 0.4184 0.2404 0.2320 
 282 0.0095 0.0531 0.0232 0.1377 0.2141 0.5624 
 283 0.0089 0.0491 0.0171 0.1518 0.1683 0.6048 
 284 0.0171 0.0891 0.0256 0.2997 0.1952 0.3733 
 285 0.0150 0.0509 0.0271 0.6763 0.1583 0.0725 
 286 0.0161 0.0365 0.0163 0.2718 0.1381 0.5210 
 287 0.0077 0.0553 0.0406 0.2510 0.3492 0.2962 
 288 0.0124 0.0452 0.0505 0.5419 0.1891 0.1607 
 289 0.0158 0.0766 0.0431 0.5261 0.1951 0.1433 
 290 0.0374 0.0471 0.0364 0.3960 0.2636 0.2195 
 291 0.0130 0.0570 0.0282 0.5877 0.1538 0.1603 
 292 0.0096 0.0382 0.0518 0.3958 0.1810 0.3236 
 293 0.0345 0.0453 0.0455 0.3933 0.3504 0.1310 
 294 0.0121 0.0433 0.0190 0.5341 0.2581 0.1333 
 295 0.0259 0.0626 0.0757 0.4141 0.2003 0.2214 
 296 0.0122 0.0493 0.0221 0.6129 0.1507 0.1529 
 297 0.0101 0.0453 0.0394 0.3193 0.3957 0.1901 
 298 0.0092 0.0616 0.0220 0.1463 0.2943 0.4667 
 299 0.0105 0.0537 0.0165 0.3210 0.3965 0.2018 
 300 0.0165 0.0390 0.0225 0.6241 0.1682 0.1298 
 301 0.0144 0.0492 0.0270 0.2934 0.4486 0.1674 
 302 0.0172 0.0453 0.0205 0.5765 0.1997 0.1407 
 303 0.0149 0.0406 0.0249 0.2236 0.1924 0.5036 
 304 0.0109 0.0734 0.0183 0.0759 0.3769 0.4446 
 305 0.0125 0.0294 0.0227 0.4430 0.1112 0.3811 
 306 0.0094 0.0369 0.0286 0.2456 0.1695 0.5100 
 307 0.0127 0.0596 0.0276 0.2400 0.2549 0.4052 
 308 0.0080 0.0451 0.0251 0.3022 0.1303 0.4893 
 309 0.0411 0.0659 0.0251 0.5929 0.1367 0.1382 
 310 0.0127 0.0340 0.0164 0.4558 0.1042 0.3769 
 311 0.0166 0.0431 0.0159 0.3149 0.1894 0.4200 
 312 0.0121 0.0495 0.0163 0.6496 0.1200 0.1524 
 313 0.0104 0.0409 0.0190 0.7243 0.1061 0.0994 
 314 0.0094 0.0281 0.0228 0.0652 0.0742 0.8004 
 315 0.0071 0.0351 0.0436 0.0809 0.0899 0.7434 
 316 0.0081 0.0394 0.0558 0.0642 0.1118 0.7208 
 317 0.0089 0.0285 0.0227 0.0449 0.0794 0.8156 
 318 0.0082 0.0284 0.0237 0.0382 0.0850 0.8165 
 319 0.0074 0.0280 0.0182 0.0516 0.0833 0.8114 
 320 0.0094 0.0276 0.0225 0.0644 0.0738 0.8022 
 321 0.0095 0.0289 0.0244 0.0419 0.0854 0.8098 
 322 0.0097 0.0380 0.0510 0.0875 0.1025 0.7114 
 323 0.0064 0.0290 0.0194 0.0409 0.0910 0.8134 
 324 0.0090 0.0296 0.0243 0.0413 0.0855 0.8102 
 325 0.0088 0.0365 0.0589 0.0548 0.1005 0.7404 
 326 0.0128 0.0396 0.0772 0.0568 0.0993 0.7144 
 327 0.0092 0.0288 0.0222 0.0453 0.0789 0.8156 
 328 0.0077 0.0360 0.0435 0.0723 0.1046 0.7359 
 329 0.0067 0.0294 0.0195 0.0382 0.0827 0.8234 
 330 0.0091 0.0291 0.0225 0.0450 0.0796 0.8148 
 331 0.0068 0.0279 0.0196 0.0411 0.0842 0.8204 
 332 0.0091 0.0382 0.0633 0.0525 0.1118 0.7251 
 333 0.0099 0.0389 0.0534 0.0650 0.1000 0.7328 
 334 0.0076 0.0359 0.0431 0.0733 0.1053 0.7348 
 335 0.0076 0.0360 0.0405 0.0719 0.0935 0.7505 
 336 0.0090 0.0294 0.0255 0.0501 0.0849 0.8012 
 337 0.0099 0.0372 0.0602 0.0618 0.1028 0.7282 
 338 0.0088 0.0293 0.0250 0.0373 0.0858 0.8137 
 339 0.0066 0.0283 0.0191 0.0416 0.0857 0.8187 
 340 0.0063 0.0277 0.0182 0.0453 0.0782 0.8243 
 341 0.0096 0.0303 0.0234 0.0437 0.0877 0.8054 
 342 0.0089 0.0286 0.0224 0.0454 0.0787 0.8160 
 343 0.0081 0.0366 0.0436 0.0957 0.0978 0.7183 
 344 0.0067 0.0286 0.0198 0.0378 0.0815 0.8256 
 345 0.0091 0.0290 0.0225 0.0456 0.0794 0.8143 
 346 0.0079 0.0284 0.0224 0.0409 0.0782 0.8222 
 347 0.0068 0.0280 0.0178 0.0417 0.0760 0.8297 
 348 0.0075 0.0341 0.0381 0.1142 0.0842 0.7219 
 349 0.0092 0.0285 0.0229 0.0450 0.0789 0.8154 
 350 0.0072 0.0278 0.0199 0.0593 0.0815 0.8044 
 351 0.0076 0.0358 0.0392 0.0710 0.0923 0.7539 
 352 0.0093 0.0362 0.0519 0.0718 0.0936 0.7372 
 353 0.0092 0.0286 0.0253 0.0503 0.0843 0.8023 
 354 0.0076 0.0301 0.0204 0.0388 0.0841 0.8190 
 355 0.0083 0.0288 0.0239 0.0379 0.0848 0.8163 
 356 0.0076 0.0358 0.0381 0.1146 0.0841 0.7199 
 357 0.0095 0.0367 0.0966 0.0694 0.2816 0.5063 
 358 0.0075 0.0376 0.0469 0.0540 0.1022 0.7518 
 359 0.0070 0.0290 0.0199 0.0405 0.0863 0.8173 
 360 0.0078 0.0285 0.0217 0.0411 0.0776 0.8232 
 361 0.0112 0.0382 0.1013 0.0891 0.2846 0.4756 
 362 0.0138 0.0892 0.1720 0.1861 0.3921 0.1467 
 363 0.0150 0.1477 0.0876 0.1340 0.5273 0.0885 
 364 0.0192 0.0545 0.0338 0.0872 0.4738 0.3316 
 365 0.0443 0.0568 0.0946 0.0840 0.6199 0.1004 
 366 0.0262 0.0428 0.0723 0.3323 0.3409 0.1854 
 367 0.0110 0.4184 0.1330 0.0576 0.3155 0.0645 
 368 0.0112 0.1185 0.0323 0.1118 0.6084 0.1177 
 369 0.0324 0.0518 0.0366 0.1998 0.3111 0.3684 
 370 0.0269 0.3267 0.0372 0.1803 0.2845 0.1443 
 371 0.0334 0.0643 0.0365 0.1867 0.4893 0.1897 
 372 0.0737 0.1560 0.0431 0.2095 0.3413 0.1764 
 373 0.0191 0.1490 0.0354 0.0894 0.5273 0.1798 
 374 0.0455 0.0688 0.0900 0.0941 0.3495 0.3521 
 375 0.0182 0.1160 0.0375 0.0659 0.6828 0.0795 
 376 0.0125 0.0784 0.1996 0.0494 0.5837 0.0765 
 377 0.0207 0.0848 0.1451 0.2018 0.4156 0.1319 
 378 0.0145 0.4547 0.0381 0.0846 0.1381 0.2700 
 379 0.0267 0.1110 0.1873 0.0686 0.5378 0.0687 
 380 0.0192 0.0379 0.3319 0.1066 0.2423 0.2622 
 381 0.0177 0.0358 0.1203 0.1306 0.4583 0.2373 
 382 0.0109 0.1126 0.0501 0.0605 0.6741 0.0918 
 383 0.0243 0.0389 0.3504 0.0760 0.2826 0.2278 
 384 0.0358 0.1282 0.0571 0.0634 0.5461 0.1695 
 385 0.3686 0.0410 0.0291 0.0498 0.2790 0.2325 
 386 0.0109 0.1217 0.1179 0.0853 0.5748 0.0894 
 387 0.0135 0.1482 0.0752 0.0873 0.5686 0.1071 
 388 0.0533 0.0898 0.0572 0.0692 0.4295 0.3011 
 389 0.1346 0.0630 0.0276 0.4597 0.2154 0.0996 
 390 0.0239 0.3075 0.2306 0.1639 0.1905 0.0836 
 391 0.1368 0.1519 0.0465 0.2105 0.2983 0.1560 
 392 0.0100 0.0787 0.0800 0.0851 0.5730 0.1732 
 393 0.0125 0.0508 0.5054 0.0700 0.1751 0.1862 
 394 0.0082 0.1343 0.1150 0.0929 0.3274 0.3222 
 395 0.0115 0.1121 0.2336 0.3761 0.1588 0.1079 
 396 0.0090 0.0905 0.0284 0.0710 0.7346 0.0666 
 397 0.0085 0.0556 0.0207 0.1660 0.4998 0.2495 
 398 0.0084 0.1221 0.4456 0.0609 0.2919 0.0711 
 399 0.0237 0.4421 0.0817 0.1690 0.1852 0.0983 
 400 0.0139 0.1503 0.0528 0.0681 0.5736 0.1414 
 401 0.0155 0.3599 0.0712 0.1795 0.2261 0.1477 
 402 0.0134 0.0945 0.0302 0.2110 0.5219 0.1289 
 403 0.0348 0.1179 0.0531 0.0870 0.2278 0.4793 
 404 0.0273 0.0825 0.0377 0.0916 0.5726 0.1883 
 405 0.0104 0.0591 0.0990 0.1715 0.5011 0.1589 
 406 0.0099 0.0451 0.3700 0.2148 0.1192 0.2411 
 407 0.0116 0.0540 0.3609 0.0655 0.4354 0.0727 
 408 0.0084 0.3591 0.0333 0.3639 0.1696 0.0656 
 409 0.0281 0.0755 0.2513 0.1062 0.1179 0.4209 
 410 0.0188 0.1562 0.0968 0.0886 0.4894 0.1502 
 411 0.0103 0.0740 0.0503 0.1358 0.5170 0.2126 
 412 0.0112 0.0958 0.0341 0.0858 0.6641 0.1090 
 413 0.0088 0.1538 0.0586 0.1095 0.4170 0.2523 
 414 0.0236 0.1595 0.0283 0.1008 0.6161 0.0718 
 415 0.0138 0.0772 0.1725 0.1662 0.4612 0.1090 
 416 0.0587 0.1069 0.0651 0.1288 0.4671 0.1734 
 417 0.0099 0.0866 0.3179 0.0716 0.4271 0.0868 
 418 0.0087 0.2161 0.0345 0.0575 0.6074 0.0758 
 419 0.0501 0.1735 0.0721 0.1107 0.3014 0.2922 
 420 0.0141 0.3024 0.0819 0.3086 0.1991 0.0938 
 421 0.0104 0.1424 0.1465 0.0997 0.5020 0.0990 
 422 0.0127 0.0593 0.2653 0.3142 0.2266 0.1220 
 423 0.0099 0.0836 0.1059 0.1550 0.5302 0.1154 
 424 0.0184 0.4672 0.1003 0.1326 0.1560 0.1254 
 425 0.0878 0.0835 0.0406 0.0845 0.5392 0.1644 
 426 0.0406 0.2651 0.0936 0.0817 0.3547 0.1643 
 427 0.0093 0.0978 0.4943 0.0537 0.1644 0.1805 
 428 0.0127 0.0515 0.3451 0.1226 0.1654 0.3028 
 429 0.0089 0.1599 0.1686 0.0550 0.5423 0.0652 
 430 0.0113 0.0723 0.4845 0.0666 0.2792 0.0860 
 431 0.0195 0.2824 0.0632 0.1435 0.3329 0.1585 
 432 0.0107 0.1244 0.0387 0.1107 0.5845 0.1310 
 433 0.0104 0.1262 0.0274 0.1406 0.2660 0.4294 
 434 0.0170 0.0522 0.0400 0.1249 0.5486 0.2173 
 435 0.0072 0.0643 0.6045 0.0643 0.1930 0.0666 
 436 0.0109 0.1270 0.5902 0.0520 0.1131 0.1069 
 437 0.0069 0.0496 0.0767 0.0639 0.7241 0.0787 
 438 0.0105 0.1241 0.5329 0.1135 0.0840 0.1351 
 439 0.0089 0.0668 0.6615 0.0419 0.1294 0.0915 
 440 0.0113 0.1059 0.4774 0.0740 0.2732 0.0582 
 441 0.0131 0.0876 0.3568 0.0626 0.2898 0.1901 
 442 0.0433 0.1056 0.0953 0.1107 0.5541 0.0912 
 443 0.0142 0.4327 0.1512 0.1840 0.1458 0.0720 
 444 0.0367 0.0874 0.1821 0.1278 0.4800 0.0860 
 445 0.0125 0.0770 0.3804 0.0827 0.2056 0.2418 
 446 0.0097 0.1930 0.4997 0.0399 0.1818 0.0758 
 447 0.0480 0.0738 0.3456 0.1105 0.2625 0.1595 
 448 0.0098 0.0756 0.1547 0.0896 0.5838 0.0864 
 449 0.0106 0.0702 0.1471 0.0949 0.5421 0.1352 
 450 0.0143 0.1262 0.0694 0.0397 0.5917 0.1588 
 451 0.0098 0.2472 0.0644 0.1440 0.4748 0.0599 
 452 0.0100 0.0930 0.1135 0.0490 0.6106 0.1239 
 453 0.0213 0.2144 0.0724 0.3889 0.1446 0.1583 
 454 0.0105 0.0821 0.2451 0.0764 0.4314 0.1545 
 455 0.0089 0.0762 0.6826 0.0563 0.1082 0.0678 
 456 0.0138 0.0933 0.3963 0.1836 0.2424 0.0706 
 457 0.0084 0.0469 0.2790 0.0606 0.5157 0.0895 
 458 0.0120 0.0978 0.4631 0.0484 0.2772 0.1015 
 459 0.0106 0.3098 0.3179 0.0498 0.1520 0.1599 
 460 0.0099 0.3554 0.3334 0.0535 0.1728 0.0750 
 461 0.0090 0.6073 0.0653 0.0378 0.2051 0.0756 
 462 0.1090 0.2319 0.2056 0.1158 0.2800 0.0577 
 463 0.0098 0.0769 0.4190 0.2660 0.1040 0.1243 
 464 0.0089 0.2605 0.3459 0.1119 0.2013 0.0715 
 465 0.0104 0.4718 0.1522 0.0899 0.1785 0.0973 
 466 0.0089 0.2150 0.2493 0.2611 0.1871 0.0786 
 467 0.0159 0.2259 0.2763 0.1146 0.2311 0.1363 
 468 0.0076 0.0379 0.6212 0.0823 0.1845 0.0666 
 469 0.0080 0.0410 0.7382 0.0370 0.1063 0.0694 
 470 0.0068 0.0828 0.6586 0.0508 0.1350 0.0659 
 471 0.0266 0.1327 0.0661 0.2896 0.3965 0.0884 
 472 0.0187 0.1491 0.1739 0.1465 0.3968 0.1151 
 473 0.0094 0.0593 0.1589 0.1229 0.5120 0.1375 
 474 0.0114 0.0998 0.1556 0.0942 0.4984 0.1405 
 475 0.0109 0.3989 0.1243 0.0914 0.2141 0.1605 
 476 0.0107 0.1498 0.3050 0.0691 0.3666 0.0988 
 477 0.0210 0.3379 0.1590 0.0973 0.2461 0.1386 
 478 0.0152 0.6477 0.0723 0.0490 0.1482 0.0677 
 479 0.0097 0.1045 0.3575 0.0556 0.4037 0.0691 
 480 0.0081 0.0597 0.3882 0.0507 0.4103 0.0830 
 481 0.0222 0.0586 0.0479 0.1408 0.6468 0.0837 
 482 0.0082 0.1291 0.3452 0.0468 0.3998 0.0709 
 483 0.0089 0.0984 0.6247 0.0433 0.1332 0.0914 
 484 0.0146 0.0869 0.5544 0.1559 0.1003 0.0879 
 485 0.0074 0.0844 0.6986 0.0448 0.0972 0.0676 
 486 0.0423 0.1006 0.0307 0.3461 0.3608 0.1196 
 487 0.0284 0.0641 0.0301 0.1360 0.4966 0.2448 
 488 0.0780 0.1858 0.0315 0.1564 0.3550 0.1933 
 489 0.0231 0.0386 0.0199 0.2042 0.4437 0.2705 
 490 0.0183 0.2676 0.0438 0.2282 0.3629 0.0791 
 491 0.0875 0.0474 0.0241 0.2226 0.3273 0.2912 
 492 0.0305 0.2694 0.0266 0.1371 0.1576 0.3789 
 493 0.0781 0.0722 0.0206 0.2432 0.4432 0.1428 
 494 0.0417 0.0659 0.0320 0.1966 0.4405 0.2234 
 495 0.0842 0.3085 0.0298 0.1093 0.1977 0.2705 
 496 0.0086 0.0846 0.0394 0.1714 0.1949 0.5011 
 497 0.1620 0.0503 0.0221 0.1250 0.3567 0.2840 
 498 0.1658 0.0916 0.0331 0.2136 0.3560 0.1399 
 499 0.0178 0.0488 0.0248 0.1449 0.3516 0.4121 
 500 0.0134 0.0510 0.0296 0.1938 0.5764 0.1358 
 501 0.0135 0.0982 0.0293 0.0845 0.4523 0.3222 
 502 0.0330 0.1698 0.0291 0.0631 0.3575 0.3475 
 503 0.0102 0.0535 0.0428 0.0936 0.7041 0.0958 
 504 0.0921 0.3135 0.0368 0.1690 0.2662 0.1224 
 505 0.0243 0.0712 0.0278 0.4490 0.2187 0.2090 
 506 0.0596 0.1516 0.0258 0.1174 0.3194 0.3261 
 507 0.0076 0.0326 0.0212 0.1309 0.1040 0.7036 
 508 0.0166 0.0463 0.0183 0.1624 0.1348 0.6216 
 509 0.0156 0.0650 0.0311 0.3228 0.2121 0.3533 
 510 0.0132 0.0661 0.0208 0.0916 0.4296 0.3787 
 511 0.0342 0.1454 0.0803 0.1933 0.4207 0.1261 
 512 0.0171 0.0899 0.0364 0.0697 0.7096 0.0774 
 513 0.5504 0.0850 0.0153 0.1507 0.0823 0.1163 
 514 0.0120 0.3147 0.0362 0.1603 0.3177 0.1591 
 515 0.0177 0.0629 0.1613 0.1851 0.3196 0.2533 
 516 0.0129 0.2496 0.0356 0.3451 0.2001 0.1568 
 517 0.0102 0.0961 0.1291 0.2842 0.2223 0.2580 
 518 0.0097 0.0435 0.0210 0.1045 0.5130 0.3083 
 519 0.0196 0.3632 0.0499 0.1355 0.2514 0.1804 
 520 0.0093 0.0393 0.2208 0.2173 0.1260 0.3873 
 521 0.0116 0.1684 0.0326 0.1899 0.1544 0.4432 
 522 0.0116 0.0653 0.0571 0.2860 0.4743 0.1056 
 523 0.0088 0.0910 0.0724 0.4008 0.1330 0.2940 
 524 0.0082 0.0601 0.3191 0.1902 0.2385 0.1839 
 525 0.0090 0.0421 0.0719 0.1379 0.4008 0.3384 
 526 0.0080 0.0408 0.4192 0.2678 0.0966 0.1677 
 527 0.0142 0.0792 0.0223 0.0741 0.7036 0.1066 
 528 0.0099 0.0626 0.0207 0.1873 0.1399 0.5796 
 529 0.0187 0.0832 0.0260 0.2048 0.4055 0.2618 
 530 0.0196 0.0560 0.0556 0.2047 0.4903 0.1738 
 531 0.0129 0.0686 0.0736 0.1129 0.2609 0.4710 
 532 0.0131 0.0637 0.0210 0.1460 0.4070 0.3492 
 533 0.0104 0.0440 0.0506 0.2309 0.5172 0.1469 
 534 0.0219 0.0893 0.0221 0.4857 0.1737 0.2073 
 535 0.0110 0.1606 0.1061 0.3744 0.1843 0.1636 
 536 0.0250 0.1062 0.1872 0.1414 0.2103 0.3299 
 537 0.0272 0.0904 0.0363 0.2024 0.1479 0.4958 
 538 0.0114 0.0543 0.0412 0.3625 0.2033 0.3272 
 539 0.0110 0.0368 0.0170 0.1310 0.1294 0.6746 
 540 0.0135 0.0531 0.0573 0.3612 0.1797 0.3352 
 541 0.0174 0.1309 0.0571 0.1026 0.1490 0.5430 
 542 0.0392 0.0592 0.2222 0.3990 0.1369 0.1435 
 543 0.0194 0.2610 0.0675 0.2942 0.1089 0.2490 
 544 0.0146 0.0591 0.0545 0.5244 0.1577 0.1897 
 545 0.0214 0.0958 0.3093 0.3836 0.0998 0.0900 
 546 0.0497 0.0739 0.0501 0.3732 0.1569 0.2962 
 547 0.0187 0.1197 0.0959 0.3650 0.0968 0.3039 
 548 0.0131 0.0578 0.0213 0.2444 0.2589 0.4044 
 549 0.0175 0.0574 0.2111 0.0706 0.0977 0.5459 
 550 0.0261 0.1028 0.1995 0.3572 0.1719 0.1424 
 551 0.0125 0.0860 0.0548 0.0694 0.1260 0.6513 
 552 0.0109 0.0421 0.0273 0.4068 0.1780 0.3349 
 553 0.0213 0.1538 0.0436 0.4569 0.0823 0.2422 
 554 0.0186 0.1586 0.0573 0.1924 0.2918 0.2813 
 555 0.0484 0.0573 0.0295 0.2401 0.1663 0.4584 
 556 0.0136 0.0593 0.0312 0.4006 0.1986 0.2966 
 557 0.0162 0.1509 0.3864 0.1166 0.1197 0.2102 
 558 0.0082 0.1167 0.4269 0.0400 0.3362 0.0721 
 559 0.0112 0.1754 0.0317 0.2729 0.3792 0.1296 
 560 0.0196 0.4190 0.2458 0.0713 0.1874 0.0568 
 561 0.0204 0.1339 0.0835 0.1550 0.5292 0.0779 
 562 0.0199 0.2089 0.0601 0.2299 0.4240 0.0571 
 563 0.0228 0.4350 0.0761 0.0696 0.1485 0.2480 
 564 0.0124 0.0856 0.0347 0.4407 0.2913 0.1352 
 565 0.0096 0.0486 0.4692 0.0520 0.3339 0.0867 
 566 0.0104 0.3692 0.1095 0.0744 0.3777 0.0588 
 567 0.0155 0.0656 0.0254 0.3562 0.4528 0.0846 
 568 0.0085 0.2504 0.1119 0.2311 0.2694 0.1288 
 569 0.0106 0.1211 0.0850 0.2146 0.4562 0.1125 
 570 0.0072 0.0798 0.0965 0.0543 0.7014 0.0608 
 571 0.0088 0.4340 0.0728 0.1136 0.2778 0.0931 
 572 0.0220 0.0342 0.0683 0.4362 0.2007 0.2386 
 573 0.0108 0.0588 0.1587 0.3171 0.3204 0.1342 
 574 0.0123 0.0457 0.0632 0.0990 0.5507 0.2291 
 575 0.0104 0.3157 0.0576 0.1062 0.3071 0.2030 
 576 0.0226 0.2244 0.0790 0.0613 0.5537 0.0590 
 577 0.0122 0.0550 0.0409 0.0807 0.5914 0.2198 
 578 0.0232 0.2754 0.1477 0.1043 0.3486 0.1008 
 579 0.0448 0.0798 0.0694 0.1431 0.5700 0.0929 
 580 0.0102 0.0578 0.1109 0.0710 0.6117 0.1384 
 581 0.0098 0.1091 0.1997 0.0712 0.4955 0.1147 
 582 0.0094 0.1833 0.2940 0.0981 0.3466 0.0686 
 583 0.0104 0.3010 0.0568 0.0750 0.4661 0.0906 
 584 0.0105 0.2104 0.0684 0.0643 0.5757 0.0707 
 585 0.0286 0.2146 0.1053 0.0775 0.4908 0.0832 
 586 0.0109 0.5073 0.0349 0.1341 0.1873 0.1255 
 587 0.0138 0.0790 0.0447 0.2129 0.5805 0.0690 
 588 0.0139 0.0397 0.0183 0.7300 0.1068 0.0913 
 589 0.0098 0.0823 0.2277 0.1870 0.4201 0.0731 
 590 0.0177 0.2720 0.0239 0.1504 0.4465 0.0895 
 591 0.0096 0.2724 0.0529 0.1073 0.4521 0.1057 
 592 0.0106 0.1991 0.0675 0.3859 0.2596 0.0772 
 593 0.0091 0.1201 0.1350 0.1488 0.4423 0.1448 
 594 0.0168 0.1734 0.0508 0.1140 0.4352 0.2098 
 595 0.0424 0.0534 0.0219 0.0643 0.7557 0.0624 
 596 0.0133 0.0633 0.1018 0.4747 0.2294 0.1175 
 597 0.0097 0.4709 0.0390 0.1129 0.1045 0.2630 
 598 0.0072 0.0764 0.1741 0.0475 0.6274 0.0673 
 599 0.0075 0.3460 0.0551 0.1788 0.3487 0.0640 
 600 0.0135 0.0562 0.1510 0.1237 0.4806 0.1751 
 601 0.0122 0.1555 0.1304 0.1401 0.4927 0.0691 
 602 0.0172 0.0769 0.0356 0.1481 0.4586 0.2636 
 603 0.0148 0.0933 0.0303 0.1900 0.4122 0.2594 
 604 0.0374 0.0710 0.3022 0.0856 0.3051 0.1987 
 605 0.0179 0.0979 0.0877 0.2139 0.4669 0.1157 
 606 0.0143 0.1294 0.0482 0.2097 0.3045 0.2940 
 607 0.0126 0.0456 0.0583 0.0790 0.4712 0.3333 
 608 0.0093 0.1084 0.0815 0.0647 0.2266 0.5095 
 609 0.0164 0.0620 0.0887 0.0976 0.5776 0.1577 
 610 0.0163 0.0507 0.4675 0.1567 0.1994 0.1094 
 611 0.0115 0.1236 0.0460 0.2410 0.3305 0.2474 
 612 0.0119 0.0467 0.4737 0.0717 0.2951 0.1009 
 613 0.0132 0.0545 0.0663 0.1920 0.5329 0.1411 
 614 0.0169 0.0376 0.0746 0.0803 0.7071 0.0834 
 615 0.0120 0.0408 0.2527 0.0882 0.4396 0.1667 
 616 0.0100 0.0576 0.0309 0.0884 0.5758 0.2372 
 617 0.0775 0.0628 0.0597 0.1526 0.5624 0.0850 
 618 0.0409 0.0399 0.3132 0.0920 0.2451 0.2689 
 619 0.0083 0.1015 0.1418 0.2872 0.2673 0.1938 
 620 0.0118 0.1546 0.0514 0.4933 0.2288 0.0601 
 621 0.0107 0.1165 0.0540 0.0550 0.6732 0.0907 
 622 0.1448 0.0515 0.0941 0.1964 0.3525 0.1607 
 623 0.0109 0.0971 0.0499 0.1980 0.5469 0.0971 
 624 0.0121 0.0627 0.3299 0.0672 0.2533 0.2748 
 625 0.0496 0.1096 0.0848 0.0643 0.4588 0.2329 
 626 0.0115 0.0376 0.2093 0.1298 0.1145 0.4974 
 627 0.0146 0.0800 0.0518 0.1902 0.5178 0.1456 
 628 0.0310 0.1103 0.0378 0.2162 0.4640 0.1408 
 629 0.0139 0.0830 0.0267 0.1034 0.6332 0.1397 
 630 0.0196 0.0761 0.0840 0.0823 0.6254 0.1127 
 631 0.0110 0.0450 0.0396 0.0815 0.7027 0.1202 
 632 0.0195 0.0544 0.0391 0.2140 0.2810 0.3919 
 633 0.0217 0.0717 0.1371 0.0729 0.4811 0.2155 
 634 0.0109 0.0785 0.0602 0.1899 0.3658 0.2947 
 635 0.0094 0.0444 0.0516 0.0965 0.2736 0.5244 
 636 0.0109 0.0822 0.0668 0.0810 0.4670 0.2920 
 637 0.0199 0.0961 0.0615 0.3643 0.2408 0.2174 
 638 0.0107 0.0751 0.0350 0.1035 0.5881 0.1875 
 639 0.0204 0.0413 0.0784 0.0924 0.5808 0.1867 
 640 0.0340 0.1832 0.0460 0.0619 0.5481 0.1267 
 641 0.0126 0.0515 0.0319 0.1039 0.6543 0.1458 
 642 0.0129 0.0646 0.0477 0.1288 0.1426 0.6033 
 643 0.0104 0.0669 0.0297 0.0573 0.1127 0.7229 
 644 0.0109 0.0909 0.0320 0.0922 0.1723 0.6016 
 645 0.0171 0.0295 0.2339 0.0694 0.1096 0.5405 
 646 0.0436 0.0981 0.0453 0.2634 0.2861 0.2635 
 647 0.0460 0.1375 0.0325 0.0975 0.1794 0.5071 
 648 0.0440 0.0435 0.0291 0.2794 0.2982 0.3057 
 649 0.0122 0.0673 0.0287 0.4723 0.1598 0.2596 
 650 0.0132 0.1227 0.0319 0.2933 0.2162 0.3227 
 651 0.0487 0.0568 0.0211 0.1078 0.3150 0.4505 
 652 0.0097 0.0541 0.0296 0.1076 0.1956 0.6033 
 653 0.0370 0.0488 0.0417 0.1526 0.2386 0.4812 
 654 0.0493 0.0510 0.0308 0.1501 0.1519 0.5670 
 655 0.0094 0.1342 0.0499 0.1068 0.1780 0.5217 
 656 0.0404 0.0557 0.0473 0.2818 0.2001 0.3746 
 657 0.0112 0.0541 0.0508 0.0804 0.5186 0.2848 
 658 0.0096 0.1836 0.0853 0.1904 0.2150 0.3161 
 659 0.0190 0.0536 0.0387 0.1501 0.2165 0.5221 
 660 0.0092 0.0526 0.0225 0.1674 0.1327 0.6157 
 661 0.0149 0.0412 0.0494 0.2157 0.1396 0.5392 
 662 0.0140 0.0678 0.0276 0.5936 0.1215 0.1756 
 663 0.0087 0.0752 0.0262 0.1586 0.1969 0.5345 
 664 0.0153 0.2705 0.1395 0.0973 0.1353 0.3422 
 665 0.0106 0.0560 0.0217 0.5231 0.1585 0.2300 
 666 0.0099 0.0569 0.0381 0.1782 0.1568 0.5600 
 667 0.1796 0.1171 0.0412 0.1811 0.2698 0.2113 
 668 0.0127 0.0599 0.0474 0.1637 0.2316 0.4846 
 669 0.0147 0.0641 0.0258 0.2926 0.2346 0.3681 
 670 0.0069 0.0339 0.0203 0.0706 0.0893 0.7790 
 671 0.0088 0.0513 0.0245 0.1186 0.1137 0.6832 
 672 0.0075 0.0960 0.0729 0.0829 0.1020 0.6386 
 673 0.0072 0.0305 0.0200 0.0407 0.0923 0.8093 
 674 0.0110 0.0308 0.0289 0.0859 0.1562 0.6872 
 675 0.0251 0.0718 0.0220 0.0492 0.0847 0.7472 
 676 0.0076 0.0301 0.0197 0.0418 0.0838 0.8171 
 677 0.0078 0.0305 0.0195 0.1527 0.0757 0.7138 
 678 0.0077 0.0361 0.0207 0.0381 0.0912 0.8062 
 679 0.0096 0.0304 0.0271 0.0484 0.1720 0.7124 
 680 0.0132 0.0318 0.0335 0.0568 0.1113 0.7534 
 681 0.0252 0.0429 0.0850 0.2969 0.1993 0.3508 
 682 0.0097 0.0329 0.0339 0.0496 0.1031 0.7707 
 683 0.0074 0.0343 0.0204 0.0674 0.0782 0.7923 
 684 0.0084 0.0360 0.0201 0.0426 0.0922 0.8007 
 685 0.0072 0.0296 0.0183 0.0454 0.0769 0.8226 
 686 0.0105 0.0364 0.0321 0.1256 0.1027 0.6926 
 687 0.0083 0.0490 0.0226 0.1461 0.1077 0.6662 
 688 0.0083 0.0421 0.0235 0.0578 0.1074 0.7608 
 689 0.0069 0.0283 0.0191 0.0436 0.0812 0.8209 
 690 0.0073 0.0300 0.0197 0.0422 0.0828 0.8179 
 691 0.0123 0.0299 0.0257 0.0623 0.1525 0.7173 
 692 0.0087 0.0420 0.0236 0.0503 0.1274 0.7480 
 693 0.0101 0.0634 0.0326 0.0459 0.1052 0.7428 
 694 0.0065 0.0282 0.0179 0.0475 0.0721 0.8278 
 695 0.0081 0.0354 0.0388 0.0720 0.0900 0.7556 
 696 0.0085 0.0424 0.0236 0.0582 0.1082 0.7589 
 697 0.0070 0.0281 0.0205 0.0578 0.0832 0.8035 
 698 0.0071 0.0294 0.0198 0.0464 0.0861 0.8111 
 699 0.0079 0.0330 0.0378 0.1375 0.0834 0.7005 
 700 0.0158 0.0868 0.0540 0.0760 0.0780 0.6895 
 701 0.0092 0.0404 0.0470 0.0807 0.1787 0.6439 
 702 0.0107 0.0480 0.0443 0.0945 0.1228 0.6797 
 703 0.0093 0.0328 0.0328 0.0538 0.1086 0.7626 
 704 0.0076 0.0399 0.0232 0.0749 0.0974 0.7569 
 705 0.0216 0.0492 0.0823 0.2731 0.1241 0.4498 
 706 0.0101 0.0300 0.0304 0.0623 0.1029 0.7642 
 707 0.0077 0.0286 0.0199 0.0667 0.0894 0.7877 
 708 0.0102 0.0303 0.0199 0.0514 0.0852 0.8030 
 709 0.0106 0.0371 0.0256 0.0637 0.0725 0.7905 
 710 0.0078 0.0285 0.0183 0.0446 0.0756 0.8252 
 711 0.0094 0.0300 0.0304 0.1046 0.0957 0.7298 
 712 0.0109 0.0271 0.0184 0.1052 0.0741 0.7643 
 713 0.0083 0.0415 0.0213 0.0652 0.0982 0.7655 
 714 0.0174 0.0329 0.0282 0.0637 0.1714 0.6864 
 715 0.0076 0.0273 0.0186 0.0723 0.0724 0.8017 
 716 0.0101 0.0316 0.0306 0.0537 0.0926 0.7814 
 717 0.0071 0.0283 0.0204 0.0543 0.0705 0.8195 
 718 0.0144 0.0312 0.0314 0.0906 0.1094 0.7231 
 719 0.0090 0.0315 0.0194 0.0653 0.0719 0.8029 
 720 0.0131 0.0832 0.0373 0.1007 0.6675 0.0982 
 721 0.0133 0.0310 0.0410 0.0708 0.2844 0.5595 
 722 0.0128 0.0489 0.0552 0.1306 0.5976 0.1550 
 723 0.0090 0.0425 0.0300 0.0610 0.7322 0.1253 
 724 0.0105 0.0555 0.0321 0.0682 0.5869 0.2468 
 725 0.0096 0.0620 0.0250 0.1261 0.4544 0.3229 
 726 0.0100 0.0437 0.0371 0.1552 0.5717 0.1822 
 727 0.0103 0.0504 0.0369 0.2757 0.3276 0.2990 
 728 0.0111 0.0458 0.2264 0.0707 0.5857 0.0603 
 729 0.0081 0.0425 0.0693 0.0569 0.7585 0.0647 
 730 0.0185 0.0641 0.0301 0.0653 0.7253 0.0968 
 731 0.0118 0.0477 0.0517 0.0657 0.6814 0.1416 
 732 0.0091 0.0427 0.0305 0.0606 0.7321 0.1250 
 733 0.0107 0.0488 0.0429 0.0472 0.7635 0.0868 
 734 0.0114 0.0865 0.0492 0.0556 0.7346 0.0628 
 735 0.0073 0.0378 0.0432 0.0402 0.7694 0.1020 
 736 0.0087 0.0955 0.1094 0.0675 0.6097 0.1091 
 737 0.0218 0.0737 0.0679 0.1456 0.5790 0.1121 
 738 0.0092 0.0469 0.0274 0.0630 0.7601 0.0934 
 739 0.0090 0.0522 0.0510 0.0457 0.7609 0.0811 
 740 0.0150 0.0401 0.0240 0.0612 0.2486 0.6112 
 741 0.0285 0.0580 0.0494 0.0884 0.2608 0.5150 
 742 0.0093 0.4200 0.0387 0.0523 0.2834 0.1963 
 743 0.0083 0.0760 0.0234 0.0866 0.6368 0.1689 
 744 0.0129 0.1651 0.0372 0.4281 0.1762 0.1805 
 745 0.0103 0.4034 0.0462 0.1450 0.3062 0.0890 
 746 0.0093 0.1239 0.0327 0.1094 0.3714 0.3533 
 747 0.0091 0.1385 0.0199 0.1162 0.5328 0.1836 
 748 0.0089 0.1468 0.0318 0.0666 0.2385 0.5074 
 749 0.0096 0.1368 0.0457 0.2258 0.2958 0.2862 
 750 0.0142 0.1162 0.0262 0.1963 0.4470 0.2001 
 751 0.0103 0.1155 0.0293 0.0935 0.2651 0.4863 
 752 0.0086 0.1290 0.0289 0.1714 0.4494 0.2127 
 753 0.0088 0.1003 0.0339 0.1198 0.4320 0.3052 
 754 0.0218 0.0868 0.0214 0.0582 0.3240 0.4877 
 755 0.0148 0.1003 0.0249 0.0707 0.4579 0.3315 
 756 0.0216 0.3171 0.0388 0.1095 0.1811 0.3320 
 757 0.0093 0.2578 0.0241 0.0709 0.3566 0.2813 
 758 0.0121 0.3752 0.0353 0.1566 0.3224 0.0985 
 759 0.0145 0.0486 0.0212 0.0889 0.3625 0.4643 
 760 0.0100 0.0919 0.0357 0.0645 0.6294 0.1686 
 761 0.0095 0.0405 0.0226 0.0762 0.4881 0.3630 
 762 0.0105 0.1444 0.0333 0.0446 0.6568 0.1105 
 763 0.0093 0.0991 0.0343 0.1208 0.4314 0.3051 
 764 0.0155 0.1878 0.0267 0.0793 0.4535 0.2373 
 765 0.0102 0.0480 0.0227 0.0837 0.7179 0.1175 
 766 0.0150 0.1168 0.0234 0.0803 0.3788 0.3857 
 767 0.0114 0.2879 0.0517 0.0898 0.2200 0.3392 
 768 0.0108 0.1316 0.0335 0.0457 0.6683 0.1101 
 769 0.0134 0.0748 0.0375 0.0651 0.4717 0.3376 
 770 0.0120 0.1834 0.0326 0.0700 0.6007 0.1014 
 771 0.0158 0.0667 0.0272 0.4237 0.1855 0.2810 
 772 0.0159 0.1808 0.0398 0.1346 0.2796 0.3492 
 773 0.0155 0.1052 0.0222 0.0977 0.5687 0.1908 
 774 0.0089 0.0513 0.0187 0.0907 0.3209 0.5095 
 775 0.0076 0.1248 0.0675 0.0510 0.5718 0.1772 
 776 0.0093 0.4686 0.0333 0.1010 0.2539 0.1340 
 777 0.0098 0.1076 0.0303 0.2493 0.3597 0.2433 
 778 0.0112 0.0854 0.0182 0.1807 0.3628 0.3417 
 779 0.0110 0.1545 0.0310 0.0882 0.4519 0.2634 
 780 0.0111 0.1133 0.0327 0.0771 0.2851 0.4807 
 781 0.0129 0.0510 0.0181 0.4234 0.2022 0.2924 
 782 0.0107 0.1543 0.0309 0.0872 0.4526 0.2644 
 783 0.0106 0.1445 0.0271 0.0746 0.4253 0.3180 
 784 0.0123 0.3389 0.0420 0.0716 0.3584 0.1769 
 785 0.0159 0.1446 0.0243 0.0820 0.4327 0.3004 
 786 0.0127 0.1139 0.0235 0.0708 0.2996 0.4794 
 787 0.0111 0.0955 0.0212 0.1426 0.1789 0.5506 
 788 0.0110 0.1776 0.0377 0.1067 0.4739 0.1930 
 789 0.0107 0.3787 0.0459 0.0560 0.3171 0.1916 
 790 0.0115 0.1036 0.0321 0.0548 0.3834 0.4146 
 791 0.0079 0.2616 0.0348 0.0740 0.3461 0.2756 
 792 0.0196 0.0700 0.0243 0.1986 0.2129 0.4746 
 793 0.0095 0.0556 0.0781 0.1261 0.1939 0.5368 
 794 0.0201 0.2820 0.0313 0.0776 0.3135 0.2756 
 795 0.0092 0.0513 0.0516 0.0804 0.2284 0.5791 
 796 0.0121 0.4637 0.0437 0.0729 0.1317 0.2760 
 797 0.0085 0.0485 0.0424 0.1547 0.1487 0.5972 
 798 0.0143 0.1014 0.5354 0.1575 0.1224 0.0690 
 799 0.1062 0.3673 0.0356 0.1039 0.2164 0.1705 
 800 0.0185 0.0897 0.0229 0.1594 0.1070 0.6025 
 801 0.0161 0.1246 0.4251 0.1394 0.1554 0.1395 
 802 0.0201 0.1485 0.1488 0.1480 0.1549 0.3797 
 803 0.0441 0.0658 0.0466 0.0885 0.2097 0.5453 
 804 0.1660 0.1156 0.0650 0.2755 0.1698 0.2081 
 805 0.0120 0.0633 0.0305 0.0574 0.0964 0.7403 
 806 0.0670 0.0902 0.2985 0.1766 0.1632 0.2045 
 807 0.0084 0.0339 0.0340 0.1473 0.1135 0.6629 
 808 0.0082 0.0510 0.0432 0.3055 0.1299 0.4623 
 809 0.0180 0.0621 0.2380 0.4164 0.1253 0.1402 
 810 0.0154 0.1382 0.1058 0.1152 0.2921 0.3333 
 811 0.0424 0.0582 0.0607 0.1769 0.1354 0.5264 
 812 0.0193 0.0531 0.0334 0.6994 0.1152 0.0796 
 813 0.0194 0.1528 0.5293 0.1093 0.1140 0.0753 
 814 0.0163 0.0805 0.0292 0.6141 0.1450 0.1149 
 815 0.0687 0.0745 0.3245 0.1094 0.1183 0.3046 
 816 0.0278 0.1822 0.1097 0.1230 0.1361 0.4212 
 817 0.0196 0.1487 0.1452 0.1475 0.1579 0.3811 
 818 0.0255 0.5736 0.0652 0.0532 0.1490 0.1336 
 819 0.3350 0.1004 0.0262 0.0838 0.1304 0.3242 
 820 0.1113 0.3029 0.0362 0.1380 0.1469 0.2647 
 821 0.0161 0.2978 0.0449 0.0559 0.3846 0.2007 
 822 0.4767 0.0538 0.0241 0.0613 0.3217 0.0624 
 823 0.0126 0.3121 0.0583 0.0469 0.2923 0.2778 
 824 0.0457 0.1519 0.0302 0.0879 0.3943 0.2900 
 825 0.0320 0.1911 0.0370 0.0775 0.5386 0.1239 
 826 0.0177 0.4626 0.0425 0.1052 0.2718 0.1003 
 827 0.0096 0.1081 0.0401 0.0589 0.6691 0.1142 
 828 0.0097 0.0398 0.0222 0.0626 0.7253 0.1404 
 829 0.0268 0.0776 0.0431 0.1244 0.5210 0.2071 
 830 0.0179 0.0622 0.0259 0.0451 0.7672 0.0817 
 831 0.0990 0.0442 0.0315 0.0965 0.5302 0.1986 
 832 0.0846 0.2659 0.0736 0.0893 0.2311 0.2555 
 833 0.0124 0.4042 0.1010 0.0593 0.1855 0.2376 
