   1 0.0067 0.0114 0.0139 0.0435 0.1247 0.1613 0.2733 0.1189 0.2463 
   2 0.0045 0.0044 0.0170 0.3494 0.0841 0.1529 0.0958 0.1817 0.1101 
   3 0.0074 0.0048 0.0089 0.0552 0.1473 0.2586 0.1933 0.1227 0.2018 
   4 0.0136 0.0181 0.0136 0.0594 0.1145 0.1092 0.1178 0.1427 0.4111 
   5 0.0060 0.0079 0.0223 0.1634 0.1000 0.2503 0.1063 0.2244 0.1193 
   6 0.0056 0.0055 0.0092 0.0564 0.0620 0.4356 0.1331 0.1694 0.1232 
   7 0.0070 0.0050 0.0119 0.0379 0.0597 0.1908 0.1860 0.3955 0.1063 
   8 0.0190 0.1352 0.0119 0.0561 0.0837 0.1884 0.1462 0.1442 0.2153 
   9 0.0087 0.0049 0.0209 0.1779 0.0929 0.2046 0.1642 0.1576 0.1681 
  10 0.0082 0.1100 0.0127 0.0555 0.0595 0.2352 0.1835 0.1886 0.1468 
  11 0.0048 0.0049 0.0167 0.0423 0.0580 0.1348 0.3467 0.2911 0.1007 
  12 0.0056 0.0044 0.0148 0.1308 0.0964 0.2345 0.0942 0.2416 0.1777 
  13 0.0072 0.0053 0.0180 0.0809 0.0988 0.2466 0.1298 0.2458 0.1677 
  14 0.0045 0.0164 0.0105 0.1368 0.2081 0.1863 0.1684 0.1106 0.1583 
  15 0.0063 0.0059 0.0129 0.0827 0.1136 0.1410 0.1742 0.1868 0.2767 
  16 0.0051 0.0048 0.0162 0.0429 0.0953 0.2421 0.3143 0.1489 0.1304 
  17 0.0087 0.0052 0.0172 0.0608 0.1259 0.3737 0.1093 0.1426 0.1567 
  18 0.0096 0.0058 0.0117 0.2157 0.0865 0.1780 0.2193 0.0996 0.1738 
  19 0.0053 0.0043 0.0110 0.0768 0.0615 0.3904 0.1334 0.1732 0.1440 
  20 0.0054 0.0047 0.0147 0.0883 0.0996 0.1708 0.1729 0.2697 0.1739 
  21 0.0054 0.0097 0.0114 0.1057 0.1652 0.1333 0.2117 0.1186 0.2390 
  22 0.0074 0.0049 0.0117 0.0522 0.0916 0.3849 0.1433 0.1298 0.1743 
  23 0.0100 0.0133 0.0304 0.1206 0.1913 0.1303 0.1301 0.1168 0.2572 
  24 0.0052 0.0051 0.0152 0.0537 0.1007 0.1599 0.2689 0.1290 0.2622 
  25 0.0061 0.0055 0.0130 0.0705 0.0762 0.3334 0.1398 0.2688 0.0869 
  26 0.0079 0.0045 0.0123 0.0821 0.0906 0.2569 0.1645 0.1497 0.2316 
  27 0.0068 0.0050 0.0158 0.0545 0.1483 0.2675 0.1869 0.1494 0.1658 
  28 0.0061 0.0451 0.0122 0.0788 0.0769 0.1355 0.2151 0.1490 0.2812 
  29 0.0043 0.0042 0.0203 0.0905 0.1257 0.1474 0.1545 0.3095 0.1438 
  30 0.0052 0.0043 0.0134 0.0688 0.1155 0.3277 0.1988 0.1235 0.1428 
  31 0.0124 0.1181 0.0173 0.0690 0.1409 0.1616 0.1310 0.2296 0.1201 
  32 0.0049 0.0102 0.0100 0.1165 0.0918 0.2870 0.1248 0.1245 0.2303 
  33 0.0055 0.0040 0.0124 0.0665 0.1220 0.1596 0.2452 0.1738 0.2111 
  34 0.0066 0.1110 0.0274 0.0425 0.0580 0.2370 0.1570 0.2554 0.1051 
  35 0.0113 0.0042 0.0314 0.0777 0.2684 0.2489 0.1168 0.1330 0.1082 
  36 0.0046 0.0066 0.0113 0.0574 0.2781 0.0829 0.3569 0.0992 0.1031 
  37 0.0077 0.0053 0.0112 0.1259 0.1675 0.1635 0.1305 0.1588 0.2295 
  38 0.0056 0.0043 0.0261 0.0672 0.1059 0.0943 0.4454 0.1630 0.0883 
  39 0.0078 0.0048 0.0244 0.0661 0.1606 0.1283 0.2835 0.1963 0.1282 
  40 0.0043 0.0048 0.0128 0.0712 0.3979 0.1540 0.1383 0.0901 0.1265 
  41 0.0072 0.0067 0.0278 0.0429 0.3345 0.1197 0.2266 0.1476 0.0869 
  42 0.0050 0.0050 0.0189 0.0383 0.2094 0.0649 0.2694 0.0999 0.2892 
  43 0.0081 0.0092 0.0151 0.0747 0.3785 0.1230 0.1019 0.1537 0.1356 
  44 0.0071 0.0041 0.0130 0.0614 0.4287 0.1813 0.0954 0.1268 0.0823 
  45 0.0056 0.0043 0.0248 0.1145 0.2149 0.0846 0.3037 0.1578 0.0899 
  46 0.0101 0.0043 0.0147 0.0621 0.1920 0.2719 0.1438 0.1816 0.1194 
  47 0.0166 0.0111 0.0248 0.1072 0.1316 0.2929 0.1120 0.1514 0.1524 
  48 0.0078 0.0040 0.0163 0.0691 0.4481 0.1869 0.0867 0.0941 0.0869 
  49 0.0100 0.0048 0.0380 0.0698 0.2282 0.1406 0.2269 0.1456 0.1361 
  50 0.0108 0.0407 0.0182 0.0659 0.1082 0.2609 0.1512 0.2311 0.1132 
  51 0.0042 0.0057 0.0133 0.0495 0.4718 0.0623 0.2227 0.0886 0.0818 
  52 0.0100 0.0044 0.0269 0.0405 0.1746 0.1335 0.2744 0.1899 0.1459 
  53 0.0073 0.0155 0.0156 0.0526 0.1189 0.1430 0.3910 0.1345 0.1216 
  54 0.0090 0.0053 0.0238 0.1705 0.2141 0.1632 0.0873 0.1693 0.1575 
  55 0.0067 0.0043 0.0154 0.0990 0.4184 0.1240 0.0898 0.1282 0.1143 
  56 0.0064 0.0042 0.0260 0.1006 0.2751 0.1880 0.1587 0.0956 0.1453 
  57 0.0159 0.0130 0.0212 0.0515 0.0698 0.2812 0.1330 0.1522 0.2622 
  58 0.0057 0.0047 0.0261 0.0803 0.2964 0.0984 0.2140 0.1499 0.1243 
  59 0.0057 0.0043 0.0503 0.0756 0.1896 0.1025 0.2983 0.1445 0.1293 
  60 0.0048 0.0108 0.0111 0.0632 0.3863 0.0869 0.1773 0.1026 0.1570 
  61 0.0041 0.0048 0.0135 0.2020 0.3369 0.0673 0.0876 0.1265 0.1573 
  62 0.0136 0.0044 0.0834 0.1224 0.1065 0.1878 0.1579 0.1674 0.1566 
  63 0.0044 0.0047 0.0132 0.1050 0.1986 0.0955 0.1974 0.2044 0.1768 
  64 0.0066 0.0041 0.0188 0.1046 0.0890 0.2712 0.2567 0.1460 0.1030 
  65 0.0058 0.0045 0.0163 0.1062 0.0849 0.1542 0.1232 0.4159 0.0889 
  66 0.0052 0.0110 0.0144 0.2130 0.1329 0.0902 0.1284 0.2025 0.2023 
  67 0.0061 0.0046 0.0141 0.1473 0.3554 0.1196 0.0874 0.1659 0.0997 
  68 0.0071 0.0049 0.0414 0.0631 0.2016 0.0871 0.3192 0.1301 0.1455 
  69 0.0063 0.2408 0.0377 0.0581 0.0794 0.1037 0.2777 0.1106 0.0856 
  70 0.0045 0.0103 0.0130 0.0510 0.2880 0.0730 0.2717 0.1567 0.1318 
  71 0.0060 0.0065 0.0448 0.0877 0.2494 0.0984 0.2763 0.1528 0.0781 
  72 0.0060 0.0070 0.0101 0.0599 0.2015 0.1768 0.3180 0.1279 0.0928 
  73 0.0062 0.0074 0.0522 0.1730 0.2576 0.0939 0.1412 0.1786 0.0898 
  74 0.0046 0.0044 0.0113 0.0590 0.2368 0.0872 0.3404 0.0945 0.1619 
  75 0.0058 0.0089 0.0153 0.0814 0.2971 0.0793 0.2550 0.0810 0.1762 
  76 0.0055 0.0046 0.0107 0.0813 0.2800 0.1144 0.1320 0.2579 0.1136 
  77 0.0048 0.0041 0.0290 0.0691 0.2187 0.0833 0.2983 0.2001 0.0926 
  78 0.0057 0.0045 0.0320 0.0672 0.1897 0.0858 0.3623 0.1567 0.0961 
  79 0.0051 0.0052 0.0127 0.0894 0.0632 0.1617 0.2156 0.3255 0.1216 
  80 0.0051 0.0052 0.0106 0.1018 0.0689 0.0836 0.1219 0.1617 0.4411 
  81 0.0053 0.0057 0.0095 0.1139 0.0549 0.0919 0.1552 0.2089 0.3547 
  82 0.0054 0.0051 0.0242 0.0878 0.2063 0.1082 0.1436 0.2273 0.1921 
  83 0.0049 0.0063 0.0090 0.1100 0.0932 0.1028 0.2294 0.1884 0.2560 
  84 0.0047 0.0056 0.0099 0.0843 0.0663 0.1055 0.2191 0.2543 0.2503 
  85 0.0049 0.0063 0.0097 0.0873 0.0814 0.1447 0.2445 0.1387 0.2824 
  86 0.0067 0.0048 0.0193 0.1401 0.1973 0.1844 0.1256 0.2025 0.1194 
  87 0.0054 0.0123 0.0116 0.0800 0.0974 0.0974 0.2256 0.3455 0.1248 
  88 0.0053 0.0050 0.0114 0.0871 0.0904 0.0900 0.1569 0.2545 0.2994 
  89 0.0061 0.0145 0.0103 0.1756 0.0734 0.0872 0.1532 0.1883 0.2914 
  90 0.0049 0.0053 0.0116 0.0955 0.0682 0.0919 0.1632 0.4158 0.1436 
  91 0.0047 0.0064 0.0088 0.0706 0.0871 0.0981 0.2003 0.1234 0.4006 
  92 0.0054 0.0052 0.0127 0.0962 0.0864 0.1324 0.1916 0.2920 0.1780 
  93 0.0051 0.0297 0.0112 0.0629 0.0754 0.0838 0.1211 0.1048 0.5060 
  94 0.0046 0.0062 0.0100 0.0452 0.0771 0.0802 0.3574 0.3084 0.1110 
  95 0.0048 0.0050 0.0108 0.0874 0.0698 0.0691 0.1385 0.3686 0.2461 
  96 0.0049 0.0056 0.0139 0.1179 0.3332 0.0670 0.0999 0.1340 0.2236 
  97 0.0061 0.0048 0.0144 0.1090 0.2078 0.0859 0.2915 0.0914 0.1890 
  98 0.0040 0.0045 0.0162 0.1047 0.2639 0.1482 0.1676 0.1584 0.1326 
  99 0.0050 0.0057 0.0101 0.1168 0.0580 0.0956 0.1872 0.2918 0.2298 
 100 0.0054 0.0049 0.0129 0.1829 0.0959 0.0770 0.0835 0.0982 0.4392 
 101 0.0068 0.0460 0.0129 0.1081 0.1286 0.0995 0.1928 0.2622 0.1431 
 102 0.0063 0.0066 0.0223 0.0658 0.1446 0.0820 0.1729 0.1816 0.3179 
 103 0.0049 0.0219 0.0124 0.3667 0.0688 0.0789 0.1046 0.2123 0.1296 
 104 0.0052 0.0107 0.0114 0.0657 0.0699 0.0913 0.1096 0.4956 0.1406 
 105 0.0064 0.0278 0.0300 0.1243 0.0852 0.0841 0.0971 0.3776 0.1676 
 106 0.0047 0.0040 0.0102 0.0520 0.0732 0.1159 0.2333 0.4344 0.0724 
 107 0.0058 0.0148 0.0179 0.2094 0.0829 0.0900 0.1033 0.3280 0.1478 
 108 0.0045 0.0067 0.0098 0.2277 0.2211 0.1147 0.1831 0.1286 0.1037 
 109 0.0068 0.0091 0.1289 0.0663 0.0926 0.1157 0.2377 0.2692 0.0737 
 110 0.0049 0.0066 0.0134 0.0504 0.0609 0.1046 0.2634 0.4198 0.0760 
 111 0.0067 0.0069 0.0257 0.0820 0.0708 0.0857 0.0945 0.5188 0.1088 
 112 0.0048 0.0049 0.1895 0.0438 0.0920 0.0765 0.1811 0.3266 0.0808 
 113 0.0057 0.0085 0.0144 0.2328 0.1275 0.1389 0.1771 0.1695 0.1257 
 114 0.0046 0.0130 0.0209 0.0761 0.0656 0.0837 0.1128 0.4572 0.1662 
 115 0.0060 0.0051 0.0251 0.0562 0.1956 0.1124 0.1075 0.3720 0.1201 
 116 0.0066 0.0043 0.0179 0.0545 0.1739 0.1065 0.2677 0.2936 0.0750 
 117 0.0073 0.0097 0.0366 0.0472 0.0818 0.1111 0.2411 0.3705 0.0948 
 118 0.0053 0.0047 0.0275 0.2006 0.1110 0.1114 0.1002 0.3295 0.1099 
 119 0.0045 0.0064 0.0102 0.0872 0.2814 0.0688 0.1437 0.1645 0.2333 
 120 0.0061 0.0065 0.0386 0.0837 0.1462 0.1069 0.1269 0.3502 0.1348 
 121 0.0143 0.0111 0.0639 0.0598 0.2076 0.1021 0.1412 0.3152 0.0848 
 122 0.0044 0.0095 0.0196 0.0770 0.0703 0.1165 0.2424 0.3686 0.0918 
 123 0.0052 0.0077 0.0149 0.0916 0.0905 0.0940 0.1734 0.4014 0.1212 
 124 0.0084 0.0055 0.0329 0.1111 0.1268 0.1365 0.2304 0.2557 0.0927 
 125 0.0058 0.0061 0.0379 0.0488 0.0940 0.1532 0.3833 0.1716 0.0994 
 126 0.0041 0.0046 0.0103 0.0637 0.1657 0.0770 0.2732 0.2721 0.1294 
 127 0.0054 0.0050 0.0202 0.0932 0.0809 0.0748 0.0910 0.5175 0.1120 
 128 0.0047 0.0043 0.0240 0.2133 0.1164 0.1079 0.0999 0.3205 0.1090 
 129 0.0067 0.0168 0.0158 0.2231 0.0818 0.0902 0.0945 0.3923 0.0787 
 130 0.0060 0.0139 0.0344 0.1143 0.0613 0.0916 0.1213 0.4000 0.1572 
 131 0.0110 0.0161 0.0382 0.0717 0.1203 0.1085 0.3189 0.2410 0.0743 
 132 0.0053 0.0087 0.0139 0.1551 0.0762 0.1033 0.2010 0.3611 0.0755 
 133 0.0095 0.0121 0.0153 0.1836 0.0980 0.0965 0.1110 0.3516 0.1224 
 134 0.0044 0.0039 0.0179 0.0537 0.0535 0.0885 0.1905 0.5228 0.0649 
 135 0.0065 0.0047 0.0251 0.0711 0.2306 0.0691 0.1272 0.0846 0.3810 
 136 0.0060 0.0108 0.0154 0.0601 0.0759 0.1577 0.0965 0.0775 0.5000 
 137 0.0050 0.0110 0.0326 0.0462 0.0636 0.0825 0.1019 0.1112 0.5461 
 138 0.0048 0.0059 0.0098 0.0465 0.0798 0.0783 0.1199 0.0765 0.5785 
 139 0.0047 0.0098 0.0139 0.2747 0.1426 0.1036 0.1266 0.0913 0.2329 
 140 0.0053 0.0158 0.0124 0.0667 0.1408 0.0825 0.2033 0.1350 0.3382 
 141 0.0062 0.0495 0.0157 0.0730 0.0880 0.1781 0.1478 0.0817 0.3600 
 142 0.0056 0.0156 0.0234 0.0915 0.2615 0.0685 0.1151 0.0856 0.3332 
 143 0.0043 0.0047 0.0096 0.0492 0.0685 0.0678 0.0826 0.0745 0.6388 
 144 0.0050 0.0057 0.0328 0.0467 0.0677 0.0718 0.0904 0.1092 0.5707 
 145 0.0068 0.0108 0.0202 0.0755 0.1251 0.1971 0.1529 0.0818 0.3298 
 146 0.0078 0.0112 0.0119 0.0494 0.0886 0.1160 0.1977 0.1453 0.3720 
 147 0.0049 0.0089 0.0100 0.0440 0.0601 0.0800 0.0901 0.0750 0.6272 
 148 0.0057 0.0548 0.0203 0.0796 0.1363 0.1432 0.1077 0.1199 0.3324 
 149 0.0055 0.2058 0.0139 0.0769 0.1720 0.0836 0.1446 0.0767 0.2210 
 150 0.0063 0.0125 0.0356 0.0745 0.0832 0.0956 0.1217 0.1591 0.4114 
 151 0.0053 0.0050 0.0107 0.0628 0.0826 0.0750 0.1082 0.1046 0.5458 
 152 0.0059 0.0167 0.0187 0.0675 0.1697 0.1619 0.1188 0.0944 0.3466 
 153 0.0050 0.0134 0.0107 0.0449 0.1235 0.0814 0.1685 0.0927 0.4600 
 154 0.0064 0.2775 0.0141 0.0738 0.1382 0.1421 0.0957 0.0779 0.1743 
 155 0.0050 0.0062 0.0094 0.0578 0.0689 0.0729 0.0917 0.1050 0.5832 
 156 0.0044 0.0048 0.0139 0.0595 0.1824 0.0609 0.0910 0.1049 0.4782 
 157 0.0047 0.0107 0.0093 0.0525 0.0583 0.0701 0.1400 0.1594 0.4949 
 158 0.0070 0.0110 0.0201 0.0585 0.1077 0.1853 0.1659 0.0799 0.3646 
 159 0.0062 0.1153 0.0128 0.0590 0.0632 0.0796 0.0905 0.0759 0.4973 
 160 0.0077 0.1149 0.0134 0.0738 0.0670 0.0818 0.0924 0.0777 0.4713 
 161 0.0047 0.0099 0.0119 0.0596 0.1053 0.0894 0.2068 0.1030 0.4095 
 162 0.0098 0.0109 0.0126 0.0635 0.1001 0.1323 0.1842 0.1492 0.3375 
 163 0.0046 0.0055 0.0095 0.0481 0.1038 0.0661 0.0932 0.0937 0.5756 
 164 0.0093 0.1797 0.0111 0.0871 0.0882 0.0974 0.1365 0.1472 0.2435 
 165 0.0060 0.0055 0.0349 0.0565 0.0805 0.0773 0.1148 0.1523 0.4722 
 166 0.0051 0.1692 0.0093 0.0927 0.1075 0.0731 0.1620 0.1415 0.2395 
 167 0.0093 0.3589 0.0100 0.0371 0.0600 0.1683 0.0869 0.0994 0.1702 
 168 0.0052 0.0059 0.0100 0.0508 0.1041 0.0833 0.1931 0.0816 0.4659 
 169 0.0079 0.0099 0.0202 0.0501 0.0933 0.1742 0.2875 0.0772 0.2796 
 170 0.0048 0.0053 0.0111 0.0972 0.1886 0.0748 0.1118 0.1114 0.3949 
 171 0.0055 0.0091 0.0105 0.0797 0.1153 0.1264 0.1528 0.1001 0.4007 
 172 0.0056 0.0324 0.0168 0.0609 0.1846 0.0787 0.2631 0.0738 0.2841 
 173 0.0059 0.0097 0.0118 0.0923 0.0709 0.0834 0.0854 0.0798 0.5610 
 174 0.0055 0.0100 0.0097 0.0618 0.0599 0.0844 0.1157 0.1044 0.5485 
 175 0.0052 0.0056 0.0110 0.0516 0.0959 0.1484 0.0832 0.0772 0.5220 
 176 0.0050 0.0056 0.0320 0.0467 0.0681 0.0719 0.0908 0.1109 0.5691 
 177 0.0054 0.0106 0.0106 0.0516 0.0711 0.0784 0.2374 0.1462 0.3887 
 178 0.0059 0.0126 0.0102 0.0691 0.0620 0.1753 0.1108 0.1075 0.4466 
 179 0.0046 0.0275 0.0088 0.0662 0.0589 0.0827 0.0865 0.0792 0.5855 
 180 0.0084 0.0352 0.0140 0.0444 0.1042 0.1239 0.1640 0.1083 0.3977 
 181 0.0065 0.0100 0.0161 0.0935 0.1387 0.0974 0.1502 0.0824 0.4052 
 182 0.0068 0.0059 0.0138 0.0875 0.1232 0.0728 0.0871 0.0781 0.5249 
 183 0.0051 0.0092 0.0099 0.0682 0.0740 0.0875 0.0885 0.0796 0.5780 
 184 0.0058 0.0042 0.0117 0.4025 0.0815 0.1863 0.0859 0.1183 0.1038 
 185 0.0040 0.0049 0.0135 0.0553 0.1883 0.0627 0.0708 0.0684 0.5321 
 186 0.0055 0.0043 0.0098 0.3330 0.0849 0.1452 0.1034 0.2119 0.1019 
 187 0.0042 0.0063 0.0090 0.3405 0.0768 0.1173 0.0807 0.1146 0.2506 
 188 0.0053 0.0042 0.0097 0.4522 0.0740 0.1292 0.0825 0.1621 0.0809 
 189 0.0046 0.0054 0.0093 0.1179 0.1326 0.1944 0.1808 0.0992 0.2560 
 190 0.0042 0.0044 0.0146 0.1516 0.3912 0.0568 0.0685 0.0766 0.2321 
 191 0.0041 0.0043 0.0127 0.4941 0.0653 0.1084 0.0856 0.1132 0.1124 
 192 0.0041 0.0045 0.0097 0.2933 0.0682 0.1146 0.0996 0.1571 0.2489 
 193 0.0049 0.0046 0.0183 0.1889 0.1290 0.1575 0.1186 0.1409 0.2373 
 194 0.0052 0.0059 0.0099 0.1907 0.1581 0.1075 0.1134 0.1501 0.2592 
 195 0.0041 0.0051 0.0093 0.3377 0.1454 0.0704 0.0750 0.0765 0.2764 
 196 0.0041 0.0046 0.0151 0.2741 0.2273 0.0756 0.0836 0.1115 0.2040 
 197 0.0051 0.0057 0.0112 0.1510 0.1083 0.2286 0.0982 0.1829 0.2090 
 198 0.0043 0.0054 0.0103 0.1218 0.1352 0.1592 0.1887 0.1841 0.1908 
 199 0.0046 0.0045 0.0159 0.1345 0.3670 0.0824 0.1026 0.1109 0.1775 
 200 0.0043 0.0046 0.0208 0.2399 0.2211 0.1154 0.1038 0.0982 0.1920 
 201 0.0043 0.0048 0.0094 0.2419 0.0965 0.0868 0.0728 0.0929 0.3907 
 202 0.0041 0.0047 0.0127 0.0825 0.2276 0.0732 0.0768 0.1092 0.4092 
 203 0.0040 0.0054 0.0119 0.3086 0.0801 0.0752 0.0680 0.0816 0.3652 
 204 0.0042 0.0045 0.0107 0.4907 0.1295 0.0639 0.0736 0.0785 0.1445 
 205 0.0043 0.0047 0.0107 0.3865 0.1526 0.0923 0.1012 0.1126 0.1351 
 206 0.0045 0.0053 0.0093 0.4805 0.0905 0.0821 0.0702 0.0828 0.1749 
 207 0.0041 0.0042 0.0177 0.3918 0.1683 0.0777 0.0733 0.1293 0.1336 
 208 0.0043 0.0048 0.0112 0.3417 0.1185 0.0786 0.0755 0.1061 0.2592 
 209 0.0043 0.0047 0.0177 0.3368 0.1126 0.1238 0.0940 0.1322 0.1739 
 210 0.0040 0.0043 0.0097 0.4871 0.0826 0.0736 0.0786 0.1019 0.1582 
 211 0.0059 0.0043 0.0378 0.0977 0.2850 0.0873 0.0694 0.1711 0.2416 
 212 0.0042 0.0047 0.0117 0.0950 0.1623 0.1156 0.0977 0.0888 0.4202 
 213 0.0043 0.0046 0.0131 0.1524 0.2509 0.0707 0.1631 0.1718 0.1691 
 214 0.0042 0.0043 0.0138 0.1800 0.1197 0.0866 0.0746 0.0898 0.4270 
 215 0.0040 0.0042 0.0148 0.4715 0.1073 0.0862 0.0841 0.1236 0.1043 
 216 0.0062 0.0042 0.0117 0.2666 0.1115 0.2267 0.1019 0.1357 0.1355 
 217 0.0042 0.0045 0.0109 0.2381 0.1285 0.0977 0.0801 0.0866 0.3494 
 218 0.0043 0.0046 0.0110 0.4684 0.0765 0.0832 0.0967 0.1156 0.1398 
 219 0.0068 0.0055 0.0093 0.1655 0.0959 0.2264 0.1090 0.1120 0.2696 
 220 0.0040 0.0042 0.0103 0.5604 0.0736 0.0708 0.0721 0.0962 0.1084 
 221 0.0044 0.0044 0.0126 0.0853 0.2548 0.0664 0.0761 0.0730 0.4229 
 222 0.0057 0.0048 0.0098 0.2007 0.0963 0.2669 0.1011 0.1381 0.1767 
 223 0.0044 0.0064 0.0092 0.1968 0.0928 0.1425 0.0991 0.1224 0.3264 
 224 0.0047 0.0056 0.0100 0.3527 0.0803 0.0850 0.0712 0.0844 0.3061 
 225 0.0042 0.0047 0.0106 0.3906 0.1508 0.0863 0.0907 0.0996 0.1625 
 226 0.0056 0.0053 0.0128 0.3041 0.0902 0.1453 0.1606 0.1089 0.1673 
 227 0.0043 0.0066 0.0122 0.1800 0.2667 0.0770 0.0736 0.1277 0.2519 
 228 0.0044 0.0054 0.0139 0.2591 0.2406 0.0670 0.0702 0.0718 0.2676 
 229 0.0040 0.0047 0.0096 0.3883 0.0599 0.0844 0.0702 0.0891 0.2898 
 230 0.0042 0.0044 0.0111 0.4580 0.0668 0.0733 0.0704 0.0848 0.2270 
 231 0.0044 0.0047 0.0110 0.3564 0.0657 0.1300 0.0840 0.0949 0.2490 
 232 0.0054 0.0047 0.0128 0.1517 0.1706 0.0837 0.1875 0.1264 0.2572 
 233 0.0044 0.0048 0.0123 0.1750 0.0844 0.0870 0.0725 0.0903 0.4694 
 234 0.0040 0.0045 0.0111 0.2383 0.0777 0.1705 0.1167 0.1553 0.2218 
 235 0.0046 0.0051 0.0107 0.2059 0.1362 0.1238 0.1091 0.1196 0.2849 
 236 0.0041 0.0044 0.0122 0.2381 0.0856 0.1184 0.0870 0.1057 0.3444 
 237 0.0043 0.0043 0.0186 0.3388 0.1847 0.0951 0.0900 0.1188 0.1455 
 238 0.0041 0.0045 0.0108 0.1584 0.1113 0.0929 0.0903 0.1220 0.4058 
 239 0.0041 0.0052 0.0094 0.3428 0.1448 0.0715 0.0749 0.0760 0.2712 
 240 0.0042 0.0044 0.0114 0.1587 0.1138 0.0921 0.0892 0.1227 0.4035 
 241 0.0056 0.0051 0.0126 0.1572 0.1590 0.0820 0.1021 0.0941 0.3822 
 242 0.0045 0.0052 0.0095 0.3690 0.1069 0.1244 0.1163 0.0877 0.1764 
 243 0.0041 0.0044 0.0174 0.2935 0.2408 0.0681 0.0688 0.0902 0.2127 
 244 0.0041 0.0042 0.0121 0.3780 0.0779 0.0753 0.0702 0.0816 0.2967 
 245 0.0041 0.0050 0.0092 0.0925 0.1393 0.0709 0.0940 0.0998 0.4853 
 246 0.0042 0.0046 0.0106 0.2410 0.1283 0.0978 0.0800 0.0863 0.3471 
 247 0.0039 0.0045 0.0103 0.2697 0.1070 0.0940 0.1794 0.2363 0.0950 
 248 0.0040 0.0041 0.0149 0.3595 0.1422 0.0995 0.0864 0.1774 0.1119 
 249 0.0046 0.0045 0.0136 0.2930 0.1031 0.0839 0.0743 0.0971 0.3260 
 250 0.0042 0.0045 0.0116 0.3492 0.0711 0.1086 0.0847 0.1120 0.2542 
 251 0.0049 0.0046 0.0183 0.2489 0.1297 0.1733 0.1444 0.1254 0.1504 
 252 0.0042 0.0051 0.0090 0.3215 0.1321 0.1029 0.0937 0.1061 0.2254 
 253 0.0046 0.0046 0.0115 0.1578 0.2247 0.1158 0.1549 0.1875 0.1387 
 254 0.0054 0.0046 0.0097 0.2666 0.1012 0.2148 0.0827 0.1248 0.1901 
 255 0.0043 0.0051 0.0133 0.2585 0.0937 0.1521 0.0957 0.1447 0.2327 
 256 0.0046 0.0045 0.0137 0.2629 0.1560 0.0943 0.0922 0.1005 0.2712 
 257 0.0095 0.0062 0.0150 0.3350 0.1256 0.1010 0.0971 0.1360 0.1747 
 258 0.0041 0.0048 0.0144 0.1601 0.2248 0.1141 0.1270 0.1800 0.1707 
 259 0.0050 0.0050 0.0120 0.3920 0.0886 0.1054 0.0840 0.1107 0.1974 
 260 0.0052 0.0045 0.0096 0.1342 0.0747 0.2356 0.0848 0.1219 0.3295 
 261 0.0042 0.0048 0.0092 0.1998 0.1724 0.1010 0.0950 0.0979 0.3158 
 262 0.0043 0.0045 0.0124 0.1805 0.2827 0.0693 0.0805 0.0743 0.2915 
 263 0.0057 0.0042 0.0117 0.4711 0.0916 0.1238 0.0700 0.0987 0.1232 
 264 0.0072 0.0041 0.0120 0.1627 0.1097 0.3501 0.1150 0.1513 0.0878 
 265 0.0042 0.0048 0.0094 0.3240 0.0919 0.1310 0.0973 0.1218 0.2155 
 266 0.0043 0.0042 0.0122 0.0991 0.2009 0.0665 0.0760 0.0742 0.4625 
 267 0.0042 0.0046 0.0171 0.1638 0.1361 0.1474 0.0897 0.1592 0.2779 
 268 0.0041 0.0045 0.0151 0.2758 0.2241 0.0744 0.0842 0.1117 0.2060 
 269 0.0043 0.0048 0.0097 0.2228 0.0806 0.2132 0.1239 0.1055 0.2350 
 270 0.0060 0.0085 0.0125 0.3150 0.1010 0.1801 0.1056 0.1425 0.1288 
 271 0.0047 0.0046 0.0159 0.3173 0.1503 0.1056 0.1053 0.1541 0.1421 
 272 0.0060 0.0053 0.0184 0.3097 0.1330 0.1174 0.1471 0.1183 0.1449 
 273 0.0240 0.0323 0.0240 0.2229 0.0860 0.1317 0.1368 0.1410 0.2014 
 274 0.0048 0.0046 0.0118 0.3219 0.0988 0.1386 0.1249 0.1330 0.1616 
 275 0.0069 0.0180 0.0152 0.3854 0.0810 0.1416 0.1017 0.0970 0.1534 
 276 0.0058 0.0052 0.0226 0.2259 0.2079 0.1122 0.1405 0.1369 0.1431 
 277 0.0043 0.0050 0.0092 0.2517 0.0874 0.1491 0.1056 0.1228 0.2649 
 278 0.0043 0.0043 0.0156 0.3945 0.1490 0.0894 0.0867 0.1199 0.1363 
 279 0.0045 0.0043 0.0115 0.3321 0.0990 0.1254 0.1076 0.1175 0.1980 
 280 0.0043 0.0046 0.0108 0.2508 0.1234 0.1548 0.1496 0.1013 0.2005 
 281 0.0048 0.0046 0.0118 0.3150 0.1059 0.1017 0.1261 0.1659 0.1643 
 282 0.0040 0.0045 0.0096 0.1582 0.0705 0.1343 0.0892 0.1114 0.4183 
 283 0.0042 0.0053 0.0103 0.1784 0.0820 0.0902 0.0717 0.1067 0.4511 
 284 0.0043 0.0096 0.0150 0.2135 0.1092 0.1166 0.1056 0.1579 0.2683 
 285 0.0042 0.0042 0.0178 0.3581 0.1718 0.0955 0.1257 0.1426 0.0802 
 286 0.0042 0.0044 0.0118 0.3792 0.0781 0.0746 0.0705 0.0821 0.2951 
 287 0.0049 0.0052 0.0092 0.2319 0.0886 0.1350 0.1438 0.1612 0.2202 
 288 0.0052 0.0050 0.0119 0.4623 0.0735 0.1063 0.1156 0.1006 0.1195 
 289 0.0068 0.0080 0.0161 0.3996 0.1048 0.1052 0.1018 0.1467 0.1110 
 290 0.0064 0.0040 0.0255 0.1880 0.2197 0.1525 0.1236 0.1064 0.1739 
 291 0.0049 0.0045 0.0157 0.3184 0.1515 0.1055 0.1056 0.1522 0.1416 
 292 0.0042 0.0048 0.0100 0.1548 0.2265 0.1231 0.1574 0.0912 0.2279 
 293 0.0051 0.0041 0.0208 0.1049 0.2425 0.2008 0.1626 0.1316 0.1276 
 294 0.0062 0.0045 0.0111 0.4403 0.1379 0.1199 0.0783 0.0936 0.1081 
 295 0.0061 0.0167 0.0252 0.1485 0.2333 0.1350 0.1511 0.1440 0.1400 
 296 0.0042 0.0044 0.0147 0.4600 0.1071 0.0720 0.0909 0.1230 0.1238 
 297 0.0044 0.0049 0.0102 0.3336 0.0928 0.1544 0.1465 0.1089 0.1442 
 298 0.0042 0.0048 0.0095 0.2592 0.0610 0.1288 0.0875 0.1230 0.3220 
 299 0.0059 0.0047 0.0094 0.4628 0.0681 0.1486 0.0709 0.1022 0.1274 
 300 0.0042 0.0042 0.0123 0.5035 0.1014 0.0783 0.1125 0.0856 0.0981 
 301 0.0058 0.0080 0.0126 0.3008 0.0930 0.2437 0.0971 0.1087 0.1304 
 302 0.0066 0.0094 0.0164 0.3484 0.2079 0.1223 0.0816 0.0931 0.1142 
 303 0.0042 0.0047 0.0116 0.2801 0.0938 0.0985 0.1158 0.0867 0.3047 
 304 0.0056 0.0087 0.0119 0.0808 0.0622 0.2223 0.1014 0.1535 0.3536 
 305 0.0045 0.0096 0.0116 0.4039 0.1411 0.0772 0.0873 0.0739 0.1909 
 306 0.0046 0.0048 0.0103 0.1943 0.1205 0.1196 0.0997 0.0949 0.3513 
 307 0.0056 0.0055 0.0126 0.2304 0.1070 0.1410 0.1070 0.1185 0.2723 
 308 0.0040 0.0049 0.0092 0.2042 0.1709 0.1007 0.0955 0.0976 0.3131 
 309 0.0103 0.0137 0.0219 0.5034 0.0816 0.0735 0.0790 0.1146 0.1021 
 310 0.0042 0.0043 0.0131 0.3167 0.1650 0.0779 0.0732 0.0881 0.2574 
 311 0.0041 0.0046 0.0110 0.4566 0.0678 0.0739 0.0700 0.0858 0.2261 
 312 0.0040 0.0043 0.0120 0.5319 0.0925 0.0643 0.0736 0.1084 0.1089 
 313 0.0046 0.0048 0.0136 0.3526 0.2572 0.0771 0.0830 0.1062 0.1010 
 314 0.0048 0.0454 0.0127 0.0494 0.1163 0.0721 0.0908 0.0734 0.5352 
 315 0.0043 0.0428 0.0092 0.0459 0.1157 0.0832 0.1246 0.0769 0.4975 
 316 0.0072 0.1245 0.0109 0.0505 0.0694 0.0957 0.1396 0.0841 0.4181 
 317 0.0051 0.0475 0.0125 0.0455 0.0658 0.0746 0.0918 0.0753 0.5819 
 318 0.0052 0.1244 0.0104 0.0447 0.0497 0.0823 0.0941 0.0757 0.5136 
 319 0.0046 0.0047 0.0097 0.0500 0.0690 0.0702 0.0820 0.0749 0.6349 
 320 0.0048 0.0472 0.0131 0.0493 0.1170 0.0724 0.0897 0.0726 0.5338 
 321 0.0051 0.1178 0.0119 0.0457 0.0620 0.0829 0.0983 0.0758 0.5005 
 322 0.0074 0.0389 0.0128 0.0551 0.1083 0.0881 0.1336 0.0844 0.4713 
 323 0.0135 0.0357 0.0094 0.0484 0.0540 0.0852 0.0858 0.0777 0.5903 
 324 0.0049 0.1166 0.0119 0.0449 0.0625 0.0840 0.0985 0.0765 0.5002 
 325 0.0049 0.1844 0.0102 0.0453 0.0645 0.0887 0.1309 0.0808 0.3903 
 326 0.0055 0.3913 0.0095 0.0463 0.0614 0.0819 0.1182 0.0819 0.2040 
 327 0.0053 0.0481 0.0125 0.0455 0.0660 0.0762 0.0922 0.0752 0.5791 
 328 0.0045 0.0405 0.0101 0.0527 0.0936 0.0880 0.1378 0.0826 0.4902 
 329 0.0045 0.0097 0.0089 0.0429 0.0499 0.0762 0.0867 0.0739 0.6472 
 330 0.0055 0.0480 0.0124 0.0459 0.0659 0.0753 0.0912 0.0760 0.5798 
 331 0.0046 0.0271 0.0088 0.0490 0.0518 0.0759 0.0887 0.0755 0.6186 
 332 0.0069 0.3803 0.0093 0.0459 0.0613 0.0867 0.1176 0.0821 0.2099 
 333 0.0065 0.2854 0.0097 0.0575 0.0719 0.0807 0.1192 0.0829 0.2862 
 334 0.0047 0.0440 0.0102 0.0530 0.0931 0.0876 0.1376 0.0827 0.4870 
 335 0.0046 0.0148 0.0101 0.0441 0.0969 0.0789 0.1231 0.0808 0.5467 
 336 0.0070 0.3293 0.0095 0.0497 0.0850 0.0818 0.0907 0.0744 0.2726 
 337 0.0051 0.1671 0.0124 0.0455 0.0861 0.0895 0.1394 0.0808 0.3741 
 338 0.0049 0.3406 0.0093 0.0466 0.0504 0.0828 0.0932 0.0771 0.2953 
 339 0.0047 0.0254 0.0089 0.0492 0.0521 0.0761 0.0890 0.0756 0.6190 
 340 0.0045 0.0103 0.0087 0.0486 0.0553 0.0678 0.0807 0.0742 0.6500 
 341 0.0101 0.1552 0.0107 0.0540 0.0560 0.0794 0.0877 0.0767 0.4703 
 342 0.0050 0.0465 0.0129 0.0454 0.0653 0.0753 0.0912 0.0758 0.5826 
 343 0.0109 0.0451 0.0112 0.0458 0.1661 0.0915 0.1190 0.0790 0.4314 
 344 0.0046 0.0260 0.0088 0.0423 0.0493 0.0781 0.0871 0.0742 0.6297 
 345 0.0054 0.0452 0.0127 0.0458 0.0662 0.0742 0.0912 0.0762 0.5830 
 346 0.0051 0.0509 0.0110 0.0452 0.0534 0.0734 0.0883 0.0752 0.5976 
 347 0.0045 0.0100 0.0090 0.0427 0.0531 0.0684 0.0793 0.0732 0.6598 
 348 0.0043 0.0138 0.0101 0.0469 0.1753 0.0738 0.1121 0.0760 0.4876 
 349 0.0052 0.0463 0.0130 0.0464 0.0667 0.0744 0.0910 0.0756 0.5812 
 350 0.0045 0.0093 0.0090 0.0536 0.0879 0.0757 0.0875 0.0725 0.5999 
 351 0.0045 0.0149 0.0100 0.0441 0.0977 0.0788 0.1222 0.0809 0.5470 
 352 0.0052 0.0730 0.0126 0.0473 0.0967 0.0838 0.1328 0.0817 0.4669 
 353 0.0071 0.3294 0.0095 0.0500 0.0850 0.0817 0.0908 0.0741 0.2724 
 354 0.0076 0.0468 0.0112 0.0495 0.0532 0.0821 0.0922 0.0774 0.5800 
 355 0.0050 0.1304 0.0103 0.0443 0.0497 0.0819 0.0950 0.0753 0.5081 
 356 0.0039 0.0056 0.0097 0.0463 0.1805 0.0727 0.1114 0.0765 0.4934 
 357 0.0047 0.0064 0.0102 0.0523 0.0720 0.1651 0.2010 0.0993 0.3889 
 358 0.0048 0.2561 0.0090 0.0446 0.0649 0.0856 0.1225 0.0807 0.3317 
 359 0.0053 0.2119 0.0091 0.0545 0.0556 0.0801 0.0918 0.0772 0.4146 
 360 0.0051 0.0490 0.0108 0.0450 0.0539 0.0735 0.0883 0.0754 0.5991 
 361 0.0045 0.0061 0.0118 0.0552 0.0991 0.1648 0.2120 0.0989 0.3477 
 362 0.0049 0.0117 0.0115 0.1973 0.0796 0.1120 0.3264 0.1475 0.1092 
 363 0.0069 0.0071 0.0152 0.0996 0.0858 0.1760 0.2540 0.2653 0.0902 
 364 0.0103 0.0087 0.0207 0.0582 0.1046 0.3007 0.1127 0.1514 0.2327 
 365 0.0150 0.0087 0.0308 0.0700 0.0790 0.2424 0.3157 0.1348 0.1034 
 366 0.0056 0.0066 0.0182 0.0996 0.2007 0.2314 0.1748 0.1070 0.1561 
 367 0.0048 0.0045 0.0113 0.0517 0.0540 0.1003 0.3047 0.3930 0.0757 
 368 0.0051 0.0052 0.0126 0.1145 0.0696 0.1438 0.1635 0.3641 0.1216 
 369 0.0066 0.0165 0.0209 0.0629 0.2707 0.2143 0.1233 0.1259 0.1588 
 370 0.0113 0.0160 0.0221 0.1567 0.0812 0.1500 0.1273 0.3187 0.1167 
 371 0.0089 0.0198 0.0200 0.1347 0.1069 0.3027 0.1179 0.1465 0.1426 
 372 0.0366 0.0239 0.0389 0.2355 0.0910 0.1004 0.1218 0.2158 0.1361 
 373 0.0053 0.0052 0.0164 0.0746 0.0846 0.1443 0.1741 0.3154 0.1801 
 374 0.0067 0.0070 0.0300 0.0892 0.0844 0.1696 0.2162 0.1572 0.2399 
 375 0.0149 0.0087 0.0169 0.0872 0.0566 0.2757 0.1667 0.2828 0.0904 
 376 0.1082 0.0063 0.0130 0.0397 0.0584 0.2055 0.3288 0.1552 0.0849 
 377 0.0065 0.0167 0.0180 0.1041 0.1128 0.1577 0.2569 0.2096 0.1177 
 378 0.0054 0.0148 0.0154 0.0710 0.0783 0.0776 0.1683 0.3500 0.2193 
 379 0.1857 0.0084 0.0163 0.0542 0.0657 0.1839 0.2362 0.1733 0.0763 
 380 0.0099 0.0112 0.0165 0.0717 0.1037 0.1689 0.3351 0.0969 0.1861 
 381 0.0075 0.0060 0.0144 0.0457 0.1695 0.3269 0.1924 0.0838 0.1539 
 382 0.0047 0.0085 0.0107 0.0615 0.0550 0.3322 0.1871 0.2398 0.1005 
 383 0.0095 0.1961 0.0134 0.0841 0.0560 0.2019 0.2295 0.0992 0.1103 
 384 0.0388 0.0593 0.0210 0.0643 0.0576 0.3083 0.1519 0.1554 0.1433 
 385 0.0061 0.1173 0.1845 0.0573 0.0580 0.1932 0.1139 0.1324 0.1374 
 386 0.0040 0.0045 0.0114 0.0692 0.0689 0.1632 0.3412 0.2440 0.0936 
 387 0.0047 0.0047 0.0124 0.0505 0.0731 0.2086 0.2948 0.2378 0.1134 
 388 0.0146 0.0127 0.0328 0.0802 0.0595 0.2022 0.1882 0.1856 0.2242 
 389 0.0102 0.0175 0.0859 0.1299 0.2056 0.1620 0.0935 0.1918 0.1035 
 390 0.0199 0.0180 0.0223 0.0596 0.1266 0.1000 0.3451 0.2230 0.0855 
 391 0.0121 0.0109 0.0760 0.0739 0.1461 0.1284 0.1605 0.2517 0.1403 
 392 0.0063 0.0050 0.0098 0.0660 0.0814 0.1755 0.2914 0.1822 0.1822 
 393 0.0072 0.0077 0.0131 0.0472 0.0919 0.1327 0.4565 0.0941 0.1497 
 394 0.0046 0.0149 0.0096 0.0726 0.0738 0.1007 0.2802 0.2015 0.2421 
 395 0.0040 0.0041 0.0099 0.1644 0.1260 0.0883 0.2999 0.1947 0.1087 
 396 0.0050 0.0040 0.0110 0.0643 0.0615 0.2336 0.1742 0.3662 0.0802 
 397 0.0550 0.0053 0.0100 0.1885 0.1004 0.2501 0.0917 0.1176 0.1813 
 398 0.0406 0.0050 0.0098 0.0421 0.0619 0.0892 0.4543 0.2146 0.0825 
 399 0.0045 0.0104 0.0196 0.0681 0.0967 0.0903 0.2108 0.3985 0.1010 
 400 0.0065 0.0044 0.0138 0.0426 0.0816 0.2036 0.2591 0.2589 0.1295 
 401 0.0045 0.0046 0.0131 0.0514 0.1326 0.0703 0.2703 0.3151 0.1381 
 402 0.0063 0.0058 0.0148 0.0631 0.1488 0.1784 0.1727 0.2707 0.1394 
 403 0.0065 0.0058 0.0329 0.0713 0.0823 0.1323 0.1787 0.1443 0.3459 
 404 0.0068 0.0042 0.0211 0.1270 0.0745 0.2390 0.1858 0.1796 0.1620 
 405 0.0042 0.0050 0.0110 0.1089 0.1067 0.1821 0.2970 0.1485 0.1365 
 406 0.0041 0.0048 0.0111 0.0788 0.1783 0.0963 0.3455 0.0987 0.1824 
 407 0.0041 0.0040 0.0100 0.0577 0.0590 0.1750 0.4597 0.1523 0.0782 
 408 0.0039 0.0041 0.0109 0.0751 0.1855 0.0674 0.1435 0.4370 0.0727 
 409 0.0119 0.0082 0.0174 0.0511 0.1718 0.0815 0.3057 0.1043 0.2481 
 410 0.0811 0.0088 0.0155 0.0623 0.0870 0.1189 0.2887 0.2046 0.1330 
 411 0.0148 0.0243 0.0106 0.0464 0.1245 0.2751 0.1831 0.1641 0.1572 
 412 0.0048 0.0050 0.0125 0.1112 0.0680 0.1683 0.1898 0.3286 0.1118 
 413 0.0045 0.0122 0.0104 0.0944 0.0655 0.1091 0.2115 0.2958 0.1966 
 414 0.0043 0.0088 0.0187 0.1444 0.0562 0.2137 0.1324 0.3446 0.0767 
 415 0.0050 0.0043 0.0124 0.0609 0.1379 0.1982 0.3119 0.1678 0.1016 
 416 0.0060 0.0050 0.0316 0.0653 0.1343 0.1418 0.2643 0.2064 0.1452 
 417 0.0053 0.0060 0.0103 0.0688 0.0625 0.1189 0.4790 0.1624 0.0867 
 418 0.0060 0.0043 0.0102 0.0618 0.0529 0.1579 0.1801 0.4349 0.0918 
 419 0.0106 0.0084 0.0269 0.0668 0.0925 0.1215 0.2703 0.1753 0.2277 
 420 0.0040 0.0041 0.0121 0.0490 0.2163 0.0707 0.2617 0.2950 0.0870 
 421 0.0059 0.0059 0.0113 0.0879 0.0691 0.0940 0.3774 0.2584 0.0901 
 422 0.0059 0.0048 0.0128 0.1505 0.1473 0.0918 0.3470 0.1374 0.1025 
 423 0.0068 0.0047 0.0114 0.1168 0.0859 0.2156 0.2418 0.1846 0.1323 
 424 0.0079 0.0069 0.0309 0.0457 0.1509 0.1055 0.2451 0.2725 0.1348 
 425 0.0174 0.0077 0.0456 0.0721 0.0763 0.2836 0.1628 0.1686 0.1661 
 426 0.0276 0.0342 0.0353 0.0602 0.0838 0.1496 0.2149 0.2560 0.1385 
 427 0.0046 0.0109 0.0095 0.0408 0.0559 0.0869 0.4767 0.1587 0.1559 
 428 0.0203 0.0063 0.0128 0.0804 0.1132 0.0842 0.3819 0.1082 0.1926 
 429 0.0056 0.0042 0.0093 0.0582 0.0531 0.1725 0.3657 0.2552 0.0761 
 430 0.0047 0.0052 0.0106 0.0702 0.0603 0.1108 0.5188 0.1355 0.0840 
 431 0.0093 0.0134 0.0198 0.1101 0.0792 0.1700 0.1527 0.2979 0.1476 
 432 0.0050 0.0053 0.0124 0.0810 0.0815 0.1299 0.1974 0.3575 0.1299 
 433 0.0091 0.0064 0.0112 0.0827 0.1118 0.1391 0.1194 0.1920 0.3282 
 434 0.0053 0.0053 0.0148 0.1094 0.1130 0.2480 0.2034 0.1460 0.1548 
 435 0.0042 0.0045 0.0088 0.0402 0.0665 0.0906 0.5370 0.1670 0.0812 
 436 0.0065 0.0054 0.0120 0.0304 0.0887 0.1125 0.4665 0.1653 0.1126 
 437 0.0059 0.0049 0.0092 0.0482 0.0679 0.4190 0.2049 0.1482 0.0916 
 438 0.0052 0.0063 0.0119 0.0449 0.1479 0.0677 0.4481 0.1541 0.1138 
 439 0.0045 0.0049 0.0095 0.0335 0.0544 0.0895 0.6025 0.1080 0.0932 
 440 0.0038 0.0042 0.0103 0.0465 0.0653 0.1415 0.4824 0.1753 0.0707 
 441 0.0047 0.0061 0.0113 0.0458 0.0701 0.1180 0.4982 0.1122 0.1336 
 442 0.0058 0.0041 0.0285 0.0486 0.0963 0.2003 0.2777 0.2487 0.0900 
 443 0.0044 0.0047 0.0153 0.0419 0.1828 0.0867 0.2980 0.2899 0.0763 
 444 0.0057 0.0043 0.0263 0.0456 0.1115 0.2101 0.3071 0.2013 0.0881 
 445 0.0405 0.0054 0.0119 0.0467 0.1211 0.0978 0.4187 0.0971 0.1607 
 446 0.0499 0.0060 0.0110 0.0325 0.0528 0.0809 0.4716 0.2085 0.0868 
 447 0.0056 0.0051 0.0297 0.0400 0.1094 0.1082 0.4353 0.1288 0.1379 
 448 0.0044 0.0048 0.0109 0.0478 0.0761 0.1612 0.4259 0.1771 0.0918 
 449 0.0047 0.0047 0.0110 0.0556 0.0806 0.1669 0.4056 0.1433 0.1275 
 450 0.0067 0.0054 0.0134 0.0372 0.0494 0.3160 0.2817 0.1504 0.1398 
 451 0.0048 0.0045 0.0114 0.0502 0.0809 0.1290 0.1687 0.4791 0.0713 
 452 0.0052 0.0050 0.0105 0.0435 0.0551 0.1884 0.3875 0.1657 0.1392 
 453 0.0042 0.0052 0.0189 0.0579 0.3213 0.0841 0.2322 0.1722 0.1040 
 454 0.0045 0.0115 0.0100 0.0590 0.0746 0.1684 0.4089 0.1346 0.1284 
 455 0.0044 0.0054 0.0104 0.0333 0.0943 0.0936 0.5276 0.1511 0.0799 
 456 0.0052 0.0043 0.0131 0.0419 0.1872 0.1389 0.3696 0.1603 0.0795 
 457 0.0051 0.0048 0.0095 0.0408 0.0679 0.2359 0.4155 0.1255 0.0951 
 458 0.0418 0.0053 0.0115 0.0411 0.0586 0.1034 0.5162 0.1286 0.0934 
 459 0.0044 0.0053 0.0107 0.0317 0.0611 0.0817 0.5045 0.1417 0.1589 
 460 0.0041 0.0048 0.0104 0.0344 0.0589 0.0852 0.5331 0.1883 0.0808 
 461 0.0065 0.0048 0.0110 0.0333 0.0477 0.1318 0.3400 0.3370 0.0880 
 462 0.0073 0.0054 0.0521 0.0852 0.0898 0.1737 0.3552 0.1655 0.0660 
 463 0.0041 0.0056 0.0107 0.0705 0.2365 0.0875 0.3895 0.0988 0.0967 
 464 0.0038 0.0045 0.0094 0.0354 0.1114 0.0803 0.4448 0.2309 0.0794 
 465 0.0067 0.0052 0.0118 0.0508 0.0960 0.0983 0.3877 0.2539 0.0896 
 466 0.0040 0.0045 0.0099 0.0515 0.1819 0.0824 0.3728 0.2128 0.0802 
 467 0.0046 0.0060 0.0126 0.0792 0.0851 0.1200 0.4577 0.1288 0.1060 
 468 0.0046 0.0045 0.0096 0.0374 0.1182 0.1666 0.4718 0.1081 0.0792 
 469 0.0042 0.0049 0.0095 0.0306 0.0531 0.0816 0.6424 0.0918 0.0819 
 470 0.0042 0.0045 0.0085 0.0346 0.0587 0.0785 0.5526 0.1758 0.0826 
 471 0.0053 0.0042 0.0195 0.0801 0.1815 0.1550 0.2505 0.2113 0.0925 
 472 0.0058 0.0045 0.0140 0.0473 0.1330 0.1719 0.3655 0.1707 0.0873 
 473 0.0046 0.0056 0.0102 0.0689 0.0977 0.1815 0.3584 0.1478 0.1255 
 474 0.0047 0.0048 0.0108 0.0460 0.0984 0.1754 0.3713 0.1574 0.1312 
 475 0.0050 0.0046 0.0110 0.0536 0.0904 0.0922 0.3597 0.2406 0.1430 
 476 0.0066 0.0050 0.0106 0.0365 0.0959 0.2590 0.3588 0.1372 0.0903 
 477 0.0065 0.0060 0.0213 0.0337 0.1124 0.1108 0.3108 0.2785 0.1200 
 478 0.0068 0.0056 0.0222 0.0321 0.0631 0.0832 0.2769 0.4291 0.0809 
 479 0.0043 0.0044 0.0100 0.0358 0.0578 0.1438 0.4974 0.1664 0.0802 
 480 0.0050 0.0048 0.0090 0.0383 0.0608 0.2158 0.4522 0.1238 0.0903 
 481 0.0049 0.0039 0.0202 0.1053 0.0948 0.2258 0.2545 0.1988 0.0918 
 482 0.0054 0.0044 0.0092 0.0367 0.0532 0.1646 0.4525 0.1929 0.0812 
 483 0.0051 0.0058 0.0098 0.0346 0.0582 0.0935 0.5429 0.1545 0.0956 
 484 0.0050 0.0050 0.0148 0.0563 0.1460 0.0800 0.4900 0.1146 0.0883 
 485 0.0048 0.0062 0.0099 0.0358 0.0642 0.0832 0.5676 0.1469 0.0814 
 486 0.0093 0.0059 0.0318 0.0940 0.2377 0.1966 0.1073 0.2050 0.1125 
 487 0.0082 0.0068 0.0291 0.0537 0.1436 0.2719 0.1103 0.1814 0.1951 
 488 0.0078 0.0069 0.0617 0.0718 0.1069 0.1666 0.1087 0.2868 0.1829 
 489 0.0067 0.0059 0.0157 0.0745 0.1974 0.3320 0.0826 0.1127 0.1726 
 490 0.0054 0.0045 0.0174 0.0491 0.1797 0.1757 0.1358 0.3516 0.0807 
 491 0.0074 0.0057 0.0524 0.1663 0.1455 0.1687 0.1115 0.1349 0.2076 
 492 0.0046 0.0066 0.0368 0.0553 0.1359 0.0993 0.1091 0.2519 0.3004 
 493 0.0089 0.0068 0.0532 0.1017 0.1225 0.2855 0.0768 0.2029 0.1417 
 494 0.0220 0.0051 0.0395 0.0892 0.1592 0.2221 0.1203 0.1516 0.1909 
 495 0.0201 0.0069 0.0976 0.0349 0.1505 0.1415 0.0935 0.2480 0.2071 
 496 0.0053 0.0062 0.0103 0.0939 0.1726 0.1182 0.1443 0.1362 0.3130 
 497 0.0152 0.0086 0.0887 0.1270 0.0997 0.2374 0.0980 0.1213 0.2043 
 498 0.0094 0.0058 0.0538 0.0646 0.1890 0.2078 0.1147 0.2329 0.1219 
 499 0.0190 0.0068 0.0195 0.0723 0.1536 0.2269 0.1028 0.1157 0.2834 
 500 0.0102 0.0049 0.0145 0.1126 0.1137 0.3773 0.1035 0.1250 0.1383 
 501 0.0081 0.0046 0.0156 0.0791 0.0806 0.2225 0.1508 0.1703 0.2684 
 502 0.0062 0.0052 0.0279 0.0530 0.0634 0.1323 0.1439 0.2620 0.3061 
 503 0.0057 0.0044 0.0116 0.0699 0.0821 0.3330 0.1914 0.1932 0.1086 
 504 0.0070 0.0048 0.0718 0.0463 0.1455 0.1111 0.1365 0.3621 0.1149 
 505 0.0071 0.0044 0.0246 0.1277 0.2338 0.1410 0.1006 0.1827 0.1781 
 506 0.0055 0.0048 0.0341 0.0890 0.1007 0.1213 0.1128 0.2678 0.2640 
 507 0.0057 0.0060 0.0101 0.0821 0.1953 0.0874 0.0923 0.0830 0.4381 
 508 0.0118 0.0076 0.0169 0.0562 0.2186 0.0901 0.0768 0.1020 0.4201 
 509 0.0062 0.0045 0.0177 0.1260 0.1998 0.1171 0.1172 0.1524 0.2590 
 510 0.0105 0.0044 0.0137 0.0558 0.0911 0.2863 0.0870 0.1398 0.3114 
 511 0.0085 0.0048 0.0262 0.0928 0.1156 0.2050 0.2035 0.2208 0.1228 
 512 0.0061 0.0041 0.0170 0.0730 0.0658 0.3259 0.1787 0.2387 0.0907 
 513 0.0058 0.0051 0.3594 0.0944 0.1335 0.0693 0.0661 0.1391 0.1271 
 514 0.0068 0.0089 0.0132 0.0763 0.0961 0.0967 0.1441 0.4040 0.1539 
 515 0.0086 0.0053 0.0154 0.0547 0.1552 0.1319 0.2791 0.1157 0.2340 
 516 0.0075 0.0051 0.0156 0.0746 0.1914 0.0928 0.1213 0.3581 0.1336 
 517 0.0060 0.0057 0.0119 0.0644 0.1881 0.0890 0.2574 0.1673 0.2102 
 518 0.0468 0.0058 0.0118 0.1396 0.0723 0.2767 0.0969 0.1230 0.2271 
 519 0.0050 0.0047 0.0181 0.0505 0.1023 0.0907 0.1634 0.4073 0.1581 
 520 0.0058 0.0060 0.0111 0.0647 0.2042 0.0903 0.2628 0.0896 0.2655 
 521 0.0049 0.1231 0.0107 0.1706 0.0914 0.0878 0.1094 0.2008 0.2013 
 522 0.0155 0.0058 0.0141 0.0505 0.2209 0.2638 0.1601 0.1445 0.1247 
 523 0.0066 0.0120 0.0113 0.0567 0.3407 0.0780 0.1570 0.1401 0.1976 
 524 0.0065 0.0058 0.0104 0.0688 0.1285 0.0977 0.3728 0.1396 0.1699 
 525 0.0625 0.0068 0.0110 0.0842 0.1333 0.1469 0.2136 0.0967 0.2449 
 526 0.0047 0.0052 0.0100 0.0758 0.2379 0.0745 0.3771 0.0908 0.1240 
 527 0.0515 0.0049 0.0179 0.0636 0.0688 0.2783 0.1255 0.2635 0.1259 
 528 0.0044 0.0134 0.0100 0.1743 0.0969 0.0982 0.0889 0.1262 0.3878 
 529 0.0690 0.0066 0.0193 0.1861 0.1042 0.1186 0.1248 0.1920 0.1795 
 530 0.0056 0.0048 0.0171 0.0624 0.1460 0.2706 0.2104 0.1303 0.1528 
 531 0.0057 0.0124 0.0120 0.0537 0.0900 0.1105 0.2715 0.1127 0.3316 
 532 0.0134 0.0370 0.0145 0.0684 0.1153 0.2198 0.0858 0.1780 0.2678 
 533 0.0495 0.0058 0.0124 0.1252 0.1482 0.1900 0.1900 0.1333 0.1455 
 534 0.0636 0.0057 0.0243 0.0983 0.2813 0.0749 0.0774 0.1721 0.2024 
 535 0.0045 0.0050 0.0120 0.0745 0.2305 0.0809 0.2833 0.1825 0.1268 
 536 0.0057 0.0061 0.0145 0.1210 0.1024 0.1148 0.2440 0.1557 0.2358 
 537 0.0059 0.0167 0.0188 0.1003 0.2501 0.1179 0.1261 0.1266 0.2377 
 538 0.0041 0.0050 0.0120 0.1854 0.1858 0.1086 0.1574 0.1144 0.2273 
 539 0.0041 0.0045 0.0114 0.1065 0.1197 0.0974 0.0756 0.0915 0.4893 
 540 0.0047 0.1224 0.0109 0.1934 0.1669 0.1154 0.1612 0.1014 0.1237 
 541 0.0069 0.0582 0.0183 0.0985 0.1107 0.1292 0.1846 0.1029 0.2907 
 542 0.0047 0.0044 0.0208 0.1555 0.2117 0.1015 0.2974 0.1003 0.1037 
 543 0.0072 0.0855 0.0217 0.0927 0.2204 0.0786 0.1607 0.1624 0.1709 
 544 0.0040 0.0100 0.0128 0.0782 0.3405 0.0949 0.2159 0.1118 0.1319 
 545 0.0046 0.0055 0.0182 0.0760 0.2810 0.0871 0.2908 0.1494 0.0872 
 546 0.0047 0.0105 0.0244 0.1951 0.2151 0.1122 0.1946 0.0981 0.1454 
 547 0.0049 0.0066 0.0160 0.0467 0.3982 0.0707 0.1630 0.1144 0.1793 
 548 0.0044 0.0044 0.0115 0.3495 0.0722 0.1077 0.0847 0.1119 0.2537 
 549 0.0060 0.0068 0.0137 0.0433 0.1390 0.0823 0.2638 0.1028 0.3422 
 550 0.0040 0.0045 0.0156 0.0593 0.2550 0.0899 0.2898 0.1622 0.1197 
 551 0.0060 0.0075 0.0136 0.0514 0.1107 0.0971 0.1895 0.1203 0.4040 
 552 0.0044 0.0048 0.0117 0.2199 0.2095 0.1217 0.1235 0.0991 0.2054 
 553 0.0075 0.0264 0.0234 0.0863 0.3684 0.0720 0.1100 0.1252 0.1809 
 554 0.0062 0.1479 0.0136 0.1408 0.1173 0.2002 0.1479 0.1261 0.0998 
 555 0.0059 0.0128 0.0336 0.1161 0.2132 0.1098 0.1036 0.1182 0.2868 
 556 0.0048 0.0093 0.0138 0.1917 0.2266 0.1109 0.1488 0.1278 0.1664 
 557 0.0045 0.0129 0.0143 0.0559 0.1209 0.0950 0.3588 0.1684 0.1694 
 558 0.0051 0.0043 0.0091 0.0318 0.0485 0.1499 0.4864 0.1810 0.0840 
 559 0.0051 0.0067 0.0114 0.1902 0.1458 0.1403 0.1325 0.2623 0.1057 
 560 0.0042 0.0041 0.0188 0.0695 0.0560 0.0775 0.3206 0.3824 0.0669 
 561 0.0048 0.0045 0.0175 0.0553 0.1052 0.1267 0.3314 0.2704 0.0841 
 562 0.0056 0.0046 0.0188 0.0874 0.1217 0.1743 0.1829 0.3385 0.0663 
 563 0.0075 0.0050 0.0328 0.0333 0.1021 0.0839 0.2495 0.2720 0.2138 
 564 0.0071 0.0158 0.0136 0.2693 0.1591 0.1501 0.1265 0.1485 0.1099 
 565 0.0045 0.0043 0.0096 0.0434 0.0565 0.1597 0.5102 0.1218 0.0900 
 566 0.0039 0.0043 0.0110 0.0450 0.0633 0.1343 0.2436 0.4230 0.0716 
 567 0.0052 0.0047 0.0152 0.2887 0.1012 0.1597 0.1102 0.2286 0.0865 
 568 0.0048 0.0051 0.0099 0.1002 0.1231 0.0945 0.2893 0.2616 0.1116 
 569 0.0061 0.0141 0.0109 0.0558 0.1498 0.2609 0.2007 0.1887 0.1129 
 570 0.0059 0.0049 0.0091 0.0549 0.0532 0.3781 0.2125 0.2053 0.0760 
 571 0.0046 0.0060 0.0104 0.0715 0.0763 0.0892 0.1925 0.4440 0.1056 
 572 0.0038 0.0055 0.0164 0.0634 0.3545 0.1328 0.1455 0.0952 0.1828 
 573 0.0063 0.0097 0.0112 0.2480 0.1012 0.1117 0.2583 0.1392 0.1144 
 574 0.0055 0.0117 0.0127 0.0573 0.1054 0.3459 0.1835 0.1078 0.1703 
 575 0.0048 0.0048 0.0109 0.0863 0.0749 0.0895 0.2617 0.2856 0.1815 
 576 0.0048 0.0049 0.0215 0.0468 0.0551 0.1476 0.2335 0.4122 0.0736 
 577 0.0064 0.0050 0.0133 0.0581 0.0935 0.3129 0.1877 0.1481 0.1751 
 578 0.0048 0.0064 0.0246 0.0815 0.0783 0.1329 0.2946 0.2771 0.0998 
 579 0.0055 0.0100 0.0276 0.1346 0.0865 0.1478 0.3264 0.1743 0.0873 
