   1 0.0091 0.0052 0.0129 0.0741 0.0709 0.1163 0.1682 0.2305 0.1947 0.1181 
   2 0.0037 0.0037 0.0124 0.0417 0.4307 0.0713 0.0619 0.0998 0.1474 0.1274 
   3 0.0047 0.0053 0.0082 0.0493 0.0867 0.1224 0.1324 0.2082 0.2666 0.1163 
   4 0.0135 0.0119 0.0113 0.2141 0.1066 0.0942 0.0969 0.2213 0.1120 0.1182 
   5 0.0063 0.0049 0.0158 0.0503 0.2845 0.0879 0.0692 0.0962 0.2257 0.1591 
   6 0.0040 0.0051 0.0084 0.0752 0.1004 0.0676 0.0822 0.0921 0.4061 0.1589 
   7 0.0044 0.0052 0.0103 0.0449 0.0748 0.0595 0.1045 0.1045 0.2234 0.3684 
   8 0.0916 0.0183 0.0109 0.0929 0.0871 0.0750 0.1066 0.1892 0.1954 0.1330 
   9 0.0058 0.0069 0.0178 0.0472 0.2205 0.0782 0.0831 0.1769 0.2296 0.1340 
  10 0.0655 0.0063 0.0111 0.0961 0.0962 0.0576 0.0904 0.1263 0.2845 0.1661 
  11 0.0042 0.0043 0.0147 0.0403 0.0833 0.0597 0.1725 0.1079 0.2178 0.2952 
  12 0.0041 0.0046 0.0116 0.0709 0.2199 0.0918 0.0639 0.1333 0.2312 0.1688 
  13 0.0047 0.0052 0.0147 0.0488 0.1396 0.0917 0.0773 0.1687 0.2500 0.1993 
  14 0.0106 0.0039 0.0092 0.0666 0.2098 0.1724 0.1238 0.1312 0.1805 0.0920 
  15 0.0047 0.0050 0.0108 0.0985 0.1529 0.0972 0.1409 0.2046 0.1427 0.1428 
  16 0.0043 0.0043 0.0134 0.0421 0.0788 0.0900 0.1346 0.1551 0.3172 0.1602 
  17 0.0049 0.0068 0.0152 0.0589 0.1034 0.1287 0.0747 0.1395 0.3469 0.1209 
  18 0.0053 0.0073 0.0107 0.0747 0.2410 0.0815 0.1492 0.1431 0.1930 0.0942 
  19 0.0037 0.0047 0.0099 0.0509 0.1205 0.0592 0.0800 0.1342 0.3847 0.1524 
  20 0.0043 0.0046 0.0124 0.0687 0.1588 0.0909 0.1317 0.1382 0.1727 0.2176 
  21 0.0073 0.0044 0.0099 0.1064 0.1635 0.1468 0.1121 0.1803 0.1587 0.1105 
  22 0.0041 0.0058 0.0100 0.0483 0.0888 0.0866 0.0779 0.1769 0.3849 0.1168 
  23 0.0111 0.0076 0.0246 0.0553 0.1674 0.1295 0.1028 0.2671 0.1303 0.1043 
  24 0.0041 0.0043 0.0125 0.0579 0.0883 0.0895 0.1288 0.2761 0.2022 0.1362 
  25 0.0051 0.0051 0.0115 0.0398 0.1422 0.0790 0.1186 0.0834 0.3113 0.2040 
  26 0.0041 0.0066 0.0107 0.0844 0.1316 0.0844 0.1035 0.1938 0.2443 0.1368 
  27 0.0043 0.0052 0.0132 0.0588 0.1004 0.1377 0.0972 0.1555 0.2948 0.1329 
  28 0.0129 0.0049 0.0111 0.2047 0.1222 0.0764 0.1443 0.1331 0.1400 0.1504 
  29 0.0037 0.0038 0.0149 0.0399 0.1650 0.1016 0.0763 0.1597 0.1868 0.2484 
  30 0.0038 0.0043 0.0112 0.0418 0.1112 0.1031 0.0992 0.1619 0.3455 0.1179 
  31 0.0745 0.0123 0.0147 0.0749 0.1144 0.1430 0.0727 0.1158 0.1823 0.1954 
  32 0.0085 0.0044 0.0088 0.0760 0.1727 0.0765 0.1037 0.1870 0.2564 0.1061 
  33 0.0038 0.0045 0.0106 0.0440 0.1037 0.0904 0.1258 0.2386 0.2033 0.1753 
  34 0.0812 0.0060 0.0208 0.0770 0.0773 0.0568 0.1154 0.0876 0.2401 0.2378 
  35 0.0039 0.0084 0.0245 0.0359 0.1203 0.2397 0.0635 0.1226 0.2641 0.1170 
  36 0.0065 0.0042 0.0104 0.0356 0.0925 0.2546 0.2407 0.1325 0.1144 0.1085 
  37 0.0045 0.0057 0.0099 0.0551 0.1792 0.1284 0.0721 0.2377 0.1831 0.1244 
  38 0.0044 0.0051 0.0246 0.0324 0.1005 0.0975 0.3303 0.1040 0.1185 0.1827 
  39 0.0045 0.0070 0.0212 0.0499 0.1092 0.1628 0.1422 0.1223 0.1773 0.2038 
  40 0.0044 0.0039 0.0108 0.0437 0.1095 0.2896 0.0888 0.1898 0.1680 0.0917 
  41 0.0072 0.0065 0.0251 0.0323 0.0726 0.2846 0.1211 0.1221 0.1608 0.1678 
  42 0.0043 0.0043 0.0157 0.0481 0.0709 0.1332 0.1830 0.3496 0.0881 0.1026 
  43 0.0085 0.0066 0.0133 0.0457 0.1317 0.2930 0.0638 0.1671 0.1439 0.1264 
  44 0.0038 0.0057 0.0120 0.0315 0.1049 0.3651 0.0565 0.1057 0.2047 0.1101 
  45 0.0043 0.0049 0.0220 0.0327 0.1628 0.2085 0.1848 0.1112 0.1128 0.1558 
  46 0.0042 0.0080 0.0124 0.0557 0.1083 0.1892 0.0804 0.1026 0.2862 0.1530 
  47 0.0093 0.0122 0.0210 0.0505 0.1470 0.1187 0.0624 0.1567 0.2955 0.1268 
  48 0.0039 0.0066 0.0149 0.0328 0.1065 0.3858 0.0596 0.1102 0.1914 0.0884 
  49 0.0044 0.0076 0.0308 0.0452 0.1221 0.1957 0.1039 0.1564 0.1996 0.1342 
  50 0.0217 0.0086 0.0155 0.0725 0.1149 0.1075 0.0866 0.0824 0.2878 0.2024 
  51 0.0062 0.0041 0.0124 0.0322 0.0822 0.4070 0.1696 0.1097 0.0825 0.0941 
  52 0.0043 0.0077 0.0223 0.0534 0.0746 0.1762 0.1205 0.1450 0.1824 0.2134 
  53 0.0084 0.0064 0.0152 0.0535 0.0832 0.1142 0.2500 0.1326 0.1855 0.1510 
  54 0.0045 0.0067 0.0195 0.0501 0.2038 0.1926 0.0516 0.1666 0.1732 0.1315 
  55 0.0037 0.0056 0.0136 0.0409 0.1443 0.3685 0.0608 0.1202 0.1343 0.1083 
  56 0.0040 0.0057 0.0196 0.0462 0.1458 0.2158 0.1025 0.1683 0.1953 0.0967 
  57 0.0096 0.0110 0.0179 0.1150 0.0899 0.0692 0.0813 0.1906 0.2776 0.1379 
  58 0.0043 0.0048 0.0217 0.0403 0.1285 0.2600 0.1044 0.1569 0.1300 0.1492 
  59 0.0044 0.0054 0.0392 0.0429 0.1230 0.1555 0.2038 0.1493 0.1269 0.1495 
  60 0.0067 0.0043 0.0101 0.0686 0.0958 0.3560 0.1083 0.1372 0.1048 0.1082 
  61 0.0043 0.0037 0.0117 0.0536 0.2118 0.3039 0.0526 0.1625 0.0869 0.1090 
  62 0.0045 0.0095 0.0519 0.0724 0.1902 0.0986 0.0876 0.1276 0.1996 0.1582 
  63 0.0042 0.0039 0.0111 0.0504 0.1599 0.1464 0.1171 0.2013 0.1180 0.1876 
  64 0.0039 0.0054 0.0160 0.0396 0.1579 0.0817 0.1314 0.1097 0.3143 0.1400 
  65 0.0040 0.0050 0.0143 0.0387 0.1886 0.0860 0.0803 0.0848 0.1910 0.3073 
  66 0.0114 0.0046 0.0130 0.0733 0.2435 0.1065 0.0777 0.1904 0.1110 0.1687 
  67 0.0042 0.0047 0.0123 0.0370 0.1926 0.3181 0.0524 0.1095 0.1406 0.1284 
  68 0.0046 0.0061 0.0364 0.0489 0.1081 0.1699 0.2165 0.1611 0.1129 0.1356 
  69 0.1475 0.0071 0.0367 0.0709 0.0993 0.0701 0.2546 0.0815 0.1211 0.1115 
  70 0.0121 0.0040 0.0119 0.0426 0.0775 0.2297 0.1914 0.1705 0.0937 0.1666 
  71 0.0068 0.0053 0.0369 0.0322 0.1437 0.2211 0.1892 0.0884 0.1228 0.1536 
  72 0.0065 0.0048 0.0095 0.0363 0.0952 0.2020 0.1473 0.1104 0.2583 0.1298 
  73 0.0071 0.0050 0.0379 0.0368 0.2357 0.2205 0.0810 0.1018 0.1134 0.1608 
  74 0.0039 0.0039 0.0099 0.0446 0.0917 0.1916 0.2301 0.2119 0.1116 0.1007 
  75 0.0100 0.0049 0.0138 0.0457 0.1093 0.2106 0.1834 0.2419 0.0989 0.0814 
  76 0.0042 0.0047 0.0097 0.0396 0.1289 0.2546 0.0820 0.1267 0.1379 0.2116 
  77 0.0041 0.0044 0.0241 0.0305 0.1165 0.1626 0.2094 0.1301 0.1090 0.2093 
  78 0.0049 0.0049 0.0283 0.0310 0.1018 0.1320 0.2816 0.1365 0.1084 0.1705 
  79 0.0043 0.0043 0.0109 0.0476 0.1666 0.0600 0.1133 0.1189 0.2080 0.2661 
  80 0.0041 0.0043 0.0094 0.0877 0.1231 0.0633 0.0724 0.3854 0.0992 0.1511 
  81 0.0042 0.0043 0.0082 0.1061 0.1381 0.0542 0.0901 0.2834 0.1096 0.2018 
  82 0.0043 0.0043 0.0178 0.0549 0.1759 0.1639 0.0822 0.1927 0.1330 0.1711 
  83 0.0050 0.0041 0.0081 0.0852 0.1482 0.0837 0.1624 0.2075 0.1173 0.1786 
  84 0.0042 0.0042 0.0091 0.0882 0.1324 0.0630 0.1285 0.1989 0.1378 0.2336 
  85 0.0048 0.0041 0.0087 0.0883 0.1319 0.0759 0.1707 0.2271 0.1630 0.1254 
  86 0.0044 0.0058 0.0165 0.0507 0.1915 0.1914 0.0729 0.1056 0.2026 0.1585 
  87 0.0102 0.0047 0.0106 0.0512 0.1393 0.0922 0.1563 0.1218 0.1157 0.2980 
  88 0.0043 0.0041 0.0096 0.0659 0.1550 0.0732 0.0876 0.2762 0.1168 0.2071 
  89 0.0124 0.0050 0.0092 0.0859 0.1953 0.0624 0.0830 0.2717 0.1109 0.1642 
  90 0.0044 0.0041 0.0105 0.0560 0.1775 0.0645 0.1036 0.1305 0.1200 0.3290 
  91 0.0047 0.0041 0.0079 0.0887 0.1054 0.0751 0.1485 0.3373 0.1131 0.1151 
  92 0.0043 0.0044 0.0104 0.0582 0.1890 0.0751 0.1021 0.1652 0.1665 0.2248 
  93 0.0149 0.0042 0.0100 0.2106 0.1002 0.0727 0.0692 0.3102 0.1099 0.0981 
  94 0.0048 0.0042 0.0090 0.0484 0.0780 0.0743 0.2534 0.1085 0.0995 0.3198 
  95 0.0044 0.0043 0.0098 0.0660 0.1477 0.0616 0.0889 0.2213 0.0894 0.3065 
  96 0.0046 0.0041 0.0123 0.0610 0.1707 0.2479 0.0604 0.2379 0.0865 0.1147 
  97 0.0042 0.0048 0.0126 0.0489 0.1518 0.1607 0.2057 0.2196 0.1052 0.0866 
  98 0.0039 0.0035 0.0124 0.0374 0.1825 0.1630 0.0862 0.1947 0.1772 0.1393 
  99 0.0044 0.0043 0.0091 0.0865 0.1644 0.0568 0.1115 0.1851 0.1240 0.2539 
 100 0.0040 0.0046 0.0108 0.0759 0.1961 0.0793 0.0551 0.3962 0.0894 0.0886 
 101 0.0420 0.0055 0.0116 0.0554 0.1666 0.1057 0.1430 0.1492 0.1154 0.2056 
 102 0.0054 0.0054 0.0200 0.0848 0.1007 0.1230 0.1303 0.2720 0.0990 0.1594 
 103 0.0221 0.0046 0.0117 0.0796 0.3560 0.0701 0.0724 0.1092 0.0991 0.1753 
 104 0.0077 0.0044 0.0104 0.1124 0.1190 0.0710 0.0713 0.0664 0.1124 0.4250 
 105 0.0228 0.0055 0.0254 0.1378 0.2041 0.0820 0.0637 0.0784 0.1045 0.2759 
 106 0.0037 0.0042 0.0095 0.0317 0.0956 0.0750 0.1327 0.0745 0.1492 0.4239 
 107 0.0149 0.0054 0.0168 0.0842 0.2399 0.0855 0.0714 0.1128 0.1074 0.2616 
 108 0.0052 0.0038 0.0089 0.0511 0.2859 0.1544 0.1968 0.0861 0.1059 0.1018 
 109 0.0087 0.0061 0.1105 0.0401 0.1127 0.0955 0.1509 0.0688 0.1396 0.2671 
 110 0.0080 0.0042 0.0118 0.0342 0.0865 0.0608 0.1437 0.0796 0.1408 0.4305 
 111 0.0082 0.0066 0.0228 0.0589 0.1501 0.0735 0.0650 0.0894 0.1112 0.4143 
 112 0.0044 0.0045 0.1504 0.0379 0.0776 0.0988 0.1034 0.0807 0.1006 0.3415 
 113 0.0103 0.0048 0.0122 0.0559 0.2745 0.1164 0.1089 0.1156 0.1602 0.1411 
 114 0.0077 0.0042 0.0164 0.1349 0.1356 0.0638 0.0658 0.0755 0.1035 0.3927 
 115 0.0064 0.0049 0.0212 0.0448 0.1091 0.1713 0.0766 0.1227 0.1318 0.3112 
 116 0.0042 0.0055 0.0169 0.0325 0.0917 0.1785 0.1602 0.0811 0.1354 0.2940 
 117 0.0147 0.0063 0.0291 0.0364 0.0814 0.0738 0.1272 0.1049 0.1528 0.3735 
 118 0.0047 0.0047 0.0235 0.0506 0.2964 0.1070 0.0698 0.0915 0.1234 0.2285 
 119 0.0051 0.0040 0.0095 0.0627 0.1260 0.2113 0.1181 0.2377 0.0835 0.1420 
 120 0.0060 0.0051 0.0297 0.0564 0.1471 0.1295 0.0791 0.1199 0.1229 0.3044 
 121 0.0342 0.0094 0.0526 0.0363 0.1032 0.1912 0.0944 0.0919 0.1219 0.2649 
 122 0.0076 0.0040 0.0165 0.0502 0.1392 0.0697 0.1263 0.0830 0.1509 0.3526 
 123 0.0114 0.0050 0.0140 0.0620 0.1435 0.0876 0.1210 0.1018 0.1142 0.3397 
 124 0.0083 0.0077 0.0293 0.0468 0.1547 0.1361 0.1544 0.0807 0.1698 0.2121 
 125 0.0063 0.0050 0.0306 0.0360 0.0821 0.0858 0.2434 0.1148 0.2056 0.1905 
 126 0.0040 0.0036 0.0093 0.0560 0.1028 0.1708 0.1494 0.1174 0.1062 0.2806 
 127 0.0055 0.0050 0.0181 0.0575 0.1606 0.0877 0.0625 0.0906 0.0908 0.4215 
 128 0.0038 0.0042 0.0184 0.0477 0.3449 0.1042 0.0585 0.0896 0.1326 0.1960 
 129 0.0236 0.0055 0.0147 0.0429 0.2986 0.0840 0.0684 0.0699 0.1107 0.2816 
 130 0.0114 0.0055 0.0299 0.0883 0.1630 0.0646 0.0724 0.1100 0.1136 0.3413 
 131 0.0290 0.0087 0.0311 0.0363 0.1089 0.1172 0.2499 0.0747 0.1326 0.2115 
 132 0.0076 0.0044 0.0115 0.0407 0.2054 0.0761 0.1140 0.0706 0.1307 0.3390 
 133 0.0134 0.0077 0.0139 0.0636 0.2385 0.0921 0.0805 0.0979 0.1155 0.2769 
 134 0.0037 0.0038 0.0150 0.0303 0.0898 0.0528 0.0966 0.0658 0.1179 0.5242 
 135 0.0041 0.0053 0.0190 0.1234 0.1153 0.2024 0.0812 0.2820 0.0847 0.0825 
 136 0.0074 0.0052 0.0131 0.2052 0.0941 0.0757 0.0672 0.3000 0.1558 0.0764 
 137 0.0095 0.0044 0.0264 0.1254 0.0742 0.0592 0.0675 0.4236 0.1047 0.1053 
 138 0.0040 0.0042 0.0086 0.4244 0.0744 0.0760 0.0823 0.1555 0.0928 0.0780 
 139 0.0066 0.0040 0.0112 0.1546 0.3011 0.1177 0.0798 0.1189 0.1208 0.0854 
 140 0.0091 0.0047 0.0117 0.1370 0.1131 0.1363 0.1016 0.2398 0.1175 0.1292 
 141 0.0133 0.0050 0.0121 0.3004 0.1132 0.0809 0.0952 0.1277 0.1708 0.0813 
 142 0.0082 0.0051 0.0186 0.1539 0.1395 0.2274 0.0757 0.2045 0.0852 0.0820 
 143 0.0038 0.0037 0.0086 0.1178 0.0779 0.0669 0.0557 0.5071 0.0851 0.0734 
 144 0.0047 0.0043 0.0265 0.1127 0.0736 0.0663 0.0600 0.4592 0.0900 0.1026 
 145 0.0081 0.0055 0.0153 0.1370 0.1216 0.1111 0.0935 0.2365 0.1899 0.0815 
 146 0.0083 0.0060 0.0107 0.1952 0.0878 0.0790 0.1066 0.2130 0.1555 0.1380 
 147 0.0066 0.0042 0.0092 0.2099 0.0717 0.0602 0.0621 0.4017 0.0996 0.0748 
 148 0.0194 0.0048 0.0165 0.2153 0.1205 0.1287 0.0673 0.1753 0.1474 0.1048 
 149 0.0968 0.0048 0.0119 0.1772 0.1070 0.1444 0.0891 0.1878 0.1035 0.0774 
 150 0.0101 0.0053 0.0309 0.1512 0.1197 0.0794 0.0702 0.2744 0.1186 0.1401 
 151 0.0041 0.0045 0.0093 0.1535 0.1031 0.0798 0.0625 0.3897 0.0973 0.0962 
 152 0.0101 0.0049 0.0151 0.1931 0.1028 0.1584 0.0979 0.1897 0.1433 0.0847 
 153 0.0064 0.0040 0.0096 0.3366 0.0723 0.1231 0.0960 0.1522 0.1014 0.0984 
 154 0.1255 0.0057 0.0117 0.1888 0.1134 0.1297 0.0645 0.1418 0.1435 0.0753 
 155 0.0042 0.0042 0.0083 0.4372 0.0920 0.0657 0.0585 0.1395 0.0910 0.0995 
 156 0.0042 0.0039 0.0119 0.2457 0.0893 0.1622 0.0580 0.2458 0.0811 0.0978 
 157 0.0069 0.0040 0.0085 0.2945 0.0837 0.0556 0.0887 0.2107 0.0922 0.1551 
 158 0.0072 0.0056 0.0148 0.1440 0.0965 0.0974 0.0996 0.2693 0.1844 0.0811 
 159 0.0536 0.0050 0.0111 0.2230 0.0886 0.0583 0.0624 0.3253 0.0964 0.0763 
 160 0.0448 0.0056 0.0112 0.2954 0.1087 0.0625 0.0632 0.2336 0.0976 0.0773 
 161 0.0079 0.0041 0.0101 0.0838 0.0992 0.0828 0.1011 0.3854 0.1243 0.1013 
 162 0.0081 0.0067 0.0111 0.2287 0.1134 0.0912 0.1009 0.1404 0.1628 0.1367 
 163 0.0041 0.0040 0.0081 0.3981 0.0740 0.1063 0.0596 0.1678 0.0841 0.0939 
 164 0.0810 0.0064 0.0095 0.1785 0.1575 0.0825 0.0767 0.1594 0.1215 0.1269 
 165 0.0049 0.0049 0.0295 0.1426 0.0927 0.0799 0.0660 0.3417 0.1012 0.1365 
 166 0.0756 0.0045 0.0087 0.1776 0.1199 0.0986 0.1441 0.1630 0.0885 0.1194 
 167 0.1234 0.0076 0.0098 0.2962 0.0695 0.0685 0.0650 0.1056 0.1582 0.0960 
 168 0.0047 0.0043 0.0087 0.2802 0.0846 0.0945 0.1481 0.1894 0.1044 0.0811 
 169 0.0078 0.0063 0.0161 0.1132 0.0857 0.0894 0.2116 0.2152 0.1753 0.0794 
 170 0.0042 0.0039 0.0094 0.0645 0.1343 0.1176 0.0633 0.4128 0.0948 0.0953 
 171 0.0064 0.0045 0.0093 0.2296 0.1378 0.1008 0.1177 0.1666 0.1392 0.0882 
 172 0.0179 0.0047 0.0142 0.1228 0.0932 0.1661 0.1868 0.2173 0.1010 0.0758 
 173 0.0061 0.0048 0.0102 0.3587 0.1367 0.0686 0.0597 0.1800 0.0986 0.0766 
 174 0.0064 0.0044 0.0084 0.3505 0.0992 0.0573 0.0686 0.1932 0.1107 0.1011 
 175 0.0042 0.0047 0.0096 0.1271 0.0798 0.0759 0.0580 0.4144 0.1506 0.0757 
 176 0.0047 0.0044 0.0266 0.1133 0.0728 0.0663 0.0606 0.4590 0.0900 0.1022 
 177 0.0068 0.0046 0.0094 0.2761 0.0882 0.0673 0.1429 0.1473 0.1029 0.1544 
 178 0.0069 0.0047 0.0087 0.3372 0.1071 0.0589 0.0659 0.1400 0.1706 0.1000 
 179 0.0094 0.0040 0.0079 0.4154 0.0985 0.0579 0.0585 0.1701 0.1014 0.0770 
 180 0.0184 0.0066 0.0126 0.1672 0.0765 0.0984 0.0960 0.2721 0.1476 0.1046 
 181 0.0076 0.0052 0.0137 0.1295 0.1447 0.1166 0.0889 0.2985 0.1141 0.0813 
 182 0.0049 0.0055 0.0116 0.1357 0.1439 0.1133 0.0587 0.3620 0.0889 0.0755 
 183 0.0068 0.0044 0.0091 0.2076 0.1038 0.0720 0.0605 0.3561 0.1028 0.0768 
 184 0.0039 0.0048 0.0105 0.0422 0.4150 0.0774 0.0632 0.1006 0.1784 0.1040 
 185 0.0041 0.0038 0.0111 0.2736 0.0794 0.1775 0.0488 0.2557 0.0789 0.0670 
 186 0.0039 0.0046 0.0086 0.0405 0.3885 0.0749 0.0610 0.0970 0.1646 0.1562 
 187 0.0043 0.0038 0.0085 0.1576 0.3180 0.0795 0.0584 0.1478 0.1229 0.0992 
 188 0.0039 0.0043 0.0091 0.0354 0.4649 0.0729 0.0522 0.0803 0.1497 0.1272 
 189 0.0043 0.0041 0.0083 0.0800 0.1241 0.1265 0.1235 0.2323 0.1986 0.0983 
 190 0.0038 0.0037 0.0124 0.0811 0.1694 0.3489 0.0497 0.1896 0.0700 0.0715 
 191 0.0038 0.0038 0.0105 0.0535 0.4800 0.0653 0.0545 0.1128 0.1178 0.0980 
 192 0.0038 0.0036 0.0086 0.0688 0.3024 0.0589 0.0612 0.2307 0.1340 0.1279 
 193 0.0038 0.0040 0.0133 0.0601 0.2346 0.1084 0.0696 0.2257 0.1635 0.1170 
 194 0.0050 0.0042 0.0091 0.0606 0.2312 0.1208 0.0680 0.2579 0.1216 0.1216 
 195 0.0041 0.0040 0.0087 0.1104 0.2790 0.1500 0.0521 0.2330 0.0869 0.0718 
 196 0.0038 0.0036 0.0124 0.0767 0.2848 0.1920 0.0569 0.1798 0.0901 0.0999 
 197 0.0041 0.0049 0.0102 0.1301 0.1868 0.1117 0.0658 0.1138 0.2244 0.1483 
 198 0.0041 0.0037 0.0091 0.0625 0.1641 0.1323 0.0944 0.1792 0.1978 0.1529 
 199 0.0038 0.0040 0.0129 0.0478 0.1851 0.2758 0.0695 0.2065 0.0941 0.1006 
 200 0.0039 0.0040 0.0162 0.0743 0.2438 0.2022 0.0741 0.1614 0.1260 0.0942 
 201 0.0040 0.0039 0.0083 0.2514 0.2403 0.0891 0.0511 0.1650 0.1047 0.0823 
 202 0.0040 0.0036 0.0107 0.0820 0.1253 0.1741 0.0517 0.3687 0.0850 0.0950 
 203 0.0041 0.0041 0.0108 0.1987 0.2953 0.0787 0.0492 0.1958 0.0855 0.0778 
 204 0.0039 0.0038 0.0098 0.0603 0.4193 0.1387 0.0515 0.1577 0.0791 0.0762 
 205 0.0040 0.0040 0.0098 0.0569 0.3395 0.1613 0.0712 0.1423 0.1073 0.1037 
 206 0.0042 0.0041 0.0085 0.0787 0.4433 0.0882 0.0491 0.1488 0.0989 0.0761 
 207 0.0036 0.0036 0.0134 0.0415 0.4313 0.1290 0.0503 0.1379 0.0891 0.1003 
 208 0.0040 0.0037 0.0101 0.1800 0.3321 0.1136 0.0509 0.1187 0.0958 0.0912 
 209 0.0036 0.0038 0.0132 0.0538 0.3544 0.0989 0.0570 0.1741 0.1314 0.1097 
 210 0.0039 0.0037 0.0087 0.0766 0.4474 0.0810 0.0512 0.1428 0.0935 0.0914 
 211 0.0040 0.0054 0.0259 0.0655 0.1748 0.2175 0.0495 0.2233 0.0973 0.1368 
 212 0.0039 0.0035 0.0099 0.1041 0.1249 0.1458 0.0602 0.3405 0.1268 0.0802 
 213 0.0042 0.0039 0.0121 0.0504 0.2041 0.1965 0.0927 0.1906 0.0923 0.1532 
 214 0.0037 0.0039 0.0113 0.0897 0.2068 0.0961 0.0500 0.3580 0.0989 0.0816 
 215 0.0039 0.0037 0.0126 0.0522 0.4469 0.1107 0.0629 0.1021 0.0980 0.1067 
 216 0.0038 0.0051 0.0104 0.0487 0.3068 0.0955 0.0697 0.1294 0.2198 0.1106 
 217 0.0038 0.0037 0.0092 0.1019 0.2265 0.1147 0.0584 0.2932 0.1072 0.0815 
 218 0.0038 0.0040 0.0097 0.0604 0.4332 0.0758 0.0680 0.1396 0.0984 0.1072 
 219 0.0045 0.0058 0.0085 0.1049 0.1925 0.0930 0.0809 0.1992 0.2128 0.0980 
 220 0.0038 0.0037 0.0095 0.0519 0.5206 0.0752 0.0495 0.1102 0.0876 0.0880 
 221 0.0037 0.0038 0.0103 0.0599 0.1076 0.1494 0.0513 0.4630 0.0800 0.0709 
 222 0.0039 0.0049 0.0085 0.0607 0.2354 0.0846 0.0690 0.1651 0.2577 0.1102 
 223 0.0041 0.0040 0.0083 0.1722 0.2153 0.0899 0.0723 0.1853 0.1450 0.1036 
 224 0.0046 0.0040 0.0088 0.0955 0.3419 0.0730 0.0497 0.2462 0.0981 0.0781 
 225 0.0040 0.0039 0.0096 0.0634 0.3491 0.1469 0.0618 0.1693 0.1026 0.0894 
 226 0.0047 0.0052 0.0118 0.0652 0.2684 0.0866 0.1448 0.1635 0.1471 0.1027 
 227 0.0044 0.0039 0.0106 0.1053 0.2111 0.2448 0.0513 0.1799 0.0851 0.1035 
 228 0.0045 0.0038 0.0119 0.1134 0.2203 0.2361 0.0485 0.2128 0.0812 0.0675 
 229 0.0040 0.0038 0.0087 0.0859 0.3376 0.0551 0.0496 0.2700 0.0999 0.0854 
 230 0.0039 0.0040 0.0100 0.0683 0.4102 0.0611 0.0492 0.2224 0.0881 0.0827 
 231 0.0040 0.0038 0.0095 0.1129 0.3318 0.0651 0.0550 0.1930 0.1404 0.0847 
 232 0.0040 0.0043 0.0110 0.0553 0.1783 0.1320 0.1044 0.2861 0.1026 0.1222 
 233 0.0040 0.0040 0.0103 0.2438 0.2052 0.0764 0.0506 0.2229 0.1004 0.0824 
 234 0.0038 0.0035 0.0094 0.0901 0.2834 0.0724 0.0676 0.1631 0.1866 0.1201 
 235 0.0041 0.0040 0.0094 0.0717 0.2107 0.1160 0.0732 0.2747 0.1284 0.1079 
 236 0.0039 0.0039 0.0102 0.1016 0.2604 0.0764 0.0602 0.2664 0.1247 0.0923 
 237 0.0038 0.0038 0.0133 0.0567 0.3674 0.1669 0.0575 0.1293 0.1066 0.0947 
 238 0.0038 0.0036 0.0095 0.0855 0.1930 0.0903 0.0531 0.3468 0.1102 0.1043 
 239 0.0044 0.0039 0.0087 0.1106 0.2805 0.1487 0.0516 0.2328 0.0867 0.0722 
 240 0.0039 0.0037 0.0095 0.0847 0.1928 0.0895 0.0533 0.3494 0.1097 0.1035 
 241 0.0041 0.0045 0.0108 0.0778 0.1856 0.1259 0.0656 0.3457 0.0966 0.0834 
 242 0.0045 0.0042 0.0090 0.0747 0.2977 0.1146 0.0809 0.1838 0.1399 0.0906 
 243 0.0038 0.0039 0.0144 0.0779 0.3022 0.2086 0.0486 0.1792 0.0810 0.0804 
 244 0.0040 0.0039 0.0104 0.0962 0.3496 0.0712 0.0498 0.2470 0.0901 0.0779 
 245 0.0042 0.0037 0.0085 0.2309 0.1237 0.1251 0.0561 0.2624 0.0928 0.0926 
 246 0.0040 0.0039 0.0093 0.1022 0.2284 0.1143 0.0580 0.2922 0.1066 0.0811 
 247 0.0038 0.0036 0.0092 0.0401 0.3269 0.0938 0.1138 0.0956 0.1168 0.1965 
 248 0.0036 0.0036 0.0113 0.0481 0.4275 0.1200 0.0587 0.0934 0.1114 0.1225 
 249 0.0038 0.0038 0.0112 0.0641 0.2798 0.0804 0.0499 0.3208 0.0968 0.0894 
 250 0.0037 0.0039 0.0100 0.0715 0.3327 0.0633 0.0584 0.2362 0.1206 0.0998 
 251 0.0040 0.0044 0.0151 0.0627 0.2547 0.1235 0.1091 0.1358 0.1737 0.1170 
 252 0.0042 0.0038 0.0085 0.0813 0.2758 0.1300 0.0628 0.2228 0.1174 0.0933 
 253 0.0040 0.0038 0.0099 0.0466 0.2189 0.1862 0.0953 0.1498 0.1338 0.1516 
 254 0.0040 0.0049 0.0087 0.0791 0.2878 0.0938 0.0578 0.1495 0.2150 0.0994 
 255 0.0040 0.0038 0.0105 0.0675 0.2748 0.0839 0.0574 0.2215 0.1578 0.1188 
 256 0.0038 0.0040 0.0113 0.0649 0.2690 0.1227 0.0597 0.2671 0.1087 0.0888 
 257 0.0105 0.0064 0.0133 0.0656 0.3308 0.1117 0.0643 0.1695 0.1160 0.1118 
 258 0.0040 0.0036 0.0119 0.0761 0.2070 0.2201 0.0736 0.1286 0.1396 0.1356 
 259 0.0042 0.0040 0.0101 0.0547 0.4036 0.0719 0.0586 0.1848 0.1137 0.0942 
 260 0.0039 0.0046 0.0087 0.0956 0.1793 0.0694 0.0590 0.2505 0.2260 0.1030 
 261 0.0041 0.0037 0.0083 0.1176 0.1943 0.1642 0.0647 0.2415 0.1166 0.0851 
 262 0.0038 0.0038 0.0104 0.0828 0.1817 0.2443 0.0571 0.2637 0.0811 0.0713 
 263 0.0039 0.0049 0.0105 0.0538 0.4574 0.0891 0.0496 0.1071 0.1371 0.0866 
 264 0.0037 0.0056 0.0105 0.0358 0.2218 0.1004 0.0723 0.0869 0.3417 0.1213 
 265 0.0040 0.0038 0.0085 0.1013 0.2973 0.0955 0.0707 0.1702 0.1429 0.1058 
 266 0.0038 0.0037 0.0104 0.0884 0.1262 0.1625 0.0517 0.4014 0.0806 0.0711 
 267 0.0039 0.0037 0.0128 0.0761 0.2403 0.1122 0.0564 0.2277 0.1495 0.1173 
 268 0.0039 0.0037 0.0123 0.0767 0.2826 0.1940 0.0572 0.1808 0.0903 0.0985 
 269 0.0041 0.0039 0.0087 0.1084 0.2161 0.0820 0.0921 0.1750 0.2094 0.1003 
 270 0.0065 0.0051 0.0104 0.0588 0.3645 0.0862 0.0659 0.1059 0.1796 0.1170 
 271 0.0038 0.0043 0.0134 0.0594 0.3359 0.1405 0.0721 0.1290 0.1199 0.1216 
 272 0.0049 0.0051 0.0161 0.0639 0.2801 0.1285 0.1374 0.1359 0.1213 0.1069 
 273 0.0322 0.0188 0.0209 0.0811 0.2181 0.0795 0.0897 0.1847 0.1415 0.1335 
 274 0.0040 0.0040 0.0103 0.0606 0.3194 0.0970 0.0868 0.1564 0.1439 0.1176 
 275 0.0170 0.0067 0.0136 0.0873 0.3377 0.0842 0.0808 0.1325 0.1477 0.0924 
 276 0.0048 0.0051 0.0170 0.0434 0.2621 0.1568 0.1166 0.1598 0.1155 0.1188 
 277 0.0039 0.0041 0.0084 0.0875 0.2514 0.0795 0.0712 0.2331 0.1588 0.1021 
 278 0.0039 0.0039 0.0127 0.0705 0.3772 0.1508 0.0653 0.1129 0.1013 0.1017 
 279 0.0037 0.0039 0.0101 0.0689 0.3302 0.0891 0.0720 0.1844 0.1371 0.1007 
 280 0.0040 0.0038 0.0091 0.0800 0.2589 0.1105 0.1009 0.1767 0.1609 0.0953 
 281 0.0040 0.0042 0.0099 0.0616 0.3308 0.0993 0.0770 0.1538 0.1200 0.1394 
 282 0.0038 0.0036 0.0084 0.1258 0.1870 0.0661 0.0610 0.3068 0.1425 0.0949 
 283 0.0042 0.0038 0.0092 0.1562 0.1905 0.0775 0.0511 0.3103 0.1018 0.0953 
 284 0.0071 0.0037 0.0123 0.1023 0.2590 0.0906 0.0679 0.2005 0.1335 0.1231 
 285 0.0037 0.0038 0.0140 0.0362 0.3995 0.1519 0.0826 0.0802 0.1099 0.1181 
 286 0.0039 0.0038 0.0105 0.0963 0.3494 0.0721 0.0500 0.2468 0.0899 0.0772 
 287 0.0041 0.0041 0.0084 0.0806 0.2365 0.0855 0.0941 0.1978 0.1437 0.1452 
 288 0.0047 0.0047 0.0113 0.0575 0.3978 0.0767 0.1091 0.1236 0.1175 0.0971 
 289 0.0075 0.0062 0.0144 0.0561 0.3770 0.1003 0.0774 0.1139 0.1178 0.1294 
 290 0.0040 0.0056 0.0196 0.0440 0.2273 0.1560 0.0736 0.2010 0.1699 0.0988 
 291 0.0038 0.0041 0.0129 0.0600 0.3313 0.1422 0.0725 0.1292 0.1200 0.1239 
 292 0.0041 0.0039 0.0088 0.0811 0.1678 0.2030 0.1057 0.2055 0.1343 0.0859 
 293 0.0038 0.0044 0.0164 0.0477 0.1697 0.1987 0.0830 0.1267 0.2360 0.1136 
 294 0.0043 0.0056 0.0106 0.0432 0.4033 0.1437 0.0574 0.1144 0.1288 0.0886 
 295 0.0090 0.0052 0.0193 0.0673 0.1970 0.1991 0.1134 0.1311 0.1355 0.1232 
 296 0.0040 0.0038 0.0124 0.0599 0.4355 0.1046 0.0650 0.1187 0.0853 0.1107 
 297 0.0039 0.0039 0.0092 0.0565 0.3242 0.0869 0.1003 0.1513 0.1606 0.1031 
 298 0.0039 0.0038 0.0085 0.0862 0.2534 0.0564 0.0597 0.2821 0.1401 0.1058 
 299 0.0042 0.0053 0.0089 0.0546 0.4305 0.0665 0.0497 0.1264 0.1619 0.0920 
 300 0.0038 0.0039 0.0110 0.0402 0.4854 0.0935 0.0729 0.1054 0.0988 0.0852 
 301 0.0067 0.0050 0.0110 0.0579 0.3416 0.0835 0.0723 0.1091 0.2167 0.0964 
 302 0.0084 0.0057 0.0142 0.0579 0.3320 0.2073 0.0613 0.1007 0.1285 0.0841 
 303 0.0041 0.0038 0.0100 0.0881 0.2729 0.0805 0.0711 0.2711 0.1146 0.0839 
 304 0.0066 0.0048 0.0100 0.2005 0.1180 0.0585 0.0623 0.1710 0.2316 0.1367 
 305 0.0078 0.0043 0.0104 0.0916 0.3456 0.1451 0.0626 0.1703 0.0906 0.0718 
 306 0.0040 0.0041 0.0094 0.0777 0.1923 0.0990 0.0698 0.3306 0.1234 0.0896 
 307 0.0045 0.0044 0.0104 0.0610 0.2799 0.0818 0.0716 0.2443 0.1414 0.1007 
 308 0.0040 0.0038 0.0083 0.1144 0.1975 0.1640 0.0647 0.2429 0.1163 0.0843 
 309 0.0208 0.0132 0.0226 0.0618 0.4302 0.0845 0.0566 0.1057 0.0934 0.1111 
 310 0.0038 0.0037 0.0111 0.0806 0.3136 0.1405 0.0501 0.2253 0.0926 0.0788 
 311 0.0038 0.0039 0.0101 0.0700 0.4083 0.0612 0.0493 0.2210 0.0900 0.0825 
 312 0.0039 0.0035 0.0109 0.0548 0.4996 0.0890 0.0498 0.1092 0.0820 0.0975 
 313 0.0043 0.0041 0.0116 0.0433 0.3693 0.2336 0.0590 0.0980 0.0872 0.0897 
 314 0.0160 0.0041 0.0115 0.2644 0.0716 0.1186 0.0613 0.2909 0.0888 0.0727 
 315 0.0140 0.0039 0.0083 0.3403 0.0705 0.1101 0.0990 0.1791 0.0981 0.0769 
 316 0.0300 0.0062 0.0098 0.3609 0.0747 0.0668 0.1175 0.1423 0.1105 0.0815 
 317 0.0162 0.0046 0.0115 0.3066 0.0707 0.0689 0.0645 0.2889 0.0928 0.0753 
 318 0.0237 0.0042 0.0091 0.4530 0.0684 0.0493 0.0654 0.1508 0.1000 0.0763 
 319 0.0038 0.0042 0.0087 0.1837 0.0797 0.0704 0.0567 0.4321 0.0876 0.0732 
 320 0.0161 0.0042 0.0116 0.2652 0.0712 0.1187 0.0613 0.2911 0.0881 0.0725 
 321 0.0371 0.0043 0.0115 0.3015 0.0702 0.0632 0.0679 0.2663 0.1015 0.0764 
 322 0.0173 0.0064 0.0118 0.2190 0.0795 0.1042 0.1088 0.2715 0.1002 0.0813 
 323 0.0140 0.0104 0.0085 0.3964 0.0754 0.0536 0.0612 0.2022 0.1020 0.0763 
 324 0.0358 0.0044 0.0112 0.3002 0.0703 0.0621 0.0673 0.2704 0.1020 0.0762 
 325 0.0388 0.0042 0.0092 0.3823 0.0701 0.0621 0.1146 0.1338 0.1050 0.0799 
 326 0.1786 0.0071 0.0107 0.2314 0.0716 0.0621 0.1032 0.1542 0.1001 0.0812 
 327 0.0161 0.0045 0.0112 0.3081 0.0710 0.0696 0.0637 0.2869 0.0933 0.0757 
 328 0.0214 0.0042 0.0094 0.2115 0.0835 0.0878 0.1080 0.2917 0.1031 0.0792 
 329 0.0064 0.0040 0.0080 0.3470 0.0679 0.0494 0.0614 0.2841 0.0969 0.0749 
 330 0.0154 0.0047 0.0112 0.3065 0.0709 0.0688 0.0639 0.2900 0.0932 0.0754 
 331 0.0092 0.0041 0.0080 0.4270 0.0774 0.0516 0.0613 0.1888 0.0976 0.0749 
 332 0.1681 0.0095 0.0095 0.2371 0.0700 0.0619 0.1021 0.1554 0.1053 0.0812 
 333 0.1303 0.0074 0.0097 0.2228 0.0824 0.0694 0.0986 0.2008 0.0979 0.0809 
 334 0.0208 0.0042 0.0094 0.2133 0.0842 0.0878 0.1067 0.2903 0.1040 0.0793 
 335 0.0088 0.0040 0.0094 0.2135 0.0717 0.0927 0.0970 0.3308 0.0936 0.0786 
 336 0.1382 0.0097 0.0097 0.2607 0.0690 0.0847 0.0625 0.1926 0.0986 0.0742 
 337 0.0528 0.0044 0.0115 0.2472 0.0724 0.0827 0.1149 0.2280 0.1060 0.0800 
 338 0.1200 0.0043 0.0090 0.3340 0.0695 0.0498 0.0654 0.1708 0.1013 0.0760 
 339 0.0094 0.0041 0.0081 0.4284 0.0763 0.0518 0.0616 0.1869 0.0980 0.0754 
 340 0.0054 0.0042 0.0080 0.4226 0.0780 0.0563 0.0580 0.2016 0.0912 0.0748 
 341 0.0683 0.0092 0.0098 0.2754 0.0805 0.0549 0.0615 0.2681 0.0955 0.0768 
 342 0.0152 0.0045 0.0115 0.3075 0.0715 0.0692 0.0640 0.2873 0.0937 0.0757 
 343 0.0265 0.0101 0.0102 0.1623 0.0692 0.1423 0.0914 0.3115 0.1000 0.0766 
 344 0.0090 0.0041 0.0080 0.4365 0.0676 0.0490 0.0608 0.1922 0.0981 0.0749 
 345 0.0163 0.0044 0.0113 0.3069 0.0709 0.0690 0.0642 0.2888 0.0931 0.0751 
 346 0.0117 0.0042 0.0090 0.4615 0.0689 0.0531 0.0618 0.1606 0.0935 0.0757 
 347 0.0054 0.0039 0.0080 0.4313 0.0688 0.0531 0.0578 0.2062 0.0906 0.0748 
 348 0.0088 0.0037 0.0094 0.1813 0.0723 0.1611 0.0864 0.3149 0.0877 0.0745 
 349 0.0166 0.0046 0.0115 0.3042 0.0715 0.0691 0.0635 0.2911 0.0928 0.0751 
 350 0.0059 0.0038 0.0081 0.3615 0.0794 0.0908 0.0598 0.2243 0.0935 0.0729 
 351 0.0090 0.0042 0.0097 0.2159 0.0723 0.0927 0.0982 0.3261 0.0935 0.0785 
 352 0.0235 0.0045 0.0116 0.2596 0.0743 0.0968 0.1094 0.2440 0.0969 0.0794 
 353 0.1365 0.0090 0.0097 0.2631 0.0691 0.0848 0.0622 0.1925 0.0991 0.0739 
 354 0.0149 0.0056 0.0096 0.3992 0.0717 0.0514 0.0638 0.2058 0.1009 0.0771 
 355 0.0252 0.0042 0.0091 0.4503 0.0680 0.0491 0.0651 0.1528 0.1002 0.0760 
 356 0.0046 0.0036 0.0085 0.0898 0.0706 0.1477 0.0852 0.4311 0.0854 0.0735 
 357 0.0049 0.0040 0.0090 0.2420 0.0839 0.0701 0.1506 0.1523 0.1887 0.0947 
 358 0.1059 0.0042 0.0086 0.2704 0.0699 0.0620 0.1014 0.1951 0.1031 0.0793 
 359 0.0754 0.0044 0.0081 0.3279 0.0785 0.0530 0.0620 0.2173 0.0979 0.0754 
 360 0.0110 0.0042 0.0091 0.4618 0.0693 0.0534 0.0625 0.1601 0.0935 0.0752 
 361 0.0047 0.0038 0.0101 0.0985 0.0873 0.0952 0.1466 0.2730 0.1866 0.0944 
 362 0.0092 0.0043 0.0105 0.0585 0.2233 0.0784 0.2204 0.0983 0.1431 0.1539 
 363 0.0073 0.0062 0.0126 0.0415 0.1637 0.0798 0.1554 0.0922 0.1907 0.2507 
 364 0.0075 0.0100 0.0166 0.0853 0.1055 0.0943 0.0782 0.2121 0.2592 0.1313 
 365 0.0085 0.0122 0.0235 0.0437 0.1115 0.0782 0.1743 0.1039 0.2994 0.1449 
 366 0.0069 0.0055 0.0151 0.0557 0.1531 0.1675 0.1268 0.1513 0.2210 0.0971 
 367 0.0044 0.0043 0.0104 0.0356 0.0836 0.0552 0.1799 0.0758 0.1328 0.4179 
 368 0.0042 0.0041 0.0105 0.0473 0.2202 0.0693 0.0904 0.1182 0.1861 0.2497 
 369 0.0093 0.0056 0.0173 0.0591 0.1070 0.1878 0.0741 0.2041 0.2241 0.1117 
 370 0.0235 0.0093 0.0188 0.0492 0.2228 0.0750 0.0825 0.1189 0.1715 0.2285 
 371 0.0178 0.0078 0.0160 0.0557 0.1871 0.0924 0.0685 0.1375 0.2947 0.1224 
 372 0.0235 0.0283 0.0291 0.0601 0.2875 0.0824 0.0804 0.1268 0.1121 0.1698 
 373 0.0043 0.0046 0.0135 0.0502 0.1122 0.0772 0.0887 0.1779 0.1652 0.3062 
 374 0.0056 0.0058 0.0231 0.0583 0.1196 0.0716 0.1083 0.2499 0.2055 0.1522 
 375 0.0089 0.0119 0.0151 0.0405 0.1373 0.0570 0.0904 0.0893 0.3174 0.2323 
 376 0.0067 0.0821 0.0125 0.0391 0.0714 0.0606 0.1875 0.0885 0.2782 0.1734 
 377 0.0121 0.0057 0.0145 0.0661 0.1996 0.1084 0.1541 0.0951 0.1873 0.1572 
 378 0.0095 0.0047 0.0132 0.1136 0.1085 0.0786 0.0943 0.1480 0.1007 0.3289 
 379 0.0110 0.1482 0.0161 0.0348 0.0859 0.0649 0.1438 0.0800 0.2303 0.1849 
 380 0.0097 0.0085 0.0145 0.0557 0.0998 0.0938 0.2358 0.2001 0.1866 0.0956 
 381 0.0055 0.0066 0.0128 0.0445 0.0716 0.1479 0.1026 0.1890 0.3329 0.0866 
 382 0.0065 0.0041 0.0095 0.0517 0.1103 0.0541 0.1144 0.0877 0.3517 0.2101 
 383 0.1425 0.0099 0.0118 0.0810 0.1159 0.0551 0.1857 0.1002 0.2052 0.0927 
 384 0.0526 0.0314 0.0185 0.0781 0.0911 0.0584 0.0948 0.1187 0.3092 0.1473 
 385 0.0668 0.0054 0.1370 0.1015 0.1030 0.0579 0.0713 0.1124 0.2158 0.1289 
 386 0.0039 0.0037 0.0100 0.0406 0.1209 0.0672 0.1923 0.0940 0.2115 0.2560 
 387 0.0040 0.0040 0.0108 0.0602 0.0903 0.0772 0.1647 0.0917 0.2554 0.2417 
 388 0.0094 0.0116 0.0264 0.0863 0.1189 0.0580 0.0966 0.1854 0.2437 0.1634 
 389 0.0178 0.0093 0.0500 0.0478 0.2188 0.1859 0.0644 0.0948 0.1604 0.1507 
 390 0.0207 0.0178 0.0208 0.0394 0.0823 0.1323 0.1986 0.0941 0.1343 0.2597 
 391 0.0112 0.0103 0.0507 0.0444 0.1264 0.1194 0.1067 0.1559 0.1480 0.2270 
 392 0.0044 0.0055 0.0090 0.0753 0.1059 0.0863 0.1409 0.1426 0.2290 0.2010 
 393 0.0058 0.0060 0.0119 0.0577 0.0741 0.0897 0.3493 0.1460 0.1613 0.0981 
 394 0.0099 0.0041 0.0087 0.1091 0.1118 0.0732 0.1868 0.1711 0.1254 0.1999 
 395 0.0039 0.0037 0.0092 0.0489 0.2247 0.1148 0.2258 0.0936 0.1137 0.1617 
 396 0.0037 0.0042 0.0096 0.0328 0.1207 0.0619 0.0879 0.0804 0.2904 0.3085 
 397 0.0047 0.0417 0.0094 0.0633 0.2176 0.0873 0.0626 0.1697 0.2434 0.1004 
 398 0.0048 0.0339 0.0094 0.0366 0.0771 0.0665 0.3116 0.0840 0.1222 0.2540 
 399 0.0092 0.0042 0.0159 0.0428 0.1094 0.0909 0.1360 0.0984 0.1124 0.3807 
 400 0.0041 0.0049 0.0113 0.0392 0.0738 0.0759 0.1110 0.1466 0.2555 0.2777 
 401 0.0041 0.0041 0.0114 0.0508 0.0886 0.1359 0.1289 0.1319 0.0983 0.3460 
 402 0.0047 0.0050 0.0121 0.0536 0.1135 0.1393 0.0957 0.1261 0.2062 0.2439 
 403 0.0048 0.0053 0.0271 0.1506 0.1134 0.0801 0.1097 0.2235 0.1534 0.1321 
 404 0.0039 0.0053 0.0166 0.0453 0.1777 0.0614 0.0869 0.1663 0.2820 0.1546 
 405 0.0043 0.0037 0.0095 0.0491 0.1736 0.0902 0.2004 0.1370 0.1979 0.1342 
 406 0.0041 0.0036 0.0099 0.0444 0.1197 0.1056 0.3128 0.2030 0.1045 0.0924 
 407 0.0037 0.0036 0.0091 0.0330 0.1039 0.0583 0.2936 0.0845 0.2460 0.1643 
 408 0.0039 0.0036 0.0096 0.0320 0.1374 0.1916 0.0819 0.0732 0.0893 0.3775 
 409 0.0098 0.0082 0.0155 0.0443 0.0825 0.1019 0.1998 0.3201 0.1096 0.1084 
 410 0.0087 0.0613 0.0142 0.0598 0.0983 0.0871 0.1444 0.1239 0.1645 0.2379 
 411 0.0120 0.0094 0.0099 0.0881 0.0813 0.1166 0.0967 0.1109 0.3185 0.1567 
 412 0.0042 0.0042 0.0104 0.0452 0.2089 0.0641 0.1014 0.1060 0.2043 0.2513 
 413 0.0083 0.0041 0.0091 0.1026 0.1558 0.0657 0.1167 0.1325 0.1431 0.2622 
 414 0.0077 0.0039 0.0144 0.0447 0.2056 0.0562 0.0825 0.0668 0.2274 0.2909 
 415 0.0039 0.0044 0.0110 0.0336 0.1009 0.1283 0.1798 0.1207 0.2386 0.1788 
 416 0.0043 0.0050 0.0245 0.0427 0.0875 0.1310 0.1103 0.1663 0.1801 0.2484 
 417 0.0055 0.0047 0.0099 0.0366 0.1054 0.0632 0.3400 0.0960 0.1555 0.1832 
 418 0.0039 0.0050 0.0091 0.0379 0.1066 0.0548 0.0913 0.0925 0.2057 0.3930 
 419 0.0082 0.0084 0.0225 0.0729 0.1072 0.0861 0.1369 0.2057 0.1724 0.1797 
 420 0.0038 0.0035 0.0109 0.0321 0.0832 0.2124 0.1193 0.1016 0.0968 0.3363 
 421 0.0054 0.0051 0.0104 0.0378 0.1438 0.0723 0.1972 0.1066 0.1366 0.2848 
 422 0.0043 0.0049 0.0106 0.0398 0.2179 0.1312 0.2453 0.1026 0.1165 0.1270 
 423 0.0044 0.0059 0.0099 0.0632 0.1692 0.0779 0.1896 0.1064 0.2097 0.1637 
 424 0.0086 0.0061 0.0296 0.0563 0.0794 0.1384 0.2069 0.1209 0.1208 0.2329 
 425 0.0081 0.0134 0.0323 0.0701 0.1136 0.0789 0.0963 0.1298 0.3060 0.1516 
 426 0.0254 0.0242 0.0284 0.0630 0.1050 0.0786 0.1665 0.1308 0.1555 0.2225 
 427 0.0079 0.0041 0.0089 0.1231 0.0704 0.0563 0.3340 0.0770 0.1216 0.1966 
 428 0.0057 0.0139 0.0107 0.0694 0.1199 0.0964 0.3034 0.1746 0.1043 0.1018 
 429 0.0041 0.0048 0.0090 0.0346 0.0932 0.0552 0.1886 0.0772 0.2395 0.2936 
 430 0.0043 0.0042 0.0099 0.0368 0.1183 0.0604 0.4040 0.0877 0.1421 0.1323 
 431 0.0113 0.0081 0.0188 0.0785 0.1593 0.0755 0.1187 0.1138 0.1759 0.2402 
 432 0.0043 0.0042 0.0104 0.0494 0.1765 0.0786 0.1012 0.1250 0.1715 0.2789 
 433 0.0062 0.0062 0.0101 0.0911 0.1490 0.0976 0.0744 0.2568 0.1594 0.1492 
 434 0.0045 0.0045 0.0121 0.0504 0.1655 0.0977 0.1004 0.1707 0.2650 0.1292 
 435 0.0041 0.0038 0.0084 0.0356 0.0770 0.0672 0.4367 0.0782 0.1181 0.1710 
 436 0.0048 0.0056 0.0113 0.0379 0.0524 0.0795 0.3492 0.1296 0.1443 0.1854 
 437 0.0044 0.0050 0.0083 0.0379 0.0887 0.0716 0.1428 0.0887 0.4208 0.1318 
 438 0.0052 0.0046 0.0113 0.0393 0.0742 0.1323 0.3715 0.1323 0.0860 0.1432 
 439 0.0040 0.0039 0.0091 0.0379 0.0602 0.0549 0.4854 0.0994 0.1214 0.1237 
 440 0.0039 0.0035 0.0096 0.0315 0.0757 0.0595 0.3858 0.0705 0.1589 0.2012 
 441 0.0046 0.0042 0.0107 0.0514 0.0818 0.0686 0.3560 0.1407 0.1628 0.1193 
 442 0.0038 0.0051 0.0221 0.0321 0.0918 0.0945 0.1211 0.1055 0.2684 0.2557 
 443 0.0042 0.0038 0.0128 0.0328 0.0697 0.1882 0.1905 0.0808 0.1097 0.3074 
 444 0.0042 0.0050 0.0217 0.0324 0.0850 0.1083 0.1851 0.0999 0.2570 0.2013 
 445 0.0052 0.0328 0.0117 0.0444 0.0759 0.1118 0.2826 0.1886 0.1383 0.1087 
 446 0.0055 0.0390 0.0105 0.0385 0.0567 0.0539 0.3349 0.0921 0.1134 0.2554 
 447 0.0048 0.0050 0.0274 0.0441 0.0735 0.0947 0.3092 0.1523 0.1438 0.1453 
 448 0.0042 0.0039 0.0097 0.0380 0.0912 0.0804 0.2656 0.0963 0.2281 0.1826 
 449 0.0044 0.0040 0.0101 0.0469 0.0981 0.0790 0.2601 0.1320 0.2191 0.1463 
 450 0.0042 0.0051 0.0121 0.0521 0.0639 0.0505 0.1528 0.1343 0.3690 0.1558 
 451 0.0044 0.0043 0.0104 0.0322 0.1076 0.0855 0.1403 0.0703 0.1508 0.3943 
 452 0.0040 0.0043 0.0096 0.0505 0.0706 0.0570 0.2008 0.1352 0.2545 0.2134 
 453 0.0044 0.0038 0.0155 0.0357 0.0979 0.2948 0.1489 0.1231 0.1117 0.1642 
 454 0.0081 0.0040 0.0091 0.0621 0.1012 0.0712 0.2861 0.1137 0.2005 0.1441 
 455 0.0047 0.0039 0.0098 0.0341 0.0577 0.0968 0.4394 0.0864 0.1163 0.1510 
 456 0.0041 0.0045 0.0117 0.0336 0.0720 0.1961 0.2370 0.0847 0.1845 0.1719 
 457 0.0040 0.0044 0.0086 0.0386 0.0769 0.0718 0.2531 0.1010 0.3172 0.1243 
 458 0.0051 0.0333 0.0111 0.0397 0.0748 0.0603 0.3542 0.1026 0.1543 0.1647 
 459 0.0044 0.0038 0.0105 0.0470 0.0540 0.0574 0.3861 0.1565 0.1123 0.1680 
 460 0.0041 0.0038 0.0102 0.0360 0.0606 0.0611 0.3988 0.0812 0.1127 0.2315 
 461 0.0041 0.0049 0.0107 0.0378 0.0592 0.0497 0.1858 0.0883 0.1751 0.3844 
 462 0.0054 0.0066 0.0455 0.0315 0.1340 0.0910 0.2551 0.0660 0.2110 0.1539 
 463 0.0043 0.0036 0.0099 0.0411 0.1060 0.1957 0.3476 0.0999 0.1016 0.0903 
 464 0.0039 0.0036 0.0090 0.0336 0.0615 0.1254 0.2898 0.0855 0.1075 0.2801 
 465 0.0044 0.0053 0.0113 0.0390 0.0925 0.1016 0.2624 0.0969 0.1408 0.2457 
 466 0.0040 0.0036 0.0093 0.0337 0.0829 0.1948 0.2617 0.0859 0.1110 0.2130 
 467 0.0050 0.0040 0.0116 0.0440 0.1261 0.0782 0.3476 0.1108 0.1436 0.1291 
 468 0.0039 0.0041 0.0086 0.0334 0.0674 0.1203 0.3615 0.0839 0.2086 0.1082 
 469 0.0041 0.0037 0.0089 0.0357 0.0553 0.0511 0.5562 0.0812 0.1057 0.0981 
 470 0.0037 0.0036 0.0079 0.0358 0.0630 0.0610 0.4541 0.0819 0.0999 0.1890 
 471 0.0041 0.0046 0.0149 0.0364 0.1234 0.1622 0.1332 0.0975 0.1883 0.2354 
 472 0.0044 0.0047 0.0128 0.0348 0.0870 0.1413 0.1950 0.1020 0.2478 0.1701 
 473 0.0047 0.0040 0.0090 0.0479 0.1272 0.0945 0.2394 0.1252 0.2154 0.1326 
 474 0.0041 0.0041 0.0096 0.0453 0.0701 0.1058 0.1883 0.1375 0.2296 0.2057 
 475 0.0044 0.0043 0.0104 0.0523 0.0924 0.0894 0.2045 0.1489 0.1338 0.2597 
 476 0.0043 0.0050 0.0101 0.0360 0.0603 0.1009 0.2342 0.1008 0.2974 0.1510 
 477 0.0047 0.0050 0.0180 0.0393 0.0669 0.1101 0.2369 0.1292 0.1368 0.2530 
 478 0.0048 0.0055 0.0197 0.0370 0.0620 0.0658 0.2009 0.0781 0.1048 0.4213 
 479 0.0040 0.0039 0.0094 0.0362 0.0638 0.0597 0.3663 0.0796 0.1886 0.1886 
 480 0.0041 0.0044 0.0085 0.0374 0.0668 0.0605 0.2952 0.0932 0.2868 0.1430 
 481 0.0037 0.0043 0.0148 0.0359 0.1661 0.0912 0.1328 0.0954 0.2626 0.1932 
 482 0.0039 0.0045 0.0087 0.0360 0.0659 0.0553 0.2412 0.0839 0.2509 0.2497 
 483 0.0049 0.0042 0.0094 0.0386 0.0614 0.0568 0.4310 0.1036 0.1228 0.1673 
 484 0.0042 0.0041 0.0130 0.0378 0.0927 0.1364 0.4197 0.0891 0.1008 0.1021 
 485 0.0051 0.0042 0.0090 0.0362 0.0605 0.0587 0.4944 0.0806 0.0978 0.1535 
 486 0.0054 0.0064 0.0237 0.0436 0.1591 0.2028 0.0726 0.1132 0.1851 0.1881 
 487 0.0049 0.0067 0.0222 0.0891 0.1053 0.1499 0.0790 0.1417 0.2448 0.1563 
 488 0.0050 0.0064 0.0486 0.1113 0.1399 0.1170 0.0786 0.0990 0.1700 0.2242 
 489 0.0053 0.0053 0.0131 0.0475 0.1319 0.1336 0.0567 0.2091 0.2938 0.1036 
 490 0.0041 0.0045 0.0149 0.0373 0.0912 0.1832 0.0867 0.0800 0.1934 0.3047 
 491 0.0047 0.0054 0.0306 0.0507 0.2533 0.1064 0.0636 0.2014 0.1717 0.1122 
 492 0.0048 0.0042 0.0318 0.1394 0.0882 0.1434 0.0725 0.1781 0.1158 0.2218 
 493 0.0066 0.0076 0.0372 0.1000 0.1851 0.1357 0.0581 0.0823 0.2318 0.1555 
 494 0.0049 0.0128 0.0313 0.0501 0.1356 0.1380 0.0779 0.1959 0.2153 0.1383 
 495 0.0063 0.0139 0.0883 0.1004 0.0623 0.1609 0.0625 0.1368 0.1471 0.2214 
 496 0.0048 0.0042 0.0091 0.0646 0.1430 0.1256 0.0813 0.3107 0.1385 0.1181 
 497 0.0089 0.0101 0.0569 0.0958 0.2090 0.0957 0.0630 0.1346 0.2237 0.1025 
 498 0.0070 0.0072 0.0380 0.0350 0.1252 0.1314 0.0697 0.1599 0.2277 0.1988 
 499 0.0059 0.0110 0.0160 0.0912 0.1271 0.1377 0.0712 0.2278 0.2066 0.1055 
 500 0.0049 0.0080 0.0124 0.0629 0.1646 0.1198 0.0819 0.1075 0.3264 0.1116 
 501 0.0043 0.0061 0.0127 0.0606 0.1183 0.0712 0.0907 0.2433 0.2378 0.1551 
 502 0.0043 0.0051 0.0220 0.0696 0.0949 0.0592 0.0812 0.2670 0.1645 0.2323 
 503 0.0040 0.0047 0.0099 0.0424 0.1207 0.0815 0.1107 0.1106 0.3440 0.1716 
 504 0.0048 0.0056 0.0619 0.0393 0.1000 0.1437 0.0815 0.1219 0.1452 0.2960 
 505 0.0043 0.0056 0.0182 0.0477 0.1965 0.1722 0.0706 0.1948 0.1368 0.1533 
 506 0.0040 0.0047 0.0235 0.0612 0.1427 0.0819 0.0636 0.2519 0.1341 0.2323 
 507 0.0048 0.0047 0.0089 0.0973 0.1190 0.1559 0.0599 0.3743 0.0969 0.0783 
 508 0.0064 0.0086 0.0154 0.1500 0.1023 0.1849 0.0565 0.2850 0.0972 0.0937 
 509 0.0041 0.0052 0.0135 0.0831 0.1955 0.1652 0.0778 0.2091 0.1236 0.1230 
 510 0.0044 0.0081 0.0118 0.0835 0.0951 0.0835 0.0592 0.2713 0.2543 0.1286 
 511 0.0048 0.0071 0.0201 0.0374 0.1261 0.1012 0.1299 0.1378 0.2068 0.2289 
 512 0.0037 0.0050 0.0135 0.0357 0.1170 0.0642 0.0986 0.0894 0.3256 0.2474 
 513 0.0072 0.0060 0.2625 0.0557 0.1701 0.1337 0.0477 0.1052 0.0844 0.1277 
 514 0.0076 0.0053 0.0114 0.0743 0.1465 0.0896 0.0922 0.1177 0.1120 0.3433 
 515 0.0047 0.0071 0.0132 0.1136 0.0962 0.1460 0.1973 0.1491 0.1613 0.1115 
 516 0.0052 0.0058 0.0141 0.0422 0.1451 0.1848 0.0780 0.1457 0.1189 0.2602 
 517 0.0049 0.0050 0.0103 0.0756 0.1100 0.1679 0.1930 0.1767 0.1013 0.1553 
 518 0.0052 0.0350 0.0100 0.1134 0.1799 0.0666 0.0621 0.1585 0.2577 0.1117 
 519 0.0045 0.0046 0.0159 0.0473 0.0962 0.0930 0.1027 0.1642 0.1192 0.3524 
 520 0.0049 0.0047 0.0104 0.0889 0.1082 0.1389 0.2424 0.2234 0.0943 0.0840 
 521 0.0621 0.0041 0.0098 0.1512 0.2028 0.0816 0.0737 0.1421 0.1055 0.1671 
 522 0.0056 0.0114 0.0124 0.0637 0.0924 0.2096 0.1223 0.0973 0.2536 0.1316 
 523 0.0103 0.0055 0.0105 0.0736 0.0949 0.2906 0.1271 0.1690 0.0871 0.1314 
 524 0.0049 0.0053 0.0091 0.0807 0.1249 0.1062 0.3150 0.1233 0.1029 0.1277 
 525 0.0059 0.0461 0.0102 0.0957 0.1319 0.1097 0.1585 0.1992 0.1511 0.0918 
 526 0.0043 0.0041 0.0093 0.0432 0.1201 0.1704 0.3410 0.1367 0.0872 0.0836 
