   1 0.0246 0.0124 0.2449 0.1305 0.1523 0.1467 0.2885 
   2 0.0062 0.0136 0.0713 0.0267 0.1902 0.3431 0.3489 
   3 0.0085 0.0062 0.1596 0.1035 0.1356 0.2068 0.3799 
   4 0.0611 0.0088 0.4110 0.0477 0.1506 0.1751 0.1457 
   5 0.0103 0.0147 0.0633 0.0283 0.1790 0.2372 0.4671 
   6 0.0074 0.0060 0.0663 0.0368 0.1169 0.0752 0.6913 
   7 0.0077 0.0082 0.0657 0.0511 0.4174 0.0680 0.3819 
   8 0.2337 0.0082 0.1501 0.0438 0.1691 0.1175 0.2775 
   9 0.0072 0.0176 0.1265 0.0458 0.1826 0.2402 0.3801 
  10 0.1763 0.0094 0.0851 0.0350 0.1873 0.0784 0.4285 
  11 0.0081 0.0136 0.0687 0.0835 0.4722 0.0675 0.2864 
  12 0.0062 0.0096 0.1120 0.0262 0.2014 0.2265 0.4180 
  13 0.0069 0.0127 0.1021 0.0339 0.2058 0.1440 0.4945 
  14 0.0320 0.0074 0.0897 0.0666 0.1177 0.4100 0.2765 
  15 0.0117 0.0082 0.2142 0.0726 0.2025 0.2106 0.2801 
  16 0.0069 0.0138 0.0919 0.0684 0.1586 0.1101 0.5503 
  17 0.0072 0.0123 0.0871 0.0368 0.1239 0.1613 0.5715 
  18 0.0083 0.0098 0.1074 0.0827 0.1167 0.2389 0.4363 
  19 0.0060 0.0072 0.0779 0.0307 0.1460 0.0911 0.6411 
  20 0.0069 0.0096 0.1044 0.0560 0.2872 0.1897 0.3462 
  21 0.0163 0.0093 0.1725 0.0608 0.1250 0.3403 0.2757 
  22 0.0069 0.0085 0.1107 0.0383 0.1011 0.1042 0.6304 
  23 0.0308 0.0291 0.2021 0.0542 0.1250 0.3915 0.1673 
  24 0.0076 0.0121 0.2061 0.0580 0.1336 0.1333 0.4493 
  25 0.0076 0.0082 0.0489 0.0517 0.2548 0.1106 0.5183 
  26 0.0065 0.0076 0.1354 0.0440 0.1156 0.1367 0.5542 
  27 0.0067 0.0129 0.1259 0.0461 0.1404 0.1836 0.4843 
  28 0.1345 0.0098 0.2086 0.0771 0.2033 0.1073 0.2594 
  29 0.0058 0.0170 0.0923 0.0337 0.3194 0.2278 0.3040 
  30 0.0058 0.0106 0.0870 0.0541 0.0998 0.1468 0.5960 
  31 0.1679 0.0131 0.0708 0.0330 0.2229 0.1918 0.3006 
  32 0.0225 0.0069 0.1718 0.0472 0.1549 0.2331 0.3636 
  33 0.0060 0.0118 0.1758 0.1236 0.2287 0.2027 0.2514 
  34 0.1445 0.0243 0.0600 0.0568 0.3705 0.0694 0.2744 
  35 0.0057 0.0252 0.0687 0.0376 0.1200 0.3471 0.3957 
  36 0.0106 0.0109 0.0722 0.3372 0.1002 0.3401 0.1288 
  37 0.0096 0.0081 0.1763 0.0340 0.1823 0.3196 0.2701 
  38 0.0056 0.0330 0.0534 0.4683 0.1732 0.1324 0.1340 
  39 0.0063 0.0299 0.0867 0.1596 0.2531 0.2219 0.2425 
  40 0.0071 0.0133 0.1088 0.0511 0.0785 0.5270 0.2143 
  41 0.0082 0.0627 0.0659 0.1688 0.1747 0.3478 0.1720 
  42 0.0070 0.0348 0.3378 0.2118 0.1053 0.2078 0.0954 
  43 0.0139 0.0159 0.0992 0.0289 0.1685 0.5099 0.1636 
  44 0.0050 0.0146 0.0560 0.0337 0.1150 0.5368 0.2389 
  45 0.0056 0.0351 0.0548 0.2130 0.1585 0.3584 0.1746 
  46 0.0057 0.0112 0.0678 0.0544 0.1799 0.2507 0.4302 
  47 0.0149 0.0192 0.0921 0.0306 0.1479 0.2121 0.4831 
  48 0.0050 0.0172 0.0578 0.0355 0.0779 0.5590 0.2477 
  49 0.0071 0.0471 0.0929 0.0806 0.1678 0.3113 0.2932 
  50 0.0747 0.0168 0.0736 0.0496 0.2521 0.1499 0.3833 
  51 0.0078 0.0213 0.0574 0.1964 0.0805 0.5570 0.0796 
  52 0.0062 0.0295 0.1058 0.1494 0.2444 0.1861 0.2785 
  53 0.0184 0.0148 0.0773 0.4464 0.1379 0.1273 0.1779 
  54 0.0078 0.0183 0.1034 0.0227 0.1584 0.3994 0.2900 
  55 0.0061 0.0111 0.0700 0.0291 0.1273 0.5875 0.1688 
  56 0.0056 0.0259 0.0968 0.0852 0.0847 0.4260 0.2759 
  57 0.0224 0.0138 0.1718 0.0346 0.1410 0.0892 0.5272 
  58 0.0073 0.0267 0.0883 0.0762 0.1588 0.4344 0.2083 
  59 0.0058 0.0957 0.0878 0.2428 0.1499 0.2593 0.1588 
  60 0.0195 0.0090 0.1291 0.0909 0.1045 0.5068 0.1402 
  61 0.0077 0.0093 0.0902 0.0228 0.0991 0.6827 0.0881 
  62 0.0052 0.0869 0.0890 0.0427 0.1496 0.1866 0.4400 
  63 0.0071 0.0115 0.1355 0.0742 0.3037 0.3329 0.1351 
  64 0.0058 0.0150 0.0592 0.0907 0.1322 0.1523 0.5449 
  65 0.0065 0.0117 0.0500 0.0344 0.5726 0.1325 0.1922 
  66 0.0245 0.0101 0.1377 0.0376 0.1992 0.4484 0.1425 
  67 0.0063 0.0111 0.0586 0.0246 0.1563 0.5715 0.1717 
  68 0.0068 0.0716 0.1069 0.2660 0.1430 0.2566 0.1490 
  69 0.3275 0.0491 0.0486 0.2256 0.1242 0.0922 0.1328 
  70 0.0154 0.0107 0.0895 0.1720 0.2328 0.3690 0.1105 
  71 0.0079 0.0814 0.0457 0.2027 0.1502 0.3686 0.1436 
  72 0.0119 0.0084 0.0609 0.1822 0.1657 0.2605 0.3104 
  73 0.0093 0.0642 0.0512 0.0406 0.1802 0.5026 0.1519 
  74 0.0063 0.0099 0.1404 0.3231 0.0946 0.2898 0.1359 
  75 0.0131 0.0134 0.1211 0.1995 0.0700 0.4612 0.1216 
  76 0.0069 0.0080 0.0770 0.0453 0.3515 0.3691 0.1421 
  77 0.0053 0.0657 0.0638 0.2526 0.2052 0.2824 0.1252 
  78 0.0054 0.0730 0.0678 0.3738 0.1502 0.2173 0.1125 
  79 0.0083 0.0089 0.0736 0.0464 0.3821 0.0965 0.3842 
  80 0.0108 0.0081 0.4796 0.0350 0.1798 0.1249 0.1619 
  81 0.0134 0.0067 0.3693 0.0409 0.2474 0.1051 0.2171 
  82 0.0088 0.0204 0.1378 0.0406 0.2478 0.3505 0.1941 
  83 0.0160 0.0063 0.2287 0.0900 0.2545 0.2133 0.1912 
  84 0.0136 0.0071 0.2289 0.0669 0.3638 0.1307 0.1890 
  85 0.0184 0.0067 0.2614 0.0926 0.1602 0.1654 0.2954 
  86 0.0065 0.0153 0.0725 0.0380 0.2103 0.3670 0.2903 
  87 0.0249 0.0086 0.0775 0.0720 0.5020 0.1364 0.1786 
  88 0.0096 0.0079 0.2744 0.0399 0.3037 0.1769 0.1876 
  89 0.0501 0.0072 0.2802 0.0368 0.2196 0.2138 0.1923 
  90 0.0086 0.0080 0.0931 0.0414 0.5630 0.1128 0.1731 
  91 0.0156 0.0059 0.4212 0.0871 0.1439 0.1579 0.1685 
  92 0.0098 0.0088 0.1229 0.0432 0.3295 0.1570 0.3289 
  93 0.1151 0.0080 0.5228 0.0297 0.0919 0.1141 0.1184 
  94 0.0098 0.0068 0.0684 0.2032 0.5043 0.0871 0.1204 
  95 0.0087 0.0071 0.2009 0.0372 0.5090 0.1225 0.1146 
  96 0.0099 0.0109 0.1651 0.0275 0.1156 0.5798 0.0912 
  97 0.0075 0.0126 0.1463 0.2202 0.0868 0.3719 0.1547 
  98 0.0062 0.0195 0.0954 0.0409 0.1385 0.4454 0.2543 
  99 0.0136 0.0072 0.2154 0.0498 0.4103 0.1225 0.1812 
 100 0.0090 0.0088 0.4629 0.0233 0.0906 0.2774 0.1280 
 101 0.1081 0.0087 0.0867 0.0640 0.3254 0.2286 0.1785 
 102 0.0152 0.0186 0.3063 0.0837 0.2672 0.2002 0.1088 
 103 0.0744 0.0110 0.1004 0.0312 0.3294 0.3523 0.1013 
 104 0.0246 0.0090 0.0916 0.0311 0.5826 0.1356 0.1254 
 105 0.0821 0.0283 0.1037 0.0260 0.4725 0.1836 0.1038 
 106 0.0051 0.0073 0.0411 0.0758 0.5983 0.0923 0.1801 
 107 0.0332 0.0133 0.1140 0.0302 0.4599 0.2459 0.1035 
 108 0.0088 0.0069 0.0579 0.1618 0.1160 0.5217 0.1270 
 109 0.0108 0.1469 0.0401 0.1097 0.3567 0.1351 0.2008 
 110 0.0088 0.0098 0.0433 0.0743 0.6432 0.0744 0.1462 
 111 0.0078 0.0206 0.0632 0.0265 0.6769 0.1037 0.1012 
 112 0.0064 0.2494 0.0458 0.0632 0.4493 0.0878 0.0982 
 113 0.0162 0.0124 0.0833 0.0582 0.2088 0.3981 0.2230 
 114 0.0326 0.0202 0.1122 0.0296 0.5601 0.1274 0.1178 
 115 0.0065 0.0220 0.0797 0.0415 0.4916 0.2313 0.1275 
 116 0.0056 0.0147 0.0442 0.1638 0.3899 0.2002 0.1816 
 117 0.0125 0.0330 0.0582 0.0656 0.5968 0.0837 0.1501 
 118 0.0063 0.0248 0.0653 0.0364 0.3625 0.3287 0.1760 
 119 0.0125 0.0083 0.1830 0.0685 0.1961 0.4468 0.0847 
 120 0.0100 0.0393 0.0809 0.0430 0.4801 0.2015 0.1453 
 121 0.0143 0.0721 0.0527 0.0553 0.4637 0.2211 0.1210 
 122 0.0131 0.0176 0.0523 0.0626 0.5547 0.1046 0.1951 
 123 0.0107 0.0114 0.0729 0.0575 0.5947 0.1358 0.1171 
 124 0.0064 0.0331 0.0563 0.1335 0.4115 0.1890 0.1702 
 125 0.0101 0.0505 0.0703 0.1807 0.3143 0.1083 0.2658 
 126 0.0067 0.0081 0.0863 0.1153 0.4556 0.2091 0.1190 
 127 0.0062 0.0142 0.0656 0.0268 0.6646 0.1342 0.0882 
 128 0.0064 0.0208 0.0665 0.0256 0.3716 0.3302 0.1789 
 129 0.0245 0.0129 0.0436 0.0271 0.5641 0.2140 0.1137 
 130 0.0321 0.0316 0.1196 0.0323 0.5176 0.1380 0.1289 
 131 0.0197 0.0402 0.0427 0.3399 0.3047 0.1315 0.1213 
 132 0.0106 0.0111 0.0421 0.0538 0.5537 0.1528 0.1758 
 133 0.0208 0.0132 0.0793 0.0387 0.5173 0.2103 0.1205 
 134 0.0047 0.0150 0.0355 0.0445 0.7088 0.0643 0.1273 
 135 0.0074 0.0231 0.3755 0.0429 0.0810 0.3466 0.1235 
 136 0.0248 0.0108 0.5376 0.0282 0.0634 0.1101 0.2251 
 137 0.0292 0.0255 0.6200 0.0290 0.1130 0.0774 0.1058 
 138 0.0095 0.0068 0.6636 0.0392 0.0687 0.0964 0.1158 
 139 0.0240 0.0101 0.1497 0.0326 0.0830 0.5457 0.1549 
 140 0.0389 0.0110 0.3623 0.0564 0.1515 0.2076 0.1723 
 141 0.1709 0.0118 0.2814 0.0422 0.0721 0.1361 0.2854 
 142 0.0330 0.0212 0.3116 0.0368 0.0789 0.4153 0.1032 
 143 0.0075 0.0062 0.7343 0.0230 0.0602 0.0848 0.0840 
 144 0.0096 0.0237 0.6629 0.0264 0.1090 0.0801 0.0883 
 145 0.0179 0.0156 0.2736 0.0428 0.0729 0.1889 0.3883 
 146 0.0312 0.0088 0.3884 0.0525 0.1509 0.1289 0.2393 
 147 0.0183 0.0064 0.7077 0.0253 0.0616 0.0730 0.1077 
 148 0.1761 0.0184 0.2617 0.0307 0.1068 0.2305 0.1758 
 149 0.3330 0.0111 0.1498 0.0480 0.0698 0.2525 0.1359 
 150 0.0325 0.0308 0.4391 0.0306 0.1763 0.1428 0.1478 
 151 0.0087 0.0077 0.6348 0.0272 0.0890 0.1232 0.1094 
 152 0.0449 0.0142 0.3058 0.0524 0.0899 0.2876 0.2051 
 153 0.0323 0.0088 0.5298 0.0600 0.0936 0.1442 0.1313 
 154 0.4385 0.0099 0.1041 0.0296 0.0628 0.1752 0.1799 
 155 0.0110 0.0063 0.6718 0.0253 0.0888 0.0996 0.0973 
 156 0.0093 0.0120 0.5257 0.0277 0.0973 0.2550 0.0731 
 157 0.0400 0.0069 0.5351 0.0469 0.1932 0.0872 0.0907 
 158 0.0197 0.0158 0.3348 0.0476 0.0714 0.1380 0.3727 
 159 0.2243 0.0089 0.4854 0.0256 0.0622 0.0909 0.1027 
 160 0.2373 0.0092 0.4250 0.0255 0.0621 0.1128 0.1282 
 161 0.0222 0.0101 0.4656 0.0562 0.1108 0.1589 0.1761 
 162 0.0280 0.0094 0.2987 0.0450 0.1372 0.1725 0.3092 
 163 0.0105 0.0067 0.6748 0.0275 0.0794 0.1186 0.0824 
 164 0.3386 0.0073 0.1479 0.0315 0.1339 0.1363 0.2046 
 165 0.0103 0.0290 0.5505 0.0302 0.1616 0.1081 0.1103 
 166 0.3640 0.0059 0.1408 0.0691 0.1663 0.1701 0.0839 
 167 0.5257 0.0061 0.0876 0.0266 0.0773 0.0625 0.2141 
 168 0.0131 0.0073 0.5152 0.0926 0.0835 0.1506 0.1377 
 169 0.0155 0.0196 0.2264 0.2058 0.0654 0.1160 0.3512 
 170 0.0109 0.0089 0.4346 0.0292 0.1037 0.3071 0.1056 
 171 0.0317 0.0076 0.3698 0.0609 0.1066 0.2182 0.2052 
 172 0.0698 0.0183 0.2712 0.2028 0.0650 0.2435 0.1295 
 173 0.0253 0.0080 0.6119 0.0240 0.0652 0.1407 0.1250 
 174 0.0358 0.0070 0.6180 0.0282 0.0907 0.0936 0.1267 
 175 0.0091 0.0083 0.6092 0.0245 0.0612 0.1088 0.1790 
 176 0.0094 0.0234 0.6618 0.0258 0.1104 0.0805 0.0888 
 177 0.0355 0.0086 0.4083 0.0914 0.2060 0.1084 0.1418 
 178 0.0473 0.0076 0.4716 0.0292 0.0922 0.1046 0.2475 
 179 0.1296 0.0058 0.5708 0.0243 0.0655 0.0960 0.1081 
 180 0.0852 0.0111 0.3821 0.0469 0.1003 0.1228 0.2517 
 181 0.0175 0.0128 0.3798 0.0418 0.0765 0.2602 0.2114 
 182 0.0107 0.0094 0.5439 0.0244 0.0674 0.2220 0.1222 
 183 0.0189 0.0068 0.6427 0.0242 0.0668 0.1167 0.1239 
 184 0.0060 0.0085 0.0675 0.0295 0.1275 0.3775 0.3834 
 185 0.0088 0.0100 0.5695 0.0241 0.0566 0.2576 0.0733 
 186 0.0066 0.0069 0.0672 0.0252 0.2894 0.3144 0.2903 
 187 0.0127 0.0065 0.2388 0.0270 0.1352 0.3776 0.2022 
 188 0.0065 0.0085 0.0497 0.0219 0.2604 0.4066 0.2464 
 189 0.0117 0.0063 0.2233 0.1002 0.0958 0.2704 0.2922 
 190 0.0064 0.0093 0.1282 0.0204 0.0602 0.7098 0.0656 
 191 0.0084 0.0128 0.0950 0.0234 0.1291 0.4916 0.2398 
 192 0.0084 0.0074 0.2466 0.0279 0.1907 0.3102 0.2089 
 193 0.0085 0.0123 0.1811 0.0321 0.1155 0.3750 0.2755 
 194 0.0098 0.0073 0.2075 0.0327 0.1681 0.4052 0.1694 
 195 0.0089 0.0066 0.2493 0.0211 0.0682 0.5483 0.0976 
 196 0.0066 0.0097 0.1218 0.0241 0.0850 0.6677 0.0851 
 197 0.0081 0.0076 0.1473 0.0268 0.1950 0.2523 0.3628 
 198 0.0112 0.0076 0.1498 0.0545 0.1960 0.3018 0.2792 
 199 0.0065 0.0099 0.1135 0.0340 0.0909 0.6311 0.1141 
 200 0.0065 0.0143 0.1103 0.0417 0.0868 0.5955 0.1449 
 201 0.0106 0.0064 0.3944 0.0202 0.0829 0.3706 0.1149 
 202 0.0069 0.0089 0.3938 0.0222 0.0918 0.3801 0.0963 
 203 0.0084 0.0098 0.3576 0.0206 0.0765 0.4225 0.1046 
 204 0.0074 0.0079 0.1031 0.0208 0.0751 0.6938 0.0920 
 205 0.0076 0.0076 0.0884 0.0328 0.1038 0.6115 0.1483 
 206 0.0089 0.0071 0.1374 0.0202 0.0779 0.6134 0.1351 
 207 0.0056 0.0108 0.0713 0.0203 0.1094 0.6689 0.1138 
 208 0.0101 0.0076 0.1899 0.0210 0.0838 0.5858 0.1019 
 209 0.0080 0.0129 0.1235 0.0249 0.1193 0.4767 0.2347 
 210 0.0077 0.0078 0.1304 0.0213 0.1022 0.6258 0.1046 
 211 0.0052 0.0251 0.1662 0.0208 0.1293 0.5500 0.1034 
 212 0.0081 0.0086 0.4158 0.0288 0.0776 0.2957 0.1654 
 213 0.0066 0.0099 0.1091 0.0473 0.1936 0.5098 0.1236 
 214 0.0066 0.0095 0.3904 0.0210 0.0731 0.3873 0.1122 
 215 0.0065 0.0101 0.0684 0.0294 0.1207 0.6308 0.1341 
 216 0.0068 0.0084 0.0854 0.0306 0.1455 0.3592 0.3640 
 217 0.0080 0.0073 0.3090 0.0256 0.0698 0.4492 0.1312 
 218 0.0080 0.0078 0.1153 0.0308 0.1216 0.5314 0.1851 
 219 0.0088 0.0063 0.2168 0.0388 0.1073 0.2404 0.3816 
 220 0.0072 0.0088 0.0797 0.0204 0.1000 0.6650 0.1190 
 221 0.0068 0.0091 0.4370 0.0224 0.0583 0.3850 0.0813 
 222 0.0080 0.0065 0.1219 0.0301 0.1474 0.2604 0.4257 
 223 0.0134 0.0063 0.3131 0.0363 0.1278 0.2958 0.2074 
 224 0.0097 0.0079 0.2836 0.0200 0.0830 0.4566 0.1392 
 225 0.0077 0.0075 0.1128 0.0274 0.0984 0.6141 0.1320 
 226 0.0112 0.0095 0.1310 0.1118 0.0983 0.4219 0.2163 
 227 0.0097 0.0078 0.1909 0.0223 0.1011 0.5555 0.1126 
 228 0.0093 0.0089 0.2190 0.0205 0.0609 0.5952 0.0862 
 229 0.0091 0.0081 0.3202 0.0205 0.1086 0.3708 0.1627 
 230 0.0081 0.0097 0.2073 0.0203 0.0949 0.5302 0.1295 
 231 0.0092 0.0101 0.2723 0.0233 0.1003 0.3448 0.2400 
 232 0.0076 0.0095 0.2146 0.0565 0.1401 0.3758 0.1959 
 233 0.0082 0.0086 0.4806 0.0207 0.0758 0.2888 0.1173 
 234 0.0082 0.0086 0.2022 0.0318 0.1620 0.3007 0.2866 
 235 0.0099 0.0071 0.2406 0.0352 0.0960 0.4152 0.1958 
 236 0.0069 0.0091 0.3280 0.0275 0.1017 0.3551 0.1717 
 237 0.0060 0.0147 0.0887 0.0247 0.1037 0.6129 0.1493 
 238 0.0075 0.0082 0.3868 0.0228 0.1071 0.3465 0.1211 
 239 0.0090 0.0068 0.2519 0.0211 0.0676 0.5478 0.0959 
 240 0.0074 0.0083 0.3845 0.0227 0.1064 0.3506 0.1202 
 241 0.0098 0.0081 0.3632 0.0303 0.0843 0.3811 0.1233 
 242 0.0101 0.0074 0.1514 0.0437 0.0975 0.4621 0.2278 
 243 0.0063 0.0105 0.1191 0.0194 0.0679 0.7009 0.0758 
 244 0.0074 0.0103 0.2809 0.0202 0.0771 0.4929 0.1112 
 245 0.0091 0.0065 0.5242 0.0250 0.0869 0.2600 0.0884 
 246 0.0077 0.0072 0.3089 0.0251 0.0690 0.4517 0.1303 
 247 0.0061 0.0079 0.0595 0.0544 0.3955 0.3271 0.1494 
 248 0.0057 0.0100 0.0635 0.0261 0.1608 0.5803 0.1537 
 249 0.0073 0.0096 0.2835 0.0209 0.0907 0.4570 0.1312 
 250 0.0081 0.0087 0.2422 0.0260 0.1239 0.3885 0.2026 
 251 0.0084 0.0134 0.1011 0.0727 0.1242 0.4330 0.2471 
 252 0.0095 0.0062 0.1938 0.0280 0.1085 0.4883 0.1657 
 253 0.0071 0.0076 0.0871 0.0531 0.1814 0.4833 0.1805 
 254 0.0069 0.0068 0.1416 0.0247 0.1353 0.3506 0.3342 
 255 0.0097 0.0095 0.1984 0.0243 0.1326 0.3189 0.3068 
 256 0.0083 0.0091 0.1987 0.0269 0.0835 0.5449 0.1287 
 257 0.0149 0.0104 0.1314 0.0286 0.1217 0.5427 0.1503 
 258 0.0077 0.0106 0.1035 0.0369 0.1710 0.5084 0.1619 
 259 0.0086 0.0085 0.1399 0.0258 0.1204 0.4938 0.2030 
 260 0.0071 0.0070 0.3072 0.0256 0.1249 0.1896 0.3387 
 261 0.0086 0.0063 0.2731 0.0297 0.0907 0.4554 0.1362 
 262 0.0069 0.0077 0.1904 0.0247 0.0583 0.6283 0.0836 
 263 0.0061 0.0097 0.0812 0.0201 0.1073 0.5741 0.2014 
 264 0.0053 0.0084 0.0488 0.0363 0.1417 0.2273 0.5322 
 265 0.0089 0.0066 0.1890 0.0342 0.1088 0.4282 0.2243 
 266 0.0068 0.0082 0.4435 0.0217 0.0608 0.3768 0.0822 
 267 0.0070 0.0131 0.2059 0.0237 0.1318 0.3727 0.2458 
 268 0.0069 0.0094 0.1229 0.0237 0.0844 0.6674 0.0853 
 269 0.0088 0.0071 0.2118 0.0529 0.1028 0.2835 0.3330 
 270 0.0131 0.0092 0.0833 0.0263 0.1490 0.3711 0.3479 
 271 0.0078 0.0101 0.0918 0.0356 0.1416 0.5675 0.1456 
 272 0.0093 0.0130 0.0967 0.1021 0.1035 0.5274 0.1480 
 273 0.1176 0.0218 0.1695 0.0524 0.1367 0.2544 0.2476 
 274 0.0088 0.0081 0.1228 0.0448 0.1201 0.4564 0.2390 
 275 0.0469 0.0143 0.1211 0.0472 0.0929 0.4538 0.2239 
 276 0.0077 0.0152 0.0835 0.0742 0.1070 0.5612 0.1511 
 277 0.0107 0.0066 0.2512 0.0337 0.1271 0.3359 0.2348 
 278 0.0066 0.0097 0.0825 0.0302 0.0998 0.6527 0.1185 
 279 0.0089 0.0083 0.1604 0.0346 0.1162 0.4758 0.1958 
 280 0.0070 0.0077 0.1472 0.0486 0.0951 0.4114 0.2828 
 281 0.0090 0.0081 0.1224 0.0350 0.1657 0.4615 0.1983 
 282 0.0078 0.0068 0.4435 0.0283 0.1094 0.2058 0.1983 
 283 0.0091 0.0072 0.4728 0.0216 0.1026 0.2433 0.1435 
 284 0.0199 0.0110 0.2134 0.0317 0.1650 0.4031 0.1559 
 285 0.0054 0.0125 0.0454 0.0366 0.1544 0.5878 0.1578 
 286 0.0071 0.0101 0.2807 0.0200 0.0766 0.4959 0.1095 
 287 0.0115 0.0065 0.1877 0.0483 0.1402 0.3097 0.2961 
 288 0.0091 0.0095 0.0933 0.0707 0.1058 0.5265 0.1851 
 289 0.0194 0.0139 0.0846 0.0547 0.1738 0.5002 0.1534 
 290 0.0053 0.0214 0.1071 0.0421 0.0919 0.4989 0.2332 
 291 0.0078 0.0104 0.0926 0.0361 0.1407 0.5677 0.1447 
 292 0.0075 0.0073 0.1650 0.0593 0.0836 0.4816 0.1958 
 293 0.0051 0.0234 0.0783 0.0530 0.1195 0.4076 0.3130 
 294 0.0061 0.0089 0.0660 0.0239 0.1008 0.5879 0.2063 
 295 0.0350 0.0220 0.0896 0.0922 0.1300 0.4407 0.1905 
 296 0.0071 0.0097 0.0843 0.0291 0.1229 0.6193 0.1276 
 297 0.0073 0.0073 0.0997 0.0460 0.1119 0.3616 0.3662 
 298 0.0090 0.0066 0.3452 0.0263 0.1371 0.2334 0.2425 
 299 0.0074 0.0080 0.0954 0.0206 0.1354 0.4231 0.3100 
 300 0.0058 0.0105 0.0618 0.0278 0.0960 0.6549 0.1432 
 301 0.0133 0.0093 0.0797 0.0327 0.1045 0.3334 0.4271 
 302 0.0135 0.0118 0.0636 0.0259 0.0928 0.6181 0.1744 
 303 0.0071 0.0099 0.2888 0.0304 0.0913 0.4012 0.1713 
 304 0.0210 0.0083 0.3282 0.0239 0.1463 0.1231 0.3492 
 305 0.0192 0.0083 0.1377 0.0264 0.0647 0.6398 0.1038 
 306 0.0093 0.0074 0.3274 0.0338 0.0793 0.3694 0.1734 
 307 0.0096 0.0082 0.2059 0.0339 0.1158 0.3851 0.2415 
 308 0.0084 0.0062 0.2702 0.0300 0.0906 0.4579 0.1368 
 309 0.0387 0.0348 0.0819 0.0302 0.1447 0.5612 0.1084 
 310 0.0068 0.0090 0.1766 0.0204 0.0699 0.6216 0.0958 
 311 0.0077 0.0098 0.2049 0.0203 0.0933 0.5351 0.1289 
 312 0.0072 0.0089 0.0774 0.0207 0.1195 0.6744 0.0919 
 313 0.0065 0.0084 0.0551 0.0262 0.0986 0.7011 0.1041 
 314 0.1241 0.0097 0.5592 0.0316 0.0600 0.1311 0.0843 
 315 0.1985 0.0062 0.4446 0.0536 0.0714 0.1342 0.0916 
 316 0.5206 0.0065 0.1912 0.0428 0.0676 0.0762 0.0951 
 317 0.1369 0.0094 0.5900 0.0298 0.0611 0.0819 0.0908 
 318 0.4606 0.0065 0.2897 0.0265 0.0596 0.0613 0.0957 
 319 0.0081 0.0061 0.7245 0.0230 0.0598 0.0864 0.0919 
 320 0.1233 0.0098 0.5594 0.0321 0.0598 0.1322 0.0834 
 321 0.3425 0.0086 0.3787 0.0283 0.0615 0.0792 0.1012 
 322 0.1512 0.0093 0.4625 0.0581 0.0777 0.1369 0.1043 
 323 0.1668 0.0060 0.5606 0.0247 0.0627 0.0702 0.1090 
 324 0.3401 0.0089 0.3807 0.0290 0.0614 0.0792 0.1008 
 325 0.5665 0.0062 0.1624 0.0399 0.0653 0.0709 0.0889 
 326 0.6475 0.0059 0.0936 0.0365 0.0653 0.0656 0.0856 
 327 0.1336 0.0097 0.5947 0.0298 0.0612 0.0810 0.0900 
 328 0.1785 0.0073 0.4474 0.0517 0.0760 0.1299 0.1093 
 329 0.0237 0.0059 0.7264 0.0246 0.0610 0.0636 0.0948 
 330 0.1360 0.0099 0.5901 0.0294 0.0614 0.0821 0.0912 
 331 0.1379 0.0057 0.6009 0.0242 0.0618 0.0714 0.0982 
 332 0.6414 0.0060 0.0948 0.0367 0.0653 0.0657 0.0901 
 333 0.5350 0.0060 0.1640 0.0375 0.0693 0.0925 0.0957 
 334 0.1815 0.0073 0.4430 0.0526 0.0763 0.1303 0.1091 
 335 0.0443 0.0070 0.6108 0.0539 0.0761 0.1141 0.0939 
 336 0.5698 0.0060 0.1491 0.0287 0.0594 0.0959 0.0910 
 337 0.4451 0.0086 0.2274 0.0494 0.0696 0.1016 0.0982 
 338 0.6086 0.0058 0.1434 0.0249 0.0602 0.0596 0.0976 
 339 0.1347 0.0057 0.6043 0.0249 0.0609 0.0702 0.0991 
 340 0.0271 0.0057 0.7299 0.0226 0.0590 0.0726 0.0830 
 341 0.2943 0.0072 0.4251 0.0248 0.0612 0.0765 0.1108 
 342 0.1292 0.0099 0.5997 0.0300 0.0614 0.0799 0.0900 
 343 0.1594 0.0078 0.4270 0.0556 0.0740 0.1724 0.1037 
 344 0.1062 0.0058 0.6464 0.0243 0.0609 0.0621 0.0944 
 345 0.1361 0.0098 0.5914 0.0293 0.0616 0.0812 0.0906 
 346 0.1822 0.0078 0.5644 0.0276 0.0612 0.0700 0.0868 
 347 0.0253 0.0055 0.7411 0.0227 0.0582 0.0650 0.0823 
 348 0.0371 0.0069 0.5553 0.0527 0.0719 0.1912 0.0849 
 349 0.1311 0.0100 0.5964 0.0298 0.0609 0.0822 0.0897 
 350 0.0246 0.0059 0.6737 0.0262 0.0594 0.1126 0.0976 
 351 0.0426 0.0070 0.6117 0.0529 0.0762 0.1148 0.0948 
 352 0.2141 0.0097 0.4250 0.0598 0.0748 0.1224 0.0942 
 353 0.5685 0.0060 0.1498 0.0277 0.0592 0.0970 0.0917 
 354 0.1827 0.0072 0.5563 0.0262 0.0624 0.0666 0.0986 
 355 0.4577 0.0062 0.2958 0.0259 0.0594 0.0618 0.0933 
 356 0.0103 0.0068 0.5640 0.0534 0.0721 0.2094 0.0838 
 357 0.0211 0.0076 0.4022 0.1079 0.1065 0.1102 0.2445 
 358 0.5069 0.0062 0.2065 0.0394 0.0693 0.0754 0.0964 
 359 0.4485 0.0057 0.2782 0.0252 0.0623 0.0761 0.1040 
 360 0.1797 0.0077 0.5674 0.0283 0.0600 0.0698 0.0871 
 361 0.0136 0.0091 0.3527 0.1116 0.1098 0.1482 0.2550 
 362 0.0222 0.0107 0.0714 0.1894 0.2558 0.2340 0.2165 
 363 0.0098 0.0125 0.0551 0.0983 0.3850 0.1391 0.3002 
 364 0.0135 0.0150 0.1846 0.0357 0.1296 0.1325 0.4892 
 365 0.0104 0.0264 0.0599 0.0903 0.1348 0.0961 0.5822 
 366 0.0095 0.0190 0.1047 0.0811 0.1052 0.3542 0.3263 
 367 0.0055 0.0077 0.0431 0.1109 0.6127 0.0643 0.1557 
 368 0.0085 0.0086 0.0749 0.0377 0.4202 0.1241 0.3259 
 369 0.0335 0.0400 0.1494 0.0483 0.1253 0.3260 0.2776 
 370 0.0420 0.0210 0.0772 0.0430 0.4049 0.1916 0.2203 
 371 0.0343 0.0219 0.0954 0.0371 0.1453 0.2230 0.4430 
 372 0.0513 0.0544 0.1046 0.0440 0.2518 0.2408 0.2531 
 373 0.0075 0.0132 0.1219 0.0412 0.3619 0.1231 0.3312 
 374 0.0209 0.0327 0.2392 0.0968 0.1682 0.1545 0.2878 
 375 0.0116 0.0139 0.0535 0.0419 0.3085 0.0810 0.4897 
 376 0.0090 0.0121 0.0500 0.2055 0.1937 0.0641 0.4657 
 377 0.0294 0.0155 0.0719 0.1254 0.2425 0.2046 0.3108 
 378 0.0448 0.0116 0.1724 0.0464 0.4816 0.1281 0.1149 
 379 0.0137 0.0261 0.0467 0.2001 0.2042 0.0806 0.4287 
 380 0.0147 0.0171 0.1456 0.2749 0.0855 0.1471 0.3150 
 381 0.0082 0.0130 0.1169 0.0973 0.0748 0.1807 0.5092 
 382 0.0139 0.0083 0.0563 0.0635 0.3636 0.0783 0.4161 
 383 0.2429 0.0120 0.0660 0.2128 0.0821 0.0927 0.2916 
 384 0.1019 0.0234 0.0922 0.0521 0.1594 0.0773 0.4936 
 385 0.1783 0.2279 0.0766 0.0307 0.1205 0.0744 0.2916 
 386 0.0066 0.0088 0.0557 0.1255 0.3998 0.0992 0.3044 
 387 0.0060 0.0099 0.0706 0.0885 0.3784 0.0918 0.3549 
 388 0.0369 0.0351 0.2110 0.0530 0.1954 0.0997 0.3689 
 389 0.0191 0.0964 0.0560 0.0322 0.1528 0.4202 0.2233 
 390 0.0227 0.0238 0.0541 0.2645 0.3504 0.1411 0.1434 
 391 0.0164 0.0975 0.0961 0.0564 0.2841 0.2184 0.2310 
 392 0.0067 0.0076 0.1181 0.0845 0.2027 0.1168 0.4635 
 393 0.0112 0.0103 0.1134 0.4572 0.0886 0.0946 0.2247 
 394 0.0626 0.0066 0.1993 0.1059 0.2882 0.1338 0.2035 
 395 0.0053 0.0085 0.0653 0.2395 0.2456 0.3140 0.1218 
 396 0.0055 0.0078 0.0448 0.0351 0.3471 0.0864 0.4733 
 397 0.0084 0.0069 0.1167 0.0256 0.1096 0.2442 0.4886 
 398 0.0068 0.0074 0.0482 0.3892 0.2602 0.0729 0.2154 
 399 0.0125 0.0187 0.0601 0.1039 0.5213 0.1600 0.1235 
 400 0.0068 0.0115 0.0889 0.0604 0.3497 0.0947 0.3882 
 401 0.0058 0.0117 0.0960 0.0731 0.5253 0.1659 0.1221 
 402 0.0081 0.0104 0.0778 0.0365 0.2484 0.2204 0.3983 
 403 0.0094 0.0263 0.3262 0.0554 0.1816 0.1294 0.2717 
 404 0.0061 0.0180 0.1215 0.0461 0.1844 0.1464 0.4775 
 405 0.0086 0.0080 0.0871 0.1081 0.1697 0.2042 0.4142 
 406 0.0058 0.0085 0.1391 0.3729 0.0871 0.2789 0.1077 
 407 0.0056 0.0085 0.0466 0.3163 0.1641 0.0841 0.3748 
 408 0.0050 0.0068 0.0410 0.0386 0.5807 0.2348 0.0931 
 409 0.0131 0.0301 0.2782 0.2426 0.1138 0.1973 0.1249 
 410 0.0145 0.0154 0.0958 0.1037 0.2808 0.1145 0.3753 
 411 0.0580 0.0086 0.1129 0.0555 0.1510 0.1575 0.4565 
 412 0.0080 0.0088 0.0664 0.0412 0.3792 0.1162 0.3801 
 413 0.0375 0.0076 0.1528 0.0559 0.4112 0.1349 0.2002 
 414 0.0114 0.0155 0.0427 0.0342 0.4664 0.1088 0.3211 
 415 0.0062 0.0107 0.0646 0.1862 0.1839 0.1819 0.3666 
 416 0.0065 0.0353 0.0993 0.0734 0.2574 0.1695 0.3585 
 417 0.0097 0.0078 0.0546 0.3265 0.2305 0.0887 0.2821 
 418 0.0064 0.0070 0.0530 0.0390 0.5204 0.0702 0.3040 
 419 0.0125 0.0355 0.2097 0.0799 0.2601 0.1503 0.2521 
 420 0.0051 0.0109 0.0576 0.0883 0.4704 0.2525 0.1151 
 421 0.0112 0.0088 0.0618 0.1487 0.3823 0.1088 0.2783 
 422 0.0065 0.0101 0.0626 0.2383 0.1442 0.3217 0.2166 
 423 0.0059 0.0079 0.0757 0.1513 0.2290 0.1594 0.3707 
 424 0.0089 0.0204 0.0938 0.1363 0.4664 0.1448 0.1295 
 425 0.0104 0.0496 0.1156 0.0445 0.1694 0.1061 0.5044 
 426 0.0760 0.0298 0.0878 0.1009 0.3518 0.1031 0.2506 
 427 0.0311 0.0078 0.1144 0.4450 0.1969 0.0796 0.1251 
 428 0.0088 0.0102 0.1717 0.3225 0.1115 0.1903 0.1850 
 429 0.0055 0.0072 0.0429 0.1927 0.3838 0.0679 0.2998 
 430 0.0073 0.0091 0.0527 0.4359 0.1707 0.0872 0.2371 
 431 0.0212 0.0146 0.0903 0.0716 0.4023 0.1566 0.2434 
 432 0.0091 0.0083 0.0807 0.0418 0.4084 0.1326 0.3191 
 433 0.0109 0.0075 0.2968 0.0323 0.2069 0.2089 0.2367 
 434 0.0085 0.0122 0.1091 0.0458 0.1421 0.1815 0.5009 
 435 0.0062 0.0063 0.0448 0.5413 0.1822 0.0728 0.1464 
 436 0.0069 0.0096 0.0721 0.5628 0.1608 0.0709 0.1168 
 437 0.0073 0.0058 0.0507 0.0928 0.1397 0.0827 0.6209 
 438 0.0094 0.0098 0.0738 0.5197 0.1669 0.1386 0.0819 
 439 0.0076 0.0071 0.0615 0.6147 0.1158 0.0594 0.1339 
 440 0.0051 0.0080 0.0387 0.4655 0.2262 0.0749 0.1816 
 441 0.0140 0.0104 0.1070 0.3330 0.1702 0.0880 0.2773 
 442 0.0054 0.0334 0.0560 0.1059 0.3109 0.1127 0.3758 
 443 0.0061 0.0119 0.0447 0.1893 0.4635 0.1703 0.1141 
 444 0.0058 0.0286 0.0532 0.2072 0.2452 0.1224 0.3375 
 445 0.0093 0.0118 0.1424 0.3640 0.1131 0.1421 0.2173 
 446 0.0098 0.0090 0.0508 0.4625 0.2439 0.0533 0.1708 
 447 0.0074 0.0355 0.0989 0.3457 0.1650 0.1180 0.2296 
 448 0.0074 0.0078 0.0541 0.1728 0.2403 0.0971 0.4205 
 449 0.0078 0.0079 0.0807 0.1612 0.1904 0.1136 0.4384 
 450 0.0101 0.0107 0.0956 0.0773 0.1896 0.0549 0.5618 
 451 0.0057 0.0074 0.0393 0.0659 0.5938 0.1027 0.1851 
 452 0.0070 0.0079 0.0823 0.1172 0.2186 0.0659 0.5011 
 453 0.0088 0.0183 0.0792 0.1033 0.2822 0.3819 0.1262 
 454 0.0241 0.0078 0.0835 0.2372 0.1949 0.1104 0.3421 
 455 0.0072 0.0075 0.0434 0.6415 0.1340 0.0687 0.0977 
 456 0.0059 0.0112 0.0453 0.3988 0.1868 0.1726 0.1794 
 457 0.0073 0.0067 0.0568 0.2517 0.1267 0.0775 0.4733 
 458 0.0085 0.0102 0.0618 0.4143 0.1590 0.0704 0.2757 
 459 0.0087 0.0090 0.1235 0.3930 0.2789 0.0666 0.1203 
 460 0.0068 0.0087 0.0484 0.3828 0.3653 0.0625 0.1255 
 461 0.0070 0.0083 0.0549 0.0950 0.6214 0.0501 0.1633 
 462 0.0065 0.0865 0.0374 0.2725 0.2456 0.1219 0.2296 
 463 0.0083 0.0082 0.0652 0.4521 0.1148 0.2542 0.0971 
 464 0.0059 0.0070 0.0462 0.3329 0.3882 0.1003 0.1195 
 465 0.0076 0.0092 0.0576 0.1907 0.4845 0.0998 0.1506 
 466 0.0061 0.0071 0.0478 0.2668 0.3660 0.1863 0.1199 
 467 0.0115 0.0131 0.0771 0.3430 0.2087 0.1389 0.2076 
 468 0.0056 0.0063 0.0435 0.5810 0.0963 0.0894 0.1778 
 469 0.0063 0.0067 0.0473 0.6947 0.0875 0.0497 0.1078 
 470 0.0059 0.0057 0.0467 0.5957 0.1792 0.0613 0.1055 
 471 0.0056 0.0161 0.0529 0.0741 0.2537 0.2740 0.3237 
 472 0.0073 0.0131 0.0615 0.1756 0.2516 0.1528 0.3380 
 473 0.0099 0.0075 0.0813 0.1608 0.1801 0.1425 0.4179 
 474 0.0068 0.0087 0.0835 0.1606 0.2204 0.1192 0.4007 
 475 0.0069 0.0083 0.1004 0.1339 0.4884 0.1038 0.1584 
 476 0.0079 0.0083 0.0587 0.3335 0.1828 0.0878 0.3209 
 477 0.0091 0.0172 0.0850 0.1865 0.4343 0.1038 0.1640 
 478 0.0079 0.0147 0.0475 0.1051 0.6489 0.0601 0.1158 
 479 0.0060 0.0075 0.0462 0.3743 0.2692 0.0637 0.2331 
 480 0.0069 0.0066 0.0539 0.3772 0.1371 0.0681 0.3503 
 481 0.0051 0.0129 0.0501 0.0537 0.1832 0.1412 0.5538 
 482 0.0057 0.0069 0.0473 0.3360 0.2817 0.0607 0.2616 
 483 0.0099 0.0076 0.0612 0.5688 0.1546 0.0608 0.1372 
 484 0.0071 0.0131 0.0518 0.5346 0.1355 0.1637 0.0943 
 485 0.0076 0.0066 0.0462 0.6584 0.1311 0.0586 0.0915 
 486 0.0077 0.0278 0.0662 0.0378 0.1904 0.3533 0.3169 
 487 0.0094 0.0196 0.1339 0.0356 0.1439 0.1697 0.4878 
 488 0.0097 0.0460 0.1255 0.0357 0.3179 0.1695 0.2957 
 489 0.0085 0.0157 0.1352 0.0239 0.0858 0.2710 0.4598 
 490 0.0059 0.0140 0.0495 0.0541 0.4208 0.2060 0.2497 
 491 0.0098 0.0422 0.1327 0.0283 0.1156 0.3218 0.3497 
 492 0.0092 0.0255 0.2893 0.0342 0.3186 0.1812 0.1420 
 493 0.0081 0.0408 0.0901 0.0250 0.1698 0.2355 0.4307 
 494 0.0070 0.0264 0.1205 0.0384 0.1227 0.2359 0.4490 
 495 0.0098 0.0875 0.1903 0.0388 0.3127 0.1402 0.2208 
 496 0.0120 0.0070 0.2931 0.0455 0.1534 0.3079 0.1812 
 497 0.0155 0.0769 0.1442 0.0257 0.1158 0.1944 0.4275 
 498 0.0076 0.0937 0.0847 0.0362 0.2291 0.2357 0.3131 
 499 0.0115 0.0127 0.1969 0.0309 0.0908 0.2072 0.4499 
 500 0.0063 0.0086 0.0837 0.0369 0.1052 0.2061 0.5531 
 501 0.0071 0.0098 0.2203 0.0363 0.1739 0.1329 0.4197 
 502 0.0086 0.0207 0.2682 0.0336 0.2851 0.0941 0.2897 
 503 0.0057 0.0075 0.0588 0.0468 0.1485 0.1025 0.6302 
 504 0.0069 0.0642 0.0741 0.0395 0.4665 0.1707 0.1780 
 505 0.0060 0.0156 0.1170 0.0337 0.1401 0.4752 0.2124 
 506 0.0082 0.0347 0.2113 0.0306 0.2704 0.1842 0.2607 
 507 0.0108 0.0069 0.4438 0.0276 0.0712 0.3036 0.1361 
 508 0.0111 0.0131 0.4474 0.0242 0.0847 0.2627 0.1568 
 509 0.0073 0.0109 0.1834 0.0371 0.1337 0.4134 0.2142 
 510 0.0063 0.0094 0.2550 0.0261 0.1159 0.1261 0.4613 
 511 0.0063 0.0235 0.0749 0.0970 0.2358 0.1960 0.3665 
 512 0.0052 0.0118 0.0500 0.0465 0.2448 0.0904 0.5514 
 513 0.0065 0.4769 0.0811 0.0193 0.1308 0.2042 0.0811 
 514 0.0126 0.0095 0.1004 0.0418 0.5019 0.1598 0.1739 
 515 0.0078 0.0134 0.1728 0.1786 0.1289 0.2196 0.2789 
 516 0.0078 0.0110 0.0889 0.0385 0.4126 0.2870 0.1542 
 517 0.0092 0.0092 0.1597 0.1512 0.2239 0.2804 0.1663 
 518 0.0116 0.0077 0.1927 0.0255 0.0961 0.1716 0.4947 
 519 0.0067 0.0134 0.1113 0.0514 0.5366 0.1330 0.1476 
 520 0.0098 0.0082 0.2362 0.2539 0.0846 0.2721 0.1352 
 521 0.2244 0.0082 0.1354 0.0350 0.2548 0.2387 0.1035 
 522 0.0076 0.0105 0.0663 0.0744 0.1377 0.2938 0.4096 
 523 0.0258 0.0082 0.1484 0.0980 0.1761 0.4335 0.1100 
 524 0.0094 0.0069 0.1164 0.3303 0.1475 0.1844 0.2051 
 525 0.0120 0.0073 0.1760 0.0799 0.0948 0.2074 0.4226 
 526 0.0066 0.0072 0.0840 0.4225 0.0858 0.3003 0.0936 
 527 0.0057 0.0110 0.0670 0.0281 0.2000 0.0959 0.5924 
 528 0.0477 0.0077 0.3662 0.0263 0.1242 0.3027 0.1252 
 529 0.0164 0.0157 0.1420 0.0292 0.1880 0.2791 0.3295 
 530 0.0065 0.0131 0.0921 0.0725 0.1266 0.2088 0.4805 
 531 0.0369 0.0094 0.2903 0.0965 0.1412 0.1621 0.2636 
 532 0.0470 0.0107 0.2277 0.0261 0.1426 0.1657 0.3801 
 533 0.0082 0.0082 0.0805 0.0612 0.1156 0.2554 0.4711 
 534 0.0077 0.0193 0.1333 0.0274 0.1624 0.4853 0.1646 
 535 0.0074 0.0094 0.0847 0.1348 0.3023 0.3312 0.1303 
 536 0.0106 0.0188 0.2065 0.1781 0.1659 0.2169 0.2032 
 537 0.0354 0.0243 0.2094 0.0421 0.1220 0.4083 0.1585 
 538 0.0077 0.0090 0.1575 0.0495 0.1134 0.5084 0.1545 
 539 0.0072 0.0086 0.5239 0.0217 0.0754 0.2396 0.1235 
 540 0.1952 0.0082 0.0713 0.0547 0.0996 0.4158 0.1553 
 541 0.2092 0.0137 0.2500 0.0666 0.1192 0.1699 0.1714 
 542 0.0062 0.0277 0.0673 0.2256 0.0986 0.4286 0.1461 
 543 0.2358 0.0157 0.0927 0.0724 0.1845 0.3038 0.0952 
 544 0.0144 0.0112 0.0778 0.0720 0.1297 0.5412 0.1537 
 545 0.0081 0.0195 0.0531 0.3121 0.1547 0.3551 0.0974 
 546 0.0203 0.0311 0.1043 0.0659 0.1170 0.4885 0.1729 
 547 0.0139 0.0163 0.1530 0.1223 0.1489 0.4536 0.0920 
 548 0.0079 0.0089 0.2425 0.0259 0.1216 0.3889 0.2043 
 549 0.0125 0.0180 0.4058 0.2144 0.0965 0.1338 0.1191 
 550 0.0056 0.0211 0.0931 0.2558 0.1876 0.3084 0.1284 
 551 0.0178 0.0121 0.4733 0.0712 0.1372 0.1298 0.1587 
 552 0.0071 0.0084 0.1416 0.0322 0.0853 0.5391 0.1862 
 553 0.0905 0.0226 0.1148 0.0554 0.1320 0.5080 0.0767 
 554 0.2549 0.0109 0.0603 0.0536 0.1762 0.2185 0.2257 
 555 0.0241 0.0372 0.2043 0.0323 0.1033 0.4617 0.1370 
 556 0.0132 0.0104 0.0949 0.0357 0.1091 0.5789 0.1577 
 557 0.0193 0.0136 0.1278 0.3808 0.1879 0.1642 0.1064 
 558 0.0062 0.0070 0.0491 0.4020 0.2481 0.0534 0.2341 
 559 0.0103 0.0084 0.0659 0.0356 0.3520 0.2920 0.2358 
 560 0.0051 0.0154 0.0371 0.2206 0.5306 0.0767 0.1145 
 561 0.0062 0.0151 0.0496 0.0889 0.4110 0.1341 0.2952 
 562 0.0056 0.0145 0.0366 0.0716 0.4603 0.1714 0.2399 
 563 0.0080 0.0255 0.1966 0.0971 0.4375 0.1029 0.1325 
 564 0.0261 0.0097 0.0641 0.0427 0.1994 0.4502 0.2077 
 565 0.0066 0.0079 0.0560 0.3978 0.1308 0.0721 0.3287 
 566 0.0055 0.0074 0.0385 0.1069 0.6105 0.0750 0.1562 
 567 0.0064 0.0114 0.0506 0.0344 0.2641 0.3566 0.2765 
 568 0.0084 0.0071 0.0696 0.1040 0.4577 0.1909 0.1622 
 569 0.0253 0.0082 0.0643 0.1061 0.2901 0.2100 0.2959 
 570 0.0064 0.0063 0.0410 0.1508 0.2701 0.0669 0.4585 
 571 0.0091 0.0067 0.0608 0.0741 0.6260 0.1012 0.1221 
 572 0.0086 0.0169 0.1292 0.0818 0.0971 0.5005 0.1659 
 573 0.0185 0.0087 0.0704 0.1942 0.1989 0.2929 0.2165 
 574 0.0236 0.0095 0.1133 0.0754 0.1214 0.1469 0.5100 
 575 0.0066 0.0079 0.1351 0.0672 0.4866 0.1338 0.1628 
 576 0.0063 0.0138 0.0397 0.0818 0.5855 0.0639 0.2091 
 577 0.0087 0.0099 0.1236 0.0479 0.1570 0.1236 0.5292 
 578 0.0093 0.0158 0.0596 0.1393 0.4771 0.1069 0.1920 
 579 0.0135 0.0301 0.0514 0.0799 0.2976 0.1708 0.3566 
 580 0.0085 0.0082 0.0812 0.1062 0.1697 0.0979 0.5283 
 581 0.0083 0.0082 0.0696 0.1964 0.3275 0.0865 0.3036 
 582 0.0062 0.0076 0.0430 0.3101 0.3199 0.0979 0.2153 
 583 0.0154 0.0083 0.0584 0.0721 0.4986 0.0906 0.2565 
 584 0.0059 0.0076 0.0473 0.0728 0.5434 0.0691 0.2539 
 585 0.0075 0.0185 0.0512 0.1072 0.4307 0.0903 0.2947 
 586 0.0077 0.0079 0.0721 0.0407 0.5740 0.1634 0.1343 
 587 0.0055 0.0110 0.0439 0.0550 0.2457 0.2106 0.4282 
 588 0.0132 0.0112 0.0462 0.0232 0.0936 0.7087 0.1040 
 589 0.0122 0.0078 0.0436 0.2766 0.2228 0.1364 0.3006 
 590 0.0053 0.0102 0.0577 0.0276 0.5206 0.1382 0.2403 
 591 0.0081 0.0079 0.0655 0.0492 0.5972 0.0999 0.1721 
 592 0.0058 0.0080 0.0471 0.0884 0.4474 0.2495 0.1538 
 593 0.0093 0.0076 0.0847 0.1503 0.3551 0.1669 0.2260 
 594 0.0254 0.0115 0.1207 0.0574 0.3674 0.1388 0.2787 
 595 0.0048 0.0236 0.0405 0.0275 0.1681 0.0803 0.6552 
 596 0.0072 0.0104 0.0806 0.1614 0.1990 0.3584 0.1829 
 597 0.0313 0.0094 0.1890 0.0523 0.4851 0.1496 0.0833 
 598 0.0065 0.0061 0.0451 0.2430 0.2075 0.0586 0.4332 
 599 0.0058 0.0061 0.0396 0.0610 0.5951 0.1283 0.1640 
 600 0.0173 0.0092 0.0856 0.1414 0.1506 0.1613 0.4347 
 601 0.0051 0.0089 0.0417 0.1394 0.4534 0.1229 0.2285 
 602 0.0086 0.0125 0.1394 0.0402 0.2067 0.2116 0.3809 
 603 0.0085 0.0100 0.1488 0.0345 0.2691 0.2420 0.2872 
 604 0.0453 0.0219 0.0775 0.2491 0.1260 0.1156 0.3645 
 605 0.0080 0.0137 0.0688 0.0882 0.3057 0.2070 0.3086 
 606 0.0256 0.0104 0.1168 0.0538 0.2050 0.2606 0.3277 
 607 0.0136 0.0094 0.2163 0.0586 0.1262 0.1339 0.4419 
 608 0.0113 0.0077 0.4001 0.0890 0.1897 0.1000 0.2022 
 609 0.0068 0.0121 0.0863 0.0890 0.1686 0.1224 0.5147 
 610 0.0068 0.0123 0.0683 0.4328 0.1278 0.1723 0.1797 
 611 0.0085 0.0090 0.1552 0.0529 0.2797 0.2521 0.2426 
 612 0.0127 0.0092 0.0546 0.4098 0.1133 0.0944 0.3059 
 613 0.0216 0.0102 0.0657 0.0772 0.1454 0.2448 0.4350 
 614 0.0052 0.0102 0.0487 0.0691 0.0927 0.0925 0.6818 
 615 0.0064 0.0083 0.0932 0.2124 0.0982 0.1127 0.4689 
 616 0.0124 0.0077 0.1544 0.0366 0.1588 0.1397 0.4903 
 617 0.0166 0.0497 0.0481 0.0750 0.1530 0.1637 0.4939 
 618 0.1053 0.0235 0.1128 0.2508 0.0857 0.1269 0.2950 
 619 0.0122 0.0068 0.1235 0.1543 0.2815 0.2605 0.1611 
 620 0.0056 0.0094 0.0369 0.0668 0.4677 0.2879 0.1255 
 621 0.0069 0.0086 0.0598 0.0614 0.3658 0.0710 0.4265 
 622 0.0374 0.0792 0.0855 0.0954 0.1186 0.2137 0.3703 
 623 0.0082 0.0088 0.0602 0.0607 0.3508 0.1921 0.3191 
 624 0.1881 0.0087 0.0849 0.2509 0.1390 0.0943 0.2340 
 625 0.0368 0.0327 0.1151 0.0685 0.1771 0.0879 0.4819 
 626 0.2088 0.0085 0.1256 0.1973 0.0760 0.2376 0.1461 
 627 0.0156 0.0109 0.0702 0.0598 0.2450 0.2281 0.3704 
 628 0.0062 0.0160 0.0856 0.0435 0.2938 0.2606 0.2944 
 629 0.0064 0.0100 0.0896 0.0323 0.2408 0.1262 0.4946 
 630 0.0124 0.0156 0.0731 0.0799 0.1990 0.0942 0.5259 
 631 0.0071 0.0082 0.0705 0.0448 0.1449 0.1142 0.6104 
 632 0.0145 0.0115 0.1926 0.0436 0.1073 0.3441 0.2864 
 633 0.0194 0.0130 0.1074 0.1268 0.1616 0.1095 0.4624 
 634 0.0117 0.0076 0.1581 0.0620 0.1858 0.2790 0.2958 
 635 0.0112 0.0072 0.3743 0.0556 0.1078 0.1590 0.2849 
 636 0.0478 0.0090 0.1689 0.0733 0.1964 0.0939 0.4109 
 637 0.0060 0.0126 0.1067 0.0753 0.1793 0.3746 0.2455 
 638 0.0097 0.0081 0.1187 0.0392 0.2306 0.1337 0.4599 
 639 0.0155 0.0119 0.0860 0.0700 0.1027 0.1251 0.5888 
 640 0.0193 0.0194 0.0740 0.0480 0.4299 0.0849 0.3244 
 641 0.0079 0.0090 0.0850 0.0370 0.1432 0.1328 0.5851 
 642 0.0250 0.0112 0.3048 0.0600 0.1428 0.2683 0.1878 
 643 0.0663 0.0095 0.5287 0.0438 0.1226 0.1067 0.1224 
 644 0.1058 0.0092 0.3647 0.0389 0.1688 0.1500 0.1625 
 645 0.0199 0.0144 0.3617 0.2281 0.0644 0.1382 0.1734 
 646 0.0219 0.0300 0.1124 0.0475 0.2118 0.3270 0.2495 
 647 0.0213 0.0429 0.3032 0.0434 0.2015 0.2024 0.1853 
 648 0.1034 0.0308 0.1174 0.0345 0.0859 0.3450 0.2831 
 649 0.0312 0.0113 0.1153 0.0325 0.1391 0.5324 0.1382 
 650 0.0249 0.0108 0.1444 0.0367 0.2536 0.3546 0.1750 
 651 0.1040 0.0346 0.2127 0.0254 0.1424 0.1943 0.2865 
 652 0.0290 0.0085 0.4474 0.0339 0.1336 0.1657 0.1818 
 653 0.0257 0.0239 0.2754 0.0499 0.0917 0.2640 0.2695 
 654 0.0090 0.0375 0.3130 0.0361 0.1055 0.3118 0.1871 
 655 0.1548 0.0086 0.2994 0.0501 0.2525 0.1277 0.1069 
 656 0.0204 0.0266 0.1780 0.0545 0.1139 0.3649 0.2417 
 657 0.0234 0.0089 0.1476 0.0523 0.1297 0.1139 0.5242 
 658 0.0608 0.0084 0.1588 0.0878 0.3369 0.1985 0.1488 
 659 0.0345 0.0157 0.3121 0.0498 0.1058 0.2263 0.2559 
 660 0.0394 0.0086 0.2927 0.0293 0.1175 0.3612 0.1515 
 661 0.0901 0.0136 0.3180 0.0586 0.0918 0.2776 0.1502 
 662 0.0245 0.0140 0.0890 0.0319 0.1361 0.6009 0.1036 
 663 0.0345 0.0068 0.3484 0.0319 0.1436 0.2445 0.1904 
 664 0.2740 0.0110 0.0746 0.1359 0.2720 0.1251 0.1074 
 665 0.0332 0.0079 0.1003 0.0270 0.1199 0.5662 0.1455 
 666 0.0442 0.0084 0.2458 0.0464 0.1288 0.3548 0.1717 
 667 0.0246 0.1186 0.1183 0.0449 0.2442 0.2047 0.2447 
 668 0.1262 0.0118 0.2103 0.0553 0.1456 0.2396 0.2112 
 669 0.0415 0.0105 0.1673 0.0304 0.1188 0.4152 0.2162 
 670 0.0469 0.0060 0.5700 0.0264 0.0800 0.1634 0.1073 
 671 0.0345 0.0081 0.3936 0.0330 0.1177 0.2806 0.1324 
 672 0.0114 0.0069 0.5508 0.0934 0.1527 0.1090 0.0757 
 673 0.2714 0.0061 0.4568 0.0242 0.0623 0.0744 0.1047 
 674 0.0230 0.0088 0.4779 0.0360 0.0783 0.1821 0.1939 
 675 0.0095 0.0234 0.6604 0.0265 0.1098 0.0813 0.0892 
 676 0.0184 0.0066 0.7188 0.0253 0.0621 0.0719 0.0969 
 677 0.0087 0.0074 0.4543 0.0254 0.0661 0.3500 0.0881 
 678 0.3496 0.0068 0.3877 0.0250 0.0678 0.0642 0.0989 
 679 0.0415 0.0075 0.5524 0.0320 0.0785 0.0819 0.2062 
 680 0.0229 0.0109 0.5755 0.0450 0.0708 0.1080 0.1670 
 681 0.0234 0.0183 0.1672 0.1032 0.0852 0.3655 0.2371 
 682 0.0174 0.0084 0.6226 0.0475 0.0705 0.0906 0.1429 
 683 0.0314 0.0065 0.6169 0.0278 0.0770 0.1469 0.0933 
 684 0.0432 0.0083 0.6606 0.0262 0.0726 0.0738 0.1153 
 685 0.0080 0.0063 0.7458 0.0232 0.0595 0.0739 0.0833 
 686 0.0095 0.0097 0.4264 0.0443 0.0820 0.2896 0.1385 
 687 0.0432 0.0075 0.3775 0.0289 0.1077 0.3200 0.1152 
 688 0.0264 0.0074 0.6083 0.0299 0.0938 0.1152 0.1190 
 689 0.0221 0.0064 0.7183 0.0247 0.0588 0.0754 0.0943 
 690 0.0186 0.0067 0.7173 0.0249 0.0618 0.0724 0.0983 
 691 0.0085 0.0103 0.5902 0.0304 0.0769 0.1084 0.1754 
 692 0.2927 0.0073 0.3462 0.0282 0.0892 0.0950 0.1413 
 693 0.0664 0.0096 0.5714 0.0448 0.1129 0.0811 0.1138 
 694 0.0084 0.0059 0.7535 0.0228 0.0573 0.0760 0.0760 
 695 0.0128 0.0073 0.6309 0.0552 0.0745 0.1261 0.0932 
 696 0.0236 0.0075 0.6118 0.0294 0.0931 0.1147 0.1198 
 697 0.2316 0.0064 0.4442 0.0274 0.0604 0.1238 0.1061 
 698 0.0202 0.0064 0.7012 0.0250 0.0626 0.0842 0.1004 
 699 0.0103 0.0072 0.4950 0.0497 0.0693 0.2839 0.0846 
 700 0.0144 0.0159 0.5644 0.0912 0.0897 0.1363 0.0881 
 701 0.1324 0.0082 0.3874 0.0573 0.0797 0.1515 0.1836 
 702 0.2174 0.0093 0.2472 0.0583 0.1026 0.2267 0.1385 
 703 0.0191 0.0083 0.5937 0.0466 0.0713 0.1107 0.1503 
 704 0.0295 0.0068 0.5786 0.0302 0.0891 0.1624 0.1034 
 705 0.1316 0.0172 0.2085 0.0982 0.0864 0.3269 0.1311 
 706 0.0078 0.0102 0.6183 0.0414 0.0671 0.1216 0.1336 
 707 0.0246 0.0075 0.6163 0.0271 0.0637 0.1381 0.1226 
 708 0.0179 0.0094 0.6798 0.0253 0.0633 0.1011 0.1032 
 709 0.0098 0.0114 0.6704 0.0379 0.0678 0.1216 0.0811 
 710 0.0072 0.0070 0.7471 0.0233 0.0574 0.0765 0.0814 
 711 0.0067 0.0083 0.5402 0.0418 0.0661 0.2103 0.1265 
 712 0.0068 0.0095 0.5789 0.0245 0.0578 0.2414 0.0811 
 713 0.0084 0.0070 0.6477 0.0269 0.0908 0.1204 0.0988 
 714 0.0231 0.0141 0.5049 0.0338 0.0806 0.1225 0.2209 
 715 0.0075 0.0070 0.6802 0.0243 0.0572 0.1453 0.0786 
 716 0.0073 0.0097 0.6634 0.0415 0.0664 0.0976 0.1141 
 717 0.0188 0.0062 0.7106 0.0264 0.0581 0.1001 0.0797 
 718 0.0071 0.0122 0.5286 0.0418 0.0707 0.1924 0.1472 
 719 0.0098 0.0088 0.6929 0.0250 0.0630 0.1233 0.0772 
 720 0.0068 0.0098 0.0607 0.0461 0.3014 0.1264 0.4487 
 721 0.0095 0.0107 0.4263 0.0439 0.0880 0.1334 0.2883 
 722 0.0086 0.0099 0.0873 0.0699 0.1352 0.1676 0.5215 
 723 0.0071 0.0066 0.0765 0.0356 0.1096 0.0842 0.6803 
 724 0.0094 0.0078 0.1865 0.0401 0.1415 0.1038 0.5108 
 725 0.0135 0.0078 0.2238 0.0289 0.1961 0.1826 0.3473 
 726 0.0105 0.0076 0.1248 0.0491 0.1282 0.2042 0.4757 
 727 0.0180 0.0078 0.1876 0.0461 0.1212 0.3321 0.2872 
