   1 0.0123 0.0060 0.0208 0.0524 0.0783 0.2000 0.2701 0.1440 0.2162 
   2 0.0042 0.0046 0.0209 0.0283 0.4910 0.1165 0.0927 0.1299 0.1120 
   3 0.0050 0.0065 0.0145 0.0580 0.0838 0.2175 0.2248 0.2065 0.1833 
   4 0.0189 0.0117 0.0207 0.0554 0.1031 0.1023 0.1408 0.1274 0.4197 
   5 0.0076 0.0057 0.0275 0.0305 0.3880 0.1800 0.0967 0.1509 0.1132 
   6 0.0055 0.0057 0.0154 0.0373 0.1107 0.3541 0.0796 0.2528 0.1388 
   7 0.0047 0.0066 0.0464 0.0470 0.0790 0.2601 0.0850 0.3620 0.1094 
   8 0.1452 0.0181 0.0183 0.0474 0.0854 0.1469 0.1344 0.1888 0.2155 
   9 0.0053 0.0152 0.0263 0.0344 0.2345 0.1777 0.1470 0.1962 0.1634 
  10 0.1120 0.0074 0.0215 0.0343 0.0944 0.2304 0.0987 0.2437 0.1575 
  11 0.0050 0.0053 0.0405 0.0494 0.0841 0.2178 0.1247 0.3664 0.1067 
  12 0.0044 0.0058 0.0236 0.0292 0.2976 0.1989 0.1056 0.1579 0.1769 
  13 0.0050 0.0067 0.0246 0.0386 0.1584 0.2609 0.1268 0.2089 0.1700 
  14 0.0161 0.0047 0.0148 0.0631 0.2288 0.1616 0.2187 0.1297 0.1626 
  15 0.0059 0.0057 0.0201 0.0824 0.1523 0.1462 0.1385 0.1654 0.2834 
  16 0.0048 0.0055 0.0224 0.0519 0.0749 0.2804 0.1862 0.2392 0.1345 
  17 0.0053 0.0117 0.0234 0.0378 0.1170 0.3331 0.1513 0.1581 0.1624 
  18 0.0063 0.0091 0.0164 0.0804 0.2408 0.1729 0.1233 0.1613 0.1895 
  19 0.0043 0.0052 0.0188 0.0338 0.1256 0.3133 0.0954 0.2462 0.1575 
  20 0.0048 0.0056 0.0295 0.0623 0.1746 0.1473 0.1379 0.2594 0.1786 
  21 0.0096 0.0050 0.0168 0.0430 0.1587 0.1337 0.2443 0.1451 0.2437 
  22 0.0049 0.0068 0.0152 0.0354 0.0917 0.3351 0.1257 0.2016 0.1835 
  23 0.0142 0.0118 0.0355 0.0575 0.1664 0.1146 0.2227 0.1281 0.2491 
  24 0.0049 0.0052 0.0197 0.0505 0.0822 0.1942 0.2067 0.1793 0.2574 
  25 0.0056 0.0058 0.0235 0.0701 0.1745 0.3037 0.0935 0.2318 0.0914 
  26 0.0046 0.0077 0.0193 0.0499 0.1531 0.2348 0.1255 0.1661 0.2390 
  27 0.0049 0.0065 0.0214 0.0426 0.1103 0.2787 0.2018 0.1665 0.1674 
  28 0.0403 0.0058 0.0268 0.0489 0.1184 0.1607 0.1131 0.2000 0.2860 
  29 0.0040 0.0049 0.0322 0.0303 0.1798 0.1492 0.2031 0.2571 0.1394 
  30 0.0043 0.0052 0.0164 0.0424 0.1168 0.2911 0.1698 0.2053 0.1487 
  31 0.1218 0.0108 0.0271 0.0291 0.1358 0.1686 0.1957 0.1901 0.1210 
  32 0.0108 0.0052 0.0156 0.0534 0.1823 0.1875 0.1229 0.1832 0.2391 
  33 0.0042 0.0059 0.0192 0.0489 0.0975 0.1544 0.2143 0.2621 0.1936 
  34 0.1192 0.0080 0.0438 0.0499 0.0810 0.1622 0.0823 0.3432 0.1105 
  35 0.0042 0.0116 0.0330 0.0273 0.1435 0.2049 0.2975 0.1706 0.1075 
  36 0.0063 0.0050 0.0151 0.1153 0.0829 0.0841 0.4778 0.1143 0.0993 
  37 0.0052 0.0076 0.0155 0.0314 0.1673 0.1514 0.2305 0.1594 0.2318 
  38 0.0042 0.0086 0.0463 0.2920 0.1038 0.0903 0.1621 0.2017 0.0910 
  39 0.0048 0.0094 0.0386 0.0689 0.1298 0.1416 0.2133 0.2601 0.1334 
  40 0.0048 0.0046 0.0159 0.0404 0.1017 0.1339 0.4671 0.1071 0.1244 
  41 0.0065 0.0086 0.0369 0.0471 0.0736 0.1206 0.4204 0.2042 0.0821 
  42 0.0048 0.0055 0.0200 0.0990 0.0650 0.0729 0.3925 0.1055 0.2347 
  43 0.0094 0.0083 0.0188 0.0277 0.1346 0.1097 0.4099 0.1457 0.1359 
  44 0.0042 0.0068 0.0172 0.0243 0.1295 0.1464 0.4259 0.1613 0.0842 
  45 0.0044 0.0070 0.0339 0.0941 0.1895 0.0906 0.3426 0.1500 0.0879 
  46 0.0043 0.0101 0.0210 0.0346 0.1437 0.2221 0.2098 0.2293 0.1250 
  47 0.0108 0.0154 0.0295 0.0273 0.1466 0.2468 0.1792 0.1852 0.1592 
  48 0.0042 0.0085 0.0194 0.0295 0.1478 0.1424 0.4191 0.1368 0.0922 
  49 0.0048 0.0109 0.0413 0.0418 0.1250 0.1627 0.3039 0.1715 0.1382 
  50 0.0396 0.0103 0.0263 0.0360 0.1294 0.2171 0.1343 0.2874 0.1196 
  51 0.0057 0.0047 0.0165 0.0779 0.0820 0.0603 0.5808 0.0918 0.0802 
  52 0.0043 0.0109 0.0387 0.0458 0.0794 0.1515 0.2577 0.2691 0.1427 
  53 0.0131 0.0080 0.0217 0.1722 0.0808 0.1532 0.1895 0.2292 0.1322 
  54 0.0052 0.0092 0.0281 0.0225 0.2404 0.1469 0.2475 0.1395 0.1609 
  55 0.0044 0.0067 0.0194 0.0283 0.1987 0.1045 0.3939 0.1252 0.1189 
  56 0.0042 0.0072 0.0259 0.0517 0.1638 0.1516 0.3089 0.1417 0.1451 
  57 0.0129 0.0139 0.0306 0.0365 0.0867 0.2760 0.1016 0.1722 0.2697 
  58 0.0045 0.0071 0.0325 0.0432 0.1394 0.1088 0.3977 0.1479 0.1188 
  59 0.0042 0.0092 0.0571 0.1271 0.1380 0.0971 0.2934 0.1488 0.1252 
  60 0.0095 0.0049 0.0155 0.0482 0.0899 0.0845 0.4860 0.1108 0.1506 
  61 0.0048 0.0057 0.0185 0.0226 0.2276 0.0679 0.3646 0.1065 0.1818 
  62 0.0045 0.0134 0.0718 0.0381 0.2259 0.1675 0.1229 0.1941 0.1618 
  63 0.0045 0.0050 0.0211 0.0481 0.1492 0.0866 0.2903 0.2244 0.1707 
  64 0.0042 0.0071 0.0288 0.0626 0.1780 0.2508 0.1373 0.2251 0.1059 
  65 0.0045 0.0073 0.0348 0.0362 0.2347 0.1325 0.1075 0.3507 0.0919 
  66 0.0125 0.0059 0.0251 0.0351 0.2557 0.0933 0.1628 0.1728 0.2369 
  67 0.0047 0.0076 0.0190 0.0226 0.2233 0.1023 0.3747 0.1446 0.1012 
  68 0.0050 0.0093 0.0461 0.1364 0.1195 0.0920 0.3067 0.1387 0.1461 
  69 0.2515 0.0102 0.0483 0.1636 0.0961 0.0924 0.1145 0.1338 0.0897 
  70 0.0098 0.0048 0.0221 0.0793 0.0683 0.0698 0.4350 0.1909 0.1200 
  71 0.0067 0.0093 0.0504 0.1090 0.1674 0.0903 0.3372 0.1498 0.0800 
  72 0.0069 0.0058 0.0164 0.0542 0.0886 0.2089 0.3276 0.1988 0.0928 
  73 0.0075 0.0086 0.0508 0.0364 0.2820 0.0829 0.2894 0.1495 0.0929 
  74 0.0043 0.0048 0.0152 0.1190 0.0836 0.0856 0.4331 0.1096 0.1448 
  75 0.0084 0.0053 0.0168 0.0868 0.0904 0.0784 0.4712 0.0888 0.1540 
  76 0.0047 0.0058 0.0184 0.0346 0.1417 0.1003 0.3319 0.2487 0.1138 
  77 0.0042 0.0079 0.0431 0.1276 0.1350 0.0797 0.3007 0.2147 0.0873 
  78 0.0046 0.0097 0.0473 0.2301 0.1062 0.0794 0.2510 0.1808 0.0909 
  79 0.0050 0.0052 0.0252 0.0489 0.1654 0.2122 0.0903 0.3204 0.1273 
  80 0.0051 0.0048 0.0242 0.0339 0.1107 0.0893 0.1015 0.1671 0.4633 
  81 0.0053 0.0052 0.0286 0.0401 0.1253 0.1090 0.0801 0.2207 0.3858 
  82 0.0051 0.0059 0.0295 0.0370 0.1870 0.1292 0.2484 0.1671 0.1907 
  83 0.0063 0.0047 0.0213 0.0844 0.1304 0.1029 0.1178 0.2380 0.2942 
  84 0.0054 0.0048 0.0220 0.0540 0.1206 0.1251 0.0949 0.2955 0.2775 
  85 0.0062 0.0047 0.0154 0.0971 0.1179 0.1589 0.1133 0.1736 0.3129 
  86 0.0046 0.0077 0.0298 0.0328 0.2724 0.1459 0.2079 0.1796 0.1194 
  87 0.0132 0.0056 0.0431 0.0812 0.1360 0.1187 0.1366 0.3325 0.1332 
  88 0.0052 0.0051 0.0234 0.0371 0.1520 0.1303 0.1402 0.2112 0.2953 
  89 0.0155 0.0065 0.0212 0.0353 0.1813 0.1137 0.1144 0.1817 0.3306 
  90 0.0051 0.0049 0.0355 0.0462 0.1897 0.1290 0.0969 0.3427 0.1500 
  91 0.0060 0.0047 0.0152 0.0848 0.0953 0.1049 0.1205 0.1477 0.4209 
  92 0.0049 0.0052 0.0222 0.0415 0.1876 0.1923 0.1224 0.2412 0.1827 
  93 0.0244 0.0051 0.0160 0.0284 0.0852 0.0912 0.1149 0.1102 0.5247 
  94 0.0060 0.0046 0.0637 0.1516 0.0733 0.0871 0.1109 0.3803 0.1225 
  95 0.0052 0.0051 0.0411 0.0416 0.1597 0.0926 0.1123 0.2987 0.2437 
  96 0.0054 0.0050 0.0178 0.0270 0.1926 0.0712 0.3280 0.1108 0.2424 
  97 0.0048 0.0056 0.0165 0.1207 0.1287 0.0943 0.3379 0.0989 0.1929 
  98 0.0044 0.0047 0.0184 0.0336 0.1957 0.1310 0.3192 0.1687 0.1243 
  99 0.0053 0.0050 0.0256 0.0488 0.1551 0.1167 0.0843 0.3016 0.2577 
 100 0.0048 0.0053 0.0163 0.0250 0.1829 0.0761 0.1247 0.0951 0.4698 
 101 0.0507 0.0063 0.0278 0.0744 0.1584 0.1262 0.1801 0.2251 0.1509 
 102 0.0064 0.0074 0.0371 0.0740 0.0965 0.0818 0.1871 0.1807 0.3289 
 103 0.0259 0.0071 0.0257 0.0318 0.3837 0.0729 0.0918 0.1866 0.1746 
 104 0.0106 0.0060 0.0556 0.0324 0.1801 0.0968 0.0819 0.3915 0.1451 
 105 0.0283 0.0120 0.0749 0.0281 0.2553 0.0826 0.1022 0.2395 0.1770 
 106 0.0040 0.0052 0.0354 0.0600 0.1212 0.1179 0.0981 0.4833 0.0749 
 107 0.0159 0.0152 0.0447 0.0317 0.2590 0.0797 0.1042 0.2692 0.1805 
 108 0.0060 0.0047 0.0146 0.1966 0.3629 0.0802 0.1153 0.1083 0.1115 
 109 0.0095 0.0123 0.1705 0.0792 0.1581 0.1154 0.1117 0.2660 0.0774 
 110 0.0072 0.0066 0.0494 0.0554 0.0894 0.1013 0.0937 0.5168 0.0802 
 111 0.0074 0.0090 0.1365 0.0297 0.1758 0.0835 0.0886 0.3548 0.1146 
 112 0.0047 0.0109 0.2650 0.0448 0.0748 0.0754 0.1293 0.3086 0.0864 
 113 0.0090 0.0071 0.0228 0.0525 0.3264 0.1185 0.1637 0.1672 0.1329 
 114 0.0114 0.0064 0.0870 0.0293 0.1752 0.0849 0.0817 0.3506 0.1735 
 115 0.0055 0.0204 0.0516 0.0370 0.1484 0.1054 0.2234 0.2899 0.1184 
 116 0.0044 0.0072 0.0450 0.0831 0.1316 0.1217 0.2258 0.3052 0.0760 
 117 0.0103 0.0181 0.0881 0.0510 0.0868 0.1107 0.1315 0.4089 0.0946 
 118 0.0045 0.0068 0.0586 0.0350 0.4299 0.0931 0.1004 0.1635 0.1083 
 119 0.0064 0.0047 0.0171 0.0668 0.1300 0.0678 0.2940 0.1623 0.2509 
 120 0.0066 0.0154 0.0843 0.0365 0.1650 0.0990 0.1521 0.3033 0.1379 
 121 0.0123 0.0977 0.0846 0.0441 0.1203 0.0930 0.2066 0.2564 0.0850 
 122 0.0092 0.0056 0.0549 0.0489 0.1583 0.1115 0.0943 0.4191 0.0981 
 123 0.0089 0.0083 0.0704 0.0628 0.1710 0.0845 0.1114 0.3516 0.1311 
 124 0.0060 0.0206 0.0573 0.0551 0.1818 0.1336 0.1890 0.2620 0.0947 
 125 0.0064 0.0092 0.0571 0.0817 0.0846 0.1696 0.2125 0.2815 0.0974 
 126 0.0045 0.0043 0.0331 0.0628 0.1164 0.0857 0.2340 0.3295 0.1295 
 127 0.0051 0.0119 0.1206 0.0284 0.1868 0.0707 0.0985 0.3561 0.1219 
 128 0.0044 0.0058 0.0368 0.0248 0.4531 0.0981 0.1117 0.1599 0.1057 
 129 0.0182 0.0090 0.0402 0.0303 0.3982 0.0876 0.0944 0.2384 0.0837 
 130 0.0130 0.0192 0.0842 0.0316 0.1845 0.0872 0.0765 0.3279 0.1757 
 131 0.0179 0.0322 0.0508 0.1888 0.1191 0.0970 0.1635 0.2535 0.0773 
 132 0.0080 0.0056 0.0372 0.0483 0.2571 0.1008 0.0953 0.3687 0.0790 
 133 0.0135 0.0108 0.0494 0.0377 0.2758 0.0912 0.1011 0.2913 0.1291 
 134 0.0039 0.0050 0.1096 0.0377 0.0956 0.0826 0.0757 0.5239 0.0661 
 135 0.0047 0.0065 0.0242 0.0397 0.1111 0.0774 0.2653 0.0877 0.3834 
 136 0.0095 0.0057 0.0182 0.0313 0.0790 0.1507 0.0999 0.0881 0.5177 
 137 0.0110 0.0112 0.0306 0.0307 0.0635 0.0925 0.0979 0.1100 0.5524 
 138 0.0056 0.0047 0.0135 0.0400 0.0668 0.0804 0.1134 0.0897 0.5858 
 139 0.0096 0.0048 0.0170 0.0353 0.2992 0.0949 0.1736 0.1038 0.2617 
 140 0.0144 0.0056 0.0178 0.0435 0.1121 0.1041 0.2209 0.1469 0.3346 
 141 0.0401 0.0059 0.0175 0.0471 0.1013 0.1659 0.1175 0.1086 0.3963 
 142 0.0133 0.0059 0.0223 0.0350 0.1379 0.0702 0.2724 0.0888 0.3541 
 143 0.0046 0.0042 0.0131 0.0258 0.0652 0.0715 0.1015 0.0759 0.6383 
 144 0.0054 0.0108 0.0306 0.0290 0.0641 0.0814 0.1021 0.1048 0.5719 
 145 0.0110 0.0063 0.0201 0.0452 0.1058 0.1885 0.1700 0.1064 0.3466 
 146 0.0105 0.0074 0.0191 0.0444 0.0925 0.1474 0.1450 0.1571 0.3765 
 147 0.0081 0.0048 0.0137 0.0271 0.0601 0.0832 0.0876 0.0798 0.6356 
 148 0.0428 0.0060 0.0233 0.0306 0.1254 0.1309 0.1546 0.1188 0.3676 
 149 0.1999 0.0054 0.0164 0.0371 0.0962 0.0878 0.2457 0.0888 0.2227 
 150 0.0119 0.0124 0.0350 0.0293 0.1017 0.1059 0.1187 0.1539 0.4310 
 151 0.0047 0.0053 0.0160 0.0263 0.0862 0.0844 0.1234 0.1038 0.5499 
 152 0.0151 0.0060 0.0214 0.0607 0.1050 0.1301 0.1761 0.1066 0.3790 
 153 0.0122 0.0050 0.0158 0.0381 0.0689 0.0883 0.2064 0.1125 0.4527 
 154 0.2680 0.0059 0.0173 0.0299 0.1025 0.1456 0.1624 0.0854 0.1830 
 155 0.0055 0.0048 0.0147 0.0250 0.0842 0.0746 0.0910 0.1035 0.5967 
 156 0.0049 0.0048 0.0190 0.0241 0.0908 0.0622 0.2320 0.0940 0.4682 
 157 0.0099 0.0050 0.0204 0.0385 0.0768 0.0757 0.0880 0.1776 0.5080 
 158 0.0104 0.0065 0.0204 0.0494 0.0840 0.1934 0.1586 0.1024 0.3748 
 159 0.1060 0.0057 0.0158 0.0287 0.0753 0.0817 0.0875 0.0817 0.5176 
 160 0.1055 0.0064 0.0162 0.0290 0.0894 0.0879 0.0869 0.0813 0.4973 
 161 0.0100 0.0052 0.0167 0.0429 0.0882 0.1086 0.2079 0.1269 0.3936 
 162 0.0107 0.0082 0.0187 0.0411 0.1217 0.1541 0.1379 0.1562 0.3515 
 163 0.0053 0.0047 0.0151 0.0248 0.0688 0.0678 0.1513 0.0935 0.5688 
 164 0.1622 0.0075 0.0162 0.0326 0.1489 0.1473 0.1044 0.1359 0.2450 
 165 0.0053 0.0131 0.0350 0.0293 0.0820 0.0951 0.1207 0.1434 0.4763 
 166 0.1621 0.0051 0.0173 0.0821 0.1109 0.0713 0.1350 0.1422 0.2739 
 167 0.3331 0.0077 0.0155 0.0327 0.0650 0.1937 0.0735 0.0969 0.1819 
 168 0.0059 0.0048 0.0144 0.0863 0.0733 0.0881 0.1504 0.1013 0.4757 
 169 0.0104 0.0069 0.0217 0.1505 0.0757 0.1811 0.1648 0.0992 0.2897 
 170 0.0051 0.0051 0.0153 0.0277 0.1124 0.0807 0.2661 0.1024 0.3852 
 171 0.0083 0.0051 0.0148 0.0665 0.1264 0.1354 0.1269 0.1124 0.4043 
 172 0.0335 0.0055 0.0178 0.0983 0.0820 0.0828 0.3246 0.0850 0.2705 
 173 0.0084 0.0053 0.0143 0.0258 0.1090 0.0807 0.0866 0.0827 0.5872 
 174 0.0092 0.0052 0.0155 0.0282 0.0854 0.0946 0.0871 0.1095 0.5654 
 175 0.0052 0.0049 0.0143 0.0280 0.0700 0.1321 0.1296 0.0873 0.5286 
 176 0.0055 0.0117 0.0299 0.0288 0.0642 0.0803 0.1039 0.1060 0.5695 
 177 0.0105 0.0057 0.0208 0.0614 0.0820 0.0934 0.1169 0.2026 0.4066 
 178 0.0107 0.0056 0.0156 0.0290 0.0960 0.1625 0.0844 0.1218 0.4744 
 179 0.0203 0.0045 0.0125 0.0259 0.0807 0.0787 0.0775 0.0822 0.6176 
 180 0.0304 0.0076 0.0180 0.0443 0.0769 0.1489 0.1596 0.1139 0.4005 
 181 0.0091 0.0060 0.0178 0.0401 0.1211 0.1034 0.1902 0.0974 0.4148 
 182 0.0055 0.0061 0.0162 0.0266 0.1203 0.0951 0.1359 0.0782 0.5161 
 183 0.0082 0.0047 0.0131 0.0257 0.0839 0.0835 0.0981 0.0824 0.6003 
 184 0.0042 0.0057 0.0161 0.0310 0.4787 0.1261 0.0958 0.1299 0.1123 
 185 0.0048 0.0055 0.0157 0.0220 0.0677 0.0596 0.2276 0.0680 0.5292 
 186 0.0044 0.0053 0.0172 0.0260 0.4314 0.1201 0.1040 0.1830 0.1086 
 187 0.0061 0.0044 0.0149 0.0278 0.3360 0.0963 0.0947 0.1076 0.3121 
 188 0.0043 0.0053 0.0152 0.0228 0.5299 0.1014 0.0900 0.1443 0.0868 
 189 0.0052 0.0047 0.0143 0.0795 0.1243 0.1629 0.1851 0.1389 0.2849 
 190 0.0044 0.0046 0.0176 0.0223 0.1852 0.0554 0.3660 0.0716 0.2727 
 191 0.0046 0.0045 0.0166 0.0247 0.5202 0.0908 0.0778 0.1045 0.1564 
 192 0.0045 0.0047 0.0167 0.0272 0.3164 0.0989 0.0977 0.1485 0.2853 
 193 0.0045 0.0051 0.0200 0.0323 0.2522 0.1361 0.1477 0.1375 0.2647 
 194 0.0056 0.0052 0.0163 0.0282 0.2554 0.1042 0.2102 0.1344 0.2404 
 195 0.0053 0.0045 0.0134 0.0225 0.2667 0.0682 0.1948 0.0748 0.3499 
 196 0.0043 0.0050 0.0187 0.0269 0.3176 0.0655 0.2133 0.0985 0.2504 
 197 0.0056 0.0054 0.0194 0.0279 0.2166 0.1726 0.1361 0.1873 0.2291 
 198 0.0048 0.0045 0.0162 0.0396 0.1830 0.1651 0.1883 0.1932 0.2053 
 199 0.0044 0.0050 0.0195 0.0334 0.1833 0.0822 0.3990 0.0962 0.1770 
 200 0.0045 0.0056 0.0241 0.0445 0.2827 0.0920 0.1921 0.1170 0.2375 
 201 0.0048 0.0044 0.0137 0.0226 0.2280 0.0775 0.1114 0.0882 0.4494 
 202 0.0045 0.0044 0.0174 0.0229 0.1179 0.0733 0.2872 0.0885 0.3838 
 203 0.0051 0.0047 0.0160 0.0228 0.2917 0.0661 0.0946 0.0814 0.4176 
 204 0.0047 0.0045 0.0146 0.0227 0.4300 0.0631 0.1770 0.0793 0.2041 
 205 0.0047 0.0045 0.0155 0.0332 0.4022 0.0842 0.1749 0.1060 0.1746 
 206 0.0055 0.0045 0.0138 0.0225 0.4641 0.0858 0.1088 0.0802 0.2148 
 207 0.0043 0.0048 0.0205 0.0224 0.4579 0.0719 0.1782 0.0965 0.1435 
 208 0.0046 0.0045 0.0153 0.0229 0.3624 0.0714 0.1150 0.0923 0.3116 
 209 0.0046 0.0046 0.0193 0.0254 0.3863 0.1026 0.1258 0.1186 0.2128 
 210 0.0046 0.0045 0.0149 0.0221 0.4584 0.0703 0.1090 0.0959 0.2204 
 211 0.0041 0.0069 0.0440 0.0229 0.2513 0.0802 0.2386 0.1110 0.2411 
 212 0.0045 0.0042 0.0146 0.0265 0.1098 0.1054 0.2104 0.0928 0.4317 
 213 0.0047 0.0048 0.0212 0.0363 0.2233 0.0772 0.3203 0.1573 0.1548 
 214 0.0042 0.0049 0.0172 0.0226 0.1877 0.0749 0.1387 0.0906 0.4593 
 215 0.0043 0.0045 0.0177 0.0304 0.5391 0.0709 0.0945 0.1008 0.1379 
 216 0.0043 0.0062 0.0169 0.0327 0.3463 0.1634 0.1317 0.1531 0.1455 
 217 0.0045 0.0049 0.0147 0.0297 0.2174 0.0819 0.1489 0.0884 0.4096 
 218 0.0048 0.0047 0.0171 0.0319 0.4616 0.0798 0.0953 0.1122 0.1928 
 219 0.0052 0.0065 0.0145 0.0445 0.2076 0.1751 0.1169 0.1304 0.2992 
 220 0.0045 0.0044 0.0147 0.0225 0.5597 0.0665 0.0866 0.0880 0.1531 
 221 0.0042 0.0045 0.0146 0.0223 0.0961 0.0638 0.3125 0.0743 0.4077 
 222 0.0047 0.0057 0.0149 0.0326 0.2521 0.2099 0.1252 0.1534 0.2014 
 223 0.0056 0.0046 0.0151 0.0351 0.2208 0.1165 0.1153 0.1186 0.3684 
 224 0.0055 0.0050 0.0145 0.0226 0.3422 0.0839 0.1010 0.0832 0.3421 
 225 0.0047 0.0045 0.0154 0.0272 0.3697 0.0800 0.1896 0.0977 0.2112 
 226 0.0055 0.0062 0.0189 0.1179 0.2894 0.1152 0.1118 0.1207 0.2143 
 227 0.0062 0.0047 0.0173 0.0232 0.2244 0.0774 0.2944 0.0960 0.2563 
 228 0.0053 0.0058 0.0176 0.0223 0.2098 0.0642 0.2803 0.0690 0.3258 
 229 0.0050 0.0046 0.0146 0.0223 0.3371 0.0780 0.0838 0.0917 0.3629 
 230 0.0046 0.0045 0.0158 0.0220 0.4147 0.0687 0.0919 0.0877 0.2901 
 231 0.0047 0.0046 0.0152 0.0252 0.3267 0.1111 0.0872 0.0992 0.3262 
 232 0.0046 0.0053 0.0195 0.0442 0.1799 0.1009 0.2745 0.1403 0.2308 
 233 0.0043 0.0047 0.0159 0.0228 0.1839 0.0752 0.0994 0.0904 0.5034 
 234 0.0044 0.0043 0.0171 0.0298 0.2950 0.1395 0.0993 0.1564 0.2542 
 235 0.0047 0.0048 0.0154 0.0388 0.2302 0.1051 0.1604 0.1163 0.3244 
 236 0.0042 0.0047 0.0169 0.0279 0.2553 0.0954 0.1037 0.1089 0.3831 
 237 0.0045 0.0045 0.0212 0.0249 0.4026 0.0895 0.2042 0.0960 0.1526 
 238 0.0045 0.0049 0.0169 0.0227 0.1798 0.0816 0.1523 0.1175 0.4198 
 239 0.0049 0.0043 0.0133 0.0227 0.2673 0.0684 0.1955 0.0744 0.3492 
 240 0.0044 0.0046 0.0167 0.0228 0.1809 0.0823 0.1503 0.1166 0.4215 
 241 0.0048 0.0051 0.0153 0.0301 0.1586 0.0850 0.1970 0.0903 0.4139 
 242 0.0055 0.0050 0.0145 0.0444 0.3060 0.1142 0.1542 0.1170 0.2392 
 243 0.0043 0.0049 0.0206 0.0223 0.3368 0.0608 0.2048 0.0799 0.2657 
 244 0.0044 0.0048 0.0156 0.0222 0.3367 0.0690 0.0992 0.0835 0.3646 
 245 0.0047 0.0044 0.0141 0.0229 0.1079 0.0696 0.1922 0.0975 0.4867 
 246 0.0047 0.0045 0.0146 0.0300 0.2169 0.0814 0.1496 0.0893 0.4090 
 247 0.0044 0.0044 0.0199 0.0487 0.3596 0.0857 0.1421 0.2353 0.0999 
 248 0.0040 0.0044 0.0190 0.0261 0.5221 0.0832 0.1156 0.1111 0.1144 
 249 0.0042 0.0049 0.0171 0.0226 0.2783 0.0751 0.1312 0.0972 0.3694 
 250 0.0044 0.0046 0.0167 0.0270 0.3461 0.0917 0.0936 0.1137 0.3022 
 251 0.0046 0.0053 0.0226 0.0712 0.3030 0.1291 0.1279 0.1538 0.1825 
 252 0.0049 0.0044 0.0140 0.0278 0.2858 0.0944 0.1820 0.1034 0.2832 
 253 0.0045 0.0048 0.0195 0.0442 0.2416 0.1127 0.2802 0.1537 0.1388 
 254 0.0046 0.0055 0.0148 0.0264 0.3172 0.1620 0.1198 0.1316 0.2180 
 255 0.0048 0.0046 0.0167 0.0261 0.2968 0.1274 0.1145 0.1312 0.2779 
 256 0.0044 0.0051 0.0167 0.0274 0.2514 0.0870 0.1919 0.0985 0.3176 
 257 0.0067 0.0100 0.0188 0.0302 0.3665 0.1028 0.1314 0.1156 0.2180 
 258 0.0046 0.0045 0.0196 0.0320 0.2848 0.1035 0.2182 0.1462 0.1865 
 259 0.0050 0.0049 0.0164 0.0262 0.4373 0.0939 0.1072 0.1038 0.2054 
 260 0.0046 0.0055 0.0154 0.0270 0.1844 0.1704 0.0995 0.1470 0.3461 
 261 0.0049 0.0043 0.0141 0.0294 0.1918 0.0921 0.2117 0.0952 0.3565 
 262 0.0043 0.0045 0.0148 0.0284 0.1692 0.0643 0.3022 0.0746 0.3377 
 263 0.0042 0.0059 0.0155 0.0222 0.5039 0.0966 0.1088 0.1041 0.1388 
 264 0.0040 0.0065 0.0170 0.0329 0.2693 0.2523 0.1158 0.2094 0.0928 
 265 0.0049 0.0044 0.0150 0.0357 0.3450 0.1062 0.1026 0.1141 0.2721 
 266 0.0044 0.0043 0.0145 0.0224 0.1091 0.0632 0.2448 0.0746 0.4627 
 267 0.0047 0.0046 0.0215 0.0252 0.2501 0.1288 0.1593 0.1215 0.2842 
 268 0.0043 0.0049 0.0190 0.0276 0.3193 0.0658 0.2105 0.0980 0.2506 
 269 0.0048 0.0045 0.0151 0.0567 0.2222 0.1613 0.0998 0.1438 0.2918 
 270 0.0085 0.0057 0.0175 0.0281 0.4047 0.1384 0.1091 0.1465 0.1415 
 271 0.0044 0.0047 0.0196 0.0348 0.4182 0.0905 0.1311 0.1214 0.1754 
 272 0.0056 0.0061 0.0234 0.1158 0.3344 0.0906 0.1290 0.1126 0.1825 
 273 0.0412 0.0242 0.0311 0.0477 0.2162 0.1326 0.1082 0.1557 0.2430 
 274 0.0046 0.0050 0.0167 0.0458 0.3679 0.1148 0.1121 0.1309 0.2021 
 275 0.0213 0.0078 0.0209 0.0467 0.3767 0.1111 0.0986 0.1083 0.2087 
 276 0.0050 0.0070 0.0267 0.0877 0.2866 0.0974 0.2200 0.1186 0.1510 
 277 0.0048 0.0047 0.0148 0.0338 0.2547 0.1290 0.1166 0.1221 0.3197 
 278 0.0044 0.0044 0.0190 0.0316 0.4854 0.0721 0.1133 0.0978 0.1720 
 279 0.0044 0.0048 0.0164 0.0339 0.3398 0.1085 0.1236 0.1173 0.2514 
 280 0.0047 0.0046 0.0155 0.0541 0.2799 0.1324 0.1639 0.1190 0.2259 
 281 0.0045 0.0048 0.0180 0.0346 0.3630 0.1045 0.1195 0.1468 0.2042 
 282 0.0045 0.0044 0.0152 0.0288 0.1810 0.1092 0.0922 0.1150 0.4496 
 283 0.0052 0.0045 0.0151 0.0233 0.1891 0.0772 0.1055 0.1015 0.4786 
 284 0.0085 0.0048 0.0213 0.0293 0.2949 0.0944 0.1209 0.1353 0.2906 
 285 0.0041 0.0043 0.0193 0.0388 0.4972 0.0801 0.1512 0.1213 0.0837 
 286 0.0045 0.0047 0.0160 0.0226 0.3381 0.0690 0.0995 0.0837 0.3619 
 287 0.0051 0.0051 0.0160 0.0493 0.2661 0.1292 0.1089 0.1552 0.2651 
 288 0.0054 0.0057 0.0182 0.0783 0.4373 0.0884 0.0919 0.1069 0.1679 
 289 0.0076 0.0079 0.0226 0.0537 0.4445 0.0849 0.1055 0.1287 0.1445 
 290 0.0043 0.0071 0.0243 0.0317 0.2442 0.1276 0.2554 0.1372 0.1683 
 291 0.0046 0.0049 0.0195 0.0355 0.4183 0.0900 0.1307 0.1226 0.1739 
 292 0.0047 0.0045 0.0144 0.0543 0.1735 0.1115 0.2966 0.1030 0.2376 
 293 0.0041 0.0057 0.0235 0.0334 0.1923 0.1736 0.2603 0.1742 0.1330 
 294 0.0046 0.0061 0.0150 0.0263 0.4502 0.0955 0.1790 0.1035 0.1198 
 295 0.0144 0.0064 0.0284 0.0768 0.2260 0.1182 0.2530 0.1255 0.1513 
 296 0.0046 0.0049 0.0193 0.0316 0.4987 0.0679 0.1022 0.1044 0.1664 
 297 0.0048 0.0048 0.0152 0.0520 0.3519 0.1362 0.1385 0.1270 0.1696 
 298 0.0046 0.0045 0.0152 0.0280 0.2608 0.1087 0.0858 0.1239 0.3685 
 299 0.0048 0.0058 0.0142 0.0223 0.4634 0.1249 0.0921 0.1116 0.1608 
 300 0.0042 0.0045 0.0161 0.0320 0.5132 0.0776 0.1441 0.0989 0.1095 
 301 0.0080 0.0058 0.0167 0.0350 0.4030 0.1527 0.1040 0.1334 0.1413 
 302 0.0096 0.0065 0.0184 0.0287 0.4146 0.0926 0.2044 0.0998 0.1254 
 303 0.0047 0.0048 0.0157 0.0331 0.2692 0.0933 0.1475 0.1008 0.3308 
 304 0.0086 0.0058 0.0190 0.0248 0.1171 0.1679 0.0944 0.1913 0.3711 
 305 0.0099 0.0048 0.0149 0.0293 0.3483 0.0715 0.1832 0.0786 0.2595 
 306 0.0047 0.0048 0.0147 0.0370 0.1873 0.0990 0.1575 0.1017 0.3932 
 307 0.0052 0.0056 0.0173 0.0341 0.2963 0.1263 0.1274 0.1190 0.2688 
 308 0.0046 0.0043 0.0138 0.0296 0.1909 0.0938 0.2106 0.0946 0.3578 
 309 0.0212 0.0171 0.0278 0.0294 0.4924 0.0685 0.0916 0.1066 0.1453 
 310 0.0042 0.0046 0.0166 0.0223 0.2980 0.0706 0.1782 0.0848 0.3207 
 311 0.0043 0.0046 0.0155 0.0223 0.4137 0.0686 0.0917 0.0872 0.2920 
 312 0.0046 0.0044 0.0165 0.0222 0.5457 0.0598 0.1019 0.0938 0.1511 
 313 0.0050 0.0048 0.0168 0.0259 0.4691 0.0720 0.2120 0.0880 0.1064 
 314 0.0320 0.0047 0.0155 0.0315 0.0625 0.0705 0.1640 0.0751 0.5441 
 315 0.0360 0.0043 0.0135 0.0505 0.0638 0.0745 0.1597 0.0894 0.5085 
 316 0.1008 0.0065 0.0154 0.0728 0.0664 0.0905 0.0914 0.0966 0.4596 
 317 0.0311 0.0051 0.0155 0.0333 0.0606 0.0756 0.0910 0.0786 0.6092 
 318 0.0828 0.0048 0.0142 0.0341 0.0600 0.0829 0.0689 0.0810 0.5713 
 319 0.0045 0.0044 0.0135 0.0258 0.0658 0.0740 0.0950 0.0767 0.6402 
 320 0.0325 0.0048 0.0159 0.0313 0.0628 0.0708 0.1640 0.0753 0.5426 
 321 0.0818 0.0050 0.0154 0.0342 0.0604 0.0835 0.0888 0.0814 0.5494 
 322 0.0325 0.0070 0.0168 0.0705 0.0686 0.0830 0.1367 0.0934 0.4916 
 323 0.0282 0.0106 0.0139 0.0285 0.0630 0.0873 0.0748 0.0809 0.6127 
 324 0.0780 0.0048 0.0150 0.0340 0.0606 0.0836 0.0885 0.0816 0.5539 
 325 0.1336 0.0049 0.0145 0.0709 0.0622 0.0831 0.0858 0.0938 0.4512 
 326 0.3695 0.0055 0.0143 0.0525 0.0623 0.0815 0.0862 0.0911 0.2373 
 327 0.0317 0.0052 0.0155 0.0334 0.0613 0.0760 0.0916 0.0784 0.6070 
 328 0.0347 0.0047 0.0142 0.0583 0.0699 0.0839 0.1270 0.0945 0.5128 
 329 0.0087 0.0042 0.0127 0.0272 0.0588 0.0769 0.0729 0.0790 0.6596 
 330 0.0314 0.0050 0.0159 0.0334 0.0610 0.0760 0.0914 0.0785 0.6074 
 331 0.0191 0.0045 0.0128 0.0275 0.0647 0.0783 0.0726 0.0791 0.6415 
 332 0.3603 0.0068 0.0139 0.0527 0.0618 0.0847 0.0847 0.0923 0.2428 
 333 0.2707 0.0061 0.0142 0.0506 0.0726 0.0799 0.0985 0.0912 0.3162 
 334 0.0340 0.0046 0.0141 0.0582 0.0701 0.0837 0.1276 0.0941 0.5137 
 335 0.0129 0.0047 0.0138 0.0545 0.0623 0.0747 0.1292 0.0912 0.5567 
 336 0.3076 0.0070 0.0140 0.0285 0.0613 0.0818 0.1251 0.0795 0.2952 
 337 0.1270 0.0050 0.0155 0.0706 0.0632 0.0850 0.1151 0.0935 0.4251 
 338 0.3074 0.0048 0.0135 0.0306 0.0606 0.0883 0.0726 0.0821 0.3402 
 339 0.0206 0.0045 0.0129 0.0273 0.0650 0.0782 0.0718 0.0794 0.6405 
 340 0.0089 0.0044 0.0126 0.0257 0.0642 0.0701 0.0761 0.0755 0.6626 
 341 0.1501 0.0087 0.0148 0.0287 0.0669 0.0838 0.0784 0.0797 0.4890 
 342 0.0310 0.0052 0.0153 0.0337 0.0608 0.0754 0.0919 0.0785 0.6081 
 343 0.0429 0.0098 0.0151 0.0495 0.0612 0.0813 0.2234 0.0892 0.4277 
 344 0.0195 0.0044 0.0129 0.0269 0.0590 0.0781 0.0696 0.0792 0.6504 
 345 0.0324 0.0052 0.0155 0.0332 0.0609 0.0764 0.0916 0.0787 0.6063 
 346 0.0319 0.0051 0.0146 0.0333 0.0607 0.0745 0.0732 0.0783 0.6285 
 347 0.0085 0.0044 0.0127 0.0256 0.0586 0.0698 0.0737 0.0763 0.6704 
 348 0.0124 0.0042 0.0139 0.0449 0.0632 0.0677 0.2304 0.0845 0.4789 
 349 0.0303 0.0050 0.0152 0.0334 0.0606 0.0769 0.0917 0.0784 0.6084 
 350 0.0081 0.0043 0.0128 0.0251 0.0685 0.0761 0.1268 0.0762 0.6020 
 351 0.0127 0.0044 0.0141 0.0552 0.0618 0.0740 0.1299 0.0902 0.5576 
 352 0.0493 0.0053 0.0158 0.0727 0.0648 0.0773 0.1247 0.0914 0.4987 
 353 0.3086 0.0067 0.0134 0.0284 0.0606 0.0812 0.1255 0.0794 0.2961 
 354 0.0388 0.0068 0.0148 0.0293 0.0635 0.0850 0.0737 0.0824 0.6057 
 355 0.0839 0.0048 0.0140 0.0334 0.0598 0.0827 0.0695 0.0808 0.5711 
 356 0.0053 0.0041 0.0137 0.0436 0.0634 0.0665 0.2540 0.0833 0.4660 
 357 0.0060 0.0044 0.0147 0.0977 0.0755 0.1512 0.0939 0.1461 0.4105 
 358 0.2454 0.0049 0.0136 0.0509 0.0619 0.0830 0.0897 0.0922 0.3584 
 359 0.1905 0.0049 0.0131 0.0277 0.0683 0.0843 0.0768 0.0805 0.4539 
 360 0.0337 0.0049 0.0148 0.0330 0.0606 0.0739 0.0730 0.0781 0.6280 
 361 0.0057 0.0046 0.0158 0.0952 0.0777 0.1560 0.1336 0.1452 0.3662 
 362 0.0124 0.0056 0.0195 0.1244 0.2404 0.1146 0.1178 0.2409 0.1244 
 363 0.0073 0.0072 0.0249 0.0700 0.1680 0.1503 0.1166 0.3586 0.0972 
 364 0.0092 0.0106 0.0248 0.0420 0.0997 0.2928 0.1378 0.1393 0.2437 
 365 0.0088 0.0134 0.0347 0.0852 0.1143 0.2645 0.1196 0.2501 0.1096 
 366 0.0071 0.0065 0.0210 0.0709 0.1536 0.1772 0.2450 0.1556 0.1629 
 367 0.0047 0.0050 0.0552 0.0894 0.0871 0.0958 0.0789 0.5036 0.0803 
 368 0.0051 0.0051 0.0221 0.0403 0.2587 0.1906 0.0974 0.2539 0.1267 
 369 0.0155 0.0072 0.0224 0.0368 0.1027 0.1707 0.3316 0.1547 0.1585 
 370 0.0211 0.0160 0.0398 0.0392 0.2703 0.1458 0.1121 0.2299 0.1257 
 371 0.0222 0.0106 0.0236 0.0323 0.2029 0.2217 0.1425 0.1896 0.1546 
 372 0.0253 0.0333 0.0452 0.0428 0.3119 0.1285 0.1045 0.1644 0.1440 
 373 0.0049 0.0053 0.0408 0.0388 0.1148 0.1458 0.1293 0.3336 0.1867 
 374 0.0069 0.0103 0.0408 0.0736 0.1171 0.1630 0.1237 0.2046 0.2601 
 375 0.0089 0.0126 0.0279 0.0387 0.1458 0.2418 0.0835 0.3457 0.0951 
 376 0.0069 0.0742 0.0214 0.0841 0.0679 0.2551 0.0920 0.3094 0.0890 
 377 0.0175 0.0071 0.0224 0.0970 0.2632 0.1702 0.1165 0.1811 0.1251 
 378 0.0134 0.0055 0.0928 0.0401 0.1094 0.0901 0.1018 0.3033 0.2436 
 379 0.0113 0.1272 0.0293 0.0692 0.0834 0.1962 0.0968 0.3073 0.0793 
 380 0.0106 0.0093 0.0184 0.1801 0.0959 0.1765 0.1882 0.1240 0.1971 
 381 0.0061 0.0072 0.0166 0.0453 0.0658 0.2921 0.2565 0.1620 0.1484 
 382 0.0089 0.0049 0.0192 0.0479 0.1114 0.2458 0.0760 0.3765 0.1094 
 383 0.1959 0.0087 0.0174 0.1542 0.1201 0.1765 0.0844 0.1178 0.1252 
 384 0.0681 0.0345 0.0299 0.0453 0.0927 0.2715 0.0854 0.2154 0.1573 
 385 0.1197 0.0129 0.1713 0.0334 0.0968 0.2013 0.0785 0.1386 0.1475 
 386 0.0044 0.0044 0.0208 0.0783 0.1162 0.1581 0.1042 0.4144 0.0991 
 387 0.0046 0.0048 0.0252 0.0661 0.0936 0.2054 0.1116 0.3672 0.1214 
 388 0.0116 0.0161 0.0443 0.0455 0.1184 0.2325 0.0867 0.2001 0.2449 
 389 0.0176 0.0132 0.0772 0.0324 0.3219 0.1284 0.1671 0.1327 0.1095 
 390 0.0200 0.0198 0.0439 0.0912 0.0879 0.1075 0.2181 0.3250 0.0867 
 391 0.0113 0.0163 0.1004 0.0531 0.1346 0.1181 0.2085 0.2164 0.1413 
 392 0.0050 0.0061 0.0214 0.0573 0.1099 0.2132 0.1146 0.2845 0.1880 
 393 0.0076 0.0071 0.0180 0.2059 0.0712 0.1717 0.2253 0.1363 0.1568 
 394 0.0149 0.0046 0.0249 0.0972 0.1080 0.1197 0.0975 0.2615 0.2717 
 395 0.0040 0.0044 0.0201 0.1459 0.2479 0.0829 0.1871 0.1977 0.1100 
 396 0.0039 0.0051 0.0218 0.0337 0.1376 0.2097 0.0883 0.4168 0.0832 
 397 0.0055 0.0457 0.0149 0.0286 0.2177 0.2255 0.1307 0.1312 0.2002 
 398 0.0053 0.0313 0.0256 0.2225 0.0782 0.1218 0.1069 0.3223 0.0862 
 399 0.0104 0.0060 0.0698 0.0761 0.1241 0.0844 0.1377 0.3856 0.1058 
 400 0.0046 0.0059 0.0252 0.0422 0.0680 0.1811 0.1347 0.4013 0.1369 
 401 0.0045 0.0047 0.0412 0.0499 0.0945 0.0783 0.1988 0.3861 0.1419 
 402 0.0055 0.0057 0.0274 0.0378 0.1158 0.2108 0.1965 0.2590 0.1414 
 403 0.0057 0.0109 0.0332 0.0553 0.1073 0.1496 0.1213 0.1627 0.3539 
 404 0.0043 0.0072 0.0312 0.0345 0.1925 0.2166 0.1218 0.2351 0.1568 
 405 0.0051 0.0046 0.0171 0.1088 0.1741 0.1759 0.1593 0.2106 0.1446 
 406 0.0043 0.0044 0.0149 0.2848 0.1180 0.0759 0.2109 0.1088 0.1779 
 407 0.0041 0.0047 0.0175 0.1960 0.1058 0.2093 0.1062 0.2727 0.0838 
 408 0.0041 0.0042 0.0360 0.0337 0.1882 0.0758 0.2348 0.3488 0.0744 
 409 0.0090 0.0122 0.0208 0.1112 0.0765 0.0908 0.3544 0.1251 0.2000 
 410 0.0084 0.0595 0.0371 0.0724 0.0937 0.1526 0.1411 0.2960 0.1391 
 411 0.0214 0.0116 0.0176 0.0396 0.0774 0.2550 0.1589 0.2517 0.1668 
 412 0.0051 0.0049 0.0230 0.0438 0.2155 0.1941 0.0908 0.3058 0.1170 
 413 0.0117 0.0046 0.0215 0.0483 0.1597 0.1286 0.0843 0.3216 0.2197 
 414 0.0094 0.0051 0.0378 0.0348 0.2371 0.1755 0.0786 0.3405 0.0812 
 415 0.0044 0.0053 0.0205 0.0826 0.1008 0.1928 0.1958 0.2921 0.1057 
 416 0.0047 0.0065 0.0538 0.0410 0.0852 0.1465 0.2330 0.2924 0.1368 
 417 0.0065 0.0054 0.0216 0.2421 0.1026 0.1325 0.1017 0.2921 0.0954 
 418 0.0045 0.0058 0.0303 0.0371 0.1173 0.1536 0.0783 0.4769 0.0962 
 419 0.0092 0.0111 0.0373 0.0554 0.1083 0.1433 0.1768 0.2373 0.2213 
 420 0.0041 0.0042 0.0324 0.0424 0.0886 0.0712 0.3036 0.3677 0.0858 
 421 0.0064 0.0060 0.0258 0.1105 0.1586 0.1252 0.1166 0.3518 0.0990 
 422 0.0048 0.0054 0.0167 0.1611 0.2414 0.1137 0.1966 0.1516 0.1087 
 423 0.0049 0.0069 0.0189 0.0990 0.1719 0.1706 0.1086 0.2774 0.1418 
 424 0.0068 0.0206 0.0389 0.1366 0.0925 0.1097 0.1745 0.2806 0.1398 
 425 0.0081 0.0162 0.0479 0.0446 0.1207 0.2608 0.1085 0.2219 0.1712 
 426 0.0324 0.0229 0.0697 0.1025 0.1035 0.1584 0.1093 0.2528 0.1485 
 427 0.0123 0.0050 0.0228 0.2393 0.0687 0.0971 0.0911 0.2935 0.1702 
 428 0.0063 0.0148 0.0177 0.2446 0.1155 0.1055 0.1691 0.1248 0.2018 
 429 0.0044 0.0054 0.0218 0.0703 0.0876 0.1882 0.0774 0.4646 0.0803 
 430 0.0057 0.0051 0.0198 0.2723 0.1181 0.1443 0.1311 0.2105 0.0930 
 431 0.0131 0.0101 0.0542 0.0730 0.1949 0.1354 0.0949 0.2656 0.1587 
 432 0.0051 0.0052 0.0225 0.0417 0.1877 0.2030 0.1106 0.2899 0.1342 
 433 0.0061 0.0072 0.0192 0.0324 0.1830 0.1582 0.1261 0.1549 0.3129 
 434 0.0056 0.0056 0.0194 0.0439 0.1584 0.2466 0.1764 0.1837 0.1604 
 435 0.0046 0.0043 0.0160 0.3934 0.0807 0.1027 0.0912 0.2236 0.0836 
 436 0.0051 0.0064 0.0433 0.3101 0.0480 0.1199 0.1246 0.2227 0.1199 
 437 0.0051 0.0058 0.0142 0.0770 0.0974 0.3415 0.0893 0.2729 0.0966 
 438 0.0060 0.0052 0.0225 0.3258 0.0671 0.0703 0.2415 0.1480 0.1136 
 439 0.0053 0.0048 0.0218 0.3757 0.0585 0.1187 0.1194 0.1915 0.1041 
 440 0.0040 0.0042 0.0241 0.3188 0.0750 0.1126 0.0849 0.3030 0.0734 
 441 0.0067 0.0051 0.0195 0.1749 0.0772 0.1929 0.1673 0.2093 0.1471 
 442 0.0040 0.0075 0.0380 0.0464 0.0992 0.2046 0.1483 0.3594 0.0926 
 443 0.0046 0.0045 0.0738 0.0933 0.0768 0.0838 0.2579 0.3275 0.0778 
 444 0.0046 0.0069 0.0353 0.0930 0.0902 0.2009 0.1563 0.3211 0.0916 
 445 0.0055 0.0318 0.0177 0.1081 0.0695 0.1322 0.3714 0.1316 0.1322 
 446 0.0063 0.0368 0.0458 0.2577 0.0549 0.1136 0.1008 0.2931 0.0910 
 447 0.0049 0.0069 0.0460 0.2500 0.0729 0.1214 0.1752 0.1801 0.1427 
 448 0.0049 0.0045 0.0188 0.1358 0.0987 0.2029 0.1290 0.3053 0.0999 
 449 0.0052 0.0047 0.0186 0.1316 0.0976 0.2048 0.1514 0.2469 0.1391 
 450 0.0057 0.0061 0.0229 0.0458 0.0617 0.3577 0.1000 0.2569 0.1432 
 451 0.0044 0.0052 0.0332 0.0816 0.1550 0.1404 0.0949 0.4106 0.0747 
 452 0.0050 0.0048 0.0235 0.0830 0.0662 0.2332 0.0979 0.3379 0.1485 
 453 0.0048 0.0043 0.0237 0.0431 0.0883 0.0838 0.5025 0.1530 0.0964 
 454 0.0128 0.0045 0.0183 0.1704 0.0980 0.1765 0.1097 0.2628 0.1471 
 455 0.0053 0.0043 0.0227 0.3897 0.0571 0.0929 0.1718 0.1755 0.0807 
 456 0.0046 0.0054 0.0244 0.1307 0.0859 0.1582 0.2494 0.2602 0.0812 
 457 0.0049 0.0051 0.0155 0.1556 0.0804 0.2916 0.1061 0.2390 0.1017 
 458 0.0063 0.0360 0.0258 0.1876 0.0701 0.1667 0.1555 0.2496 0.1026 
 459 0.0056 0.0046 0.0275 0.1898 0.0531 0.1040 0.1611 0.3002 0.1541 
 460 0.0055 0.0046 0.0348 0.1681 0.0596 0.0998 0.1219 0.4182 0.0876 
 461 0.0048 0.0056 0.0418 0.0531 0.0563 0.1289 0.0881 0.5292 0.0922 
 462 0.0063 0.0101 0.0688 0.0706 0.1465 0.1885 0.1978 0.2435 0.0679 
 463 0.0055 0.0042 0.0155 0.2476 0.1010 0.0828 0.3306 0.1150 0.0977 
 464 0.0044 0.0041 0.0330 0.1435 0.0655 0.0871 0.1949 0.3859 0.0816 
 465 0.0055 0.0065 0.0313 0.0961 0.0994 0.1422 0.1940 0.3285 0.0966 
 466 0.0044 0.0042 0.0236 0.1341 0.0923 0.0908 0.2875 0.2817 0.0814 
 467 0.0072 0.0055 0.0256 0.1014 0.1185 0.1354 0.2698 0.2246 0.1121 
 468 0.0044 0.0046 0.0147 0.3209 0.0723 0.1689 0.1648 0.1697 0.0798 
 469 0.0050 0.0042 0.0172 0.5084 0.0526 0.0997 0.0941 0.1333 0.0854 
 470 0.0045 0.0041 0.0202 0.4262 0.0645 0.0828 0.0826 0.2296 0.0854 
 471 0.0040 0.0055 0.0336 0.0517 0.1268 0.1407 0.2359 0.3059 0.0959 
 472 0.0048 0.0058 0.0221 0.0534 0.0980 0.2265 0.2741 0.2281 0.0872 
 473 0.0055 0.0049 0.0156 0.1515 0.1363 0.2024 0.1423 0.2071 0.1344 
 474 0.0047 0.0046 0.0231 0.0706 0.0678 0.2010 0.1906 0.3073 0.1304 
 475 0.0048 0.0051 0.0293 0.0843 0.0906 0.1151 0.1780 0.3448 0.1480 
 476 0.0051 0.0062 0.0212 0.0763 0.0584 0.2532 0.1918 0.2957 0.0920 
 477 0.0058 0.0066 0.0394 0.1105 0.0705 0.1517 0.1984 0.2978 0.1195 
 478 0.0059 0.0071 0.1234 0.0819 0.0653 0.1074 0.0976 0.4276 0.0839 
 479 0.0046 0.0043 0.0191 0.2177 0.0632 0.1550 0.0912 0.3596 0.0852 
 480 0.0049 0.0051 0.0169 0.1662 0.0635 0.2575 0.0919 0.2967 0.0973 
 481 0.0040 0.0050 0.0254 0.0528 0.1955 0.2093 0.1353 0.2788 0.0939 
 482 0.0044 0.0053 0.0206 0.0972 0.0628 0.2061 0.0821 0.4348 0.0867 
 483 0.0059 0.0050 0.0272 0.3901 0.0593 0.1081 0.1022 0.1965 0.1056 
 484 0.0057 0.0048 0.0207 0.3193 0.0947 0.0919 0.2452 0.1259 0.0919 
 485 0.0056 0.0044 0.0232 0.5036 0.0576 0.0767 0.0839 0.1608 0.0843 
 486 0.0056 0.0093 0.0485 0.0375 0.2176 0.1810 0.1891 0.1916 0.1198 
 487 0.0062 0.0077 0.0353 0.0387 0.1158 0.2926 0.1571 0.1496 0.1970 
 488 0.0067 0.0136 0.0700 0.0386 0.1861 0.1982 0.1083 0.1964 0.1821 
 489 0.0061 0.0074 0.0204 0.0271 0.1537 0.2907 0.2000 0.1189 0.1757 
 490 0.0047 0.0062 0.0514 0.0425 0.1291 0.1812 0.2108 0.2917 0.0825 
 491 0.0051 0.0090 0.0450 0.0285 0.2631 0.1654 0.1593 0.1224 0.2023 
 492 0.0064 0.0106 0.0508 0.0317 0.1019 0.1061 0.2111 0.2013 0.2801 
 493 0.0068 0.0171 0.0705 0.0295 0.2579 0.2261 0.1067 0.1362 0.1492 
 494 0.0049 0.0205 0.0437 0.0411 0.1640 0.2106 0.1829 0.1443 0.1879 
 495 0.0068 0.0464 0.1222 0.0312 0.0706 0.1549 0.1853 0.1865 0.1963 
 496 0.0060 0.0051 0.0163 0.0356 0.1476 0.1257 0.2419 0.1385 0.2832 
 497 0.0079 0.0221 0.0836 0.0299 0.2116 0.2420 0.0965 0.1044 0.2018 
 498 0.0060 0.0139 0.0778 0.0372 0.1613 0.1951 0.1888 0.2017 0.1182 
 499 0.0064 0.0139 0.0236 0.0335 0.1323 0.2566 0.1465 0.1090 0.2781 
 500 0.0049 0.0105 0.0200 0.0458 0.2233 0.2931 0.1165 0.1414 0.1444 
 501 0.0049 0.0071 0.0223 0.0378 0.1212 0.1927 0.1306 0.2181 0.2653 
 502 0.0049 0.0068 0.0582 0.0348 0.1004 0.1641 0.1101 0.2215 0.2993 
 503 0.0044 0.0060 0.0177 0.0532 0.1585 0.3223 0.1106 0.2127 0.1145 
 504 0.0051 0.0177 0.0827 0.0384 0.1288 0.1651 0.1924 0.2539 0.1160 
 505 0.0042 0.0073 0.0309 0.0366 0.2519 0.1219 0.2342 0.1338 0.1793 
 506 0.0049 0.0067 0.0684 0.0294 0.1450 0.1245 0.1422 0.2130 0.2658 
 507 0.0058 0.0054 0.0138 0.0266 0.1069 0.0996 0.2364 0.0821 0.4233 
 508 0.0076 0.0105 0.0207 0.0263 0.1159 0.1186 0.1955 0.0907 0.4142 
 509 0.0046 0.0057 0.0230 0.0353 0.2036 0.1239 0.2265 0.1252 0.2521 
 510 0.0045 0.0114 0.0194 0.0273 0.1106 0.2242 0.1231 0.1570 0.3224 
 511 0.0050 0.0092 0.0383 0.0777 0.1300 0.1531 0.1642 0.2949 0.1276 
 512 0.0041 0.0061 0.0274 0.0408 0.1218 0.2306 0.0904 0.3819 0.0969 
 513 0.0052 0.1137 0.2693 0.0220 0.1787 0.0646 0.1258 0.0924 0.1282 
 514 0.0092 0.0066 0.0385 0.0410 0.1593 0.1127 0.1284 0.3452 0.1591 
 515 0.0054 0.0083 0.0227 0.1142 0.1048 0.1527 0.1857 0.1660 0.2403 
 516 0.0052 0.0083 0.0371 0.0398 0.2083 0.1307 0.2201 0.2125 0.1381 
 517 0.0058 0.0056 0.0175 0.1157 0.1154 0.0916 0.2231 0.2056 0.2198 
 518 0.0057 0.0363 0.0173 0.0281 0.1715 0.2421 0.0909 0.1454 0.2627 
 519 0.0049 0.0061 0.0622 0.0524 0.1063 0.1073 0.1596 0.3380 0.1631 
 520 0.0055 0.0054 0.0144 0.2218 0.0959 0.0791 0.1893 0.0991 0.2895 
 521 0.1220 0.0055 0.0209 0.0319 0.2058 0.0764 0.1187 0.1870 0.2318 
 522 0.0057 0.0139 0.0207 0.0649 0.1067 0.2099 0.2211 0.2193 0.1379 
 523 0.0145 0.0062 0.0184 0.0695 0.0939 0.0830 0.3595 0.1510 0.2039 
 524 0.0057 0.0058 0.0149 0.2883 0.1332 0.1004 0.1200 0.1531 0.1786 
 525 0.0069 0.0460 0.0146 0.0905 0.1168 0.1633 0.1763 0.1244 0.2612 
 526 0.0048 0.0044 0.0133 0.3203 0.1115 0.0682 0.2516 0.0932 0.1327 
 527 0.0048 0.0415 0.0338 0.0305 0.1253 0.2813 0.1015 0.2494 0.1320 
 528 0.0124 0.0047 0.0154 0.0245 0.2108 0.0835 0.1161 0.1164 0.4163 
 529 0.0064 0.0484 0.0260 0.0284 0.2549 0.1604 0.1217 0.1492 0.2046 
 530 0.0049 0.0058 0.0223 0.0657 0.1055 0.2051 0.2174 0.2094 0.1639 
 531 0.0129 0.0055 0.0187 0.0831 0.0840 0.1128 0.1579 0.1681 0.3571 
 532 0.0355 0.0138 0.0206 0.0272 0.1683 0.1715 0.1164 0.1659 0.2809 
 533 0.0060 0.0365 0.0167 0.0759 0.2098 0.1739 0.1636 0.1644 0.1532 
 534 0.0058 0.0473 0.0426 0.0286 0.2082 0.0959 0.2502 0.1117 0.2097 
 535 0.0054 0.0045 0.0210 0.0919 0.1098 0.0791 0.3300 0.2263 0.1319 
 536 0.0066 0.0060 0.0248 0.1055 0.1526 0.1065 0.2337 0.1465 0.2179 
 537 0.0167 0.0066 0.0237 0.0343 0.1159 0.1032 0.3632 0.1216 0.2149 
 538 0.0052 0.0047 0.0166 0.0547 0.2141 0.0902 0.2627 0.1332 0.2186 
 539 0.0045 0.0046 0.0149 0.0228 0.1236 0.0822 0.1619 0.0931 0.4922 
 540 0.1278 0.0050 0.0149 0.0605 0.2339 0.0985 0.2043 0.1191 0.1360 
 541 0.0591 0.0069 0.0249 0.0390 0.1084 0.1317 0.2007 0.1254 0.3039 
 542 0.0045 0.0054 0.0208 0.0862 0.1843 0.0924 0.3894 0.1165 0.1006 
 543 0.0891 0.0072 0.0417 0.0695 0.1238 0.0788 0.2501 0.1494 0.1905 
 544 0.0111 0.0043 0.0175 0.0480 0.1069 0.0883 0.4658 0.1273 0.1307 
 545 0.0054 0.0054 0.0260 0.1719 0.1303 0.0767 0.3640 0.1319 0.0885 
 546 0.0107 0.0053 0.0229 0.0348 0.2244 0.1029 0.3356 0.1181 0.1454 
 547 0.0062 0.0049 0.0212 0.0607 0.0723 0.0665 0.5126 0.1069 0.1487 
 548 0.0044 0.0048 0.0164 0.0272 0.3462 0.0913 0.0940 0.1136 0.3022 
 549 0.0070 0.0057 0.0189 0.1124 0.0622 0.0896 0.3157 0.1030 0.2856 
 550 0.0044 0.0046 0.0280 0.1824 0.0941 0.0756 0.2847 0.2066 0.1195 
 551 0.0073 0.0058 0.0205 0.0535 0.0705 0.1080 0.2262 0.1271 0.3812 
 552 0.0047 0.0047 0.0147 0.0324 0.2279 0.1080 0.2778 0.1084 0.2214 
 553 0.0278 0.0076 0.0325 0.0506 0.1073 0.0651 0.3961 0.1111 0.2018 
 554 0.1585 0.0063 0.0176 0.0419 0.1925 0.1461 0.1675 0.1626 0.1070 
 555 0.0144 0.0088 0.0377 0.0374 0.1363 0.0919 0.2551 0.1178 0.3006 
 556 0.0104 0.0053 0.0174 0.0327 0.2128 0.0998 0.3158 0.1390 0.1668 
 557 0.0143 0.0052 0.0269 0.2290 0.0890 0.0802 0.2111 0.1853 0.1589 
 558 0.0043 0.0052 0.0222 0.1117 0.0549 0.2058 0.0799 0.4256 0.0904 
 559 0.0065 0.0054 0.0257 0.0299 0.2897 0.1404 0.1693 0.2285 0.1047 
 560 0.0044 0.0090 0.0409 0.1512 0.1189 0.0783 0.0915 0.4363 0.0695 
 561 0.0045 0.0051 0.0282 0.0657 0.1387 0.1641 0.1595 0.3438 0.0903 
 562 0.0049 0.0061 0.0379 0.0791 0.2240 0.1426 0.1270 0.3090 0.0694 
 563 0.0052 0.0157 0.0407 0.0674 0.0619 0.1179 0.1899 0.3035 0.1979 
 564 0.0165 0.0065 0.0175 0.0561 0.3849 0.1160 0.1390 0.1455 0.1179 
 565 0.0045 0.0047 0.0155 0.2439 0.0824 0.2259 0.1027 0.2214 0.0989 
 566 0.0043 0.0042 0.0446 0.0911 0.0889 0.1062 0.0853 0.5010 0.0743 
 567 0.0049 0.0052 0.0212 0.0467 0.4554 0.1187 0.1069 0.1520 0.0889 
 568 0.0052 0.0048 0.0197 0.0832 0.1856 0.1117 0.1715 0.2992 0.1191 
 569 0.0155 0.0061 0.0177 0.0979 0.1024 0.1933 0.1676 0.2750 0.1246 
 570 0.0050 0.0057 0.0156 0.0911 0.0908 0.2745 0.0695 0.3682 0.0796 
 571 0.0060 0.0047 0.0460 0.0973 0.1508 0.0964 0.0937 0.3936 0.1117 
 572 0.0054 0.0043 0.0186 0.0651 0.0936 0.1117 0.3721 0.1318 0.1973 
 573 0.0076 0.0052 0.0159 0.2124 0.3215 0.1108 0.0879 0.1224 0.1162 
 574 0.0124 0.0055 0.0163 0.0727 0.0934 0.2703 0.1417 0.1983 0.1894 
 575 0.0047 0.0049 0.0268 0.0557 0.1331 0.0950 0.1384 0.3617 0.1797 
 576 0.0050 0.0057 0.0599 0.0851 0.1014 0.1355 0.0749 0.4554 0.0770 
 577 0.0049 0.0063 0.0169 0.0425 0.0935 0.2793 0.1424 0.2305 0.1837 
 578 0.0060 0.0089 0.0285 0.1442 0.1367 0.1233 0.1055 0.3395 0.1074 
 579 0.0107 0.0058 0.0310 0.0634 0.2076 0.1780 0.1275 0.2798 0.0963 
