   1 0.1074 0.2647 0.3106 0.3172 
   2 0.0280 0.0534 0.8315 0.0870 
   3 0.0732 0.5338 0.1662 0.2269 
   4 0.0414 0.0538 0.1772 0.7275 
   5 0.0311 0.0632 0.8337 0.0720 
   6 0.0166 0.7661 0.1585 0.0587 
   7 0.0136 0.1419 0.7904 0.0542 
   8 0.0323 0.2673 0.3060 0.3943 
   9 0.0457 0.3453 0.4392 0.1697 
  10 0.0150 0.3064 0.4865 0.1920 
  11 0.0173 0.2124 0.7136 0.0567 
  12 0.0327 0.0771 0.7630 0.1271 
  13 0.0231 0.1256 0.7297 0.1217 
  14 0.1562 0.1366 0.4810 0.2262 
  15 0.0437 0.1103 0.5576 0.2885 
  16 0.0319 0.5391 0.3311 0.0979 
  17 0.0355 0.2368 0.6167 0.1110 
  18 0.0293 0.4277 0.2940 0.2491 
  19 0.0186 0.4506 0.4395 0.0913 
  20 0.0485 0.1373 0.7193 0.0950 
  21 0.1082 0.1629 0.3453 0.3836 
  22 0.0241 0.7104 0.1581 0.1073 
  23 0.2303 0.0740 0.3712 0.3245 
  24 0.0419 0.3632 0.2926 0.3023 
  25 0.0220 0.1441 0.7874 0.0465 
  26 0.0452 0.2605 0.4814 0.2129 
  27 0.0652 0.2230 0.5582 0.1537 
  28 0.0269 0.1947 0.4014 0.3770 
  29 0.0454 0.0883 0.7727 0.0937 
  30 0.0410 0.7174 0.1514 0.0902 
  31 0.0503 0.1546 0.5921 0.2030 
  32 0.0547 0.2202 0.4479 0.2773 
  33 0.1171 0.4528 0.2175 0.2126 
  34 0.0202 0.3912 0.5035 0.0850 
  35 0.1954 0.3584 0.3560 0.0903 
  36 0.5868 0.2203 0.1124 0.0805 
  37 0.0576 0.1033 0.4474 0.3917 
  38 0.1307 0.6742 0.1512 0.0439 
  39 0.1181 0.4921 0.3123 0.0775 
  40 0.4835 0.1197 0.1444 0.2524 
  41 0.5175 0.2911 0.1354 0.0559 
  42 0.4104 0.1406 0.1143 0.3346 
  43 0.4210 0.0776 0.3239 0.1776 
  44 0.5842 0.2421 0.1280 0.0457 
  45 0.3550 0.2958 0.2925 0.0566 
  46 0.0999 0.4723 0.3667 0.0611 
  47 0.0438 0.3979 0.4020 0.1563 
  48 0.6150 0.2299 0.1072 0.0479 
  49 0.1744 0.3418 0.3705 0.1133 
  50 0.0541 0.4699 0.3425 0.1335 
  51 0.8513 0.0453 0.0647 0.0386 
  52 0.1103 0.5208 0.2820 0.0869 
  53 0.0500 0.7443 0.1152 0.0905 
  54 0.0932 0.0805 0.6343 0.1920 
  55 0.4957 0.0725 0.3413 0.0905 
  56 0.3714 0.3339 0.1703 0.1244 
  57 0.0177 0.2119 0.5137 0.2567 
  58 0.3694 0.1402 0.3741 0.1164 
  59 0.3506 0.3164 0.2524 0.0806 
  60 0.5908 0.0811 0.1314 0.1967 
  61 0.4552 0.0379 0.2790 0.2278 
  62 0.0432 0.3158 0.5489 0.0921 
  63 0.2671 0.1238 0.4310 0.1781 
  64 0.0316 0.6879 0.2187 0.0617 
  65 0.0295 0.0913 0.8387 0.0404 
  66 0.0994 0.0579 0.4931 0.3497 
  67 0.2985 0.0645 0.5507 0.0863 
  68 0.3284 0.3104 0.2525 0.1087 
  69 0.1464 0.4478 0.2478 0.1581 
  70 0.6068 0.1092 0.1907 0.0934 
  71 0.5891 0.1661 0.2052 0.0396 
  72 0.1509 0.5502 0.2219 0.0770 
  73 0.2947 0.0687 0.5709 0.0657 
  74 0.4030 0.3176 0.1136 0.1658 
  75 0.5596 0.1160 0.1010 0.2235 
  76 0.2580 0.1031 0.5507 0.0882 
  77 0.5840 0.1810 0.1917 0.0434 
  78 0.5218 0.2862 0.1405 0.0514 
  79 0.0131 0.1140 0.8082 0.0648 
  80 0.0157 0.0827 0.2247 0.6769 
  81 0.0130 0.1121 0.3607 0.5142 
  82 0.0739 0.0554 0.6897 0.1810 
  83 0.0370 0.2007 0.3653 0.3970 
  84 0.0230 0.1371 0.5345 0.3055 
  85 0.0298 0.1982 0.3018 0.4702 
  86 0.1118 0.1266 0.6753 0.0864 
  87 0.0267 0.1044 0.7906 0.0784 
  88 0.0271 0.0597 0.5698 0.3434 
  89 0.0191 0.0609 0.3523 0.5677 
  90 0.0155 0.0612 0.8497 0.0736 
  91 0.0315 0.1080 0.1801 0.6804 
  92 0.0200 0.0847 0.7621 0.1332 
  93 0.0162 0.0394 0.0900 0.8544 
  94 0.0286 0.4832 0.4284 0.0598 
  95 0.0215 0.0477 0.7613 0.1695 
  96 0.4759 0.0378 0.1905 0.2958 
  97 0.3237 0.2156 0.1602 0.3006 
  98 0.3906 0.1346 0.3169 0.1579 
  99 0.0178 0.0942 0.6204 0.2676 
 100 0.0237 0.0317 0.1217 0.8229 
 101 0.0487 0.0720 0.7302 0.1491 
 102 0.0888 0.1024 0.3636 0.4452 
 103 0.0460 0.0459 0.6151 0.2929 
 104 0.0457 0.0594 0.8032 0.0917 
 105 0.0452 0.0368 0.7483 0.1697 
 106 0.0341 0.2618 0.6729 0.0312 
 107 0.0431 0.0509 0.7266 0.1794 
 108 0.6481 0.0942 0.2039 0.0539 
 109 0.0393 0.1302 0.7975 0.0330 
 110 0.0230 0.2688 0.6693 0.0390 
 111 0.0213 0.0454 0.8915 0.0418 
 112 0.0316 0.1170 0.8178 0.0337 
 113 0.1303 0.1432 0.5800 0.1465 
 114 0.0319 0.0543 0.7991 0.1146 
 115 0.1424 0.0547 0.7447 0.0582 
 116 0.1470 0.2105 0.6048 0.0377 
 117 0.0387 0.1530 0.7565 0.0519 
 118 0.0517 0.0522 0.8373 0.0587 
 119 0.5035 0.0583 0.1797 0.2585 
 120 0.0422 0.0652 0.8334 0.0592 
 121 0.1775 0.0616 0.7114 0.0495 
 122 0.0270 0.1927 0.7379 0.0424 
 123 0.0356 0.1021 0.7966 0.0656 
 124 0.1121 0.3606 0.4713 0.0560 
 125 0.0772 0.5056 0.3571 0.0601 
 126 0.1225 0.1930 0.6085 0.0760 
 127 0.0234 0.0485 0.8799 0.0483 
 128 0.0463 0.0417 0.8540 0.0580 
 129 0.0289 0.0359 0.8876 0.0476 
 130 0.0244 0.0586 0.7873 0.1297 
 131 0.1804 0.3924 0.3812 0.0460 
 132 0.0313 0.1150 0.8153 0.0384 
 133 0.0547 0.0603 0.8149 0.0700 
 134 0.0166 0.1824 0.7746 0.0264 
 135 0.1414 0.0445 0.1682 0.6458 
 136 0.0154 0.0440 0.0873 0.8533 
 137 0.0141 0.0372 0.1325 0.8162 
 138 0.0231 0.0457 0.0679 0.8634 
 139 0.1870 0.0646 0.2005 0.5479 
 140 0.0798 0.1051 0.2432 0.5718 
 141 0.0240 0.0794 0.1013 0.7953 
 142 0.1705 0.0411 0.1342 0.6543 
 143 0.0155 0.0284 0.0598 0.8964 
 144 0.0153 0.0330 0.1256 0.8261 
 145 0.0368 0.0954 0.1556 0.7122 
 146 0.0518 0.0907 0.2919 0.5656 
 147 0.0131 0.0324 0.0617 0.8928 
 148 0.0455 0.0520 0.1863 0.7163 
 149 0.0400 0.0503 0.0800 0.8297 
 150 0.0217 0.0461 0.2482 0.6840 
 151 0.0203 0.0353 0.0946 0.8498 
 152 0.0889 0.0736 0.1786 0.6589 
 153 0.0443 0.0631 0.0979 0.7946 
 154 0.0261 0.0410 0.0992 0.8336 
 155 0.0187 0.0324 0.0807 0.8682 
 156 0.0961 0.0301 0.1171 0.7567 
 157 0.0248 0.0682 0.1980 0.7089 
 158 0.0284 0.0985 0.1399 0.7332 
 159 0.0135 0.0302 0.0656 0.8907 
 160 0.0135 0.0303 0.0731 0.8832 
 161 0.0342 0.0780 0.1331 0.7546 
 162 0.0598 0.0978 0.3404 0.5020 
 163 0.0256 0.0308 0.0743 0.8693 
 164 0.0298 0.0659 0.3924 0.5120 
 165 0.0200 0.0404 0.2136 0.7260 
 166 0.0624 0.0954 0.2225 0.6198 
 167 0.0229 0.0618 0.2114 0.7039 
 168 0.0468 0.0838 0.0967 0.7727 
 169 0.0512 0.4174 0.1261 0.4053 
 170 0.0537 0.0353 0.1028 0.8081 
 171 0.0437 0.0785 0.1918 0.6859 
 172 0.1882 0.1791 0.0795 0.5531 
 173 0.0171 0.0300 0.0755 0.8774 
 174 0.0146 0.0392 0.0912 0.8549 
 175 0.0193 0.0410 0.0691 0.8705 
 176 0.0159 0.0331 0.1263 0.8246 
 177 0.0363 0.1327 0.2634 0.5676 
 178 0.0159 0.0583 0.1186 0.8072 
 179 0.0135 0.0304 0.0610 0.8951 
 180 0.0445 0.0895 0.1958 0.6701 
 181 0.0429 0.0581 0.1175 0.7815 
 182 0.0268 0.0282 0.1007 0.8443 
 183 0.0159 0.0327 0.0697 0.8817 
 184 0.0540 0.1106 0.7178 0.1175 
 185 0.0771 0.0272 0.0681 0.8276 
 186 0.0338 0.0722 0.8084 0.0856 
 187 0.0489 0.0717 0.3401 0.5394 
 188 0.0313 0.0515 0.8574 0.0598 
 189 0.0579 0.3043 0.1995 0.4383 
 190 0.5440 0.0228 0.0898 0.3434 
 191 0.0362 0.0503 0.6698 0.2436 
 192 0.0353 0.0746 0.4442 0.4460 
 193 0.0941 0.0925 0.4281 0.3853 
 194 0.0816 0.0598 0.4754 0.3831 
 195 0.0529 0.0286 0.0969 0.8216 
 196 0.4399 0.0388 0.1896 0.3317 
 197 0.0648 0.1630 0.5554 0.2169 
 198 0.0798 0.1509 0.5072 0.2621 
 199 0.3730 0.0425 0.2263 0.3582 
 200 0.3418 0.0896 0.2877 0.2809 
 201 0.0463 0.0371 0.1126 0.8039 
 202 0.0802 0.0282 0.1356 0.7560 
 203 0.0342 0.0319 0.1256 0.8083 
 204 0.0842 0.0304 0.2267 0.6587 
 205 0.2346 0.0702 0.4288 0.2663 
 206 0.0687 0.0367 0.3019 0.5927 
 207 0.1534 0.0349 0.6005 0.2112 
 208 0.2191 0.0416 0.2419 0.4974 
 209 0.0787 0.0647 0.5414 0.3152 
 210 0.0727 0.0401 0.3095 0.5777 
 211 0.3992 0.0286 0.3808 0.1913 
 212 0.0404 0.0489 0.1058 0.8049 
 213 0.2424 0.0650 0.5072 0.1855 
 214 0.0564 0.0355 0.1121 0.7960 
 215 0.2286 0.0520 0.5683 0.1511 
 216 0.0591 0.1047 0.6875 0.1487 
 217 0.0713 0.0501 0.1116 0.7670 
 218 0.0668 0.0708 0.4558 0.4067 
 219 0.0367 0.1971 0.3285 0.4376 
 220 0.0821 0.0371 0.5958 0.2849 
 221 0.0934 0.0258 0.0643 0.8164 
 222 0.0410 0.1779 0.5374 0.2436 
 223 0.0528 0.0935 0.2421 0.6117 
 224 0.0345 0.0360 0.1857 0.7438 
 225 0.1461 0.0524 0.3379 0.4636 
 226 0.1944 0.2564 0.2352 0.3140 
 227 0.1488 0.0332 0.2570 0.5610 
 228 0.1433 0.0272 0.1126 0.7170 
 229 0.0204 0.0415 0.1998 0.7383 
 230 0.0309 0.0366 0.2578 0.6746 
 231 0.0237 0.0634 0.2283 0.6846 
 232 0.0863 0.0855 0.3437 0.4845 
 233 0.0366 0.0340 0.1026 0.8268 
 234 0.0423 0.1104 0.4693 0.3780 
 235 0.1305 0.1056 0.2401 0.5238 
 236 0.0558 0.0659 0.2405 0.6378 
 237 0.0902 0.0389 0.5234 0.3475 
 238 0.0565 0.0439 0.1521 0.7474 
 239 0.0518 0.0275 0.0977 0.8229 
 240 0.0579 0.0441 0.1519 0.7461 
 241 0.0455 0.0346 0.1091 0.8108 
 242 0.0455 0.1271 0.3022 0.5252 
 243 0.4527 0.0279 0.1536 0.3658 
 244 0.0367 0.0341 0.1462 0.7829 
 245 0.0444 0.0320 0.0873 0.8363 
 246 0.0710 0.0485 0.1122 0.7683 
 247 0.0840 0.0929 0.7550 0.0681 
 248 0.1521 0.0431 0.7191 0.0857 
 249 0.0458 0.0392 0.1913 0.7237 
 250 0.0415 0.0653 0.3706 0.5227 
 251 0.1514 0.1511 0.4945 0.2031 
 252 0.0737 0.0661 0.2745 0.5857 
 253 0.1753 0.0893 0.5736 0.1618 
 254 0.0526 0.1231 0.5283 0.2961 
 255 0.0426 0.0930 0.4525 0.4118 
 256 0.1142 0.0430 0.1724 0.6704 
 257 0.1518 0.0490 0.4426 0.3566 
 258 0.2621 0.0649 0.4868 0.1861 
 259 0.0612 0.0499 0.5992 0.2897 
 260 0.0315 0.1430 0.3560 0.4695 
 261 0.0960 0.0590 0.1695 0.6755 
 262 0.1864 0.0313 0.0819 0.7004 
 263 0.0692 0.0522 0.6005 0.2781 
 264 0.0661 0.4601 0.4172 0.0567 
 265 0.1116 0.1231 0.3596 0.4057 
 266 0.0655 0.0259 0.0703 0.8384 
 267 0.0566 0.0602 0.4288 0.4543 
 268 0.4341 0.0388 0.1923 0.3347 
 269 0.0457 0.2587 0.2738 0.4217 
 270 0.0494 0.0822 0.6921 0.1763 
 271 0.2947 0.0532 0.4843 0.1678 
 272 0.4320 0.1351 0.2515 0.1815 
 273 0.1399 0.1273 0.2386 0.4941 
 274 0.1504 0.1187 0.4579 0.2730 
 275 0.1599 0.1510 0.2775 0.4116 
 276 0.4283 0.1094 0.3075 0.1548 
 277 0.0490 0.1009 0.2925 0.5575 
 278 0.4460 0.0490 0.3386 0.1663 
 279 0.0927 0.0765 0.3738 0.4570 
 280 0.1365 0.2087 0.2944 0.3604 
 281 0.1002 0.0677 0.5553 0.2769 
 282 0.0322 0.0781 0.1946 0.6951 
 283 0.0269 0.0410 0.1330 0.7991 
 284 0.0986 0.0619 0.4264 0.4131 
 285 0.2481 0.0604 0.6407 0.0508 
 286 0.0348 0.0344 0.1495 0.7813 
 287 0.0611 0.1646 0.3918 0.3824 
 288 0.1804 0.1989 0.3507 0.2700 
 289 0.1988 0.1122 0.4724 0.2166 
 290 0.3077 0.2222 0.2799 0.1902 
 291 0.2918 0.0524 0.4867 0.1690 
 292 0.2367 0.1426 0.1848 0.4360 
 293 0.2485 0.3531 0.2916 0.1068 
 294 0.0975 0.0677 0.5576 0.2773 
 295 0.2095 0.1247 0.3925 0.2734 
 296 0.1520 0.0490 0.5301 0.2689 
 297 0.0716 0.2441 0.4492 0.2351 
 298 0.0254 0.0812 0.2960 0.5973 
 299 0.0290 0.0696 0.6447 0.2567 
 300 0.1055 0.0557 0.6241 0.2148 
 301 0.0668 0.1667 0.5842 0.1823 
 302 0.2223 0.0621 0.4821 0.2335 
 303 0.0449 0.0651 0.1733 0.7167 
 304 0.0271 0.1552 0.3171 0.5006 
 305 0.0770 0.0365 0.1198 0.7667 
 306 0.0567 0.0690 0.1262 0.7481 
 307 0.0768 0.0676 0.4567 0.3988 
 308 0.0965 0.0587 0.1673 0.6774 
 309 0.2110 0.0579 0.4802 0.2509 
 310 0.1538 0.0348 0.1458 0.6656 
 311 0.0295 0.0375 0.2559 0.6771 
 312 0.1018 0.0328 0.5894 0.2760 
 313 0.3907 0.0349 0.4661 0.1083 
 314 0.0223 0.0301 0.0541 0.8935 
 315 0.0355 0.0465 0.0660 0.8520 
 316 0.0231 0.0561 0.0697 0.8511 
 317 0.0135 0.0320 0.0553 0.8991 
 318 0.0111 0.0343 0.0546 0.9000 
 319 0.0149 0.0293 0.0631 0.8927 
 320 0.0225 0.0313 0.0550 0.8912 
 321 0.0125 0.0358 0.0576 0.8941 
 322 0.0331 0.0509 0.0717 0.8443 
 323 0.0113 0.0328 0.0583 0.8975 
 324 0.0130 0.0353 0.0573 0.8944 
 325 0.0194 0.0580 0.0668 0.8558 
 326 0.0219 0.0584 0.0646 0.8551 
 327 0.0140 0.0321 0.0558 0.8981 
 328 0.0247 0.0505 0.0767 0.8481 
 329 0.0117 0.0312 0.0569 0.9001 
 330 0.0139 0.0319 0.0558 0.8984 
 331 0.0116 0.0305 0.0574 0.9005 
 332 0.0183 0.0690 0.0689 0.8437 
 333 0.0226 0.0497 0.0690 0.8587 
 334 0.0256 0.0511 0.0759 0.8474 
 335 0.0264 0.0440 0.0696 0.8600 
 336 0.0160 0.0375 0.0546 0.8918 
 337 0.0231 0.0619 0.0705 0.8445 
 338 0.0109 0.0369 0.0569 0.8953 
 339 0.0114 0.0304 0.0583 0.8999 
 340 0.0122 0.0274 0.0555 0.9048 
 341 0.0124 0.0308 0.0597 0.8970 
 342 0.0140 0.0326 0.0567 0.8967 
 343 0.0446 0.0531 0.0708 0.8315 
 344 0.0109 0.0307 0.0554 0.9030 
 345 0.0132 0.0322 0.0554 0.8992 
 346 0.0117 0.0307 0.0542 0.9034 
 347 0.0117 0.0278 0.0542 0.9064 
 348 0.0545 0.0423 0.0681 0.8351 
 349 0.0139 0.0320 0.0554 0.8987 
 350 0.0184 0.0299 0.0601 0.8917 
 351 0.0270 0.0451 0.0701 0.8577 
 352 0.0277 0.0530 0.0685 0.8509 
 353 0.0160 0.0378 0.0550 0.8913 
 354 0.0117 0.0311 0.0564 0.9009 
 355 0.0108 0.0336 0.0554 0.9002 
 356 0.0692 0.0422 0.0697 0.8189 
 357 0.0237 0.2397 0.1684 0.5681 
 358 0.0181 0.0520 0.0712 0.8587 
 359 0.0109 0.0319 0.0595 0.8977 
 360 0.0122 0.0313 0.0540 0.9025 
 361 0.0341 0.2484 0.1983 0.5192 
 362 0.0422 0.2809 0.5611 0.1158 
 363 0.0514 0.5319 0.3611 0.0556 
 364 0.0283 0.2352 0.3226 0.4138 
 365 0.0351 0.5742 0.3275 0.0632 
 366 0.2470 0.3765 0.2032 0.1734 
 367 0.0160 0.3689 0.5829 0.0322 
 368 0.0161 0.0720 0.8505 0.0614 
 369 0.1573 0.1966 0.2276 0.4184 
 370 0.0532 0.0845 0.7677 0.0946 
 371 0.0638 0.3048 0.4578 0.1737 
 372 0.0657 0.0812 0.6857 0.1674 
 373 0.0214 0.1660 0.7006 0.1120 
 374 0.0304 0.3038 0.2954 0.3704 
 375 0.0194 0.3352 0.5968 0.0486 
 376 0.0143 0.8471 0.1034 0.0353 
 377 0.0515 0.3416 0.5261 0.0808 
 378 0.0225 0.0945 0.6666 0.2164 
 379 0.0203 0.8500 0.0971 0.0327 
 380 0.0634 0.6785 0.1045 0.1537 
 381 0.0567 0.7360 0.0848 0.1225 
 382 0.0156 0.4125 0.5200 0.0519 
 383 0.0214 0.7568 0.0898 0.1320 
 384 0.0289 0.6125 0.2489 0.1097 
 385 0.0132 0.1123 0.6983 0.1763 
 386 0.0251 0.4638 0.4595 0.0517 
 387 0.0274 0.4092 0.5064 0.0570 
 388 0.0225 0.1955 0.4775 0.3045 
 389 0.2540 0.0649 0.6049 0.0763 
 390 0.2326 0.4494 0.2720 0.0459 
 391 0.1181 0.1269 0.6542 0.1008 
 392 0.0268 0.6692 0.2021 0.1020 
 393 0.0588 0.7853 0.0835 0.0724 
 394 0.0294 0.2307 0.4394 0.3004 
 395 0.3660 0.2664 0.3018 0.0658 
 396 0.0182 0.2998 0.6456 0.0364 
 397 0.0369 0.2034 0.4907 0.2691 
 398 0.0223 0.7681 0.1752 0.0344 
 399 0.0866 0.2287 0.6346 0.0500 
 400 0.0219 0.5169 0.3912 0.0700 
 401 0.0888 0.1927 0.6472 0.0713 
 402 0.1070 0.1796 0.6146 0.0988 
 403 0.0288 0.1333 0.4086 0.4294 
 404 0.0316 0.4179 0.4242 0.1264 
 405 0.0565 0.3984 0.4186 0.1265 
 406 0.6661 0.1624 0.0780 0.0935 
 407 0.0178 0.8173 0.1294 0.0356 
 408 0.1284 0.0584 0.7758 0.0374 
 409 0.4151 0.1967 0.1233 0.2649 
 410 0.0352 0.5474 0.3198 0.0976 
 411 0.0726 0.5975 0.1467 0.1832 
 412 0.0154 0.1021 0.8236 0.0589 
 413 0.0255 0.1156 0.6542 0.2047 
 414 0.0158 0.0833 0.8594 0.0415 
 415 0.0600 0.7370 0.1487 0.0543 
 416 0.0478 0.4251 0.4297 0.0974 
 417 0.0180 0.7543 0.1816 0.0461 
 418 0.0134 0.2338 0.7136 0.0393 
 419 0.1227 0.2306 0.4381 0.2087 
 420 0.2439 0.2342 0.4736 0.0483 
 421 0.0258 0.5097 0.4071 0.0574 
 422 0.2189 0.3718 0.3292 0.0802 
 423 0.0365 0.6175 0.2696 0.0765 
 424 0.1421 0.1352 0.6494 0.0733 
 425 0.0380 0.2784 0.5703 0.1132 
 426 0.0250 0.1718 0.7132 0.0900 
 427 0.0315 0.7009 0.1379 0.1297 
 428 0.1122 0.4224 0.2319 0.2335 
 429 0.0139 0.7594 0.1942 0.0326 
 430 0.0233 0.7797 0.1517 0.0452 
 431 0.0244 0.1303 0.7609 0.0844 
 432 0.0201 0.0864 0.8223 0.0712 
 433 0.0528 0.0561 0.5852 0.3058 
 434 0.0382 0.2427 0.5188 0.2004 
 435 0.0273 0.7925 0.1460 0.0342 
 436 0.0286 0.8261 0.0924 0.0530 
 437 0.0178 0.7991 0.1443 0.0388 
 438 0.3065 0.4025 0.2041 0.0868 
 439 0.0176 0.8496 0.0893 0.0435 
 440 0.0230 0.8345 0.1140 0.0285 
 441 0.0261 0.6225 0.2340 0.1174 
 442 0.0395 0.6411 0.2771 0.0423 
 443 0.1317 0.3916 0.4392 0.0375 
 444 0.0487 0.7113 0.1998 0.0403 
 445 0.1377 0.5518 0.1452 0.1653 
 446 0.0232 0.7302 0.2070 0.0396 
 447 0.0817 0.5935 0.2360 0.0888 
 448 0.0292 0.6330 0.2951 0.0428 
 449 0.0320 0.5988 0.2913 0.0779 
 450 0.0124 0.7047 0.2124 0.0704 
 451 0.0338 0.1125 0.8219 0.0318 
 452 0.0142 0.7617 0.1669 0.0571 
 453 0.5227 0.0885 0.3072 0.0816 
 454 0.0255 0.6467 0.2353 0.0925 
 455 0.0890 0.7116 0.1593 0.0400 
 456 0.1279 0.6450 0.1895 0.0376 
 457 0.0182 0.8243 0.1152 0.0423 
 458 0.0174 0.8189 0.1179 0.0458 
 459 0.0488 0.5414 0.2902 0.1197 
 460 0.0239 0.7310 0.2088 0.0363 
 461 0.0140 0.5664 0.3821 0.0376 
 462 0.0501 0.6577 0.2615 0.0306 
 463 0.5861 0.2202 0.1285 0.0651 
 464 0.0679 0.6021 0.2937 0.0363 
 465 0.0538 0.2781 0.6133 0.0548 
 466 0.2832 0.3010 0.3732 0.0426 
 467 0.0572 0.6406 0.2177 0.0844 
 468 0.0508 0.8235 0.0901 0.0356 
 469 0.0192 0.8673 0.0767 0.0368 
 470 0.0220 0.8164 0.1280 0.0337 
 471 0.2091 0.3225 0.4166 0.0518 
 472 0.0832 0.4343 0.4274 0.0551 
 473 0.0455 0.4995 0.3686 0.0865 
 474 0.0309 0.7257 0.1803 0.0631 
 475 0.0410 0.3055 0.5655 0.0880 
 476 0.0250 0.8308 0.0994 0.0447 
 477 0.0575 0.1778 0.6898 0.0748 
 478 0.0212 0.1513 0.7907 0.0368 
 479 0.0189 0.7696 0.1779 0.0336 
 480 0.0149 0.8557 0.0910 0.0384 
 481 0.0450 0.3080 0.5989 0.0482 
 482 0.0139 0.8300 0.1228 0.0334 
 483 0.0263 0.7782 0.1481 0.0475 
 484 0.2100 0.5287 0.2019 0.0594 
 485 0.0416 0.7999 0.1212 0.0373 
 486 0.1028 0.0711 0.7542 0.0719 
 487 0.0455 0.0942 0.6716 0.1886 
 488 0.0296 0.0503 0.8232 0.0969 
 489 0.1373 0.1167 0.4174 0.3286 
 490 0.0565 0.0930 0.8085 0.0420 
 491 0.0558 0.0602 0.6478 0.2362 
 492 0.0787 0.0569 0.5634 0.3010 
 493 0.0390 0.0584 0.8114 0.0912 
 494 0.0612 0.1091 0.6613 0.1684 
 495 0.0517 0.0698 0.7333 0.1451 
 496 0.0973 0.0802 0.3367 0.4858 
 497 0.0235 0.0553 0.7512 0.1700 
 498 0.1334 0.0845 0.6603 0.1218 
 499 0.0530 0.0689 0.4940 0.3840 
 500 0.0492 0.1846 0.6623 0.1039 
 501 0.0298 0.1578 0.5753 0.2370 
 502 0.0194 0.0841 0.6524 0.2441 
 503 0.0333 0.4268 0.4798 0.0601 
 504 0.0409 0.0501 0.8497 0.0593 
 505 0.2056 0.0624 0.5606 0.1714 
 506 0.0273 0.0763 0.6494 0.2470 
 507 0.0487 0.0357 0.0955 0.8201 
 508 0.1394 0.0326 0.1893 0.6387 
 509 0.0958 0.0586 0.4899 0.3557 
 510 0.0353 0.1605 0.4361 0.3682 
 511 0.0723 0.4828 0.3657 0.0792 
 512 0.0197 0.4328 0.5029 0.0446 
 513 0.0828 0.0264 0.8113 0.0794 
 514 0.0328 0.0632 0.8279 0.0760 
 515 0.0952 0.4449 0.2572 0.2028 
 516 0.0703 0.0494 0.8000 0.0803 
 517 0.2654 0.1937 0.3655 0.1754 
 518 0.0269 0.1793 0.3774 0.4164 
 519 0.0319 0.0739 0.8106 0.0836 
 520 0.3318 0.2063 0.1237 0.3382 
 521 0.0628 0.0741 0.3657 0.4974 
 522 0.2160 0.5115 0.2070 0.0655 
 523 0.5037 0.0636 0.2384 0.1943 
 524 0.1461 0.4711 0.2673 0.1156 
 525 0.0606 0.2968 0.2702 0.3724 
 526 0.5801 0.2226 0.0997 0.0975 
 527 0.0188 0.1617 0.7495 0.0701 
 528 0.0495 0.0471 0.1567 0.7468 
 529 0.0431 0.0794 0.6432 0.2343 
 530 0.1138 0.4582 0.3009 0.1270 
 531 0.0759 0.2195 0.2237 0.4809 
 532 0.0733 0.1124 0.4726 0.3418 
 533 0.1161 0.3467 0.4220 0.1153 
 534 0.1481 0.0416 0.6210 0.1893 
 535 0.3928 0.1626 0.3451 0.0995 
 536 0.1930 0.3013 0.2349 0.2707 
 537 0.3063 0.0673 0.1585 0.4679 
 538 0.2339 0.1061 0.2820 0.3781 
 539 0.0427 0.0365 0.0849 0.8359 
 540 0.2019 0.1342 0.2496 0.4143 
 541 0.0564 0.1082 0.1836 0.6518 
 542 0.6338 0.1603 0.1291 0.0769 
 543 0.3753 0.0608 0.3164 0.2475 
 544 0.6146 0.0954 0.1674 0.1227 
 545 0.7487 0.0982 0.1105 0.0426 
 546 0.3627 0.0955 0.2630 0.2789 
 547 0.7400 0.0461 0.1027 0.1112 
 548 0.0404 0.0631 0.3752 0.5214 
 549 0.2519 0.1866 0.0952 0.4663 
 550 0.5376 0.2228 0.1681 0.0715 
 551 0.0590 0.0837 0.1607 0.6966 
 552 0.2139 0.0921 0.2145 0.4795 
 553 0.6856 0.0329 0.1084 0.1730 
 554 0.0839 0.2514 0.4179 0.2468 
 555 0.1881 0.0670 0.2102 0.5348 
 556 0.3017 0.0877 0.2864 0.3243 
 557 0.5041 0.2350 0.1615 0.0993 
 558 0.0123 0.8390 0.1152 0.0335 
 559 0.0426 0.0717 0.8131 0.0726 
 560 0.0276 0.4837 0.4589 0.0298 
 561 0.0464 0.2596 0.6537 0.0403 
 562 0.0593 0.1641 0.7457 0.0309 
 563 0.0557 0.1087 0.6788 0.1569 
 564 0.0966 0.0767 0.7349 0.0918 
 565 0.0152 0.8318 0.1111 0.0419 
 566 0.0247 0.3027 0.6430 0.0296 
 567 0.0323 0.0601 0.8506 0.0570 
 568 0.0792 0.1717 0.6794 0.0696 
 569 0.1400 0.3863 0.4004 0.0733 
 570 0.0133 0.7921 0.1629 0.0317 
 571 0.0244 0.1033 0.8258 0.0465 
 572 0.4640 0.1415 0.1829 0.2115 
 573 0.0818 0.1845 0.6460 0.0877 
 574 0.0348 0.4809 0.3086 0.1758 
 575 0.0399 0.1387 0.7082 0.1131 
 576 0.0154 0.1685 0.7866 0.0295 
 577 0.0265 0.3857 0.4387 0.1490 
 578 0.0309 0.2170 0.6982 0.0539 
 579 0.0293 0.2102 0.7068 0.0537 
 580 0.0216 0.5606 0.3300 0.0878 
 581 0.0220 0.5275 0.3876 0.0630 
 582 0.0308 0.7399 0.1942 0.0351 
 583 0.0203 0.1832 0.7466 0.0499 
 584 0.0163 0.1512 0.7963 0.0362 
 585 0.0233 0.2880 0.6440 0.0447 
 586 0.0281 0.0786 0.8319 0.0614 
 587 0.0554 0.4631 0.4451 0.0364 
 588 0.4168 0.0296 0.4795 0.0741 
 589 0.0793 0.6651 0.2179 0.0376 
 590 0.0224 0.0617 0.8732 0.0427 
 591 0.0199 0.0806 0.8464 0.0532 
 592 0.1303 0.1787 0.6453 0.0457 
 593 0.0417 0.2590 0.6064 0.0929 
 594 0.0225 0.0652 0.8192 0.0931 
 595 0.0141 0.2031 0.7481 0.0347 
 596 0.2370 0.1806 0.4940 0.0884 
 597 0.0788 0.0687 0.6480 0.2045 
 598 0.0133 0.8521 0.1028 0.0319 
 599 0.0557 0.2270 0.6828 0.0344 
 600 0.0430 0.5215 0.3254 0.1101 
 601 0.0389 0.4426 0.4839 0.0347 
 602 0.0246 0.0696 0.7200 0.1858 
 603 0.0295 0.0654 0.7386 0.1664 
 604 0.0382 0.5214 0.3076 0.1328 
 605 0.0611 0.1924 0.6833 0.0632 
 606 0.0606 0.1752 0.5142 0.2501 
 607 0.0198 0.2272 0.3940 0.3590 
 608 0.0240 0.2107 0.2628 0.5025 
 609 0.0415 0.4450 0.4327 0.0809 
 610 0.1084 0.6037 0.2219 0.0660 
 611 0.0585 0.0839 0.7102 0.1473 
 612 0.0280 0.8227 0.1036 0.0456 
 613 0.0650 0.2718 0.5672 0.0960 
 614 0.0260 0.7562 0.1659 0.0519 
 615 0.0259 0.7398 0.1394 0.0949 
 616 0.0217 0.2178 0.4956 0.2648 
 617 0.0543 0.3642 0.5277 0.0539 
 618 0.0631 0.5350 0.1890 0.2129 
 619 0.1662 0.2186 0.4347 0.1804 
 620 0.1106 0.1037 0.7487 0.0370 
 621 0.0136 0.1700 0.7685 0.0479 
 622 0.1154 0.4156 0.3015 0.1675 
 623 0.0394 0.1300 0.7733 0.0572 
 624 0.0247 0.6990 0.1377 0.1386 
 625 0.0195 0.4825 0.3231 0.1749 
 626 0.1406 0.2898 0.0966 0.4730 
 627 0.0417 0.1531 0.7208 0.0844 
 628 0.0326 0.0886 0.8014 0.0774 
 629 0.0206 0.1575 0.7192 0.1027 
 630 0.0334 0.6099 0.2905 0.0662 
 631 0.0204 0.4400 0.4410 0.0987 
 632 0.0988 0.1287 0.3597 0.4129 
 633 0.0238 0.4314 0.3979 0.1468 
 634 0.0656 0.1977 0.4902 0.2465 
 635 0.0284 0.1495 0.2081 0.6141 
 636 0.0301 0.4294 0.2904 0.2501 
 637 0.2850 0.1672 0.4037 0.1441 
 638 0.0218 0.1330 0.7038 0.1414 
 639 0.0298 0.4005 0.4246 0.1451 
 640 0.0137 0.1279 0.7972 0.0613 
 641 0.0260 0.1919 0.6886 0.0935 
 642 0.0661 0.0879 0.2018 0.6442 
 643 0.0211 0.0517 0.1053 0.8218 
 644 0.0248 0.0516 0.2288 0.6948 
 645 0.0432 0.3181 0.0930 0.5457 
 646 0.1081 0.1041 0.6184 0.1694 
 647 0.0637 0.0695 0.4498 0.4170 
 648 0.1216 0.1234 0.3469 0.4081 
 649 0.2822 0.0495 0.4221 0.2463 
 650 0.0721 0.0535 0.6618 0.2126 
 651 0.0183 0.0529 0.4180 0.5108 
 652 0.0365 0.0655 0.2435 0.6545 
 653 0.0767 0.0954 0.3248 0.5031 
 654 0.1066 0.0729 0.1976 0.6228 
 655 0.0404 0.0859 0.3232 0.5505 
 656 0.1345 0.0890 0.4483 0.3282 
 657 0.0282 0.2777 0.4707 0.2234 
 658 0.1174 0.1511 0.4610 0.2705 
 659 0.0924 0.0821 0.2562 0.5693 
 660 0.0436 0.0439 0.1460 0.7665 
 661 0.1757 0.0865 0.1350 0.6028 
 662 0.4762 0.0394 0.3499 0.1345 
 663 0.0330 0.0702 0.2096 0.6872 
 664 0.0631 0.2189 0.4260 0.2920 
 665 0.3277 0.0500 0.4288 0.1936 
 666 0.0722 0.0745 0.1908 0.6626 
 667 0.0429 0.0698 0.7864 0.1009 
 668 0.0799 0.1254 0.2736 0.5211 
 669 0.0793 0.0632 0.4133 0.4442 
 670 0.0180 0.0319 0.0739 0.8762 
 671 0.0309 0.0403 0.1303 0.7985 
 672 0.0605 0.0834 0.1575 0.6986 
 673 0.0119 0.0344 0.0604 0.8933 
 674 0.0252 0.0574 0.1034 0.8141 
 675 0.0165 0.0321 0.1261 0.8253 
 676 0.0130 0.0323 0.0601 0.8947 
 677 0.0722 0.0283 0.0660 0.8335 
 678 0.0112 0.0335 0.0649 0.8904 
 679 0.0122 0.0574 0.0982 0.8322 
 680 0.0215 0.0533 0.0849 0.8404 
 681 0.3138 0.1436 0.1967 0.3459 
 682 0.0209 0.0574 0.0748 0.8469 
 683 0.0204 0.0304 0.0675 0.8817 
 684 0.0138 0.0336 0.0664 0.8862 
 685 0.0148 0.0286 0.0588 0.8978 
 686 0.0716 0.0502 0.0867 0.7915 
 687 0.0440 0.0379 0.1191 0.7990 
 688 0.0179 0.0388 0.0958 0.8474 
 689 0.0139 0.0295 0.0584 0.8982 
 690 0.0134 0.0319 0.0601 0.8946 
 691 0.0192 0.0510 0.0895 0.8403 
 692 0.0138 0.0450 0.0969 0.8443 
 693 0.0171 0.0511 0.0986 0.8332 
 694 0.0149 0.0271 0.0551 0.9028 
 695 0.0389 0.0448 0.0669 0.8494 
 696 0.0185 0.0385 0.0963 0.8468 
 697 0.0181 0.0314 0.0626 0.8879 
 698 0.0143 0.0308 0.0624 0.8925 
 699 0.1173 0.0395 0.0662 0.7769 
 700 0.0551 0.0792 0.0829 0.7829 
 701 0.0301 0.0697 0.1116 0.7886 
 702 0.0533 0.0717 0.1225 0.7525 
 703 0.0239 0.0587 0.0782 0.8392 
 704 0.0266 0.0360 0.0829 0.8545 
 705 0.3116 0.0742 0.1271 0.4870 
 706 0.0314 0.0497 0.0699 0.8490 
 707 0.0224 0.0341 0.0634 0.8801 
 708 0.0169 0.0303 0.0692 0.8837 
 709 0.0434 0.0344 0.0603 0.8619 
 710 0.0167 0.0281 0.0540 0.9012 
 711 0.0578 0.0488 0.0774 0.8160 
 712 0.0581 0.0258 0.0617 0.8543 
 713 0.0209 0.0348 0.0912 0.8531 
 714 0.0174 0.0555 0.1224 0.8047 
 715 0.0334 0.0271 0.0543 0.8853 
 716 0.0304 0.0480 0.0650 0.8566 
 717 0.0214 0.0281 0.0540 0.8965 
 718 0.0363 0.0485 0.0980 0.8171 
 719 0.0302 0.0270 0.0570 0.8858 
 720 0.0202 0.1649 0.7597 0.0552 
 721 0.0267 0.1703 0.1579 0.6451 
 722 0.0469 0.5169 0.3266 0.1096 
 723 0.0168 0.5802 0.3076 0.0954 
 724 0.0252 0.6079 0.1385 0.2285 
 725 0.0387 0.1289 0.5298 0.3026 
 726 0.0697 0.5617 0.2084 0.1602 
 727 0.2289 0.1929 0.2586 0.3196 
 728 0.0168 0.8790 0.0750 0.0292 
 729 0.0145 0.8492 0.1030 0.0333 
 730 0.0168 0.4292 0.4831 0.0709 
 731 0.0207 0.7661 0.1431 0.0701 
 732 0.0173 0.5724 0.3142 0.0962 
 733 0.0127 0.8224 0.1204 0.0445 
 734 0.0149 0.8145 0.1387 0.0319 
 735 0.0110 0.8352 0.0999 0.0540 
 736 0.0202 0.5680 0.3472 0.0646 
 737 0.0563 0.4840 0.3843 0.0754 
 738 0.0178 0.4861 0.4339 0.0622 
 739 0.0122 0.8346 0.1119 0.0413 
 740 0.0181 0.0524 0.1557 0.7737 
 741 0.0360 0.1036 0.2607 0.5998 
 742 0.0175 0.1314 0.6650 0.1861 
 743 0.0170 0.1114 0.7389 0.1327 
 744 0.2510 0.0648 0.5203 0.1639 
 745 0.0470 0.0939 0.8128 0.0463 
 746 0.0253 0.1587 0.4966 0.3194 
 747 0.0259 0.0666 0.8104 0.0972 
 748 0.0152 0.0595 0.3358 0.5895 
 749 0.0504 0.0771 0.5953 0.2772 
 750 0.0226 0.0755 0.6806 0.2213 
 751 0.0175 0.0734 0.3262 0.5829 
 752 0.0246 0.0961 0.7435 0.1358 
 753 0.0282 0.1984 0.4115 0.3618 
 754 0.0259 0.0982 0.4103 0.4655 
 755 0.0151 0.1099 0.6048 0.2702 
 756 0.0208 0.0523 0.5652 0.3616 
 757 0.0174 0.0741 0.7051 0.2034 
 758 0.0231 0.0450 0.8879 0.0440 
 759 0.0406 0.1372 0.2302 0.5920 
 760 0.0196 0.2468 0.5488 0.1847 
 761 0.0196 0.3850 0.1833 0.4121 
 762 0.0118 0.4597 0.4552 0.0733 
 763 0.0287 0.1942 0.4109 0.3662 
 764 0.0152 0.0701 0.7885 0.1261 
 765 0.0154 0.3626 0.4978 0.1243 
 766 0.0130 0.0719 0.4477 0.4674 
 767 0.0257 0.1146 0.5556 0.3042 
 768 0.0122 0.4790 0.4343 0.0745 
 769 0.0225 0.4489 0.2353 0.2933 
 770 0.0162 0.4209 0.5000 0.0628 
 771 0.2677 0.0465 0.4025 0.2833 
 772 0.0682 0.1195 0.4617 0.3507 
 773 0.0148 0.0664 0.7621 0.1566 
 774 0.0185 0.0843 0.2534 0.6438 
 775 0.0155 0.6160 0.2601 0.1083 
 776 0.0202 0.0754 0.8290 0.0755 
 777 0.0755 0.1162 0.6369 0.1714 
 778 0.0479 0.0811 0.5390 0.3320 
 779 0.0162 0.0593 0.7453 0.1792 
 780 0.0156 0.0754 0.3852 0.5239 
 781 0.1009 0.0510 0.3642 0.4838 
 782 0.0163 0.0577 0.7457 0.1803 
 783 0.0160 0.1147 0.5390 0.3303 
 784 0.0200 0.1694 0.7208 0.0899 
 785 0.0207 0.0797 0.7118 0.1878 
 786 0.0168 0.0862 0.3365 0.5605 
 787 0.0339 0.0382 0.3271 0.6009 
 788 0.0352 0.1338 0.7185 0.1125 
 789 0.0159 0.1671 0.7174 0.0996 
 790 0.0146 0.1355 0.4600 0.3899 
 791 0.0207 0.1016 0.7038 0.1738 
 792 0.0516 0.0413 0.3175 0.5896 
 793 0.0746 0.1651 0.1915 0.5688 
 794 0.0313 0.1194 0.6493 0.2000 
 795 0.0308 0.1468 0.1803 0.6421 
 796 0.0398 0.0740 0.6870 0.1992 
 797 0.0423 0.0642 0.1290 0.7645 
 798 0.1685 0.6064 0.1860 0.0391 
 799 0.0352 0.0902 0.7832 0.0914 
 800 0.1385 0.0320 0.1951 0.6344 
 801 0.1341 0.6069 0.1822 0.0768 
 802 0.1534 0.3518 0.1856 0.3092 
 803 0.0595 0.1193 0.2825 0.5387 
 804 0.2829 0.1251 0.4214 0.1707 
 805 0.0254 0.0460 0.1030 0.8255 
 806 0.4604 0.2592 0.1662 0.1141 
 807 0.0425 0.0420 0.0881 0.8274 
 808 0.1898 0.0660 0.2064 0.5377 
 809 0.7142 0.1164 0.1097 0.0597 
 810 0.0350 0.2046 0.4669 0.2935 
 811 0.2826 0.0890 0.1788 0.4496 
 812 0.8183 0.0452 0.1022 0.0344 
 813 0.1179 0.6170 0.2206 0.0446 
 814 0.4312 0.0502 0.4362 0.0824 
 815 0.5173 0.2119 0.1109 0.1599 
 816 0.1356 0.2399 0.2335 0.3910 
 817 0.1483 0.3563 0.1856 0.3098 
 818 0.0356 0.1259 0.7571 0.0814 
 819 0.0329 0.0386 0.7601 0.1684 
 820 0.0730 0.0571 0.6457 0.2242 
 821 0.0143 0.1394 0.7381 0.1082 
 822 0.0286 0.1665 0.7692 0.0357 
 823 0.0181 0.4093 0.3074 0.2652 
 824 0.0172 0.0782 0.6988 0.2059 
 825 0.0262 0.2192 0.6825 0.0722 
 826 0.0186 0.0638 0.8661 0.0515 
 827 0.0159 0.3466 0.5663 0.0712 
 828 0.0165 0.4801 0.3705 0.1329 
 829 0.0553 0.5181 0.3015 0.1251 
 830 0.0127 0.2714 0.6688 0.0472 
 831 0.0293 0.2014 0.5988 0.1705 
 832 0.1093 0.1925 0.5453 0.1529 
 833 0.0603 0.3924 0.3644 0.1829 
 834 0.0295 0.2720 0.5381 0.1604 
 835 0.0310 0.0619 0.8604 0.0468 
 836 0.1194 0.0706 0.7245 0.0855 
 837 0.0290 0.3861 0.2548 0.3301 
 838 0.1249 0.0534 0.7733 0.0483 
 839 0.0137 0.1776 0.7347 0.0741 
 840 0.1323 0.0668 0.5699 0.2310 
 841 0.0629 0.0523 0.7556 0.1292 
 842 0.0142 0.0724 0.8770 0.0365 
 843 0.1120 0.0749 0.3808 0.4324 
 844 0.0510 0.1449 0.6026 0.2015 
 845 0.0132 0.0778 0.8606 0.0483 
 846 0.0218 0.0600 0.7952 0.1231 
 847 0.0141 0.0404 0.6997 0.2459 
 848 0.0309 0.0423 0.8217 0.1051 
 849 0.0176 0.0941 0.8215 0.0668 
 850 0.0193 0.1536 0.7617 0.0654 
 851 0.0162 0.0496 0.8758 0.0584 
 852 0.0131 0.1829 0.2057 0.5983 
 853 0.0344 0.1796 0.7304 0.0557 
 854 0.0150 0.2775 0.4265 0.2809 
 855 0.0196 0.0642 0.8129 0.1033 
 856 0.0170 0.0679 0.7607 0.1543 
 857 0.1400 0.0831 0.7040 0.0730 
 858 0.0189 0.0719 0.8524 0.0569 
 859 0.0138 0.1950 0.7301 0.0610 
 860 0.0269 0.0514 0.8698 0.0518 
 861 0.0707 0.0435 0.4046 0.4812 
 862 0.0240 0.8581 0.0810 0.0369 
 863 0.0259 0.7689 0.1046 0.1006 
 864 0.0128 0.8508 0.0725 0.0639 
 865 0.0183 0.8191 0.1333 0.0293 
 866 0.0196 0.3588 0.5658 0.0557 
 867 0.0202 0.8332 0.0848 0.0618 
 868 0.0315 0.7177 0.1914 0.0594 
 869 0.0179 0.4092 0.5121 0.0608 
 870 0.1089 0.6055 0.2457 0.0399 
 871 0.0256 0.7547 0.1845 0.0352 
 872 0.0133 0.8305 0.1093 0.0469 
 873 0.0160 0.8394 0.0930 0.0516 
 874 0.0245 0.8461 0.0966 0.0329 
 875 0.0569 0.4311 0.4447 0.0674 
 876 0.0531 0.1139 0.7880 0.0450 
 877 0.0152 0.8636 0.0765 0.0447 
 878 0.0346 0.3796 0.4930 0.0927 
 879 0.0128 0.8290 0.0952 0.0630 
 880 0.1152 0.4439 0.3911 0.0498 
 881 0.0158 0.8087 0.1153 0.0602 
 882 0.0110 0.8389 0.0965 0.0536 
 883 0.0554 0.1090 0.7761 0.0595 
 884 0.0159 0.8259 0.1287 0.0295 
 885 0.1494 0.5464 0.2114 0.0928 
 886 0.0193 0.5989 0.3023 0.0794 
 887 0.0149 0.8198 0.1292 0.0361 
 888 0.1408 0.4476 0.2557 0.1559 
 889 0.0198 0.8436 0.1070 0.0296 
 890 0.0495 0.4617 0.4569 0.0319 
 891 0.0356 0.0659 0.8439 0.0546 
 892 0.0317 0.0713 0.8325 0.0645 
 893 0.1527 0.1329 0.6219 0.0925 
 894 0.0157 0.2423 0.7071 0.0349 
 895 0.0198 0.7690 0.1741 0.0372 
 896 0.0439 0.0499 0.8078 0.0984 
 897 0.0248 0.0516 0.8678 0.0558 
 898 0.0349 0.3130 0.5449 0.1072 
 899 0.0158 0.1438 0.8111 0.0293 
 900 0.0342 0.0594 0.8615 0.0449 
 901 0.0195 0.0775 0.8548 0.0482 
 902 0.1533 0.0654 0.7024 0.0788 
 903 0.0281 0.5472 0.3749 0.0498 
 904 0.0347 0.3790 0.4792 0.1070 
 905 0.0143 0.5353 0.4145 0.0359 
 906 0.0689 0.2234 0.6416 0.0661 
 907 0.0168 0.1299 0.7827 0.0706 
 908 0.0140 0.1447 0.7820 0.0593 
 909 0.1187 0.2100 0.5981 0.0733 
 910 0.0748 0.0819 0.7790 0.0643 
 911 0.0186 0.6438 0.3074 0.0303 
 912 0.0220 0.1997 0.7399 0.0384 
 913 0.0341 0.2927 0.6384 0.0348 
 914 0.0213 0.1995 0.5901 0.1891 
 915 0.0441 0.1971 0.7306 0.0281 
 916 0.0200 0.1141 0.8235 0.0424 
 917 0.0276 0.1567 0.7730 0.0428 
 918 0.0285 0.3763 0.4239 0.1714 
 919 0.0218 0.5179 0.3675 0.0928 
 920 0.0175 0.1115 0.8059 0.0651 
 921 0.2482 0.0888 0.3222 0.3408 
 922 0.4895 0.0641 0.3775 0.0690 
 923 0.1495 0.0515 0.6263 0.1727 
 924 0.4108 0.0469 0.4764 0.0660 
 925 0.2912 0.0716 0.5113 0.1259 
 926 0.7582 0.0296 0.1267 0.0855 
 927 0.6909 0.0479 0.1326 0.1287 
 928 0.2512 0.0343 0.2157 0.4988 
 929 0.6868 0.0354 0.2152 0.0626 
 930 0.4728 0.0611 0.3375 0.1286 
 931 0.7880 0.0677 0.0564 0.0880 
 932 0.8094 0.0330 0.1183 0.0393 
 933 0.1480 0.0426 0.1651 0.6443 
 934 0.2880 0.0343 0.6227 0.0549 
 935 0.7956 0.0498 0.0960 0.0585 
 936 0.8607 0.0324 0.0737 0.0332 
 937 0.8510 0.0317 0.0654 0.0518 
 938 0.7296 0.0251 0.0855 0.1599 
 939 0.7196 0.0366 0.0683 0.1754 
 940 0.6666 0.0484 0.1662 0.1188 
 941 0.7842 0.0499 0.1302 0.0357 
 942 0.1510 0.0926 0.3456 0.4107 
 943 0.7829 0.0302 0.0538 0.1332 
 944 0.7298 0.0521 0.0896 0.1285 
 945 0.3326 0.0662 0.4388 0.1625 
 946 0.7920 0.0358 0.1172 0.0550 
 947 0.7979 0.0269 0.0655 0.1097 
 948 0.7999 0.0877 0.0813 0.0312 
 949 0.7324 0.1083 0.1256 0.0336 
 950 0.8381 0.0239 0.0717 0.0664 
 951 0.4903 0.0744 0.2030 0.2324 
 952 0.6463 0.0570 0.2036 0.0932 
 953 0.6142 0.0958 0.2157 0.0744 
 954 0.8289 0.0537 0.0788 0.0386 
 955 0.0463 0.0451 0.0746 0.8340 
 956 0.0740 0.0357 0.0990 0.7913 
 957 0.0582 0.1050 0.2816 0.5552 
 958 0.0474 0.0926 0.7381 0.1218 
 959 0.0718 0.0596 0.4468 0.4217 
 960 0.0310 0.3332 0.4949 0.1409 
 961 0.0145 0.0280 0.0581 0.8994 
 962 0.1440 0.0293 0.7017 0.1250 
 963 0.0559 0.0915 0.7462 0.1064 
 964 0.0165 0.1124 0.6902 0.1809 
 965 0.0381 0.0482 0.4538 0.4599 
 966 0.0740 0.0944 0.5323 0.2994 
 967 0.0373 0.0507 0.0718 0.8401 
 968 0.0666 0.0341 0.7221 0.1772 
 969 0.0186 0.2729 0.3436 0.3648 
 970 0.0217 0.0469 0.1245 0.8069 
 971 0.1105 0.0470 0.5895 0.2530 
 972 0.0485 0.1389 0.4570 0.3557 
 973 0.1782 0.0358 0.3210 0.4650 
 974 0.0304 0.0902 0.7358 0.1436 
 975 0.0192 0.2675 0.3463 0.3670 
 976 0.1192 0.0463 0.5833 0.2511 
 977 0.0156 0.1198 0.4104 0.4543 
 978 0.0741 0.0462 0.4949 0.3848 
 979 0.0403 0.0632 0.7554 0.1411 
 980 0.0602 0.0569 0.3602 0.5227 
 981 0.0676 0.1019 0.4852 0.3453 
 982 0.0319 0.0996 0.7970 0.0714 
 983 0.0747 0.3094 0.5382 0.0776 
 984 0.0241 0.1824 0.1266 0.6670 
 985 0.0389 0.0566 0.6472 0.2573 
 986 0.0222 0.0922 0.7569 0.1287 
 987 0.0291 0.0641 0.8528 0.0541 
 988 0.0145 0.3162 0.6339 0.0354 
 989 0.0644 0.1143 0.1178 0.7035 
 990 0.0166 0.1843 0.6457 0.1534 
 991 0.0497 0.0887 0.6405 0.2212 
 992 0.0521 0.0388 0.8490 0.0601 
 993 0.0404 0.3941 0.4768 0.0887 
 994 0.1724 0.0669 0.3902 0.3705 
 995 0.0209 0.0253 0.0637 0.8901 
 996 0.0178 0.1763 0.7335 0.0723 
 997 0.0837 0.0393 0.7335 0.1435 
 998 0.0870 0.0753 0.7709 0.0668 
 999 0.0256 0.0705 0.6206 0.2833 
1000 0.0653 0.0779 0.7948 0.0619 
1001 0.0153 0.1754 0.7204 0.0890 
1002 0.0184 0.1126 0.8327 0.0363 
1003 0.0445 0.0677 0.6917 0.1961 
1004 0.0366 0.0440 0.8134 0.1060 
1005 0.0276 0.0651 0.8399 0.0674 
1006 0.3205 0.0927 0.3600 0.2268 
1007 0.1336 0.0663 0.3440 0.4561 
1008 0.1043 0.0561 0.2453 0.5943 
1009 0.2522 0.1642 0.3900 0.1936 
1010 0.0735 0.0866 0.5637 0.2762 
1011 0.0387 0.0838 0.2851 0.5925 
1012 0.6648 0.0615 0.1990 0.0747 
1013 0.1937 0.0675 0.5657 0.1731 
1014 0.0297 0.0953 0.8057 0.0693 
1015 0.0771 0.0457 0.7618 0.1154 
1016 0.0174 0.0567 0.8668 0.0590 
1017 0.0465 0.0516 0.6017 0.3002 
1018 0.0372 0.0671 0.6041 0.2916 
1019 0.0880 0.1220 0.5686 0.2214 
1020 0.0296 0.0373 0.0891 0.8440 
1021 0.2410 0.0498 0.1539 0.5554 
1022 0.0657 0.0631 0.6480 0.2232 
1023 0.0356 0.2136 0.6559 0.0949 
1024 0.0728 0.1854 0.6750 0.0667 
1025 0.0209 0.0627 0.7838 0.1326 
1026 0.0625 0.5671 0.1065 0.2638 
1027 0.3476 0.3895 0.1149 0.1480 
1028 0.0335 0.5355 0.2757 0.1553 
1029 0.0946 0.1255 0.5083 0.2717 
1030 0.0714 0.0962 0.2336 0.5988 
1031 0.1169 0.4098 0.1568 0.3165 
1032 0.1147 0.2454 0.2199 0.4200 
1033 0.0807 0.3557 0.2257 0.3379 
1034 0.0974 0.1234 0.4874 0.2919 
1035 0.0187 0.0777 0.1296 0.7739 
1036 0.2010 0.1650 0.1978 0.4362 
1037 0.0627 0.0562 0.2362 0.6449 
1038 0.0309 0.2804 0.1680 0.5207 
1039 0.3619 0.1236 0.1982 0.3164 
1040 0.0812 0.5601 0.1147 0.2440 
1041 0.0717 0.5228 0.1861 0.2194 
1042 0.0599 0.1849 0.2489 0.5063 
1043 0.0220 0.3815 0.2158 0.3807 
1044 0.0567 0.3126 0.3910 0.2397 
1045 0.0205 0.6267 0.1098 0.2430 
1046 0.1320 0.1560 0.2380 0.4740 
1047 0.0357 0.0753 0.1243 0.7647 
1048 0.0197 0.1713 0.6632 0.1458 
1049 0.0207 0.0781 0.8106 0.0906 
1050 0.0173 0.2139 0.7368 0.0320 
1051 0.0185 0.1131 0.8326 0.0358 
1052 0.0316 0.1502 0.7651 0.0531 
1053 0.0184 0.1537 0.7664 0.0615 
1054 0.0223 0.1159 0.7963 0.0654 
1055 0.0191 0.0470 0.8854 0.0485 
1056 0.0218 0.0743 0.8521 0.0518 
1057 0.0590 0.6481 0.2516 0.0413 
1058 0.0204 0.1384 0.8044 0.0368 
1059 0.0226 0.2845 0.6157 0.0772 
1060 0.0391 0.1719 0.6652 0.1238 
1061 0.0317 0.0441 0.8820 0.0422 
1062 0.0216 0.1815 0.7552 0.0416 
1063 0.0926 0.0433 0.7327 0.1313 
1064 0.0275 0.1228 0.7976 0.0521 
1065 0.0542 0.0855 0.7790 0.0813 
1066 0.0274 0.0521 0.8291 0.0914 
1067 0.0199 0.1884 0.7489 0.0428 
1068 0.0357 0.1661 0.4379 0.3604 
1069 0.0159 0.0594 0.8936 0.0311 
1070 0.0260 0.1044 0.8217 0.0480 
1071 0.0345 0.1181 0.6956 0.1518 
1072 0.0326 0.0677 0.8200 0.0797 
1073 0.0172 0.1667 0.7629 0.0532 
1074 0.0294 0.2169 0.6312 0.1225 
1075 0.0351 0.1554 0.7346 0.0748 
1076 0.0191 0.1260 0.7702 0.0846 
1077 0.0207 0.6992 0.2376 0.0425 
1078 0.0313 0.0706 0.8321 0.0660 
1079 0.0272 0.1483 0.7774 0.0471 
1080 0.0455 0.1115 0.6253 0.2177 
1081 0.0143 0.1707 0.7788 0.0363 
1082 0.0727 0.2174 0.6105 0.0994 
1083 0.0238 0.0770 0.8221 0.0771 
1084 0.1637 0.1107 0.5602 0.1653 
1085 0.0164 0.0841 0.8712 0.0283 
1086 0.0331 0.0384 0.8866 0.0419 
1087 0.0194 0.0839 0.8681 0.0285 
1088 0.0209 0.0671 0.8814 0.0306 
1089 0.0137 0.2099 0.7441 0.0323 
1090 0.0192 0.1562 0.7813 0.0433 
1091 0.0245 0.0909 0.8190 0.0657 
1092 0.0232 0.1678 0.7707 0.0383 
1093 0.0379 0.0623 0.7791 0.1207 
1094 0.0241 0.5753 0.2828 0.1179 
1095 0.0174 0.6494 0.2944 0.0388 
1096 0.0225 0.1268 0.7632 0.0876 
1097 0.0183 0.5849 0.3666 0.0302 
1098 0.1399 0.0468 0.7742 0.0391 
1099 0.2916 0.0499 0.5289 0.1296 
1100 0.0182 0.0970 0.8485 0.0364 
1101 0.0191 0.0753 0.8723 0.0333 
1102 0.0227 0.1894 0.7421 0.0457 
1103 0.0161 0.0830 0.8258 0.0750 
1104 0.0478 0.0623 0.8454 0.0445 
1105 0.0231 0.0768 0.8529 0.0472 
1106 0.0333 0.1163 0.7080 0.1424 
1107 0.0154 0.1523 0.7638 0.0685 
1108 0.0157 0.6465 0.2864 0.0515 
1109 0.0207 0.4727 0.4606 0.0460 
1110 0.0753 0.0526 0.2594 0.6126 
1111 0.1824 0.0330 0.2541 0.5305 
1112 0.0513 0.1996 0.0646 0.6844 
1113 0.3905 0.1543 0.1718 0.2834 
1114 0.1012 0.3636 0.2430 0.2922 
1115 0.6892 0.0671 0.0880 0.1557 
1116 0.0307 0.0652 0.0889 0.8152 
1117 0.0644 0.5169 0.1982 0.2204 
1118 0.0450 0.0708 0.0739 0.8103 
1119 0.3710 0.3208 0.1242 0.1840 
1120 0.5231 0.0963 0.0943 0.2862 
1121 0.0370 0.3538 0.0932 0.5160 
1122 0.0237 0.2043 0.2790 0.4930 
1123 0.0415 0.2234 0.4516 0.2835 
1124 0.0440 0.0710 0.0750 0.8099 
1125 0.0449 0.1228 0.2437 0.5886 
1126 0.0406 0.3478 0.1145 0.4971 
1127 0.1560 0.2161 0.1038 0.5240 
1128 0.1577 0.0488 0.1070 0.6865 
1129 0.2338 0.2066 0.2972 0.2624 
1130 0.1416 0.1457 0.4293 0.2833 
1131 0.0478 0.6220 0.1612 0.1691 
1132 0.5242 0.1341 0.0783 0.2634 
1133 0.0221 0.0976 0.1179 0.7624 
1134 0.0599 0.0443 0.0790 0.8167 
1135 0.1227 0.2763 0.4688 0.1322 
1136 0.1748 0.5952 0.1148 0.1151 
1137 0.0473 0.0659 0.1851 0.7017 
1138 0.1408 0.1623 0.3154 0.3815 
1139 0.0714 0.0534 0.0790 0.7962 
1140 0.0321 0.2306 0.3053 0.4320 
1141 0.1010 0.2346 0.3756 0.2888 
1142 0.0872 0.6067 0.1726 0.1335 
1143 0.0250 0.1150 0.4074 0.4526 
1144 0.4412 0.1201 0.1083 0.3305 
1145 0.3715 0.3327 0.1306 0.1652 
1146 0.0270 0.3849 0.1449 0.4432 
1147 0.1148 0.1629 0.5952 0.1271 
1148 0.0194 0.7860 0.1215 0.0730 
1149 0.1183 0.1495 0.1777 0.5545 
1150 0.3438 0.1047 0.2640 0.2875 
1151 0.0488 0.2126 0.0843 0.6544 
1152 0.1292 0.3311 0.3159 0.2238 
1153 0.1852 0.5594 0.1557 0.0997 
1154 0.0361 0.3312 0.2033 0.4294 
1155 0.3172 0.2046 0.1435 0.3346 
1156 0.4497 0.0789 0.0866 0.3848 
1157 0.2050 0.4918 0.0873 0.2159 
1158 0.1142 0.1629 0.1042 0.6187 
1159 0.0264 0.0844 0.8449 0.0443 
1160 0.0376 0.0928 0.8211 0.0485 
1161 0.0335 0.0403 0.8536 0.0726 
1162 0.2758 0.1227 0.4135 0.1880 
1163 0.0227 0.0684 0.2837 0.6251 
1164 0.0658 0.2195 0.4927 0.2220 
1165 0.0182 0.0606 0.8621 0.0591 
1166 0.0274 0.0519 0.5215 0.3992 
1167 0.0150 0.0884 0.8554 0.0412 
1168 0.0379 0.1562 0.7317 0.0743 
1169 0.0236 0.0819 0.7768 0.1177 
1170 0.0455 0.4799 0.4117 0.0630 
1171 0.0184 0.2182 0.6189 0.1446 
1172 0.0139 0.1275 0.7886 0.0700 
1173 0.0268 0.0820 0.8116 0.0796 
1174 0.0163 0.0518 0.8883 0.0437 
1175 0.0606 0.0930 0.7913 0.0551 
1176 0.0256 0.1024 0.6693 0.2028 
