   1 0.0111 0.0202 0.0356 0.2541 0.3299 0.1855 0.1637 
   2 0.0091 0.0059 0.0670 0.0861 0.1101 0.3772 0.3446 
   3 0.0208 0.0072 0.0146 0.1808 0.4263 0.1664 0.1838 
   4 0.0254 0.0561 0.0236 0.4405 0.1107 0.1921 0.1515 
   5 0.0112 0.0107 0.1150 0.0830 0.1442 0.3785 0.2574 
   6 0.0170 0.0076 0.0161 0.0861 0.5750 0.2149 0.0832 
   7 0.0125 0.0075 0.0364 0.0753 0.2118 0.5956 0.0610 
   8 0.0624 0.2068 0.0219 0.1775 0.1987 0.2236 0.1090 
   9 0.0853 0.0064 0.0449 0.1435 0.2413 0.2579 0.2207 
  10 0.0162 0.1820 0.0302 0.1039 0.2350 0.3598 0.0730 
  11 0.0066 0.0078 0.0479 0.0738 0.2890 0.5115 0.0634 
  12 0.0127 0.0062 0.0508 0.1466 0.1528 0.3885 0.2426 
  13 0.0200 0.0081 0.0397 0.1455 0.2041 0.4371 0.1454 
  14 0.0063 0.0338 0.0218 0.1112 0.1952 0.2214 0.4105 
  15 0.0121 0.0124 0.0279 0.2666 0.1781 0.3240 0.1790 
  16 0.0078 0.0070 0.0376 0.1120 0.4746 0.2565 0.1045 
  17 0.0547 0.0077 0.0446 0.1223 0.3086 0.2842 0.1779 
  18 0.0724 0.0086 0.0260 0.1511 0.2982 0.2094 0.2344 
  19 0.0150 0.0065 0.0292 0.1138 0.4293 0.3034 0.1029 
  20 0.0109 0.0070 0.0474 0.1311 0.2149 0.4121 0.1766 
  21 0.0088 0.0152 0.0280 0.2348 0.1820 0.2132 0.3180 
  22 0.0292 0.0077 0.0200 0.1405 0.5025 0.1882 0.1119 
  23 0.0146 0.0337 0.0513 0.2353 0.1304 0.1749 0.3597 
  24 0.0096 0.0076 0.0307 0.2634 0.3425 0.2063 0.1399 
  25 0.0127 0.0082 0.0336 0.0583 0.2607 0.5293 0.0972 
  26 0.0327 0.0066 0.0358 0.2185 0.2737 0.2505 0.1821 
  27 0.0134 0.0071 0.0530 0.1558 0.2842 0.3049 0.1816 
  28 0.0090 0.1105 0.0260 0.2596 0.2364 0.2534 0.1051 
  29 0.0068 0.0058 0.0515 0.1069 0.1513 0.4769 0.2008 
  30 0.0098 0.0060 0.0240 0.1061 0.5282 0.1611 0.1648 
  31 0.0270 0.1668 0.0392 0.0853 0.1640 0.3254 0.1923 
  32 0.0112 0.0201 0.0230 0.2110 0.2588 0.2607 0.2152 
  33 0.0109 0.0059 0.0231 0.2007 0.3366 0.2400 0.1828 
  34 0.0118 0.1528 0.0809 0.0652 0.2447 0.3801 0.0645 
  35 0.0443 0.0057 0.0664 0.0781 0.2690 0.1847 0.3518 
  36 0.0065 0.0101 0.0185 0.0780 0.3419 0.1344 0.4106 
  37 0.0200 0.0095 0.0197 0.2178 0.1425 0.3183 0.2722 
  38 0.0063 0.0059 0.0481 0.0598 0.5388 0.1907 0.1505 
  39 0.0123 0.0061 0.0476 0.0981 0.3316 0.2914 0.2129 
  40 0.0066 0.0075 0.0279 0.1321 0.1780 0.1240 0.5239 
  41 0.0114 0.0087 0.0538 0.0731 0.2750 0.1977 0.3804 
  42 0.0069 0.0070 0.0393 0.3635 0.2288 0.1321 0.2225 
  43 0.0162 0.0140 0.0260 0.1159 0.1010 0.2536 0.4733 
  44 0.0228 0.0050 0.0223 0.0619 0.1983 0.1617 0.5280 
  45 0.0082 0.0054 0.0493 0.0598 0.2751 0.2139 0.3882 
  46 0.0393 0.0055 0.0317 0.0870 0.3280 0.2809 0.2277 
  47 0.1370 0.0150 0.0447 0.1147 0.2445 0.2429 0.2011 
  48 0.0266 0.0048 0.0271 0.0628 0.1941 0.1114 0.5732 
  49 0.0199 0.0072 0.0741 0.1092 0.2796 0.2250 0.2851 
  50 0.0369 0.0702 0.0324 0.0791 0.3109 0.3342 0.1364 
  51 0.0050 0.0072 0.0221 0.0618 0.1757 0.1026 0.6255 
  52 0.0192 0.0059 0.0586 0.1269 0.3243 0.2862 0.1789 
  53 0.0103 0.0249 0.0235 0.0891 0.5386 0.1788 0.1349 
  54 0.0309 0.0077 0.0463 0.1244 0.1133 0.2773 0.4001 
  55 0.0136 0.0060 0.0254 0.0808 0.1044 0.1848 0.5851 
  56 0.0158 0.0056 0.0534 0.1114 0.2795 0.1076 0.4266 
  57 0.0673 0.0258 0.0548 0.2527 0.2234 0.2882 0.0878 
  58 0.0082 0.0072 0.0515 0.0963 0.1661 0.2299 0.4408 
  59 0.0084 0.0058 0.1223 0.0968 0.3365 0.1654 0.2649 
  60 0.0063 0.0169 0.0170 0.1371 0.1410 0.1398 0.5420 
  61 0.0057 0.0077 0.0198 0.1036 0.0595 0.1491 0.6545 
  62 0.0571 0.0050 0.2655 0.0973 0.2130 0.2175 0.1446 
  63 0.0067 0.0070 0.0257 0.1545 0.1413 0.3476 0.3171 
  64 0.0125 0.0054 0.0464 0.0719 0.5207 0.1975 0.1455 
  65 0.0081 0.0062 0.0348 0.0543 0.1173 0.6659 0.1133 
  66 0.0069 0.0249 0.0248 0.1693 0.0985 0.2896 0.3860 
  67 0.0137 0.0063 0.0255 0.0670 0.0907 0.2478 0.5491 
  68 0.0114 0.0066 0.0870 0.1203 0.3283 0.1744 0.2719 
  69 0.0063 0.3674 0.0768 0.0544 0.2722 0.1314 0.0914 
  70 0.0057 0.0175 0.0234 0.1029 0.1973 0.2538 0.3993 
  71 0.0068 0.0079 0.0847 0.0510 0.2720 0.1807 0.3970 
  72 0.0094 0.0108 0.0187 0.0663 0.4295 0.2088 0.2564 
  73 0.0079 0.0087 0.0981 0.0585 0.0980 0.2431 0.4857 
  74 0.0074 0.0064 0.0197 0.1479 0.3645 0.1216 0.3325 
  75 0.0078 0.0122 0.0241 0.1456 0.2303 0.0953 0.4846 
  76 0.0089 0.0068 0.0181 0.0859 0.1149 0.4149 0.3506 
  77 0.0059 0.0052 0.0607 0.0708 0.2970 0.2440 0.3165 
  78 0.0063 0.0059 0.0661 0.0748 0.3996 0.1773 0.2699 
  79 0.0075 0.0077 0.0237 0.0818 0.1620 0.6405 0.0766 
  80 0.0107 0.0105 0.0209 0.5111 0.0999 0.2360 0.1110 
  81 0.0119 0.0129 0.0193 0.3981 0.1237 0.3394 0.0948 
  82 0.0076 0.0086 0.0443 0.1647 0.1078 0.3944 0.2727 
  83 0.0083 0.0162 0.0175 0.2541 0.1934 0.3277 0.1828 
  84 0.0068 0.0129 0.0185 0.2493 0.1402 0.4689 0.1035 
  85 0.0077 0.0201 0.0168 0.2941 0.2490 0.2662 0.1462 
  86 0.0129 0.0064 0.0473 0.0806 0.1589 0.3450 0.3490 
  87 0.0084 0.0233 0.0263 0.0826 0.1388 0.6044 0.1162 
  88 0.0095 0.0089 0.0216 0.3012 0.1042 0.4216 0.1330 
  89 0.0134 0.0486 0.0182 0.3181 0.0964 0.3434 0.1619 
  90 0.0069 0.0077 0.0230 0.0940 0.0940 0.6879 0.0864 
  91 0.0080 0.0167 0.0143 0.4520 0.1728 0.1991 0.1372 
  92 0.0087 0.0089 0.0236 0.1389 0.1391 0.5609 0.1200 
  93 0.0068 0.1134 0.0180 0.5540 0.0806 0.1315 0.0957 
  94 0.0063 0.0103 0.0359 0.0765 0.2209 0.5644 0.0857 
  95 0.0074 0.0078 0.0233 0.2122 0.0763 0.5731 0.0999 
  96 0.0064 0.0102 0.0193 0.1941 0.0674 0.1716 0.5309 
  97 0.0102 0.0073 0.0253 0.1749 0.2825 0.1274 0.3724 
  98 0.0057 0.0065 0.0353 0.1089 0.1556 0.2435 0.4445 
  99 0.0072 0.0126 0.0199 0.2281 0.1073 0.5282 0.0968 
 100 0.0116 0.0085 0.0211 0.5231 0.0635 0.1425 0.2297 
 101 0.0110 0.1205 0.0225 0.0953 0.1190 0.4457 0.1860 
 102 0.0083 0.0237 0.0380 0.3212 0.1251 0.2975 0.1862 
 103 0.0094 0.0693 0.0267 0.1253 0.0758 0.4103 0.2831 
 104 0.0066 0.0193 0.0355 0.1058 0.0879 0.6312 0.1136 
 105 0.0083 0.0649 0.0783 0.1233 0.0692 0.5067 0.1493 
 106 0.0063 0.0050 0.0291 0.0452 0.1929 0.6330 0.0885 
 107 0.0128 0.0330 0.0448 0.1312 0.0784 0.4959 0.2039 
 108 0.0051 0.0090 0.0169 0.0632 0.1745 0.1668 0.5645 
 109 0.0074 0.0099 0.2339 0.0446 0.1877 0.3777 0.1388 
 110 0.0078 0.0087 0.0476 0.0492 0.2065 0.6089 0.0713 
 111 0.0072 0.0076 0.0909 0.0679 0.0708 0.6639 0.0917 
 112 0.0052 0.0062 0.3271 0.0507 0.1088 0.4183 0.0838 
 113 0.0114 0.0142 0.0357 0.0952 0.1716 0.2865 0.3854 
 114 0.0056 0.0257 0.0629 0.1265 0.0810 0.5952 0.1031 
 115 0.0148 0.0064 0.0831 0.0878 0.1026 0.4673 0.2380 
 116 0.0078 0.0054 0.0408 0.0495 0.2272 0.4480 0.2213 
 117 0.0146 0.0127 0.1146 0.0680 0.1794 0.5237 0.0870 
 118 0.0066 0.0061 0.0937 0.0708 0.0983 0.4357 0.2889 
 119 0.0056 0.0160 0.0157 0.2000 0.0957 0.2422 0.4247 
 120 0.0090 0.0093 0.1175 0.0886 0.1066 0.5012 0.1679 
 121 0.0787 0.0121 0.1399 0.0590 0.1107 0.3825 0.2171 
 122 0.0052 0.0117 0.0552 0.0575 0.1727 0.6042 0.0936 
 123 0.0075 0.0105 0.0526 0.0809 0.1196 0.6003 0.1286 
 124 0.0247 0.0063 0.0755 0.0652 0.2634 0.3791 0.1858 
 125 0.0093 0.0095 0.1213 0.0772 0.4471 0.2278 0.1079 
 126 0.0049 0.0064 0.0281 0.0953 0.1600 0.4929 0.2125 
 127 0.0106 0.0061 0.0737 0.0731 0.0659 0.6577 0.1129 
 128 0.0060 0.0058 0.0726 0.0729 0.0838 0.4985 0.2603 
 129 0.0114 0.0212 0.0374 0.0498 0.0702 0.6436 0.1666 
 130 0.0112 0.0317 0.0922 0.1299 0.0869 0.5364 0.1116 
 131 0.0197 0.0228 0.0777 0.0493 0.3673 0.3169 0.1463 
 132 0.0069 0.0100 0.0332 0.0480 0.1349 0.6365 0.1305 
 133 0.0108 0.0171 0.0450 0.0902 0.0877 0.5829 0.1664 
 134 0.0054 0.0046 0.0756 0.0395 0.1292 0.6852 0.0605 
 135 0.0093 0.0074 0.0528 0.4406 0.0829 0.1119 0.2951 
 136 0.0099 0.0238 0.0362 0.6417 0.1033 0.0960 0.0891 
 137 0.0070 0.0299 0.0434 0.6366 0.0756 0.1352 0.0723 
 138 0.0077 0.0085 0.0154 0.6986 0.0913 0.0893 0.0892 
 139 0.0069 0.0206 0.0283 0.1964 0.0973 0.1305 0.5201 
 140 0.0080 0.0404 0.0225 0.3870 0.1304 0.2220 0.1897 
 141 0.0105 0.1410 0.0363 0.3992 0.1679 0.1141 0.1309 
 142 0.0084 0.0314 0.0386 0.3560 0.0765 0.1087 0.3805 
 143 0.0063 0.0076 0.0142 0.7514 0.0610 0.0810 0.0786 
 144 0.0069 0.0102 0.0413 0.6713 0.0649 0.1292 0.0763 
 145 0.0130 0.0196 0.0577 0.4325 0.1839 0.1235 0.1699 
 146 0.0146 0.0230 0.0269 0.4345 0.1456 0.2351 0.1203 
 147 0.0074 0.0186 0.0162 0.7379 0.0711 0.0835 0.0654 
 148 0.0073 0.1643 0.0399 0.3215 0.1085 0.1729 0.1855 
 149 0.0073 0.3273 0.0270 0.1853 0.1014 0.0960 0.2557 
 150 0.0097 0.0293 0.0549 0.4783 0.0855 0.2275 0.1148 
 151 0.0075 0.0086 0.0184 0.6678 0.0719 0.1252 0.1005 
 152 0.0086 0.0509 0.0402 0.3787 0.1493 0.1385 0.2337 
 153 0.0066 0.0248 0.0202 0.5755 0.1154 0.1222 0.1353 
 154 0.0091 0.4562 0.0326 0.1362 0.0985 0.0976 0.1698 
 155 0.0070 0.0095 0.0154 0.7004 0.0662 0.1176 0.0840 
 156 0.0057 0.0086 0.0244 0.5495 0.0602 0.1231 0.2285 
 157 0.0057 0.0318 0.0173 0.5605 0.0870 0.2252 0.0726 
 158 0.0116 0.0219 0.0586 0.4917 0.1801 0.1143 0.1219 
 159 0.0089 0.2133 0.0222 0.5260 0.0664 0.0842 0.0790 
 160 0.0120 0.2182 0.0255 0.4937 0.0668 0.0904 0.0934 
 161 0.0068 0.0193 0.0217 0.5166 0.1363 0.1573 0.1420 
 162 0.0250 0.0217 0.0291 0.3762 0.1440 0.2517 0.1524 
 163 0.0061 0.0091 0.0153 0.6976 0.0647 0.1027 0.1044 
 164 0.0152 0.3267 0.0212 0.1899 0.0907 0.2417 0.1146 
 165 0.0085 0.0106 0.0536 0.5645 0.0732 0.1970 0.0926 
 166 0.0060 0.3892 0.0146 0.1500 0.0905 0.1979 0.1518 
 167 0.0193 0.5509 0.0205 0.1111 0.1084 0.1268 0.0630 
 168 0.0078 0.0145 0.0177 0.5535 0.1549 0.1135 0.1380 
 169 0.0134 0.0158 0.0620 0.3074 0.3903 0.0997 0.1115 
 170 0.0067 0.0113 0.0179 0.4767 0.0753 0.1512 0.2608 
 171 0.0087 0.0305 0.0191 0.4260 0.1520 0.1830 0.1808 
 172 0.0077 0.0687 0.0310 0.3012 0.2424 0.0894 0.2596 
 173 0.0093 0.0188 0.0207 0.6783 0.0683 0.0945 0.1100 
 174 0.0077 0.0288 0.0173 0.6598 0.0787 0.1309 0.0769 
 175 0.0089 0.0088 0.0198 0.6785 0.0955 0.0921 0.0964 
 176 0.0065 0.0100 0.0418 0.6733 0.0655 0.1274 0.0755 
 177 0.0077 0.0268 0.0225 0.4505 0.1433 0.2579 0.0912 
 178 0.0096 0.0382 0.0217 0.5667 0.1245 0.1537 0.0856 
 179 0.0076 0.1060 0.0140 0.6274 0.0700 0.0923 0.0827 
 180 0.0186 0.0901 0.0287 0.4309 0.1464 0.1554 0.1299 
 181 0.0113 0.0157 0.0339 0.4958 0.1099 0.1166 0.2168 
 182 0.0117 0.0102 0.0237 0.6251 0.0625 0.1017 0.1652 
 183 0.0079 0.0171 0.0157 0.6940 0.0729 0.0940 0.0984 
 184 0.0209 0.0059 0.0310 0.0788 0.1512 0.2676 0.4447 
 185 0.0059 0.0080 0.0226 0.5859 0.0568 0.0722 0.2486 
 186 0.0153 0.0063 0.0189 0.0776 0.1060 0.5215 0.2544 
 187 0.0081 0.0115 0.0177 0.2582 0.1028 0.2098 0.3917 
 188 0.0150 0.0062 0.0214 0.0578 0.0918 0.4874 0.3205 
 189 0.0070 0.0120 0.0164 0.2401 0.3096 0.1409 0.2740 
 190 0.0048 0.0063 0.0196 0.1539 0.0478 0.0830 0.6846 
 191 0.0094 0.0085 0.0398 0.1149 0.0877 0.2641 0.4756 
 192 0.0081 0.0079 0.0218 0.2815 0.1013 0.3152 0.2642 
 193 0.0072 0.0088 0.0385 0.2123 0.1342 0.2155 0.3835 
 194 0.0111 0.0088 0.0194 0.2439 0.0935 0.2791 0.3442 
 195 0.0071 0.0079 0.0159 0.2782 0.0602 0.1044 0.5263 
 196 0.0053 0.0068 0.0220 0.1441 0.0630 0.1249 0.6339 
 197 0.0130 0.0075 0.0275 0.1799 0.2068 0.2949 0.2704 
 198 0.0062 0.0112 0.0198 0.1695 0.1842 0.3347 0.2744 
 199 0.0071 0.0067 0.0253 0.1322 0.0789 0.1301 0.6197 
 200 0.0052 0.0068 0.0360 0.1301 0.1197 0.1293 0.5729 
 201 0.0068 0.0091 0.0171 0.4286 0.0699 0.1239 0.3446 
 202 0.0063 0.0067 0.0219 0.4270 0.0606 0.1236 0.3540 
 203 0.0068 0.0080 0.0265 0.4028 0.0607 0.1185 0.3767 
 204 0.0076 0.0072 0.0183 0.1284 0.0540 0.1286 0.6559 
 205 0.0066 0.0075 0.0194 0.1017 0.0878 0.1663 0.6107 
 206 0.0094 0.0086 0.0185 0.1576 0.0676 0.1470 0.5912 
 207 0.0073 0.0055 0.0322 0.0878 0.0597 0.1844 0.6231 
 208 0.0060 0.0089 0.0214 0.2307 0.0623 0.1349 0.5357 
 209 0.0080 0.0077 0.0382 0.1466 0.0934 0.2304 0.4757 
 210 0.0062 0.0078 0.0199 0.1630 0.0653 0.1801 0.5576 
 211 0.0099 0.0050 0.0959 0.1954 0.0584 0.1670 0.4686 
 212 0.0064 0.0082 0.0210 0.4573 0.1002 0.1222 0.2847 
 213 0.0071 0.0062 0.0212 0.1282 0.0925 0.2680 0.4768 
 214 0.0066 0.0065 0.0284 0.4425 0.0670 0.1081 0.3411 
 215 0.0061 0.0069 0.0274 0.0795 0.0784 0.1894 0.6125 
 216 0.0175 0.0065 0.0320 0.1095 0.1734 0.2818 0.3793 
 217 0.0071 0.0077 0.0182 0.3310 0.0836 0.1024 0.4500 
 218 0.0096 0.0077 0.0221 0.1364 0.0917 0.2087 0.5239 
 219 0.0235 0.0089 0.0184 0.2719 0.2316 0.1972 0.2484 
 220 0.0077 0.0076 0.0228 0.0966 0.0604 0.1831 0.6218 
 221 0.0059 0.0069 0.0186 0.4800 0.0556 0.0805 0.3526 
 222 0.0188 0.0084 0.0205 0.1624 0.2245 0.2886 0.2769 
 223 0.0069 0.0120 0.0183 0.3427 0.1379 0.1833 0.2990 
 224 0.0106 0.0092 0.0212 0.3317 0.0693 0.1466 0.4114 
 225 0.0070 0.0076 0.0206 0.1338 0.0758 0.1566 0.5986 
 226 0.0083 0.0107 0.0265 0.1522 0.2287 0.1428 0.4308 
 227 0.0072 0.0090 0.0179 0.1924 0.0632 0.1451 0.5652 
 228 0.0066 0.0085 0.0200 0.2325 0.0559 0.0893 0.5872 
 229 0.0127 0.0083 0.0217 0.3594 0.0717 0.1873 0.3389 
 230 0.0111 0.0074 0.0286 0.2546 0.0627 0.1642 0.4714 
 231 0.0087 0.0089 0.0319 0.3147 0.1083 0.1889 0.3386 
 232 0.0102 0.0071 0.0239 0.2536 0.1219 0.2126 0.3706 
 233 0.0067 0.0071 0.0254 0.5309 0.0692 0.1127 0.2479 
 234 0.0063 0.0083 0.0293 0.2346 0.1500 0.3048 0.2667 
 235 0.0078 0.0103 0.0174 0.2577 0.1222 0.1455 0.4391 
 236 0.0065 0.0069 0.0329 0.3701 0.0990 0.1553 0.3294 
 237 0.0066 0.0059 0.0477 0.1091 0.0765 0.1901 0.5642 
 238 0.0065 0.0070 0.0217 0.4376 0.0786 0.1568 0.2919 
 239 0.0073 0.0085 0.0156 0.2763 0.0603 0.1039 0.5281 
 240 0.0062 0.0067 0.0217 0.4380 0.0777 0.1574 0.2923 
 241 0.0086 0.0099 0.0198 0.4334 0.0772 0.1249 0.3262 
 242 0.0111 0.0107 0.0184 0.1709 0.1504 0.1697 0.4688 
 243 0.0051 0.0061 0.0250 0.1465 0.0521 0.0983 0.6669 
 244 0.0078 0.0070 0.0288 0.3394 0.0622 0.1253 0.4294 
 245 0.0058 0.0082 0.0149 0.5728 0.0649 0.1190 0.2143 
 246 0.0070 0.0071 0.0180 0.3282 0.0838 0.1012 0.4547 
 247 0.0059 0.0057 0.0213 0.0670 0.1177 0.4949 0.2874 
 248 0.0061 0.0054 0.0377 0.0763 0.0816 0.2525 0.5404 
 249 0.0088 0.0069 0.0267 0.3327 0.0662 0.1474 0.4114 
 250 0.0092 0.0074 0.0303 0.2765 0.0933 0.2051 0.3782 
 251 0.0063 0.0083 0.0386 0.1194 0.2144 0.1866 0.4264 
 252 0.0087 0.0090 0.0164 0.2155 0.0924 0.1686 0.4894 
 253 0.0067 0.0068 0.0221 0.1007 0.1329 0.2749 0.4558 
 254 0.0169 0.0072 0.0230 0.1749 0.1642 0.2513 0.3625 
 255 0.0090 0.0097 0.0255 0.2328 0.1203 0.2636 0.3391 
 256 0.0068 0.0079 0.0240 0.2405 0.0799 0.1278 0.5131 
 257 0.0204 0.0135 0.0252 0.1610 0.0837 0.1913 0.5050 
 258 0.0050 0.0074 0.0274 0.1210 0.1051 0.2679 0.4661 
 259 0.0115 0.0072 0.0291 0.1713 0.0861 0.2250 0.4698 
 260 0.0156 0.0067 0.0243 0.3532 0.1816 0.2273 0.1912 
 261 0.0068 0.0083 0.0162 0.2891 0.0916 0.1293 0.4587 
 262 0.0055 0.0067 0.0183 0.2209 0.0594 0.0816 0.6076 
 263 0.0190 0.0062 0.0313 0.0981 0.0925 0.2054 0.5476 
 264 0.0280 0.0052 0.0316 0.0604 0.3697 0.2427 0.2624 
 265 0.0066 0.0088 0.0200 0.2013 0.1332 0.1703 0.4599 
 266 0.0059 0.0066 0.0185 0.4936 0.0561 0.0825 0.3368 
 267 0.0071 0.0071 0.0440 0.2459 0.1075 0.2261 0.3622 
 268 0.0053 0.0066 0.0221 0.1471 0.0636 0.1236 0.6317 
 269 0.0067 0.0093 0.0219 0.2410 0.2641 0.1647 0.2923 
 270 0.0165 0.0145 0.0319 0.1074 0.1440 0.3090 0.3766 
 271 0.0058 0.0078 0.0288 0.1074 0.0974 0.2061 0.5467 
 272 0.0068 0.0092 0.0321 0.1099 0.1654 0.1411 0.5356 
 273 0.0468 0.1065 0.0460 0.1964 0.1436 0.2046 0.2562 
 274 0.0074 0.0088 0.0247 0.1395 0.1453 0.1958 0.4785 
 275 0.0112 0.0495 0.0422 0.1459 0.1467 0.1488 0.4558 
 276 0.0083 0.0078 0.0377 0.0963 0.1395 0.1533 0.5571 
 277 0.0081 0.0105 0.0195 0.2870 0.1427 0.1991 0.3331 
 278 0.0050 0.0063 0.0277 0.0986 0.0784 0.1522 0.6319 
 279 0.0075 0.0084 0.0263 0.1942 0.1162 0.1880 0.4593 
 280 0.0076 0.0067 0.0230 0.1676 0.1890 0.1479 0.4582 
 281 0.0077 0.0091 0.0229 0.1472 0.1089 0.2663 0.4381 
 282 0.0067 0.0073 0.0228 0.4731 0.1217 0.1632 0.2052 
 283 0.0085 0.0082 0.0184 0.4991 0.0732 0.1546 0.2380 
 284 0.0056 0.0182 0.0338 0.2564 0.1035 0.2437 0.3389 
 285 0.0061 0.0052 0.0332 0.0516 0.0941 0.2289 0.5809 
 286 0.0079 0.0067 0.0307 0.3366 0.0625 0.1241 0.4316 
 287 0.0091 0.0120 0.0170 0.2140 0.1870 0.2345 0.3265 
 288 0.0089 0.0090 0.0264 0.1070 0.1456 0.1632 0.5401 
 289 0.0116 0.0361 0.0301 0.0924 0.1136 0.2436 0.4725 
 290 0.0183 0.0051 0.0427 0.1258 0.1811 0.1285 0.4986 
 291 0.0058 0.0080 0.0282 0.1083 0.0972 0.2046 0.5478 
 292 0.0068 0.0068 0.0185 0.1763 0.1543 0.1188 0.5185 
 293 0.0096 0.0051 0.0493 0.0921 0.2756 0.1788 0.3895 
 294 0.0266 0.0061 0.0231 0.0773 0.0924 0.1909 0.5836 
 295 0.0087 0.0366 0.0509 0.0991 0.1744 0.1829 0.4473 
 296 0.0079 0.0071 0.0248 0.1008 0.0744 0.1952 0.5899 
 297 0.0100 0.0069 0.0222 0.1195 0.1974 0.1976 0.4462 
 298 0.0101 0.0084 0.0213 0.3793 0.1129 0.2322 0.2359 
 299 0.0366 0.0078 0.0214 0.1212 0.1108 0.2786 0.4237 
 300 0.0087 0.0056 0.0279 0.0738 0.0774 0.1714 0.6351 
 301 0.0157 0.0137 0.0368 0.1052 0.2063 0.2228 0.3994 
 302 0.0154 0.0132 0.0307 0.0788 0.0990 0.1612 0.6018 
 303 0.0086 0.0071 0.0252 0.3279 0.1008 0.1404 0.3900 
 304 0.0167 0.0169 0.0305 0.3827 0.1933 0.2393 0.1207 
 305 0.0069 0.0193 0.0205 0.1753 0.0687 0.1067 0.6027 
 306 0.0079 0.0093 0.0179 0.3550 0.1163 0.1174 0.3762 
 307 0.0100 0.0089 0.0309 0.2566 0.1203 0.2035 0.3699 
 308 0.0064 0.0083 0.0172 0.2924 0.0913 0.1295 0.4549 
 309 0.0286 0.0406 0.0493 0.0964 0.0686 0.2232 0.4932 
 310 0.0060 0.0068 0.0226 0.2125 0.0605 0.1059 0.5857 
 311 0.0108 0.0073 0.0283 0.2553 0.0630 0.1650 0.4701 
 312 0.0066 0.0071 0.0206 0.0955 0.0569 0.2059 0.6074 
 313 0.0068 0.0060 0.0223 0.0634 0.0641 0.1577 0.6798 
 314 0.0060 0.1494 0.0177 0.5401 0.0742 0.0786 0.1341 
 315 0.0056 0.2224 0.0147 0.4447 0.0942 0.0911 0.1273 
 316 0.0066 0.5357 0.0139 0.2016 0.0846 0.0890 0.0687 
 317 0.0066 0.1716 0.0174 0.5703 0.0738 0.0828 0.0775 
 318 0.0068 0.4633 0.0140 0.3088 0.0710 0.0798 0.0562 
 319 0.0072 0.0076 0.0151 0.7490 0.0611 0.0818 0.0781 
 320 0.0061 0.1531 0.0180 0.5365 0.0731 0.0792 0.1340 
 321 0.0066 0.3917 0.0164 0.3546 0.0760 0.0826 0.0721 
 322 0.0082 0.1971 0.0176 0.4438 0.1023 0.0994 0.1315 
 323 0.0203 0.1465 0.0143 0.5982 0.0707 0.0849 0.0652 
 324 0.0067 0.3868 0.0169 0.3580 0.0764 0.0826 0.0726 
 325 0.0056 0.5808 0.0135 0.1717 0.0808 0.0846 0.0630 
 326 0.0060 0.6667 0.0135 0.0970 0.0743 0.0833 0.0592 
 327 0.0071 0.1720 0.0184 0.5692 0.0740 0.0820 0.0774 
 328 0.0060 0.2181 0.0155 0.4406 0.1024 0.1024 0.1150 
 329 0.0063 0.0221 0.0141 0.7506 0.0681 0.0812 0.0577 
 330 0.0067 0.1730 0.0173 0.5710 0.0738 0.0815 0.0767 
 331 0.0065 0.1172 0.0140 0.6472 0.0679 0.0841 0.0631 
 332 0.0081 0.6603 0.0131 0.0993 0.0760 0.0845 0.0587 
 333 0.0071 0.5529 0.0138 0.1717 0.0776 0.0945 0.0824 
 334 0.0066 0.2181 0.0158 0.4408 0.1016 0.1009 0.1161 
 335 0.0062 0.0627 0.0151 0.6105 0.0976 0.0986 0.1094 
 336 0.0088 0.5798 0.0135 0.1549 0.0719 0.0781 0.0930 
 337 0.0057 0.5027 0.0167 0.2077 0.0893 0.0898 0.0881 
 338 0.0066 0.6212 0.0134 0.1529 0.0708 0.0804 0.0548 
 339 0.0065 0.1160 0.0138 0.6474 0.0685 0.0841 0.0637 
 340 0.0064 0.0273 0.0131 0.7480 0.0600 0.0802 0.0649 
 341 0.0156 0.2908 0.0161 0.4556 0.0683 0.0858 0.0679 
 342 0.0069 0.1697 0.0182 0.5715 0.0737 0.0824 0.0776 
 343 0.0147 0.1960 0.0167 0.4139 0.1015 0.0923 0.1649 
 344 0.0067 0.1167 0.0138 0.6565 0.0680 0.0821 0.0563 
 345 0.0071 0.1670 0.0177 0.5757 0.0735 0.0820 0.0770 
 346 0.0068 0.2065 0.0159 0.5550 0.0710 0.0802 0.0646 
 347 0.0064 0.0278 0.0134 0.7560 0.0597 0.0782 0.0585 
 348 0.0056 0.0484 0.0153 0.5546 0.0927 0.0913 0.1920 
 349 0.0068 0.1650 0.0181 0.5777 0.0738 0.0812 0.0774 
 350 0.0065 0.0186 0.0148 0.7085 0.0682 0.0821 0.1013 
 351 0.0063 0.0617 0.0154 0.6111 0.0998 0.0974 0.1082 
 352 0.0060 0.2871 0.0177 0.3846 0.0966 0.0946 0.1135 
 353 0.0086 0.5807 0.0136 0.1524 0.0730 0.0783 0.0935 
 354 0.0093 0.1581 0.0153 0.6026 0.0706 0.0840 0.0599 
 355 0.0068 0.4648 0.0143 0.3057 0.0717 0.0804 0.0562 
 356 0.0050 0.0119 0.0147 0.5726 0.0925 0.0921 0.2111 
 357 0.0058 0.0198 0.0188 0.4275 0.2736 0.1585 0.0960 
 358 0.0065 0.5386 0.0143 0.2041 0.0820 0.0892 0.0654 
 359 0.0071 0.4532 0.0135 0.2974 0.0708 0.0878 0.0701 
 360 0.0068 0.2078 0.0159 0.5545 0.0702 0.0814 0.0635 
 361 0.0056 0.0154 0.0217 0.3817 0.2831 0.1619 0.1306 
 362 0.0076 0.0203 0.0235 0.0836 0.2796 0.3719 0.2135 
 363 0.0105 0.0099 0.0272 0.0639 0.2947 0.4641 0.1297 
 364 0.0378 0.0186 0.0464 0.2752 0.2536 0.2387 0.1297 
 365 0.0293 0.0103 0.0936 0.0772 0.4672 0.2134 0.1091 
 366 0.0078 0.0101 0.0391 0.1277 0.3136 0.1555 0.3462 
 367 0.0061 0.0054 0.0352 0.0469 0.2162 0.6299 0.0603 
 368 0.0078 0.0080 0.0241 0.0828 0.1223 0.6610 0.0940 
 369 0.0128 0.0382 0.0416 0.1591 0.2124 0.2077 0.3281 
 370 0.0267 0.0358 0.0537 0.0843 0.1266 0.5147 0.1582 
 371 0.0200 0.0392 0.0552 0.1178 0.2346 0.3160 0.2172 
 372 0.1351 0.0380 0.0774 0.1135 0.0943 0.3499 0.1918 
 373 0.0111 0.0078 0.0399 0.1494 0.2087 0.4634 0.1197 
 374 0.0083 0.0396 0.0699 0.2393 0.2759 0.2333 0.1338 
 375 0.0404 0.0113 0.0366 0.0610 0.2303 0.5455 0.0749 
 376 0.1364 0.0079 0.0202 0.0554 0.5037 0.2174 0.0590 
 377 0.0090 0.0256 0.0339 0.0827 0.2836 0.3972 0.1680 
 378 0.0062 0.0413 0.0474 0.1873 0.0976 0.5130 0.1071 
 379 0.2502 0.0087 0.0265 0.0489 0.3770 0.2145 0.0742 
 380 0.0178 0.0155 0.0257 0.1513 0.5160 0.1218 0.1518 
 381 0.0130 0.0074 0.0218 0.1258 0.5640 0.1020 0.1660 
 382 0.0064 0.0133 0.0255 0.0664 0.3168 0.5004 0.0711 
 383 0.0154 0.2297 0.0247 0.0699 0.4670 0.1126 0.0806 
 384 0.1305 0.0899 0.0445 0.1055 0.3238 0.2306 0.0753 
 385 0.0083 0.1759 0.3487 0.0933 0.1400 0.1668 0.0670 
 386 0.0052 0.0066 0.0222 0.0631 0.3169 0.4954 0.0905 
 387 0.0061 0.0059 0.0339 0.0820 0.3447 0.4419 0.0856 
 388 0.0234 0.0417 0.0777 0.2284 0.2066 0.3330 0.0892 
 389 0.0129 0.0189 0.2434 0.0658 0.0978 0.2285 0.3328 
 390 0.0273 0.0267 0.0487 0.0640 0.2881 0.3830 0.1624 
 391 0.0192 0.0187 0.2098 0.1037 0.1584 0.2931 0.1971 
 392 0.0148 0.0066 0.0190 0.1390 0.4483 0.2540 0.1184 
 393 0.0108 0.0098 0.0216 0.0982 0.6344 0.1129 0.1123 
 394 0.0066 0.0739 0.0184 0.2092 0.2081 0.3690 0.1148 
 395 0.0055 0.0049 0.0219 0.0753 0.2904 0.3107 0.2912 
 396 0.0089 0.0055 0.0234 0.0507 0.2341 0.5983 0.0790 
 397 0.2213 0.0085 0.0185 0.1468 0.1487 0.1960 0.2603 
 398 0.0454 0.0063 0.0191 0.0533 0.4651 0.3426 0.0681 
 399 0.0057 0.0127 0.0572 0.0658 0.1975 0.5102 0.1509 
 400 0.0106 0.0065 0.0305 0.0970 0.3502 0.4171 0.0880 
 401 0.0053 0.0058 0.0367 0.1092 0.1472 0.5400 0.1559 
 402 0.0127 0.0084 0.0319 0.1035 0.2213 0.3939 0.2284 
 403 0.0129 0.0091 0.0658 0.3855 0.1700 0.2353 0.1213 
 404 0.0205 0.0055 0.0606 0.1376 0.3262 0.3028 0.1467 
 405 0.0069 0.0087 0.0216 0.1083 0.3563 0.2896 0.2086 
 406 0.0056 0.0066 0.0170 0.1546 0.3963 0.1043 0.3156 
 407 0.0057 0.0052 0.0188 0.0503 0.6452 0.2042 0.0706 
 408 0.0049 0.0050 0.0225 0.0463 0.0869 0.6097 0.2248 
 409 0.0171 0.0129 0.0305 0.3042 0.2857 0.1427 0.2068 
 410 0.1199 0.0226 0.0398 0.1013 0.2706 0.3385 0.1074 
 411 0.0663 0.0538 0.0190 0.1208 0.3751 0.2171 0.1478 
 412 0.0080 0.0072 0.0229 0.0739 0.1497 0.6487 0.0897 
 413 0.0058 0.0346 0.0188 0.1716 0.1289 0.5352 0.1051 
 414 0.0059 0.0106 0.0609 0.0503 0.1635 0.6201 0.0887 
 415 0.0075 0.0061 0.0228 0.0711 0.5213 0.2003 0.1709 
 416 0.0104 0.0063 0.0865 0.1101 0.3182 0.2927 0.1758 
 417 0.0097 0.0150 0.0196 0.0581 0.5272 0.2883 0.0822 
 418 0.0110 0.0063 0.0262 0.0574 0.1706 0.6663 0.0622 
 419 0.0165 0.0104 0.0743 0.2291 0.2380 0.2948 0.1370 
 420 0.0049 0.0050 0.0292 0.0650 0.1631 0.4777 0.2550 
 421 0.0107 0.0164 0.0220 0.0642 0.2956 0.4926 0.0984 
 422 0.0107 0.0064 0.0225 0.0731 0.3451 0.2255 0.3167 
 423 0.0205 0.0059 0.0247 0.0992 0.3988 0.2951 0.1559 
 424 0.0127 0.0101 0.0598 0.1073 0.1799 0.4647 0.1655 
 425 0.0367 0.0100 0.1679 0.1311 0.2695 0.2824 0.1024 
 426 0.0399 0.0834 0.0705 0.0946 0.2140 0.4029 0.0947 
 427 0.0060 0.0245 0.0196 0.1342 0.4874 0.2577 0.0706 
 428 0.0385 0.0099 0.0244 0.1857 0.3899 0.1657 0.1859 
 429 0.0092 0.0054 0.0196 0.0475 0.4566 0.3993 0.0624 
 430 0.0086 0.0075 0.0197 0.0570 0.5920 0.2318 0.0834 
 431 0.0134 0.0192 0.0475 0.0989 0.1769 0.4998 0.1443 
 432 0.0077 0.0080 0.0210 0.0891 0.1311 0.6429 0.1002 
 433 0.0200 0.0097 0.0247 0.3264 0.1056 0.3456 0.1681 
 434 0.0110 0.0095 0.0374 0.1488 0.2741 0.3381 0.1810 
 435 0.0056 0.0065 0.0150 0.0513 0.5639 0.2851 0.0727 
 436 0.0074 0.0091 0.0284 0.0851 0.5845 0.2051 0.0803 
 437 0.0130 0.0069 0.0155 0.0566 0.6188 0.2150 0.0742 
 438 0.0065 0.0160 0.0251 0.0929 0.4061 0.2802 0.1733 
 439 0.0058 0.0075 0.0188 0.0653 0.7059 0.1411 0.0556 
 440 0.0046 0.0052 0.0208 0.0431 0.6720 0.1859 0.0683 
 441 0.0068 0.0156 0.0223 0.1176 0.5234 0.2278 0.0864 
 442 0.0085 0.0052 0.0593 0.0623 0.4109 0.3468 0.1071 
 443 0.0051 0.0065 0.0481 0.0509 0.2539 0.4411 0.1944 
 444 0.0072 0.0059 0.0489 0.0595 0.4994 0.2624 0.1168 
 445 0.0535 0.0080 0.0215 0.1575 0.4706 0.1344 0.1546 
 446 0.0521 0.0109 0.0323 0.0598 0.4508 0.3397 0.0545 
 447 0.0075 0.0089 0.0610 0.1140 0.4907 0.1915 0.1264 
 448 0.0063 0.0072 0.0206 0.0599 0.5062 0.3078 0.0920 
 449 0.0076 0.0075 0.0231 0.0950 0.5004 0.2578 0.1086 
 450 0.0126 0.0082 0.0269 0.0987 0.5922 0.2080 0.0535 
 451 0.0062 0.0063 0.0234 0.0437 0.1543 0.6725 0.0937 
 452 0.0081 0.0070 0.0217 0.0883 0.5945 0.2172 0.0632 
 453 0.0058 0.0091 0.0414 0.0853 0.1893 0.2704 0.3988 
 454 0.0062 0.0240 0.0204 0.0980 0.5006 0.2491 0.1017 
 455 0.0053 0.0101 0.0227 0.0552 0.5769 0.2328 0.0970 
 456 0.0064 0.0059 0.0246 0.0516 0.4972 0.2171 0.1973 
 457 0.0074 0.0069 0.0160 0.0622 0.6656 0.1715 0.0704 
 458 0.0507 0.0071 0.0234 0.0664 0.6054 0.1839 0.0631 
 459 0.0058 0.0100 0.0295 0.1489 0.4559 0.2783 0.0716 
 460 0.0053 0.0077 0.0292 0.0551 0.4899 0.3499 0.0628 
 461 0.0079 0.0070 0.0470 0.0589 0.2908 0.5418 0.0467 
 462 0.0112 0.0065 0.1355 0.0413 0.4686 0.2155 0.1214 
 463 0.0049 0.0098 0.0198 0.0729 0.3968 0.1495 0.3464 
 464 0.0047 0.0063 0.0242 0.0541 0.3716 0.4198 0.1193 
 465 0.0085 0.0076 0.0338 0.0663 0.2594 0.5260 0.0983 
 466 0.0049 0.0068 0.0205 0.0550 0.2900 0.4014 0.2214 
 467 0.0067 0.0121 0.0343 0.0875 0.5122 0.2166 0.1307 
 468 0.0054 0.0059 0.0147 0.0506 0.6764 0.1326 0.1144 
 469 0.0054 0.0075 0.0159 0.0554 0.7445 0.1184 0.0530 
 470 0.0051 0.0068 0.0161 0.0533 0.5818 0.2754 0.0615 
 471 0.0078 0.0053 0.0624 0.0622 0.2915 0.2787 0.2922 
 472 0.0088 0.0066 0.0326 0.0641 0.4161 0.3172 0.1546 
 473 0.0069 0.0112 0.0197 0.0953 0.4183 0.3060 0.1426 
 474 0.0066 0.0061 0.0221 0.0833 0.5719 0.2013 0.1087 
 475 0.0074 0.0073 0.0276 0.1116 0.2410 0.5042 0.1010 
 476 0.0088 0.0070 0.0198 0.0607 0.6696 0.1512 0.0831 
 477 0.0079 0.0114 0.0471 0.0985 0.2447 0.4857 0.1047 
 478 0.0079 0.0089 0.0718 0.0534 0.1693 0.6308 0.0579 
 479 0.0052 0.0063 0.0192 0.0508 0.5744 0.2843 0.0599 
 480 0.0073 0.0066 0.0155 0.0567 0.7064 0.1470 0.0606 
 481 0.0080 0.0053 0.0675 0.0634 0.3517 0.3226 0.1815 
 482 0.0072 0.0056 0.0181 0.0522 0.5805 0.2817 0.0548 
 483 0.0067 0.0133 0.0250 0.0663 0.6094 0.2171 0.0622 
 484 0.0062 0.0083 0.0285 0.0630 0.5186 0.1848 0.1906 
 485 0.0066 0.0115 0.0221 0.0547 0.6466 0.1911 0.0674 
 486 0.0152 0.0080 0.1070 0.0839 0.1539 0.3048 0.3271 
 487 0.0171 0.0107 0.0944 0.1988 0.2114 0.2902 0.1774 
 488 0.0136 0.0092 0.1495 0.1501 0.1231 0.3962 0.1583 
 489 0.0186 0.0099 0.0618 0.1791 0.1996 0.2125 0.3185 
 490 0.0076 0.0060 0.0519 0.0561 0.1724 0.5255 0.1805 
 491 0.0120 0.0105 0.1619 0.1785 0.1165 0.2275 0.2931 
 492 0.0066 0.0080 0.0786 0.3012 0.1090 0.3059 0.1906 
 493 0.0278 0.0081 0.2638 0.1131 0.1318 0.2638 0.1916 
 494 0.0958 0.0077 0.0937 0.1511 0.1704 0.2333 0.2480 
 495 0.0412 0.0092 0.1729 0.1993 0.1114 0.3289 0.1371 
 496 0.0091 0.0107 0.0193 0.3336 0.1257 0.2351 0.2664 
 497 0.0406 0.0163 0.3180 0.1779 0.1076 0.2072 0.1324 
 498 0.0108 0.0078 0.1959 0.0949 0.1317 0.3545 0.2044 
 499 0.0772 0.0123 0.0609 0.3164 0.1392 0.1968 0.1971 
 500 0.0520 0.0067 0.0519 0.1091 0.2944 0.2436 0.2422 
 501 0.0233 0.0066 0.0398 0.2719 0.2332 0.2880 0.1372 
 502 0.0114 0.0077 0.0879 0.3082 0.1508 0.3495 0.0845 
 503 0.0130 0.0062 0.0269 0.0785 0.4133 0.3273 0.1349 
 504 0.0097 0.0072 0.1051 0.0836 0.1019 0.5462 0.1463 
 505 0.0162 0.0058 0.0611 0.1347 0.1060 0.2075 0.4687 
 506 0.0104 0.0083 0.1058 0.2465 0.1262 0.3382 0.1647 
 507 0.0115 0.0102 0.0159 0.5118 0.0759 0.1059 0.2688 
 508 0.0323 0.0104 0.0330 0.4934 0.0655 0.1341 0.2312 
 509 0.0116 0.0068 0.0447 0.2365 0.1067 0.2146 0.3790 
 510 0.0996 0.0065 0.0356 0.3185 0.1690 0.2303 0.1406 
 511 0.0156 0.0063 0.0701 0.0892 0.3658 0.2561 0.1970 
 512 0.0123 0.0052 0.0577 0.0639 0.4173 0.3349 0.1087 
 513 0.0097 0.0066 0.5700 0.0846 0.0484 0.1329 0.1479 
 514 0.0101 0.0116 0.0327 0.1114 0.0980 0.6083 0.1279 
 515 0.0206 0.0079 0.0339 0.2107 0.3492 0.1790 0.1987 
 516 0.0106 0.0073 0.0295 0.0991 0.0899 0.5284 0.2352 
 517 0.0097 0.0100 0.0209 0.1944 0.1884 0.3102 0.2664 
 518 0.1433 0.0114 0.0296 0.2576 0.1839 0.2046 0.1696 
 519 0.0065 0.0066 0.0418 0.1202 0.1122 0.5955 0.1171 
 520 0.0105 0.0115 0.0179 0.2753 0.2564 0.1239 0.3045 
 521 0.0068 0.2265 0.0217 0.1531 0.0877 0.3034 0.2007 
 522 0.0700 0.0075 0.0264 0.0858 0.3391 0.1945 0.2766 
 523 0.0097 0.0323 0.0193 0.1747 0.1108 0.2395 0.4136 
 524 0.0119 0.0113 0.0181 0.1390 0.3671 0.2462 0.2064 
 525 0.1542 0.0115 0.0185 0.2281 0.2212 0.1528 0.2137 
 526 0.0068 0.0077 0.0147 0.0959 0.3953 0.1177 0.3618 
 527 0.1344 0.0065 0.0695 0.0936 0.2138 0.3909 0.0913 
 528 0.0062 0.0359 0.0197 0.4157 0.0844 0.1793 0.2587 
 529 0.1209 0.0155 0.0332 0.1677 0.1044 0.3239 0.2343 
 530 0.0109 0.0066 0.0530 0.1344 0.3981 0.1878 0.2092 
 531 0.0095 0.0311 0.0276 0.3531 0.2541 0.1838 0.1408 
 532 0.0480 0.0403 0.0332 0.2740 0.1345 0.2925 0.1774 
 533 0.1120 0.0084 0.0234 0.1071 0.2247 0.2095 0.3149 
 534 0.0994 0.0068 0.0482 0.1502 0.0628 0.2134 0.4192 
 535 0.0065 0.0076 0.0212 0.0981 0.1959 0.3385 0.3322 
 536 0.0127 0.0102 0.0346 0.2106 0.2892 0.2048 0.2379 
 537 0.0090 0.0351 0.0395 0.2210 0.1131 0.1459 0.4362 
 538 0.0071 0.0076 0.0207 0.1778 0.1187 0.1633 0.5047 
 539 0.0066 0.0071 0.0201 0.5518 0.0770 0.1072 0.2304 
 540 0.0066 0.1994 0.0204 0.0858 0.1326 0.1483 0.4069 
 541 0.0083 0.1972 0.0326 0.2709 0.1749 0.1431 0.1731 
 542 0.0067 0.0058 0.0418 0.0771 0.3151 0.1231 0.4303 
 543 0.0069 0.2664 0.0322 0.0987 0.0966 0.2009 0.2983 
 544 0.0053 0.0144 0.0271 0.0910 0.1638 0.1602 0.5383 
 545 0.0063 0.0100 0.0373 0.0610 0.2925 0.1816 0.4114 
 546 0.0062 0.0175 0.0635 0.1241 0.1562 0.1461 0.4864 
 547 0.0062 0.0159 0.0288 0.1691 0.1192 0.1610 0.4998 
 548 0.0090 0.0071 0.0305 0.2796 0.0922 0.2093 0.3723 
 549 0.0096 0.0131 0.0270 0.4052 0.2614 0.1220 0.1618 
 550 0.0049 0.0065 0.0349 0.0998 0.3149 0.1918 0.3472 
 551 0.0102 0.0176 0.0251 0.5053 0.1408 0.1611 0.1400 
 552 0.0079 0.0067 0.0192 0.1589 0.1147 0.1267 0.5658 
 553 0.0084 0.1009 0.0354 0.1256 0.0746 0.1365 0.5186 
 554 0.0116 0.2488 0.0256 0.0682 0.2069 0.2316 0.2073 
 555 0.0081 0.0313 0.0695 0.2414 0.0965 0.1398 0.4135 
 556 0.0075 0.0126 0.0225 0.1216 0.1099 0.1702 0.5557 
 557 0.0057 0.0261 0.0314 0.1471 0.3780 0.2274 0.1843 
 558 0.0069 0.0060 0.0176 0.0546 0.6024 0.2639 0.0486 
 559 0.0081 0.0094 0.0236 0.0738 0.1111 0.5363 0.2378 
 560 0.0059 0.0050 0.0459 0.0417 0.2853 0.5440 0.0723 
 561 0.0063 0.0058 0.0370 0.0567 0.2554 0.5190 0.1198 
 562 0.0082 0.0057 0.0428 0.0407 0.1925 0.5396 0.1705 
 563 0.0099 0.0078 0.0590 0.2205 0.1415 0.4585 0.1027 
 564 0.0134 0.0282 0.0232 0.0759 0.1330 0.3413 0.3851 
 565 0.0066 0.0060 0.0171 0.0606 0.6764 0.1710 0.0623 
 566 0.0045 0.0058 0.0340 0.0435 0.2631 0.5772 0.0718 
 567 0.0121 0.0065 0.0370 0.0579 0.1114 0.4714 0.3037 
 568 0.0061 0.0078 0.0188 0.0782 0.1705 0.5526 0.1660 
 569 0.0092 0.0259 0.0218 0.0742 0.2996 0.3665 0.2028 
 570 0.0136 0.0062 0.0160 0.0457 0.5391 0.3169 0.0625 
 571 0.0060 0.0094 0.0269 0.0652 0.1278 0.6773 0.0873 
 572 0.0047 0.0097 0.0285 0.1417 0.1775 0.1429 0.4951 
 573 0.0116 0.0245 0.0191 0.0805 0.2213 0.3778 0.2651 
 574 0.0102 0.0280 0.0250 0.1490 0.4247 0.2268 0.1364 
 575 0.0077 0.0061 0.0262 0.1520 0.1555 0.5315 0.1209 
 576 0.0062 0.0067 0.0479 0.0442 0.2069 0.6300 0.0582 
 577 0.0123 0.0090 0.0247 0.1560 0.3386 0.3406 0.1188 
 578 0.0068 0.0097 0.0357 0.0654 0.2165 0.5625 0.1033 
 579 0.0072 0.0124 0.0657 0.0589 0.2784 0.4374 0.1400 
 580 0.0072 0.0088 0.0216 0.1011 0.4570 0.3109 0.0934 
 581 0.0060 0.0081 0.0207 0.0801 0.3739 0.4309 0.0803 
 582 0.0078 0.0063 0.0213 0.0476 0.4631 0.3502 0.1036 
 583 0.0631 0.0154 0.0296 0.0629 0.1631 0.5810 0.0850 
 584 0.0078 0.0058 0.0256 0.0521 0.1894 0.6584 0.0609 
 585 0.0083 0.0077 0.0426 0.0568 0.2737 0.5238 0.0871 
 586 0.0063 0.0072 0.0451 0.0767 0.0979 0.6253 0.1415 
 587 0.0173 0.0053 0.0280 0.0472 0.3308 0.3888 0.1826 
 588 0.0081 0.0128 0.0283 0.0544 0.0588 0.1657 0.6719 
 589 0.0062 0.0117 0.0199 0.0488 0.5236 0.2428 0.1470 
 590 0.0074 0.0050 0.0437 0.0637 0.1071 0.6559 0.1172 
 591 0.0061 0.0072 0.0212 0.0695 0.1092 0.7058 0.0810 
 592 0.0059 0.0057 0.0245 0.0523 0.1835 0.4813 0.2468 
 593 0.0077 0.0095 0.0188 0.0940 0.2119 0.5086 0.1495 
 594 0.0427 0.0225 0.0350 0.1282 0.1175 0.5466 0.1076 
 595 0.0164 0.0049 0.2022 0.0495 0.2551 0.3816 0.0903 
 596 0.0053 0.0074 0.0317 0.0907 0.2342 0.2742 0.3564 
 597 0.0089 0.0324 0.0394 0.2045 0.0881 0.4897 0.1370 
 598 0.0089 0.0060 0.0144 0.0496 0.6659 0.2023 0.0529 
 599 0.0073 0.0058 0.0205 0.0437 0.1896 0.6076 0.1255 
 600 0.0057 0.0176 0.0259 0.1011 0.4535 0.2470 0.1494 
 601 0.0054 0.0048 0.0244 0.0469 0.3011 0.4967 0.1207 
 602 0.0130 0.0088 0.0445 0.1864 0.1462 0.4027 0.1985 
 603 0.0076 0.0076 0.0307 0.1718 0.1246 0.4747 0.1829 
 604 0.0208 0.0381 0.0620 0.0972 0.4782 0.1862 0.1174 
 605 0.0067 0.0083 0.0300 0.0785 0.2232 0.4765 0.1767 
 606 0.0176 0.0223 0.0288 0.1433 0.2305 0.2804 0.2771 
 607 0.0108 0.0130 0.0300 0.2762 0.2825 0.2544 0.1331 
 608 0.0074 0.0105 0.0207 0.4321 0.1980 0.2335 0.0978 
 609 0.0116 0.0069 0.0303 0.1017 0.3984 0.3252 0.1260 
 610 0.0069 0.0075 0.0279 0.0798 0.5181 0.1852 0.1747 
 611 0.0104 0.0076 0.0297 0.1825 0.1335 0.4272 0.2090 
 612 0.0139 0.0108 0.0198 0.0588 0.6570 0.1475 0.0922 
 613 0.0462 0.0257 0.0305 0.0822 0.3132 0.2728 0.2295 
 614 0.0103 0.0051 0.0430 0.0628 0.6251 0.1380 0.1157 
 615 0.0078 0.0060 0.0208 0.1094 0.5919 0.1504 0.1138 
 616 0.0077 0.0135 0.0273 0.1902 0.2831 0.3526 0.1257 
 617 0.0168 0.0193 0.1799 0.0589 0.3499 0.2328 0.1425 
 618 0.0147 0.0952 0.0553 0.1464 0.4111 0.1407 0.1366 
 619 0.0049 0.0144 0.0172 0.1340 0.2140 0.3563 0.2592 
 620 0.0060 0.0057 0.0237 0.0418 0.1332 0.5112 0.2785 
 621 0.0095 0.0066 0.0271 0.0670 0.2273 0.6011 0.0615 
 622 0.0166 0.0337 0.1774 0.0925 0.2909 0.1760 0.2129 
 623 0.0062 0.0083 0.0236 0.0682 0.1908 0.5377 0.1652 
 624 0.0092 0.1721 0.0188 0.0874 0.4459 0.1779 0.0886 
 625 0.0310 0.0441 0.0661 0.1597 0.3501 0.2568 0.0922 
 626 0.0252 0.1810 0.0172 0.1309 0.2769 0.1026 0.2662 
 627 0.0056 0.0151 0.0333 0.0823 0.2349 0.4362 0.1926 
 628 0.0068 0.0059 0.0789 0.1019 0.1695 0.3956 0.2414 
 629 0.0090 0.0069 0.0438 0.1241 0.2618 0.4197 0.1347 
 630 0.0203 0.0133 0.0334 0.0897 0.4380 0.3023 0.1031 
 631 0.0107 0.0078 0.0247 0.1017 0.3739 0.3377 0.1434 
 632 0.0071 0.0128 0.0434 0.2370 0.1705 0.1739 0.3553 
 633 0.0089 0.0215 0.0481 0.1515 0.4153 0.2336 0.1213 
 634 0.0082 0.0104 0.0222 0.1879 0.2345 0.2614 0.2755 
 635 0.0070 0.0114 0.0206 0.4144 0.2170 0.1736 0.1560 
 636 0.0110 0.0504 0.0229 0.1912 0.3619 0.2654 0.0972 
 637 0.0085 0.0060 0.0451 0.1235 0.2197 0.2118 0.3854 
 638 0.0108 0.0110 0.0249 0.1666 0.2153 0.4424 0.1290 
 639 0.0095 0.0177 0.0521 0.1354 0.4224 0.2118 0.1511 
 640 0.0069 0.0180 0.0655 0.0839 0.1841 0.5700 0.0717 
 641 0.0205 0.0083 0.0385 0.1217 0.2657 0.3782 0.1671 
 642 0.0082 0.0262 0.0248 0.3554 0.1479 0.2027 0.2348 
 643 0.0068 0.0442 0.0213 0.5749 0.1093 0.1521 0.0913 
 644 0.0080 0.1088 0.0248 0.3872 0.1079 0.2284 0.1348 
 645 0.0176 0.0192 0.0353 0.4227 0.2981 0.0925 0.1147 
 646 0.0089 0.0219 0.0630 0.1369 0.1439 0.3438 0.2816 
 647 0.0136 0.0172 0.0689 0.3449 0.1189 0.2670 0.1694 
 648 0.2019 0.0636 0.0496 0.1272 0.0961 0.1234 0.3382 
 649 0.0188 0.0297 0.0209 0.1427 0.0823 0.2511 0.4544 
 650 0.0071 0.0257 0.0268 0.1692 0.1008 0.3998 0.2707 
 651 0.0226 0.1043 0.1018 0.2575 0.1017 0.2720 0.1401 
 652 0.0082 0.0270 0.0211 0.4958 0.0981 0.2163 0.1335 
 653 0.0959 0.0239 0.0509 0.3365 0.1269 0.1325 0.2335 
 654 0.0118 0.0094 0.0622 0.3576 0.1117 0.1493 0.2979 
 655 0.0057 0.1769 0.0192 0.2987 0.0917 0.3003 0.1073 
 656 0.0325 0.0205 0.0898 0.2220 0.1245 0.1734 0.3373 
 657 0.1235 0.0286 0.0264 0.2137 0.2147 0.2711 0.1221 
 658 0.0203 0.0505 0.0200 0.1871 0.1419 0.4044 0.1759 
 659 0.0274 0.0330 0.0390 0.3577 0.1336 0.1709 0.2385 
 660 0.0301 0.0350 0.0185 0.3480 0.0876 0.1788 0.3020 
 661 0.0131 0.0949 0.0221 0.3226 0.1218 0.1267 0.2988 
 662 0.0149 0.0258 0.0239 0.1074 0.0722 0.2261 0.5298 
 663 0.0073 0.0312 0.0189 0.3895 0.1172 0.2069 0.2290 
 664 0.0063 0.2726 0.0265 0.0890 0.1679 0.3155 0.1222 
 665 0.0058 0.0308 0.0194 0.1214 0.0836 0.2139 0.5252 
 666 0.0077 0.0328 0.0193 0.3155 0.1239 0.2054 0.2955 
 667 0.0272 0.0208 0.2381 0.1343 0.1099 0.3221 0.1476 
 668 0.0081 0.1225 0.0231 0.2468 0.1463 0.2356 0.2176 
 669 0.0824 0.0449 0.0238 0.2093 0.0921 0.2002 0.3473 
 670 0.0068 0.0374 0.0143 0.6144 0.0723 0.1125 0.1424 
 671 0.0069 0.0318 0.0185 0.4600 0.0877 0.1771 0.2179 
 672 0.0054 0.0154 0.0164 0.5631 0.1165 0.1769 0.1062 
 673 0.0194 0.2512 0.0143 0.4925 0.0698 0.0850 0.0679 
 674 0.0061 0.0234 0.0222 0.5248 0.1268 0.1255 0.1710 
 675 0.0072 0.0096 0.0415 0.6725 0.0647 0.1292 0.0753 
 676 0.0062 0.0191 0.0152 0.7398 0.0701 0.0832 0.0664 
 677 0.0057 0.0085 0.0149 0.4632 0.0655 0.0901 0.3521 
 678 0.0353 0.3158 0.0143 0.4156 0.0685 0.0899 0.0606 
 679 0.0070 0.0349 0.0196 0.6094 0.1255 0.1299 0.0737 
 680 0.0094 0.0181 0.0288 0.6443 0.1069 0.0981 0.0942 
 681 0.0082 0.0264 0.0525 0.2191 0.2194 0.1262 0.3482 
 682 0.0068 0.0176 0.0190 0.6553 0.1178 0.0952 0.0884 
 683 0.0060 0.0320 0.0149 0.6418 0.0684 0.1020 0.1349 
 684 0.0430 0.0372 0.0163 0.6657 0.0737 0.0947 0.0695 
 685 0.0059 0.0073 0.0145 0.7639 0.0609 0.0787 0.0688 
 686 0.0073 0.0091 0.0183 0.4610 0.1070 0.1134 0.2838 
 687 0.0064 0.0362 0.0165 0.4409 0.0777 0.1589 0.2634 
 688 0.0062 0.0219 0.0176 0.6427 0.0813 0.1337 0.0965 
 689 0.0060 0.0204 0.0145 0.7467 0.0653 0.0795 0.0677 
 690 0.0061 0.0188 0.0150 0.7402 0.0704 0.0822 0.0672 
 691 0.0069 0.0097 0.0215 0.6256 0.1102 0.1212 0.1049 
 692 0.0308 0.2703 0.0179 0.3866 0.0796 0.1339 0.0809 
 693 0.0061 0.0493 0.0228 0.6046 0.1052 0.1403 0.0717 
 694 0.0053 0.0084 0.0131 0.7693 0.0570 0.0756 0.0714 
 695 0.0060 0.0163 0.0148 0.6388 0.1017 0.0947 0.1278 
 696 0.0064 0.0214 0.0179 0.6451 0.0812 0.1323 0.0956 
 697 0.0090 0.2206 0.0159 0.4855 0.0702 0.0840 0.1148 
 698 0.0061 0.0184 0.0147 0.7290 0.0699 0.0869 0.0750 
 699 0.0052 0.0121 0.0148 0.5035 0.0879 0.0900 0.2866 
 700 0.0073 0.0149 0.0294 0.5583 0.1417 0.0965 0.1520 
 701 0.0553 0.1493 0.0177 0.4186 0.1121 0.1102 0.1367 
 702 0.0071 0.2000 0.0204 0.2971 0.1232 0.1394 0.2129 
 703 0.0069 0.0170 0.0181 0.6386 0.1163 0.0982 0.1050 
 704 0.0056 0.0231 0.0166 0.6187 0.0778 0.1215 0.1366 
 705 0.0256 0.1407 0.0342 0.2411 0.1240 0.1143 0.3202 
 706 0.0083 0.0076 0.0192 0.6565 0.0988 0.0909 0.1187 
 707 0.0256 0.0235 0.0165 0.6420 0.0750 0.0854 0.1318 
 708 0.0065 0.0171 0.0217 0.7174 0.0666 0.0853 0.0854 
 709 0.0052 0.0096 0.0194 0.6619 0.0813 0.0814 0.1413 
 710 0.0059 0.0080 0.0142 0.7606 0.0602 0.0769 0.0742 
 711 0.0072 0.0066 0.0187 0.5777 0.0944 0.0889 0.2065 
 712 0.0059 0.0072 0.0185 0.5983 0.0580 0.0778 0.2343 
 713 0.0063 0.0084 0.0171 0.6711 0.0710 0.1232 0.1030 
 714 0.0077 0.0229 0.0400 0.5719 0.1187 0.1320 0.1067 
 715 0.0054 0.0077 0.0143 0.6868 0.0601 0.0757 0.1500 
 716 0.0066 0.0076 0.0179 0.6813 0.0967 0.0861 0.1037 
 717 0.0052 0.0183 0.0141 0.7250 0.0641 0.0746 0.0988 
 718 0.0089 0.0071 0.0297 0.6022 0.0926 0.0983 0.1612 
 719 0.0089 0.0094 0.0153 0.6937 0.0607 0.0830 0.1289 
 720 0.0059 0.0067 0.0317 0.0701 0.2392 0.5376 0.1088 
 721 0.0071 0.0103 0.0226 0.4679 0.2124 0.1507 0.1290 
 722 0.0090 0.0089 0.0261 0.1066 0.4382 0.2406 0.1707 
 723 0.0120 0.0084 0.0231 0.1143 0.4971 0.2471 0.0979 
 724 0.0198 0.0080 0.0222 0.2166 0.4557 0.1762 0.1015 
 725 0.0144 0.0118 0.0214 0.2540 0.1484 0.4013 0.1488 
 726 0.0169 0.0097 0.0222 0.1438 0.4077 0.2130 0.1868 
 727 0.0162 0.0163 0.0214 0.2207 0.2115 0.2030 0.3109 
