   1 0.0105 0.0063 0.0179 0.0774 0.1092 0.1752 0.1982 0.1365 0.2687 
   2 0.0060 0.0045 0.0251 0.0401 0.0579 0.0805 0.1317 0.5102 0.1439 
   3 0.0122 0.0077 0.0113 0.0427 0.0985 0.1276 0.3081 0.1335 0.2585 
   4 0.0146 0.0121 0.0169 0.2528 0.0760 0.0972 0.1148 0.1613 0.2544 
   5 0.0065 0.0054 0.0312 0.0497 0.0610 0.0890 0.1748 0.4627 0.1198 
   6 0.0071 0.0072 0.0122 0.0661 0.0529 0.1186 0.4257 0.1994 0.1109 
   7 0.0087 0.0070 0.0185 0.0420 0.0432 0.3114 0.2341 0.2164 0.1187 
   8 0.0149 0.0308 0.0166 0.1715 0.0641 0.1332 0.2212 0.1413 0.2065 
   9 0.0087 0.0114 0.0280 0.0412 0.0599 0.1173 0.2224 0.2914 0.2197 
  10 0.0078 0.0085 0.0182 0.1629 0.0415 0.1584 0.2728 0.1889 0.1408 
  11 0.0094 0.0050 0.0252 0.0367 0.0461 0.3185 0.2372 0.1998 0.1220 
  12 0.0061 0.0054 0.0200 0.0597 0.0603 0.0871 0.1757 0.4113 0.1743 
  13 0.0073 0.0067 0.0227 0.0435 0.0629 0.1216 0.2296 0.2930 0.2127 
  14 0.0127 0.0044 0.0138 0.0757 0.1560 0.0946 0.1930 0.2719 0.1779 
  15 0.0191 0.0062 0.0163 0.0902 0.0746 0.1266 0.1585 0.2464 0.2620 
  16 0.0089 0.0049 0.0209 0.0387 0.0709 0.1976 0.3331 0.1416 0.1835 
  17 0.0088 0.0112 0.0275 0.0535 0.1020 0.0954 0.3076 0.2190 0.1750 
  18 0.0171 0.0109 0.0146 0.0690 0.0733 0.1108 0.2325 0.2765 0.1953 
  19 0.0073 0.0059 0.0163 0.0458 0.0447 0.1277 0.3750 0.2135 0.1638 
  20 0.0152 0.0056 0.0225 0.0591 0.0713 0.1729 0.1894 0.2951 0.1689 
  21 0.0088 0.0050 0.0146 0.1073 0.1111 0.1364 0.1470 0.2199 0.2498 
  22 0.0069 0.0089 0.0144 0.0434 0.0664 0.0984 0.3766 0.1689 0.2160 
  23 0.0190 0.0087 0.0369 0.0553 0.1173 0.0988 0.1430 0.1936 0.3274 
  24 0.0088 0.0053 0.0193 0.0499 0.0696 0.1577 0.2062 0.1445 0.3387 
  25 0.0130 0.0060 0.0183 0.0371 0.0586 0.1258 0.3098 0.3345 0.0970 
  26 0.0105 0.0087 0.0165 0.0743 0.0645 0.1196 0.2234 0.2366 0.2458 
  27 0.0077 0.0064 0.0211 0.0518 0.1056 0.1240 0.2760 0.2081 0.1992 
  28 0.0082 0.0055 0.0144 0.2456 0.0634 0.1977 0.1490 0.1582 0.1580 
  29 0.0065 0.0042 0.0292 0.0342 0.0714 0.1605 0.1643 0.3320 0.1976 
  30 0.0081 0.0058 0.0167 0.0367 0.0850 0.1134 0.3515 0.1837 0.1993 
  31 0.0074 0.0196 0.0274 0.1385 0.1126 0.1328 0.1596 0.2592 0.1428 
  32 0.0121 0.0053 0.0130 0.0784 0.0628 0.0996 0.2709 0.2301 0.2278 
  33 0.0085 0.0056 0.0150 0.0378 0.0752 0.1893 0.2239 0.1650 0.2799 
  34 0.0109 0.0075 0.0407 0.1335 0.0486 0.2194 0.2715 0.1732 0.0948 
  35 0.0066 0.0144 0.0386 0.0317 0.1917 0.0961 0.2406 0.2090 0.1714 
  36 0.0390 0.0049 0.0142 0.0325 0.2835 0.1925 0.1289 0.1304 0.1742 
  37 0.0070 0.0076 0.0137 0.0482 0.0874 0.1060 0.1583 0.2465 0.3253 
  38 0.1699 0.0055 0.0359 0.0283 0.1036 0.2436 0.1304 0.1601 0.1228 
  39 0.0141 0.0086 0.0291 0.0417 0.1551 0.2045 0.1850 0.2057 0.1562 
  40 0.0105 0.0045 0.0157 0.0411 0.2516 0.0961 0.1644 0.1457 0.2703 
  41 0.0111 0.0082 0.0327 0.0284 0.2963 0.1881 0.1632 0.1259 0.1461 
  42 0.0237 0.0047 0.0223 0.0429 0.1417 0.1627 0.1049 0.1088 0.3884 
  43 0.0065 0.0084 0.0205 0.0430 0.2640 0.1057 0.1261 0.2150 0.2108 
  44 0.0056 0.0088 0.0171 0.0272 0.3492 0.0892 0.1909 0.1814 0.1306 
  45 0.0290 0.0053 0.0296 0.0284 0.2221 0.1789 0.1120 0.2534 0.1412 
  46 0.0080 0.0123 0.0184 0.0493 0.1537 0.1291 0.2733 0.2283 0.1278 
  47 0.0064 0.0217 0.0300 0.0479 0.0919 0.1007 0.2674 0.2287 0.2053 
  48 0.0078 0.0099 0.0213 0.0285 0.3722 0.0707 0.1814 0.1641 0.1442 
  49 0.0091 0.0103 0.0450 0.0394 0.1587 0.1476 0.1955 0.1974 0.1970 
  50 0.0086 0.0130 0.0228 0.0884 0.0906 0.1737 0.2954 0.2173 0.0903 
  51 0.0233 0.0042 0.0163 0.0283 0.4697 0.1357 0.0824 0.1137 0.1263 
  52 0.0079 0.0103 0.0308 0.0471 0.1498 0.2377 0.1813 0.1583 0.1768 
  53 0.0536 0.0088 0.0200 0.0577 0.1103 0.2151 0.2301 0.1339 0.1704 
  54 0.0054 0.0091 0.0272 0.0438 0.1449 0.0864 0.1303 0.3155 0.2376 
  55 0.0070 0.0072 0.0204 0.0361 0.3326 0.0848 0.1178 0.2277 0.1664 
  56 0.0147 0.0072 0.0337 0.0398 0.2017 0.0960 0.2089 0.1749 0.2231 
  57 0.0088 0.0179 0.0285 0.1187 0.0506 0.1286 0.2491 0.1666 0.2313 
  58 0.0129 0.0056 0.0299 0.0356 0.2205 0.1481 0.1157 0.2127 0.2190 
  59 0.0446 0.0060 0.0616 0.0375 0.1675 0.1825 0.1389 0.1805 0.1811 
  60 0.0140 0.0046 0.0137 0.0619 0.3486 0.1246 0.1020 0.1321 0.1985 
  61 0.0057 0.0041 0.0189 0.0498 0.2706 0.0808 0.0738 0.2593 0.2369 
  62 0.0078 0.0127 0.0903 0.0626 0.0759 0.1293 0.1912 0.2726 0.1575 
  63 0.0081 0.0045 0.0164 0.0442 0.1289 0.1868 0.1183 0.2333 0.2595 
  64 0.0189 0.0068 0.0245 0.0348 0.0677 0.1441 0.3300 0.2323 0.1408 
  65 0.0073 0.0060 0.0213 0.0334 0.0614 0.1949 0.1647 0.4116 0.0993 
  66 0.0074 0.0052 0.0206 0.0738 0.0867 0.1325 0.1060 0.3068 0.2612 
  67 0.0056 0.0060 0.0195 0.0331 0.2825 0.0882 0.1123 0.3045 0.1482 
  68 0.0400 0.0069 0.0486 0.0436 0.1843 0.1846 0.1232 0.1664 0.2025 
  69 0.1153 0.0087 0.0652 0.1560 0.1148 0.1556 0.1494 0.1404 0.0945 
  70 0.0146 0.0045 0.0163 0.0397 0.2534 0.2227 0.1050 0.1263 0.2175 
  71 0.0317 0.0056 0.0532 0.0290 0.2610 0.1826 0.1268 0.2048 0.1053 
  72 0.0115 0.0064 0.0128 0.0344 0.1729 0.1942 0.2766 0.1523 0.1388 
  73 0.0109 0.0054 0.0561 0.0336 0.2214 0.1233 0.1001 0.3198 0.1294 
  74 0.0418 0.0046 0.0137 0.0387 0.1944 0.1708 0.1280 0.1249 0.2831 
  75 0.0250 0.0054 0.0179 0.0431 0.1920 0.1330 0.1094 0.1235 0.3506 
  76 0.0066 0.0062 0.0137 0.0347 0.2186 0.1686 0.1282 0.2549 0.1686 
  77 0.0313 0.0048 0.0338 0.0263 0.2069 0.2271 0.1168 0.2075 0.1454 
  78 0.1345 0.0053 0.0419 0.0269 0.1554 0.2085 0.1149 0.1607 0.1519 
  79 0.0087 0.0049 0.0162 0.0431 0.0412 0.2010 0.2148 0.3312 0.1388 
  80 0.0068 0.0048 0.0130 0.0748 0.0453 0.1373 0.0944 0.1530 0.4707 
  81 0.0076 0.0052 0.0118 0.0958 0.0391 0.1900 0.1079 0.1887 0.3539 
  82 0.0072 0.0051 0.0316 0.0476 0.1115 0.1171 0.1181 0.3152 0.2466 
  83 0.0131 0.0047 0.0114 0.0798 0.0714 0.2180 0.1381 0.1852 0.2784 
  84 0.0076 0.0046 0.0126 0.0797 0.0469 0.2233 0.1398 0.2342 0.2513 
  85 0.0157 0.0050 0.0126 0.0812 0.0622 0.1406 0.1989 0.1888 0.2950 
  86 0.0098 0.0072 0.0250 0.0434 0.1543 0.1111 0.1632 0.3429 0.1432 
  87 0.0156 0.0053 0.0158 0.0500 0.0740 0.2984 0.1293 0.2641 0.1475 
  88 0.0074 0.0051 0.0147 0.0578 0.0492 0.1554 0.1087 0.2705 0.3312 
  89 0.0075 0.0055 0.0125 0.0859 0.0442 0.1355 0.1015 0.2520 0.3553 
  90 0.0075 0.0047 0.0148 0.0473 0.0447 0.2277 0.1149 0.3870 0.1514 
  91 0.0164 0.0048 0.0108 0.0813 0.0639 0.1337 0.1324 0.1482 0.4085 
  92 0.0076 0.0050 0.0163 0.0515 0.0497 0.1591 0.1548 0.3558 0.2002 
  93 0.0068 0.0050 0.0141 0.2541 0.0514 0.0931 0.0962 0.1326 0.3467 
  94 0.0165 0.0045 0.0116 0.0436 0.0677 0.4904 0.1148 0.1230 0.1279 
  95 0.0071 0.0047 0.0138 0.0561 0.0444 0.2223 0.0865 0.3068 0.2583 
  96 0.0060 0.0046 0.0176 0.0540 0.2108 0.0875 0.0756 0.2379 0.3059 
  97 0.0294 0.0060 0.0171 0.0444 0.1498 0.1406 0.1256 0.1643 0.3228 
  98 0.0070 0.0040 0.0196 0.0321 0.1388 0.1164 0.1553 0.2870 0.2399 
  99 0.0074 0.0047 0.0131 0.0776 0.0422 0.2110 0.1217 0.2881 0.2342 
 100 0.0059 0.0049 0.0151 0.0609 0.0551 0.0682 0.0768 0.1830 0.5301 
 101 0.0196 0.0066 0.0171 0.0630 0.0942 0.1881 0.1278 0.2862 0.1973 
 102 0.0134 0.0059 0.0269 0.0747 0.1097 0.1637 0.1074 0.1574 0.3410 
 103 0.0061 0.0050 0.0161 0.1049 0.0609 0.1275 0.0922 0.4342 0.1532 
 104 0.0060 0.0049 0.0166 0.1136 0.0567 0.2688 0.1006 0.3575 0.0754 
 105 0.0057 0.0062 0.0391 0.1562 0.0606 0.1575 0.0889 0.3932 0.0925 
 106 0.0096 0.0046 0.0140 0.0278 0.0614 0.3810 0.1509 0.2669 0.0837 
 107 0.0069 0.0066 0.0273 0.0938 0.0702 0.1976 0.0990 0.3461 0.1525 
 108 0.0974 0.0042 0.0127 0.0464 0.2188 0.0812 0.1184 0.3120 0.1089 
 109 0.0185 0.0062 0.1422 0.0382 0.0903 0.2192 0.1326 0.2712 0.0816 
 110 0.0097 0.0053 0.0182 0.0325 0.0489 0.4548 0.1484 0.1938 0.0885 
 111 0.0082 0.0073 0.0417 0.0481 0.0559 0.2701 0.0995 0.3660 0.1031 
 112 0.0086 0.0047 0.1961 0.0339 0.0753 0.3673 0.0938 0.1281 0.0922 
 113 0.0168 0.0056 0.0187 0.0528 0.1090 0.1254 0.1565 0.3513 0.1639 
 114 0.0055 0.0047 0.0303 0.1381 0.0502 0.2607 0.0939 0.3316 0.0850 
 115 0.0080 0.0059 0.0465 0.0409 0.1531 0.1905 0.1177 0.2973 0.1401 
 116 0.0181 0.0062 0.0248 0.0286 0.1713 0.2701 0.1325 0.2481 0.1003 
 117 0.0109 0.0075 0.0545 0.0357 0.0670 0.3601 0.1515 0.1969 0.1160 
 118 0.0113 0.0051 0.0381 0.0426 0.0834 0.1052 0.1038 0.4941 0.1163 
 119 0.0106 0.0045 0.0126 0.0555 0.2157 0.1286 0.0870 0.1882 0.2973 
 120 0.0076 0.0058 0.0604 0.0540 0.1052 0.2425 0.1170 0.2698 0.1377 
 121 0.0104 0.0145 0.0995 0.0341 0.1905 0.1931 0.1098 0.2441 0.1041 
 122 0.0075 0.0042 0.0248 0.0470 0.0570 0.3404 0.1437 0.2827 0.0927 
 123 0.0103 0.0054 0.0207 0.0565 0.0740 0.3032 0.1161 0.2880 0.1257 
 124 0.0103 0.0112 0.0436 0.0404 0.1446 0.2152 0.1824 0.2529 0.0995 
 125 0.0181 0.0054 0.0510 0.0330 0.0999 0.2835 0.2456 0.1405 0.1230 
 126 0.0093 0.0038 0.0128 0.0483 0.1475 0.3322 0.1071 0.1938 0.1453 
 127 0.0067 0.0060 0.0358 0.0487 0.0685 0.3298 0.0846 0.3073 0.1126 
 128 0.0060 0.0043 0.0281 0.0412 0.0701 0.0966 0.1012 0.5412 0.1115 
 129 0.0059 0.0064 0.0201 0.0446 0.0597 0.1488 0.0928 0.5399 0.0819 
 130 0.0064 0.0067 0.0538 0.0926 0.0509 0.2505 0.1011 0.3041 0.1339 
 131 0.0555 0.0099 0.0466 0.0346 0.1364 0.2740 0.1564 0.2000 0.0866 
 132 0.0078 0.0049 0.0163 0.0383 0.0625 0.2887 0.1200 0.3816 0.0799 
 133 0.0103 0.0087 0.0202 0.0602 0.0772 0.2152 0.1075 0.3794 0.1211 
 134 0.0073 0.0045 0.0262 0.0261 0.0417 0.4770 0.1154 0.2290 0.0729 
 135 0.0089 0.0062 0.0292 0.1002 0.1584 0.0837 0.0786 0.1416 0.3933 
 136 0.0071 0.0058 0.0193 0.2312 0.0529 0.0708 0.1368 0.1117 0.3644 
 137 0.0074 0.0052 0.0390 0.1373 0.0438 0.0898 0.0937 0.1069 0.4770 
 138 0.0080 0.0049 0.0117 0.4289 0.0642 0.0833 0.0896 0.0990 0.2104 
 139 0.0074 0.0046 0.0186 0.1846 0.1212 0.0862 0.1182 0.2813 0.1779 
 140 0.0094 0.0052 0.0158 0.1481 0.1066 0.1369 0.1076 0.1841 0.2863 
 141 0.0083 0.0055 0.0174 0.3653 0.0646 0.0922 0.1560 0.1328 0.1579 
 142 0.0078 0.0057 0.0271 0.1637 0.2010 0.0802 0.0784 0.1587 0.2773 
 143 0.0062 0.0042 0.0116 0.0939 0.0473 0.0639 0.0747 0.0943 0.6039 
 144 0.0067 0.0050 0.0380 0.0917 0.0477 0.0823 0.0792 0.1038 0.5457 
 145 0.0081 0.0066 0.0229 0.1525 0.0840 0.0902 0.1764 0.1435 0.3158 
 146 0.0095 0.0073 0.0153 0.2123 0.0617 0.1410 0.1380 0.1712 0.2437 
 147 0.0064 0.0050 0.0129 0.2191 0.0430 0.0692 0.0879 0.0933 0.4634 
 148 0.0064 0.0054 0.0266 0.2711 0.1068 0.0900 0.1276 0.1673 0.1987 
 149 0.0091 0.0053 0.0167 0.3202 0.1077 0.0914 0.0955 0.1179 0.2362 
 150 0.0067 0.0061 0.0455 0.1524 0.0568 0.1151 0.1018 0.1710 0.3445 
 151 0.0061 0.0052 0.0133 0.1208 0.0538 0.0841 0.0838 0.1296 0.5033 
 152 0.0114 0.0053 0.0224 0.2203 0.1535 0.0800 0.1450 0.1351 0.2270 
 153 0.0085 0.0045 0.0128 0.3623 0.0975 0.1221 0.0949 0.1060 0.1913 
 154 0.0067 0.0060 0.0163 0.3917 0.0911 0.0708 0.1159 0.1292 0.1723 
 155 0.0057 0.0048 0.0118 0.4487 0.0493 0.0842 0.0806 0.1298 0.1850 
 156 0.0063 0.0042 0.0186 0.2382 0.1341 0.0851 0.0719 0.1303 0.3114 
 157 0.0068 0.0045 0.0117 0.3165 0.0428 0.1486 0.0887 0.1375 0.2429 
 158 0.0094 0.0063 0.0226 0.1609 0.0709 0.0949 0.1761 0.1190 0.3398 
 159 0.0068 0.0056 0.0149 0.3440 0.0407 0.0682 0.0836 0.1027 0.3335 
 160 0.0067 0.0059 0.0151 0.4055 0.0433 0.0681 0.0843 0.1158 0.2553 
 161 0.0087 0.0047 0.0139 0.0859 0.0610 0.1229 0.1168 0.1333 0.4530 
 162 0.0082 0.0079 0.0155 0.2466 0.0700 0.1300 0.1356 0.2157 0.1706 
 163 0.0061 0.0045 0.0118 0.4035 0.0772 0.0862 0.0753 0.1067 0.2286 
 164 0.0074 0.0074 0.0130 0.3033 0.0563 0.1060 0.1027 0.2382 0.1657 
 165 0.0069 0.0058 0.0439 0.1177 0.0539 0.1095 0.0877 0.1394 0.4352 
 166 0.0153 0.0049 0.0113 0.2915 0.0956 0.1357 0.1006 0.1601 0.1850 
 167 0.0074 0.0086 0.0141 0.4831 0.0494 0.0767 0.1268 0.1261 0.1077 
 168 0.0202 0.0050 0.0121 0.2867 0.0895 0.1048 0.1166 0.1125 0.2525 
 169 0.0288 0.0072 0.0240 0.1254 0.0757 0.1420 0.2186 0.1091 0.2692 
 170 0.0063 0.0044 0.0127 0.0546 0.0796 0.0834 0.0822 0.1538 0.5231 
 171 0.0142 0.0052 0.0135 0.2551 0.0824 0.0884 0.1497 0.1792 0.2124 
 172 0.0270 0.0053 0.0193 0.1544 0.1555 0.1347 0.1140 0.1113 0.2785 
 173 0.0058 0.0052 0.0149 0.3934 0.0503 0.0664 0.0842 0.1404 0.2394 
 174 0.0064 0.0051 0.0121 0.3841 0.0405 0.0924 0.0961 0.1337 0.2296 
 175 0.0059 0.0056 0.0138 0.1206 0.0563 0.0654 0.1351 0.1025 0.4948 
 176 0.0068 0.0049 0.0369 0.0908 0.0477 0.0827 0.0792 0.1041 0.5469 
 177 0.0095 0.0052 0.0129 0.2993 0.0554 0.1974 0.1054 0.1394 0.1755 
 178 0.0062 0.0052 0.0126 0.3855 0.0436 0.0889 0.1438 0.1480 0.1662 
 179 0.0058 0.0047 0.0108 0.4680 0.0427 0.0663 0.0868 0.1173 0.1975 
 180 0.0099 0.0086 0.0176 0.2062 0.0781 0.1048 0.1314 0.1353 0.3080 
 181 0.0080 0.0060 0.0189 0.1282 0.0839 0.0887 0.1038 0.1503 0.4122 
 182 0.0064 0.0064 0.0162 0.1217 0.0741 0.0652 0.0753 0.1454 0.4893 
 183 0.0060 0.0052 0.0127 0.2032 0.0525 0.0672 0.0892 0.1189 0.4452 
 184 0.0100 0.0064 0.0175 0.0403 0.0785 0.0774 0.1756 0.4345 0.1598 
 185 0.0058 0.0041 0.0181 0.2533 0.1518 0.0571 0.0673 0.0939 0.3486 
 186 0.0055 0.0055 0.0124 0.0368 0.0572 0.1027 0.1344 0.5162 0.1293 
 187 0.0066 0.0042 0.0124 0.1488 0.0685 0.0754 0.1133 0.3358 0.2350 
 188 0.0054 0.0054 0.0131 0.0328 0.0583 0.0815 0.1175 0.5852 0.1008 
 189 0.0205 0.0045 0.0117 0.0688 0.0984 0.1059 0.2206 0.1390 0.3306 
 190 0.0054 0.0040 0.0193 0.0691 0.3153 0.0584 0.0612 0.1656 0.3018 
 191 0.0056 0.0045 0.0205 0.0596 0.0574 0.0703 0.1072 0.4873 0.1877 
 192 0.0064 0.0041 0.0134 0.0618 0.0454 0.0943 0.1213 0.3438 0.3096 
 193 0.0064 0.0046 0.0228 0.0540 0.0830 0.0866 0.1424 0.2880 0.3123 
 194 0.0067 0.0046 0.0127 0.0565 0.0868 0.0980 0.1048 0.2966 0.3333 
 195 0.0054 0.0045 0.0125 0.0951 0.1257 0.0610 0.0749 0.2351 0.3857 
 196 0.0078 0.0041 0.0203 0.0658 0.1872 0.0769 0.0831 0.2750 0.2798 
 197 0.0065 0.0059 0.0160 0.1136 0.0930 0.1090 0.2061 0.2854 0.1644 
 198 0.0078 0.0043 0.0135 0.0580 0.0952 0.1287 0.1744 0.2782 0.2398 
 199 0.0098 0.0048 0.0205 0.0425 0.2012 0.0792 0.0839 0.2119 0.3461 
 200 0.0110 0.0044 0.0295 0.0660 0.2056 0.0837 0.1356 0.2158 0.2484 
 201 0.0054 0.0043 0.0123 0.2569 0.0783 0.0649 0.0935 0.2329 0.2515 
 202 0.0052 0.0042 0.0160 0.0614 0.1124 0.0700 0.0727 0.1571 0.5010 
 203 0.0056 0.0046 0.0186 0.1756 0.0718 0.0624 0.0824 0.2571 0.3220 
 204 0.0054 0.0046 0.0158 0.0614 0.1250 0.0643 0.0718 0.3524 0.2993 
 205 0.0104 0.0047 0.0155 0.0557 0.1513 0.0809 0.0990 0.3424 0.2401 
 206 0.0053 0.0050 0.0133 0.0817 0.0925 0.0621 0.0912 0.4073 0.2416 
 207 0.0053 0.0044 0.0245 0.0382 0.1152 0.0701 0.0819 0.4361 0.2243 
 208 0.0054 0.0044 0.0165 0.1962 0.1162 0.0677 0.0864 0.3247 0.1825 
 209 0.0055 0.0043 0.0228 0.0513 0.0793 0.0753 0.1141 0.3824 0.2649 
 210 0.0055 0.0043 0.0139 0.0794 0.0747 0.0730 0.0855 0.4181 0.2455 
 211 0.0054 0.0056 0.0534 0.0524 0.1599 0.0755 0.0803 0.2840 0.2836 
 212 0.0055 0.0041 0.0143 0.0781 0.0982 0.0674 0.1106 0.1462 0.4756 
 213 0.0074 0.0044 0.0166 0.0431 0.1684 0.1440 0.0873 0.2826 0.2461 
 214 0.0054 0.0043 0.0181 0.0694 0.0744 0.0652 0.0880 0.1849 0.4902 
 215 0.0099 0.0045 0.0226 0.0553 0.1338 0.0753 0.0966 0.4384 0.1635 
 216 0.0076 0.0066 0.0175 0.0449 0.0815 0.0903 0.2001 0.3607 0.1908 
 217 0.0085 0.0043 0.0138 0.0791 0.0944 0.0652 0.1008 0.1922 0.4417 
 218 0.0095 0.0048 0.0165 0.0623 0.0770 0.0870 0.1016 0.3845 0.2568 
 219 0.0125 0.0076 0.0122 0.0868 0.0740 0.0832 0.1979 0.2282 0.2976 
 220 0.0054 0.0047 0.0173 0.0589 0.0775 0.0663 0.0811 0.4954 0.1932 
 221 0.0053 0.0041 0.0146 0.0485 0.0973 0.0600 0.0686 0.1095 0.5920 
 222 0.0077 0.0066 0.0127 0.0562 0.0655 0.0898 0.2350 0.2970 0.2296 
 223 0.0083 0.0045 0.0124 0.1540 0.0752 0.0846 0.1424 0.2424 0.2763 
 224 0.0056 0.0049 0.0139 0.0928 0.0639 0.0625 0.0907 0.3139 0.3518 
 225 0.0066 0.0045 0.0154 0.0598 0.1250 0.0758 0.0948 0.3189 0.2991 
 226 0.0799 0.0061 0.0195 0.0630 0.0844 0.0913 0.1568 0.2459 0.2531 
 227 0.0056 0.0042 0.0152 0.0863 0.1935 0.0713 0.0736 0.2551 0.2952 
 228 0.0060 0.0045 0.0190 0.1021 0.2187 0.0573 0.0694 0.1911 0.3319 
 229 0.0056 0.0045 0.0130 0.0771 0.0443 0.0664 0.0920 0.3206 0.3765 
 230 0.0055 0.0047 0.0180 0.0659 0.0520 0.0655 0.0844 0.3588 0.3452 
 231 0.0055 0.0046 0.0156 0.1079 0.0525 0.0668 0.1266 0.3219 0.2986 
 232 0.0087 0.0048 0.0157 0.0475 0.0950 0.1305 0.0980 0.2089 0.3908 
 233 0.0053 0.0046 0.0167 0.2396 0.0617 0.0652 0.0928 0.1931 0.3209 
 234 0.0064 0.0041 0.0147 0.0824 0.0542 0.0921 0.1662 0.3408 0.2392 
 235 0.0110 0.0048 0.0137 0.0616 0.1008 0.0822 0.1194 0.2351 0.3715 
 236 0.0066 0.0043 0.0175 0.0869 0.0614 0.0754 0.1202 0.2446 0.3832 
 237 0.0055 0.0044 0.0256 0.0545 0.1384 0.0705 0.0930 0.3918 0.2163 
 238 0.0053 0.0040 0.0145 0.0667 0.0648 0.0805 0.0966 0.2109 0.4567 
 239 0.0054 0.0043 0.0123 0.0955 0.1247 0.0613 0.0750 0.2344 0.3870 
 240 0.0055 0.0040 0.0146 0.0674 0.0656 0.0802 0.0972 0.2107 0.4548 
 241 0.0067 0.0050 0.0149 0.0646 0.0866 0.0722 0.0848 0.1670 0.4982 
 242 0.0122 0.0051 0.0133 0.0691 0.0998 0.0873 0.1459 0.2648 0.3023 
 243 0.0055 0.0041 0.0246 0.0686 0.2132 0.0625 0.0735 0.2626 0.2854 
 244 0.0055 0.0047 0.0183 0.0883 0.0635 0.0629 0.0863 0.2867 0.3838 
 245 0.0053 0.0042 0.0118 0.2146 0.0896 0.0808 0.0796 0.1483 0.3658 
 246 0.0085 0.0042 0.0140 0.0789 0.0946 0.0647 0.0996 0.1946 0.4409 
 247 0.0085 0.0039 0.0132 0.0360 0.0847 0.1694 0.1150 0.4440 0.1252 
 248 0.0060 0.0041 0.0212 0.0439 0.1137 0.0779 0.1004 0.4988 0.1340 
 249 0.0055 0.0045 0.0180 0.0550 0.0607 0.0689 0.0882 0.2514 0.4478 
 250 0.0064 0.0046 0.0166 0.0647 0.0515 0.0776 0.1167 0.3169 0.3449 
 251 0.0189 0.0049 0.0266 0.0608 0.1236 0.1083 0.2040 0.2523 0.2006 
 252 0.0067 0.0044 0.0117 0.0709 0.1007 0.0780 0.1045 0.2745 0.3486 
 253 0.0135 0.0046 0.0155 0.0414 0.1384 0.1199 0.1240 0.3182 0.2245 
 254 0.0064 0.0060 0.0130 0.0713 0.0784 0.0770 0.1890 0.3343 0.2245 
 255 0.0056 0.0044 0.0160 0.0610 0.0633 0.0778 0.1305 0.3389 0.3025 
 256 0.0062 0.0046 0.0179 0.0565 0.0993 0.0733 0.0999 0.2357 0.4065 
 257 0.0074 0.0089 0.0208 0.0633 0.0999 0.0844 0.1049 0.3431 0.2674 
 258 0.0064 0.0038 0.0188 0.0695 0.1818 0.0999 0.1179 0.3199 0.1820 
 259 0.0064 0.0049 0.0175 0.0534 0.0637 0.0740 0.1080 0.4022 0.2700 
 260 0.0064 0.0060 0.0131 0.0785 0.0530 0.0812 0.2044 0.2288 0.3286 
 261 0.0068 0.0042 0.0121 0.0935 0.1269 0.0744 0.1050 0.1961 0.3810 
 262 0.0079 0.0042 0.0151 0.0661 0.1807 0.0603 0.0715 0.1468 0.4474 
 263 0.0053 0.0063 0.0186 0.0544 0.0989 0.0662 0.1214 0.4531 0.1758 
 264 0.0077 0.0084 0.0167 0.0318 0.0823 0.0944 0.3294 0.3168 0.1125 
 265 0.0107 0.0044 0.0128 0.0921 0.0897 0.0798 0.1349 0.3148 0.2608 
 266 0.0054 0.0043 0.0146 0.0663 0.1059 0.0602 0.0688 0.1202 0.5543 
 267 0.0055 0.0043 0.0224 0.0628 0.0790 0.0765 0.1276 0.3034 0.3185 
 268 0.0080 0.0041 0.0203 0.0650 0.1874 0.0771 0.0831 0.2756 0.2794 
 269 0.0147 0.0045 0.0132 0.0946 0.0715 0.0905 0.2363 0.2067 0.2679 
 270 0.0060 0.0062 0.0172 0.0633 0.0795 0.0936 0.1650 0.4122 0.1570 
 271 0.0081 0.0045 0.0224 0.0598 0.1421 0.0908 0.1110 0.3714 0.1900 
 272 0.0764 0.0060 0.0291 0.0623 0.1416 0.0924 0.1268 0.2644 0.2011 
 273 0.0198 0.0257 0.0322 0.0939 0.0687 0.1233 0.1470 0.2313 0.2581 
 274 0.0140 0.0049 0.0166 0.0611 0.0927 0.0917 0.1439 0.3347 0.2404 
 275 0.0242 0.0087 0.0247 0.1137 0.0874 0.0818 0.1632 0.2890 0.2073 
 276 0.0541 0.0060 0.0309 0.0395 0.1468 0.0916 0.1153 0.2804 0.2353 
 277 0.0076 0.0046 0.0127 0.0793 0.0636 0.0854 0.1502 0.2635 0.3330 
 278 0.0099 0.0044 0.0220 0.0704 0.1803 0.0744 0.0988 0.3638 0.1761 
 279 0.0078 0.0047 0.0169 0.0652 0.0775 0.0847 0.1334 0.3110 0.2989 
 280 0.0157 0.0045 0.0137 0.0673 0.1066 0.0922 0.1670 0.2605 0.2725 
 281 0.0070 0.0048 0.0163 0.0616 0.0865 0.1071 0.1124 0.3713 0.2330 
 282 0.0067 0.0042 0.0132 0.1000 0.0514 0.0772 0.1327 0.2069 0.4077 
 283 0.0055 0.0044 0.0135 0.1226 0.0606 0.0700 0.0913 0.2066 0.4254 
 284 0.0068 0.0042 0.0210 0.1076 0.0759 0.0975 0.1224 0.3107 0.2539 
 285 0.0082 0.0042 0.0237 0.0326 0.1714 0.0945 0.1047 0.4544 0.1061 
 286 0.0054 0.0045 0.0188 0.0885 0.0634 0.0631 0.0853 0.2882 0.3828 
 287 0.0121 0.0049 0.0120 0.0725 0.0728 0.1133 0.1396 0.2944 0.2783 
 288 0.0567 0.0059 0.0195 0.0599 0.0847 0.0819 0.1305 0.3467 0.2142 
 289 0.0329 0.0075 0.0232 0.0590 0.1026 0.0955 0.1174 0.3955 0.1664 
 290 0.0073 0.0074 0.0336 0.0377 0.1417 0.0876 0.1720 0.2490 0.2637 
 291 0.0082 0.0047 0.0226 0.0598 0.1423 0.0906 0.1107 0.3710 0.1901 
 292 0.0150 0.0043 0.0128 0.0653 0.1756 0.0902 0.1310 0.1808 0.3251 
 293 0.0068 0.0055 0.0275 0.0398 0.1756 0.1060 0.2321 0.2412 0.1655 
 294 0.0083 0.0072 0.0173 0.0417 0.1424 0.0696 0.1152 0.4001 0.1982 
 295 0.0359 0.0061 0.0313 0.0762 0.1616 0.1006 0.1314 0.2593 0.1977 
 296 0.0090 0.0048 0.0217 0.0624 0.1228 0.0840 0.0844 0.4074 0.2034 
 297 0.0152 0.0048 0.0134 0.0510 0.0825 0.0967 0.1677 0.3367 0.2322 
 298 0.0065 0.0043 0.0125 0.0745 0.0438 0.0800 0.1289 0.2750 0.3745 
 299 0.0055 0.0066 0.0132 0.0539 0.0575 0.0700 0.1384 0.4661 0.1889 
 300 0.0074 0.0046 0.0198 0.0403 0.1051 0.0820 0.0972 0.4690 0.1745 
 301 0.0107 0.0061 0.0184 0.0638 0.0817 0.0805 0.2170 0.3568 0.1650 
 302 0.0085 0.0074 0.0231 0.0632 0.2256 0.0694 0.1141 0.3391 0.1496 
 303 0.0071 0.0045 0.0148 0.0744 0.0722 0.0804 0.1102 0.2604 0.3760 
 304 0.0057 0.0065 0.0172 0.2140 0.0466 0.1096 0.2060 0.1892 0.2052 
 305 0.0089 0.0049 0.0168 0.1099 0.1369 0.0659 0.0844 0.2654 0.3067 
 306 0.0107 0.0044 0.0140 0.0623 0.0781 0.0748 0.1159 0.1808 0.4590 
 307 0.0078 0.0053 0.0173 0.0588 0.0666 0.0845 0.1367 0.2930 0.3299 
 308 0.0068 0.0042 0.0119 0.0926 0.1269 0.0745 0.1050 0.1971 0.3809 
 309 0.0160 0.0189 0.0400 0.0780 0.0860 0.0859 0.0884 0.4320 0.1549 
 310 0.0054 0.0042 0.0182 0.0690 0.1227 0.0639 0.0858 0.2516 0.3792 
 311 0.0055 0.0047 0.0178 0.0668 0.0521 0.0655 0.0844 0.3583 0.3451 
 312 0.0054 0.0041 0.0179 0.0598 0.0880 0.0728 0.0740 0.5030 0.1749 
 313 0.0064 0.0045 0.0181 0.0413 0.2428 0.0703 0.0792 0.3944 0.1429 
 314 0.0087 0.0046 0.0147 0.3065 0.0881 0.0668 0.0778 0.0897 0.3432 
 315 0.0125 0.0042 0.0113 0.4011 0.0965 0.0819 0.0994 0.0922 0.2009 
 316 0.0215 0.0065 0.0127 0.4497 0.0579 0.0862 0.1181 0.0974 0.1500 
 317 0.0089 0.0048 0.0146 0.3588 0.0509 0.0666 0.0824 0.0913 0.3218 
 318 0.0080 0.0047 0.0117 0.5382 0.0360 0.0679 0.0868 0.0903 0.1564 
 319 0.0061 0.0050 0.0120 0.1450 0.0489 0.0639 0.0755 0.0986 0.5449 
 320 0.0086 0.0046 0.0148 0.3086 0.0882 0.0666 0.0776 0.0890 0.3421 
 321 0.0088 0.0050 0.0146 0.3983 0.0474 0.0696 0.0883 0.0900 0.2780 
 322 0.0214 0.0070 0.0148 0.2583 0.0939 0.0844 0.1071 0.1005 0.3125 
 323 0.0067 0.0098 0.0112 0.4657 0.0384 0.0670 0.0875 0.0954 0.2183 
 324 0.0086 0.0047 0.0147 0.3969 0.0470 0.0697 0.0893 0.0907 0.2785 
 325 0.0194 0.0048 0.0119 0.4829 0.0533 0.0831 0.1106 0.0940 0.1400 
 326 0.0363 0.0087 0.0141 0.4558 0.0548 0.0832 0.1076 0.0931 0.1463 
 327 0.0089 0.0049 0.0144 0.3576 0.0510 0.0669 0.0820 0.0913 0.3230 
 328 0.0144 0.0046 0.0133 0.2728 0.0757 0.0841 0.1086 0.1046 0.3221 
 329 0.0062 0.0046 0.0111 0.3890 0.0362 0.0673 0.0848 0.0893 0.3114 
 330 0.0089 0.0050 0.0145 0.3571 0.0510 0.0673 0.0826 0.0906 0.3231 
 331 0.0065 0.0046 0.0108 0.4850 0.0373 0.0675 0.0859 0.0977 0.2047 
 332 0.0249 0.0112 0.0130 0.4614 0.0535 0.0826 0.1157 0.0932 0.1445 
 333 0.0251 0.0092 0.0129 0.4088 0.0594 0.0826 0.1052 0.1023 0.1946 
 334 0.0148 0.0045 0.0131 0.2756 0.0754 0.0839 0.1091 0.1049 0.3187 
 335 0.0144 0.0047 0.0129 0.2403 0.0800 0.0795 0.0987 0.0949 0.3746 
 336 0.0090 0.0103 0.0129 0.4698 0.0648 0.0691 0.0867 0.0883 0.1891 
 337 0.0231 0.0048 0.0155 0.3512 0.0739 0.0854 0.1123 0.0954 0.2384 
 338 0.0084 0.0049 0.0119 0.5345 0.0360 0.0687 0.0880 0.0895 0.1583 
 339 0.0065 0.0044 0.0109 0.4871 0.0380 0.0666 0.0853 0.0973 0.2039 
 340 0.0063 0.0045 0.0109 0.4562 0.0408 0.0661 0.0799 0.0989 0.2365 
 341 0.0100 0.0108 0.0132 0.4124 0.0401 0.0679 0.0846 0.0973 0.2636 
 342 0.0089 0.0050 0.0145 0.3582 0.0516 0.0670 0.0830 0.0909 0.3208 
 343 0.0157 0.0113 0.0137 0.2174 0.1268 0.0798 0.1015 0.0903 0.3436 
 344 0.0067 0.0046 0.0111 0.4991 0.0362 0.0676 0.0849 0.0891 0.2006 
 345 0.0088 0.0051 0.0145 0.3592 0.0511 0.0672 0.0821 0.0909 0.3211 
 346 0.0078 0.0046 0.0118 0.5217 0.0390 0.0666 0.0823 0.0904 0.1758 
 347 0.0063 0.0045 0.0108 0.4688 0.0388 0.0655 0.0799 0.0902 0.2353 
 348 0.0124 0.0043 0.0130 0.1961 0.1375 0.0759 0.0888 0.0929 0.3791 
 349 0.0087 0.0051 0.0148 0.3585 0.0516 0.0665 0.0821 0.0914 0.3213 
 350 0.0061 0.0043 0.0113 0.3870 0.0638 0.0674 0.0817 0.0971 0.2812 
 351 0.0144 0.0046 0.0128 0.2382 0.0793 0.0800 0.0985 0.0954 0.3769 
 352 0.0228 0.0049 0.0154 0.3159 0.0836 0.0820 0.1019 0.0959 0.2776 
 353 0.0087 0.0104 0.0125 0.4697 0.0646 0.0689 0.0862 0.0878 0.1912 
 354 0.0073 0.0055 0.0121 0.4792 0.0371 0.0686 0.0874 0.0912 0.2116 
 355 0.0078 0.0046 0.0119 0.5370 0.0359 0.0682 0.0871 0.0899 0.1577 
 356 0.0119 0.0039 0.0120 0.0760 0.1220 0.0748 0.0866 0.0904 0.5225 
 357 0.0167 0.0044 0.0128 0.2557 0.0582 0.1051 0.2422 0.1161 0.1887 
 358 0.0151 0.0047 0.0113 0.4495 0.0527 0.0838 0.1100 0.0941 0.1786 
 359 0.0066 0.0047 0.0109 0.4817 0.0375 0.0683 0.0855 0.0970 0.2077 
 360 0.0080 0.0047 0.0114 0.5197 0.0387 0.0666 0.0823 0.0903 0.1784 
 361 0.0165 0.0045 0.0148 0.0843 0.0768 0.1057 0.2358 0.1183 0.3433 
 362 0.0219 0.0049 0.0144 0.0628 0.0829 0.2213 0.1807 0.2788 0.1324 
 363 0.0126 0.0071 0.0179 0.0370 0.0700 0.2518 0.2109 0.2831 0.1097 
 364 0.0093 0.0144 0.0265 0.0823 0.0673 0.0963 0.2622 0.1773 0.2645 
 365 0.0193 0.0146 0.0403 0.0414 0.0622 0.1869 0.3412 0.1657 0.1284 
 366 0.0165 0.0057 0.0223 0.0475 0.1678 0.0986 0.2551 0.1876 0.1990 
 367 0.0111 0.0047 0.0149 0.0308 0.0449 0.4676 0.1465 0.1936 0.0859 
 368 0.0081 0.0048 0.0159 0.0424 0.0455 0.1360 0.1527 0.4580 0.1366 
 369 0.0108 0.0072 0.0264 0.0629 0.1488 0.0974 0.2044 0.1757 0.2664 
 370 0.0139 0.0125 0.0302 0.0507 0.0562 0.1453 0.1528 0.3967 0.1418 
 371 0.0098 0.0108 0.0268 0.0600 0.0753 0.1029 0.2654 0.2757 0.1734 
 372 0.0184 0.0420 0.0467 0.0604 0.0666 0.1218 0.1055 0.3689 0.1698 
 373 0.0073 0.0054 0.0230 0.0439 0.0566 0.2576 0.1715 0.2126 0.2222 
 374 0.0223 0.0060 0.0372 0.0535 0.0532 0.1429 0.2149 0.1686 0.3013 
 375 0.0116 0.0160 0.0238 0.0365 0.0436 0.1785 0.2888 0.2982 0.1031 
 376 0.0134 0.1035 0.0156 0.0340 0.0494 0.2338 0.3228 0.1281 0.0993 
 377 0.0152 0.0064 0.0218 0.0728 0.0828 0.1391 0.2007 0.3519 0.1093 
 378 0.0079 0.0053 0.0201 0.1176 0.0646 0.3590 0.0952 0.1598 0.1705 
 379 0.0165 0.1839 0.0193 0.0311 0.0553 0.2184 0.2438 0.1419 0.0899 
 380 0.0463 0.0107 0.0198 0.0511 0.0934 0.1525 0.2413 0.1381 0.2468 
 381 0.0103 0.0084 0.0169 0.0394 0.1227 0.1028 0.3611 0.1025 0.2359 
 382 0.0080 0.0047 0.0143 0.0489 0.0417 0.1985 0.3768 0.2080 0.0992 
 383 0.0653 0.0141 0.0195 0.1758 0.0493 0.1198 0.2847 0.1587 0.1130 
 384 0.0217 0.0560 0.0274 0.0915 0.0484 0.1463 0.3112 0.1582 0.1394 
 385 0.0073 0.0059 0.2041 0.1718 0.0403 0.0940 0.1965 0.1529 0.1272 
 386 0.0093 0.0041 0.0143 0.0353 0.0546 0.3093 0.2506 0.2112 0.1114 
 387 0.0089 0.0044 0.0167 0.0524 0.0651 0.2651 0.2872 0.1887 0.1114 
 388 0.0134 0.0144 0.0420 0.0868 0.0432 0.1446 0.2235 0.2079 0.2241 
 389 0.0098 0.0099 0.1082 0.0476 0.1438 0.0866 0.1288 0.3489 0.1163 
 390 0.0333 0.0189 0.0262 0.0363 0.1312 0.3515 0.1447 0.1493 0.1089 
 391 0.0199 0.0125 0.1070 0.0405 0.0994 0.1636 0.1479 0.2249 0.1844 
 392 0.0079 0.0074 0.0122 0.0642 0.0683 0.2322 0.2530 0.1795 0.1752 
 393 0.0378 0.0078 0.0156 0.0528 0.1172 0.2421 0.2455 0.1097 0.1714 
 394 0.0155 0.0045 0.0121 0.1242 0.0633 0.2536 0.1451 0.1805 0.2010 
 395 0.0213 0.0040 0.0133 0.0410 0.1312 0.2188 0.1431 0.3040 0.1233 
 396 0.0066 0.0055 0.0157 0.0291 0.0465 0.2176 0.2696 0.3169 0.0926 
 397 0.0069 0.0691 0.0131 0.0575 0.0704 0.0831 0.2114 0.2533 0.2352 
 398 0.0255 0.0374 0.0120 0.0326 0.0646 0.4246 0.1650 0.1430 0.0953 
 399 0.0249 0.0049 0.0309 0.0403 0.0840 0.3482 0.1137 0.2382 0.1149 
 400 0.0077 0.0064 0.0179 0.0339 0.0573 0.3030 0.2689 0.1334 0.1715 
 401 0.0074 0.0044 0.0167 0.0427 0.1188 0.3733 0.0968 0.1817 0.1581 
 402 0.0072 0.0064 0.0218 0.0484 0.1262 0.1788 0.2019 0.2542 0.1552 
 403 0.0109 0.0067 0.0391 0.1286 0.0637 0.1309 0.1471 0.1713 0.3017 
 404 0.0077 0.0068 0.0262 0.0388 0.0469 0.1338 0.2654 0.2768 0.1976 
 405 0.0180 0.0042 0.0142 0.0438 0.0843 0.1627 0.2521 0.2447 0.1761 
 406 0.1695 0.0041 0.0141 0.0370 0.1546 0.1071 0.1241 0.1477 0.2417 
 407 0.0198 0.0042 0.0136 0.0289 0.0481 0.2712 0.3573 0.1620 0.0947 
 408 0.0058 0.0040 0.0145 0.0275 0.1558 0.2645 0.0850 0.3517 0.0913 
 409 0.0331 0.0102 0.0197 0.0399 0.1080 0.1798 0.1299 0.1179 0.3616 
 410 0.0211 0.0766 0.0192 0.0522 0.0702 0.2912 0.1694 0.1528 0.1473 
 411 0.0091 0.0158 0.0136 0.1017 0.1045 0.1539 0.3342 0.1478 0.1193 
 412 0.0076 0.0047 0.0158 0.0399 0.0442 0.1765 0.2025 0.3828 0.1259 
 413 0.0068 0.0046 0.0130 0.1067 0.0505 0.2149 0.1340 0.3086 0.1610 
 414 0.0061 0.0041 0.0252 0.0443 0.0441 0.1914 0.2189 0.3901 0.0759 
 415 0.0144 0.0052 0.0157 0.0298 0.1219 0.2143 0.2932 0.1636 0.1419 
 416 0.0077 0.0056 0.0375 0.0376 0.1006 0.2791 0.1761 0.1465 0.2093 
 417 0.0762 0.0060 0.0146 0.0341 0.0587 0.2778 0.2363 0.1776 0.1188 
 418 0.0080 0.0067 0.0142 0.0335 0.0410 0.3156 0.1973 0.2787 0.1049 
 419 0.0138 0.0100 0.0333 0.0635 0.0720 0.2097 0.1716 0.1784 0.2478 
 420 0.0067 0.0040 0.0155 0.0277 0.1975 0.3662 0.0937 0.1664 0.1223 
 421 0.0305 0.0059 0.0151 0.0346 0.0587 0.2823 0.1513 0.2951 0.1266 
 422 0.0251 0.0059 0.0160 0.0372 0.1347 0.1990 0.1522 0.2887 0.1412 
 423 0.0160 0.0073 0.0139 0.0550 0.0753 0.1747 0.2675 0.2540 0.1364 
 424 0.0227 0.0072 0.0405 0.0491 0.1528 0.2560 0.1417 0.1893 0.1407 
 425 0.0119 0.0185 0.0572 0.0623 0.0590 0.1392 0.2929 0.1934 0.1656 
 426 0.0341 0.0297 0.0445 0.0704 0.0630 0.2319 0.1879 0.1865 0.1522 
 427 0.0236 0.0045 0.0120 0.1341 0.0537 0.3875 0.1856 0.1114 0.0876 
 428 0.0666 0.0170 0.0146 0.0599 0.1078 0.1887 0.1527 0.1579 0.2348 
 429 0.0097 0.0056 0.0117 0.0302 0.0436 0.3612 0.2805 0.1699 0.0875 
 430 0.0386 0.0050 0.0146 0.0342 0.0744 0.2872 0.2512 0.1891 0.1056 
 431 0.0178 0.0095 0.0280 0.0752 0.0615 0.1875 0.1680 0.3115 0.1409 
 432 0.0077 0.0051 0.0153 0.0436 0.0515 0.1750 0.1532 0.4014 0.1474 
 433 0.0074 0.0073 0.0145 0.0823 0.0671 0.1055 0.1276 0.2849 0.3035 
 434 0.0079 0.0050 0.0183 0.0473 0.0741 0.1249 0.2541 0.2468 0.2216 
 435 0.0536 0.0043 0.0120 0.0326 0.0794 0.3529 0.2053 0.1663 0.0937 
 436 0.1336 0.0071 0.0145 0.0338 0.0883 0.2973 0.1992 0.0803 0.1459 
 437 0.0139 0.0065 0.0117 0.0339 0.0563 0.1215 0.4770 0.1777 0.1014 
 438 0.0788 0.0050 0.0149 0.0357 0.1758 0.2894 0.1185 0.1202 0.1617 
 439 0.0668 0.0046 0.0131 0.0356 0.0636 0.3611 0.2445 0.0952 0.1155 
 440 0.1256 0.0039 0.0148 0.0279 0.0691 0.2975 0.2584 0.1228 0.0800 
 441 0.0223 0.0048 0.0150 0.0501 0.0719 0.2688 0.2642 0.1340 0.1690 
 442 0.0079 0.0059 0.0360 0.0277 0.0812 0.2365 0.2768 0.2096 0.1183 
 443 0.0162 0.0040 0.0186 0.0286 0.1883 0.4169 0.1196 0.1169 0.0911 
 444 0.0138 0.0060 0.0332 0.0279 0.1071 0.2155 0.3062 0.1768 0.1136 
 445 0.0192 0.0374 0.0147 0.0389 0.1263 0.2568 0.1801 0.1079 0.2187 
 446 0.0357 0.0416 0.0140 0.0346 0.0515 0.4672 0.1551 0.0996 0.1007 
 447 0.1036 0.0056 0.0462 0.0401 0.1154 0.1796 0.1886 0.1390 0.1818 
 448 0.0210 0.0046 0.0151 0.0343 0.0754 0.2424 0.2990 0.1961 0.1122 
 449 0.0218 0.0049 0.0154 0.0428 0.0702 0.2056 0.3021 0.1743 0.1630 
 450 0.0091 0.0071 0.0183 0.0482 0.0409 0.1981 0.4085 0.1197 0.1501 
 451 0.0123 0.0048 0.0161 0.0283 0.0695 0.2643 0.1627 0.3617 0.0802 
 452 0.0113 0.0052 0.0137 0.0462 0.0442 0.3067 0.3055 0.1135 0.1538 
 453 0.0101 0.0043 0.0247 0.0322 0.3022 0.1850 0.1151 0.1695 0.1568 
 454 0.0218 0.0045 0.0129 0.0653 0.0661 0.2473 0.3025 0.1430 0.1363 
 455 0.0769 0.0043 0.0148 0.0306 0.1246 0.3424 0.1926 0.1129 0.1010 
 456 0.0230 0.0054 0.0164 0.0297 0.2037 0.2554 0.2393 0.1303 0.0967 
 457 0.0255 0.0055 0.0126 0.0353 0.0628 0.1717 0.4238 0.1486 0.1143 
 458 0.0210 0.0389 0.0144 0.0353 0.0590 0.3659 0.2400 0.1094 0.1160 
 459 0.0266 0.0044 0.0149 0.0444 0.0685 0.3972 0.1654 0.0999 0.1789 
 460 0.0188 0.0042 0.0141 0.0330 0.0670 0.5023 0.1586 0.1083 0.0937 
 461 0.0087 0.0058 0.0143 0.0339 0.0400 0.4985 0.1846 0.1207 0.0935 
 462 0.0150 0.0075 0.0571 0.0282 0.1272 0.2389 0.2514 0.1998 0.0749 
 463 0.0827 0.0039 0.0139 0.0372 0.3162 0.1550 0.1313 0.1334 0.1264 
 464 0.0198 0.0039 0.0123 0.0291 0.1252 0.4574 0.1303 0.1253 0.0969 
 465 0.0129 0.0064 0.0153 0.0356 0.0946 0.3565 0.1623 0.2003 0.1161 
 466 0.0211 0.0040 0.0131 0.0298 0.2159 0.3083 0.1362 0.1678 0.1039 
 467 0.0168 0.0049 0.0166 0.0407 0.1249 0.2990 0.1950 0.1664 0.1356 
 468 0.1196 0.0050 0.0125 0.0299 0.1559 0.1422 0.3097 0.1261 0.0990 
 469 0.2637 0.0044 0.0143 0.0346 0.0614 0.2394 0.1875 0.0990 0.0955 
 470 0.0822 0.0043 0.0109 0.0327 0.0673 0.4227 0.1628 0.1227 0.0943 
 471 0.0101 0.0055 0.0265 0.0328 0.1565 0.2648 0.1999 0.1840 0.1198 
 472 0.0096 0.0056 0.0186 0.0315 0.1285 0.2414 0.2530 0.1896 0.1222 
 473 0.0245 0.0049 0.0133 0.0446 0.0875 0.1657 0.2776 0.2276 0.1543 
 474 0.0107 0.0047 0.0140 0.0405 0.0834 0.3057 0.2660 0.1111 0.1640 
 475 0.0132 0.0048 0.0149 0.0478 0.0734 0.3473 0.1470 0.1733 0.1783 
 476 0.0141 0.0063 0.0136 0.0323 0.0934 0.2468 0.3806 0.0979 0.1150 
 477 0.0155 0.0063 0.0292 0.0368 0.1082 0.2991 0.1733 0.1791 0.1526 
 478 0.0122 0.0069 0.0322 0.0333 0.0585 0.4759 0.1172 0.1771 0.0866 
 479 0.0230 0.0043 0.0139 0.0322 0.0566 0.3384 0.3131 0.1258 0.0927 
 480 0.0211 0.0052 0.0117 0.0335 0.0525 0.2341 0.4321 0.1038 0.1060 
 481 0.0099 0.0048 0.0273 0.0320 0.0735 0.1818 0.2584 0.2946 0.1178 
 482 0.0109 0.0052 0.0115 0.0319 0.0430 0.3753 0.3146 0.1150 0.0926 
 483 0.1036 0.0052 0.0138 0.0363 0.0583 0.3607 0.1981 0.1048 0.1191 
 484 0.0884 0.0050 0.0185 0.0364 0.1877 0.2510 0.1675 0.1350 0.1105 
 485 0.3118 0.0049 0.0134 0.0326 0.0601 0.2538 0.1261 0.1036 0.0937 
 486 0.0073 0.0076 0.0461 0.0418 0.1672 0.1452 0.1815 0.2614 0.1420 
 487 0.0078 0.0081 0.0417 0.0849 0.1011 0.1045 0.2288 0.2292 0.1939 
 488 0.0078 0.0075 0.0892 0.0984 0.0811 0.1231 0.1457 0.3164 0.1308 
 489 0.0058 0.0069 0.0217 0.0475 0.1015 0.0734 0.2508 0.2332 0.2592 
 490 0.0083 0.0055 0.0280 0.0342 0.1478 0.2358 0.1953 0.2486 0.0964 
 491 0.0063 0.0064 0.0586 0.0497 0.0791 0.0834 0.1404 0.3016 0.2746 
 492 0.0074 0.0045 0.0597 0.1150 0.1153 0.1550 0.1106 0.1850 0.2474 
 493 0.0067 0.0090 0.0815 0.0939 0.0957 0.0812 0.1881 0.3370 0.1069 
 494 0.0124 0.0210 0.0496 0.0432 0.0945 0.0997 0.1761 0.2356 0.2679 
 495 0.0082 0.0216 0.1469 0.0888 0.1248 0.1443 0.1307 0.1563 0.1784 
 496 0.0081 0.0047 0.0129 0.0603 0.0876 0.1117 0.1249 0.2024 0.3873 
 497 0.0066 0.0124 0.1091 0.1034 0.0686 0.0759 0.1744 0.2695 0.1801 
 498 0.0081 0.0080 0.0753 0.0317 0.0976 0.1240 0.1981 0.2743 0.1828 
 499 0.0075 0.0139 0.0253 0.0949 0.0917 0.0840 0.1775 0.2087 0.2965 
 500 0.0120 0.0109 0.0195 0.0578 0.0938 0.0868 0.2967 0.2751 0.1473 
 501 0.0084 0.0082 0.0206 0.0527 0.0512 0.1424 0.2270 0.1887 0.3008 
 502 0.0082 0.0064 0.0446 0.0620 0.0421 0.1675 0.1506 0.2082 0.3105 
 503 0.0097 0.0060 0.0153 0.0389 0.0655 0.1348 0.3110 0.2823 0.1366 
 504 0.0078 0.0073 0.1167 0.0352 0.0982 0.1690 0.1299 0.2874 0.1485 
 505 0.0106 0.0065 0.0340 0.0411 0.1253 0.0917 0.1197 0.3008 0.2704 
 506 0.0061 0.0056 0.0481 0.0525 0.0574 0.1665 0.1232 0.2321 0.3086 
 507 0.0063 0.0056 0.0122 0.0843 0.1031 0.0692 0.0830 0.1328 0.5036 
 508 0.0061 0.0104 0.0217 0.1347 0.1296 0.0698 0.0820 0.1610 0.3847 
 509 0.0080 0.0057 0.0228 0.0702 0.1079 0.0969 0.1126 0.2593 0.3166 
 510 0.0066 0.0137 0.0187 0.0713 0.0601 0.0942 0.2136 0.1883 0.3335 
 511 0.0302 0.0094 0.0379 0.0335 0.0852 0.2245 0.2189 0.1862 0.1742 
 512 0.0081 0.0064 0.0245 0.0324 0.0481 0.2340 0.3552 0.1813 0.1100 
 513 0.0057 0.0054 0.3933 0.0490 0.0932 0.0694 0.0683 0.1861 0.1294 
 514 0.0076 0.0062 0.0179 0.0680 0.0675 0.2594 0.1087 0.3231 0.1416 
 515 0.0206 0.0093 0.0191 0.0992 0.1405 0.1542 0.2085 0.1516 0.1970 
 516 0.0091 0.0073 0.0223 0.0371 0.1146 0.1364 0.1005 0.3877 0.1850 
 517 0.0153 0.0057 0.0142 0.0661 0.1850 0.1846 0.1139 0.1902 0.2250 
 518 0.0065 0.0516 0.0156 0.1144 0.0506 0.0943 0.2335 0.2177 0.2159 
 519 0.0085 0.0051 0.0291 0.0398 0.0701 0.2637 0.1186 0.2708 0.1942 
 520 0.0875 0.0060 0.0133 0.0748 0.1852 0.0938 0.1104 0.1313 0.2977 
 521 0.0061 0.0046 0.0137 0.2432 0.0666 0.1350 0.1004 0.2690 0.1613 
 522 0.0118 0.0185 0.0172 0.0586 0.2090 0.1260 0.2812 0.1609 0.1168 
 523 0.0113 0.0061 0.0138 0.0736 0.2919 0.1418 0.0927 0.1484 0.2203 
 524 0.1082 0.0062 0.0128 0.0727 0.1449 0.1549 0.1319 0.2109 0.1575 
 525 0.0191 0.0616 0.0133 0.0850 0.1036 0.1157 0.1691 0.1597 0.2728 
 526 0.1717 0.0047 0.0122 0.0390 0.2349 0.1065 0.1014 0.1453 0.1842 
 527 0.0072 0.0540 0.0283 0.0585 0.0482 0.1651 0.2602 0.2506 0.1279 
 528 0.0056 0.0041 0.0133 0.3387 0.0695 0.0829 0.0970 0.2379 0.1509 
 529 0.0065 0.0656 0.0232 0.0692 0.0714 0.1112 0.1188 0.3239 0.2101 
 530 0.0127 0.0057 0.0233 0.0551 0.1265 0.1426 0.2894 0.1628 0.1820 
 531 0.0160 0.0055 0.0160 0.2574 0.0882 0.1596 0.1567 0.1379 0.1627 
 532 0.0062 0.0114 0.0201 0.2306 0.1009 0.0910 0.1530 0.2579 0.1289 
 533 0.0165 0.0508 0.0152 0.0596 0.1300 0.1226 0.1902 0.2575 0.1575 
 534 0.0074 0.0628 0.0333 0.0848 0.2050 0.0896 0.0750 0.2536 0.1885 
 535 0.0140 0.0046 0.0147 0.0389 0.2233 0.2185 0.1168 0.1865 0.1826 
 536 0.0239 0.0056 0.0201 0.0423 0.0885 0.1701 0.1473 0.1939 0.3083 
 537 0.0083 0.0056 0.0224 0.0475 0.1160 0.1117 0.1162 0.1581 0.4143 
 538 0.0133 0.0042 0.0148 0.0426 0.1200 0.1027 0.1287 0.2371 0.3364 
 539 0.0053 0.0042 0.0136 0.0541 0.0583 0.0655 0.0951 0.1459 0.5580 
 540 0.0167 0.0051 0.0145 0.1621 0.1482 0.1024 0.1509 0.2470 0.1531 
 541 0.0094 0.0066 0.0221 0.1850 0.1011 0.1340 0.1460 0.1396 0.2563 
 542 0.0157 0.0049 0.0267 0.0323 0.2242 0.1754 0.1468 0.2081 0.1658 
 543 0.0175 0.0069 0.0289 0.1302 0.2349 0.1635 0.0972 0.1623 0.1587 
 544 0.0110 0.0041 0.0165 0.0530 0.3190 0.1305 0.1229 0.1608 0.1822 
 545 0.0446 0.0047 0.0235 0.0295 0.3235 0.1775 0.1226 0.1589 0.1153 
 546 0.0072 0.0047 0.0311 0.0603 0.1834 0.1257 0.1338 0.2404 0.2133 
 547 0.0151 0.0044 0.0207 0.0422 0.3361 0.1222 0.0876 0.1116 0.2602 
 548 0.0065 0.0043 0.0166 0.0643 0.0516 0.0777 0.1146 0.3193 0.3450 
 549 0.0265 0.0059 0.0163 0.0444 0.0971 0.1550 0.1171 0.0986 0.4391 
 550 0.0571 0.0041 0.0198 0.0314 0.2339 0.2053 0.1293 0.1404 0.1788 
 551 0.0101 0.0060 0.0162 0.0572 0.0702 0.1262 0.1081 0.1121 0.4940 
 552 0.0070 0.0046 0.0143 0.0481 0.1377 0.0864 0.1268 0.2399 0.3352 
 553 0.0140 0.0070 0.0297 0.0727 0.3575 0.1016 0.0798 0.1290 0.2087 
 554 0.0113 0.0073 0.0179 0.1461 0.1155 0.1220 0.2296 0.2350 0.1154 
 555 0.0108 0.0055 0.0371 0.0560 0.1038 0.0885 0.1212 0.1693 0.4079 
 556 0.0077 0.0051 0.0170 0.0437 0.1149 0.1133 0.1282 0.2546 0.3155 
 557 0.0438 0.0044 0.0192 0.0519 0.1379 0.2625 0.1484 0.1418 0.1901 
 558 0.0129 0.0051 0.0118 0.0321 0.0397 0.3920 0.3087 0.1022 0.0955 
 559 0.0067 0.0050 0.0146 0.0386 0.0974 0.1526 0.1357 0.4087 0.1406 
 560 0.0189 0.0041 0.0262 0.0267 0.0536 0.4410 0.1292 0.2222 0.0782 
 561 0.0110 0.0049 0.0239 0.0327 0.0936 0.2670 0.2016 0.2658 0.0994 
 562 0.0173 0.0054 0.0240 0.0273 0.1136 0.2054 0.1911 0.3392 0.0767 
 563 0.0113 0.0073 0.0413 0.0400 0.0695 0.2931 0.1152 0.1496 0.2727 
 564 0.0120 0.0069 0.0170 0.0635 0.1548 0.0961 0.1467 0.3958 0.1072 
 565 0.0272 0.0044 0.0127 0.0332 0.0465 0.2566 0.3761 0.1341 0.1092 
 566 0.0138 0.0039 0.0170 0.0280 0.0528 0.4167 0.2002 0.1891 0.0784 
 567 0.0103 0.0047 0.0174 0.0323 0.0696 0.0925 0.1372 0.5347 0.1012 
 568 0.0116 0.0045 0.0123 0.0420 0.0992 0.2492 0.1366 0.3040 0.1405 
 569 0.0135 0.0060 0.0139 0.0630 0.1458 0.1684 0.2935 0.1893 0.1066 
 570 0.0127 0.0059 0.0120 0.0307 0.0451 0.1761 0.4571 0.1784 0.0820 
 571 0.0158 0.0044 0.0140 0.0417 0.0620 0.3236 0.1179 0.3074 0.1132 
 572 0.0112 0.0039 0.0206 0.0483 0.2790 0.0932 0.1711 0.1239 0.2488 
 573 0.0971 0.0058 0.0139 0.0500 0.0940 0.0953 0.1299 0.3895 0.1244 
 574 0.0120 0.0057 0.0162 0.0624 0.0778 0.1069 0.3813 0.1455 0.1923 
 575 0.0092 0.0046 0.0145 0.0438 0.0548 0.2872 0.1231 0.2495 0.2134 
 576 0.0134 0.0047 0.0331 0.0307 0.0462 0.3197 0.2207 0.2527 0.0788 
 577 0.0078 0.0062 0.0164 0.0425 0.0592 0.1306 0.3439 0.1645 0.2288 
 578 0.0202 0.0046 0.0321 0.0401 0.0708 0.2633 0.1866 0.2655 0.1168 
 579 0.0098 0.0049 0.0313 0.0463 0.0765 0.2211 0.2387 0.2786 0.0929 
