   1 0.0075 0.0188 0.0799 0.0961 0.2065 0.2805 0.1582 0.1526 
   2 0.0053 0.0103 0.0231 0.0502 0.1288 0.1079 0.5166 0.1578 
   3 0.0092 0.0231 0.0198 0.0602 0.2997 0.2579 0.1713 0.1588 
   4 0.0133 0.0219 0.0171 0.3167 0.0920 0.2277 0.1643 0.1470 
   5 0.0067 0.0111 0.0277 0.0604 0.1701 0.0909 0.4610 0.1721 
   6 0.0071 0.0119 0.0171 0.0703 0.4962 0.0798 0.1412 0.1763 
   7 0.0083 0.0141 0.0205 0.0528 0.2072 0.0992 0.1129 0.4850 
   8 0.0390 0.0239 0.0221 0.2148 0.1884 0.1828 0.1301 0.1989 
   9 0.0147 0.0131 0.0442 0.0561 0.2365 0.2077 0.2820 0.1457 
  10 0.0109 0.0126 0.0293 0.1914 0.2734 0.1176 0.1217 0.2433 
  11 0.0056 0.0160 0.0551 0.0467 0.2189 0.1149 0.1141 0.4287 
  12 0.0062 0.0106 0.0216 0.0812 0.1956 0.1253 0.3920 0.1676 
  13 0.0095 0.0129 0.0221 0.0613 0.2399 0.1786 0.2201 0.2556 
  14 0.0048 0.0216 0.0200 0.0845 0.1521 0.1434 0.4474 0.1262 
  15 0.0075 0.0321 0.0185 0.1403 0.1290 0.2173 0.2538 0.2016 
  16 0.0057 0.0161 0.0410 0.0520 0.3605 0.1771 0.1341 0.2134 
  17 0.0138 0.0148 0.0259 0.0724 0.3292 0.1345 0.2553 0.1541 
  18 0.0154 0.0287 0.0276 0.0968 0.2338 0.1555 0.3115 0.1306 
  19 0.0066 0.0118 0.0218 0.0611 0.4183 0.1279 0.1590 0.1934 
  20 0.0069 0.0237 0.0255 0.0829 0.1517 0.1326 0.2997 0.2772 
  21 0.0061 0.0161 0.0364 0.1349 0.1410 0.1997 0.3323 0.1335 
  22 0.0094 0.0121 0.0207 0.0593 0.4374 0.1762 0.1451 0.1398 
  23 0.0117 0.0283 0.0397 0.0782 0.1104 0.3382 0.2618 0.1316 
  24 0.0057 0.0164 0.0330 0.0753 0.2302 0.3216 0.1449 0.1730 
  25 0.0076 0.0214 0.0193 0.0458 0.2925 0.0822 0.2222 0.3089 
  26 0.0112 0.0182 0.0247 0.1115 0.2487 0.1851 0.2472 0.1534 
  27 0.0083 0.0138 0.0344 0.0751 0.2913 0.1727 0.2390 0.1655 
  28 0.0066 0.0151 0.0415 0.2789 0.1440 0.1437 0.1484 0.2218 
  29 0.0049 0.0109 0.0343 0.0472 0.1546 0.1766 0.2903 0.2812 
  30 0.0057 0.0143 0.0299 0.0489 0.4142 0.1637 0.1937 0.1296 
  31 0.0213 0.0119 0.0309 0.1526 0.1763 0.1157 0.2771 0.2141 
  32 0.0065 0.0211 0.0189 0.1113 0.2363 0.2056 0.2345 0.1658 
  33 0.0065 0.0154 0.0484 0.0540 0.2107 0.2831 0.1567 0.2253 
  34 0.0092 0.0197 0.0540 0.1410 0.1991 0.0803 0.1174 0.3793 
  35 0.0174 0.0108 0.0616 0.0412 0.2424 0.1487 0.3571 0.1209 
  36 0.0058 0.1134 0.0769 0.0438 0.1324 0.2352 0.2603 0.1322 
  37 0.0102 0.0116 0.0210 0.0710 0.1520 0.3289 0.2419 0.1633 
  38 0.0058 0.2309 0.1435 0.0354 0.0975 0.1072 0.1654 0.2144 
  39 0.0099 0.0241 0.1107 0.0557 0.1650 0.1336 0.2724 0.2286 
  40 0.0050 0.0193 0.0379 0.0524 0.1539 0.3663 0.2612 0.1039 
  41 0.0080 0.0243 0.2360 0.0355 0.1249 0.2063 0.1906 0.1742 
  42 0.0055 0.0481 0.1142 0.0545 0.0949 0.4466 0.1305 0.1057 
  43 0.0109 0.0111 0.0349 0.0530 0.1081 0.2966 0.3136 0.1718 
  44 0.0100 0.0094 0.0525 0.0335 0.1844 0.1973 0.3926 0.1204 
  45 0.0058 0.0496 0.1607 0.0352 0.1088 0.1288 0.3775 0.1337 
  46 0.0154 0.0132 0.0337 0.0603 0.2779 0.0993 0.3310 0.1691 
  47 0.0300 0.0104 0.0489 0.0619 0.2941 0.1895 0.2132 0.1521 
  48 0.0128 0.0130 0.0431 0.0352 0.1763 0.1995 0.4245 0.0955 
  49 0.0117 0.0158 0.1332 0.0533 0.1848 0.1972 0.2745 0.1297 
  50 0.0156 0.0140 0.0378 0.1001 0.2964 0.0778 0.2030 0.2553 
  51 0.0050 0.0748 0.1468 0.0364 0.0833 0.2338 0.3124 0.1075 
  52 0.0120 0.0151 0.1523 0.0616 0.1615 0.1607 0.2061 0.2305 
  53 0.0094 0.1004 0.0678 0.0683 0.2161 0.1637 0.1555 0.2187 
  54 0.0125 0.0084 0.0401 0.0602 0.1383 0.2012 0.3957 0.1435 
  55 0.0087 0.0112 0.0251 0.0472 0.1051 0.1520 0.5221 0.1285 
  56 0.0083 0.0253 0.0521 0.0531 0.2015 0.2057 0.3568 0.0972 
  57 0.0254 0.0145 0.0368 0.1718 0.2588 0.1754 0.1267 0.1906 
  58 0.0063 0.0209 0.0755 0.0469 0.1024 0.2158 0.3844 0.1477 
  59 0.0060 0.0679 0.2178 0.0484 0.1169 0.1745 0.2430 0.1254 
  60 0.0055 0.0303 0.0371 0.0902 0.0984 0.2819 0.3221 0.1345 
  61 0.0046 0.0089 0.0282 0.0677 0.0610 0.2148 0.5131 0.1016 
  62 0.0183 0.0127 0.1121 0.0802 0.2004 0.1183 0.3064 0.1516 
  63 0.0048 0.0159 0.0377 0.0580 0.0977 0.2727 0.2628 0.2505 
  64 0.0085 0.0282 0.0661 0.0437 0.3366 0.1191 0.2510 0.1468 
  65 0.0074 0.0119 0.0376 0.0412 0.1359 0.0844 0.2694 0.4122 
  66 0.0057 0.0125 0.0261 0.1073 0.0943 0.2391 0.3203 0.1945 
  67 0.0075 0.0091 0.0302 0.0415 0.1013 0.1345 0.5361 0.1399 
  68 0.0083 0.0761 0.1757 0.0575 0.1105 0.2074 0.2374 0.1270 
  69 0.0084 0.1766 0.2251 0.1386 0.0996 0.0831 0.1401 0.1285 
  70 0.0048 0.0373 0.0445 0.0513 0.0843 0.3031 0.2018 0.2729 
  71 0.0060 0.0611 0.2038 0.0357 0.1078 0.1041 0.3419 0.1395 
  72 0.0072 0.0248 0.0495 0.0428 0.3032 0.1617 0.2466 0.1643 
  73 0.0062 0.0161 0.0976 0.0411 0.0816 0.1192 0.4830 0.1552 
  74 0.0051 0.0993 0.0649 0.0497 0.1274 0.3346 0.2097 0.1093 
  75 0.0059 0.0577 0.0649 0.0576 0.1118 0.3983 0.2161 0.0877 
  76 0.0066 0.0117 0.0266 0.0450 0.0985 0.1710 0.3489 0.2917 
  77 0.0049 0.0578 0.2247 0.0321 0.0915 0.1536 0.2298 0.2056 
  78 0.0054 0.1699 0.2150 0.0324 0.0836 0.1570 0.1595 0.1771 
  79 0.0059 0.0142 0.0198 0.0557 0.1934 0.1213 0.1618 0.4278 
  80 0.0058 0.0118 0.0194 0.1395 0.0863 0.4244 0.1247 0.1880 
  81 0.0062 0.0129 0.0173 0.1703 0.1065 0.2899 0.1266 0.2703 
  82 0.0060 0.0131 0.0296 0.0679 0.1080 0.2282 0.3491 0.1981 
  83 0.0054 0.0261 0.0160 0.1276 0.1111 0.2419 0.1793 0.2926 
  84 0.0055 0.0138 0.0192 0.1257 0.1160 0.2147 0.1429 0.3622 
  85 0.0055 0.0301 0.0163 0.1325 0.1750 0.2625 0.1707 0.2074 
  86 0.0093 0.0135 0.0426 0.0522 0.1452 0.1048 0.4603 0.1722 
  87 0.0062 0.0248 0.0187 0.0628 0.1008 0.1326 0.1644 0.4898 
  88 0.0058 0.0127 0.0184 0.0897 0.1007 0.3300 0.1818 0.2609 
  89 0.0072 0.0122 0.0196 0.1328 0.0979 0.3517 0.1605 0.2182 
  90 0.0057 0.0124 0.0193 0.0671 0.0962 0.1372 0.1835 0.4786 
  91 0.0056 0.0288 0.0156 0.1377 0.1083 0.3887 0.1419 0.1734 
  92 0.0063 0.0133 0.0191 0.0757 0.1563 0.1913 0.2236 0.3143 
  93 0.0061 0.0106 0.0232 0.3623 0.0860 0.2818 0.1215 0.1086 
  94 0.0048 0.0410 0.0206 0.0532 0.0923 0.1103 0.1122 0.5655 
  95 0.0053 0.0120 0.0186 0.0855 0.0712 0.2447 0.1545 0.4082 
  96 0.0051 0.0096 0.0269 0.0694 0.0644 0.3480 0.3586 0.1180 
  97 0.0069 0.0680 0.0509 0.0624 0.1348 0.3227 0.2556 0.0988 
  98 0.0045 0.0122 0.0389 0.0415 0.1553 0.2726 0.3108 0.1642 
  99 0.0056 0.0128 0.0190 0.1197 0.1029 0.2035 0.1469 0.3896 
 100 0.0063 0.0094 0.0181 0.1139 0.0696 0.4843 0.2006 0.0979 
 101 0.0080 0.0287 0.0190 0.0800 0.1022 0.2133 0.2001 0.3486 
 102 0.0069 0.0243 0.0412 0.1100 0.0759 0.3459 0.1684 0.2273 
 103 0.0067 0.0104 0.0320 0.1377 0.0769 0.1305 0.3584 0.2473 
 104 0.0057 0.0099 0.0223 0.1234 0.0799 0.0606 0.1996 0.4987 
 105 0.0079 0.0096 0.0619 0.1707 0.0737 0.0834 0.2741 0.3188 
 106 0.0052 0.0184 0.0269 0.0331 0.1246 0.0707 0.1653 0.5558 
 107 0.0075 0.0109 0.0323 0.1188 0.0800 0.1230 0.2921 0.3354 
 108 0.0046 0.1605 0.0165 0.0538 0.0763 0.0814 0.4966 0.1102 
 109 0.0072 0.0274 0.2357 0.0407 0.0981 0.0651 0.2433 0.2826 
 110 0.0060 0.0186 0.0390 0.0382 0.1225 0.0789 0.1177 0.5791 
 111 0.0076 0.0114 0.0529 0.0618 0.0796 0.0813 0.2134 0.4920 
 112 0.0047 0.0155 0.2958 0.0412 0.0716 0.0767 0.1291 0.3654 
 113 0.0071 0.0229 0.0372 0.0676 0.1364 0.1379 0.4246 0.1663 
 114 0.0051 0.0094 0.0416 0.1500 0.0755 0.0680 0.1896 0.4607 
 115 0.0073 0.0144 0.0491 0.0485 0.0913 0.1559 0.2933 0.3401 
 116 0.0070 0.0337 0.0667 0.0340 0.1068 0.0905 0.3145 0.3467 
 117 0.0086 0.0179 0.1536 0.0410 0.1194 0.1178 0.1173 0.4244 
 118 0.0058 0.0157 0.0434 0.0512 0.0874 0.0838 0.5168 0.1959 
 119 0.0047 0.0214 0.0200 0.0700 0.0655 0.3587 0.2442 0.2155 
 120 0.0068 0.0128 0.0769 0.0655 0.0867 0.1240 0.2808 0.3466 
 121 0.0239 0.0187 0.1236 0.0409 0.0883 0.1185 0.2844 0.3018 
 122 0.0047 0.0147 0.0666 0.0549 0.1189 0.0768 0.1878 0.4758 
 123 0.0061 0.0194 0.0375 0.0717 0.0917 0.1022 0.2167 0.4547 
 124 0.0110 0.0178 0.1503 0.0470 0.1536 0.0835 0.2990 0.2377 
 125 0.0058 0.0359 0.2109 0.0399 0.1990 0.1348 0.1351 0.2386 
 126 0.0043 0.0186 0.0385 0.0602 0.0902 0.1286 0.2677 0.3918 
 127 0.0065 0.0101 0.0289 0.0605 0.0649 0.0841 0.2545 0.4906 
 128 0.0055 0.0095 0.0417 0.0496 0.0956 0.0876 0.5339 0.1765 
 129 0.0088 0.0102 0.0320 0.0531 0.0784 0.0722 0.4064 0.3390 
 130 0.0082 0.0105 0.0596 0.1163 0.0812 0.1042 0.2123 0.4078 
 131 0.0105 0.0954 0.1898 0.0394 0.1290 0.0787 0.1835 0.2735 
 132 0.0058 0.0140 0.0354 0.0440 0.1033 0.0664 0.2821 0.4492 
 133 0.0101 0.0155 0.0349 0.0757 0.0876 0.0994 0.3128 0.3640 
 134 0.0048 0.0130 0.0605 0.0303 0.0961 0.0606 0.1148 0.6199 
 135 0.0075 0.0154 0.0396 0.1700 0.0718 0.3122 0.2928 0.0906 
 136 0.0068 0.0110 0.0225 0.3856 0.1193 0.2457 0.1245 0.0847 
 137 0.0056 0.0118 0.0391 0.2326 0.0836 0.4161 0.0932 0.1180 
 138 0.0051 0.0154 0.0213 0.5169 0.0855 0.1531 0.1146 0.0881 
 139 0.0052 0.0128 0.0275 0.2039 0.1018 0.1299 0.4241 0.0947 
 140 0.0065 0.0162 0.0338 0.2081 0.1056 0.2576 0.2181 0.1540 
 141 0.0066 0.0153 0.0267 0.4244 0.1567 0.1237 0.1500 0.0965 
 142 0.0065 0.0141 0.0372 0.2252 0.0696 0.2193 0.3391 0.0890 
 143 0.0048 0.0097 0.0163 0.2135 0.0666 0.5094 0.1039 0.0759 
 144 0.0056 0.0110 0.0359 0.1933 0.0697 0.4756 0.0998 0.1091 
 145 0.0080 0.0145 0.0330 0.2331 0.1767 0.2425 0.1946 0.0975 
 146 0.0095 0.0161 0.0302 0.2683 0.1345 0.2222 0.1518 0.1674 
 147 0.0056 0.0105 0.0181 0.3887 0.0783 0.3276 0.0910 0.0803 
 148 0.0061 0.0104 0.0349 0.3425 0.1115 0.1585 0.2169 0.1194 
 149 0.0062 0.0163 0.0349 0.3730 0.0886 0.2012 0.1937 0.0861 
 150 0.0077 0.0106 0.0508 0.2480 0.0903 0.2790 0.1487 0.1648 
 151 0.0063 0.0099 0.0215 0.2517 0.0746 0.3960 0.1388 0.1012 
 152 0.0069 0.0221 0.0268 0.3028 0.1168 0.1782 0.2380 0.1083 
 153 0.0052 0.0153 0.0381 0.4088 0.0903 0.1840 0.1463 0.1120 
 154 0.0073 0.0106 0.0225 0.4399 0.1045 0.1382 0.1950 0.0820 
 155 0.0055 0.0094 0.0183 0.5368 0.0707 0.1322 0.1198 0.1073 
 156 0.0049 0.0096 0.0312 0.3164 0.0597 0.2659 0.2151 0.0972 
 157 0.0051 0.0115 0.0219 0.4012 0.0692 0.1891 0.0986 0.2035 
 158 0.0083 0.0169 0.0347 0.2474 0.1746 0.2707 0.1507 0.0967 
 159 0.0066 0.0106 0.0181 0.4731 0.0734 0.2374 0.1009 0.0798 
 160 0.0071 0.0107 0.0182 0.5308 0.0729 0.1628 0.1174 0.0801 
 161 0.0055 0.0149 0.0324 0.1261 0.1081 0.4620 0.1311 0.1200 
 162 0.0120 0.0145 0.0299 0.2971 0.1349 0.1392 0.2069 0.1654 
 163 0.0051 0.0095 0.0220 0.4882 0.0642 0.1780 0.1366 0.0964 
 164 0.0105 0.0118 0.0206 0.3640 0.0989 0.1354 0.2087 0.1502 
 165 0.0074 0.0110 0.0486 0.2254 0.0766 0.3526 0.1300 0.1485 
 166 0.0055 0.0307 0.0196 0.3422 0.0716 0.1590 0.1751 0.1962 
 167 0.0136 0.0116 0.0168 0.5239 0.1195 0.0860 0.1186 0.1100 
 168 0.0058 0.0409 0.0216 0.3768 0.0998 0.1985 0.1488 0.1078 
 169 0.0095 0.0556 0.0650 0.1810 0.2445 0.2161 0.1357 0.0927 
 170 0.0049 0.0104 0.0210 0.0789 0.0703 0.5625 0.1539 0.0980 
 171 0.0064 0.0252 0.0167 0.3203 0.1246 0.1721 0.2120 0.1227 
 172 0.0061 0.0552 0.0916 0.1923 0.1155 0.2661 0.1902 0.0830 
 173 0.0062 0.0096 0.0171 0.5122 0.0734 0.1508 0.1490 0.0816 
 174 0.0063 0.0103 0.0199 0.4850 0.0860 0.1683 0.1126 0.1115 
 175 0.0066 0.0098 0.0184 0.2162 0.1249 0.4366 0.1043 0.0832 
 176 0.0055 0.0107 0.0357 0.1912 0.0706 0.4771 0.1004 0.1088 
 177 0.0061 0.0191 0.0350 0.3552 0.0901 0.1455 0.1195 0.2294 
 178 0.0064 0.0100 0.0200 0.4659 0.1333 0.1229 0.1236 0.1180 
 179 0.0052 0.0095 0.0147 0.5707 0.0765 0.1352 0.1067 0.0816 
 180 0.0108 0.0170 0.0300 0.2785 0.1324 0.2596 0.1475 0.1242 
 181 0.0075 0.0138 0.0294 0.2114 0.0977 0.3236 0.2230 0.0935 
 182 0.0090 0.0103 0.0195 0.2390 0.0671 0.3612 0.2137 0.0802 
 183 0.0062 0.0097 0.0174 0.3734 0.0801 0.3028 0.1278 0.0826 
 184 0.0084 0.0137 0.0192 0.0511 0.1596 0.1139 0.4933 0.1408 
 185 0.0045 0.0100 0.0256 0.3694 0.0573 0.2580 0.2085 0.0665 
 186 0.0072 0.0094 0.0193 0.0492 0.1479 0.1179 0.4169 0.2322 
 187 0.0046 0.0109 0.0173 0.2004 0.1123 0.1743 0.3607 0.1194 
 188 0.0079 0.0086 0.0194 0.0412 0.1279 0.0860 0.5313 0.1777 
 189 0.0051 0.0374 0.0183 0.1083 0.2078 0.2790 0.2174 0.1267 
 190 0.0045 0.0086 0.0225 0.1037 0.0507 0.2362 0.5029 0.0708 
 191 0.0053 0.0093 0.0204 0.0820 0.1036 0.1332 0.5227 0.1235 
 192 0.0049 0.0106 0.0205 0.1019 0.1197 0.2873 0.2851 0.1699 
 193 0.0053 0.0112 0.0229 0.0868 0.1367 0.2492 0.3553 0.1326 
 194 0.0060 0.0109 0.0213 0.0748 0.0973 0.3280 0.3200 0.1418 
 195 0.0050 0.0086 0.0174 0.1676 0.0678 0.2654 0.3938 0.0744 
 196 0.0045 0.0110 0.0244 0.0976 0.0635 0.2039 0.5004 0.0947 
 197 0.0066 0.0106 0.0231 0.1385 0.2117 0.1167 0.3250 0.1678 
 198 0.0049 0.0137 0.0220 0.0825 0.1690 0.2086 0.3047 0.1946 
 199 0.0053 0.0149 0.0213 0.0581 0.0711 0.2814 0.4459 0.1019 
 200 0.0047 0.0185 0.0248 0.0960 0.1060 0.1744 0.4665 0.1091 
 201 0.0046 0.0087 0.0170 0.3394 0.0823 0.1687 0.2944 0.0849 
 202 0.0044 0.0085 0.0184 0.1056 0.0644 0.4576 0.2480 0.0929 
 203 0.0049 0.0088 0.0194 0.2691 0.0669 0.2025 0.3466 0.0820 
 204 0.0052 0.0087 0.0183 0.0889 0.0607 0.1979 0.5374 0.0829 
 205 0.0050 0.0141 0.0185 0.0763 0.0813 0.1629 0.5322 0.1098 
 206 0.0058 0.0085 0.0170 0.1127 0.0839 0.1656 0.5258 0.0807 
 207 0.0048 0.0086 0.0207 0.0490 0.0675 0.1511 0.5932 0.1051 
 208 0.0049 0.0089 0.0184 0.2322 0.0710 0.1191 0.4545 0.0909 
 209 0.0051 0.0090 0.0221 0.0779 0.1074 0.1955 0.4553 0.1278 
 210 0.0049 0.0086 0.0206 0.1116 0.0736 0.1768 0.5038 0.1002 
 211 0.0067 0.0088 0.0325 0.0776 0.0639 0.2389 0.4617 0.1099 
 212 0.0045 0.0095 0.0196 0.1490 0.1029 0.3969 0.2287 0.0890 
 213 0.0050 0.0134 0.0334 0.0570 0.0800 0.2366 0.4036 0.1710 
 214 0.0048 0.0085 0.0205 0.1401 0.0744 0.3876 0.2796 0.0845 
 215 0.0047 0.0136 0.0204 0.0715 0.0749 0.1125 0.5892 0.1133 
 216 0.0084 0.0127 0.0205 0.0603 0.1963 0.1474 0.4092 0.1452 
 217 0.0046 0.0127 0.0183 0.1519 0.0844 0.3284 0.3165 0.0832 
 218 0.0056 0.0136 0.0181 0.0915 0.0877 0.1793 0.4704 0.1338 
 219 0.0097 0.0201 0.0168 0.1438 0.2041 0.2147 0.2652 0.1256 
 220 0.0051 0.0087 0.0185 0.0794 0.0703 0.1337 0.5842 0.1001 
 221 0.0047 0.0085 0.0192 0.0721 0.0577 0.6022 0.1643 0.0713 
 222 0.0078 0.0125 0.0180 0.0793 0.2593 0.1904 0.2904 0.1422 
 223 0.0050 0.0138 0.0180 0.2247 0.1355 0.2085 0.2768 0.1178 
 224 0.0060 0.0087 0.0180 0.1558 0.0823 0.2650 0.3795 0.0847 
 225 0.0049 0.0105 0.0193 0.0876 0.0803 0.2092 0.4870 0.1011 
 226 0.0070 0.0931 0.0222 0.0937 0.1286 0.1933 0.3418 0.1202 
 227 0.0049 0.0089 0.0188 0.1223 0.0680 0.2486 0.4274 0.1010 
 228 0.0048 0.0092 0.0232 0.1618 0.0615 0.2352 0.4363 0.0680 
 229 0.0056 0.0087 0.0176 0.1479 0.0885 0.3099 0.3169 0.1049 
 230 0.0057 0.0087 0.0194 0.1137 0.0742 0.2711 0.4098 0.0975 
 231 0.0050 0.0094 0.0193 0.1879 0.1295 0.2001 0.3485 0.1004 
 232 0.0059 0.0159 0.0270 0.0687 0.0950 0.3677 0.2694 0.1503 
 233 0.0052 0.0086 0.0192 0.3502 0.0784 0.2056 0.2460 0.0868 
 234 0.0045 0.0110 0.0225 0.1297 0.1662 0.1803 0.3342 0.1516 
 235 0.0052 0.0162 0.0182 0.1055 0.1111 0.3132 0.3169 0.1137 
 236 0.0048 0.0109 0.0209 0.1592 0.1029 0.2795 0.3192 0.1025 
 237 0.0049 0.0089 0.0212 0.0647 0.0797 0.1262 0.5968 0.0977 
 238 0.0045 0.0087 0.0223 0.1241 0.0824 0.3979 0.2512 0.1089 
 239 0.0047 0.0088 0.0177 0.1650 0.0676 0.2668 0.3949 0.0744 
 240 0.0045 0.0087 0.0220 0.1233 0.0836 0.3990 0.2513 0.1075 
 241 0.0062 0.0115 0.0187 0.1113 0.0753 0.4546 0.2332 0.0892 
 242 0.0056 0.0195 0.0178 0.1092 0.1390 0.2220 0.3652 0.1217 
 243 0.0045 0.0086 0.0225 0.1040 0.0572 0.1962 0.5302 0.0768 
 244 0.0052 0.0088 0.0194 0.1629 0.0714 0.2660 0.3833 0.0830 
 245 0.0047 0.0088 0.0205 0.3077 0.0677 0.2916 0.2033 0.0957 
 246 0.0048 0.0123 0.0186 0.1519 0.0837 0.3269 0.3182 0.0835 
 247 0.0043 0.0154 0.0295 0.0445 0.0966 0.1093 0.4194 0.2811 
 248 0.0044 0.0101 0.0198 0.0510 0.0840 0.0899 0.6240 0.1168 
 249 0.0052 0.0087 0.0200 0.0951 0.0760 0.3869 0.3073 0.1008 
 250 0.0055 0.0107 0.0201 0.1113 0.1047 0.2831 0.3406 0.1242 
 251 0.0054 0.0319 0.0239 0.0852 0.1621 0.1469 0.3960 0.1486 
 252 0.0049 0.0107 0.0183 0.1135 0.0991 0.2818 0.3651 0.1065 
 253 0.0050 0.0192 0.0217 0.0543 0.1047 0.1812 0.4489 0.1650 
 254 0.0077 0.0106 0.0181 0.1008 0.2014 0.1629 0.3753 0.1231 
 255 0.0051 0.0094 0.0199 0.1024 0.1445 0.2448 0.3317 0.1423 
 256 0.0055 0.0101 0.0207 0.0939 0.0840 0.3367 0.3546 0.0946 
 257 0.0143 0.0117 0.0206 0.0910 0.0926 0.2360 0.4127 0.1212 
 258 0.0043 0.0109 0.0256 0.0893 0.0978 0.1328 0.4990 0.1404 
 259 0.0061 0.0105 0.0200 0.0762 0.0961 0.2213 0.4556 0.1142 
 260 0.0072 0.0106 0.0188 0.1411 0.2129 0.2571 0.2224 0.1299 
 261 0.0045 0.0112 0.0185 0.1561 0.0932 0.2830 0.3433 0.0901 
 262 0.0048 0.0118 0.0195 0.1110 0.0597 0.3363 0.3849 0.0719 
 263 0.0089 0.0086 0.0195 0.0657 0.1138 0.1115 0.5671 0.1048 
 264 0.0099 0.0124 0.0221 0.0387 0.3544 0.0869 0.3381 0.1376 
 265 0.0047 0.0151 0.0177 0.1460 0.1250 0.1757 0.4030 0.1128 
 266 0.0047 0.0087 0.0193 0.1262 0.0588 0.4852 0.2252 0.0718 
 267 0.0047 0.0090 0.0226 0.1023 0.1256 0.2380 0.3750 0.1227 
 268 0.0043 0.0114 0.0247 0.0967 0.0635 0.2046 0.5003 0.0945 
 269 0.0050 0.0250 0.0182 0.1516 0.2170 0.1825 0.2747 0.1260 
 270 0.0081 0.0101 0.0206 0.0799 0.1673 0.1191 0.4351 0.1599 
 271 0.0048 0.0134 0.0220 0.0823 0.0924 0.1420 0.5162 0.1268 
 272 0.0063 0.0880 0.0257 0.0860 0.0964 0.1496 0.4314 0.1166 
 273 0.0339 0.0256 0.0321 0.1370 0.1461 0.2140 0.2453 0.1659 
 274 0.0054 0.0198 0.0193 0.0885 0.1238 0.1789 0.4330 0.1313 
 275 0.0094 0.0300 0.0264 0.1482 0.1337 0.1464 0.3991 0.1067 
 276 0.0072 0.0637 0.0254 0.0526 0.0910 0.1852 0.4491 0.1259 
 277 0.0051 0.0133 0.0183 0.1307 0.1505 0.2769 0.2861 0.1191 
 278 0.0044 0.0134 0.0205 0.0908 0.0727 0.1149 0.5856 0.0977 
 279 0.0054 0.0132 0.0203 0.1034 0.1183 0.2287 0.3941 0.1167 
 280 0.0051 0.0221 0.0231 0.0990 0.1561 0.1920 0.3982 0.1045 
 281 0.0053 0.0122 0.0187 0.0901 0.1068 0.1799 0.4225 0.1644 
 282 0.0045 0.0110 0.0186 0.2039 0.1286 0.3013 0.2238 0.1082 
 283 0.0049 0.0091 0.0181 0.2067 0.0843 0.3507 0.2199 0.1062 
 284 0.0048 0.0110 0.0297 0.1590 0.1052 0.2088 0.3420 0.1395 
 285 0.0046 0.0137 0.0272 0.0383 0.0866 0.0794 0.6288 0.1214 
 286 0.0052 0.0086 0.0203 0.1602 0.0714 0.2693 0.3816 0.0834 
 287 0.0056 0.0201 0.0168 0.1173 0.1458 0.2159 0.3074 0.1712 
 288 0.0068 0.0611 0.0219 0.0843 0.1026 0.1527 0.4520 0.1187 
 289 0.0085 0.0291 0.0279 0.0743 0.0997 0.1465 0.4622 0.1518 
 290 0.0079 0.0122 0.0495 0.0523 0.1634 0.2298 0.3860 0.0988 
 291 0.0049 0.0135 0.0218 0.0831 0.0924 0.1425 0.5155 0.1264 
 292 0.0048 0.0238 0.0242 0.0946 0.1207 0.2492 0.3883 0.0944 
 293 0.0057 0.0119 0.0568 0.0510 0.2231 0.1317 0.4069 0.1129 
 294 0.0102 0.0111 0.0188 0.0505 0.1045 0.1256 0.5684 0.1108 
 295 0.0066 0.0451 0.0303 0.0947 0.1113 0.1493 0.4287 0.1341 
 296 0.0052 0.0128 0.0195 0.0838 0.0696 0.1367 0.5483 0.1241 
 297 0.0055 0.0219 0.0226 0.0706 0.1675 0.1805 0.4073 0.1241 
 298 0.0053 0.0111 0.0177 0.1339 0.1334 0.3211 0.2428 0.1348 
 299 0.0094 0.0086 0.0182 0.0748 0.1595 0.1505 0.4551 0.1238 
 300 0.0052 0.0113 0.0247 0.0478 0.0820 0.1202 0.6108 0.0980 
 301 0.0080 0.0155 0.0216 0.0784 0.1945 0.1161 0.4378 0.1281 
 302 0.0087 0.0120 0.0236 0.0690 0.0986 0.0999 0.5861 0.1022 
 303 0.0052 0.0115 0.0252 0.1287 0.1039 0.2980 0.3341 0.0934 
 304 0.0072 0.0093 0.0236 0.2757 0.2083 0.1552 0.1502 0.1704 
 305 0.0053 0.0121 0.0203 0.1495 0.0689 0.1912 0.4748 0.0778 
 306 0.0051 0.0159 0.0185 0.1129 0.1032 0.3972 0.2511 0.0960 
 307 0.0065 0.0130 0.0198 0.0874 0.1215 0.2849 0.3487 0.1182 
 308 0.0046 0.0113 0.0185 0.1565 0.0940 0.2850 0.3404 0.0897 
 309 0.0228 0.0192 0.0381 0.0968 0.0798 0.1259 0.4861 0.1313 
 310 0.0045 0.0086 0.0201 0.1153 0.0690 0.2614 0.4410 0.0802 
 311 0.0056 0.0088 0.0195 0.1132 0.0734 0.2715 0.4099 0.0981 
 312 0.0048 0.0085 0.0214 0.0791 0.0627 0.1342 0.5816 0.1077 
 313 0.0050 0.0100 0.0191 0.0461 0.0629 0.0992 0.6674 0.0903 
 314 0.0049 0.0123 0.0227 0.4258 0.0677 0.2660 0.1266 0.0739 
 315 0.0047 0.0233 0.0185 0.4658 0.0776 0.1811 0.1356 0.0933 
 316 0.0074 0.0368 0.0178 0.5139 0.0941 0.1248 0.1017 0.1035 
 317 0.0054 0.0127 0.0194 0.5022 0.0726 0.2155 0.0945 0.0778 
 318 0.0051 0.0118 0.0165 0.6214 0.0761 0.1114 0.0792 0.0785 
 319 0.0058 0.0098 0.0171 0.3393 0.0690 0.3728 0.1100 0.0762 
 320 0.0047 0.0124 0.0225 0.4252 0.0674 0.2676 0.1263 0.0740 
 321 0.0053 0.0127 0.0197 0.5194 0.0779 0.1961 0.0892 0.0798 
 322 0.0076 0.0345 0.0205 0.3702 0.0858 0.2557 0.1267 0.0990 
 323 0.0110 0.0108 0.0150 0.5710 0.0783 0.1486 0.0864 0.0789 
 324 0.0053 0.0128 0.0198 0.5179 0.0783 0.1958 0.0900 0.0802 
 325 0.0051 0.0331 0.0169 0.5483 0.0873 0.1119 0.0967 0.1006 
 326 0.0096 0.0494 0.0188 0.5202 0.0845 0.1208 0.0962 0.1005 
 327 0.0054 0.0123 0.0190 0.5028 0.0723 0.2164 0.0947 0.0772 
 328 0.0052 0.0243 0.0183 0.3715 0.0853 0.2713 0.1247 0.0995 
 329 0.0049 0.0102 0.0154 0.5148 0.0749 0.2206 0.0802 0.0790 
 330 0.0052 0.0125 0.0196 0.4995 0.0723 0.2184 0.0952 0.0774 
 331 0.0049 0.0101 0.0153 0.5877 0.0739 0.1421 0.0872 0.0788 
 332 0.0131 0.0381 0.0172 0.5252 0.0926 0.1180 0.0954 0.1003 
 333 0.0104 0.0354 0.0173 0.4896 0.0825 0.1567 0.1086 0.0995 
 334 0.0053 0.0241 0.0184 0.3746 0.0859 0.2680 0.1245 0.0992 
 335 0.0052 0.0234 0.0177 0.3513 0.0762 0.3139 0.1171 0.0952 
 336 0.0117 0.0135 0.0203 0.5432 0.0761 0.1529 0.1062 0.0760 
 337 0.0054 0.0357 0.0215 0.4400 0.0884 0.1972 0.1111 0.1007 
 338 0.0057 0.0127 0.0166 0.6170 0.0767 0.1130 0.0790 0.0792 
 339 0.0050 0.0102 0.0151 0.5903 0.0746 0.1389 0.0872 0.0788 
 340 0.0049 0.0100 0.0149 0.5773 0.0689 0.1542 0.0924 0.0773 
 341 0.0121 0.0133 0.0171 0.5408 0.0747 0.1731 0.0894 0.0795 
 342 0.0054 0.0125 0.0195 0.5057 0.0716 0.2134 0.0944 0.0774 
 343 0.0118 0.0248 0.0207 0.2811 0.0828 0.3494 0.1376 0.0918 
 344 0.0053 0.0102 0.0153 0.5950 0.0744 0.1421 0.0791 0.0786 
 345 0.0052 0.0125 0.0192 0.5021 0.0728 0.2159 0.0954 0.0769 
 346 0.0052 0.0119 0.0163 0.6135 0.0720 0.1197 0.0843 0.0772 
 347 0.0050 0.0100 0.0149 0.5849 0.0696 0.1555 0.0841 0.0759 
 348 0.0048 0.0207 0.0195 0.2790 0.0699 0.3623 0.1562 0.0877 
 349 0.0053 0.0128 0.0191 0.5029 0.0718 0.2173 0.0935 0.0775 
 350 0.0048 0.0097 0.0176 0.5002 0.0697 0.1991 0.1239 0.0750 
 351 0.0052 0.0238 0.0176 0.3534 0.0758 0.3108 0.1184 0.0950 
 352 0.0053 0.0339 0.0201 0.4283 0.0799 0.2180 0.1191 0.0955 
 353 0.0122 0.0132 0.0200 0.5418 0.0772 0.1519 0.1081 0.0756 
 354 0.0060 0.0110 0.0162 0.5768 0.0771 0.1520 0.0810 0.0799 
 355 0.0049 0.0120 0.0162 0.6215 0.0762 0.1119 0.0784 0.0789 
 356 0.0040 0.0192 0.0180 0.1233 0.0662 0.5406 0.1435 0.0851 
 357 0.0049 0.0371 0.0166 0.3261 0.2034 0.1404 0.1223 0.1491 
 358 0.0056 0.0263 0.0161 0.5224 0.0858 0.1459 0.0973 0.1007 
 359 0.0053 0.0106 0.0156 0.5832 0.0747 0.1439 0.0871 0.0796 
 360 0.0052 0.0114 0.0159 0.6154 0.0712 0.1199 0.0840 0.0768 
 361 0.0049 0.0347 0.0194 0.1492 0.2001 0.2990 0.1449 0.1479 
 362 0.0060 0.0451 0.0324 0.0766 0.1486 0.1082 0.2827 0.3004 
 363 0.0075 0.0241 0.0316 0.0452 0.2020 0.0963 0.2011 0.3922 
 364 0.0129 0.0151 0.0228 0.1099 0.2932 0.2283 0.1616 0.1562 
 365 0.0186 0.0343 0.0466 0.0503 0.3789 0.1049 0.1646 0.2018 
 366 0.0062 0.0317 0.0339 0.0654 0.2386 0.1745 0.3272 0.1225 
 367 0.0050 0.0249 0.0257 0.0367 0.1184 0.0715 0.1045 0.6134 
 368 0.0060 0.0137 0.0212 0.0560 0.1656 0.1231 0.2504 0.3640 
 369 0.0087 0.0169 0.0453 0.0774 0.1944 0.3202 0.1910 0.1461 
 370 0.0173 0.0191 0.0365 0.0662 0.1504 0.1392 0.2737 0.2977 
 371 0.0131 0.0149 0.0364 0.0774 0.2826 0.1519 0.2555 0.1681 
 372 0.0660 0.0250 0.0330 0.0823 0.1072 0.1478 0.3069 0.2318 
 373 0.0063 0.0124 0.0254 0.0639 0.1588 0.1934 0.1489 0.3910 
 374 0.0075 0.0282 0.0536 0.0750 0.1930 0.3023 0.1512 0.1891 
 375 0.0207 0.0173 0.0300 0.0448 0.3087 0.0875 0.1443 0.3467 
 376 0.1059 0.0259 0.0440 0.0413 0.3434 0.0857 0.0971 0.2566 
 377 0.0074 0.0313 0.0304 0.0828 0.2362 0.0917 0.3188 0.2013 
 378 0.0059 0.0136 0.0295 0.1523 0.0813 0.1389 0.1539 0.4244 
 379 0.1889 0.0274 0.0669 0.0363 0.2489 0.0778 0.1144 0.2395 
 380 0.0107 0.0900 0.0472 0.0689 0.2990 0.2256 0.1467 0.1120 
 381 0.0076 0.0164 0.0383 0.0503 0.4128 0.2314 0.1500 0.0932 
 382 0.0051 0.0148 0.0236 0.0594 0.2969 0.0808 0.1294 0.3900 
 383 0.0137 0.0968 0.0364 0.1660 0.3715 0.0859 0.1293 0.1004 
 384 0.0659 0.0263 0.0384 0.1042 0.3505 0.1085 0.1139 0.1924 
 385 0.0093 0.0127 0.1658 0.1929 0.2077 0.1007 0.1375 0.1734 
 386 0.0045 0.0207 0.0255 0.0438 0.2094 0.0942 0.1476 0.4543 
 387 0.0051 0.0179 0.0366 0.0680 0.2584 0.0890 0.1537 0.3713 
 388 0.0182 0.0194 0.0569 0.1257 0.2358 0.1950 0.1355 0.2134 
 389 0.0121 0.0151 0.0529 0.0550 0.1102 0.0902 0.5276 0.1369 
 390 0.0199 0.0590 0.0996 0.0438 0.1313 0.1101 0.1773 0.3589 
 391 0.0167 0.0265 0.0865 0.0548 0.1214 0.1753 0.2647 0.2542 
 392 0.0074 0.0171 0.0261 0.0878 0.3142 0.1297 0.1728 0.2449 
 393 0.0081 0.0868 0.1384 0.0671 0.2833 0.1695 0.1186 0.1283 
 394 0.0053 0.0282 0.0182 0.1697 0.1206 0.1649 0.1488 0.3443 
 395 0.0043 0.0616 0.0694 0.0507 0.1297 0.1016 0.3640 0.2187 
 396 0.0058 0.0111 0.0222 0.0358 0.2711 0.0757 0.1663 0.4120 
 397 0.0829 0.0109 0.0185 0.0814 0.2251 0.1979 0.2633 0.1199 
 398 0.0460 0.0872 0.0525 0.0401 0.1691 0.0852 0.1125 0.4073 
 399 0.0051 0.0369 0.0446 0.0488 0.0877 0.1009 0.1902 0.4859 
 400 0.0070 0.0147 0.0285 0.0469 0.2270 0.1597 0.1128 0.4033 
 401 0.0048 0.0147 0.0448 0.0599 0.0839 0.1439 0.1992 0.4488 
 402 0.0067 0.0125 0.0220 0.0633 0.2134 0.1362 0.2574 0.2886 
 403 0.0076 0.0199 0.0521 0.2148 0.1520 0.2140 0.1735 0.1662 
 404 0.0082 0.0126 0.0737 0.0553 0.2895 0.1854 0.2088 0.1666 
 405 0.0049 0.0369 0.0218 0.0593 0.2314 0.1609 0.2659 0.2189 
 406 0.0043 0.2758 0.0267 0.0532 0.0925 0.2410 0.2034 0.1031 
 407 0.0049 0.0562 0.0384 0.0358 0.4426 0.0824 0.1255 0.2142 
 408 0.0042 0.0104 0.0237 0.0325 0.0695 0.0786 0.3631 0.4180 
 409 0.0127 0.0598 0.1060 0.0518 0.1243 0.4144 0.1128 0.1181 
 410 0.0910 0.0285 0.0490 0.0688 0.1757 0.1328 0.1528 0.3014 
 411 0.0193 0.0154 0.0233 0.1206 0.3486 0.1136 0.1688 0.1904 
 412 0.0058 0.0129 0.0189 0.0535 0.1913 0.1115 0.1960 0.4100 
 413 0.0051 0.0120 0.0200 0.1443 0.1155 0.1275 0.1666 0.4091 
 414 0.0049 0.0105 0.0352 0.0515 0.1932 0.0617 0.2341 0.4088 
 415 0.0056 0.0323 0.0368 0.0392 0.2960 0.1371 0.2100 0.2429 
 416 0.0062 0.0150 0.1020 0.0493 0.1784 0.1961 0.1674 0.2857 
 417 0.0064 0.1229 0.0246 0.0414 0.2137 0.1153 0.1329 0.3427 
 418 0.0073 0.0123 0.0214 0.0412 0.1697 0.0862 0.1272 0.5346 
 419 0.0115 0.0223 0.0845 0.0927 0.1714 0.2279 0.1709 0.2188 
 420 0.0042 0.0138 0.0506 0.0353 0.0812 0.1353 0.2512 0.4285 
 421 0.0076 0.0423 0.0308 0.0429 0.1554 0.1282 0.1830 0.4099 
 422 0.0069 0.0706 0.0399 0.0481 0.1839 0.1215 0.3615 0.1675 
 423 0.0090 0.0330 0.0317 0.0716 0.2394 0.1058 0.2515 0.2581 
 424 0.0088 0.0484 0.0583 0.0636 0.1057 0.1503 0.1833 0.3815 
 425 0.0247 0.0181 0.0600 0.0854 0.3031 0.1227 0.1823 0.2037 
 426 0.0344 0.0506 0.0398 0.0880 0.1577 0.1346 0.1471 0.3478 
 427 0.0052 0.0884 0.0560 0.1473 0.1727 0.0762 0.0955 0.3588 
 428 0.0213 0.1607 0.0351 0.0849 0.1415 0.2127 0.2003 0.1435 
 429 0.0067 0.0214 0.0290 0.0361 0.2824 0.0736 0.1044 0.4463 
 430 0.0060 0.1089 0.0720 0.0426 0.2716 0.1037 0.1430 0.2521 
 431 0.0115 0.0295 0.0389 0.0971 0.1276 0.1147 0.2256 0.3551 
 432 0.0058 0.0134 0.0193 0.0589 0.1573 0.1292 0.2241 0.3920 
 433 0.0111 0.0123 0.0210 0.1232 0.1249 0.2806 0.2606 0.1664 
 434 0.0061 0.0141 0.0310 0.0658 0.2766 0.2115 0.2144 0.1802 
 435 0.0048 0.1936 0.0286 0.0389 0.1702 0.0794 0.1251 0.3594 
 436 0.0079 0.2758 0.0345 0.0440 0.1643 0.1419 0.0866 0.2450 
 437 0.0079 0.0264 0.0168 0.0414 0.4969 0.0835 0.1388 0.1883 
 438 0.0056 0.2490 0.0532 0.0453 0.0900 0.1910 0.1419 0.2240 
 439 0.0055 0.2272 0.0742 0.0473 0.2042 0.1217 0.0888 0.2311 
 440 0.0043 0.2715 0.0258 0.0327 0.1629 0.0659 0.1145 0.3223 
 441 0.0055 0.0546 0.0458 0.0655 0.2583 0.1867 0.1205 0.2630 
 442 0.0063 0.0141 0.1071 0.0348 0.2623 0.1043 0.1708 0.3004 
 443 0.0047 0.0436 0.0485 0.0355 0.1018 0.0926 0.2321 0.4413 
 444 0.0061 0.0298 0.0804 0.0358 0.2727 0.1049 0.1797 0.2906 
 445 0.0437 0.0442 0.1658 0.0510 0.1795 0.2620 0.1308 0.1230 
 446 0.0525 0.1203 0.0664 0.0422 0.1470 0.0967 0.0773 0.3975 
 447 0.0064 0.2038 0.0761 0.0538 0.1382 0.1732 0.1493 0.1993 
 448 0.0054 0.0469 0.0256 0.0432 0.2926 0.0999 0.1684 0.3181 
 449 0.0056 0.0486 0.0267 0.0574 0.2939 0.1504 0.1701 0.2474 
 450 0.0074 0.0149 0.0431 0.0610 0.4431 0.1265 0.0840 0.2201 
 451 0.0052 0.0200 0.0180 0.0335 0.1152 0.0653 0.1970 0.5457 
 452 0.0055 0.0271 0.0264 0.0574 0.3514 0.1249 0.0967 0.3106 
 453 0.0047 0.0212 0.0733 0.0427 0.0982 0.2073 0.3307 0.2220 
 454 0.0052 0.0606 0.0243 0.0803 0.2728 0.1199 0.1438 0.2931 
 455 0.0046 0.2718 0.0522 0.0362 0.1396 0.1056 0.1254 0.2646 
 456 0.0061 0.0640 0.0524 0.0365 0.2408 0.0967 0.2514 0.2520 
 457 0.0060 0.0530 0.0218 0.0432 0.4650 0.0993 0.1287 0.1830 
 458 0.0509 0.0612 0.1288 0.0463 0.2500 0.1212 0.0993 0.2423 
 459 0.0049 0.0657 0.0647 0.0590 0.1339 0.1941 0.0887 0.3890 
 460 0.0050 0.0513 0.0554 0.0408 0.1285 0.0900 0.0963 0.5326 
 461 0.0067 0.0160 0.0447 0.0415 0.1390 0.0840 0.0784 0.5898 
 462 0.0064 0.0263 0.3478 0.0316 0.1789 0.0647 0.1882 0.1560 
 463 0.0044 0.2419 0.0601 0.0474 0.0978 0.1539 0.2644 0.1301 
 464 0.0042 0.0540 0.0349 0.0359 0.1077 0.1008 0.1618 0.5007 
 465 0.0075 0.0275 0.0714 0.0440 0.1399 0.1237 0.1655 0.4205 
 466 0.0044 0.0572 0.0353 0.0368 0.1094 0.1096 0.2702 0.3771 
 467 0.0059 0.0389 0.1599 0.0527 0.1777 0.1403 0.1862 0.2384 
 468 0.0052 0.2750 0.0280 0.0356 0.2560 0.0909 0.1725 0.1368 
 469 0.0046 0.4347 0.0476 0.0413 0.1369 0.0877 0.0804 0.1668 
 470 0.0045 0.2612 0.0295 0.0397 0.1237 0.0808 0.1002 0.3604 
 471 0.0058 0.0209 0.0459 0.0401 0.1814 0.1067 0.3086 0.2905 
 472 0.0070 0.0190 0.0877 0.0394 0.2598 0.1295 0.2205 0.2372 
 473 0.0051 0.0521 0.0212 0.0587 0.2708 0.1399 0.2206 0.2316 
 474 0.0050 0.0248 0.0371 0.0510 0.2973 0.1530 0.1429 0.2888 
 475 0.0054 0.0275 0.0393 0.0600 0.1339 0.1839 0.1482 0.4018 
 476 0.0077 0.0325 0.0607 0.0410 0.3677 0.1243 0.1240 0.2421 
 477 0.0068 0.0308 0.0478 0.0479 0.1186 0.1598 0.1358 0.4524 
 478 0.0072 0.0211 0.0509 0.0400 0.0845 0.0757 0.0996 0.6210 
 479 0.0048 0.0698 0.0244 0.0385 0.2375 0.0802 0.1028 0.4420 
 480 0.0062 0.0632 0.0232 0.0417 0.4392 0.0915 0.0988 0.2361 
 481 0.0054 0.0183 0.0378 0.0399 0.2779 0.0943 0.2894 0.2371 
 482 0.0063 0.0271 0.0293 0.0381 0.3204 0.0807 0.0896 0.4086 
 483 0.0062 0.2898 0.0347 0.0458 0.1637 0.1158 0.0899 0.2541 
 484 0.0058 0.2377 0.1104 0.0455 0.1386 0.1161 0.1954 0.1506 
 485 0.0050 0.4795 0.0225 0.0388 0.0898 0.0786 0.0852 0.2006 
 486 0.0097 0.0136 0.0365 0.0532 0.1516 0.1171 0.4068 0.2114 
 487 0.0106 0.0136 0.0292 0.1129 0.2289 0.1597 0.2594 0.1857 
 488 0.0096 0.0136 0.0496 0.1178 0.1352 0.0976 0.3146 0.2621 
 489 0.0093 0.0095 0.0254 0.0597 0.2656 0.2673 0.2444 0.1188 
 490 0.0062 0.0144 0.0336 0.0411 0.1605 0.0835 0.3048 0.3559 
 491 0.0085 0.0109 0.0518 0.0683 0.1317 0.2168 0.3894 0.1225 
 492 0.0048 0.0117 0.0565 0.1637 0.0983 0.2052 0.2241 0.2357 
 493 0.0105 0.0103 0.0427 0.0985 0.1794 0.0740 0.4409 0.1438 
 494 0.0392 0.0177 0.0442 0.0619 0.1622 0.2223 0.2939 0.1586 
 495 0.0364 0.0129 0.1197 0.1204 0.1107 0.1566 0.1889 0.2543 
 496 0.0058 0.0139 0.0218 0.0807 0.1118 0.3956 0.2342 0.1362 
 497 0.0237 0.0108 0.0629 0.1328 0.1878 0.1265 0.3375 0.1181 
 498 0.0117 0.0138 0.0723 0.0397 0.1756 0.1995 0.2500 0.2374 
 499 0.0295 0.0129 0.0240 0.1470 0.1714 0.2287 0.2658 0.1207 
 500 0.0169 0.0187 0.0212 0.0739 0.2944 0.1030 0.3314 0.1406 
 501 0.0108 0.0137 0.0250 0.0839 0.2215 0.2684 0.1673 0.2094 
 502 0.0076 0.0132 0.0475 0.0986 0.1522 0.2781 0.1411 0.2617 
 503 0.0066 0.0168 0.0234 0.0475 0.3834 0.1037 0.2185 0.2001 
 504 0.0086 0.0136 0.0684 0.0453 0.1103 0.1350 0.2657 0.3532 
 505 0.0080 0.0158 0.0253 0.0577 0.0984 0.2250 0.4302 0.1397 
 506 0.0065 0.0106 0.0490 0.0813 0.1159 0.2733 0.2103 0.2532 
 507 0.0071 0.0102 0.0183 0.1480 0.0757 0.4474 0.2115 0.0817 
 508 0.0180 0.0099 0.0217 0.1819 0.0729 0.3723 0.2252 0.0981 
 509 0.0074 0.0136 0.0225 0.1033 0.0971 0.2155 0.4092 0.1314 
 510 0.0214 0.0104 0.0217 0.1203 0.2244 0.2696 0.1781 0.1541 
 511 0.0111 0.0445 0.0441 0.0449 0.1836 0.1488 0.2222 0.3008 
 512 0.0077 0.0150 0.0277 0.0405 0.3183 0.0860 0.1644 0.3406 
 513 0.0106 0.0093 0.1922 0.0587 0.0580 0.1181 0.4177 0.1355 
 514 0.0070 0.0126 0.0222 0.0903 0.0881 0.1139 0.2076 0.4584 
 515 0.0122 0.0469 0.0382 0.1371 0.2141 0.1498 0.2515 0.1503 
 516 0.0092 0.0149 0.0232 0.0517 0.0920 0.1669 0.3742 0.2680 
 517 0.0068 0.0358 0.0263 0.0956 0.0929 0.2083 0.2631 0.2712 
 518 0.0651 0.0104 0.0217 0.1690 0.2372 0.1600 0.2023 0.1343 
 519 0.0056 0.0149 0.0283 0.0568 0.0929 0.1777 0.1704 0.4532 
 520 0.0068 0.1928 0.0206 0.1211 0.0810 0.2727 0.2020 0.1031 
 521 0.0053 0.0107 0.0262 0.2809 0.0820 0.1375 0.2367 0.2208 
 522 0.0234 0.0253 0.0235 0.0703 0.2744 0.0943 0.3141 0.1747 
 523 0.0078 0.0272 0.0247 0.1009 0.0708 0.2547 0.2959 0.2181 
 524 0.0076 0.2245 0.0180 0.0991 0.1015 0.1229 0.2327 0.1936 
 525 0.0820 0.0374 0.0223 0.1253 0.1551 0.2312 0.2195 0.1273 
 526 0.0049 0.3135 0.0239 0.0512 0.0781 0.1927 0.2401 0.0956 
 527 0.0708 0.0113 0.0331 0.0735 0.2632 0.0979 0.1841 0.2660 
 528 0.0045 0.0092 0.0213 0.3801 0.0859 0.1256 0.2556 0.1178 
 529 0.0871 0.0105 0.0371 0.1007 0.1193 0.1844 0.2986 0.1623 
 530 0.0065 0.0260 0.0386 0.0758 0.2670 0.1566 0.2531 0.1763 
 531 0.0065 0.0333 0.0316 0.3069 0.1399 0.1346 0.1708 0.1764 
 532 0.0168 0.0098 0.0227 0.2673 0.1466 0.0956 0.2717 0.1694 
 533 0.0610 0.0281 0.0240 0.0741 0.1747 0.1247 0.3624 0.1510 
 534 0.0717 0.0116 0.0286 0.1036 0.0646 0.1221 0.4759 0.1220 
 535 0.0049 0.0338 0.0326 0.0510 0.0932 0.1966 0.2893 0.2986 
 536 0.0065 0.0481 0.0692 0.0585 0.1677 0.3220 0.1741 0.1540 
 537 0.0058 0.0142 0.0367 0.0608 0.1079 0.4829 0.1634 0.1284 
 538 0.0045 0.0218 0.0238 0.0599 0.1038 0.3370 0.3174 0.1319 
 539 0.0045 0.0088 0.0189 0.0882 0.0868 0.5478 0.1571 0.0879 
 540 0.0060 0.0290 0.0272 0.1779 0.1233 0.1309 0.3889 0.1170 
 541 0.0069 0.0150 0.0925 0.2206 0.1373 0.2369 0.1701 0.1207 
 542 0.0053 0.0357 0.1549 0.0405 0.1436 0.1597 0.3530 0.1073 
 543 0.0077 0.0349 0.0632 0.1485 0.0795 0.1592 0.2956 0.2114 
 544 0.0045 0.0241 0.0451 0.0626 0.1087 0.1982 0.4142 0.1426 
 545 0.0053 0.1554 0.0806 0.0375 0.1061 0.1331 0.3302 0.1517 
 546 0.0053 0.0123 0.0991 0.0731 0.1152 0.1940 0.3913 0.1097 
 547 0.0055 0.0416 0.0456 0.0538 0.0764 0.3720 0.2615 0.1436 
 548 0.0053 0.0109 0.0199 0.1089 0.1059 0.2839 0.3403 0.1248 
 549 0.0060 0.0584 0.0589 0.0581 0.1179 0.5013 0.0936 0.1057 
 550 0.0043 0.1604 0.0473 0.0404 0.0933 0.2357 0.1814 0.2371 
 551 0.0065 0.0183 0.0262 0.0828 0.1006 0.5328 0.1068 0.1259 
 552 0.0050 0.0124 0.0240 0.0708 0.1212 0.2954 0.3720 0.0991 
 553 0.0081 0.0324 0.0602 0.0937 0.0664 0.2655 0.3307 0.1430 
 554 0.0097 0.0203 0.0497 0.1589 0.2020 0.1105 0.2788 0.1701 
 555 0.0062 0.0157 0.0491 0.0760 0.0903 0.4390 0.2031 0.1206 
 556 0.0054 0.0124 0.0308 0.0604 0.1143 0.3188 0.3247 0.1331 
 557 0.0046 0.1286 0.0821 0.0650 0.1196 0.2037 0.1469 0.2496 
 558 0.0064 0.0328 0.0301 0.0398 0.3198 0.0834 0.0800 0.4077 
 559 0.0064 0.0111 0.0240 0.0484 0.1306 0.1206 0.3884 0.2703 
 560 0.0047 0.0505 0.0889 0.0316 0.1170 0.0674 0.1254 0.5143 
 561 0.0055 0.0216 0.0438 0.0405 0.2026 0.0877 0.2364 0.3618 
 562 0.0059 0.0278 0.0325 0.0317 0.1559 0.0656 0.3222 0.3583 
 563 0.0081 0.0198 0.0599 0.0544 0.0919 0.2869 0.1058 0.3731 
 564 0.0093 0.0193 0.0205 0.0765 0.1304 0.0916 0.4872 0.1652 
 565 0.0056 0.0796 0.0340 0.0413 0.4573 0.0972 0.1063 0.1788 
 566 0.0040 0.0279 0.0201 0.0333 0.1240 0.0642 0.1188 0.6077 
 567 0.0062 0.0145 0.0195 0.0403 0.1112 0.0840 0.5449 0.1795 
 568 0.0054 0.0238 0.0272 0.0531 0.1197 0.1304 0.2696 0.3707 
 569 0.0073 0.0305 0.0207 0.0726 0.2100 0.0974 0.2337 0.3279 
 570 0.0073 0.0268 0.0179 0.0363 0.3988 0.0667 0.1100 0.3362 
 571 0.0051 0.0246 0.0170 0.0505 0.0817 0.0934 0.1622 0.5654 
 572 0.0042 0.0275 0.0299 0.0594 0.1376 0.3282 0.2756 0.1376 
 573 0.0079 0.1562 0.0175 0.0634 0.1008 0.1091 0.3733 0.1718 
 574 0.0070 0.0251 0.0208 0.0858 0.3491 0.1767 0.1586 0.1769 
 575 0.0053 0.0175 0.0319 0.0636 0.1075 0.2074 0.1581 0.4087 
 576 0.0054 0.0235 0.0320 0.0358 0.1396 0.0638 0.1171 0.5829 
 577 0.0075 0.0142 0.0221 0.0612 0.3360 0.2143 0.1407 0.2041 
 578 0.0053 0.0399 0.0366 0.0497 0.1367 0.1027 0.1660 0.4631 
 579 0.0058 0.0197 0.0590 0.0552 0.2420 0.0790 0.2656 0.2736 
 580 0.0053 0.0248 0.0236 0.0577 0.3823 0.1407 0.1400 0.2255 
 581 0.0050 0.0290 0.0251 0.0522 0.2394 0.1139 0.1267 0.4086 
 582 0.0060 0.0399 0.0394 0.0344 0.2553 0.0911 0.1612 0.3728 
 583 0.0507 0.0254 0.0198 0.0557 0.1148 0.0889 0.1417 0.5031 
 584 0.0063 0.0172 0.0194 0.0387 0.1714 0.0757 0.1225 0.5488 
 585 0.0059 0.0312 0.0424 0.0413 0.1833 0.0960 0.1471 0.4528 
 586 0.0051 0.0120 0.0243 0.0460 0.0912 0.1336 0.2229 0.4649 
 587 0.0080 0.0123 0.0338 0.0339 0.3126 0.0783 0.3168 0.2042 
 588 0.0061 0.0090 0.0217 0.0495 0.0613 0.0708 0.6925 0.0890 
 589 0.0057 0.1442 0.0264 0.0442 0.2087 0.0734 0.2395 0.2580 
 590 0.0062 0.0108 0.0254 0.0481 0.1510 0.0793 0.3080 0.3713 
 591 0.0051 0.0133 0.0180 0.0522 0.1047 0.0998 0.1694 0.5375 
 592 0.0042 0.0278 0.0297 0.0380 0.1053 0.0894 0.3597 0.3459 
 593 0.0051 0.0337 0.0211 0.0632 0.1249 0.1419 0.2167 0.3934 
 594 0.0506 0.0172 0.0273 0.1127 0.1252 0.1278 0.2190 0.3201 
 595 0.0091 0.0110 0.0545 0.0360 0.3585 0.0707 0.1977 0.2624 
 596 0.0043 0.1269 0.0197 0.0634 0.1077 0.0982 0.4244 0.1554 
 597 0.0080 0.0251 0.0208 0.2163 0.0673 0.0943 0.1585 0.4097 
 598 0.0068 0.0360 0.0180 0.0382 0.4452 0.0720 0.0908 0.2930 
 599 0.0055 0.0206 0.0194 0.0337 0.1219 0.0710 0.2317 0.4963 
 600 0.0047 0.0223 0.0382 0.0663 0.3426 0.1461 0.1967 0.1831 
 601 0.0044 0.0189 0.0408 0.0325 0.1757 0.0847 0.1918 0.4511 
 602 0.0072 0.0141 0.0206 0.0851 0.1507 0.2034 0.2895 0.2293 
 603 0.0054 0.0119 0.0217 0.0949 0.1499 0.1657 0.3421 0.2085 
 604 0.0111 0.0668 0.0675 0.0839 0.3276 0.1207 0.1720 0.1505 
 605 0.0056 0.0235 0.0339 0.0530 0.1935 0.1191 0.3091 0.2623 
 606 0.0081 0.0191 0.0306 0.0813 0.2118 0.2139 0.2773 0.1578 
 607 0.0070 0.0181 0.0186 0.1240 0.2522 0.2176 0.1622 0.2004 
 608 0.0053 0.0218 0.0241 0.2739 0.1152 0.2046 0.1250 0.2302 
 609 0.0083 0.0209 0.0314 0.0459 0.3228 0.1786 0.1578 0.2343 
 610 0.0054 0.2116 0.0387 0.0518 0.1969 0.1167 0.2306 0.1483 
 611 0.0073 0.0157 0.0253 0.0897 0.1207 0.1898 0.3214 0.2302 
 612 0.0115 0.0773 0.0581 0.0435 0.4099 0.1113 0.1427 0.1457 
 613 0.0339 0.0267 0.0234 0.0659 0.2544 0.1152 0.2878 0.1928 
 614 0.0063 0.0183 0.0281 0.0391 0.5338 0.0891 0.1623 0.1230 
 615 0.0053 0.0530 0.0345 0.0595 0.4172 0.1474 0.1619 0.1211 
 616 0.0051 0.0117 0.0199 0.1028 0.3198 0.1629 0.1653 0.2125 
 617 0.0140 0.0328 0.0737 0.0556 0.3247 0.0783 0.2618 0.1591 
 618 0.0107 0.0835 0.0786 0.1940 0.2229 0.1012 0.1815 0.1276 
 619 0.0044 0.0316 0.0202 0.0807 0.1213 0.1691 0.2601 0.3127 
 620 0.0044 0.0218 0.0300 0.0324 0.0847 0.0685 0.4303 0.3280 
 621 0.0074 0.0174 0.0199 0.0448 0.2366 0.0986 0.1211 0.4542 
 622 0.0137 0.0493 0.0667 0.0982 0.2412 0.0985 0.3063 0.1262 
 623 0.0046 0.0217 0.0184 0.0471 0.1631 0.1017 0.3125 0.3309 
 624 0.0077 0.0708 0.0495 0.1881 0.2307 0.1132 0.1354 0.2046 
 625 0.0128 0.0235 0.0557 0.1220 0.3301 0.1346 0.1311 0.1902 
 626 0.0196 0.0708 0.0597 0.1886 0.1511 0.2264 0.1991 0.0847 
 627 0.0045 0.0139 0.0264 0.0614 0.2380 0.1132 0.3035 0.2390 
 628 0.0049 0.0141 0.0255 0.0648 0.1536 0.1021 0.3543 0.2806 
 629 0.0054 0.0128 0.0252 0.0651 0.2679 0.1422 0.2289 0.2527 
 630 0.0128 0.0263 0.0354 0.0569 0.3116 0.1217 0.1562 0.2791 
 631 0.0052 0.0158 0.0214 0.0585 0.3615 0.1251 0.1955 0.2171 
 632 0.0050 0.0153 0.0308 0.1133 0.1586 0.2410 0.3179 0.1181 
 633 0.0065 0.0317 0.0330 0.0994 0.2695 0.1516 0.1560 0.2523 
 634 0.0057 0.0166 0.0215 0.1062 0.1797 0.1853 0.2823 0.2028 
 635 0.0048 0.0163 0.0202 0.1291 0.1882 0.3580 0.1605 0.1229 
 636 0.0073 0.0233 0.0288 0.1621 0.2456 0.1371 0.1517 0.2441 
 637 0.0055 0.0196 0.0444 0.0562 0.1470 0.2256 0.3377 0.1640 
 638 0.0060 0.0144 0.0183 0.0869 0.2339 0.1674 0.2287 0.2443 
 639 0.0062 0.0217 0.0279 0.0898 0.3703 0.1321 0.2001 0.1519 
 640 0.0063 0.0143 0.0416 0.0768 0.1816 0.1015 0.1448 0.4330 
 641 0.0098 0.0145 0.0201 0.0667 0.2987 0.1341 0.2513 0.2046 
 642 0.0057 0.0156 0.0358 0.1185 0.1140 0.3970 0.1877 0.1257 
 643 0.0055 0.0101 0.0440 0.3778 0.0961 0.2206 0.1159 0.1301 
 644 0.0058 0.0122 0.0215 0.3047 0.0981 0.2135 0.1736 0.1706 
 645 0.0119 0.0916 0.0433 0.2232 0.1468 0.2564 0.1429 0.0838 
