   1 0.0078 0.0071 0.0218 0.0639 0.0872 0.1908 0.3213 0.1620 0.1381 
   2 0.0056 0.0044 0.0121 0.0245 0.0551 0.0989 0.1092 0.1088 0.5814 
   3 0.0049 0.0099 0.0107 0.0563 0.0719 0.3324 0.2548 0.1335 0.1256 
   4 0.0056 0.0162 0.0412 0.0464 0.2700 0.1276 0.2279 0.1220 0.1429 
   5 0.0060 0.0054 0.0135 0.0267 0.0545 0.1176 0.0961 0.1213 0.5590 
   6 0.0052 0.0107 0.0119 0.0299 0.0957 0.4080 0.0901 0.1587 0.1896 
   7 0.0052 0.0079 0.0101 0.0237 0.0574 0.2130 0.1100 0.4173 0.1554 
   8 0.0063 0.0310 0.1541 0.0369 0.0976 0.1787 0.1961 0.1624 0.1368 
   9 0.0114 0.0157 0.0162 0.0331 0.0650 0.2130 0.2104 0.1301 0.3052 
  10 0.0061 0.0098 0.1413 0.0231 0.0798 0.1970 0.1404 0.2186 0.1840 
  11 0.0069 0.0053 0.0101 0.0233 0.0492 0.2194 0.1282 0.4059 0.1517 
  12 0.0050 0.0064 0.0103 0.0313 0.0998 0.1290 0.1303 0.1316 0.4562 
  13 0.0070 0.0084 0.0130 0.0361 0.0731 0.1881 0.1974 0.1943 0.2825 
  14 0.0050 0.0048 0.0362 0.0900 0.0797 0.1911 0.1867 0.1025 0.3040 
  15 0.0051 0.0071 0.0143 0.0399 0.1589 0.1902 0.1963 0.1538 0.2344 
  16 0.0080 0.0057 0.0097 0.0385 0.0607 0.3292 0.1991 0.1992 0.1499 
  17 0.0087 0.0178 0.0125 0.0702 0.0862 0.2287 0.1533 0.1516 0.2710 
  18 0.0079 0.0129 0.0249 0.0414 0.1087 0.2774 0.1401 0.1000 0.2865 
  19 0.0052 0.0080 0.0109 0.0240 0.0767 0.2845 0.1503 0.1933 0.2471 
  20 0.0055 0.0067 0.0104 0.0396 0.0972 0.1959 0.1267 0.2302 0.2877 
  21 0.0059 0.0059 0.0197 0.0594 0.1377 0.1481 0.2411 0.1270 0.2553 
  22 0.0063 0.0154 0.0115 0.0363 0.0741 0.3540 0.2058 0.1231 0.1734 
  23 0.0196 0.0095 0.0302 0.0700 0.0812 0.1502 0.3274 0.1121 0.1998 
  24 0.0070 0.0061 0.0103 0.0372 0.0899 0.2009 0.3395 0.1613 0.1479 
  25 0.0054 0.0070 0.0123 0.0354 0.0490 0.2918 0.0874 0.1927 0.3191 
  26 0.0057 0.0115 0.0102 0.0354 0.1338 0.1998 0.1885 0.1456 0.2695 
  27 0.0078 0.0076 0.0101 0.0640 0.0914 0.2417 0.1827 0.1470 0.2475 
  28 0.0074 0.0062 0.0749 0.0350 0.2060 0.1579 0.1550 0.2002 0.1574 
  29 0.0073 0.0048 0.0086 0.0346 0.0558 0.1324 0.1988 0.2409 0.3167 
  30 0.0071 0.0076 0.0099 0.0438 0.0617 0.3556 0.1970 0.1151 0.2021 
  31 0.0071 0.0206 0.1261 0.0648 0.0713 0.1223 0.1417 0.1973 0.2488 
  32 0.0049 0.0061 0.0251 0.0347 0.1020 0.2448 0.2041 0.1215 0.2568 
  33 0.0074 0.0068 0.0086 0.0375 0.0649 0.2577 0.2862 0.1905 0.1404 
  34 0.0127 0.0082 0.1321 0.0289 0.0651 0.2032 0.0901 0.3050 0.1548 
  35 0.0195 0.0217 0.0102 0.1012 0.0497 0.1994 0.1897 0.1219 0.2868 
  36 0.0073 0.0057 0.0148 0.1956 0.0477 0.2289 0.2377 0.1256 0.1368 
  37 0.0056 0.0098 0.0131 0.0422 0.0791 0.1319 0.3481 0.1337 0.2366 
  38 0.0204 0.0058 0.0093 0.0703 0.0420 0.3568 0.1350 0.2065 0.1539 
  39 0.0194 0.0095 0.0096 0.0914 0.0686 0.2339 0.1439 0.2169 0.2068 
  40 0.0070 0.0048 0.0111 0.1275 0.0598 0.1652 0.3654 0.0956 0.1635 
  41 0.0295 0.0094 0.0120 0.2087 0.0393 0.1922 0.1928 0.1958 0.1203 
  42 0.0138 0.0053 0.0092 0.0932 0.0639 0.1648 0.4307 0.1041 0.1150 
  43 0.0100 0.0094 0.0190 0.1593 0.0578 0.1031 0.2582 0.1425 0.2406 
  44 0.0105 0.0122 0.0092 0.2678 0.0387 0.1744 0.1564 0.1206 0.2102 
  45 0.0175 0.0059 0.0118 0.1584 0.0414 0.1707 0.1643 0.1414 0.2886 
  46 0.0080 0.0178 0.0092 0.0913 0.0729 0.2575 0.1086 0.1701 0.2646 
  47 0.0183 0.0413 0.0264 0.0521 0.0708 0.2070 0.2037 0.1370 0.2434 
  48 0.0132 0.0142 0.0095 0.2619 0.0428 0.1728 0.1649 0.0908 0.2301 
  49 0.0290 0.0121 0.0099 0.0869 0.0592 0.2097 0.2194 0.1379 0.2360 
  50 0.0111 0.0177 0.0680 0.0465 0.0640 0.2686 0.0843 0.2261 0.2137 
  51 0.0099 0.0045 0.0112 0.4273 0.0389 0.1257 0.1552 0.1022 0.1251 
  52 0.0208 0.0140 0.0087 0.0974 0.0791 0.2064 0.1712 0.2478 0.1547 
  53 0.0150 0.0084 0.0313 0.0563 0.0563 0.3640 0.1803 0.1739 0.1146 
  54 0.0108 0.0112 0.0227 0.0812 0.0722 0.0913 0.2328 0.1209 0.3570 
  55 0.0080 0.0081 0.0115 0.1938 0.0587 0.0987 0.1877 0.1126 0.3208 
  56 0.0149 0.0090 0.0093 0.0935 0.0649 0.2342 0.2303 0.0950 0.2488 
  57 0.0111 0.0278 0.0265 0.0281 0.1766 0.1877 0.1747 0.1783 0.1892 
  58 0.0130 0.0060 0.0106 0.1155 0.0537 0.1217 0.2775 0.1534 0.2486 
  59 0.0328 0.0061 0.0088 0.0973 0.0561 0.2251 0.2008 0.1422 0.2309 
  60 0.0067 0.0051 0.0202 0.2319 0.0957 0.1251 0.2502 0.1277 0.1374 
  61 0.0074 0.0047 0.0194 0.2023 0.0806 0.0678 0.2382 0.1062 0.2735 
  62 0.0341 0.0160 0.0100 0.0378 0.0937 0.1873 0.1188 0.1371 0.3653 
  63 0.0066 0.0047 0.0106 0.0644 0.0683 0.1306 0.2981 0.2155 0.2014 
  64 0.0109 0.0085 0.0095 0.0306 0.0490 0.3528 0.1352 0.1445 0.2590 
  65 0.0079 0.0064 0.0104 0.0352 0.0462 0.1371 0.0949 0.3182 0.3438 
  66 0.0076 0.0055 0.0301 0.0399 0.1104 0.1029 0.2324 0.1679 0.3035 
  67 0.0078 0.0071 0.0189 0.2101 0.0488 0.0881 0.1585 0.1308 0.3299 
  68 0.0311 0.0073 0.0100 0.1175 0.0653 0.2075 0.2176 0.1345 0.2092 
  69 0.0339 0.0068 0.2543 0.0679 0.0569 0.2218 0.0891 0.1346 0.1346 
  70 0.0075 0.0050 0.0209 0.1797 0.0583 0.1406 0.2547 0.2285 0.1048 
  71 0.0309 0.0059 0.0118 0.1837 0.0401 0.1948 0.1163 0.1512 0.2654 
  72 0.0063 0.0077 0.0150 0.1116 0.0459 0.3221 0.1818 0.1596 0.1502 
  73 0.0241 0.0055 0.0176 0.1157 0.0466 0.0972 0.1449 0.1532 0.3953 
  74 0.0068 0.0053 0.0095 0.1134 0.0584 0.2231 0.3526 0.1055 0.1255 
  75 0.0097 0.0057 0.0168 0.1099 0.0675 0.1697 0.3980 0.0831 0.1396 
  76 0.0057 0.0063 0.0115 0.1382 0.0542 0.1156 0.1971 0.2522 0.2192 
  77 0.0257 0.0050 0.0085 0.1343 0.0375 0.1997 0.1710 0.2123 0.2061 
  78 0.0330 0.0058 0.0095 0.1134 0.0378 0.2828 0.1779 0.1850 0.1549 
  79 0.0053 0.0054 0.0135 0.0221 0.0599 0.2030 0.1354 0.3005 0.2549 
  80 0.0056 0.0060 0.0164 0.0249 0.1625 0.0921 0.3916 0.1635 0.1372 
  81 0.0050 0.0062 0.0188 0.0214 0.1812 0.1104 0.2725 0.2264 0.1582 
  82 0.0089 0.0055 0.0106 0.0507 0.0786 0.1109 0.2492 0.1605 0.3252 
  83 0.0049 0.0056 0.0192 0.0392 0.1433 0.1760 0.2248 0.2265 0.1605 
  84 0.0050 0.0053 0.0139 0.0244 0.1345 0.1523 0.2148 0.2812 0.1687 
  85 0.0046 0.0053 0.0187 0.0346 0.1409 0.2363 0.2456 0.1462 0.1679 
  86 0.0087 0.0075 0.0131 0.0786 0.0664 0.1227 0.1310 0.1545 0.4174 
  87 0.0056 0.0062 0.0299 0.0427 0.0645 0.1503 0.1385 0.3788 0.1836 
  88 0.0051 0.0055 0.0113 0.0255 0.0988 0.1095 0.3229 0.2071 0.2143 
  89 0.0053 0.0066 0.0390 0.0233 0.1268 0.1012 0.3201 0.1726 0.2050 
  90 0.0052 0.0053 0.0121 0.0240 0.0729 0.1163 0.1471 0.3598 0.2573 
  91 0.0044 0.0053 0.0172 0.0361 0.1610 0.1690 0.3415 0.1364 0.1292 
  92 0.0051 0.0057 0.0118 0.0248 0.0785 0.1499 0.1997 0.2250 0.2995 
  93 0.0058 0.0054 0.1076 0.0258 0.2158 0.0901 0.3288 0.0971 0.1237 
  94 0.0054 0.0049 0.0130 0.0420 0.0611 0.1782 0.1213 0.4718 0.1023 
  95 0.0049 0.0052 0.0121 0.0242 0.0943 0.0906 0.2411 0.3332 0.1943 
  96 0.0078 0.0050 0.0130 0.1217 0.0831 0.0736 0.3251 0.1066 0.2641 
  97 0.0083 0.0062 0.0101 0.0788 0.0729 0.2031 0.3437 0.0881 0.1887 
  98 0.0081 0.0043 0.0097 0.0642 0.0480 0.1386 0.2819 0.1331 0.3120 
  99 0.0050 0.0053 0.0164 0.0228 0.1279 0.1267 0.2001 0.2964 0.1994 
 100 0.0058 0.0056 0.0152 0.0279 0.1449 0.0713 0.4373 0.0830 0.2089 
 101 0.0062 0.0071 0.1013 0.0474 0.0691 0.1406 0.1794 0.2416 0.2073 
 102 0.0116 0.0064 0.0176 0.0696 0.1303 0.1273 0.3132 0.1919 0.1320 
 103 0.0077 0.0059 0.0859 0.0340 0.0985 0.0912 0.1336 0.1875 0.3558 
 104 0.0055 0.0051 0.0206 0.0328 0.1105 0.0935 0.0691 0.4237 0.2392 
 105 0.0133 0.0063 0.0604 0.0361 0.1302 0.0817 0.0907 0.2632 0.3182 
 106 0.0053 0.0051 0.0077 0.0350 0.0376 0.1585 0.0794 0.4915 0.1800 
 107 0.0089 0.0073 0.0389 0.0426 0.1040 0.0905 0.1375 0.2916 0.2787 
 108 0.0049 0.0044 0.0140 0.1634 0.0635 0.1994 0.0925 0.0973 0.3607 
 109 0.0817 0.0067 0.0156 0.0482 0.0407 0.1492 0.0791 0.3160 0.2630 
 110 0.0070 0.0055 0.0131 0.0284 0.0404 0.1549 0.0850 0.5349 0.1307 
 111 0.0141 0.0069 0.0130 0.0331 0.0722 0.0857 0.0855 0.4435 0.2459 
 112 0.1371 0.0049 0.0097 0.0576 0.0454 0.0985 0.0864 0.4397 0.1208 
 113 0.0077 0.0065 0.0221 0.0522 0.0749 0.1616 0.1469 0.1468 0.3812 
 114 0.0096 0.0048 0.0253 0.0270 0.1318 0.0856 0.0776 0.3905 0.2478 
 115 0.0113 0.0067 0.0098 0.1152 0.0578 0.1052 0.1398 0.3313 0.2229 
 116 0.0099 0.0063 0.0085 0.1075 0.0393 0.1554 0.1075 0.3518 0.2138 
 117 0.0189 0.0077 0.0188 0.0427 0.0429 0.1438 0.1190 0.4641 0.1420 
 118 0.0097 0.0054 0.0105 0.0380 0.0623 0.0913 0.0920 0.1655 0.5254 
 119 0.0058 0.0045 0.0163 0.1669 0.0898 0.1091 0.2931 0.1603 0.1543 
 120 0.0187 0.0059 0.0133 0.0672 0.0708 0.1025 0.1333 0.3449 0.2435 
 121 0.0317 0.0173 0.0216 0.1802 0.0426 0.1069 0.1044 0.3018 0.1936 
 122 0.0107 0.0045 0.0179 0.0313 0.0515 0.1415 0.0898 0.4095 0.2434 
 123 0.0090 0.0058 0.0188 0.0447 0.0819 0.1225 0.1047 0.4123 0.2004 
 124 0.0224 0.0127 0.0117 0.1010 0.0576 0.2139 0.0954 0.2621 0.2232 
 125 0.0218 0.0062 0.0129 0.0643 0.0437 0.2786 0.1413 0.2883 0.1428 
 126 0.0059 0.0042 0.0100 0.0963 0.0778 0.1273 0.1414 0.3717 0.1655 
 127 0.0090 0.0067 0.0111 0.0395 0.0756 0.0779 0.0902 0.4505 0.2395 
 128 0.0078 0.0046 0.0095 0.0355 0.0573 0.0837 0.0929 0.1370 0.5717 
 129 0.0080 0.0072 0.0381 0.0363 0.0448 0.0868 0.0788 0.2582 0.4418 
 130 0.0166 0.0072 0.0323 0.0293 0.1012 0.0894 0.1123 0.3517 0.2601 
 131 0.0350 0.0114 0.0280 0.1124 0.0415 0.2609 0.0843 0.2700 0.1565 
 132 0.0078 0.0054 0.0189 0.0366 0.0427 0.1261 0.0756 0.3699 0.3170 
 133 0.0110 0.0088 0.0249 0.0467 0.0831 0.1024 0.1060 0.3190 0.2981 
 134 0.0091 0.0046 0.0080 0.0247 0.0340 0.1078 0.0670 0.6018 0.1431 
 135 0.0118 0.0065 0.0102 0.0854 0.2309 0.0879 0.2814 0.0868 0.1991 
 136 0.0070 0.0068 0.0256 0.0268 0.3530 0.1187 0.2479 0.0758 0.1385 
 137 0.0139 0.0057 0.0314 0.0246 0.1983 0.0873 0.4252 0.1125 0.1011 
 138 0.0052 0.0054 0.0107 0.0370 0.5241 0.0980 0.1426 0.0818 0.0953 
 139 0.0067 0.0051 0.0244 0.0496 0.1858 0.1102 0.1664 0.0867 0.3652 
 140 0.0073 0.0059 0.0446 0.0580 0.1674 0.1172 0.2785 0.1362 0.1849 
 141 0.0072 0.0065 0.1016 0.0330 0.2948 0.1620 0.1458 0.0853 0.1637 
 142 0.0133 0.0061 0.0342 0.1074 0.2093 0.0838 0.2395 0.0839 0.2224 
 143 0.0047 0.0049 0.0108 0.0274 0.2853 0.0742 0.4257 0.0711 0.0959 
 144 0.0137 0.0056 0.0130 0.0286 0.2459 0.0771 0.4080 0.1090 0.0992 
 145 0.0086 0.0078 0.0220 0.0418 0.2158 0.1662 0.2554 0.0842 0.1982 
 146 0.0062 0.0084 0.0261 0.0351 0.2233 0.1353 0.2517 0.1516 0.1623 
 147 0.0052 0.0060 0.0225 0.0243 0.3755 0.0835 0.3140 0.0738 0.0952 
 148 0.0103 0.0057 0.1232 0.0540 0.2073 0.1153 0.1818 0.1030 0.1994 
 149 0.0071 0.0056 0.2328 0.0540 0.1157 0.0952 0.2675 0.0812 0.1409 
 150 0.0159 0.0069 0.0309 0.0294 0.2313 0.0921 0.2766 0.1514 0.1655 
 151 0.0052 0.0058 0.0111 0.0286 0.3164 0.0821 0.3244 0.0960 0.1304 
 152 0.0084 0.0061 0.0386 0.0969 0.2762 0.1531 0.1656 0.0878 0.1673 
 153 0.0058 0.0048 0.0222 0.0571 0.3866 0.1086 0.1936 0.1127 0.1086 
 154 0.0062 0.0060 0.3038 0.0459 0.1223 0.1094 0.1711 0.0752 0.1600 
 155 0.0047 0.0049 0.0115 0.0259 0.5365 0.0773 0.1244 0.0983 0.1165 
 156 0.0072 0.0046 0.0114 0.0788 0.3444 0.0695 0.2444 0.1006 0.1392 
 157 0.0049 0.0049 0.0291 0.0231 0.3515 0.0964 0.2077 0.1761 0.1063 
 158 0.0087 0.0076 0.0224 0.0362 0.2280 0.1729 0.2821 0.0851 0.1570 
 159 0.0056 0.0060 0.1641 0.0217 0.2190 0.0784 0.3216 0.0738 0.1097 
 160 0.0059 0.0074 0.1586 0.0231 0.3060 0.0796 0.2079 0.0742 0.1374 
 161 0.0059 0.0049 0.0214 0.0302 0.1033 0.1139 0.4884 0.1045 0.1275 
 162 0.0061 0.0099 0.0228 0.0391 0.2639 0.1350 0.1546 0.1478 0.2208 
 163 0.0047 0.0048 0.0110 0.0426 0.5052 0.0736 0.1610 0.0974 0.0998 
 164 0.0051 0.0085 0.2110 0.0287 0.1426 0.0981 0.1531 0.1207 0.2322 
 165 0.0150 0.0066 0.0125 0.0303 0.2805 0.0845 0.2901 0.1497 0.1308 
 166 0.0049 0.0051 0.2385 0.0521 0.1335 0.1147 0.1839 0.1380 0.1293 
 167 0.0049 0.0100 0.3533 0.0307 0.1654 0.1239 0.0967 0.0957 0.1194 
 168 0.0052 0.0059 0.0149 0.0540 0.3811 0.1624 0.1764 0.0921 0.1081 
 169 0.0105 0.0083 0.0187 0.0424 0.1675 0.3007 0.2258 0.0831 0.1432 
 170 0.0053 0.0049 0.0118 0.0378 0.0886 0.0772 0.5496 0.0893 0.1356 
 171 0.0051 0.0057 0.0243 0.0478 0.2943 0.1685 0.1757 0.0959 0.1827 
 172 0.0106 0.0058 0.0708 0.0917 0.1245 0.1735 0.3117 0.0788 0.1326 
 173 0.0051 0.0059 0.0219 0.0245 0.4740 0.0783 0.1567 0.0738 0.1598 
 174 0.0048 0.0059 0.0274 0.0215 0.4284 0.0943 0.1838 0.1019 0.1321 
 175 0.0057 0.0064 0.0121 0.0337 0.2659 0.1123 0.3791 0.0726 0.1122 
 176 0.0136 0.0057 0.0132 0.0283 0.2474 0.0771 0.4074 0.1087 0.0985 
 177 0.0059 0.0056 0.0250 0.0306 0.3158 0.1347 0.1619 0.2002 0.1203 
 178 0.0048 0.0060 0.0283 0.0231 0.4186 0.1300 0.1331 0.1024 0.1537 
 179 0.0046 0.0057 0.0821 0.0227 0.4571 0.0815 0.1571 0.0740 0.1152 
 180 0.0076 0.0101 0.0916 0.0442 0.1646 0.1232 0.3091 0.1122 0.1373 
 181 0.0076 0.0070 0.0202 0.0413 0.2038 0.1048 0.3339 0.0832 0.1980 
 182 0.0060 0.0068 0.0127 0.0358 0.2793 0.0739 0.3234 0.0741 0.1879 
 183 0.0051 0.0060 0.0223 0.0277 0.3666 0.0822 0.2897 0.0738 0.1266 
 184 0.0053 0.0071 0.0237 0.0278 0.0561 0.1198 0.1175 0.1006 0.5421 
 185 0.0067 0.0046 0.0115 0.1136 0.4042 0.0640 0.2283 0.0661 0.1011 
 186 0.0048 0.0063 0.0230 0.0289 0.0525 0.1063 0.1201 0.1514 0.5067 
 187 0.0046 0.0049 0.0249 0.0353 0.2345 0.0979 0.1535 0.0976 0.3467 
 188 0.0053 0.0061 0.0409 0.0293 0.0443 0.0897 0.0899 0.1161 0.5783 
 189 0.0047 0.0051 0.0157 0.0525 0.1226 0.2397 0.3013 0.1134 0.1450 
 190 0.0078 0.0044 0.0115 0.1961 0.1491 0.0596 0.2634 0.0689 0.2391 
 191 0.0058 0.0047 0.0369 0.0249 0.0889 0.0846 0.1308 0.0885 0.5349 
 192 0.0048 0.0046 0.0174 0.0232 0.1170 0.1040 0.2603 0.1249 0.3438 
 193 0.0067 0.0051 0.0123 0.0367 0.1027 0.1171 0.2608 0.1071 0.3514 
 194 0.0050 0.0053 0.0165 0.0443 0.0825 0.0944 0.3432 0.1234 0.2853 
 195 0.0053 0.0050 0.0358 0.0673 0.2120 0.0689 0.2746 0.0699 0.2611 
 196 0.0076 0.0046 0.0128 0.0779 0.1365 0.0789 0.2260 0.0938 0.3619 
 197 0.0054 0.0074 0.0139 0.0510 0.1815 0.1488 0.1142 0.1594 0.3184 
 198 0.0050 0.0047 0.0143 0.0506 0.0931 0.1607 0.2339 0.1650 0.2727 
 199 0.0064 0.0051 0.0108 0.0803 0.0730 0.0843 0.3776 0.0978 0.2647 
 200 0.0092 0.0047 0.0134 0.0900 0.1352 0.1316 0.1881 0.0989 0.3290 
 201 0.0044 0.0049 0.0159 0.0378 0.3615 0.0805 0.1668 0.0782 0.2499 
 202 0.0052 0.0047 0.0100 0.0623 0.1521 0.0673 0.4391 0.0896 0.1696 
 203 0.0062 0.0046 0.0231 0.0298 0.3416 0.0703 0.1610 0.0740 0.2894 
 204 0.0063 0.0049 0.0464 0.0558 0.1053 0.0649 0.2387 0.0745 0.4032 
 205 0.0056 0.0048 0.0267 0.0655 0.0891 0.0922 0.2005 0.0988 0.4168 
 206 0.0049 0.0056 0.0349 0.0392 0.1274 0.0757 0.1737 0.0724 0.4662 
 207 0.0065 0.0045 0.0147 0.0432 0.0609 0.0689 0.1915 0.0905 0.5192 
 208 0.0052 0.0046 0.0154 0.0448 0.2571 0.0738 0.1247 0.0809 0.3935 
 209 0.0068 0.0047 0.0185 0.0349 0.0920 0.0892 0.2042 0.0958 0.4539 
 210 0.0055 0.0044 0.0353 0.0341 0.1400 0.0751 0.1752 0.0879 0.4425 
 211 0.0108 0.0059 0.0083 0.0755 0.1105 0.0677 0.2327 0.1073 0.3814 
 212 0.0054 0.0048 0.0123 0.0577 0.2021 0.0960 0.3769 0.0796 0.1652 
 213 0.0073 0.0046 0.0129 0.0922 0.0688 0.0931 0.2660 0.1648 0.2904 
 214 0.0058 0.0048 0.0120 0.0350 0.1983 0.0759 0.3495 0.0774 0.2413 
 215 0.0064 0.0044 0.0192 0.0426 0.0835 0.0841 0.1215 0.0950 0.5432 
 216 0.0054 0.0075 0.0134 0.0317 0.0667 0.1474 0.1609 0.1170 0.4500 
 217 0.0053 0.0051 0.0158 0.0446 0.2048 0.0927 0.3140 0.0783 0.2394 
 218 0.0052 0.0050 0.0255 0.0286 0.1042 0.0912 0.1828 0.1044 0.4530 
 219 0.0048 0.0101 0.0160 0.0358 0.1694 0.1764 0.2110 0.1045 0.2720 
 220 0.0055 0.0044 0.0444 0.0304 0.0868 0.0687 0.1363 0.0813 0.5422 
 221 0.0058 0.0044 0.0102 0.0490 0.0957 0.0643 0.5780 0.0676 0.1249 
 222 0.0048 0.0089 0.0163 0.0321 0.0910 0.1803 0.2103 0.1206 0.3359 
 223 0.0046 0.0050 0.0155 0.0387 0.2584 0.1291 0.1937 0.1040 0.2510 
 224 0.0054 0.0055 0.0259 0.0303 0.1766 0.0765 0.2504 0.0741 0.3554 
 225 0.0053 0.0048 0.0262 0.0590 0.1036 0.0833 0.2511 0.0901 0.3767 
 226 0.0064 0.0064 0.0194 0.0355 0.1048 0.2185 0.2045 0.1023 0.3021 
 227 0.0054 0.0050 0.0189 0.1122 0.1603 0.0685 0.2652 0.0971 0.2674 
 228 0.0082 0.0050 0.0317 0.1589 0.2065 0.0643 0.2354 0.0671 0.2228 
 229 0.0053 0.0052 0.0411 0.0225 0.1664 0.0766 0.2687 0.0818 0.3324 
 230 0.0060 0.0050 0.0388 0.0236 0.1316 0.0702 0.2434 0.0791 0.4023 
 231 0.0059 0.0052 0.0306 0.0259 0.2152 0.1006 0.1811 0.0820 0.3536 
 232 0.0063 0.0051 0.0142 0.0466 0.0799 0.1044 0.3872 0.1339 0.2223 
 233 0.0051 0.0047 0.0119 0.0271 0.3811 0.0775 0.1880 0.0780 0.2266 
 234 0.0052 0.0044 0.0132 0.0273 0.1495 0.1347 0.1719 0.1202 0.3736 
 235 0.0053 0.0054 0.0157 0.0449 0.1197 0.1145 0.3265 0.1009 0.2673 
 236 0.0054 0.0046 0.0116 0.0281 0.2048 0.0999 0.2458 0.0903 0.3097 
 237 0.0064 0.0047 0.0221 0.0588 0.0911 0.0784 0.1655 0.0888 0.4842 
 238 0.0053 0.0045 0.0118 0.0335 0.1739 0.0837 0.3617 0.0998 0.2256 
 239 0.0054 0.0049 0.0357 0.0668 0.2119 0.0690 0.2733 0.0700 0.2631 
 240 0.0055 0.0046 0.0125 0.0333 0.1741 0.0837 0.3597 0.0990 0.2277 
 241 0.0055 0.0056 0.0125 0.0406 0.1345 0.0822 0.4487 0.0797 0.1906 
 242 0.0057 0.0059 0.0478 0.0506 0.1205 0.1424 0.2396 0.1017 0.2857 
 243 0.0077 0.0043 0.0126 0.0868 0.1502 0.0661 0.2150 0.0748 0.3826 
 244 0.0060 0.0048 0.0270 0.0272 0.2086 0.0725 0.2328 0.0734 0.3476 
 245 0.0049 0.0045 0.0123 0.0466 0.3411 0.0739 0.2803 0.0920 0.1444 
 246 0.0051 0.0049 0.0157 0.0443 0.2056 0.0922 0.3139 0.0771 0.2413 
 247 0.0058 0.0043 0.0145 0.0449 0.0519 0.1291 0.1287 0.2284 0.3925 
 248 0.0053 0.0044 0.0100 0.0411 0.0635 0.0818 0.0994 0.0992 0.5953 
 249 0.0061 0.0048 0.0178 0.0292 0.1209 0.0734 0.3619 0.0853 0.3007 
 250 0.0052 0.0048 0.0192 0.0246 0.1292 0.0934 0.2559 0.0971 0.3705 
 251 0.0077 0.0052 0.0140 0.0465 0.0995 0.2019 0.1596 0.1245 0.3411 
 252 0.0048 0.0049 0.0281 0.0552 0.1292 0.0928 0.3030 0.0961 0.2859 
 253 0.0051 0.0050 0.0117 0.0607 0.0648 0.1277 0.2467 0.1546 0.3236 
 254 0.0047 0.0076 0.0174 0.0369 0.1246 0.1363 0.1668 0.1029 0.4027 
 255 0.0054 0.0051 0.0202 0.0331 0.1203 0.1033 0.2409 0.1039 0.3678 
 256 0.0060 0.0051 0.0137 0.0406 0.1137 0.0876 0.3563 0.0863 0.2906 
 257 0.0072 0.0076 0.0228 0.0390 0.1023 0.0901 0.2262 0.1038 0.4008 
 258 0.0062 0.0042 0.0129 0.1033 0.1168 0.1050 0.1513 0.1331 0.3673 
 259 0.0054 0.0049 0.0160 0.0268 0.0811 0.0870 0.2159 0.0897 0.4732 
 260 0.0049 0.0077 0.0137 0.0277 0.1738 0.1511 0.2334 0.1101 0.2776 
 261 0.0046 0.0047 0.0158 0.0749 0.2023 0.0960 0.2904 0.0870 0.2241 
 262 0.0059 0.0045 0.0137 0.0890 0.1611 0.0719 0.3829 0.0688 0.2022 
 263 0.0059 0.0066 0.0353 0.0349 0.0802 0.0860 0.1203 0.0833 0.5475 
 264 0.0061 0.0115 0.0104 0.0345 0.0440 0.2835 0.0993 0.1216 0.3890 
 265 0.0046 0.0050 0.0187 0.0392 0.1727 0.1219 0.1728 0.0973 0.3678 
 266 0.0058 0.0046 0.0109 0.0579 0.1893 0.0654 0.4486 0.0684 0.1492 
 267 0.0063 0.0050 0.0113 0.0379 0.1346 0.1011 0.2463 0.1034 0.3541 
 268 0.0073 0.0043 0.0128 0.0778 0.1366 0.0786 0.2264 0.0941 0.3622 
 269 0.0047 0.0052 0.0162 0.0339 0.1856 0.2267 0.1768 0.1081 0.2428 
 270 0.0055 0.0069 0.0207 0.0307 0.0696 0.1153 0.1259 0.1154 0.5099 
 271 0.0065 0.0047 0.0137 0.0522 0.0943 0.1001 0.1543 0.1101 0.4640 
 272 0.0087 0.0064 0.0182 0.0565 0.0995 0.1802 0.1647 0.1056 0.3602 
 273 0.0159 0.0231 0.0710 0.0335 0.1264 0.1311 0.2011 0.1382 0.2598 
 274 0.0052 0.0051 0.0154 0.0339 0.1004 0.1341 0.1876 0.1102 0.4081 
 275 0.0086 0.0086 0.0558 0.0358 0.1197 0.1325 0.1622 0.0913 0.3855 
 276 0.0086 0.0064 0.0140 0.0555 0.0628 0.1557 0.2280 0.1114 0.3576 
 277 0.0046 0.0055 0.0164 0.0324 0.1457 0.1325 0.2775 0.1035 0.2819 
 278 0.0064 0.0045 0.0139 0.0573 0.1175 0.0868 0.1219 0.0897 0.5022 
 279 0.0052 0.0051 0.0146 0.0326 0.1158 0.1146 0.2379 0.0999 0.3743 
 280 0.0052 0.0053 0.0142 0.0477 0.1255 0.1698 0.2140 0.0965 0.3218 
 281 0.0051 0.0053 0.0157 0.0357 0.0994 0.1051 0.1895 0.1316 0.4127 
 282 0.0046 0.0047 0.0132 0.0266 0.2543 0.1137 0.2572 0.0950 0.2306 
 283 0.0053 0.0050 0.0188 0.0318 0.2822 0.0783 0.2743 0.0897 0.2146 
 284 0.0065 0.0043 0.0212 0.0347 0.1435 0.1034 0.2169 0.1189 0.3507 
 285 0.0074 0.0044 0.0123 0.0654 0.0440 0.1028 0.0958 0.1081 0.5599 
 286 0.0062 0.0048 0.0277 0.0272 0.2095 0.0720 0.2324 0.0741 0.3462 
 287 0.0046 0.0060 0.0185 0.0338 0.1272 0.1422 0.2229 0.1403 0.3046 
 288 0.0064 0.0061 0.0323 0.0340 0.0913 0.1559 0.1598 0.0964 0.4177 
 289 0.0089 0.0077 0.0366 0.0488 0.0823 0.1118 0.1438 0.1240 0.4361 
 290 0.0151 0.0086 0.0111 0.0632 0.0655 0.1694 0.2458 0.0926 0.3288 
 291 0.0066 0.0048 0.0130 0.0507 0.0952 0.1003 0.1524 0.1097 0.4673 
 292 0.0054 0.0052 0.0133 0.0987 0.1272 0.1437 0.2945 0.0919 0.2202 
 293 0.0127 0.0067 0.0083 0.0914 0.0694 0.2292 0.1532 0.1127 0.3165 
 294 0.0062 0.0078 0.0466 0.0554 0.0619 0.0873 0.1630 0.0874 0.4844 
 295 0.0120 0.0065 0.0413 0.0723 0.0720 0.1489 0.2005 0.1266 0.3198 
 296 0.0066 0.0047 0.0209 0.0400 0.1001 0.0795 0.1464 0.1022 0.4997 
 297 0.0053 0.0057 0.0223 0.0369 0.0792 0.1601 0.2027 0.1060 0.3817 
 298 0.0046 0.0050 0.0203 0.0231 0.1609 0.1067 0.2847 0.1055 0.2893 
 299 0.0054 0.0086 0.0509 0.0276 0.0805 0.0967 0.1501 0.0898 0.4904 
 300 0.0068 0.0047 0.0370 0.0404 0.0558 0.0919 0.1429 0.0854 0.5351 
 301 0.0057 0.0070 0.0204 0.0292 0.0694 0.1445 0.1272 0.0978 0.4990 
 302 0.0081 0.0069 0.0349 0.0872 0.0711 0.0904 0.1376 0.0850 0.4788 
 303 0.0065 0.0052 0.0256 0.0358 0.1644 0.1033 0.2817 0.0846 0.2929 
 304 0.0057 0.0089 0.0221 0.0250 0.2563 0.1430 0.1675 0.1597 0.2119 
 305 0.0063 0.0049 0.0441 0.0540 0.1391 0.0786 0.2570 0.0725 0.3434 
 306 0.0050 0.0053 0.0150 0.0350 0.1344 0.1110 0.4023 0.0865 0.2055 
 307 0.0055 0.0056 0.0121 0.0281 0.0932 0.1156 0.2807 0.1003 0.3587 
 308 0.0046 0.0049 0.0158 0.0744 0.2018 0.0961 0.2919 0.0870 0.2234 
 309 0.0229 0.0164 0.0783 0.0454 0.0945 0.0778 0.1202 0.1069 0.4375 
 310 0.0060 0.0045 0.0147 0.0516 0.1593 0.0731 0.2796 0.0756 0.3356 
 311 0.0057 0.0049 0.0387 0.0238 0.1321 0.0697 0.2426 0.0789 0.4037 
 312 0.0062 0.0045 0.0379 0.0377 0.0905 0.0670 0.1412 0.0917 0.5232 
 313 0.0061 0.0046 0.0161 0.1067 0.0582 0.0721 0.1375 0.0855 0.5133 
 314 0.0077 0.0053 0.1253 0.0520 0.2752 0.0776 0.2921 0.0718 0.0930 
 315 0.0046 0.0048 0.1372 0.0581 0.3245 0.1070 0.1940 0.0811 0.0886 
 316 0.0054 0.0064 0.2726 0.0314 0.2619 0.1192 0.1314 0.0831 0.0886 
 317 0.0071 0.0055 0.1345 0.0294 0.3300 0.0849 0.2432 0.0731 0.0923 
 318 0.0051 0.0055 0.2688 0.0206 0.3151 0.0871 0.1384 0.0743 0.0852 
 319 0.0048 0.0057 0.0114 0.0270 0.4120 0.0751 0.2927 0.0718 0.0995 
 320 0.0074 0.0054 0.1234 0.0530 0.2778 0.0779 0.2898 0.0729 0.0925 
 321 0.0062 0.0053 0.2609 0.0252 0.2077 0.0856 0.2473 0.0740 0.0877 
 322 0.0073 0.0075 0.1190 0.0570 0.2733 0.1185 0.2348 0.0846 0.0981 
 323 0.0048 0.0147 0.0899 0.0221 0.4370 0.0858 0.1790 0.0749 0.0918 
 324 0.0061 0.0053 0.2597 0.0253 0.2087 0.0860 0.2470 0.0744 0.0877 
 325 0.0050 0.0050 0.3455 0.0272 0.2198 0.1099 0.1218 0.0808 0.0849 
 326 0.0054 0.0061 0.4549 0.0265 0.1167 0.1019 0.1256 0.0805 0.0824 
 327 0.0072 0.0055 0.1337 0.0288 0.3313 0.0842 0.2439 0.0733 0.0921 
 328 0.0053 0.0052 0.1583 0.0391 0.2141 0.1146 0.2792 0.0827 0.1014 
 329 0.0043 0.0052 0.0265 0.0205 0.4606 0.0831 0.2384 0.0732 0.0882 
 330 0.0073 0.0058 0.1367 0.0295 0.3273 0.0832 0.2450 0.0730 0.0922 
 331 0.0044 0.0052 0.0860 0.0210 0.4598 0.0827 0.1719 0.0733 0.0956 
 332 0.0049 0.0085 0.4457 0.0264 0.1184 0.1058 0.1265 0.0805 0.0835 
 333 0.0053 0.0064 0.3531 0.0289 0.1506 0.1008 0.1768 0.0806 0.0975 
 334 0.0052 0.0050 0.1559 0.0403 0.2133 0.1162 0.2811 0.0823 0.1007 
 335 0.0054 0.0050 0.0582 0.0497 0.3179 0.1127 0.2754 0.0829 0.0926 
 336 0.0050 0.0088 0.3796 0.0355 0.1421 0.0796 0.1911 0.0740 0.0843 
 337 0.0062 0.0052 0.3203 0.0366 0.1462 0.1096 0.2079 0.0801 0.0880 
 338 0.0047 0.0053 0.4158 0.0199 0.1594 0.0851 0.1510 0.0739 0.0849 
 339 0.0044 0.0052 0.0866 0.0208 0.4610 0.0831 0.1703 0.0736 0.0950 
 340 0.0044 0.0051 0.0309 0.0223 0.5365 0.0764 0.1603 0.0715 0.0926 
 341 0.0059 0.0117 0.1841 0.0224 0.3098 0.0805 0.2123 0.0738 0.0994 
 342 0.0073 0.0057 0.1345 0.0294 0.3274 0.0840 0.2460 0.0734 0.0923 
 343 0.0058 0.0112 0.1258 0.0749 0.1736 0.1052 0.3365 0.0804 0.0867 
 344 0.0044 0.0051 0.0854 0.0203 0.4699 0.0832 0.1713 0.0734 0.0870 
 345 0.0075 0.0058 0.1335 0.0287 0.3305 0.0835 0.2444 0.0737 0.0925 
 346 0.0061 0.0057 0.1316 0.0232 0.4487 0.0849 0.1380 0.0734 0.0884 
 347 0.0045 0.0054 0.0292 0.0219 0.5453 0.0760 0.1606 0.0723 0.0848 
 348 0.0054 0.0045 0.0505 0.0921 0.2621 0.0984 0.3172 0.0782 0.0917 
 349 0.0073 0.0056 0.1341 0.0293 0.3276 0.0834 0.2463 0.0737 0.0927 
 350 0.0045 0.0051 0.0215 0.0352 0.4713 0.0771 0.2126 0.0726 0.1002 
 351 0.0056 0.0050 0.0570 0.0487 0.3191 0.1125 0.2776 0.0824 0.0920 
 352 0.0070 0.0053 0.1906 0.0490 0.2393 0.1127 0.2185 0.0816 0.0960 
 353 0.0051 0.0086 0.3783 0.0354 0.1441 0.0802 0.1908 0.0742 0.0833 
 354 0.0056 0.0068 0.0875 0.0215 0.4421 0.0849 0.1865 0.0750 0.0901 
 355 0.0053 0.0053 0.2687 0.0209 0.3146 0.0869 0.1395 0.0738 0.0850 
 356 0.0050 0.0044 0.0135 0.0864 0.1823 0.0976 0.4423 0.0780 0.0906 
 357 0.0048 0.0050 0.0173 0.0336 0.3164 0.2728 0.1348 0.1066 0.1087 
 358 0.0047 0.0051 0.3517 0.0267 0.1629 0.1046 0.1795 0.0799 0.0850 
 359 0.0042 0.0055 0.2942 0.0207 0.2112 0.0818 0.2107 0.0739 0.0978 
 360 0.0059 0.0056 0.1295 0.0231 0.4529 0.0845 0.1378 0.0728 0.0880 
 361 0.0057 0.0048 0.0154 0.0460 0.1819 0.2648 0.2553 0.1076 0.1183 
 362 0.0078 0.0055 0.0325 0.0384 0.0683 0.2478 0.1279 0.2096 0.2622 
 363 0.0091 0.0080 0.0143 0.0389 0.0521 0.2396 0.1092 0.3003 0.2285 
 364 0.0095 0.0209 0.0170 0.0367 0.1454 0.2209 0.2414 0.1281 0.1801 
 365 0.0167 0.0167 0.0142 0.0361 0.0568 0.3454 0.1183 0.1884 0.2073 
 366 0.0100 0.0062 0.0148 0.1065 0.0861 0.2746 0.1781 0.1018 0.2220 
 367 0.0060 0.0049 0.0091 0.0266 0.0415 0.1679 0.0783 0.5485 0.1172 
 368 0.0051 0.0056 0.0131 0.0249 0.0590 0.1456 0.1322 0.2199 0.3948 
 369 0.0152 0.0085 0.0379 0.0769 0.0597 0.1727 0.3202 0.1288 0.1801 
 370 0.0123 0.0144 0.0421 0.0311 0.0621 0.1366 0.1386 0.2275 0.3353 
 371 0.0113 0.0130 0.0413 0.0388 0.0697 0.1808 0.1684 0.1343 0.3425 
 372 0.0247 0.0358 0.0443 0.0353 0.0801 0.0996 0.1400 0.1641 0.3762 
 373 0.0072 0.0071 0.0122 0.0317 0.0757 0.1497 0.2021 0.3451 0.1693 
 374 0.0148 0.0066 0.0212 0.0281 0.0875 0.2146 0.2828 0.1668 0.1775 
 375 0.0106 0.0190 0.0188 0.0266 0.0494 0.2179 0.0976 0.2932 0.2667 
 376 0.0105 0.1296 0.0105 0.0284 0.0444 0.3703 0.0952 0.2069 0.1042 
 377 0.0076 0.0068 0.0271 0.0424 0.0710 0.2251 0.1001 0.1433 0.3767 
 378 0.0079 0.0052 0.0372 0.0339 0.1292 0.0991 0.1502 0.3818 0.1555 
 379 0.0162 0.2167 0.0119 0.0316 0.0407 0.2636 0.0873 0.2152 0.1167 
 380 0.0119 0.0123 0.0197 0.0590 0.0817 0.3433 0.2345 0.0979 0.1396 
 381 0.0093 0.0113 0.0115 0.0743 0.0643 0.3662 0.2645 0.0907 0.1080 
 382 0.0052 0.0053 0.0184 0.0224 0.0576 0.3320 0.0943 0.2772 0.1877 
 383 0.0088 0.0124 0.1883 0.0291 0.0760 0.3455 0.0984 0.0869 0.1546 
 384 0.0177 0.0681 0.0803 0.0303 0.0932 0.2337 0.1254 0.1888 0.1625 
 385 0.0999 0.0082 0.1529 0.0225 0.0846 0.1625 0.1158 0.1565 0.1969 
 386 0.0055 0.0046 0.0100 0.0291 0.0503 0.2872 0.1079 0.3347 0.1708 
 387 0.0059 0.0049 0.0088 0.0383 0.0776 0.3025 0.0920 0.3032 0.1668 
 388 0.0205 0.0165 0.0285 0.0246 0.1234 0.1921 0.1973 0.1862 0.2110 
 389 0.0215 0.0098 0.0234 0.0711 0.0544 0.0965 0.1098 0.1159 0.4975 
 390 0.0207 0.0202 0.0238 0.1001 0.0486 0.1721 0.1186 0.3740 0.1218 
 391 0.0331 0.0154 0.0190 0.0625 0.0617 0.1463 0.1810 0.2414 0.2395 
 392 0.0060 0.0099 0.0106 0.0407 0.1085 0.3027 0.1374 0.2132 0.1709 
 393 0.0117 0.0091 0.0145 0.0921 0.0721 0.4005 0.1739 0.1244 0.1019 
 394 0.0051 0.0052 0.0522 0.0367 0.1339 0.1860 0.1696 0.2558 0.1557 
 395 0.0063 0.0044 0.0097 0.0834 0.0655 0.2425 0.1150 0.1876 0.2856 
 396 0.0051 0.0063 0.0088 0.0250 0.0402 0.2045 0.0874 0.3520 0.2706 
 397 0.0056 0.1007 0.0187 0.0338 0.0921 0.1494 0.2166 0.1063 0.2767 
 398 0.0072 0.0412 0.0097 0.0396 0.0443 0.3047 0.0914 0.3459 0.1161 
 399 0.0091 0.0048 0.0178 0.0436 0.0500 0.1510 0.1151 0.4337 0.1748 
 400 0.0068 0.0075 0.0095 0.0313 0.0545 0.2253 0.1718 0.3732 0.1200 
 401 0.0074 0.0047 0.0085 0.0765 0.0746 0.1101 0.1460 0.4213 0.1509 
 402 0.0064 0.0082 0.0126 0.0949 0.0748 0.1771 0.1457 0.2590 0.2214 
 403 0.0145 0.0078 0.0127 0.0361 0.2448 0.1537 0.1972 0.1593 0.1739 
 404 0.0128 0.0083 0.0107 0.0253 0.0609 0.2472 0.1875 0.1532 0.2940 
 405 0.0053 0.0049 0.0121 0.0428 0.0679 0.3074 0.1691 0.1549 0.2357 
 406 0.0062 0.0045 0.0092 0.1255 0.0665 0.3230 0.2361 0.0901 0.1389 
 407 0.0055 0.0046 0.0080 0.0259 0.0397 0.5031 0.0929 0.1722 0.1481 
 408 0.0051 0.0042 0.0088 0.1020 0.0392 0.0864 0.0951 0.4091 0.2501 
 409 0.0172 0.0103 0.0148 0.0682 0.0592 0.2001 0.4073 0.1139 0.1090 
 410 0.0102 0.0885 0.0193 0.0459 0.0795 0.1745 0.1343 0.3014 0.1464 
 411 0.0072 0.0231 0.0518 0.0777 0.0837 0.3283 0.1172 0.1820 0.1290 
 412 0.0053 0.0054 0.0137 0.0237 0.0568 0.1884 0.1192 0.2696 0.3178 
 413 0.0051 0.0048 0.0327 0.0275 0.1231 0.1419 0.1391 0.2949 0.2309 
 414 0.0074 0.0046 0.0189 0.0242 0.0485 0.1780 0.0697 0.2962 0.3524 
 415 0.0075 0.0058 0.0093 0.0670 0.0452 0.3700 0.1447 0.1906 0.1598 
 416 0.0164 0.0064 0.0118 0.0642 0.0608 0.1593 0.2226 0.3161 0.1423 
 417 0.0057 0.0061 0.0174 0.0365 0.0448 0.3819 0.1095 0.2505 0.1476 
 418 0.0052 0.0073 0.0111 0.0231 0.0460 0.1577 0.0958 0.4582 0.1958 
 419 0.0207 0.0118 0.0144 0.0453 0.1092 0.1774 0.2208 0.2207 0.1796 
 420 0.0069 0.0042 0.0081 0.1344 0.0424 0.1057 0.1404 0.4208 0.1370 
 421 0.0065 0.0065 0.0177 0.0340 0.0459 0.2031 0.1285 0.3184 0.2394 
 422 0.0069 0.0062 0.0105 0.0712 0.0523 0.2552 0.1296 0.1332 0.3349 
 423 0.0061 0.0084 0.0114 0.0416 0.0856 0.3312 0.1014 0.1808 0.2335 
 424 0.0143 0.0072 0.0125 0.1349 0.0729 0.1722 0.1258 0.3240 0.1363 
 425 0.0268 0.0224 0.0148 0.0335 0.0967 0.2325 0.1272 0.1960 0.2501 
 426 0.0214 0.0306 0.0615 0.0378 0.0742 0.2127 0.1384 0.2722 0.1511 
 427 0.0067 0.0049 0.0242 0.0324 0.1270 0.3488 0.0841 0.2747 0.0972 
 428 0.0072 0.0199 0.0132 0.0746 0.1019 0.3037 0.2020 0.1195 0.1579 
 429 0.0060 0.0063 0.0092 0.0248 0.0402 0.3513 0.0807 0.3557 0.1257 
 430 0.0073 0.0055 0.0123 0.0410 0.0445 0.4380 0.1061 0.1846 0.1607 
 431 0.0114 0.0095 0.0255 0.0311 0.0837 0.1565 0.1276 0.2803 0.2743 
 432 0.0051 0.0056 0.0117 0.0270 0.0631 0.1527 0.1431 0.2627 0.3291 
 433 0.0052 0.0085 0.0123 0.0376 0.1369 0.1111 0.2617 0.1429 0.2838 
 434 0.0074 0.0058 0.0143 0.0383 0.0737 0.2295 0.2282 0.1355 0.2673 
 435 0.0052 0.0046 0.0095 0.0459 0.0429 0.4418 0.0848 0.2393 0.1261 
 436 0.0077 0.0068 0.0103 0.0620 0.0506 0.3988 0.1454 0.2449 0.0735 
 437 0.0047 0.0083 0.0100 0.0311 0.0455 0.5096 0.0891 0.1397 0.1619 
 438 0.0075 0.0059 0.0139 0.1409 0.0514 0.2807 0.1901 0.2127 0.0968 
 439 0.0067 0.0051 0.0106 0.0337 0.0470 0.5011 0.1156 0.1966 0.0836 
 440 0.0056 0.0041 0.0083 0.0416 0.0370 0.4727 0.0728 0.2543 0.1036 
 441 0.0069 0.0052 0.0158 0.0373 0.0662 0.3721 0.1891 0.1905 0.1169 
 442 0.0181 0.0069 0.0080 0.0453 0.0410 0.2949 0.1216 0.2726 0.1915 
 443 0.0076 0.0045 0.0091 0.1514 0.0394 0.1586 0.0931 0.4211 0.1152 
 444 0.0161 0.0061 0.0088 0.0628 0.0411 0.3652 0.1126 0.2209 0.1663 
 445 0.0103 0.0461 0.0108 0.0728 0.0560 0.2720 0.2880 0.1407 0.1034 
 446 0.0085 0.0480 0.0113 0.0315 0.0452 0.2878 0.1030 0.3853 0.0794 
 447 0.0171 0.0061 0.0105 0.0817 0.0621 0.3251 0.1789 0.1800 0.1385 
 448 0.0053 0.0051 0.0102 0.0431 0.0473 0.3811 0.1042 0.2331 0.1706 
 449 0.0056 0.0055 0.0106 0.0383 0.0623 0.3731 0.1542 0.1878 0.1626 
 450 0.0069 0.0092 0.0116 0.0227 0.0697 0.3672 0.1537 0.2442 0.1148 
 451 0.0049 0.0050 0.0089 0.0428 0.0377 0.1782 0.0715 0.4219 0.2290 
 452 0.0057 0.0063 0.0105 0.0255 0.0682 0.3530 0.1425 0.2829 0.1054 
 453 0.0086 0.0049 0.0114 0.2088 0.0479 0.1295 0.2105 0.2209 0.1576 
 454 0.0054 0.0048 0.0285 0.0364 0.0722 0.3989 0.1286 0.1895 0.1357 
 455 0.0064 0.0048 0.0114 0.0937 0.0419 0.3964 0.1108 0.2476 0.0870 
 456 0.0075 0.0060 0.0087 0.1543 0.0403 0.3388 0.0985 0.2158 0.1300 
 457 0.0052 0.0063 0.0097 0.0330 0.0460 0.5324 0.1029 0.1338 0.1306 
 458 0.0097 0.0474 0.0114 0.0324 0.0481 0.3777 0.1286 0.2436 0.1011 
 459 0.0067 0.0049 0.0112 0.0391 0.0616 0.2698 0.1870 0.3386 0.0812 
 460 0.0065 0.0047 0.0102 0.0399 0.0433 0.2533 0.0934 0.4599 0.0888 
 461 0.0060 0.0063 0.0091 0.0217 0.0441 0.1695 0.0907 0.5631 0.0897 
 462 0.0642 0.0087 0.0113 0.0718 0.0361 0.2909 0.0763 0.2333 0.2074 
 463 0.0068 0.0044 0.0123 0.2687 0.0515 0.2492 0.1514 0.1265 0.1291 
 464 0.0052 0.0042 0.0089 0.0922 0.0402 0.1943 0.1010 0.4532 0.1008 
 465 0.0072 0.0068 0.0101 0.0537 0.0457 0.1957 0.1365 0.3933 0.1509 
 466 0.0054 0.0043 0.0093 0.1782 0.0412 0.1965 0.1119 0.3185 0.1348 
 467 0.0113 0.0057 0.0161 0.0595 0.0559 0.2700 0.1605 0.2654 0.1555 
 468 0.0051 0.0050 0.0088 0.1063 0.0405 0.4969 0.1007 0.1216 0.1151 
 469 0.0066 0.0049 0.0101 0.0390 0.0436 0.5788 0.0955 0.1402 0.0814 
 470 0.0052 0.0048 0.0094 0.0420 0.0432 0.4130 0.0866 0.2973 0.0984 
 471 0.0088 0.0062 0.0093 0.1104 0.0475 0.1959 0.1179 0.2869 0.2171 
 472 0.0080 0.0064 0.0096 0.0757 0.0441 0.2580 0.1566 0.2621 0.1794 
 473 0.0051 0.0051 0.0133 0.0488 0.0631 0.3551 0.1461 0.1525 0.2108 
 474 0.0056 0.0056 0.0100 0.0524 0.0612 0.2971 0.1738 0.2869 0.1075 
 475 0.0057 0.0053 0.0100 0.0417 0.0655 0.1818 0.1980 0.3561 0.1359 
 476 0.0066 0.0074 0.0105 0.0561 0.0447 0.4396 0.1280 0.2169 0.0901 
 477 0.0091 0.0063 0.0118 0.0613 0.0523 0.1992 0.1620 0.3740 0.1239 
 478 0.0096 0.0066 0.0110 0.0345 0.0422 0.1313 0.0803 0.5774 0.1071 
 479 0.0053 0.0046 0.0092 0.0332 0.0424 0.4391 0.0832 0.2848 0.0983 
 480 0.0048 0.0058 0.0097 0.0282 0.0453 0.5545 0.0953 0.1641 0.0923 
 481 0.0071 0.0056 0.0082 0.0348 0.0447 0.2341 0.1076 0.2082 0.3498 
 482 0.0054 0.0061 0.0084 0.0245 0.0423 0.4238 0.0857 0.3119 0.0919 
 483 0.0060 0.0063 0.0134 0.0372 0.0481 0.4383 0.1155 0.2482 0.0868 
 484 0.0103 0.0051 0.0113 0.1362 0.0470 0.3784 0.1269 0.1448 0.1400 
 485 0.0066 0.0055 0.0120 0.0540 0.0435 0.4794 0.0899 0.2245 0.0848 
 486 0.0124 0.0075 0.0108 0.0747 0.0605 0.1458 0.1355 0.1857 0.3671 
 487 0.0092 0.0089 0.0122 0.0531 0.1408 0.1884 0.1586 0.1499 0.2789 
 488 0.0174 0.0076 0.0114 0.0436 0.1413 0.1218 0.0936 0.2170 0.3463 
 489 0.0077 0.0084 0.0120 0.0554 0.0692 0.1746 0.2702 0.0999 0.3025 
 490 0.0074 0.0062 0.0089 0.0889 0.0472 0.1666 0.0954 0.3479 0.2315 
 491 0.0140 0.0063 0.0116 0.0328 0.0730 0.1045 0.2390 0.1021 0.4167 
 492 0.0132 0.0049 0.0107 0.0708 0.2137 0.0957 0.1749 0.2571 0.1590 
 493 0.0119 0.0095 0.0112 0.0498 0.1276 0.1317 0.0760 0.1204 0.4619 
 494 0.0156 0.0246 0.0113 0.0424 0.0711 0.1347 0.2413 0.1391 0.3198 
 495 0.0526 0.0241 0.0117 0.0905 0.1508 0.0967 0.1398 0.2872 0.1467 
 496 0.0049 0.0052 0.0129 0.0436 0.0865 0.1175 0.4117 0.1252 0.1925 
 497 0.0242 0.0136 0.0166 0.0337 0.1233 0.1311 0.1247 0.0949 0.4378 
 498 0.0262 0.0085 0.0108 0.0596 0.0429 0.1534 0.1968 0.2094 0.2923 
 499 0.0078 0.0179 0.0134 0.0461 0.1574 0.1429 0.2268 0.1039 0.2839 
 500 0.0064 0.0138 0.0112 0.0419 0.0868 0.2284 0.1079 0.1166 0.3868 
 501 0.0067 0.0101 0.0105 0.0259 0.0944 0.1799 0.2595 0.1912 0.2217 
 502 0.0109 0.0077 0.0104 0.0233 0.1119 0.1288 0.2711 0.2454 0.1906 
 503 0.0055 0.0074 0.0101 0.0357 0.0585 0.2797 0.1312 0.1739 0.2980 
 504 0.0252 0.0073 0.0096 0.0602 0.0521 0.1139 0.1496 0.3144 0.2677 
 505 0.0076 0.0070 0.0094 0.0489 0.0679 0.1025 0.2548 0.1273 0.3748 
 506 0.0134 0.0065 0.0110 0.0288 0.0970 0.1036 0.2796 0.2284 0.2316 
 507 0.0050 0.0068 0.0130 0.0559 0.1765 0.0783 0.4399 0.0765 0.1481 
 508 0.0084 0.0112 0.0137 0.0802 0.2309 0.0736 0.3008 0.0879 0.1933 
 509 0.0062 0.0067 0.0109 0.0500 0.1342 0.1036 0.2458 0.1218 0.3208 
 510 0.0064 0.0234 0.0111 0.0344 0.1592 0.1448 0.2555 0.1417 0.2234 
 511 0.0120 0.0105 0.0113 0.0416 0.0540 0.2254 0.1629 0.2648 0.2174 
 512 0.0070 0.0072 0.0088 0.0243 0.0464 0.2679 0.0950 0.3247 0.2186 
 513 0.1506 0.0084 0.0119 0.0723 0.0732 0.0632 0.1133 0.1331 0.3739 
 514 0.0056 0.0068 0.0160 0.0338 0.1002 0.1059 0.1143 0.3868 0.2304 
 515 0.0086 0.0104 0.0106 0.0869 0.1697 0.2886 0.1303 0.1263 0.1686 
 516 0.0072 0.0080 0.0106 0.0719 0.0577 0.0982 0.1888 0.2342 0.3234 
 517 0.0062 0.0071 0.0130 0.1270 0.1231 0.1682 0.1852 0.1965 0.1739 
 518 0.0058 0.0677 0.0155 0.0264 0.1888 0.1712 0.1509 0.1165 0.2572 
 519 0.0078 0.0056 0.0097 0.0370 0.0681 0.1158 0.1882 0.3984 0.1694 
 520 0.0061 0.0070 0.0132 0.1434 0.1563 0.2103 0.2355 0.0913 0.1369 
 521 0.0053 0.0049 0.1610 0.0366 0.1230 0.0959 0.1715 0.1781 0.2235 
 522 0.0076 0.0247 0.0109 0.1760 0.0858 0.2992 0.0868 0.1420 0.1670 
 523 0.0058 0.0071 0.0282 0.2223 0.1155 0.1128 0.2126 0.1625 0.1333 
 524 0.0054 0.0071 0.0132 0.1073 0.1132 0.2818 0.1193 0.1526 0.2002 
 525 0.0063 0.0772 0.0160 0.0579 0.1502 0.2076 0.2109 0.1065 0.1673 
 526 0.0059 0.0051 0.0105 0.2356 0.0614 0.2709 0.1838 0.0871 0.1395 
 527 0.0073 0.0749 0.0098 0.0255 0.0863 0.1956 0.1024 0.2452 0.2529 
 528 0.0050 0.0045 0.0275 0.0365 0.3518 0.0877 0.1361 0.1032 0.2475 
 529 0.0103 0.0717 0.0192 0.0384 0.1044 0.1004 0.1855 0.1397 0.3305 
 530 0.0079 0.0071 0.0104 0.0774 0.0963 0.2953 0.1527 0.1516 0.2013 
 531 0.0061 0.0063 0.0279 0.0528 0.2756 0.2006 0.1379 0.1506 0.1422 
 532 0.0075 0.0144 0.0265 0.0561 0.2532 0.1132 0.0975 0.1368 0.2948 
 533 0.0068 0.0619 0.0141 0.0718 0.0896 0.2162 0.1258 0.1240 0.2898 
 534 0.0110 0.0638 0.0118 0.1284 0.1569 0.0694 0.1383 0.1360 0.2843 
 535 0.0064 0.0051 0.0111 0.1580 0.0619 0.1607 0.1993 0.2366 0.1609 
 536 0.0091 0.0069 0.0162 0.0544 0.0712 0.2076 0.3094 0.1450 0.1800 
 537 0.0092 0.0064 0.0281 0.0575 0.0682 0.1078 0.4478 0.1221 0.1528 
 538 0.0059 0.0047 0.0162 0.0673 0.0729 0.1462 0.3313 0.1110 0.2447 
 539 0.0050 0.0045 0.0117 0.0303 0.1147 0.0829 0.5143 0.0795 0.1571 
 540 0.0056 0.0050 0.1620 0.0746 0.0751 0.1527 0.1579 0.0957 0.2714 
 541 0.0103 0.0070 0.1014 0.0553 0.1611 0.1351 0.2615 0.1261 0.1424 
 542 0.0152 0.0054 0.0105 0.1199 0.0487 0.2241 0.2031 0.1093 0.2638 
 543 0.0109 0.0062 0.1375 0.1750 0.1061 0.1039 0.1383 0.1709 0.1513 
 544 0.0068 0.0046 0.0211 0.2359 0.0654 0.1382 0.2212 0.1268 0.1800 
 545 0.0100 0.0054 0.0112 0.2892 0.0425 0.2112 0.1260 0.1435 0.1611 
 546 0.0128 0.0051 0.0218 0.0746 0.0686 0.1261 0.2658 0.1091 0.3161 
 547 0.0082 0.0051 0.0130 0.2781 0.0662 0.1068 0.2895 0.1233 0.1097 
 548 0.0053 0.0050 0.0190 0.0242 0.1296 0.0933 0.2543 0.0969 0.3725 
 549 0.0090 0.0065 0.0129 0.0619 0.0707 0.1809 0.4634 0.1058 0.0890 
 550 0.0092 0.0043 0.0092 0.1795 0.0477 0.2108 0.1971 0.2108 0.1315 
 551 0.0064 0.0066 0.0147 0.0384 0.0981 0.1119 0.5014 0.1218 0.1006 
 552 0.0059 0.0053 0.0135 0.0617 0.0837 0.1147 0.3437 0.0922 0.2793 
 553 0.0125 0.0070 0.0457 0.3091 0.1005 0.0843 0.1952 0.1175 0.1281 
 554 0.0072 0.0077 0.1874 0.0563 0.0626 0.1820 0.1193 0.1313 0.2463 
 555 0.0159 0.0060 0.0341 0.0605 0.0865 0.1142 0.3882 0.1062 0.1883 
 556 0.0071 0.0054 0.0215 0.0503 0.0682 0.1197 0.3402 0.1203 0.2673 
 557 0.0090 0.0047 0.0235 0.0941 0.0652 0.2821 0.2014 0.2032 0.1169 
 558 0.0055 0.0059 0.0084 0.0227 0.0431 0.4302 0.0908 0.3108 0.0826 
 559 0.0057 0.0054 0.0184 0.0532 0.0528 0.1128 0.1483 0.2319 0.3714 
 560 0.0115 0.0046 0.0091 0.0327 0.0355 0.2097 0.0739 0.4761 0.1469 
 561 0.0083 0.0053 0.0088 0.0518 0.0446 0.2190 0.0987 0.3128 0.2508 
 562 0.0080 0.0058 0.0103 0.0732 0.0356 0.1984 0.0710 0.2951 0.3026 
 563 0.0137 0.0073 0.0095 0.0399 0.0635 0.1224 0.2838 0.3585 0.1016 
 564 0.0070 0.0073 0.0412 0.0876 0.0649 0.1478 0.0982 0.1149 0.4311 
 565 0.0053 0.0051 0.0088 0.0256 0.0449 0.5436 0.1052 0.1405 0.1211 
 566 0.0050 0.0041 0.0085 0.0307 0.0375 0.2181 0.0698 0.5064 0.1199 
 567 0.0057 0.0057 0.0224 0.0427 0.0450 0.1345 0.0887 0.1328 0.5225 
 568 0.0055 0.0050 0.0117 0.0567 0.0590 0.1727 0.1500 0.2922 0.2472 
 569 0.0060 0.0068 0.0324 0.1170 0.0682 0.3050 0.0999 0.2036 0.1612 
 570 0.0050 0.0075 0.0107 0.0259 0.0402 0.4892 0.0715 0.2097 0.1403 
 571 0.0051 0.0049 0.0143 0.0382 0.0568 0.1449 0.1021 0.4433 0.1904 
 572 0.0084 0.0042 0.0129 0.2157 0.0769 0.1820 0.2583 0.1049 0.1368 
 573 0.0058 0.0064 0.0324 0.0683 0.0612 0.2373 0.1139 0.1150 0.3598 
 574 0.0062 0.0070 0.0285 0.0429 0.0795 0.3701 0.1867 0.1205 0.1585 
 575 0.0057 0.0050 0.0103 0.0308 0.0730 0.1364 0.2049 0.3542 0.1798 
 576 0.0085 0.0052 0.0103 0.0282 0.0392 0.2168 0.0691 0.4594 0.1634 
 577 0.0063 0.0077 0.0117 0.0307 0.0696 0.3033 0.2334 0.1693 0.1680 
 578 0.0115 0.0050 0.0152 0.0431 0.0561 0.2351 0.1107 0.3353 0.1879 
 579 0.0131 0.0055 0.0208 0.0414 0.0507 0.2517 0.0895 0.2253 0.3020 
