   1 0.0147 0.0487 0.1498 0.3541 0.2623 0.1703 
   2 0.0077 0.0135 0.0347 0.0696 0.0897 0.7847 
   3 0.0312 0.0489 0.0561 0.2476 0.4816 0.1346 
   4 0.0243 0.0330 0.0805 0.5947 0.1059 0.1617 
   5 0.0094 0.0141 0.0412 0.0701 0.1079 0.7574 
   6 0.0212 0.0137 0.0306 0.0861 0.6594 0.1890 
   7 0.0164 0.0115 0.2637 0.0744 0.3635 0.2705 
   8 0.1195 0.0277 0.0870 0.3457 0.2870 0.1331 
   9 0.1368 0.0273 0.0921 0.1641 0.2770 0.3026 
  10 0.0376 0.0115 0.0711 0.2168 0.4150 0.2481 
  11 0.0078 0.0125 0.2853 0.0762 0.3673 0.2508 
  12 0.0117 0.0157 0.0422 0.1056 0.1120 0.7129 
  13 0.0211 0.0184 0.0497 0.1207 0.2275 0.5626 
  14 0.0074 0.0666 0.0392 0.1843 0.2176 0.4849 
  15 0.0126 0.0266 0.0780 0.2727 0.1944 0.4156 
  16 0.0084 0.0244 0.0533 0.1157 0.5747 0.2235 
  17 0.0686 0.0258 0.0505 0.1126 0.2709 0.4716 
  18 0.1081 0.0267 0.0324 0.1488 0.3447 0.3392 
  19 0.0176 0.0129 0.0465 0.1073 0.4586 0.3571 
  20 0.0103 0.0268 0.0937 0.1189 0.2385 0.5118 
  21 0.0102 0.0386 0.0504 0.3168 0.1926 0.3913 
  22 0.0401 0.0198 0.0303 0.1495 0.5573 0.2031 
  23 0.0226 0.1173 0.1206 0.3363 0.1489 0.2544 
  24 0.0118 0.0259 0.0435 0.2962 0.3555 0.2670 
  25 0.0135 0.0197 0.0690 0.0586 0.3384 0.5008 
  26 0.0383 0.0225 0.0493 0.2002 0.2530 0.4368 
  27 0.0153 0.0408 0.0514 0.1562 0.3078 0.4284 
  28 0.0116 0.0188 0.1720 0.3886 0.2292 0.1798 
  29 0.0066 0.0227 0.0758 0.0984 0.1580 0.6385 
  30 0.0137 0.0284 0.0285 0.1215 0.5775 0.2303 
  31 0.0627 0.0304 0.0593 0.1886 0.1784 0.4806 
  32 0.0138 0.0293 0.0759 0.2857 0.3347 0.2606 
  33 0.0122 0.0520 0.1016 0.2447 0.4376 0.1519 
  34 0.0256 0.0160 0.1672 0.1142 0.5138 0.1632 
  35 0.0520 0.0754 0.0388 0.0983 0.2631 0.4724 
  36 0.0077 0.3485 0.0397 0.1068 0.3122 0.1851 
  37 0.0237 0.0331 0.0614 0.2880 0.1630 0.4307 
  38 0.0065 0.0768 0.0754 0.0624 0.6155 0.1633 
  39 0.0134 0.0674 0.0792 0.1028 0.4307 0.3066 
  40 0.0078 0.3243 0.0330 0.2210 0.1892 0.2246 
  41 0.0143 0.4154 0.0699 0.0703 0.2915 0.1385 
  42 0.0086 0.2575 0.0595 0.3751 0.1819 0.1175 
  43 0.0192 0.3093 0.0677 0.1613 0.1254 0.3172 
  44 0.0262 0.4522 0.0385 0.0641 0.2343 0.1847 
  45 0.0094 0.1764 0.0434 0.0702 0.2850 0.4156 
  46 0.0420 0.0519 0.0528 0.0801 0.3742 0.3990 
  47 0.1996 0.0366 0.0439 0.1304 0.2321 0.3574 
  48 0.0362 0.4532 0.0263 0.0705 0.2072 0.2065 
  49 0.0256 0.0872 0.0667 0.1251 0.2956 0.3998 
  50 0.0611 0.0405 0.0912 0.1236 0.4161 0.2676 
  51 0.0050 0.7244 0.0297 0.0536 0.0881 0.0991 
  52 0.0209 0.0783 0.0825 0.1319 0.4246 0.2617 
  53 0.0102 0.0448 0.0564 0.1207 0.6475 0.1203 
  54 0.0264 0.0442 0.0395 0.1439 0.1001 0.6458 
  55 0.0132 0.1921 0.0406 0.1059 0.1013 0.5470 
  56 0.0285 0.1419 0.0381 0.1416 0.2990 0.3509 
  57 0.1082 0.0142 0.0640 0.2364 0.2421 0.3351 
  58 0.0081 0.1161 0.0531 0.1329 0.1855 0.5042 
  59 0.0107 0.1613 0.0769 0.1057 0.3282 0.3171 
  60 0.0071 0.3407 0.0437 0.2162 0.1584 0.2338 
  61 0.0073 0.1514 0.0375 0.1970 0.0671 0.5396 
  62 0.1146 0.0238 0.0534 0.0936 0.2329 0.4817 
  63 0.0078 0.1101 0.1505 0.1986 0.2104 0.3225 
  64 0.0150 0.0188 0.0464 0.0728 0.5508 0.2962 
  65 0.0092 0.0212 0.1606 0.0554 0.2303 0.5233 
  66 0.0081 0.0335 0.0873 0.2586 0.1077 0.5048 
  67 0.0155 0.1384 0.0497 0.0872 0.1001 0.6091 
  68 0.0147 0.1765 0.0736 0.1330 0.3054 0.2968 
  69 0.0170 0.1040 0.2825 0.1419 0.3394 0.1153 
  70 0.0063 0.3723 0.1098 0.1528 0.2081 0.1507 
  71 0.0073 0.3220 0.0596 0.0536 0.2343 0.3232 
  72 0.0129 0.0940 0.0557 0.0901 0.4844 0.2629 
  73 0.0079 0.1139 0.0610 0.0687 0.1107 0.6378 
  74 0.0099 0.2089 0.0435 0.2126 0.3473 0.1778 
  75 0.0104 0.2931 0.0305 0.2986 0.1765 0.1909 
  76 0.0104 0.1487 0.1158 0.1062 0.1949 0.4240 
  77 0.0064 0.3589 0.0722 0.0674 0.2736 0.2215 
  78 0.0069 0.3287 0.0742 0.0748 0.3636 0.1519 
  79 0.0100 0.0111 0.0841 0.0816 0.3152 0.4981 
  80 0.0133 0.0134 0.0817 0.5603 0.1473 0.1840 
  81 0.0173 0.0107 0.1071 0.4216 0.2065 0.2369 
  82 0.0078 0.0335 0.0640 0.1598 0.1092 0.6257 
  83 0.0090 0.0251 0.0977 0.3457 0.3221 0.2004 
  84 0.0083 0.0154 0.0973 0.2790 0.2973 0.3027 
  85 0.0093 0.0205 0.0419 0.3561 0.3297 0.2424 
  86 0.0118 0.0358 0.0545 0.0844 0.1509 0.6627 
  87 0.0109 0.0250 0.2486 0.0965 0.2754 0.3436 
  88 0.0113 0.0159 0.1469 0.3393 0.1238 0.3628 
  89 0.0191 0.0133 0.0771 0.4085 0.1266 0.3554 
  90 0.0094 0.0132 0.1580 0.0945 0.1874 0.5376 
  91 0.0088 0.0233 0.0594 0.5590 0.2032 0.1463 
  92 0.0104 0.0133 0.0724 0.1333 0.1809 0.5896 
  93 0.0074 0.0130 0.0347 0.7518 0.0800 0.1131 
  94 0.0066 0.0259 0.4579 0.0818 0.3302 0.0976 
  95 0.0101 0.0156 0.3310 0.2108 0.1156 0.3169 
  96 0.0063 0.2064 0.0393 0.3206 0.0729 0.3545 
  97 0.0115 0.1393 0.0317 0.2732 0.2474 0.2968 
  98 0.0067 0.1570 0.0368 0.1758 0.2084 0.4152 
  99 0.0096 0.0134 0.1040 0.2340 0.2396 0.3993 
 100 0.0135 0.0179 0.0329 0.6227 0.0667 0.2462 
 101 0.0154 0.0403 0.1590 0.1529 0.1792 0.4532 
 102 0.0086 0.0620 0.1455 0.4240 0.1620 0.1979 
 103 0.0117 0.0237 0.1688 0.2056 0.0963 0.4940 
 104 0.0081 0.0253 0.3305 0.1106 0.1600 0.3654 
 105 0.0094 0.0252 0.3611 0.1716 0.0785 0.3542 
 106 0.0073 0.0227 0.2144 0.0441 0.4782 0.2332 
 107 0.0113 0.0269 0.3665 0.1786 0.0990 0.3177 
 108 0.0058 0.2608 0.0389 0.0740 0.2185 0.4020 
 109 0.0100 0.0274 0.1872 0.0464 0.2511 0.4780 
 110 0.0072 0.0167 0.5340 0.0503 0.2747 0.1172 
 111 0.0061 0.0152 0.6634 0.0631 0.0736 0.1787 
 112 0.0060 0.0262 0.6879 0.0508 0.1100 0.1192 
 113 0.0148 0.0404 0.1117 0.1361 0.1975 0.4995 
 114 0.0064 0.0194 0.3344 0.1354 0.1378 0.3665 
 115 0.0131 0.0516 0.5473 0.0719 0.0987 0.2174 
 116 0.0085 0.0699 0.1359 0.0522 0.3357 0.3978 
 117 0.0096 0.0200 0.6489 0.0532 0.1586 0.1097 
 118 0.0061 0.0179 0.0734 0.0619 0.0836 0.7572 
 119 0.0057 0.3284 0.0537 0.2964 0.1252 0.1905 
 120 0.0099 0.0311 0.4468 0.0884 0.1281 0.2957 
 121 0.0372 0.0848 0.5846 0.0521 0.1017 0.1396 
 122 0.0058 0.0187 0.2373 0.0613 0.3825 0.2944 
 123 0.0072 0.0267 0.5602 0.0850 0.1485 0.1724 
 124 0.0256 0.0786 0.3525 0.0663 0.2573 0.2196 
 125 0.0100 0.0433 0.3746 0.0735 0.3708 0.1278 
 126 0.0053 0.0705 0.2175 0.1091 0.3125 0.2851 
 127 0.0081 0.0186 0.6539 0.0693 0.0741 0.1760 
 128 0.0059 0.0178 0.0555 0.0631 0.0763 0.7813 
 129 0.0147 0.0221 0.2874 0.0590 0.0856 0.5311 
 130 0.0113 0.0158 0.3143 0.1411 0.1466 0.3709 
 131 0.0159 0.0930 0.3853 0.0505 0.3288 0.1265 
 132 0.0101 0.0233 0.1884 0.0509 0.3008 0.4266 
 133 0.0100 0.0301 0.5080 0.0881 0.0985 0.2654 
 134 0.0062 0.0131 0.6097 0.0379 0.1987 0.1344 
 135 0.0114 0.0749 0.0352 0.5035 0.0769 0.2980 
 136 0.0108 0.0131 0.0249 0.7242 0.0885 0.1385 
 137 0.0078 0.0130 0.0800 0.7250 0.0687 0.1054 
 138 0.0090 0.0197 0.0254 0.7771 0.0790 0.0898 
 139 0.0081 0.0487 0.0329 0.3634 0.1060 0.4409 
 140 0.0083 0.0370 0.0427 0.5021 0.1551 0.2548 
 141 0.0116 0.0185 0.0269 0.6472 0.1430 0.1528 
 142 0.0089 0.1080 0.0333 0.5177 0.0728 0.2593 
 143 0.0064 0.0135 0.0242 0.8170 0.0563 0.0826 
 144 0.0077 0.0137 0.0766 0.7325 0.0615 0.1079 
 145 0.0161 0.0262 0.0286 0.5313 0.1525 0.2454 
 146 0.0197 0.0244 0.0789 0.5260 0.1575 0.1935 
 147 0.0085 0.0116 0.0248 0.8126 0.0625 0.0800 
 148 0.0093 0.0359 0.0472 0.5451 0.1073 0.2552 
 149 0.0101 0.0291 0.0274 0.7233 0.0873 0.1229 
 150 0.0109 0.0161 0.1090 0.5739 0.0862 0.2038 
 151 0.0084 0.0153 0.0341 0.7409 0.0709 0.1303 
 152 0.0101 0.0798 0.0392 0.5027 0.1426 0.2256 
 153 0.0072 0.0295 0.0390 0.7113 0.1044 0.1087 
 154 0.0183 0.0217 0.0266 0.6805 0.0862 0.1666 
 155 0.0082 0.0140 0.0330 0.7724 0.0665 0.1059 
 156 0.0062 0.0618 0.0507 0.6557 0.0593 0.1663 
 157 0.0062 0.0155 0.1025 0.6457 0.1207 0.1094 
 158 0.0150 0.0206 0.0283 0.5903 0.1544 0.1914 
 159 0.0103 0.0110 0.0256 0.8051 0.0604 0.0877 
 160 0.0123 0.0110 0.0240 0.7832 0.0601 0.1094 
 161 0.0077 0.0218 0.0483 0.6584 0.1304 0.1333 
 162 0.0319 0.0276 0.0592 0.4405 0.1534 0.2875 
 163 0.0064 0.0199 0.0313 0.7861 0.0609 0.0955 
 164 0.0303 0.0167 0.0428 0.4565 0.1150 0.3387 
 165 0.0090 0.0159 0.1060 0.6226 0.0753 0.1712 
 166 0.0077 0.0486 0.0844 0.5523 0.1601 0.1468 
 167 0.0688 0.0167 0.0404 0.5915 0.1145 0.1681 
 168 0.0087 0.0370 0.0321 0.6818 0.1338 0.1066 
 169 0.0176 0.0331 0.0276 0.3913 0.3555 0.1748 
 170 0.0068 0.0392 0.0354 0.6834 0.0713 0.1638 
 171 0.0092 0.0320 0.0320 0.5349 0.1608 0.2311 
 172 0.0083 0.1077 0.0264 0.5296 0.1971 0.1308 
 173 0.0100 0.0133 0.0235 0.7660 0.0592 0.1280 
 174 0.0093 0.0111 0.0336 0.7551 0.0774 0.1136 
 175 0.0096 0.0191 0.0224 0.7594 0.0842 0.1052 
 176 0.0075 0.0138 0.0751 0.7357 0.0612 0.1067 
 177 0.0095 0.0216 0.0949 0.5330 0.1948 0.1462 
 178 0.0121 0.0120 0.0341 0.6656 0.1235 0.1526 
 179 0.0073 0.0118 0.0235 0.8073 0.0626 0.0875 
 180 0.0241 0.0276 0.0475 0.6004 0.1330 0.1674 
 181 0.0117 0.0277 0.0282 0.6245 0.0977 0.2103 
 182 0.0122 0.0197 0.0257 0.6899 0.0568 0.1958 
 183 0.0090 0.0144 0.0241 0.7810 0.0646 0.1068 
 184 0.0187 0.0168 0.0353 0.0767 0.1298 0.7227 
 185 0.0068 0.0667 0.0282 0.7363 0.0510 0.1110 
 186 0.0182 0.0174 0.0568 0.0733 0.1337 0.7005 
 187 0.0090 0.0200 0.0367 0.3257 0.0961 0.5127 
 188 0.0168 0.0165 0.0401 0.0564 0.0991 0.7711 
 189 0.0077 0.0304 0.0323 0.3542 0.3264 0.2489 
 190 0.0057 0.2498 0.0258 0.3598 0.0480 0.3108 
 191 0.0083 0.0136 0.0245 0.1233 0.0748 0.7556 
 192 0.0096 0.0158 0.0659 0.3367 0.1244 0.4476 
 193 0.0071 0.0236 0.0286 0.2546 0.1223 0.5638 
 194 0.0148 0.0336 0.0817 0.3373 0.1046 0.4280 
 195 0.0092 0.0373 0.0247 0.5238 0.0562 0.3488 
 196 0.0058 0.0995 0.0384 0.2637 0.0726 0.5201 
 197 0.0147 0.0277 0.0563 0.1743 0.1804 0.5466 
 198 0.0063 0.0267 0.0426 0.2096 0.2070 0.5077 
 199 0.0076 0.0821 0.0363 0.2369 0.0771 0.5601 
 200 0.0061 0.0875 0.0301 0.2199 0.1241 0.5322 
 201 0.0073 0.0284 0.0300 0.5922 0.0714 0.2708 
 202 0.0066 0.0435 0.0446 0.6219 0.0556 0.2280 
 203 0.0094 0.0198 0.0288 0.5353 0.0610 0.3458 
 204 0.0106 0.0329 0.0253 0.2473 0.0552 0.6287 
 205 0.0080 0.0348 0.0283 0.1634 0.0879 0.6777 
 206 0.0115 0.0248 0.0271 0.2040 0.0625 0.6700 
 207 0.0075 0.0306 0.0329 0.1110 0.0598 0.7583 
 208 0.0067 0.0385 0.0262 0.3617 0.0652 0.5017 
 209 0.0073 0.0206 0.0260 0.1805 0.0875 0.6781 
 210 0.0076 0.0235 0.0321 0.2436 0.0664 0.6268 
 211 0.0107 0.0943 0.0790 0.2565 0.0568 0.5028 
 212 0.0070 0.0321 0.0236 0.6181 0.0981 0.2211 
 213 0.0101 0.1133 0.1002 0.2033 0.1197 0.4533 
 214 0.0079 0.0271 0.0327 0.6154 0.0708 0.2461 
 215 0.0063 0.0259 0.0299 0.1042 0.0754 0.7583 
 216 0.0168 0.0201 0.0432 0.1066 0.1482 0.6652 
 217 0.0080 0.0366 0.0285 0.5169 0.0906 0.3195 
 218 0.0095 0.0178 0.0319 0.1773 0.0910 0.6724 
 219 0.0277 0.0195 0.0391 0.2837 0.2039 0.4261 
 220 0.0083 0.0175 0.0257 0.1285 0.0592 0.7607 
 221 0.0065 0.0589 0.0232 0.7443 0.0529 0.1143 
 222 0.0219 0.0197 0.0455 0.1697 0.2045 0.5387 
 223 0.0076 0.0236 0.0407 0.4321 0.1264 0.3696 
 224 0.0141 0.0208 0.0325 0.4424 0.0658 0.4245 
 225 0.0080 0.0347 0.0309 0.2374 0.0722 0.6168 
 226 0.0098 0.0295 0.0362 0.2075 0.2489 0.4681 
 227 0.0086 0.0680 0.0388 0.3305 0.0604 0.4937 
 228 0.0090 0.0903 0.0267 0.4557 0.0517 0.3666 
 229 0.0179 0.0140 0.0333 0.4395 0.0728 0.4225 
 230 0.0149 0.0159 0.0320 0.3600 0.0638 0.5135 
 231 0.0105 0.0147 0.0253 0.3413 0.0906 0.5175 
 232 0.0142 0.0405 0.0569 0.3703 0.1390 0.3790 
 233 0.0078 0.0199 0.0308 0.6507 0.0713 0.2194 
 234 0.0065 0.0158 0.0394 0.2368 0.1441 0.5573 
 235 0.0083 0.0355 0.0298 0.3612 0.1322 0.4330 
 236 0.0077 0.0194 0.0410 0.4698 0.0994 0.3628 
 237 0.0075 0.0288 0.0276 0.1286 0.0626 0.7448 
 238 0.0069 0.0272 0.0478 0.5815 0.0899 0.2467 
 239 0.0099 0.0373 0.0244 0.5259 0.0551 0.3474 
 240 0.0070 0.0276 0.0465 0.5788 0.0893 0.2508 
 241 0.0088 0.0292 0.0283 0.6210 0.0687 0.2439 
 242 0.0142 0.0263 0.0268 0.2617 0.1585 0.5124 
 243 0.0059 0.1056 0.0295 0.2892 0.0531 0.5167 
 244 0.0108 0.0182 0.0296 0.4776 0.0631 0.4008 
 245 0.0064 0.0283 0.0340 0.7342 0.0656 0.1315 
 246 0.0076 0.0363 0.0280 0.5201 0.0917 0.3163 
 247 0.0068 0.0403 0.1035 0.0738 0.1890 0.5866 
 248 0.0059 0.0224 0.0347 0.0742 0.0708 0.7921 
 249 0.0113 0.0233 0.0365 0.4766 0.0733 0.3790 
 250 0.0102 0.0159 0.0429 0.3541 0.0949 0.4820 
 251 0.0067 0.0336 0.0363 0.1475 0.2013 0.5746 
 252 0.0096 0.0315 0.0351 0.3463 0.0889 0.4887 
 253 0.0073 0.0378 0.0591 0.1272 0.1277 0.6409 
 254 0.0183 0.0215 0.0398 0.1794 0.1383 0.6026 
 255 0.0096 0.0195 0.0278 0.2591 0.1156 0.5684 
 256 0.0078 0.0379 0.0327 0.4179 0.0792 0.4245 
 257 0.0199 0.0311 0.0469 0.2324 0.0823 0.5873 
 258 0.0052 0.0562 0.0388 0.1589 0.1013 0.6396 
 259 0.0130 0.0216 0.0475 0.2286 0.0817 0.6075 
 260 0.0203 0.0175 0.0570 0.3878 0.1871 0.3303 
 261 0.0068 0.0416 0.0341 0.4961 0.0890 0.3324 
 262 0.0070 0.0853 0.0229 0.5466 0.0623 0.2759 
 263 0.0170 0.0223 0.0302 0.1064 0.0763 0.7478 
 264 0.0303 0.0214 0.0351 0.0597 0.3666 0.4868 
 265 0.0076 0.0233 0.0295 0.2575 0.1268 0.5553 
 266 0.0062 0.0373 0.0242 0.7457 0.0530 0.1336 
 267 0.0080 0.0242 0.0350 0.2477 0.0889 0.5961 
 268 0.0059 0.0985 0.0376 0.2662 0.0724 0.5194 
 269 0.0076 0.0199 0.0320 0.2986 0.2723 0.3695 
 270 0.0170 0.0190 0.0423 0.1114 0.1278 0.6826 
 271 0.0060 0.0334 0.0356 0.1369 0.0862 0.7019 
 272 0.0083 0.0560 0.0399 0.1532 0.1808 0.5619 
 273 0.0833 0.0358 0.0632 0.2898 0.1629 0.3650 
 274 0.0075 0.0202 0.0319 0.1738 0.1337 0.6327 
 275 0.0158 0.0291 0.0355 0.2260 0.1419 0.5517 
 276 0.0092 0.0604 0.0426 0.1237 0.1612 0.6030 
 277 0.0083 0.0199 0.0406 0.3651 0.1297 0.4365 
 278 0.0057 0.0411 0.0293 0.1372 0.0738 0.7130 
 279 0.0072 0.0215 0.0359 0.2537 0.1013 0.5804 
 280 0.0092 0.0367 0.0345 0.2236 0.1907 0.5052 
 281 0.0072 0.0212 0.0367 0.1748 0.1028 0.6573 
 282 0.0076 0.0166 0.0435 0.5444 0.1220 0.2659 
 283 0.0112 0.0199 0.0388 0.5900 0.0827 0.2575 
 284 0.0066 0.0278 0.0778 0.3467 0.1066 0.4345 
 285 0.0064 0.0497 0.0362 0.0550 0.0992 0.7535 
 286 0.0103 0.0185 0.0298 0.4780 0.0629 0.4004 
 287 0.0097 0.0194 0.0356 0.2466 0.1867 0.5021 
 288 0.0106 0.0264 0.0323 0.1484 0.1787 0.6036 
 289 0.0118 0.0495 0.0600 0.1418 0.1387 0.5982 
 290 0.0357 0.1226 0.0467 0.1933 0.2084 0.3933 
 291 0.0060 0.0330 0.0370 0.1365 0.0847 0.7029 
 292 0.0083 0.0806 0.0324 0.3131 0.1689 0.3968 
 293 0.0128 0.1060 0.0412 0.1066 0.3075 0.4259 
 294 0.0278 0.0307 0.0291 0.0976 0.0865 0.7282 
 295 0.0089 0.0498 0.0504 0.1827 0.1589 0.5494 
 296 0.0077 0.0272 0.0324 0.1348 0.0732 0.7247 
 297 0.0126 0.0249 0.0344 0.1375 0.2049 0.5857 
 298 0.0113 0.0145 0.0466 0.4305 0.1230 0.3741 
 299 0.0388 0.0160 0.0314 0.1154 0.0968 0.7016 
 300 0.0109 0.0287 0.0287 0.0892 0.0847 0.7579 
 301 0.0153 0.0178 0.0373 0.1110 0.1663 0.6522 
 302 0.0161 0.0534 0.0319 0.1072 0.0861 0.7052 
 303 0.0129 0.0283 0.0349 0.4551 0.1051 0.3638 
 304 0.0211 0.0158 0.0724 0.4347 0.2184 0.2376 
 305 0.0095 0.0342 0.0239 0.3762 0.0680 0.4882 
 306 0.0090 0.0315 0.0310 0.5087 0.1192 0.3007 
 307 0.0117 0.0219 0.0512 0.3212 0.1088 0.4853 
 308 0.0071 0.0411 0.0340 0.4993 0.0882 0.3303 
 309 0.0567 0.0512 0.0578 0.1300 0.0776 0.6267 
 310 0.0070 0.0446 0.0289 0.4175 0.0636 0.4384 
 311 0.0157 0.0157 0.0321 0.3581 0.0636 0.5147 
 312 0.0072 0.0250 0.0340 0.1333 0.0582 0.7423 
 313 0.0073 0.0739 0.0318 0.0837 0.0605 0.7429 
 314 0.0059 0.0214 0.0235 0.8141 0.0582 0.0770 
 315 0.0058 0.0317 0.0288 0.7659 0.0903 0.0775 
 316 0.0093 0.0234 0.0321 0.7407 0.1144 0.0801 
 317 0.0066 0.0130 0.0236 0.8209 0.0622 0.0737 
 318 0.0070 0.0100 0.0229 0.8233 0.0676 0.0693 
 319 0.0080 0.0130 0.0234 0.8093 0.0565 0.0898 
 320 0.0058 0.0215 0.0231 0.8134 0.0589 0.0773 
 321 0.0067 0.0117 0.0245 0.8151 0.0686 0.0733 
 322 0.0091 0.0373 0.0320 0.7319 0.1030 0.0868 
 323 0.0196 0.0106 0.0237 0.8092 0.0621 0.0748 
 324 0.0070 0.0120 0.0235 0.8144 0.0690 0.0741 
 325 0.0063 0.0190 0.0295 0.7589 0.1130 0.0732 
 326 0.0159 0.0245 0.0331 0.7443 0.1110 0.0712 
 327 0.0069 0.0126 0.0235 0.8205 0.0629 0.0735 
 328 0.0062 0.0239 0.0293 0.7533 0.1003 0.0870 
 329 0.0070 0.0101 0.0248 0.8275 0.0603 0.0704 
 330 0.0067 0.0128 0.0234 0.8209 0.0620 0.0741 
 331 0.0069 0.0102 0.0229 0.8228 0.0610 0.0762 
 332 0.0253 0.0193 0.0315 0.7302 0.1236 0.0701 
 333 0.0147 0.0246 0.0319 0.7537 0.0967 0.0783 
 334 0.0061 0.0231 0.0303 0.7527 0.1014 0.0863 
 335 0.0065 0.0259 0.0308 0.7682 0.0892 0.0793 
 336 0.0231 0.0164 0.0243 0.7976 0.0679 0.0707 
 337 0.0064 0.0232 0.0307 0.7453 0.1164 0.0781 
 338 0.0090 0.0101 0.0245 0.8162 0.0699 0.0705 
 339 0.0069 0.0100 0.0233 0.8229 0.0608 0.0761 
 340 0.0064 0.0108 0.0228 0.8289 0.0548 0.0763 
 341 0.0228 0.0122 0.0246 0.8000 0.0613 0.0791 
 342 0.0069 0.0132 0.0235 0.8197 0.0626 0.0742 
 343 0.0150 0.0475 0.0305 0.7325 0.0954 0.0792 
 344 0.0073 0.0098 0.0242 0.8260 0.0613 0.0715 
 345 0.0062 0.0129 0.0237 0.8211 0.0622 0.0739 
 346 0.0064 0.0111 0.0227 0.8293 0.0602 0.0703 
 347 0.0070 0.0104 0.0229 0.8336 0.0553 0.0709 
 348 0.0056 0.0531 0.0287 0.7496 0.0809 0.0820 
 349 0.0069 0.0128 0.0231 0.8220 0.0616 0.0736 
 350 0.0069 0.0155 0.0226 0.8100 0.0579 0.0871 
 351 0.0063 0.0256 0.0299 0.7702 0.0888 0.0792 
 352 0.0062 0.0281 0.0295 0.7583 0.0998 0.0781 
 353 0.0208 0.0160 0.0245 0.8003 0.0674 0.0709 
 354 0.0097 0.0103 0.0250 0.8193 0.0619 0.0739 
 355 0.0070 0.0103 0.0235 0.8223 0.0675 0.0693 
 356 0.0054 0.0575 0.0305 0.7437 0.0802 0.0826 
 357 0.0063 0.0188 0.0284 0.4940 0.3246 0.1279 
 358 0.0083 0.0172 0.0309 0.7672 0.1018 0.0746 
 359 0.0087 0.0099 0.0235 0.8180 0.0633 0.0765 
 360 0.0071 0.0111 0.0229 0.8279 0.0603 0.0707 
 361 0.0063 0.0263 0.0306 0.4529 0.3324 0.1515 
 362 0.0101 0.0239 0.0677 0.0977 0.4288 0.3718 
 363 0.0113 0.0321 0.0991 0.0653 0.5602 0.2319 
 364 0.0655 0.0222 0.0501 0.2790 0.2312 0.3520 
 365 0.0370 0.0241 0.0471 0.0804 0.5195 0.2918 
 366 0.0088 0.1419 0.0386 0.1652 0.3797 0.2658 
 367 0.0071 0.0134 0.2880 0.0455 0.5119 0.1342 
 368 0.0090 0.0117 0.0613 0.0787 0.1656 0.6737 
 369 0.0146 0.1312 0.0421 0.3172 0.2619 0.2330 
 370 0.0319 0.0214 0.3060 0.0987 0.1356 0.4064 
 371 0.0297 0.0331 0.0571 0.1362 0.2928 0.4511 
 372 0.1777 0.0255 0.0927 0.1029 0.0970 0.5042 
 373 0.0130 0.0176 0.1460 0.1333 0.3332 0.3569 
 374 0.0087 0.0200 0.0628 0.3064 0.3591 0.2430 
 375 0.0563 0.0150 0.1016 0.0582 0.4407 0.3282 
 376 0.1255 0.0152 0.0589 0.0524 0.6572 0.0908 
 377 0.0118 0.0249 0.0501 0.0863 0.3525 0.4745 
 378 0.0072 0.0168 0.4613 0.2329 0.1171 0.1647 
 379 0.2508 0.0226 0.0886 0.0486 0.4919 0.0975 
 380 0.0250 0.0630 0.0301 0.1876 0.5254 0.1688 
 381 0.0202 0.0635 0.0288 0.1754 0.5792 0.1329 
 382 0.0077 0.0124 0.0809 0.0704 0.6413 0.1873 
 383 0.0642 0.0214 0.0303 0.1593 0.5836 0.1411 
 384 0.2366 0.0179 0.0982 0.1159 0.3470 0.1843 
 385 0.0341 0.0110 0.0826 0.1899 0.2114 0.4710 
 386 0.0059 0.0173 0.0761 0.0657 0.6484 0.1867 
 387 0.0069 0.0209 0.0981 0.0817 0.5555 0.2370 
 388 0.0367 0.0154 0.0820 0.2447 0.2586 0.3626 
 389 0.0167 0.0627 0.0486 0.0732 0.0905 0.7082 
 390 0.0259 0.1149 0.2959 0.0637 0.3432 0.1564 
 391 0.0283 0.0655 0.1739 0.1178 0.1778 0.4367 
 392 0.0175 0.0203 0.0507 0.1430 0.5629 0.2056 
 393 0.0176 0.0956 0.0688 0.1304 0.5874 0.1001 
 394 0.0071 0.0190 0.0860 0.2842 0.4003 0.2033 
 395 0.0060 0.1226 0.0772 0.0861 0.3436 0.3645 
 396 0.0105 0.0130 0.0647 0.0487 0.5095 0.3537 
 397 0.2606 0.0238 0.0389 0.1750 0.1487 0.3530 
 398 0.0342 0.0202 0.0793 0.0516 0.7110 0.1037 
 399 0.0056 0.0330 0.4135 0.0678 0.2678 0.2123 
 400 0.0108 0.0196 0.1166 0.0984 0.6120 0.1426 
 401 0.0061 0.0623 0.2593 0.1077 0.3081 0.2565 
 402 0.0171 0.0687 0.0826 0.1020 0.2444 0.4853 
 403 0.0177 0.0198 0.1037 0.3923 0.1650 0.3016 
 404 0.0322 0.0191 0.0936 0.1522 0.3902 0.3127 
 405 0.0080 0.0321 0.0443 0.1236 0.4794 0.3126 
 406 0.0059 0.4911 0.0342 0.1386 0.2229 0.1074 
 407 0.0062 0.0149 0.0362 0.0494 0.7684 0.1248 
 408 0.0054 0.0672 0.1966 0.0486 0.1374 0.5449 
 409 0.0158 0.2410 0.0835 0.3139 0.2388 0.1069 
 410 0.1090 0.0293 0.1671 0.1170 0.4189 0.1587 
 411 0.1135 0.0634 0.0628 0.1737 0.4572 0.1294 
 412 0.0104 0.0121 0.0712 0.0726 0.2788 0.5549 
 413 0.0067 0.0159 0.0832 0.1954 0.2993 0.3994 
 414 0.0070 0.0133 0.1101 0.0502 0.2430 0.5764 
 415 0.0077 0.0474 0.0476 0.0782 0.6681 0.1509 
 416 0.0127 0.0420 0.1027 0.1245 0.4568 0.2614 
 417 0.0102 0.0177 0.0499 0.0586 0.7324 0.1313 
 418 0.0154 0.0110 0.1507 0.0556 0.4934 0.2739 
 419 0.0212 0.0455 0.2034 0.2384 0.2651 0.2263 
 420 0.0053 0.1606 0.2136 0.0694 0.3297 0.2214 
 421 0.0117 0.0176 0.0701 0.0667 0.5455 0.2884 
 422 0.0111 0.0692 0.0346 0.0803 0.3562 0.4486 
 423 0.0236 0.0285 0.0532 0.0994 0.5376 0.2578 
 424 0.0106 0.0822 0.5052 0.0879 0.1785 0.1355 
 425 0.0608 0.0219 0.0777 0.1204 0.2951 0.4241 
 426 0.0497 0.0206 0.3492 0.1183 0.2698 0.1924 
 427 0.0067 0.0224 0.0779 0.1559 0.6499 0.0871 
 428 0.0475 0.0805 0.0437 0.2066 0.4051 0.2166 
 429 0.0092 0.0124 0.0901 0.0461 0.7303 0.1118 
 430 0.0094 0.0238 0.0589 0.0596 0.7190 0.1292 
 431 0.0151 0.0177 0.1950 0.1099 0.2466 0.4156 
 432 0.0089 0.0136 0.0720 0.0886 0.1996 0.6172 
 433 0.0280 0.0238 0.1164 0.3467 0.1156 0.3696 
 434 0.0132 0.0262 0.0431 0.1556 0.3296 0.4322 
 435 0.0058 0.0239 0.0433 0.0498 0.7636 0.1136 
 436 0.0080 0.0425 0.1630 0.0862 0.6310 0.0693 
 437 0.0125 0.0143 0.0319 0.0556 0.7464 0.1393 
 438 0.0071 0.2439 0.1677 0.1110 0.3586 0.1117 
 439 0.0064 0.0188 0.0810 0.0694 0.7509 0.0735 
 440 0.0047 0.0221 0.0562 0.0418 0.7890 0.0862 
 441 0.0080 0.0213 0.0833 0.1333 0.6259 0.1282 
 442 0.0084 0.0297 0.0721 0.0596 0.6045 0.2256 
 443 0.0053 0.1125 0.4363 0.0537 0.2619 0.1302 
 444 0.0076 0.0419 0.0563 0.0601 0.6609 0.1732 
 445 0.0621 0.1104 0.1103 0.1924 0.4274 0.0975 
 446 0.0427 0.0216 0.2699 0.0579 0.5374 0.0705 
 447 0.0077 0.0691 0.0567 0.1225 0.5585 0.1855 
 448 0.0063 0.0199 0.0443 0.0601 0.6848 0.1846 
 449 0.0083 0.0226 0.0459 0.1037 0.6169 0.2027 
 450 0.0161 0.0106 0.0833 0.1074 0.6550 0.1275 
 451 0.0074 0.0293 0.1536 0.0432 0.3469 0.4195 
 452 0.0087 0.0121 0.0593 0.0898 0.7209 0.1092 
 453 0.0062 0.2761 0.1955 0.1150 0.1493 0.2578 
 454 0.0071 0.0191 0.0592 0.1123 0.6753 0.1270 
 455 0.0054 0.0871 0.1311 0.0582 0.6249 0.0933 
 456 0.0070 0.1074 0.0690 0.0538 0.5919 0.1709 
 457 0.0079 0.0150 0.0305 0.0605 0.7674 0.1186 
 458 0.0497 0.0187 0.1025 0.0711 0.6745 0.0836 
 459 0.0060 0.0265 0.3720 0.1232 0.3939 0.0784 
 460 0.0055 0.0219 0.3001 0.0548 0.5367 0.0810 
 461 0.0084 0.0107 0.5003 0.0543 0.3418 0.0845 
 462 0.0143 0.0439 0.3508 0.0407 0.3859 0.1644 
 463 0.0053 0.4119 0.0784 0.0880 0.2779 0.1385 
 464 0.0048 0.0519 0.1467 0.0542 0.6149 0.1275 
 465 0.0094 0.0347 0.4118 0.0737 0.2862 0.1842 
 466 0.0050 0.1551 0.1184 0.0615 0.4255 0.2345 
 467 0.0084 0.0429 0.3267 0.0968 0.3794 0.1458 
 468 0.0057 0.0539 0.0298 0.0544 0.7468 0.1095 
 469 0.0056 0.0243 0.0485 0.0572 0.7950 0.0694 
 470 0.0052 0.0208 0.0631 0.0511 0.7706 0.0893 
 471 0.0093 0.1169 0.1210 0.0708 0.3824 0.2996 
 472 0.0103 0.0508 0.1385 0.0772 0.4757 0.2475 
 473 0.0070 0.0261 0.0408 0.1003 0.5712 0.2546 
 474 0.0078 0.0266 0.0623 0.0973 0.6757 0.1303 
 475 0.0092 0.0271 0.2676 0.1236 0.3579 0.2147 
 476 0.0110 0.0282 0.0991 0.0710 0.7047 0.0860 
 477 0.0084 0.0421 0.3638 0.0931 0.3019 0.1907 
 478 0.0077 0.0164 0.6830 0.0485 0.1442 0.1001 
 479 0.0054 0.0165 0.0578 0.0490 0.7798 0.0915 
 480 0.0077 0.0139 0.0406 0.0580 0.8005 0.0793 
 481 0.0073 0.0198 0.0439 0.0607 0.3479 0.5204 
 482 0.0072 0.0126 0.0749 0.0501 0.7740 0.0812 
 483 0.0075 0.0264 0.1531 0.0700 0.6626 0.0804 
 484 0.0067 0.1704 0.1070 0.0765 0.4703 0.1690 
 485 0.0066 0.0497 0.1272 0.0548 0.6883 0.0734 
 486 0.0145 0.0611 0.0963 0.0827 0.1664 0.5789 
 487 0.0174 0.0256 0.0479 0.1702 0.1628 0.5762 
 488 0.0111 0.0184 0.1000 0.1094 0.1022 0.6589 
 489 0.0220 0.0831 0.0327 0.2433 0.1673 0.4517 
 490 0.0084 0.0445 0.2416 0.0575 0.2217 0.4263 
 491 0.0110 0.0218 0.0342 0.1539 0.0918 0.6874 
 492 0.0069 0.0357 0.2546 0.3196 0.0940 0.2893 
 493 0.0230 0.0209 0.0444 0.0843 0.0974 0.7300 
 494 0.0786 0.0267 0.0504 0.1461 0.1411 0.5571 
 495 0.0432 0.0413 0.3073 0.2068 0.1074 0.2940 
 496 0.0111 0.0353 0.0866 0.4504 0.1345 0.2820 
 497 0.0540 0.0152 0.0389 0.1284 0.0951 0.6684 
 498 0.0131 0.0950 0.0791 0.1251 0.1940 0.4936 
 499 0.0739 0.0273 0.0375 0.2762 0.1176 0.4674 
 500 0.0442 0.0209 0.0402 0.0937 0.2164 0.5845 
 501 0.0305 0.0167 0.0915 0.2817 0.2538 0.3258 
 502 0.0138 0.0128 0.1700 0.2982 0.1446 0.3606 
 503 0.0137 0.0186 0.0395 0.0757 0.4412 0.4113 
 504 0.0101 0.0314 0.2349 0.0787 0.1180 0.5270 
 505 0.0162 0.0384 0.0547 0.1522 0.0954 0.6431 
 506 0.0102 0.0177 0.1560 0.2405 0.1439 0.4317 
 507 0.0116 0.0342 0.0273 0.6861 0.0657 0.1751 
 508 0.0353 0.0701 0.0368 0.5719 0.0619 0.2240 
 509 0.0108 0.0274 0.0444 0.2293 0.0886 0.5996 
 510 0.1448 0.0226 0.0576 0.3028 0.1733 0.2989 
 511 0.0168 0.0332 0.0971 0.0998 0.4563 0.2968 
 512 0.0138 0.0143 0.0779 0.0635 0.5612 0.2694 
 513 0.0228 0.0509 0.2962 0.0942 0.0493 0.4865 
 514 0.0112 0.0233 0.2103 0.1031 0.1565 0.4957 
 515 0.0278 0.0692 0.0507 0.2143 0.3740 0.2640 
 516 0.0110 0.0347 0.1096 0.1000 0.0986 0.6461 
 517 0.0109 0.1530 0.0663 0.2162 0.2980 0.2555 
 518 0.1620 0.0171 0.0428 0.2740 0.2009 0.3032 
 519 0.0074 0.0244 0.2579 0.1153 0.1862 0.4088 
 520 0.0116 0.2275 0.0324 0.3405 0.2369 0.1511 
 521 0.0102 0.0306 0.1282 0.4132 0.1384 0.2795 
 522 0.1051 0.1957 0.0513 0.0842 0.3761 0.1876 
 523 0.0107 0.3590 0.0695 0.2320 0.1256 0.2031 
 524 0.0134 0.0908 0.0408 0.1398 0.4773 0.2378 
 525 0.1744 0.0530 0.0386 0.2893 0.2640 0.1807 
 526 0.0079 0.4915 0.0308 0.1184 0.2192 0.1321 
 527 0.1401 0.0138 0.0966 0.0822 0.2454 0.4218 
 528 0.0066 0.0270 0.0459 0.5675 0.0917 0.2613 
 529 0.1213 0.0226 0.0496 0.1920 0.1227 0.4919 
 530 0.0118 0.0702 0.0472 0.1493 0.4433 0.2781 
 531 0.0114 0.0375 0.0541 0.4549 0.2705 0.1717 
 532 0.0592 0.0339 0.0467 0.2970 0.1535 0.4096 
 533 0.1133 0.0668 0.0394 0.1197 0.3457 0.3151 
 534 0.1010 0.0822 0.0875 0.1630 0.0675 0.4988 
 535 0.0071 0.2549 0.1042 0.1296 0.2603 0.2438 
 536 0.0195 0.1131 0.1184 0.2540 0.3016 0.1934 
 537 0.0121 0.2037 0.0846 0.4108 0.1169 0.1719 
 538 0.0104 0.1120 0.0574 0.3213 0.1885 0.3104 
 539 0.0073 0.0325 0.0319 0.6914 0.0810 0.1559 
 540 0.0120 0.0959 0.0471 0.3122 0.2138 0.3189 
 541 0.0102 0.0332 0.1555 0.5154 0.1344 0.1513 
 542 0.0081 0.3201 0.0529 0.1063 0.2386 0.2740 
 543 0.0080 0.1885 0.2891 0.2341 0.1063 0.1739 
 544 0.0065 0.3278 0.0492 0.1743 0.1774 0.2648 
 545 0.0059 0.5856 0.0678 0.0589 0.1571 0.1246 
 546 0.0080 0.1245 0.0756 0.2482 0.1475 0.3961 
 547 0.0062 0.5638 0.0833 0.1611 0.0879 0.0978 
 548 0.0106 0.0163 0.0436 0.3541 0.0951 0.4804 
 549 0.0105 0.1907 0.0608 0.4591 0.1938 0.0851 
 550 0.0050 0.4118 0.0801 0.0959 0.2874 0.1197 
 551 0.0117 0.0416 0.0963 0.6163 0.1242 0.1099 
 552 0.0097 0.0834 0.0343 0.2961 0.1319 0.4446 
 553 0.0069 0.5056 0.1103 0.2025 0.0641 0.1106 
 554 0.0240 0.0602 0.1378 0.2203 0.3002 0.2574 
 555 0.0090 0.1055 0.0571 0.4728 0.1158 0.2397 
 556 0.0096 0.0908 0.0576 0.2629 0.1545 0.4246 
 557 0.0059 0.2556 0.1904 0.1372 0.3131 0.0978 
 558 0.0070 0.0110 0.0752 0.0510 0.7810 0.0747 
 559 0.0100 0.0281 0.1420 0.0804 0.1574 0.5822 
 560 0.0067 0.0224 0.3456 0.0403 0.4432 0.1418 
 561 0.0069 0.0288 0.0764 0.0561 0.4051 0.4267 
 562 0.0098 0.0537 0.1836 0.0408 0.3438 0.3682 
 563 0.0096 0.0325 0.5287 0.1664 0.1469 0.1159 
 564 0.0151 0.0597 0.0498 0.0881 0.1707 0.6166 
 565 0.0066 0.0139 0.0348 0.0597 0.7752 0.1097 
 566 0.0049 0.0180 0.2939 0.0421 0.4861 0.1549 
 567 0.0115 0.0279 0.0460 0.0569 0.1324 0.7254 
 568 0.0072 0.0426 0.1180 0.0902 0.3234 0.4186 
 569 0.0115 0.1112 0.0863 0.0883 0.5202 0.1825 
 570 0.0123 0.0128 0.0461 0.0432 0.7749 0.1107 
 571 0.0072 0.0211 0.3012 0.0668 0.2940 0.3098 
 572 0.0050 0.3640 0.0273 0.2161 0.2102 0.1774 
 573 0.0135 0.0572 0.0372 0.0838 0.2999 0.5084 
 574 0.0115 0.0282 0.0386 0.1818 0.5568 0.1831 
 575 0.0104 0.0250 0.2715 0.1607 0.2781 0.2543 
 576 0.0071 0.0140 0.1907 0.0424 0.4651 0.2807 
 577 0.0142 0.0207 0.0505 0.1678 0.5105 0.2363 
 578 0.0080 0.0260 0.2126 0.0707 0.4273 0.2555 
 579 0.0088 0.0226 0.0584 0.0621 0.3871 0.4609 
 580 0.0078 0.0147 0.0453 0.1034 0.6314 0.1973 
 581 0.0065 0.0155 0.0713 0.0809 0.6685 0.1574 
 582 0.0084 0.0331 0.1221 0.0501 0.6681 0.1182 
 583 0.0908 0.0208 0.2623 0.0675 0.3623 0.1962 
 584 0.0090 0.0141 0.1840 0.0512 0.4409 0.3009 
 585 0.0105 0.0199 0.1622 0.0584 0.4918 0.2571 
 586 0.0076 0.0208 0.5073 0.0872 0.1235 0.2536 
 587 0.0214 0.0351 0.0518 0.0484 0.4307 0.4126 
 588 0.0088 0.0784 0.0303 0.0646 0.0569 0.7610 
 589 0.0065 0.0598 0.0434 0.0536 0.6567 0.1800 
 590 0.0088 0.0158 0.2241 0.0570 0.1514 0.5428 
 591 0.0070 0.0161 0.1541 0.0715 0.2564 0.4949 
 592 0.0066 0.0733 0.1181 0.0595 0.3236 0.4189 
 593 0.0097 0.0320 0.0769 0.1079 0.4603 0.3133 
 594 0.0458 0.0203 0.1299 0.1230 0.1878 0.4933 
 595 0.0174 0.0107 0.0504 0.0457 0.3638 0.5120 
 596 0.0058 0.0992 0.0532 0.0949 0.2783 0.4687 
 597 0.0076 0.0419 0.5054 0.2304 0.0922 0.1224 
 598 0.0087 0.0125 0.0403 0.0469 0.8111 0.0804 
 599 0.0076 0.0436 0.1463 0.0469 0.4403 0.3153 
 600 0.0063 0.0283 0.0455 0.1268 0.5648 0.2284 
 601 0.0062 0.0316 0.0899 0.0477 0.6070 0.2177 
 602 0.0112 0.0141 0.0479 0.1446 0.1368 0.6455 
 603 0.0082 0.0154 0.0531 0.1406 0.1203 0.6624 
 604 0.0307 0.0235 0.0639 0.1449 0.4788 0.2582 
 605 0.0076 0.0325 0.0599 0.0803 0.3098 0.5098 
 606 0.0220 0.0318 0.0983 0.2128 0.2185 0.4166 
 607 0.0101 0.0128 0.0341 0.2840 0.3340 0.3250 
 608 0.0088 0.0174 0.0883 0.4729 0.2629 0.1496 
 609 0.0128 0.0307 0.0561 0.1068 0.5533 0.2402 
 610 0.0075 0.0752 0.0412 0.0826 0.5600 0.2335 
 611 0.0102 0.0236 0.0697 0.1600 0.1360 0.6005 
 612 0.0143 0.0309 0.0360 0.0708 0.7307 0.1173 
 613 0.0473 0.0492 0.0622 0.1053 0.4116 0.3245 
 614 0.0125 0.0168 0.0285 0.0669 0.6418 0.2335 
 615 0.0091 0.0200 0.0289 0.1205 0.6095 0.2120 
 616 0.0085 0.0132 0.0462 0.1931 0.3377 0.4013 
 617 0.0221 0.0487 0.0605 0.0647 0.4542 0.3498 
 618 0.0208 0.0386 0.0344 0.2071 0.4384 0.2607 
 619 0.0052 0.0693 0.0633 0.1881 0.3812 0.2929 
 620 0.0069 0.0735 0.0903 0.0444 0.2467 0.5383 
 621 0.0128 0.0118 0.1199 0.0661 0.4332 0.3561 
 622 0.0255 0.0507 0.0439 0.1400 0.3203 0.4197 
 623 0.0064 0.0257 0.0648 0.0691 0.2847 0.5493 
 624 0.0180 0.0203 0.0425 0.1934 0.5936 0.1321 
 625 0.0561 0.0177 0.1015 0.1829 0.3868 0.2550 
 626 0.0513 0.1305 0.0293 0.4186 0.2290 0.1413 
 627 0.0061 0.0234 0.0639 0.0928 0.2845 0.5292 
 628 0.0066 0.0176 0.0920 0.0900 0.2279 0.5659 
 629 0.0090 0.0131 0.0602 0.1022 0.2203 0.5951 
 630 0.0247 0.0240 0.0509 0.0869 0.5484 0.2650 
 631 0.0121 0.0150 0.0369 0.0959 0.4933 0.3469 
 632 0.0089 0.0277 0.0500 0.3428 0.1746 0.3960 
 633 0.0104 0.0156 0.0592 0.1740 0.5124 0.2284 
 634 0.0094 0.0383 0.0674 0.2521 0.2981 0.3347 
 635 0.0079 0.0179 0.0343 0.4804 0.2044 0.2552 
 636 0.0136 0.0179 0.0528 0.2618 0.4238 0.2301 
 637 0.0099 0.0795 0.0672 0.1668 0.2052 0.4715 
 638 0.0114 0.0134 0.0466 0.1434 0.2055 0.5797 
 639 0.0101 0.0170 0.0338 0.1433 0.4474 0.3484 
 640 0.0082 0.0110 0.2220 0.0905 0.3371 0.3311 
 641 0.0191 0.0139 0.0395 0.1038 0.2768 0.5470 
 642 0.0093 0.0382 0.0542 0.5338 0.1400 0.2246 
 643 0.0075 0.0157 0.0693 0.7084 0.0955 0.1037 
 644 0.0098 0.0180 0.0813 0.5513 0.1016 0.2381 
 645 0.0247 0.0313 0.0254 0.4950 0.2751 0.1484 
 646 0.0087 0.0425 0.0592 0.1724 0.1506 0.5665 
 647 0.0158 0.0332 0.1916 0.4056 0.1055 0.2483 
 648 0.2784 0.0701 0.0381 0.2069 0.1025 0.3039 
 649 0.0193 0.0751 0.0441 0.1858 0.0840 0.5917 
 650 0.0076 0.0270 0.0634 0.1990 0.1023 0.6006 
 651 0.0346 0.0136 0.0441 0.3333 0.0929 0.4816 
 652 0.0093 0.0184 0.0369 0.5569 0.1127 0.2658 
 653 0.1235 0.0516 0.0527 0.4214 0.1230 0.2279 
 654 0.0130 0.0721 0.0426 0.5227 0.0987 0.2509 
 655 0.0064 0.0245 0.0871 0.5010 0.1735 0.2075 
 656 0.0335 0.0484 0.0436 0.2563 0.1189 0.4992 
 657 0.1540 0.0188 0.0477 0.2230 0.2807 0.2758 
 658 0.0240 0.0632 0.1086 0.2728 0.2379 0.2934 
 659 0.0305 0.0425 0.0460 0.4818 0.1297 0.2694 
 660 0.0250 0.0320 0.0400 0.5798 0.0837 0.2396 
 661 0.0158 0.0972 0.0311 0.5349 0.1211 0.1999 
 662 0.0152 0.1498 0.0471 0.1294 0.0730 0.5855 
 663 0.0094 0.0211 0.0474 0.4909 0.1195 0.3118 
 664 0.0112 0.0397 0.2848 0.2787 0.2208 0.1648 
 665 0.0063 0.0605 0.0385 0.1735 0.0858 0.6355 
 666 0.0092 0.0369 0.0434 0.5049 0.1269 0.2788 
 667 0.0382 0.0289 0.0841 0.1253 0.1190 0.6045 
 668 0.0091 0.0354 0.0436 0.4434 0.1863 0.2822 
 669 0.0993 0.0456 0.0527 0.3135 0.0980 0.3909 
 670 0.0070 0.0159 0.0254 0.7666 0.0623 0.1228 
 671 0.0070 0.0216 0.0397 0.6424 0.0802 0.2091 
 672 0.0055 0.0443 0.0886 0.6400 0.1354 0.0861 
 673 0.0262 0.0106 0.0256 0.7993 0.0646 0.0738 
 674 0.0068 0.0207 0.0244 0.6568 0.1132 0.1781 
 675 0.0073 0.0142 0.0765 0.7327 0.0617 0.1076 
 676 0.0071 0.0118 0.0258 0.8184 0.0622 0.0748 
 677 0.0059 0.0628 0.0238 0.7348 0.0549 0.1179 
 678 0.0629 0.0105 0.0295 0.7626 0.0638 0.0707 
 679 0.0084 0.0105 0.0238 0.6896 0.1223 0.1454 
 680 0.0113 0.0154 0.0270 0.7424 0.0907 0.1133 
 681 0.0098 0.2358 0.0389 0.3137 0.1902 0.2116 
 682 0.0082 0.0175 0.0310 0.7609 0.0963 0.0861 
 683 0.0064 0.0193 0.0257 0.7879 0.0588 0.1019 
 684 0.0405 0.0126 0.0301 0.7771 0.0644 0.0753 
 685 0.0064 0.0123 0.0248 0.8241 0.0564 0.0759 
 686 0.0074 0.0619 0.0278 0.6754 0.0874 0.1400 
 687 0.0068 0.0301 0.0376 0.6438 0.0753 0.2065 
 688 0.0070 0.0136 0.0379 0.7510 0.0784 0.1121 
 689 0.0071 0.0119 0.0226 0.8217 0.0580 0.0787 
 690 0.0068 0.0116 0.0252 0.8196 0.0630 0.0739 
 691 0.0076 0.0181 0.0233 0.6989 0.1118 0.1403 
 692 0.0481 0.0116 0.0361 0.7115 0.0826 0.1102 
 693 0.0068 0.0133 0.0680 0.7318 0.0898 0.0904 
 694 0.0058 0.0136 0.0232 0.8313 0.0524 0.0737 
 695 0.0060 0.0373 0.0298 0.7680 0.0866 0.0722 
 696 0.0070 0.0137 0.0377 0.7508 0.0782 0.1125 
 697 0.0087 0.0152 0.0233 0.8046 0.0597 0.0886 
 698 0.0069 0.0119 0.0248 0.8119 0.0617 0.0829 
 699 0.0050 0.0965 0.0279 0.7117 0.0767 0.0822 
 700 0.0074 0.0428 0.1183 0.6767 0.0693 0.0856 
 701 0.0745 0.0314 0.0348 0.6481 0.1114 0.0997 
 702 0.0087 0.0299 0.0458 0.6688 0.1185 0.1283 
 703 0.0071 0.0184 0.0295 0.7551 0.0952 0.0947 
 704 0.0063 0.0188 0.0351 0.7595 0.0714 0.1090 
 705 0.0349 0.2539 0.0430 0.4099 0.1125 0.1458 
 706 0.0091 0.0272 0.0257 0.7597 0.0850 0.0933 
 707 0.0198 0.0211 0.0240 0.7826 0.0609 0.0916 
 708 0.0075 0.0129 0.0256 0.7994 0.0604 0.0941 
 709 0.0056 0.0403 0.0360 0.7867 0.0611 0.0704 
 710 0.0063 0.0152 0.0240 0.8303 0.0566 0.0676 
 711 0.0079 0.0407 0.0259 0.7286 0.0791 0.1179 
 712 0.0059 0.0391 0.0231 0.7812 0.0516 0.0990 
 713 0.0069 0.0148 0.0361 0.7584 0.0700 0.1136 
 714 0.0086 0.0135 0.0264 0.6408 0.1165 0.1941 
 715 0.0055 0.0287 0.0228 0.8132 0.0531 0.0767 
 716 0.0075 0.0267 0.0270 0.7792 0.0836 0.0760 
 717 0.0054 0.0187 0.0238 0.8271 0.0542 0.0707 
 718 0.0097 0.0243 0.0263 0.6974 0.0824 0.1598 
 719 0.0095 0.0280 0.0263 0.8094 0.0534 0.0733 
 720 0.0066 0.0139 0.0710 0.0684 0.3504 0.4897 
 721 0.0074 0.0247 0.0247 0.5472 0.2470 0.1489 
 722 0.0093 0.0345 0.0406 0.1210 0.5812 0.2134 
 723 0.0145 0.0124 0.0367 0.1097 0.5969 0.2298 
 724 0.0268 0.0169 0.0460 0.2457 0.5343 0.1303 
 725 0.0192 0.0193 0.0414 0.2630 0.2062 0.4509 
 726 0.0204 0.0367 0.0327 0.1676 0.4938 0.2488 
 727 0.0234 0.1683 0.0414 0.2832 0.2652 0.2185 
 728 0.0337 0.0202 0.0297 0.0426 0.7890 0.0848 
 729 0.0097 0.0128 0.0299 0.0464 0.7969 0.1043 
 730 0.0444 0.0127 0.0593 0.0712 0.4611 0.3513 
 731 0.0176 0.0182 0.0390 0.0976 0.6908 0.1368 
 732 0.0143 0.0125 0.0368 0.1089 0.5968 0.2307 
 733 0.0251 0.0113 0.0380 0.0628 0.7399 0.1231 
 734 0.0124 0.0126 0.0544 0.0445 0.7583 0.1179 
 735 0.0227 0.0099 0.0284 0.0808 0.7505 0.1077 
 736 0.0080 0.0162 0.0575 0.0835 0.6987 0.1361 
 737 0.0165 0.0430 0.0613 0.0834 0.5229 0.2728 
 738 0.0929 0.0137 0.0467 0.0743 0.5658 0.2066 
 739 0.0268 0.0114 0.0379 0.0577 0.7512 0.1150 
 740 0.3082 0.0166 0.0285 0.4706 0.0714 0.1046 
 741 0.1275 0.0333 0.0555 0.4959 0.1310 0.1567 
 742 0.1450 0.0146 0.3291 0.1500 0.2229 0.1383 
 743 0.3739 0.0135 0.0583 0.1128 0.1363 0.3052 
 744 0.0353 0.1261 0.1424 0.1371 0.1226 0.4365 
 745 0.0942 0.0496 0.2767 0.0639 0.1962 0.3194 
 746 0.1058 0.0203 0.0761 0.2582 0.2084 0.3313 
 747 0.0558 0.0187 0.1383 0.1381 0.1680 0.4811 
 748 0.0422 0.0117 0.1233 0.4598 0.1291 0.2339 
 749 0.0995 0.0305 0.0816 0.1714 0.1306 0.4864 
 750 0.2534 0.0183 0.0552 0.1118 0.1083 0.4529 
 751 0.0405 0.0128 0.0833 0.4400 0.1329 0.2906 
 752 0.0250 0.0157 0.0654 0.1267 0.1817 0.5855 
 753 0.2449 0.0228 0.0574 0.2012 0.1774 0.2963 
 754 0.0959 0.0192 0.0872 0.4498 0.1358 0.2121 
 755 0.4586 0.0121 0.0505 0.1261 0.1334 0.2193 
 756 0.0835 0.0161 0.2697 0.2556 0.0998 0.2754 
 757 0.1005 0.0139 0.2613 0.2068 0.1631 0.2544 
 758 0.0867 0.0221 0.1954 0.0616 0.1292 0.5050 
 759 0.0388 0.0352 0.0441 0.4651 0.2103 0.2065 
 760 0.5086 0.0132 0.0648 0.0990 0.1567 0.1578 
 761 0.2874 0.0176 0.0307 0.2706 0.1991 0.1945 
 762 0.5834 0.0097 0.0713 0.0600 0.1605 0.1151 
 763 0.2405 0.0232 0.0566 0.2002 0.1805 0.2991 
 764 0.4298 0.0126 0.0829 0.0968 0.1286 0.2493 
 765 0.5699 0.0116 0.0325 0.0732 0.1118 0.2011 
 766 0.2779 0.0113 0.0708 0.2516 0.1132 0.2751 
 767 0.0136 0.0168 0.2496 0.2911 0.1782 0.2506 
 768 0.5236 0.0100 0.0757 0.0605 0.2011 0.1291 
 769 0.3343 0.0196 0.0537 0.2164 0.2350 0.1410 
 770 0.2017 0.0135 0.1323 0.0698 0.3573 0.2254 
 771 0.0467 0.1245 0.0502 0.2021 0.0834 0.4931 
 772 0.1052 0.0669 0.1588 0.2924 0.1740 0.2026 
 773 0.5571 0.0123 0.0441 0.0854 0.0826 0.2184 
 774 0.0967 0.0168 0.0381 0.4178 0.1219 0.3087 
 775 0.0702 0.0122 0.0807 0.1577 0.5155 0.1637 
 776 0.0469 0.0188 0.3116 0.0987 0.1861 0.3379 
 777 0.0181 0.0358 0.0584 0.1640 0.1855 0.5382 
 778 0.0278 0.0261 0.0787 0.2809 0.1407 0.4458 
 779 0.4315 0.0134 0.0810 0.1181 0.1080 0.2480 
 780 0.0518 0.0116 0.0828 0.4102 0.1358 0.3079 
 781 0.0814 0.0538 0.0358 0.2034 0.0743 0.5513 
 782 0.4313 0.0133 0.0808 0.1173 0.1069 0.2503 
 783 0.1629 0.0132 0.1090 0.2381 0.1897 0.2870 
 784 0.0369 0.0158 0.3022 0.1301 0.2536 0.2613 
 785 0.3765 0.0184 0.0810 0.1633 0.1149 0.2459 
 786 0.1444 0.0156 0.0898 0.3965 0.1406 0.2130 
 787 0.0515 0.0250 0.0844 0.4509 0.0820 0.3062 
 788 0.2968 0.0352 0.1468 0.1355 0.1850 0.2007 
 789 0.0433 0.0132 0.3448 0.1443 0.2400 0.2144 
 790 0.4618 0.0125 0.0533 0.1746 0.1437 0.1541 
 791 0.0218 0.0149 0.2404 0.2262 0.2359 0.2609 
 792 0.0981 0.0434 0.0537 0.3845 0.0754 0.3449 
 793 0.0100 0.0373 0.0492 0.4944 0.2005 0.2085 
 794 0.0105 0.0167 0.3203 0.2215 0.1749 0.2561 
 795 0.0097 0.0182 0.0447 0.5527 0.1979 0.1768 
 796 0.0060 0.0167 0.5417 0.1913 0.0992 0.1450 
 797 0.0104 0.0275 0.0406 0.5887 0.1243 0.2084 
 798 0.0060 0.1375 0.0998 0.0534 0.5491 0.1543 
 799 0.0071 0.0214 0.4915 0.1147 0.1273 0.2380 
 800 0.0112 0.0800 0.0996 0.5518 0.0662 0.1913 
 801 0.0059 0.1006 0.1507 0.1084 0.4801 0.1543 
 802 0.0106 0.0801 0.2164 0.3206 0.1901 0.1822 
 803 0.0219 0.0437 0.0651 0.4583 0.1589 0.2522 
 804 0.0088 0.0945 0.1596 0.1868 0.1717 0.3785 
 805 0.0068 0.0194 0.0697 0.7221 0.0831 0.0989 
 806 0.0128 0.2934 0.0871 0.1386 0.2651 0.2030 
 807 0.0090 0.0380 0.0275 0.6542 0.0888 0.1824 
 808 0.0062 0.0892 0.0347 0.4743 0.1183 0.2773 
 809 0.0058 0.4678 0.0502 0.0946 0.2201 0.1616 
 810 0.0129 0.0191 0.1405 0.2567 0.2505 0.3203 
 811 0.0098 0.1493 0.0637 0.4834 0.1309 0.1630 
 812 0.0045 0.6306 0.0396 0.0498 0.1037 0.1718 
 813 0.0058 0.1119 0.2321 0.0615 0.4624 0.1262 
 814 0.0064 0.1069 0.0698 0.0868 0.0956 0.6345 
 815 0.0116 0.3730 0.0808 0.1848 0.2424 0.1075 
 816 0.0096 0.0651 0.2913 0.3267 0.1451 0.1622 
 817 0.0102 0.0829 0.2168 0.3175 0.1886 0.1839 
 818 0.0056 0.0178 0.6486 0.0856 0.1396 0.1028 
 819 0.0218 0.0235 0.3146 0.2319 0.0729 0.3353 
 820 0.0107 0.0302 0.4597 0.2367 0.0983 0.1644 
 821 0.3570 0.0129 0.2040 0.1003 0.1675 0.1584 
 822 0.0707 0.0204 0.0833 0.0482 0.2101 0.5674 
 823 0.3903 0.0150 0.2105 0.1366 0.1684 0.0792 
 824 0.0240 0.0144 0.1100 0.1835 0.1646 0.5035 
 825 0.0404 0.0166 0.1901 0.0858 0.3079 0.3592 
 826 0.0126 0.0155 0.3636 0.0716 0.1768 0.3599 
 827 0.0104 0.0128 0.0777 0.0890 0.5908 0.2194 
 828 0.0180 0.0121 0.0345 0.1260 0.4799 0.3294 
 829 0.0539 0.0406 0.0676 0.1455 0.4336 0.2588 
 830 0.0339 0.0107 0.0710 0.0625 0.4857 0.3362 
 831 0.0175 0.0163 0.0398 0.1451 0.2144 0.5668 
 832 0.0264 0.0547 0.4121 0.1647 0.1787 0.1633 
 833 0.0094 0.0340 0.4172 0.1730 0.2832 0.0831 
