   1 0.0128 0.0731 0.1764 0.1180 0.1186 0.1681 0.3331 
   2 0.0209 0.0169 0.0569 0.1262 0.2499 0.4437 0.0856 
   3 0.0065 0.0674 0.1052 0.2504 0.1306 0.2087 0.2312 
   4 0.0107 0.0834 0.4291 0.0713 0.1533 0.1616 0.0905 
   5 0.0264 0.0144 0.0645 0.2254 0.2639 0.3112 0.0943 
   6 0.0069 0.0135 0.0616 0.5052 0.1561 0.0960 0.1607 
   7 0.0104 0.0216 0.0559 0.1329 0.5306 0.0720 0.1766 
   8 0.0110 0.0523 0.2776 0.2360 0.1708 0.1067 0.1455 
   9 0.0191 0.0482 0.0844 0.1903 0.1718 0.2860 0.2002 
  10 0.0128 0.0249 0.1910 0.2292 0.2624 0.0825 0.1973 
  11 0.0165 0.0261 0.0502 0.0756 0.3921 0.0732 0.3663 
  12 0.0143 0.0167 0.0968 0.2054 0.2646 0.3139 0.0883 
  13 0.0172 0.0366 0.0874 0.2251 0.3072 0.1968 0.1298 
  14 0.0090 0.0289 0.0933 0.1229 0.1478 0.4359 0.1621 
  15 0.0105 0.0371 0.1945 0.1278 0.2448 0.2392 0.1460 
  16 0.0156 0.0358 0.0670 0.1557 0.1410 0.1074 0.4776 
  17 0.0141 0.0204 0.0741 0.4667 0.1417 0.1824 0.1007 
  18 0.0109 0.0236 0.1004 0.2108 0.1206 0.3010 0.2327 
  19 0.0102 0.0189 0.0687 0.4489 0.1866 0.1148 0.1518 
  20 0.0154 0.0210 0.0936 0.1468 0.3229 0.2216 0.1787 
  21 0.0105 0.0250 0.1749 0.0861 0.1157 0.3670 0.2208 
  22 0.0091 0.0374 0.0854 0.4498 0.1201 0.1330 0.1652 
  23 0.0296 0.1900 0.1250 0.0819 0.1290 0.3327 0.1119 
  24 0.0137 0.0576 0.1517 0.1163 0.1138 0.1668 0.3801 
  25 0.0112 0.0172 0.0425 0.3061 0.3902 0.1125 0.1203 
  26 0.0104 0.0219 0.1246 0.3350 0.1246 0.2104 0.1730 
  27 0.0191 0.0297 0.1014 0.2193 0.1733 0.2253 0.2320 
  28 0.0100 0.0303 0.3170 0.0956 0.2057 0.1225 0.2189 
  29 0.0231 0.0340 0.0646 0.0833 0.3566 0.2619 0.1765 
  30 0.0112 0.0305 0.0640 0.2555 0.0986 0.1928 0.3473 
  31 0.0233 0.0212 0.1578 0.1656 0.2403 0.2234 0.1684 
  32 0.0085 0.0468 0.1598 0.2532 0.1858 0.2351 0.1108 
  33 0.0099 0.0906 0.1004 0.0888 0.1527 0.1991 0.3584 
  34 0.0367 0.0259 0.1056 0.2107 0.3690 0.0669 0.1852 
  35 0.0312 0.0246 0.0492 0.2599 0.1180 0.3744 0.1427 
  36 0.0085 0.0321 0.0473 0.0430 0.0789 0.2829 0.5074 
  37 0.0088 0.0671 0.1231 0.1309 0.2198 0.3372 0.1131 
  38 0.0200 0.0221 0.0375 0.0460 0.1184 0.1268 0.6292 
  39 0.0216 0.0228 0.0644 0.0691 0.1658 0.2031 0.4532 
  40 0.0135 0.1050 0.0610 0.0967 0.0793 0.4836 0.1609 
  41 0.0293 0.0898 0.0364 0.0620 0.1138 0.2640 0.4048 
  42 0.0163 0.4159 0.0684 0.0318 0.0760 0.1214 0.2702 
  43 0.0152 0.1029 0.0582 0.0804 0.1989 0.4579 0.0865 
  44 0.0133 0.0466 0.0343 0.1548 0.1228 0.5172 0.1110 
  45 0.0209 0.0241 0.0383 0.0452 0.1230 0.3180 0.4305 
  46 0.0125 0.0176 0.0552 0.2926 0.1835 0.2574 0.1811 
  47 0.0207 0.0330 0.0755 0.3358 0.1616 0.2414 0.1320 
  48 0.0169 0.0381 0.0355 0.1809 0.0790 0.5610 0.0887 
  49 0.0371 0.0374 0.0635 0.0890 0.1279 0.2871 0.3581 
  50 0.0178 0.0186 0.1018 0.2234 0.2821 0.1441 0.2122 
  51 0.0145 0.0585 0.0359 0.0303 0.0709 0.4874 0.3025 
  52 0.0254 0.0281 0.0795 0.0887 0.1477 0.1665 0.4640 
  53 0.0123 0.0336 0.0713 0.0772 0.1086 0.1190 0.5780 
  54 0.0219 0.0308 0.0731 0.1419 0.1834 0.4650 0.0839 
  55 0.0129 0.0245 0.0522 0.0929 0.1352 0.6047 0.0777 
  56 0.0295 0.0444 0.0661 0.1508 0.0725 0.4213 0.2154 
  57 0.0177 0.0274 0.1842 0.3734 0.1714 0.1024 0.1236 
  58 0.0251 0.0421 0.0582 0.0552 0.1272 0.4053 0.2869 
  59 0.0601 0.0497 0.0578 0.0566 0.1116 0.2290 0.4352 
  60 0.0085 0.0367 0.1011 0.0485 0.0879 0.4865 0.2307 
  61 0.0099 0.0309 0.0636 0.0326 0.0971 0.6963 0.0698 
  62 0.1348 0.0214 0.0731 0.2154 0.1439 0.2182 0.1933 
  63 0.0112 0.0863 0.0844 0.0499 0.2237 0.3203 0.2242 
  64 0.0177 0.0186 0.0469 0.2115 0.1247 0.1639 0.4167 
  65 0.0127 0.0160 0.0401 0.0807 0.6121 0.1305 0.1078 
  66 0.0106 0.0446 0.1290 0.0483 0.2105 0.4379 0.1190 
  67 0.0119 0.0234 0.0438 0.0794 0.1811 0.5858 0.0745 
  68 0.0421 0.0572 0.0688 0.0531 0.1079 0.2275 0.4434 
  69 0.0959 0.0396 0.1409 0.0674 0.1174 0.0994 0.4395 
  70 0.0100 0.0701 0.0701 0.0380 0.1485 0.2989 0.3644 
  71 0.0468 0.0188 0.0352 0.0474 0.1170 0.3147 0.4201 
  72 0.0078 0.0224 0.0433 0.0873 0.1137 0.2016 0.5238 
  73 0.0620 0.0224 0.0405 0.0484 0.1652 0.4990 0.1625 
  74 0.0091 0.0786 0.0763 0.0497 0.0757 0.2546 0.4559 
  75 0.0125 0.0522 0.0898 0.0443 0.0641 0.4417 0.2954 
  76 0.0081 0.0356 0.0537 0.0643 0.3436 0.3705 0.1243 
  77 0.0330 0.0655 0.0334 0.0404 0.1468 0.2450 0.4359 
  78 0.0335 0.0768 0.0342 0.0412 0.1124 0.1971 0.5049 
  79 0.0107 0.0237 0.0596 0.0897 0.5329 0.1024 0.1809 
  80 0.0090 0.1054 0.3713 0.0551 0.1792 0.1635 0.1166 
  81 0.0072 0.0540 0.3290 0.0636 0.2591 0.1357 0.1514 
  82 0.0225 0.0532 0.0985 0.0613 0.2801 0.3554 0.1291 
  83 0.0069 0.0498 0.1932 0.0616 0.2396 0.2209 0.2279 
  84 0.0073 0.0474 0.1925 0.0587 0.3578 0.1391 0.1973 
  85 0.0077 0.0617 0.2184 0.1016 0.1791 0.1870 0.2444 
  86 0.0190 0.0173 0.0569 0.1362 0.2536 0.3877 0.1292 
  87 0.0092 0.0315 0.0635 0.0542 0.5178 0.1323 0.1915 
  88 0.0089 0.0901 0.1930 0.0530 0.3240 0.1982 0.1328 
  89 0.0077 0.0911 0.2510 0.0532 0.2512 0.2174 0.1284 
  90 0.0089 0.0254 0.0724 0.0493 0.6124 0.1126 0.1190 
  91 0.0063 0.1257 0.3219 0.0610 0.1400 0.1673 0.1778 
  92 0.0103 0.0336 0.0998 0.0829 0.4307 0.1753 0.1674 
  93 0.0085 0.0592 0.5913 0.0429 0.0944 0.1103 0.0935 
  94 0.0074 0.0265 0.0566 0.0421 0.3738 0.0873 0.4063 
  95 0.0077 0.0696 0.1442 0.0374 0.5048 0.1334 0.1028 
  96 0.0108 0.1186 0.0858 0.0341 0.1199 0.5504 0.0805 
  97 0.0116 0.0411 0.0940 0.0529 0.0760 0.3782 0.3462 
  98 0.0177 0.0846 0.0476 0.0681 0.1455 0.4499 0.1865 
  99 0.0077 0.0487 0.1728 0.0541 0.4289 0.1364 0.1515 
 100 0.0099 0.0990 0.3213 0.0508 0.0922 0.3616 0.0652 
 101 0.0101 0.0598 0.0877 0.0585 0.4012 0.2239 0.1589 
 102 0.0191 0.1966 0.1841 0.0473 0.2174 0.1777 0.1578 
 103 0.0118 0.0351 0.1258 0.0431 0.3807 0.3198 0.0836 
 104 0.0102 0.0120 0.1102 0.0445 0.6116 0.1199 0.0917 
 105 0.0324 0.0192 0.1516 0.0415 0.5161 0.1611 0.0780 
 106 0.0087 0.0143 0.0324 0.0644 0.4798 0.1018 0.2986 
 107 0.0146 0.0259 0.1187 0.0481 0.4740 0.2304 0.0884 
 108 0.0077 0.0179 0.0499 0.0668 0.1363 0.5365 0.1850 
 109 0.1700 0.0132 0.0358 0.0692 0.2898 0.1338 0.2882 
 110 0.0114 0.0192 0.0372 0.0539 0.4529 0.0768 0.3487 
 111 0.0243 0.0146 0.0527 0.0414 0.6899 0.1012 0.0758 
 112 0.2680 0.0166 0.0373 0.0362 0.3462 0.0881 0.2076 
 113 0.0140 0.0264 0.0770 0.0844 0.2035 0.4074 0.1873 
 114 0.0221 0.0140 0.1367 0.0396 0.5799 0.1116 0.0961 
 115 0.0322 0.0599 0.0547 0.0694 0.4699 0.2169 0.0971 
 116 0.0157 0.0169 0.0329 0.0678 0.2810 0.1940 0.3917 
 117 0.0439 0.0542 0.0449 0.0595 0.4000 0.0844 0.3130 
 118 0.0339 0.0148 0.0533 0.0652 0.4017 0.3308 0.1003 
 119 0.0078 0.1829 0.0862 0.0357 0.1829 0.3819 0.1227 
 120 0.0464 0.0358 0.0633 0.0617 0.4901 0.1803 0.1225 
 121 0.0840 0.0503 0.0422 0.0670 0.3835 0.2185 0.1544 
 122 0.0212 0.0158 0.0483 0.0541 0.4423 0.1099 0.3084 
 123 0.0133 0.0209 0.0663 0.0455 0.5236 0.1492 0.1812 
 124 0.0295 0.0156 0.0480 0.0827 0.3155 0.1927 0.3159 
 125 0.0419 0.0503 0.0449 0.0784 0.1497 0.0939 0.5409 
 126 0.0085 0.0220 0.0701 0.0379 0.2965 0.2151 0.3499 
 127 0.0164 0.0143 0.0543 0.0379 0.6775 0.1273 0.0723 
 128 0.0285 0.0149 0.0529 0.0572 0.4160 0.3356 0.0949 
 129 0.0141 0.0151 0.0433 0.0457 0.6333 0.1775 0.0709 
 130 0.0353 0.0257 0.1235 0.0495 0.5274 0.1302 0.1084 
 131 0.0392 0.0275 0.0387 0.0555 0.2689 0.1316 0.4386 
 132 0.0126 0.0134 0.0386 0.0540 0.5062 0.1591 0.2161 
 133 0.0144 0.0239 0.0694 0.0518 0.5627 0.1839 0.0939 
 134 0.0183 0.0123 0.0282 0.0436 0.5652 0.0700 0.2625 
 135 0.0277 0.0382 0.3022 0.0457 0.0719 0.3988 0.1156 
 136 0.0140 0.0344 0.6025 0.0999 0.0637 0.1129 0.0725 
 137 0.0250 0.1353 0.5335 0.0445 0.1008 0.0829 0.0781 
 138 0.0076 0.0229 0.6482 0.0455 0.0598 0.1050 0.1110 
 139 0.0122 0.0169 0.1842 0.0556 0.0784 0.5487 0.1040 
 140 0.0111 0.0509 0.3394 0.0444 0.1273 0.2075 0.2193 
 141 0.0141 0.0208 0.5181 0.1071 0.0685 0.1333 0.1380 
 142 0.0219 0.0312 0.3188 0.0379 0.0690 0.4209 0.1003 
 143 0.0068 0.0705 0.6599 0.0372 0.0597 0.1040 0.0619 
 144 0.0254 0.1222 0.5441 0.0397 0.1000 0.0968 0.0718 
 145 0.0221 0.0339 0.3417 0.1645 0.0719 0.2195 0.1464 
 146 0.0107 0.0460 0.3841 0.0819 0.1475 0.1435 0.1865 
 147 0.0077 0.0528 0.6916 0.0453 0.0595 0.0775 0.0656 
 148 0.0205 0.0396 0.4401 0.0738 0.1261 0.2029 0.0970 
 149 0.0134 0.0295 0.5099 0.0464 0.0593 0.2066 0.1349 
 150 0.0325 0.0651 0.4222 0.0550 0.1778 0.1465 0.1009 
 151 0.0088 0.0526 0.5712 0.0430 0.0933 0.1452 0.0858 
 152 0.0172 0.0458 0.3621 0.1086 0.0983 0.2566 0.1113 
 153 0.0087 0.0338 0.5253 0.0438 0.0774 0.1375 0.1736 
 154 0.0126 0.0273 0.5532 0.0916 0.0686 0.1728 0.0739 
 155 0.0071 0.0234 0.6647 0.0407 0.0925 0.0996 0.0720 
 156 0.0124 0.0679 0.4628 0.0305 0.0931 0.2560 0.0775 
 157 0.0067 0.0505 0.5433 0.0339 0.1747 0.0811 0.1099 
 158 0.0240 0.0419 0.4012 0.1524 0.0681 0.1555 0.1569 
 159 0.0099 0.0452 0.6939 0.0444 0.0598 0.0839 0.0629 
 160 0.0095 0.0226 0.6993 0.0474 0.0607 0.0975 0.0630 
 161 0.0103 0.1576 0.3303 0.0491 0.0951 0.1620 0.1957 
 162 0.0117 0.0214 0.3499 0.1051 0.1508 0.1865 0.1748 
 163 0.0069 0.0321 0.6421 0.0341 0.0781 0.1282 0.0784 
 164 0.0094 0.0336 0.4308 0.0729 0.1796 0.1543 0.1195 
 165 0.0316 0.0718 0.4753 0.0437 0.1579 0.1255 0.0942 
 166 0.0071 0.0499 0.3946 0.0432 0.1825 0.1701 0.1527 
 167 0.0091 0.0192 0.5565 0.1659 0.1033 0.0796 0.0664 
 168 0.0080 0.0338 0.4975 0.0526 0.0728 0.1479 0.1873 
 169 0.0250 0.0308 0.2595 0.1502 0.0631 0.1273 0.3442 
 170 0.0083 0.3258 0.1557 0.0382 0.0967 0.2915 0.0838 
 171 0.0088 0.0362 0.4036 0.0878 0.1270 0.2010 0.1355 
 172 0.0160 0.0390 0.3062 0.0442 0.0574 0.2271 0.3101 
 173 0.0094 0.0195 0.6574 0.0497 0.0647 0.1373 0.0618 
 174 0.0075 0.0284 0.6448 0.0457 0.0955 0.0904 0.0876 
 175 0.0108 0.1692 0.4253 0.1123 0.0649 0.1496 0.0678 
 176 0.0252 0.1179 0.5489 0.0394 0.1002 0.0968 0.0716 
 177 0.0088 0.0288 0.4336 0.0430 0.1537 0.0987 0.2335 
 178 0.0084 0.0225 0.5685 0.1014 0.1076 0.0992 0.0924 
 179 0.0066 0.0202 0.7140 0.0433 0.0644 0.0884 0.0630 
 180 0.0127 0.0498 0.4425 0.0969 0.0997 0.1423 0.1562 
 181 0.0161 0.0365 0.3692 0.0698 0.0699 0.3088 0.1297 
 182 0.0121 0.0415 0.5123 0.0511 0.0705 0.2467 0.0658 
 183 0.0075 0.0343 0.6509 0.0498 0.0656 0.1251 0.0668 
 184 0.0110 0.0164 0.0546 0.2426 0.1570 0.4436 0.0749 
 185 0.0117 0.0325 0.5163 0.0334 0.0536 0.2941 0.0584 
 186 0.0079 0.0186 0.0531 0.1060 0.3924 0.3327 0.0892 
 187 0.0076 0.0204 0.2030 0.0894 0.1344 0.4691 0.0762 
 188 0.0093 0.0153 0.0408 0.0971 0.3708 0.3950 0.0717 
 189 0.0074 0.0434 0.1654 0.1482 0.0989 0.3208 0.2159 
 190 0.0109 0.0224 0.0974 0.0284 0.0573 0.7327 0.0510 
 191 0.0158 0.0195 0.0729 0.0790 0.1551 0.5815 0.0762 
 192 0.0085 0.0588 0.1700 0.0745 0.2156 0.3798 0.0928 
 193 0.0168 0.0401 0.1237 0.1006 0.1308 0.4732 0.1149 
 194 0.0084 0.1196 0.1262 0.0658 0.1825 0.4007 0.0969 
 195 0.0074 0.0250 0.1821 0.0390 0.0655 0.6246 0.0564 
 196 0.0109 0.0249 0.0923 0.0353 0.0863 0.6854 0.0650 
 197 0.0102 0.0140 0.1365 0.2145 0.2113 0.3076 0.1059 
 198 0.0085 0.0402 0.1100 0.0900 0.2096 0.3339 0.2079 
 199 0.0120 0.0351 0.0774 0.0458 0.0887 0.6614 0.0796 
 200 0.0184 0.0208 0.0887 0.0644 0.0921 0.6124 0.1032 
 201 0.0076 0.0194 0.3741 0.0501 0.0829 0.4048 0.0612 
 202 0.0098 0.0600 0.2520 0.0386 0.0851 0.4952 0.0593 
 203 0.0117 0.0239 0.3150 0.0449 0.0778 0.4737 0.0530 
 204 0.0087 0.0215 0.0774 0.0363 0.0751 0.7268 0.0541 
 205 0.0087 0.0206 0.0665 0.0561 0.1026 0.6627 0.0828 
 206 0.0083 0.0187 0.1078 0.0541 0.0850 0.6690 0.0570 
 207 0.0134 0.0197 0.0532 0.0427 0.1121 0.7021 0.0568 
 208 0.0094 0.0163 0.1982 0.0410 0.0871 0.5876 0.0604 
 209 0.0160 0.0275 0.0845 0.0783 0.1334 0.5776 0.0828 
 210 0.0087 0.0208 0.1062 0.0406 0.1125 0.6461 0.0651 
 211 0.0402 0.0505 0.1118 0.0491 0.1253 0.5687 0.0544 
 212 0.0100 0.0401 0.3000 0.0666 0.0788 0.4172 0.0874 
 213 0.0099 0.0430 0.0730 0.0358 0.1523 0.5336 0.1525 
 214 0.0116 0.0469 0.2785 0.0456 0.0717 0.4872 0.0585 
 215 0.0119 0.0160 0.0552 0.0547 0.1229 0.6658 0.0735 
 216 0.0105 0.0203 0.0691 0.2333 0.1684 0.4088 0.0897 
 217 0.0083 0.0323 0.2192 0.0554 0.0679 0.5504 0.0664 
 218 0.0092 0.0210 0.0859 0.0612 0.1256 0.6098 0.0873 
 219 0.0076 0.0243 0.1921 0.2617 0.1256 0.2937 0.0952 
 220 0.0101 0.0183 0.0630 0.0434 0.1063 0.7013 0.0577 
 221 0.0103 0.2328 0.1589 0.0361 0.0563 0.4493 0.0562 
 222 0.0081 0.0255 0.0984 0.2896 0.1691 0.3145 0.0949 
 223 0.0073 0.0262 0.2788 0.1030 0.1242 0.3604 0.1001 
 224 0.0095 0.0356 0.2215 0.0560 0.0895 0.5299 0.0581 
 225 0.0084 0.0230 0.0841 0.0523 0.0949 0.6644 0.0730 
 226 0.0115 0.0305 0.1034 0.1182 0.0982 0.4682 0.1701 
 227 0.0086 0.0236 0.1309 0.0433 0.0933 0.6422 0.0579 
 228 0.0098 0.0234 0.1563 0.0355 0.0588 0.6622 0.0539 
 229 0.0093 0.0472 0.2335 0.0630 0.1136 0.4732 0.0601 
 230 0.0112 0.0389 0.1449 0.0492 0.0971 0.6041 0.0546 
 231 0.0123 0.0230 0.2202 0.0964 0.1156 0.4567 0.0758 
 232 0.0105 0.0693 0.1274 0.0509 0.1149 0.4543 0.1726 
 233 0.0107 0.0247 0.4585 0.0535 0.0764 0.3175 0.0588 
 234 0.0106 0.0246 0.1624 0.1095 0.2016 0.3711 0.1203 
 235 0.0080 0.0480 0.1622 0.0785 0.0944 0.5061 0.1027 
 236 0.0115 0.0331 0.2542 0.0759 0.1000 0.4500 0.0754 
 237 0.0181 0.0165 0.0684 0.0535 0.1152 0.6588 0.0694 
 238 0.0093 0.0667 0.2717 0.0460 0.1065 0.4251 0.0747 
 239 0.0074 0.0247 0.1812 0.0389 0.0659 0.6259 0.0560 
 240 0.0094 0.0645 0.2743 0.0461 0.1086 0.4224 0.0746 
 241 0.0098 0.0691 0.2627 0.0519 0.0826 0.4390 0.0849 
 242 0.0089 0.0275 0.1082 0.0941 0.1071 0.5408 0.1134 
 243 0.0125 0.0203 0.0948 0.0332 0.0668 0.7209 0.0515 
 244 0.0117 0.0319 0.2165 0.0445 0.0782 0.5629 0.0544 
 245 0.0071 0.0398 0.4673 0.0355 0.0866 0.2878 0.0760 
 246 0.0085 0.0327 0.2214 0.0572 0.0691 0.5451 0.0661 
 247 0.0085 0.0191 0.0461 0.0512 0.3412 0.3557 0.1782 
 248 0.0136 0.0135 0.0524 0.0571 0.1689 0.6203 0.0741 
 249 0.0111 0.0628 0.1775 0.0505 0.0886 0.5505 0.0591 
 250 0.0110 0.0433 0.1668 0.0835 0.1285 0.4930 0.0738 
 251 0.0170 0.0232 0.0821 0.1257 0.1305 0.4622 0.1593 
 252 0.0070 0.0300 0.1342 0.0666 0.1024 0.5805 0.0794 
 253 0.0090 0.0273 0.0637 0.0650 0.1879 0.5082 0.1390 
 254 0.0082 0.0183 0.1145 0.2094 0.1550 0.4191 0.0755 
 255 0.0108 0.0396 0.1392 0.1056 0.1552 0.4574 0.0922 
 256 0.0103 0.0424 0.1399 0.0535 0.0823 0.5962 0.0754 
 257 0.0120 0.0603 0.0981 0.0713 0.1345 0.5428 0.0810 
 258 0.0122 0.0206 0.0833 0.0558 0.1766 0.5336 0.1178 
 259 0.0109 0.0356 0.1002 0.0815 0.1353 0.5655 0.0709 
 260 0.0084 0.0337 0.2575 0.2308 0.1459 0.2484 0.0753 
 261 0.0072 0.0257 0.1986 0.0580 0.0839 0.5468 0.0799 
 262 0.0087 0.0282 0.1343 0.0353 0.0564 0.6782 0.0587 
 263 0.0120 0.0154 0.0670 0.1144 0.1297 0.6050 0.0563 
 264 0.0104 0.0138 0.0392 0.3998 0.1526 0.2602 0.1240 
 265 0.0079 0.0215 0.1451 0.0919 0.1112 0.5261 0.0964 
 266 0.0093 0.0568 0.3013 0.0349 0.0579 0.4829 0.0568 
 267 0.0170 0.0278 0.1445 0.0897 0.1450 0.4953 0.0809 
 268 0.0107 0.0252 0.0939 0.0355 0.0857 0.6837 0.0654 
 269 0.0086 0.0227 0.1808 0.1783 0.1148 0.3487 0.1461 
 270 0.0118 0.0167 0.0839 0.1689 0.2037 0.4210 0.0939 
 271 0.0126 0.0213 0.0731 0.0613 0.1352 0.6018 0.0947 
 272 0.0154 0.0252 0.0784 0.0790 0.1008 0.5526 0.1486 
 273 0.0284 0.0822 0.1627 0.1203 0.1423 0.3242 0.1399 
 274 0.0099 0.0255 0.0926 0.0986 0.1244 0.5311 0.1180 
 275 0.0184 0.0251 0.1351 0.1428 0.0985 0.4791 0.1011 
 276 0.0182 0.0301 0.0609 0.0669 0.1076 0.5896 0.1267 
 277 0.0076 0.0362 0.1946 0.1116 0.1271 0.4173 0.1056 
 278 0.0120 0.0150 0.0683 0.0505 0.0975 0.6836 0.0730 
 279 0.0100 0.0280 0.1224 0.0880 0.1167 0.5386 0.0962 
 280 0.0088 0.0203 0.1092 0.1036 0.0886 0.5232 0.1463 
 281 0.0096 0.0256 0.0962 0.0632 0.1609 0.5239 0.1206 
 282 0.0085 0.0353 0.3777 0.0932 0.1125 0.2873 0.0854 
 283 0.0081 0.0489 0.3872 0.0594 0.1046 0.3303 0.0615 
 284 0.0135 0.0426 0.2051 0.0623 0.1773 0.4000 0.0992 
 285 0.0149 0.0136 0.0364 0.0535 0.1359 0.6358 0.1099 
 286 0.0116 0.0318 0.2128 0.0444 0.0789 0.5659 0.0546 
 287 0.0072 0.0332 0.1506 0.0978 0.1499 0.4008 0.1605 
 288 0.0114 0.0219 0.0727 0.0914 0.1071 0.5760 0.1195 
 289 0.0152 0.0666 0.0615 0.0843 0.1797 0.4974 0.0952 
 290 0.0206 0.0382 0.0675 0.1063 0.0796 0.5461 0.1418 
 291 0.0123 0.0213 0.0728 0.0614 0.1363 0.6018 0.0942 
 292 0.0077 0.0227 0.1129 0.0729 0.0753 0.5658 0.1426 
 293 0.0227 0.0199 0.0586 0.1198 0.1117 0.4255 0.2417 
 294 0.0098 0.0178 0.0502 0.1130 0.1215 0.6275 0.0602 
 295 0.0284 0.0247 0.1042 0.0922 0.1334 0.4724 0.1447 
 296 0.0119 0.0186 0.0671 0.0444 0.1211 0.6602 0.0768 
 297 0.0088 0.0224 0.0753 0.1300 0.1119 0.5025 0.1492 
 298 0.0080 0.0529 0.2616 0.1077 0.1488 0.3390 0.0820 
 299 0.0089 0.0197 0.0771 0.1656 0.1712 0.4962 0.0612 
 300 0.0118 0.0170 0.0479 0.0476 0.0913 0.7018 0.0826 
 301 0.0119 0.0170 0.0818 0.2973 0.1282 0.3770 0.0867 
 302 0.0153 0.0154 0.0652 0.1046 0.1099 0.6258 0.0638 
 303 0.0113 0.0374 0.2014 0.0582 0.0818 0.5158 0.0941 
 304 0.0116 0.0237 0.3595 0.1941 0.1780 0.1335 0.0997 
 305 0.0101 0.0209 0.1389 0.0444 0.0665 0.6534 0.0658 
 306 0.0085 0.0559 0.2274 0.0794 0.0788 0.4602 0.0899 
 307 0.0110 0.0531 0.1516 0.1084 0.1288 0.4523 0.0948 
 308 0.0069 0.0263 0.1958 0.0577 0.0834 0.5497 0.0801 
 309 0.0357 0.0344 0.0729 0.0546 0.1631 0.5691 0.0702 
 310 0.0102 0.0251 0.1280 0.0397 0.0690 0.6716 0.0564 
 311 0.0108 0.0378 0.1434 0.0480 0.0955 0.6092 0.0553 
 312 0.0098 0.0196 0.0621 0.0358 0.1311 0.6826 0.0590 
 313 0.0104 0.0158 0.0442 0.0431 0.1005 0.7220 0.0641 
 314 0.0088 0.0395 0.6611 0.0352 0.0555 0.1298 0.0700 
 315 0.0070 0.0497 0.5901 0.0448 0.0680 0.1304 0.1099 
 316 0.0079 0.0397 0.6115 0.0570 0.0773 0.0924 0.1142 
 317 0.0087 0.0332 0.7201 0.0370 0.0583 0.0778 0.0647 
 318 0.0077 0.0208 0.7481 0.0400 0.0587 0.0598 0.0649 
 319 0.0075 0.0373 0.6916 0.0405 0.0594 0.1010 0.0626 
 320 0.0089 0.0382 0.6617 0.0351 0.0561 0.1310 0.0690 
 321 0.0086 0.0341 0.7165 0.0413 0.0587 0.0721 0.0689 
 322 0.0098 0.0752 0.5434 0.0527 0.0764 0.1343 0.1082 
 323 0.0067 0.0248 0.7315 0.0479 0.0596 0.0686 0.0608 
 324 0.0086 0.0339 0.7152 0.0413 0.0588 0.0721 0.0701 
 325 0.0079 0.0321 0.6442 0.0506 0.0746 0.0790 0.1116 
 326 0.0104 0.0522 0.6225 0.0518 0.0749 0.0781 0.1102 
 327 0.0084 0.0329 0.7201 0.0383 0.0576 0.0785 0.0640 
 328 0.0079 0.0707 0.5680 0.0489 0.0755 0.1201 0.1089 
 329 0.0063 0.0404 0.7290 0.0397 0.0584 0.0644 0.0618 
 330 0.0086 0.0330 0.7204 0.0375 0.0574 0.0783 0.0648 
 331 0.0064 0.0225 0.7424 0.0392 0.0584 0.0689 0.0621 
 332 0.0087 0.0396 0.6233 0.0690 0.0743 0.0758 0.1092 
 333 0.0084 0.0556 0.6149 0.0513 0.0752 0.0926 0.1020 
 334 0.0076 0.0697 0.5663 0.0492 0.0762 0.1210 0.1100 
 335 0.0078 0.0950 0.5693 0.0446 0.0727 0.1120 0.0986 
 336 0.0083 0.0274 0.6984 0.0486 0.0556 0.0907 0.0710 
 337 0.0092 0.0611 0.5887 0.0509 0.0743 0.0955 0.1202 
 338 0.0077 0.0210 0.7458 0.0417 0.0584 0.0597 0.0657 
 339 0.0066 0.0224 0.7404 0.0400 0.0591 0.0688 0.0626 
 340 0.0063 0.0220 0.7449 0.0360 0.0576 0.0754 0.0578 
 341 0.0085 0.0310 0.7195 0.0461 0.0603 0.0726 0.0619 
 342 0.0084 0.0319 0.7229 0.0375 0.0577 0.0773 0.0643 
 343 0.0079 0.1701 0.4450 0.0558 0.0665 0.1530 0.1018 
 344 0.0063 0.0273 0.7471 0.0400 0.0576 0.0609 0.0608 
 345 0.0088 0.0326 0.7210 0.0376 0.0576 0.0779 0.0644 
 346 0.0074 0.0208 0.7537 0.0361 0.0568 0.0644 0.0608 
 347 0.0065 0.0266 0.7486 0.0366 0.0581 0.0667 0.0570 
 348 0.0077 0.1063 0.4888 0.0403 0.0671 0.1929 0.0968 
 349 0.0084 0.0330 0.7215 0.0376 0.0575 0.0774 0.0646 
 350 0.0067 0.0254 0.6830 0.0406 0.0570 0.1201 0.0673 
 351 0.0075 0.0934 0.5721 0.0447 0.0723 0.1127 0.0973 
 352 0.0093 0.0562 0.5966 0.0456 0.0736 0.1103 0.1084 
 353 0.0082 0.0279 0.6973 0.0489 0.0557 0.0916 0.0705 
 354 0.0071 0.0343 0.7316 0.0417 0.0591 0.0633 0.0630 
 355 0.0075 0.0210 0.7491 0.0402 0.0579 0.0599 0.0645 
 356 0.0078 0.2317 0.3472 0.0379 0.0667 0.2191 0.0895 
 357 0.0089 0.0285 0.4088 0.1090 0.1196 0.1042 0.2211 
 358 0.0071 0.0541 0.6289 0.0528 0.0740 0.0783 0.1047 
 359 0.0066 0.0238 0.7371 0.0420 0.0598 0.0674 0.0633 
 360 0.0073 0.0200 0.7543 0.0365 0.0569 0.0644 0.0606 
 361 0.0110 0.0675 0.2883 0.1074 0.1212 0.1655 0.2390 
 362 0.0110 0.0219 0.0704 0.0649 0.2384 0.2344 0.3589 
 363 0.0132 0.0287 0.0460 0.1247 0.3329 0.1491 0.3054 
 364 0.0206 0.0554 0.1550 0.3498 0.1594 0.1628 0.0970 
 365 0.0414 0.0215 0.0519 0.2387 0.1249 0.1203 0.4013 
 366 0.0220 0.0333 0.0811 0.1777 0.1046 0.3801 0.2011 
 367 0.0087 0.0144 0.0349 0.0493 0.4672 0.0692 0.3565 
 368 0.0101 0.0237 0.0589 0.0836 0.5564 0.1318 0.1355 
 369 0.0292 0.1508 0.0909 0.1584 0.1523 0.2917 0.1267 
 370 0.0232 0.0428 0.0675 0.1005 0.4719 0.1821 0.1120 
 371 0.0248 0.0394 0.0892 0.2868 0.2030 0.2383 0.1185 
 372 0.0676 0.0500 0.0928 0.1053 0.2985 0.2795 0.1062 
 373 0.0174 0.0401 0.0967 0.0932 0.3830 0.1568 0.2129 
 374 0.0333 0.1988 0.1122 0.1000 0.1752 0.1468 0.2336 
 375 0.0163 0.0214 0.0438 0.2526 0.4185 0.0874 0.1600 
 376 0.0101 0.0194 0.0396 0.2936 0.1407 0.0625 0.4341 
 377 0.0165 0.0206 0.0733 0.0950 0.2755 0.1916 0.3274 
 378 0.0132 0.0393 0.1760 0.0387 0.4457 0.1250 0.1621 
 379 0.0178 0.0228 0.0367 0.3435 0.1512 0.0771 0.3509 
 380 0.0149 0.0463 0.1020 0.1321 0.0810 0.1656 0.4582 
 381 0.0125 0.0504 0.0734 0.3163 0.0662 0.1892 0.2922 
 382 0.0097 0.0168 0.0537 0.1991 0.4627 0.0785 0.1796 
 383 0.0176 0.0196 0.1592 0.2291 0.0850 0.1029 0.3866 
 384 0.0276 0.0323 0.1004 0.4301 0.1668 0.0820 0.1607 
 385 0.3316 0.0192 0.1797 0.1393 0.1354 0.0846 0.1103 
 386 0.0097 0.0198 0.0457 0.0774 0.3156 0.1066 0.4253 
 387 0.0119 0.0145 0.0646 0.1160 0.2894 0.0965 0.4072 
 388 0.0384 0.0731 0.1803 0.1705 0.2344 0.1089 0.1944 
 389 0.1401 0.0182 0.0536 0.1101 0.1763 0.4193 0.0822 
 390 0.0247 0.0364 0.0438 0.0633 0.2057 0.1357 0.4903 
 391 0.1350 0.0556 0.0698 0.0867 0.2610 0.2104 0.1815 
 392 0.0076 0.0183 0.1091 0.1150 0.1491 0.1402 0.4606 
 393 0.0094 0.0296 0.0773 0.0822 0.0781 0.1093 0.6140 
 394 0.0074 0.0474 0.2097 0.0554 0.2540 0.1291 0.2969 
 395 0.0079 0.0143 0.0538 0.0428 0.2015 0.2930 0.3867 
 396 0.0095 0.0145 0.0364 0.1528 0.4881 0.0927 0.2060 
 397 0.0074 0.0239 0.0944 0.4014 0.1116 0.2857 0.0756 
 398 0.0073 0.0165 0.0382 0.0970 0.1844 0.0687 0.5879 
 399 0.0214 0.0234 0.0496 0.0435 0.4496 0.1470 0.2656 
 400 0.0120 0.0360 0.0618 0.1332 0.3341 0.0961 0.3268 
 401 0.0120 0.0240 0.0716 0.0351 0.3113 0.1657 0.3803 
 402 0.0141 0.0218 0.0712 0.1267 0.2968 0.2727 0.1968 
 403 0.0328 0.0302 0.3144 0.1063 0.1575 0.1646 0.1943 
 404 0.0225 0.0446 0.0816 0.1920 0.1880 0.1933 0.2780 
 405 0.0096 0.0278 0.0724 0.1137 0.1721 0.2369 0.3675 
 406 0.0082 0.0644 0.0869 0.0477 0.0780 0.2769 0.4379 
 407 0.0083 0.0144 0.0351 0.0823 0.1339 0.0810 0.6450 
 408 0.0081 0.0141 0.0327 0.0323 0.5069 0.2518 0.1540 
 409 0.0121 0.3574 0.0670 0.0404 0.0840 0.1212 0.3179 
 410 0.0168 0.0516 0.0741 0.1797 0.2042 0.1186 0.3550 
 411 0.0093 0.0266 0.1401 0.2834 0.1784 0.1623 0.1998 
 412 0.0103 0.0203 0.0544 0.0903 0.5442 0.1214 0.1591 
 413 0.0077 0.0309 0.1636 0.0548 0.4219 0.1342 0.1870 
 414 0.0214 0.0119 0.0431 0.1168 0.5809 0.1042 0.1217 
 415 0.0101 0.0259 0.0438 0.1018 0.1307 0.1610 0.5268 
 416 0.0327 0.0335 0.0643 0.0788 0.1646 0.1746 0.4515 
 417 0.0081 0.0345 0.0393 0.0665 0.1694 0.0879 0.5942 
 418 0.0083 0.0172 0.0419 0.0964 0.5911 0.0728 0.1723 
 419 0.0353 0.0596 0.1555 0.0717 0.1759 0.1621 0.3398 
 420 0.0099 0.0237 0.0383 0.0342 0.2481 0.2091 0.4367 
 421 0.0086 0.0381 0.0399 0.0528 0.2646 0.1101 0.4857 
 422 0.0106 0.0167 0.0495 0.0570 0.1156 0.3210 0.4297 
 423 0.0092 0.0167 0.0675 0.2089 0.2028 0.1813 0.3136 
 424 0.0263 0.0528 0.0713 0.0621 0.3769 0.1571 0.2536 
 425 0.0755 0.0223 0.1003 0.3202 0.1971 0.1252 0.1594 
 426 0.0427 0.0482 0.0923 0.1389 0.3789 0.1050 0.1941 
 427 0.0073 0.0140 0.1364 0.0414 0.1509 0.0699 0.5802 
 428 0.0112 0.0334 0.1170 0.0631 0.1033 0.2229 0.4492 
 429 0.0069 0.0146 0.0344 0.0930 0.2763 0.0710 0.5037 
 430 0.0079 0.0182 0.0394 0.0633 0.1437 0.0881 0.6395 
 431 0.0168 0.0215 0.0884 0.1262 0.4536 0.1570 0.1365 
 432 0.0099 0.0254 0.0654 0.0740 0.5141 0.1393 0.1719 
 433 0.0097 0.0794 0.2254 0.1085 0.2557 0.2229 0.0983 
 434 0.0159 0.0479 0.0892 0.1881 0.1844 0.2253 0.2492 
 435 0.0065 0.0155 0.0367 0.0454 0.1540 0.0707 0.6712 
 436 0.0091 0.0370 0.0487 0.0559 0.1236 0.0693 0.6564 
 437 0.0068 0.0178 0.0419 0.4503 0.1677 0.0866 0.2289 
 438 0.0092 0.0610 0.0519 0.0350 0.1415 0.1249 0.5765 
 439 0.0071 0.0212 0.0440 0.0481 0.0917 0.0571 0.7308 
 440 0.0081 0.0134 0.0314 0.0625 0.1415 0.0721 0.6711 
 441 0.0095 0.0428 0.0796 0.0684 0.1285 0.0892 0.5821 
 442 0.0259 0.0223 0.0381 0.0981 0.2048 0.1073 0.5035 
 443 0.0135 0.0182 0.0343 0.0410 0.2542 0.1488 0.4901 
 444 0.0228 0.0224 0.0368 0.1017 0.1642 0.1089 0.5433 
 445 0.0094 0.0738 0.0842 0.1053 0.0804 0.1291 0.5179 
 446 0.0089 0.0269 0.0405 0.0899 0.1823 0.0521 0.5994 
 447 0.0252 0.0382 0.0666 0.0597 0.1079 0.1084 0.5940 
 448 0.0086 0.0186 0.0415 0.0895 0.1650 0.0921 0.5847 
 449 0.0089 0.0242 0.0626 0.1104 0.1455 0.1142 0.5341 
 450 0.0114 0.0283 0.0744 0.3181 0.1701 0.0604 0.3374 
 451 0.0087 0.0141 0.0318 0.0693 0.6291 0.1015 0.1453 
 452 0.0082 0.0215 0.0684 0.1158 0.1369 0.0742 0.5749 
 453 0.0187 0.0447 0.0498 0.0428 0.1891 0.3633 0.2915 
 454 0.0089 0.0240 0.0831 0.0948 0.1692 0.1109 0.5092 
 455 0.0081 0.0245 0.0348 0.0441 0.1284 0.0740 0.6861 
 456 0.0112 0.0182 0.0349 0.0615 0.1211 0.1443 0.6089 
 457 0.0073 0.0195 0.0438 0.1537 0.1096 0.0739 0.5922 
 458 0.0088 0.0213 0.0445 0.1173 0.1077 0.0657 0.6347 
 459 0.0084 0.0707 0.0848 0.0427 0.1417 0.0667 0.5850 
 460 0.0078 0.0178 0.0377 0.0425 0.1734 0.0605 0.6602 
 461 0.0087 0.0199 0.0416 0.0760 0.4632 0.0510 0.3396 
 462 0.0493 0.0148 0.0290 0.0914 0.1564 0.1199 0.5394 
 463 0.0082 0.0281 0.0498 0.0452 0.1000 0.2577 0.5110 
 464 0.0072 0.0173 0.0343 0.0379 0.1825 0.0878 0.6331 
 465 0.0095 0.0237 0.0431 0.0587 0.3223 0.1061 0.4366 
 466 0.0071 0.0185 0.0356 0.0399 0.1885 0.1673 0.5432 
 467 0.0104 0.0301 0.0585 0.0624 0.1279 0.1336 0.5770 
 468 0.0068 0.0168 0.0345 0.0790 0.0842 0.0903 0.6883 
 469 0.0068 0.0183 0.0383 0.0430 0.0780 0.0526 0.7631 
 470 0.0061 0.0170 0.0373 0.0398 0.1502 0.0597 0.6899 
 471 0.0224 0.0168 0.0424 0.0906 0.1757 0.3041 0.3481 
 472 0.0123 0.0224 0.0407 0.1073 0.1883 0.1450 0.4840 
 473 0.0087 0.0287 0.0673 0.1172 0.1766 0.1547 0.4468 
 474 0.0082 0.0216 0.0598 0.0919 0.1175 0.1088 0.5922 
 475 0.0091 0.0463 0.0695 0.0527 0.2617 0.1035 0.4572 
 476 0.0079 0.0249 0.0418 0.2006 0.1436 0.0834 0.4977 
 477 0.0189 0.0631 0.0591 0.0676 0.4058 0.1035 0.2820 
 478 0.0174 0.0197 0.0381 0.0468 0.5860 0.0612 0.2310 
 479 0.0077 0.0154 0.0366 0.0704 0.1691 0.0616 0.6392 
 480 0.0069 0.0176 0.0413 0.1217 0.1100 0.0666 0.6358 
 481 0.0223 0.0154 0.0431 0.1659 0.1736 0.2062 0.3734 
 482 0.0069 0.0155 0.0367 0.0777 0.1740 0.0592 0.6300 
 483 0.0080 0.0292 0.0443 0.0507 0.1284 0.0596 0.6798 
 484 0.0118 0.0220 0.0411 0.0408 0.1084 0.1430 0.6330 
 485 0.0074 0.0217 0.0375 0.0431 0.1217 0.0616 0.7071 
 486 0.0430 0.0251 0.0572 0.1641 0.2367 0.3591 0.1149 
 487 0.0326 0.0276 0.1303 0.3063 0.1884 0.2137 0.1012 
 488 0.0685 0.0155 0.1247 0.1388 0.3571 0.2023 0.0931 
 489 0.0182 0.1011 0.0659 0.3464 0.1087 0.2848 0.0749 
 490 0.0175 0.0173 0.0412 0.1060 0.4592 0.2004 0.1584 
 491 0.0688 0.0434 0.1037 0.1355 0.1477 0.3913 0.1095 
 492 0.0381 0.0317 0.2423 0.0574 0.2706 0.2409 0.1189 
 493 0.0683 0.0120 0.0888 0.3004 0.2081 0.2552 0.0672 
 494 0.0371 0.0390 0.0902 0.2969 0.1485 0.2798 0.1086 
 495 0.1064 0.0327 0.1529 0.1452 0.3041 0.1615 0.0973 
 496 0.0080 0.1797 0.1650 0.0740 0.1544 0.2876 0.1313 
 497 0.1357 0.0238 0.1560 0.2521 0.1504 0.2005 0.0815 
 498 0.1007 0.0909 0.0434 0.1345 0.3143 0.2033 0.1129 
 499 0.0185 0.0404 0.1920 0.3091 0.1121 0.2426 0.0852 
 500 0.0121 0.0145 0.0775 0.4810 0.1158 0.2180 0.0811 
 501 0.0150 0.0540 0.1702 0.2443 0.2012 0.1693 0.1461 
 502 0.0337 0.0651 0.2182 0.1023 0.2981 0.1202 0.1624 
 503 0.0103 0.0175 0.0510 0.3187 0.1801 0.1585 0.2639 
 504 0.0700 0.0378 0.0550 0.0651 0.4799 0.1711 0.1212 
 505 0.0237 0.0480 0.0795 0.1128 0.1500 0.5016 0.0844 
 506 0.0480 0.0542 0.1563 0.0856 0.2909 0.2387 0.1263 
 507 0.0080 0.0580 0.3435 0.0632 0.0730 0.3772 0.0771 
 508 0.0190 0.1322 0.2799 0.0961 0.0915 0.3220 0.0593 
 509 0.0143 0.0246 0.1402 0.0904 0.1380 0.4967 0.0958 
 510 0.0119 0.0503 0.1781 0.4169 0.1184 0.1487 0.0756 
 511 0.0311 0.0288 0.0553 0.1835 0.2231 0.2067 0.2714 
 512 0.0197 0.0142 0.0419 0.3092 0.2868 0.1118 0.2166 
 513 0.5515 0.0239 0.0623 0.0347 0.1080 0.1699 0.0496 
 514 0.0115 0.0190 0.0922 0.0631 0.5310 0.1598 0.1234 
 515 0.0144 0.0222 0.1650 0.1052 0.1077 0.2126 0.3729 
 516 0.0121 0.0370 0.0643 0.0583 0.4351 0.2860 0.1072 
 517 0.0096 0.0402 0.1322 0.0608 0.1826 0.2844 0.2902 
 518 0.0091 0.0278 0.1779 0.3948 0.1146 0.1933 0.0825 
 519 0.0160 0.0401 0.0792 0.0507 0.5170 0.1383 0.1587 
 520 0.0095 0.0529 0.1897 0.0660 0.0834 0.3016 0.2969 
 521 0.0097 0.0417 0.3096 0.0498 0.2724 0.2123 0.1045 
 522 0.0119 0.0170 0.0582 0.3201 0.1476 0.2854 0.1599 
 523 0.0091 0.0692 0.1277 0.0512 0.1748 0.4037 0.1643 
 524 0.0081 0.0227 0.1121 0.0768 0.1419 0.1966 0.4418 
 525 0.0087 0.0336 0.1655 0.2740 0.0918 0.2331 0.1933 
 526 0.0074 0.0313 0.0600 0.0409 0.0809 0.2878 0.4918 
 527 0.0194 0.0156 0.0609 0.4009 0.2780 0.1098 0.1154 
 528 0.0082 0.0239 0.4237 0.0534 0.1322 0.2780 0.0806 
 529 0.0183 0.0365 0.1188 0.1785 0.2184 0.3030 0.1266 
 530 0.0199 0.0243 0.0839 0.2330 0.1164 0.2227 0.2999 
 531 0.0108 0.0213 0.3485 0.0707 0.1035 0.1359 0.3094 
 532 0.0126 0.0166 0.2792 0.2364 0.1914 0.1884 0.0754 
 533 0.0103 0.0199 0.0731 0.2912 0.1144 0.3064 0.1847 
 534 0.0255 0.0194 0.1149 0.1087 0.1739 0.4929 0.0649 
 535 0.0094 0.0337 0.0599 0.0425 0.1900 0.3008 0.3638 
 536 0.0137 0.1182 0.1110 0.0698 0.1312 0.2362 0.3198 
 537 0.0172 0.2770 0.0852 0.0646 0.0998 0.3355 0.1206 
 538 0.0092 0.0796 0.0921 0.0552 0.1038 0.5323 0.1277 
 539 0.0090 0.2594 0.2147 0.0565 0.0754 0.3214 0.0635 
 540 0.0110 0.0247 0.1788 0.0764 0.1050 0.4238 0.1802 
 541 0.0170 0.0730 0.3435 0.0782 0.1084 0.1868 0.1931 
 542 0.0192 0.0233 0.0466 0.0520 0.0800 0.4072 0.3717 
 543 0.0258 0.0939 0.1444 0.0426 0.1961 0.3200 0.1772 
 544 0.0121 0.0268 0.0682 0.0473 0.0966 0.4765 0.2724 
 545 0.0187 0.0352 0.0390 0.0407 0.1276 0.3159 0.4229 
 546 0.0297 0.0313 0.0876 0.0568 0.0932 0.4962 0.2052 
 547 0.0150 0.2194 0.0775 0.0369 0.1012 0.3626 0.1873 
 548 0.0108 0.0428 0.1663 0.0828 0.1269 0.4957 0.0746 
 549 0.0102 0.3956 0.0971 0.0447 0.0686 0.1083 0.2755 
 550 0.0166 0.0978 0.0443 0.0437 0.1246 0.2516 0.4214 
 551 0.0101 0.3123 0.2211 0.0567 0.0922 0.1361 0.1715 
 552 0.0088 0.0308 0.0903 0.0641 0.0762 0.6233 0.1066 
 553 0.0246 0.1583 0.1006 0.0377 0.1204 0.4542 0.1043 
 554 0.0156 0.0294 0.1468 0.1883 0.2171 0.2267 0.1759 
 555 0.0368 0.2299 0.1053 0.0613 0.1124 0.3639 0.0904 
 556 0.0110 0.0472 0.0765 0.0517 0.1090 0.5724 0.1322 
 557 0.0119 0.0908 0.0893 0.0434 0.1518 0.1435 0.4692 
 558 0.0067 0.0169 0.0378 0.0723 0.1594 0.0518 0.6552 
 559 0.0096 0.0245 0.0511 0.0800 0.4115 0.2965 0.1269 
 560 0.0143 0.0134 0.0294 0.0374 0.4128 0.0784 0.4143 
 561 0.0154 0.0170 0.0382 0.0630 0.2573 0.1263 0.4828 
 562 0.0174 0.0139 0.0296 0.1023 0.4240 0.1855 0.2274 
 563 0.0242 0.1848 0.0969 0.0492 0.3047 0.1014 0.2388 
 564 0.0113 0.0198 0.0678 0.1068 0.2752 0.4173 0.1017 
 565 0.0075 0.0168 0.0416 0.0850 0.1129 0.0680 0.6683 
 566 0.0094 0.0136 0.0317 0.0615 0.5575 0.0769 0.2494 
 567 0.0138 0.0161 0.0406 0.1068 0.3680 0.3666 0.0881 
 568 0.0076 0.0246 0.0554 0.0504 0.3355 0.1993 0.3272 
 569 0.0093 0.0226 0.0637 0.1868 0.3390 0.2060 0.1727 
 570 0.0067 0.0150 0.0338 0.3546 0.2901 0.0669 0.2330 
 571 0.0074 0.0222 0.0490 0.0452 0.6379 0.0958 0.1426 
 572 0.0171 0.1314 0.0668 0.0701 0.1048 0.4411 0.1687 
 573 0.0100 0.0359 0.0618 0.0815 0.2992 0.2811 0.2306 
 574 0.0114 0.0451 0.1112 0.3237 0.1643 0.1450 0.1993 
 575 0.0090 0.0516 0.0963 0.0503 0.3497 0.1524 0.2906 
 576 0.0180 0.0139 0.0327 0.0717 0.5926 0.0649 0.2062 
 577 0.0120 0.0559 0.0926 0.2716 0.2310 0.1396 0.1974 
 578 0.0177 0.0262 0.0484 0.0714 0.4252 0.1127 0.2983 
 579 0.0326 0.0153 0.0478 0.0742 0.2597 0.1649 0.4055 
 580 0.0098 0.0282 0.0681 0.1401 0.1826 0.1106 0.4607 
 581 0.0089 0.0236 0.0580 0.0843 0.2610 0.0912 0.4730 
 582 0.0075 0.0173 0.0325 0.0886 0.2298 0.0965 0.5277 
 583 0.0102 0.0214 0.0491 0.1629 0.5456 0.0885 0.1223 
 584 0.0088 0.0154 0.0375 0.0946 0.6076 0.0696 0.1663 
 585 0.0211 0.0198 0.0399 0.0722 0.3329 0.0935 0.4206 
 586 0.0091 0.0262 0.0526 0.0459 0.5557 0.1742 0.1363 
 587 0.0121 0.0166 0.0331 0.2380 0.2811 0.2115 0.2077 
 588 0.0139 0.0131 0.0460 0.0445 0.1082 0.7119 0.0625 
 589 0.0091 0.0148 0.0386 0.1563 0.2138 0.1290 0.4384 
 590 0.0132 0.0127 0.0467 0.0890 0.6007 0.1429 0.0946 
 591 0.0085 0.0203 0.0524 0.0500 0.6265 0.0990 0.1433 
 592 0.0091 0.0157 0.0369 0.0554 0.3304 0.2660 0.2864 
 593 0.0085 0.0281 0.0680 0.0633 0.3204 0.1788 0.3329 
 594 0.0144 0.0292 0.1143 0.1287 0.4508 0.1318 0.1308 
 595 0.0554 0.0122 0.0349 0.4123 0.2567 0.1004 0.1281 
 596 0.0130 0.0194 0.0671 0.0897 0.2469 0.3655 0.1984 
 597 0.0103 0.0227 0.2042 0.0393 0.4941 0.1326 0.0969 
 598 0.0065 0.0162 0.0367 0.3572 0.2118 0.0582 0.3133 
 599 0.0071 0.0142 0.0321 0.0729 0.5647 0.1284 0.1806 
 600 0.0108 0.0253 0.0767 0.1050 0.1416 0.1490 0.4916 
 601 0.0091 0.0146 0.0313 0.0596 0.2838 0.1164 0.4854 
 602 0.0183 0.0324 0.1216 0.1150 0.2782 0.2862 0.1481 
 603 0.0128 0.0242 0.1260 0.0882 0.3571 0.2688 0.1229 
 604 0.0277 0.0254 0.0923 0.1486 0.1331 0.1307 0.4421 
 605 0.0145 0.0243 0.0563 0.0768 0.2606 0.2095 0.3580 
 606 0.0120 0.0421 0.1062 0.1416 0.1818 0.3167 0.1997 
 607 0.0135 0.0403 0.1981 0.1683 0.1662 0.1784 0.2353 
 608 0.0076 0.0242 0.3878 0.0508 0.1350 0.1171 0.2775 
 609 0.0136 0.0387 0.0583 0.1564 0.1900 0.1352 0.4078 
 610 0.0117 0.0216 0.0536 0.0665 0.1168 0.1573 0.5725 
 611 0.0113 0.0324 0.1231 0.0864 0.2927 0.2896 0.1645 
 612 0.0090 0.0188 0.0463 0.1129 0.0965 0.0848 0.6316 
 613 0.0141 0.0235 0.0635 0.2859 0.1819 0.2500 0.1811 
 614 0.0156 0.0149 0.0401 0.4139 0.0916 0.1185 0.3055 
 615 0.0089 0.0215 0.0781 0.1708 0.1013 0.1436 0.4758 
 616 0.0102 0.0360 0.1404 0.2271 0.2448 0.1643 0.1772 
 617 0.0752 0.0184 0.0470 0.3253 0.1535 0.1587 0.2220 
 618 0.0278 0.0179 0.1873 0.1041 0.0840 0.1440 0.4349 
 619 0.0074 0.0410 0.0981 0.0656 0.2619 0.2649 0.2612 
 620 0.0109 0.0135 0.0298 0.0419 0.3709 0.3039 0.2291 
 621 0.0104 0.0210 0.0473 0.1259 0.4991 0.0748 0.2215 
 622 0.1060 0.0185 0.0984 0.1883 0.1165 0.2437 0.2285 
 623 0.0106 0.0211 0.0492 0.0935 0.4364 0.2047 0.1846 
 624 0.0087 0.0196 0.1892 0.0724 0.1094 0.0907 0.5101 
 625 0.0399 0.0322 0.1251 0.3008 0.1658 0.1044 0.2319 
 626 0.0090 0.0299 0.2568 0.0799 0.0680 0.2287 0.3277 
 627 0.0137 0.0212 0.0653 0.1200 0.3230 0.2339 0.2229 
 628 0.0249 0.0153 0.0714 0.1019 0.3431 0.3045 0.1390 
 629 0.0155 0.0220 0.0823 0.2075 0.3175 0.1800 0.1751 
 630 0.0163 0.0270 0.0655 0.1253 0.1584 0.1126 0.4951 
 631 0.0105 0.0213 0.0686 0.2188 0.2007 0.1850 0.2951 
 632 0.0154 0.0359 0.1670 0.1016 0.1024 0.4244 0.1534 
 633 0.0192 0.0260 0.1226 0.1285 0.1455 0.1396 0.4186 
 634 0.0088 0.0259 0.1353 0.1057 0.1981 0.3247 0.2013 
 635 0.0083 0.0679 0.2947 0.1368 0.1112 0.2062 0.1748 
 636 0.0099 0.0250 0.2080 0.0992 0.1438 0.1039 0.4102 
 637 0.0170 0.0387 0.0734 0.0841 0.1190 0.3730 0.2948 
 638 0.0107 0.0305 0.1149 0.1796 0.3228 0.1803 0.1613 
 639 0.0191 0.0220 0.1036 0.2407 0.1200 0.1710 0.3236 
 640 0.0248 0.0197 0.0722 0.0859 0.5162 0.0875 0.1937 
 641 0.0130 0.0229 0.0767 0.3565 0.2176 0.1816 0.1316 
 642 0.0116 0.1320 0.2179 0.0548 0.1174 0.2474 0.2189 
 643 0.0095 0.0551 0.5403 0.0441 0.1143 0.1054 0.1312 
 644 0.0116 0.0450 0.4388 0.0532 0.1718 0.1648 0.1149 
 645 0.0165 0.0347 0.3720 0.0727 0.0615 0.1432 0.2994 
 646 0.0310 0.0395 0.1000 0.0585 0.1873 0.3186 0.2651 
 647 0.0343 0.2123 0.1647 0.0598 0.1843 0.1837 0.1608 
 648 0.0381 0.0219 0.1910 0.2174 0.0801 0.3502 0.1013 
 649 0.0114 0.0744 0.0939 0.0500 0.1610 0.5105 0.0988 
 650 0.0126 0.0489 0.1286 0.0516 0.2801 0.3441 0.1340 
 651 0.0461 0.0257 0.3289 0.1132 0.2117 0.1855 0.0889 
 652 0.0098 0.0515 0.4412 0.0537 0.1441 0.1733 0.1264 
 653 0.0294 0.0647 0.2611 0.1466 0.0800 0.2738 0.1444 
 654 0.0343 0.2002 0.1288 0.0632 0.0927 0.3416 0.1392 
 655 0.0086 0.0563 0.4033 0.0362 0.2377 0.1143 0.1435 
 656 0.0370 0.0255 0.1801 0.0935 0.1040 0.3962 0.1637 
 657 0.0111 0.0295 0.1821 0.2380 0.1385 0.1415 0.2592 
 658 0.0087 0.0282 0.2049 0.0559 0.2504 0.1930 0.2590 
 659 0.0194 0.0500 0.2899 0.0994 0.1040 0.2842 0.1531 
 660 0.0088 0.0752 0.2770 0.0654 0.1166 0.3669 0.0901 
 661 0.0139 0.1041 0.2990 0.0495 0.0777 0.2868 0.1689 
 662 0.0147 0.0564 0.0742 0.0402 0.1558 0.5713 0.0873 
 663 0.0078 0.0265 0.3781 0.0731 0.1450 0.2681 0.1014 
 664 0.0126 0.0397 0.1895 0.0443 0.1995 0.1296 0.3850 
 665 0.0092 0.0217 0.1125 0.0539 0.1445 0.5711 0.0870 
 666 0.0088 0.0271 0.2915 0.0503 0.1164 0.3302 0.1758 
 667 0.1495 0.0220 0.1316 0.0784 0.2234 0.2043 0.1908 
 668 0.0117 0.0446 0.2992 0.0528 0.1333 0.2206 0.2379 
 669 0.0126 0.0338 0.1852 0.1322 0.1314 0.4098 0.0951 
 670 0.0066 0.0261 0.6124 0.0427 0.0762 0.1638 0.0722 
 671 0.0086 0.0790 0.3570 0.0466 0.1178 0.2826 0.1083 
 672 0.0073 0.2323 0.3713 0.0353 0.1277 0.1084 0.1178 
 673 0.0067 0.0436 0.7064 0.0510 0.0599 0.0714 0.0610 
 674 0.0103 0.0654 0.4164 0.0793 0.0820 0.2313 0.1154 
 675 0.0262 0.1192 0.5496 0.0395 0.0997 0.0955 0.0703 
 676 0.0074 0.1147 0.6321 0.0428 0.0597 0.0770 0.0663 
 677 0.0076 0.2342 0.1790 0.0396 0.0616 0.4110 0.0670 
 678 0.0081 0.1184 0.6151 0.0580 0.0736 0.0644 0.0625 
 679 0.0087 0.0246 0.6095 0.0844 0.0875 0.0854 0.0998 
 680 0.0131 0.0327 0.5926 0.0577 0.0618 0.1121 0.1300 
 681 0.0229 0.0411 0.1806 0.1146 0.0806 0.3423 0.2179 
 682 0.0098 0.1768 0.4603 0.0515 0.0623 0.1002 0.1391 
 683 0.0073 0.0485 0.6097 0.0404 0.0707 0.1548 0.0685 
 684 0.0084 0.2956 0.4281 0.0570 0.0694 0.0777 0.0638 
 685 0.0071 0.1046 0.6429 0.0381 0.0580 0.0885 0.0608 
 686 0.0090 0.2752 0.1545 0.0483 0.0710 0.3177 0.1244 
 687 0.0080 0.0373 0.3943 0.0435 0.1080 0.3210 0.0880 
 688 0.0082 0.1291 0.5111 0.0424 0.0951 0.1207 0.0933 
 689 0.0069 0.0280 0.7305 0.0390 0.0569 0.0796 0.0592 
 690 0.0074 0.1148 0.6315 0.0421 0.0605 0.0779 0.0658 
 691 0.0116 0.3228 0.2625 0.0802 0.0819 0.1447 0.0963 
 692 0.0080 0.0357 0.6241 0.0640 0.0958 0.0869 0.0854 
 693 0.0095 0.0638 0.5711 0.0407 0.1025 0.0777 0.1347 
 694 0.0066 0.0417 0.7198 0.0327 0.0557 0.0867 0.0569 
 695 0.0067 0.6209 0.1195 0.0362 0.0618 0.0826 0.0722 
 696 0.0084 0.1285 0.5131 0.0430 0.0931 0.1212 0.0926 
 697 0.0070 0.0269 0.6814 0.0426 0.0573 0.1156 0.0692 
 698 0.0072 0.0747 0.6578 0.0412 0.0601 0.0920 0.0669 
 699 0.0070 0.4995 0.1262 0.0344 0.0598 0.1978 0.0753 
 700 0.0125 0.1227 0.3863 0.0379 0.0672 0.1782 0.1952 
 701 0.0094 0.1606 0.3805 0.1170 0.0806 0.1422 0.1098 
 702 0.0095 0.0707 0.3981 0.0464 0.0848 0.1946 0.1959 
 703 0.0094 0.1135 0.4879 0.0516 0.0635 0.1307 0.1434 
 704 0.0072 0.0538 0.5582 0.0381 0.0862 0.1643 0.0922 
 705 0.0197 0.0352 0.3048 0.0675 0.0782 0.3072 0.1873 
 706 0.0105 0.2666 0.3255 0.0577 0.0596 0.1651 0.1151 
 707 0.0078 0.0585 0.5903 0.0557 0.0580 0.1607 0.0690 
 708 0.0114 0.1149 0.5928 0.0443 0.0607 0.1092 0.0666 
 709 0.0087 0.5270 0.1721 0.0353 0.0563 0.1192 0.0814 
 710 0.0072 0.5219 0.2403 0.0381 0.0551 0.0787 0.0587 
 711 0.0097 0.0496 0.4067 0.0489 0.0588 0.3012 0.1251 
 712 0.0110 0.3563 0.1883 0.0365 0.0552 0.2921 0.0606 
 713 0.0084 0.1135 0.5179 0.0382 0.0911 0.1467 0.0842 
 714 0.0191 0.0824 0.4706 0.0961 0.0876 0.1399 0.1042 
 715 0.0072 0.4452 0.2267 0.0356 0.0539 0.1700 0.0613 
 716 0.0086 0.5494 0.1557 0.0423 0.0558 0.0899 0.0985 
 717 0.0071 0.0753 0.6546 0.0345 0.0538 0.1106 0.0640 
 718 0.0155 0.0452 0.4424 0.0529 0.0650 0.2533 0.1257 
 719 0.0076 0.5776 0.1506 0.0351 0.0567 0.1131 0.0593 
 720 0.0130 0.0193 0.0493 0.1525 0.4514 0.1376 0.1770 
 721 0.0123 0.2450 0.1835 0.1385 0.1045 0.1661 0.1501 
 722 0.0125 0.0411 0.0666 0.3441 0.1763 0.1769 0.1825 
 723 0.0085 0.0195 0.0653 0.5546 0.1363 0.1003 0.1155 
 724 0.0089 0.0131 0.1929 0.3648 0.1639 0.1083 0.1482 
 725 0.0091 0.0187 0.2299 0.1446 0.2996 0.1867 0.1114 
 726 0.0085 0.0133 0.1312 0.3553 0.1516 0.2005 0.1396 
 727 0.0092 0.0226 0.2055 0.1893 0.1488 0.3182 0.1064 
