   1 0.3328 0.2653 0.4019 
   2 0.0421 0.0377 0.9202 
   3 0.6621 0.1504 0.1876 
   4 0.0352 0.7353 0.2295 
   5 0.0483 0.0322 0.9194 
   6 0.8542 0.0304 0.1154 
   7 0.1381 0.0284 0.8334 
   8 0.3036 0.2847 0.4117 
   9 0.5149 0.0941 0.3911 
  10 0.4552 0.1001 0.4447 
  11 0.2495 0.0319 0.7185 
  12 0.0627 0.0567 0.8805 
  13 0.1025 0.0518 0.8457 
  14 0.0777 0.1158 0.8065 
  15 0.0732 0.1584 0.7685 
  16 0.6648 0.0496 0.2856 
  17 0.2556 0.0567 0.6877 
  18 0.6112 0.1325 0.2563 
  19 0.5893 0.0423 0.3684 
  20 0.1048 0.0471 0.8481 
  21 0.1733 0.3078 0.5190 
  22 0.8240 0.0523 0.1237 
  23 0.0584 0.2772 0.6645 
  24 0.4918 0.1933 0.3149 
  25 0.1026 0.0240 0.8734 
  26 0.3156 0.1226 0.5617 
  27 0.2818 0.0862 0.6320 
  28 0.1640 0.2519 0.5842 
  29 0.0821 0.0436 0.8743 
  30 0.8393 0.0445 0.1162 
  31 0.1281 0.1014 0.7705 
  32 0.1713 0.1513 0.6774 
  33 0.6318 0.1468 0.2214 
  34 0.5486 0.0415 0.4098 
  35 0.5646 0.0613 0.3741 
  36 0.7266 0.1106 0.1628 
  37 0.1144 0.2427 0.6429 
  38 0.8647 0.0239 0.1114 
  39 0.7211 0.0429 0.2360 
  40 0.1373 0.5631 0.2995 
  41 0.6846 0.0875 0.2279 
  42 0.2206 0.6638 0.1157 
  43 0.0650 0.1715 0.7634 
  44 0.4514 0.0924 0.4561 
  45 0.6882 0.0441 0.2677 
  46 0.6937 0.0340 0.2723 
  47 0.6523 0.0683 0.2794 
  48 0.4616 0.1192 0.4192 
  49 0.5739 0.0765 0.3496 
  50 0.6957 0.0828 0.2216 
  51 0.4836 0.2361 0.2803 
  52 0.7451 0.0500 0.2049 
  53 0.8532 0.0504 0.0965 
  54 0.0883 0.0897 0.8221 
  55 0.0551 0.0739 0.8709 
  56 0.6215 0.1136 0.2649 
  57 0.3126 0.1368 0.5506 
  58 0.2030 0.0895 0.7075 
  59 0.7135 0.0560 0.2305 
  60 0.1506 0.4416 0.4078 
  61 0.0351 0.2109 0.7541 
  62 0.5656 0.0501 0.3843 
  63 0.1815 0.1486 0.6699 
  64 0.8199 0.0296 0.1505 
  65 0.1444 0.0200 0.8357 
  66 0.0398 0.1712 0.7889 
  67 0.0601 0.0579 0.8820 
  68 0.6768 0.0806 0.2426 
  69 0.4495 0.1444 0.4061 
  70 0.2044 0.1302 0.6655 
  71 0.6691 0.0330 0.2980 
  72 0.7845 0.0430 0.1725 
  73 0.0894 0.0373 0.8733 
  74 0.6562 0.2174 0.1264 
  75 0.1983 0.6580 0.1437 
  76 0.1028 0.0520 0.8452 
  77 0.7152 0.0519 0.2329 
  78 0.7981 0.0520 0.1498 
  79 0.1097 0.0303 0.8601 
  80 0.0852 0.6174 0.2975 
  81 0.1168 0.3743 0.5089 
  82 0.0429 0.0888 0.8683 
  83 0.1343 0.2446 0.6211 
  84 0.1006 0.1472 0.7522 
  85 0.1317 0.3230 0.5453 
  86 0.1222 0.0408 0.8370 
  87 0.0845 0.0371 0.8784 
  88 0.0492 0.1978 0.7529 
  89 0.0529 0.3695 0.5777 
  90 0.0547 0.0339 0.9114 
  91 0.0752 0.6833 0.2414 
  92 0.0688 0.0623 0.8689 
  93 0.0302 0.8958 0.0740 
  94 0.5731 0.0346 0.3922 
  95 0.0404 0.0780 0.8816 
  96 0.0376 0.3922 0.5702 
  97 0.3546 0.4661 0.1794 
  98 0.1831 0.1355 0.6815 
  99 0.0797 0.1130 0.8073 
 100 0.0271 0.8279 0.1450 
 101 0.0489 0.0620 0.8891 
 102 0.0917 0.3498 0.5585 
 103 0.0345 0.1174 0.8481 
 104 0.0500 0.0343 0.9158 
 105 0.0314 0.0651 0.9035 
 106 0.4063 0.0162 0.5775 
 107 0.0443 0.0616 0.8940 
 108 0.0970 0.0409 0.8622 
 109 0.2208 0.0171 0.7621 
 110 0.4643 0.0205 0.5153 
 111 0.0580 0.0209 0.9211 
 112 0.2819 0.0194 0.6987 
 113 0.1377 0.0762 0.7862 
 114 0.0465 0.0417 0.9118 
 115 0.0494 0.0367 0.9139 
 116 0.2780 0.0209 0.7011 
 117 0.2942 0.0308 0.6750 
 118 0.0398 0.0257 0.9345 
 119 0.0662 0.3609 0.5729 
 120 0.0660 0.0306 0.9034 
 121 0.0763 0.0336 0.8901 
 122 0.3140 0.0232 0.6629 
 123 0.1219 0.0321 0.8460 
 124 0.5917 0.0310 0.3773 
 125 0.7005 0.0360 0.2635 
 126 0.2627 0.0447 0.6926 
 127 0.0489 0.0237 0.9273 
 128 0.0380 0.0278 0.9341 
 129 0.0310 0.0227 0.9463 
 130 0.0547 0.0432 0.9021 
 131 0.6255 0.0286 0.3459 
 132 0.1842 0.0211 0.7947 
 133 0.0573 0.0327 0.9100 
 134 0.5258 0.0134 0.4607 
 135 0.0406 0.7643 0.1951 
 136 0.0333 0.8776 0.0891 
 137 0.0315 0.8475 0.1211 
 138 0.0305 0.9159 0.0536 
 139 0.0611 0.6107 0.3282 
 140 0.1091 0.6346 0.2563 
 141 0.0564 0.8545 0.0891 
 142 0.0348 0.8236 0.1417 
 143 0.0208 0.9294 0.0498 
 144 0.0287 0.8592 0.1121 
 145 0.0851 0.7184 0.1964 
 146 0.0916 0.5648 0.3436 
 147 0.0244 0.9247 0.0509 
 148 0.0444 0.7735 0.1821 
 149 0.0360 0.8983 0.0657 
 150 0.0439 0.6383 0.3178 
 151 0.0280 0.8789 0.0931 
 152 0.0539 0.6948 0.2513 
 153 0.0466 0.8731 0.0803 
 154 0.0291 0.8744 0.0965 
 155 0.0250 0.9083 0.0666 
 156 0.0254 0.8723 0.1024 
 157 0.0560 0.7618 0.1822 
 158 0.0825 0.7637 0.1538 
 159 0.0225 0.9204 0.0570 
 160 0.0232 0.9133 0.0635 
 161 0.0614 0.7966 0.1421 
 162 0.1056 0.4521 0.4423 
 163 0.0237 0.9161 0.0602 
 164 0.0585 0.4118 0.5297 
 165 0.0375 0.7234 0.2391 
 166 0.0685 0.6421 0.2894 
 167 0.0474 0.7483 0.2044 
 168 0.0524 0.8577 0.0899 
 169 0.4575 0.4301 0.1123 
 170 0.0295 0.8606 0.1099 
 171 0.0554 0.6449 0.2997 
 172 0.1395 0.7970 0.0634 
 173 0.0228 0.9095 0.0677 
 174 0.0307 0.8887 0.0806 
 175 0.0298 0.9063 0.0640 
 176 0.0276 0.8643 0.1081 
 177 0.1256 0.5878 0.2866 
 178 0.0444 0.8394 0.1162 
 179 0.0220 0.9267 0.0513 
 180 0.0812 0.7390 0.1797 
 181 0.0452 0.8253 0.1295 
 182 0.0221 0.8559 0.1221 
 183 0.0245 0.9117 0.0638 
 184 0.0976 0.0475 0.8549 
 185 0.0183 0.9282 0.0535 
 186 0.0832 0.0398 0.8770 
 187 0.0635 0.3810 0.5555 
 188 0.0611 0.0278 0.9112 
 189 0.2276 0.3375 0.4349 
 190 0.0217 0.7480 0.2303 
 191 0.0376 0.0858 0.8766 
 192 0.0588 0.2582 0.6830 
 193 0.0697 0.2210 0.7093 
 194 0.0489 0.2365 0.7146 
 195 0.0233 0.8596 0.1171 
 196 0.0392 0.4051 0.5557 
 197 0.2172 0.1069 0.6759 
 198 0.1001 0.1187 0.7812 
 199 0.0355 0.3647 0.5998 
 200 0.0629 0.2252 0.7120 
 201 0.0305 0.8462 0.1233 
 202 0.0215 0.7997 0.1788 
 203 0.0265 0.8247 0.1488 
 204 0.0259 0.5185 0.4556 
 205 0.0481 0.1305 0.8214 
 206 0.0321 0.4322 0.5357 
 207 0.0280 0.1009 0.8712 
 208 0.0398 0.4955 0.4648 
 209 0.0477 0.1355 0.8168 
 210 0.0357 0.4345 0.5298 
 211 0.0259 0.1631 0.8110 
 212 0.0411 0.8290 0.1299 
 213 0.0703 0.1380 0.7917 
 214 0.0285 0.8460 0.1256 
 215 0.0365 0.0579 0.9055 
 216 0.1062 0.0718 0.8221 
 217 0.0394 0.8126 0.1479 
 218 0.0473 0.1879 0.7647 
 219 0.1901 0.2622 0.5478 
 220 0.0304 0.1085 0.8611 
 221 0.0194 0.9211 0.0595 
 222 0.2010 0.1200 0.6790 
 223 0.0826 0.5416 0.3758 
 224 0.0296 0.6913 0.2791 
 225 0.0420 0.3118 0.6462 
 226 0.1594 0.1787 0.6619 
 227 0.0287 0.4707 0.5006 
 228 0.0228 0.8487 0.1285 
 229 0.0382 0.6874 0.2744 
 230 0.0327 0.5421 0.4252 
 231 0.0576 0.5780 0.3644 
 232 0.0841 0.4082 0.5077 
 233 0.0271 0.8742 0.0988 
 234 0.0800 0.1868 0.7332 
 235 0.0861 0.4473 0.4666 
 236 0.0554 0.5666 0.3780 
 237 0.0295 0.1723 0.7981 
 238 0.0369 0.7862 0.1769 
 239 0.0235 0.8584 0.1181 
 240 0.0373 0.7799 0.1827 
 241 0.0284 0.8330 0.1386 
 242 0.1013 0.3314 0.5673 
 243 0.0273 0.5407 0.4320 
 244 0.0283 0.7847 0.1869 
 245 0.0242 0.8950 0.0808 
 246 0.0391 0.8131 0.1479 
 247 0.1176 0.0350 0.8474 
 248 0.0330 0.0410 0.9260 
 249 0.0347 0.6792 0.2861 
 250 0.0518 0.3431 0.6050 
 251 0.0856 0.0842 0.8302 
 252 0.0568 0.4605 0.4828 
 253 0.0592 0.0767 0.8641 
 254 0.1303 0.1584 0.7112 
 255 0.0734 0.2231 0.7035 
 256 0.0378 0.6738 0.2885 
 257 0.0361 0.1780 0.7859 
 258 0.0453 0.0918 0.8629 
 259 0.0360 0.1324 0.8316 
 260 0.1388 0.3234 0.5378 
 261 0.0539 0.6862 0.2599 
 262 0.0250 0.8671 0.1079 
 263 0.0474 0.1322 0.8204 
 264 0.6797 0.0297 0.2907 
 265 0.0879 0.2504 0.6617 
 266 0.0202 0.9131 0.0667 
 267 0.0472 0.2718 0.6810 
 268 0.0394 0.4098 0.5508 
 269 0.1855 0.2710 0.5435 
 270 0.0840 0.0803 0.8357 
 271 0.0391 0.0777 0.8831 
 272 0.0991 0.1037 0.7972 
 273 0.1050 0.5437 0.3513 
 274 0.0718 0.1209 0.8073 
 275 0.1029 0.2670 0.6300 
 276 0.0795 0.0910 0.8294 
 277 0.0871 0.4402 0.4726 
 278 0.0387 0.0948 0.8666 
 279 0.0596 0.2823 0.6581 
 280 0.2098 0.2705 0.5196 
 281 0.0521 0.1261 0.8218 
 282 0.0688 0.6789 0.2523 
 283 0.0344 0.8125 0.1531 
 284 0.0527 0.2680 0.6793 
 285 0.0650 0.0281 0.9069 
 286 0.0288 0.7806 0.1906 
 287 0.1147 0.2190 0.6663 
 288 0.1041 0.1092 0.7868 
 289 0.0993 0.1519 0.7488 
 290 0.3787 0.1900 0.4313 
 291 0.0400 0.0754 0.8845 
 292 0.1564 0.4652 0.3784 
 293 0.5850 0.0827 0.3323 
 294 0.0568 0.1183 0.8249 
 295 0.0854 0.1832 0.7315 
 296 0.0341 0.1116 0.8543 
 297 0.2432 0.1223 0.6345 
 298 0.0722 0.4807 0.4471 
 299 0.0732 0.1143 0.8125 
 300 0.0566 0.1187 0.8247 
 301 0.1361 0.0775 0.7864 
 302 0.0492 0.1258 0.8250 
 303 0.0555 0.7313 0.2132 
 304 0.1910 0.4076 0.4014 
 305 0.0289 0.7562 0.2149 
 306 0.0529 0.7696 0.1775 
 307 0.0501 0.2300 0.7199 
 308 0.0531 0.6974 0.2495 
 309 0.0501 0.1347 0.8152 
 310 0.0307 0.7289 0.2404 
 311 0.0325 0.5439 0.4236 
 312 0.0274 0.1142 0.8583 
 313 0.0264 0.0620 0.9116 
 314 0.0215 0.9352 0.0433 
 315 0.0287 0.9151 0.0562 
 316 0.0317 0.9099 0.0583 
 317 0.0222 0.9335 0.0443 
 318 0.0240 0.9337 0.0423 
 319 0.0216 0.9267 0.0517 
 320 0.0214 0.9355 0.0431 
 321 0.0249 0.9297 0.0454 
 322 0.0307 0.9087 0.0606 
 323 0.0234 0.9295 0.0472 
 324 0.0248 0.9287 0.0465 
 325 0.0331 0.9139 0.0529 
 326 0.0321 0.9183 0.0496 
 327 0.0226 0.9333 0.0441 
 328 0.0313 0.9043 0.0644 
 329 0.0221 0.9325 0.0454 
 330 0.0230 0.9328 0.0442 
 331 0.0224 0.9305 0.0471 
 332 0.0395 0.9044 0.0561 
 333 0.0279 0.9199 0.0522 
 334 0.0316 0.9043 0.0641 
 335 0.0282 0.9137 0.0581 
 336 0.0264 0.9295 0.0441 
 337 0.0353 0.9051 0.0596 
 338 0.0257 0.9309 0.0434 
 339 0.0219 0.9313 0.0468 
 340 0.0200 0.9361 0.0439 
 341 0.0224 0.9328 0.0448 
 342 0.0231 0.9338 0.0431 
 343 0.0322 0.9067 0.0610 
 344 0.0216 0.9350 0.0434 
 345 0.0235 0.9317 0.0448 
 346 0.0211 0.9373 0.0416 
 347 0.0203 0.9380 0.0418 
 348 0.0265 0.9158 0.0577 
 349 0.0234 0.9321 0.0446 
 350 0.0217 0.9280 0.0503 
 351 0.0286 0.9148 0.0566 
 352 0.0320 0.9120 0.0560 
 353 0.0262 0.9294 0.0444 
 354 0.0224 0.9312 0.0464 
 355 0.0232 0.9337 0.0431 
 356 0.0276 0.9118 0.0606 
 357 0.1963 0.5201 0.2835 
 358 0.0322 0.9118 0.0560 
 359 0.0226 0.9308 0.0466 
 360 0.0219 0.9363 0.0418 
 361 0.1988 0.4204 0.3809 
 362 0.3033 0.0587 0.6380 
 363 0.6614 0.0322 0.3064 
 364 0.2308 0.3156 0.4536 
 365 0.7482 0.0316 0.2202 
 366 0.5400 0.1370 0.3230 
 367 0.6148 0.0158 0.3693 
 368 0.0639 0.0292 0.9068 
 369 0.2177 0.3997 0.3827 
 370 0.0590 0.0465 0.8944 
 371 0.2914 0.0878 0.6208 
 372 0.0806 0.1130 0.8064 
 373 0.1704 0.0501 0.7795 
 374 0.2989 0.2903 0.4108 
 375 0.5786 0.0246 0.3968 
 376 0.9162 0.0176 0.0661 
 377 0.4499 0.0480 0.5022 
 378 0.0956 0.0936 0.8108 
 379 0.9253 0.0171 0.0576 
 380 0.7904 0.1104 0.0991 
 381 0.8537 0.0710 0.0753 
 382 0.5101 0.0272 0.4628 
 383 0.8271 0.0893 0.0836 
 384 0.7444 0.0608 0.1948 
 385 0.1213 0.0837 0.7950 
 386 0.5578 0.0276 0.4147 
 387 0.6031 0.0282 0.3687 
 388 0.1850 0.1770 0.6380 
 389 0.0507 0.0405 0.9089 
 390 0.6844 0.0311 0.2844 
 391 0.1191 0.0583 0.8226 
 392 0.8229 0.0485 0.1286 
 393 0.8773 0.0607 0.0620 
 394 0.1578 0.1623 0.6799 
 395 0.6366 0.0528 0.3106 
 396 0.5070 0.0184 0.4746 
 397 0.2498 0.1400 0.6102 
 398 0.8831 0.0176 0.0993 
 399 0.1679 0.0238 0.8083 
 400 0.7107 0.0334 0.2559 
 401 0.3650 0.0409 0.5941 
 402 0.1078 0.0619 0.8303 
 403 0.1638 0.3427 0.4935 
 404 0.6333 0.0664 0.3003 
 405 0.3829 0.0716 0.5455 
 406 0.6497 0.1970 0.1533 
 407 0.8971 0.0185 0.0844 
 408 0.0558 0.0198 0.9244 
 409 0.3848 0.4929 0.1223 
 410 0.7571 0.0540 0.1889 
 411 0.6708 0.1978 0.1314 
 412 0.0928 0.0282 0.8790 
 413 0.0846 0.0793 0.8361 
 414 0.0870 0.0202 0.8928 
 415 0.8529 0.0290 0.1181 
 416 0.6425 0.0457 0.3117 
 417 0.8528 0.0251 0.1221 
 418 0.4851 0.0198 0.4951 
 419 0.4231 0.1525 0.4243 
 420 0.4196 0.0301 0.5502 
 421 0.7059 0.0293 0.2648 
 422 0.6705 0.0497 0.2798 
 423 0.7671 0.0385 0.1944 
 424 0.1753 0.0513 0.7734 
 425 0.5018 0.0575 0.4407 
 426 0.1380 0.0453 0.8167 
 427 0.8167 0.0716 0.1118 
 428 0.5507 0.1909 0.2584 
 429 0.8816 0.0162 0.1022 
 430 0.8779 0.0239 0.0982 
 431 0.1338 0.0356 0.8306 
 432 0.0711 0.0355 0.8934 
 433 0.0486 0.1888 0.7626 
 434 0.2853 0.1081 0.6066 
 435 0.8731 0.0185 0.1084 
 436 0.9012 0.0293 0.0695 
 437 0.8731 0.0203 0.1066 
 438 0.7545 0.0614 0.1842 
 439 0.9107 0.0251 0.0643 
 440 0.8916 0.0154 0.0930 
 441 0.6728 0.0743 0.2528 
 442 0.8203 0.0211 0.1585 
 443 0.5987 0.0215 0.3798 
 444 0.8423 0.0208 0.1369 
 445 0.7569 0.1234 0.1197 
 446 0.8792 0.0212 0.0996 
 447 0.6878 0.0490 0.2632 
 448 0.7277 0.0229 0.2494 
 449 0.6712 0.0427 0.2862 
 450 0.8214 0.0328 0.1457 
 451 0.0836 0.0163 0.9001 
 452 0.8548 0.0287 0.1165 
 453 0.1028 0.0766 0.8207 
 454 0.6667 0.0519 0.2814 
 455 0.8633 0.0234 0.1133 
 456 0.8339 0.0218 0.1443 
 457 0.8916 0.0220 0.0864 
 458 0.9046 0.0236 0.0718 
 459 0.6935 0.0657 0.2408 
 460 0.8436 0.0194 0.1370 
 461 0.7957 0.0189 0.1854 
 462 0.8548 0.0163 0.1289 
 463 0.5560 0.0843 0.3597 
 464 0.7325 0.0202 0.2473 
 465 0.4602 0.0298 0.5100 
 466 0.5141 0.0258 0.4600 
 467 0.7582 0.0531 0.1887 
 468 0.8998 0.0204 0.0798 
 469 0.9209 0.0206 0.0585 
 470 0.8943 0.0184 0.0873 
 471 0.4208 0.0416 0.5376 
 472 0.5440 0.0319 0.4241 
 473 0.4881 0.0501 0.4618 
 474 0.8276 0.0317 0.1407 
 475 0.5512 0.0454 0.4034 
 476 0.9005 0.0246 0.0749 
 477 0.1412 0.0409 0.8179 
 478 0.1519 0.0196 0.8285 
 479 0.8390 0.0182 0.1428 
 480 0.9133 0.0205 0.0662 
 481 0.4675 0.0248 0.5077 
 482 0.9065 0.0172 0.0763 
 483 0.8811 0.0257 0.0932 
 484 0.8138 0.0350 0.1513 
 485 0.8950 0.0203 0.0847 
 486 0.0529 0.0358 0.9113 
 487 0.0679 0.0899 0.8422 
 488 0.0408 0.0430 0.9162 
 489 0.0821 0.1804 0.7375 
 490 0.0746 0.0216 0.9038 
 491 0.0476 0.1028 0.8495 
 492 0.0526 0.1698 0.7776 
 493 0.0429 0.0405 0.9166 
 494 0.1172 0.0764 0.8065 
 495 0.0789 0.0661 0.8550 
 496 0.0635 0.3918 0.5448 
 497 0.0447 0.0739 0.8814 
 498 0.0630 0.0416 0.8955 
 499 0.0566 0.2429 0.7005 
 500 0.1779 0.0464 0.7756 
 501 0.2113 0.1287 0.6600 
 502 0.0876 0.1236 0.7888 
 503 0.4957 0.0300 0.4743 
 504 0.0425 0.0295 0.9281 
 505 0.0481 0.0948 0.8571 
 506 0.0715 0.1142 0.8143 
 507 0.0265 0.8611 0.1124 
 508 0.0283 0.6984 0.2734 
 509 0.0440 0.2053 0.7507 
 510 0.2252 0.2464 0.5284 
 511 0.5670 0.0365 0.3965 
 512 0.6529 0.0220 0.3251 
 513 0.0225 0.0421 0.9354 
 514 0.0581 0.0378 0.9041 
 515 0.6301 0.1400 0.2299 
 516 0.0392 0.0387 0.9221 
 517 0.2310 0.1304 0.6386 
 518 0.1476 0.2503 0.6021 
 519 0.0683 0.0368 0.8950 
 520 0.2175 0.5155 0.2670 
 521 0.0692 0.4218 0.5089 
 522 0.6591 0.0619 0.2790 
 523 0.0621 0.2374 0.7006 
 524 0.4649 0.0743 0.4608 
 525 0.3035 0.3018 0.3947 
 526 0.7167 0.1273 0.1560 
 527 0.1713 0.0351 0.7936 
 528 0.0408 0.7826 0.1766 
 529 0.0765 0.0965 0.8270 
 530 0.5665 0.0752 0.3583 
 531 0.2335 0.4674 0.2990 
 532 0.1422 0.2407 0.6171 
 533 0.3762 0.0665 0.5573 
 534 0.0337 0.0973 0.8691 
 535 0.2966 0.0731 0.6303 
 536 0.5093 0.2564 0.2343 
 537 0.0691 0.6512 0.2797 
 538 0.1080 0.3875 0.5045 
 539 0.0283 0.8916 0.0801 
 540 0.1423 0.4220 0.4356 
 541 0.0912 0.6561 0.2527 
 542 0.6523 0.1215 0.2262 
 543 0.0474 0.2182 0.7344 
 544 0.2360 0.2016 0.5624 
 545 0.6162 0.0542 0.3296 
 546 0.1310 0.3409 0.5281 
 547 0.0930 0.3925 0.5144 
 548 0.0516 0.3420 0.6064 
 549 0.1988 0.7158 0.0854 
 550 0.5741 0.1006 0.3253 
 551 0.0744 0.7727 0.1528 
 552 0.1030 0.5125 0.3845 
 553 0.0383 0.4139 0.5477 
 554 0.2719 0.1657 0.5625 
 555 0.0577 0.5598 0.3825 
 556 0.0878 0.3142 0.5980 
 557 0.6448 0.1191 0.2361 
 558 0.9106 0.0170 0.0724 
 559 0.0581 0.0325 0.9094 
 560 0.7582 0.0162 0.2255 
 561 0.4324 0.0218 0.5458 
 562 0.2292 0.0164 0.7544 
 563 0.1535 0.0957 0.7509 
 564 0.0695 0.0438 0.8867 
 565 0.8999 0.0217 0.0784 
 566 0.2891 0.0160 0.6949 
 567 0.0440 0.0264 0.9296 
 568 0.2270 0.0390 0.7340 
 569 0.2829 0.0542 0.6629 
 570 0.8827 0.0158 0.1015 
 571 0.0855 0.0235 0.8910 
 572 0.1188 0.3377 0.5435 
 573 0.0898 0.0416 0.8686 
 574 0.4690 0.0912 0.4397 
 575 0.2328 0.0602 0.7070 
 576 0.1780 0.0152 0.8068 
 577 0.4317 0.0755 0.4928 
 578 0.2539 0.0288 0.7173 
 579 0.3809 0.0277 0.5914 
 580 0.6198 0.0473 0.3329 
 581 0.6133 0.0338 0.3528 
 582 0.8637 0.0180 0.1184 
 583 0.2122 0.0240 0.7638 
 584 0.1427 0.0185 0.8388 
 585 0.4455 0.0241 0.5304 
 586 0.0760 0.0300 0.8940 
 587 0.6936 0.0193 0.2870 
 588 0.0252 0.0358 0.9389 
 589 0.6980 0.0209 0.2812 
 590 0.0628 0.0206 0.9167 
 591 0.0713 0.0257 0.9030 
 592 0.2805 0.0244 0.6951 
 593 0.2617 0.0483 0.6901 
 594 0.0571 0.0438 0.8992 
 595 0.4256 0.0172 0.5572 
 596 0.0943 0.0455 0.8602 
 597 0.0588 0.1055 0.8357 
 598 0.9058 0.0168 0.0774 
 599 0.3630 0.0174 0.6196 
 600 0.5649 0.0606 0.3744 
 601 0.6385 0.0185 0.3430 
 602 0.0556 0.0857 0.8587 
 603 0.0532 0.0737 0.8731 
 604 0.6712 0.0727 0.2561 
 605 0.2376 0.0349 0.7275 
 606 0.1909 0.1397 0.6694 
 607 0.1727 0.1913 0.6359 
 608 0.2458 0.4395 0.3147 
 609 0.5358 0.0429 0.4213 
 610 0.7928 0.0381 0.1691 
 611 0.0646 0.0733 0.8621 
 612 0.8961 0.0250 0.0790 
 613 0.1713 0.0448 0.7839 
 614 0.8665 0.0245 0.1089 
 615 0.8383 0.0512 0.1105 
 616 0.1488 0.1218 0.7294 
 617 0.4009 0.0296 0.5695 
 618 0.6950 0.1424 0.1626 
 619 0.1229 0.0849 0.7922 
 620 0.1690 0.0206 0.8104 
 621 0.1657 0.0247 0.8096 
 622 0.5692 0.1122 0.3186 
 623 0.0839 0.0285 0.8876 
 624 0.8057 0.0876 0.1067 
 625 0.6165 0.1047 0.2788 
 626 0.3115 0.6001 0.0884 
 627 0.1062 0.0376 0.8562 
 628 0.0780 0.0351 0.8868 
 629 0.1400 0.0473 0.8127 
 630 0.7528 0.0355 0.2117 
 631 0.5147 0.0502 0.4350 
 632 0.1211 0.3154 0.5635 
 633 0.5220 0.0818 0.3962 
 634 0.1415 0.1258 0.7327 
 635 0.1324 0.5428 0.3248 
 636 0.5606 0.1875 0.2519 
 637 0.2989 0.1120 0.5891 
 638 0.0998 0.0650 0.8352 
 639 0.4293 0.0759 0.4949 
 640 0.1307 0.0298 0.8395 
 641 0.2162 0.0461 0.7377 
 642 0.0919 0.6741 0.2340 
 643 0.0406 0.8616 0.0978 
 644 0.0419 0.7076 0.2504 
 645 0.2963 0.6222 0.0815 
 646 0.1329 0.0957 0.7714 
 647 0.0646 0.2925 0.6429 
 648 0.1500 0.3903 0.4597 
 649 0.0391 0.1876 0.7733 
 650 0.0454 0.1088 0.8458 
 651 0.0546 0.4205 0.5249 
 652 0.0604 0.6167 0.3230 
 653 0.1061 0.4429 0.4510 
 654 0.0870 0.6491 0.2639 
 655 0.0838 0.5537 0.3626 
 656 0.0944 0.2494 0.6562 
 657 0.3637 0.1435 0.4928 
 658 0.1799 0.1826 0.6375 
 659 0.0830 0.6297 0.2872 
 660 0.0392 0.7572 0.2035 
 661 0.0782 0.7619 0.1600 
 662 0.0317 0.1087 0.8596 
 663 0.0647 0.6627 0.2726 
 664 0.2926 0.2511 0.4564 
 665 0.0396 0.1227 0.8378 
 666 0.0671 0.6925 0.2404 
 667 0.0845 0.0551 0.8604 
 668 0.1383 0.5578 0.3038 
 669 0.0564 0.2763 0.6674 
 670 0.0245 0.9105 0.0650 
 671 0.0347 0.8004 0.1650 
 672 0.0583 0.7878 0.1539 
 673 0.0250 0.9239 0.0510 
 674 0.0468 0.8300 0.1232 
 675 0.0287 0.8609 0.1104 
 676 0.0231 0.9274 0.0495 
 677 0.0212 0.9182 0.0606 
 678 0.0239 0.9191 0.0570 
 679 0.0467 0.8535 0.0998 
 680 0.0403 0.8885 0.0712 
 681 0.1463 0.4958 0.3579 
 682 0.0417 0.8970 0.0613 
 683 0.0237 0.9184 0.0578 
 684 0.0247 0.9163 0.0590 
 685 0.0206 0.9321 0.0474 
 686 0.0413 0.8735 0.0852 
 687 0.0314 0.8277 0.1409 
 688 0.0300 0.8799 0.0901 
 689 0.0227 0.9283 0.0490 
 690 0.0236 0.9269 0.0495 
 691 0.0425 0.8644 0.0931 
 692 0.0353 0.8724 0.0923 
 693 0.0391 0.8783 0.0826 
 694 0.0184 0.9356 0.0460 
 695 0.0285 0.9154 0.0561 
 696 0.0306 0.8798 0.0896 
 697 0.0230 0.9250 0.0519 
 698 0.0232 0.9231 0.0537 
 699 0.0258 0.9120 0.0622 
 700 0.0631 0.8712 0.0657 
 701 0.0516 0.8093 0.1391 
 702 0.0548 0.8356 0.1096 
 703 0.0421 0.8895 0.0684 
 704 0.0276 0.8986 0.0738 
 705 0.0711 0.7392 0.1897 
 706 0.0346 0.9054 0.0600 
 707 0.0253 0.9171 0.0576 
 708 0.0221 0.9195 0.0584 
 709 0.0250 0.9244 0.0507 
 710 0.0204 0.9343 0.0453 
 711 0.0365 0.8966 0.0669 
 712 0.0194 0.9268 0.0538 
 713 0.0269 0.8922 0.0809 
 714 0.0494 0.8036 0.1470 
 715 0.0197 0.9347 0.0456 
 716 0.0354 0.9125 0.0521 
 717 0.0202 0.9344 0.0455 
 718 0.0360 0.8649 0.0991 
 719 0.0196 0.9305 0.0499 
 720 0.1356 0.0271 0.8373 
 721 0.1661 0.6060 0.2279 
 722 0.4987 0.0565 0.4448 
 723 0.6106 0.0492 0.3402 
 724 0.7513 0.1278 0.1209 
 725 0.1322 0.1591 0.7087 
 726 0.6964 0.0875 0.2160 
 727 0.1506 0.3919 0.4575 
 728 0.9255 0.0151 0.0595 
 729 0.9067 0.0169 0.0763 
 730 0.6590 0.0322 0.3088 
 731 0.8683 0.0337 0.0980 
 732 0.6175 0.0491 0.3333 
 733 0.8956 0.0217 0.0827 
 734 0.8978 0.0157 0.0865 
 735 0.9006 0.0269 0.0725 
 736 0.5669 0.0330 0.4001 
 737 0.5707 0.0417 0.3877 
 738 0.5978 0.0322 0.3700 
 739 0.9074 0.0194 0.0732 
 740 0.0499 0.7406 0.2095 
 741 0.1012 0.4988 0.4000 
 742 0.1929 0.1240 0.6831 
 743 0.1660 0.0631 0.7709 
 744 0.0551 0.1075 0.8374 
 745 0.1254 0.0232 0.8515 
 746 0.1728 0.1760 0.6512 
 747 0.0863 0.0436 0.8701 
 748 0.0561 0.4536 0.4903 
 749 0.0690 0.1656 0.7654 
 750 0.1067 0.1125 0.7808 
 751 0.0720 0.5160 0.4120 
 752 0.1230 0.0650 0.8121 
 753 0.2516 0.2277 0.5207 
 754 0.1254 0.3435 0.5310 
 755 0.0995 0.1167 0.7838 
 756 0.0449 0.1829 0.7722 
 757 0.0775 0.0885 0.8339 
 758 0.0424 0.0221 0.9356 
 759 0.1503 0.4832 0.3665 
 760 0.3490 0.0993 0.5517 
 761 0.5754 0.2500 0.1746 
 762 0.6981 0.0340 0.2679 
 763 0.2484 0.2285 0.5231 
 764 0.0702 0.0500 0.8799 
 765 0.6110 0.0562 0.3328 
 766 0.0961 0.3716 0.5323 
 767 0.1059 0.1635 0.7305 
 768 0.7030 0.0327 0.2643 
 769 0.6107 0.1703 0.2189 
 770 0.6253 0.0317 0.3431 
 771 0.0368 0.2010 0.7622 
 772 0.1356 0.2911 0.5734 
 773 0.0854 0.0716 0.8430 
 774 0.1041 0.5138 0.3822 
 775 0.7871 0.0542 0.1587 
 776 0.0947 0.0353 0.8701 
 777 0.1295 0.0867 0.7839 
 778 0.0788 0.1742 0.7470 
 779 0.0563 0.0877 0.8561 
 780 0.0690 0.3506 0.5804 
 781 0.0445 0.3446 0.6109 
 782 0.0571 0.0847 0.8582 
 783 0.1432 0.2376 0.6192 
 784 0.2579 0.0487 0.6934 
 785 0.0968 0.0930 0.8102 
 786 0.1058 0.4972 0.3970 
 787 0.0322 0.4312 0.5366 
 788 0.2053 0.0553 0.7393 
 789 0.2789 0.0549 0.6662 
 790 0.1335 0.2080 0.6585 
 791 0.1242 0.0859 0.7900 
 792 0.0367 0.5244 0.4389 
 793 0.1401 0.5483 0.3116 
 794 0.1217 0.1062 0.7721 
 795 0.1380 0.6253 0.2367 
 796 0.0668 0.1158 0.8174 
 797 0.0507 0.7883 0.1610 
 798 0.8410 0.0230 0.1360 
 799 0.0931 0.0466 0.8604 
 800 0.0259 0.6805 0.2936 
 801 0.8312 0.0454 0.1234 
 802 0.4906 0.2900 0.2195 
 803 0.1289 0.4359 0.4352 
 804 0.1705 0.1263 0.7031 
 805 0.0376 0.8750 0.0875 
 806 0.6306 0.1819 0.1875 
 807 0.0331 0.8682 0.0987 
 808 0.0564 0.5618 0.3818 
 809 0.6347 0.1470 0.2183 
 810 0.1538 0.1759 0.6703 
 811 0.1051 0.6352 0.2597 
 812 0.1533 0.0623 0.7844 
 813 0.8448 0.0261 0.1292 
 814 0.0424 0.0465 0.9111 
 815 0.4909 0.4026 0.1065 
 816 0.3386 0.4263 0.2351 
 817 0.4906 0.2875 0.2220 
 818 0.1240 0.0401 0.8359 
 819 0.0347 0.0758 0.8895 
 820 0.0534 0.0962 0.8503 
 821 0.1612 0.0497 0.7891 
 822 0.3166 0.0183 0.6651 
 823 0.5320 0.1580 0.3100 
 824 0.0982 0.0973 0.8045 
 825 0.2159 0.0360 0.7482 
 826 0.0510 0.0239 0.9252 
 827 0.4020 0.0360 0.5620 
 828 0.4799 0.0680 0.4522 
 829 0.7343 0.0633 0.2024 
 830 0.4041 0.0226 0.5733 
 831 0.2421 0.0940 0.6639 
 832 0.3237 0.1187 0.5576 
 833 0.5256 0.1093 0.3651 
 834 0.3442 0.0871 0.5687 
 835 0.0495 0.0248 0.9257 
 836 0.0751 0.0562 0.8687 
 837 0.5796 0.2282 0.1922 
 838 0.0602 0.0290 0.9108 
 839 0.2311 0.0354 0.7335 
 840 0.0428 0.1099 0.8473 
 841 0.0439 0.0715 0.8845 
 842 0.1147 0.0181 0.8672 
 843 0.0689 0.3407 0.5904 
 844 0.1342 0.1024 0.7634 
 845 0.0916 0.0223 0.8861 
 846 0.0652 0.0615 0.8733 
 847 0.0344 0.1053 0.8603 
 848 0.0357 0.0453 0.9190 
 849 0.1803 0.0332 0.7865 
 850 0.1052 0.0333 0.8615 
 851 0.0421 0.0279 0.9301 
 852 0.2300 0.5025 0.2674 
 853 0.2860 0.0290 0.6850 
 854 0.3887 0.1667 0.4446 
 855 0.0513 0.0467 0.9019 
 856 0.0651 0.0768 0.8581 
 857 0.1025 0.0464 0.8511 
 858 0.0904 0.0280 0.8816 
 859 0.1898 0.0313 0.7789 
 860 0.0437 0.0248 0.9315 
 861 0.0403 0.3984 0.5613 
 862 0.9180 0.0218 0.0602 
 863 0.8606 0.0517 0.0877 
 864 0.9094 0.0359 0.0547 
 865 0.9009 0.0155 0.0837 
 866 0.4245 0.0288 0.5468 
 867 0.8944 0.0349 0.0707 
 868 0.8422 0.0292 0.1286 
 869 0.4952 0.0302 0.4747 
 870 0.7984 0.0203 0.1813 
 871 0.8655 0.0182 0.1163 
 872 0.8877 0.0242 0.0881 
 873 0.9051 0.0290 0.0659 
 874 0.9054 0.0178 0.0769 
 875 0.4335 0.0367 0.5298 
 876 0.0849 0.0221 0.8929 
 877 0.9182 0.0249 0.0569 
 878 0.4399 0.0492 0.5110 
 879 0.8930 0.0336 0.0734 
 880 0.3695 0.0289 0.6017 
 881 0.8793 0.0323 0.0883 
 882 0.9036 0.0260 0.0704 
 883 0.1229 0.0364 0.8407 
 884 0.9013 0.0148 0.0840 
 885 0.7766 0.0617 0.1617 
 886 0.6551 0.0444 0.3004 
 887 0.8949 0.0184 0.0867 
 888 0.3447 0.1182 0.5370 
 889 0.9062 0.0153 0.0785 
 890 0.2777 0.0175 0.7047 
 891 0.0549 0.0267 0.9184 
 892 0.0699 0.0314 0.8987 
 893 0.2792 0.0558 0.6651 
 894 0.5253 0.0173 0.4575 
 895 0.8801 0.0190 0.1009 
 896 0.0416 0.0471 0.9112 
 897 0.0464 0.0264 0.9272 
 898 0.4764 0.0543 0.4693 
 899 0.4310 0.0147 0.5543 
 900 0.0585 0.0213 0.9202 
 901 0.0625 0.0227 0.9148 
 902 0.0437 0.0386 0.9176 
 903 0.6555 0.0242 0.3203 
 904 0.4267 0.0563 0.5169 
 905 0.7253 0.0177 0.2570 
 906 0.1521 0.0352 0.8127 
 907 0.1438 0.0360 0.8202 
 908 0.1376 0.0279 0.8344 
 909 0.1366 0.0387 0.8247 
 910 0.0615 0.0366 0.9019 
 911 0.7885 0.0155 0.1960 
 912 0.4642 0.0193 0.5165 
 913 0.5023 0.0189 0.4788 
 914 0.2814 0.1278 0.5908 
 915 0.1459 0.0154 0.8387 
 916 0.2002 0.0208 0.7790 
 917 0.2951 0.0227 0.6822 
 918 0.4743 0.1035 0.4222 
 919 0.6035 0.0513 0.3452 
 920 0.1345 0.0316 0.8339 
 921 0.0676 0.3220 0.6105 
 922 0.0972 0.0514 0.8514 
 923 0.0391 0.0900 0.8709 
 924 0.0373 0.0406 0.9220 
 925 0.0532 0.0720 0.8747 
 926 0.0265 0.2968 0.6767 
 927 0.0921 0.4036 0.5043 
 928 0.0310 0.5403 0.4287 
 929 0.0273 0.0728 0.9000 
 930 0.0513 0.1033 0.8454 
 931 0.3649 0.5281 0.1070 
 932 0.0346 0.0633 0.9022 
 933 0.0362 0.7264 0.2373 
 934 0.0269 0.0285 0.9446 
 935 0.0776 0.1901 0.7323 
 936 0.0750 0.1239 0.8011 
 937 0.0666 0.5828 0.3505 
 938 0.0269 0.5442 0.4289 
 939 0.0690 0.6724 0.2586 
 940 0.1039 0.2132 0.6829 
 941 0.1356 0.0565 0.8080 
 942 0.0662 0.3177 0.6161 
 943 0.0471 0.8438 0.1091 
 944 0.0650 0.5854 0.3495 
 945 0.0485 0.1000 0.8515 
 946 0.0532 0.1269 0.8199 
 947 0.0451 0.7023 0.2526 
 948 0.7031 0.0818 0.2151 
 949 0.4166 0.0499 0.5336 
 950 0.0319 0.5734 0.3947 
 951 0.0670 0.3615 0.5715 
 952 0.0846 0.2044 0.7111 
 953 0.0903 0.0963 0.8134 
 954 0.3561 0.1907 0.4532 
 955 0.0328 0.9046 0.0626 
 956 0.0244 0.8999 0.0757 
 957 0.1369 0.4761 0.3870 
 958 0.1205 0.0593 0.8202 
 959 0.0498 0.2338 0.7164 
 960 0.5582 0.0724 0.3695 
 961 0.0213 0.9308 0.0479 
 962 0.0271 0.0633 0.9096 
 963 0.1661 0.0611 0.7728 
 964 0.0920 0.0807 0.8273 
 965 0.0451 0.2882 0.6667 
 966 0.1207 0.2182 0.6611 
 967 0.0373 0.9019 0.0608 
 968 0.0313 0.0771 0.8916 
 969 0.2143 0.2120 0.5737 
 970 0.0414 0.7966 0.1620 
 971 0.0360 0.1625 0.8015 
 972 0.1624 0.2264 0.6112 
 973 0.0298 0.4791 0.4912 
 974 0.0763 0.0698 0.8538 
 975 0.2173 0.2126 0.5701 
 976 0.0369 0.1653 0.7977 
 977 0.1084 0.2854 0.6061 
 978 0.0362 0.3008 0.6630 
 979 0.0493 0.0621 0.8886 
 980 0.0377 0.3654 0.5968 
 981 0.0757 0.1689 0.7554 
 982 0.0855 0.0316 0.8828 
 983 0.3797 0.0450 0.5753 
 984 0.1833 0.6923 0.1244 
 985 0.0513 0.1269 0.8218 
 986 0.0722 0.0580 0.8698 
 987 0.0554 0.0248 0.9198 
 988 0.6997 0.0169 0.2834 
 989 0.0955 0.7527 0.1518 
 990 0.1719 0.0771 0.7509 
 991 0.0637 0.0991 0.8371 
 992 0.0323 0.0279 0.9399 
 993 0.5863 0.0404 0.3733 
 994 0.0584 0.2591 0.6825 
 995 0.0189 0.9245 0.0566 
 996 0.1438 0.0343 0.8219 
 997 0.0340 0.0678 0.8982 
 998 0.0595 0.0321 0.9085 
 999 0.0613 0.1343 0.8044 
1000 0.0586 0.0286 0.9128 
1001 0.1415 0.0391 0.8194 
1002 0.1181 0.0184 0.8634 
1003 0.0498 0.0785 0.8718 
1004 0.0393 0.0496 0.9111 
1005 0.0556 0.0295 0.9149 
1006 0.0683 0.1536 0.7781 
1007 0.0498 0.3097 0.6405 
1008 0.0502 0.5334 0.4164 
1009 0.1957 0.1512 0.6531 
1010 0.0592 0.1143 0.8265 
1011 0.0733 0.4808 0.4459 
1012 0.0975 0.0742 0.8284 
1013 0.0546 0.1010 0.8444 
1014 0.0865 0.0338 0.8798 
1015 0.0334 0.0461 0.9205 
1016 0.0510 0.0281 0.9209 
1017 0.0395 0.1581 0.8024 
1018 0.0605 0.1313 0.8082 
1019 0.0913 0.1202 0.7885 
1020 0.0287 0.8780 0.0933 
1021 0.0459 0.6479 0.3062 
1022 0.0495 0.1182 0.8324 
1023 0.1786 0.0428 0.7786 
1024 0.1477 0.0320 0.8203 
1025 0.0602 0.0628 0.8770 
1026 0.7262 0.1699 0.1039 
1027 0.6804 0.1504 0.1692 
1028 0.7310 0.0817 0.1873 
1029 0.0951 0.1194 0.7855 
1030 0.0891 0.5235 0.3874 
1031 0.4520 0.2596 0.2884 
1032 0.3495 0.3570 0.2936 
1033 0.4322 0.3043 0.2635 
1034 0.0848 0.1261 0.7891 
1035 0.0682 0.7644 0.1674 
1036 0.1494 0.5596 0.2910 
1037 0.0431 0.5747 0.3821 
1038 0.3749 0.4616 0.1635 
1039 0.1840 0.4670 0.3490 
1040 0.7130 0.1692 0.1178 
1041 0.7206 0.1195 0.1599 
1042 0.2173 0.5035 0.2792 
1043 0.4760 0.2733 0.2507 
1044 0.4674 0.1389 0.3937 
1045 0.7773 0.1358 0.0869 
1046 0.2120 0.4459 0.3421 
1047 0.0619 0.7723 0.1659 
1048 0.1180 0.0658 0.8163 
1049 0.0619 0.0409 0.8972 
1050 0.3705 0.0168 0.6127 
1051 0.1187 0.0183 0.8630 
1052 0.1444 0.0252 0.8304 
1053 0.1552 0.0282 0.8166 
1054 0.1100 0.0300 0.8599 
1055 0.0433 0.0244 0.9323 
1056 0.0684 0.0258 0.9058 
1057 0.8087 0.0223 0.1689 
1058 0.3385 0.0188 0.6427 
1059 0.3727 0.0358 0.5915 
1060 0.2737 0.0623 0.6640 
1061 0.0489 0.0215 0.9295 
1062 0.3786 0.0220 0.5995 
1063 0.0342 0.0640 0.9018 
1064 0.1952 0.0269 0.7779 
1065 0.1199 0.0398 0.8403 
1066 0.0461 0.0445 0.9095 
1067 0.2769 0.0206 0.7025 
1068 0.1199 0.1949 0.6852 
1069 0.0899 0.0156 0.8944 
1070 0.1353 0.0223 0.8424 
1071 0.1152 0.0676 0.8171 
1072 0.0957 0.0399 0.8643 
1073 0.2997 0.0257 0.6746 
1074 0.3074 0.0518 0.6408 
1075 0.2267 0.0373 0.7360 
1076 0.1885 0.0434 0.7682 
1077 0.8542 0.0195 0.1263 
1078 0.0668 0.0312 0.9020 
1079 0.2592 0.0269 0.7139 
1080 0.0830 0.0930 0.8240 
1081 0.1826 0.0190 0.7984 
1082 0.1371 0.0516 0.8113 
1083 0.1071 0.0345 0.8584 
1084 0.0955 0.0885 0.8161 
1085 0.1023 0.0142 0.8835 
1086 0.0373 0.0208 0.9418 
1087 0.0844 0.0147 0.9009 
1088 0.0692 0.0152 0.9156 
1089 0.5221 0.0168 0.4611 
1090 0.2812 0.0213 0.6975 
1091 0.0743 0.0305 0.8952 
1092 0.1875 0.0193 0.7933 
1093 0.0495 0.0479 0.9026 
1094 0.7597 0.0535 0.1868 
1095 0.8409 0.0177 0.1415 
1096 0.3482 0.0386 0.6132 
1097 0.7816 0.0153 0.2030 
1098 0.0395 0.0203 0.9402 
1099 0.0456 0.0834 0.8710 
1100 0.1245 0.0189 0.8566 
1101 0.0903 0.0169 0.8928 
1102 0.2155 0.0213 0.7632 
1103 0.1215 0.0374 0.8411 
1104 0.0647 0.0226 0.9127 
1105 0.0954 0.0226 0.8820 
1106 0.1280 0.0646 0.8074 
1107 0.1741 0.0335 0.7923 
1108 0.8457 0.0232 0.1311 
1109 0.7469 0.0228 0.2303 
1110 0.0475 0.5310 0.4215 
1111 0.0268 0.5557 0.4175 
1112 0.1115 0.8381 0.0503 
1113 0.2766 0.5282 0.1952 
1114 0.5022 0.1956 0.3022 
1115 0.1023 0.7240 0.1738 
1116 0.0474 0.8713 0.0813 
1117 0.6937 0.1526 0.1537 
1118 0.0486 0.8924 0.0590 
1119 0.5830 0.2683 0.1487 
1120 0.1326 0.7702 0.0972 
1121 0.3378 0.5739 0.0883 
1122 0.2323 0.3996 0.3680 
1123 0.2883 0.1990 0.5126 
1124 0.0484 0.8910 0.0606 
1125 0.1234 0.5981 0.2784 
1126 0.3520 0.5415 0.1064 
1127 0.2150 0.6948 0.0901 
1128 0.0398 0.8368 0.1235 
1129 0.2169 0.2304 0.5527 
1130 0.2072 0.2320 0.5608 
1131 0.7698 0.1027 0.1275 
1132 0.2061 0.7120 0.0820 
1133 0.0846 0.7885 0.1269 
1134 0.0327 0.8962 0.0711 
1135 0.4461 0.1046 0.4493 
1136 0.8071 0.0823 0.1106 
1137 0.0571 0.6777 0.2652 
1138 0.2420 0.3442 0.4138 
1139 0.0321 0.8906 0.0773 
1140 0.1480 0.3117 0.5403 
1141 0.1817 0.1963 0.6220 
1142 0.6854 0.1039 0.2108 
1143 0.0992 0.3031 0.5977 
1144 0.1365 0.5820 0.2815 
1145 0.4943 0.2475 0.2582 
1146 0.3479 0.4815 0.1705 
1147 0.2902 0.0764 0.6333 
1148 0.8314 0.0467 0.1218 
1149 0.1557 0.6014 0.2428 
1150 0.0891 0.3327 0.5783 
1151 0.1577 0.7553 0.0870 
1152 0.4123 0.1277 0.4601 
1153 0.7736 0.0713 0.1551 
1154 0.2970 0.4093 0.2937 
1155 0.1750 0.4635 0.3615 
1156 0.0752 0.7322 0.1926 
1157 0.6751 0.2256 0.0992 
1158 0.0868 0.7541 0.1591 
1159 0.0684 0.0219 0.9097 
1160 0.0655 0.0224 0.9120 
1161 0.0306 0.0342 0.9352 
1162 0.0775 0.1336 0.7889 
1163 0.0721 0.5200 0.4079 
1164 0.1124 0.0918 0.7958 
1165 0.0540 0.0273 0.9187 
1166 0.0446 0.1984 0.7570 
1167 0.0973 0.0209 0.8818 
1168 0.0951 0.0362 0.8686 
1169 0.1017 0.0547 0.8436 
1170 0.2936 0.0319 0.6745 
1171 0.2594 0.0701 0.6705 
1172 0.1136 0.0299 0.8564 
1173 0.0916 0.0353 0.8731 
1174 0.0532 0.0214 0.9254 
1175 0.0829 0.0315 0.8856 
1176 0.0666 0.0689 0.8645 
1177 0.8916 0.0190 0.0894 
1178 0.0573 0.0297 0.9131 
1179 0.4121 0.0190 0.5689 
1180 0.0984 0.0220 0.8796 
1181 0.0913 0.0375 0.8711 
1182 0.0510 0.0313 0.9177 
1183 0.2642 0.1068 0.6290 
1184 0.2454 0.0198 0.7348 
1185 0.3462 0.0348 0.6190 
1186 0.1700 0.0718 0.7582 
1187 0.4013 0.1063 0.4924 
1188 0.3926 0.0308 0.5766 
1189 0.0596 0.0647 0.8758 
1190 0.1053 0.0203 0.8744 
1191 0.3480 0.1857 0.4663 
1192 0.0350 0.0234 0.9416 
1193 0.1175 0.0930 0.7894 
1194 0.8886 0.0197 0.0917 
1195 0.0905 0.0208 0.8888 
1196 0.0674 0.0263 0.9063 
1197 0.2700 0.0187 0.7112 
1198 0.0462 0.0202 0.9336 
1199 0.1624 0.0352 0.8024 
1200 0.7029 0.0204 0.2767 
1201 0.0757 0.1913 0.7330 
1202 0.1053 0.0854 0.8093 
1203 0.0490 0.0212 0.9297 
1204 0.1410 0.0434 0.8157 
1205 0.1009 0.0265 0.8726 
1206 0.2620 0.6595 0.0785 
1207 0.3947 0.1116 0.4937 
1208 0.0244 0.6919 0.2837 
1209 0.0839 0.2673 0.6488 
1210 0.2372 0.1745 0.5882 
1211 0.1676 0.4431 0.3894 
1212 0.6047 0.2622 0.1331 
1213 0.0749 0.2143 0.7108 
1214 0.0797 0.2994 0.6209 
1215 0.0518 0.0816 0.8666 
1216 0.0478 0.0981 0.8541 
1217 0.6756 0.1957 0.1287 
1218 0.7569 0.0532 0.1899 
1219 0.3011 0.1942 0.5047 
1220 0.7577 0.0527 0.1896 
1221 0.0537 0.0972 0.8491 
1222 0.3118 0.3163 0.3719 
1223 0.8176 0.0623 0.1202 
1224 0.1072 0.0815 0.8113 
1225 0.6783 0.0855 0.2362 
1226 0.6878 0.1097 0.2025 
1227 0.1450 0.1398 0.7152 
1228 0.0526 0.3028 0.6446 
1229 0.0282 0.0600 0.9118 
1230 0.0630 0.6796 0.2574 
1231 0.0824 0.2164 0.7013 
1232 0.0322 0.0418 0.9259 
1233 0.2110 0.1600 0.6290 
1234 0.1190 0.3520 0.5290 
1235 0.0505 0.3082 0.6413 
1236 0.0231 0.1773 0.7996 
1237 0.0344 0.2575 0.7081 
1238 0.0339 0.3529 0.6132 
1239 0.0532 0.1161 0.8306 
1240 0.0281 0.1410 0.8308 
1241 0.0484 0.1837 0.7678 
1242 0.0316 0.5403 0.4281 
1243 0.1368 0.2868 0.5764 
1244 0.0267 0.5856 0.3877 
1245 0.0239 0.5394 0.4367 
1246 0.0919 0.3039 0.6041 
1247 0.0236 0.7525 0.2239 
1248 0.0382 0.4128 0.5490 
1249 0.1846 0.0860 0.7294 
1250 0.0314 0.0588 0.9098 
1251 0.0325 0.1079 0.8596 
1252 0.0274 0.0361 0.9365 
1253 0.0459 0.2309 0.7232 
1254 0.0330 0.0381 0.9289 
1255 0.0219 0.4121 0.5660 
1256 0.0489 0.6761 0.2749 
1257 0.0464 0.2106 0.7430 
1258 0.0296 0.0296 0.9408 
1259 0.0570 0.0532 0.8898 
1260 0.0283 0.2973 0.6744 
1261 0.0316 0.4321 0.5363 
1262 0.0340 0.1459 0.8201 
1263 0.0918 0.0942 0.8140 
1264 0.0341 0.0880 0.8779 
1265 0.0322 0.3697 0.5981 
1266 0.1381 0.2316 0.6303 
1267 0.0430 0.3184 0.6387 
1268 0.6384 0.0197 0.3419 
1269 0.7385 0.0207 0.2407 
1270 0.0625 0.0599 0.8776 
1271 0.2642 0.0273 0.7086 
1272 0.2463 0.0436 0.7102 
1273 0.0729 0.0384 0.8887 
1274 0.3028 0.0632 0.6341 
1275 0.1291 0.0266 0.8443 
1276 0.8465 0.0299 0.1236 
1277 0.2943 0.0192 0.6865 
1278 0.7445 0.1453 0.1103 
1279 0.4609 0.0662 0.4729 
1280 0.1623 0.0683 0.7694 
1281 0.1006 0.0234 0.8760 
1282 0.1970 0.0146 0.7885 
1283 0.0775 0.0315 0.8910 
1284 0.5270 0.1302 0.3428 
1285 0.0574 0.0308 0.9119 
1286 0.1223 0.0447 0.8330 
1287 0.2515 0.1031 0.6454 
1288 0.5479 0.0632 0.3888 
1289 0.1950 0.0217 0.7833 
1290 0.1434 0.0839 0.7727 
1291 0.0714 0.0941 0.8345 
1292 0.0793 0.0398 0.8809 
1293 0.5030 0.0270 0.4700 
1294 0.0572 0.0332 0.9096 
1295 0.4500 0.0182 0.5318 
1296 0.6916 0.0360 0.2724 
1297 0.0923 0.0685 0.8392 
1298 0.2564 0.0255 0.7181 
1299 0.0976 0.0247 0.8777 
1300 0.0993 0.3510 0.5497 
1301 0.0978 0.0245 0.8777 
1302 0.4628 0.0641 0.4730 
1303 0.2737 0.0385 0.6878 
1304 0.3730 0.0452 0.5819 
1305 0.2031 0.0901 0.7068 
1306 0.0975 0.0241 0.8785 
1307 0.2120 0.0367 0.7513 
1308 0.0602 0.0608 0.8790 
1309 0.0941 0.0273 0.8786 
1310 0.5044 0.0240 0.4715 
1311 0.6005 0.0180 0.3816 
1312 0.0735 0.0418 0.8847 
1313 0.0677 0.0279 0.9044 
1314 0.8045 0.0300 0.1655 
1315 0.1233 0.2118 0.6650 
1316 0.5010 0.0264 0.4726 
1317 0.0357 0.0906 0.8737 
1318 0.2552 0.0531 0.6917 
1319 0.0286 0.8567 0.1147 
1320 0.0624 0.0750 0.8625 
1321 0.3664 0.0226 0.6110 
1322 0.5999 0.0600 0.3401 
1323 0.1418 0.0256 0.8326 
1324 0.3564 0.1003 0.5433 
1325 0.0687 0.0144 0.9169 
1326 0.7026 0.0219 0.2756 
1327 0.0319 0.0382 0.9299 
1328 0.0428 0.0243 0.9329 
1329 0.0587 0.0299 0.9114 
1330 0.1090 0.0281 0.8629 
1331 0.0559 0.0234 0.9207 
1332 0.1236 0.1280 0.7484 
1333 0.0534 0.0296 0.9169 
1334 0.4413 0.0230 0.5357 
1335 0.0676 0.0827 0.8498 
1336 0.0556 0.7575 0.1869 
1337 0.0899 0.6663 0.2438 
1338 0.0723 0.0396 0.8881 
1339 0.0517 0.0276 0.9207 
1340 0.0450 0.0408 0.9141 
1341 0.3072 0.0637 0.6291 
1342 0.0351 0.0595 0.9054 
1343 0.0353 0.0321 0.9325 
1344 0.0839 0.3726 0.5435 
1345 0.3082 0.0240 0.6678 
1346 0.6055 0.0499 0.3446 
1347 0.0356 0.1338 0.8306 
1348 0.0524 0.0466 0.9010 
1349 0.0357 0.7273 0.2370 
1350 0.0544 0.2146 0.7310 
1351 0.0391 0.0236 0.9373 
1352 0.5326 0.0483 0.4191 
1353 0.0807 0.0232 0.8961 
1354 0.0534 0.0358 0.9108 
1355 0.0505 0.0144 0.9351 
1356 0.0931 0.0426 0.8643 
1357 0.0356 0.0721 0.8923 
1358 0.0270 0.0348 0.9382 
1359 0.0337 0.0492 0.9171 
1360 0.1698 0.2619 0.5683 
1361 0.1039 0.1537 0.7424 
1362 0.1085 0.1013 0.7902 
1363 0.0921 0.2283 0.6796 
1364 0.1482 0.1740 0.6778 
1365 0.2069 0.0623 0.7308 
1366 0.1329 0.1091 0.7581 
1367 0.0353 0.3138 0.6510 
1368 0.0385 0.4745 0.4870 
1369 0.0657 0.0418 0.8925 
1370 0.0254 0.1338 0.8408 
1371 0.3137 0.0486 0.6376 
1372 0.0349 0.6921 0.2731 
1373 0.0818 0.6526 0.2656 
1374 0.0317 0.0590 0.9093 
1375 0.0732 0.3434 0.5834 
1376 0.0515 0.2618 0.6867 
1377 0.1064 0.0938 0.7998 
1378 0.1084 0.3915 0.5001 
1379 0.0243 0.8522 0.1235 
1380 0.2356 0.0468 0.7176 
1381 0.2264 0.0654 0.7082 
1382 0.0528 0.5781 0.3691 
1383 0.5471 0.0256 0.4274 
1384 0.3127 0.0501 0.6373 
1385 0.0359 0.6947 0.2693 
1386 0.1224 0.0652 0.8124 
1387 0.0837 0.3811 0.5351 
1388 0.2408 0.0950 0.6642 
1389 0.0497 0.0647 0.8856 
1390 0.0978 0.1359 0.7664 
1391 0.1025 0.1145 0.7830 
1392 0.6300 0.1444 0.2255 
1393 0.1013 0.4171 0.4816 
1394 0.0364 0.1521 0.8115 
1395 0.2380 0.0433 0.7187 
1396 0.8257 0.0262 0.1481 
1397 0.1323 0.4326 0.4351 
1398 0.1535 0.3416 0.5049 
1399 0.5338 0.1813 0.2849 
1400 0.3319 0.0643 0.6038 
1401 0.8810 0.0234 0.0956 
1402 0.0823 0.6257 0.2920 
1403 0.1181 0.4470 0.4349 
1404 0.1020 0.2741 0.6239 
1405 0.7190 0.0450 0.2359 
1406 0.4469 0.3467 0.2065 
1407 0.4824 0.0460 0.4716 
1408 0.2302 0.0601 0.7098 
1409 0.5326 0.3052 0.1622 
1410 0.3160 0.0716 0.6125 
1411 0.6284 0.0666 0.3050 
1412 0.7411 0.0593 0.1996 
1413 0.1036 0.4830 0.4134 
1414 0.6775 0.1136 0.2090 
1415 0.7353 0.1161 0.1486 
1416 0.0776 0.6417 0.2808 
1417 0.3129 0.0714 0.6157 
1418 0.0462 0.2381 0.7158 
1419 0.0419 0.1737 0.7844 
1420 0.0473 0.0941 0.8586 
1421 0.0228 0.4789 0.4984 
1422 0.0259 0.2013 0.7728 
1423 0.0530 0.0397 0.9072 
1424 0.1509 0.0342 0.8149 
1425 0.0357 0.1483 0.8160 
1426 0.0398 0.0848 0.8754 
1427 0.1937 0.0286 0.7776 
1428 0.0278 0.0925 0.8797 
1429 0.0270 0.3527 0.6204 
1430 0.0326 0.1657 0.8016 
1431 0.0350 0.0763 0.8886 
1432 0.0842 0.1108 0.8051 
1433 0.0205 0.6911 0.2885 
1434 0.0246 0.3164 0.6590 
1435 0.0403 0.6791 0.2805 
1436 0.0380 0.3505 0.6115 
1437 0.0650 0.1203 0.8147 
1438 0.0472 0.0207 0.9321 
1439 0.0353 0.3743 0.5904 
1440 0.0238 0.2743 0.7019 
1441 0.0217 0.8638 0.1145 
1442 0.0258 0.1784 0.7958 
1443 0.0289 0.3557 0.6154 
1444 0.0398 0.0642 0.8960 
1445 0.0241 0.1644 0.8115 
1446 0.0271 0.2708 0.7021 
1447 0.0406 0.1265 0.8328 
1448 0.0239 0.0646 0.9115 
1449 0.0309 0.0340 0.9350 
1450 0.0389 0.0670 0.8940 
1451 0.0233 0.8091 0.1677 
1452 0.0530 0.0772 0.8698 
1453 0.0343 0.2803 0.6854 
1454 0.0556 0.0379 0.9065 
1455 0.1035 0.0645 0.8320 
1456 0.0465 0.0951 0.8584 
1457 0.0365 0.0344 0.9291 
1458 0.0461 0.0614 0.8925 
1459 0.0231 0.4719 0.5050 
1460 0.1277 0.0713 0.8010 
1461 0.5648 0.0252 0.4100 
1462 0.0418 0.0403 0.9179 
1463 0.0606 0.7938 0.1456 
1464 0.8996 0.0224 0.0779 
1465 0.7433 0.0267 0.2300 
1466 0.0517 0.0329 0.9154 
1467 0.7915 0.0393 0.1692 
1468 0.5540 0.0367 0.4093 
1469 0.4778 0.0612 0.4610 
1470 0.0619 0.3793 0.5588 
1471 0.3692 0.1064 0.5245 
1472 0.3151 0.0304 0.6545 
1473 0.2759 0.1171 0.6070 
1474 0.0456 0.0427 0.9117 
1475 0.4768 0.0681 0.4552 
1476 0.9031 0.0168 0.0801 
1477 0.0407 0.7818 0.1775 
1478 0.1144 0.4203 0.4653 
1479 0.2627 0.0381 0.6992 
1480 0.1033 0.0334 0.8633 
1481 0.8491 0.0251 0.1258 
