   1 0.1773 0.2320 0.2063 0.3844 
   2 0.0214 0.0324 0.8430 0.1032 
   3 0.1012 0.1542 0.1614 0.5832 
   4 0.0614 0.6268 0.1875 0.1243 
   5 0.0244 0.0327 0.8033 0.1396 
   6 0.0172 0.0407 0.0996 0.8424 
   7 0.0158 0.0314 0.1934 0.7593 
   8 0.0427 0.3365 0.2313 0.3895 
   9 0.0474 0.0714 0.4746 0.4066 
  10 0.0180 0.1398 0.2822 0.5600 
  11 0.0216 0.0326 0.1861 0.7597 
  12 0.0310 0.0564 0.7282 0.1843 
  13 0.0285 0.0614 0.4017 0.5084 
  14 0.1354 0.1016 0.5549 0.2081 
  15 0.0505 0.1671 0.5312 0.2512 
  16 0.0389 0.0617 0.1242 0.7752 
  17 0.0354 0.0579 0.4879 0.4188 
  18 0.0322 0.1034 0.3202 0.5441 
  19 0.0203 0.0557 0.2763 0.6478 
  20 0.0602 0.0578 0.4770 0.4050 
  21 0.1181 0.2182 0.4165 0.2471 
  22 0.0267 0.0818 0.1236 0.7678 
  23 0.2503 0.1745 0.4434 0.1318 
  24 0.0705 0.2280 0.1953 0.5061 
  25 0.0215 0.0263 0.3406 0.6116 
  26 0.0478 0.1301 0.4345 0.3876 
  27 0.0750 0.0969 0.2922 0.5359 
  28 0.0360 0.2932 0.2975 0.3733 
  29 0.0651 0.0510 0.5679 0.3160 
  30 0.0457 0.0616 0.1129 0.7798 
  31 0.0578 0.1097 0.3850 0.4475 
  32 0.0582 0.1476 0.4962 0.2981 
  33 0.1636 0.1377 0.1829 0.5158 
  34 0.0198 0.0585 0.1599 0.7618 
  35 0.1677 0.0492 0.3631 0.4200 
  36 0.6652 0.0402 0.0727 0.2219 
  37 0.0664 0.1707 0.5967 0.1662 
  38 0.1442 0.0258 0.0853 0.7448 
  39 0.1054 0.0468 0.1757 0.6721 
  40 0.5549 0.1518 0.1086 0.1847 
  41 0.5365 0.0322 0.0690 0.3624 
  42 0.5870 0.1961 0.0821 0.1348 
  43 0.4934 0.0772 0.2782 0.1512 
  44 0.5629 0.0280 0.1068 0.3023 
  45 0.3288 0.0306 0.2140 0.4266 
  46 0.0678 0.0372 0.2702 0.6248 
  47 0.0513 0.0733 0.3502 0.5252 
  48 0.5893 0.0306 0.1014 0.2786 
  49 0.1865 0.0590 0.3251 0.4294 
  50 0.0434 0.0851 0.1521 0.7195 
  51 0.8668 0.0218 0.0457 0.0657 
  52 0.1139 0.0618 0.1622 0.6620 
  53 0.0595 0.0653 0.0734 0.8018 
  54 0.0781 0.0777 0.7067 0.1375 
  55 0.3452 0.0489 0.4912 0.1146 
  56 0.3451 0.0692 0.1925 0.3932 
  57 0.0204 0.1579 0.4440 0.3778 
  58 0.3743 0.0626 0.2980 0.2650 
  59 0.3817 0.0442 0.1780 0.3961 
  60 0.6875 0.0926 0.0932 0.1267 
  61 0.2906 0.1026 0.5346 0.0722 
  62 0.0356 0.0473 0.4863 0.4309 
  63 0.3140 0.0950 0.3536 0.2374 
  64 0.0330 0.0350 0.1703 0.7617 
  65 0.0276 0.0224 0.6528 0.2973 
  66 0.0546 0.0944 0.7576 0.0934 
  67 0.2260 0.0395 0.6025 0.1320 
  68 0.3954 0.0570 0.1856 0.3620 
  69 0.1852 0.1110 0.1200 0.5838 
  70 0.7213 0.0425 0.0917 0.1445 
  71 0.5694 0.0212 0.1358 0.2736 
  72 0.1648 0.0388 0.1498 0.6466 
  73 0.2549 0.0323 0.5144 0.1983 
  74 0.5709 0.0891 0.0890 0.2510 
  75 0.7154 0.0890 0.0976 0.0981 
  76 0.2486 0.0462 0.4665 0.2386 
  77 0.5883 0.0274 0.1123 0.2719 
  78 0.5673 0.0298 0.0812 0.3216 
  79 0.0155 0.0387 0.3587 0.5871 
  80 0.0175 0.5840 0.2033 0.1952 
  81 0.0142 0.3696 0.3216 0.2946 
  82 0.0796 0.0829 0.6972 0.1403 
  83 0.0376 0.2836 0.2770 0.4018 
  84 0.0231 0.1680 0.5186 0.2903 
  85 0.0322 0.3234 0.3202 0.3242 
  86 0.0756 0.0419 0.6279 0.2547 
  87 0.0319 0.0445 0.2992 0.6243 
  88 0.0337 0.1604 0.6602 0.1457 
  89 0.0211 0.2104 0.6621 0.1063 
  90 0.0179 0.0395 0.6868 0.2558 
  91 0.0392 0.5598 0.2074 0.1936 
  92 0.0228 0.0671 0.6484 0.2617 
  93 0.0180 0.8366 0.0784 0.0669 
  94 0.0234 0.0360 0.0682 0.8724 
  95 0.0249 0.0759 0.7595 0.1396 
  96 0.4798 0.1859 0.2675 0.0668 
  97 0.4791 0.1506 0.1813 0.1890 
  98 0.4419 0.0861 0.2285 0.2435 
  99 0.0167 0.1214 0.6372 0.2247 
 100 0.0297 0.6123 0.2936 0.0644 
 101 0.0679 0.0630 0.6386 0.2305 
 102 0.1158 0.3314 0.3594 0.1935 
 103 0.0247 0.0642 0.8370 0.0741 
 104 0.0457 0.0509 0.5096 0.3938 
 105 0.0329 0.0626 0.8226 0.0819 
 106 0.0268 0.0179 0.1407 0.8146 
 107 0.0263 0.0592 0.7858 0.1287 
 108 0.4802 0.0325 0.2745 0.2128 
 109 0.0350 0.0186 0.3667 0.5797 
 110 0.0230 0.0257 0.2164 0.7348 
 111 0.0255 0.0286 0.5397 0.4063 
 112 0.0332 0.0224 0.1367 0.8077 
 113 0.0923 0.0557 0.6301 0.2219 
 114 0.0329 0.0649 0.5830 0.3191 
 115 0.1742 0.0338 0.5789 0.2131 
 116 0.1132 0.0209 0.2541 0.6119 
 117 0.0534 0.0348 0.4079 0.5038 
 118 0.0304 0.0280 0.8171 0.1245 
 119 0.5484 0.1847 0.1656 0.1014 
 120 0.0441 0.0352 0.6529 0.2677 
 121 0.1984 0.0282 0.5911 0.1823 
 122 0.0244 0.0266 0.2253 0.7237 
 123 0.0353 0.0406 0.5121 0.4120 
 124 0.0992 0.0297 0.3229 0.5482 
 125 0.1005 0.0381 0.1133 0.7480 
 126 0.1104 0.0520 0.2153 0.6223 
 127 0.0300 0.0348 0.3903 0.5450 
 128 0.0340 0.0282 0.8438 0.0940 
 129 0.0245 0.0219 0.8659 0.0878 
 130 0.0192 0.0565 0.6894 0.2349 
 131 0.1763 0.0257 0.2992 0.4989 
 132 0.0276 0.0215 0.3317 0.6192 
 133 0.0408 0.0361 0.7469 0.1762 
 134 0.0145 0.0155 0.1170 0.8530 
 135 0.1832 0.4673 0.2681 0.0814 
 136 0.0151 0.8353 0.0849 0.0647 
 137 0.0167 0.7861 0.1293 0.0678 
 138 0.0247 0.8547 0.0544 0.0662 
 139 0.1933 0.2833 0.4202 0.1032 
 140 0.0922 0.5186 0.1896 0.1996 
 141 0.0273 0.7760 0.0850 0.1118 
 142 0.2186 0.5276 0.1796 0.0742 
 143 0.0154 0.8875 0.0538 0.0433 
 144 0.0185 0.7905 0.1299 0.0611 
 145 0.0443 0.6341 0.1767 0.1449 
 146 0.0708 0.4808 0.2554 0.1930 
 147 0.0133 0.8867 0.0522 0.0478 
 148 0.0542 0.6202 0.2122 0.1135 
 149 0.0427 0.8131 0.0706 0.0735 
 150 0.0241 0.5189 0.3625 0.0944 
 151 0.0220 0.8134 0.1031 0.0615 
 152 0.0941 0.5583 0.2093 0.1383 
 153 0.0527 0.7742 0.0768 0.0964 
 154 0.0268 0.8004 0.1100 0.0627 
 155 0.0186 0.8458 0.0776 0.0579 
 156 0.1134 0.6733 0.1516 0.0617 
 157 0.0278 0.6704 0.1631 0.1387 
 158 0.0315 0.7146 0.1234 0.1304 
 159 0.0142 0.8763 0.0631 0.0464 
 160 0.0140 0.8639 0.0740 0.0481 
 161 0.0531 0.6937 0.1320 0.1212 
 162 0.0669 0.3826 0.3453 0.2052 
 163 0.0270 0.8567 0.0633 0.0530 
 164 0.0268 0.3442 0.5136 0.1154 
 165 0.0229 0.6228 0.2708 0.0835 
 166 0.0725 0.5389 0.2267 0.1618 
 167 0.0227 0.6909 0.1709 0.1155 
 168 0.0521 0.7650 0.0740 0.1088 
 169 0.0778 0.3954 0.1262 0.4006 
 170 0.0836 0.7193 0.1354 0.0617 
 171 0.0516 0.5784 0.2428 0.1271 
 172 0.2622 0.5072 0.0699 0.1606 
 173 0.0171 0.8419 0.0921 0.0489 
 174 0.0158 0.8309 0.0888 0.0645 
 175 0.0209 0.8624 0.0569 0.0598 
 176 0.0181 0.7941 0.1265 0.0613 
 177 0.0443 0.5121 0.2072 0.2365 
 178 0.0165 0.7747 0.1106 0.0982 
 179 0.0139 0.8836 0.0553 0.0473 
 180 0.0496 0.6497 0.1367 0.1640 
 181 0.0582 0.6826 0.1699 0.0894 
 182 0.0344 0.7242 0.1942 0.0473 
 183 0.0171 0.8595 0.0711 0.0523 
 184 0.0284 0.0373 0.7906 0.1437 
 185 0.0912 0.7908 0.0717 0.0463 
 186 0.0232 0.0316 0.8079 0.1374 
 187 0.0338 0.2326 0.6337 0.0999 
 188 0.0209 0.0245 0.8483 0.1064 
 189 0.0600 0.3232 0.2064 0.4104 
 190 0.5025 0.2283 0.2282 0.0410 
 191 0.0193 0.0567 0.8479 0.0761 
 192 0.0258 0.1526 0.7221 0.0995 
 193 0.0613 0.1706 0.6333 0.1348 
 194 0.0674 0.1327 0.7115 0.0885 
 195 0.0652 0.5843 0.2984 0.0521 
 196 0.3008 0.1666 0.4605 0.0722 
 197 0.0684 0.1035 0.5676 0.2605 
 198 0.0586 0.1249 0.5767 0.2398 
 199 0.3945 0.1457 0.3760 0.0838 
 200 0.2343 0.1499 0.4402 0.1755 
 201 0.0568 0.6448 0.2310 0.0674 
 202 0.1668 0.5600 0.2089 0.0642 
 203 0.0367 0.5343 0.3677 0.0613 
 204 0.0537 0.1581 0.7372 0.0510 
 205 0.0863 0.0843 0.7310 0.0984 
 206 0.0415 0.1337 0.7659 0.0590 
 207 0.0721 0.0569 0.8112 0.0599 
 208 0.1211 0.2719 0.5425 0.0644 
 209 0.0395 0.1023 0.7631 0.0951 
 210 0.0403 0.1517 0.7449 0.0630 
 211 0.2912 0.0877 0.5627 0.0584 
 212 0.0507 0.7312 0.1314 0.0867 
 213 0.2163 0.0706 0.5724 0.1406 
 214 0.0703 0.6344 0.2302 0.0652 
 215 0.0525 0.0431 0.8264 0.0780 
 216 0.0359 0.0491 0.7753 0.1397 
 217 0.0919 0.5842 0.2300 0.0939 
 218 0.0329 0.0941 0.7799 0.0931 
 219 0.0372 0.2157 0.4981 0.2490 
 220 0.0260 0.0549 0.8640 0.0552 
 221 0.1195 0.7660 0.0718 0.0428 
 222 0.0349 0.0930 0.6566 0.2155 
 223 0.0512 0.3775 0.4398 0.1314 
 224 0.0364 0.3104 0.5926 0.0606 
 225 0.0725 0.1309 0.7291 0.0676 
 226 0.1140 0.1439 0.4623 0.2798 
 227 0.2002 0.2458 0.4800 0.0741 
 228 0.1513 0.4552 0.3418 0.0518 
 229 0.0210 0.3432 0.5626 0.0732 
 230 0.0233 0.1885 0.7326 0.0556 
 231 0.0227 0.3314 0.5449 0.1009 
 232 0.1090 0.2141 0.5173 0.1597 
 233 0.0436 0.7034 0.1881 0.0649 
 234 0.0285 0.1460 0.6807 0.1449 
 235 0.1176 0.3213 0.3976 0.1635 
 236 0.0460 0.3362 0.5258 0.0921 
 237 0.0619 0.0836 0.7829 0.0716 
 238 0.0734 0.5647 0.2736 0.0884 
 239 0.0633 0.5655 0.3188 0.0524 
 240 0.0724 0.5649 0.2729 0.0898 
 241 0.0632 0.6392 0.2396 0.0580 
 242 0.0419 0.2334 0.4765 0.2482 
 243 0.2843 0.1804 0.4867 0.0487 
 244 0.0348 0.4056 0.5000 0.0596 
 245 0.0521 0.7883 0.1003 0.0594 
 246 0.0911 0.5839 0.2331 0.0919 
 247 0.0681 0.0315 0.6693 0.2311 
 248 0.0616 0.0343 0.8291 0.0750 
 249 0.0467 0.3767 0.5061 0.0706 
 250 0.0287 0.1699 0.7250 0.0765 
 251 0.0726 0.0829 0.5719 0.2726 
 252 0.0593 0.2504 0.6002 0.0900 
 253 0.1460 0.0669 0.6010 0.1860 
 254 0.0407 0.1040 0.7061 0.1493 
 255 0.0341 0.1907 0.6276 0.1476 
 256 0.1135 0.3489 0.4670 0.0706 
 257 0.0509 0.0933 0.7891 0.0667 
 258 0.1237 0.0792 0.6806 0.1165 
 259 0.0322 0.0672 0.8358 0.0648 
 260 0.0325 0.2434 0.5396 0.1845 
 261 0.1039 0.4470 0.3567 0.0924 
 262 0.2266 0.5588 0.1592 0.0554 
 263 0.0336 0.0563 0.8389 0.0712 
 264 0.0456 0.0280 0.4026 0.5238 
 265 0.0621 0.1849 0.5958 0.1573 
 266 0.0806 0.7815 0.0938 0.0440 
 267 0.0642 0.2104 0.5988 0.1265 
 268 0.2963 0.1659 0.4652 0.0726 
 269 0.0396 0.2644 0.3251 0.3708 
 270 0.0307 0.0523 0.7936 0.1234 
 271 0.0740 0.0551 0.7918 0.0791 
 272 0.2051 0.0857 0.5053 0.2039 
 273 0.1110 0.2727 0.4469 0.1694 
 274 0.0581 0.0930 0.7106 0.1384 
 275 0.0686 0.1465 0.6538 0.1311 
 276 0.3276 0.0681 0.3926 0.2116 
 277 0.0419 0.2673 0.5630 0.1278 
 278 0.1213 0.0643 0.7381 0.0763 
 279 0.0457 0.1411 0.7249 0.0883 
 280 0.1379 0.1689 0.4200 0.2732 
 281 0.0429 0.0840 0.7739 0.0992 
 282 0.0331 0.5059 0.3329 0.1281 
 283 0.0338 0.6262 0.2516 0.0884 
 284 0.0524 0.1617 0.6921 0.0938 
 285 0.1095 0.0243 0.7456 0.1206 
 286 0.0335 0.4059 0.5016 0.0590 
 287 0.0431 0.1810 0.5390 0.2369 
 288 0.0736 0.0862 0.6221 0.2181 
 289 0.0719 0.0932 0.6575 0.1774 
 290 0.2485 0.0778 0.3893 0.2844 
 291 0.0784 0.0558 0.7863 0.0794 
 292 0.3067 0.2343 0.2602 0.1988 
 293 0.2142 0.0578 0.2521 0.4759 
 294 0.0503 0.0567 0.7987 0.0943 
 295 0.1729 0.1379 0.4198 0.2694 
 296 0.0462 0.0623 0.8169 0.0746 
 297 0.0610 0.0866 0.5314 0.3210 
 298 0.0244 0.3021 0.5573 0.1162 
 299 0.0207 0.0597 0.8219 0.0977 
 300 0.0542 0.0461 0.8071 0.0925 
 301 0.0363 0.0598 0.7191 0.1848 
 302 0.0979 0.0568 0.7527 0.0926 
 303 0.0635 0.4181 0.3995 0.1189 
 304 0.0369 0.3806 0.3129 0.2696 
 305 0.0749 0.3929 0.4657 0.0666 
 306 0.0764 0.5606 0.2417 0.1213 
 307 0.0477 0.1144 0.7568 0.0811 
 308 0.1104 0.4481 0.3496 0.0919 
 309 0.0515 0.0594 0.8185 0.0706 
 310 0.1398 0.3670 0.4348 0.0584 
 311 0.0238 0.1936 0.7254 0.0572 
 312 0.0300 0.0536 0.8630 0.0534 
 313 0.1162 0.0363 0.7923 0.0552 
 314 0.0221 0.8901 0.0424 0.0454 
 315 0.0334 0.8540 0.0481 0.0645 
 316 0.0236 0.8533 0.0480 0.0751 
 317 0.0134 0.8973 0.0428 0.0465 
 318 0.0109 0.9006 0.0405 0.0480 
 319 0.0156 0.8853 0.0546 0.0445 
 320 0.0227 0.8897 0.0421 0.0454 
 321 0.0129 0.8939 0.0433 0.0499 
 322 0.0352 0.8434 0.0492 0.0721 
 323 0.0116 0.8957 0.0459 0.0468 
 324 0.0132 0.8934 0.0433 0.0501 
 325 0.0189 0.8615 0.0446 0.0750 
 326 0.0197 0.8684 0.0418 0.0701 
 327 0.0139 0.8964 0.0434 0.0463 
 328 0.0263 0.8461 0.0559 0.0717 
 329 0.0123 0.8971 0.0455 0.0451 
 330 0.0134 0.8979 0.0427 0.0460 
 331 0.0118 0.8958 0.0471 0.0453 
 332 0.0178 0.8535 0.0462 0.0824 
 333 0.0217 0.8666 0.0476 0.0641 
 334 0.0255 0.8461 0.0555 0.0729 
 335 0.0269 0.8587 0.0500 0.0645 
 336 0.0157 0.8922 0.0415 0.0505 
 337 0.0232 0.8517 0.0473 0.0778 
 338 0.0105 0.8970 0.0421 0.0504 
 339 0.0118 0.8955 0.0469 0.0458 
 340 0.0129 0.8986 0.0468 0.0417 
 341 0.0121 0.8958 0.0479 0.0442 
 342 0.0142 0.8961 0.0431 0.0467 
 343 0.0438 0.8353 0.0503 0.0706 
 344 0.0114 0.8995 0.0434 0.0456 
 345 0.0136 0.8975 0.0427 0.0462 
 346 0.0120 0.9023 0.0408 0.0450 
 347 0.0122 0.9034 0.0423 0.0421 
 348 0.0518 0.8364 0.0495 0.0622 
 349 0.0135 0.8986 0.0420 0.0459 
 350 0.0185 0.8846 0.0521 0.0448 
 351 0.0262 0.8607 0.0491 0.0640 
 352 0.0266 0.8565 0.0466 0.0702 
 353 0.0162 0.8906 0.0419 0.0513 
 354 0.0119 0.8940 0.0477 0.0465 
 355 0.0113 0.8988 0.0412 0.0487 
 356 0.0743 0.8093 0.0544 0.0620 
 357 0.0229 0.5413 0.0915 0.3443 
 358 0.0185 0.8593 0.0499 0.0723 
 359 0.0112 0.8951 0.0475 0.0462 
 360 0.0117 0.9035 0.0408 0.0440 
 361 0.0358 0.4762 0.1212 0.3669 
 362 0.0347 0.0505 0.2757 0.6391 
 363 0.0413 0.0307 0.1537 0.7744 
 364 0.0321 0.2936 0.2254 0.4490 
 365 0.0408 0.0410 0.1630 0.7551 
 366 0.2495 0.0993 0.1542 0.4970 
 367 0.0144 0.0184 0.0934 0.8738 
 368 0.0172 0.0344 0.6916 0.2568 
 369 0.2129 0.2967 0.1603 0.3300 
 370 0.0325 0.0375 0.7961 0.1339 
 371 0.0500 0.0835 0.5035 0.3630 
 372 0.0466 0.0720 0.7478 0.1337 
 373 0.0281 0.0615 0.1934 0.7169 
 374 0.0316 0.2839 0.2064 0.4781 
 375 0.0202 0.0286 0.2903 0.6609 
 376 0.0160 0.0227 0.0657 0.8956 
 377 0.0371 0.0462 0.3729 0.5437 
 378 0.0263 0.1678 0.2671 0.5388 
 379 0.0232 0.0214 0.0688 0.8866 
 380 0.1347 0.1348 0.1174 0.6131 
 381 0.0850 0.0964 0.0687 0.7499 
 382 0.0154 0.0304 0.1464 0.8078 
 383 0.0320 0.1440 0.1055 0.7185 
 384 0.0375 0.0961 0.2349 0.6314 
 385 0.0154 0.1098 0.3909 0.4839 
 386 0.0213 0.0285 0.1193 0.8309 
 387 0.0266 0.0348 0.1302 0.8084 
 388 0.0216 0.1847 0.5194 0.2744 
 389 0.1210 0.0362 0.7261 0.1167 
 390 0.2485 0.0306 0.1580 0.5629 
 391 0.1678 0.0628 0.4145 0.3549 
 392 0.0260 0.0664 0.1076 0.8001 
 393 0.1883 0.0637 0.0692 0.6788 
 394 0.0278 0.2285 0.2483 0.4955 
 395 0.3141 0.0352 0.2568 0.3938 
 396 0.0178 0.0209 0.2057 0.7556 
 397 0.0295 0.0953 0.6875 0.1876 
 398 0.0230 0.0218 0.0801 0.8752 
 399 0.0595 0.0291 0.1561 0.7553 
 400 0.0251 0.0443 0.0869 0.8437 
 401 0.1040 0.0511 0.1690 0.6759 
 402 0.1319 0.0448 0.3050 0.5183 
 403 0.0341 0.2872 0.4467 0.2319 
 404 0.0360 0.0671 0.3899 0.5071 
 405 0.0592 0.0700 0.2396 0.6311 
 406 0.7646 0.0450 0.0609 0.1295 
 407 0.0198 0.0217 0.0669 0.8915 
 408 0.1727 0.0204 0.5307 0.2761 
 409 0.6132 0.1392 0.0864 0.1612 
 410 0.0342 0.0645 0.1332 0.7681 
 411 0.0821 0.1372 0.0941 0.6866 
 412 0.0167 0.0338 0.4135 0.5360 
 413 0.0224 0.1010 0.5942 0.2824 
 414 0.0180 0.0229 0.4582 0.5009 
 415 0.0597 0.0347 0.0755 0.8301 
 416 0.0540 0.0571 0.1133 0.7756 
 417 0.0192 0.0281 0.0681 0.8846 
 418 0.0145 0.0227 0.1791 0.7836 
 419 0.1848 0.1381 0.3448 0.3323 
 420 0.2308 0.0286 0.1175 0.6230 
 421 0.0231 0.0301 0.1435 0.8033 
 422 0.2246 0.0373 0.3055 0.4325 
 423 0.0371 0.0456 0.1921 0.7251 
 424 0.1633 0.0512 0.3225 0.4630 
 425 0.0410 0.0688 0.4600 0.4303 
 426 0.0253 0.0584 0.2767 0.6395 
 427 0.0351 0.0949 0.0710 0.7990 
 428 0.1817 0.1160 0.2675 0.4347 
 429 0.0134 0.0190 0.0660 0.9017 
 430 0.0299 0.0259 0.0774 0.8668 
 431 0.0215 0.0426 0.6242 0.3117 
 432 0.0227 0.0402 0.5880 0.3491 
 433 0.0470 0.1459 0.7062 0.1010 
 434 0.0409 0.1050 0.3343 0.5199 
 435 0.0295 0.0216 0.0666 0.8823 
 436 0.0355 0.0386 0.0410 0.8850 
 437 0.0172 0.0249 0.0823 0.8756 
 438 0.4933 0.0475 0.0982 0.3610 
 439 0.0263 0.0319 0.0477 0.8941 
 440 0.0245 0.0175 0.0459 0.9121 
 441 0.0331 0.0706 0.1018 0.7945 
 442 0.0359 0.0256 0.1134 0.8250 
 443 0.0954 0.0212 0.0717 0.8117 
 444 0.0453 0.0254 0.0859 0.8434 
 445 0.3117 0.0910 0.1395 0.4578 
 446 0.0281 0.0243 0.0831 0.8646 
 447 0.1181 0.0609 0.1107 0.7102 
 448 0.0307 0.0266 0.0984 0.8443 
 449 0.0422 0.0512 0.1379 0.7687 
 450 0.0154 0.0500 0.0952 0.8394 
 451 0.0347 0.0180 0.2830 0.6643 
 452 0.0166 0.0405 0.0631 0.8798 
 453 0.6793 0.0391 0.1213 0.1603 
 454 0.0248 0.0544 0.0894 0.8313 
 455 0.1237 0.0243 0.0713 0.7806 
 456 0.0898 0.0227 0.0817 0.8059 
 457 0.0201 0.0275 0.0689 0.8834 
 458 0.0242 0.0301 0.0672 0.8785 
 459 0.0995 0.0990 0.1097 0.6917 
 460 0.0256 0.0229 0.0547 0.8968 
 461 0.0147 0.0234 0.0682 0.8937 
 462 0.0510 0.0174 0.0987 0.8330 
 463 0.6296 0.0349 0.0851 0.2503 
 464 0.0577 0.0225 0.0646 0.8552 
 465 0.0801 0.0329 0.2408 0.6461 
 466 0.2896 0.0252 0.1435 0.5417 
 467 0.0883 0.0444 0.0916 0.7757 
 468 0.0548 0.0228 0.0541 0.8684 
 469 0.0326 0.0256 0.0439 0.8979 
 470 0.0250 0.0224 0.0558 0.8968 
 471 0.2160 0.0294 0.1600 0.5946 
 472 0.0882 0.0313 0.1476 0.7329 
 473 0.0451 0.0494 0.1842 0.7214 
 474 0.0345 0.0422 0.0648 0.8584 
 475 0.0620 0.0578 0.2674 0.6127 
 476 0.0312 0.0299 0.0537 0.8851 
 477 0.0813 0.0456 0.1776 0.6955 
 478 0.0233 0.0209 0.1324 0.8234 
 479 0.0200 0.0210 0.0569 0.9020 
 480 0.0167 0.0258 0.0485 0.9090 
 481 0.0450 0.0278 0.3195 0.6077 
 482 0.0146 0.0211 0.0508 0.9134 
 483 0.0389 0.0303 0.0684 0.8624 
 484 0.2952 0.0340 0.1182 0.5526 
 485 0.0616 0.0232 0.0562 0.8590 
 486 0.0895 0.0404 0.6360 0.2341 
 487 0.0566 0.1229 0.5299 0.2906 
 488 0.0291 0.0525 0.7845 0.1339 
 489 0.1749 0.2121 0.3956 0.2174 
 490 0.0679 0.0237 0.3511 0.5573 
 491 0.0393 0.0819 0.7875 0.0912 
 492 0.1289 0.1662 0.5404 0.1645 
 493 0.0308 0.0493 0.7697 0.1502 
 494 0.0513 0.0764 0.6857 0.1866 
 495 0.0528 0.0889 0.6626 0.1956 
 496 0.1061 0.2471 0.5291 0.1177 
 497 0.0172 0.0710 0.8147 0.0971 
 498 0.1595 0.0756 0.4583 0.3066 
 499 0.0444 0.2187 0.6127 0.1242 
 500 0.0360 0.0540 0.5699 0.3401 
 501 0.0371 0.1262 0.5821 0.2546 
 502 0.0293 0.1421 0.6035 0.2251 
 503 0.0302 0.0347 0.2318 0.7033 
 504 0.0470 0.0341 0.7472 0.1717 
 505 0.1630 0.0736 0.6358 0.1276 
 506 0.0383 0.1434 0.5272 0.2911 
 507 0.0638 0.7278 0.1505 0.0579 
 508 0.1617 0.5361 0.2367 0.0655 
 509 0.0762 0.1371 0.6859 0.1008 
 510 0.0368 0.2518 0.4306 0.2808 
 511 0.0633 0.0474 0.1742 0.7151 
 512 0.0206 0.0271 0.1419 0.8105 
 513 0.0435 0.0363 0.8667 0.0535 
 514 0.0408 0.0433 0.6192 0.2967 
 515 0.0905 0.1352 0.2063 0.5680 
 516 0.0708 0.0434 0.7595 0.1264 
 517 0.3041 0.1165 0.2327 0.3467 
 518 0.0223 0.1839 0.6012 0.1927 
 519 0.0462 0.0503 0.5293 0.3742 
 520 0.4373 0.2354 0.1126 0.2147 
 521 0.0519 0.3004 0.5082 0.1395 
 522 0.1991 0.0392 0.1478 0.6139 
 523 0.5676 0.1172 0.1990 0.1161 
 524 0.1354 0.0714 0.1671 0.6260 
 525 0.0835 0.2283 0.3503 0.3379 
 526 0.7247 0.0461 0.0713 0.1579 
 527 0.0209 0.0414 0.4795 0.4583 
 528 0.0589 0.5861 0.2664 0.0886 
 529 0.0253 0.0706 0.8106 0.0934 
 530 0.1342 0.0868 0.1608 0.6182 
 531 0.1074 0.4307 0.1500 0.3118 
 532 0.0746 0.2655 0.4204 0.2395 
 533 0.0990 0.0630 0.3927 0.4453 
 534 0.0753 0.0656 0.7943 0.0649 
 535 0.5447 0.0503 0.1576 0.2473 
 536 0.3237 0.1260 0.2412 0.3091 
 537 0.5885 0.1801 0.1397 0.0916 
 538 0.2787 0.1863 0.3468 0.1882 
 539 0.0615 0.7614 0.1056 0.0714 
 540 0.2188 0.2364 0.3187 0.2260 
 541 0.0921 0.5408 0.1843 0.1828 
 542 0.6973 0.0372 0.1100 0.1556 
 543 0.4025 0.1434 0.3214 0.1326 
 544 0.6978 0.0648 0.1104 0.1270 
 545 0.7883 0.0236 0.0720 0.1161 
 546 0.4313 0.1201 0.3037 0.1448 
 547 0.8052 0.0553 0.0718 0.0677 
 548 0.0277 0.1720 0.7234 0.0769 
 549 0.5192 0.2695 0.0722 0.1392 
 550 0.5662 0.0439 0.0644 0.3255 
 551 0.1361 0.5846 0.1483 0.1310 
 552 0.3150 0.2112 0.3353 0.1385 
 553 0.7185 0.1129 0.1127 0.0559 
 554 0.0952 0.1391 0.3519 0.4137 
 555 0.2985 0.3453 0.2536 0.1025 
 556 0.3551 0.1121 0.3991 0.1338 
 557 0.6277 0.0507 0.0948 0.2267 
 558 0.0129 0.0219 0.0492 0.9160 
 559 0.0355 0.0345 0.7344 0.1956 
 560 0.0196 0.0169 0.1277 0.8357 
 561 0.0463 0.0228 0.2351 0.6958 
 562 0.0454 0.0168 0.2646 0.6731 
 563 0.1011 0.1205 0.4254 0.3530 
 564 0.0681 0.0405 0.7249 0.1666 
 565 0.0188 0.0260 0.0649 0.8903 
 566 0.0197 0.0170 0.0804 0.8829 
 567 0.0323 0.0269 0.7587 0.1821 
 568 0.0921 0.0386 0.4537 0.4155 
 569 0.1292 0.0406 0.1860 0.6442 
 570 0.0131 0.0184 0.0680 0.9005 
 571 0.0247 0.0295 0.2999 0.6459 
 572 0.4758 0.1658 0.1139 0.2445 
 573 0.0650 0.0416 0.5315 0.3619 
 574 0.0372 0.1107 0.1446 0.7075 
 575 0.0617 0.0700 0.4873 0.3810 
 576 0.0157 0.0176 0.1475 0.8191 
 577 0.0302 0.0928 0.1918 0.6852 
 578 0.0298 0.0323 0.2955 0.6425 
 579 0.0299 0.0275 0.2604 0.6822 
 580 0.0214 0.0487 0.1320 0.7979 
 581 0.0210 0.0365 0.1130 0.8294 
 582 0.0278 0.0206 0.0679 0.8837 
 583 0.0204 0.0302 0.4060 0.5434 
 584 0.0175 0.0210 0.1943 0.7672 
 585 0.0219 0.0247 0.1932 0.7602 
 586 0.0325 0.0393 0.2471 0.6812 
 587 0.0397 0.0204 0.2261 0.7137 
 588 0.1276 0.0273 0.7900 0.0551 
 589 0.0601 0.0228 0.0890 0.8280 
 590 0.0256 0.0256 0.6047 0.3441 
 591 0.0228 0.0312 0.5040 0.4420 
 592 0.1325 0.0259 0.3658 0.4757 
 593 0.0440 0.0522 0.2972 0.6066 
 594 0.0208 0.0452 0.7983 0.1357 
 595 0.0156 0.0207 0.3077 0.6561 
 596 0.1802 0.0524 0.3395 0.4279 
 597 0.0967 0.1663 0.3198 0.4173 
 598 0.0134 0.0204 0.0543 0.9119 
 599 0.0619 0.0201 0.2504 0.6676 
 600 0.0407 0.0607 0.1396 0.7590 
 601 0.0332 0.0196 0.0991 0.8481 
 602 0.0243 0.0770 0.7359 0.1627 
 603 0.0281 0.0747 0.7386 0.1586 
 604 0.0479 0.0648 0.3375 0.5498 
 605 0.0582 0.0368 0.4168 0.4882 
 606 0.0588 0.0951 0.6182 0.2279 
 607 0.0203 0.2251 0.3582 0.3965 
 608 0.0286 0.4391 0.1370 0.3953 
 609 0.0427 0.0501 0.1342 0.7730 
 610 0.1187 0.0392 0.1398 0.7024 
 611 0.0586 0.0792 0.6512 0.2111 
 612 0.0348 0.0304 0.0658 0.8691 
 613 0.0580 0.0496 0.2562 0.6362 
 614 0.0248 0.0302 0.1150 0.8300 
 615 0.0408 0.0638 0.1309 0.7646 
 616 0.0196 0.1403 0.4578 0.3823 
 617 0.0428 0.0305 0.2297 0.6970 
 618 0.0871 0.1498 0.1975 0.5656 
 619 0.1244 0.1181 0.3464 0.4110 
 620 0.1039 0.0193 0.4771 0.3997 
 621 0.0154 0.0277 0.1983 0.7585 
 622 0.1042 0.1143 0.2713 0.5102 
 623 0.0387 0.0331 0.4209 0.5074 
 624 0.0287 0.1175 0.0868 0.7670 
 625 0.0213 0.1202 0.2259 0.6326 
 626 0.2242 0.4255 0.1053 0.2450 
 627 0.0418 0.0473 0.3419 0.5691 
 628 0.0351 0.0495 0.4809 0.4345 
 629 0.0267 0.0518 0.4742 0.4472 
 630 0.0403 0.0454 0.1408 0.7735 
 631 0.0196 0.0489 0.1883 0.7432 
 632 0.0934 0.1789 0.5641 0.1636 
 633 0.0256 0.0973 0.1743 0.7028 
 634 0.0730 0.1626 0.3409 0.4235 
 635 0.0306 0.4896 0.2555 0.2243 
 636 0.0339 0.2118 0.1431 0.6113 
 637 0.3409 0.0735 0.3410 0.2446 
 638 0.0231 0.0744 0.5559 0.3466 
 639 0.0299 0.0817 0.2642 0.6242 
 640 0.0161 0.0403 0.2621 0.6816 
 641 0.0226 0.0510 0.5868 0.3396 
 642 0.1078 0.4969 0.2420 0.1533 
 643 0.0279 0.7852 0.0997 0.0872 
 644 0.0326 0.5827 0.2250 0.1597 
 645 0.0661 0.5857 0.0996 0.2485 
 646 0.1212 0.0893 0.5852 0.2042 
 647 0.1135 0.2247 0.5377 0.1241 
 648 0.0897 0.2438 0.5084 0.1581 
 649 0.1690 0.1075 0.6487 0.0747 
 650 0.0766 0.1036 0.6996 0.1202 
 651 0.0178 0.3350 0.5433 0.1039 
 652 0.0371 0.5424 0.2943 0.1262 
 653 0.0797 0.2435 0.5489 0.1278 
 654 0.2125 0.4566 0.2166 0.1143 
 655 0.0418 0.5066 0.2444 0.2072 
 656 0.1137 0.1739 0.5623 0.1501 
 657 0.0308 0.1372 0.4702 0.3619 
 658 0.1310 0.1736 0.4105 0.2848 
 659 0.1115 0.4958 0.2307 0.1620 
 660 0.0551 0.5702 0.2967 0.0781 
 661 0.1713 0.5793 0.1227 0.1267 
 662 0.2650 0.0628 0.6091 0.0631 
 663 0.0360 0.4731 0.3593 0.1316 
 664 0.1007 0.2065 0.2693 0.4234 
 665 0.1920 0.0880 0.6347 0.0853 
 666 0.1127 0.4622 0.2963 0.1288 
 667 0.0419 0.0549 0.7425 0.1607 
 668 0.0929 0.4479 0.2190 0.2402 
 669 0.0408 0.1343 0.7515 0.0735 
 670 0.0221 0.8386 0.0898 0.0494 
 671 0.0420 0.6568 0.2290 0.0722 
 672 0.0685 0.6861 0.1024 0.1431 
 673 0.0121 0.8889 0.0505 0.0485 
 674 0.0308 0.7684 0.1078 0.0930 
 675 0.0180 0.7935 0.1263 0.0622 
 676 0.0140 0.8907 0.0487 0.0467 
 677 0.1033 0.7759 0.0763 0.0444 
 678 0.0118 0.8789 0.0606 0.0486 
 679 0.0135 0.8061 0.0901 0.0903 
 680 0.0244 0.8225 0.0768 0.0764 
 681 0.3361 0.2788 0.1558 0.2293 
 682 0.0250 0.8405 0.0588 0.0757 
 683 0.0253 0.8574 0.0700 0.0473 
 684 0.0139 0.8766 0.0615 0.0480 
 685 0.0154 0.8942 0.0473 0.0430 
 686 0.1398 0.6957 0.0906 0.0739 
 687 0.0595 0.6734 0.2001 0.0670 
 688 0.0203 0.8182 0.0955 0.0660 
 689 0.0140 0.8929 0.0489 0.0441 
 690 0.0145 0.8900 0.0487 0.0468 
 691 0.0230 0.8151 0.0810 0.0809 
 692 0.0147 0.8191 0.0943 0.0718 
 693 0.0210 0.8197 0.0771 0.0822 
 694 0.0157 0.8979 0.0461 0.0403 
 695 0.0417 0.8486 0.0473 0.0625 
 696 0.0210 0.8151 0.0984 0.0656 
 697 0.0171 0.8812 0.0540 0.0477 
 698 0.0153 0.8831 0.0545 0.0470 
 699 0.1484 0.7398 0.0547 0.0571 
 700 0.1067 0.7433 0.0548 0.0952 
 701 0.0327 0.7312 0.1535 0.0826 
 702 0.0690 0.7029 0.1148 0.1133 
 703 0.0304 0.8276 0.0654 0.0766 
 704 0.0299 0.8262 0.0826 0.0614 
 705 0.3488 0.3782 0.1633 0.1097 
 706 0.0403 0.8365 0.0563 0.0669 
 707 0.0231 0.8719 0.0571 0.0480 
 708 0.0178 0.8684 0.0665 0.0472 
 709 0.0612 0.8424 0.0458 0.0506 
 710 0.0189 0.8960 0.0427 0.0424 
 711 0.0685 0.7948 0.0684 0.0682 
 712 0.0721 0.8258 0.0606 0.0415 
 713 0.0247 0.8229 0.0926 0.0598 
 714 0.0189 0.7448 0.1442 0.0921 
 715 0.0385 0.8738 0.0459 0.0418 
 716 0.0378 0.8495 0.0474 0.0653 
 717 0.0223 0.8914 0.0428 0.0434 
 718 0.0490 0.7641 0.1138 0.0731 
 719 0.0353 0.8710 0.0527 0.0409 
 720 0.0214 0.0327 0.3056 0.6403 
 721 0.0326 0.6117 0.0890 0.2667 
 722 0.0444 0.0632 0.1395 0.7529 
 723 0.0165 0.0559 0.1565 0.7710 
 724 0.0250 0.1764 0.0920 0.7066 
 725 0.0340 0.1783 0.5342 0.2535 
 726 0.0596 0.1062 0.1657 0.6685 
 727 0.2652 0.2082 0.2215 0.3051 
 728 0.0181 0.0188 0.0508 0.9123 
 729 0.0149 0.0202 0.0604 0.9046 
 730 0.0161 0.0336 0.2364 0.7140 
 731 0.0220 0.0454 0.0843 0.8482 
 732 0.0165 0.0543 0.1549 0.7743 
 733 0.0134 0.0287 0.0833 0.8745 
 734 0.0135 0.0193 0.0744 0.8928 
 735 0.0118 0.0387 0.0688 0.8807 
 736 0.0186 0.0382 0.1072 0.8360 
 737 0.0403 0.0398 0.2105 0.7095 
 738 0.0172 0.0326 0.2091 0.7411 
 739 0.0137 0.0262 0.0745 0.8856 
 740 0.0217 0.5705 0.3432 0.0645 
 741 0.0450 0.4446 0.3795 0.1310 
 742 0.0191 0.1473 0.3997 0.4339 
 743 0.0158 0.0488 0.7829 0.1524 
 744 0.1347 0.0551 0.7144 0.0958 
 745 0.0465 0.0268 0.6554 0.2714 
 746 0.0240 0.1320 0.6496 0.1944 
 747 0.0235 0.0424 0.7719 0.1622 
 748 0.0166 0.2992 0.5698 0.1145 
 749 0.0343 0.0687 0.7929 0.1040 
 750 0.0177 0.0515 0.8223 0.1085 
 751 0.0165 0.3948 0.4597 0.1290 
 752 0.0219 0.0550 0.7491 0.1740 
 753 0.0272 0.1422 0.6075 0.2230 
 754 0.0359 0.3776 0.3759 0.2107 
 755 0.0144 0.0826 0.7759 0.1271 
 756 0.0175 0.1157 0.7740 0.0928 
 757 0.0176 0.0730 0.7764 0.1331 
 758 0.0200 0.0228 0.8531 0.1040 
 759 0.0588 0.5040 0.1993 0.2379 
 760 0.0171 0.0682 0.7049 0.2098 
 761 0.0233 0.2802 0.2517 0.4448 
 762 0.0117 0.0365 0.4823 0.4695 
 763 0.0268 0.1421 0.6075 0.2237 
 764 0.0141 0.0427 0.8171 0.1260 
 765 0.0147 0.0406 0.5857 0.3590 
 766 0.0134 0.2660 0.5802 0.1405 
 767 0.0281 0.1605 0.5719 0.2395 
 768 0.0123 0.0352 0.4856 0.4670 
 769 0.0256 0.2079 0.2794 0.4871 
 770 0.0151 0.0364 0.4050 0.5436 
 771 0.2005 0.0916 0.6363 0.0717 
 772 0.0785 0.2644 0.4318 0.2252 
 773 0.0133 0.0412 0.8576 0.0880 
 774 0.0222 0.3922 0.4378 0.1478 
 775 0.0168 0.0813 0.1722 0.7297 
 776 0.0187 0.0354 0.7682 0.1777 
 777 0.0723 0.0823 0.6274 0.2181 
 778 0.0450 0.1216 0.7064 0.1270 
 779 0.0141 0.0537 0.8480 0.0842 
 780 0.0147 0.2396 0.6349 0.1108 
 781 0.0568 0.1147 0.7614 0.0671 
 782 0.0143 0.0531 0.8489 0.0837 
 783 0.0161 0.2142 0.5511 0.2187 
 784 0.0233 0.0569 0.4631 0.4567 
 785 0.0222 0.0986 0.7232 0.1560 
 786 0.0193 0.4156 0.3911 0.1740 
 787 0.0370 0.2127 0.6826 0.0677 
 788 0.0372 0.0599 0.6653 0.2377 
 789 0.0198 0.0679 0.3839 0.5285 
 790 0.0163 0.1577 0.6386 0.1874 
 791 0.0221 0.0942 0.6562 0.2275 
 792 0.0548 0.3535 0.5190 0.0727 
 793 0.1472 0.3664 0.2726 0.2138 
 794 0.0628 0.1177 0.4460 0.3735 
 795 0.0426 0.5113 0.2353 0.2108 
 796 0.0750 0.1378 0.5368 0.2503 
 797 0.0554 0.6392 0.1874 0.1180 
 798 0.1328 0.0218 0.0755 0.7698 
 799 0.0546 0.0584 0.3803 0.5067 
 800 0.2781 0.4115 0.2384 0.0721 
 801 0.1539 0.0431 0.0878 0.7153 
 802 0.3105 0.1757 0.1195 0.3942 
 803 0.1418 0.3371 0.3097 0.2114 
 804 0.2880 0.0908 0.3613 0.2598 
 805 0.0356 0.7991 0.0873 0.0780 
 806 0.5513 0.0599 0.1259 0.2629 
 807 0.0650 0.7484 0.1065 0.0801 
 808 0.2061 0.4104 0.2743 0.1092 
 809 0.7403 0.0335 0.0779 0.1483 
 810 0.0460 0.1545 0.3360 0.4634 
 811 0.4146 0.3153 0.1419 0.1282 
 812 0.8292 0.0207 0.0693 0.0808 
 813 0.1177 0.0261 0.0762 0.7801 
 814 0.4050 0.0384 0.4278 0.1287 
 815 0.7062 0.0762 0.0656 0.1520 
 816 0.3033 0.2462 0.1242 0.3263 
 817 0.3038 0.1829 0.1180 0.3954 
 818 0.0741 0.0667 0.3295 0.5297 
 819 0.0266 0.0729 0.8310 0.0696 
 820 0.0635 0.1038 0.6831 0.1497 
 821 0.0138 0.0596 0.6910 0.2356 
 822 0.0250 0.0208 0.5398 0.4144 
 823 0.0187 0.2023 0.2949 0.4841 
 824 0.0182 0.1029 0.6725 0.2063 
 825 0.0290 0.0394 0.4378 0.4939 
 826 0.0185 0.0276 0.7490 0.2048 
 827 0.0161 0.0414 0.2240 0.7186 
 828 0.0164 0.0736 0.2753 0.6347 
 829 0.0500 0.0766 0.2006 0.6728 
 830 0.0129 0.0273 0.2660 0.6939 
 831 0.0281 0.0954 0.5526 0.3239 
 832 0.2042 0.1043 0.2441 0.4475 
 833 0.1126 0.1555 0.1292 0.6027 
 834 0.0311 0.1009 0.3567 0.5113 
 835 0.0464 0.0284 0.6413 0.2839 
 836 0.1339 0.0508 0.6552 0.1601 
 837 0.0392 0.2086 0.2280 0.5243 
 838 0.1144 0.0261 0.7334 0.1261 
 839 0.0148 0.0469 0.5420 0.3963 
 840 0.0922 0.1048 0.6806 0.1223 
 841 0.0521 0.0641 0.7755 0.1084 
 842 0.0153 0.0220 0.6715 0.2912 
 843 0.0739 0.1745 0.6531 0.0984 
 844 0.0578 0.0978 0.5926 0.2517 
 845 0.0140 0.0280 0.7045 0.2535 
 846 0.0234 0.0625 0.7873 0.1268 
 847 0.0133 0.0818 0.8400 0.0648 
 848 0.0239 0.0439 0.8435 0.0888 
 849 0.0188 0.0425 0.6355 0.3032 
 850 0.0220 0.0430 0.3301 0.6048 
 851 0.0174 0.0325 0.7786 0.1716 
 852 0.0151 0.4979 0.2046 0.2824 
 853 0.0438 0.0347 0.5036 0.4180 
 854 0.0185 0.2042 0.3622 0.4151 
 855 0.0187 0.0529 0.7600 0.1684 
 856 0.0186 0.0782 0.7266 0.1766 
 857 0.0617 0.0375 0.7917 0.1091 
 858 0.0181 0.0304 0.7719 0.1796 
 859 0.0156 0.0349 0.2313 0.7182 
 860 0.0301 0.0303 0.7230 0.2166 
 861 0.0671 0.2880 0.5577 0.0872 
 862 0.0333 0.0283 0.0537 0.8848 
 863 0.0296 0.0762 0.0817 0.8125 
 864 0.0150 0.0544 0.0519 0.8786 
 865 0.0197 0.0181 0.0610 0.9012 
 866 0.0187 0.0311 0.2026 0.7477 
 867 0.0292 0.0457 0.0666 0.8585 
 868 0.0340 0.0339 0.1363 0.7958 
 869 0.0165 0.0329 0.1683 0.7823 
 870 0.0843 0.0228 0.1563 0.7366 
 871 0.0255 0.0216 0.0861 0.8669 
 872 0.0134 0.0312 0.0709 0.8845 
 873 0.0202 0.0365 0.0608 0.8825 
 874 0.0276 0.0214 0.0566 0.8944 
 875 0.0473 0.0356 0.1881 0.7289 
 876 0.0631 0.0281 0.3433 0.5655 
 877 0.0177 0.0325 0.0470 0.9029 
 878 0.0338 0.0506 0.2447 0.6709 
 879 0.0143 0.0462 0.0672 0.8723 
 880 0.0819 0.0277 0.1350 0.7554 
 881 0.0193 0.0410 0.0789 0.8607 
 882 0.0118 0.0388 0.0679 0.8815 
 883 0.0484 0.0366 0.6677 0.2472 
 884 0.0156 0.0180 0.0609 0.9055 
 885 0.1245 0.0562 0.1490 0.6703 
 886 0.0191 0.0532 0.1376 0.7900 
 887 0.0157 0.0213 0.0660 0.8970 
 888 0.1054 0.0871 0.2731 0.5344 
 889 0.0215 0.0175 0.0507 0.9102 
 890 0.0301 0.0185 0.1067 0.8447 
 891 0.0400 0.0320 0.5942 0.3337 
 892 0.0348 0.0346 0.6739 0.2568 
 893 0.2511 0.0529 0.3568 0.3392 
 894 0.0163 0.0209 0.1833 0.7794 
 895 0.0201 0.0228 0.0862 0.8708 
 896 0.0471 0.0510 0.7550 0.1469 
 897 0.0210 0.0287 0.8260 0.1243 
 898 0.0441 0.0709 0.2616 0.6235 
 899 0.0160 0.0172 0.2250 0.7417 
 900 0.0414 0.0281 0.5693 0.3612 
 901 0.0215 0.0293 0.5803 0.3688 
 902 0.1194 0.0401 0.6586 0.1818 
 903 0.0271 0.0285 0.1316 0.8128 
 904 0.0350 0.0613 0.3193 0.5844 
 905 0.0139 0.0205 0.0973 0.8683 
 906 0.0801 0.0411 0.3858 0.4929 
 907 0.0228 0.0466 0.2869 0.6436 
 908 0.0164 0.0369 0.3173 0.6294 
 909 0.1151 0.0425 0.2227 0.6196 
 910 0.0903 0.0408 0.5139 0.3550 
 911 0.0180 0.0180 0.0712 0.8928 
 912 0.0234 0.0220 0.1951 0.7595 
 913 0.0383 0.0202 0.1494 0.7921 
 914 0.0260 0.1336 0.4364 0.4039 
 915 0.0276 0.0175 0.1780 0.7768 
 916 0.0218 0.0266 0.5273 0.4244 
 917 0.0384 0.0252 0.4032 0.5332 
 918 0.0388 0.1032 0.1977 0.6603 
 919 0.0206 0.0534 0.1161 0.8099 
 920 0.0211 0.0410 0.2483 0.6896 
 921 0.3100 0.2061 0.3350 0.1489 
 922 0.4156 0.0388 0.4013 0.1444 
 923 0.0622 0.0499 0.8136 0.0742 
 924 0.2271 0.0341 0.6392 0.0996 
 925 0.2020 0.0576 0.6009 0.1395 
 926 0.8046 0.0434 0.0961 0.0560 
 927 0.7580 0.0643 0.1007 0.0769 
 928 0.1856 0.1895 0.5681 0.0568 
 929 0.5011 0.0320 0.4006 0.0662 
 930 0.4063 0.0649 0.4091 0.1197 
 931 0.8451 0.0468 0.0436 0.0644 
 932 0.8284 0.0232 0.0852 0.0632 
 933 0.2639 0.4132 0.2464 0.0765 
 934 0.1113 0.0251 0.7956 0.0679 
 935 0.7980 0.0348 0.0900 0.0773 
 936 0.8667 0.0196 0.0557 0.0580 
 937 0.8555 0.0322 0.0589 0.0535 
 938 0.7112 0.1041 0.1405 0.0442 
 939 0.7185 0.1413 0.0794 0.0608 
 940 0.6682 0.0716 0.1738 0.0864 
 941 0.7789 0.0215 0.0895 0.1101 
 942 0.1434 0.2058 0.5143 0.1364 
 943 0.7868 0.1156 0.0509 0.0468 
 944 0.8076 0.0591 0.0674 0.0658 
 945 0.1790 0.0626 0.6534 0.1051 
 946 0.7721 0.0353 0.1225 0.0700 
 947 0.7992 0.0927 0.0592 0.0489 
 948 0.7999 0.0188 0.0642 0.1170 
 949 0.7199 0.0203 0.0796 0.1802 
 950 0.8514 0.0431 0.0606 0.0448 
 951 0.4557 0.1226 0.3052 0.1166 
 952 0.5544 0.0492 0.2821 0.1143 
 953 0.6062 0.0426 0.1567 0.1945 
 954 0.8406 0.0245 0.0476 0.0872 
 955 0.0717 0.8005 0.0648 0.0630 
 956 0.0963 0.7288 0.1152 0.0598 
 957 0.0950 0.3766 0.3608 0.1676 
 958 0.0455 0.0647 0.6974 0.1924 
 959 0.1261 0.2621 0.4677 0.1440 
 960 0.0458 0.0998 0.2163 0.6381 
 961 0.0153 0.8936 0.0479 0.0432 
 962 0.0907 0.0494 0.8014 0.0586 
 963 0.0732 0.0644 0.6106 0.2518 
 964 0.0180 0.1059 0.5614 0.3148 
 965 0.0511 0.2322 0.6203 0.0964 
 966 0.0872 0.1617 0.5878 0.1633 
 967 0.0480 0.8222 0.0579 0.0718 
 968 0.0547 0.0672 0.8092 0.0689 
 969 0.0183 0.2648 0.3010 0.4159 
 970 0.0252 0.7133 0.1804 0.0810 
 971 0.0933 0.0872 0.7282 0.0913 
 972 0.0646 0.2131 0.4828 0.2395 
 973 0.2346 0.2436 0.4452 0.0767 
 974 0.0259 0.0679 0.7544 0.1518 
 975 0.0179 0.2584 0.3099 0.4139 
 976 0.0951 0.0899 0.7239 0.0911 
 977 0.0161 0.2678 0.5168 0.1994 
 978 0.0802 0.1563 0.6652 0.0983 
 979 0.0341 0.0552 0.7780 0.1327 
 980 0.0909 0.2730 0.5140 0.1221 
 981 0.0500 0.1586 0.6188 0.1727 
 982 0.0381 0.0409 0.4503 0.4706 
 983 0.0769 0.0455 0.2889 0.5887 
 984 0.0284 0.6687 0.1213 0.1816 
 985 0.0691 0.1358 0.6493 0.1457 
 986 0.0247 0.0654 0.6648 0.2450 
 987 0.0213 0.0253 0.8217 0.1317 
 988 0.0137 0.0204 0.0927 0.8732 
 989 0.1139 0.5649 0.1494 0.1717 
 990 0.0214 0.0891 0.3752 0.5144 
 991 0.0504 0.1009 0.6430 0.2057 
 992 0.0301 0.0245 0.8710 0.0744 
 993 0.0494 0.0527 0.2150 0.6829 
 994 0.1367 0.1693 0.5773 0.1167 
 995 0.0221 0.8456 0.0882 0.0441 
 996 0.0207 0.0438 0.2840 0.6515 
 997 0.0721 0.0666 0.7782 0.0831 
 998 0.1238 0.0422 0.4996 0.3344 
 999 0.0363 0.1406 0.6407 0.1824 
1000 0.0533 0.0324 0.7197 0.1946 
1001 0.0166 0.0493 0.3576 0.5765 
1002 0.0230 0.0211 0.2991 0.6568 
1003 0.0305 0.0526 0.8065 0.1104 
1004 0.0519 0.0547 0.7449 0.1485 
1005 0.0261 0.0330 0.7957 0.1452 
1006 0.2273 0.1076 0.4924 0.1727 
1007 0.1360 0.1993 0.5552 0.1095 
1008 0.1037 0.2899 0.5135 0.0930 
1009 0.3380 0.1105 0.3002 0.2513 
1010 0.0323 0.0925 0.7613 0.1138 
1011 0.0361 0.2850 0.5486 0.1303 
1012 0.5570 0.0414 0.2793 0.1223 
1013 0.1216 0.0701 0.6844 0.1239 
1014 0.0305 0.0339 0.7216 0.2140 
1015 0.0340 0.0351 0.8497 0.0812 
1016 0.0180 0.0302 0.7492 0.2027 
1017 0.0422 0.0967 0.7636 0.0974 
1018 0.0249 0.0937 0.7733 0.1081 
1019 0.0862 0.1257 0.4317 0.3564 
1020 0.0400 0.7686 0.1321 0.0592 
1021 0.1915 0.4183 0.3025 0.0878 
1022 0.0945 0.1220 0.5931 0.1903 
1023 0.0386 0.0469 0.2125 0.7021 
1024 0.0787 0.0360 0.2302 0.6552 
1025 0.0283 0.0684 0.7114 0.1920 
1026 0.0775 0.2206 0.0840 0.6179 
1027 0.4017 0.1085 0.0931 0.3967 
1028 0.0343 0.1210 0.1023 0.7425 
1029 0.1574 0.1947 0.1747 0.4732 
1030 0.0744 0.4267 0.3441 0.1548 
1031 0.1748 0.2480 0.0755 0.5017 
1032 0.1853 0.3376 0.1350 0.3421 
1033 0.0803 0.3020 0.1264 0.4914 
1034 0.1629 0.1940 0.2428 0.4003 
1035 0.0200 0.7189 0.1282 0.1329 
1036 0.2723 0.3115 0.1634 0.2529 
1037 0.0983 0.4900 0.2701 0.1415 
1038 0.0428 0.5318 0.1356 0.2897 
1039 0.4609 0.2247 0.1343 0.1801 
1040 0.1016 0.1902 0.0920 0.6162 
1041 0.0948 0.2080 0.0710 0.6262 
1042 0.0582 0.4593 0.2489 0.2335 
1043 0.0236 0.2784 0.2046 0.4933 
1044 0.0796 0.1645 0.2696 0.4863 
1045 0.0246 0.2402 0.1029 0.6323 
1046 0.2122 0.3904 0.1552 0.2422 
1047 0.0409 0.7022 0.1304 0.1266 
1048 0.0196 0.0719 0.4678 0.4407 
1049 0.0236 0.0499 0.6559 0.2706 
1050 0.0172 0.0183 0.1288 0.8356 
1051 0.0214 0.0212 0.2955 0.6618 
1052 0.0417 0.0328 0.1854 0.7401 
1053 0.0261 0.0438 0.3351 0.5950 
1054 0.0263 0.0380 0.2688 0.6669 
1055 0.0244 0.0263 0.7797 0.1696 
1056 0.0259 0.0305 0.4893 0.4543 
1057 0.0389 0.0234 0.1182 0.8195 
1058 0.0210 0.0247 0.2725 0.6817 
1059 0.0245 0.0485 0.2027 0.7243 
1060 0.0663 0.0893 0.2690 0.5754 
1061 0.0566 0.0245 0.7337 0.1853 
1062 0.0243 0.0287 0.1801 0.7668 
1063 0.0905 0.0550 0.7547 0.0998 
1064 0.0398 0.0341 0.3384 0.5877 
1065 0.0848 0.0470 0.5905 0.2777 
1066 0.0380 0.0512 0.7506 0.1602 
1067 0.0192 0.0249 0.3497 0.6062 
1068 0.0337 0.2701 0.2509 0.4453 
1069 0.0206 0.0217 0.1639 0.7938 
1070 0.0241 0.0271 0.6058 0.3431 
1071 0.0548 0.0959 0.3046 0.5447 
1072 0.0395 0.0456 0.6821 0.2328 
1073 0.0226 0.0335 0.2488 0.6951 
1074 0.0319 0.0804 0.2968 0.5909 
1075 0.0507 0.0523 0.4316 0.4654 
1076 0.0206 0.0572 0.5162 0.4060 
1077 0.0175 0.0237 0.0815 0.8773 
1078 0.0356 0.0346 0.6703 0.2596 
1079 0.0513 0.0307 0.2050 0.7130 
1080 0.0284 0.0994 0.6701 0.2021 
1081 0.0155 0.0220 0.1232 0.8393 
1082 0.1043 0.0704 0.3002 0.5252 
1083 0.0249 0.0414 0.7118 0.2220 
1084 0.2943 0.0950 0.2781 0.3326 
1085 0.0188 0.0167 0.3543 0.6102 
1086 0.0434 0.0238 0.8058 0.1270 
1087 0.0235 0.0167 0.4028 0.5570 
1088 0.0223 0.0181 0.7021 0.2575 
1089 0.0185 0.0203 0.1433 0.8179 
1090 0.0244 0.0257 0.2646 0.6852 
1091 0.0266 0.0379 0.3911 0.5444 
1092 0.0237 0.0259 0.1215 0.8289 
1093 0.0402 0.0649 0.6289 0.2660 
1094 0.0238 0.0689 0.1723 0.7349 
1095 0.0155 0.0216 0.1030 0.8599 
1096 0.0270 0.0732 0.1802 0.7196 
1097 0.0182 0.0179 0.1421 0.8218 
1098 0.0977 0.0208 0.7845 0.0970 
1099 0.3744 0.0565 0.4590 0.1101 
1100 0.0279 0.0227 0.2285 0.7209 
1101 0.0295 0.0195 0.2876 0.6634 
1102 0.0212 0.0262 0.3729 0.5798 
1103 0.0167 0.0425 0.6568 0.2840 
1104 0.0842 0.0287 0.3694 0.5178 
1105 0.0226 0.0279 0.6104 0.3390 
1106 0.0503 0.0980 0.2021 0.6497 
1107 0.0175 0.0391 0.1037 0.8397 
1108 0.0148 0.0309 0.0701 0.8842 
1109 0.0227 0.0271 0.1939 0.7563 
1110 0.0740 0.3418 0.4904 0.0938 
1111 0.3447 0.3014 0.2798 0.0741 
1112 0.0798 0.6885 0.0542 0.1774 
1113 0.5610 0.1234 0.1975 0.1181 
1114 0.1551 0.2354 0.0963 0.5133 
1115 0.7857 0.0780 0.0582 0.0780 
1116 0.0451 0.7801 0.0826 0.0921 
1117 0.1149 0.1332 0.2135 0.5384 
1118 0.0818 0.7797 0.0509 0.0876 
1119 0.5155 0.1077 0.0927 0.2841 
1120 0.6776 0.1343 0.1077 0.0804 
1121 0.0592 0.5026 0.0856 0.3527 
1122 0.0306 0.3556 0.2673 0.3465 
1123 0.0608 0.1765 0.3252 0.4376 
1124 0.0832 0.7783 0.0521 0.0865 
1125 0.0896 0.4438 0.2453 0.2213 
1126 0.0706 0.4435 0.1131 0.3728 
1127 0.2944 0.4012 0.1143 0.1901 
1128 0.3036 0.4912 0.1319 0.0733 
1129 0.2635 0.1678 0.2152 0.3535 
1130 0.2336 0.1777 0.2963 0.2924 
1131 0.0638 0.1194 0.1046 0.7122 
1132 0.6797 0.1541 0.0611 0.1051 
1133 0.0268 0.7249 0.1047 0.1436 
1134 0.0938 0.7671 0.0748 0.0643 
1135 0.2136 0.0702 0.2306 0.4856 
1136 0.2304 0.0707 0.0658 0.6332 
1137 0.0807 0.5068 0.3003 0.1123 
1138 0.2243 0.2828 0.2272 0.2657 
1139 0.0868 0.7731 0.0658 0.0743 
1140 0.0310 0.2969 0.3041 0.3681 
1141 0.0923 0.2755 0.0865 0.5458 
1142 0.0841 0.1026 0.0749 0.7383 
1143 0.0216 0.2873 0.5130 0.1781 
1144 0.4690 0.2682 0.1048 0.1581 
1145 0.4067 0.1263 0.1178 0.3492 
1146 0.0280 0.4849 0.0909 0.3962 
1147 0.1677 0.0875 0.3450 0.3998 
1148 0.0201 0.0459 0.0579 0.8761 
1149 0.1027 0.4151 0.3118 0.1704 
1150 0.3548 0.2410 0.1627 0.2415 
1151 0.0504 0.7302 0.0568 0.1626 
1152 0.1657 0.1890 0.1194 0.5259 
1153 0.2802 0.0728 0.1409 0.5061 
1154 0.0599 0.3145 0.2373 0.3883 
1155 0.3029 0.3063 0.0926 0.2982 
1156 0.4651 0.3403 0.0825 0.1121 
1157 0.2970 0.2304 0.0526 0.4199 
1158 0.1220 0.5796 0.0854 0.2131 
1159 0.0271 0.0278 0.3333 0.6118 
1160 0.0349 0.0267 0.5914 0.3471 
1161 0.0257 0.0324 0.8604 0.0815 
1162 0.2924 0.0992 0.3336 0.2749 
1163 0.0257 0.3830 0.4129 0.1785 
1164 0.0440 0.1144 0.5125 0.3292 
1165 0.0180 0.0304 0.7255 0.2261 
1166 0.0198 0.1023 0.7945 0.0834 
1167 0.0171 0.0237 0.4817 0.4776 
1168 0.0397 0.0438 0.4076 0.5089 
1169 0.0212 0.0495 0.7357 0.1936 
1170 0.0318 0.0355 0.1150 0.8177 
1171 0.0205 0.0773 0.4602 0.4420 
1172 0.0149 0.0363 0.4544 0.4944 
1173 0.0249 0.0424 0.6210 0.3118 
1174 0.0171 0.0247 0.6796 0.2786 
1175 0.0681 0.0349 0.5833 0.3137 
1176 0.0200 0.0708 0.6590 0.2503 
