   1 0.1530 0.2857 0.5613 
   2 0.0218 0.1908 0.7874 
   3 0.1016 0.5476 0.3508 
   4 0.5437 0.1178 0.3384 
   5 0.0216 0.3000 0.6784 
   6 0.0258 0.9047 0.0695 
   7 0.0190 0.9088 0.0721 
   8 0.3025 0.3796 0.3179 
   9 0.0427 0.3886 0.5686 
  10 0.1116 0.7190 0.1694 
  11 0.0201 0.8465 0.1334 
  12 0.0394 0.3551 0.6055 
  13 0.0386 0.7544 0.2071 
  14 0.0506 0.1876 0.7617 
  15 0.1119 0.2847 0.6033 
  16 0.0421 0.8252 0.1327 
  17 0.0396 0.6005 0.3599 
  18 0.0615 0.6261 0.3124 
  19 0.0339 0.7835 0.1825 
  20 0.0338 0.4447 0.5216 
  21 0.1123 0.1845 0.7032 
  22 0.0523 0.8364 0.1114 
  23 0.1105 0.1308 0.7587 
  24 0.1572 0.4695 0.3733 
  25 0.0153 0.8567 0.1280 
  26 0.0826 0.4729 0.4445 
  27 0.0692 0.6744 0.2564 
  28 0.2281 0.5216 0.2503 
  29 0.0299 0.3721 0.5979 
  30 0.0392 0.8127 0.1481 
  31 0.0759 0.5603 0.3639 
  32 0.0783 0.2447 0.6770 
  33 0.0883 0.4731 0.4386 
  34 0.0402 0.8339 0.1259 
  35 0.0248 0.4280 0.5472 
  36 0.0366 0.3677 0.5957 
  37 0.0984 0.1727 0.7289 
  38 0.0169 0.8009 0.1822 
  39 0.0281 0.7119 0.2601 
  40 0.1785 0.1844 0.6370 
  41 0.0336 0.3848 0.5815 
  42 0.2396 0.1342 0.6262 
  43 0.0369 0.0845 0.8786 
  44 0.0220 0.2589 0.7190 
  45 0.0192 0.3507 0.6301 
  46 0.0217 0.7417 0.2366 
  47 0.0403 0.5629 0.3968 
  48 0.0253 0.2585 0.7162 
  49 0.0309 0.3942 0.5749 
  50 0.0544 0.8105 0.1351 
  51 0.0245 0.1043 0.8712 
  52 0.0368 0.7100 0.2533 
  53 0.0445 0.8508 0.1047 
  54 0.0349 0.1373 0.8277 
  55 0.0238 0.0861 0.8902 
  56 0.0399 0.4183 0.5418 
  57 0.1199 0.5932 0.2869 
  58 0.0341 0.2066 0.7592 
  59 0.0277 0.3578 0.6144 
  60 0.0922 0.1529 0.7550 
  61 0.0401 0.0499 0.9100 
  62 0.0305 0.5535 0.4160 
  63 0.0447 0.1649 0.7904 
  64 0.0197 0.8050 0.1753 
  65 0.0144 0.5248 0.4608 
  66 0.0472 0.0827 0.8701 
  67 0.0196 0.0969 0.8834 
  68 0.0349 0.3108 0.6543 
  69 0.0905 0.5448 0.3648 
  70 0.0305 0.1526 0.8169 
  71 0.0148 0.3239 0.6613 
  72 0.0228 0.6337 0.3435 
  73 0.0163 0.1338 0.8499 
  74 0.0828 0.3258 0.5913 
  75 0.0791 0.1073 0.8136 
  76 0.0241 0.1988 0.7770 
  77 0.0241 0.2924 0.6834 
  78 0.0319 0.4321 0.5360 
  79 0.0241 0.8493 0.1266 
  80 0.6092 0.2047 0.1861 
  81 0.3907 0.3640 0.2453 
  82 0.0484 0.1594 0.7922 
  83 0.2262 0.3851 0.3887 
  84 0.1512 0.3527 0.4961 
  85 0.2609 0.2946 0.4445 
  86 0.0238 0.3223 0.6540 
  87 0.0271 0.7322 0.2407 
  88 0.1092 0.1627 0.7281 
  89 0.1530 0.1127 0.7343 
  90 0.0310 0.5416 0.4275 
  91 0.4856 0.1488 0.3656 
  92 0.0515 0.4675 0.4810 
  93 0.8702 0.0547 0.0751 
  94 0.0219 0.9100 0.0681 
  95 0.0538 0.1918 0.7544 
  96 0.0771 0.0497 0.8732 
  97 0.0938 0.1620 0.7442 
  98 0.0447 0.1773 0.7780 
  99 0.1204 0.3431 0.5365 
 100 0.4794 0.0579 0.4627 
 101 0.0309 0.1799 0.7892 
 102 0.1690 0.1265 0.7044 
 103 0.0378 0.0721 0.8901 
 104 0.0343 0.6180 0.3476 
 105 0.0296 0.0893 0.8811 
 106 0.0113 0.8946 0.0941 
 107 0.0464 0.2388 0.7148 
 108 0.0199 0.2574 0.7227 
 109 0.0111 0.7230 0.2659 
 110 0.0148 0.8032 0.1820 
 111 0.0196 0.8067 0.1737 
 112 0.0132 0.8748 0.1120 
 113 0.0271 0.1723 0.8006 
 114 0.0458 0.5222 0.4320 
 115 0.0181 0.2013 0.7806 
 116 0.0124 0.6449 0.3427 
 117 0.0189 0.4242 0.5569 
 118 0.0169 0.2270 0.7561 
 119 0.0904 0.0759 0.8337 
 120 0.0242 0.4794 0.4964 
 121 0.0147 0.1405 0.8448 
 122 0.0161 0.8325 0.1514 
 123 0.0250 0.5186 0.4564 
 124 0.0165 0.5462 0.4373 
 125 0.0262 0.6213 0.3525 
 126 0.0321 0.6705 0.2974 
 127 0.0226 0.7629 0.2145 
 128 0.0171 0.1363 0.8466 
 129 0.0130 0.1227 0.8643 
 130 0.0540 0.4060 0.5400 
 131 0.0154 0.4385 0.5462 
 132 0.0125 0.8082 0.1793 
 133 0.0299 0.4548 0.5152 
 134 0.0094 0.9254 0.0653 
 135 0.3325 0.0711 0.5964 
 136 0.8824 0.0534 0.0642 
 137 0.8075 0.0607 0.1318 
 138 0.8846 0.0533 0.0621 
 139 0.1183 0.0718 0.8099 
 140 0.5033 0.1994 0.2974 
 141 0.8211 0.0929 0.0860 
 142 0.4871 0.0676 0.4453 
 143 0.9088 0.0352 0.0561 
 144 0.8106 0.0558 0.1336 
 145 0.6544 0.1471 0.1985 
 146 0.3871 0.1744 0.4385 
 147 0.9154 0.0383 0.0463 
 148 0.6527 0.1220 0.2252 
 149 0.8356 0.0578 0.1065 
 150 0.5123 0.0980 0.3897 
 151 0.8440 0.0525 0.1035 
 152 0.5469 0.1384 0.3147 
 153 0.7976 0.0768 0.1256 
 154 0.8504 0.0581 0.0916 
 155 0.8798 0.0487 0.0715 
 156 0.6054 0.0547 0.3399 
 157 0.6701 0.1251 0.2048 
 158 0.7443 0.1226 0.1330 
 159 0.9067 0.0377 0.0556 
 160 0.8973 0.0407 0.0619 
 161 0.6261 0.0949 0.2790 
 162 0.2951 0.2084 0.4965 
 163 0.8850 0.0444 0.0706 
 164 0.4165 0.1881 0.3953 
 165 0.6495 0.0854 0.2652 
 166 0.4574 0.1316 0.4110 
 167 0.7383 0.1561 0.1056 
 168 0.7802 0.0838 0.1360 
 169 0.4472 0.3790 0.1738 
 170 0.5592 0.0517 0.3892 
 171 0.5256 0.1185 0.3559 
 172 0.6403 0.1305 0.2292 
 173 0.8654 0.0420 0.0926 
 174 0.8670 0.0557 0.0773 
 175 0.8931 0.0497 0.0572 
 176 0.8127 0.0547 0.1327 
 177 0.4710 0.2176 0.3113 
 178 0.8341 0.0860 0.0799 
 179 0.9085 0.0398 0.0517 
 180 0.6618 0.1666 0.1716 
 181 0.5790 0.0765 0.3445 
 182 0.7220 0.0449 0.2331 
 183 0.8849 0.0429 0.0723 
 184 0.0239 0.2321 0.7440 
 185 0.7915 0.0391 0.1694 
 186 0.0209 0.2377 0.7413 
 187 0.1335 0.0913 0.7752 
 188 0.0152 0.2009 0.7839 
 189 0.2427 0.4381 0.3192 
 190 0.1049 0.0345 0.8606 
 191 0.0379 0.1113 0.8508 
 192 0.0894 0.0990 0.8115 
 193 0.1038 0.1364 0.7598 
 194 0.0614 0.0806 0.8581 
 195 0.3279 0.0457 0.6264 
 196 0.0723 0.0575 0.8702 
 197 0.0567 0.2767 0.6667 
 198 0.0771 0.2386 0.6844 
 199 0.0612 0.0679 0.8710 
 200 0.0888 0.2165 0.6947 
 201 0.5200 0.0598 0.4202 
 202 0.3696 0.0578 0.5726 
 203 0.3918 0.0569 0.5514 
 204 0.0638 0.0437 0.8924 
 205 0.0378 0.0799 0.8823 
 206 0.0797 0.0587 0.8616 
 207 0.0250 0.0560 0.9190 
 208 0.1383 0.0532 0.8085 
 209 0.0564 0.1061 0.8375 
 210 0.0789 0.0571 0.8640 
 211 0.0409 0.0520 0.9071 
 212 0.6673 0.0726 0.2601 
 213 0.0292 0.0848 0.8861 
 214 0.4619 0.0552 0.4828 
 215 0.0226 0.0772 0.9002 
 216 0.0306 0.1847 0.7848 
 217 0.4102 0.0790 0.5109 
 218 0.0528 0.0905 0.8567 
 219 0.1452 0.3152 0.5396 
 220 0.0312 0.0576 0.9113 
 221 0.7235 0.0361 0.2405 
 222 0.0567 0.2785 0.6647 
 223 0.2455 0.1128 0.6416 
 224 0.2132 0.0608 0.7260 
 225 0.0532 0.0540 0.8928 
 226 0.0774 0.2293 0.6933 
 227 0.1029 0.0585 0.8386 
 228 0.2283 0.0421 0.7296 
 229 0.2329 0.0765 0.6906 
 230 0.1068 0.0540 0.8391 
 231 0.2820 0.1205 0.5975 
 232 0.0863 0.1017 0.8120 
 233 0.6202 0.0582 0.3216 
 234 0.1048 0.1717 0.7235 
 235 0.1827 0.1329 0.6845 
 236 0.1893 0.0745 0.7362 
 237 0.0436 0.0745 0.8819 
 238 0.3939 0.0714 0.5347 
 239 0.3322 0.0462 0.6217 
 240 0.3966 0.0710 0.5325 
 241 0.4541 0.0511 0.4948 
 242 0.1538 0.3171 0.5291 
 243 0.0727 0.0398 0.8876 
 244 0.2570 0.0530 0.6900 
 245 0.7606 0.0493 0.1901 
 246 0.4083 0.0792 0.5126 
 247 0.0166 0.1956 0.7878 
 248 0.0192 0.0847 0.8961 
 249 0.1860 0.0564 0.7577 
 250 0.0925 0.0756 0.8320 
 251 0.0560 0.3635 0.5806 
 252 0.1092 0.0703 0.8205 
 253 0.0319 0.1645 0.8036 
 254 0.0608 0.1735 0.7657 
 255 0.1191 0.1672 0.7137 
 256 0.1594 0.0573 0.7833 
 257 0.0490 0.0638 0.8871 
 258 0.0391 0.1094 0.8515 
 259 0.0362 0.0690 0.8948 
 260 0.1673 0.1963 0.6364 
 261 0.2343 0.0661 0.6996 
 262 0.3385 0.0452 0.6163 
 263 0.0327 0.0855 0.8818 
 264 0.0159 0.6604 0.3238 
 265 0.1078 0.1424 0.7498 
 266 0.6953 0.0370 0.2677 
 267 0.1223 0.1402 0.7376 
 268 0.0733 0.0546 0.8721 
 269 0.2136 0.4423 0.3441 
 270 0.0332 0.1653 0.8015 
 271 0.0292 0.0743 0.8965 
 272 0.0404 0.1602 0.7994 
 273 0.1939 0.1376 0.6685 
 274 0.0504 0.1348 0.8148 
 275 0.0877 0.1181 0.7941 
 276 0.0359 0.2150 0.7491 
 277 0.1616 0.1119 0.7265 
 278 0.0321 0.0690 0.8988 
 279 0.0733 0.0773 0.8494 
 280 0.0796 0.2083 0.7121 
 281 0.0480 0.0982 0.8538 
 282 0.3869 0.1160 0.4971 
 283 0.5184 0.0822 0.3995 
 284 0.0812 0.0782 0.8407 
 285 0.0130 0.1011 0.8859 
 286 0.2597 0.0539 0.6864 
 287 0.1178 0.2294 0.6528 
 288 0.0449 0.1769 0.7782 
 289 0.0746 0.2119 0.7135 
 290 0.0356 0.2271 0.7373 
 291 0.0303 0.0749 0.8948 
 292 0.1114 0.1382 0.7504 
 293 0.0340 0.4950 0.4710 
 294 0.0281 0.1039 0.8680 
 295 0.0923 0.3325 0.5752 
 296 0.0324 0.0682 0.8994 
 297 0.0432 0.2749 0.6819 
 298 0.2078 0.1161 0.6761 
 299 0.0377 0.1398 0.8225 
 300 0.0237 0.0697 0.9066 
 301 0.0365 0.2490 0.7145 
 302 0.0270 0.0860 0.8870 
 303 0.2305 0.0906 0.6789 
 304 0.2766 0.2457 0.4777 
 305 0.1738 0.0552 0.7710 
 306 0.3992 0.1014 0.4994 
 307 0.0672 0.0850 0.8479 
 308 0.2354 0.0663 0.6983 
 309 0.0349 0.0724 0.8928 
 310 0.1682 0.0462 0.7856 
 311 0.1089 0.0536 0.8375 
 312 0.0286 0.0522 0.9191 
 313 0.0179 0.0489 0.9332 
 314 0.9171 0.0359 0.0471 
 315 0.8871 0.0485 0.0644 
 316 0.8885 0.0570 0.0546 
 317 0.9248 0.0362 0.0390 
 318 0.9268 0.0375 0.0356 
 319 0.9101 0.0366 0.0533 
 320 0.9166 0.0357 0.0477 
 321 0.9219 0.0390 0.0391 
 322 0.8824 0.0537 0.0639 
 323 0.9229 0.0373 0.0398 
 324 0.9228 0.0388 0.0384 
 325 0.8981 0.0549 0.0470 
 326 0.9081 0.0500 0.0419 
 327 0.9255 0.0357 0.0389 
 328 0.8780 0.0547 0.0674 
 329 0.9213 0.0357 0.0430 
 330 0.9258 0.0356 0.0386 
 331 0.9231 0.0361 0.0408 
 332 0.8963 0.0590 0.0447 
 333 0.9026 0.0481 0.0493 
 334 0.8764 0.0548 0.0688 
 335 0.8923 0.0485 0.0592 
 336 0.9217 0.0383 0.0400 
 337 0.8904 0.0574 0.0523 
 338 0.9255 0.0393 0.0352 
 339 0.9226 0.0363 0.0411 
 340 0.9247 0.0342 0.0411 
 341 0.9250 0.0351 0.0399 
 342 0.9260 0.0359 0.0381 
 343 0.8725 0.0550 0.0725 
 344 0.9262 0.0356 0.0382 
 345 0.9238 0.0370 0.0393 
 346 0.9281 0.0358 0.0361 
 347 0.9304 0.0323 0.0373 
 348 0.8775 0.0472 0.0752 
 349 0.9257 0.0361 0.0382 
 350 0.9068 0.0361 0.0571 
 351 0.8922 0.0487 0.0591 
 352 0.8964 0.0512 0.0524 
 353 0.9214 0.0392 0.0394 
 354 0.9222 0.0360 0.0418 
 355 0.9273 0.0373 0.0353 
 356 0.8299 0.0470 0.1231 
 357 0.5589 0.3463 0.0948 
 358 0.8976 0.0527 0.0497 
 359 0.9212 0.0377 0.0411 
 360 0.9293 0.0354 0.0353 
 361 0.4617 0.3775 0.1608 
 362 0.0290 0.7652 0.2059 
 363 0.0182 0.8410 0.1407 
 364 0.2526 0.5931 0.1544 
 365 0.0250 0.8700 0.1050 
 366 0.0704 0.5713 0.3583 
 367 0.0111 0.9277 0.0612 
 368 0.0230 0.5940 0.3830 
 369 0.2782 0.3110 0.4108 
 370 0.0251 0.1875 0.7874 
 371 0.0590 0.4453 0.4957 
 372 0.0750 0.2859 0.6391 
 373 0.0394 0.8184 0.1423 
 374 0.2660 0.5394 0.1946 
 375 0.0194 0.8548 0.1258 
 376 0.0143 0.9411 0.0446 
 377 0.0294 0.7306 0.2399 
 378 0.1484 0.6224 0.2292 
 379 0.0141 0.9354 0.0505 
 380 0.1191 0.5690 0.3118 
 381 0.0704 0.8020 0.1275 
 382 0.0185 0.9076 0.0739 
 383 0.1575 0.7320 0.1105 
 384 0.0831 0.7470 0.1699 
 385 0.0797 0.7667 0.1536 
 386 0.0169 0.8985 0.0846 
 387 0.0209 0.8833 0.0958 
 388 0.2179 0.4114 0.3707 
 389 0.0206 0.1459 0.8336 
 390 0.0236 0.6078 0.3685 
 391 0.0421 0.3835 0.5745 
 392 0.0407 0.8632 0.0961 
 393 0.0486 0.6590 0.2925 
 394 0.2025 0.5209 0.2766 
 395 0.0195 0.3220 0.6585 
 396 0.0125 0.8791 0.1084 
 397 0.0787 0.3951 0.5262 
 398 0.0132 0.9273 0.0595 
 399 0.0180 0.8086 0.1734 
 400 0.0279 0.8910 0.0810 
 401 0.0312 0.7134 0.2553 
 402 0.0260 0.3728 0.6012 
 403 0.2174 0.2679 0.5147 
 404 0.0421 0.5139 0.4440 
 405 0.0398 0.5854 0.3747 
 406 0.0618 0.2733 0.6650 
 407 0.0134 0.9274 0.0591 
 408 0.0114 0.2573 0.7313 
 409 0.2063 0.1598 0.6338 
 410 0.0468 0.8685 0.0846 
 411 0.1043 0.6722 0.2235 
 412 0.0216 0.8255 0.1528 
 413 0.0926 0.3935 0.5139 
 414 0.0137 0.8258 0.1605 
 415 0.0222 0.8684 0.1094 
 416 0.0355 0.8083 0.1562 
 417 0.0181 0.9189 0.0630 
 418 0.0144 0.9020 0.0836 
 419 0.0764 0.2374 0.6862 
 420 0.0192 0.6743 0.3065 
 421 0.0195 0.8662 0.1143 
 422 0.0214 0.3467 0.6319 
 423 0.0257 0.7836 0.1908 
 424 0.0298 0.3698 0.6004 
 425 0.0476 0.5980 0.3543 
 426 0.0384 0.8265 0.1350 
 427 0.0690 0.8415 0.0894 
 428 0.0655 0.3138 0.6207 
 429 0.0119 0.9390 0.0492 
 430 0.0180 0.8721 0.1099 
 431 0.0294 0.5335 0.4371 
 432 0.0264 0.6406 0.3330 
 433 0.0966 0.1222 0.7812 
 434 0.0725 0.6516 0.2759 
 435 0.0140 0.9039 0.0820 
 436 0.0266 0.9175 0.0559 
 437 0.0152 0.9172 0.0677 
 438 0.0334 0.4233 0.5433 
 439 0.0220 0.9152 0.0628 
 440 0.0111 0.9374 0.0514 
 441 0.0500 0.8056 0.1444 
 442 0.0161 0.8667 0.1172 
 443 0.0132 0.8680 0.1189 
 444 0.0164 0.8769 0.1066 
 445 0.0938 0.5011 0.4051 
 446 0.0158 0.9100 0.0742 
 447 0.0386 0.6852 0.2762 
 448 0.0167 0.8536 0.1297 
 449 0.0318 0.7571 0.2112 
 450 0.0350 0.8888 0.0762 
 451 0.0111 0.8206 0.1683 
 452 0.0262 0.9144 0.0593 
 453 0.0272 0.1583 0.8145 
 454 0.0334 0.8798 0.0868 
 455 0.0164 0.8070 0.1766 
 456 0.0144 0.8619 0.1237 
 457 0.0178 0.9157 0.0664 
 458 0.0216 0.9151 0.0633 
 459 0.0703 0.6063 0.3234 
 460 0.0146 0.9164 0.0689 
 461 0.0153 0.9296 0.0551 
 462 0.0109 0.8826 0.1065 
 463 0.0271 0.3491 0.6238 
 464 0.0140 0.8842 0.1017 
 465 0.0200 0.6449 0.3351 
 466 0.0152 0.5099 0.4748 
 467 0.0309 0.8192 0.1499 
 468 0.0143 0.9035 0.0822 
 469 0.0185 0.9237 0.0577 
 470 0.0146 0.9264 0.0590 
 471 0.0164 0.5113 0.4723 
 472 0.0197 0.7301 0.2502 
 473 0.0302 0.7430 0.2268 
 474 0.0260 0.8921 0.0819 
 475 0.0347 0.5635 0.4018 
 476 0.0204 0.9119 0.0678 
 477 0.0297 0.7282 0.2421 
 478 0.0133 0.8999 0.0868 
 479 0.0134 0.9287 0.0580 
 480 0.0163 0.9372 0.0465 
 481 0.0157 0.6976 0.2867 
 482 0.0128 0.9428 0.0444 
 483 0.0207 0.8818 0.0975 
 484 0.0217 0.5749 0.4034 
 485 0.0155 0.8924 0.0921 
 486 0.0288 0.4784 0.4928 
 487 0.0920 0.5563 0.3516 
 488 0.0341 0.3037 0.6622 
 489 0.1343 0.2986 0.5671 
 490 0.0147 0.7794 0.2059 
 491 0.0496 0.1208 0.8297 
 492 0.0794 0.1264 0.7942 
 493 0.0391 0.4554 0.5055 
 494 0.0457 0.2703 0.6840 
 495 0.0520 0.3305 0.6176 
 496 0.1294 0.1028 0.7678 
 497 0.0955 0.2902 0.6143 
 498 0.0348 0.4272 0.5379 
 499 0.2532 0.2647 0.4821 
 500 0.0372 0.6733 0.2894 
 501 0.0849 0.2877 0.6274 
 502 0.1005 0.2596 0.6399 
 503 0.0204 0.8034 0.1761 
 504 0.0209 0.3089 0.6702 
 505 0.0358 0.1303 0.8339 
 506 0.1019 0.4093 0.4888 
 507 0.6593 0.0542 0.2865 
 508 0.4260 0.0710 0.5029 
 509 0.0749 0.1068 0.8182 
 510 0.2025 0.4024 0.3951 
 511 0.0276 0.7901 0.1823 
 512 0.0151 0.9020 0.0829 
 513 0.0184 0.0542 0.9274 
 514 0.0279 0.4499 0.5222 
 515 0.0854 0.6121 0.3025 
 516 0.0238 0.1557 0.8205 
 517 0.0681 0.3301 0.6018 
 518 0.2664 0.4333 0.3003 
 519 0.0305 0.4617 0.5078 
 520 0.2069 0.2357 0.5574 
 521 0.2264 0.1263 0.6473 
 522 0.0213 0.5781 0.4006 
 523 0.0754 0.1219 0.8027 
 524 0.0421 0.6384 0.3195 
 525 0.1944 0.4160 0.3896 
 526 0.0398 0.3110 0.6491 
 527 0.0268 0.8460 0.1272 
 528 0.4642 0.0777 0.4581 
 529 0.0620 0.2012 0.7368 
 530 0.0554 0.6795 0.2651 
 531 0.3166 0.2588 0.4246 
 532 0.2288 0.3851 0.3861 
 533 0.0379 0.6090 0.3530 
 534 0.0465 0.1150 0.8385 
 535 0.0276 0.2172 0.7552 
 536 0.0670 0.1834 0.7496 
 537 0.0999 0.0646 0.8356 
 538 0.0718 0.1003 0.8280 
 539 0.7017 0.0609 0.2374 
 540 0.1296 0.1641 0.7062 
 541 0.4197 0.1364 0.4439 
 542 0.0276 0.1958 0.7766 
 543 0.0599 0.0782 0.8619 
 544 0.0379 0.1149 0.8472 
 545 0.0182 0.1917 0.7901 
 546 0.0529 0.1005 0.8466 
 547 0.0540 0.0741 0.8718 
 548 0.0922 0.0731 0.8347 
 549 0.3489 0.1245 0.5266 
 550 0.0573 0.4303 0.5124 
 551 0.4720 0.1007 0.4273 
 552 0.0865 0.0970 0.8166 
 553 0.0747 0.0544 0.8710 
 554 0.0840 0.3671 0.5489 
 555 0.1298 0.0603 0.8098 
 556 0.0447 0.0885 0.8668 
 557 0.0414 0.2544 0.7042 
 558 0.0136 0.9454 0.0410 
 559 0.0241 0.5104 0.4655 
 560 0.0104 0.8919 0.0977 
 561 0.0141 0.7471 0.2388 
 562 0.0101 0.8175 0.1725 
 563 0.0741 0.3022 0.6237 
 564 0.0230 0.1720 0.8050 
 565 0.0169 0.9236 0.0595 
 566 0.0103 0.9288 0.0609 
 567 0.0162 0.3042 0.6796 
 568 0.0231 0.4001 0.5768 
 569 0.0234 0.5170 0.4597 
 570 0.0108 0.9411 0.0482 
 571 0.0181 0.8043 0.1776 
 572 0.1500 0.2658 0.5842 
 573 0.0264 0.4294 0.5442 
 574 0.0715 0.7847 0.1438 
 575 0.0371 0.2997 0.6632 
 576 0.0105 0.9121 0.0773 
 577 0.0605 0.8029 0.1367 
 578 0.0188 0.7025 0.2787 
 579 0.0162 0.8169 0.1669 
 580 0.0298 0.8762 0.0940 
 581 0.0220 0.8930 0.0850 
 582 0.0129 0.9172 0.0699 
 583 0.0185 0.8629 0.1186 
 584 0.0126 0.9076 0.0797 
 585 0.0150 0.7986 0.1863 
 586 0.0232 0.8116 0.1652 
 587 0.0122 0.8234 0.1644 
 588 0.0144 0.0531 0.9325 
 589 0.0138 0.8408 0.1455 
 590 0.0166 0.7723 0.2111 
 591 0.0195 0.7195 0.2611 
 592 0.0136 0.3432 0.6432 
 593 0.0310 0.6108 0.3581 
 594 0.0469 0.4690 0.4841 
 595 0.0121 0.8805 0.1074 
 596 0.0287 0.3737 0.5976 
 597 0.1342 0.5993 0.2665 
 598 0.0124 0.9450 0.0425 
 599 0.0118 0.6933 0.2949 
 600 0.0374 0.8166 0.1459 
 601 0.0116 0.8846 0.1038 
 602 0.0612 0.2896 0.6492 
 603 0.0549 0.2678 0.6773 
 604 0.0389 0.5078 0.4533 
 605 0.0218 0.5728 0.4054 
 606 0.0467 0.1753 0.7780 
 607 0.2257 0.5270 0.2472 
 608 0.4224 0.4155 0.1621 
 609 0.0328 0.8430 0.1242 
 610 0.0253 0.6924 0.2823 
 611 0.0517 0.3059 0.6424 
 612 0.0205 0.9040 0.0755 
 613 0.0309 0.7926 0.1765 
 614 0.0164 0.8982 0.0854 
 615 0.0427 0.7658 0.1915 
 616 0.1500 0.5586 0.2914 
 617 0.0187 0.8160 0.1652 
 618 0.1199 0.5980 0.2821 
 619 0.0616 0.3110 0.6275 
 620 0.0106 0.3216 0.6678 
 621 0.0170 0.9048 0.0782 
 622 0.0905 0.6434 0.2661 
 623 0.0196 0.6380 0.3424 
 624 0.0957 0.8031 0.1012 
 625 0.0862 0.7455 0.1682 
 626 0.4256 0.2125 0.3619 
 627 0.0285 0.7390 0.2326 
 628 0.0334 0.6955 0.2710 
 629 0.0324 0.6107 0.3569 
 630 0.0328 0.8205 0.1467 
 631 0.0287 0.8504 0.1209 
 632 0.0797 0.1142 0.8061 
 633 0.0553 0.8213 0.1234 
 634 0.1075 0.6057 0.2869 
 635 0.4267 0.2094 0.3638 
 636 0.1693 0.6620 0.1686 
 637 0.0327 0.1638 0.8036 
 638 0.0497 0.6028 0.3475 
 639 0.0503 0.7698 0.1799 
 640 0.0249 0.8633 0.1119 
 641 0.0356 0.6352 0.3292 
 642 0.3255 0.1209 0.5536 
 643 0.7903 0.0708 0.1390 
 644 0.5650 0.1721 0.2630 
 645 0.7072 0.1665 0.1263 
 646 0.0415 0.1545 0.8039 
 647 0.1203 0.1052 0.7745 
 648 0.2347 0.2735 0.4918 
 649 0.0644 0.0692 0.8664 
 650 0.0575 0.1242 0.8183 
 651 0.4131 0.2315 0.3554 
 652 0.5208 0.1322 0.3471 
 653 0.2065 0.1571 0.6364 
 654 0.2238 0.0773 0.6989 
 655 0.5022 0.2200 0.2777 
 656 0.0984 0.1278 0.7738 
 657 0.1168 0.6217 0.2615 
 658 0.1054 0.2600 0.6346 
 659 0.4504 0.1762 0.3734 
 660 0.4305 0.0690 0.5005 
 661 0.6129 0.1197 0.2674 
 662 0.0380 0.0570 0.9050 
 663 0.3671 0.1159 0.5170 
 664 0.1467 0.3763 0.4770 
 665 0.0461 0.0799 0.8740 
 666 0.2663 0.0966 0.6371 
 667 0.0370 0.2125 0.7505 
 668 0.4068 0.2389 0.3543 
 669 0.1070 0.1175 0.7754 
 670 0.8400 0.0418 0.1181 
 671 0.5345 0.0634 0.4021 
 672 0.6659 0.1176 0.2166 
 673 0.9183 0.0389 0.0428 
 674 0.7699 0.0775 0.1526 
 675 0.8146 0.0545 0.1309 
 676 0.9145 0.0368 0.0487 
 677 0.7121 0.0366 0.2514 
 678 0.9163 0.0387 0.0450 
 679 0.8514 0.0761 0.0725 
 680 0.8444 0.0619 0.0937 
 681 0.2456 0.2648 0.4896 
 682 0.8647 0.0571 0.0781 
 683 0.8629 0.0393 0.0978 
 684 0.9057 0.0394 0.0549 
 685 0.9169 0.0344 0.0486 
 686 0.5885 0.0599 0.3515 
 687 0.5293 0.0597 0.4110 
 688 0.8206 0.0544 0.1250 
 689 0.9184 0.0354 0.0462 
 690 0.9138 0.0378 0.0484 
 691 0.8366 0.0673 0.0961 
 692 0.8675 0.0622 0.0703 
 693 0.8441 0.0647 0.0912 
 694 0.9189 0.0326 0.0484 
 695 0.8729 0.0457 0.0814 
 696 0.8244 0.0550 0.1207 
 697 0.9026 0.0382 0.0593 
 698 0.9063 0.0372 0.0565 
 699 0.7819 0.0450 0.1732 
 700 0.8367 0.0718 0.0915 
 701 0.8158 0.0817 0.1025 
 702 0.6672 0.0903 0.2425 
 703 0.8344 0.0593 0.1063 
 704 0.8234 0.0495 0.1271 
 705 0.3357 0.1137 0.5506 
 706 0.8592 0.0533 0.0876 
 707 0.8963 0.0390 0.0647 
 708 0.8853 0.0379 0.0768 
 709 0.8801 0.0384 0.0815 
 710 0.9180 0.0336 0.0483 
 711 0.7902 0.0576 0.1522 
 712 0.8229 0.0340 0.1432 
 713 0.8313 0.0502 0.1185 
 714 0.7715 0.0836 0.1449 
 715 0.8891 0.0328 0.0781 
 716 0.8719 0.0500 0.0781 
 717 0.9118 0.0333 0.0548 
 718 0.7368 0.0620 0.2012 
 719 0.8875 0.0335 0.0791 
 720 0.0199 0.8434 0.1367 
 721 0.6071 0.2778 0.1151 
 722 0.0402 0.8186 0.1411 
 723 0.0337 0.8798 0.0864 
 724 0.1265 0.7824 0.0911 
 725 0.1410 0.3683 0.4907 
 726 0.0690 0.7303 0.2007 
 727 0.1158 0.1958 0.6884 
 728 0.0115 0.9443 0.0442 
 729 0.0123 0.9387 0.0490 
 730 0.0204 0.8735 0.1061 
 731 0.0293 0.8995 0.0711 
 732 0.0327 0.8811 0.0862 
 733 0.0177 0.9283 0.0540 
 734 0.0115 0.9376 0.0509 
 735 0.0246 0.9271 0.0483 
 736 0.0218 0.9008 0.0774 
 737 0.0245 0.8070 0.1685 
 738 0.0197 0.9038 0.0765 
 739 0.0158 0.9333 0.0508 
 740 0.7733 0.1016 0.1251 
 741 0.4970 0.1889 0.3141 
 742 0.1166 0.7154 0.1680 
 743 0.0574 0.6346 0.3080 
 744 0.0354 0.1131 0.8514 
 745 0.0168 0.5893 0.3940 
 746 0.1097 0.3030 0.5873 
 747 0.0308 0.2851 0.6840 
 748 0.3067 0.1467 0.5466 
 749 0.0652 0.1693 0.7656 
 750 0.0456 0.2399 0.7145 
 751 0.4271 0.1977 0.3752 
 752 0.0386 0.2857 0.6757 
 753 0.1267 0.3629 0.5103 
 754 0.3145 0.2613 0.4242 
 755 0.0870 0.2505 0.6625 
 756 0.1320 0.1480 0.7200 
 757 0.0554 0.2087 0.7359 
 758 0.0164 0.3147 0.6689 
 759 0.4704 0.2646 0.2650 
 760 0.0818 0.7203 0.1978 
 761 0.2157 0.5582 0.2260 
 762 0.0262 0.8395 0.1343 
 763 0.1251 0.3663 0.5085 
 764 0.0407 0.2757 0.6836 
 765 0.0328 0.7887 0.1784 
 766 0.2995 0.3368 0.3637 
 767 0.1287 0.2708 0.6005 
 768 0.0267 0.8352 0.1381 
 769 0.1633 0.6327 0.2040 
 770 0.0240 0.8131 0.1629 
 771 0.0507 0.0783 0.8711 
 772 0.2365 0.4041 0.3594 
 773 0.0653 0.4751 0.4597 
 774 0.3605 0.1992 0.4402 
 775 0.0503 0.8503 0.0994 
 776 0.0277 0.3746 0.5977 
 777 0.0474 0.2366 0.7159 
 778 0.0600 0.1291 0.8109 
 779 0.1012 0.3949 0.5038 
 780 0.2966 0.1832 0.5202 
 781 0.0715 0.0728 0.8557 
 782 0.1054 0.3939 0.5007 
 783 0.2128 0.4567 0.3305 
 784 0.0371 0.6877 0.2752 
 785 0.0929 0.3818 0.5253 
 786 0.4474 0.2733 0.2793 
 787 0.1471 0.0697 0.7832 
 788 0.0537 0.6766 0.2697 
 789 0.0446 0.7560 0.1994 
 790 0.1847 0.3164 0.4990 
 791 0.0761 0.3311 0.5928 
 792 0.3575 0.1191 0.5234 
 793 0.1823 0.1439 0.6739 
 794 0.0683 0.3082 0.6236 
 795 0.3950 0.1735 0.4315 
 796 0.0842 0.2367 0.6790 
 797 0.5280 0.1031 0.3689 
 798 0.0142 0.8436 0.1421 
 799 0.0364 0.6057 0.3580 
 800 0.2337 0.0605 0.7058 
 801 0.0285 0.7766 0.1949 
 802 0.1716 0.4742 0.3543 
 803 0.1680 0.1419 0.6902 
 804 0.0458 0.1758 0.7784 
 805 0.8106 0.0614 0.1279 
 806 0.0648 0.3271 0.6082 
 807 0.6776 0.0736 0.2488 
 808 0.2364 0.0844 0.6792 
 809 0.0359 0.2046 0.7596 
 810 0.0994 0.5232 0.3774 
 811 0.2287 0.0930 0.6783 
 812 0.0163 0.0897 0.8940 
 813 0.0176 0.8394 0.1431 
 814 0.0206 0.1136 0.8658 
 815 0.1795 0.1943 0.6262 
 816 0.2842 0.3845 0.3314 
 817 0.1700 0.4765 0.3535 
 818 0.0392 0.4329 0.5279 
 819 0.0472 0.0859 0.8669 
 820 0.0697 0.1801 0.7502 
 821 0.0547 0.7551 0.1903 
 822 0.0132 0.7759 0.2108 
 823 0.1916 0.5973 0.2111 
 824 0.0902 0.4724 0.4374 
 825 0.0233 0.7166 0.2600 
 826 0.0206 0.4942 0.4852 
 827 0.0257 0.8867 0.0877 
 828 0.0473 0.8394 0.1134 
 829 0.0502 0.7388 0.2110 
 830 0.0175 0.9072 0.0753 
 831 0.0769 0.5624 0.3606 
 832 0.0675 0.3445 0.5879 
 833 0.1151 0.5201 0.3648 
 834 0.0645 0.5755 0.3600 
 835 0.0179 0.4057 0.5764 
 836 0.0351 0.2300 0.7349 
 837 0.1588 0.5276 0.3136 
 838 0.0160 0.1980 0.7860 
 839 0.0357 0.7744 0.1898 
 840 0.0517 0.1130 0.8352 
 841 0.0370 0.1311 0.8320 
 842 0.0142 0.6406 0.3452 
 843 0.1220 0.0955 0.7825 
 844 0.0651 0.2573 0.6776 
 845 0.0205 0.5756 0.4040 
 846 0.0443 0.2451 0.7106 
 847 0.0837 0.1799 0.7364 
 848 0.0347 0.1383 0.8269 
 849 0.0319 0.6465 0.3215 
 850 0.0282 0.8469 0.1249 
 851 0.0241 0.4130 0.5629 
 852 0.5266 0.3357 0.1377 
 853 0.0252 0.5905 0.3843 
 854 0.1605 0.5936 0.2459 
 855 0.0414 0.3789 0.5797 
 856 0.0659 0.3801 0.5540 
 857 0.0288 0.1961 0.7751 
 858 0.0221 0.5363 0.4416 
 859 0.0224 0.8834 0.0943 
 860 0.0222 0.4953 0.4826 
 861 0.2315 0.1124 0.6561 
 862 0.0199 0.9247 0.0554 
 863 0.0527 0.8568 0.0905 
 864 0.0370 0.9147 0.0483 
 865 0.0113 0.9340 0.0547 
 866 0.0181 0.8828 0.0991 
 867 0.0301 0.8914 0.0786 
 868 0.0200 0.8725 0.1075 
 869 0.0198 0.8951 0.0851 
 870 0.0127 0.7494 0.2380 
 871 0.0135 0.8978 0.0888 
 872 0.0194 0.9268 0.0538 
 873 0.0266 0.9145 0.0589 
 874 0.0139 0.9234 0.0627 
 875 0.0216 0.7395 0.2389 
 876 0.0171 0.7661 0.2168 
 877 0.0216 0.9322 0.0462 
 878 0.0287 0.8052 0.1661 
 879 0.0300 0.9147 0.0553 
 880 0.0172 0.8134 0.1694 
 881 0.0275 0.8990 0.0735 
 882 0.0242 0.9279 0.0480 
 883 0.0278 0.5895 0.3827 
 884 0.0111 0.9388 0.0500 
 885 0.0367 0.7915 0.1718 
 886 0.0354 0.8835 0.0811 
 887 0.0129 0.9336 0.0535 
 888 0.0521 0.6946 0.2533 
 889 0.0111 0.9366 0.0522 
 890 0.0113 0.9175 0.0711 
 891 0.0182 0.4927 0.4891 
 892 0.0222 0.4094 0.5683 
 893 0.0250 0.2041 0.7710 
 894 0.0128 0.8777 0.1095 
 895 0.0146 0.9169 0.0685 
 896 0.0314 0.2120 0.7566 
 897 0.0207 0.3591 0.6202 
 898 0.0407 0.6930 0.2663 
 899 0.0104 0.8632 0.1264 
 900 0.0162 0.5107 0.4731 
 901 0.0186 0.6726 0.3087 
 902 0.0216 0.1754 0.8030 
 903 0.0174 0.8866 0.0960 
 904 0.0391 0.6708 0.2901 
 905 0.0124 0.9282 0.0594 
 906 0.0224 0.6219 0.3557 
 907 0.0298 0.8014 0.1687 
 908 0.0235 0.8578 0.1187 
 909 0.0255 0.6152 0.3593 
 910 0.0227 0.2948 0.6825 
 911 0.0109 0.9287 0.0604 
 912 0.0130 0.8904 0.0965 
 913 0.0130 0.8732 0.1138 
 914 0.0959 0.5404 0.3637 
 915 0.0105 0.9000 0.0895 
 916 0.0170 0.6405 0.3425 
 917 0.0150 0.6137 0.3713 
 918 0.0688 0.7008 0.2304 
 919 0.0331 0.8764 0.0904 
 920 0.0267 0.8127 0.1606 
 921 0.1093 0.1140 0.7767 
 922 0.0208 0.1345 0.8447 
 923 0.0291 0.0768 0.8942 
 924 0.0188 0.0928 0.8884 
 925 0.0287 0.1104 0.8609 
 926 0.0292 0.0460 0.9248 
 927 0.0530 0.0710 0.8759 
 928 0.0804 0.0488 0.8708 
 929 0.0174 0.0533 0.9293 
 930 0.0312 0.0969 0.8719 
 931 0.1232 0.1672 0.7096 
 932 0.0164 0.0629 0.9207 
 933 0.2318 0.0620 0.7062 
 934 0.0129 0.0628 0.9244 
 935 0.0239 0.0891 0.8870 
 936 0.0166 0.0620 0.9214 
 937 0.0362 0.0621 0.9017 
 938 0.0687 0.0418 0.8895 
 939 0.0911 0.0632 0.8458 
 940 0.0438 0.0753 0.8809 
 941 0.0187 0.1268 0.8545 
 942 0.1000 0.1025 0.7975 
 943 0.1373 0.0576 0.8052 
 944 0.0471 0.0580 0.8949 
 945 0.0306 0.0853 0.8841 
 946 0.0242 0.0658 0.9100 
 947 0.0735 0.0457 0.8808 
 948 0.0139 0.1645 0.8216 
 949 0.0136 0.2100 0.7764 
 950 0.0347 0.0426 0.9227 
 951 0.0487 0.0694 0.8819 
 952 0.0210 0.0639 0.9151 
 953 0.0246 0.1530 0.8225 
 954 0.0251 0.1409 0.8340 
 955 0.7947 0.0505 0.1548 
 956 0.6709 0.0497 0.2795 
 957 0.2073 0.1249 0.6678 
 958 0.0380 0.2666 0.6953 
 959 0.0932 0.1186 0.7882 
 960 0.0670 0.6153 0.3177 
 961 0.9184 0.0342 0.0474 
 962 0.0225 0.0533 0.9243 
 963 0.0389 0.2696 0.6916 
 964 0.0856 0.6734 0.2410 
 965 0.1265 0.1010 0.7725 
 966 0.0812 0.1227 0.7961 
 967 0.8345 0.0589 0.1067 
 968 0.0338 0.0714 0.8948 
 969 0.2619 0.5326 0.2055 
 970 0.7194 0.0736 0.2071 
 971 0.0426 0.0770 0.8805 
 972 0.1244 0.2259 0.6496 
 973 0.1189 0.0649 0.8162 
 974 0.0548 0.3313 0.6139 
 975 0.2626 0.5349 0.2025 
 976 0.0437 0.0780 0.8783 
 977 0.2652 0.2723 0.4625 
 978 0.0797 0.0849 0.8353 
 979 0.0307 0.1770 0.7924 
 980 0.1272 0.0952 0.7776 
 981 0.1019 0.1753 0.7228 
 982 0.0270 0.7042 0.2688 
 983 0.0290 0.5534 0.4176 
 984 0.7219 0.1666 0.1115 
 985 0.0648 0.1237 0.8114 
 986 0.0489 0.4417 0.5094 
 987 0.0181 0.3542 0.6277 
 988 0.0129 0.9247 0.0624 
 989 0.4261 0.1506 0.4233 
 990 0.0594 0.6808 0.2598 
 991 0.0620 0.2702 0.6678 
 992 0.0143 0.0993 0.8864 
 993 0.0329 0.6815 0.2855 
 994 0.0746 0.0862 0.8392 
 995 0.8430 0.0397 0.1173 
 996 0.0269 0.8475 0.1256 
 997 0.0345 0.0860 0.8795 
 998 0.0253 0.3940 0.5807 
 999 0.0799 0.1744 0.7458 
1000 0.0185 0.3792 0.6023 
1001 0.0317 0.8234 0.1450 
1002 0.0127 0.8350 0.1524 
1003 0.0348 0.1628 0.8024 
1004 0.0333 0.1648 0.8019 
1005 0.0193 0.2812 0.6995 
1006 0.0500 0.1177 0.8323 
1007 0.1095 0.1000 0.7905 
1008 0.1383 0.0726 0.7891 
1009 0.0540 0.1657 0.7803 
1010 0.0645 0.1416 0.7939 
1011 0.1812 0.1155 0.7033 
1012 0.0235 0.1123 0.8642 
1013 0.0391 0.1387 0.8222 
1014 0.0217 0.4056 0.5727 
1015 0.0205 0.1048 0.8747 
1016 0.0211 0.5043 0.4746 
1017 0.0564 0.1041 0.8395 
1018 0.0582 0.1227 0.8191 
1019 0.0855 0.4868 0.4277 
1020 0.6900 0.0529 0.2571 
1021 0.2188 0.0679 0.7134 
1022 0.0620 0.1647 0.7732 
1023 0.0278 0.8115 0.1607 
1024 0.0209 0.7479 0.2312 
1025 0.0428 0.2167 0.7405 
1026 0.1875 0.6706 0.1420 
1027 0.0912 0.4381 0.4708 
1028 0.0981 0.8069 0.0950 
1029 0.1332 0.5158 0.3510 
1030 0.4095 0.1913 0.3991 
1031 0.2343 0.5042 0.2615 
1032 0.2847 0.3336 0.3817 
1033 0.3108 0.5339 0.1554 
1034 0.1180 0.4403 0.4417 
1035 0.7759 0.1228 0.1012 
1036 0.2978 0.2538 0.4484 
1037 0.3875 0.1699 0.4427 
1038 0.5330 0.2940 0.1729 
1039 0.2255 0.1907 0.5838 
1040 0.1502 0.6742 0.1757 
1041 0.2106 0.6392 0.1502 
1042 0.4756 0.2640 0.2604 
1043 0.2639 0.5944 0.1417 
1044 0.0992 0.4923 0.4085 
1045 0.1918 0.7131 0.0950 
1046 0.3235 0.2408 0.4356 
1047 0.7365 0.1139 0.1496 
1048 0.0506 0.7448 0.2047 
1049 0.0356 0.4647 0.4997 
1050 0.0113 0.9148 0.0738 
1051 0.0130 0.8332 0.1538 
1052 0.0195 0.8373 0.1432 
1053 0.0244 0.8712 0.1044 
1054 0.0226 0.8238 0.1536 
1055 0.0185 0.4100 0.5715 
1056 0.0202 0.7293 0.2505 
1057 0.0141 0.8801 0.1058 
1058 0.0150 0.8602 0.1248 
1059 0.0322 0.8676 0.1002 
1060 0.0589 0.5529 0.3882 
1061 0.0146 0.2308 0.7546 
1062 0.0168 0.8764 0.1068 
1063 0.0267 0.0814 0.8918 
1064 0.0199 0.7792 0.2009 
1065 0.0272 0.3288 0.6440 
1066 0.0359 0.2363 0.7278 
1067 0.0153 0.8639 0.1208 
1068 0.2522 0.5109 0.2368 
1069 0.0131 0.8961 0.0909 
1070 0.0172 0.7275 0.2553 
1071 0.0608 0.5685 0.3707 
1072 0.0297 0.4153 0.5550 
1073 0.0198 0.8609 0.1193 
1074 0.0540 0.7164 0.2295 
1075 0.0359 0.5141 0.4499 
1076 0.0416 0.7147 0.2437 
1077 0.0140 0.9298 0.0563 
1078 0.0231 0.4051 0.5718 
1079 0.0189 0.8185 0.1627 
1080 0.0821 0.2735 0.6444 
1081 0.0135 0.9247 0.0618 
1082 0.0409 0.3830 0.5761 
1083 0.0336 0.3816 0.5848 
1084 0.0485 0.2426 0.7090 
1085 0.0099 0.8361 0.1540 
1086 0.0144 0.1984 0.7871 
1087 0.0101 0.8532 0.1367 
1088 0.0117 0.7145 0.2738 
1089 0.0120 0.8956 0.0924 
1090 0.0156 0.8563 0.1281 
1091 0.0235 0.7968 0.1797 
1092 0.0153 0.9002 0.0845 
1093 0.0439 0.4646 0.4914 
1094 0.0426 0.8339 0.1235 
1095 0.0127 0.9269 0.0604 
1096 0.0486 0.8297 0.1217 
1097 0.0110 0.8939 0.0951 
1098 0.0125 0.1164 0.8710 
1099 0.0287 0.0853 0.8860 
1100 0.0136 0.8284 0.1580 
1101 0.0121 0.7951 0.1927 
1102 0.0154 0.8367 0.1478 
1103 0.0306 0.7003 0.2691 
1104 0.0167 0.5927 0.3906 
1105 0.0195 0.6622 0.3183 
1106 0.0639 0.7021 0.2341 
1107 0.0260 0.9046 0.0694 
1108 0.0188 0.9316 0.0495 
1109 0.0171 0.8664 0.1165 
1110 0.2204 0.0864 0.6932 
1111 0.1392 0.0587 0.8020 
1112 0.7845 0.1068 0.1087 
1113 0.1246 0.1365 0.7389 
1114 0.2337 0.5045 0.2618 
1115 0.1391 0.0842 0.7767 
1116 0.7585 0.0738 0.1677 
1117 0.0862 0.4345 0.4792 
1118 0.8272 0.0625 0.1103 
1119 0.1253 0.3368 0.5380 
1120 0.1808 0.0829 0.7363 
1121 0.5571 0.2707 0.1722 
1122 0.3057 0.3755 0.3188 
1123 0.1204 0.4512 0.4283 
1124 0.8240 0.0634 0.1127 
1125 0.3255 0.1619 0.5126 
1126 0.4285 0.2752 0.2962 
1127 0.3657 0.1478 0.4865 
1128 0.3083 0.0588 0.6328 
1129 0.1184 0.4136 0.4680 
1130 0.0829 0.1789 0.7382 
1131 0.1041 0.7507 0.1453 
1132 0.3162 0.1391 0.5447 
1133 0.7407 0.1201 0.1392 
1134 0.7203 0.0513 0.2284 
1135 0.0496 0.5712 0.3791 
1136 0.0616 0.7586 0.1797 
1137 0.3768 0.0871 0.5361 
1138 0.1671 0.2090 0.6239 
1139 0.7631 0.0564 0.1805 
1140 0.2934 0.4179 0.2887 
1141 0.2449 0.5551 0.2000 
1142 0.0865 0.7988 0.1147 
1143 0.2937 0.2407 0.4656 
1144 0.1878 0.1317 0.6805 
1145 0.1200 0.4678 0.4122 
1146 0.5318 0.3775 0.0908 
1147 0.0531 0.4030 0.5439 
1148 0.0337 0.9152 0.0511 
1149 0.3623 0.1792 0.4585 
1150 0.1497 0.1921 0.6582 
1151 0.8193 0.1135 0.0672 
1152 0.1520 0.5330 0.3150 
1153 0.0873 0.5803 0.3324 
1154 0.2863 0.3495 0.3643 
1155 0.2884 0.2744 0.4372 
1156 0.3263 0.1137 0.5600 
1157 0.4494 0.4104 0.1402 
1158 0.5999 0.1708 0.2294 
1159 0.0168 0.7819 0.2012 
1160 0.0153 0.5071 0.4776 
1161 0.0241 0.1539 0.8220 
1162 0.0497 0.1811 0.7692 
1163 0.3139 0.2017 0.4844 
1164 0.0737 0.3076 0.6188 
1165 0.0210 0.5400 0.4390 
1166 0.0769 0.0981 0.8251 
1167 0.0149 0.7689 0.2162 
1168 0.0268 0.6408 0.3324 
1169 0.0405 0.4582 0.5013 
1170 0.0211 0.8823 0.0966 
1171 0.0597 0.6731 0.2672 
1172 0.0226 0.8205 0.1568 
1173 0.0296 0.5805 0.3899 
1174 0.0160 0.6250 0.3589 
1175 0.0264 0.5690 0.4047 
1176 0.0769 0.4735 0.4496 
1177 0.0136 0.9378 0.0486 
1178 0.0268 0.6240 0.3492 
1179 0.0139 0.9172 0.0689 
1180 0.0146 0.8049 0.1805 
1181 0.0217 0.2666 0.7117 
1182 0.0196 0.2089 0.7716 
1183 0.1533 0.7152 0.1315 
1184 0.0141 0.9072 0.0787 
1185 0.0215 0.7789 0.1997 
1186 0.0926 0.6737 0.2337 
1187 0.0710 0.8210 0.1080 
1188 0.0217 0.8767 0.1017 
1189 0.0269 0.1565 0.8165 
1190 0.0134 0.8468 0.1398 
1191 0.1770 0.6263 0.1966 
1192 0.0141 0.1459 0.8400 
1193 0.1008 0.5490 0.3502 
1194 0.0142 0.9354 0.0504 
1195 0.0127 0.5489 0.4384 
1196 0.0133 0.2073 0.7794 
1197 0.0115 0.8698 0.1186 
1198 0.0143 0.4452 0.5405 
1199 0.0185 0.4517 0.5298 
1200 0.0119 0.8680 0.1201 
1201 0.1129 0.2212 0.6658 
1202 0.1079 0.5740 0.3181 
1203 0.0131 0.2346 0.7523 
1204 0.0248 0.3179 0.6574 
1205 0.0221 0.7423 0.2356 
1206 0.4447 0.2467 0.3087 
1207 0.0625 0.5088 0.4287 
1208 0.2406 0.0585 0.7010 
1209 0.0958 0.1181 0.7861 
1210 0.0492 0.1841 0.7667 
1211 0.2938 0.2544 0.4517 
1212 0.1747 0.5477 0.2777 
1213 0.1286 0.2027 0.6687 
1214 0.2807 0.4905 0.2288 
1215 0.0398 0.1301 0.8301 
1216 0.0469 0.1589 0.7942 
1217 0.1416 0.4996 0.3588 
1218 0.0352 0.7731 0.1917 
1219 0.1737 0.5144 0.3120 
1220 0.0365 0.7795 0.1840 
1221 0.0517 0.1480 0.8003 
1222 0.1754 0.2854 0.5391 
1223 0.0456 0.7685 0.1859 
1224 0.0173 0.0695 0.9132 
1225 0.0429 0.5635 0.3936 
1226 0.0595 0.6430 0.2976 
1227 0.0407 0.1416 0.8177 
1228 0.1584 0.1931 0.6485 
1229 0.0239 0.0658 0.9103 
1230 0.4236 0.1074 0.4691 
1231 0.0846 0.1260 0.7893 
1232 0.0167 0.0624 0.9209 
1233 0.0232 0.1027 0.8741 
1234 0.0381 0.0713 0.8906 
1235 0.0409 0.0701 0.8890 
1236 0.0375 0.0435 0.9190 
1237 0.0223 0.0462 0.9315 
1238 0.1000 0.0537 0.8463 
1239 0.0290 0.0659 0.9051 
1240 0.0441 0.0572 0.8987 
1241 0.0262 0.0486 0.9252 
1242 0.1904 0.0761 0.7335 
1243 0.0375 0.1015 0.8610 
1244 0.0620 0.0408 0.8971 
1245 0.2141 0.0616 0.7243 
1246 0.0607 0.0898 0.8495 
1247 0.1717 0.0396 0.7887 
1248 0.2512 0.0881 0.6607 
1249 0.0583 0.5479 0.3938 
1250 0.0280 0.0779 0.8941 
1251 0.0352 0.0622 0.9026 
1252 0.0174 0.0697 0.9130 
1253 0.0726 0.0744 0.8530 
1254 0.0158 0.0742 0.9100 
1255 0.0840 0.0431 0.8730 
1256 0.2031 0.0631 0.7338 
1257 0.0575 0.0812 0.8614 
1258 0.0146 0.0808 0.9046 
1259 0.0157 0.1138 0.8704 
1260 0.0328 0.0426 0.9247 
1261 0.1347 0.0559 0.8095 
1262 0.0325 0.0699 0.8977 
1263 0.0176 0.0787 0.9037 
1264 0.0380 0.0734 0.8886 
1265 0.0432 0.0446 0.9122 
1266 0.0605 0.1362 0.8033 
1267 0.1159 0.0987 0.7853 
1268 0.0143 0.9166 0.0692 
1269 0.0163 0.9366 0.0470 
1270 0.0839 0.6340 0.2821 
1271 0.0238 0.8622 0.1140 
1272 0.0286 0.7035 0.2679 
1273 0.0401 0.7986 0.1614 
1274 0.0602 0.7971 0.1427 
1275 0.0214 0.8767 0.1019 
1276 0.0212 0.9074 0.0715 
1277 0.0130 0.9287 0.0583 
1278 0.1560 0.6256 0.2184 
1279 0.0753 0.8145 0.1102 
1280 0.0603 0.5122 0.4275 
1281 0.0202 0.8439 0.1358 
1282 0.0100 0.9140 0.0760 
1283 0.0322 0.8527 0.1150 
1284 0.0840 0.5416 0.3743 
1285 0.0330 0.6894 0.2776 
1286 0.0439 0.8189 0.1372 
1287 0.1193 0.7475 0.1332 
1288 0.0449 0.7447 0.2104 
1289 0.0163 0.8810 0.1026 
1290 0.1256 0.6855 0.1889 
1291 0.0689 0.3882 0.5429 
1292 0.0377 0.7892 0.1732 
1293 0.0220 0.9043 0.0738 
1294 0.0320 0.7220 0.2460 
1295 0.0136 0.9193 0.0671 
1296 0.0236 0.9107 0.0657 
1297 0.0528 0.6991 0.2480 
1298 0.0171 0.9126 0.0702 
1299 0.0195 0.8833 0.0972 
1300 0.4314 0.3258 0.2428 
1301 0.0199 0.8800 0.1002 
1302 0.0515 0.8512 0.0973 
1303 0.0328 0.8474 0.1198 
1304 0.0346 0.8641 0.1013 
1305 0.1458 0.7208 0.1334 
1306 0.0202 0.8813 0.0985 
1307 0.0315 0.8359 0.1326 
1308 0.0749 0.4669 0.4582 
1309 0.0184 0.8560 0.1255 
1310 0.0198 0.8481 0.1321 
1311 0.0130 0.9001 0.0868 
1312 0.0434 0.6486 0.3080 
1313 0.0279 0.8109 0.1612 
1314 0.0209 0.8460 0.1332 
1315 0.2861 0.5070 0.2069 
1316 0.0129 0.3336 0.6534 
1317 0.0631 0.1307 0.8062 
1318 0.0368 0.3735 0.5896 
1319 0.6168 0.0502 0.3330 
1320 0.0544 0.3550 0.5906 
1321 0.0152 0.7662 0.2186 
1322 0.0208 0.3177 0.6615 
1323 0.0142 0.2869 0.6989 
1324 0.0577 0.6549 0.2874 
1325 0.0102 0.6576 0.3321 
1326 0.0120 0.7972 0.1908 
1327 0.0209 0.0880 0.8911 
1328 0.0191 0.4552 0.5257 
1329 0.0196 0.2917 0.6886 
1330 0.0154 0.1728 0.8119 
1331 0.0172 0.5441 0.4387 
1332 0.0482 0.1408 0.8111 
1333 0.0273 0.5393 0.4335 
1334 0.0142 0.7884 0.1974 
1335 0.0972 0.5240 0.3788 
1336 0.7007 0.0917 0.2076 
1337 0.5108 0.1444 0.3448 
1338 0.0420 0.6492 0.3087 
1339 0.0197 0.4327 0.5476 
1340 0.0383 0.3484 0.6132 
1341 0.0424 0.4365 0.5210 
1342 0.0290 0.0983 0.8728 
1343 0.0244 0.1922 0.7834 
1344 0.2494 0.1648 0.5859 
1345 0.0164 0.6323 0.3513 
1346 0.0215 0.5379 0.4406 
1347 0.0492 0.0807 0.8701 
1348 0.0481 0.4804 0.4714 
1349 0.5816 0.0750 0.3434 
1350 0.0416 0.0666 0.8918 
1351 0.0191 0.4165 0.5644 
1352 0.0327 0.7427 0.2246 
1353 0.0151 0.2474 0.7376 
1354 0.0192 0.1428 0.8380 
1355 0.0101 0.6202 0.3696 
1356 0.0270 0.2627 0.7103 
1357 0.0270 0.1036 0.8694 
1358 0.0183 0.0906 0.8911 
1359 0.0449 0.2844 0.6708 
1360 0.2698 0.4071 0.3231 
1361 0.1477 0.3578 0.4945 
1362 0.0471 0.2061 0.7468 
1363 0.1696 0.2780 0.5524 
1364 0.1041 0.2296 0.6663 
1365 0.0452 0.6249 0.3299 
1366 0.0462 0.1921 0.7617 
1367 0.0721 0.0638 0.8641 
1368 0.1416 0.0701 0.7883 
1369 0.0364 0.5426 0.4211 
1370 0.0267 0.0514 0.9218 
1371 0.0361 0.7300 0.2339 
1372 0.1662 0.0530 0.7808 
1373 0.4894 0.1433 0.3672 
1374 0.0269 0.0946 0.8786 
1375 0.3159 0.2360 0.4481 
1376 0.0531 0.0826 0.8642 
1377 0.0417 0.1807 0.7776 
1378 0.2880 0.2516 0.4604 
1379 0.6482 0.0458 0.3060 
1380 0.0311 0.4654 0.5035 
1381 0.0355 0.4265 0.5381 
1382 0.1214 0.0736 0.8051 
1383 0.0184 0.8768 0.1048 
1384 0.0372 0.7243 0.2384 
1385 0.1681 0.0534 0.7785 
1386 0.0268 0.1755 0.7977 
1387 0.2184 0.1374 0.6442 
1388 0.0524 0.4015 0.5461 
1389 0.0301 0.1205 0.8495 
1390 0.0289 0.0832 0.8879 
1391 0.0277 0.0850 0.8873 
1392 0.0572 0.3372 0.6056 
1393 0.1837 0.1504 0.6659 
1394 0.0413 0.0849 0.8738 
1395 0.0290 0.7554 0.2156 
1396 0.0204 0.8306 0.1490 
1397 0.1893 0.1647 0.6460 
1398 0.0754 0.1282 0.7964 
1399 0.0290 0.1388 0.8322 
1400 0.0363 0.5445 0.4192 
1401 0.0183 0.9068 0.0749 
1402 0.1122 0.0733 0.8146 
1403 0.1105 0.1114 0.7781 
1404 0.0661 0.0938 0.8401 
1405 0.0289 0.8928 0.0783 
1406 0.0699 0.1528 0.7772 
1407 0.0304 0.8182 0.1514 
1408 0.0393 0.5836 0.3771 
1409 0.0729 0.1878 0.7393 
1410 0.0390 0.6582 0.3028 
1411 0.0238 0.2352 0.7410 
1412 0.0378 0.6929 0.2693 
1413 0.0976 0.0740 0.8283 
1414 0.0471 0.3088 0.6441 
1415 0.1072 0.5075 0.3852 
1416 0.2187 0.1030 0.6783 
1417 0.0393 0.6612 0.2995 
1418 0.1095 0.1199 0.7706 
1419 0.0552 0.0826 0.8622 
1420 0.0901 0.4832 0.4267 
1421 0.1043 0.0476 0.8481 
1422 0.0507 0.0523 0.8969 
1423 0.0346 0.4010 0.5644 
1424 0.0200 0.3171 0.6629 
1425 0.0996 0.1894 0.7111 
1426 0.0701 0.3116 0.6183 
1427 0.0192 0.4664 0.5145 
1428 0.0473 0.0861 0.8666 
1429 0.1551 0.0712 0.7738 
1430 0.2225 0.1983 0.5792 
1431 0.0234 0.0681 0.9084 
1432 0.0560 0.1934 0.7507 
1433 0.2642 0.0517 0.6841 
1434 0.0847 0.0546 0.8607 
1435 0.3695 0.0837 0.5468 
1436 0.1559 0.1220 0.7221 
1437 0.0756 0.2193 0.7050 
1438 0.0145 0.6914 0.2941 
1439 0.2123 0.1271 0.6606 
1440 0.1060 0.0625 0.8314 
1441 0.5993 0.0493 0.3514 
1442 0.0378 0.0581 0.9041 
1443 0.1256 0.0687 0.8057 
1444 0.0660 0.3751 0.5589 
1445 0.0577 0.0599 0.8824 
1446 0.0820 0.0641 0.8538 
1447 0.1512 0.2557 0.5931 
1448 0.0318 0.0714 0.8968 
1449 0.0198 0.2045 0.7757 
1450 0.0875 0.2989 0.6135 
1451 0.3621 0.0527 0.5852 
1452 0.0407 0.2749 0.6844 
1453 0.1799 0.1606 0.6595 
1454 0.0327 0.5844 0.3829 
1455 0.0336 0.4781 0.4883 
1456 0.0937 0.4840 0.4223 
1457 0.0284 0.4660 0.5056 
1458 0.0367 0.2491 0.7142 
1459 0.1037 0.0499 0.8464 
1460 0.0558 0.7017 0.2426 
1461 0.0168 0.8940 0.0892 
1462 0.0254 0.1425 0.8320 
1463 0.7484 0.0996 0.1521 
1464 0.0183 0.9270 0.0547 
1465 0.0200 0.9140 0.0660 
1466 0.0230 0.2993 0.6777 
1467 0.0300 0.8731 0.0968 
1468 0.0245 0.8641 0.1114 
1469 0.0413 0.5014 0.4573 
1470 0.1094 0.1174 0.7732 
1471 0.0697 0.6754 0.2549 
1472 0.0197 0.6632 0.3171 
1473 0.1043 0.6611 0.2346 
1474 0.0238 0.1951 0.7811 
1475 0.0408 0.7638 0.1954 
1476 0.0130 0.9391 0.0478 
1477 0.5318 0.0710 0.3972 
1478 0.2782 0.2922 0.4296 
1479 0.0352 0.7499 0.2149 
1480 0.0202 0.2796 0.7002 
1481 0.0194 0.8914 0.0892 
