   1 0.1517 0.2857 0.5626 
   2 0.0216 0.1928 0.7855 
   3 0.0996 0.5407 0.3597 
   4 0.5421 0.1163 0.3417 
   5 0.0223 0.3012 0.6764 
   6 0.0252 0.9050 0.0698 
   7 0.0189 0.9078 0.0732 
   8 0.2980 0.3821 0.3199 
   9 0.0426 0.3921 0.5653 
  10 0.1101 0.7188 0.1711 
  11 0.0204 0.8424 0.1372 
  12 0.0385 0.3554 0.6061 
  13 0.0380 0.7543 0.2076 
  14 0.0502 0.1858 0.7640 
  15 0.1081 0.2798 0.6120 
  16 0.0411 0.8235 0.1354 
  17 0.0377 0.6008 0.3615 
  18 0.0601 0.6193 0.3206 
  19 0.0339 0.7793 0.1868 
  20 0.0339 0.4405 0.5256 
  21 0.1127 0.1945 0.6928 
  22 0.0538 0.8303 0.1160 
  23 0.1094 0.1354 0.7552 
  24 0.1564 0.4668 0.3768 
  25 0.0153 0.8498 0.1348 
  26 0.0835 0.4675 0.4490 
  27 0.0670 0.6700 0.2631 
  28 0.2268 0.5169 0.2563 
  29 0.0296 0.3713 0.5992 
  30 0.0385 0.8129 0.1485 
  31 0.0768 0.5632 0.3601 
  32 0.0788 0.2462 0.6750 
  33 0.0875 0.4702 0.4423 
  34 0.0407 0.8334 0.1259 
  35 0.0257 0.4272 0.5472 
  36 0.0347 0.3637 0.6016 
  37 0.0953 0.1767 0.7280 
  38 0.0173 0.7964 0.1863 
  39 0.0282 0.7060 0.2658 
  40 0.1676 0.1864 0.6460 
  41 0.0335 0.3887 0.5778 
  42 0.2400 0.1353 0.6246 
  43 0.0356 0.0869 0.8775 
  44 0.0215 0.2626 0.7159 
  45 0.0189 0.3526 0.6285 
  46 0.0219 0.7435 0.2347 
  47 0.0409 0.5650 0.3941 
  48 0.0253 0.2596 0.7151 
  49 0.0310 0.3934 0.5756 
  50 0.0537 0.8090 0.1373 
  51 0.0245 0.1062 0.8693 
  52 0.0362 0.7054 0.2583 
  53 0.0451 0.8501 0.1048 
  54 0.0351 0.1342 0.8306 
  55 0.0238 0.0870 0.8892 
  56 0.0386 0.4171 0.5443 
  57 0.1213 0.5850 0.2937 
  58 0.0339 0.2072 0.7589 
  59 0.0283 0.3661 0.6056 
  60 0.0890 0.1563 0.7547 
  61 0.0402 0.0514 0.9084 
  62 0.0306 0.5508 0.4186 
  63 0.0458 0.1722 0.7820 
  64 0.0200 0.8035 0.1765 
  65 0.0146 0.5302 0.4552 
  66 0.0486 0.0830 0.8684 
  67 0.0189 0.0982 0.8829 
  68 0.0342 0.3149 0.6509 
  69 0.0929 0.5459 0.3612 
  70 0.0301 0.1535 0.8165 
  71 0.0146 0.3209 0.6646 
  72 0.0227 0.6357 0.3415 
  73 0.0158 0.1358 0.8484 
  74 0.0788 0.3204 0.6008 
  75 0.0767 0.1067 0.8166 
  76 0.0246 0.2058 0.7695 
  77 0.0238 0.3004 0.6758 
  78 0.0315 0.4330 0.5356 
  79 0.0245 0.8448 0.1306 
  80 0.5992 0.2064 0.1944 
  81 0.3811 0.3648 0.2541 
  82 0.0456 0.1623 0.7921 
  83 0.2196 0.3822 0.3982 
  84 0.1557 0.3566 0.4877 
  85 0.2620 0.2937 0.4443 
  86 0.0236 0.3302 0.6462 
  87 0.0269 0.7286 0.2445 
  88 0.1107 0.1670 0.7222 
  89 0.1566 0.1148 0.7286 
  90 0.0309 0.5438 0.4254 
  91 0.4746 0.1513 0.3741 
  92 0.0497 0.4617 0.4886 
  93 0.8691 0.0556 0.0752 
  94 0.0223 0.9104 0.0673 
  95 0.0541 0.2002 0.7457 
  96 0.0751 0.0515 0.8734 
  97 0.0940 0.1634 0.7426 
  98 0.0440 0.1724 0.7835 
  99 0.1209 0.3445 0.5346 
 100 0.4661 0.0586 0.4753 
 101 0.0317 0.1830 0.7853 
 102 0.1745 0.1291 0.6964 
 103 0.0362 0.0757 0.8881 
 104 0.0352 0.6181 0.3467 
 105 0.0311 0.0927 0.8762 
 106 0.0110 0.8939 0.0952 
 107 0.0467 0.2450 0.7084 
 108 0.0198 0.2521 0.7281 
 109 0.0112 0.7282 0.2607 
 110 0.0148 0.8054 0.1798 
 111 0.0194 0.8078 0.1727 
 112 0.0135 0.8751 0.1114 
 113 0.0260 0.1834 0.7906 
 114 0.0465 0.5316 0.4219 
 115 0.0185 0.2035 0.7779 
 116 0.0125 0.6421 0.3454 
 117 0.0188 0.4326 0.5487 
 118 0.0169 0.2221 0.7609 
 119 0.0896 0.0782 0.8322 
 120 0.0233 0.4896 0.4871 
 121 0.0142 0.1442 0.8415 
 122 0.0165 0.8398 0.1437 
 123 0.0243 0.5266 0.4491 
 124 0.0165 0.5545 0.4290 
 125 0.0269 0.6220 0.3511 
 126 0.0314 0.6790 0.2896 
 127 0.0223 0.7582 0.2195 
 128 0.0172 0.1406 0.8422 
 129 0.0134 0.1275 0.8591 
 130 0.0560 0.4106 0.5334 
 131 0.0153 0.4576 0.5271 
 132 0.0127 0.8079 0.1794 
 133 0.0295 0.4661 0.5044 
 134 0.0092 0.9263 0.0645 
 135 0.3153 0.0707 0.6140 
 136 0.8820 0.0545 0.0635 
 137 0.8021 0.0613 0.1366 
 138 0.8817 0.0527 0.0656 
 139 0.1145 0.0723 0.8132 
 140 0.4935 0.1921 0.3144 
 141 0.8146 0.0969 0.0886 
 142 0.4747 0.0695 0.4557 
 143 0.9087 0.0348 0.0565 
 144 0.8061 0.0548 0.1392 
 145 0.6332 0.1522 0.2147 
 146 0.3851 0.1766 0.4384 
 147 0.9123 0.0387 0.0490 
 148 0.6463 0.1262 0.2275 
 149 0.8296 0.0591 0.1113 
 150 0.5107 0.0996 0.3896 
 151 0.8381 0.0531 0.1089 
 152 0.5326 0.1412 0.3262 
 153 0.7966 0.0773 0.1261 
 154 0.8420 0.0611 0.0969 
 155 0.8769 0.0497 0.0734 
 156 0.5991 0.0551 0.3458 
 157 0.6712 0.1278 0.2010 
 158 0.7430 0.1256 0.1315 
 159 0.9038 0.0377 0.0585 
 160 0.8943 0.0406 0.0651 
 161 0.6094 0.0975 0.2931 
 162 0.2916 0.2135 0.4949 
 163 0.8808 0.0444 0.0747 
 164 0.4158 0.1920 0.3922 
 165 0.6419 0.0866 0.2715 
 166 0.4504 0.1336 0.4160 
 167 0.7379 0.1545 0.1076 
 168 0.7773 0.0849 0.1379 
 169 0.4374 0.3846 0.1780 
 170 0.5482 0.0532 0.3985 
 171 0.5260 0.1221 0.3518 
 172 0.6371 0.1326 0.2303 
 173 0.8625 0.0435 0.0941 
 174 0.8655 0.0566 0.0779 
 175 0.8948 0.0490 0.0562 
 176 0.8026 0.0567 0.1407 
 177 0.4632 0.2192 0.3176 
 178 0.8247 0.0897 0.0857 
 179 0.9089 0.0400 0.0511 
 180 0.6577 0.1669 0.1754 
 181 0.5803 0.0777 0.3420 
 182 0.7128 0.0451 0.2421 
 183 0.8824 0.0439 0.0737 
 184 0.0231 0.2379 0.7390 
 185 0.7821 0.0397 0.1783 
 186 0.0206 0.2384 0.7410 
 187 0.1338 0.0924 0.7739 
 188 0.0155 0.2055 0.7790 
 189 0.2327 0.4403 0.3270 
 190 0.0997 0.0352 0.8651 
 191 0.0360 0.1067 0.8573 
 192 0.0879 0.1002 0.8119 
 193 0.1019 0.1396 0.7585 
 194 0.0603 0.0813 0.8584 
 195 0.3184 0.0469 0.6347 
 196 0.0723 0.0563 0.8714 
 197 0.0553 0.2758 0.6688 
 198 0.0764 0.2423 0.6813 
 199 0.0579 0.0684 0.8738 
 200 0.0858 0.2167 0.6976 
 201 0.5108 0.0594 0.4298 
 202 0.3547 0.0577 0.5876 
 203 0.3627 0.0563 0.5810 
 204 0.0572 0.0433 0.8995 
 205 0.0374 0.0796 0.8830 
 206 0.0732 0.0577 0.8691 
 207 0.0249 0.0568 0.9183 
 208 0.1315 0.0527 0.8158 
 209 0.0545 0.1040 0.8415 
 210 0.0756 0.0581 0.8663 
 211 0.0394 0.0521 0.9085 
 212 0.6677 0.0745 0.2578 
 213 0.0285 0.0864 0.8851 
 214 0.4410 0.0558 0.5033 
 215 0.0221 0.0775 0.9004 
 216 0.0296 0.1884 0.7820 
 217 0.3877 0.0811 0.5313 
 218 0.0500 0.0906 0.8594 
 219 0.1455 0.3059 0.5486 
 220 0.0304 0.0571 0.9125 
 221 0.6989 0.0360 0.2651 
 222 0.0570 0.2800 0.6631 
 223 0.2405 0.1154 0.6441 
 224 0.1973 0.0616 0.7411 
 225 0.0513 0.0561 0.8926 
 226 0.0762 0.2288 0.6950 
 227 0.1000 0.0575 0.8425 
 228 0.2071 0.0412 0.7517 
 229 0.2290 0.0786 0.6925 
 230 0.0993 0.0538 0.8469 
 231 0.2694 0.1179 0.6128 
 232 0.0844 0.1016 0.8141 
 233 0.6117 0.0592 0.3291 
 234 0.1051 0.1691 0.7258 
 235 0.1766 0.1336 0.6899 
 236 0.1870 0.0754 0.7376 
 237 0.0420 0.0753 0.8827 
 238 0.3875 0.0716 0.5409 
 239 0.3119 0.0454 0.6426 
 240 0.3770 0.0736 0.5494 
 241 0.4340 0.0519 0.5141 
 242 0.1477 0.3223 0.5300 
 243 0.0725 0.0389 0.8886 
 244 0.2426 0.0529 0.7045 
 245 0.7504 0.0502 0.1995 
 246 0.3920 0.0804 0.5275 
 247 0.0162 0.2014 0.7824 
 248 0.0193 0.0862 0.8945 
 249 0.1874 0.0583 0.7543 
 250 0.0869 0.0753 0.8377 
 251 0.0537 0.3571 0.5891 
 252 0.1109 0.0716 0.8175 
 253 0.0314 0.1679 0.8008 
 254 0.0606 0.1784 0.7611 
 255 0.1170 0.1640 0.7190 
 256 0.1581 0.0570 0.7849 
 257 0.0477 0.0631 0.8891 
 258 0.0404 0.1087 0.8509 
 259 0.0362 0.0698 0.8940 
 260 0.1687 0.2004 0.6309 
 261 0.2279 0.0665 0.7056 
 262 0.3221 0.0477 0.6301 
 263 0.0304 0.0872 0.8824 
 264 0.0161 0.6563 0.3277 
 265 0.1061 0.1423 0.7516 
 266 0.6840 0.0386 0.2773 
 267 0.1138 0.1331 0.7530 
 268 0.0694 0.0569 0.8737 
 269 0.2067 0.4411 0.3522 
 270 0.0305 0.1641 0.8054 
 271 0.0291 0.0750 0.8959 
 272 0.0410 0.1630 0.7961 
 273 0.1876 0.1418 0.6706 
 274 0.0514 0.1340 0.8146 
 275 0.0842 0.1157 0.8001 
 276 0.0339 0.2048 0.7614 
 277 0.1521 0.1100 0.7379 
 278 0.0323 0.0714 0.8963 
 279 0.0726 0.0804 0.8469 
 280 0.0762 0.2094 0.7144 
 281 0.0470 0.1003 0.8527 
 282 0.3881 0.1172 0.4947 
 283 0.5022 0.0830 0.4148 
 284 0.0804 0.0798 0.8398 
 285 0.0132 0.1023 0.8846 
 286 0.2360 0.0540 0.7100 
 287 0.1126 0.2278 0.6596 
 288 0.0440 0.1763 0.7797 
 289 0.0725 0.2158 0.7117 
 290 0.0370 0.2291 0.7339 
 291 0.0289 0.0749 0.8962 
 292 0.1060 0.1382 0.7558 
 293 0.0336 0.4911 0.4753 
 294 0.0264 0.1071 0.8665 
 295 0.0874 0.3320 0.5805 
 296 0.0308 0.0700 0.8992 
 297 0.0428 0.2711 0.6861 
 298 0.1988 0.1146 0.6866 
 299 0.0363 0.1419 0.8219 
 300 0.0231 0.0725 0.9043 
 301 0.0361 0.2592 0.7046 
 302 0.0264 0.0870 0.8866 
 303 0.2079 0.0904 0.7018 
 304 0.2735 0.2450 0.4815 
 305 0.1573 0.0550 0.7877 
 306 0.3802 0.1025 0.5172 
 307 0.0652 0.0849 0.8499 
 308 0.2303 0.0667 0.7030 
 309 0.0357 0.0715 0.8928 
 310 0.1601 0.0462 0.7938 
 311 0.1002 0.0536 0.8462 
 312 0.0279 0.0522 0.9199 
 313 0.0175 0.0486 0.9339 
 314 0.9152 0.0369 0.0479 
 315 0.8835 0.0508 0.0656 
 316 0.8865 0.0571 0.0565 
 317 0.9232 0.0373 0.0396 
 318 0.9268 0.0373 0.0359 
 319 0.9079 0.0370 0.0552 
 320 0.9158 0.0370 0.0473 
 321 0.9204 0.0395 0.0401 
 322 0.8795 0.0543 0.0662 
 323 0.9213 0.0381 0.0406 
 324 0.9200 0.0402 0.0398 
 325 0.8970 0.0550 0.0480 
 326 0.9062 0.0513 0.0425 
 327 0.9233 0.0369 0.0398 
 328 0.8767 0.0544 0.0689 
 329 0.9200 0.0367 0.0433 
 330 0.9237 0.0369 0.0395 
 331 0.9217 0.0363 0.0420 
 332 0.8925 0.0613 0.0462 
 333 0.9008 0.0494 0.0498 
 334 0.8759 0.0545 0.0696 
 335 0.8900 0.0497 0.0603 
 336 0.9185 0.0400 0.0414 
 337 0.8883 0.0578 0.0539 
 338 0.9249 0.0388 0.0363 
 339 0.9203 0.0374 0.0424 
 340 0.9239 0.0333 0.0428 
 341 0.9229 0.0359 0.0412 
 342 0.9236 0.0372 0.0392 
 343 0.8728 0.0545 0.0727 
 344 0.9258 0.0360 0.0382 
 345 0.9236 0.0375 0.0389 
 346 0.9288 0.0354 0.0358 
 347 0.9272 0.0342 0.0386 
 348 0.8697 0.0481 0.0821 
 349 0.9216 0.0375 0.0409 
 350 0.9015 0.0374 0.0611 
 351 0.8915 0.0482 0.0603 
 352 0.8927 0.0531 0.0542 
 353 0.9193 0.0398 0.0409 
 354 0.9216 0.0362 0.0422 
 355 0.9254 0.0381 0.0365 
 356 0.8250 0.0478 0.1272 
 357 0.5497 0.3496 0.1007 
 358 0.8970 0.0528 0.0502 
 359 0.9209 0.0376 0.0415 
 360 0.9281 0.0359 0.0360 
 361 0.4629 0.3791 0.1579 
 362 0.0288 0.7577 0.2135 
 363 0.0182 0.8407 0.1411 
 364 0.2512 0.5893 0.1596 
 365 0.0246 0.8646 0.1108 
 366 0.0686 0.5688 0.3626 
 367 0.0117 0.9236 0.0647 
 368 0.0237 0.5954 0.3809 
 369 0.2747 0.3087 0.4166 
 370 0.0240 0.1864 0.7896 
 371 0.0567 0.4540 0.4893 
 372 0.0715 0.2717 0.6567 
 373 0.0379 0.8191 0.1430 
 374 0.2650 0.5386 0.1963 
 375 0.0201 0.8494 0.1305 
 376 0.0148 0.9386 0.0466 
 377 0.0314 0.7243 0.2443 
 378 0.1512 0.6206 0.2282 
 379 0.0140 0.9365 0.0495 
 380 0.1196 0.5686 0.3118 
 381 0.0657 0.7992 0.1351 
 382 0.0184 0.9071 0.0745 
 383 0.1549 0.7289 0.1162 
 384 0.0866 0.7429 0.1705 
 385 0.0820 0.7673 0.1507 
 386 0.0166 0.8984 0.0850 
 387 0.0212 0.8778 0.1010 
 388 0.2153 0.4122 0.3725 
 389 0.0202 0.1478 0.8320 
 390 0.0239 0.6114 0.3648 
 391 0.0431 0.3732 0.5837 
 392 0.0424 0.8609 0.0967 
 393 0.0504 0.6541 0.2955 
 394 0.2013 0.5218 0.2769 
 395 0.0199 0.3275 0.6525 
 396 0.0125 0.8819 0.1056 
 397 0.0747 0.3933 0.5320 
 398 0.0138 0.9245 0.0617 
 399 0.0182 0.8047 0.1771 
 400 0.0277 0.8905 0.0818 
 401 0.0319 0.7143 0.2537 
 402 0.0267 0.3695 0.6038 
 403 0.2203 0.2680 0.5116 
 404 0.0414 0.5142 0.4444 
 405 0.0385 0.5878 0.3737 
 406 0.0603 0.2764 0.6633 
 407 0.0133 0.9259 0.0608 
 408 0.0114 0.2686 0.7199 
 409 0.2087 0.1672 0.6242 
 410 0.0467 0.8665 0.0868 
 411 0.1034 0.6717 0.2249 
 412 0.0217 0.8220 0.1563 
 413 0.0941 0.4000 0.5059 
 414 0.0136 0.8236 0.1628 
 415 0.0216 0.8651 0.1133 
 416 0.0352 0.8054 0.1594 
 417 0.0185 0.9172 0.0643 
 418 0.0140 0.9018 0.0842 
 419 0.0761 0.2442 0.6797 
 420 0.0186 0.6826 0.2987 
 421 0.0193 0.8631 0.1176 
 422 0.0208 0.3581 0.6210 
 423 0.0265 0.7826 0.1909 
 424 0.0299 0.3748 0.5952 
 425 0.0467 0.5996 0.3537 
 426 0.0370 0.8294 0.1336 
 427 0.0692 0.8411 0.0896 
 428 0.0674 0.3189 0.6137 
 429 0.0115 0.9384 0.0501 
 430 0.0171 0.8708 0.1121 
 431 0.0307 0.5450 0.4243 
 432 0.0273 0.6367 0.3360 
 433 0.0970 0.1263 0.7768 
 434 0.0692 0.6403 0.2906 
 435 0.0141 0.9011 0.0847 
 436 0.0268 0.9172 0.0560 
 437 0.0159 0.9186 0.0655 
 438 0.0331 0.4280 0.5389 
 439 0.0218 0.9152 0.0629 
 440 0.0111 0.9369 0.0519 
 441 0.0518 0.8022 0.1460 
 442 0.0160 0.8652 0.1187 
 443 0.0134 0.8638 0.1228 
 444 0.0159 0.8727 0.1114 
 445 0.0915 0.5031 0.4054 
 446 0.0166 0.9086 0.0748 
 447 0.0392 0.6818 0.2790 
 448 0.0171 0.8570 0.1258 
 449 0.0319 0.7540 0.2141 
 450 0.0345 0.8871 0.0784 
 451 0.0109 0.8191 0.1701 
 452 0.0258 0.9152 0.0590 
 453 0.0274 0.1630 0.8097 
 454 0.0332 0.8784 0.0884 
 455 0.0164 0.8074 0.1763 
 456 0.0143 0.8617 0.1240 
 457 0.0180 0.9155 0.0665 
 458 0.0207 0.9141 0.0652 
 459 0.0723 0.6225 0.3052 
 460 0.0155 0.9169 0.0677 
 461 0.0152 0.9303 0.0545 
 462 0.0108 0.8847 0.1046 
 463 0.0269 0.3552 0.6179 
 464 0.0146 0.8833 0.1021 
 465 0.0202 0.6614 0.3184 
 466 0.0155 0.5251 0.4594 
 467 0.0308 0.8198 0.1494 
 468 0.0148 0.9007 0.0845 
 469 0.0181 0.9206 0.0614 
 470 0.0147 0.9249 0.0604 
 471 0.0167 0.5127 0.4706 
 472 0.0200 0.7327 0.2473 
 473 0.0304 0.7405 0.2290 
 474 0.0252 0.8894 0.0854 
 475 0.0334 0.5790 0.3876 
 476 0.0202 0.9103 0.0695 
 477 0.0296 0.7258 0.2445 
 478 0.0133 0.8996 0.0870 
 479 0.0131 0.9296 0.0572 
 480 0.0166 0.9360 0.0473 
 481 0.0165 0.6945 0.2890 
 482 0.0134 0.9422 0.0444 
 483 0.0208 0.8811 0.0980 
 484 0.0224 0.5824 0.3952 
 485 0.0155 0.8912 0.0933 
 486 0.0286 0.4773 0.4941 
 487 0.0881 0.5531 0.3589 
 488 0.0346 0.3031 0.6623 
 489 0.1289 0.2958 0.5754 
 490 0.0145 0.7734 0.2121 
 491 0.0487 0.1222 0.8291 
 492 0.0758 0.1267 0.7975 
 493 0.0382 0.4451 0.5168 
 494 0.0464 0.2756 0.6781 
 495 0.0531 0.3337 0.6132 
 496 0.1266 0.1029 0.7706 
 497 0.0890 0.2885 0.6226 
 498 0.0354 0.4319 0.5327 
 499 0.2425 0.2645 0.4930 
 500 0.0378 0.6671 0.2952 
 501 0.0859 0.2837 0.6304 
 502 0.0969 0.2606 0.6425 
 503 0.0200 0.8044 0.1755 
 504 0.0206 0.3097 0.6697 
 505 0.0359 0.1367 0.8274 
 506 0.0984 0.4074 0.4942 
 507 0.6514 0.0545 0.2941 
 508 0.4215 0.0720 0.5065 
 509 0.0748 0.1055 0.8197 
 510 0.1972 0.3919 0.4109 
 511 0.0276 0.7847 0.1877 
 512 0.0150 0.9007 0.0844 
 513 0.0195 0.0554 0.9251 
 514 0.0287 0.4538 0.5176 
 515 0.0826 0.6058 0.3117 
 516 0.0235 0.1615 0.8150 
 517 0.0652 0.3298 0.6050 
 518 0.2626 0.4301 0.3073 
 519 0.0304 0.4568 0.5127 
 520 0.1996 0.2386 0.5618 
 521 0.2253 0.1303 0.6444 
 522 0.0209 0.5722 0.4069 
 523 0.0731 0.1238 0.8031 
 524 0.0410 0.6334 0.3256 
 525 0.1828 0.4164 0.4008 
 526 0.0394 0.3184 0.6422 
 527 0.0271 0.8432 0.1297 
 528 0.4536 0.0796 0.4667 
 529 0.0638 0.2093 0.7269 
 530 0.0541 0.6717 0.2742 
 531 0.3166 0.2600 0.4235 
 532 0.2245 0.3751 0.4004 
 533 0.0378 0.5979 0.3643 
 534 0.0468 0.1184 0.8348 
 535 0.0287 0.2194 0.7519 
 536 0.0676 0.1847 0.7477 
 537 0.0938 0.0681 0.8381 
 538 0.0711 0.1026 0.8263 
 539 0.6848 0.0621 0.2531 
 540 0.1267 0.1638 0.7095 
 541 0.3992 0.1386 0.4622 
 542 0.0272 0.2025 0.7703 
 543 0.0624 0.0814 0.8562 
 544 0.0391 0.1170 0.8439 
 545 0.0185 0.1907 0.7908 
 546 0.0518 0.1025 0.8457 
 547 0.0482 0.0729 0.8788 
 548 0.0891 0.0738 0.8371 
 549 0.3456 0.1288 0.5257 
 550 0.0571 0.4317 0.5113 
 551 0.4694 0.1044 0.4262 
 552 0.0841 0.0959 0.8200 
 553 0.0710 0.0538 0.8753 
 554 0.0842 0.3716 0.5442 
 555 0.1240 0.0586 0.8174 
 556 0.0435 0.0909 0.8656 
 557 0.0419 0.2631 0.6950 
 558 0.0141 0.9443 0.0416 
 559 0.0232 0.5097 0.4671 
 560 0.0103 0.8935 0.0962 
 561 0.0138 0.7445 0.2417 
 562 0.0103 0.8212 0.1685 
 563 0.0719 0.3107 0.6174 
 564 0.0225 0.1705 0.8070 
 565 0.0174 0.9215 0.0611 
 566 0.0103 0.9256 0.0641 
 567 0.0161 0.3033 0.6806 
 568 0.0226 0.4119 0.5655 
 569 0.0231 0.5202 0.4567 
 570 0.0110 0.9396 0.0494 
 571 0.0181 0.8049 0.1769 
 572 0.1450 0.2651 0.5899 
 573 0.0249 0.4270 0.5481 
 574 0.0730 0.7791 0.1479 
 575 0.0377 0.3089 0.6534 
 576 0.0107 0.9104 0.0790 
 577 0.0590 0.8004 0.1406 
 578 0.0190 0.7059 0.2752 
 579 0.0159 0.8130 0.1711 
 580 0.0292 0.8716 0.0992 
 581 0.0213 0.8930 0.0857 
 582 0.0127 0.9149 0.0723 
 583 0.0189 0.8627 0.1184 
 584 0.0127 0.9084 0.0789 
 585 0.0154 0.7967 0.1879 
 586 0.0231 0.8094 0.1676 
 587 0.0118 0.8207 0.1676 
 588 0.0147 0.0538 0.9314 
 589 0.0145 0.8353 0.1501 
 590 0.0169 0.7716 0.2116 
 591 0.0202 0.7197 0.2601 
 592 0.0134 0.3590 0.6275 
 593 0.0311 0.6109 0.3580 
 594 0.0485 0.4730 0.4785 
 595 0.0123 0.8795 0.1081 
 596 0.0274 0.3796 0.5931 
 597 0.1369 0.6001 0.2629 
 598 0.0122 0.9439 0.0438 
 599 0.0116 0.6995 0.2889 
 600 0.0380 0.8131 0.1489 
 601 0.0118 0.8838 0.1044 
 602 0.0603 0.2843 0.6554 
 603 0.0551 0.2683 0.6765 
 604 0.0373 0.5076 0.4550 
 605 0.0218 0.5711 0.4071 
 606 0.0461 0.1751 0.7788 
 607 0.2215 0.5273 0.2512 
 608 0.4125 0.4208 0.1666 
 609 0.0318 0.8437 0.1245 
 610 0.0240 0.6979 0.2781 
 611 0.0512 0.3032 0.6456 
 612 0.0205 0.9013 0.0782 
 613 0.0313 0.7920 0.1767 
 614 0.0164 0.8995 0.0841 
 615 0.0414 0.7614 0.1972 
 616 0.1422 0.5553 0.3024 
 617 0.0188 0.8129 0.1682 
 618 0.1162 0.5969 0.2869 
 619 0.0630 0.3167 0.6204 
 620 0.0110 0.3312 0.6578 
 621 0.0175 0.9033 0.0793 
 622 0.0886 0.6391 0.2723 
 623 0.0200 0.6373 0.3428 
 624 0.0976 0.7996 0.1029 
 625 0.0863 0.7432 0.1705 
 626 0.4234 0.2117 0.3649 
 627 0.0277 0.7323 0.2400 
 628 0.0332 0.6908 0.2760 
 629 0.0325 0.6034 0.3641 
 630 0.0328 0.8177 0.1496 
 631 0.0284 0.8482 0.1234 
 632 0.0754 0.1127 0.8118 
 633 0.0579 0.8167 0.1253 
 634 0.1085 0.5985 0.2930 
 635 0.4261 0.2139 0.3600 
 636 0.1699 0.6558 0.1744 
 637 0.0332 0.1665 0.8003 
 638 0.0508 0.5945 0.3546 
 639 0.0486 0.7669 0.1845 
 640 0.0251 0.8628 0.1120 
 641 0.0350 0.6330 0.3320 
 642 0.3208 0.1240 0.5551 
 643 0.7953 0.0727 0.1320 
 644 0.5637 0.1779 0.2584 
 645 0.7010 0.1708 0.1282 
 646 0.0423 0.1592 0.7985 
 647 0.1151 0.1060 0.7789 
 648 0.2287 0.2719 0.4995 
 649 0.0633 0.0708 0.8659 
 650 0.0569 0.1272 0.8159 
 651 0.4076 0.2304 0.3620 
 652 0.5210 0.1336 0.3454 
 653 0.2041 0.1570 0.6389 
 654 0.2163 0.0767 0.7070 
 655 0.5053 0.2203 0.2744 
 656 0.0941 0.1321 0.7738 
 657 0.1195 0.6213 0.2592 
 658 0.1047 0.2632 0.6321 
 659 0.4476 0.1760 0.3764 
 660 0.4213 0.0711 0.5076 
 661 0.6040 0.1171 0.2789 
 662 0.0374 0.0585 0.9041 
 663 0.3609 0.1182 0.5209 
 664 0.1514 0.3844 0.4642 
 665 0.0453 0.0822 0.8725 
 666 0.2679 0.0964 0.6356 
 667 0.0376 0.2134 0.7490 
 668 0.3886 0.2416 0.3698 
 669 0.1139 0.1199 0.7662 
 670 0.8335 0.0422 0.1243 
 671 0.5385 0.0652 0.3962 
 672 0.6643 0.1183 0.2174 
 673 0.9161 0.0381 0.0458 
 674 0.7568 0.0796 0.1636 
 675 0.8030 0.0561 0.1409 
 676 0.9116 0.0380 0.0504 
 677 0.7055 0.0389 0.2556 
 678 0.9137 0.0396 0.0467 
 679 0.8487 0.0781 0.0733 
 680 0.8401 0.0637 0.0962 
 681 0.2349 0.2627 0.5024 
 682 0.8555 0.0600 0.0845 
 683 0.8579 0.0397 0.1024 
 684 0.9047 0.0404 0.0550 
 685 0.9145 0.0357 0.0498 
 686 0.5728 0.0615 0.3657 
 687 0.5181 0.0596 0.4223 
 688 0.8273 0.0562 0.1165 
 689 0.9166 0.0361 0.0473 
 690 0.9125 0.0379 0.0496 
 691 0.8348 0.0684 0.0968 
 692 0.8674 0.0601 0.0725 
 693 0.8458 0.0657 0.0886 
 694 0.9180 0.0330 0.0490 
 695 0.8685 0.0474 0.0841 
 696 0.8211 0.0568 0.1222 
 697 0.9046 0.0388 0.0566 
 698 0.9031 0.0382 0.0587 
 699 0.7787 0.0455 0.1758 
 700 0.8326 0.0728 0.0946 
 701 0.8062 0.0816 0.1122 
 702 0.6490 0.0906 0.2604 
 703 0.8274 0.0616 0.1109 
 704 0.8207 0.0506 0.1287 
 705 0.3191 0.1116 0.5692 
 706 0.8484 0.0540 0.0976 
 707 0.8887 0.0403 0.0710 
 708 0.8850 0.0387 0.0763 
 709 0.8739 0.0392 0.0869 
 710 0.9156 0.0338 0.0506 
 711 0.7842 0.0570 0.1588 
 712 0.8027 0.0345 0.1628 
 713 0.8255 0.0509 0.1235 
 714 0.7630 0.0852 0.1519 
 715 0.8856 0.0333 0.0811 
 716 0.8681 0.0505 0.0814 
 717 0.9105 0.0342 0.0553 
 718 0.7225 0.0633 0.2142 
 719 0.8849 0.0337 0.0814 
 720 0.0197 0.8401 0.1401 
 721 0.6009 0.2765 0.1226 
 722 0.0392 0.8163 0.1445 
 723 0.0323 0.8772 0.0905 
 724 0.1277 0.7785 0.0937 
 725 0.1410 0.3708 0.4882 
 726 0.0676 0.7271 0.2054 
 727 0.1160 0.1937 0.6903 
 728 0.0114 0.9431 0.0455 
 729 0.0126 0.9375 0.0500 
 730 0.0198 0.8729 0.1073 
 731 0.0288 0.8962 0.0750 
 732 0.0333 0.8776 0.0891 
 733 0.0174 0.9268 0.0558 
 734 0.0116 0.9349 0.0535 
 735 0.0238 0.9277 0.0484 
 736 0.0220 0.8991 0.0790 
 737 0.0248 0.8069 0.1683 
 738 0.0204 0.9022 0.0774 
 739 0.0158 0.9317 0.0525 
 740 0.7713 0.1034 0.1253 
 741 0.4905 0.1898 0.3196 
 742 0.1156 0.7173 0.1671 
 743 0.0563 0.6276 0.3162 
 744 0.0352 0.1137 0.8510 
 745 0.0169 0.5859 0.3972 
 746 0.1061 0.3038 0.5902 
 747 0.0314 0.2830 0.6857 
 748 0.2991 0.1497 0.5513 
 749 0.0652 0.1686 0.7662 
 750 0.0446 0.2393 0.7160 
 751 0.4241 0.2023 0.3737 
 752 0.0379 0.2925 0.6695 
 753 0.1204 0.3678 0.5118 
 754 0.3130 0.2661 0.4209 
 755 0.0836 0.2557 0.6607 
 756 0.1318 0.1529 0.7153 
 757 0.0542 0.2091 0.7367 
 758 0.0169 0.3372 0.6460 
 759 0.4627 0.2669 0.2704 
 760 0.0765 0.7215 0.2020 
 761 0.2145 0.5493 0.2362 
 762 0.0260 0.8426 0.1314 
 763 0.1187 0.3711 0.5102 
 764 0.0415 0.2764 0.6821 
 765 0.0331 0.7865 0.1804 
 766 0.2965 0.3348 0.3687 
 767 0.1280 0.2718 0.6003 
 768 0.0264 0.8317 0.1419 
 769 0.1581 0.6310 0.2109 
 770 0.0240 0.8085 0.1675 
 771 0.0523 0.0799 0.8678 
 772 0.2395 0.4038 0.3566 
 773 0.0612 0.4695 0.4693 
 774 0.3475 0.2022 0.4503 
 775 0.0503 0.8471 0.1026 
 776 0.0285 0.3830 0.5885 
 777 0.0468 0.2436 0.7095 
 778 0.0574 0.1301 0.8124 
 779 0.1005 0.3911 0.5084 
 780 0.2930 0.1857 0.5214 
 781 0.0702 0.0727 0.8571 
 782 0.1007 0.3884 0.5109 
 783 0.2070 0.4490 0.3440 
 784 0.0380 0.6911 0.2708 
 785 0.0944 0.3812 0.5243 
 786 0.4379 0.2737 0.2884 
 787 0.1485 0.0714 0.7801 
 788 0.0539 0.6747 0.2714 
 789 0.0451 0.7490 0.2058 
 790 0.1793 0.3225 0.4982 
 791 0.0779 0.3389 0.5832 
 792 0.3501 0.1189 0.5311 
 793 0.1760 0.1456 0.6784 
 794 0.0689 0.3084 0.6226 
 795 0.3926 0.1744 0.4330 
 796 0.0886 0.2407 0.6707 
 797 0.5182 0.1053 0.3764 
 798 0.0139 0.8474 0.1387 
 799 0.0364 0.6057 0.3579 
 800 0.2157 0.0606 0.7237 
 801 0.0286 0.7724 0.1991 
 802 0.1678 0.4720 0.3602 
 803 0.1676 0.1377 0.6947 
 804 0.0443 0.1783 0.7775 
 805 0.7992 0.0640 0.1368 
 806 0.0657 0.3228 0.6114 
 807 0.6667 0.0752 0.2581 
 808 0.2305 0.0820 0.6875 
 809 0.0357 0.2066 0.7577 
 810 0.0950 0.5175 0.3874 
 811 0.2248 0.0935 0.6817 
 812 0.0173 0.0931 0.8896 
 813 0.0171 0.8357 0.1472 
 814 0.0209 0.1118 0.8673 
 815 0.1796 0.1949 0.6254 
 816 0.2843 0.3730 0.3427 
 817 0.1665 0.4772 0.3563 
 818 0.0395 0.4342 0.5263 
 819 0.0481 0.0923 0.8596 
 820 0.0691 0.1907 0.7402 
 821 0.0558 0.7555 0.1887 
 822 0.0128 0.7714 0.2158 
 823 0.1902 0.5949 0.2149 
 824 0.0858 0.4796 0.4346 
 825 0.0233 0.7172 0.2594 
 826 0.0213 0.4976 0.4811 
 827 0.0264 0.8821 0.0915 
 828 0.0476 0.8339 0.1185 
 829 0.0512 0.7348 0.2140 
 830 0.0177 0.9049 0.0775 
 831 0.0770 0.5575 0.3655 
 832 0.0681 0.3470 0.5849 
 833 0.1170 0.5225 0.3604 
 834 0.0669 0.5709 0.3622 
 835 0.0180 0.4121 0.5699 
 836 0.0352 0.2282 0.7366 
 837 0.1539 0.5258 0.3204 
 838 0.0165 0.1954 0.7881 
 839 0.0355 0.7709 0.1936 
 840 0.0512 0.1106 0.8382 
 841 0.0374 0.1327 0.8299 
 842 0.0142 0.6459 0.3400 
 843 0.1191 0.0970 0.7840 
 844 0.0624 0.2612 0.6764 
 845 0.0208 0.5827 0.3965 
 846 0.0448 0.2450 0.7102 
 847 0.0831 0.1774 0.7395 
 848 0.0360 0.1454 0.8186 
 849 0.0316 0.6461 0.3223 
 850 0.0290 0.8476 0.1234 
 851 0.0237 0.4119 0.5644 
 852 0.5131 0.3448 0.1420 
 853 0.0260 0.5983 0.3757 
 854 0.1595 0.5914 0.2492 
 855 0.0400 0.3924 0.5675 
 856 0.0665 0.3747 0.5588 
 857 0.0294 0.2017 0.7689 
 858 0.0222 0.5271 0.4507 
 859 0.0218 0.8807 0.0975 
 860 0.0225 0.4992 0.4784 
 861 0.2256 0.1104 0.6640 
 862 0.0199 0.9218 0.0583 
 863 0.0512 0.8553 0.0935 
 864 0.0395 0.9111 0.0494 
 865 0.0111 0.9333 0.0556 
 866 0.0178 0.8810 0.1011 
 867 0.0297 0.8887 0.0816 
 868 0.0202 0.8689 0.1109 
 869 0.0202 0.8919 0.0879 
 870 0.0128 0.7529 0.2343 
 871 0.0136 0.8971 0.0894 
 872 0.0195 0.9268 0.0537 
 873 0.0264 0.9167 0.0569 
 874 0.0139 0.9211 0.0650 
 875 0.0214 0.7429 0.2357 
 876 0.0174 0.7613 0.2213 
 877 0.0220 0.9316 0.0464 
 878 0.0285 0.8012 0.1702 
 879 0.0304 0.9098 0.0598 
 880 0.0167 0.8084 0.1750 
 881 0.0274 0.8955 0.0771 
 882 0.0241 0.9265 0.0494 
 883 0.0281 0.5916 0.3803 
 884 0.0110 0.9381 0.0509 
 885 0.0377 0.7853 0.1769 
 886 0.0339 0.8824 0.0837 
 887 0.0133 0.9314 0.0553 
 888 0.0543 0.6862 0.2595 
 889 0.0114 0.9344 0.0541 
 890 0.0113 0.9127 0.0760 
 891 0.0191 0.5023 0.4786 
 892 0.0223 0.4040 0.5737 
 893 0.0256 0.2158 0.7586 
 894 0.0132 0.8689 0.1179 
 895 0.0138 0.9193 0.0669 
 896 0.0311 0.2084 0.7605 
 897 0.0207 0.3579 0.6214 
 898 0.0424 0.6963 0.2613 
 899 0.0105 0.8656 0.1238 
 900 0.0166 0.5094 0.4740 
 901 0.0191 0.6766 0.3043 
 902 0.0215 0.1756 0.8030 
 903 0.0176 0.8850 0.0974 
 904 0.0374 0.6696 0.2930 
 905 0.0123 0.9268 0.0609 
 906 0.0238 0.6231 0.3532 
 907 0.0306 0.7969 0.1724 
 908 0.0237 0.8537 0.1226 
 909 0.0253 0.6204 0.3542 
 910 0.0222 0.2996 0.6782 
 911 0.0110 0.9286 0.0604 
 912 0.0132 0.8859 0.1009 
 913 0.0120 0.8752 0.1128 
 914 0.0985 0.5372 0.3643 
 915 0.0106 0.8972 0.0922 
 916 0.0166 0.6458 0.3376 
 917 0.0151 0.6247 0.3601 
 918 0.0681 0.7026 0.2293 
 919 0.0320 0.8780 0.0901 
 920 0.0276 0.8164 0.1560 
 921 0.1089 0.1186 0.7725 
 922 0.0209 0.1347 0.8445 
 923 0.0290 0.0807 0.8902 
 924 0.0182 0.0923 0.8895 
 925 0.0290 0.1164 0.8545 
 926 0.0293 0.0469 0.9239 
 927 0.0543 0.0719 0.8738 
 928 0.0771 0.0484 0.8744 
 929 0.0176 0.0557 0.9266 
 930 0.0315 0.0968 0.8716 
 931 0.1228 0.1703 0.7069 
 932 0.0159 0.0644 0.9197 
 933 0.2258 0.0617 0.7125 
 934 0.0131 0.0624 0.9245 
 935 0.0240 0.0939 0.8820 
 936 0.0166 0.0629 0.9205 
 937 0.0371 0.0622 0.9006 
 938 0.0673 0.0425 0.8903 
 939 0.0902 0.0651 0.8448 
 940 0.0422 0.0765 0.8813 
 941 0.0177 0.1308 0.8516 
 942 0.1016 0.1024 0.7960 
 943 0.1335 0.0577 0.8088 
 944 0.0513 0.0580 0.8907 
 945 0.0304 0.0839 0.8857 
 946 0.0246 0.0659 0.9095 
 947 0.0726 0.0481 0.8793 
 948 0.0141 0.1665 0.8194 
 949 0.0137 0.2167 0.7696 
 950 0.0365 0.0440 0.9195 
 951 0.0475 0.0721 0.8804 
 952 0.0209 0.0674 0.9117 
 953 0.0241 0.1574 0.8184 
 954 0.0241 0.1430 0.8329 
 955 0.7907 0.0520 0.1573 
 956 0.6601 0.0496 0.2904 
 957 0.2005 0.1289 0.6706 
 958 0.0376 0.2691 0.6933 
 959 0.0895 0.1148 0.7957 
 960 0.0675 0.6115 0.3210 
 961 0.9150 0.0354 0.0496 
 962 0.0233 0.0561 0.9207 
 963 0.0389 0.2711 0.6900 
 964 0.0862 0.6625 0.2513 
 965 0.1250 0.0992 0.7758 
 966 0.0810 0.1298 0.7892 
 967 0.8309 0.0584 0.1107 
 968 0.0312 0.0709 0.8979 
 969 0.2537 0.5304 0.2159 
 970 0.7000 0.0749 0.2251 
 971 0.0417 0.0800 0.8783 
 972 0.1241 0.2277 0.6482 
 973 0.1161 0.0642 0.8196 
 974 0.0546 0.3306 0.6148 
 975 0.2517 0.5323 0.2160 
 976 0.0413 0.0794 0.8793 
 977 0.2573 0.2768 0.4659 
 978 0.0817 0.0856 0.8327 
 979 0.0317 0.1733 0.7950 
 980 0.1258 0.0940 0.7802 
 981 0.0994 0.1708 0.7298 
 982 0.0264 0.7001 0.2735 
 983 0.0289 0.5641 0.4070 
 984 0.7172 0.1710 0.1118 
 985 0.0619 0.1258 0.8122 
 986 0.0499 0.4381 0.5120 
 987 0.0166 0.3500 0.6334 
 988 0.0127 0.9228 0.0645 
 989 0.3933 0.1569 0.4498 
 990 0.0607 0.6746 0.2647 
 991 0.0613 0.2732 0.6655 
 992 0.0138 0.1036 0.8827 
 993 0.0321 0.6777 0.2902 
 994 0.0732 0.0898 0.8370 
 995 0.8309 0.0410 0.1281 
 996 0.0267 0.8411 0.1322 
 997 0.0341 0.0898 0.8761 
 998 0.0249 0.3897 0.5855 
 999 0.0774 0.1730 0.7495 
1000 0.0190 0.3840 0.5970 
1001 0.0314 0.8234 0.1452 
1002 0.0128 0.8338 0.1534 
1003 0.0363 0.1618 0.8019 
1004 0.0325 0.1654 0.8022 
1005 0.0194 0.2808 0.6997 
1006 0.0485 0.1174 0.8341 
1007 0.0989 0.1002 0.8009 
1008 0.1340 0.0738 0.7921 
1009 0.0526 0.1687 0.7787 
1010 0.0602 0.1422 0.7975 
1011 0.1735 0.1171 0.7094 
1012 0.0228 0.1112 0.8659 
1013 0.0377 0.1402 0.8221 
1014 0.0211 0.4003 0.5785 
1015 0.0207 0.1078 0.8715 
1016 0.0201 0.5097 0.4702 
1017 0.0554 0.1033 0.8413 
1018 0.0589 0.1239 0.8172 
1019 0.0850 0.4817 0.4332 
1020 0.6819 0.0530 0.2650 
1021 0.2168 0.0671 0.7160 
1022 0.0641 0.1705 0.7654 
1023 0.0283 0.8043 0.1674 
1024 0.0209 0.7380 0.2411 
1025 0.0427 0.2175 0.7398 
1026 0.1885 0.6673 0.1442 
1027 0.0909 0.4383 0.4708 
1028 0.0971 0.8082 0.0947 
1029 0.1293 0.5113 0.3594 
1030 0.3893 0.1898 0.4209 
1031 0.2353 0.5077 0.2570 
1032 0.2736 0.3320 0.3944 
1033 0.3065 0.5363 0.1572 
1034 0.1161 0.4351 0.4488 
1035 0.7741 0.1216 0.1044 
1036 0.2881 0.2511 0.4608 
1037 0.3705 0.1708 0.4587 
1038 0.5356 0.2881 0.1764 
1039 0.2151 0.1889 0.5960 
1040 0.1451 0.6777 0.1772 
1041 0.2065 0.6380 0.1555 
1042 0.4636 0.2716 0.2649 
1043 0.2520 0.5976 0.1504 
1044 0.0981 0.4890 0.4129 
1045 0.1951 0.7055 0.0994 
1046 0.3188 0.2369 0.4443 
1047 0.7115 0.1163 0.1722 
1048 0.0489 0.7445 0.2066 
1049 0.0353 0.4761 0.4885 
1050 0.0113 0.9182 0.0706 
1051 0.0129 0.8353 0.1518 
1052 0.0192 0.8330 0.1478 
1053 0.0249 0.8706 0.1045 
1054 0.0228 0.8184 0.1588 
1055 0.0189 0.4150 0.5661 
1056 0.0194 0.7308 0.2498 
1057 0.0138 0.8804 0.1058 
1058 0.0150 0.8587 0.1263 
1059 0.0317 0.8720 0.0964 
1060 0.0583 0.5471 0.3946 
1061 0.0147 0.2450 0.7403 
1062 0.0165 0.8776 0.1058 
1063 0.0258 0.0861 0.8881 
1064 0.0202 0.7738 0.2060 
1065 0.0272 0.3280 0.6448 
1066 0.0356 0.2505 0.7139 
1067 0.0148 0.8659 0.1193 
1068 0.2471 0.5084 0.2446 
1069 0.0128 0.8978 0.0894 
1070 0.0168 0.7240 0.2592 
1071 0.0614 0.5676 0.3710 
1072 0.0293 0.4140 0.5566 
1073 0.0205 0.8601 0.1194 
1074 0.0542 0.7143 0.2316 
1075 0.0374 0.5171 0.4455 
1076 0.0422 0.7103 0.2474 
1077 0.0135 0.9287 0.0578 
1078 0.0222 0.4097 0.5680 
1079 0.0199 0.8187 0.1614 
1080 0.0812 0.2755 0.6433 
1081 0.0133 0.9267 0.0600 
1082 0.0421 0.3887 0.5693 
1083 0.0336 0.3872 0.5792 
1084 0.0488 0.2469 0.7044 
1085 0.0099 0.8435 0.1465 
1086 0.0143 0.2083 0.7774 
1087 0.0100 0.8472 0.1429 
1088 0.0117 0.7114 0.2768 
1089 0.0123 0.8955 0.0922 
1090 0.0157 0.8545 0.1298 
1091 0.0229 0.8013 0.1758 
1092 0.0155 0.9002 0.0842 
1093 0.0438 0.4684 0.4877 
1094 0.0437 0.8281 0.1283 
1095 0.0129 0.9267 0.0603 
1096 0.0479 0.8303 0.1218 
1097 0.0107 0.8968 0.0924 
1098 0.0127 0.1200 0.8672 
1099 0.0282 0.0889 0.8829 
1100 0.0137 0.8266 0.1597 
1101 0.0121 0.7990 0.1889 
1102 0.0156 0.8386 0.1458 
1103 0.0299 0.7021 0.2679 
1104 0.0166 0.5926 0.3908 
1105 0.0192 0.6672 0.3135 
1106 0.0660 0.7011 0.2329 
1107 0.0251 0.9051 0.0698 
1108 0.0191 0.9296 0.0512 
1109 0.0166 0.8620 0.1213 
1110 0.2075 0.0876 0.7049 
1111 0.1427 0.0577 0.7995 
1112 0.7747 0.1067 0.1186 
1113 0.1184 0.1414 0.7402 
1114 0.2315 0.5007 0.2678 
1115 0.1331 0.0861 0.7808 
1116 0.7451 0.0751 0.1799 
1117 0.0832 0.4325 0.4843 
1118 0.8202 0.0649 0.1149 
1119 0.1207 0.3349 0.5444 
1120 0.1767 0.0835 0.7399 
1121 0.5551 0.2754 0.1695 
1122 0.2988 0.3750 0.3262 
1123 0.1184 0.4529 0.4287 
1124 0.8195 0.0631 0.1174 
1125 0.3155 0.1674 0.5171 
1126 0.4166 0.2827 0.3007 
1127 0.3616 0.1520 0.4864 
1128 0.3007 0.0594 0.6399 
1129 0.1124 0.4055 0.4821 
1130 0.0857 0.1822 0.7321 
1131 0.1009 0.7506 0.1485 
1132 0.3078 0.1365 0.5557 
1133 0.7317 0.1254 0.1429 
1134 0.7115 0.0524 0.2361 
1135 0.0481 0.5666 0.3853 
1136 0.0611 0.7523 0.1866 
1137 0.3702 0.0900 0.5398 
1138 0.1606 0.2073 0.6321 
1139 0.7614 0.0572 0.1814 
1140 0.2924 0.4153 0.2923 
1141 0.2407 0.5550 0.2043 
1142 0.0909 0.7937 0.1154 
1143 0.2935 0.2455 0.4610 
1144 0.1853 0.1297 0.6850 
1145 0.1180 0.4664 0.4156 
1146 0.5246 0.3802 0.0952 
1147 0.0521 0.3976 0.5503 
1148 0.0354 0.9122 0.0523 
1149 0.3527 0.1823 0.4650 
1150 0.1434 0.1927 0.6639 
1151 0.8154 0.1133 0.0714 
1152 0.1522 0.5320 0.3158 
1153 0.0859 0.5881 0.3260 
1154 0.2820 0.3599 0.3580 
1155 0.2893 0.2773 0.4335 
1156 0.3139 0.1144 0.5717 
1157 0.4416 0.4163 0.1421 
1158 0.5975 0.1720 0.2306 
1159 0.0169 0.7789 0.2042 
1160 0.0158 0.5108 0.4734 
1161 0.0236 0.1601 0.8163 
1162 0.0501 0.1891 0.7608 
1163 0.3032 0.2027 0.4941 
1164 0.0733 0.3035 0.6232 
1165 0.0207 0.5395 0.4398 
1166 0.0772 0.1020 0.8208 
1167 0.0149 0.7741 0.2111 
1168 0.0266 0.6394 0.3340 
1169 0.0396 0.4544 0.5060 
1170 0.0208 0.8806 0.0986 
1171 0.0552 0.6738 0.2710 
1172 0.0230 0.8192 0.1579 
1173 0.0299 0.5766 0.3935 
1174 0.0159 0.6340 0.3501 
1175 0.0263 0.5701 0.4035 
1176 0.0716 0.4720 0.4563 
1177 0.0138 0.9363 0.0499 
1178 0.0273 0.6256 0.3471 
1179 0.0146 0.9129 0.0725 
1180 0.0148 0.8025 0.1827 
1181 0.0213 0.2618 0.7170 
1182 0.0182 0.2071 0.7747 
1183 0.1529 0.7128 0.1343 
1184 0.0136 0.9078 0.0785 
1185 0.0216 0.7715 0.2069 
1186 0.0933 0.6739 0.2327 
1187 0.0675 0.8249 0.1076 
1188 0.0216 0.8761 0.1022 
1189 0.0268 0.1599 0.8133 
1190 0.0133 0.8450 0.1417 
1191 0.1771 0.6211 0.2019 
1192 0.0146 0.1486 0.8368 
1193 0.0983 0.5525 0.3493 
1194 0.0142 0.9348 0.0510 
1195 0.0127 0.5482 0.4391 
1196 0.0136 0.2081 0.7783 
1197 0.0115 0.8666 0.1220 
1198 0.0144 0.4479 0.5378 
1199 0.0182 0.4418 0.5400 
1200 0.0120 0.8632 0.1248 
1201 0.1101 0.2240 0.6659 
1202 0.1061 0.5715 0.3224 
1203 0.0127 0.2410 0.7463 
1204 0.0240 0.3144 0.6617 
1205 0.0219 0.7379 0.2402 
1206 0.4380 0.2464 0.3156 
1207 0.0623 0.5043 0.4334 
1208 0.2336 0.0580 0.7085 
1209 0.0947 0.1165 0.7888 
1210 0.0494 0.1810 0.7696 
1211 0.2910 0.2528 0.4562 
1212 0.1763 0.5457 0.2781 
1213 0.1227 0.2010 0.6763 
1214 0.2792 0.4884 0.2323 
1215 0.0396 0.1353 0.8251 
1216 0.0484 0.1598 0.7918 
1217 0.1370 0.4978 0.3652 
1218 0.0362 0.7650 0.1988 
1219 0.1752 0.5145 0.3103 
1220 0.0359 0.7706 0.1936 
1221 0.0500 0.1509 0.7991 
1222 0.1735 0.2768 0.5497 
1223 0.0454 0.7629 0.1916 
1224 0.0178 0.0712 0.9110 
1225 0.0423 0.5651 0.3926 
1226 0.0603 0.6381 0.3016 
1227 0.0415 0.1422 0.8163 
1228 0.1530 0.1875 0.6595 
1229 0.0235 0.0656 0.9108 
1230 0.4252 0.1115 0.4633 
1231 0.0856 0.1293 0.7851 
1232 0.0159 0.0626 0.9215 
1233 0.0229 0.1035 0.8736 
1234 0.0383 0.0719 0.8898 
1235 0.0401 0.0710 0.8889 
1236 0.0362 0.0434 0.9204 
1237 0.0229 0.0467 0.9303 
1238 0.0993 0.0530 0.8477 
1239 0.0297 0.0658 0.9045 
1240 0.0443 0.0576 0.8981 
1241 0.0255 0.0508 0.9237 
1242 0.1932 0.0769 0.7300 
1243 0.0376 0.1033 0.8591 
1244 0.0654 0.0417 0.8929 
1245 0.2152 0.0635 0.7213 
1246 0.0630 0.0939 0.8430 
1247 0.1657 0.0403 0.7939 
1248 0.2485 0.0888 0.6627 
1249 0.0589 0.5453 0.3958 
1250 0.0270 0.0807 0.8923 
1251 0.0343 0.0630 0.9027 
1252 0.0172 0.0699 0.9129 
1253 0.0735 0.0778 0.8487 
1254 0.0155 0.0758 0.9087 
1255 0.0822 0.0438 0.8740 
1256 0.2007 0.0653 0.7340 
1257 0.0576 0.0838 0.8585 
1258 0.0146 0.0806 0.9048 
1259 0.0163 0.1155 0.8682 
1260 0.0320 0.0436 0.9244 
1261 0.1336 0.0574 0.8090 
1262 0.0330 0.0701 0.8969 
1263 0.0182 0.0820 0.8998 
1264 0.0398 0.0749 0.8853 
1265 0.0468 0.0456 0.9077 
1266 0.0595 0.1391 0.8014 
1267 0.1146 0.0989 0.7865 
1268 0.0141 0.9151 0.0708 
1269 0.0167 0.9348 0.0485 
1270 0.0852 0.6287 0.2861 
1271 0.0246 0.8644 0.1111 
1272 0.0292 0.7051 0.2657 
1273 0.0397 0.7989 0.1614 
1274 0.0604 0.7926 0.1469 
1275 0.0211 0.8781 0.1008 
1276 0.0217 0.9079 0.0704 
1277 0.0134 0.9297 0.0569 
1278 0.1506 0.6262 0.2232 
1279 0.0766 0.8097 0.1137 
1280 0.0607 0.5213 0.4180 
1281 0.0199 0.8455 0.1346 
1282 0.0101 0.9165 0.0734 
1283 0.0320 0.8527 0.1152 
1284 0.0847 0.5391 0.3761 
1285 0.0327 0.6860 0.2813 
1286 0.0446 0.8214 0.1340 
1287 0.1141 0.7478 0.1380 
1288 0.0450 0.7414 0.2137 
1289 0.0163 0.8809 0.1028 
1290 0.1250 0.6828 0.1922 
1291 0.0663 0.3889 0.5448 
1292 0.0373 0.7841 0.1786 
1293 0.0213 0.9038 0.0749 
1294 0.0305 0.7257 0.2438 
1295 0.0138 0.9165 0.0698 
1296 0.0234 0.9123 0.0644 
1297 0.0546 0.6904 0.2550 
1298 0.0167 0.9097 0.0735 
1299 0.0199 0.8780 0.1020 
1300 0.4388 0.3257 0.2355 
1301 0.0193 0.8795 0.1012 
1302 0.0519 0.8475 0.1006 
1303 0.0315 0.8486 0.1199 
1304 0.0357 0.8596 0.1047 
1305 0.1460 0.7189 0.1351 
1306 0.0196 0.8780 0.1024 
1307 0.0303 0.8337 0.1360 
1308 0.0760 0.4683 0.4556 
1309 0.0179 0.8527 0.1294 
1310 0.0196 0.8469 0.1335 
1311 0.0130 0.8998 0.0872 
1312 0.0423 0.6494 0.3083 
1313 0.0283 0.8127 0.1590 
1314 0.0206 0.8444 0.1350 
1315 0.2772 0.5100 0.2128 
1316 0.0136 0.3367 0.6497 
1317 0.0618 0.1309 0.8072 
1318 0.0376 0.3790 0.5834 
1319 0.6044 0.0518 0.3437 
1320 0.0556 0.3568 0.5877 
1321 0.0150 0.7609 0.2241 
1322 0.0209 0.3193 0.6598 
1323 0.0141 0.2884 0.6975 
1324 0.0596 0.6475 0.2928 
1325 0.0101 0.6568 0.3331 
1326 0.0121 0.7880 0.1999 
1327 0.0209 0.0886 0.8905 
1328 0.0193 0.4506 0.5301 
1329 0.0196 0.2918 0.6886 
1330 0.0155 0.1787 0.8058 
1331 0.0172 0.5385 0.4443 
1332 0.0497 0.1435 0.8068 
1333 0.0266 0.5405 0.4330 
1334 0.0145 0.7867 0.1988 
1335 0.0956 0.5197 0.3846 
1336 0.6857 0.0921 0.2222 
1337 0.5000 0.1437 0.3563 
1338 0.0426 0.6467 0.3108 
1339 0.0203 0.4279 0.5518 
1340 0.0373 0.3424 0.6203 
1341 0.0426 0.4339 0.5235 
1342 0.0278 0.1014 0.8709 
1343 0.0226 0.1945 0.7829 
1344 0.2436 0.1700 0.5865 
1345 0.0161 0.6246 0.3593 
1346 0.0215 0.5283 0.4502 
1347 0.0480 0.0816 0.8704 
1348 0.0458 0.4667 0.4875 
1349 0.5627 0.0771 0.3601 
1350 0.0416 0.0655 0.8929 
1351 0.0190 0.4054 0.5755 
1352 0.0332 0.7409 0.2259 
1353 0.0153 0.2575 0.7272 
1354 0.0185 0.1521 0.8294 
1355 0.0101 0.6219 0.3680 
1356 0.0274 0.2512 0.7214 
1357 0.0257 0.1061 0.8683 
1358 0.0180 0.0932 0.8889 
1359 0.0425 0.2767 0.6808 
1360 0.2681 0.4030 0.3290 
1361 0.1457 0.3615 0.4927 
1362 0.0454 0.2072 0.7474 
1363 0.1645 0.2742 0.5613 
1364 0.1029 0.2352 0.6620 
1365 0.0469 0.6187 0.3344 
1366 0.0458 0.1957 0.7584 
1367 0.0666 0.0635 0.8699 
1368 0.1419 0.0712 0.7869 
1369 0.0345 0.5423 0.4231 
1370 0.0251 0.0521 0.9228 
1371 0.0361 0.7258 0.2380 
1372 0.1634 0.0527 0.7840 
1373 0.4763 0.1421 0.3816 
1374 0.0271 0.0948 0.8781 
1375 0.3164 0.2421 0.4415 
1376 0.0535 0.0835 0.8630 
1377 0.0431 0.1837 0.7732 
1378 0.2840 0.2552 0.4607 
1379 0.6367 0.0467 0.3167 
1380 0.0305 0.4657 0.5038 
1381 0.0345 0.4304 0.5351 
1382 0.1203 0.0725 0.8072 
1383 0.0190 0.8778 0.1032 
1384 0.0373 0.7215 0.2412 
1385 0.1668 0.0544 0.7788 
1386 0.0259 0.1758 0.7983 
1387 0.2138 0.1398 0.6464 
1388 0.0504 0.3981 0.5515 
1389 0.0316 0.1251 0.8434 
1390 0.0285 0.0844 0.8871 
1391 0.0267 0.0871 0.8862 
1392 0.0578 0.3441 0.5981 
1393 0.1829 0.1536 0.6635 
1394 0.0414 0.0844 0.8742 
1395 0.0291 0.7501 0.2208 
1396 0.0204 0.8341 0.1455 
1397 0.1883 0.1658 0.6459 
1398 0.0755 0.1327 0.7917 
1399 0.0283 0.1416 0.8302 
1400 0.0365 0.5409 0.4226 
1401 0.0180 0.9047 0.0773 
1402 0.1078 0.0741 0.8181 
1403 0.1070 0.1141 0.7789 
1404 0.0657 0.0959 0.8384 
1405 0.0291 0.8900 0.0809 
1406 0.0665 0.1510 0.7825 
1407 0.0293 0.8163 0.1544 
1408 0.0381 0.5782 0.3837 
1409 0.0720 0.1909 0.7371 
1410 0.0385 0.6598 0.3017 
1411 0.0240 0.2363 0.7397 
1412 0.0379 0.6855 0.2766 
1413 0.0937 0.0758 0.8306 
1414 0.0491 0.3123 0.6386 
1415 0.1071 0.5104 0.3825 
1416 0.2082 0.1073 0.6845 
1417 0.0385 0.6608 0.3007 
1418 0.1059 0.1170 0.7771 
1419 0.0553 0.0806 0.8641 
1420 0.0901 0.4808 0.4291 
1421 0.0961 0.0491 0.8549 
1422 0.0501 0.0530 0.8969 
1423 0.0336 0.4031 0.5633 
1424 0.0203 0.3195 0.6602 
1425 0.0977 0.1902 0.7122 
1426 0.0691 0.3098 0.6211 
1427 0.0189 0.4633 0.5177 
1428 0.0468 0.0872 0.8661 
1429 0.1548 0.0718 0.7734 
1430 0.2144 0.2005 0.5851 
1431 0.0234 0.0696 0.9070 
1432 0.0542 0.1887 0.7570 
1433 0.2607 0.0525 0.6867 
1434 0.0839 0.0562 0.8599 
1435 0.3617 0.0830 0.5554 
1436 0.1441 0.1239 0.7321 
1437 0.0734 0.2235 0.7031 
1438 0.0139 0.6934 0.2927 
1439 0.2014 0.1247 0.6739 
1440 0.1044 0.0636 0.8320 
1441 0.5859 0.0492 0.3649 
1442 0.0400 0.0602 0.8998 
1443 0.1224 0.0703 0.8073 
1444 0.0663 0.3708 0.5628 
1445 0.0568 0.0587 0.8845 
1446 0.0843 0.0649 0.8508 
1447 0.1495 0.2532 0.5973 
1448 0.0330 0.0717 0.8953 
1449 0.0204 0.2108 0.7688 
1450 0.0869 0.2970 0.6160 
1451 0.3432 0.0538 0.6029 
1452 0.0392 0.2736 0.6872 
1453 0.1779 0.1620 0.6601 
1454 0.0323 0.5758 0.3919 
1455 0.0332 0.4707 0.4961 
1456 0.0887 0.4816 0.4297 
1457 0.0270 0.4606 0.5123 
1458 0.0373 0.2415 0.7212 
1459 0.1006 0.0497 0.8497 
1460 0.0559 0.6989 0.2451 
1461 0.0168 0.8887 0.0945 
1462 0.0255 0.1471 0.8273 
1463 0.7362 0.1034 0.1604 
1464 0.0188 0.9237 0.0575 
1465 0.0201 0.9131 0.0667 
1466 0.0236 0.3021 0.6744 
1467 0.0288 0.8722 0.0990 
1468 0.0242 0.8600 0.1157 
1469 0.0413 0.4994 0.4593 
1470 0.1048 0.1142 0.7811 
1471 0.0679 0.6696 0.2624 
1472 0.0202 0.6649 0.3149 
1473 0.1042 0.6573 0.2385 
1474 0.0230 0.1950 0.7820 
1475 0.0401 0.7568 0.2030 
1476 0.0134 0.9369 0.0497 
1477 0.5189 0.0718 0.4093 
1478 0.2708 0.2876 0.4416 
1479 0.0343 0.7414 0.2243 
1480 0.0206 0.2828 0.6966 
1481 0.0191 0.8923 0.0886 
