   1 0.0059 0.0053 0.0111 0.0681 0.0682 0.1388 0.0992 0.1067 0.3229 0.1740 
   2 0.0035 0.0039 0.0119 0.0307 0.0694 0.0870 0.4845 0.1058 0.0982 0.1050 
   3 0.0047 0.0060 0.0084 0.0356 0.2240 0.1642 0.1065 0.1148 0.1512 0.1845 
   4 0.0155 0.0102 0.0112 0.1284 0.0950 0.1158 0.1200 0.1076 0.0935 0.3029 
   5 0.0045 0.0048 0.0150 0.0486 0.0900 0.0895 0.4090 0.1282 0.1166 0.0937 
   6 0.0048 0.0072 0.0090 0.0499 0.2235 0.0725 0.1576 0.1548 0.1897 0.1311 
   7 0.0041 0.0054 0.0109 0.0368 0.0951 0.0705 0.1074 0.3520 0.2161 0.1018 
   8 0.0266 0.0155 0.0108 0.1600 0.1657 0.0943 0.1065 0.1254 0.1177 0.1776 
   9 0.0168 0.0077 0.0175 0.0352 0.1013 0.1052 0.2645 0.1167 0.1813 0.1537 
  10 0.0126 0.0069 0.0111 0.1717 0.1055 0.0711 0.1311 0.1683 0.2061 0.1154 
  11 0.0039 0.0043 0.0133 0.0324 0.0724 0.0692 0.1108 0.2318 0.3674 0.0946 
  12 0.0041 0.0049 0.0119 0.0352 0.0872 0.0927 0.3370 0.1376 0.1248 0.1647 
  13 0.0048 0.0059 0.0150 0.0359 0.0827 0.1024 0.2165 0.1768 0.1992 0.1608 
  14 0.0054 0.0039 0.0093 0.0957 0.1307 0.2047 0.2179 0.0853 0.1327 0.1145 
  15 0.0040 0.0052 0.0104 0.0592 0.1289 0.1200 0.1734 0.1326 0.1290 0.2372 
  16 0.0036 0.0043 0.0123 0.0352 0.1003 0.1055 0.0993 0.1392 0.3797 0.1205 
  17 0.0076 0.0088 0.0160 0.0410 0.1648 0.1314 0.1798 0.1258 0.1651 0.1596 
  18 0.0059 0.0079 0.0102 0.0458 0.1465 0.1057 0.2528 0.0872 0.1772 0.1607 
  19 0.0040 0.0055 0.0106 0.0349 0.1828 0.0735 0.1875 0.1588 0.1938 0.1486 
  20 0.0041 0.0050 0.0124 0.0399 0.1611 0.1078 0.1906 0.1927 0.1292 0.1572 
  21 0.0045 0.0047 0.0094 0.0856 0.0647 0.1858 0.1771 0.1017 0.1962 0.1705 
  22 0.0043 0.0086 0.0103 0.0359 0.1771 0.0990 0.1365 0.1128 0.2383 0.1771 
  23 0.0090 0.0073 0.0245 0.0645 0.1199 0.1842 0.1732 0.0971 0.1030 0.2174 
  24 0.0038 0.0045 0.0116 0.0388 0.0658 0.1167 0.1058 0.1130 0.3251 0.2149 
  25 0.0047 0.0055 0.0121 0.0340 0.2347 0.0821 0.2316 0.1674 0.1393 0.0886 
  26 0.0044 0.0067 0.0104 0.0434 0.0990 0.0992 0.1974 0.1276 0.2017 0.2103 
  27 0.0045 0.0056 0.0137 0.0379 0.1053 0.1472 0.1510 0.1280 0.2550 0.1519 
  28 0.0056 0.0047 0.0101 0.2240 0.0718 0.0803 0.1244 0.1481 0.1847 0.1463 
  29 0.0037 0.0039 0.0151 0.0302 0.0765 0.1323 0.2177 0.2167 0.1698 0.1341 
  30 0.0038 0.0052 0.0106 0.0303 0.1257 0.1171 0.1599 0.1055 0.3018 0.1401 
  31 0.0300 0.0118 0.0145 0.1209 0.0673 0.1454 0.1631 0.1649 0.1706 0.1115 
  32 0.0049 0.0046 0.0088 0.0768 0.2254 0.0981 0.2002 0.0961 0.1002 0.1850 
  33 0.0041 0.0053 0.0107 0.0328 0.1404 0.1459 0.1182 0.1737 0.1774 0.1914 
  34 0.0162 0.0064 0.0222 0.1238 0.2328 0.0669 0.1106 0.2158 0.1100 0.0952 
  35 0.0049 0.0120 0.0263 0.0266 0.1282 0.2499 0.1821 0.1104 0.1505 0.1092 
  36 0.0044 0.0043 0.0097 0.0324 0.0608 0.3124 0.0971 0.0965 0.2838 0.0986 
  37 0.0042 0.0065 0.0099 0.0450 0.0867 0.1765 0.2038 0.1240 0.1361 0.2073 
  38 0.0054 0.0054 0.0220 0.0263 0.1568 0.1426 0.1123 0.1860 0.2536 0.0895 
  39 0.0048 0.0073 0.0192 0.0307 0.1111 0.1818 0.1313 0.1900 0.2008 0.1231 
  40 0.0039 0.0042 0.0102 0.0356 0.0907 0.3778 0.1152 0.0855 0.1507 0.1262 
  41 0.0059 0.0071 0.0231 0.0288 0.1063 0.3390 0.0853 0.1573 0.1591 0.0882 
  42 0.0042 0.0043 0.0138 0.0340 0.0441 0.2192 0.0784 0.0939 0.2482 0.2599 
  43 0.0054 0.0073 0.0130 0.0450 0.0792 0.3454 0.1482 0.1225 0.0998 0.1341 
  44 0.0046 0.0070 0.0116 0.0245 0.1275 0.3913 0.1371 0.1072 0.1027 0.0865 
  45 0.0046 0.0048 0.0180 0.0252 0.0495 0.2412 0.1969 0.1168 0.2563 0.0867 
  46 0.0049 0.0092 0.0123 0.0337 0.1844 0.1950 0.1543 0.1512 0.1406 0.1145 
  47 0.0074 0.0187 0.0216 0.0479 0.1202 0.1322 0.2052 0.1157 0.1768 0.1542 
  48 0.0045 0.0079 0.0146 0.0240 0.1499 0.4055 0.1284 0.0840 0.0887 0.0926 
  49 0.0044 0.0085 0.0277 0.0341 0.0770 0.2353 0.1333 0.1179 0.2370 0.1249 
  50 0.0085 0.0103 0.0152 0.0931 0.1803 0.1185 0.1463 0.2009 0.1467 0.0801 
  51 0.0042 0.0041 0.0112 0.0284 0.0500 0.4621 0.0883 0.0860 0.1818 0.0839 
  52 0.0047 0.0086 0.0209 0.0326 0.0932 0.1962 0.1008 0.1965 0.2117 0.1347 
  53 0.0054 0.0071 0.0147 0.0628 0.1774 0.1516 0.0896 0.1621 0.2189 0.1104 
  54 0.0053 0.0079 0.0184 0.0350 0.0632 0.2077 0.2858 0.1104 0.1101 0.1563 
  55 0.0042 0.0060 0.0136 0.0298 0.0811 0.3822 0.1790 0.1038 0.0873 0.1129 
  56 0.0050 0.0061 0.0185 0.0288 0.1461 0.2686 0.1441 0.0905 0.1477 0.1446 
  57 0.0061 0.0144 0.0195 0.0803 0.1131 0.0808 0.1346 0.1392 0.1781 0.2338 
  58 0.0040 0.0050 0.0187 0.0313 0.0544 0.3072 0.1501 0.1225 0.1900 0.1168 
  59 0.0051 0.0053 0.0317 0.0288 0.0732 0.2109 0.1409 0.1277 0.2499 0.1265 
  60 0.0047 0.0045 0.0099 0.0605 0.0623 0.3894 0.0970 0.1006 0.1393 0.1318 
  61 0.0050 0.0039 0.0119 0.0397 0.0410 0.3269 0.2193 0.0954 0.0915 0.1655 
  62 0.0065 0.0105 0.0460 0.0351 0.0878 0.1126 0.2448 0.1319 0.1766 0.1482 
  63 0.0042 0.0041 0.0108 0.0338 0.0779 0.2118 0.1634 0.1877 0.1386 0.1676 
  64 0.0045 0.0061 0.0159 0.0292 0.1604 0.1086 0.1909 0.1296 0.2566 0.0983 
  65 0.0041 0.0053 0.0144 0.0298 0.1165 0.0967 0.2650 0.2754 0.1077 0.0851 
  66 0.0061 0.0047 0.0126 0.0842 0.0617 0.1473 0.2132 0.1643 0.1159 0.1900 
  67 0.0054 0.0054 0.0124 0.0293 0.0648 0.3283 0.2524 0.1125 0.0915 0.0980 
  68 0.0052 0.0062 0.0280 0.0320 0.0602 0.2275 0.1209 0.1153 0.2654 0.1393 
  69 0.0340 0.0067 0.0334 0.1982 0.1790 0.0930 0.1103 0.1004 0.1660 0.0790 
  70 0.0063 0.0042 0.0116 0.0470 0.1010 0.3216 0.0812 0.1750 0.1357 0.1163 
  71 0.0054 0.0051 0.0296 0.0294 0.0700 0.2631 0.1629 0.1308 0.2248 0.0789 
  72 0.0046 0.0054 0.0090 0.0339 0.1019 0.2185 0.1097 0.1134 0.3144 0.0892 
  73 0.0057 0.0050 0.0314 0.0348 0.0587 0.2662 0.2536 0.1335 0.1220 0.0891 
  74 0.0043 0.0042 0.0095 0.0298 0.0623 0.2706 0.0975 0.0916 0.2800 0.1502 
  75 0.0057 0.0051 0.0128 0.0486 0.0499 0.2983 0.1119 0.0769 0.2359 0.1550 
  76 0.0041 0.0051 0.0096 0.0309 0.0950 0.2851 0.1569 0.2038 0.0994 0.1100 
  77 0.0047 0.0045 0.0210 0.0238 0.0748 0.2297 0.1428 0.1964 0.2087 0.0935 
  78 0.0060 0.0056 0.0246 0.0251 0.1334 0.2148 0.1140 0.1714 0.2086 0.0964 
  79 0.0041 0.0044 0.0110 0.0391 0.0697 0.0738 0.2122 0.2330 0.2385 0.1142 
  80 0.0041 0.0047 0.0093 0.0522 0.0491 0.0852 0.1341 0.1463 0.1222 0.3928 
  81 0.0041 0.0048 0.0084 0.0591 0.0490 0.0696 0.1474 0.1886 0.1518 0.3172 
  82 0.0040 0.0047 0.0175 0.0433 0.0626 0.2052 0.1923 0.1554 0.1431 0.1719 
  83 0.0041 0.0044 0.0083 0.0612 0.1056 0.1127 0.1397 0.1869 0.1341 0.2430 
  84 0.0038 0.0043 0.0088 0.0585 0.0764 0.0822 0.1387 0.2392 0.1612 0.2267 
  85 0.0039 0.0043 0.0088 0.0624 0.1225 0.1019 0.1392 0.1206 0.1809 0.2554 
  86 0.0048 0.0063 0.0162 0.0311 0.0989 0.2003 0.2692 0.1407 0.1201 0.1124 
  87 0.0058 0.0050 0.0108 0.0576 0.0895 0.1175 0.1604 0.2847 0.1483 0.1206 
  88 0.0038 0.0045 0.0099 0.0499 0.0518 0.1041 0.1722 0.1879 0.1579 0.2579 
  89 0.0065 0.0052 0.0090 0.1070 0.0473 0.0867 0.1907 0.1479 0.1536 0.2460 
  90 0.0041 0.0043 0.0100 0.0424 0.0639 0.0815 0.2101 0.3085 0.1421 0.1330 
  91 0.0040 0.0043 0.0080 0.0600 0.0960 0.1066 0.1104 0.1152 0.1397 0.3558 
  92 0.0038 0.0047 0.0106 0.0455 0.0632 0.0971 0.2218 0.1939 0.2022 0.1572 
  93 0.0051 0.0046 0.0095 0.2430 0.0460 0.0994 0.1040 0.0919 0.1298 0.2667 
  94 0.0043 0.0044 0.0087 0.0402 0.1047 0.1072 0.0879 0.3711 0.1625 0.1089 
  95 0.0042 0.0044 0.0095 0.0475 0.0523 0.0863 0.1681 0.2982 0.1127 0.2168 
  96 0.0039 0.0044 0.0113 0.0455 0.0451 0.3044 0.1653 0.1049 0.0963 0.2189 
  97 0.0037 0.0050 0.0117 0.0355 0.0513 0.2121 0.1503 0.0812 0.2772 0.1720 
  98 0.0038 0.0038 0.0117 0.0299 0.0656 0.2286 0.2359 0.1166 0.1714 0.1327 
  99 0.0041 0.0044 0.0090 0.0567 0.0644 0.0728 0.1742 0.2510 0.1467 0.2168 
 100 0.0040 0.0047 0.0109 0.0456 0.0459 0.1097 0.1981 0.0815 0.0899 0.4099 
 101 0.0122 0.0061 0.0117 0.1129 0.0843 0.1361 0.1789 0.1855 0.1449 0.1275 
 102 0.0047 0.0055 0.0188 0.0522 0.0983 0.1619 0.1094 0.1576 0.1033 0.2882 
 103 0.0109 0.0044 0.0115 0.1223 0.0676 0.0893 0.3148 0.1701 0.0845 0.1246 
 104 0.0054 0.0044 0.0108 0.0912 0.0681 0.0767 0.1717 0.3913 0.0893 0.0911 
 105 0.0109 0.0053 0.0235 0.1572 0.0582 0.0938 0.2299 0.2375 0.0869 0.0967 
 106 0.0037 0.0042 0.0094 0.0243 0.0915 0.0854 0.1406 0.4120 0.1571 0.0719 
 107 0.0192 0.0052 0.0165 0.0877 0.0700 0.1000 0.2275 0.2512 0.0894 0.1333 
 108 0.0046 0.0041 0.0087 0.0379 0.2473 0.1595 0.2683 0.0903 0.0776 0.1018 
 109 0.0065 0.0059 0.1087 0.0425 0.0977 0.1090 0.1586 0.2444 0.1600 0.0667 
 110 0.0072 0.0044 0.0113 0.0345 0.0887 0.0752 0.1063 0.4288 0.1695 0.0742 
 111 0.0095 0.0065 0.0234 0.0349 0.0667 0.0838 0.1907 0.3860 0.0892 0.1094 
 112 0.0063 0.0045 0.1462 0.0297 0.0603 0.1135 0.0944 0.3388 0.1260 0.0803 
 113 0.0088 0.0048 0.0119 0.0496 0.0905 0.1490 0.2812 0.1268 0.1591 0.1181 
 114 0.0053 0.0044 0.0167 0.1105 0.0565 0.0738 0.1822 0.3561 0.0914 0.1031 
 115 0.0167 0.0052 0.0218 0.0290 0.0978 0.1758 0.1567 0.2863 0.0912 0.1196 
 116 0.0048 0.0054 0.0160 0.0251 0.0919 0.1992 0.1329 0.2788 0.1714 0.0746 
 117 0.0186 0.0062 0.0282 0.0382 0.0837 0.0917 0.1098 0.3500 0.1838 0.0897 
 118 0.0092 0.0049 0.0220 0.0313 0.0756 0.1154 0.3605 0.1795 0.0947 0.1067 
 119 0.0042 0.0042 0.0091 0.0470 0.0904 0.2717 0.1263 0.1371 0.0853 0.2247 
 120 0.0084 0.0050 0.0288 0.0438 0.0805 0.1433 0.1835 0.2914 0.0962 0.1192 
 121 0.1148 0.0074 0.0445 0.0345 0.0793 0.1651 0.1313 0.2294 0.1151 0.0786 
 122 0.0047 0.0043 0.0148 0.0528 0.0759 0.0834 0.1852 0.3346 0.1648 0.0796 
 123 0.0173 0.0048 0.0129 0.0456 0.0860 0.1057 0.1589 0.3341 0.1197 0.1150 
 124 0.0429 0.0072 0.0252 0.0295 0.1298 0.1415 0.1683 0.1884 0.1766 0.0905 
 125 0.0085 0.0052 0.0271 0.0305 0.1406 0.1130 0.1123 0.1604 0.3067 0.0957 
 126 0.0039 0.0037 0.0090 0.0326 0.0658 0.1955 0.1233 0.2864 0.1589 0.1208 
 127 0.0132 0.0048 0.0188 0.0331 0.0595 0.0930 0.1813 0.4049 0.0775 0.1140 
 128 0.0036 0.0042 0.0164 0.0296 0.0537 0.1061 0.4401 0.1438 0.1023 0.1003 
 129 0.0134 0.0052 0.0140 0.0648 0.0680 0.0899 0.3462 0.2443 0.0847 0.0695 
 130 0.0154 0.0055 0.0299 0.0847 0.0631 0.0720 0.1898 0.3131 0.0969 0.1296 
 131 0.0422 0.0087 0.0289 0.0401 0.1053 0.1281 0.1272 0.2180 0.2293 0.0722 
 132 0.0060 0.0043 0.0106 0.0422 0.0726 0.0853 0.2542 0.3162 0.1402 0.0683 
 133 0.0153 0.0077 0.0142 0.0498 0.0844 0.1064 0.2471 0.2713 0.0907 0.1132 
 134 0.0043 0.0040 0.0144 0.0232 0.0635 0.0647 0.1256 0.4964 0.1392 0.0646 
 135 0.0038 0.0055 0.0174 0.0513 0.0456 0.2371 0.1146 0.0773 0.1240 0.3234 
 136 0.0045 0.0053 0.0129 0.1448 0.0761 0.0927 0.1056 0.0740 0.1290 0.3551 
 137 0.0054 0.0049 0.0282 0.1136 0.0488 0.0801 0.0843 0.1009 0.1266 0.4072 
 138 0.0040 0.0044 0.0085 0.1270 0.0473 0.0946 0.0855 0.0741 0.1282 0.4264 
 139 0.0047 0.0043 0.0108 0.1187 0.0569 0.1535 0.2910 0.0793 0.1286 0.1521 
 140 0.0046 0.0049 0.0104 0.1120 0.0466 0.1607 0.1332 0.1115 0.2023 0.2138 
 141 0.0058 0.0052 0.0122 0.2928 0.0726 0.1008 0.1260 0.0770 0.1658 0.1419 
 142 0.0045 0.0055 0.0171 0.1107 0.0454 0.2760 0.1341 0.0776 0.1116 0.2175 
 143 0.0034 0.0040 0.0084 0.0482 0.0429 0.0844 0.0823 0.0690 0.0963 0.5610 
 144 0.0043 0.0047 0.0277 0.0494 0.0442 0.0833 0.0807 0.0994 0.1064 0.5000 
 145 0.0049 0.0058 0.0149 0.1156 0.0809 0.1386 0.1357 0.0772 0.1894 0.2371 
 146 0.0054 0.0060 0.0102 0.1458 0.0550 0.0995 0.1167 0.1247 0.2100 0.2266 
 147 0.0041 0.0045 0.0088 0.1151 0.0476 0.0747 0.0818 0.0719 0.1169 0.4745 
 148 0.0060 0.0048 0.0155 0.2525 0.0717 0.1526 0.1189 0.0985 0.1118 0.1677 
 149 0.0153 0.0045 0.0112 0.2716 0.0461 0.1866 0.1090 0.0715 0.1443 0.1398 
 150 0.0056 0.0054 0.0305 0.1215 0.0518 0.0995 0.1265 0.1330 0.1317 0.2946 
 151 0.0036 0.0045 0.0093 0.0572 0.0440 0.0996 0.1061 0.0931 0.1169 0.4658 
 152 0.0051 0.0051 0.0146 0.1499 0.1286 0.1709 0.1046 0.0803 0.0973 0.2437 
 153 0.0050 0.0043 0.0092 0.1996 0.0475 0.1485 0.0851 0.0898 0.1566 0.2544 
 154 0.0170 0.0050 0.0114 0.3394 0.0665 0.1464 0.1143 0.0708 0.1096 0.1196 
 155 0.0042 0.0044 0.0084 0.1330 0.0465 0.0804 0.1022 0.0947 0.0919 0.4344 
 156 0.0043 0.0039 0.0116 0.0770 0.0422 0.1955 0.0944 0.0923 0.0906 0.3881 
 157 0.0045 0.0042 0.0083 0.1933 0.0579 0.0734 0.0911 0.1566 0.1063 0.3043 
 158 0.0045 0.0060 0.0150 0.1192 0.0764 0.1234 0.1111 0.0768 0.2114 0.2562 
 159 0.0097 0.0048 0.0108 0.2342 0.0462 0.0756 0.0944 0.0720 0.1025 0.3497 
 160 0.0090 0.0055 0.0107 0.2722 0.0468 0.0791 0.1110 0.0717 0.1012 0.2929 
 161 0.0043 0.0042 0.0097 0.0970 0.0480 0.1298 0.1085 0.0939 0.2155 0.2892 
 162 0.0055 0.0069 0.0108 0.1534 0.0574 0.1056 0.1542 0.1228 0.1873 0.1960 
 163 0.0042 0.0041 0.0086 0.1206 0.0430 0.1269 0.0839 0.0891 0.0934 0.4262 
 164 0.0122 0.0055 0.0088 0.2810 0.0478 0.0876 0.1621 0.1090 0.1376 0.1484 
 165 0.0044 0.0052 0.0299 0.0578 0.0457 0.0949 0.1010 0.1309 0.1244 0.4057 
 166 0.0131 0.0042 0.0082 0.2625 0.0994 0.1249 0.1092 0.1217 0.0900 0.1667 
 167 0.0157 0.0066 0.0101 0.4213 0.0754 0.0688 0.0875 0.0940 0.1073 0.1134 
 168 0.0043 0.0048 0.0085 0.1020 0.0797 0.1317 0.0931 0.0778 0.1481 0.3500 
 169 0.0045 0.0062 0.0151 0.0849 0.0731 0.1064 0.0972 0.0755 0.3349 0.2022 
 170 0.0038 0.0042 0.0091 0.0495 0.0448 0.1966 0.1321 0.0917 0.1193 0.3489 
 171 0.0048 0.0046 0.0089 0.1346 0.1007 0.1244 0.1497 0.0833 0.1270 0.2620 
 172 0.0061 0.0047 0.0132 0.1395 0.0463 0.2186 0.0987 0.0702 0.2513 0.1514 
 173 0.0043 0.0053 0.0101 0.1922 0.0492 0.0848 0.1373 0.0726 0.0965 0.3479 
 174 0.0043 0.0048 0.0084 0.2156 0.0466 0.0738 0.1089 0.0921 0.1275 0.3180 
 175 0.0040 0.0048 0.0098 0.0636 0.0769 0.1048 0.0922 0.0721 0.1099 0.4620 
 176 0.0042 0.0047 0.0274 0.0487 0.0452 0.0838 0.0819 0.0994 0.1063 0.4983 
 177 0.0045 0.0049 0.0094 0.1868 0.0606 0.0911 0.0973 0.1610 0.1664 0.2180 
 178 0.0044 0.0048 0.0090 0.2425 0.0754 0.0728 0.1211 0.0949 0.1317 0.2434 
 179 0.0046 0.0045 0.0078 0.3309 0.0483 0.0725 0.1036 0.0723 0.0987 0.2570 
 180 0.0063 0.0063 0.0121 0.1860 0.0546 0.1232 0.1017 0.0967 0.2023 0.2108 
 181 0.0044 0.0054 0.0130 0.1019 0.0514 0.1569 0.1496 0.0761 0.1601 0.2812 
 182 0.0042 0.0056 0.0116 0.0715 0.0445 0.1404 0.1501 0.0730 0.0978 0.4013 
 183 0.0042 0.0047 0.0090 0.1255 0.0497 0.0905 0.1086 0.0733 0.1083 0.4262 
 184 0.0039 0.0049 0.0103 0.0307 0.1207 0.1026 0.4388 0.0938 0.0859 0.1084 
 185 0.0053 0.0038 0.0110 0.0819 0.0411 0.1988 0.0845 0.0629 0.0803 0.4304 
 186 0.0040 0.0048 0.0085 0.0316 0.0725 0.0948 0.4439 0.1391 0.1020 0.0989 
 187 0.0041 0.0041 0.0084 0.0760 0.0682 0.0946 0.3149 0.0927 0.0887 0.2482 
 188 0.0040 0.0045 0.0089 0.0281 0.0684 0.0847 0.5270 0.1082 0.0843 0.0819 
 189 0.0043 0.0045 0.0082 0.0485 0.1260 0.1609 0.1200 0.1009 0.1794 0.2473 
 190 0.0036 0.0039 0.0122 0.0411 0.0419 0.3851 0.1425 0.0677 0.0696 0.2324 
 191 0.0040 0.0040 0.0106 0.0387 0.0550 0.0760 0.4872 0.0853 0.0906 0.1486 
 192 0.0039 0.0038 0.0088 0.0445 0.0659 0.0824 0.3170 0.1180 0.1011 0.2548 
 193 0.0037 0.0043 0.0129 0.0412 0.0754 0.1281 0.2679 0.1036 0.1257 0.2372 
 194 0.0053 0.0042 0.0090 0.0478 0.0580 0.1702 0.2629 0.1104 0.1127 0.2194 
 195 0.0048 0.0041 0.0088 0.0503 0.0438 0.1863 0.2457 0.0679 0.0880 0.3003 
 196 0.0039 0.0038 0.0122 0.0416 0.0620 0.2495 0.2238 0.0972 0.0792 0.2268 
 197 0.0046 0.0053 0.0104 0.0573 0.1279 0.1155 0.2317 0.1434 0.1108 0.1932 
 198 0.0038 0.0039 0.0092 0.0453 0.0800 0.1531 0.1980 0.1370 0.1868 0.1829 
 199 0.0038 0.0043 0.0129 0.0339 0.0579 0.3581 0.1681 0.0941 0.0984 0.1685 
 200 0.0041 0.0040 0.0170 0.0392 0.0986 0.2359 0.1968 0.0959 0.0940 0.2144 
 201 0.0039 0.0039 0.0081 0.0845 0.0541 0.1117 0.2273 0.0765 0.0843 0.3458 
 202 0.0039 0.0040 0.0107 0.0398 0.0433 0.2272 0.1332 0.0873 0.0886 0.3619 
 203 0.0044 0.0040 0.0107 0.0687 0.0521 0.0942 0.2701 0.0749 0.0699 0.3510 
 204 0.0046 0.0041 0.0103 0.0427 0.0435 0.1824 0.3709 0.0718 0.0795 0.1903 
 205 0.0044 0.0042 0.0099 0.0401 0.0680 0.1957 0.3197 0.0929 0.0982 0.1669 
 206 0.0043 0.0043 0.0087 0.0472 0.0481 0.1122 0.4337 0.0718 0.0868 0.1827 
 207 0.0036 0.0039 0.0129 0.0311 0.0485 0.1714 0.4244 0.0910 0.0787 0.1343 
 208 0.0039 0.0041 0.0099 0.0729 0.0504 0.1252 0.3260 0.0823 0.0802 0.2449 
 209 0.0038 0.0040 0.0127 0.0385 0.0592 0.1150 0.3793 0.0923 0.0988 0.1964 
 210 0.0040 0.0038 0.0086 0.0445 0.0487 0.1087 0.4041 0.0865 0.0850 0.2061 
 211 0.0047 0.0048 0.0260 0.0309 0.0568 0.2253 0.2228 0.1204 0.0718 0.2366 
 212 0.0038 0.0039 0.0097 0.0466 0.0566 0.1781 0.1331 0.0746 0.1186 0.3750 
 213 0.0046 0.0042 0.0109 0.0364 0.0451 0.2689 0.2038 0.1365 0.1368 0.1529 
 214 0.0036 0.0039 0.0110 0.0407 0.0551 0.1253 0.1937 0.0777 0.0800 0.4090 
 215 0.0039 0.0040 0.0130 0.0381 0.0741 0.1380 0.4140 0.0983 0.0790 0.1377 
 216 0.0037 0.0054 0.0102 0.0343 0.1231 0.1193 0.3575 0.1056 0.1073 0.1335 
 217 0.0039 0.0040 0.0092 0.0455 0.0713 0.1491 0.1929 0.0772 0.0873 0.3596 
 218 0.0041 0.0044 0.0100 0.0423 0.0634 0.1078 0.3853 0.1030 0.0943 0.1854 
 219 0.0042 0.0065 0.0086 0.0503 0.1392 0.1109 0.2013 0.0948 0.1200 0.2642 
 220 0.0040 0.0038 0.0098 0.0391 0.0467 0.0913 0.4998 0.0801 0.0774 0.1480 
 221 0.0037 0.0038 0.0104 0.0382 0.0433 0.2483 0.1106 0.0667 0.0798 0.3952 
 222 0.0041 0.0054 0.0087 0.0415 0.1305 0.1061 0.2860 0.1087 0.1266 0.1823 
 223 0.0039 0.0040 0.0083 0.0781 0.0864 0.1092 0.2132 0.0990 0.1070 0.2909 
 224 0.0047 0.0043 0.0088 0.0551 0.0502 0.0961 0.3377 0.0733 0.0842 0.2856 
 225 0.0043 0.0042 0.0099 0.0425 0.0556 0.1905 0.3199 0.0846 0.0941 0.1945 
 226 0.0046 0.0053 0.0115 0.0459 0.1941 0.1147 0.2206 0.0951 0.1101 0.1981 
 227 0.0044 0.0041 0.0101 0.0586 0.0452 0.2712 0.2157 0.0939 0.0836 0.2133 
 228 0.0061 0.0042 0.0118 0.0494 0.0411 0.2586 0.1985 0.0635 0.0831 0.2837 
 229 0.0044 0.0041 0.0087 0.0467 0.0503 0.0738 0.3300 0.0791 0.0837 0.3191 
 230 0.0043 0.0041 0.0102 0.0437 0.0493 0.0832 0.3868 0.0776 0.0762 0.2645 
 231 0.0041 0.0040 0.0093 0.0506 0.0620 0.0779 0.3285 0.0783 0.1017 0.2834 
 232 0.0045 0.0046 0.0105 0.0388 0.0459 0.1967 0.1911 0.1089 0.1735 0.2255 
 233 0.0040 0.0041 0.0100 0.0755 0.0560 0.0944 0.1940 0.0774 0.0782 0.4064 
 234 0.0038 0.0038 0.0090 0.0457 0.0823 0.0889 0.3065 0.1131 0.1250 0.2219 
 235 0.0040 0.0044 0.0091 0.0443 0.0806 0.1510 0.2068 0.0977 0.1141 0.2881 
 236 0.0036 0.0041 0.0101 0.0436 0.0720 0.0965 0.2510 0.0874 0.0903 0.3412 
 237 0.0044 0.0040 0.0132 0.0345 0.0519 0.1966 0.3714 0.0853 0.0936 0.1450 
 238 0.0037 0.0039 0.0093 0.0422 0.0550 0.1235 0.1937 0.0992 0.0929 0.3766 
 239 0.0046 0.0042 0.0088 0.0506 0.0433 0.1849 0.2439 0.0678 0.0871 0.3049 
 240 0.0036 0.0038 0.0095 0.0426 0.0550 0.1210 0.1933 0.1001 0.0935 0.3776 
 241 0.0036 0.0047 0.0108 0.0509 0.0505 0.1730 0.1683 0.0796 0.1084 0.3501 
 242 0.0055 0.0047 0.0093 0.0470 0.0804 0.1505 0.2678 0.0910 0.1294 0.2144 
 243 0.0038 0.0040 0.0141 0.0411 0.0506 0.2528 0.2501 0.0768 0.0697 0.2370 
 244 0.0042 0.0040 0.0105 0.0439 0.0506 0.0916 0.3151 0.0735 0.0761 0.3305 
 245 0.0042 0.0038 0.0082 0.0793 0.0443 0.1595 0.1234 0.0873 0.0961 0.3939 
 246 0.0038 0.0040 0.0090 0.0461 0.0716 0.1497 0.1916 0.0774 0.0864 0.3603 
 247 0.0038 0.0037 0.0089 0.0308 0.0779 0.1289 0.3377 0.1892 0.1252 0.0938 
 248 0.0036 0.0038 0.0111 0.0301 0.0587 0.1250 0.4679 0.1032 0.0870 0.1097 
 249 0.0040 0.0042 0.0113 0.0397 0.0522 0.1131 0.2760 0.0828 0.0800 0.3368 
 250 0.0038 0.0041 0.0101 0.0422 0.0662 0.0847 0.3353 0.0911 0.0883 0.2742 
 251 0.0042 0.0046 0.0158 0.0418 0.1565 0.1555 0.2163 0.1185 0.1179 0.1688 
 252 0.0042 0.0041 0.0083 0.0484 0.0576 0.1672 0.2659 0.0872 0.1073 0.2497 
 253 0.0038 0.0040 0.0100 0.0355 0.0810 0.2441 0.2172 0.1402 0.1338 0.1302 
 254 0.0040 0.0054 0.0088 0.0397 0.1062 0.1079 0.3379 0.0936 0.1007 0.1957 
 255 0.0039 0.0040 0.0103 0.0421 0.0627 0.0988 0.3167 0.0983 0.1159 0.2472 
 256 0.0036 0.0042 0.0114 0.0425 0.0608 0.1713 0.2447 0.0855 0.0958 0.2801 
 257 0.0138 0.0063 0.0129 0.0534 0.0620 0.1319 0.3230 0.1014 0.1002 0.1950 
 258 0.0040 0.0037 0.0117 0.0416 0.0683 0.2237 0.2336 0.1235 0.1199 0.1700 
 259 0.0042 0.0042 0.0101 0.0440 0.0616 0.1000 0.4215 0.0863 0.0863 0.1817 
 260 0.0040 0.0052 0.0087 0.0430 0.1249 0.0855 0.2223 0.0997 0.0996 0.3070 
 261 0.0039 0.0039 0.0081 0.0490 0.0591 0.1953 0.1846 0.0801 0.1072 0.3088 
 262 0.0037 0.0041 0.0105 0.0412 0.0513 0.3018 0.1451 0.0672 0.0807 0.2944 
 263 0.0042 0.0050 0.0105 0.0321 0.0705 0.1102 0.4797 0.0800 0.0761 0.1316 
 264 0.0038 0.0072 0.0107 0.0261 0.2096 0.1069 0.2991 0.1126 0.1340 0.0900 
 265 0.0039 0.0040 0.0084 0.0469 0.0892 0.1112 0.2878 0.0962 0.1061 0.2462 
 266 0.0036 0.0039 0.0102 0.0411 0.0435 0.2136 0.1201 0.0673 0.0811 0.4156 
 267 0.0040 0.0041 0.0124 0.0398 0.0644 0.1320 0.2746 0.1038 0.1110 0.2539 
 268 0.0039 0.0040 0.0121 0.0419 0.0622 0.2518 0.2238 0.0960 0.0796 0.2247 
 269 0.0041 0.0041 0.0087 0.0477 0.1475 0.0991 0.1958 0.1012 0.1330 0.2589 
 270 0.0044 0.0055 0.0104 0.0584 0.0840 0.1067 0.4052 0.1093 0.1061 0.1101 
 271 0.0039 0.0043 0.0131 0.0411 0.0743 0.1613 0.3305 0.1110 0.0975 0.1630 
 272 0.0051 0.0051 0.0171 0.0440 0.1822 0.1657 0.2157 0.1012 0.0934 0.1706 
 273 0.0288 0.0181 0.0207 0.0700 0.0782 0.0969 0.2151 0.1269 0.1362 0.2090 
 274 0.0038 0.0044 0.0102 0.0418 0.1026 0.1205 0.3092 0.1064 0.1142 0.1870 
 275 0.0105 0.0074 0.0151 0.0935 0.1155 0.1069 0.2948 0.0873 0.1055 0.1635 
 276 0.0047 0.0053 0.0171 0.0339 0.1330 0.2106 0.2395 0.1105 0.1016 0.1439 
 277 0.0037 0.0043 0.0083 0.0498 0.0812 0.1056 0.2528 0.0971 0.1227 0.2746 
 278 0.0042 0.0041 0.0131 0.0398 0.0786 0.1774 0.3369 0.0945 0.0801 0.1711 
 279 0.0037 0.0044 0.0100 0.0457 0.0772 0.1182 0.3133 0.0951 0.1085 0.2240 
 280 0.0040 0.0041 0.0089 0.0404 0.0929 0.1499 0.2543 0.0893 0.1571 0.1991 
 281 0.0039 0.0044 0.0100 0.0425 0.0589 0.1174 0.3297 0.1258 0.1232 0.1843 
 282 0.0038 0.0037 0.0083 0.0467 0.0770 0.0820 0.1945 0.0911 0.1002 0.3926 
 283 0.0042 0.0040 0.0090 0.0639 0.0552 0.0948 0.1977 0.0877 0.0774 0.4060 
 284 0.0047 0.0039 0.0123 0.0915 0.0747 0.1220 0.2506 0.1186 0.1014 0.2203 
 285 0.0038 0.0038 0.0135 0.0266 0.0604 0.1710 0.4257 0.1017 0.1130 0.0805 
 286 0.0041 0.0041 0.0106 0.0438 0.0507 0.0924 0.3156 0.0739 0.0768 0.3280 
 287 0.0039 0.0045 0.0084 0.0477 0.0825 0.1080 0.2354 0.1318 0.1444 0.2334 
 288 0.0051 0.0051 0.0114 0.0423 0.1474 0.1035 0.3411 0.0908 0.0903 0.1629 
 289 0.0077 0.0065 0.0146 0.0469 0.1137 0.1316 0.3274 0.1237 0.0887 0.1391 
 290 0.0050 0.0062 0.0177 0.0300 0.0974 0.2226 0.2363 0.0891 0.1298 0.1660 
 291 0.0038 0.0043 0.0130 0.0407 0.0740 0.1625 0.3303 0.1113 0.0976 0.1627 
 292 0.0039 0.0043 0.0086 0.0406 0.0739 0.2576 0.1618 0.0811 0.1582 0.2100 
 293 0.0042 0.0050 0.0151 0.0289 0.1160 0.2273 0.1977 0.1058 0.1767 0.1233 
 294 0.0051 0.0057 0.0104 0.0319 0.0795 0.1895 0.4027 0.0811 0.0799 0.1142 
 295 0.0057 0.0053 0.0193 0.0705 0.1010 0.2364 0.2024 0.1152 0.1241 0.1202 
 296 0.0042 0.0043 0.0130 0.0416 0.0596 0.1485 0.3738 0.1078 0.0837 0.1634 
 297 0.0041 0.0043 0.0087 0.0379 0.0862 0.1217 0.3332 0.0942 0.1602 0.1496 
 298 0.0040 0.0041 0.0083 0.0461 0.0705 0.0740 0.2719 0.0964 0.0991 0.3257 
 299 0.0044 0.0053 0.0089 0.0376 0.0711 0.0853 0.4682 0.0860 0.0891 0.1439 
 300 0.0039 0.0040 0.0106 0.0306 0.0483 0.1293 0.4770 0.0786 0.1149 0.1029 
 301 0.0049 0.0052 0.0110 0.0591 0.1481 0.1094 0.3569 0.0917 0.0982 0.1155 
 302 0.0063 0.0055 0.0146 0.0590 0.0877 0.2551 0.3105 0.0795 0.0788 0.1030 
 303 0.0046 0.0041 0.0096 0.0422 0.0538 0.1119 0.2700 0.0791 0.1319 0.2926 
 304 0.0058 0.0062 0.0107 0.1252 0.1131 0.0747 0.1618 0.1346 0.1220 0.2458 
 305 0.0057 0.0044 0.0113 0.0903 0.0563 0.1997 0.2780 0.0692 0.0902 0.1948 
 306 0.0039 0.0042 0.0089 0.0465 0.0840 0.1420 0.1730 0.0865 0.1042 0.3467 
 307 0.0042 0.0047 0.0103 0.0513 0.0798 0.1160 0.2990 0.0960 0.1103 0.2285 
 308 0.0039 0.0039 0.0083 0.0492 0.0596 0.1956 0.1828 0.0796 0.1074 0.3097 
 309 0.0316 0.0137 0.0238 0.0551 0.0582 0.1041 0.3849 0.1082 0.0819 0.1386 
 310 0.0037 0.0040 0.0108 0.0409 0.0519 0.1781 0.2715 0.0750 0.0781 0.2859 
 311 0.0042 0.0040 0.0104 0.0428 0.0490 0.0838 0.3866 0.0773 0.0762 0.2657 
 312 0.0041 0.0039 0.0111 0.0417 0.0470 0.1223 0.4564 0.0927 0.0744 0.1465 
 313 0.0042 0.0041 0.0115 0.0357 0.0545 0.2774 0.3514 0.0837 0.0799 0.0976 
 314 0.0057 0.0046 0.0114 0.2042 0.0463 0.1473 0.0802 0.0688 0.1015 0.3300 
 315 0.0060 0.0039 0.0083 0.2875 0.0724 0.1404 0.0770 0.0719 0.0982 0.2345 
 316 0.0097 0.0056 0.0094 0.3798 0.0833 0.0788 0.0800 0.0768 0.1079 0.1688 
 317 0.0054 0.0046 0.0107 0.2285 0.0469 0.0845 0.0811 0.0717 0.1058 0.3609 
 318 0.0061 0.0043 0.0085 0.4242 0.0466 0.0603 0.0760 0.0709 0.1087 0.1945 
 319 0.0033 0.0042 0.0087 0.0558 0.0432 0.0834 0.0853 0.0695 0.0978 0.5487 
 320 0.0056 0.0045 0.0108 0.2050 0.0461 0.1495 0.0799 0.0692 0.1006 0.3288 
 321 0.0080 0.0044 0.0107 0.3331 0.0472 0.0791 0.0781 0.0713 0.1144 0.2536 
 322 0.0084 0.0063 0.0118 0.1763 0.0846 0.1269 0.0854 0.0773 0.1072 0.3158 
 323 0.0092 0.0090 0.0084 0.2989 0.0489 0.0669 0.0839 0.0717 0.1037 0.2995 
 324 0.0071 0.0043 0.0104 0.3332 0.0476 0.0787 0.0782 0.0716 0.1143 0.2545 
 325 0.0093 0.0042 0.0085 0.4212 0.0762 0.0754 0.0768 0.0742 0.1013 0.1530 
 326 0.0268 0.0072 0.0101 0.4019 0.0787 0.0766 0.0770 0.0761 0.1010 0.1447 
 327 0.0058 0.0047 0.0109 0.2279 0.0470 0.0856 0.0804 0.0720 0.1053 0.3603 
 328 0.0060 0.0042 0.0092 0.2545 0.0778 0.1167 0.0865 0.0758 0.1087 0.2605 
 329 0.0040 0.0042 0.0079 0.1705 0.0465 0.0629 0.0781 0.0716 0.1094 0.4449 
 330 0.0054 0.0048 0.0109 0.2287 0.0468 0.0848 0.0811 0.0711 0.1047 0.3617 
 331 0.0041 0.0044 0.0078 0.3366 0.0458 0.0659 0.0850 0.0711 0.1078 0.2715 
 332 0.0270 0.0078 0.0088 0.4081 0.0811 0.0747 0.0758 0.0754 0.0994 0.1418 
 333 0.0216 0.0069 0.0096 0.3438 0.0768 0.0887 0.0865 0.0766 0.1012 0.1883 
 334 0.0060 0.0043 0.0092 0.2538 0.0778 0.1162 0.0873 0.0744 0.1075 0.2634 
 335 0.0047 0.0043 0.0095 0.1332 0.0771 0.1162 0.0798 0.0747 0.0985 0.4021 
 336 0.0241 0.0074 0.0089 0.3805 0.0485 0.1053 0.0754 0.0699 0.1037 0.1764 
 337 0.0100 0.0043 0.0104 0.3348 0.0792 0.1053 0.0775 0.0755 0.1068 0.1961 
 338 0.0162 0.0045 0.0083 0.4364 0.0462 0.0604 0.0762 0.0708 0.1086 0.1725 
 339 0.0043 0.0043 0.0078 0.3377 0.0455 0.0659 0.0843 0.0709 0.1069 0.2725 
 340 0.0039 0.0044 0.0080 0.2000 0.0436 0.0702 0.0861 0.0699 0.0977 0.4163 
 341 0.0144 0.0092 0.0103 0.2431 0.0471 0.0696 0.0871 0.0726 0.1051 0.3414 
 342 0.0053 0.0048 0.0110 0.2281 0.0469 0.0858 0.0807 0.0714 0.1053 0.3608 
 343 0.0151 0.0088 0.0102 0.1670 0.0784 0.1886 0.0769 0.0735 0.0969 0.2846 
 344 0.0046 0.0042 0.0081 0.3094 0.0455 0.0624 0.0768 0.0716 0.1072 0.3101 
 345 0.0053 0.0046 0.0107 0.2292 0.0471 0.0852 0.0806 0.0711 0.1065 0.3595 
 346 0.0048 0.0045 0.0088 0.3094 0.0458 0.0670 0.0810 0.0713 0.1016 0.3058 
 347 0.0040 0.0044 0.0082 0.1856 0.0433 0.0661 0.0779 0.0703 0.0981 0.4421 
 348 0.0048 0.0041 0.0093 0.1157 0.0695 0.2026 0.0795 0.0711 0.0918 0.3516 
 349 0.0051 0.0048 0.0109 0.2293 0.0466 0.0848 0.0804 0.0713 0.1051 0.3618 
 350 0.0044 0.0047 0.0081 0.1820 0.0461 0.1117 0.0879 0.0692 0.1050 0.3810 
 351 0.0046 0.0043 0.0093 0.1335 0.0776 0.1166 0.0796 0.0746 0.0977 0.4021 
 352 0.0065 0.0046 0.0109 0.2365 0.0802 0.1188 0.0820 0.0754 0.1008 0.2840 
 353 0.0236 0.0076 0.0090 0.3797 0.0482 0.1061 0.0752 0.0698 0.1045 0.1763 
 354 0.0065 0.0056 0.0092 0.2825 0.0472 0.0628 0.0800 0.0719 0.1118 0.3225 
 355 0.0061 0.0043 0.0086 0.4224 0.0470 0.0606 0.0768 0.0710 0.1083 0.1948 
 356 0.0039 0.0036 0.0085 0.0436 0.0700 0.1978 0.0770 0.0706 0.0887 0.4363 
 357 0.0041 0.0042 0.0089 0.0985 0.1440 0.0841 0.0965 0.0935 0.1627 0.3036 
 358 0.0162 0.0043 0.0082 0.3556 0.0759 0.0797 0.0758 0.0753 0.1024 0.2066 
 359 0.0114 0.0045 0.0079 0.3754 0.0456 0.0668 0.0853 0.0717 0.1069 0.2245 
 360 0.0049 0.0047 0.0088 0.3080 0.0463 0.0675 0.0802 0.0706 0.1025 0.3064 
 361 0.0038 0.0039 0.0101 0.0518 0.1405 0.1144 0.0979 0.0932 0.1717 0.3128 
 362 0.0063 0.0048 0.0103 0.0681 0.1132 0.1119 0.2109 0.1779 0.1991 0.0975 
 363 0.0072 0.0061 0.0127 0.0339 0.1295 0.1007 0.1930 0.2475 0.1801 0.0893 
 364 0.0105 0.0113 0.0178 0.0636 0.1346 0.1111 0.1310 0.1246 0.1716 0.2238 
 365 0.0092 0.0118 0.0218 0.0342 0.1062 0.0883 0.1438 0.1376 0.3467 0.1004 
 366 0.0067 0.0054 0.0145 0.0357 0.1711 0.1971 0.1748 0.0891 0.1539 0.1517 
 367 0.0064 0.0043 0.0102 0.0272 0.0846 0.0677 0.1037 0.4380 0.1810 0.0767 
 368 0.0037 0.0045 0.0103 0.0380 0.0684 0.0797 0.3058 0.1928 0.1825 0.1142 
 369 0.0061 0.0062 0.0174 0.0678 0.1128 0.2614 0.1499 0.1105 0.1274 0.1405 
 370 0.0225 0.0091 0.0184 0.0605 0.0871 0.0913 0.2628 0.2027 0.1354 0.1103 
 371 0.0110 0.0088 0.0170 0.0699 0.1345 0.1154 0.2614 0.1212 0.1376 0.1232 
 372 0.0276 0.0273 0.0296 0.0515 0.0556 0.0960 0.3013 0.1525 0.1284 0.1301 
 373 0.0043 0.0050 0.0133 0.0349 0.0643 0.0940 0.1424 0.2844 0.1918 0.1656 
 374 0.0057 0.0057 0.0226 0.0510 0.1165 0.0961 0.1482 0.1524 0.1755 0.2262 
 375 0.0104 0.0130 0.0152 0.0348 0.1353 0.0671 0.2146 0.2269 0.1927 0.0902 
 376 0.0079 0.0981 0.0126 0.0317 0.1458 0.0743 0.0884 0.1794 0.2780 0.0838 
 377 0.0075 0.0055 0.0141 0.0750 0.0828 0.1168 0.2416 0.1373 0.2230 0.0964 
 378 0.0049 0.0047 0.0126 0.1091 0.0494 0.0956 0.1071 0.3197 0.1332 0.1637 
 379 0.0164 0.1613 0.0145 0.0284 0.1503 0.0805 0.1041 0.1871 0.1816 0.0760 
 380 0.0079 0.0088 0.0138 0.0406 0.0728 0.1135 0.1163 0.0882 0.3815 0.1565 
 381 0.0067 0.0081 0.0133 0.0329 0.1381 0.1752 0.0906 0.0813 0.3068 0.1469 
 382 0.0044 0.0044 0.0096 0.0557 0.2400 0.0670 0.1516 0.2244 0.1535 0.0894 
 383 0.0364 0.0102 0.0125 0.1594 0.0907 0.0660 0.1496 0.0875 0.2885 0.0993 
 384 0.0325 0.0382 0.0200 0.0895 0.1409 0.0682 0.1263 0.1484 0.2073 0.1288 
 385 0.0138 0.0057 0.1398 0.1641 0.0687 0.0674 0.1343 0.1181 0.1748 0.1134 
 386 0.0037 0.0038 0.0094 0.0316 0.1127 0.0857 0.1462 0.2761 0.2387 0.0922 
 387 0.0042 0.0043 0.0105 0.0351 0.1483 0.0881 0.1158 0.2349 0.2496 0.1091 
 388 0.0092 0.0119 0.0262 0.0659 0.0817 0.0712 0.1544 0.1484 0.2303 0.2009 
 389 0.0120 0.0086 0.0515 0.0512 0.0840 0.1770 0.2948 0.1283 0.1004 0.0921 
 390 0.0280 0.0164 0.0199 0.0336 0.0952 0.1513 0.0948 0.2687 0.2083 0.0838 
 391 0.0117 0.0104 0.0536 0.0368 0.1115 0.1542 0.1592 0.1947 0.1320 0.1357 
 392 0.0041 0.0061 0.0086 0.0361 0.0794 0.0927 0.1285 0.1707 0.3164 0.1576 
 393 0.0056 0.0061 0.0107 0.0367 0.0645 0.1004 0.0879 0.0910 0.4812 0.1159 
 394 0.0049 0.0043 0.0085 0.1166 0.0923 0.0930 0.1229 0.2022 0.1726 0.1827 
 395 0.0039 0.0039 0.0090 0.0290 0.0834 0.1463 0.2301 0.1722 0.2163 0.1059 
 396 0.0037 0.0050 0.0098 0.0258 0.1179 0.0724 0.2029 0.2876 0.1940 0.0808 
 397 0.0054 0.0586 0.0098 0.0433 0.1078 0.1109 0.2571 0.1009 0.1224 0.1838 
 398 0.0047 0.0334 0.0093 0.0291 0.0672 0.0800 0.0940 0.2861 0.3133 0.0830 
 399 0.0061 0.0044 0.0154 0.0477 0.1195 0.1094 0.1224 0.3762 0.1093 0.0898 
 400 0.0040 0.0059 0.0114 0.0306 0.1126 0.0954 0.0976 0.2973 0.2164 0.1287 
 401 0.0039 0.0041 0.0111 0.0304 0.0547 0.1482 0.1079 0.3383 0.1675 0.1338 
 402 0.0047 0.0055 0.0123 0.0365 0.0683 0.1485 0.1511 0.2074 0.2376 0.1280 
 403 0.0046 0.0059 0.0280 0.0572 0.0637 0.0943 0.1318 0.1240 0.2016 0.2889 
 404 0.0049 0.0064 0.0163 0.0325 0.1036 0.0871 0.2528 0.1322 0.2180 0.1463 
 405 0.0039 0.0039 0.0092 0.0382 0.1421 0.1311 0.1971 0.1257 0.2214 0.1275 
 406 0.0045 0.0039 0.0097 0.0323 0.2093 0.1856 0.1165 0.0839 0.1823 0.1721 
 407 0.0036 0.0039 0.0086 0.0256 0.0888 0.0692 0.1333 0.1509 0.4389 0.0773 
 408 0.0038 0.0038 0.0098 0.0249 0.0552 0.2011 0.1679 0.3530 0.1080 0.0726 
 409 0.0113 0.0082 0.0148 0.0380 0.0502 0.1750 0.0947 0.0995 0.2854 0.2228 
 410 0.0093 0.0659 0.0137 0.0378 0.0753 0.0998 0.1126 0.2174 0.2410 0.1272 
 411 0.0069 0.0121 0.0099 0.0955 0.1499 0.1314 0.1092 0.1599 0.2204 0.1048 
 412 0.0039 0.0044 0.0104 0.0366 0.0714 0.0760 0.2590 0.2257 0.2065 0.1060 
 413 0.0045 0.0041 0.0091 0.1003 0.0719 0.0774 0.1713 0.2501 0.1584 0.1529 
 414 0.0055 0.0040 0.0141 0.0488 0.1450 0.0666 0.2513 0.2669 0.1290 0.0688 
 415 0.0039 0.0045 0.0103 0.0273 0.1922 0.1563 0.1278 0.1657 0.2095 0.1025 
 416 0.0050 0.0053 0.0215 0.0293 0.0556 0.1493 0.1163 0.2156 0.2759 0.1264 
 417 0.0059 0.0053 0.0099 0.0344 0.1749 0.0855 0.1300 0.1842 0.2797 0.0904 
 418 0.0040 0.0057 0.0092 0.0295 0.0890 0.0651 0.1671 0.3640 0.1751 0.0913 
 419 0.0098 0.0083 0.0198 0.0418 0.0685 0.1053 0.1252 0.1582 0.2610 0.2020 
 420 0.0038 0.0036 0.0107 0.0248 0.0595 0.2356 0.1010 0.3312 0.1437 0.0861 
 421 0.0060 0.0054 0.0106 0.0343 0.0768 0.0860 0.1866 0.2251 0.2774 0.0918 
 422 0.0039 0.0050 0.0101 0.0299 0.0522 0.1429 0.2354 0.1106 0.3126 0.0973 
 423 0.0045 0.0057 0.0095 0.0363 0.2596 0.0989 0.1882 0.1429 0.1322 0.1221 
 424 0.0108 0.0061 0.0293 0.0349 0.1444 0.1588 0.1027 0.2395 0.1415 0.1321 
 425 0.0107 0.0148 0.0315 0.0387 0.1397 0.0862 0.1647 0.1526 0.2041 0.1571 
 426 0.0262 0.0208 0.0280 0.0717 0.1422 0.0954 0.1246 0.2170 0.1451 0.1291 
 427 0.0051 0.0043 0.0087 0.0997 0.0747 0.0688 0.0806 0.2433 0.3119 0.1031 
 428 0.0061 0.0163 0.0104 0.0413 0.0863 0.1476 0.1251 0.1003 0.2937 0.1729 
 429 0.0042 0.0052 0.0087 0.0267 0.1444 0.0676 0.1163 0.3099 0.2402 0.0766 
 430 0.0044 0.0044 0.0094 0.0311 0.1011 0.0855 0.1412 0.1185 0.4221 0.0823 
 431 0.0118 0.0075 0.0194 0.0811 0.1613 0.0930 0.1705 0.2279 0.1065 0.1211 
 432 0.0038 0.0044 0.0103 0.0393 0.0613 0.0924 0.2306 0.2252 0.2125 0.1202 
 433 0.0058 0.0064 0.0102 0.0530 0.0683 0.1099 0.2140 0.1369 0.1282 0.2674 
 434 0.0043 0.0048 0.0119 0.0447 0.0926 0.1238 0.2073 0.1159 0.2532 0.1415 
 435 0.0039 0.0042 0.0083 0.0301 0.1356 0.0937 0.1000 0.2039 0.3394 0.0809 
 436 0.0045 0.0054 0.0110 0.0310 0.2524 0.1105 0.0628 0.2119 0.1934 0.1172 
 437 0.0039 0.0059 0.0084 0.0311 0.3378 0.0776 0.1357 0.1204 0.1843 0.0950 
 438 0.0050 0.0048 0.0112 0.0360 0.1020 0.1961 0.0812 0.1814 0.2712 0.1111 
 439 0.0037 0.0042 0.0088 0.0324 0.1162 0.0784 0.0716 0.1404 0.4536 0.0907 
 440 0.0037 0.0036 0.0095 0.0244 0.3374 0.0774 0.0851 0.2098 0.1775 0.0716 
 441 0.0039 0.0044 0.0096 0.0459 0.1049 0.0980 0.0951 0.1102 0.4044 0.1236 
 442 0.0041 0.0057 0.0212 0.0251 0.1313 0.1121 0.1360 0.2317 0.2438 0.0890 
 443 0.0044 0.0040 0.0128 0.0258 0.1067 0.2213 0.0828 0.3132 0.1532 0.0757 
 444 0.0043 0.0052 0.0214 0.0256 0.2299 0.1276 0.1202 0.1819 0.1953 0.0887 
 445 0.0054 0.0318 0.0102 0.0343 0.0537 0.1454 0.0861 0.0960 0.3940 0.1430 
 446 0.0057 0.0378 0.0100 0.0315 0.0632 0.0683 0.0684 0.3054 0.3238 0.0859 
 447 0.0044 0.0054 0.0258 0.0351 0.2013 0.1351 0.0920 0.1316 0.2341 0.1352 
 448 0.0038 0.0044 0.0096 0.0307 0.1556 0.0998 0.1246 0.1604 0.3200 0.0911 
 449 0.0039 0.0043 0.0098 0.0368 0.1616 0.1074 0.1196 0.1341 0.2997 0.1229 
 450 0.0041 0.0067 0.0108 0.0363 0.1326 0.0594 0.0919 0.1473 0.3866 0.1243 
 451 0.0042 0.0042 0.0104 0.0257 0.1610 0.0909 0.1674 0.3524 0.1109 0.0727 
 452 0.0036 0.0047 0.0090 0.0328 0.0859 0.0676 0.0857 0.2021 0.3884 0.1202 
 453 0.0041 0.0040 0.0148 0.0302 0.0795 0.3286 0.1128 0.1471 0.1790 0.1000 
 454 0.0047 0.0043 0.0091 0.0732 0.1673 0.0974 0.1150 0.1588 0.2602 0.1101 
 455 0.0051 0.0042 0.0097 0.0290 0.1547 0.1419 0.0728 0.1918 0.3102 0.0805 
 456 0.0042 0.0050 0.0112 0.0263 0.1758 0.2254 0.0912 0.1729 0.2094 0.0786 
 457 0.0037 0.0048 0.0086 0.0307 0.2058 0.0871 0.1047 0.1130 0.3474 0.0940 
 458 0.0047 0.0325 0.0096 0.0313 0.0579 0.0719 0.0852 0.1532 0.4645 0.0893 
 459 0.0045 0.0044 0.0104 0.0385 0.1445 0.0898 0.0675 0.2026 0.2908 0.1471 
 460 0.0042 0.0041 0.0101 0.0313 0.1468 0.0853 0.0743 0.2954 0.2666 0.0819 
 461 0.0039 0.0056 0.0100 0.0313 0.1083 0.0599 0.0762 0.4033 0.2163 0.0853 
 462 0.0085 0.0068 0.0377 0.0265 0.1681 0.1104 0.1743 0.1269 0.2752 0.0656 
 463 0.0048 0.0040 0.0100 0.0340 0.1979 0.2662 0.1095 0.0910 0.1899 0.0927 
 464 0.0038 0.0038 0.0091 0.0262 0.1254 0.1637 0.0792 0.3202 0.1892 0.0795 
 465 0.0043 0.0054 0.0108 0.0319 0.0817 0.1145 0.1190 0.2512 0.2936 0.0876 
 466 0.0040 0.0037 0.0093 0.0267 0.1277 0.2366 0.1021 0.2281 0.1827 0.0790 
 467 0.0051 0.0045 0.0108 0.0383 0.1192 0.1132 0.1387 0.1229 0.3445 0.1029 
 468 0.0041 0.0044 0.0084 0.0260 0.3192 0.1538 0.0898 0.1023 0.2124 0.0794 
 469 0.0041 0.0043 0.0091 0.0305 0.1932 0.0738 0.0684 0.1009 0.4326 0.0830 
 470 0.0037 0.0042 0.0082 0.0297 0.1363 0.0864 0.0805 0.2535 0.3135 0.0841 
 471 0.0042 0.0048 0.0142 0.0269 0.0917 0.1780 0.1558 0.2240 0.2095 0.0910 
 472 0.0046 0.0050 0.0114 0.0277 0.0833 0.1485 0.1267 0.1486 0.3609 0.0832 
 473 0.0038 0.0042 0.0090 0.0413 0.1510 0.1211 0.1635 0.1213 0.2641 0.1206 
 474 0.0040 0.0042 0.0094 0.0301 0.0835 0.1187 0.0860 0.1949 0.3562 0.1129 
 475 0.0042 0.0045 0.0097 0.0342 0.0779 0.1150 0.1063 0.2643 0.2473 0.1366 
 476 0.0042 0.0057 0.0098 0.0297 0.2698 0.1214 0.0776 0.1500 0.2406 0.0914 
 477 0.0047 0.0053 0.0174 0.0356 0.1427 0.1310 0.0911 0.2584 0.1973 0.1166 
 478 0.0050 0.0055 0.0195 0.0326 0.0985 0.0790 0.0846 0.4327 0.1629 0.0799 
 479 0.0037 0.0042 0.0095 0.0288 0.2387 0.0787 0.0806 0.2143 0.2602 0.0813 
 480 0.0036 0.0047 0.0083 0.0306 0.2455 0.0788 0.0827 0.1534 0.3013 0.0911 
 481 0.0038 0.0044 0.0141 0.0266 0.0967 0.0981 0.2413 0.1632 0.2627 0.0891 
 482 0.0037 0.0050 0.0084 0.0275 0.1605 0.0689 0.0807 0.2835 0.2806 0.0810 
 483 0.0047 0.0048 0.0095 0.0343 0.1200 0.0842 0.0743 0.1951 0.3778 0.0954 
 484 0.0040 0.0042 0.0124 0.0329 0.1012 0.1860 0.1002 0.1002 0.3719 0.0870 
 485 0.0054 0.0050 0.0095 0.0321 0.2334 0.0841 0.0750 0.1912 0.2811 0.0833 
 486 0.0053 0.0063 0.0250 0.0387 0.1254 0.2056 0.2014 0.1823 0.1044 0.1056 
 487 0.0051 0.0070 0.0241 0.0632 0.1335 0.1438 0.1577 0.1485 0.1455 0.1716 
 488 0.0060 0.0065 0.0535 0.0567 0.0854 0.1052 0.2142 0.1988 0.1191 0.1546 
 489 0.0059 0.0059 0.0138 0.0463 0.1335 0.1703 0.2129 0.0977 0.1350 0.1787 
 490 0.0045 0.0046 0.0152 0.0293 0.1235 0.1906 0.1280 0.2993 0.1270 0.0780 
 491 0.0044 0.0056 0.0284 0.0447 0.0655 0.1402 0.3112 0.0988 0.1304 0.1708 
 492 0.0056 0.0043 0.0340 0.0553 0.0639 0.1517 0.1101 0.2082 0.1163 0.2505 
 493 0.0178 0.0068 0.0383 0.0547 0.1352 0.1099 0.2835 0.1322 0.0946 0.1270 
 494 0.0052 0.0146 0.0323 0.0369 0.1133 0.1622 0.1941 0.1307 0.1305 0.1801 
 495 0.0184 0.0135 0.0972 0.0545 0.0859 0.1595 0.0918 0.2108 0.0941 0.1743 
 496 0.0050 0.0043 0.0087 0.0535 0.0672 0.1861 0.1662 0.1132 0.1400 0.2558 
 497 0.0173 0.0088 0.0580 0.0711 0.0877 0.0977 0.2673 0.0911 0.1401 0.1609 
 498 0.0148 0.0066 0.0382 0.0329 0.0956 0.1674 0.2028 0.1854 0.1394 0.1169 
 499 0.0058 0.0106 0.0164 0.0722 0.1023 0.1476 0.1755 0.1022 0.1364 0.2311 
 500 0.0052 0.0083 0.0127 0.0372 0.2372 0.1156 0.2183 0.1090 0.1186 0.1378 
 501 0.0044 0.0071 0.0129 0.0402 0.1272 0.0933 0.1592 0.1548 0.1596 0.2413 
 502 0.0042 0.0057 0.0226 0.0434 0.0622 0.0767 0.1307 0.2016 0.1913 0.2615 
 503 0.0041 0.0053 0.0101 0.0306 0.1065 0.0879 0.2226 0.1513 0.2728 0.1087 
 504 0.0048 0.0059 0.0643 0.0318 0.0682 0.1561 0.1422 0.2684 0.1464 0.1117 
 505 0.0047 0.0055 0.0176 0.0304 0.0859 0.2021 0.2397 0.1329 0.1028 0.1784 
 506 0.0040 0.0051 0.0237 0.0410 0.0579 0.1105 0.1833 0.2093 0.1295 0.2356 
 507 0.0042 0.0050 0.0090 0.0656 0.0499 0.2148 0.1286 0.0747 0.1065 0.3417 
 508 0.0061 0.0077 0.0147 0.0773 0.0534 0.1943 0.1371 0.0889 0.0824 0.3381 
 509 0.0041 0.0053 0.0132 0.0451 0.0680 0.1981 0.2154 0.1133 0.1169 0.2206 
 510 0.0051 0.0097 0.0119 0.0394 0.1287 0.0983 0.1586 0.1286 0.1099 0.3097 
 511 0.0052 0.0065 0.0199 0.0283 0.1904 0.1258 0.1496 0.2172 0.1305 0.1266 
 512 0.0040 0.0057 0.0136 0.0269 0.1856 0.0774 0.1657 0.2649 0.1629 0.0933 
 513 0.0217 0.0054 0.2629 0.0317 0.0483 0.1345 0.1931 0.1087 0.0703 0.1232 
 514 0.0051 0.0055 0.0116 0.0548 0.0720 0.1036 0.1670 0.3317 0.1107 0.1378 
 515 0.0048 0.0072 0.0125 0.0491 0.1290 0.1767 0.1037 0.1080 0.2057 0.2033 
 516 0.0089 0.0061 0.0148 0.0340 0.0601 0.1878 0.2041 0.2252 0.1286 0.1302 
 517 0.0042 0.0053 0.0099 0.0474 0.1144 0.2101 0.1288 0.1603 0.1332 0.1863 
 518 0.0055 0.0466 0.0108 0.0665 0.1219 0.0842 0.2077 0.1136 0.1244 0.2188 
 519 0.0070 0.0044 0.0162 0.0351 0.0781 0.1181 0.1152 0.3415 0.1347 0.1496 
 520 0.0045 0.0053 0.0101 0.0525 0.1794 0.1960 0.1094 0.0826 0.1237 0.2366 
 521 0.0121 0.0042 0.0094 0.1929 0.0725 0.1045 0.1921 0.1645 0.0856 0.1622 
 522 0.0054 0.0114 0.0125 0.0401 0.2339 0.2026 0.1158 0.1300 0.1258 0.1226 
 523 0.0057 0.0053 0.0101 0.0713 0.0998 0.3233 0.0999 0.1320 0.0878 0.1649 
 524 0.0047 0.0056 0.0092 0.0492 0.1912 0.1361 0.1509 0.1320 0.1694 0.1517 
 525 0.0056 0.0510 0.0099 0.0593 0.1089 0.1547 0.1400 0.0894 0.1657 0.2155 
 526 0.0044 0.0046 0.0092 0.0342 0.1673 0.2498 0.1181 0.0808 0.2090 0.1227 
