   1 0.0051 0.0094 0.0131 0.1405 0.1115 0.1716 0.0858 0.1120 0.1819 0.1692 
   2 0.0037 0.0037 0.0125 0.0519 0.0657 0.0691 0.4138 0.1196 0.1394 0.1206 
   3 0.0049 0.0045 0.0111 0.1134 0.0856 0.1353 0.1014 0.1061 0.2529 0.1848 
   4 0.0110 0.0126 0.0130 0.1488 0.2417 0.1043 0.1210 0.1081 0.1082 0.1314 
   5 0.0048 0.0064 0.0150 0.0492 0.0713 0.0770 0.2800 0.1499 0.2059 0.1405 
   6 0.0048 0.0043 0.0106 0.0508 0.1006 0.0939 0.1196 0.1485 0.3742 0.0927 
   7 0.0052 0.0042 0.0181 0.0639 0.0676 0.1224 0.0903 0.3249 0.2125 0.0910 
   8 0.0152 0.1042 0.0137 0.1145 0.1123 0.1159 0.1054 0.1211 0.1851 0.1127 
   9 0.0061 0.0047 0.0181 0.0990 0.0800 0.0918 0.2360 0.1246 0.2142 0.1255 
  10 0.0059 0.0806 0.0131 0.0711 0.0992 0.1044 0.1196 0.1534 0.2611 0.0916 
  11 0.0041 0.0042 0.0148 0.0671 0.0619 0.1952 0.0985 0.2629 0.2000 0.0913 
  12 0.0046 0.0038 0.0118 0.0602 0.1133 0.0706 0.2216 0.1585 0.2164 0.1390 
  13 0.0054 0.0044 0.0144 0.0932 0.0839 0.0888 0.1753 0.1710 0.2315 0.1321 
  14 0.0039 0.0102 0.0101 0.0636 0.0830 0.1260 0.2307 0.0866 0.1597 0.2262 
  15 0.0048 0.0048 0.0120 0.0814 0.1583 0.1482 0.1703 0.1272 0.1368 0.1562 
  16 0.0043 0.0042 0.0141 0.0883 0.0700 0.1558 0.0952 0.1449 0.2850 0.1383 
  17 0.0066 0.0045 0.0141 0.0713 0.0942 0.0825 0.1244 0.1134 0.3262 0.1629 
  18 0.0066 0.0051 0.0118 0.0601 0.1099 0.1538 0.2621 0.0850 0.1807 0.1250 
  19 0.0042 0.0038 0.0111 0.0689 0.0844 0.0902 0.1366 0.1442 0.3619 0.0948 
  20 0.0044 0.0042 0.0135 0.0582 0.1063 0.1394 0.1638 0.1970 0.1651 0.1480 
  21 0.0043 0.0073 0.0109 0.0658 0.1386 0.1156 0.1812 0.1012 0.1431 0.2320 
  22 0.0053 0.0041 0.0108 0.1032 0.0856 0.0883 0.1108 0.1078 0.3603 0.1238 
  23 0.0072 0.0101 0.0243 0.1746 0.0915 0.1068 0.1764 0.0983 0.1238 0.1871 
  24 0.0043 0.0041 0.0130 0.1427 0.1129 0.1484 0.1115 0.1222 0.1908 0.1501 
  25 0.0050 0.0048 0.0124 0.0476 0.0581 0.1280 0.1684 0.1801 0.2876 0.1078 
  26 0.0061 0.0041 0.0113 0.0759 0.1422 0.1129 0.1459 0.1277 0.2338 0.1401 
  27 0.0050 0.0043 0.0130 0.0726 0.0960 0.1084 0.1160 0.1220 0.2717 0.1910 
  28 0.0052 0.0151 0.0152 0.0783 0.1983 0.1533 0.1546 0.1379 0.1348 0.1074 
  29 0.0037 0.0036 0.0149 0.0824 0.0694 0.0876 0.1726 0.2240 0.1724 0.1695 
  30 0.0042 0.0038 0.0112 0.0906 0.0734 0.1095 0.1284 0.1091 0.3181 0.1518 
  31 0.0116 0.0957 0.0148 0.0632 0.0778 0.0820 0.1364 0.1754 0.1636 0.1796 
  32 0.0042 0.0078 0.0104 0.1022 0.1182 0.1093 0.1919 0.1005 0.2344 0.1209 
  33 0.0045 0.0038 0.0130 0.1369 0.0840 0.1317 0.1125 0.1637 0.1938 0.1561 
  34 0.0057 0.0930 0.0212 0.0591 0.0750 0.1222 0.0886 0.2314 0.2236 0.0802 
  35 0.0073 0.0038 0.0201 0.0641 0.0574 0.0684 0.1216 0.1157 0.2483 0.2934 
  36 0.0042 0.0062 0.0116 0.0702 0.0562 0.2271 0.0953 0.0970 0.1069 0.3254 
  37 0.0053 0.0042 0.0114 0.1214 0.0992 0.0813 0.1930 0.1106 0.1750 0.1987 
  38 0.0051 0.0042 0.0217 0.0602 0.0523 0.3143 0.0970 0.1842 0.1127 0.1483 
  39 0.0063 0.0043 0.0210 0.0615 0.0795 0.1464 0.1083 0.1956 0.1665 0.2105 
  40 0.0038 0.0043 0.0114 0.1095 0.0650 0.0910 0.1108 0.0848 0.1558 0.3635 
  41 0.0060 0.0064 0.0240 0.0793 0.0486 0.1189 0.0759 0.1623 0.1533 0.3253 
  42 0.0042 0.0044 0.0147 0.2820 0.0771 0.1863 0.0743 0.0962 0.0850 0.1758 
  43 0.0060 0.0075 0.0157 0.1113 0.0686 0.0711 0.1379 0.1129 0.1380 0.3311 
  44 0.0052 0.0037 0.0122 0.0704 0.0483 0.0623 0.1103 0.1063 0.1958 0.3853 
  45 0.0048 0.0040 0.0198 0.0599 0.0512 0.1812 0.1619 0.1467 0.1028 0.2677 
  46 0.0062 0.0039 0.0129 0.0466 0.0774 0.0869 0.1094 0.1436 0.2728 0.2403 
  47 0.0099 0.0091 0.0194 0.0892 0.0813 0.0687 0.1696 0.1193 0.2782 0.1554 
  48 0.0059 0.0038 0.0133 0.0690 0.0501 0.0641 0.1031 0.0863 0.1844 0.4200 
  49 0.0073 0.0043 0.0261 0.0824 0.0730 0.1098 0.1167 0.1313 0.1871 0.2619 
  50 0.0074 0.0277 0.0202 0.0487 0.0849 0.0951 0.1152 0.1819 0.2737 0.1453 
  51 0.0039 0.0057 0.0128 0.0707 0.0486 0.1687 0.0840 0.0879 0.0794 0.4382 
  52 0.0068 0.0041 0.0206 0.0622 0.0827 0.1255 0.0828 0.2031 0.1726 0.2396 
  53 0.0060 0.0107 0.0170 0.0777 0.0760 0.2387 0.0887 0.1394 0.1812 0.1646 
  54 0.0064 0.0044 0.0178 0.0862 0.0819 0.0572 0.2207 0.1270 0.1585 0.2398 
  55 0.0051 0.0038 0.0132 0.0634 0.0630 0.0666 0.1376 0.1010 0.1275 0.4189 
  56 0.0053 0.0039 0.0171 0.0963 0.0729 0.1018 0.1203 0.0920 0.1875 0.3029 
  57 0.0094 0.0089 0.0184 0.0863 0.1760 0.0897 0.1104 0.1322 0.2619 0.1067 
  58 0.0048 0.0039 0.0187 0.0806 0.0649 0.1070 0.1247 0.1416 0.1174 0.3365 
  59 0.0050 0.0041 0.0308 0.0955 0.0683 0.1963 0.1072 0.1517 0.1208 0.2204 
  60 0.0042 0.0065 0.0119 0.0692 0.0982 0.1118 0.0973 0.0979 0.0983 0.4049 
  61 0.0037 0.0041 0.0118 0.0882 0.0883 0.0583 0.2230 0.1001 0.0806 0.3418 
  62 0.0089 0.0042 0.0422 0.0641 0.1021 0.0944 0.1843 0.1580 0.1858 0.1560 
  63 0.0038 0.0039 0.0136 0.1201 0.0826 0.1233 0.1573 0.1706 0.1117 0.2132 
  64 0.0052 0.0039 0.0153 0.0583 0.0617 0.1334 0.1475 0.1404 0.2952 0.1391 
  65 0.0050 0.0038 0.0154 0.0488 0.0579 0.0885 0.1869 0.2946 0.1776 0.1214 
  66 0.0045 0.0083 0.0157 0.0970 0.1165 0.0860 0.2393 0.1524 0.1062 0.1740 
  67 0.0046 0.0040 0.0125 0.0608 0.0572 0.0587 0.2082 0.1175 0.1285 0.3479 
  68 0.0058 0.0045 0.0290 0.1014 0.0760 0.2131 0.1032 0.1316 0.1065 0.2289 
  69 0.0068 0.1645 0.0325 0.0493 0.0685 0.2461 0.1078 0.1149 0.1112 0.0984 
  70 0.0041 0.0091 0.0147 0.0804 0.0668 0.1944 0.0881 0.1514 0.0901 0.3010 
  71 0.0054 0.0062 0.0292 0.0502 0.0497 0.1852 0.1247 0.1515 0.1149 0.2830 
  72 0.0047 0.0062 0.0111 0.0617 0.0549 0.1503 0.1013 0.1138 0.2429 0.2532 
  73 0.0054 0.0065 0.0299 0.0568 0.0558 0.0849 0.2053 0.1580 0.1051 0.2923 
  74 0.0041 0.0040 0.0109 0.1229 0.0736 0.2196 0.0959 0.0928 0.1057 0.2706 
  75 0.0046 0.0078 0.0129 0.0995 0.0744 0.1816 0.1188 0.0768 0.0938 0.3298 
  76 0.0047 0.0040 0.0130 0.0681 0.0624 0.0896 0.1353 0.1912 0.1315 0.3002 
  77 0.0046 0.0039 0.0206 0.0881 0.0482 0.2064 0.1119 0.2051 0.1009 0.2103 
  78 0.0052 0.0043 0.0237 0.0928 0.0489 0.2687 0.0984 0.1717 0.1033 0.1828 
  79 0.0042 0.0042 0.0131 0.0679 0.0721 0.1306 0.2075 0.2205 0.1863 0.0935 
  80 0.0042 0.0043 0.0133 0.2160 0.1890 0.0831 0.1527 0.1357 0.0971 0.1045 
  81 0.0044 0.0046 0.0149 0.1437 0.1884 0.1035 0.1803 0.1705 0.1051 0.0846 
  82 0.0044 0.0044 0.0164 0.0990 0.0917 0.0916 0.1722 0.1534 0.1261 0.2407 
  83 0.0040 0.0049 0.0155 0.1000 0.1406 0.1714 0.1806 0.1509 0.1088 0.1232 
  84 0.0041 0.0043 0.0134 0.1008 0.1411 0.1441 0.1631 0.2011 0.1283 0.0999 
  85 0.0040 0.0048 0.0113 0.1152 0.1470 0.1804 0.1669 0.1091 0.1476 0.1137 
  86 0.0052 0.0040 0.0165 0.0508 0.0764 0.0776 0.1729 0.1571 0.1883 0.2511 
  87 0.0046 0.0093 0.0222 0.0712 0.0754 0.1719 0.1664 0.2429 0.1077 0.1285 
  88 0.0041 0.0043 0.0134 0.1577 0.1203 0.1006 0.1865 0.1759 0.1104 0.1268 
  89 0.0048 0.0093 0.0122 0.1425 0.1413 0.0949 0.2490 0.1380 0.1041 0.1038 
  90 0.0042 0.0042 0.0146 0.0697 0.0853 0.1170 0.2115 0.2805 0.1131 0.0999 
  91 0.0040 0.0047 0.0106 0.1934 0.1729 0.1556 0.1331 0.1018 0.1069 0.1169 
  92 0.0042 0.0041 0.0130 0.0842 0.0924 0.1150 0.2262 0.1877 0.1518 0.1213 
  93 0.0042 0.0190 0.0108 0.1687 0.2839 0.0781 0.1209 0.0930 0.1057 0.1156 
  94 0.0042 0.0049 0.0410 0.0612 0.0715 0.2615 0.0919 0.2657 0.0940 0.1042 
  95 0.0041 0.0043 0.0148 0.1296 0.1137 0.1030 0.1775 0.2640 0.0869 0.1021 
  96 0.0041 0.0044 0.0124 0.1576 0.0989 0.0684 0.1736 0.1057 0.0821 0.2927 
  97 0.0048 0.0041 0.0120 0.1031 0.0844 0.2103 0.1491 0.0799 0.1007 0.2516 
  98 0.0036 0.0037 0.0124 0.1220 0.0597 0.0946 0.1935 0.1249 0.1570 0.2287 
  99 0.0042 0.0042 0.0128 0.0983 0.1322 0.1253 0.2016 0.2185 0.1151 0.0878 
 100 0.0045 0.0042 0.0114 0.2184 0.1646 0.0632 0.2272 0.0809 0.0860 0.1396 
 101 0.0057 0.0277 0.0163 0.0851 0.0798 0.1527 0.2070 0.1684 0.1067 0.1506 
 102 0.0053 0.0051 0.0192 0.1846 0.1380 0.1348 0.1086 0.1511 0.0943 0.1590 
 103 0.0045 0.0136 0.0150 0.0662 0.0980 0.0799 0.3622 0.1640 0.0949 0.1017 
 104 0.0043 0.0076 0.0174 0.0389 0.1189 0.0803 0.1332 0.3926 0.1075 0.0993 
 105 0.0055 0.0157 0.0258 0.0482 0.1398 0.0718 0.2096 0.2682 0.1002 0.1152 
 106 0.0040 0.0035 0.0150 0.0429 0.0481 0.1510 0.1045 0.3826 0.1425 0.1059 
 107 0.0051 0.0109 0.0202 0.0634 0.1077 0.0778 0.2460 0.2476 0.1026 0.1186 
 108 0.0040 0.0051 0.0103 0.0455 0.0734 0.2002 0.2547 0.1001 0.1035 0.2030 
 109 0.0057 0.0085 0.0917 0.0399 0.0532 0.1525 0.1140 0.2767 0.1285 0.1293 
 110 0.0041 0.0056 0.0214 0.0476 0.0499 0.1610 0.0962 0.3869 0.1366 0.0907 
 111 0.0065 0.0074 0.0237 0.0465 0.0857 0.0719 0.1432 0.4013 0.1061 0.1077 
 112 0.0047 0.0043 0.1356 0.0464 0.0566 0.1107 0.0861 0.3277 0.0951 0.1328 
 113 0.0047 0.0069 0.0137 0.0597 0.0836 0.1155 0.2483 0.1322 0.1514 0.1840 
 114 0.0043 0.0079 0.0196 0.0439 0.1412 0.0753 0.1472 0.3707 0.0973 0.0927 
 115 0.0051 0.0049 0.0214 0.0961 0.0629 0.0834 0.1133 0.2961 0.1289 0.1879 
 116 0.0052 0.0039 0.0167 0.0452 0.0483 0.1575 0.0931 0.2808 0.1279 0.2214 
 117 0.0060 0.0078 0.0293 0.0799 0.0515 0.1383 0.0904 0.3552 0.1411 0.1006 
 118 0.0048 0.0043 0.0215 0.0480 0.0784 0.0755 0.2455 0.2365 0.1196 0.1658 
 119 0.0039 0.0049 0.0115 0.1646 0.0995 0.1273 0.1406 0.1302 0.0807 0.2367 
 120 0.0052 0.0049 0.0285 0.0772 0.0757 0.0848 0.1527 0.2937 0.1160 0.1613 
 121 0.0094 0.0114 0.0550 0.0683 0.0513 0.1025 0.1144 0.2604 0.1184 0.2089 
 122 0.0041 0.0072 0.0185 0.0463 0.0662 0.1365 0.1519 0.3332 0.1335 0.1026 
 123 0.0047 0.0069 0.0269 0.0526 0.0879 0.1308 0.1473 0.3067 0.1089 0.1273 
 124 0.0075 0.0057 0.0318 0.0431 0.0676 0.1557 0.1483 0.2060 0.1643 0.1701 
 125 0.0052 0.0057 0.0275 0.0837 0.0532 0.2510 0.0907 0.1864 0.1834 0.1133 
 126 0.0037 0.0039 0.0143 0.0547 0.0827 0.1612 0.1080 0.2504 0.1007 0.2204 
 127 0.0048 0.0046 0.0534 0.0457 0.0836 0.0692 0.1565 0.3709 0.0883 0.1230 
 128 0.0042 0.0037 0.0171 0.0467 0.0738 0.0660 0.3064 0.2004 0.1257 0.1560 
 129 0.0054 0.0139 0.0184 0.0426 0.0560 0.0754 0.3024 0.2634 0.1067 0.1157 
 130 0.0054 0.0101 0.0314 0.0638 0.1125 0.0799 0.1744 0.3274 0.1043 0.0907 
 131 0.0087 0.0150 0.0332 0.0478 0.0510 0.2498 0.1188 0.2028 0.1257 0.1473 
 132 0.0047 0.0077 0.0175 0.0403 0.0542 0.1276 0.2146 0.3072 0.1195 0.1066 
 133 0.0081 0.0102 0.0196 0.0520 0.0854 0.0872 0.2291 0.2656 0.1125 0.1303 
 134 0.0038 0.0037 0.0181 0.0382 0.0447 0.1089 0.1005 0.4930 0.1112 0.0780 
 135 0.0054 0.0042 0.0155 0.0926 0.2120 0.0908 0.1088 0.0794 0.0831 0.3082 
 136 0.0052 0.0078 0.0127 0.1279 0.3070 0.0748 0.1142 0.0742 0.1502 0.1263 
 137 0.0044 0.0090 0.0230 0.2806 0.2206 0.0740 0.0929 0.1020 0.1003 0.0932 
 138 0.0042 0.0042 0.0098 0.0719 0.4581 0.0918 0.0851 0.0740 0.0894 0.1115 
 139 0.0042 0.0068 0.0114 0.0563 0.1744 0.0856 0.2788 0.0813 0.1116 0.1895 
 140 0.0046 0.0108 0.0121 0.1151 0.1947 0.1152 0.1268 0.1170 0.1092 0.1945 
 141 0.0051 0.0224 0.0128 0.0657 0.2910 0.1046 0.1312 0.0766 0.1641 0.1266 
 142 0.0049 0.0110 0.0157 0.0835 0.2047 0.0846 0.1278 0.0769 0.0811 0.3098 
 143 0.0039 0.0040 0.0090 0.2512 0.3051 0.0634 0.0937 0.0708 0.0869 0.1119 
 144 0.0042 0.0046 0.0226 0.2513 0.2638 0.0681 0.0877 0.1010 0.0901 0.1065 
 145 0.0056 0.0083 0.0142 0.0916 0.1919 0.1035 0.1411 0.0775 0.1765 0.1897 
 146 0.0055 0.0081 0.0120 0.1171 0.2359 0.1203 0.1061 0.1261 0.1438 0.1250 
 147 0.0042 0.0068 0.0098 0.1989 0.3581 0.0703 0.0887 0.0720 0.0964 0.0949 
 148 0.0047 0.0281 0.0155 0.0969 0.2372 0.0747 0.1287 0.0993 0.1449 0.1700 
 149 0.0045 0.1483 0.0119 0.0861 0.1381 0.0948 0.1181 0.0740 0.0974 0.2267 
 150 0.0049 0.0091 0.0271 0.1239 0.2384 0.0780 0.1474 0.1332 0.1112 0.1268 
 151 0.0043 0.0040 0.0107 0.1400 0.3211 0.0721 0.1193 0.0925 0.0968 0.1392 
 152 0.0049 0.0100 0.0142 0.0885 0.2423 0.1057 0.1125 0.0810 0.1388 0.2021 
 153 0.0039 0.0078 0.0106 0.0776 0.3458 0.1023 0.0846 0.0924 0.0973 0.1775 
 154 0.0053 0.1952 0.0118 0.0747 0.1175 0.0706 0.1261 0.0734 0.1401 0.1853 
 155 0.0041 0.0041 0.0097 0.0702 0.4643 0.0658 0.1041 0.0926 0.0876 0.0975 
 156 0.0037 0.0042 0.0118 0.1314 0.3065 0.0634 0.0891 0.0923 0.0794 0.2181 
 157 0.0041 0.0074 0.0112 0.1196 0.3385 0.0993 0.1005 0.1424 0.0900 0.0870 
 158 0.0057 0.0082 0.0143 0.1124 0.2089 0.1130 0.1160 0.0776 0.1747 0.1692 
 159 0.0052 0.0739 0.0115 0.2263 0.2423 0.0711 0.1065 0.0730 0.0936 0.0967 
 160 0.0060 0.0682 0.0117 0.1058 0.3294 0.0725 0.1298 0.0734 0.0947 0.1085 
 161 0.0041 0.0077 0.0113 0.2336 0.1497 0.1159 0.1231 0.0934 0.1158 0.1454 
 162 0.0063 0.0078 0.0120 0.0624 0.2514 0.1123 0.1351 0.1235 0.1475 0.1418 
 163 0.0040 0.0042 0.0096 0.0803 0.4309 0.0652 0.0810 0.0883 0.0825 0.1540 
 164 0.0066 0.1013 0.0109 0.0815 0.1633 0.0884 0.1960 0.1126 0.1142 0.1252 
 165 0.0048 0.0046 0.0260 0.1367 0.2801 0.0759 0.1073 0.1340 0.1004 0.1302 
 166 0.0047 0.0993 0.0110 0.0936 0.1745 0.1475 0.1369 0.1114 0.0862 0.1349 
 167 0.0076 0.2223 0.0108 0.0657 0.1849 0.0734 0.0839 0.0922 0.1650 0.0942 
 168 0.0042 0.0046 0.0098 0.0756 0.3396 0.1546 0.0957 0.0766 0.0987 0.1407 
 169 0.0059 0.0082 0.0148 0.0916 0.1663 0.2174 0.0992 0.0763 0.1679 0.1524 
 170 0.0039 0.0042 0.0102 0.2841 0.1183 0.0707 0.1486 0.0888 0.0923 0.1789 
 171 0.0048 0.0058 0.0099 0.0809 0.2554 0.1235 0.1614 0.0830 0.1287 0.1466 
 172 0.0045 0.0267 0.0131 0.0985 0.1508 0.1857 0.1008 0.0726 0.0952 0.2521 
 173 0.0046 0.0065 0.0107 0.0757 0.4021 0.0665 0.1547 0.0726 0.0936 0.1130 
 174 0.0042 0.0070 0.0097 0.0896 0.4008 0.0771 0.1179 0.0940 0.1061 0.0935 
 175 0.0046 0.0044 0.0104 0.2343 0.2354 0.0653 0.1014 0.0727 0.1461 0.1253 
 176 0.0043 0.0047 0.0233 0.2510 0.2627 0.0679 0.0879 0.1012 0.0900 0.1069 
 177 0.0044 0.0073 0.0114 0.0680 0.2988 0.1559 0.1051 0.1426 0.0982 0.1084 
 178 0.0045 0.0076 0.0103 0.0679 0.3513 0.0749 0.1311 0.0927 0.1677 0.0919 
 179 0.0040 0.0138 0.0092 0.0826 0.4473 0.0668 0.1187 0.0724 0.0968 0.0885 
 180 0.0063 0.0250 0.0128 0.1434 0.2249 0.1083 0.0934 0.0979 0.1406 0.1474 
 181 0.0052 0.0077 0.0132 0.1039 0.2074 0.0983 0.1689 0.0765 0.1071 0.2118 
 182 0.0057 0.0046 0.0116 0.1240 0.2520 0.0685 0.1638 0.0736 0.0879 0.2082 
 183 0.0042 0.0069 0.0098 0.1346 0.3575 0.0675 0.1293 0.0725 0.0997 0.1180 
 184 0.0045 0.0037 0.0111 0.0524 0.0667 0.0719 0.3725 0.1010 0.1750 0.1412 
 185 0.0036 0.0042 0.0105 0.1088 0.3650 0.0540 0.0881 0.0649 0.0762 0.2247 
 186 0.0042 0.0038 0.0113 0.0510 0.0630 0.0684 0.3922 0.1376 0.1517 0.1167 
 187 0.0037 0.0044 0.0095 0.0704 0.2043 0.0648 0.3144 0.0956 0.1184 0.1146 
 188 0.0042 0.0039 0.0101 0.0445 0.0535 0.0595 0.4562 0.1190 0.1416 0.1076 
 189 0.0040 0.0044 0.0098 0.1161 0.1371 0.1259 0.1284 0.0925 0.1920 0.1897 
 190 0.0036 0.0038 0.0116 0.0794 0.1377 0.0540 0.1466 0.0691 0.0686 0.4257 
 191 0.0037 0.0036 0.0111 0.0610 0.0823 0.0613 0.4747 0.0917 0.1098 0.1008 
 192 0.0035 0.0038 0.0102 0.1286 0.1259 0.0697 0.3146 0.1188 0.1266 0.0983 
 193 0.0041 0.0038 0.0127 0.1193 0.1091 0.0775 0.2412 0.1075 0.1495 0.1754 
 194 0.0041 0.0048 0.0102 0.1614 0.0936 0.0732 0.2483 0.1101 0.1155 0.1787 
 195 0.0039 0.0044 0.0096 0.0919 0.1894 0.0567 0.2765 0.0684 0.0854 0.2138 
 196 0.0037 0.0038 0.0123 0.0825 0.1352 0.0629 0.2145 0.0980 0.0896 0.2976 
 197 0.0044 0.0044 0.0118 0.0512 0.1694 0.0732 0.1788 0.1408 0.2157 0.1504 
 198 0.0037 0.0040 0.0105 0.0920 0.1003 0.1026 0.1859 0.1378 0.1785 0.1847 
 199 0.0039 0.0037 0.0124 0.0887 0.0791 0.0727 0.1541 0.0920 0.0902 0.4032 
 200 0.0040 0.0040 0.0150 0.0740 0.1262 0.0803 0.1846 0.0919 0.1226 0.2973 
 201 0.0036 0.0038 0.0093 0.0714 0.3097 0.0564 0.2301 0.0789 0.1008 0.1359 
 202 0.0037 0.0041 0.0107 0.1601 0.1763 0.0569 0.1346 0.0873 0.0850 0.2813 
 203 0.0040 0.0042 0.0113 0.0847 0.2803 0.0553 0.2747 0.0765 0.0839 0.1250 
 204 0.0039 0.0042 0.0105 0.0747 0.0973 0.0562 0.3984 0.0726 0.0772 0.2050 
 205 0.0040 0.0041 0.0109 0.0709 0.0896 0.0776 0.3103 0.0966 0.1022 0.2338 
 206 0.0040 0.0043 0.0093 0.0663 0.1211 0.0550 0.4330 0.0739 0.0957 0.1373 
 207 0.0037 0.0036 0.0129 0.0698 0.0703 0.0558 0.3850 0.0986 0.0872 0.2131 
 208 0.0039 0.0038 0.0106 0.0581 0.2188 0.0582 0.2956 0.0879 0.0918 0.1712 
 209 0.0038 0.0040 0.0129 0.0908 0.0943 0.0634 0.3595 0.1004 0.1190 0.1519 
 210 0.0035 0.0038 0.0101 0.0665 0.1271 0.0578 0.4180 0.0878 0.0924 0.1330 
 211 0.0051 0.0039 0.0213 0.1216 0.1140 0.0555 0.1459 0.1313 0.0956 0.3059 
 212 0.0036 0.0040 0.0100 0.1299 0.2155 0.0656 0.1474 0.0759 0.1214 0.2267 
 213 0.0038 0.0041 0.0135 0.0949 0.0830 0.0978 0.2037 0.1353 0.0862 0.2777 
 214 0.0038 0.0037 0.0115 0.1555 0.2063 0.0570 0.2053 0.0793 0.0950 0.1826 
 215 0.0040 0.0039 0.0134 0.0570 0.0818 0.0716 0.3698 0.1112 0.0995 0.1877 
 216 0.0048 0.0038 0.0115 0.0652 0.0773 0.0774 0.2827 0.1057 0.2098 0.1617 
 217 0.0038 0.0039 0.0100 0.1196 0.2082 0.0632 0.2115 0.0787 0.1056 0.1954 
 218 0.0039 0.0038 0.0113 0.0714 0.0991 0.0749 0.4068 0.0999 0.0935 0.1355 
 219 0.0051 0.0045 0.0099 0.0836 0.1731 0.0874 0.1931 0.0916 0.2032 0.1485 
 220 0.0037 0.0038 0.0103 0.0601 0.0807 0.0560 0.4997 0.0850 0.0841 0.1165 
 221 0.0037 0.0038 0.0106 0.2780 0.1200 0.0572 0.1231 0.0675 0.0788 0.2573 
 222 0.0046 0.0039 0.0100 0.0826 0.1003 0.0759 0.2402 0.1028 0.2471 0.1325 
 223 0.0039 0.0045 0.0097 0.0856 0.2346 0.0788 0.2089 0.0990 0.1415 0.1336 
 224 0.0042 0.0045 0.0099 0.1149 0.1687 0.0554 0.3499 0.0751 0.0968 0.1206 
 225 0.0037 0.0041 0.0102 0.0767 0.1032 0.0668 0.3300 0.0851 0.0991 0.2209 
 226 0.0050 0.0046 0.0128 0.0885 0.1060 0.1483 0.2388 0.0992 0.1441 0.1526 
 227 0.0040 0.0046 0.0107 0.0798 0.1517 0.0560 0.2147 0.0948 0.0829 0.3007 
 228 0.0040 0.0044 0.0116 0.0899 0.1850 0.0538 0.2241 0.0654 0.0791 0.2827 
 229 0.0038 0.0041 0.0097 0.1412 0.1608 0.0558 0.3570 0.0813 0.0971 0.0893 
 230 0.0038 0.0038 0.0110 0.1194 0.1252 0.0551 0.4113 0.0789 0.0865 0.1051 
 231 0.0036 0.0041 0.0099 0.0809 0.1892 0.0611 0.3376 0.0808 0.1310 0.1017 
 232 0.0042 0.0041 0.0123 0.1406 0.1002 0.1117 0.1976 0.1076 0.0953 0.2265 
 233 0.0039 0.0038 0.0107 0.0943 0.3291 0.0564 0.1949 0.0796 0.0970 0.1303 
 234 0.0037 0.0038 0.0100 0.0715 0.1476 0.0756 0.2817 0.1138 0.1748 0.1174 
 235 0.0039 0.0041 0.0104 0.1495 0.1355 0.0793 0.2041 0.1012 0.1256 0.1863 
 236 0.0038 0.0038 0.0109 0.1156 0.2010 0.0676 0.2482 0.0892 0.1237 0.1363 
 237 0.0038 0.0039 0.0130 0.0546 0.0893 0.0620 0.3325 0.0894 0.1002 0.2512 
 238 0.0036 0.0039 0.0104 0.1639 0.1919 0.0605 0.2003 0.0988 0.1049 0.1619 
 239 0.0039 0.0042 0.0096 0.0911 0.1893 0.0567 0.2780 0.0682 0.0846 0.2144 
 240 0.0035 0.0039 0.0106 0.1644 0.1906 0.0604 0.2020 0.0983 0.1060 0.1604 
 241 0.0047 0.0042 0.0114 0.1686 0.1575 0.0745 0.1945 0.0790 0.0962 0.2094 
 242 0.0041 0.0047 0.0104 0.0909 0.1177 0.0867 0.2975 0.0843 0.1330 0.1706 
 243 0.0037 0.0038 0.0136 0.0782 0.1385 0.0544 0.2347 0.0793 0.0801 0.3137 
 244 0.0039 0.0038 0.0114 0.1113 0.1867 0.0558 0.3360 0.0756 0.0888 0.1266 
 245 0.0038 0.0042 0.0094 0.1089 0.3094 0.0620 0.1333 0.0862 0.0892 0.1937 
 246 0.0038 0.0040 0.0098 0.1189 0.2121 0.0640 0.2095 0.0786 0.1055 0.1937 
 247 0.0036 0.0038 0.0113 0.0500 0.0615 0.1217 0.3130 0.1801 0.1125 0.1426 
 248 0.0037 0.0036 0.0116 0.0468 0.0749 0.0665 0.3673 0.1218 0.1111 0.1927 
 249 0.0039 0.0038 0.0114 0.1736 0.1348 0.0567 0.2916 0.0844 0.0926 0.1471 
 250 0.0039 0.0037 0.0109 0.1250 0.1333 0.0656 0.3370 0.0946 0.1158 0.1102 
 251 0.0042 0.0040 0.0146 0.0737 0.0994 0.1146 0.2030 0.1134 0.1720 0.2010 
 252 0.0039 0.0044 0.0095 0.1013 0.1361 0.0683 0.2873 0.0872 0.1132 0.1886 
 253 0.0038 0.0039 0.0112 0.0714 0.0731 0.0984 0.1907 0.1376 0.1293 0.2807 
 254 0.0043 0.0039 0.0098 0.0660 0.1286 0.0645 0.2771 0.0943 0.2067 0.1449 
 255 0.0038 0.0042 0.0107 0.1174 0.1216 0.0648 0.3072 0.1052 0.1399 0.1252 
 256 0.0040 0.0038 0.0115 0.1308 0.1256 0.0666 0.2513 0.0847 0.1059 0.2156 
 257 0.0064 0.0056 0.0148 0.1011 0.1014 0.0719 0.3132 0.1057 0.1105 0.1694 
 258 0.0037 0.0040 0.0121 0.0622 0.1144 0.0816 0.1944 0.1295 0.1307 0.2675 
 259 0.0040 0.0041 0.0108 0.0999 0.0919 0.0651 0.3984 0.0904 0.1105 0.1247 
 260 0.0044 0.0039 0.0098 0.1123 0.1857 0.0657 0.1896 0.0986 0.2158 0.1142 
 261 0.0036 0.0043 0.0091 0.0942 0.1994 0.0697 0.1963 0.0802 0.1143 0.2290 
 262 0.0037 0.0038 0.0106 0.0982 0.1565 0.0615 0.1580 0.0682 0.0796 0.3600 
 263 0.0047 0.0039 0.0113 0.0509 0.0883 0.0550 0.4172 0.0836 0.1332 0.1520 
 264 0.0051 0.0036 0.0110 0.0479 0.0540 0.0804 0.2102 0.1167 0.3216 0.1494 
 265 0.0038 0.0041 0.0097 0.0779 0.1638 0.0787 0.2717 0.1033 0.1387 0.1483 
 266 0.0038 0.0038 0.0106 0.1636 0.1998 0.0570 0.1349 0.0686 0.0788 0.2790 
 267 0.0036 0.0038 0.0122 0.0947 0.1449 0.0623 0.2442 0.1082 0.1417 0.1844 
 268 0.0036 0.0039 0.0121 0.0821 0.1362 0.0626 0.2154 0.0981 0.0896 0.2964 
 269 0.0039 0.0042 0.0099 0.0787 0.1732 0.0991 0.2011 0.0963 0.2035 0.1302 
 270 0.0049 0.0061 0.0122 0.0539 0.0811 0.0718 0.3617 0.1064 0.1623 0.1396 
 271 0.0042 0.0040 0.0132 0.0712 0.0940 0.0804 0.2785 0.1199 0.1178 0.2168 
 272 0.0052 0.0047 0.0166 0.0752 0.1008 0.1388 0.2173 0.1069 0.1232 0.2113 
 273 0.0178 0.0281 0.0235 0.1088 0.1187 0.0970 0.2292 0.1218 0.1318 0.1234 
 274 0.0040 0.0040 0.0110 0.0831 0.1010 0.0959 0.2823 0.1135 0.1402 0.1651 
 275 0.0066 0.0162 0.0150 0.0736 0.1185 0.0875 0.3097 0.0904 0.1425 0.1401 
 276 0.0049 0.0046 0.0168 0.0832 0.0713 0.1171 0.2142 0.1130 0.1124 0.2625 
 277 0.0039 0.0039 0.0096 0.1143 0.1527 0.0791 0.2559 0.0979 0.1551 0.1276 
 278 0.0039 0.0038 0.0131 0.0570 0.1125 0.0731 0.2853 0.1045 0.1029 0.2440 
 279 0.0041 0.0038 0.0107 0.0924 0.1180 0.0798 0.3063 0.0962 0.1345 0.1543 
 280 0.0038 0.0041 0.0100 0.0731 0.1339 0.1078 0.2332 0.0912 0.1549 0.1879 
 281 0.0040 0.0038 0.0117 0.0820 0.0982 0.0871 0.3211 0.1257 0.1114 0.1551 
 282 0.0035 0.0039 0.0096 0.1314 0.2509 0.0683 0.1935 0.0922 0.1391 0.1076 
 283 0.0038 0.0043 0.0100 0.1501 0.2662 0.0562 0.2039 0.0911 0.0942 0.1202 
 284 0.0037 0.0069 0.0129 0.1116 0.1541 0.0740 0.2406 0.1204 0.1285 0.1472 
 285 0.0038 0.0036 0.0141 0.0434 0.0533 0.0906 0.3441 0.1170 0.1064 0.2237 
 286 0.0040 0.0038 0.0111 0.1112 0.1850 0.0559 0.3366 0.0757 0.0894 0.1273 
 287 0.0042 0.0043 0.0106 0.1053 0.1306 0.1024 0.2439 0.1312 0.1345 0.1330 
 288 0.0049 0.0048 0.0126 0.0684 0.0906 0.1147 0.3589 0.0956 0.1174 0.1322 
 289 0.0063 0.0066 0.0163 0.0774 0.0831 0.0828 0.3166 0.1315 0.1191 0.1603 
 290 0.0052 0.0038 0.0175 0.1052 0.0787 0.0785 0.2035 0.0949 0.1610 0.2518 
 291 0.0040 0.0040 0.0135 0.0712 0.0949 0.0808 0.2760 0.1202 0.1181 0.2172 
 292 0.0040 0.0042 0.0098 0.0786 0.1336 0.1062 0.1590 0.0811 0.1290 0.2945 
 293 0.0041 0.0037 0.0147 0.0562 0.0776 0.0884 0.1508 0.1083 0.2208 0.2753 
 294 0.0050 0.0040 0.0114 0.0553 0.0663 0.0619 0.3658 0.0832 0.1235 0.2237 
 295 0.0048 0.0112 0.0176 0.0665 0.0859 0.1127 0.1691 0.1155 0.1304 0.2863 
 296 0.0039 0.0039 0.0136 0.0627 0.0941 0.0716 0.3725 0.1072 0.0839 0.1865 
 297 0.0039 0.0040 0.0103 0.0731 0.0904 0.1067 0.3160 0.0975 0.1520 0.1461 
 298 0.0038 0.0039 0.0097 0.1503 0.1651 0.0665 0.2763 0.0996 0.1323 0.0926 
 299 0.0046 0.0040 0.0101 0.0637 0.0845 0.0551 0.4352 0.0878 0.1515 0.1033 
 300 0.0037 0.0036 0.0112 0.0529 0.0627 0.0779 0.4602 0.0808 0.0936 0.1533 
 301 0.0047 0.0064 0.0114 0.0560 0.0838 0.0786 0.3070 0.0941 0.2062 0.1519 
 302 0.0055 0.0078 0.0142 0.0504 0.0769 0.0642 0.2834 0.0815 0.1219 0.2941 
 303 0.0038 0.0041 0.0109 0.1190 0.1721 0.0801 0.2794 0.0802 0.1109 0.1394 
 304 0.0048 0.0070 0.0119 0.0903 0.2420 0.0710 0.1358 0.1288 0.2152 0.0931 
 305 0.0040 0.0076 0.0113 0.0778 0.1290 0.0672 0.3208 0.0687 0.0857 0.2279 
 306 0.0040 0.0040 0.0102 0.1708 0.1623 0.0762 0.1877 0.0857 0.1227 0.1764 
 307 0.0044 0.0042 0.0114 0.1340 0.1046 0.0797 0.2812 0.0970 0.1366 0.1469 
 308 0.0037 0.0042 0.0092 0.0937 0.1996 0.0701 0.1949 0.0802 0.1142 0.2302 
 309 0.0131 0.0198 0.0265 0.0658 0.0871 0.0627 0.3938 0.1123 0.0923 0.1264 
 310 0.0037 0.0037 0.0112 0.0943 0.1539 0.0564 0.2732 0.0773 0.0909 0.2354 
 311 0.0040 0.0039 0.0107 0.1210 0.1249 0.0555 0.4088 0.0788 0.0872 0.1051 
 312 0.0037 0.0039 0.0119 0.0593 0.0851 0.0562 0.4567 0.0971 0.0811 0.1450 
 313 0.0039 0.0041 0.0120 0.0495 0.0612 0.0649 0.3170 0.0880 0.0865 0.3128 
 314 0.0042 0.0254 0.0116 0.1323 0.3465 0.0672 0.0820 0.0700 0.0879 0.1730 
 315 0.0040 0.0230 0.0096 0.1073 0.3521 0.1025 0.0822 0.0729 0.0942 0.1522 
 316 0.0063 0.0470 0.0114 0.0889 0.3554 0.1249 0.0902 0.0776 0.1043 0.0940 
 317 0.0044 0.0224 0.0113 0.1411 0.4003 0.0711 0.0832 0.0727 0.0913 0.1022 
 318 0.0045 0.0435 0.0103 0.0898 0.4494 0.0742 0.0830 0.0729 0.0975 0.0750 
 319 0.0042 0.0040 0.0097 0.1487 0.3994 0.0652 0.0941 0.0711 0.0887 0.1152 
 320 0.0042 0.0242 0.0119 0.1341 0.3455 0.0667 0.0814 0.0706 0.0884 0.1729 
 321 0.0046 0.0540 0.0112 0.1551 0.3462 0.0757 0.0860 0.0736 0.0997 0.0939 
 322 0.0062 0.0218 0.0130 0.1382 0.3018 0.1154 0.0908 0.0766 0.0961 0.1401 
 323 0.0112 0.0196 0.0097 0.1144 0.4286 0.0685 0.0892 0.0734 0.1021 0.0833 
 324 0.0047 0.0543 0.0113 0.1554 0.3449 0.0759 0.0870 0.0732 0.0998 0.0935 
 325 0.0044 0.0670 0.0105 0.0826 0.3640 0.1215 0.0845 0.0752 0.1004 0.0897 
 326 0.0056 0.2732 0.0107 0.1006 0.1612 0.1029 0.0851 0.0755 0.0958 0.0894 
 327 0.0045 0.0224 0.0114 0.1408 0.3999 0.0709 0.0830 0.0726 0.0919 0.1026 
 328 0.0043 0.0244 0.0104 0.1573 0.2870 0.1138 0.0996 0.0749 0.0996 0.1286 
 329 0.0037 0.0067 0.0088 0.1784 0.4101 0.0682 0.0827 0.0719 0.0940 0.0755 
 330 0.0044 0.0228 0.0113 0.1403 0.4018 0.0710 0.0829 0.0723 0.0912 0.1019 
 331 0.0041 0.0128 0.0089 0.0971 0.4699 0.0693 0.0916 0.0719 0.0935 0.0809 
 332 0.0076 0.2615 0.0101 0.1025 0.1629 0.1036 0.0859 0.0760 0.1013 0.0886 
 333 0.0060 0.1932 0.0102 0.1179 0.1983 0.1027 0.0996 0.0757 0.0938 0.1025 
 334 0.0042 0.0238 0.0103 0.1546 0.2898 0.1146 0.1018 0.0749 0.0986 0.1274 
 335 0.0040 0.0108 0.0101 0.1763 0.3173 0.1035 0.0834 0.0741 0.0910 0.1294 
 336 0.0074 0.2333 0.0100 0.1165 0.1915 0.0670 0.0835 0.0715 0.0967 0.1225 
 337 0.0045 0.0806 0.0117 0.1371 0.2638 0.1206 0.0882 0.0755 0.1021 0.1159 
 338 0.0046 0.2125 0.0100 0.1120 0.2503 0.0729 0.0874 0.0740 0.1000 0.0763 
 339 0.0041 0.0132 0.0087 0.0961 0.4687 0.0691 0.0928 0.0720 0.0946 0.0806 
 340 0.0038 0.0066 0.0087 0.0915 0.4937 0.0647 0.0869 0.0713 0.0871 0.0858 
 341 0.0086 0.0995 0.0109 0.1272 0.3272 0.0692 0.0987 0.0740 0.0958 0.0889 
 342 0.0045 0.0219 0.0112 0.1399 0.4023 0.0714 0.0827 0.0725 0.0917 0.1018 
 343 0.0102 0.0344 0.0110 0.2102 0.2006 0.0951 0.0795 0.0731 0.0973 0.1885 
 344 0.0041 0.0135 0.0090 0.1168 0.4631 0.0688 0.0823 0.0720 0.0952 0.0752 
 345 0.0045 0.0219 0.0112 0.1391 0.4029 0.0712 0.0828 0.0724 0.0916 0.1022 
 346 0.0045 0.0194 0.0101 0.0844 0.4882 0.0700 0.0796 0.0723 0.0911 0.0803 
 347 0.0039 0.0069 0.0087 0.1094 0.4902 0.0643 0.0786 0.0709 0.0874 0.0798 
 348 0.0038 0.0106 0.0099 0.1616 0.2697 0.0904 0.0813 0.0722 0.0857 0.2147 
 349 0.0045 0.0220 0.0115 0.1400 0.4009 0.0715 0.0830 0.0726 0.0916 0.1024 
 350 0.0039 0.0067 0.0088 0.0938 0.4252 0.0655 0.0941 0.0698 0.0910 0.1413 
 351 0.0041 0.0103 0.0101 0.1725 0.3211 0.1039 0.0828 0.0744 0.0914 0.1294 
 352 0.0044 0.0328 0.0118 0.1253 0.3253 0.1148 0.0849 0.0753 0.0949 0.1305 
 353 0.0075 0.2317 0.0101 0.1171 0.1922 0.0672 0.0829 0.0714 0.0961 0.1237 
 354 0.0061 0.0196 0.0105 0.1402 0.4105 0.0719 0.0903 0.0740 0.0990 0.0781 
 355 0.0045 0.0425 0.0100 0.0888 0.4494 0.0745 0.0833 0.0728 0.0985 0.0757 
 356 0.0036 0.0046 0.0094 0.2501 0.1922 0.0878 0.0816 0.0713 0.0836 0.2158 
 357 0.0039 0.0047 0.0097 0.0769 0.2863 0.1596 0.0976 0.0871 0.1740 0.1001 
 358 0.0043 0.1653 0.0097 0.1418 0.2233 0.1048 0.0864 0.0754 0.0996 0.0893 
 359 0.0046 0.1233 0.0092 0.1243 0.3162 0.0705 0.0989 0.0728 0.0964 0.0837 
 360 0.0043 0.0183 0.0100 0.0847 0.4881 0.0699 0.0800 0.0724 0.0916 0.0806 
 361 0.0040 0.0047 0.0108 0.1313 0.1875 0.1574 0.1042 0.0872 0.1737 0.1393 
 362 0.0044 0.0088 0.0133 0.0542 0.0764 0.2228 0.2280 0.1399 0.1307 0.1216 
 363 0.0062 0.0064 0.0197 0.0514 0.0603 0.1651 0.1822 0.2211 0.1698 0.1176 
 364 0.0092 0.0078 0.0164 0.1223 0.1296 0.0860 0.1229 0.1194 0.2488 0.1374 
 365 0.0116 0.0077 0.0223 0.0578 0.0644 0.1947 0.1255 0.1327 0.2645 0.1189 
 366 0.0052 0.0061 0.0151 0.0716 0.0919 0.1331 0.1595 0.0914 0.1985 0.2275 
 367 0.0043 0.0041 0.0206 0.0440 0.0525 0.2057 0.0991 0.3617 0.1272 0.0808 
 368 0.0041 0.0042 0.0115 0.0681 0.0715 0.1022 0.2554 0.2117 0.1670 0.1042 
 369 0.0052 0.0112 0.0165 0.1286 0.0790 0.0784 0.1233 0.1036 0.2066 0.2476 
 370 0.0090 0.0137 0.0223 0.0746 0.0709 0.0912 0.2316 0.2085 0.1628 0.1154 
 371 0.0075 0.0163 0.0164 0.0785 0.0808 0.0750 0.2114 0.1140 0.2637 0.1365 
 372 0.0253 0.0203 0.0317 0.0734 0.0825 0.0887 0.3074 0.1459 0.1029 0.1220 
 373 0.0045 0.0045 0.0191 0.1008 0.0888 0.1051 0.1400 0.2609 0.1600 0.1164 
 374 0.0053 0.0051 0.0205 0.1836 0.0994 0.1077 0.1296 0.1488 0.1895 0.1104 
 375 0.0101 0.0078 0.0178 0.0535 0.0592 0.1028 0.1687 0.2067 0.2897 0.0836 
 376 0.0706 0.0068 0.0168 0.0527 0.0573 0.1944 0.0839 0.1583 0.2708 0.0885 
 377 0.0058 0.0121 0.0152 0.0546 0.0818 0.1615 0.2090 0.1448 0.1695 0.1458 
 378 0.0045 0.0091 0.0442 0.0874 0.1444 0.1040 0.1197 0.2781 0.0953 0.1132 
 379 0.1320 0.0094 0.0220 0.0484 0.0519 0.1483 0.0931 0.1742 0.2256 0.0952 
 380 0.0082 0.0096 0.0150 0.1114 0.0948 0.2360 0.1236 0.0881 0.1737 0.1398 
 381 0.0062 0.0055 0.0132 0.0992 0.0754 0.1082 0.0855 0.0819 0.3168 0.2081 
 382 0.0040 0.0067 0.0120 0.0516 0.0701 0.1258 0.1265 0.1978 0.3232 0.0821 
 383 0.0086 0.1656 0.0129 0.0571 0.0818 0.1803 0.1355 0.0887 0.1880 0.0815 
 384 0.0261 0.0514 0.0228 0.0722 0.0986 0.1059 0.1114 0.1360 0.2915 0.0841 
 385 0.0060 0.0871 0.1068 0.0634 0.0998 0.0787 0.1277 0.1428 0.1997 0.0880 
 386 0.0037 0.0038 0.0135 0.0521 0.0607 0.2080 0.1366 0.2256 0.1924 0.1035 
 387 0.0042 0.0041 0.0132 0.0458 0.0844 0.1846 0.1009 0.2134 0.2398 0.1096 
 388 0.0108 0.0086 0.0243 0.1122 0.1292 0.1060 0.1429 0.1571 0.2214 0.0876 
 389 0.0092 0.0170 0.0386 0.0540 0.0654 0.0716 0.2012 0.1465 0.1495 0.2469 
 390 0.0156 0.0186 0.0285 0.0553 0.0557 0.2019 0.0893 0.2343 0.1303 0.1705 
 391 0.0101 0.0102 0.0425 0.0894 0.0731 0.1124 0.1289 0.2171 0.1390 0.1774 
 392 0.0052 0.0045 0.0139 0.0656 0.1179 0.1607 0.1272 0.1730 0.2104 0.1217 
 393 0.0061 0.0061 0.0130 0.0862 0.0869 0.3484 0.0898 0.0926 0.1533 0.1175 
 394 0.0042 0.0094 0.0145 0.0991 0.1452 0.2004 0.1404 0.1719 0.1118 0.1031 
 395 0.0035 0.0037 0.0110 0.0449 0.0750 0.2265 0.1990 0.1551 0.1110 0.1702 
 396 0.0041 0.0035 0.0129 0.0468 0.0508 0.1043 0.1431 0.2767 0.2645 0.0932 
 397 0.0366 0.0045 0.0110 0.0850 0.1027 0.0690 0.2214 0.0947 0.2372 0.1378 
 398 0.0325 0.0046 0.0154 0.0494 0.0554 0.3197 0.0892 0.2227 0.1161 0.0950 
 399 0.0044 0.0086 0.0267 0.0572 0.0627 0.1404 0.1163 0.3483 0.1064 0.1289 
 400 0.0048 0.0039 0.0181 0.0860 0.0669 0.1306 0.0877 0.2414 0.2444 0.1162 
 401 0.0040 0.0040 0.0185 0.0636 0.0848 0.1498 0.0996 0.3004 0.0944 0.1810 
 402 0.0050 0.0050 0.0156 0.0682 0.0817 0.1111 0.1466 0.2065 0.1870 0.1734 
 403 0.0053 0.0050 0.0245 0.0800 0.2345 0.1217 0.1323 0.1258 0.1459 0.1251 
 404 0.0053 0.0039 0.0167 0.0946 0.0779 0.0954 0.1921 0.1528 0.2581 0.1033 
 405 0.0037 0.0041 0.0111 0.0688 0.0768 0.2097 0.1940 0.1197 0.1712 0.1409 
 406 0.0037 0.0042 0.0110 0.1120 0.0819 0.3041 0.1238 0.0886 0.1007 0.1700 
 407 0.0037 0.0036 0.0111 0.0479 0.0505 0.3046 0.1206 0.1463 0.2216 0.0900 
 408 0.0035 0.0038 0.0153 0.0400 0.0473 0.0962 0.1468 0.3317 0.0868 0.2287 
 409 0.0080 0.0073 0.0161 0.2446 0.0727 0.2053 0.0956 0.0997 0.1042 0.1464 
 410 0.0565 0.0071 0.0246 0.0695 0.0891 0.1560 0.1099 0.2045 0.1548 0.1279 
 411 0.0082 0.0160 0.0134 0.0641 0.1066 0.1091 0.0992 0.1391 0.2982 0.1461 
 412 0.0040 0.0041 0.0132 0.0586 0.0670 0.1149 0.2561 0.2048 0.1807 0.0966 
 413 0.0041 0.0084 0.0134 0.0730 0.1271 0.1343 0.1994 0.2202 0.1263 0.0938 
 414 0.0039 0.0071 0.0164 0.0387 0.0572 0.0921 0.2170 0.2703 0.2130 0.0842 
 415 0.0044 0.0039 0.0142 0.0692 0.0564 0.1873 0.1102 0.1602 0.2209 0.1733 
 416 0.0052 0.0044 0.0241 0.0872 0.0732 0.1243 0.1073 0.2275 0.1644 0.1823 
 417 0.0045 0.0052 0.0129 0.0632 0.0551 0.3421 0.1291 0.1559 0.1405 0.0916 
 418 0.0047 0.0040 0.0153 0.0555 0.0586 0.1095 0.1335 0.3404 0.1956 0.0828 
 419 0.0084 0.0075 0.0234 0.1090 0.1220 0.1532 0.1199 0.1617 0.1619 0.1332 
 420 0.0035 0.0036 0.0182 0.0531 0.0505 0.1340 0.0929 0.2942 0.0922 0.2578 
 421 0.0049 0.0052 0.0143 0.0707 0.0568 0.2090 0.1789 0.2311 0.1246 0.1045 
 422 0.0046 0.0042 0.0120 0.0529 0.0606 0.2481 0.2210 0.1109 0.1055 0.1802 
 423 0.0055 0.0042 0.0119 0.0459 0.0919 0.1883 0.1781 0.1517 0.2013 0.1212 
 424 0.0061 0.0065 0.0286 0.0759 0.0815 0.2124 0.0895 0.2197 0.1196 0.1603 
 425 0.0123 0.0077 0.0294 0.0657 0.1047 0.1104 0.1227 0.1407 0.2856 0.1207 
 426 0.0214 0.0231 0.0337 0.0835 0.0845 0.1751 0.1198 0.1978 0.1487 0.1123 
 427 0.0042 0.0081 0.0139 0.0443 0.1308 0.3425 0.0834 0.1752 0.1163 0.0813 
 428 0.0144 0.0057 0.0128 0.0752 0.1116 0.3023 0.1351 0.0932 0.0997 0.1501 
 429 0.0047 0.0040 0.0151 0.0445 0.0517 0.2058 0.1107 0.2543 0.2282 0.0810 
 430 0.0040 0.0042 0.0112 0.0513 0.0547 0.3992 0.1440 0.1159 0.1275 0.0880 
 431 0.0074 0.0104 0.0217 0.0627 0.1010 0.1200 0.1607 0.2341 0.1655 0.1166 
 432 0.0041 0.0041 0.0127 0.0705 0.0747 0.1185 0.2150 0.2292 0.1541 0.1172 
 433 0.0061 0.0050 0.0116 0.1509 0.1408 0.0828 0.1708 0.1365 0.1527 0.1429 
 434 0.0043 0.0043 0.0127 0.0910 0.0801 0.1118 0.2016 0.1129 0.2332 0.1479 
 435 0.0039 0.0040 0.0105 0.0460 0.0533 0.4370 0.0912 0.1502 0.1101 0.0937 
 436 0.0051 0.0047 0.0293 0.0805 0.0631 0.3347 0.0610 0.1647 0.1444 0.1126 
 437 0.0047 0.0042 0.0096 0.0531 0.0579 0.1559 0.1061 0.1193 0.3898 0.0993 
 438 0.0046 0.0055 0.0123 0.0852 0.0627 0.3637 0.0817 0.1323 0.0845 0.1675 
 439 0.0038 0.0041 0.0112 0.0598 0.0589 0.4781 0.0695 0.1153 0.1176 0.0817 
 440 0.0036 0.0039 0.0129 0.0411 0.0473 0.3867 0.0825 0.1831 0.1527 0.0862 
 441 0.0041 0.0046 0.0116 0.0834 0.0783 0.3617 0.1005 0.1076 0.1449 0.1033 
 442 0.0048 0.0036 0.0193 0.0607 0.0527 0.1317 0.1001 0.2468 0.2461 0.1342 
 443 0.0038 0.0042 0.0354 0.0449 0.0488 0.1992 0.0734 0.2630 0.1065 0.2206 
 444 0.0049 0.0041 0.0198 0.0587 0.0520 0.1893 0.0936 0.1964 0.2370 0.1443 
 445 0.0313 0.0048 0.0132 0.1132 0.0712 0.2727 0.0875 0.1004 0.1326 0.1732 
 446 0.0363 0.0058 0.0161 0.0578 0.0568 0.3397 0.0662 0.2295 0.1118 0.0801 
 447 0.0050 0.0044 0.0236 0.0834 0.0751 0.3121 0.0848 0.1400 0.1312 0.1404 
 448 0.0039 0.0042 0.0111 0.0550 0.0581 0.2882 0.1088 0.1596 0.1992 0.1120 
 449 0.0041 0.0042 0.0114 0.0679 0.0749 0.2748 0.1149 0.1294 0.1983 0.1200 
 450 0.0051 0.0044 0.0126 0.0830 0.0809 0.1703 0.0790 0.1453 0.3421 0.0771 
 451 0.0040 0.0040 0.0141 0.0415 0.0485 0.1553 0.1219 0.3542 0.1418 0.1146 
 452 0.0044 0.0042 0.0140 0.0759 0.0813 0.2295 0.0849 0.1839 0.2345 0.0875 
 453 0.0037 0.0044 0.0156 0.0695 0.0566 0.1573 0.1028 0.1474 0.1042 0.3384 
 454 0.0039 0.0081 0.0129 0.0624 0.0846 0.2981 0.1213 0.1269 0.1772 0.1047 
 455 0.0041 0.0049 0.0110 0.0518 0.0507 0.4163 0.0661 0.1460 0.1151 0.1339 
 456 0.0046 0.0041 0.0141 0.0486 0.0509 0.2372 0.0754 0.1582 0.1778 0.2289 
 457 0.0044 0.0043 0.0097 0.0601 0.0588 0.2659 0.0914 0.1138 0.2902 0.1013 
 458 0.0318 0.0049 0.0156 0.0606 0.0592 0.3585 0.0883 0.1449 0.1446 0.0917 
 459 0.0039 0.0044 0.0123 0.1027 0.0762 0.3918 0.0628 0.1523 0.1073 0.0863 
 460 0.0038 0.0040 0.0146 0.0480 0.0534 0.4066 0.0697 0.2051 0.1086 0.0862 
 461 0.0048 0.0042 0.0179 0.0549 0.0570 0.2058 0.0684 0.3448 0.1687 0.0735 
 462 0.0067 0.0051 0.0403 0.0404 0.0463 0.2434 0.1292 0.1655 0.2002 0.1229 
 463 0.0036 0.0045 0.0110 0.0540 0.0596 0.3351 0.1094 0.0873 0.0978 0.2377 
 464 0.0037 0.0039 0.0132 0.0485 0.0503 0.2985 0.0689 0.2514 0.1029 0.1587 
 465 0.0050 0.0044 0.0133 0.0585 0.0577 0.2686 0.0987 0.2215 0.1370 0.1352 
 466 0.0036 0.0040 0.0114 0.0489 0.0504 0.2667 0.0889 0.1923 0.1074 0.2264 
 467 0.0042 0.0050 0.0138 0.0645 0.0659 0.3369 0.1388 0.1207 0.1317 0.1187 
 468 0.0040 0.0042 0.0098 0.0484 0.0501 0.3462 0.0759 0.1027 0.2026 0.1560 
 469 0.0037 0.0039 0.0099 0.0489 0.0541 0.5452 0.0652 0.0925 0.1017 0.0749 
 470 0.0037 0.0039 0.0110 0.0492 0.0544 0.4504 0.0713 0.1729 0.0979 0.0853 
 471 0.0045 0.0038 0.0181 0.0521 0.0552 0.1481 0.1225 0.2109 0.1710 0.2136 
 472 0.0044 0.0041 0.0134 0.0566 0.0527 0.1982 0.1000 0.1554 0.2254 0.1896 
 473 0.0040 0.0045 0.0102 0.0693 0.0740 0.2521 0.1486 0.1168 0.1882 0.1324 
 474 0.0040 0.0043 0.0138 0.0715 0.0717 0.2015 0.0824 0.1807 0.2181 0.1522 
 475 0.0043 0.0041 0.0127 0.0978 0.0786 0.2213 0.0995 0.2280 0.1288 0.1249 
 476 0.0046 0.0048 0.0133 0.0587 0.0539 0.2283 0.0687 0.1409 0.2875 0.1394 
 477 0.0049 0.0047 0.0177 0.0831 0.0640 0.2411 0.0775 0.2310 0.1322 0.1440 
 478 0.0056 0.0045 0.0245 0.0480 0.0543 0.2129 0.0719 0.3881 0.1009 0.0894 
 479 0.0038 0.0040 0.0112 0.0465 0.0533 0.3775 0.0753 0.1678 0.1755 0.0851 
 480 0.0044 0.0040 0.0120 0.0540 0.0571 0.3005 0.0780 0.1298 0.2712 0.0891 
 481 0.0040 0.0036 0.0145 0.0506 0.0551 0.1493 0.1716 0.1771 0.2325 0.1417 
 482 0.0044 0.0038 0.0145 0.0483 0.0539 0.2569 0.0759 0.2203 0.2401 0.0820 
 483 0.0045 0.0050 0.0121 0.0645 0.0599 0.4276 0.0714 0.1522 0.1182 0.0846 
 484 0.0042 0.0043 0.0129 0.0538 0.0564 0.4065 0.0913 0.0986 0.0994 0.1726 
 485 0.0042 0.0049 0.0118 0.0494 0.0534 0.4850 0.0702 0.1429 0.0958 0.0824 
 486 0.0061 0.0048 0.0231 0.0613 0.0621 0.0802 0.1448 0.1743 0.1789 0.2643 
 487 0.0062 0.0050 0.0189 0.0732 0.1210 0.0870 0.1147 0.1426 0.2325 0.1989 
 488 0.0063 0.0051 0.0402 0.0482 0.1376 0.0876 0.1446 0.2135 0.1611 0.1558 
 489 0.0052 0.0048 0.0127 0.1425 0.0704 0.0638 0.1505 0.0974 0.2771 0.1755 
 490 0.0045 0.0041 0.0183 0.0452 0.0527 0.0952 0.0920 0.2753 0.1889 0.2239 
 491 0.0055 0.0044 0.0247 0.1013 0.0840 0.0708 0.2541 0.1146 0.1539 0.1867 
 492 0.0040 0.0052 0.0269 0.0831 0.1952 0.0795 0.0948 0.2112 0.1123 0.1879 
 493 0.0072 0.0056 0.0322 0.0407 0.1214 0.0646 0.1741 0.1538 0.2235 0.1769 
 494 0.0115 0.0045 0.0268 0.0994 0.0861 0.0831 0.1331 0.1341 0.2009 0.2206 
 495 0.0116 0.0052 0.0720 0.0616 0.1354 0.0680 0.0700 0.2280 0.1441 0.2040 
 496 0.0042 0.0047 0.0105 0.1990 0.0994 0.0883 0.1563 0.1088 0.1333 0.1955 
 497 0.0104 0.0066 0.0455 0.0652 0.1212 0.0709 0.2251 0.1049 0.2073 0.1428 
 498 0.0072 0.0053 0.0314 0.1139 0.0530 0.0768 0.1358 0.1966 0.2116 0.1683 
 499 0.0096 0.0055 0.0151 0.0969 0.1356 0.0808 0.1461 0.0980 0.1979 0.2145 
 500 0.0073 0.0044 0.0128 0.0513 0.0918 0.0881 0.1501 0.1052 0.3100 0.1790 
 501 0.0058 0.0042 0.0143 0.1330 0.1118 0.1034 0.1349 0.1411 0.2267 0.1247 
 502 0.0052 0.0043 0.0201 0.1588 0.1334 0.0929 0.1104 0.2202 0.1574 0.0973 
 503 0.0046 0.0040 0.0108 0.0613 0.0672 0.1243 0.1413 0.1584 0.3096 0.1185 
 504 0.0055 0.0045 0.0436 0.0729 0.0635 0.0923 0.1077 0.2753 0.1414 0.1934 
 505 0.0053 0.0039 0.0163 0.1125 0.0794 0.0756 0.1657 0.1414 0.1329 0.2670 
 506 0.0049 0.0041 0.0229 0.1328 0.1176 0.0725 0.1539 0.2207 0.1301 0.1405 
 507 0.0048 0.0047 0.0101 0.1381 0.1867 0.0676 0.1456 0.0749 0.1004 0.2673 
 508 0.0085 0.0057 0.0143 0.1654 0.1969 0.0630 0.1182 0.0884 0.0942 0.2454 
 509 0.0048 0.0038 0.0131 0.0726 0.1280 0.0834 0.1847 0.1131 0.1212 0.2753 
 510 0.0072 0.0041 0.0125 0.1342 0.1604 0.0660 0.1108 0.1197 0.2511 0.1340 
 511 0.0064 0.0046 0.0245 0.0752 0.0630 0.1362 0.1258 0.2069 0.1961 0.1612 
 512 0.0051 0.0037 0.0172 0.0490 0.0556 0.1142 0.1224 0.2250 0.3044 0.1034 
 513 0.0064 0.0053 0.2040 0.0635 0.0817 0.0534 0.1537 0.1563 0.0830 0.1925 
 514 0.0050 0.0065 0.0196 0.0531 0.1034 0.1035 0.1598 0.2979 0.1087 0.1425 
 515 0.0063 0.0048 0.0139 0.0588 0.1603 0.2000 0.0974 0.1028 0.1554 0.2003 
 516 0.0060 0.0045 0.0163 0.0831 0.0691 0.0876 0.1562 0.2316 0.1144 0.2311 
 517 0.0048 0.0047 0.0127 0.0738 0.1193 0.1996 0.1285 0.1376 0.0959 0.2231 
 518 0.0315 0.0046 0.0120 0.0688 0.1632 0.0691 0.1954 0.1038 0.2432 0.1082 
 519 0.0044 0.0044 0.0193 0.0874 0.0818 0.1167 0.1097 0.3154 0.1162 0.1447 
 520 0.0048 0.0047 0.0113 0.0859 0.1507 0.2424 0.1221 0.0790 0.0907 0.2083 
 521 0.0045 0.0786 0.0130 0.0932 0.1430 0.0815 0.2133 0.1555 0.1009 0.1166 
 522 0.0088 0.0051 0.0154 0.0463 0.0867 0.1322 0.1050 0.1193 0.2418 0.2395 
 523 0.0052 0.0088 0.0134 0.0737 0.1020 0.1318 0.1077 0.1205 0.0849 0.3520 
 524 0.0050 0.0048 0.0112 0.0540 0.1120 0.3149 0.1457 0.1121 0.0959 0.1446 
 525 0.0412 0.0056 0.0117 0.0758 0.1478 0.1633 0.1561 0.0840 0.1418 0.1727 
 526 0.0040 0.0041 0.0105 0.0693 0.0713 0.3335 0.1254 0.0773 0.0841 0.2206 
