   1 0.0170 0.0550 0.1352 0.2472 0.1547 0.3908 
   2 0.0080 0.0138 0.0509 0.0919 0.7060 0.1294 
   3 0.0222 0.0427 0.0898 0.3809 0.1504 0.3140 
   4 0.0200 0.0253 0.0735 0.0840 0.1562 0.6410 
   5 0.0092 0.0142 0.0555 0.1149 0.6827 0.1235 
   6 0.0102 0.0143 0.0555 0.6433 0.1641 0.1127 
   7 0.0157 0.0121 0.3228 0.2698 0.2630 0.1166 
   8 0.0238 0.0240 0.1157 0.2476 0.1595 0.4294 
   9 0.0106 0.0234 0.0885 0.3050 0.3331 0.2395 
  10 0.0129 0.0122 0.1045 0.3542 0.2313 0.2848 
  11 0.0159 0.0137 0.3179 0.2827 0.2497 0.1200 
  12 0.0085 0.0161 0.0578 0.1565 0.5574 0.2037 
  13 0.0122 0.0206 0.0895 0.3019 0.3790 0.1968 
  14 0.0266 0.0499 0.0577 0.1437 0.4393 0.2828 
  15 0.0356 0.0205 0.0976 0.1201 0.3696 0.3566 
  16 0.0147 0.0277 0.0935 0.4899 0.2037 0.1706 
  17 0.0141 0.0298 0.0655 0.3265 0.3795 0.1846 
  18 0.0280 0.0250 0.0595 0.3122 0.3287 0.2467 
  19 0.0106 0.0130 0.0761 0.4824 0.2608 0.1571 
  20 0.0224 0.0213 0.1336 0.1426 0.5047 0.1754 
  21 0.0148 0.0368 0.0781 0.1535 0.2949 0.4219 
  22 0.0101 0.0215 0.0484 0.5744 0.1605 0.1851 
  23 0.0245 0.0739 0.1077 0.1133 0.2544 0.4262 
  24 0.0164 0.0258 0.0747 0.3226 0.1940 0.3665 
  25 0.0259 0.0182 0.0884 0.2549 0.5191 0.0936 
  26 0.0150 0.0207 0.0730 0.2895 0.3215 0.2802 
  27 0.0129 0.0455 0.0676 0.3071 0.3429 0.2240 
  28 0.0156 0.0199 0.1984 0.1736 0.1434 0.4492 
  29 0.0090 0.0222 0.1075 0.1424 0.5491 0.1698 
  30 0.0113 0.0328 0.0496 0.5673 0.1803 0.1587 
  31 0.0107 0.0324 0.0838 0.2234 0.3708 0.2789 
  32 0.0203 0.0234 0.0932 0.2335 0.2856 0.3440 
  33 0.0142 0.0421 0.1574 0.3007 0.1799 0.3056 
  34 0.0249 0.0186 0.2455 0.2866 0.2540 0.1705 
  35 0.0084 0.0810 0.0610 0.2842 0.3971 0.1683 
  36 0.0585 0.3448 0.0729 0.1685 0.1665 0.1887 
  37 0.0091 0.0277 0.0770 0.1481 0.3319 0.4063 
  38 0.2739 0.0746 0.1793 0.1359 0.2325 0.1038 
  39 0.0250 0.0788 0.1386 0.2498 0.3497 0.1581 
  40 0.0145 0.2690 0.0505 0.1478 0.1986 0.3196 
  41 0.0157 0.4045 0.1297 0.1843 0.1543 0.1115 
  42 0.0400 0.2410 0.0705 0.1114 0.1217 0.4154 
  43 0.0083 0.2620 0.0888 0.1059 0.2912 0.2438 
  44 0.0070 0.4101 0.0599 0.2143 0.2058 0.1030 
  45 0.0398 0.2163 0.0742 0.1562 0.3972 0.1163 
  46 0.0109 0.0521 0.0850 0.3296 0.3960 0.1264 
  47 0.0081 0.0386 0.0733 0.3750 0.2818 0.2231 
  48 0.0103 0.4150 0.0447 0.1955 0.2182 0.1162 
  49 0.0135 0.0811 0.0925 0.2483 0.3676 0.1969 
  50 0.0124 0.0383 0.1631 0.3564 0.2645 0.1654 
  51 0.0169 0.6756 0.0467 0.0622 0.1087 0.0898 
  52 0.0143 0.0836 0.1646 0.2769 0.2774 0.1832 
  53 0.1317 0.0568 0.1337 0.3162 0.1586 0.2031 
  54 0.0064 0.0517 0.0599 0.1275 0.4889 0.2656 
  55 0.0086 0.1794 0.0587 0.0883 0.4828 0.1821 
  56 0.0234 0.1316 0.0578 0.2531 0.3132 0.2209 
  57 0.0122 0.0150 0.1054 0.2887 0.2347 0.3441 
  58 0.0174 0.1222 0.0857 0.1231 0.4236 0.2280 
  59 0.0662 0.1702 0.1009 0.1738 0.3222 0.1667 
  60 0.0221 0.2609 0.0717 0.0998 0.1835 0.3620 
  61 0.0067 0.1471 0.0510 0.0598 0.4192 0.3162 
  62 0.0106 0.0260 0.0811 0.2594 0.4698 0.1531 
  63 0.0146 0.0827 0.1598 0.1214 0.3281 0.2934 
  64 0.0253 0.0207 0.0783 0.4209 0.3279 0.1268 
  65 0.0103 0.0187 0.1762 0.1264 0.5784 0.0900 
  66 0.0104 0.0283 0.1118 0.0879 0.3921 0.3695 
  67 0.0068 0.1471 0.0648 0.0915 0.5394 0.1503 
  68 0.0731 0.1839 0.0947 0.1573 0.2877 0.2033 
  69 0.1969 0.0931 0.2591 0.1166 0.1464 0.1879 
  70 0.0335 0.2547 0.1865 0.0952 0.1744 0.2558 
  71 0.0385 0.3404 0.0952 0.1281 0.3061 0.0917 
  72 0.0208 0.0950 0.1008 0.3956 0.2294 0.1584 
  73 0.0128 0.1274 0.0974 0.0825 0.5534 0.1265 
  74 0.0721 0.2095 0.0646 0.1792 0.1609 0.3137 
  75 0.0428 0.1972 0.0460 0.1301 0.1489 0.4350 
  76 0.0096 0.1203 0.1457 0.1095 0.4420 0.1729 
  77 0.0394 0.3482 0.1214 0.1184 0.2747 0.0980 
  78 0.1510 0.2899 0.1425 0.1049 0.2012 0.1105 
  79 0.0173 0.0117 0.1611 0.2711 0.4021 0.1367 
  80 0.0106 0.0134 0.1274 0.1056 0.1373 0.6056 
  81 0.0129 0.0112 0.1799 0.1433 0.1665 0.4862 
  82 0.0108 0.0301 0.0799 0.0904 0.5331 0.2556 
  83 0.0324 0.0225 0.2035 0.1491 0.1743 0.4182 
  84 0.0183 0.0146 0.1706 0.1561 0.2922 0.3483 
  85 0.0439 0.0197 0.0780 0.2007 0.2316 0.4262 
  86 0.0113 0.0393 0.0757 0.1153 0.6121 0.1463 
  87 0.0279 0.0220 0.3887 0.1240 0.2710 0.1664 
  88 0.0112 0.0143 0.1339 0.1032 0.3059 0.4314 
  89 0.0108 0.0126 0.1030 0.1065 0.2581 0.5091 
  90 0.0138 0.0124 0.1924 0.1072 0.5219 0.1524 
  91 0.0347 0.0216 0.0897 0.1186 0.1533 0.5821 
  92 0.0133 0.0130 0.1086 0.1556 0.4874 0.2221 
  93 0.0082 0.0136 0.0486 0.0701 0.1091 0.7504 
  94 0.0477 0.0240 0.5968 0.0991 0.1070 0.1255 
  95 0.0119 0.0137 0.2590 0.0749 0.3376 0.3028 
  96 0.0077 0.1678 0.0523 0.0588 0.3153 0.3981 
  97 0.0610 0.1185 0.0476 0.1633 0.2190 0.3905 
  98 0.0102 0.1373 0.0613 0.1820 0.3709 0.2383 
  99 0.0154 0.0126 0.1692 0.1305 0.3586 0.3138 
 100 0.0071 0.0166 0.0429 0.0628 0.1954 0.6752 
 101 0.0309 0.0314 0.1957 0.1091 0.3644 0.2685 
 102 0.0263 0.0484 0.1531 0.0774 0.2210 0.4739 
 103 0.0087 0.0215 0.1309 0.0715 0.4531 0.3143 
 104 0.0094 0.0206 0.3583 0.0890 0.3594 0.1633 
 105 0.0078 0.0213 0.2036 0.0636 0.4493 0.2545 
 106 0.0184 0.0231 0.4232 0.1817 0.2814 0.0722 
 107 0.0096 0.0249 0.2685 0.0774 0.3608 0.2588 
 108 0.1857 0.1098 0.0517 0.0682 0.4545 0.1300 
 109 0.0277 0.0268 0.2175 0.1103 0.5390 0.0786 
 110 0.0161 0.0172 0.6048 0.1339 0.1465 0.0814 
 111 0.0086 0.0174 0.5451 0.0640 0.2572 0.1076 
 112 0.0126 0.0328 0.6495 0.0676 0.1542 0.0832 
 113 0.0213 0.0385 0.1061 0.1442 0.4692 0.2207 
 114 0.0083 0.0163 0.3629 0.0786 0.3403 0.1937 
 115 0.0114 0.0727 0.3007 0.0825 0.3942 0.1386 
 116 0.0347 0.0709 0.1948 0.1294 0.4821 0.0881 
 117 0.0141 0.0268 0.5886 0.1140 0.1605 0.0960 
 118 0.0127 0.0187 0.0792 0.0643 0.7166 0.1085 
 119 0.0209 0.2272 0.0858 0.0666 0.2273 0.3722 
 120 0.0112 0.0318 0.3347 0.0851 0.3848 0.1522 
 121 0.0139 0.1533 0.3481 0.0820 0.3008 0.1019 
 122 0.0141 0.0197 0.4123 0.1483 0.3071 0.0985 
 123 0.0178 0.0263 0.5070 0.0851 0.2197 0.1442 
 124 0.0169 0.0852 0.2839 0.1955 0.3093 0.1092 
 125 0.0255 0.0602 0.4046 0.2396 0.1566 0.1135 
 126 0.0189 0.0665 0.3645 0.1149 0.2756 0.1596 
 127 0.0078 0.0191 0.5403 0.0564 0.2572 0.1193 
 128 0.0071 0.0182 0.0661 0.0704 0.7260 0.1121 
 129 0.0085 0.0201 0.1591 0.0670 0.6422 0.1031 
 130 0.0095 0.0159 0.3275 0.0856 0.3527 0.2088 
 131 0.1132 0.1167 0.3201 0.1654 0.2015 0.0831 
 132 0.0135 0.0232 0.3167 0.1380 0.4248 0.0837 
 133 0.0129 0.0310 0.3700 0.0803 0.3551 0.1508 
 134 0.0097 0.0139 0.6633 0.0979 0.1539 0.0613 
 135 0.0121 0.0674 0.0475 0.0630 0.2378 0.5722 
 136 0.0090 0.0137 0.0358 0.0942 0.1243 0.7229 
 137 0.0095 0.0137 0.0793 0.0639 0.1110 0.7226 
 138 0.0105 0.0204 0.0389 0.0700 0.0863 0.7739 
 139 0.0104 0.0393 0.0485 0.0990 0.3219 0.4810 
 140 0.0131 0.0387 0.0684 0.1161 0.2295 0.5342 
 141 0.0128 0.0194 0.0411 0.1427 0.1357 0.6482 
 142 0.0111 0.0916 0.0472 0.0608 0.2224 0.5670 
 143 0.0074 0.0135 0.0340 0.0536 0.0803 0.8113 
 144 0.0091 0.0153 0.0750 0.0564 0.1123 0.7319 
 145 0.0124 0.0263 0.0433 0.1592 0.1823 0.5765 
 146 0.0136 0.0220 0.0869 0.1362 0.1889 0.5525 
 147 0.0079 0.0121 0.0353 0.0614 0.0792 0.8041 
 148 0.0085 0.0358 0.0582 0.0976 0.2345 0.5653 
 149 0.0128 0.0287 0.0415 0.0745 0.1130 0.7296 
 150 0.0085 0.0167 0.1053 0.0749 0.1891 0.6055 
 151 0.0078 0.0153 0.0467 0.0629 0.1213 0.7460 
 152 0.0208 0.0660 0.0548 0.1010 0.2256 0.5318 
 153 0.0113 0.0289 0.0564 0.0811 0.1071 0.7151 
 154 0.0094 0.0213 0.0362 0.0873 0.1501 0.6957 
 155 0.0070 0.0144 0.0451 0.0577 0.1058 0.7700 
 156 0.0071 0.0534 0.0560 0.0491 0.1611 0.6733 
 157 0.0121 0.0142 0.1206 0.0706 0.1283 0.6542 
 158 0.0139 0.0209 0.0439 0.1547 0.1546 0.6120 
 159 0.0085 0.0117 0.0355 0.0572 0.0871 0.8000 
 160 0.0088 0.0112 0.0347 0.0575 0.1029 0.7848 
 161 0.0120 0.0216 0.0625 0.1024 0.1233 0.6782 
 162 0.0119 0.0245 0.0770 0.1404 0.2491 0.4971 
 163 0.0071 0.0199 0.0435 0.0517 0.0966 0.7813 
 164 0.0109 0.0167 0.0575 0.0982 0.2932 0.5235 
 165 0.0088 0.0165 0.1024 0.0646 0.1681 0.6395 
 166 0.0423 0.0341 0.1069 0.0731 0.1702 0.5734 
 167 0.0118 0.0166 0.0490 0.1356 0.1690 0.6180 
 168 0.0334 0.0318 0.0515 0.0872 0.1133 0.6829 
 169 0.0562 0.0375 0.0429 0.2969 0.1423 0.4242 
 170 0.0077 0.0322 0.0459 0.0618 0.1442 0.7083 
 171 0.0273 0.0252 0.0469 0.1082 0.2139 0.5786 
 172 0.0493 0.1064 0.0422 0.1280 0.1167 0.5574 
 173 0.0076 0.0127 0.0344 0.0566 0.1149 0.7737 
 174 0.0082 0.0116 0.0478 0.0686 0.1105 0.7533 
 175 0.0078 0.0210 0.0338 0.0934 0.0975 0.7466 
 176 0.0091 0.0148 0.0742 0.0564 0.1124 0.7332 
 177 0.0192 0.0201 0.1405 0.1013 0.1580 0.5609 
 178 0.0082 0.0131 0.0473 0.1211 0.1428 0.6674 
 179 0.0076 0.0121 0.0343 0.0599 0.0854 0.8007 
 180 0.0140 0.0272 0.0614 0.1327 0.1539 0.6107 
 181 0.0112 0.0265 0.0420 0.0848 0.1533 0.6823 
 182 0.0077 0.0180 0.0345 0.0523 0.1516 0.7359 
 183 0.0073 0.0140 0.0347 0.0626 0.0967 0.7846 
 184 0.0117 0.0173 0.0532 0.1221 0.6515 0.1443 
 185 0.0077 0.0598 0.0345 0.0455 0.1046 0.7479 
 186 0.0073 0.0173 0.0814 0.1258 0.6355 0.1327 
 187 0.0091 0.0194 0.0544 0.1027 0.3682 0.4463 
 188 0.0065 0.0171 0.0587 0.1003 0.7179 0.0995 
 189 0.0463 0.0308 0.0665 0.2343 0.1729 0.4492 
 190 0.0065 0.1837 0.0356 0.0418 0.2473 0.4850 
 191 0.0073 0.0149 0.0402 0.0842 0.6198 0.2336 
 192 0.0087 0.0143 0.0788 0.1140 0.3721 0.4121 
 193 0.0092 0.0250 0.0472 0.1267 0.4234 0.3685 
 194 0.0089 0.0293 0.0743 0.0944 0.3647 0.4284 
 195 0.0066 0.0333 0.0337 0.0528 0.2084 0.6652 
 196 0.0093 0.0758 0.0527 0.0586 0.4072 0.3964 
 197 0.0085 0.0265 0.0816 0.2026 0.3981 0.2827 
 198 0.0130 0.0284 0.0707 0.1812 0.3966 0.3101 
 199 0.0127 0.0608 0.0507 0.0613 0.3817 0.4329 
 200 0.0190 0.0879 0.0619 0.1085 0.3740 0.3488 
 201 0.0066 0.0228 0.0411 0.0715 0.2023 0.6556 
 202 0.0064 0.0338 0.0475 0.0523 0.1661 0.6940 
 203 0.0066 0.0181 0.0398 0.0579 0.2557 0.6218 
 204 0.0067 0.0320 0.0378 0.0528 0.4391 0.4315 
 205 0.0128 0.0377 0.0454 0.0770 0.5314 0.2957 
 206 0.0068 0.0235 0.0381 0.0704 0.4522 0.4090 
 207 0.0066 0.0303 0.0465 0.0591 0.6396 0.2180 
 208 0.0068 0.0338 0.0393 0.0644 0.3948 0.4608 
 209 0.0072 0.0225 0.0431 0.0975 0.5284 0.3013 
 210 0.0066 0.0217 0.0473 0.0653 0.4540 0.4052 
 211 0.0066 0.0662 0.0603 0.0541 0.4768 0.3361 
 212 0.0081 0.0296 0.0353 0.0944 0.1599 0.6727 
 213 0.0110 0.0886 0.1133 0.0864 0.4122 0.2885 
 214 0.0064 0.0232 0.0416 0.0668 0.1980 0.6640 
 215 0.0117 0.0275 0.0459 0.0629 0.6538 0.1981 
 216 0.0102 0.0197 0.0622 0.1528 0.5657 0.1895 
 217 0.0104 0.0288 0.0411 0.0775 0.2137 0.6285 
 218 0.0117 0.0176 0.0545 0.0833 0.5152 0.3179 
 219 0.0192 0.0189 0.0593 0.1876 0.2891 0.4259 
 220 0.0066 0.0199 0.0389 0.0615 0.6227 0.2503 
 221 0.0062 0.0488 0.0326 0.0479 0.1052 0.7592 
 222 0.0106 0.0192 0.0647 0.2451 0.3754 0.2850 
 223 0.0116 0.0207 0.0574 0.1225 0.2663 0.5216 
 224 0.0065 0.0177 0.0408 0.0715 0.2961 0.5675 
 225 0.0087 0.0335 0.0472 0.0728 0.4426 0.3952 
 226 0.1173 0.0260 0.0634 0.1192 0.3500 0.3240 
 227 0.0066 0.0552 0.0506 0.0586 0.3300 0.4990 
 228 0.0070 0.0860 0.0339 0.0483 0.2333 0.5916 
 229 0.0067 0.0136 0.0468 0.0823 0.3118 0.5389 
 230 0.0065 0.0147 0.0438 0.0664 0.3983 0.4702 
 231 0.0075 0.0146 0.0395 0.1112 0.3373 0.4898 
 232 0.0144 0.0354 0.0816 0.1137 0.2934 0.4615 
 233 0.0064 0.0180 0.0411 0.0663 0.1833 0.6849 
 234 0.0092 0.0156 0.0607 0.1461 0.4182 0.3502 
 235 0.0141 0.0329 0.0477 0.1146 0.3119 0.4789 
 236 0.0092 0.0174 0.0523 0.0946 0.2902 0.5363 
 237 0.0073 0.0288 0.0407 0.0637 0.5917 0.2679 
 238 0.0064 0.0225 0.0573 0.0792 0.2063 0.6282 
 239 0.0066 0.0324 0.0341 0.0527 0.2108 0.6634 
 240 0.0065 0.0229 0.0573 0.0790 0.2078 0.6265 
 241 0.0085 0.0253 0.0386 0.0606 0.1735 0.6933 
 242 0.0198 0.0279 0.0580 0.1563 0.3075 0.4305 
 243 0.0066 0.0859 0.0397 0.0495 0.3953 0.4229 
 244 0.0066 0.0174 0.0405 0.0624 0.2910 0.5822 
 245 0.0064 0.0241 0.0450 0.0556 0.1197 0.7492 
 246 0.0101 0.0297 0.0406 0.0771 0.2130 0.6294 
 247 0.0135 0.0331 0.1281 0.1054 0.5957 0.1242 
 248 0.0077 0.0238 0.0481 0.0673 0.7170 0.1360 
 249 0.0066 0.0199 0.0468 0.0726 0.2948 0.5594 
 250 0.0089 0.0145 0.0568 0.0951 0.3844 0.4403 
 251 0.0367 0.0334 0.0784 0.1601 0.4393 0.2521 
 252 0.0095 0.0298 0.0514 0.0934 0.3280 0.4880 
 253 0.0172 0.0329 0.0823 0.0930 0.5389 0.2357 
 254 0.0082 0.0222 0.0569 0.1747 0.4211 0.3169 
 255 0.0073 0.0210 0.0468 0.1459 0.4061 0.3730 
 256 0.0081 0.0313 0.0447 0.0757 0.2995 0.5406 
 257 0.0091 0.0282 0.0549 0.0795 0.4679 0.3604 
 258 0.0095 0.0578 0.0577 0.0872 0.5280 0.2598 
 259 0.0081 0.0174 0.0501 0.0828 0.5157 0.3258 
 260 0.0087 0.0160 0.0675 0.2012 0.2555 0.4511 
 261 0.0102 0.0357 0.0469 0.0832 0.2280 0.5960 
 262 0.0100 0.0573 0.0334 0.0508 0.1758 0.6727 
 263 0.0062 0.0215 0.0441 0.0830 0.6354 0.2098 
 264 0.0099 0.0219 0.0539 0.3829 0.4318 0.0996 
 265 0.0145 0.0243 0.0480 0.1204 0.4059 0.3869 
 266 0.0064 0.0320 0.0334 0.0480 0.1177 0.7626 
 267 0.0075 0.0221 0.0503 0.1071 0.4032 0.4098 
 268 0.0094 0.0733 0.0529 0.0580 0.4079 0.3986 
 269 0.0280 0.0209 0.0642 0.2399 0.2443 0.4026 
 270 0.0081 0.0189 0.0646 0.1368 0.5677 0.2039 
 271 0.0104 0.0342 0.0524 0.0760 0.5906 0.2364 
 272 0.1053 0.0472 0.0663 0.0823 0.4458 0.2531 
 273 0.0315 0.0355 0.0938 0.1676 0.2798 0.3918 
 274 0.0184 0.0213 0.0518 0.1142 0.5021 0.2922 
 275 0.0356 0.0299 0.0541 0.1303 0.3939 0.3562 
 276 0.0655 0.0505 0.0712 0.0834 0.4964 0.2331 
 277 0.0112 0.0185 0.0570 0.1337 0.3037 0.4759 
 278 0.0120 0.0425 0.0448 0.0626 0.5910 0.2471 
 279 0.0108 0.0204 0.0537 0.1011 0.4177 0.3964 
 280 0.0239 0.0342 0.0566 0.1723 0.3463 0.3667 
 281 0.0100 0.0224 0.0601 0.0991 0.5124 0.2960 
 282 0.0095 0.0154 0.0566 0.1183 0.2118 0.5884 
 283 0.0067 0.0188 0.0505 0.0786 0.2033 0.6421 
 284 0.0091 0.0240 0.0786 0.0891 0.3874 0.4118 
 285 0.0115 0.0499 0.0556 0.0840 0.7034 0.0955 
 286 0.0067 0.0173 0.0401 0.0632 0.2885 0.5842 
 287 0.0181 0.0203 0.0649 0.1611 0.3690 0.3667 
 288 0.0735 0.0242 0.0597 0.0982 0.4784 0.2659 
 289 0.0456 0.0420 0.0812 0.0968 0.5195 0.2149 
 290 0.0098 0.0865 0.0597 0.2078 0.3615 0.2747 
 291 0.0105 0.0336 0.0532 0.0746 0.5909 0.2372 
 292 0.0274 0.0669 0.0525 0.1305 0.2508 0.4719 
 293 0.0100 0.0946 0.0624 0.2751 0.3836 0.1743 
 294 0.0093 0.0327 0.0457 0.0829 0.6267 0.2028 
 295 0.0458 0.0431 0.0703 0.0965 0.4389 0.3054 
 296 0.0110 0.0257 0.0523 0.0604 0.5961 0.2544 
 297 0.0219 0.0251 0.0585 0.1989 0.4369 0.2587 
 298 0.0090 0.0134 0.0611 0.1284 0.2879 0.5002 
 299 0.0066 0.0167 0.0489 0.1353 0.5482 0.2443 
 300 0.0094 0.0298 0.0456 0.0829 0.6531 0.1792 
 301 0.0139 0.0184 0.0557 0.1568 0.5519 0.2034 
 302 0.0102 0.0548 0.0477 0.0728 0.6042 0.2102 
 303 0.0095 0.0245 0.0494 0.1056 0.2520 0.5591 
 304 0.0072 0.0142 0.0927 0.2154 0.1994 0.4710 
 305 0.0111 0.0312 0.0356 0.0566 0.2877 0.5777 
 306 0.0127 0.0247 0.0463 0.0963 0.2086 0.6114 
 307 0.0110 0.0185 0.0578 0.1047 0.3930 0.4151 
 308 0.0101 0.0363 0.0462 0.0835 0.2286 0.5953 
 309 0.0200 0.0578 0.0776 0.0767 0.5420 0.2260 
 310 0.0063 0.0372 0.0389 0.0620 0.2987 0.5568 
 311 0.0066 0.0148 0.0439 0.0660 0.3970 0.4718 
 312 0.0065 0.0245 0.0488 0.0540 0.6209 0.2453 
 313 0.0080 0.0689 0.0431 0.0522 0.6726 0.1552 
 314 0.0097 0.0228 0.0338 0.0523 0.0774 0.8039 
 315 0.0185 0.0301 0.0446 0.0641 0.0859 0.7568 
 316 0.0369 0.0225 0.0495 0.0804 0.0872 0.7236 
 317 0.0109 0.0146 0.0344 0.0572 0.0747 0.8082 
 318 0.0119 0.0111 0.0357 0.0615 0.0720 0.8079 
 319 0.0074 0.0138 0.0336 0.0545 0.0861 0.8047 
 320 0.0097 0.0230 0.0338 0.0528 0.0767 0.8040 
 321 0.0123 0.0130 0.0363 0.0644 0.0744 0.7997 
 322 0.0307 0.0351 0.0480 0.0718 0.0926 0.7218 
 323 0.0086 0.0112 0.0344 0.0660 0.0752 0.8047 
 324 0.0117 0.0129 0.0361 0.0623 0.0744 0.8027 
 325 0.0378 0.0190 0.0462 0.0726 0.0835 0.7409 
 326 0.0858 0.0232 0.0476 0.0734 0.0822 0.6878 
 327 0.0107 0.0140 0.0349 0.0571 0.0747 0.8086 
 328 0.0218 0.0228 0.0469 0.0711 0.0952 0.7422 
 329 0.0082 0.0105 0.0346 0.0591 0.0717 0.8160 
 330 0.0108 0.0141 0.0350 0.0567 0.0752 0.8082 
 331 0.0081 0.0107 0.0344 0.0573 0.0766 0.8129 
 332 0.0514 0.0194 0.0476 0.0875 0.0824 0.7118 
 333 0.0452 0.0236 0.0478 0.0701 0.0899 0.7234 
 334 0.0220 0.0230 0.0467 0.0707 0.0962 0.7414 
 335 0.0196 0.0252 0.0449 0.0630 0.0898 0.7574 
 336 0.0121 0.0179 0.0355 0.0668 0.0726 0.7951 
 337 0.0380 0.0235 0.0476 0.0741 0.0870 0.7297 
 338 0.0129 0.0111 0.0361 0.0653 0.0728 0.8017 
 339 0.0080 0.0107 0.0341 0.0584 0.0777 0.8112 
 340 0.0076 0.0117 0.0329 0.0524 0.0777 0.8177 
 341 0.0141 0.0135 0.0369 0.0625 0.0828 0.7901 
 342 0.0104 0.0140 0.0347 0.0565 0.0754 0.8089 
 343 0.0191 0.0449 0.0453 0.0728 0.0883 0.7296 
 344 0.0081 0.0103 0.0347 0.0596 0.0720 0.8153 
 345 0.0112 0.0140 0.0349 0.0565 0.0748 0.8087 
 346 0.0106 0.0119 0.0342 0.0549 0.0725 0.8158 
 347 0.0074 0.0113 0.0332 0.0526 0.0724 0.8229 
 348 0.0163 0.0479 0.0433 0.0574 0.0905 0.7446 
 349 0.0112 0.0142 0.0349 0.0561 0.0753 0.8083 
 350 0.0071 0.0153 0.0334 0.0549 0.0837 0.8056 
 351 0.0189 0.0263 0.0455 0.0629 0.0888 0.7576 
 352 0.0329 0.0273 0.0459 0.0658 0.0883 0.7398 
 353 0.0121 0.0175 0.0353 0.0671 0.0736 0.7944 
 354 0.0093 0.0111 0.0356 0.0610 0.0746 0.8083 
 355 0.0114 0.0110 0.0352 0.0612 0.0715 0.8098 
 356 0.0162 0.0495 0.0439 0.0586 0.0901 0.7417 
 357 0.0492 0.0194 0.0602 0.2263 0.1259 0.5190 
 358 0.0248 0.0173 0.0468 0.0743 0.0850 0.7517 
 359 0.0084 0.0106 0.0347 0.0600 0.0775 0.8088 
 360 0.0110 0.0119 0.0337 0.0552 0.0721 0.8162 
 361 0.0486 0.0262 0.0641 0.2304 0.1393 0.4914 
 362 0.0683 0.0274 0.1641 0.2007 0.3588 0.1807 
 363 0.0287 0.0336 0.2030 0.3280 0.3018 0.1048 
 364 0.0144 0.0211 0.0650 0.3301 0.2362 0.3333 
 365 0.0444 0.0238 0.0882 0.5017 0.2264 0.1155 
 366 0.0288 0.1325 0.0594 0.2991 0.2485 0.2317 
 367 0.0288 0.0152 0.5956 0.1479 0.1385 0.0741 
 368 0.0121 0.0123 0.0884 0.1451 0.6115 0.1307 
 369 0.0129 0.1115 0.0646 0.2108 0.2132 0.3869 
 370 0.0184 0.0225 0.2092 0.1292 0.4544 0.1664 
 371 0.0143 0.0343 0.0766 0.3047 0.3575 0.2126 
 372 0.0350 0.0310 0.1218 0.1156 0.5080 0.1887 
 373 0.0116 0.0183 0.2905 0.2477 0.2148 0.2172 
 374 0.0362 0.0198 0.1306 0.2470 0.2021 0.3643 
 375 0.0186 0.0160 0.1424 0.4094 0.3225 0.0911 
 376 0.0229 0.0164 0.1104 0.6574 0.1096 0.0833 
 377 0.0374 0.0247 0.0733 0.2567 0.4711 0.1367 
 378 0.0114 0.0184 0.4563 0.0744 0.1525 0.2869 
 379 0.0275 0.0253 0.1483 0.6102 0.1133 0.0753 
 380 0.0865 0.0687 0.0477 0.4263 0.1306 0.2404 
 381 0.0137 0.0699 0.0456 0.5485 0.1078 0.2146 
 382 0.0171 0.0131 0.1962 0.4232 0.2411 0.1094 
 383 0.1105 0.0224 0.0438 0.5094 0.1227 0.1913 
 384 0.0404 0.0225 0.1303 0.4859 0.1536 0.1674 
 385 0.0133 0.0123 0.1347 0.2425 0.3266 0.2706 
 386 0.0255 0.0195 0.2422 0.3713 0.2373 0.1042 
 387 0.0216 0.0235 0.1826 0.3416 0.3107 0.1200 
 388 0.0250 0.0155 0.1087 0.2568 0.2823 0.3118 
 389 0.0148 0.0666 0.0598 0.0920 0.6424 0.1245 
 390 0.0674 0.1087 0.3820 0.1637 0.1802 0.0980 
 391 0.0263 0.0482 0.1831 0.1239 0.4415 0.1770 
 392 0.0146 0.0226 0.1189 0.4895 0.1697 0.1848 
 393 0.0742 0.1161 0.0946 0.4509 0.0952 0.1691 
 394 0.0432 0.0199 0.2129 0.1771 0.1990 0.3479 
 395 0.0570 0.1082 0.1204 0.1741 0.4064 0.1339 
 396 0.0097 0.0142 0.1321 0.3868 0.3788 0.0784 
 397 0.0081 0.0209 0.0523 0.3421 0.2845 0.2922 
 398 0.0703 0.0280 0.2356 0.4410 0.1412 0.0839 
 399 0.0315 0.0308 0.5285 0.0858 0.2116 0.1118 
 400 0.0122 0.0201 0.3068 0.3740 0.1367 0.1501 
 401 0.0135 0.0635 0.4099 0.1141 0.2386 0.1605 
 402 0.0115 0.0738 0.1277 0.2941 0.3272 0.1658 
 403 0.0191 0.0205 0.1181 0.1468 0.2329 0.4626 
 404 0.0105 0.0170 0.0990 0.3699 0.2933 0.2103 
 405 0.0428 0.0308 0.0906 0.3027 0.3414 0.1917 
 406 0.2333 0.2165 0.0540 0.0936 0.1477 0.2548 
 407 0.0426 0.0180 0.0784 0.6414 0.1401 0.0795 
 408 0.0089 0.0569 0.2182 0.0742 0.5570 0.0846 
 409 0.0494 0.2288 0.0913 0.1551 0.1108 0.3646 
 410 0.0346 0.0305 0.2280 0.3903 0.1563 0.1604 
 411 0.0132 0.0662 0.0976 0.4724 0.1289 0.2217 
 412 0.0148 0.0127 0.1443 0.2530 0.4503 0.1249 
 413 0.0147 0.0158 0.1535 0.1572 0.3887 0.2701 
 414 0.0094 0.0134 0.1433 0.1645 0.5869 0.0825 
 415 0.0276 0.0605 0.1370 0.4807 0.1739 0.1202 
 416 0.0112 0.0479 0.2656 0.3101 0.1706 0.1946 
 417 0.1834 0.0209 0.1647 0.3578 0.1743 0.0989 
 418 0.0120 0.0122 0.3131 0.2900 0.2831 0.0896 
 419 0.0230 0.0464 0.1781 0.2217 0.2243 0.3066 
 420 0.0117 0.1513 0.3949 0.1134 0.2181 0.1107 
 421 0.0562 0.0216 0.1809 0.2912 0.3395 0.1106 
 422 0.0622 0.0810 0.0636 0.2590 0.3982 0.1360 
 423 0.0363 0.0300 0.1261 0.3355 0.3301 0.1420 
 424 0.0502 0.0949 0.4067 0.0975 0.2088 0.1418 
 425 0.0198 0.0254 0.0995 0.3256 0.3537 0.1761 
 426 0.0551 0.0189 0.3614 0.1815 0.1962 0.1869 
 427 0.1088 0.0270 0.2677 0.2981 0.0997 0.1987 
 428 0.1823 0.0604 0.0705 0.1807 0.1949 0.3112 
 429 0.0209 0.0146 0.3124 0.4459 0.1312 0.0749 
 430 0.1103 0.0373 0.1243 0.4675 0.1599 0.1007 
 431 0.0313 0.0155 0.2084 0.1098 0.4637 0.1713 
 432 0.0128 0.0141 0.1102 0.1683 0.5483 0.1463 
 433 0.0103 0.0207 0.0804 0.1086 0.3582 0.4218 
 434 0.0124 0.0284 0.0663 0.3180 0.3387 0.2362 
 435 0.3482 0.0299 0.1117 0.2526 0.1786 0.0790 
 436 0.3126 0.0416 0.2633 0.1798 0.0748 0.1279 
 437 0.0294 0.0177 0.0630 0.6288 0.1731 0.0880 
 438 0.2854 0.1696 0.1537 0.0993 0.1310 0.1610 
 439 0.2439 0.0270 0.2025 0.3219 0.0888 0.1160 
 440 0.3429 0.0256 0.2345 0.2055 0.1228 0.0687 
 441 0.0738 0.0283 0.1642 0.3836 0.1499 0.2002 
 442 0.0139 0.0343 0.1510 0.4184 0.2868 0.0956 
 443 0.0303 0.1034 0.5386 0.0980 0.1450 0.0846 
 444 0.0319 0.0566 0.1421 0.4236 0.2514 0.0944 
 445 0.0263 0.1111 0.1080 0.4001 0.1027 0.2519 
 446 0.1059 0.0238 0.3857 0.3079 0.0871 0.0896 
 447 0.2574 0.0589 0.1123 0.1523 0.2445 0.1746 
 448 0.0611 0.0262 0.1087 0.4399 0.2628 0.1012 
 449 0.0660 0.0246 0.1035 0.3869 0.2577 0.1612 
 450 0.0140 0.0127 0.1265 0.5968 0.1149 0.1350 
 451 0.0298 0.0231 0.2196 0.1361 0.5209 0.0705 
 452 0.0232 0.0140 0.1703 0.5619 0.1030 0.1277 
 453 0.0147 0.2446 0.1931 0.1014 0.2637 0.1825 
 454 0.0855 0.0223 0.1857 0.3900 0.1383 0.1782 
 455 0.3983 0.0750 0.1552 0.1570 0.1216 0.0930 
 456 0.0652 0.1229 0.1979 0.3296 0.1956 0.0889 
 457 0.0669 0.0195 0.0628 0.6039 0.1492 0.0977 
 458 0.0360 0.0242 0.1806 0.5607 0.0909 0.1076 
 459 0.0791 0.0305 0.4571 0.1488 0.0988 0.1857 
 460 0.0548 0.0258 0.5855 0.1465 0.0995 0.0879 
 461 0.0144 0.0119 0.6419 0.1469 0.1001 0.0848 
 462 0.0208 0.0761 0.3714 0.2639 0.2028 0.0649 
 463 0.1733 0.3272 0.1008 0.0990 0.1533 0.1464 
 464 0.0641 0.0626 0.4677 0.1474 0.1686 0.0896 
 465 0.0294 0.0405 0.3985 0.1698 0.2415 0.1203 
 466 0.0731 0.1438 0.2329 0.1430 0.3064 0.1006 
 467 0.0284 0.0633 0.3982 0.2067 0.1577 0.1458 
 468 0.3528 0.0681 0.0564 0.2865 0.1473 0.0889 
 469 0.5760 0.0224 0.0910 0.1393 0.0822 0.0892 
 470 0.4317 0.0230 0.1825 0.1636 0.1211 0.0781 
 471 0.0180 0.1154 0.2253 0.2747 0.2531 0.1135 
 472 0.0164 0.0639 0.1765 0.3726 0.2491 0.1215 
 473 0.0713 0.0313 0.0796 0.3539 0.3041 0.1599 
 474 0.0200 0.0321 0.2022 0.4768 0.1186 0.1504 
 475 0.0317 0.0281 0.3103 0.1799 0.2561 0.1939 
 476 0.0265 0.0403 0.2383 0.4814 0.1011 0.1123 
 477 0.0402 0.0454 0.3776 0.1502 0.2402 0.1463 
 478 0.0196 0.0172 0.6760 0.0773 0.1324 0.0775 
 479 0.1512 0.0205 0.2157 0.3861 0.1455 0.0810 
 480 0.0712 0.0178 0.1223 0.6028 0.0925 0.0933 
 481 0.0162 0.0214 0.0801 0.3211 0.4647 0.0966 
 482 0.0318 0.0140 0.2979 0.4733 0.1011 0.0820 
 483 0.3551 0.0237 0.1977 0.2130 0.0962 0.1143 
 484 0.2609 0.1566 0.1272 0.1630 0.1776 0.1146 
 485 0.6101 0.0218 0.1237 0.0849 0.0807 0.0789 
 486 0.0114 0.0569 0.1324 0.1393 0.5232 0.1368 
 487 0.0126 0.0260 0.0617 0.1804 0.4561 0.2632 
 488 0.0121 0.0193 0.0954 0.1006 0.5936 0.1791 
 489 0.0084 0.0714 0.0439 0.2313 0.3337 0.3112 
 490 0.0135 0.0427 0.2707 0.1534 0.4283 0.0913 
 491 0.0083 0.0215 0.0500 0.0993 0.5513 0.2697 
 492 0.0092 0.0341 0.1979 0.0855 0.2688 0.4045 
 493 0.0084 0.0217 0.0505 0.1144 0.6577 0.1472 
 494 0.0144 0.0256 0.0708 0.1375 0.5091 0.2426 
 495 0.0104 0.0417 0.2524 0.0954 0.3365 0.2636 
 496 0.0123 0.0288 0.0781 0.1122 0.2472 0.5214 
 497 0.0089 0.0161 0.0455 0.1129 0.5997 0.2169 
 498 0.0145 0.0768 0.1151 0.1705 0.4439 0.1793 
 499 0.0104 0.0260 0.0493 0.1373 0.3835 0.3935 
 500 0.0176 0.0226 0.0562 0.2248 0.5213 0.1575 
 501 0.0125 0.0153 0.1096 0.2309 0.2860 0.3456 
 502 0.0114 0.0120 0.1592 0.1446 0.3007 0.3721 
 503 0.0152 0.0198 0.0637 0.4829 0.3057 0.1128 
 504 0.0122 0.0327 0.1753 0.0965 0.5544 0.1289 
 505 0.0125 0.0350 0.0623 0.0873 0.5453 0.2576 
 506 0.0084 0.0167 0.2061 0.1255 0.2844 0.3589 
 507 0.0077 0.0293 0.0369 0.0627 0.1334 0.7300 
 508 0.0078 0.0588 0.0442 0.0608 0.2112 0.6172 
 509 0.0110 0.0248 0.0629 0.0831 0.4457 0.3724 
 510 0.0079 0.0216 0.0744 0.2497 0.2526 0.3938 
 511 0.0400 0.0368 0.2525 0.2352 0.2784 0.1570 
 512 0.0130 0.0144 0.2055 0.4492 0.2207 0.0972 
 513 0.0071 0.0564 0.1318 0.0453 0.6005 0.1590 
 514 0.0112 0.0202 0.2809 0.0925 0.4277 0.1675 
 515 0.0492 0.0625 0.0884 0.2632 0.2615 0.2752 
 516 0.0128 0.0340 0.1033 0.0813 0.6011 0.1675 
 517 0.0449 0.1224 0.1278 0.1222 0.3032 0.2794 
 518 0.0077 0.0155 0.0560 0.3330 0.2282 0.3597 
 519 0.0179 0.0216 0.2673 0.0983 0.4155 0.1793 
 520 0.1940 0.1121 0.0488 0.0751 0.1426 0.4274 
 521 0.0099 0.0253 0.1248 0.0877 0.2792 0.4732 
 522 0.0224 0.1874 0.0906 0.3534 0.2137 0.1326 
 523 0.0245 0.2244 0.1125 0.0682 0.2198 0.3505 
 524 0.2927 0.0604 0.0743 0.1131 0.2621 0.1973 
 525 0.0308 0.0377 0.0593 0.2873 0.1835 0.4015 
 526 0.2849 0.2211 0.0446 0.0758 0.1591 0.2145 
 527 0.0086 0.0135 0.1091 0.3587 0.3781 0.1320 
 528 0.0071 0.0227 0.0559 0.0813 0.2166 0.6164 
 529 0.0085 0.0221 0.0670 0.1949 0.4111 0.2963 
 530 0.0215 0.0715 0.0886 0.3355 0.2808 0.2021 
 531 0.0329 0.0361 0.0994 0.1592 0.1729 0.4996 
 532 0.0085 0.0331 0.0666 0.1559 0.3793 0.3565 
 533 0.0217 0.0509 0.0650 0.3444 0.3331 0.1850 
 534 0.0091 0.0577 0.0821 0.0891 0.4981 0.2639 
 535 0.0345 0.1817 0.1705 0.1100 0.2967 0.2065 
 536 0.0374 0.1052 0.1111 0.2464 0.1766 0.3233 
 537 0.0113 0.1417 0.0877 0.1134 0.1454 0.5006 
 538 0.0196 0.0709 0.0769 0.1273 0.2936 0.4116 
 539 0.0067 0.0290 0.0421 0.0763 0.1334 0.7124 
 540 0.0295 0.0691 0.0645 0.1412 0.2931 0.4026 
 541 0.0143 0.0412 0.1521 0.1294 0.1255 0.5375 
 542 0.0215 0.3301 0.0687 0.1836 0.2327 0.1635 
 543 0.0286 0.1690 0.2514 0.0694 0.1815 0.3001 
 544 0.0188 0.2590 0.0802 0.1131 0.2530 0.2759 
 545 0.0612 0.4913 0.0852 0.0985 0.1649 0.0989 
 546 0.0098 0.1194 0.0842 0.1337 0.3000 0.3529 
 547 0.0219 0.4477 0.0888 0.0638 0.1170 0.2608 
 548 0.0089 0.0150 0.0556 0.0956 0.3872 0.4377 
 549 0.0500 0.1668 0.0668 0.1388 0.0861 0.4915 
 550 0.0894 0.3335 0.1755 0.1000 0.1489 0.1527 
 551 0.0181 0.0386 0.0931 0.1051 0.1036 0.6416 
 552 0.0100 0.0677 0.0511 0.1372 0.2856 0.4485 
 553 0.0159 0.4162 0.1105 0.0514 0.1237 0.2823 
 554 0.0182 0.0580 0.1363 0.2273 0.2632 0.2970 
 555 0.0126 0.0668 0.0732 0.0875 0.2201 0.5397 
 556 0.0101 0.0597 0.0773 0.1371 0.3022 0.4136 
 557 0.1175 0.2163 0.1949 0.1310 0.1305 0.2098 
 558 0.0420 0.0130 0.3029 0.4668 0.0917 0.0836 
 559 0.0090 0.0292 0.1489 0.1339 0.5343 0.1446 
 560 0.0474 0.0293 0.5180 0.1783 0.1613 0.0657 
 561 0.0251 0.0309 0.1413 0.2543 0.4576 0.0908 
 562 0.0297 0.0481 0.2180 0.1900 0.4482 0.0659 
 563 0.0202 0.0336 0.4080 0.1019 0.1661 0.2702 
 564 0.0197 0.0469 0.0696 0.1038 0.6139 0.1460 
 565 0.0705 0.0168 0.0682 0.6268 0.1225 0.0952 
 566 0.0324 0.0168 0.5841 0.1420 0.1563 0.0684 
 567 0.0140 0.0205 0.0597 0.0927 0.7181 0.0951 
 568 0.0288 0.0381 0.1781 0.1534 0.4552 0.1465 
 569 0.0470 0.1091 0.1626 0.2854 0.2560 0.1398 
 570 0.0421 0.0162 0.1297 0.5819 0.1584 0.0718 
 571 0.0386 0.0187 0.4105 0.0966 0.3290 0.1066 
 572 0.0260 0.3096 0.0592 0.1546 0.1649 0.2858 
 573 0.1987 0.0326 0.0530 0.0802 0.5044 0.1311 
 574 0.0299 0.0291 0.0756 0.4368 0.1750 0.2537 
 575 0.0174 0.0224 0.2966 0.1378 0.2924 0.2335 
 576 0.0395 0.0146 0.3572 0.1977 0.3219 0.0691 
 577 0.0132 0.0208 0.0869 0.4495 0.1939 0.2356 
 578 0.0684 0.0269 0.2784 0.1719 0.3426 0.1117 
 579 0.0220 0.0258 0.1327 0.3049 0.4118 0.1028 
 580 0.0275 0.0167 0.0922 0.5159 0.1878 0.1600 
 581 0.0492 0.0181 0.2041 0.3946 0.2049 0.1291 
 582 0.0471 0.0465 0.2730 0.3857 0.1650 0.0827 
 583 0.0297 0.0195 0.3666 0.2025 0.2736 0.1080 
 584 0.0274 0.0139 0.2895 0.2531 0.3326 0.0836 
 585 0.0386 0.0228 0.2573 0.2704 0.3147 0.0963 
 586 0.0095 0.0214 0.4950 0.0857 0.2443 0.1441 
 587 0.0109 0.0388 0.0831 0.3577 0.4300 0.0794 
 588 0.0073 0.0824 0.0402 0.0516 0.7018 0.1167 
 589 0.1746 0.0847 0.1051 0.2426 0.3046 0.0884 
 590 0.0087 0.0170 0.1938 0.1407 0.5448 0.0950 
 591 0.0167 0.0154 0.2129 0.1309 0.5069 0.1171 
 592 0.0325 0.0548 0.1809 0.1243 0.5119 0.0956 
 593 0.0605 0.0304 0.1697 0.1781 0.3972 0.1641 
 594 0.0176 0.0178 0.1194 0.1410 0.5159 0.1884 
 595 0.0099 0.0119 0.0995 0.3868 0.4179 0.0741 
 596 0.1546 0.0525 0.0674 0.0855 0.4902 0.1497 
 597 0.0207 0.0333 0.4344 0.0604 0.1531 0.2980 
 598 0.0596 0.0155 0.1200 0.6106 0.1168 0.0775 
 599 0.0239 0.0380 0.2628 0.1624 0.4361 0.0767 
 600 0.0241 0.0315 0.0955 0.4438 0.2069 0.1983 
 601 0.0210 0.0367 0.2775 0.3090 0.2756 0.0802 
 602 0.0130 0.0141 0.0753 0.1276 0.5219 0.2481 
 603 0.0103 0.0149 0.0722 0.1143 0.5521 0.2360 
 604 0.0806 0.0263 0.0697 0.3990 0.2284 0.1960 
 605 0.0257 0.0331 0.0982 0.2067 0.5067 0.1297 
 606 0.0170 0.0312 0.0919 0.2342 0.3148 0.3110 
 607 0.0234 0.0135 0.0730 0.3163 0.2120 0.3618 
 608 0.0222 0.0182 0.1677 0.1544 0.1166 0.5210 
 609 0.0205 0.0319 0.0991 0.4781 0.2099 0.1605 
 610 0.2944 0.0579 0.0634 0.1994 0.2581 0.1268 
 611 0.0127 0.0240 0.0984 0.1115 0.5056 0.2477 
 612 0.0566 0.0407 0.0696 0.5956 0.1250 0.1125 
 613 0.0239 0.0457 0.0935 0.3710 0.2885 0.1774 
 614 0.0160 0.0167 0.0508 0.6410 0.1780 0.0975 
 615 0.0418 0.0213 0.0498 0.5438 0.1742 0.1691 
 616 0.0112 0.0134 0.0762 0.3389 0.2913 0.2692 
 617 0.0337 0.0470 0.0843 0.3348 0.3999 0.1004 
 618 0.1295 0.0345 0.0535 0.3068 0.2037 0.2720 
 619 0.0498 0.0602 0.1309 0.1534 0.3529 0.2528 
 620 0.0239 0.0601 0.1412 0.1001 0.6009 0.0737 
 621 0.0220 0.0120 0.1947 0.3519 0.3144 0.1049 
 622 0.0744 0.0479 0.0641 0.2614 0.3572 0.1950 
 623 0.0234 0.0221 0.1070 0.1667 0.5668 0.1140 
 624 0.0690 0.0267 0.0952 0.4422 0.1258 0.2412 
 625 0.0307 0.0173 0.1137 0.4172 0.2007 0.2204 
 626 0.0554 0.1030 0.0420 0.1843 0.1195 0.4958 
 627 0.0147 0.0252 0.1173 0.2601 0.4174 0.1653 
 628 0.0138 0.0188 0.2042 0.1795 0.4190 0.1647 
 629 0.0110 0.0129 0.0935 0.2661 0.4387 0.1777 
 630 0.0291 0.0267 0.0983 0.5102 0.2161 0.1197 
 631 0.0139 0.0163 0.0766 0.5123 0.2350 0.1458 
 632 0.0145 0.0235 0.0646 0.1606 0.3131 0.4237 
 633 0.0406 0.0161 0.1596 0.3661 0.1746 0.2430 
 634 0.0168 0.0362 0.1496 0.2272 0.2047 0.3656 
 635 0.0177 0.0180 0.0524 0.1888 0.1863 0.5367 
 636 0.0228 0.0206 0.0990 0.3485 0.2148 0.2943 
 637 0.0167 0.0790 0.0931 0.1735 0.3772 0.2605 
 638 0.0142 0.0140 0.0730 0.2379 0.4270 0.2339 
 639 0.0273 0.0178 0.0633 0.4296 0.2471 0.2150 
 640 0.0141 0.0116 0.3687 0.2083 0.2487 0.1487 
 641 0.0137 0.0151 0.0639 0.2823 0.4605 0.1646 
 642 0.0126 0.0357 0.0652 0.1106 0.1770 0.5989 
 643 0.0079 0.0172 0.0781 0.0828 0.1018 0.7122 
 644 0.0105 0.0172 0.0931 0.0893 0.1859 0.6039 
 645 0.0991 0.0284 0.0380 0.1811 0.1260 0.5273 
 646 0.0113 0.0455 0.0804 0.1294 0.4611 0.2722 
 647 0.0076 0.0328 0.1353 0.1007 0.2298 0.4938 
 648 0.0120 0.0600 0.0553 0.2062 0.3226 0.3439 
 649 0.0112 0.0701 0.0560 0.0793 0.4902 0.2933 
 650 0.0100 0.0265 0.0754 0.0867 0.4829 0.3184 
 651 0.0076 0.0147 0.0566 0.1001 0.4089 0.4121 
 652 0.0094 0.0183 0.0561 0.0945 0.2264 0.5953 
 653 0.0148 0.0415 0.0595 0.1662 0.2266 0.4913 
 654 0.0094 0.0627 0.0566 0.0939 0.1971 0.5803 
 655 0.0130 0.0229 0.1308 0.0873 0.2250 0.5209 
 656 0.0148 0.0482 0.0563 0.1031 0.4053 0.3723 
 657 0.0143 0.0193 0.0692 0.3468 0.2422 0.3081 
 658 0.0222 0.0489 0.1411 0.1394 0.3033 0.3450 
 659 0.0151 0.0395 0.0634 0.1198 0.2323 0.5299 
 660 0.0084 0.0263 0.0488 0.0824 0.1847 0.6494 
 661 0.0171 0.0993 0.0506 0.1083 0.1718 0.5529 
 662 0.0112 0.1358 0.0580 0.0618 0.5275 0.2058 
 663 0.0092 0.0201 0.0660 0.1136 0.2313 0.5598 
 664 0.0230 0.0452 0.2626 0.1273 0.1768 0.3651 
 665 0.0075 0.0551 0.0510 0.0793 0.5146 0.2924 
 666 0.0115 0.0319 0.0587 0.1021 0.2140 0.5817 
 667 0.0130 0.0294 0.0918 0.0968 0.5775 0.1914 
 668 0.0129 0.0376 0.0697 0.1398 0.2483 0.4917 
 669 0.0090 0.0395 0.0593 0.1369 0.3401 0.4151 
 670 0.0080 0.0149 0.0348 0.0591 0.1056 0.7776 
 671 0.0084 0.0201 0.0502 0.0704 0.1650 0.6860 
 672 0.0301 0.0360 0.1103 0.0648 0.1096 0.6493 
 673 0.0089 0.0114 0.0352 0.0676 0.0752 0.8018 
 674 0.0094 0.0210 0.0371 0.1082 0.1379 0.6864 
 675 0.0088 0.0147 0.0741 0.0575 0.1125 0.7324 
 676 0.0078 0.0124 0.0352 0.0598 0.0754 0.8094 
 677 0.0071 0.0526 0.0329 0.0506 0.1031 0.7537 
 678 0.0097 0.0113 0.0393 0.0703 0.0749 0.7945 
 679 0.0106 0.0108 0.0374 0.1162 0.1240 0.7010 
 680 0.0128 0.0160 0.0422 0.0811 0.1066 0.7412 
 681 0.0288 0.2078 0.0581 0.1305 0.2079 0.3668 
 682 0.0122 0.0188 0.0432 0.0894 0.0820 0.7545 
 683 0.0080 0.0180 0.0351 0.0549 0.0933 0.7906 
 684 0.0086 0.0135 0.0393 0.0684 0.0786 0.7916 
 685 0.0076 0.0136 0.0342 0.0543 0.0758 0.8145 
 686 0.0112 0.0530 0.0398 0.0776 0.1163 0.7021 
 687 0.0077 0.0267 0.0474 0.0633 0.1644 0.6905 
 688 0.0081 0.0138 0.0505 0.0679 0.1079 0.7518 
 689 0.0080 0.0130 0.0342 0.0548 0.0786 0.8114 
 690 0.0079 0.0123 0.0355 0.0609 0.0743 0.8091 
 691 0.0101 0.0191 0.0362 0.1052 0.1205 0.7089 
 692 0.0090 0.0120 0.0489 0.0838 0.1105 0.7357 
 693 0.0082 0.0156 0.0775 0.0822 0.0930 0.7235 
 694 0.0076 0.0139 0.0332 0.0487 0.0746 0.8220 
 695 0.0187 0.0377 0.0440 0.0625 0.0824 0.7546 
 696 0.0079 0.0141 0.0492 0.0685 0.1093 0.7510 
 697 0.0078 0.0156 0.0346 0.0572 0.0842 0.8005 
 698 0.0079 0.0126 0.0352 0.0588 0.0801 0.8056 
 699 0.0161 0.0775 0.0415 0.0567 0.0893 0.7190 
 700 0.0081 0.0724 0.1164 0.0664 0.0821 0.6547 
 701 0.0272 0.0260 0.0499 0.1247 0.1099 0.6623 
 702 0.0116 0.0295 0.0609 0.0940 0.1206 0.6834 
 703 0.0125 0.0187 0.0424 0.0869 0.0899 0.7496 
 704 0.0074 0.0181 0.0468 0.0612 0.1066 0.7599 
 705 0.0347 0.1891 0.0612 0.0871 0.1585 0.4692 
 706 0.0110 0.0285 0.0391 0.0772 0.0888 0.7555 
 707 0.0076 0.0204 0.0345 0.0629 0.0855 0.7892 
 708 0.0080 0.0138 0.0359 0.0559 0.0902 0.7963 
 709 0.0069 0.0495 0.0471 0.0573 0.0714 0.7677 
 710 0.0076 0.0167 0.0336 0.0541 0.0699 0.8181 
 711 0.0099 0.0398 0.0390 0.0711 0.1013 0.7390 
 712 0.0069 0.0362 0.0329 0.0470 0.0934 0.7836 
 713 0.0076 0.0154 0.0474 0.0613 0.1094 0.7590 
 714 0.0109 0.0143 0.0390 0.1095 0.1549 0.6713 
 715 0.0068 0.0298 0.0327 0.0500 0.0759 0.8048 
 716 0.0114 0.0280 0.0403 0.0760 0.0769 0.7673 
 717 0.0074 0.0196 0.0343 0.0501 0.0714 0.8173 
 718 0.0115 0.0248 0.0410 0.0720 0.1333 0.7174 
 719 0.0071 0.0317 0.0359 0.0506 0.0747 0.8001 
 720 0.0154 0.0138 0.1260 0.3124 0.4155 0.1169 
 721 0.0150 0.0250 0.0473 0.2342 0.1143 0.5642 
 722 0.0243 0.0354 0.0841 0.4622 0.2117 0.1823 
 723 0.0126 0.0133 0.0623 0.5949 0.1660 0.1508 
 724 0.0088 0.0161 0.0936 0.5066 0.1078 0.2671 
 725 0.0090 0.0189 0.0651 0.1955 0.3775 0.3341 
 726 0.0154 0.0353 0.0551 0.4324 0.2510 0.2108 
 727 0.0190 0.1416 0.0634 0.2131 0.2083 0.3546 
 728 0.1900 0.0298 0.0509 0.5511 0.1108 0.0673 
 729 0.0241 0.0152 0.0616 0.7075 0.1172 0.0744 
 730 0.0118 0.0141 0.0861 0.4750 0.2979 0.1152 
 731 0.0117 0.0187 0.0643 0.6353 0.1250 0.1450 
 732 0.0125 0.0131 0.0625 0.5927 0.1691 0.1502 
 733 0.0114 0.0121 0.0556 0.7020 0.1241 0.0949 
 734 0.0127 0.0140 0.1103 0.6343 0.1571 0.0717 
 735 0.0130 0.0108 0.0473 0.7303 0.0939 0.1046 
 736 0.0663 0.0190 0.1719 0.4114 0.2027 0.1288 
 737 0.0437 0.0428 0.0885 0.3752 0.3184 0.1315 
 738 0.0096 0.0136 0.0703 0.6075 0.1805 0.1186 
 739 0.0129 0.0120 0.0589 0.7083 0.1183 0.0896 
 740 0.0111 0.0182 0.0442 0.1829 0.1330 0.6106 
 741 0.0238 0.0276 0.0775 0.1559 0.1747 0.5406 
 742 0.0161 0.0156 0.3776 0.1535 0.2182 0.2188 
 743 0.0101 0.0141 0.0998 0.2949 0.3729 0.2082 
 744 0.0121 0.0796 0.1253 0.0951 0.4614 0.2266 
 745 0.0138 0.0441 0.2415 0.1642 0.4309 0.1055 
 746 0.0144 0.0194 0.0845 0.2439 0.2652 0.3727 
 747 0.0076 0.0164 0.1217 0.1663 0.4845 0.2035 
 748 0.0110 0.0121 0.1280 0.1104 0.2199 0.5186 
 749 0.0156 0.0271 0.0922 0.1443 0.4308 0.2900 
 750 0.0116 0.0183 0.0810 0.1646 0.5144 0.2101 
 751 0.0113 0.0130 0.0968 0.1179 0.2673 0.4937 
 752 0.0113 0.0151 0.0868 0.1614 0.5155 0.2098 
 753 0.0149 0.0237 0.0850 0.3016 0.2499 0.3249 
 754 0.0088 0.0191 0.0962 0.1684 0.2140 0.4937 
 755 0.0119 0.0137 0.0898 0.2372 0.2962 0.3511 
 756 0.0174 0.0170 0.2382 0.0744 0.2942 0.3589 
 757 0.0093 0.0140 0.1900 0.1723 0.2946 0.3198 
 758 0.0147 0.0188 0.1280 0.1015 0.6347 0.1023 
 759 0.0080 0.0337 0.0621 0.2195 0.1866 0.4902 
 760 0.0161 0.0164 0.1125 0.4577 0.1955 0.2018 
 761 0.0077 0.0159 0.0511 0.3497 0.1832 0.3923 
 762 0.0119 0.0115 0.1355 0.5469 0.1717 0.1225 
 763 0.0148 0.0235 0.0829 0.2978 0.2503 0.3306 
 764 0.0108 0.0147 0.1568 0.1774 0.4006 0.2397 
 765 0.0087 0.0127 0.0603 0.4317 0.3362 0.1505 
 766 0.0098 0.0126 0.1031 0.1393 0.3420 0.3932 
 767 0.0121 0.0179 0.2709 0.1094 0.2406 0.3491 
 768 0.0119 0.0113 0.1149 0.5650 0.1751 0.1218 
 769 0.0104 0.0189 0.0833 0.3807 0.1559 0.3508 
 770 0.0104 0.0140 0.1868 0.3421 0.3255 0.1211 
 771 0.0083 0.0907 0.0559 0.0898 0.4184 0.3369 
 772 0.0110 0.0526 0.1765 0.1510 0.2564 0.3526 
 773 0.0098 0.0149 0.0964 0.2326 0.4282 0.2181 
 774 0.0076 0.0158 0.0584 0.1490 0.2357 0.5335 
 775 0.0172 0.0122 0.1789 0.3803 0.1949 0.2165 
 776 0.0148 0.0188 0.2450 0.1263 0.4355 0.1595 
 777 0.0098 0.0355 0.0810 0.1633 0.4545 0.2560 
 778 0.0066 0.0217 0.0845 0.1378 0.3835 0.3659 
 779 0.0136 0.0152 0.1192 0.1894 0.3802 0.2825 
 780 0.0125 0.0119 0.0975 0.1202 0.2725 0.4854 
 781 0.0078 0.0444 0.0469 0.1084 0.4187 0.3738 
 782 0.0141 0.0155 0.1198 0.1907 0.3759 0.2840 
 783 0.0111 0.0138 0.1306 0.1947 0.3192 0.3306 
 784 0.0112 0.0171 0.3329 0.1633 0.2907 0.1849 
 785 0.0093 0.0191 0.1274 0.1667 0.3805 0.2971 
 786 0.0093 0.0163 0.1118 0.1492 0.2337 0.4798 
 787 0.0079 0.0219 0.0705 0.0758 0.2757 0.5482 
 788 0.0137 0.0293 0.1919 0.2531 0.2994 0.2126 
 789 0.0119 0.0145 0.4042 0.1428 0.2283 0.1982 
 790 0.0143 0.0136 0.1077 0.2488 0.1896 0.4260 
 791 0.0138 0.0138 0.2282 0.1420 0.3023 0.2999 
 792 0.0081 0.0349 0.0595 0.0863 0.3366 0.4747 
 793 0.0243 0.0312 0.0684 0.1631 0.1496 0.5633 
 794 0.0084 0.0180 0.2722 0.1809 0.2190 0.3015 
 795 0.0201 0.0174 0.0606 0.1706 0.1490 0.5824 
 796 0.0124 0.0203 0.3750 0.0811 0.1938 0.3173 
 797 0.0157 0.0237 0.0542 0.0842 0.1630 0.6592 
 798 0.2075 0.1439 0.2571 0.1370 0.1673 0.0872 
 799 0.0076 0.0250 0.4425 0.1085 0.2348 0.1816 
 800 0.0076 0.0566 0.0813 0.0582 0.1761 0.6204 
 801 0.0367 0.1399 0.2605 0.2660 0.1450 0.1519 
 802 0.0143 0.1211 0.2012 0.1652 0.1389 0.3592 
 803 0.0137 0.0372 0.0907 0.1457 0.1605 0.5521 
 804 0.0163 0.0872 0.1640 0.1125 0.3570 0.2630 
 805 0.0079 0.0220 0.0775 0.0739 0.0991 0.7197 
 806 0.0376 0.3087 0.1148 0.1790 0.1847 0.1750 
 807 0.0153 0.0304 0.0407 0.0640 0.1189 0.7307 
 808 0.0209 0.0706 0.0504 0.0782 0.2514 0.5286 
 809 0.0445 0.3802 0.0919 0.1102 0.2148 0.1585 
 810 0.0352 0.0202 0.1450 0.1826 0.2453 0.3718 
 811 0.0173 0.1214 0.0768 0.0903 0.1616 0.5327 
 812 0.0110 0.5541 0.0650 0.0727 0.2140 0.0834 
 813 0.0584 0.1459 0.3948 0.1807 0.1259 0.0943 
 814 0.0134 0.0920 0.0977 0.0725 0.5572 0.1672 
 815 0.0261 0.3928 0.0964 0.1654 0.1098 0.2095 
 816 0.0108 0.1054 0.2428 0.1149 0.1421 0.3841 
 817 0.0142 0.1224 0.1984 0.1648 0.1386 0.3616 
 818 0.0209 0.0201 0.5492 0.0893 0.1529 0.1676 
 819 0.0100 0.0254 0.2405 0.0695 0.3200 0.3346 
 820 0.0107 0.0306 0.4189 0.0787 0.1632 0.2979 
 821 0.0286 0.0139 0.2274 0.2086 0.3080 0.2135 
 822 0.0123 0.0228 0.0938 0.2286 0.5660 0.0765 
 823 0.0252 0.0165 0.2511 0.2694 0.1295 0.3083 
 824 0.0111 0.0151 0.1237 0.1536 0.4199 0.2767 
 825 0.0150 0.0171 0.1723 0.2997 0.3536 0.1424 
 826 0.0192 0.0150 0.2903 0.1057 0.4551 0.1148 
 827 0.0149 0.0138 0.1355 0.4110 0.2896 0.1352 
 828 0.0093 0.0129 0.0517 0.5465 0.2102 0.1695 
 829 0.0107 0.0401 0.0827 0.4119 0.2480 0.2066 
 830 0.0103 0.0114 0.0859 0.4994 0.2983 0.0947 
 831 0.0124 0.0172 0.0627 0.2533 0.4341 0.2203 
 832 0.0125 0.0820 0.3109 0.1760 0.1828 0.2358 
 833 0.0259 0.0375 0.4448 0.1363 0.1031 0.2523 
