   1 0.0114 0.0194 0.0525 0.1254 0.3468 0.1418 0.3027 
   2 0.0072 0.0092 0.0246 0.0824 0.1037 0.5735 0.1994 
   3 0.0105 0.0236 0.0308 0.0721 0.2812 0.1454 0.4363 
   4 0.0118 0.0219 0.3258 0.0966 0.2411 0.1704 0.1324 
   5 0.0104 0.0101 0.0302 0.0955 0.0873 0.5349 0.2316 
   6 0.0082 0.0104 0.0411 0.0650 0.0840 0.1104 0.6808 
   7 0.0094 0.0133 0.0289 0.3290 0.0904 0.1032 0.4258 
   8 0.0451 0.0248 0.2051 0.1065 0.1884 0.1168 0.3133 
   9 0.0211 0.0123 0.0302 0.1028 0.2188 0.2514 0.3634 
  10 0.0178 0.0121 0.1562 0.1092 0.1152 0.1050 0.4846 
  11 0.0061 0.0148 0.0244 0.3570 0.1042 0.1007 0.3927 
  12 0.0093 0.0098 0.0442 0.1076 0.1395 0.4327 0.2569 
  13 0.0128 0.0113 0.0295 0.1337 0.1845 0.2148 0.4134 
  14 0.0066 0.0216 0.0446 0.0614 0.1473 0.4934 0.2251 
  15 0.0083 0.0346 0.0781 0.1243 0.2646 0.2774 0.2126 
  16 0.0062 0.0143 0.0243 0.0916 0.1629 0.1132 0.5877 
  17 0.0226 0.0150 0.0389 0.0942 0.1501 0.2452 0.4339 
  18 0.0424 0.0273 0.0501 0.0595 0.1657 0.2861 0.3688 
  19 0.0079 0.0113 0.0328 0.0880 0.1314 0.1389 0.5898 
  20 0.0080 0.0248 0.0427 0.1716 0.1387 0.3510 0.2633 
  21 0.0079 0.0150 0.0708 0.0711 0.2420 0.3503 0.2430 
  22 0.0118 0.0107 0.0292 0.0624 0.1864 0.1118 0.5877 
  23 0.0243 0.0276 0.0416 0.0986 0.3794 0.2590 0.1694 
  24 0.0067 0.0151 0.0372 0.0809 0.3438 0.1279 0.3883 
  25 0.0099 0.0209 0.0243 0.1597 0.0753 0.2273 0.4826 
  26 0.0169 0.0169 0.0617 0.0869 0.2157 0.2415 0.3604 
  27 0.0101 0.0124 0.0374 0.0870 0.1808 0.2276 0.4447 
  28 0.0083 0.0152 0.2146 0.1565 0.1931 0.1378 0.2745 
  29 0.0056 0.0099 0.0224 0.1813 0.1702 0.3184 0.2922 
  30 0.0071 0.0120 0.0242 0.0593 0.1690 0.1528 0.5757 
  31 0.0310 0.0116 0.1372 0.1307 0.1151 0.2941 0.2803 
  32 0.0084 0.0197 0.0629 0.0837 0.2357 0.2201 0.3695 
  33 0.0064 0.0144 0.0257 0.1162 0.3005 0.1370 0.3998 
  34 0.0239 0.0192 0.1098 0.2296 0.0738 0.1031 0.4405 
  35 0.0435 0.0098 0.0198 0.0835 0.1568 0.3636 0.3230 
  36 0.0058 0.1255 0.0217 0.0701 0.2417 0.2670 0.2683 
  37 0.0104 0.0104 0.0344 0.0965 0.3645 0.2301 0.2537 
  38 0.0081 0.2938 0.0171 0.1902 0.1043 0.1604 0.2261 
  39 0.0138 0.0254 0.0269 0.1600 0.1389 0.2776 0.3574 
  40 0.0063 0.0200 0.0269 0.0534 0.4011 0.2604 0.2319 
  41 0.0146 0.0286 0.0177 0.1408 0.2633 0.2304 0.3047 
  42 0.0071 0.0553 0.0266 0.0787 0.5161 0.1342 0.1820 
  43 0.0117 0.0100 0.0268 0.1128 0.3108 0.3373 0.1906 
  44 0.0145 0.0087 0.0163 0.0754 0.2011 0.4128 0.2713 
  45 0.0104 0.0598 0.0170 0.0925 0.1368 0.4035 0.2799 
  46 0.0202 0.0124 0.0309 0.0977 0.0978 0.3241 0.4169 
  47 0.0735 0.0094 0.0314 0.1026 0.2025 0.1937 0.3868 
  48 0.0232 0.0125 0.0172 0.0541 0.2038 0.4526 0.2366 
  49 0.0214 0.0153 0.0252 0.1248 0.1978 0.3090 0.3065 
  50 0.0188 0.0129 0.0770 0.1422 0.0814 0.1922 0.4756 
  51 0.0056 0.1018 0.0180 0.0673 0.2631 0.3752 0.1691 
  52 0.0195 0.0147 0.0291 0.1611 0.1830 0.2130 0.3796 
  53 0.0092 0.1300 0.0390 0.1152 0.1582 0.1410 0.4074 
  54 0.0267 0.0075 0.0291 0.0994 0.2237 0.3876 0.2259 
  55 0.0109 0.0102 0.0231 0.0769 0.1503 0.5604 0.1682 
  56 0.0139 0.0258 0.0276 0.0605 0.2098 0.3885 0.2740 
  57 0.0521 0.0133 0.1096 0.1191 0.2095 0.1165 0.3799 
  58 0.0093 0.0207 0.0224 0.1052 0.2231 0.4115 0.2080 
  59 0.0118 0.0947 0.0250 0.1272 0.1828 0.2998 0.2587 
  60 0.0053 0.0307 0.0445 0.0722 0.3261 0.3466 0.1747 
  61 0.0055 0.0080 0.0325 0.0649 0.2234 0.5611 0.1046 
  62 0.0920 0.0115 0.0411 0.1044 0.1216 0.3124 0.3169 
  63 0.0052 0.0154 0.0301 0.1749 0.2799 0.2611 0.2334 
  64 0.0129 0.0306 0.0223 0.0938 0.1092 0.2352 0.4960 
  65 0.0093 0.0107 0.0211 0.3301 0.0769 0.2448 0.3072 
  66 0.0062 0.0117 0.0552 0.1283 0.2642 0.3557 0.1786 
  67 0.0107 0.0081 0.0199 0.0876 0.1356 0.5556 0.1826 
  68 0.0141 0.1024 0.0285 0.1179 0.2166 0.2776 0.2428 
  69 0.0248 0.2341 0.1332 0.1983 0.0877 0.1319 0.1900 
  70 0.0049 0.0449 0.0246 0.1783 0.3095 0.2223 0.2154 
  71 0.0097 0.0811 0.0177 0.1134 0.1009 0.4239 0.2533 
  72 0.0073 0.0253 0.0221 0.1003 0.1470 0.2406 0.4573 
  73 0.0097 0.0155 0.0198 0.1205 0.1111 0.5630 0.1605 
  74 0.0057 0.1073 0.0252 0.0623 0.3684 0.1926 0.2386 
  75 0.0076 0.0609 0.0260 0.0481 0.4776 0.1993 0.1805 
  76 0.0070 0.0109 0.0219 0.1836 0.1689 0.3631 0.2446 
  77 0.0076 0.0828 0.0161 0.1612 0.1904 0.2482 0.2938 
  78 0.0087 0.2534 0.0160 0.1667 0.1873 0.1654 0.2025 
  79 0.0068 0.0132 0.0290 0.1864 0.1176 0.1599 0.4871 
  80 0.0075 0.0107 0.0660 0.1097 0.5208 0.1036 0.1819 
  81 0.0078 0.0124 0.1008 0.1422 0.3614 0.1104 0.2649 
  82 0.0062 0.0118 0.0332 0.1384 0.2373 0.3829 0.1902 
  83 0.0057 0.0278 0.0756 0.1329 0.2806 0.1792 0.2982 
  84 0.0055 0.0142 0.0747 0.1700 0.2504 0.1430 0.3421 
  85 0.0061 0.0295 0.0797 0.0823 0.3003 0.1656 0.3365 
  86 0.0152 0.0131 0.0273 0.1180 0.1035 0.4736 0.2492 
  87 0.0076 0.0281 0.0357 0.3283 0.1346 0.1764 0.2893 
  88 0.0060 0.0116 0.0465 0.1695 0.3825 0.1785 0.2054 
  89 0.0081 0.0110 0.0689 0.1179 0.4276 0.1509 0.2157 
  90 0.0064 0.0123 0.0356 0.3252 0.1437 0.1964 0.2804 
  91 0.0057 0.0308 0.0762 0.0816 0.4657 0.1301 0.2099 
  92 0.0064 0.0122 0.0396 0.1686 0.1952 0.2415 0.3365 
  93 0.0063 0.0095 0.2714 0.0635 0.4065 0.1075 0.1353 
  94 0.0052 0.0565 0.0288 0.4310 0.1069 0.0991 0.2725 
  95 0.0062 0.0115 0.0455 0.3383 0.2744 0.1492 0.1749 
  96 0.0054 0.0089 0.0351 0.0770 0.3734 0.3911 0.1091 
  97 0.0079 0.0679 0.0294 0.0546 0.3727 0.2491 0.2184 
  98 0.0052 0.0106 0.0199 0.0747 0.2812 0.2970 0.3113 
  99 0.0063 0.0120 0.0718 0.1966 0.2368 0.1486 0.3277 
 100 0.0084 0.0081 0.0496 0.0523 0.5958 0.1770 0.1088 
 101 0.0088 0.0292 0.0442 0.2236 0.2257 0.2334 0.2350 
 102 0.0087 0.0249 0.0614 0.2018 0.3916 0.1603 0.1514 
 103 0.0106 0.0095 0.0832 0.1960 0.1469 0.3993 0.1546 
 104 0.0069 0.0098 0.0853 0.4000 0.0567 0.2492 0.1920 
 105 0.0102 0.0084 0.1282 0.3797 0.0762 0.2751 0.1221 
 106 0.0059 0.0177 0.0169 0.3374 0.0627 0.1497 0.4096 
 107 0.0081 0.0098 0.0730 0.3361 0.1338 0.2903 0.1488 
 108 0.0050 0.1735 0.0285 0.0615 0.0786 0.5350 0.1180 
 109 0.0384 0.0340 0.0218 0.3813 0.0629 0.2276 0.2341 
 110 0.0058 0.0187 0.0191 0.4830 0.0708 0.0968 0.3058 
 111 0.0075 0.0093 0.0312 0.5919 0.0772 0.1619 0.1210 
 112 0.0135 0.0165 0.0199 0.6127 0.0746 0.1207 0.1422 
 113 0.0084 0.0233 0.0378 0.1264 0.1490 0.4283 0.2268 
 114 0.0068 0.0084 0.1140 0.4242 0.0640 0.2166 0.1660 
 115 0.0082 0.0132 0.0268 0.4183 0.1319 0.2460 0.1555 
 116 0.0091 0.0406 0.0170 0.2680 0.0807 0.3210 0.2637 
 117 0.0093 0.0165 0.0202 0.5414 0.0969 0.0933 0.2224 
 118 0.0083 0.0150 0.0264 0.1954 0.0803 0.5428 0.1317 
 119 0.0049 0.0231 0.0360 0.1267 0.3850 0.2699 0.1544 
 120 0.0102 0.0116 0.0370 0.3875 0.1212 0.2572 0.1752 
 121 0.0195 0.0187 0.0204 0.4595 0.1012 0.2275 0.1533 
 122 0.0072 0.0139 0.0281 0.3361 0.0722 0.1714 0.3711 
 123 0.0062 0.0191 0.0367 0.4631 0.1024 0.1869 0.1856 
 124 0.0131 0.0191 0.0251 0.3330 0.0845 0.2605 0.2646 
 125 0.0094 0.0356 0.0212 0.3159 0.1318 0.1142 0.3720 
 126 0.0049 0.0201 0.0316 0.2819 0.1303 0.2597 0.2715 
 127 0.0062 0.0088 0.0304 0.5532 0.0833 0.2008 0.1173 
 128 0.0076 0.0081 0.0252 0.1587 0.0837 0.5610 0.1556 
 129 0.0143 0.0091 0.0273 0.3403 0.0672 0.3993 0.1424 
 130 0.0112 0.0090 0.0738 0.4028 0.1159 0.2064 0.1810 
 131 0.0123 0.1501 0.0215 0.2945 0.0758 0.1676 0.2783 
 132 0.0111 0.0136 0.0225 0.2643 0.0606 0.2832 0.3446 
 133 0.0103 0.0150 0.0414 0.3644 0.0984 0.3077 0.1628 
 134 0.0061 0.0122 0.0154 0.5816 0.0541 0.0945 0.2361 
 135 0.0116 0.0140 0.0795 0.0591 0.4205 0.3065 0.1088 
 136 0.0148 0.0101 0.2803 0.0467 0.3664 0.1207 0.1610 
 137 0.0067 0.0105 0.1246 0.1019 0.5667 0.0775 0.1121 
 138 0.0059 0.0141 0.5210 0.0470 0.1795 0.1008 0.1318 
 139 0.0073 0.0112 0.1300 0.0515 0.1328 0.5207 0.1465 
 140 0.0067 0.0141 0.1419 0.0857 0.3420 0.1975 0.2121 
 141 0.0107 0.0140 0.4338 0.0484 0.1316 0.1461 0.2154 
 142 0.0088 0.0129 0.1481 0.0549 0.3115 0.3565 0.1073 
 143 0.0050 0.0084 0.0967 0.0439 0.6732 0.0832 0.0895 
 144 0.0059 0.0096 0.0889 0.0960 0.6250 0.0803 0.0943 
 145 0.0186 0.0133 0.1367 0.0500 0.3276 0.2004 0.2533 
 146 0.0130 0.0151 0.2320 0.1022 0.2479 0.1519 0.2380 
 147 0.0077 0.0091 0.2605 0.0456 0.4925 0.0776 0.1069 
 148 0.0084 0.0094 0.3022 0.0778 0.2024 0.2300 0.1699 
 149 0.0110 0.0150 0.3581 0.0484 0.2494 0.1845 0.1335 
 150 0.0091 0.0097 0.1420 0.1428 0.4111 0.1398 0.1454 
 151 0.0067 0.0085 0.1232 0.0596 0.5669 0.1212 0.1139 
 152 0.0109 0.0203 0.2246 0.0645 0.2361 0.2677 0.1759 
 153 0.0063 0.0148 0.3964 0.0661 0.2163 0.1404 0.1596 
 154 0.0182 0.0097 0.4528 0.0453 0.1571 0.1879 0.1290 
 155 0.0056 0.0083 0.5496 0.0611 0.1491 0.1106 0.1157 
 156 0.0057 0.0088 0.2687 0.0741 0.3213 0.2282 0.0932 
 157 0.0055 0.0110 0.3908 0.1317 0.2170 0.0924 0.1516 
 158 0.0184 0.0145 0.1556 0.0510 0.3662 0.1490 0.2454 
 159 0.0101 0.0095 0.4695 0.0447 0.2800 0.0865 0.0998 
 160 0.0116 0.0093 0.5294 0.0445 0.1963 0.1074 0.1016 
 161 0.0061 0.0135 0.0629 0.0667 0.5593 0.1113 0.1802 
 162 0.0168 0.0133 0.2562 0.0894 0.1514 0.2248 0.2482 
 163 0.0055 0.0088 0.4826 0.0607 0.2129 0.1278 0.1017 
 164 0.0180 0.0108 0.3512 0.0840 0.1453 0.2014 0.1893 
 165 0.0074 0.0095 0.1187 0.1381 0.4961 0.1138 0.1165 
 166 0.0068 0.0348 0.3364 0.1281 0.1711 0.1747 0.1481 
 167 0.0217 0.0100 0.5692 0.0674 0.0842 0.1041 0.1434 
 168 0.0071 0.0384 0.3539 0.0565 0.2345 0.1455 0.1641 
 169 0.0210 0.0534 0.1016 0.0494 0.2891 0.1327 0.3528 
 170 0.0053 0.0089 0.0368 0.0611 0.6439 0.1360 0.1080 
 171 0.0077 0.0237 0.2833 0.0615 0.1894 0.2408 0.1935 
 172 0.0100 0.0620 0.1224 0.0473 0.3909 0.1793 0.1880 
 173 0.0093 0.0084 0.4976 0.0436 0.1899 0.1478 0.1034 
 174 0.0070 0.0091 0.4851 0.0637 0.1928 0.1043 0.1379 
 175 0.0090 0.0085 0.1225 0.0426 0.5592 0.0918 0.1663 
 176 0.0061 0.0094 0.0902 0.0955 0.6251 0.0800 0.0937 
 177 0.0070 0.0181 0.3361 0.1319 0.1622 0.1203 0.2244 
 178 0.0078 0.0090 0.4810 0.0610 0.1314 0.1130 0.1968 
 179 0.0058 0.0082 0.5879 0.0437 0.1512 0.0944 0.1087 
 180 0.0171 0.0153 0.1975 0.0762 0.3608 0.1341 0.1990 
 181 0.0122 0.0124 0.1024 0.0493 0.4614 0.2149 0.1474 
 182 0.0124 0.0089 0.1125 0.0469 0.5257 0.2010 0.0925 
 183 0.0078 0.0086 0.2237 0.0456 0.4868 0.1138 0.1137 
 184 0.0138 0.0134 0.0251 0.0722 0.1119 0.5150 0.2486 
 185 0.0055 0.0089 0.2990 0.0448 0.3627 0.2016 0.0775 
 186 0.0095 0.0083 0.0249 0.1147 0.1152 0.4157 0.3117 
 187 0.0061 0.0100 0.1285 0.0700 0.2320 0.3868 0.1666 
 188 0.0133 0.0078 0.0208 0.0913 0.0809 0.5330 0.2529 
 189 0.0057 0.0441 0.0583 0.0574 0.3383 0.2008 0.2953 
 190 0.0054 0.0075 0.0467 0.0450 0.2704 0.5530 0.0720 
 191 0.0097 0.0078 0.0401 0.0555 0.1335 0.5823 0.1712 
 192 0.0059 0.0096 0.0515 0.0952 0.3362 0.2777 0.2239 
 193 0.0065 0.0099 0.0422 0.0641 0.2743 0.3790 0.2240 
 194 0.0075 0.0104 0.0397 0.0876 0.3767 0.3050 0.1730 
 195 0.0076 0.0078 0.0881 0.0436 0.3577 0.4017 0.0935 
 196 0.0049 0.0099 0.0457 0.0586 0.2181 0.5651 0.0977 
 197 0.0087 0.0100 0.0851 0.1057 0.1461 0.3388 0.3056 
 198 0.0052 0.0129 0.0442 0.0889 0.2216 0.3062 0.3212 
 199 0.0064 0.0134 0.0271 0.0624 0.3101 0.4768 0.1038 
 200 0.0059 0.0178 0.0461 0.0523 0.1869 0.5250 0.1659 
 201 0.0057 0.0076 0.2902 0.0520 0.2073 0.3232 0.1139 
 202 0.0052 0.0074 0.0461 0.0618 0.5730 0.2188 0.0877 
 203 0.0084 0.0075 0.1617 0.0472 0.2960 0.3819 0.0973 
 204 0.0087 0.0074 0.0423 0.0460 0.2184 0.5841 0.0931 
 205 0.0067 0.0128 0.0371 0.0563 0.1651 0.5912 0.1309 
 206 0.0092 0.0075 0.0606 0.0474 0.1957 0.5646 0.1150 
 207 0.0065 0.0075 0.0231 0.0651 0.1540 0.6413 0.1025 
 208 0.0058 0.0075 0.1568 0.0502 0.1289 0.5465 0.1044 
 209 0.0069 0.0079 0.0374 0.0600 0.2092 0.4938 0.1847 
 210 0.0065 0.0074 0.0576 0.0584 0.1912 0.5641 0.1147 
 211 0.0090 0.0077 0.0407 0.0891 0.2668 0.4956 0.0910 
 212 0.0054 0.0086 0.0655 0.0468 0.5193 0.2096 0.1449 
 213 0.0062 0.0123 0.0294 0.1058 0.2572 0.4174 0.1717 
 214 0.0062 0.0073 0.0612 0.0498 0.4940 0.2752 0.1064 
 215 0.0060 0.0117 0.0350 0.0603 0.1079 0.6634 0.1157 
 216 0.0116 0.0116 0.0302 0.0828 0.1518 0.4286 0.2835 
 217 0.0055 0.0116 0.0731 0.0483 0.4271 0.3174 0.1169 
 218 0.0070 0.0118 0.0458 0.0659 0.1907 0.5252 0.1535 
 219 0.0126 0.0205 0.0831 0.0689 0.2750 0.2583 0.2816 
 220 0.0083 0.0074 0.0384 0.0527 0.1339 0.6480 0.1112 
 221 0.0055 0.0077 0.0324 0.0400 0.6924 0.1410 0.0809 
 222 0.0096 0.0115 0.0427 0.0833 0.2164 0.2838 0.3527 
 223 0.0052 0.0129 0.1457 0.0730 0.2885 0.2896 0.1851 
 224 0.0098 0.0074 0.0793 0.0494 0.3505 0.3889 0.1146 
 225 0.0065 0.0097 0.0422 0.0568 0.2286 0.5363 0.1199 
 226 0.0083 0.1008 0.0513 0.0664 0.2076 0.3907 0.1749 
 227 0.0059 0.0082 0.0587 0.0658 0.3296 0.4319 0.0999 
 228 0.0081 0.0082 0.0839 0.0431 0.3178 0.4560 0.0829 
 229 0.0111 0.0075 0.0716 0.0569 0.3972 0.3147 0.1409 
 230 0.0115 0.0076 0.0551 0.0530 0.3261 0.4293 0.1172 
 231 0.0089 0.0079 0.1100 0.0518 0.2611 0.3777 0.1826 
 232 0.0086 0.0145 0.0335 0.0787 0.4259 0.2492 0.1896 
 233 0.0063 0.0076 0.2799 0.0497 0.2700 0.2773 0.1092 
 234 0.0053 0.0097 0.0718 0.0778 0.2069 0.3696 0.2589 
 235 0.0059 0.0148 0.0524 0.0609 0.3709 0.3219 0.1732 
 236 0.0063 0.0100 0.0797 0.0618 0.3606 0.3354 0.1462 
 237 0.0080 0.0081 0.0305 0.0547 0.1293 0.6548 0.1145 
 238 0.0051 0.0075 0.0572 0.0668 0.4894 0.2401 0.1340 
 239 0.0082 0.0076 0.0857 0.0433 0.3590 0.4023 0.0940 
 240 0.0050 0.0075 0.0556 0.0674 0.4930 0.2380 0.1334 
 241 0.0072 0.0100 0.0525 0.0521 0.5552 0.2162 0.1068 
 242 0.0106 0.0183 0.0566 0.0502 0.2660 0.3679 0.2304 
 243 0.0055 0.0075 0.0477 0.0475 0.2147 0.5969 0.0803 
 244 0.0094 0.0074 0.0807 0.0478 0.3467 0.4060 0.1021 
 245 0.0050 0.0079 0.2408 0.0557 0.3744 0.2096 0.1065 
 246 0.0058 0.0115 0.0713 0.0483 0.4277 0.3185 0.1169 
 247 0.0052 0.0145 0.0227 0.1689 0.1053 0.4403 0.2430 
 248 0.0057 0.0089 0.0259 0.0716 0.0865 0.6796 0.1218 
 249 0.0074 0.0075 0.0425 0.0567 0.4627 0.2992 0.1241 
 250 0.0074 0.0096 0.0540 0.0696 0.3435 0.3476 0.1683 
 251 0.0067 0.0323 0.0448 0.0702 0.1517 0.4418 0.2524 
 252 0.0064 0.0106 0.0589 0.0628 0.3432 0.3690 0.1490 
 253 0.0053 0.0192 0.0274 0.1048 0.1806 0.4926 0.1700 
 254 0.0106 0.0092 0.0568 0.0731 0.1948 0.3818 0.2736 
 255 0.0067 0.0080 0.0513 0.0655 0.2851 0.3236 0.2597 
 256 0.0064 0.0090 0.0433 0.0563 0.3881 0.3754 0.1214 
 257 0.0149 0.0106 0.0471 0.0769 0.2672 0.4416 0.1417 
 258 0.0049 0.0097 0.0461 0.0773 0.1346 0.5666 0.1609 
 259 0.0084 0.0096 0.0377 0.0660 0.2563 0.4735 0.1485 
 260 0.0098 0.0099 0.0760 0.0768 0.3331 0.2054 0.2890 
 261 0.0054 0.0106 0.0845 0.0561 0.3717 0.3444 0.1272 
 262 0.0061 0.0109 0.0486 0.0412 0.4256 0.3856 0.0821 
 263 0.0173 0.0076 0.0323 0.0582 0.1150 0.6052 0.1644 
 264 0.0145 0.0119 0.0196 0.0743 0.0842 0.3308 0.4646 
 265 0.0057 0.0145 0.0836 0.0614 0.2177 0.4342 0.1828 
 266 0.0059 0.0074 0.0513 0.0411 0.6178 0.1945 0.0819 
 267 0.0061 0.0079 0.0487 0.0746 0.2919 0.3965 0.1744 
 268 0.0048 0.0101 0.0465 0.0591 0.2160 0.5674 0.0961 
 269 0.0058 0.0249 0.0927 0.0588 0.2319 0.2793 0.3066 
 270 0.0133 0.0091 0.0409 0.0774 0.1236 0.4663 0.2693 
 271 0.0060 0.0124 0.0421 0.0758 0.1405 0.5837 0.1395 
 272 0.0075 0.0942 0.0448 0.0702 0.1512 0.5000 0.1320 
 273 0.0340 0.0272 0.1030 0.0897 0.2458 0.2716 0.2287 
 274 0.0063 0.0187 0.0451 0.0679 0.1877 0.4836 0.1907 
 275 0.0125 0.0291 0.0951 0.0591 0.1580 0.4774 0.1687 
 276 0.0078 0.0615 0.0259 0.0782 0.1853 0.5132 0.1281 
 277 0.0059 0.0124 0.0728 0.0732 0.3360 0.2942 0.2055 
 278 0.0053 0.0121 0.0445 0.0565 0.1140 0.6629 0.1047 
 279 0.0063 0.0121 0.0527 0.0687 0.2543 0.4393 0.1666 
 280 0.0066 0.0224 0.0533 0.0582 0.2254 0.4128 0.2214 
 281 0.0064 0.0112 0.0464 0.0815 0.1909 0.4695 0.1942 
 282 0.0055 0.0104 0.1095 0.0651 0.4141 0.2187 0.1768 
 283 0.0060 0.0077 0.0986 0.0604 0.4910 0.2033 0.1330 
 284 0.0059 0.0101 0.0939 0.0956 0.2503 0.3771 0.1671 
 285 0.0063 0.0126 0.0191 0.0696 0.0740 0.6693 0.1491 
 286 0.0088 0.0076 0.0788 0.0474 0.3473 0.4087 0.1014 
 287 0.0061 0.0192 0.0682 0.0789 0.2505 0.3093 0.2678 
 288 0.0085 0.0605 0.0426 0.0625 0.1569 0.5195 0.1496 
 289 0.0088 0.0356 0.0399 0.0964 0.1451 0.5103 0.1639 
 290 0.0151 0.0109 0.0253 0.0603 0.2529 0.3955 0.2400 
 291 0.0059 0.0130 0.0423 0.0759 0.1412 0.5814 0.1403 
 292 0.0058 0.0263 0.0485 0.0529 0.3055 0.3883 0.1728 
 293 0.0076 0.0109 0.0243 0.0687 0.1318 0.4307 0.3259 
 294 0.0237 0.0104 0.0249 0.0567 0.1304 0.5868 0.1672 
 295 0.0089 0.0566 0.0616 0.0881 0.1543 0.4695 0.1610 
 296 0.0068 0.0117 0.0401 0.0656 0.1398 0.6184 0.1178 
 297 0.0070 0.0215 0.0369 0.0640 0.1995 0.4000 0.2711 
 298 0.0063 0.0100 0.0703 0.0737 0.3976 0.2304 0.2116 
 299 0.0237 0.0078 0.0397 0.0673 0.1654 0.4533 0.2429 
 300 0.0093 0.0097 0.0236 0.0528 0.1184 0.6510 0.1352 
 301 0.0133 0.0150 0.0392 0.0657 0.1216 0.4716 0.2736 
 302 0.0191 0.0105 0.0342 0.0562 0.0984 0.6351 0.1464 
 303 0.0087 0.0102 0.0647 0.0524 0.3783 0.3286 0.1571 
 304 0.0101 0.0084 0.2412 0.0907 0.1799 0.1487 0.3211 
 305 0.0095 0.0111 0.0767 0.0420 0.2306 0.5319 0.0982 
 306 0.0057 0.0152 0.0536 0.0538 0.4829 0.2437 0.1450 
 307 0.0087 0.0121 0.0440 0.0687 0.3306 0.3615 0.1744 
 308 0.0055 0.0105 0.0827 0.0552 0.3743 0.3442 0.1276 
 309 0.0318 0.0182 0.0608 0.0834 0.1201 0.5620 0.1237 
 310 0.0058 0.0072 0.0536 0.0482 0.3125 0.4752 0.0974 
 311 0.0114 0.0073 0.0536 0.0541 0.3265 0.4315 0.1156 
 312 0.0067 0.0075 0.0386 0.0650 0.1305 0.6489 0.1028 
 313 0.0066 0.0089 0.0231 0.0543 0.0953 0.7178 0.0941 
 314 0.0060 0.0114 0.3697 0.0445 0.3679 0.1099 0.0907 
 315 0.0054 0.0215 0.4808 0.0519 0.1993 0.1244 0.1166 
 316 0.0071 0.0321 0.5658 0.0533 0.1210 0.0883 0.1324 
 317 0.0060 0.0109 0.4655 0.0460 0.2931 0.0816 0.0969 
 318 0.0058 0.0101 0.6619 0.0438 0.1138 0.0648 0.0999 
 319 0.0068 0.0086 0.1675 0.0445 0.5875 0.0925 0.0926 
 320 0.0060 0.0116 0.3676 0.0452 0.3685 0.1096 0.0915 
 321 0.0065 0.0112 0.4920 0.0464 0.2614 0.0771 0.1053 
 322 0.0072 0.0321 0.3172 0.0573 0.3495 0.1141 0.1226 
 323 0.0089 0.0091 0.6141 0.0433 0.1526 0.0720 0.1001 
 324 0.0064 0.0116 0.4903 0.0470 0.2632 0.0762 0.1052 
 325 0.0057 0.0297 0.5958 0.0532 0.1085 0.0816 0.1255 
 326 0.0082 0.0402 0.5861 0.0535 0.1116 0.0801 0.1202 
 327 0.0061 0.0113 0.4634 0.0458 0.2942 0.0816 0.0975 
 328 0.0060 0.0231 0.2962 0.0551 0.3774 0.1131 0.1291 
 329 0.0057 0.0089 0.5275 0.0442 0.2466 0.0669 0.1003 
 330 0.0059 0.0114 0.4631 0.0459 0.2947 0.0808 0.0982 
 331 0.0058 0.0088 0.6161 0.0432 0.1525 0.0732 0.1005 
 332 0.0106 0.0341 0.5888 0.0530 0.1103 0.0788 0.1244 
 333 0.0086 0.0305 0.5454 0.0533 0.1502 0.0928 0.1193 
 334 0.0063 0.0237 0.2971 0.0555 0.3762 0.1126 0.1285 
 335 0.0058 0.0215 0.2655 0.0542 0.4377 0.1022 0.1131 
 336 0.0101 0.0113 0.5849 0.0445 0.1590 0.0924 0.0979 
 337 0.0063 0.0347 0.4244 0.0557 0.2485 0.0988 0.1316 
 338 0.0063 0.0105 0.6607 0.0434 0.1130 0.0636 0.1025 
 339 0.0056 0.0088 0.6151 0.0431 0.1541 0.0730 0.1003 
 340 0.0057 0.0086 0.6002 0.0430 0.1706 0.0780 0.0939 
 341 0.0113 0.0104 0.5828 0.0443 0.1792 0.0745 0.0975 
 342 0.0062 0.0109 0.4643 0.0459 0.2936 0.0810 0.0981 
 343 0.0120 0.0243 0.2386 0.0540 0.4341 0.1220 0.1150 
 344 0.0058 0.0088 0.6331 0.0432 0.1447 0.0647 0.0996 
 345 0.0061 0.0109 0.4614 0.0458 0.2971 0.0809 0.0979 
 346 0.0056 0.0099 0.6572 0.0439 0.1213 0.0669 0.0952 
 347 0.0057 0.0085 0.6169 0.0431 0.1631 0.0687 0.0939 
 348 0.0056 0.0198 0.1903 0.0515 0.4966 0.1355 0.1007 
 349 0.0060 0.0109 0.4649 0.0460 0.2948 0.0805 0.0970 
 350 0.0062 0.0085 0.4813 0.0434 0.2495 0.1143 0.0968 
 351 0.0057 0.0210 0.2694 0.0541 0.4343 0.1022 0.1133 
 352 0.0061 0.0326 0.3997 0.0565 0.2780 0.1083 0.1188 
 353 0.0101 0.0109 0.5891 0.0439 0.1573 0.0919 0.0968 
 354 0.0070 0.0093 0.6198 0.0442 0.1515 0.0660 0.1021 
 355 0.0058 0.0101 0.6641 0.0430 0.1121 0.0642 0.1006 
 356 0.0048 0.0183 0.0595 0.0499 0.6456 0.1240 0.0980 
 357 0.0055 0.0336 0.3157 0.0581 0.1492 0.1139 0.3240 
 358 0.0061 0.0233 0.5651 0.0529 0.1435 0.0831 0.1260 
 359 0.0063 0.0089 0.6138 0.0439 0.1546 0.0713 0.1012 
 360 0.0056 0.0100 0.6564 0.0432 0.1224 0.0681 0.0944 
 361 0.0055 0.0334 0.0802 0.0622 0.3672 0.1334 0.3181 
 362 0.0094 0.0478 0.0400 0.1108 0.1068 0.2793 0.4059 
 363 0.0073 0.0220 0.0240 0.1470 0.0876 0.1713 0.5407 
 364 0.0189 0.0145 0.0893 0.0983 0.2638 0.1606 0.3547 
 365 0.0287 0.0385 0.0294 0.0821 0.1029 0.1582 0.5603 
 366 0.0081 0.0317 0.0336 0.0648 0.1863 0.3266 0.3488 
 367 0.0055 0.0327 0.0190 0.3993 0.0642 0.0899 0.3894 
 368 0.0070 0.0124 0.0288 0.2019 0.1174 0.2558 0.3768 
 369 0.0112 0.0173 0.0476 0.0752 0.3596 0.1756 0.3135 
 370 0.0169 0.0195 0.0386 0.2949 0.1375 0.2645 0.2281 
 371 0.0166 0.0147 0.0445 0.0852 0.1534 0.2611 0.4245 
 372 0.0881 0.0258 0.0551 0.1546 0.1560 0.3309 0.1895 
 373 0.0074 0.0117 0.0296 0.2264 0.1931 0.1416 0.3902 
 374 0.0101 0.0271 0.0392 0.1150 0.3255 0.1385 0.3446 
 375 0.0220 0.0172 0.0251 0.1481 0.0791 0.1185 0.5900 
 376 0.0742 0.0231 0.0217 0.1050 0.0739 0.0762 0.6260 
 377 0.0083 0.0283 0.0490 0.1056 0.0863 0.3078 0.4147 
 378 0.0067 0.0126 0.1101 0.4106 0.1581 0.1327 0.1692 
 379 0.1556 0.0306 0.0206 0.1289 0.0698 0.0968 0.4976 
 380 0.0116 0.1013 0.0386 0.0548 0.2473 0.1347 0.4117 
 381 0.0127 0.0180 0.0256 0.0511 0.2620 0.1297 0.5010 
 382 0.0062 0.0133 0.0311 0.1274 0.0759 0.1057 0.6403 
 383 0.0239 0.1050 0.1753 0.0531 0.0872 0.1167 0.4388 
 384 0.0919 0.0319 0.0835 0.1161 0.1143 0.1014 0.4610 
 385 0.1132 0.0116 0.1532 0.1906 0.1030 0.1249 0.3035 
 386 0.0045 0.0173 0.0223 0.1328 0.0843 0.1205 0.6183 
 387 0.0057 0.0160 0.0365 0.1622 0.0857 0.1374 0.5564 
 388 0.0258 0.0210 0.0972 0.1482 0.2092 0.1283 0.3703 
 389 0.0179 0.0145 0.0292 0.0894 0.0839 0.6211 0.1441 
 390 0.0194 0.0850 0.0262 0.2836 0.1037 0.1772 0.3048 
 391 0.0258 0.0272 0.0304 0.2630 0.1733 0.2821 0.1980 
 392 0.0087 0.0140 0.0506 0.0944 0.1355 0.1425 0.5542 
 393 0.0102 0.1313 0.0369 0.0832 0.1866 0.1109 0.4410 
 394 0.0063 0.0308 0.1149 0.1539 0.1901 0.1442 0.3596 
 395 0.0048 0.0583 0.0258 0.1296 0.1008 0.3721 0.3087 
 396 0.0061 0.0095 0.0175 0.1348 0.0657 0.1312 0.6353 
 397 0.0894 0.0099 0.0449 0.0702 0.2230 0.2509 0.3117 
 398 0.0256 0.0645 0.0204 0.1632 0.0731 0.0894 0.5639 
 399 0.0060 0.0406 0.0244 0.4489 0.0919 0.1955 0.1927 
 400 0.0071 0.0127 0.0218 0.1607 0.1444 0.0929 0.5605 
 401 0.0051 0.0147 0.0280 0.3369 0.1433 0.1934 0.2785 
 402 0.0070 0.0120 0.0334 0.1456 0.1356 0.2832 0.3834 
 403 0.0105 0.0197 0.1296 0.1447 0.3138 0.1608 0.2209 
 404 0.0154 0.0108 0.0285 0.1122 0.1941 0.1684 0.4704 
 405 0.0053 0.0327 0.0301 0.0818 0.1537 0.2397 0.4567 
 406 0.0047 0.3152 0.0256 0.0575 0.2610 0.1853 0.1507 
 407 0.0049 0.0353 0.0176 0.0699 0.0700 0.0930 0.7094 
 408 0.0044 0.0099 0.0168 0.3226 0.0711 0.3977 0.1775 
 409 0.0113 0.0715 0.0261 0.0805 0.4772 0.0976 0.2357 
 410 0.0664 0.0316 0.0394 0.1755 0.1349 0.1337 0.4184 
 411 0.0198 0.0144 0.0912 0.0854 0.1296 0.1548 0.5049 
 412 0.0065 0.0113 0.0269 0.1664 0.1058 0.1992 0.4838 
 413 0.0055 0.0122 0.0921 0.1691 0.1478 0.1792 0.3941 
 414 0.0092 0.0093 0.0263 0.2269 0.0576 0.2529 0.4178 
 415 0.0060 0.0287 0.0189 0.0998 0.1222 0.1705 0.5540 
 416 0.0112 0.0132 0.0226 0.1634 0.2032 0.1487 0.4377 
 417 0.0069 0.1151 0.0210 0.1030 0.0930 0.1047 0.5563 
 418 0.0080 0.0111 0.0205 0.2440 0.0749 0.1055 0.5360 
 419 0.0207 0.0237 0.0564 0.1571 0.2607 0.1565 0.3249 
 420 0.0044 0.0143 0.0174 0.2933 0.1246 0.2575 0.2885 
 421 0.0078 0.0395 0.0212 0.1591 0.1054 0.1516 0.5153 
 422 0.0081 0.0598 0.0237 0.0704 0.1150 0.3570 0.3660 
 423 0.0119 0.0316 0.0370 0.1056 0.1077 0.2384 0.4677 
 424 0.0083 0.0536 0.0332 0.4164 0.1355 0.1577 0.1952 
 425 0.0706 0.0182 0.0518 0.1212 0.1343 0.1788 0.4250 
 426 0.0526 0.0549 0.0588 0.3141 0.1271 0.1320 0.2605 
 427 0.0057 0.0702 0.1175 0.1304 0.0688 0.0905 0.5169 
 428 0.0200 0.1634 0.0462 0.0705 0.2408 0.1884 0.2708 
 429 0.0062 0.0181 0.0183 0.1519 0.0637 0.0834 0.6584 
 430 0.0065 0.0863 0.0208 0.1008 0.0929 0.1033 0.5895 
 431 0.0195 0.0360 0.0551 0.3018 0.1195 0.2295 0.2386 
 432 0.0059 0.0124 0.0306 0.1936 0.1254 0.2375 0.3947 
 433 0.0128 0.0112 0.0742 0.1190 0.3293 0.2552 0.1982 
 434 0.0077 0.0115 0.0318 0.0753 0.2075 0.1783 0.4879 
 435 0.0050 0.1746 0.0200 0.1136 0.0693 0.1035 0.5141 
 436 0.0081 0.3414 0.0213 0.1800 0.1302 0.0719 0.2472 
 437 0.0084 0.0243 0.0213 0.0714 0.0745 0.1031 0.6970 
 438 0.0055 0.3283 0.0221 0.1791 0.1764 0.1218 0.1669 
 439 0.0058 0.2377 0.0238 0.1346 0.1100 0.0700 0.4181 
 440 0.0043 0.3193 0.0168 0.1369 0.0575 0.0961 0.3690 
 441 0.0061 0.0518 0.0341 0.1231 0.1737 0.0980 0.5133 
 442 0.0084 0.0126 0.0167 0.1667 0.0980 0.1449 0.5526 
 443 0.0053 0.0563 0.0178 0.4109 0.0852 0.2068 0.2176 
 444 0.0088 0.0274 0.0169 0.1471 0.0951 0.1565 0.5482 
 445 0.0367 0.0529 0.0257 0.0889 0.3096 0.1093 0.3769 
 446 0.0339 0.1319 0.0215 0.2929 0.0856 0.0626 0.3716 
 447 0.0100 0.2376 0.0258 0.1429 0.1713 0.1457 0.2667 
 448 0.0055 0.0404 0.0216 0.1059 0.0834 0.1329 0.6103 
 449 0.0061 0.0466 0.0290 0.0998 0.1370 0.1478 0.5337 
 450 0.0089 0.0141 0.0329 0.1272 0.1259 0.0682 0.6228 
 451 0.0057 0.0231 0.0172 0.3401 0.0589 0.2270 0.3279 
 452 0.0062 0.0228 0.0285 0.1072 0.1099 0.0762 0.6492 
 453 0.0052 0.0211 0.0209 0.2302 0.2147 0.3356 0.1723 
 454 0.0059 0.0563 0.0429 0.0948 0.1115 0.1188 0.5697 
 455 0.0048 0.3751 0.0184 0.1538 0.0902 0.1030 0.2547 
 456 0.0071 0.0700 0.0184 0.1415 0.0853 0.2373 0.4403 
 457 0.0064 0.0486 0.0218 0.0710 0.0856 0.0962 0.6703 
 458 0.0324 0.0542 0.0230 0.1345 0.1058 0.0757 0.5744 
 459 0.0051 0.0772 0.0302 0.3073 0.1910 0.0747 0.3144 
 460 0.0048 0.0619 0.0209 0.3768 0.0803 0.0826 0.3727 
 461 0.0064 0.0149 0.0214 0.4779 0.0749 0.0632 0.3412 
 462 0.0179 0.0294 0.0167 0.3242 0.0640 0.1718 0.3760 
 463 0.0050 0.3013 0.0246 0.1044 0.1602 0.2466 0.1579 
 464 0.0046 0.0740 0.0184 0.3155 0.0876 0.1473 0.3527 
 465 0.0072 0.0287 0.0222 0.4189 0.1061 0.1302 0.2868 
 466 0.0044 0.0745 0.0188 0.2479 0.0951 0.2637 0.2955 
 467 0.0063 0.0403 0.0276 0.2478 0.1462 0.1464 0.3852 
 468 0.0057 0.3287 0.0181 0.0619 0.0800 0.1402 0.3654 
 469 0.0050 0.4967 0.0210 0.0919 0.0800 0.0645 0.2409 
 470 0.0049 0.3006 0.0199 0.1642 0.0699 0.0826 0.3580 
 471 0.0078 0.0206 0.0203 0.1516 0.0987 0.3220 0.3790 
 472 0.0073 0.0183 0.0194 0.1618 0.1246 0.1899 0.4787 
 473 0.0054 0.0471 0.0301 0.0829 0.1261 0.1818 0.5266 
 474 0.0055 0.0223 0.0249 0.1111 0.1398 0.1182 0.5783 
 475 0.0057 0.0280 0.0331 0.3172 0.1660 0.1262 0.3237 
 476 0.0084 0.0325 0.0203 0.1467 0.1153 0.1033 0.5736 
 477 0.0070 0.0333 0.0230 0.4252 0.1470 0.1226 0.2420 
 478 0.0081 0.0216 0.0204 0.6423 0.0669 0.0802 0.1606 
 479 0.0049 0.0722 0.0198 0.1361 0.0690 0.0840 0.6139 
 480 0.0061 0.0549 0.0212 0.0811 0.0799 0.0786 0.6782 
 481 0.0077 0.0156 0.0200 0.0945 0.0863 0.2728 0.5031 
 482 0.0056 0.0259 0.0197 0.1408 0.0696 0.0710 0.6674 
 483 0.0062 0.3379 0.0245 0.1566 0.1042 0.0718 0.2988 
 484 0.0062 0.3139 0.0229 0.1435 0.1075 0.1848 0.2212 
 485 0.0048 0.5752 0.0196 0.1150 0.0700 0.0673 0.1481 
 486 0.0174 0.0124 0.0266 0.1351 0.1091 0.4463 0.2532 
 487 0.0166 0.0128 0.0636 0.1112 0.1820 0.2991 0.3148 
 488 0.0116 0.0129 0.0704 0.2534 0.1119 0.3502 0.1895 
 489 0.0158 0.0087 0.0317 0.0633 0.2967 0.2537 0.3302 
 490 0.0079 0.0143 0.0216 0.2963 0.0757 0.2949 0.2894 
 491 0.0181 0.0094 0.0314 0.0831 0.2308 0.4323 0.1949 
 492 0.0055 0.0109 0.0969 0.2667 0.2760 0.2052 0.1388 
 493 0.0203 0.0095 0.0599 0.0988 0.0760 0.5224 0.2131 
 494 0.0927 0.0174 0.0296 0.1092 0.2408 0.2873 0.2229 
 495 0.0437 0.0116 0.0673 0.3599 0.2031 0.1690 0.1454 
 496 0.0064 0.0129 0.0429 0.0845 0.4520 0.2168 0.1843 
 497 0.1000 0.0098 0.0816 0.0854 0.1378 0.3541 0.2312 
 498 0.0234 0.0139 0.0198 0.1873 0.2085 0.2604 0.2866 
 499 0.0622 0.0121 0.0758 0.0670 0.2717 0.2832 0.2281 
 500 0.0339 0.0192 0.0427 0.0759 0.1064 0.3526 0.3693 
 501 0.0143 0.0128 0.0434 0.1133 0.3035 0.1571 0.3557 
 502 0.0109 0.0119 0.0547 0.2540 0.3205 0.1266 0.2215 
 503 0.0082 0.0151 0.0247 0.0880 0.0961 0.1804 0.5876 
 504 0.0082 0.0120 0.0214 0.4175 0.1226 0.2354 0.1828 
 505 0.0104 0.0143 0.0297 0.0960 0.2366 0.4713 0.1417 
 506 0.0101 0.0094 0.0396 0.2352 0.3131 0.1935 0.1991 
 507 0.0080 0.0091 0.0640 0.0455 0.5905 0.1801 0.1029 
 508 0.0264 0.0090 0.0915 0.0603 0.4848 0.2245 0.1035 
 509 0.0094 0.0133 0.0515 0.0808 0.2504 0.4528 0.1418 
 510 0.0373 0.0094 0.0616 0.0912 0.3260 0.1636 0.3109 
 511 0.0161 0.0467 0.0215 0.1750 0.1454 0.2308 0.3645 
 512 0.0107 0.0133 0.0202 0.1249 0.0817 0.1494 0.5998 
 513 0.0245 0.0083 0.0315 0.3035 0.1217 0.4282 0.0824 
 514 0.0084 0.0123 0.0502 0.3284 0.1215 0.2504 0.2289 
 515 0.0175 0.0465 0.0806 0.0879 0.1715 0.2661 0.3299 
 516 0.0086 0.0150 0.0255 0.2584 0.1646 0.3740 0.1539 
 517 0.0072 0.0409 0.0470 0.1243 0.2278 0.2866 0.2662 
 518 0.0673 0.0088 0.1101 0.0653 0.1948 0.2048 0.3488 
 519 0.0055 0.0155 0.0278 0.4071 0.1763 0.1710 0.1968 
 520 0.0068 0.2196 0.0579 0.0537 0.3334 0.1959 0.1326 
 521 0.0069 0.0101 0.2666 0.1564 0.1429 0.2420 0.1751 
 522 0.0278 0.0243 0.0369 0.0835 0.0938 0.3287 0.4050 
 523 0.0082 0.0299 0.0491 0.1244 0.2833 0.3484 0.1568 
 524 0.0083 0.2576 0.0557 0.0808 0.1323 0.2349 0.2303 
 525 0.0757 0.0365 0.0725 0.0595 0.2694 0.2104 0.2759 
 526 0.0050 0.3692 0.0249 0.0545 0.1968 0.2275 0.1222 
 527 0.0754 0.0100 0.0402 0.1699 0.0989 0.1867 0.4190 
 528 0.0051 0.0081 0.3711 0.0752 0.1350 0.2692 0.1364 
 529 0.0928 0.0095 0.0569 0.1105 0.2011 0.3064 0.2228 
 530 0.0092 0.0229 0.0370 0.0796 0.1621 0.2464 0.4429 
 531 0.0084 0.0322 0.2720 0.0847 0.1428 0.1807 0.2793 
 532 0.0283 0.0091 0.2291 0.0944 0.1081 0.2845 0.2465 
 533 0.0585 0.0256 0.0405 0.0666 0.1212 0.3502 0.3375 
 534 0.0749 0.0110 0.0555 0.1068 0.1332 0.5221 0.0964 
 535 0.0051 0.0385 0.0247 0.1783 0.1937 0.3133 0.2464 
 536 0.0076 0.0496 0.0280 0.1082 0.3712 0.1432 0.2922 
 537 0.0065 0.0134 0.0279 0.0955 0.5506 0.1489 0.1572 
 538 0.0058 0.0204 0.0285 0.0691 0.3737 0.3055 0.1971 
 539 0.0050 0.0075 0.0393 0.0512 0.6328 0.1417 0.1225 
 540 0.0098 0.0295 0.1473 0.0648 0.1335 0.4102 0.2050 
 541 0.0088 0.0164 0.1669 0.1217 0.3329 0.1569 0.1965 
 542 0.0073 0.0480 0.0205 0.0798 0.1980 0.3593 0.2871 
 543 0.0086 0.0392 0.1031 0.2293 0.1779 0.3097 0.1322 
 544 0.0056 0.0234 0.0302 0.0809 0.2050 0.4580 0.1969 
 545 0.0058 0.2050 0.0180 0.1347 0.1270 0.3346 0.1749 
 546 0.0080 0.0120 0.0361 0.0859 0.2510 0.4134 0.1936 
 547 0.0061 0.0483 0.0272 0.1266 0.4072 0.2589 0.1257 
 548 0.0075 0.0097 0.0540 0.0682 0.3412 0.3520 0.1676 
 549 0.0067 0.0656 0.0290 0.0698 0.5763 0.0752 0.1774 
 550 0.0048 0.1982 0.0195 0.1449 0.2429 0.1802 0.2096 
 551 0.0063 0.0180 0.0397 0.0858 0.6189 0.0869 0.1443 
 552 0.0060 0.0109 0.0340 0.0560 0.3456 0.3698 0.1777 
 553 0.0080 0.0346 0.0532 0.1639 0.2945 0.3452 0.1006 
 554 0.0183 0.0202 0.1304 0.1301 0.1147 0.2640 0.3223 
 555 0.0102 0.0143 0.0348 0.0917 0.4903 0.2151 0.1435 
 556 0.0057 0.0114 0.0279 0.0732 0.3455 0.3336 0.2027 
 557 0.0055 0.1674 0.0337 0.1775 0.2211 0.1339 0.2608 
 558 0.0055 0.0286 0.0202 0.1514 0.0725 0.0637 0.6581 
 559 0.0080 0.0103 0.0246 0.1782 0.1202 0.3954 0.2633 
 560 0.0053 0.0465 0.0160 0.3918 0.0601 0.1031 0.3771 
 561 0.0064 0.0206 0.0204 0.1850 0.0774 0.2209 0.4692 
 562 0.0081 0.0295 0.0163 0.2564 0.0580 0.3099 0.3219 
 563 0.0076 0.0190 0.0264 0.3901 0.2874 0.0877 0.1818 
 564 0.0164 0.0180 0.0409 0.0877 0.0887 0.5196 0.2286 
 565 0.0052 0.0554 0.0205 0.0666 0.0830 0.0816 0.6877 
 566 0.0043 0.0353 0.0172 0.4046 0.0584 0.1131 0.3671 
 567 0.0102 0.0131 0.0201 0.0934 0.0768 0.5957 0.1907 
 568 0.0054 0.0252 0.0277 0.2150 0.1228 0.2639 0.3400 
 569 0.0083 0.0341 0.0394 0.1260 0.0956 0.2381 0.4585 
 570 0.0076 0.0257 0.0184 0.0966 0.0590 0.0863 0.7064 
 571 0.0057 0.0290 0.0277 0.4487 0.0890 0.1677 0.2320 
 572 0.0050 0.0281 0.0293 0.0617 0.3514 0.2935 0.2310 
 573 0.0135 0.1765 0.0342 0.0802 0.1055 0.3912 0.1990 
 574 0.0079 0.0229 0.0422 0.0649 0.1834 0.1393 0.5393 
 575 0.0059 0.0169 0.0330 0.2555 0.2160 0.1463 0.3263 
 576 0.0073 0.0262 0.0183 0.3808 0.0576 0.1114 0.3985 
 577 0.0074 0.0120 0.0287 0.0772 0.2120 0.1174 0.5453 
 578 0.0063 0.0464 0.0265 0.3039 0.0977 0.1527 0.3666 
 579 0.0111 0.0168 0.0278 0.1133 0.0715 0.2618 0.4977 
 580 0.0058 0.0206 0.0293 0.0779 0.1239 0.1107 0.6318 
 581 0.0051 0.0252 0.0268 0.1235 0.1016 0.1034 0.6143 
 582 0.0070 0.0457 0.0173 0.2051 0.0817 0.1342 0.5091 
 583 0.0502 0.0291 0.0322 0.3281 0.0856 0.1309 0.3438 
 584 0.0066 0.0182 0.0202 0.3120 0.0689 0.1219 0.4522 
 585 0.0067 0.0313 0.0207 0.2669 0.0855 0.1249 0.4639 
 586 0.0063 0.0115 0.0239 0.4538 0.1314 0.1946 0.1784 
 587 0.0109 0.0111 0.0174 0.1098 0.0700 0.2853 0.4956 
 588 0.0110 0.0080 0.0246 0.0525 0.0663 0.7487 0.0889 
 589 0.0067 0.1696 0.0228 0.1064 0.0670 0.2212 0.4064 
 590 0.0072 0.0095 0.0244 0.3249 0.0755 0.2973 0.2611 
 591 0.0053 0.0133 0.0279 0.3354 0.0967 0.1863 0.3350 
 592 0.0050 0.0299 0.0190 0.2082 0.0816 0.3759 0.2804 
 593 0.0061 0.0362 0.0332 0.1465 0.1388 0.2142 0.4250 
 594 0.0497 0.0164 0.0731 0.2311 0.1382 0.2237 0.2679 
 595 0.0243 0.0096 0.0182 0.1134 0.0664 0.1806 0.5874 
 596 0.0049 0.1379 0.0329 0.0904 0.0958 0.4785 0.1596 
 597 0.0069 0.0245 0.1823 0.4020 0.0946 0.1701 0.1197 
 598 0.0066 0.0354 0.0198 0.0890 0.0633 0.0728 0.7131 
 599 0.0059 0.0220 0.0174 0.2968 0.0636 0.2233 0.3711 
 600 0.0056 0.0191 0.0341 0.0742 0.1425 0.1681 0.5565 
 601 0.0049 0.0181 0.0165 0.1637 0.0757 0.1661 0.5551 
 602 0.0091 0.0136 0.0443 0.1192 0.2210 0.3221 0.2708 
 603 0.0060 0.0114 0.0502 0.1239 0.1795 0.3770 0.2521 
 604 0.0221 0.0670 0.0491 0.0875 0.1388 0.1642 0.4713 
 605 0.0063 0.0215 0.0274 0.1292 0.1073 0.2986 0.4097 
 606 0.0098 0.0185 0.0467 0.1231 0.2427 0.2604 0.2988 
 607 0.0086 0.0165 0.0722 0.0669 0.2545 0.1527 0.4285 
 608 0.0060 0.0204 0.1900 0.1222 0.2826 0.1121 0.2667 
 609 0.0083 0.0182 0.0220 0.0949 0.1620 0.1339 0.5606 
 610 0.0064 0.2352 0.0265 0.0784 0.1075 0.2219 0.3241 
 611 0.0080 0.0146 0.0463 0.1576 0.2084 0.3421 0.2230 
 612 0.0119 0.0756 0.0259 0.0692 0.1019 0.1199 0.5956 
 613 0.0347 0.0250 0.0341 0.0879 0.1139 0.2961 0.4083 
 614 0.0098 0.0171 0.0203 0.0562 0.0866 0.1551 0.6549 
 615 0.0062 0.0451 0.0322 0.0586 0.1512 0.1373 0.5695 
 616 0.0057 0.0105 0.0619 0.0832 0.1747 0.1526 0.5115 
 617 0.0310 0.0314 0.0345 0.1148 0.0703 0.2690 0.4489 
 618 0.0228 0.0880 0.1504 0.0579 0.1196 0.1888 0.3726 
 619 0.0048 0.0363 0.0454 0.1388 0.1758 0.2874 0.3116 
 620 0.0062 0.0230 0.0164 0.1826 0.0610 0.4709 0.2400 
 621 0.0080 0.0163 0.0229 0.2310 0.0888 0.1187 0.5144 
 622 0.0244 0.0651 0.0786 0.0733 0.1038 0.3302 0.3246 
 623 0.0053 0.0210 0.0243 0.1511 0.0941 0.3435 0.3607 
 624 0.0122 0.0571 0.1485 0.0794 0.1057 0.1029 0.4942 
 625 0.0184 0.0287 0.1031 0.1522 0.1494 0.1171 0.4311 
 626 0.0287 0.0862 0.1725 0.0533 0.2579 0.1885 0.2129 
 627 0.0054 0.0131 0.0308 0.1126 0.1113 0.3113 0.4155 
 628 0.0068 0.0142 0.0326 0.1507 0.1064 0.3782 0.3111 
 629 0.0065 0.0119 0.0343 0.1546 0.1495 0.2352 0.4081 
 630 0.0142 0.0266 0.0326 0.1040 0.1087 0.1252 0.5887 
 631 0.0067 0.0121 0.0300 0.0691 0.1173 0.1484 0.6163 
 632 0.0075 0.0147 0.0583 0.0654 0.2895 0.3312 0.2335 
 633 0.0098 0.0291 0.0538 0.0923 0.1596 0.1427 0.5127 
 634 0.0073 0.0157 0.0583 0.0940 0.2227 0.2684 0.3337 
 635 0.0059 0.0160 0.0680 0.0659 0.4360 0.1474 0.2608 
 636 0.0079 0.0210 0.1235 0.1039 0.1494 0.1225 0.4719 
 637 0.0074 0.0189 0.0298 0.1035 0.2353 0.3533 0.2517 
 638 0.0068 0.0141 0.0474 0.1288 0.1787 0.2272 0.3970 
 639 0.0096 0.0201 0.0487 0.0596 0.1397 0.1920 0.5301 
 640 0.0094 0.0134 0.0429 0.2952 0.0982 0.1355 0.4054 
 641 0.0133 0.0134 0.0337 0.0808 0.1366 0.2317 0.4905 
 642 0.0067 0.0140 0.0617 0.0786 0.4753 0.1707 0.1930 
 643 0.0061 0.0091 0.3459 0.0910 0.2817 0.1053 0.1608 
 644 0.0073 0.0111 0.2609 0.1147 0.2774 0.1669 0.1617 
 645 0.0194 0.0916 0.1304 0.0468 0.3585 0.1394 0.2140 
 646 0.0117 0.0124 0.0410 0.1260 0.2060 0.3551 0.2478 
 647 0.0151 0.0087 0.0378 0.1489 0.4569 0.1644 0.1681 
 648 0.1817 0.0139 0.1151 0.0585 0.1293 0.3484 0.1532 
 649 0.0142 0.0118 0.0394 0.0779 0.2362 0.4782 0.1424 
 650 0.0068 0.0110 0.0499 0.1387 0.2379 0.3734 0.1822 
 651 0.0594 0.0085 0.2469 0.0886 0.1321 0.2677 0.1967 
 652 0.0083 0.0102 0.1515 0.0802 0.3812 0.1793 0.1892 
 653 0.1091 0.0172 0.0875 0.0645 0.3485 0.2106 0.1626 
 654 0.0141 0.0101 0.0329 0.0777 0.5639 0.1639 0.1374 
 655 0.0059 0.0120 0.2394 0.1642 0.2369 0.1444 0.1972 
 656 0.0245 0.0166 0.0783 0.0731 0.2096 0.4308 0.1671 
 657 0.0832 0.0155 0.0951 0.0821 0.1793 0.1607 0.3840 
 658 0.0125 0.0222 0.1691 0.1875 0.1160 0.2409 0.2518 
 659 0.0215 0.0165 0.1012 0.0749 0.3821 0.2224 0.1814 
 660 0.0157 0.0100 0.0890 0.0699 0.4505 0.2266 0.1385 
 661 0.0133 0.0187 0.1246 0.0603 0.4182 0.2060 0.1589 
 662 0.0126 0.0120 0.0357 0.0803 0.1669 0.5756 0.1170 
 663 0.0056 0.0098 0.2678 0.0787 0.2157 0.2415 0.1809 
 664 0.0096 0.0251 0.1634 0.2554 0.1527 0.1474 0.2464 
 665 0.0057 0.0082 0.0605 0.0657 0.1331 0.5915 0.1354 
 666 0.0068 0.0128 0.1989 0.0715 0.1983 0.3141 0.1975 
 667 0.0475 0.0144 0.0776 0.1732 0.1188 0.3752 0.1933 
 668 0.0075 0.0132 0.1496 0.0811 0.2604 0.2266 0.2615 
 669 0.0636 0.0102 0.1111 0.0784 0.2123 0.3656 0.1588 
 670 0.0059 0.0094 0.4487 0.0510 0.2406 0.1382 0.1062 
 671 0.0064 0.0099 0.0933 0.0698 0.5026 0.1821 0.1359 
 672 0.0048 0.0259 0.0923 0.1131 0.5320 0.0994 0.1323 
 673 0.0138 0.0095 0.4912 0.0450 0.2683 0.0714 0.1008 
 674 0.0061 0.0098 0.0932 0.0500 0.5201 0.1434 0.1773 
 675 0.0059 0.0095 0.0917 0.0958 0.6233 0.0800 0.0937 
 676 0.0061 0.0091 0.1530 0.0457 0.6056 0.0727 0.1078 
 677 0.0049 0.0081 0.0365 0.0432 0.6922 0.1317 0.0835 
 678 0.0289 0.0104 0.4154 0.0524 0.3245 0.0651 0.1033 
 679 0.0066 0.0104 0.4632 0.0502 0.1867 0.0957 0.1872 
 680 0.0120 0.0154 0.4257 0.0495 0.2349 0.1144 0.1482 
 681 0.0108 0.0344 0.0877 0.0652 0.2361 0.3406 0.2252 
 682 0.0064 0.0132 0.0905 0.0490 0.6187 0.0782 0.1439 
 683 0.0057 0.0099 0.2653 0.0505 0.4547 0.1159 0.0981 
 684 0.0233 0.0109 0.1120 0.0516 0.6258 0.0699 0.1065 
 685 0.0056 0.0085 0.1052 0.0444 0.6702 0.0752 0.0908 
 686 0.0056 0.0114 0.0341 0.0489 0.6630 0.1216 0.1153 
 687 0.0056 0.0093 0.1691 0.0657 0.3873 0.2394 0.1236 
 688 0.0060 0.0092 0.0979 0.0616 0.5913 0.1010 0.1330 
 689 0.0061 0.0091 0.3993 0.0441 0.3653 0.0824 0.0937 
 690 0.0058 0.0089 0.1497 0.0454 0.6102 0.0720 0.1080 
 691 0.0060 0.0099 0.0486 0.0484 0.6341 0.0910 0.1619 
 692 0.0184 0.0098 0.4720 0.0659 0.1994 0.0961 0.1384 
 693 0.0060 0.0093 0.3677 0.0916 0.2877 0.0842 0.1534 
 694 0.0049 0.0085 0.2011 0.0428 0.5769 0.0814 0.0844 
 695 0.0050 0.0200 0.0460 0.0504 0.6912 0.0800 0.1073 
 696 0.0061 0.0093 0.0961 0.0621 0.5908 0.1023 0.1333 
 697 0.0079 0.0093 0.4781 0.0436 0.2540 0.1094 0.0976 
 698 0.0060 0.0087 0.1335 0.0453 0.6190 0.0801 0.1074 
 699 0.0044 0.0180 0.0337 0.0472 0.6896 0.1103 0.0967 
 700 0.0064 0.0099 0.0653 0.0917 0.6260 0.0992 0.1014 
 701 0.0561 0.0293 0.1415 0.0583 0.4530 0.1225 0.1393 
 702 0.0092 0.0152 0.2031 0.0672 0.3829 0.1483 0.1742 
 703 0.0065 0.0132 0.0833 0.0489 0.6169 0.0899 0.1413 
 704 0.0057 0.0087 0.3040 0.0604 0.3607 0.1412 0.1193 
 705 0.0295 0.0514 0.2611 0.0686 0.1420 0.3097 0.1376 
 706 0.0070 0.0115 0.0533 0.0443 0.6866 0.0832 0.1140 
 707 0.0184 0.0096 0.1606 0.0450 0.5600 0.1070 0.0995 
 708 0.0078 0.0091 0.1228 0.0463 0.6165 0.0953 0.1022 
 709 0.0048 0.0081 0.0338 0.0495 0.7398 0.0740 0.0900 
 710 0.0053 0.0081 0.0519 0.0416 0.7408 0.0637 0.0886 
 711 0.0066 0.0114 0.0702 0.0447 0.6224 0.1357 0.1090 
 712 0.0056 0.0079 0.0332 0.0407 0.7261 0.1080 0.0785 
 713 0.0054 0.0084 0.0732 0.0599 0.6413 0.1038 0.1080 
 714 0.0090 0.0105 0.1247 0.0541 0.4828 0.1324 0.1864 
 715 0.0048 0.0078 0.0372 0.0400 0.7455 0.0832 0.0815 
 716 0.0054 0.0113 0.0371 0.0448 0.7222 0.0682 0.1110 
 717 0.0053 0.0087 0.1912 0.0427 0.5753 0.0863 0.0905 
 718 0.0100 0.0124 0.0825 0.0481 0.5683 0.1623 0.1164 
 719 0.0060 0.0079 0.0341 0.0428 0.7520 0.0747 0.0824 
 720 0.0052 0.0132 0.0237 0.1493 0.0968 0.2116 0.5001 
 721 0.0058 0.0126 0.0438 0.0488 0.5039 0.0920 0.2932 
 722 0.0066 0.0216 0.0242 0.0708 0.1610 0.1641 0.5518 
 723 0.0071 0.0117 0.0336 0.0636 0.1161 0.1095 0.6582 
 724 0.0108 0.0100 0.1562 0.0726 0.0877 0.1186 0.5441 
 725 0.0096 0.0088 0.1659 0.0861 0.1110 0.2469 0.3716 
 726 0.0098 0.0144 0.0975 0.0628 0.0695 0.2572 0.4889 
 727 0.0105 0.0196 0.1594 0.0677 0.1215 0.3248 0.2965 
