   1 0.3163 0.3743 0.3094 
   2 0.0462 0.9061 0.0477 
   3 0.6313 0.1805 0.1881 
   4 0.0384 0.1915 0.7700 
   5 0.0523 0.9054 0.0422 
   6 0.8439 0.1190 0.0371 
   7 0.1473 0.8184 0.0343 
   8 0.2962 0.3729 0.3308 
   9 0.4832 0.3966 0.1202 
  10 0.4397 0.4405 0.1199 
  11 0.2503 0.7109 0.0388 
  12 0.0697 0.8569 0.0733 
  13 0.1134 0.8181 0.0684 
  14 0.0904 0.7426 0.1670 
  15 0.0837 0.7117 0.2046 
  16 0.6633 0.2746 0.0620 
  17 0.2578 0.6704 0.0718 
  18 0.5783 0.2514 0.1703 
  19 0.5840 0.3617 0.0543 
  20 0.1093 0.8304 0.0603 
  21 0.1713 0.4574 0.3713 
  22 0.8084 0.1258 0.0658 
  23 0.0648 0.5879 0.3473 
  24 0.4819 0.2957 0.2225 
  25 0.1088 0.8611 0.0301 
  26 0.3127 0.5324 0.1549 
  27 0.2805 0.6126 0.1069 
  28 0.1832 0.5161 0.3007 
  29 0.0878 0.8536 0.0585 
  30 0.8244 0.1176 0.0580 
  31 0.1428 0.7216 0.1356 
  32 0.1879 0.6128 0.1993 
  33 0.5955 0.2201 0.1844 
  34 0.5251 0.4245 0.0504 
  35 0.5404 0.3794 0.0802 
  36 0.7059 0.1557 0.1383 
  37 0.1203 0.5793 0.3004 
  38 0.8479 0.1214 0.0307 
  39 0.6896 0.2549 0.0555 
  40 0.1387 0.2396 0.6217 
  41 0.6695 0.2138 0.1167 
  42 0.2099 0.1068 0.6833 
  43 0.0718 0.6737 0.2544 
  44 0.4403 0.4320 0.1277 
  45 0.6726 0.2721 0.0553 
  46 0.6598 0.2968 0.0435 
  47 0.6302 0.2792 0.0906 
  48 0.4405 0.3891 0.1704 
  49 0.5405 0.3610 0.0985 
  50 0.6710 0.2223 0.1067 
  51 0.4532 0.2414 0.3054 
  52 0.7213 0.2171 0.0616 
  53 0.8378 0.0980 0.0642 
  54 0.0956 0.7803 0.1241 
  55 0.0602 0.8303 0.1095 
  56 0.5917 0.2580 0.1503 
  57 0.3189 0.5130 0.1681 
  58 0.2166 0.6594 0.1240 
  59 0.6838 0.2400 0.0763 
  60 0.1511 0.3162 0.5327 
  61 0.0401 0.6524 0.3075 
  62 0.5282 0.4058 0.0660 
  63 0.1860 0.6258 0.1883 
  64 0.8008 0.1607 0.0385 
  65 0.1381 0.8364 0.0255 
  66 0.0483 0.6970 0.2547 
  67 0.0621 0.8592 0.0787 
  68 0.6448 0.2495 0.1057 
  69 0.4653 0.3621 0.1727 
  70 0.2234 0.6008 0.1759 
  71 0.6445 0.3100 0.0455 
  72 0.7701 0.1733 0.0566 
  73 0.0972 0.8491 0.0537 
  74 0.6267 0.1248 0.2485 
  75 0.2012 0.1299 0.6689 
  76 0.1092 0.8181 0.0726 
  77 0.6942 0.2373 0.0685 
  78 0.7859 0.1478 0.0663 
  79 0.1173 0.8446 0.0381 
  80 0.0899 0.2599 0.6502 
  81 0.1287 0.4463 0.4249 
  82 0.0475 0.8338 0.1187 
  83 0.1520 0.5450 0.3031 
  84 0.1177 0.6913 0.1909 
  85 0.1523 0.4477 0.4000 
  86 0.1331 0.8118 0.0551 
  87 0.0949 0.8562 0.0489 
  88 0.0526 0.6917 0.2557 
  89 0.0590 0.4872 0.4538 
  90 0.0586 0.8993 0.0421 
  91 0.0784 0.2107 0.7109 
  92 0.0747 0.8429 0.0823 
  93 0.0325 0.0765 0.8910 
  94 0.5675 0.3908 0.0417 
  95 0.0453 0.8512 0.1035 
  96 0.0405 0.4695 0.4900 
  97 0.3368 0.1693 0.4939 
  98 0.2032 0.6141 0.1826 
  99 0.0859 0.7648 0.1493 
 100 0.0289 0.1305 0.8406 
 101 0.0558 0.8508 0.0934 
 102 0.0967 0.4950 0.4083 
 103 0.0400 0.7933 0.1668 
 104 0.0539 0.8986 0.0475 
 105 0.0346 0.8740 0.0914 
 106 0.3685 0.6100 0.0215 
 107 0.0486 0.8614 0.0900 
 108 0.1138 0.8268 0.0594 
 109 0.2044 0.7737 0.0219 
 110 0.4231 0.5506 0.0263 
 111 0.0550 0.9189 0.0262 
 112 0.2427 0.7334 0.0239 
 113 0.1449 0.7497 0.1053 
 114 0.0526 0.8893 0.0581 
 115 0.0531 0.8984 0.0485 
 116 0.2701 0.7031 0.0268 
 117 0.2596 0.7023 0.0382 
 118 0.0434 0.9221 0.0345 
 119 0.0736 0.4732 0.4532 
 120 0.0637 0.8962 0.0401 
 121 0.0704 0.8871 0.0425 
 122 0.2962 0.6747 0.0291 
 123 0.1200 0.8381 0.0419 
 124 0.5506 0.4091 0.0402 
 125 0.6742 0.2794 0.0464 
 126 0.2606 0.6817 0.0577 
 127 0.0490 0.9211 0.0299 
 128 0.0403 0.9226 0.0371 
 129 0.0324 0.9385 0.0291 
 130 0.0575 0.8847 0.0578 
 131 0.5991 0.3638 0.0371 
 132 0.1707 0.8031 0.0262 
 133 0.0588 0.8981 0.0431 
 134 0.4410 0.5422 0.0168 
 135 0.0417 0.1691 0.7893 
 136 0.0385 0.0892 0.8722 
 137 0.0347 0.1206 0.8446 
 138 0.0345 0.0545 0.9110 
 139 0.0629 0.2588 0.6783 
 140 0.1089 0.2306 0.6605 
 141 0.0625 0.0878 0.8497 
 142 0.0378 0.1244 0.8378 
 143 0.0241 0.0520 0.9239 
 144 0.0307 0.1146 0.8547 
 145 0.0912 0.1734 0.7353 
 146 0.0946 0.3016 0.6038 
 147 0.0274 0.0529 0.9197 
 148 0.0474 0.1645 0.7881 
 149 0.0395 0.0669 0.8936 
 150 0.0464 0.2855 0.6681 
 151 0.0319 0.0888 0.8793 
 152 0.0575 0.2100 0.7325 
 153 0.0519 0.0795 0.8685 
 154 0.0335 0.0961 0.8705 
 155 0.0273 0.0677 0.9051 
 156 0.0261 0.0982 0.8757 
 157 0.0577 0.1742 0.7682 
 158 0.0899 0.1447 0.7654 
 159 0.0254 0.0573 0.9173 
 160 0.0258 0.0644 0.9098 
 161 0.0659 0.1272 0.8069 
 162 0.1049 0.3915 0.5035 
 163 0.0262 0.0619 0.9119 
 164 0.0619 0.4565 0.4816 
 165 0.0401 0.2299 0.7300 
 166 0.0727 0.2451 0.6822 
 167 0.0513 0.1962 0.7526 
 168 0.0573 0.0812 0.8615 
 169 0.4618 0.1105 0.4278 
 170 0.0321 0.1046 0.8634 
 171 0.0587 0.2540 0.6873 
 172 0.1520 0.0649 0.7831 
 173 0.0244 0.0677 0.9079 
 174 0.0334 0.0817 0.8850 
 175 0.0337 0.0618 0.9045 
 176 0.0306 0.1133 0.8561 
 177 0.1264 0.2625 0.6111 
 178 0.0481 0.1163 0.8356 
 179 0.0242 0.0519 0.9238 
 180 0.0827 0.1754 0.7419 
 181 0.0486 0.1229 0.8284 
 182 0.0245 0.1075 0.8681 
 183 0.0271 0.0639 0.9090 
 184 0.1068 0.8257 0.0675 
 185 0.0200 0.0536 0.9264 
 186 0.0886 0.8590 0.0525 
 187 0.0698 0.4690 0.4612 
 188 0.0629 0.8995 0.0376 
 189 0.2546 0.3439 0.4016 
 190 0.0226 0.1749 0.8025 
 191 0.0433 0.8350 0.1217 
 192 0.0682 0.5962 0.3355 
 193 0.0799 0.6288 0.2914 
 194 0.0527 0.6386 0.3087 
 195 0.0249 0.1024 0.8727 
 196 0.0431 0.4415 0.5153 
 197 0.2232 0.6392 0.1376 
 198 0.1162 0.7186 0.1652 
 199 0.0371 0.4839 0.4790 
 200 0.0766 0.6141 0.3093 
 201 0.0325 0.1091 0.8583 
 202 0.0231 0.1528 0.8242 
 203 0.0272 0.1299 0.8429 
 204 0.0289 0.3476 0.6235 
 205 0.0591 0.7495 0.1914 
 206 0.0346 0.4341 0.5313 
 207 0.0314 0.8253 0.1432 
 208 0.0425 0.3721 0.5854 
 209 0.0544 0.7555 0.1901 
 210 0.0382 0.4294 0.5324 
 211 0.0275 0.7595 0.2130 
 212 0.0439 0.1177 0.8383 
 213 0.0744 0.7335 0.1921 
 214 0.0301 0.1111 0.8588 
 215 0.0392 0.8766 0.0843 
 216 0.1143 0.7899 0.0959 
 217 0.0417 0.1269 0.8314 
 218 0.0582 0.6694 0.2724 
 219 0.2019 0.4659 0.3322 
 220 0.0342 0.8005 0.1653 
 221 0.0214 0.0610 0.9176 
 222 0.2146 0.6216 0.1638 
 223 0.0887 0.3086 0.6027 
 224 0.0313 0.2291 0.7396 
 225 0.0475 0.5462 0.4062 
 226 0.1944 0.5625 0.2431 
 227 0.0308 0.4056 0.5636 
 228 0.0234 0.1123 0.8643 
 229 0.0395 0.2361 0.7244 
 230 0.0349 0.3429 0.6222 
 231 0.0591 0.3019 0.6391 
 232 0.0878 0.4315 0.4806 
 233 0.0280 0.0953 0.8767 
 234 0.0897 0.6619 0.2484 
 235 0.0940 0.3723 0.5337 
 236 0.0597 0.3039 0.6364 
 237 0.0323 0.7302 0.2375 
 238 0.0387 0.1549 0.8064 
 239 0.0248 0.1053 0.8699 
 240 0.0400 0.1596 0.8004 
 241 0.0297 0.1164 0.8539 
 242 0.1162 0.4713 0.4125 
 243 0.0294 0.3259 0.6447 
 244 0.0305 0.1653 0.8042 
 245 0.0256 0.0773 0.8971 
 246 0.0413 0.1248 0.8339 
 247 0.1174 0.8352 0.0474 
 248 0.0363 0.9067 0.0570 
 249 0.0367 0.2304 0.7329 
 250 0.0585 0.5133 0.4282 
 251 0.1040 0.7683 0.1278 
 252 0.0626 0.3844 0.5530 
 253 0.0659 0.8208 0.1132 
 254 0.1350 0.6577 0.2073 
 255 0.0893 0.6131 0.2976 
 256 0.0408 0.2284 0.7308 
 257 0.0400 0.7035 0.2565 
 258 0.0526 0.8169 0.1304 
 259 0.0405 0.7723 0.1872 
 260 0.1517 0.4617 0.3865 
 261 0.0554 0.2095 0.7351 
 262 0.0271 0.0955 0.8775 
 263 0.0524 0.7632 0.1845 
 264 0.6522 0.3102 0.0376 
 265 0.1052 0.5693 0.3255 
 266 0.0223 0.0660 0.9117 
 267 0.0530 0.5935 0.3534 
 268 0.0440 0.4440 0.5121 
 269 0.2113 0.4522 0.3365 
 270 0.0895 0.7986 0.1118 
 271 0.0431 0.8430 0.1139 
 272 0.1208 0.7230 0.1562 
 273 0.1091 0.2920 0.5988 
 274 0.0854 0.7385 0.1761 
 275 0.1176 0.5179 0.3645 
 276 0.0967 0.7731 0.1303 
 277 0.0922 0.3922 0.5156 
 278 0.0447 0.8114 0.1439 
 279 0.0670 0.5602 0.3727 
 280 0.2237 0.4377 0.3386 
 281 0.0569 0.7646 0.1786 
 282 0.0697 0.2147 0.7156 
 283 0.0382 0.1358 0.8261 
 284 0.0584 0.5815 0.3600 
 285 0.0660 0.8954 0.0386 
 286 0.0295 0.1670 0.8036 
 287 0.1357 0.5712 0.2932 
 288 0.1288 0.7119 0.1592 
 289 0.1097 0.6934 0.1970 
 290 0.3604 0.3988 0.2408 
 291 0.0440 0.8436 0.1124 
 292 0.1604 0.3033 0.5363 
 293 0.5588 0.3386 0.1026 
 294 0.0637 0.7676 0.1687 
 295 0.0964 0.6569 0.2467 
 296 0.0402 0.7905 0.1693 
 297 0.2536 0.5793 0.1671 
 298 0.0744 0.3704 0.5552 
 299 0.0814 0.7588 0.1597 
 300 0.0601 0.7711 0.1688 
 301 0.1451 0.7478 0.1071 
 302 0.0555 0.7580 0.1865 
 303 0.0573 0.1811 0.7616 
 304 0.1943 0.3519 0.4538 
 305 0.0308 0.1586 0.8106 
 306 0.0555 0.1460 0.7986 
 307 0.0560 0.6293 0.3146 
 308 0.0552 0.2078 0.7370 
 309 0.0561 0.7424 0.2015 
 310 0.0313 0.1911 0.7776 
 311 0.0353 0.3486 0.6161 
 312 0.0307 0.7979 0.1715 
 313 0.0292 0.8769 0.0939 
 314 0.0248 0.0452 0.9300 
 315 0.0303 0.0550 0.9147 
 316 0.0360 0.0584 0.9055 
 317 0.0260 0.0471 0.9269 
 318 0.0273 0.0441 0.9286 
 319 0.0241 0.0529 0.9230 
 320 0.0243 0.0458 0.9299 
 321 0.0292 0.0482 0.9226 
 322 0.0340 0.0587 0.9073 
 323 0.0261 0.0487 0.9252 
 324 0.0292 0.0475 0.9233 
 325 0.0379 0.0551 0.9070 
 326 0.0363 0.0513 0.9125 
 327 0.0253 0.0454 0.9294 
 328 0.0356 0.0668 0.8976 
 329 0.0251 0.0485 0.9264 
 330 0.0259 0.0455 0.9286 
 331 0.0250 0.0477 0.9273 
 332 0.0449 0.0566 0.8984 
 333 0.0316 0.0552 0.9132 
 334 0.0353 0.0652 0.8995 
 335 0.0315 0.0587 0.9098 
 336 0.0298 0.0463 0.9239 
 337 0.0401 0.0585 0.9014 
 338 0.0285 0.0453 0.9262 
 339 0.0243 0.0473 0.9284 
 340 0.0230 0.0463 0.9307 
 341 0.0253 0.0482 0.9266 
 342 0.0251 0.0458 0.9291 
 343 0.0365 0.0617 0.9018 
 344 0.0248 0.0460 0.9293 
 345 0.0261 0.0451 0.9288 
 346 0.0248 0.0435 0.9317 
 347 0.0228 0.0442 0.9331 
 348 0.0290 0.0578 0.9132 
 349 0.0263 0.0466 0.9271 
 350 0.0245 0.0514 0.9241 
 351 0.0323 0.0593 0.9084 
 352 0.0345 0.0565 0.9090 
 353 0.0304 0.0459 0.9237 
 354 0.0256 0.0466 0.9277 
 355 0.0272 0.0438 0.9290 
 356 0.0290 0.0614 0.9096 
 357 0.2118 0.2356 0.5526 
 358 0.0356 0.0585 0.9059 
 359 0.0263 0.0488 0.9249 
 360 0.0244 0.0431 0.9324 
 361 0.2165 0.3202 0.4632 
 362 0.3179 0.6039 0.0782 
 363 0.6408 0.3193 0.0398 
 364 0.2403 0.4070 0.3528 
 365 0.7267 0.2337 0.0396 
 366 0.5319 0.2987 0.1694 
 367 0.5662 0.4137 0.0201 
 368 0.0704 0.8918 0.0378 
 369 0.2251 0.3195 0.4554 
 370 0.0677 0.8703 0.0620 
 371 0.3148 0.5718 0.1134 
 372 0.0863 0.7825 0.1312 
 373 0.1837 0.7512 0.0651 
 374 0.3198 0.3590 0.3212 
 375 0.5423 0.4278 0.0299 
 376 0.9064 0.0712 0.0223 
 377 0.4412 0.4975 0.0613 
 378 0.1099 0.7634 0.1267 
 379 0.9132 0.0658 0.0210 
 380 0.7695 0.0963 0.1342 
 381 0.8383 0.0772 0.0845 
 382 0.5034 0.4628 0.0338 
 383 0.8172 0.0807 0.1021 
 384 0.7421 0.1904 0.0675 
 385 0.1332 0.7638 0.1030 
 386 0.5616 0.4037 0.0347 
 387 0.5739 0.3907 0.0354 
 388 0.2102 0.5783 0.2116 
 389 0.0551 0.8852 0.0597 
 390 0.6657 0.2958 0.0385 
 391 0.1201 0.8059 0.0740 
 392 0.8017 0.1368 0.0615 
 393 0.8651 0.0621 0.0729 
 394 0.1819 0.6096 0.2085 
 395 0.6095 0.3231 0.0675 
 396 0.4686 0.5085 0.0229 
 397 0.2690 0.5458 0.1852 
 398 0.8680 0.1091 0.0229 
 399 0.1739 0.7958 0.0302 
 400 0.6868 0.2728 0.0404 
 401 0.3442 0.6040 0.0518 
 402 0.1261 0.7845 0.0895 
 403 0.1614 0.4519 0.3867 
 404 0.5936 0.3203 0.0861 
 405 0.3995 0.5060 0.0945 
 406 0.6172 0.1451 0.2378 
 407 0.8856 0.0915 0.0229 
 408 0.0576 0.9172 0.0252 
 409 0.3730 0.1203 0.5068 
 410 0.7397 0.1952 0.0651 
 411 0.6483 0.1246 0.2271 
 412 0.0980 0.8657 0.0362 
 413 0.0958 0.7971 0.1071 
 414 0.0887 0.8852 0.0261 
 415 0.8404 0.1227 0.0369 
 416 0.6183 0.3230 0.0587 
 417 0.8413 0.1275 0.0312 
 418 0.4523 0.5227 0.0250 
 419 0.3919 0.4289 0.1792 
 420 0.3948 0.5662 0.0389 
 421 0.6933 0.2691 0.0376 
 422 0.6351 0.2994 0.0655 
 423 0.7392 0.2118 0.0490 
 424 0.1668 0.7691 0.0641 
 425 0.4753 0.4551 0.0696 
 426 0.1423 0.8014 0.0563 
 427 0.8005 0.1117 0.0878 
 428 0.5245 0.2505 0.2250 
 429 0.8683 0.1115 0.0201 
 430 0.8654 0.1048 0.0298 
 431 0.1373 0.8145 0.0482 
 432 0.0785 0.8766 0.0449 
 433 0.0532 0.7109 0.2359 
 434 0.2941 0.5690 0.1369 
 435 0.8646 0.1117 0.0237 
 436 0.8917 0.0727 0.0356 
 437 0.8655 0.1089 0.0256 
 438 0.7297 0.1917 0.0786 
 439 0.9020 0.0676 0.0304 
 440 0.8833 0.0975 0.0193 
 441 0.6585 0.2463 0.0952 
 442 0.7976 0.1761 0.0263 
 443 0.5645 0.4074 0.0280 
 444 0.8296 0.1441 0.0263 
 445 0.7258 0.1234 0.1509 
 446 0.8613 0.1123 0.0264 
 447 0.6804 0.2583 0.0613 
 448 0.7129 0.2575 0.0295 
 449 0.6634 0.2846 0.0521 
 450 0.8062 0.1509 0.0429 
 451 0.0898 0.8891 0.0211 
 452 0.8460 0.1186 0.0355 
 453 0.1170 0.7762 0.1068 
 454 0.6797 0.2552 0.0651 
 455 0.8468 0.1237 0.0295 
 456 0.8164 0.1554 0.0283 
 457 0.8813 0.0913 0.0274 
 458 0.8927 0.0768 0.0305 
 459 0.6624 0.2527 0.0849 
 460 0.8253 0.1504 0.0243 
 461 0.7662 0.2105 0.0234 
 462 0.8356 0.1436 0.0208 
 463 0.5669 0.3245 0.1086 
 464 0.7130 0.2617 0.0253 
 465 0.4214 0.5403 0.0383 
 466 0.4928 0.4729 0.0344 
 467 0.7428 0.1925 0.0646 
 468 0.8890 0.0849 0.0262 
 469 0.9139 0.0607 0.0253 
 470 0.8845 0.0930 0.0225 
 471 0.4165 0.5255 0.0580 
 472 0.5302 0.4298 0.0401 
 473 0.5023 0.4359 0.0618 
 474 0.8171 0.1420 0.0409 
 475 0.5238 0.4193 0.0570 
 476 0.8883 0.0810 0.0307 
 477 0.1552 0.7926 0.0522 
 478 0.1535 0.8213 0.0252 
 479 0.8315 0.1458 0.0227 
 480 0.9059 0.0692 0.0249 
 481 0.4476 0.5200 0.0324 
 482 0.8958 0.0832 0.0210 
 483 0.8700 0.0983 0.0317 
 484 0.7985 0.1576 0.0439 
 485 0.8846 0.0902 0.0252 
 486 0.0573 0.8948 0.0479 
 487 0.0750 0.8080 0.1170 
 488 0.0442 0.9009 0.0549 
 489 0.0936 0.6648 0.2416 
 490 0.0797 0.8926 0.0277 
 491 0.0542 0.7993 0.1465 
 492 0.0563 0.7307 0.2131 
 493 0.0452 0.9001 0.0547 
 494 0.1185 0.7829 0.0985 
 495 0.0766 0.8393 0.0841 
 496 0.0704 0.4570 0.4726 
 497 0.0494 0.8564 0.0942 
 498 0.0712 0.8701 0.0587 
 499 0.0595 0.6434 0.2971 
 500 0.1868 0.7514 0.0619 
 501 0.2013 0.6386 0.1601 
 502 0.0926 0.7550 0.1524 
 503 0.4914 0.4697 0.0390 
 504 0.0461 0.9158 0.0381 
 505 0.0514 0.8216 0.1270 
 506 0.0787 0.7700 0.1513 
 507 0.0291 0.1022 0.8687 
 508 0.0302 0.2306 0.7392 
 509 0.0485 0.6840 0.2675 
 510 0.2186 0.4900 0.2914 
 511 0.5581 0.3933 0.0485 
 512 0.6181 0.3535 0.0284 
 513 0.0246 0.9181 0.0573 
 514 0.0607 0.8899 0.0494 
 515 0.5967 0.2300 0.1733 
 516 0.0426 0.9078 0.0496 
 517 0.2464 0.5863 0.1673 
 518 0.1634 0.5272 0.3093 
 519 0.0698 0.8826 0.0476 
 520 0.2197 0.2139 0.5664 
 521 0.0756 0.4324 0.4920 
 522 0.6354 0.2758 0.0888 
 523 0.0687 0.6103 0.3211 
 524 0.4797 0.4240 0.0963 
 525 0.3035 0.3460 0.3505 
 526 0.6892 0.1538 0.1569 
 527 0.1776 0.7784 0.0440 
 528 0.0426 0.1534 0.8040 
 529 0.0833 0.7857 0.1310 
 530 0.5546 0.3499 0.0956 
 531 0.2335 0.2670 0.4995 
 532 0.1442 0.5617 0.2941 
 533 0.3892 0.5237 0.0871 
 534 0.0365 0.8313 0.1322 
 535 0.2947 0.6066 0.0987 
 536 0.4683 0.2225 0.3092 
 537 0.0696 0.2234 0.7070 
 538 0.1136 0.4226 0.4638 
 539 0.0306 0.0786 0.8909 
 540 0.1427 0.3573 0.5000 
 541 0.0950 0.2184 0.6866 
 542 0.6189 0.2272 0.1539 
 543 0.0534 0.6313 0.3153 
 544 0.2359 0.5038 0.2603 
 545 0.5928 0.3344 0.0728 
 546 0.1333 0.4397 0.4270 
 547 0.0887 0.4221 0.4893 
 548 0.0565 0.5139 0.4296 
 549 0.2024 0.0827 0.7150 
 550 0.5709 0.3009 0.1282 
 551 0.0769 0.1385 0.7847 
 552 0.1073 0.3029 0.5898 
 553 0.0422 0.4267 0.5311 
 554 0.2827 0.5063 0.2110 
 555 0.0629 0.3107 0.6264 
 556 0.0947 0.5034 0.4018 
 557 0.6052 0.2422 0.1526 
 558 0.9004 0.0782 0.0213 
 559 0.0644 0.8928 0.0428 
 560 0.7181 0.2621 0.0198 
 561 0.4051 0.5680 0.0269 
 562 0.2075 0.7709 0.0215 
 563 0.1469 0.7344 0.1187 
 564 0.0735 0.8659 0.0606 
 565 0.8928 0.0798 0.0274 
 566 0.2868 0.6931 0.0202 
 567 0.0473 0.9177 0.0349 
 568 0.2269 0.7212 0.0518 
 569 0.3070 0.6188 0.0741 
 570 0.8691 0.1116 0.0193 
 571 0.0890 0.8819 0.0291 
 572 0.1422 0.4334 0.4244 
 573 0.1012 0.8419 0.0569 
 574 0.4827 0.4029 0.1144 
 575 0.2093 0.7124 0.0783 
 576 0.1859 0.7948 0.0193 
 577 0.4598 0.4482 0.0920 
 578 0.2573 0.7064 0.0364 
 579 0.3651 0.5976 0.0372 
 580 0.6274 0.3135 0.0591 
 581 0.6102 0.3458 0.0440 
 582 0.8448 0.1322 0.0229 
 583 0.2120 0.7564 0.0317 
 584 0.1459 0.8309 0.0232 
 585 0.4206 0.5504 0.0290 
 586 0.0806 0.8823 0.0371 
 587 0.6600 0.3155 0.0246 
 588 0.0263 0.9210 0.0527 
 589 0.6904 0.2831 0.0265 
 590 0.0606 0.9129 0.0266 
 591 0.0772 0.8903 0.0324 
 592 0.2729 0.6941 0.0330 
 593 0.2747 0.6614 0.0639 
 594 0.0608 0.8850 0.0541 
 595 0.3876 0.5904 0.0220 
 596 0.1074 0.8316 0.0610 
 597 0.0606 0.8073 0.1320 
 598 0.8989 0.0798 0.0212 
 599 0.3384 0.6389 0.0228 
 600 0.5717 0.3510 0.0772 
 601 0.6100 0.3669 0.0231 
 602 0.0610 0.8244 0.1146 
 603 0.0579 0.8430 0.0990 
 604 0.6463 0.2625 0.0913 
 605 0.2396 0.7139 0.0464 
 606 0.2005 0.6110 0.1884 
 607 0.1969 0.5649 0.2383 
 608 0.2501 0.2848 0.4651 
 609 0.5255 0.4216 0.0529 
 610 0.7765 0.1739 0.0496 
 611 0.0714 0.8325 0.0961 
 612 0.8849 0.0836 0.0315 
 613 0.1921 0.7466 0.0613 
 614 0.8498 0.1184 0.0317 
 615 0.8267 0.1120 0.0613 
 616 0.1776 0.6620 0.1604 
 617 0.4045 0.5570 0.0385 
 618 0.6802 0.1627 0.1571 
 619 0.1436 0.7372 0.1192 
 620 0.1543 0.8199 0.0258 
 621 0.1668 0.8031 0.0300 
 622 0.5537 0.3128 0.1336 
 623 0.0934 0.8702 0.0364 
 624 0.7874 0.1078 0.1048 
 625 0.6032 0.2756 0.1212 
 626 0.3023 0.0828 0.6149 
 627 0.1188 0.8310 0.0503 
 628 0.0814 0.8724 0.0462 
 629 0.1479 0.7912 0.0609 
 630 0.7409 0.2164 0.0427 
 631 0.5266 0.4109 0.0625 
 632 0.1242 0.4929 0.3830 
 633 0.5244 0.3777 0.0979 
 634 0.1621 0.6741 0.1638 
 635 0.1385 0.2733 0.5882 
 636 0.5462 0.2427 0.2111 
 637 0.2919 0.5661 0.1420 
 638 0.1149 0.7981 0.0870 
 639 0.4452 0.4611 0.0937 
 640 0.1385 0.8244 0.0370 
 641 0.2312 0.7085 0.0603 
 642 0.0959 0.2058 0.6983 
 643 0.0435 0.0908 0.8657 
 644 0.0468 0.2231 0.7301 
 645 0.3146 0.0842 0.6013 
 646 0.1361 0.7313 0.1326 
 647 0.0685 0.5783 0.3532 
 648 0.1507 0.4043 0.4450 
 649 0.0434 0.7027 0.2539 
 650 0.0501 0.8025 0.1474 
 651 0.0588 0.4760 0.4653 
 652 0.0625 0.2729 0.6645 
 653 0.1068 0.3797 0.5135 
 654 0.0875 0.2313 0.6811 
 655 0.0863 0.3302 0.5835 
 656 0.0951 0.5929 0.3120 
 657 0.3610 0.4685 0.1705 
 658 0.1802 0.5918 0.2279 
 659 0.0830 0.2652 0.6519 
 660 0.0410 0.1678 0.7912 
 661 0.0769 0.1412 0.7819 
 662 0.0342 0.8069 0.1589 
 663 0.0664 0.2311 0.7025 
 664 0.2921 0.4193 0.2886 
 665 0.0457 0.7796 0.1747 
 666 0.0704 0.1997 0.7299 
 667 0.0860 0.8432 0.0708 
 668 0.1326 0.2732 0.5942 
 669 0.0652 0.5720 0.3628 
 670 0.0265 0.0652 0.9083 
 671 0.0373 0.1419 0.8207 
 672 0.0612 0.1424 0.7964 
 673 0.0287 0.0533 0.9180 
 674 0.0510 0.1089 0.8401 
 675 0.0316 0.1150 0.8534 
 676 0.0262 0.0507 0.9231 
 677 0.0243 0.0609 0.9149 
 678 0.0276 0.0571 0.9153 
 679 0.0527 0.0980 0.8494 
 680 0.0454 0.0707 0.8840 
 681 0.1489 0.3036 0.5475 
 682 0.0471 0.0639 0.8890 
 683 0.0263 0.0599 0.9138 
 684 0.0282 0.0609 0.9109 
 685 0.0232 0.0494 0.9274 
 686 0.0433 0.0775 0.8791 
 687 0.0334 0.1244 0.8422 
 688 0.0335 0.0863 0.8802 
 689 0.0244 0.0510 0.9246 
 690 0.0265 0.0518 0.9217 
 691 0.0464 0.0888 0.8647 
 692 0.0393 0.0875 0.8732 
 693 0.0435 0.0847 0.8718 
 694 0.0219 0.0488 0.9293 
 695 0.0302 0.0570 0.9127 
 696 0.0321 0.0846 0.8833 
 697 0.0250 0.0539 0.9211 
 698 0.0262 0.0547 0.9191 
 699 0.0291 0.0598 0.9111 
 700 0.0735 0.0689 0.8576 
 701 0.0556 0.1215 0.8228 
 702 0.0611 0.1124 0.8266 
 703 0.0452 0.0677 0.8871 
 704 0.0294 0.0732 0.8973 
 705 0.0737 0.1574 0.7689 
 706 0.0409 0.0594 0.8997 
 707 0.0281 0.0573 0.9146 
 708 0.0257 0.0602 0.9142 
 709 0.0276 0.0509 0.9215 
 710 0.0233 0.0451 0.9316 
 711 0.0385 0.0657 0.8958 
 712 0.0211 0.0531 0.9258 
 713 0.0294 0.0825 0.8881 
 714 0.0529 0.1315 0.8156 
 715 0.0220 0.0477 0.9303 
 716 0.0394 0.0527 0.9078 
 717 0.0226 0.0457 0.9318 
 718 0.0407 0.0918 0.8675 
 719 0.0219 0.0502 0.9278 
 720 0.1465 0.8190 0.0345 
 721 0.1756 0.1941 0.6303 
 722 0.5185 0.4098 0.0717 
 723 0.6260 0.3135 0.0604 
 724 0.7311 0.1160 0.1528 
 725 0.1453 0.6460 0.2087 
 726 0.6751 0.2121 0.1128 
 727 0.1658 0.3649 0.4693 
 728 0.9168 0.0641 0.0192 
 729 0.8965 0.0827 0.0208 
 730 0.6278 0.3315 0.0406 
 731 0.8513 0.1075 0.0412 
 732 0.6266 0.3130 0.0604 
 733 0.8878 0.0848 0.0274 
 734 0.8834 0.0961 0.0205 
 735 0.8907 0.0759 0.0335 
 736 0.5749 0.3834 0.0417 
 737 0.5537 0.3934 0.0529 
 738 0.5938 0.3662 0.0399 
 739 0.8966 0.0779 0.0254 
 740 0.0548 0.1831 0.7620 
 741 0.1068 0.3436 0.5495 
 742 0.1864 0.6677 0.1459 
 743 0.1697 0.7496 0.0807 
 744 0.0645 0.7788 0.1567 
 745 0.1220 0.8479 0.0301 
 746 0.1844 0.5914 0.2241 
 747 0.0828 0.8608 0.0564 
 748 0.0599 0.4237 0.5163 
 749 0.0770 0.6895 0.2335 
 750 0.1081 0.7400 0.1519 
 751 0.0742 0.3631 0.5627 
 752 0.1245 0.7902 0.0853 
 753 0.2671 0.4523 0.2806 
 754 0.1281 0.4909 0.3811 
 755 0.1095 0.7339 0.1565 
 756 0.0482 0.7186 0.2332 
 757 0.0819 0.7992 0.1189 
 758 0.0449 0.9275 0.0276 
 759 0.1553 0.3192 0.5254 
 760 0.3627 0.5138 0.1235 
 761 0.5455 0.1693 0.2852 
 762 0.6619 0.2952 0.0429 
 763 0.2563 0.4599 0.2838 
 764 0.0743 0.8560 0.0696 
 765 0.5808 0.3493 0.0699 
 766 0.0932 0.4869 0.4199 
 767 0.1166 0.6770 0.2064 
 768 0.6764 0.2806 0.0431 
 769 0.5820 0.2149 0.2031 
 770 0.5892 0.3709 0.0399 
 771 0.0422 0.6704 0.2874 
 772 0.1392 0.5300 0.3309 
 773 0.0909 0.8139 0.0952 
 774 0.1039 0.3325 0.5636 
 775 0.7639 0.1699 0.0662 
 776 0.0956 0.8586 0.0458 
 777 0.1401 0.7414 0.1186 
 778 0.0867 0.6801 0.2332 
 779 0.0612 0.8263 0.1125 
 780 0.0732 0.5080 0.4188 
 781 0.0492 0.4996 0.4512 
 782 0.0610 0.8271 0.1119 
 783 0.1501 0.5727 0.2772 
 784 0.2549 0.6840 0.0611 
 785 0.0966 0.7891 0.1143 
 786 0.1077 0.3659 0.5264 
 787 0.0353 0.4576 0.5071 
 788 0.1984 0.7343 0.0673 
 789 0.2778 0.6527 0.0695 
 790 0.1441 0.5979 0.2580 
 791 0.1239 0.7674 0.1087 
 792 0.0397 0.3761 0.5842 
 793 0.1403 0.2566 0.6031 
 794 0.1283 0.7327 0.1389 
 795 0.1377 0.2001 0.6623 
 796 0.0706 0.7890 0.1404 
 797 0.0542 0.1451 0.8007 
 798 0.8297 0.1407 0.0296 
 799 0.1005 0.8410 0.0585 
 800 0.0277 0.2437 0.7286 
 801 0.8148 0.1281 0.0571 
 802 0.4816 0.1927 0.3257 
 803 0.1400 0.3486 0.5114 
 804 0.1808 0.6478 0.1715 
 805 0.0409 0.0892 0.8698 
 806 0.6001 0.1868 0.2131 
 807 0.0362 0.0877 0.8760 
 808 0.0599 0.3062 0.6339 
 809 0.6094 0.2061 0.1845 
 810 0.1764 0.5945 0.2291 
 811 0.1043 0.2359 0.6599 
 812 0.1585 0.7526 0.0889 
 813 0.8258 0.1401 0.0341 
 814 0.0486 0.8789 0.0725 
 815 0.4774 0.1016 0.4210 
 816 0.3362 0.2147 0.4491 
 817 0.4856 0.1963 0.3182 
 818 0.1259 0.8218 0.0523 
 819 0.0370 0.8668 0.0961 
 820 0.0566 0.8174 0.1260 
 821 0.1616 0.7766 0.0619 
 822 0.2859 0.6910 0.0232 
 823 0.5031 0.3073 0.1896 
 824 0.1001 0.7770 0.1228 
 825 0.2191 0.7360 0.0449 
 826 0.0531 0.9164 0.0306 
 827 0.3992 0.5553 0.0456 
 828 0.5035 0.4129 0.0836 
 829 0.7032 0.2133 0.0835 
 830 0.3887 0.5835 0.0278 
 831 0.2460 0.6358 0.1182 
 832 0.3096 0.5494 0.1410 
 833 0.5018 0.3631 0.1351 
 834 0.3476 0.5440 0.1084 
 835 0.0550 0.9130 0.0320 
 836 0.0776 0.8492 0.0732 
 837 0.5453 0.1869 0.2678 
 838 0.0621 0.9008 0.0371 
 839 0.2327 0.7214 0.0458 
 840 0.0507 0.7888 0.1605 
 841 0.0466 0.8592 0.0941 
 842 0.1030 0.8741 0.0229 
 843 0.0742 0.5137 0.4121 
 844 0.1432 0.7255 0.1313 
 845 0.0847 0.8867 0.0285 
 846 0.0674 0.8532 0.0794 
 847 0.0377 0.8266 0.1357 
 848 0.0388 0.8995 0.0617 
 849 0.1555 0.8039 0.0406 
 850 0.1156 0.8434 0.0409 
 851 0.0465 0.9166 0.0369 
 852 0.2351 0.2456 0.5193 
 853 0.2736 0.6880 0.0384 
 854 0.4010 0.4070 0.1921 
 855 0.0561 0.8847 0.0592 
 856 0.0689 0.8366 0.0944 
 857 0.1017 0.8400 0.0583 
 858 0.0902 0.8744 0.0354 
 859 0.1996 0.7613 0.0390 
 860 0.0481 0.9203 0.0316 
 861 0.0429 0.5052 0.4519 
 862 0.9094 0.0649 0.0257 
 863 0.8492 0.0895 0.0613 
 864 0.9000 0.0577 0.0423 
 865 0.8883 0.0918 0.0198 
 866 0.4404 0.5234 0.0362 
 867 0.8825 0.0746 0.0429 
 868 0.8243 0.1373 0.0384 
 869 0.4914 0.4697 0.0390 
 870 0.7771 0.1959 0.0271 
 871 0.8527 0.1241 0.0232 
 872 0.8780 0.0928 0.0292 
 873 0.8961 0.0697 0.0341 
 874 0.8961 0.0813 0.0226 
 875 0.4468 0.5057 0.0475 
 876 0.0916 0.8791 0.0292 
 877 0.9089 0.0600 0.0311 
 878 0.4444 0.4924 0.0632 
 879 0.8854 0.0747 0.0399 
 880 0.3832 0.5788 0.0380 
 881 0.8710 0.0888 0.0402 
 882 0.8936 0.0747 0.0318 
 883 0.1215 0.8356 0.0429 
 884 0.8898 0.0912 0.0191 
 885 0.7541 0.1688 0.0771 
 886 0.6572 0.2898 0.0530 
 887 0.8850 0.0922 0.0228 
 888 0.3816 0.4666 0.1518 
 889 0.8961 0.0843 0.0197 
 890 0.3018 0.6757 0.0225 
 891 0.0586 0.9068 0.0347 
 892 0.0727 0.8872 0.0401 
 893 0.2604 0.6674 0.0722 
 894 0.4515 0.5264 0.0221 
 895 0.8623 0.1135 0.0242 
 896 0.0468 0.8913 0.0619 
 897 0.0501 0.9151 0.0348 
 898 0.4618 0.4681 0.0700 
 899 0.3635 0.6173 0.0192 
 900 0.0577 0.9145 0.0278 
 901 0.0684 0.9025 0.0291 
 902 0.0488 0.9003 0.0508 
 903 0.6411 0.3273 0.0316 
 904 0.4268 0.5008 0.0723 
 905 0.7003 0.2773 0.0224 
 906 0.1674 0.7866 0.0460 
 907 0.1462 0.8075 0.0462 
 908 0.1460 0.8184 0.0356 
 909 0.1545 0.7949 0.0507 
 910 0.0666 0.8858 0.0476 
 911 0.7704 0.2100 0.0196 
 912 0.4170 0.5587 0.0243 
 913 0.4673 0.5081 0.0246 
 914 0.2717 0.5826 0.1457 
 915 0.1441 0.8365 0.0195 
 916 0.1791 0.7945 0.0264 
 917 0.2653 0.7061 0.0286 
 918 0.4737 0.3993 0.1270 
 919 0.6023 0.3358 0.0618 
 920 0.1359 0.8239 0.0402 
 921 0.0752 0.5250 0.3998 
 922 0.0961 0.8348 0.0691 
 923 0.0447 0.8338 0.1215 
 924 0.0421 0.9004 0.0575 
 925 0.0628 0.8347 0.1025 
 926 0.0284 0.5628 0.4088 
 927 0.0887 0.4383 0.4730 
 928 0.0323 0.3522 0.6155 
 929 0.0302 0.8587 0.1111 
 930 0.0591 0.7888 0.1521 
 931 0.3570 0.0964 0.5466 
 932 0.0392 0.8604 0.1003 
 933 0.0379 0.1977 0.7644 
 934 0.0303 0.9303 0.0394 
 935 0.0931 0.6086 0.2983 
 936 0.0868 0.7136 0.1996 
 937 0.0722 0.2506 0.6772 
 938 0.0287 0.3136 0.6576 
 939 0.0727 0.1983 0.7289 
 940 0.1075 0.6074 0.2850 
 941 0.1385 0.7819 0.0796 
 942 0.0736 0.5268 0.3997 
 943 0.0515 0.0922 0.8563 
 944 0.0640 0.2720 0.6640 
 945 0.0539 0.7991 0.1470 
 946 0.0582 0.7494 0.1923 
 947 0.0491 0.2046 0.7462 
 948 0.6676 0.2097 0.1227 
 949 0.4243 0.5063 0.0694 
 950 0.0331 0.2841 0.6827 
 951 0.0751 0.4509 0.4739 
 952 0.1001 0.5845 0.3154 
 953 0.1058 0.7499 0.1443 
 954 0.3561 0.3955 0.2484 
 955 0.0364 0.0645 0.8990 
 956 0.0265 0.0746 0.8988 
 957 0.1359 0.3335 0.5307 
 958 0.1253 0.7964 0.0783 
 959 0.0565 0.6411 0.3023 
 960 0.5360 0.3751 0.0889 
 961 0.0235 0.0489 0.9276 
 962 0.0288 0.8876 0.0836 
 963 0.1584 0.7650 0.0766 
 964 0.1059 0.7886 0.1054 
 965 0.0506 0.5891 0.3603 
 966 0.1196 0.6144 0.2660 
 967 0.0407 0.0606 0.8987 
 968 0.0342 0.8613 0.1044 
 969 0.2449 0.4990 0.2561 
 970 0.0443 0.1446 0.8111 
 971 0.0403 0.7398 0.2199 
 972 0.1755 0.5463 0.2781 
 973 0.0306 0.4159 0.5535 
 974 0.0811 0.8248 0.0941 
 975 0.2403 0.5066 0.2531 
 976 0.0397 0.7371 0.2231 
 977 0.1206 0.5388 0.3406 
 978 0.0410 0.5864 0.3726 
 979 0.0563 0.8596 0.0841 
 980 0.0413 0.5096 0.4491 
 981 0.0862 0.6824 0.2315 
 982 0.0943 0.8642 0.0414 
 983 0.3877 0.5560 0.0563 
 984 0.1963 0.1166 0.6871 
 985 0.0563 0.7742 0.1695 
 986 0.0805 0.8419 0.0776 
 987 0.0589 0.9081 0.0330 
 988 0.6517 0.3264 0.0219 
 989 0.0959 0.1285 0.7756 
 990 0.1850 0.7196 0.0955 
 991 0.0748 0.7894 0.1358 
 992 0.0349 0.9282 0.0368 
 993 0.5739 0.3746 0.0515 
 994 0.0642 0.5986 0.3372 
 995 0.0210 0.0562 0.9229 
 996 0.1620 0.7927 0.0454 
 997 0.0368 0.8698 0.0934 
 998 0.0656 0.8917 0.0427 
 999 0.0671 0.7537 0.1792 
1000 0.0615 0.8995 0.0389 
1001 0.1590 0.7881 0.0528 
1002 0.1231 0.8536 0.0233 
1003 0.0559 0.8267 0.1174 
1004 0.0398 0.8990 0.0612 
1005 0.0608 0.8986 0.0406 
1006 0.0779 0.7030 0.2191 
1007 0.0564 0.5387 0.4050 
1008 0.0547 0.3348 0.6105 
1009 0.2040 0.6051 0.1909 
1010 0.0682 0.7727 0.1591 
1011 0.0790 0.3586 0.5624 
1012 0.1089 0.7831 0.1079 
1013 0.0621 0.7970 0.1410 
1014 0.0912 0.8640 0.0448 
1015 0.0373 0.8958 0.0669 
1016 0.0552 0.9081 0.0368 
1017 0.0430 0.7466 0.2104 
1018 0.0644 0.7618 0.1738 
1019 0.1020 0.7354 0.1626 
1020 0.0317 0.0871 0.8813 
1021 0.0469 0.2395 0.7136 
1022 0.0519 0.7909 0.1573 
1023 0.1923 0.7510 0.0567 
1024 0.1586 0.8001 0.0412 
1025 0.0632 0.8549 0.0818 
1026 0.6981 0.1019 0.2000 
1027 0.6528 0.1611 0.1861 
1028 0.7115 0.1952 0.0933 
1029 0.1074 0.7312 0.1614 
1030 0.0979 0.3430 0.5591 
1031 0.4690 0.2349 0.2961 
1032 0.3464 0.2588 0.3948 
1033 0.4235 0.2568 0.3197 
1034 0.1012 0.7244 0.1743 
1035 0.0764 0.1497 0.7739 
1036 0.1491 0.2461 0.6048 
1037 0.0497 0.3148 0.6355 
1038 0.3684 0.1578 0.4738 
1039 0.1782 0.3047 0.5172 
1040 0.6911 0.1138 0.1951 
1041 0.6999 0.1612 0.1389 
1042 0.2206 0.2584 0.5210 
1043 0.4709 0.2298 0.2993 
1044 0.4531 0.3803 0.1666 
1045 0.7583 0.0883 0.1534 
1046 0.2103 0.2978 0.4920 
1047 0.0675 0.1457 0.7868 
1048 0.1373 0.7739 0.0888 
1049 0.0680 0.8779 0.0541 
1050 0.3375 0.6413 0.0212 
1051 0.1193 0.8579 0.0228 
1052 0.1501 0.8175 0.0324 
1053 0.1615 0.8009 0.0376 
1054 0.1177 0.8433 0.0390 
1055 0.0470 0.9225 0.0305 
1056 0.0753 0.8916 0.0331 
1057 0.7905 0.1809 0.0286 
1058 0.2888 0.6866 0.0246 
1059 0.3596 0.5950 0.0453 
1060 0.2595 0.6639 0.0766 
1061 0.0497 0.9236 0.0266 
1062 0.3478 0.6246 0.0276 
1063 0.0378 0.8770 0.0852 
1064 0.1849 0.7816 0.0335 
1065 0.1176 0.8301 0.0523 
1066 0.0504 0.8929 0.0566 
1067 0.2552 0.7193 0.0255 
1068 0.1332 0.6190 0.2477 
1069 0.0825 0.8979 0.0196 
1070 0.1329 0.8386 0.0285 
1071 0.1214 0.7901 0.0884 
1072 0.0895 0.8606 0.0499 
1073 0.2703 0.6972 0.0325 
1074 0.3046 0.6277 0.0677 
1075 0.2102 0.7428 0.0470 
1076 0.1812 0.7640 0.0548 
1077 0.8329 0.1423 0.0247 
1078 0.0717 0.8883 0.0401 
1079 0.2498 0.7176 0.0326 
1080 0.0929 0.7831 0.1240 
1081 0.1827 0.7932 0.0240 
1082 0.1500 0.7848 0.0652 
1083 0.1021 0.8532 0.0448 
1084 0.1039 0.7765 0.1196 
1085 0.1015 0.8806 0.0179 
1086 0.0383 0.9344 0.0272 
1087 0.0889 0.8929 0.0181 
1088 0.0718 0.9085 0.0197 
1089 0.4574 0.5224 0.0203 
1090 0.2519 0.7214 0.0267 
1091 0.0799 0.8805 0.0396 
1092 0.1853 0.7904 0.0243 
1093 0.0543 0.8814 0.0643 
1094 0.7323 0.1981 0.0696 
1095 0.8209 0.1558 0.0232 
1096 0.3104 0.6422 0.0474 
1097 0.7510 0.2295 0.0195 
1098 0.0423 0.9309 0.0268 
1099 0.0483 0.8325 0.1192 
1100 0.1203 0.8556 0.0241 
1101 0.0889 0.8898 0.0213 
1102 0.2036 0.7685 0.0280 
1103 0.1175 0.8363 0.0462 
1104 0.0657 0.9060 0.0283 
1105 0.0927 0.8781 0.0293 
1106 0.1340 0.7818 0.0842 
1107 0.1786 0.7803 0.0411 
1108 0.8241 0.1465 0.0294 
1109 0.7096 0.2620 0.0284 
1110 0.0505 0.3366 0.6129 
1111 0.0284 0.3394 0.6322 
1112 0.1269 0.0509 0.8221 
1113 0.2565 0.1812 0.5622 
1114 0.4938 0.2806 0.2255 
1115 0.1033 0.1459 0.7508 
1116 0.0534 0.0803 0.8663 
1117 0.6675 0.1509 0.1816 
1118 0.0541 0.0618 0.8841 
1119 0.5652 0.1390 0.2959 
1120 0.1375 0.0905 0.7720 
1121 0.3386 0.0865 0.5748 
1122 0.2437 0.3174 0.4390 
1123 0.2949 0.4693 0.2358 
1124 0.0549 0.0617 0.8834 
1125 0.1237 0.2468 0.6296 
1126 0.3474 0.1017 0.5509 
1127 0.2211 0.0879 0.6910 
1128 0.0437 0.1069 0.8494 
1129 0.2329 0.4819 0.2853 
1130 0.1983 0.5243 0.2773 
1131 0.7551 0.1248 0.1201 
1132 0.2151 0.0779 0.7070 
1133 0.0885 0.1197 0.7918 
1134 0.0363 0.0707 0.8930 
1135 0.4382 0.4280 0.1338 
1136 0.7911 0.1082 0.1007 
1137 0.0630 0.2254 0.7116 
1138 0.2355 0.3803 0.3842 
1139 0.0362 0.0738 0.8900 
1140 0.1684 0.4529 0.3787 
1141 0.2007 0.5640 0.2353 
1142 0.6876 0.1950 0.1175 
1143 0.1069 0.5276 0.3655 
1144 0.1458 0.2270 0.6272 
1145 0.4900 0.2368 0.2732 
1146 0.3594 0.1584 0.4823 
1147 0.2790 0.6254 0.0956 
1148 0.8239 0.1219 0.0543 
1149 0.1549 0.2162 0.6289 
1150 0.1011 0.4955 0.4034 
1151 0.1736 0.0849 0.7415 
1152 0.4142 0.4231 0.1627 
1153 0.7502 0.1614 0.0884 
1154 0.3070 0.2503 0.4427 
1155 0.1915 0.2905 0.5180 
1156 0.0812 0.1499 0.7688 
1157 0.6590 0.0951 0.2459 
1158 0.0887 0.1324 0.7789 
1159 0.0732 0.8982 0.0286 
1160 0.0705 0.8995 0.0300 
1161 0.0324 0.9223 0.0453 
1162 0.0901 0.7301 0.1798 
1163 0.0749 0.3530 0.5721 
1164 0.1377 0.7312 0.1311 
1165 0.0565 0.9076 0.0359 
1166 0.0490 0.6870 0.2640 
1167 0.0995 0.8738 0.0266 
1168 0.1095 0.8429 0.0476 
1169 0.1053 0.8221 0.0726 
1170 0.3169 0.6397 0.0433 
1171 0.2679 0.6424 0.0898 
1172 0.1277 0.8327 0.0396 
1173 0.0901 0.8634 0.0465 
1174 0.0522 0.9203 0.0275 
1175 0.0872 0.8744 0.0383 
1176 0.0771 0.8278 0.0952 
1177 0.8793 0.0971 0.0236 
1178 0.0622 0.8991 0.0387 
1179 0.3657 0.6102 0.0240 
1180 0.1060 0.8657 0.0282 
1181 0.0974 0.8513 0.0512 
1182 0.0525 0.9058 0.0417 
1183 0.2816 0.5880 0.1304 
1184 0.2559 0.7178 0.0264 
1185 0.3585 0.5981 0.0434 
1186 0.2027 0.6969 0.1004 
1187 0.4092 0.4616 0.1292 
1188 0.3921 0.5685 0.0394 
1189 0.0658 0.8436 0.0906 
1190 0.1088 0.8653 0.0259 
1191 0.3978 0.3788 0.2234 
1192 0.0393 0.9303 0.0304 
1193 0.1437 0.7281 0.1281 
1194 0.8769 0.0987 0.0244 
1195 0.0942 0.8793 0.0265 
1196 0.0714 0.8936 0.0350 
1197 0.2906 0.6844 0.0250 
1198 0.0494 0.9244 0.0262 
1199 0.1754 0.7784 0.0462 
1200 0.6733 0.2995 0.0272 
1201 0.0855 0.6646 0.2500 
1202 0.1179 0.7676 0.1145 
1203 0.0543 0.9171 0.0286 
1204 0.1485 0.7914 0.0601 
1205 0.1090 0.8561 0.0349 
1206 0.2570 0.0699 0.6730 
1207 0.3967 0.4626 0.1407 
1208 0.0256 0.2182 0.7562 
1209 0.0856 0.5808 0.3336 
1210 0.2538 0.5113 0.2349 
1211 0.1668 0.3294 0.5038 
1212 0.5807 0.1243 0.2949 
1213 0.0793 0.6548 0.2659 
1214 0.0880 0.5610 0.3510 
1215 0.0568 0.8327 0.1105 
1216 0.0535 0.8152 0.1313 
1217 0.6511 0.1221 0.2268 
1218 0.7285 0.2034 0.0681 
1219 0.2925 0.4737 0.2337 
1220 0.7338 0.1996 0.0666 
1221 0.0600 0.8145 0.1254 
1222 0.3095 0.3190 0.3714 
1223 0.8050 0.1187 0.0763 
1224 0.1106 0.7665 0.1228 
1225 0.6536 0.2344 0.1121 
1226 0.6670 0.1937 0.1392 
1227 0.1435 0.6759 0.1805 
1228 0.0569 0.5703 0.3728 
1229 0.0316 0.8827 0.0857 
1230 0.0664 0.2160 0.7175 
1231 0.0970 0.6066 0.2964 
1232 0.0360 0.9039 0.0600 
1233 0.2170 0.5546 0.2285 
1234 0.1217 0.4299 0.4484 
1235 0.0545 0.5293 0.4162 
1236 0.0258 0.7252 0.2490 
1237 0.0385 0.5897 0.3718 
1238 0.0375 0.5091 0.4533 
1239 0.0580 0.7764 0.1657 
1240 0.0312 0.7689 0.1999 
1241 0.0524 0.6808 0.2668 
1242 0.0334 0.3440 0.6226 
1243 0.1434 0.4842 0.3724 
1244 0.0285 0.2927 0.6788 
1245 0.0253 0.3591 0.6156 
1246 0.0981 0.5236 0.3783 
1247 0.0244 0.1809 0.7947 
1248 0.0402 0.4648 0.4950 
1249 0.1843 0.7042 0.1115 
1250 0.0359 0.8819 0.0823 
1251 0.0371 0.7995 0.1634 
1252 0.0283 0.9216 0.0500 
1253 0.0538 0.6331 0.3131 
1254 0.0366 0.9097 0.0537 
1255 0.0239 0.4655 0.5105 
1256 0.0511 0.2263 0.7225 
1257 0.0540 0.6530 0.2930 
1258 0.0326 0.9268 0.0406 
1259 0.0675 0.8542 0.0784 
1260 0.0321 0.5400 0.4278 
1261 0.0345 0.4463 0.5192 
1262 0.0380 0.7328 0.2291 
1263 0.0966 0.7648 0.1386 
1264 0.0388 0.8315 0.1297 
1265 0.0341 0.4722 0.4938 
1266 0.1418 0.5579 0.3003 
1267 0.0468 0.5591 0.3941 
1268 0.6025 0.3728 0.0247 
1269 0.7063 0.2680 0.0256 
1270 0.0688 0.8522 0.0790 
1271 0.2329 0.7336 0.0335 
1272 0.2382 0.7056 0.0561 
1273 0.0801 0.8707 0.0492 
1274 0.3005 0.6205 0.0790 
1275 0.1277 0.8385 0.0338 
1276 0.8243 0.1369 0.0389 
1277 0.2826 0.6937 0.0237 
1278 0.7261 0.1011 0.1728 
1279 0.4421 0.4736 0.0843 
1280 0.1426 0.7684 0.0890 
1281 0.1042 0.8658 0.0300 
1282 0.1948 0.7864 0.0188 
1283 0.0807 0.8793 0.0400 
1284 0.4891 0.3469 0.1641 
1285 0.0588 0.8996 0.0416 
1286 0.1313 0.8117 0.0569 
1287 0.2502 0.6274 0.1224 
1288 0.5405 0.3809 0.0787 
1289 0.1873 0.7851 0.0277 
1290 0.1545 0.7378 0.1077 
1291 0.0792 0.7942 0.1266 
1292 0.0796 0.8697 0.0507 
1293 0.4645 0.5014 0.0342 
1294 0.0586 0.8983 0.0431 
1295 0.4081 0.5692 0.0226 
1296 0.6821 0.2743 0.0436 
1297 0.1004 0.8111 0.0884 
1298 0.2607 0.7068 0.0325 
1299 0.1017 0.8674 0.0310 
1300 0.1063 0.4907 0.4030 
1301 0.1021 0.8672 0.0307 
1302 0.4627 0.4601 0.0772 
1303 0.2592 0.6940 0.0468 
1304 0.3531 0.5911 0.0558 
1305 0.2178 0.6693 0.1129 
1306 0.1020 0.8674 0.0306 
1307 0.2022 0.7518 0.0460 
1308 0.0627 0.8560 0.0813 
1309 0.0994 0.8661 0.0345 
1310 0.4584 0.5121 0.0295 
1311 0.5473 0.4294 0.0233 
1312 0.0793 0.8656 0.0551 
1313 0.0693 0.8950 0.0356 
1314 0.7898 0.1723 0.0379 
1315 0.1348 0.6107 0.2545 
1316 0.4501 0.5165 0.0334 
1317 0.0376 0.8488 0.1136 
1318 0.2313 0.7006 0.0681 
1319 0.0306 0.1044 0.8650 
1320 0.0693 0.8259 0.1047 
1321 0.3340 0.6370 0.0290 
1322 0.5722 0.3530 0.0747 
1323 0.1323 0.8352 0.0325 
1324 0.3751 0.5014 0.1235 
1325 0.0639 0.9177 0.0184 
1326 0.6731 0.2992 0.0278 
1327 0.0355 0.9118 0.0526 
1328 0.0445 0.9220 0.0335 
1329 0.0629 0.8993 0.0378 
1330 0.0953 0.8698 0.0349 
1331 0.0603 0.9088 0.0309 
1332 0.1228 0.7203 0.1570 
1333 0.0567 0.9041 0.0391 
1334 0.4240 0.5467 0.0292 
1335 0.0731 0.8286 0.0983 
1336 0.0602 0.1658 0.7740 
1337 0.0931 0.2238 0.6831 
1338 0.0774 0.8705 0.0521 
1339 0.0566 0.9060 0.0374 
1340 0.0469 0.9013 0.0518 
1341 0.2926 0.6243 0.0831 
1342 0.0399 0.8830 0.0771 
1343 0.0397 0.9165 0.0438 
1344 0.0966 0.4507 0.4527 
1345 0.2735 0.6960 0.0306 
1346 0.5803 0.3522 0.0675 
1347 0.0361 0.7895 0.1744 
1348 0.0584 0.8791 0.0625 
1349 0.0384 0.2227 0.7389 
1350 0.0581 0.6629 0.2790 
1351 0.0403 0.9287 0.0309 
1352 0.5252 0.4131 0.0618 
1353 0.0710 0.8999 0.0291 
1354 0.0577 0.8963 0.0460 
1355 0.0513 0.9302 0.0185 
1356 0.0883 0.8574 0.0542 
1357 0.0391 0.8561 0.1049 
1358 0.0276 0.9276 0.0448 
1359 0.0368 0.8968 0.0664 
1360 0.1902 0.4875 0.3223 
1361 0.1230 0.6735 0.2034 
1362 0.1272 0.7274 0.1454 
1363 0.1061 0.5862 0.3077 
1364 0.1549 0.6155 0.2296 
1365 0.2256 0.6914 0.0830 
1366 0.1478 0.7045 0.1477 
1367 0.0402 0.5338 0.4260 
1368 0.0429 0.4060 0.5511 
1369 0.0701 0.8758 0.0542 
1370 0.0291 0.7670 0.2039 
1371 0.3139 0.6244 0.0617 
1372 0.0382 0.2139 0.7479 
1373 0.0842 0.2325 0.6833 
1374 0.0339 0.8839 0.0822 
1375 0.0830 0.5149 0.4022 
1376 0.0584 0.5927 0.3489 
1377 0.1127 0.7615 0.1257 
1378 0.1217 0.4251 0.4532 
1379 0.0271 0.1147 0.8581 
1380 0.2585 0.6752 0.0664 
1381 0.2474 0.6595 0.0931 
1382 0.0548 0.3036 0.6415 
1383 0.5409 0.4267 0.0324 
1384 0.3130 0.6245 0.0625 
1385 0.0385 0.2128 0.7487 
1386 0.1300 0.7758 0.0942 
1387 0.0930 0.4496 0.4574 
1388 0.2645 0.6045 0.1309 
1389 0.0525 0.8575 0.0900 
1390 0.1021 0.7114 0.1866 
1391 0.1127 0.7306 0.1567 
1392 0.6006 0.2213 0.1781 
1393 0.1120 0.4128 0.4752 
1394 0.0418 0.7378 0.2203 
1395 0.2363 0.7062 0.0574 
1396 0.8082 0.1586 0.0332 
1397 0.1346 0.3803 0.4851 
1398 0.1543 0.4395 0.4062 
1399 0.5041 0.2729 0.2230 
1400 0.3345 0.5822 0.0833 
1401 0.8676 0.1036 0.0287 
1402 0.0845 0.2448 0.6706 
1403 0.1207 0.3720 0.5073 
1404 0.1041 0.5629 0.3330 
1405 0.7127 0.2297 0.0576 
1406 0.4221 0.1907 0.3873 
1407 0.4909 0.4512 0.0580 
1408 0.2353 0.6844 0.0803 
1409 0.4976 0.1565 0.3459 
1410 0.3206 0.5873 0.0921 
1411 0.6085 0.3032 0.0883 
1412 0.7151 0.2099 0.0751 
1413 0.1066 0.3452 0.5482 
1414 0.6608 0.1996 0.1396 
1415 0.6955 0.1591 0.1455 
1416 0.0757 0.2507 0.6736 
1417 0.3303 0.5759 0.0939 
1418 0.0533 0.6297 0.3170 
1419 0.0471 0.7244 0.2285 
1420 0.0524 0.8273 0.1203 
1421 0.0249 0.4079 0.5672 
1422 0.0279 0.6978 0.2743 
1423 0.0536 0.8956 0.0509 
1424 0.1494 0.8038 0.0468 
1425 0.0404 0.7657 0.1938 
1426 0.0426 0.8395 0.1179 
1427 0.1783 0.7861 0.0356 
1428 0.0310 0.8477 0.1213 
1429 0.0292 0.5535 0.4173 
1430 0.0357 0.7593 0.2050 
1431 0.0376 0.8581 0.1042 
1432 0.0820 0.7788 0.1392 
1433 0.0222 0.2425 0.7354 
1434 0.0265 0.5800 0.3935 
1435 0.0430 0.2326 0.7244 
1436 0.0433 0.5300 0.4267 
1437 0.0699 0.7797 0.1503 
1438 0.0502 0.9231 0.0267 
1439 0.0378 0.4992 0.4629 
1440 0.0257 0.6357 0.3386 
1441 0.0236 0.1050 0.8714 
1442 0.0289 0.7276 0.2435 
1443 0.0298 0.5467 0.4234 
1444 0.0430 0.8737 0.0833 
1445 0.0267 0.7509 0.2223 
1446 0.0296 0.6292 0.3413 
1447 0.0454 0.7974 0.1572 
1448 0.0248 0.8931 0.0821 
1449 0.0323 0.9232 0.0445 
1450 0.0414 0.8739 0.0848 
1451 0.0261 0.1482 0.8258 
1452 0.0591 0.8302 0.1107 
1453 0.0376 0.6163 0.3461 
1454 0.0574 0.8935 0.0491 
1455 0.1083 0.8067 0.0850 
1456 0.0517 0.8304 0.1179 
1457 0.0399 0.9148 0.0453 
1458 0.0498 0.8667 0.0834 
1459 0.0247 0.4048 0.5705 
1460 0.1435 0.7632 0.0933 
1461 0.5597 0.4083 0.0321 
1462 0.0467 0.8977 0.0556 
1463 0.0651 0.1360 0.7990 
1464 0.8880 0.0840 0.0280 
1465 0.7382 0.2283 0.0335 
1466 0.0535 0.9037 0.0428 
1467 0.7782 0.1714 0.0503 
1468 0.5505 0.4028 0.0467 
1469 0.4702 0.4543 0.0755 
1470 0.0679 0.4468 0.4853 
1471 0.3786 0.4914 0.1300 
1472 0.3063 0.6536 0.0400 
1473 0.2961 0.5561 0.1478 
1474 0.0510 0.8919 0.0571 
1475 0.5026 0.4112 0.0862 
1476 0.8931 0.0858 0.0211 
1477 0.0426 0.1491 0.8083 
1478 0.1341 0.3709 0.4951 
1479 0.2533 0.6993 0.0475 
1480 0.1084 0.8488 0.0429 
1481 0.8339 0.1336 0.0325 
