   1 0.1342 0.1642 0.1610 0.1657 0.3748 
   2 0.0990 0.1838 0.0262 0.6108 0.0803 
   3 0.3252 0.1372 0.1231 0.1690 0.2455 
   4 0.0514 0.1287 0.0325 0.1284 0.6591 
   5 0.2004 0.2050 0.0297 0.4815 0.0834 
   6 0.6825 0.1195 0.0505 0.0817 0.0658 
   7 0.1190 0.6764 0.0585 0.0663 0.0797 
   8 0.2839 0.1865 0.0427 0.0947 0.3922 
   9 0.2537 0.1809 0.0885 0.3142 0.1627 
  10 0.3257 0.3014 0.0509 0.0771 0.2448 
  11 0.0800 0.6374 0.1284 0.0725 0.0817 
  12 0.1866 0.2112 0.0288 0.4467 0.1267 
  13 0.2452 0.3553 0.0450 0.2026 0.1520 
  14 0.1009 0.1499 0.0644 0.4995 0.1853 
  15 0.1090 0.2309 0.0608 0.2739 0.3254 
  16 0.2585 0.2670 0.1996 0.1309 0.1440 
  17 0.5527 0.1329 0.0334 0.1811 0.1000 
  18 0.3320 0.1246 0.1070 0.2784 0.1580 
  19 0.6114 0.1551 0.0358 0.1094 0.0884 
  20 0.1561 0.2961 0.0558 0.3688 0.1232 
  21 0.0861 0.1302 0.0857 0.3815 0.3165 
  22 0.5769 0.1102 0.0598 0.1155 0.1375 
  23 0.0781 0.1861 0.0512 0.3353 0.3494 
  24 0.2002 0.1577 0.1282 0.1859 0.3281 
  25 0.3010 0.4508 0.0440 0.1433 0.0609 
  26 0.4446 0.1161 0.0545 0.2204 0.1644 
  27 0.2385 0.2425 0.0810 0.2449 0.1932 
  28 0.1036 0.2595 0.0967 0.0949 0.4454 
  29 0.0835 0.3887 0.0493 0.3583 0.1203 
  30 0.4417 0.1033 0.1609 0.1841 0.1101 
  31 0.2090 0.2375 0.0469 0.2928 0.2138 
  32 0.2688 0.1999 0.0409 0.2163 0.2741 
  33 0.1113 0.2016 0.2844 0.1664 0.2363 
  34 0.2321 0.5020 0.0634 0.0741 0.1285 
  35 0.2928 0.1044 0.0576 0.4642 0.0809 
  36 0.0358 0.0800 0.5425 0.2431 0.0986 
  37 0.1137 0.2357 0.0378 0.2740 0.3388 
  38 0.0373 0.1146 0.6782 0.1172 0.0527 
  39 0.0804 0.2016 0.4011 0.2247 0.0923 
  40 0.0753 0.0847 0.0814 0.5395 0.2191 
  41 0.0554 0.1203 0.4480 0.2875 0.0887 
  42 0.0263 0.0816 0.3121 0.1572 0.4229 
  43 0.0643 0.2103 0.0324 0.5141 0.1789 
  44 0.1667 0.1115 0.0593 0.5894 0.0731 
  45 0.0392 0.1193 0.3579 0.4232 0.0604 
  46 0.3359 0.1891 0.0899 0.3104 0.0748 
  47 0.3923 0.1594 0.0474 0.2621 0.1387 
  48 0.1927 0.0666 0.0474 0.6248 0.0685 
  49 0.1216 0.1505 0.2319 0.3763 0.1196 
  50 0.2791 0.3404 0.0926 0.1531 0.1348 
  51 0.0233 0.0670 0.3297 0.4967 0.0832 
  52 0.1000 0.1934 0.3834 0.2013 0.1220 
  53 0.0638 0.1029 0.6520 0.0842 0.0971 
  54 0.1221 0.1561 0.0252 0.5722 0.1243 
  55 0.0711 0.1261 0.0282 0.6862 0.0884 
  56 0.1971 0.0698 0.1356 0.4878 0.1097 
  57 0.4056 0.1919 0.0403 0.1075 0.2547 
  58 0.0474 0.1335 0.1194 0.5864 0.1131 
  59 0.0479 0.1162 0.4152 0.3252 0.0955 
  60 0.0447 0.0934 0.1279 0.4922 0.2418 
  61 0.0248 0.0853 0.0243 0.7343 0.1313 
  62 0.3156 0.1345 0.0791 0.3817 0.0891 
  63 0.0428 0.3142 0.1091 0.3353 0.1985 
  64 0.3761 0.1310 0.2220 0.2001 0.0709 
  65 0.0631 0.6929 0.0383 0.1507 0.0549 
  66 0.0409 0.2114 0.0427 0.4408 0.2642 
  67 0.0610 0.1731 0.0253 0.6673 0.0733 
  68 0.0428 0.1126 0.4308 0.2906 0.1232 
  69 0.0753 0.1918 0.4094 0.1210 0.2025 
  70 0.0362 0.2076 0.2344 0.3401 0.1817 
  71 0.0378 0.1165 0.3598 0.4328 0.0531 
  72 0.1138 0.1376 0.4515 0.2155 0.0816 
  73 0.0355 0.1454 0.0476 0.7096 0.0619 
  74 0.0424 0.0729 0.4932 0.2100 0.1815 
  75 0.0385 0.0567 0.2584 0.3624 0.2839 
  76 0.0496 0.4197 0.0547 0.3688 0.1072 
  77 0.0320 0.1378 0.4753 0.2868 0.0681 
  78 0.0317 0.1001 0.5995 0.1966 0.0720 
  79 0.0777 0.6918 0.0548 0.0885 0.0872 
  80 0.0521 0.2013 0.0415 0.0973 0.6078 
  81 0.0664 0.3018 0.0518 0.0942 0.4858 
  82 0.0500 0.2944 0.0458 0.4031 0.2068 
  83 0.0651 0.3019 0.1054 0.1586 0.3691 
  84 0.0493 0.4372 0.0801 0.1082 0.3252 
  85 0.1114 0.2060 0.1080 0.1538 0.4209 
  86 0.1135 0.2339 0.0419 0.5323 0.0785 
  87 0.0460 0.6639 0.0680 0.1177 0.1044 
  88 0.0451 0.3348 0.0445 0.1616 0.4141 
  89 0.0471 0.2512 0.0414 0.1541 0.5061 
  90 0.0394 0.7033 0.0392 0.1069 0.1113 
  91 0.0553 0.1376 0.0773 0.1153 0.6144 
  92 0.0773 0.4982 0.0542 0.1753 0.1950 
  93 0.0297 0.0733 0.0289 0.0670 0.8011 
  94 0.0381 0.5954 0.2133 0.0695 0.0837 
  95 0.0294 0.5701 0.0360 0.1102 0.2543 
  96 0.0253 0.0996 0.0318 0.5820 0.2614 
  97 0.0476 0.0695 0.2937 0.3554 0.2338 
  98 0.0616 0.1494 0.0710 0.5867 0.1314 
  99 0.0447 0.5053 0.0524 0.1089 0.2887 
 100 0.0400 0.0814 0.0218 0.2232 0.6336 
 101 0.0500 0.4487 0.0591 0.2458 0.1964 
 102 0.0356 0.2638 0.0902 0.1821 0.4284 
 103 0.0322 0.4030 0.0333 0.3096 0.2218 
 104 0.0374 0.6681 0.0345 0.1387 0.1213 
 105 0.0304 0.5328 0.0287 0.2147 0.1935 
 106 0.0581 0.6851 0.1163 0.0968 0.0438 
 107 0.0338 0.5204 0.0334 0.2353 0.1770 
 108 0.0452 0.1045 0.0873 0.6998 0.0632 
 109 0.0779 0.5182 0.1383 0.2198 0.0458 
 110 0.0488 0.7085 0.1196 0.0718 0.0514 
 111 0.0304 0.7826 0.0266 0.0977 0.0627 
 112 0.0330 0.7266 0.0793 0.1121 0.0489 
 113 0.0792 0.2084 0.0740 0.5109 0.1276 
 114 0.0316 0.6526 0.0339 0.1319 0.1499 
 115 0.0492 0.5228 0.0382 0.3016 0.0882 
 116 0.0577 0.3669 0.2436 0.2844 0.0474 
 117 0.0503 0.6801 0.0982 0.0977 0.0738 
 118 0.0463 0.2852 0.0340 0.5713 0.0632 
 119 0.0272 0.2022 0.0762 0.3818 0.3126 
 120 0.0446 0.6143 0.0442 0.2050 0.0919 
 121 0.0464 0.5188 0.0593 0.3040 0.0715 
 122 0.0511 0.6809 0.0968 0.1092 0.0621 
 123 0.0363 0.6874 0.0616 0.1248 0.0898 
 124 0.0797 0.3814 0.2459 0.2278 0.0652 
 125 0.1063 0.3324 0.3326 0.1438 0.0848 
 126 0.0323 0.4794 0.1819 0.2000 0.1064 
 127 0.0272 0.7561 0.0267 0.1219 0.0681 
 128 0.0420 0.2984 0.0298 0.5624 0.0674 
 129 0.0343 0.6535 0.0269 0.2235 0.0618 
 130 0.0378 0.6112 0.0371 0.1577 0.1562 
 131 0.0447 0.3214 0.4516 0.1266 0.0557 
 132 0.0495 0.6850 0.0694 0.1453 0.0508 
 133 0.0351 0.6785 0.0362 0.1579 0.0922 
 134 0.0390 0.7956 0.0632 0.0652 0.0370 
 135 0.0369 0.0696 0.0415 0.3729 0.4792 
 136 0.0739 0.0562 0.0247 0.0784 0.7668 
 137 0.0308 0.1033 0.0263 0.0654 0.7743 
 138 0.0380 0.0528 0.0329 0.0743 0.8020 
 139 0.0525 0.0735 0.0345 0.5601 0.2794 
 140 0.0418 0.1482 0.0851 0.1855 0.5394 
 141 0.1000 0.0656 0.0411 0.1017 0.6917 
 142 0.0306 0.0665 0.0359 0.3703 0.4967 
 143 0.0263 0.0484 0.0208 0.0599 0.8445 
 144 0.0278 0.0992 0.0242 0.0717 0.7772 
 145 0.1490 0.0714 0.0450 0.1682 0.5663 
 146 0.0772 0.1647 0.0590 0.1272 0.5720 
 147 0.0335 0.0487 0.0221 0.0515 0.8442 
 148 0.0539 0.1243 0.0342 0.1795 0.6080 
 149 0.0394 0.0535 0.0423 0.1255 0.7393 
 150 0.0382 0.1719 0.0316 0.1182 0.6401 
 151 0.0295 0.0715 0.0261 0.0847 0.7881 
 152 0.0785 0.0987 0.0437 0.2451 0.5339 
 153 0.0353 0.0706 0.0539 0.0925 0.7477 
 154 0.0647 0.0594 0.0260 0.1127 0.7371 
 155 0.0293 0.0674 0.0232 0.0706 0.8094 
 156 0.0219 0.0819 0.0283 0.1988 0.6691 
 157 0.0257 0.1801 0.0492 0.0587 0.6863 
 158 0.1317 0.0672 0.0483 0.1216 0.6312 
 159 0.0326 0.0495 0.0220 0.0597 0.8363 
 160 0.0381 0.0501 0.0214 0.0695 0.8208 
 161 0.0400 0.0909 0.0614 0.0965 0.7112 
 162 0.1089 0.1603 0.0516 0.1918 0.4874 
 163 0.0245 0.0597 0.0246 0.0781 0.8131 
 164 0.0597 0.1685 0.0434 0.1495 0.5788 
 165 0.0303 0.1527 0.0306 0.0984 0.6880 
 166 0.0322 0.1881 0.0807 0.1211 0.5779 
 167 0.1695 0.1005 0.0236 0.0744 0.6321 
 168 0.0436 0.0688 0.0651 0.1076 0.7148 
 169 0.1526 0.0599 0.2701 0.1127 0.4047 
 170 0.0278 0.0810 0.0300 0.1703 0.6909 
 171 0.0649 0.1123 0.0496 0.1615 0.6117 
 172 0.0360 0.0505 0.2462 0.1560 0.5113 
 173 0.0377 0.0517 0.0205 0.0960 0.7941 
 174 0.0336 0.0718 0.0269 0.0630 0.8047 
 175 0.0618 0.0534 0.0227 0.0751 0.7870 
 176 0.0275 0.0982 0.0240 0.0717 0.7786 
 177 0.0366 0.1991 0.0983 0.0791 0.5869 
 178 0.0751 0.0886 0.0286 0.0742 0.7334 
 179 0.0328 0.0507 0.0204 0.0602 0.8358 
 180 0.0970 0.1052 0.0458 0.1218 0.6300 
 181 0.0570 0.0624 0.0402 0.1966 0.6439 
 182 0.0336 0.0556 0.0218 0.1495 0.7395 
 183 0.0368 0.0526 0.0218 0.0747 0.8141 
 184 0.2451 0.1340 0.0248 0.5174 0.0788 
 185 0.0251 0.0476 0.0226 0.2029 0.7017 
 186 0.1020 0.4023 0.0285 0.3780 0.0893 
 187 0.0823 0.1122 0.0260 0.4813 0.2982 
 188 0.0833 0.3572 0.0237 0.4743 0.0614 
 189 0.1821 0.1091 0.1368 0.2549 0.3171 
 190 0.0209 0.0482 0.0186 0.7077 0.2046 
 191 0.0633 0.1231 0.0233 0.6761 0.1143 
 192 0.0726 0.2175 0.0307 0.3509 0.3283 
 193 0.0878 0.1192 0.0382 0.5207 0.2341 
 194 0.0523 0.1930 0.0349 0.3979 0.3218 
 195 0.0299 0.0595 0.0202 0.4660 0.4244 
 196 0.0270 0.0740 0.0252 0.6999 0.1739 
 197 0.2606 0.1662 0.0286 0.3824 0.1622 
 198 0.0835 0.2460 0.0816 0.3719 0.2171 
 199 0.0355 0.0729 0.0311 0.6966 0.1640 
 200 0.0652 0.1030 0.0500 0.6352 0.1466 
 201 0.0427 0.0723 0.0213 0.3197 0.5441 
 202 0.0275 0.0760 0.0211 0.2889 0.5866 
 203 0.0394 0.0706 0.0193 0.3860 0.4847 
 204 0.0286 0.0648 0.0189 0.7225 0.1652 
 205 0.0431 0.0803 0.0288 0.7385 0.1092 
 206 0.0431 0.0738 0.0193 0.6659 0.1979 
 207 0.0328 0.0857 0.0194 0.7713 0.0908 
 208 0.0324 0.0707 0.0209 0.6123 0.2637 
 209 0.0630 0.1110 0.0250 0.6523 0.1487 
 210 0.0324 0.1011 0.0225 0.6349 0.2090 
 211 0.0329 0.0929 0.0188 0.6735 0.1819 
 212 0.0514 0.0701 0.0298 0.2278 0.6209 
 213 0.0319 0.1763 0.0535 0.5773 0.1610 
 214 0.0430 0.0664 0.0216 0.3355 0.5335 
 215 0.0394 0.0851 0.0247 0.7740 0.0768 
 216 0.2273 0.1594 0.0299 0.4656 0.1177 
 217 0.0531 0.0595 0.0260 0.4525 0.4089 
 218 0.0539 0.1027 0.0290 0.6666 0.1478 
 219 0.2915 0.1145 0.0364 0.2678 0.2899 
 220 0.0342 0.0834 0.0196 0.7602 0.1026 
 221 0.0255 0.0467 0.0209 0.2043 0.7026 
 222 0.3084 0.1616 0.0321 0.3208 0.1772 
 223 0.0992 0.1136 0.0372 0.3320 0.4180 
 224 0.0479 0.0868 0.0197 0.4160 0.4296 
 225 0.0397 0.0786 0.0243 0.6959 0.1615 
 226 0.1124 0.0836 0.0914 0.5493 0.1633 
 227 0.0351 0.0797 0.0208 0.6062 0.2582 
 228 0.0273 0.0516 0.0199 0.5832 0.3179 
 229 0.0597 0.1138 0.0202 0.3687 0.4375 
 230 0.0434 0.0895 0.0190 0.5466 0.3015 
 231 0.0881 0.1079 0.0254 0.4047 0.3739 
 232 0.0535 0.1293 0.0626 0.4260 0.3286 
 233 0.0454 0.0683 0.0211 0.2503 0.6149 
 234 0.1023 0.2016 0.0393 0.3930 0.2638 
 235 0.0769 0.0834 0.0414 0.4907 0.3077 
 236 0.0696 0.0915 0.0272 0.4079 0.4038 
 237 0.0389 0.0906 0.0228 0.7304 0.1174 
 238 0.0420 0.1077 0.0269 0.2651 0.5584 
 239 0.0301 0.0602 0.0206 0.4643 0.4248 
 240 0.0412 0.1063 0.0265 0.2706 0.5554 
 241 0.0370 0.0659 0.0271 0.2639 0.6062 
 242 0.1131 0.1274 0.0553 0.4799 0.2244 
 243 0.0249 0.0551 0.0181 0.7300 0.1719 
 244 0.0391 0.0729 0.0187 0.4628 0.4065 
 245 0.0258 0.0689 0.0249 0.1380 0.7424 
 246 0.0541 0.0604 0.0264 0.4470 0.4120 
 247 0.0435 0.4140 0.0651 0.4029 0.0745 
 248 0.0413 0.1113 0.0235 0.7560 0.0680 
 249 0.0467 0.0856 0.0210 0.4471 0.3996 
 250 0.0748 0.1148 0.0246 0.4810 0.3047 
 251 0.1282 0.1467 0.0808 0.5197 0.1245 
 252 0.0560 0.0958 0.0275 0.5381 0.2826 
 253 0.0549 0.1686 0.0571 0.6005 0.1189 
 254 0.2110 0.1427 0.0249 0.4360 0.1854 
 255 0.1011 0.1465 0.0298 0.4717 0.2509 
 256 0.0445 0.0739 0.0265 0.5345 0.3206 
 257 0.0532 0.1138 0.0283 0.5906 0.2140 
 258 0.0405 0.1533 0.0390 0.6385 0.1287 
 259 0.0677 0.1144 0.0240 0.6050 0.1888 
 260 0.2411 0.1460 0.0251 0.2078 0.3800 
 261 0.0472 0.0765 0.0304 0.4510 0.3950 
 262 0.0281 0.0472 0.0243 0.5724 0.3280 
 263 0.0982 0.1128 0.0190 0.6641 0.1058 
 264 0.4813 0.1251 0.0459 0.2917 0.0560 
 265 0.0858 0.0908 0.0350 0.5764 0.2120 
 266 0.0269 0.0489 0.0208 0.2258 0.6777 
 267 0.0751 0.1250 0.0264 0.5131 0.2605 
 268 0.0273 0.0739 0.0248 0.6988 0.1752 
 269 0.2268 0.1222 0.0693 0.3156 0.2662 
 270 0.1741 0.1834 0.0283 0.4842 0.1299 
 271 0.0446 0.1040 0.0324 0.7079 0.1112 
 272 0.0599 0.0818 0.0747 0.6689 0.1147 
 273 0.1265 0.1284 0.0742 0.3805 0.2905 
 274 0.0907 0.1007 0.0432 0.6192 0.1461 
 275 0.1232 0.0800 0.0437 0.5738 0.1793 
 276 0.0543 0.0862 0.0624 0.6968 0.1003 
 277 0.1039 0.1176 0.0376 0.3862 0.3547 
 278 0.0355 0.0721 0.0250 0.7722 0.0952 
 279 0.0714 0.1023 0.0336 0.5694 0.2232 
 280 0.1156 0.0804 0.0519 0.5773 0.1748 
 281 0.0564 0.1391 0.0413 0.5975 0.1657 
 282 0.0891 0.1103 0.0311 0.2414 0.5282 
 283 0.0566 0.0989 0.0215 0.2401 0.5829 
 284 0.0523 0.1713 0.0351 0.4164 0.3249 
 285 0.0415 0.1060 0.0348 0.7681 0.0496 
 286 0.0407 0.0713 0.0193 0.4567 0.4120 
 287 0.1140 0.1354 0.0651 0.4396 0.2460 
 288 0.0747 0.0825 0.0511 0.6842 0.1075 
 289 0.0720 0.1545 0.0429 0.6036 0.1269 
 290 0.1407 0.0770 0.0703 0.5781 0.1339 
 291 0.0447 0.1035 0.0325 0.7071 0.1121 
 292 0.0724 0.0698 0.0622 0.5810 0.2145 
 293 0.1620 0.1245 0.1274 0.4908 0.0953 
 294 0.0968 0.1065 0.0215 0.6899 0.0853 
 295 0.0765 0.1138 0.0800 0.5574 0.1724 
 296 0.0358 0.0920 0.0257 0.7423 0.1043 
 297 0.1696 0.1007 0.0501 0.5556 0.1241 
 298 0.1108 0.1443 0.0283 0.2897 0.4269 
 299 0.1690 0.1542 0.0200 0.5256 0.1312 
 300 0.0407 0.0809 0.0271 0.7718 0.0795 
 301 0.3251 0.1130 0.0292 0.4169 0.1158 
 302 0.0840 0.0971 0.0228 0.7043 0.0919 
 303 0.0589 0.0870 0.0326 0.4127 0.4087 
 304 0.2445 0.1678 0.0258 0.1367 0.4252 
 305 0.0355 0.0572 0.0243 0.6177 0.2652 
 306 0.0791 0.0700 0.0381 0.3667 0.4462 
 307 0.0956 0.1194 0.0333 0.4504 0.3013 
 308 0.0468 0.0770 0.0301 0.4488 0.3974 
 309 0.0422 0.1289 0.0293 0.6945 0.1051 
 310 0.0326 0.0606 0.0200 0.6160 0.2709 
 311 0.0432 0.0900 0.0186 0.5443 0.3039 
 312 0.0274 0.1077 0.0199 0.7356 0.1094 
 313 0.0294 0.0758 0.0216 0.8049 0.0682 
 314 0.0248 0.0464 0.0254 0.0710 0.8323 
 315 0.0305 0.0572 0.0389 0.0799 0.7935 
 316 0.0432 0.0652 0.0419 0.0663 0.7833 
 317 0.0276 0.0481 0.0237 0.0510 0.8497 
 318 0.0300 0.0482 0.0244 0.0437 0.8537 
 319 0.0300 0.0482 0.0206 0.0648 0.8364 
 320 0.0248 0.0463 0.0255 0.0699 0.8335 
 321 0.0315 0.0489 0.0262 0.0481 0.8453 
 322 0.0371 0.0639 0.0413 0.0856 0.7721 
 323 0.0359 0.0479 0.0203 0.0480 0.8479 
 324 0.0310 0.0485 0.0258 0.0482 0.8466 
 325 0.0353 0.0619 0.0445 0.0555 0.8028 
 326 0.0387 0.0601 0.0506 0.0554 0.7952 
 327 0.0274 0.0477 0.0237 0.0512 0.8501 
 328 0.0349 0.0639 0.0391 0.0739 0.7882 
 329 0.0300 0.0485 0.0210 0.0459 0.8547 
 330 0.0275 0.0475 0.0239 0.0520 0.8491 
 331 0.0295 0.0483 0.0213 0.0486 0.8523 
 332 0.0510 0.0631 0.0454 0.0535 0.7871 
 333 0.0376 0.0612 0.0404 0.0631 0.7977 
 334 0.0351 0.0628 0.0383 0.0738 0.7900 
 335 0.0307 0.0608 0.0352 0.0722 0.8012 
 336 0.0372 0.0469 0.0264 0.0545 0.8351 
 337 0.0358 0.0634 0.0487 0.0631 0.7890 
 338 0.0322 0.0488 0.0247 0.0424 0.8519 
 339 0.0296 0.0479 0.0212 0.0491 0.8521 
 340 0.0264 0.0465 0.0198 0.0509 0.8563 
 341 0.0371 0.0481 0.0229 0.0520 0.8400 
 342 0.0272 0.0479 0.0238 0.0512 0.8500 
 343 0.0395 0.0595 0.0397 0.0887 0.7726 
 344 0.0295 0.0479 0.0208 0.0445 0.8573 
 345 0.0278 0.0476 0.0240 0.0526 0.8479 
 346 0.0271 0.0468 0.0223 0.0463 0.8575 
 347 0.0262 0.0465 0.0197 0.0473 0.8603 
 348 0.0278 0.0564 0.0371 0.1076 0.7711 
 349 0.0277 0.0485 0.0239 0.0527 0.8473 
 350 0.0298 0.0469 0.0226 0.0712 0.8296 
 351 0.0310 0.0612 0.0344 0.0711 0.8023 
 352 0.0312 0.0610 0.0420 0.0702 0.7955 
 353 0.0377 0.0467 0.0255 0.0543 0.8357 
 354 0.0308 0.0486 0.0217 0.0465 0.8524 
 355 0.0302 0.0478 0.0244 0.0442 0.8534 
 356 0.0271 0.0574 0.0376 0.1154 0.7625 
 357 0.1166 0.1518 0.1111 0.0844 0.5360 
 358 0.0369 0.0615 0.0382 0.0558 0.8076 
 359 0.0314 0.0488 0.0214 0.0479 0.8505 
 360 0.0273 0.0468 0.0225 0.0471 0.8564 
 361 0.1128 0.1597 0.1241 0.1123 0.4911 
 362 0.0745 0.3688 0.2280 0.2179 0.1108 
 363 0.1548 0.4992 0.1376 0.1397 0.0687 
 364 0.3585 0.1605 0.0362 0.1525 0.2923 
 365 0.5206 0.1419 0.1511 0.1185 0.0679 
 366 0.2213 0.1113 0.0975 0.4150 0.1548 
 367 0.0466 0.7245 0.1240 0.0593 0.0455 
 368 0.0752 0.6362 0.0443 0.1557 0.0887 
 369 0.1402 0.1776 0.0575 0.2561 0.3688 
 370 0.0864 0.5012 0.0473 0.2553 0.1099 
 371 0.3021 0.2293 0.0462 0.2693 0.1531 
 372 0.1330 0.2798 0.0509 0.3885 0.1478 
 373 0.1191 0.5032 0.0637 0.1405 0.1735 
 374 0.1109 0.2495 0.1490 0.1459 0.3447 
 375 0.3278 0.4718 0.0521 0.0883 0.0600 
 376 0.3736 0.1790 0.3424 0.0509 0.0540 
 377 0.1186 0.3187 0.2145 0.2435 0.1048 
 378 0.0309 0.5633 0.0573 0.0996 0.2489 
 379 0.4206 0.1719 0.2988 0.0614 0.0473 
 380 0.1487 0.0758 0.4479 0.1403 0.1873 
 381 0.4358 0.0656 0.1779 0.1595 0.1612 
 382 0.1688 0.6366 0.0597 0.0679 0.0670 
 383 0.2909 0.0733 0.3790 0.0903 0.1666 
 384 0.6271 0.1385 0.0596 0.0731 0.1016 
 385 0.2417 0.3677 0.0421 0.1166 0.2318 
 386 0.0776 0.5767 0.1876 0.0919 0.0662 
 387 0.1267 0.5470 0.1441 0.1004 0.0818 
 388 0.2027 0.2951 0.0899 0.1222 0.2901 
 389 0.0786 0.1286 0.0306 0.6937 0.0685 
 390 0.0650 0.2873 0.4422 0.1473 0.0583 
 391 0.1038 0.3036 0.0684 0.4061 0.1180 
 392 0.2407 0.2015 0.2786 0.1290 0.1502 
 393 0.0840 0.0703 0.6441 0.0812 0.1205 
 394 0.0591 0.3612 0.1421 0.1162 0.3215 
 395 0.0361 0.1990 0.3512 0.3317 0.0820 
 396 0.1897 0.6010 0.0543 0.1053 0.0497 
 397 0.4517 0.1009 0.0272 0.2485 0.1718 
 398 0.0826 0.1961 0.6139 0.0566 0.0509 
 399 0.0410 0.5722 0.1515 0.1667 0.0686 
 400 0.1480 0.5592 0.1024 0.0817 0.1086 
 401 0.0331 0.5502 0.1511 0.1578 0.1078 
 402 0.1592 0.2838 0.0575 0.3876 0.1118 
 403 0.1100 0.1996 0.0652 0.1918 0.4334 
 404 0.3093 0.2169 0.1037 0.2225 0.1476 
 405 0.1664 0.2434 0.1668 0.2876 0.1358 
 406 0.0410 0.0743 0.4547 0.2362 0.1938 
 407 0.1013 0.1701 0.5991 0.0776 0.0518 
 408 0.0266 0.5587 0.0560 0.3097 0.0489 
 409 0.0340 0.0927 0.3885 0.1158 0.3691 
 410 0.2644 0.3180 0.1775 0.1085 0.1316 
 411 0.3796 0.1743 0.0937 0.1587 0.1937 
 412 0.0818 0.6797 0.0485 0.1091 0.0809 
 413 0.0472 0.5304 0.0692 0.1218 0.2314 
 414 0.0959 0.7015 0.0351 0.1138 0.0537 
 415 0.1529 0.1619 0.4581 0.1539 0.0731 
 416 0.1296 0.3209 0.1973 0.2200 0.1322 
 417 0.1055 0.2778 0.4573 0.0906 0.0687 
 418 0.1038 0.7192 0.0493 0.0708 0.0570 
 419 0.0980 0.2600 0.1716 0.2106 0.2598 
 420 0.0314 0.4377 0.2306 0.2315 0.0690 
 421 0.0733 0.4362 0.2766 0.1336 0.0803 
 422 0.0587 0.1115 0.3673 0.3821 0.0805 
 423 0.2976 0.2399 0.1782 0.1984 0.0859 
 424 0.0497 0.5583 0.1102 0.1713 0.1105 
 425 0.4401 0.2047 0.0583 0.1664 0.1305 
 426 0.1318 0.5715 0.0749 0.0926 0.1292 
 427 0.0353 0.1673 0.5809 0.0580 0.1585 
 428 0.0594 0.0958 0.4101 0.1921 0.2426 
 429 0.1317 0.4191 0.3451 0.0581 0.0461 
 430 0.0704 0.1776 0.6006 0.0892 0.0622 
 431 0.1157 0.5210 0.0618 0.1866 0.1149 
 432 0.0678 0.6241 0.0564 0.1484 0.1032 
 433 0.0863 0.2573 0.0343 0.2313 0.3908 
 434 0.2147 0.2712 0.0810 0.2320 0.2012 
 435 0.0401 0.1538 0.6938 0.0635 0.0489 
 436 0.0427 0.1217 0.7161 0.0502 0.0693 
 437 0.6119 0.1504 0.1011 0.0798 0.0568 
 438 0.0254 0.1244 0.6543 0.1041 0.0918 
 439 0.0413 0.0918 0.7576 0.0463 0.0630 
 440 0.0772 0.2063 0.6052 0.0709 0.0405 
 441 0.0849 0.2174 0.4489 0.0865 0.1623 
 442 0.1341 0.3130 0.3670 0.1278 0.0580 
 443 0.0395 0.4322 0.3124 0.1654 0.0506 
 444 0.1309 0.2206 0.4673 0.1263 0.0549 
 445 0.0902 0.0856 0.5430 0.0913 0.1899 
 446 0.0671 0.1836 0.6514 0.0418 0.0561 
 447 0.0796 0.1641 0.4817 0.1595 0.1151 
 448 0.1740 0.2935 0.3420 0.1252 0.0653 
 449 0.2286 0.2384 0.2714 0.1505 0.1111 
 450 0.4743 0.2351 0.1169 0.0556 0.1181 
 451 0.0560 0.7230 0.0601 0.1178 0.0431 
 452 0.2880 0.2433 0.2981 0.0687 0.1019 
 453 0.0382 0.2304 0.1370 0.4763 0.1181 
 454 0.1474 0.3039 0.3178 0.0968 0.1340 
 455 0.0335 0.1167 0.7420 0.0586 0.0492 
 456 0.0641 0.1365 0.6139 0.1381 0.0473 
 457 0.2651 0.1249 0.4722 0.0751 0.0627 
 458 0.1088 0.1186 0.6543 0.0519 0.0665 
 459 0.0411 0.2529 0.4942 0.0617 0.1502 
 460 0.0418 0.3234 0.5273 0.0544 0.0530 
 461 0.0600 0.7250 0.1137 0.0427 0.0586 
 462 0.0942 0.2187 0.4943 0.1535 0.0393 
 463 0.0360 0.1115 0.4917 0.2629 0.0979 
 464 0.0370 0.3148 0.5089 0.0890 0.0503 
 465 0.0501 0.5090 0.2645 0.1048 0.0715 
 466 0.0376 0.2838 0.4136 0.2100 0.0550 
 467 0.0611 0.2076 0.4931 0.1289 0.1093 
 468 0.0729 0.0803 0.7233 0.0776 0.0460 
 469 0.0343 0.0747 0.7987 0.0414 0.0510 
 470 0.0331 0.1417 0.7274 0.0502 0.0477 
 471 0.1385 0.2537 0.1352 0.4121 0.0605 
 472 0.1189 0.3219 0.3053 0.1772 0.0767 
 473 0.1738 0.2698 0.2475 0.1905 0.1184 
 474 0.1779 0.2125 0.3928 0.1122 0.1047 
 475 0.0538 0.4629 0.2473 0.1124 0.1237 
 476 0.2335 0.1979 0.4311 0.0682 0.0693 
 477 0.0503 0.5846 0.1582 0.0991 0.1078 
 478 0.0358 0.7606 0.0940 0.0572 0.0523 
 479 0.0908 0.3220 0.4761 0.0611 0.0502 
 480 0.1899 0.1268 0.5692 0.0546 0.0595 
 481 0.2909 0.2173 0.1084 0.3230 0.0605 
 482 0.0958 0.2388 0.5698 0.0465 0.0491 
 483 0.0441 0.1263 0.7145 0.0503 0.0648 
 484 0.0330 0.1007 0.6677 0.1384 0.0602 
 485 0.0328 0.1068 0.7597 0.0499 0.0507 
 486 0.1417 0.2751 0.0443 0.4495 0.0893 
 487 0.2900 0.1916 0.0363 0.2746 0.2075 
 488 0.1212 0.3508 0.0331 0.3481 0.1468 
 489 0.2878 0.1114 0.0276 0.3570 0.2162 
 490 0.0809 0.5812 0.0600 0.2190 0.0590 
 491 0.1004 0.1330 0.0332 0.5529 0.1805 
 492 0.0513 0.2772 0.0346 0.3115 0.3254 
 493 0.2467 0.1671 0.0234 0.4661 0.0967 
 494 0.3108 0.1415 0.0384 0.3579 0.1514 
 495 0.1122 0.4119 0.0354 0.2139 0.2266 
 496 0.0595 0.1679 0.0536 0.2490 0.4700 
 497 0.2216 0.1712 0.0289 0.3635 0.2147 
 498 0.1078 0.3892 0.0509 0.3351 0.1170 
 499 0.2521 0.1098 0.0294 0.2612 0.3475 
 500 0.5267 0.1081 0.0311 0.2376 0.0964 
 501 0.3134 0.1984 0.0396 0.1694 0.2792 
 502 0.1163 0.3409 0.0461 0.1638 0.3330 
 503 0.4868 0.1783 0.0808 0.1827 0.0713 
 504 0.0471 0.6010 0.0433 0.2219 0.0868 
 505 0.0815 0.1136 0.0312 0.6427 0.1309 
 506 0.0853 0.3389 0.0431 0.2521 0.2806 
 507 0.0383 0.0595 0.0259 0.1837 0.6926 
 508 0.0627 0.0817 0.0209 0.2575 0.5771 
 509 0.0674 0.1124 0.0343 0.5582 0.2277 
 510 0.4388 0.1175 0.0264 0.1433 0.2739 
 511 0.2587 0.2625 0.1283 0.2633 0.0872 
 512 0.4699 0.3113 0.0585 0.1054 0.0550 
 513 0.0291 0.2007 0.0189 0.6724 0.0789 
 514 0.0517 0.5960 0.0461 0.1779 0.1283 
 515 0.1505 0.1171 0.2699 0.2485 0.2140 
 516 0.0459 0.4170 0.0432 0.3849 0.1090 
 517 0.0545 0.2475 0.1803 0.2901 0.2276 
 518 0.4174 0.1079 0.0298 0.1564 0.2885 
 519 0.0411 0.6294 0.0550 0.1408 0.1337 
 520 0.0589 0.0818 0.2148 0.2914 0.3531 
 521 0.0396 0.2881 0.0457 0.1887 0.4378 
 522 0.3826 0.1341 0.0756 0.3348 0.0729 
 523 0.0345 0.2083 0.0942 0.3633 0.2996 
 524 0.0809 0.1627 0.3351 0.2615 0.1598 
 525 0.3383 0.0929 0.0839 0.1864 0.2985 
 526 0.0333 0.0731 0.5146 0.2559 0.1230 
 527 0.4718 0.2753 0.0333 0.1383 0.0813 
 528 0.0454 0.1124 0.0293 0.2433 0.5696 
 529 0.1768 0.2131 0.0474 0.3521 0.2106 
 530 0.3074 0.1411 0.1009 0.3196 0.1310 
 531 0.0991 0.1361 0.1137 0.1786 0.4725 
 532 0.3110 0.1638 0.0282 0.2154 0.2816 
 533 0.3734 0.1222 0.0732 0.3258 0.1055 
 534 0.0922 0.1460 0.0281 0.5851 0.1486 
 535 0.0425 0.2753 0.1959 0.3636 0.1226 
 536 0.0719 0.1376 0.2731 0.2468 0.2706 
 537 0.0545 0.1051 0.0555 0.3561 0.4288 
 538 0.0569 0.1167 0.0521 0.5233 0.2511 
 539 0.0491 0.0697 0.0230 0.1877 0.6705 
 540 0.0842 0.1107 0.0737 0.4262 0.3051 
 541 0.0698 0.1320 0.0810 0.1378 0.5793 
 542 0.0486 0.0788 0.3356 0.4467 0.0902 
 543 0.0327 0.2428 0.0917 0.3499 0.2829 
 544 0.0459 0.0986 0.0921 0.6296 0.1338 
 545 0.0315 0.1155 0.4294 0.3584 0.0652 
 546 0.0546 0.1080 0.0850 0.5427 0.2097 
 547 0.0303 0.1226 0.1256 0.4458 0.2759 
 548 0.0794 0.1153 0.0249 0.4735 0.3068 
 549 0.0362 0.0677 0.2794 0.0928 0.5240 
 550 0.0451 0.1588 0.3504 0.3312 0.1144 
 551 0.0462 0.0972 0.0731 0.0988 0.6846 
 552 0.0661 0.0764 0.0390 0.5944 0.2241 
 553 0.0283 0.1422 0.0606 0.4866 0.2824 
 554 0.1890 0.2698 0.0713 0.2245 0.2455 
 555 0.0496 0.0979 0.0362 0.4308 0.3856 
 556 0.0525 0.1206 0.0498 0.5537 0.2234 
 557 0.0348 0.1522 0.5065 0.1286 0.1780 
 558 0.0833 0.2050 0.6200 0.0411 0.0505 
 559 0.0606 0.5179 0.0415 0.2881 0.0919 
 560 0.0325 0.5327 0.3242 0.0713 0.0394 
 561 0.0842 0.4756 0.2037 0.1800 0.0565 
 562 0.0960 0.5568 0.0820 0.2253 0.0400 
 563 0.0391 0.5060 0.1093 0.0958 0.2499 
 564 0.0944 0.2801 0.0382 0.4926 0.0947 
 565 0.0977 0.1312 0.6484 0.0604 0.0623 
 566 0.0531 0.7385 0.0963 0.0708 0.0414 
 567 0.0850 0.2942 0.0296 0.5307 0.0604 
 568 0.0441 0.5020 0.1578 0.2036 0.0925 
 569 0.1586 0.4406 0.0805 0.2332 0.0871 
 570 0.4044 0.3663 0.1276 0.0579 0.0438 
 571 0.0367 0.7523 0.0572 0.0880 0.0659 
 572 0.0649 0.1363 0.1059 0.4600 0.2330 
 573 0.0688 0.3255 0.1245 0.3820 0.0991 
 574 0.3671 0.2271 0.0789 0.1238 0.2031 
 575 0.0493 0.5344 0.0944 0.1490 0.1729 
 576 0.0630 0.7652 0.0644 0.0655 0.0419 
 577 0.2817 0.3465 0.0705 0.1097 0.1917 
 578 0.0602 0.6446 0.1119 0.1122 0.0711 
 579 0.1020 0.4965 0.1503 0.1828 0.0684 
 580 0.2233 0.3230 0.2321 0.1013 0.1202 
 581 0.0918 0.4975 0.2455 0.0779 0.0872 
 582 0.1005 0.3188 0.4464 0.0876 0.0467 
 583 0.1259 0.6868 0.0452 0.0759 0.0662 
 584 0.0732 0.7487 0.0633 0.0644 0.0504 
 585 0.0899 0.5916 0.1422 0.1146 0.0617 
 586 0.0358 0.6881 0.0483 0.1422 0.0857 
 587 0.2858 0.3151 0.0959 0.2547 0.0485 
 588 0.0306 0.0778 0.0213 0.8110 0.0593 
 589 0.1950 0.2930 0.2566 0.2024 0.0529 
 590 0.0738 0.6683 0.0309 0.1664 0.0607 
 591 0.0400 0.7403 0.0520 0.0938 0.0738 
 592 0.0533 0.4215 0.1082 0.3626 0.0544 
 593 0.0660 0.4953 0.1439 0.1765 0.1184 
 594 0.0877 0.5822 0.0487 0.1241 0.1573 
 595 0.5630 0.2427 0.0316 0.1194 0.0434 
 596 0.0677 0.2053 0.0880 0.5551 0.0839 
 597 0.0279 0.5696 0.0408 0.1115 0.2502 
 598 0.4172 0.2697 0.2165 0.0483 0.0484 
 599 0.0651 0.6769 0.0679 0.1457 0.0444 
 600 0.1543 0.2525 0.2980 0.1508 0.1444 
 601 0.0644 0.5514 0.2113 0.1249 0.0480 
 602 0.1145 0.2736 0.0493 0.3319 0.2307 
 603 0.0761 0.3636 0.0405 0.3131 0.2067 
 604 0.1784 0.1366 0.3732 0.1512 0.1606 
 605 0.0824 0.4152 0.1499 0.2636 0.0889 
 606 0.1552 0.1942 0.0745 0.3531 0.2230 
 607 0.2226 0.2094 0.0952 0.1422 0.3307 
 608 0.0625 0.1934 0.1241 0.0890 0.5310 
 609 0.2224 0.3159 0.2086 0.1335 0.1196 
 610 0.0643 0.1209 0.5610 0.1717 0.0821 
 611 0.0704 0.2987 0.0643 0.3687 0.1979 
 612 0.1263 0.1134 0.6161 0.0729 0.0713 
 613 0.3124 0.2316 0.0889 0.2547 0.1123 
 614 0.6532 0.0861 0.1106 0.0960 0.0541 
 615 0.2618 0.0989 0.3747 0.1401 0.1246 
 616 0.2413 0.3036 0.0558 0.1587 0.2407 
 617 0.3890 0.2243 0.0809 0.2401 0.0657 
 618 0.1579 0.0815 0.3797 0.1529 0.2280 
 619 0.0526 0.3342 0.1580 0.2766 0.1787 
 620 0.0371 0.4440 0.0767 0.3994 0.0429 
 621 0.1152 0.6697 0.0755 0.0701 0.0694 
 622 0.2777 0.1180 0.1458 0.3235 0.1350 
 623 0.0905 0.4958 0.0685 0.2701 0.0752 
 624 0.0993 0.1142 0.4666 0.0800 0.2399 
 625 0.4146 0.2235 0.0792 0.1055 0.1772 
 626 0.0708 0.0588 0.2687 0.1585 0.4432 
 627 0.1124 0.4588 0.0840 0.2368 0.1080 
 628 0.1075 0.4081 0.0524 0.3332 0.0988 
 629 0.2783 0.3019 0.0454 0.2539 0.1205 
 630 0.3041 0.2185 0.2453 0.1399 0.0922 
 631 0.3841 0.2555 0.0886 0.1659 0.1058 
 632 0.1204 0.1046 0.0516 0.4271 0.2962 
 633 0.2325 0.2336 0.2159 0.1282 0.1898 
 634 0.1191 0.2783 0.0918 0.2546 0.2561 
 635 0.1307 0.1187 0.0682 0.1612 0.5212 
 636 0.1968 0.2148 0.1668 0.1374 0.2844 
 637 0.0890 0.1284 0.0970 0.5552 0.1303 
 638 0.1985 0.3328 0.0563 0.2275 0.1849 
 639 0.4072 0.1544 0.1241 0.1621 0.1522 
 640 0.0765 0.6943 0.0559 0.0791 0.0942 
 641 0.4229 0.2207 0.0438 0.1974 0.1153 
 642 0.0433 0.1172 0.0755 0.1809 0.5830 
 643 0.0324 0.0940 0.0405 0.0660 0.7672 
 644 0.0421 0.1590 0.0385 0.1323 0.6281 
 645 0.0614 0.0510 0.2689 0.1137 0.5050 
 646 0.0543 0.2258 0.0870 0.4430 0.1900 
 647 0.0463 0.2351 0.0571 0.1738 0.4877 
 648 0.2633 0.0802 0.0376 0.3533 0.2657 
 649 0.0395 0.1532 0.0393 0.5519 0.2162 
 650 0.0414 0.2781 0.0465 0.3814 0.2527 
 651 0.0859 0.2201 0.0282 0.2068 0.4590 
 652 0.0459 0.1379 0.0460 0.1512 0.6189 
 653 0.1652 0.0851 0.0613 0.2491 0.4394 
 654 0.0522 0.0889 0.0490 0.3435 0.4663 
 655 0.0286 0.2776 0.0665 0.0934 0.5339 
 656 0.0755 0.0953 0.0560 0.5242 0.2491 
 657 0.3184 0.1675 0.1043 0.1409 0.2689 
 658 0.0476 0.3476 0.1220 0.1822 0.3005 
 659 0.0997 0.1071 0.0496 0.2471 0.4964 
 660 0.0451 0.0986 0.0302 0.2097 0.6164 
 661 0.0455 0.0823 0.0768 0.2480 0.5474 
 662 0.0306 0.1372 0.0343 0.6550 0.1430 
 663 0.0726 0.1309 0.0359 0.2488 0.5118 
 664 0.0376 0.3035 0.2234 0.1062 0.3293 
 665 0.0424 0.1230 0.0298 0.6295 0.1753 
 666 0.0430 0.1127 0.0572 0.2467 0.5404 
 667 0.0725 0.2734 0.0638 0.4294 0.1609 
 668 0.0519 0.1622 0.0890 0.2067 0.4902 
 669 0.1249 0.1310 0.0394 0.3753 0.3294 
 670 0.0309 0.0575 0.0230 0.0932 0.7955 
 671 0.0317 0.0913 0.0326 0.1545 0.6900 
 672 0.0254 0.1511 0.0698 0.0748 0.6790 
 673 0.0402 0.0491 0.0213 0.0481 0.8413 
 674 0.0580 0.0725 0.0369 0.1273 0.7052 
 675 0.0278 0.0992 0.0245 0.0713 0.7772 
 676 0.0302 0.0490 0.0220 0.0506 0.8483 
 677 0.0260 0.0512 0.0242 0.1971 0.7016 
 678 0.0406 0.0553 0.0219 0.0433 0.8389 
 679 0.0673 0.0752 0.0315 0.0661 0.7600 
 680 0.0490 0.0564 0.0388 0.0857 0.7702 
 681 0.0912 0.0934 0.1038 0.3834 0.3282 
 682 0.0397 0.0569 0.0419 0.0636 0.7978 
 683 0.0288 0.0532 0.0235 0.0856 0.8088 
 684 0.0366 0.0563 0.0217 0.0487 0.8367 
 685 0.0260 0.0473 0.0206 0.0543 0.8518 
 686 0.0365 0.0618 0.0455 0.1851 0.6711 
 687 0.0314 0.0857 0.0291 0.1821 0.6717 
 688 0.0305 0.0744 0.0286 0.0705 0.7960 
 689 0.0296 0.0465 0.0208 0.0536 0.8494 
 690 0.0294 0.0492 0.0219 0.0504 0.8490 
 691 0.0562 0.0710 0.0311 0.0847 0.7570 
 692 0.0477 0.0736 0.0269 0.0596 0.7921 
 693 0.0296 0.0839 0.0409 0.0541 0.7915 
 694 0.0241 0.0458 0.0199 0.0550 0.8552 
 695 0.0299 0.0578 0.0365 0.0724 0.8034 
 696 0.0300 0.0741 0.0290 0.0704 0.7965 
 697 0.0314 0.0473 0.0230 0.0671 0.8312 
 698 0.0293 0.0493 0.0219 0.0560 0.8434 
 699 0.0266 0.0549 0.0370 0.1344 0.7471 
 700 0.0272 0.0694 0.0998 0.0861 0.7175 
 701 0.0966 0.0696 0.0431 0.0860 0.7047 
 702 0.0370 0.0831 0.0623 0.1137 0.7039 
 703 0.0401 0.0564 0.0426 0.0723 0.7886 
 704 0.0267 0.0676 0.0286 0.0871 0.7900 
 705 0.0583 0.0819 0.0938 0.3158 0.4503 
 706 0.0376 0.0528 0.0393 0.0853 0.7850 
 707 0.0375 0.0478 0.0232 0.0818 0.8097 
 708 0.0311 0.0491 0.0220 0.0700 0.8278 
 709 0.0245 0.0511 0.0324 0.0741 0.8179 
 710 0.0263 0.0462 0.0209 0.0529 0.8538 
 711 0.0349 0.0523 0.0399 0.1506 0.7224 
 712 0.0250 0.0447 0.0217 0.1389 0.7696 
 713 0.0265 0.0716 0.0263 0.0779 0.7976 
 714 0.0708 0.0779 0.0336 0.1039 0.7138 
 715 0.0242 0.0447 0.0222 0.0833 0.8256 
 716 0.0334 0.0515 0.0405 0.0677 0.8068 
 717 0.0249 0.0440 0.0221 0.0621 0.8469 
 718 0.0409 0.0563 0.0385 0.1563 0.7080 
 719 0.0243 0.0499 0.0224 0.0719 0.8315 
 720 0.1468 0.5786 0.0590 0.1405 0.0751 
 721 0.1396 0.1199 0.0684 0.0999 0.5722 
 722 0.3926 0.2451 0.0743 0.1600 0.1281 
 723 0.6514 0.1363 0.0380 0.0806 0.0937 
 724 0.4952 0.1507 0.0514 0.0885 0.2142 
 725 0.1416 0.3225 0.0360 0.1998 0.3001 
 726 0.4316 0.1359 0.0557 0.2249 0.1519 
 727 0.1700 0.1557 0.0391 0.3570 0.2782 
 728 0.7290 0.0752 0.0940 0.0619 0.0400 
 729 0.7179 0.1073 0.0690 0.0602 0.0455 
 730 0.4751 0.3022 0.0420 0.1064 0.0743 
 731 0.5356 0.1635 0.1064 0.0817 0.1129 
 732 0.6479 0.1398 0.0364 0.0829 0.0930 
 733 0.7233 0.1107 0.0466 0.0559 0.0635 
 734 0.5463 0.2769 0.0738 0.0587 0.0443 
 735 0.7563 0.0826 0.0476 0.0472 0.0663 
 736 0.2127 0.5334 0.0991 0.0723 0.0825 
 737 0.4553 0.2167 0.0593 0.1793 0.0894 
 738 0.6107 0.1908 0.0393 0.0821 0.0770 
 739 0.7144 0.1185 0.0540 0.0531 0.0600 
 740 0.2047 0.0690 0.0270 0.0790 0.6203 
 741 0.1519 0.1138 0.0542 0.1363 0.5437 
 742 0.0687 0.6536 0.0403 0.0529 0.1845 
 743 0.3373 0.3324 0.0338 0.1375 0.1590 
 744 0.0538 0.3408 0.0551 0.3910 0.1593 
 745 0.0950 0.6266 0.0618 0.1506 0.0660 
 746 0.2442 0.2550 0.0390 0.1555 0.3063 
 747 0.1521 0.4577 0.0271 0.2182 0.1449 
 748 0.0436 0.3013 0.0405 0.0908 0.5238 
 749 0.0913 0.3054 0.0633 0.2811 0.2590 
 750 0.1718 0.3795 0.0329 0.2618 0.1541 
 751 0.0662 0.2851 0.0369 0.1218 0.4900 
 752 0.1413 0.4167 0.0366 0.2399 0.1655 
 753 0.3278 0.2026 0.0452 0.1686 0.2558 
 754 0.2411 0.1653 0.0265 0.1031 0.4641 
 755 0.3532 0.2317 0.0277 0.1217 0.2657 
 756 0.0310 0.5269 0.0383 0.1032 0.3005 
 757 0.0860 0.5224 0.0301 0.1028 0.2587 
 758 0.0736 0.6710 0.0369 0.1497 0.0687 
 759 0.2187 0.1399 0.0293 0.1327 0.4794 
 760 0.5050 0.2226 0.0466 0.0808 0.1449 
 761 0.4848 0.0866 0.0302 0.1264 0.2721 
 762 0.5290 0.2812 0.0485 0.0582 0.0830 
 763 0.3331 0.2000 0.0444 0.1691 0.2535 
 764 0.1430 0.5242 0.0323 0.1209 0.1795 
 765 0.5568 0.1740 0.0303 0.1440 0.0949 
 766 0.0964 0.4153 0.0267 0.1009 0.3607 
 767 0.0469 0.4467 0.0661 0.1116 0.3287 
 768 0.5915 0.2225 0.0422 0.0606 0.0832 
 769 0.3913 0.1651 0.0579 0.0829 0.3028 
 770 0.3467 0.4560 0.0478 0.0774 0.0722 
 771 0.0618 0.1378 0.0363 0.5336 0.2305 
 772 0.0958 0.3670 0.0528 0.1292 0.3552 
 773 0.2660 0.4199 0.0253 0.1317 0.1571 
 774 0.1937 0.1388 0.0222 0.1625 0.4828 
 775 0.3201 0.3344 0.1263 0.0672 0.1520 
 776 0.0509 0.7283 0.0346 0.0954 0.0907 
 777 0.1059 0.3402 0.0469 0.3209 0.1861 
 778 0.1187 0.2544 0.0242 0.3209 0.2817 
 779 0.1510 0.4472 0.0385 0.1127 0.2506 
 780 0.0808 0.2763 0.0397 0.1162 0.4870 
 781 0.0902 0.0956 0.0230 0.5798 0.2114 
 782 0.1502 0.4488 0.0402 0.1124 0.2484 
 783 0.1424 0.4384 0.0320 0.0906 0.2966 
 784 0.1012 0.6111 0.0494 0.0920 0.1463 
 785 0.1846 0.3919 0.0308 0.1252 0.2675 
 786 0.0946 0.3071 0.0286 0.0871 0.4826 
 787 0.0385 0.2099 0.0273 0.1837 0.5407 
 788 0.2431 0.4220 0.0529 0.1160 0.1660 
 789 0.0758 0.6337 0.0527 0.0729 0.1648 
 790 0.2742 0.2256 0.0381 0.0847 0.3774 
 791 0.0718 0.5489 0.0374 0.0950 0.2469 
 792 0.0639 0.1636 0.0306 0.2596 0.4824 
 793 0.0865 0.0990 0.1050 0.2060 0.5035 
 794 0.0934 0.3987 0.0635 0.1708 0.2736 
 795 0.1158 0.1046 0.0718 0.1288 0.5791 
 796 0.0294 0.5237 0.0656 0.0927 0.2886 
 797 0.0523 0.0874 0.0559 0.2041 0.6003 
 798 0.0265 0.1213 0.6904 0.1142 0.0476 
 799 0.0438 0.6061 0.0684 0.1535 0.1282 
 800 0.0248 0.1397 0.0300 0.1943 0.6111 
 801 0.0355 0.1388 0.6016 0.1294 0.0946 
 802 0.0582 0.1115 0.3126 0.2019 0.3158 
 803 0.0746 0.1300 0.0860 0.1878 0.5215 
 804 0.0469 0.1832 0.1313 0.4627 0.1759 
 805 0.0268 0.0867 0.0398 0.0677 0.7791 
 806 0.0620 0.0918 0.4436 0.2418 0.1609 
 807 0.0412 0.0606 0.0420 0.1925 0.6637 
 808 0.0357 0.1075 0.0513 0.3703 0.4352 
 809 0.0325 0.1072 0.4175 0.3284 0.1145 
 810 0.1334 0.2167 0.1451 0.2036 0.3013 
 811 0.0413 0.0945 0.0774 0.3180 0.4688 
 812 0.0314 0.0951 0.0577 0.7565 0.0594 
 813 0.0243 0.1287 0.7070 0.0889 0.0511 
 814 0.0350 0.1637 0.0408 0.6760 0.0845 
 815 0.0323 0.0810 0.5548 0.1078 0.2241 
 816 0.0356 0.1521 0.2801 0.1484 0.3838 
 817 0.0589 0.1132 0.3090 0.1997 0.3191 
 818 0.0404 0.6330 0.1029 0.0828 0.1409 
 819 0.0510 0.3744 0.0343 0.2734 0.2669 
 820 0.0372 0.5242 0.0440 0.1458 0.2488 
 821 0.2748 0.4617 0.0377 0.0667 0.1591 
 822 0.5223 0.2005 0.0283 0.2027 0.0462 
 823 0.2441 0.3686 0.0620 0.0491 0.2762 
 824 0.1081 0.4733 0.0320 0.1362 0.2504 
 825 0.2599 0.4723 0.0516 0.1200 0.0962 
 826 0.0450 0.7653 0.0348 0.0874 0.0674 
 827 0.2541 0.5329 0.0504 0.0691 0.0935 
 828 0.6866 0.0988 0.0251 0.0869 0.1025 
 829 0.3704 0.2078 0.0877 0.1762 0.1579 
 830 0.5951 0.2465 0.0352 0.0623 0.0609 
 831 0.4732 0.1069 0.0447 0.2339 0.1414 
 832 0.0770 0.3485 0.1784 0.1720 0.2241 
 833 0.0679 0.4461 0.1662 0.0711 0.2487 
 834 0.2666 0.2594 0.0906 0.1832 0.2002 
 835 0.0384 0.7235 0.0546 0.1144 0.0691 
 836 0.0507 0.6507 0.0896 0.0852 0.1238 
 837 0.2429 0.1596 0.1338 0.1449 0.3189 
 838 0.0507 0.7053 0.0607 0.1118 0.0715 
 839 0.3058 0.4831 0.0432 0.0639 0.1040 
 840 0.0634 0.1583 0.0367 0.5511 0.1905 
 841 0.0642 0.5357 0.0340 0.1842 0.1819 
 842 0.0495 0.8083 0.0287 0.0626 0.0509 
 843 0.0691 0.2664 0.0511 0.2365 0.3769 
 844 0.2487 0.1955 0.0788 0.2233 0.2537 
 845 0.1062 0.6990 0.0381 0.0687 0.0881 
 846 0.1532 0.5418 0.0283 0.0911 0.1856 
 847 0.2009 0.2769 0.0222 0.2006 0.2994 
 848 0.0317 0.6674 0.0329 0.1111 0.1569 
 849 0.1517 0.5289 0.0357 0.1591 0.1246 
 850 0.1041 0.6438 0.0822 0.0737 0.0961 
 851 0.0419 0.7419 0.0337 0.0958 0.0867 
 852 0.3269 0.1125 0.0275 0.0667 0.4664 
 853 0.1102 0.6882 0.0764 0.0533 0.0719 
 854 0.3796 0.1881 0.0516 0.0781 0.3026 
 855 0.1422 0.5276 0.0330 0.1452 0.1520 
 856 0.1385 0.3435 0.0477 0.2345 0.2358 
 857 0.1282 0.3667 0.0542 0.3628 0.0881 
 858 0.3179 0.4071 0.0308 0.1567 0.0875 
 859 0.2303 0.5383 0.0607 0.0842 0.0866 
 860 0.0387 0.6921 0.0471 0.1417 0.0804 
 861 0.0646 0.1531 0.0264 0.2610 0.4949 
 862 0.2260 0.1197 0.5466 0.0545 0.0531 
 863 0.6200 0.0745 0.0795 0.1080 0.1179 
 864 0.3697 0.0762 0.3905 0.0550 0.1086 
 865 0.0690 0.2010 0.6238 0.0645 0.0418 
 866 0.3010 0.4753 0.0473 0.1075 0.0688 
 867 0.1507 0.0711 0.5974 0.0801 0.1007 
 868 0.3373 0.1015 0.3532 0.1404 0.0676 
 869 0.2959 0.4819 0.0567 0.0901 0.0754 
 870 0.1264 0.2369 0.3832 0.2039 0.0495 
 871 0.0478 0.2038 0.6311 0.0672 0.0502 
 872 0.7492 0.0855 0.0493 0.0543 0.0617 
 873 0.0673 0.1028 0.6932 0.0592 0.0774 
 874 0.1232 0.0991 0.6583 0.0709 0.0485 
 875 0.1417 0.3236 0.1918 0.2610 0.0820 
 876 0.0984 0.5348 0.0700 0.2333 0.0635 
 877 0.1120 0.0841 0.6840 0.0526 0.0672 
 878 0.3375 0.2128 0.1351 0.2157 0.0989 
 879 0.6412 0.0826 0.1336 0.0590 0.0836 
 880 0.1113 0.4141 0.1826 0.2311 0.0609 
 881 0.4028 0.0961 0.3369 0.0803 0.0840 
 882 0.7583 0.0826 0.0466 0.0467 0.0658 
 883 0.2948 0.3037 0.0476 0.2860 0.0679 
 884 0.2148 0.2690 0.4098 0.0635 0.0430 
 885 0.0571 0.0872 0.5047 0.2501 0.1009 
 886 0.6750 0.1064 0.0647 0.0706 0.0833 
 887 0.3779 0.1891 0.3063 0.0753 0.0514 
 888 0.1248 0.1489 0.2533 0.3114 0.1617 
 889 0.0568 0.1508 0.6909 0.0603 0.0412 
 890 0.3041 0.3765 0.1369 0.1377 0.0448 
 891 0.0314 0.7014 0.0538 0.1356 0.0778 
 892 0.0816 0.4225 0.0375 0.3734 0.0851 
 893 0.0631 0.2330 0.1181 0.4812 0.1046 
 894 0.0559 0.7004 0.1342 0.0594 0.0500 
 895 0.1852 0.2738 0.4020 0.0814 0.0576 
 896 0.0401 0.5223 0.0440 0.2611 0.1325 
 897 0.1795 0.2411 0.0324 0.4682 0.0787 
 898 0.1932 0.2773 0.1741 0.2112 0.1441 
 899 0.0476 0.7573 0.0893 0.0636 0.0423 
 900 0.0296 0.7259 0.0477 0.1294 0.0673 
 901 0.0441 0.7452 0.0472 0.0935 0.0700 
 902 0.0531 0.1919 0.0365 0.6441 0.0746 
 903 0.4045 0.3115 0.0763 0.1363 0.0715 
 904 0.5211 0.1333 0.0644 0.1785 0.1027 
 905 0.3011 0.5106 0.0657 0.0727 0.0499 
 906 0.0686 0.5704 0.1284 0.1464 0.0862 
 907 0.0657 0.6494 0.0709 0.0948 0.1192 
 908 0.1196 0.6345 0.0661 0.0904 0.0894 
 909 0.0703 0.5159 0.1344 0.1780 0.1014 
 910 0.0411 0.6601 0.0512 0.1596 0.0881 
 911 0.1015 0.5492 0.2325 0.0729 0.0438 
 912 0.0856 0.6597 0.1061 0.0922 0.0564 
 913 0.1731 0.5586 0.0876 0.1323 0.0483 
 914 0.1070 0.3549 0.1274 0.1158 0.2949 
 915 0.0672 0.6624 0.1353 0.0941 0.0410 
 916 0.0763 0.7394 0.0333 0.0913 0.0597 
 917 0.0953 0.6269 0.1101 0.1048 0.0630 
 918 0.1383 0.3130 0.1967 0.1017 0.2504 
 919 0.1265 0.4250 0.2248 0.0923 0.1314 
 920 0.0465 0.7278 0.0513 0.0701 0.1043 
 921 0.0427 0.2659 0.0693 0.2188 0.4034 
 922 0.0425 0.1372 0.0424 0.7046 0.0734 
 923 0.0458 0.1433 0.0279 0.6646 0.1183 
 924 0.0270 0.2979 0.0452 0.5492 0.0807 
 925 0.0426 0.2963 0.0534 0.4704 0.1372 
 926 0.0229 0.0914 0.0296 0.7061 0.1500 
 927 0.0390 0.0953 0.0470 0.6320 0.1866 
 928 0.0353 0.0660 0.0202 0.6549 0.2236 
 929 0.0366 0.0843 0.0210 0.7711 0.0870 
 930 0.0353 0.2424 0.0652 0.5119 0.1452 
 931 0.0245 0.0542 0.4108 0.2122 0.2983 
 932 0.0299 0.0984 0.0363 0.7742 0.0611 
 933 0.0422 0.1125 0.0275 0.2982 0.5195 
 934 0.0284 0.1025 0.0232 0.7957 0.0502 
 935 0.0366 0.0851 0.0793 0.7130 0.0859 
 936 0.0312 0.0685 0.0382 0.8034 0.0588 
 937 0.0293 0.0651 0.0552 0.7286 0.1218 
 938 0.0220 0.0595 0.0240 0.7054 0.1890 
 939 0.0285 0.0620 0.0520 0.6587 0.1988 
 940 0.0333 0.0796 0.0398 0.7200 0.1273 
 941 0.0347 0.2078 0.0960 0.5925 0.0690 
 942 0.0785 0.1441 0.0425 0.3861 0.3487 
 943 0.0245 0.0562 0.0640 0.6178 0.2375 
 944 0.0431 0.0569 0.0337 0.7310 0.1353 
 945 0.0487 0.1049 0.0318 0.7066 0.1080 
 946 0.0302 0.0924 0.0306 0.7596 0.0873 
 947 0.0199 0.1139 0.0505 0.6082 0.2074 
 948 0.0328 0.0712 0.3104 0.5375 0.0480 
 949 0.0466 0.1121 0.1613 0.6321 0.0480 
 950 0.0213 0.0618 0.0271 0.7789 0.1109 
 951 0.0432 0.1117 0.0444 0.6259 0.1748 
 952 0.0370 0.0883 0.0336 0.7656 0.0755 
 953 0.0530 0.1595 0.1112 0.5573 0.1190 
 954 0.0372 0.0933 0.1324 0.6560 0.0812 
 955 0.0345 0.0526 0.0378 0.1037 0.7714 
 956 0.0337 0.0591 0.0290 0.2154 0.6629 
 957 0.0753 0.1109 0.0672 0.2917 0.4549 
 958 0.1044 0.4048 0.0455 0.2865 0.1588 
 959 0.0813 0.1425 0.0275 0.5012 0.2475 
 960 0.1358 0.3313 0.1878 0.1389 0.2063 
 961 0.0269 0.0475 0.0207 0.0550 0.8499 
 962 0.0317 0.1225 0.0209 0.7267 0.0981 
 963 0.0753 0.2780 0.0794 0.4164 0.1510 
 964 0.2812 0.2800 0.0337 0.1897 0.2154 
 965 0.0563 0.1598 0.0335 0.3435 0.4069 
 966 0.0806 0.1600 0.0809 0.3404 0.3382 
 967 0.0432 0.0553 0.0385 0.0958 0.7671 
 968 0.0434 0.1517 0.0274 0.6396 0.1379 
 969 0.2892 0.1599 0.0934 0.1135 0.3440 
 970 0.0570 0.0751 0.0310 0.1544 0.6824 
 971 0.0462 0.1388 0.0283 0.5778 0.2088 
 972 0.1382 0.1343 0.0832 0.3164 0.3278 
 973 0.0343 0.1158 0.0282 0.4245 0.3972 
 974 0.3400 0.1903 0.0415 0.2386 0.1895 
 975 0.2849 0.1614 0.0945 0.1105 0.3487 
