   1 0.0317 0.0592 0.1388 0.3204 0.1705 0.2794 
   2 0.0109 0.0210 0.0404 0.0855 0.7340 0.1083 
   3 0.0279 0.0312 0.0546 0.2786 0.1264 0.4813 
   4 0.0273 0.3989 0.0773 0.2068 0.1630 0.1266 
   5 0.0114 0.0244 0.0452 0.0673 0.7275 0.1242 
   6 0.0119 0.0379 0.0363 0.0700 0.1945 0.6495 
   7 0.0100 0.0262 0.2554 0.0715 0.2741 0.3628 
   8 0.0189 0.2459 0.0867 0.1622 0.1496 0.3366 
   9 0.0160 0.0286 0.0945 0.2240 0.3066 0.3304 
  10 0.0094 0.1580 0.0748 0.0919 0.2654 0.4004 
  11 0.0091 0.0216 0.2695 0.0824 0.2447 0.3727 
  12 0.0141 0.0360 0.0482 0.1064 0.6632 0.1322 
  13 0.0156 0.0262 0.0582 0.1556 0.4773 0.2670 
  14 0.0625 0.0550 0.0438 0.1784 0.4098 0.2506 
  15 0.0210 0.0745 0.0781 0.2205 0.3841 0.2218 
  16 0.0170 0.0226 0.0591 0.1345 0.2104 0.5564 
  17 0.0268 0.0338 0.0583 0.1299 0.4621 0.2891 
  18 0.0201 0.0431 0.0365 0.1645 0.3516 0.3841 
  19 0.0103 0.0290 0.0528 0.1115 0.3325 0.4640 
  20 0.0208 0.0366 0.1032 0.1077 0.4688 0.2629 
  21 0.0302 0.0766 0.0551 0.2603 0.3637 0.2141 
  22 0.0150 0.0280 0.0346 0.1632 0.1983 0.5610 
  23 0.0599 0.0434 0.0977 0.3927 0.2373 0.1690 
  24 0.0174 0.0352 0.0488 0.3263 0.2224 0.3499 
  25 0.0182 0.0208 0.0771 0.0609 0.4678 0.3552 
  26 0.0172 0.0528 0.0520 0.1766 0.4309 0.2705 
  27 0.0357 0.0346 0.0544 0.1523 0.4095 0.3135 
  28 0.0157 0.2464 0.1612 0.1605 0.1746 0.2416 
  29 0.0152 0.0193 0.0875 0.1365 0.5568 0.1847 
  30 0.0209 0.0223 0.0332 0.1486 0.2141 0.5608 
  31 0.0304 0.1493 0.0693 0.0982 0.4428 0.2099 
  32 0.0196 0.0659 0.0708 0.2404 0.2518 0.3516 
  33 0.0203 0.0244 0.0945 0.2956 0.1413 0.4240 
  34 0.0134 0.1042 0.1673 0.0577 0.1778 0.4796 
  35 0.0560 0.0179 0.0445 0.1521 0.4405 0.2890 
  36 0.1669 0.0194 0.0476 0.2187 0.1655 0.3819 
  37 0.0200 0.0321 0.0596 0.3581 0.3535 0.1768 
  38 0.0362 0.0146 0.0881 0.0906 0.1539 0.6167 
  39 0.0497 0.0246 0.0877 0.1257 0.2854 0.4270 
  40 0.0970 0.0250 0.0376 0.4317 0.1863 0.2224 
  41 0.2177 0.0148 0.0914 0.1818 0.1467 0.3476 
  42 0.0869 0.0267 0.0551 0.4928 0.1249 0.2136 
  43 0.1524 0.0241 0.0729 0.2759 0.3378 0.1368 
  44 0.3445 0.0139 0.0451 0.1211 0.2184 0.2570 
  45 0.1202 0.0152 0.0530 0.1317 0.3645 0.3154 
  46 0.0468 0.0266 0.0582 0.0818 0.3959 0.3907 
  47 0.0247 0.0293 0.0537 0.1862 0.3713 0.3348 
  48 0.3228 0.0147 0.0330 0.1520 0.2397 0.2378 
  49 0.0549 0.0222 0.0716 0.1733 0.3775 0.3006 
  50 0.0289 0.0753 0.1040 0.0729 0.2716 0.4473 
  51 0.5902 0.0147 0.0407 0.1019 0.1194 0.1331 
  52 0.0539 0.0276 0.0946 0.1471 0.2602 0.4165 
  53 0.0282 0.0305 0.0661 0.1285 0.1176 0.6291 
  54 0.0379 0.0258 0.0460 0.2232 0.5485 0.1186 
  55 0.1543 0.0213 0.0454 0.1626 0.5014 0.1152 
  56 0.0679 0.0242 0.0437 0.2289 0.3110 0.3244 
  57 0.0113 0.1093 0.0709 0.1743 0.3590 0.2752 
  58 0.0675 0.0206 0.0607 0.2499 0.3934 0.2078 
  59 0.0794 0.0216 0.0812 0.1621 0.3013 0.3544 
  60 0.1701 0.0414 0.0526 0.3568 0.1892 0.1899 
  61 0.1234 0.0302 0.0457 0.3386 0.3793 0.0829 
  62 0.0176 0.0343 0.0557 0.0976 0.5195 0.2753 
  63 0.0462 0.0282 0.1372 0.2852 0.2712 0.2320 
  64 0.0132 0.0191 0.0524 0.0935 0.2794 0.5425 
  65 0.0172 0.0177 0.1592 0.0611 0.5078 0.2370 
  66 0.0210 0.0524 0.0961 0.3029 0.3967 0.1310 
  67 0.1298 0.0181 0.0581 0.1551 0.5208 0.1181 
  68 0.0921 0.0260 0.0749 0.1939 0.2848 0.3284 
  69 0.0815 0.1463 0.2396 0.0655 0.1239 0.3431 
  70 0.1749 0.0227 0.1387 0.2726 0.1328 0.2583 
  71 0.1954 0.0149 0.0725 0.0822 0.3366 0.2983 
  72 0.0684 0.0205 0.0639 0.1324 0.2228 0.4920 
  73 0.0714 0.0176 0.0741 0.1163 0.5798 0.1409 
  74 0.0787 0.0234 0.0433 0.3637 0.1353 0.3556 
  75 0.0958 0.0243 0.0330 0.4942 0.1438 0.2089 
  76 0.1043 0.0202 0.1218 0.1656 0.3754 0.2127 
  77 0.1700 0.0133 0.0835 0.1445 0.2252 0.3637 
  78 0.1236 0.0136 0.0863 0.1624 0.1456 0.4686 
  79 0.0090 0.0246 0.0955 0.0938 0.4265 0.3507 
  80 0.0098 0.0580 0.0823 0.5715 0.1330 0.1454 
  81 0.0088 0.0948 0.1101 0.3835 0.1846 0.2182 
  82 0.0224 0.0287 0.0717 0.2056 0.5444 0.1272 
  83 0.0186 0.0767 0.1054 0.3107 0.1618 0.3268 
  84 0.0111 0.0738 0.1059 0.2474 0.2499 0.3119 
  85 0.0161 0.0823 0.0470 0.3083 0.2000 0.3463 
  86 0.0355 0.0249 0.0619 0.1092 0.5973 0.1712 
  87 0.0195 0.0316 0.2589 0.1138 0.2826 0.2936 
  88 0.0107 0.0466 0.1235 0.3537 0.3203 0.1452 
  89 0.0098 0.0632 0.0779 0.4479 0.2572 0.1440 
  90 0.0100 0.0282 0.1688 0.1073 0.4777 0.2082 
  91 0.0172 0.0828 0.0602 0.4851 0.1365 0.2183 
  92 0.0102 0.0331 0.0789 0.1460 0.5277 0.2041 
  93 0.0110 0.2815 0.0415 0.4352 0.1287 0.1021 
  94 0.0201 0.0251 0.4536 0.0835 0.0992 0.3186 
  95 0.0104 0.0410 0.2906 0.2400 0.2804 0.1375 
  96 0.1058 0.0325 0.0434 0.4055 0.3267 0.0861 
  97 0.0692 0.0277 0.0338 0.3744 0.2391 0.2559 
  98 0.0558 0.0176 0.0412 0.2808 0.3696 0.2349 
  99 0.0099 0.0662 0.1153 0.2356 0.3096 0.2633 
 100 0.0114 0.0413 0.0320 0.6690 0.1723 0.0739 
 101 0.0282 0.0423 0.1637 0.2037 0.3515 0.2105 
 102 0.0413 0.0632 0.1422 0.4042 0.1707 0.1784 
 103 0.0182 0.0837 0.1705 0.1800 0.4305 0.1171 
 104 0.0256 0.0881 0.3312 0.0457 0.3422 0.1672 
 105 0.0234 0.1386 0.3182 0.0654 0.3627 0.0917 
 106 0.0191 0.0143 0.2400 0.0483 0.2349 0.4434 
 107 0.0219 0.0742 0.3574 0.1528 0.2779 0.1159 
 108 0.2740 0.0266 0.0425 0.0772 0.3550 0.2246 
 109 0.0233 0.0176 0.1980 0.0490 0.4576 0.2546 
 110 0.0126 0.0162 0.5016 0.0545 0.1227 0.2923 
 111 0.0137 0.0248 0.6204 0.0612 0.1917 0.0882 
 112 0.0219 0.0168 0.6632 0.0566 0.1224 0.1191 
 113 0.0285 0.0379 0.1108 0.1633 0.4275 0.2320 
 114 0.0180 0.1131 0.3353 0.0513 0.3400 0.1422 
 115 0.0415 0.0228 0.4976 0.0916 0.2283 0.1181 
 116 0.0635 0.0147 0.1560 0.0679 0.3560 0.3419 
 117 0.0152 0.0165 0.6036 0.0610 0.1233 0.1803 
 118 0.0176 0.0233 0.0869 0.0705 0.6991 0.1026 
 119 0.1916 0.0391 0.0662 0.3641 0.1784 0.1606 
 120 0.0255 0.0313 0.4179 0.1006 0.2817 0.1430 
 121 0.0716 0.0165 0.5759 0.0651 0.1536 0.1173 
 122 0.0152 0.0235 0.2543 0.0578 0.2865 0.3628 
 123 0.0241 0.0312 0.5243 0.0845 0.1712 0.1648 
 124 0.0625 0.0232 0.3385 0.0723 0.2236 0.2799 
 125 0.0291 0.0196 0.3431 0.0879 0.1354 0.3849 
 126 0.0643 0.0305 0.2386 0.1182 0.2406 0.3079 
 127 0.0152 0.0263 0.6216 0.0699 0.1808 0.0861 
 128 0.0166 0.0217 0.0622 0.0673 0.7411 0.0911 
 129 0.0183 0.0223 0.2653 0.0578 0.5371 0.0992 
 130 0.0137 0.0707 0.3305 0.1120 0.3152 0.1580 
 131 0.0753 0.0178 0.3727 0.0590 0.1313 0.3439 
 132 0.0194 0.0185 0.2066 0.0507 0.4071 0.2976 
 133 0.0280 0.0364 0.4496 0.0864 0.2838 0.1158 
 134 0.0110 0.0128 0.5982 0.0429 0.1397 0.1954 
 135 0.0504 0.0805 0.0379 0.4505 0.2908 0.0899 
 136 0.0119 0.3368 0.0295 0.3372 0.1726 0.1120 
 137 0.0101 0.1321 0.0776 0.5801 0.1121 0.0881 
 138 0.0211 0.5828 0.0320 0.1512 0.0989 0.1140 
 139 0.0449 0.1856 0.0374 0.1597 0.4437 0.1287 
 140 0.0315 0.1435 0.0498 0.3437 0.2546 0.1769 
 141 0.0173 0.4951 0.0323 0.1169 0.1648 0.1735 
 142 0.0848 0.1479 0.0375 0.3874 0.2539 0.0885 
 143 0.0108 0.0910 0.0278 0.7124 0.0894 0.0686 
 144 0.0113 0.0862 0.0708 0.6540 0.1042 0.0735 
 145 0.0213 0.1443 0.0334 0.3142 0.2951 0.1916 
 146 0.0216 0.2702 0.0795 0.2192 0.2196 0.1900 
 147 0.0102 0.3067 0.0294 0.4740 0.0968 0.0829 
 148 0.0310 0.3253 0.0543 0.2103 0.2580 0.1210 
 149 0.0312 0.4237 0.0338 0.2455 0.1484 0.1173 
 150 0.0130 0.1509 0.1073 0.4104 0.2137 0.1048 
 151 0.0119 0.1279 0.0376 0.5941 0.1437 0.0848 
 152 0.0769 0.2706 0.0446 0.2302 0.2204 0.1573 
 153 0.0314 0.4676 0.0509 0.1819 0.1223 0.1459 
 154 0.0214 0.5384 0.0302 0.1401 0.1782 0.0917 
 155 0.0119 0.6071 0.0416 0.1309 0.1215 0.0870 
 156 0.0542 0.3131 0.0590 0.3374 0.1628 0.0735 
 157 0.0112 0.4370 0.1074 0.1897 0.1166 0.1381 
 158 0.0167 0.1727 0.0347 0.3383 0.2407 0.1969 
 159 0.0088 0.5479 0.0297 0.2388 0.0998 0.0750 
 160 0.0090 0.6000 0.0275 0.1628 0.1257 0.0749 
 161 0.0135 0.0595 0.0509 0.5868 0.1377 0.1516 
 162 0.0235 0.2812 0.0608 0.1248 0.3235 0.1863 
 163 0.0203 0.5562 0.0434 0.1878 0.1103 0.0820 
 164 0.0133 0.3577 0.0449 0.1123 0.3429 0.1290 
 165 0.0124 0.1177 0.0985 0.5114 0.1723 0.0877 
 166 0.0414 0.3874 0.0866 0.1650 0.1483 0.1713 
 167 0.0159 0.6133 0.0433 0.0650 0.1609 0.1016 
 168 0.0345 0.4225 0.0375 0.2047 0.1202 0.1807 
 169 0.0236 0.1110 0.0318 0.2465 0.2052 0.3818 
 170 0.0172 0.0324 0.0361 0.6971 0.1370 0.0802 
 171 0.0329 0.3467 0.0363 0.1687 0.2311 0.1843 
 172 0.0754 0.1342 0.0312 0.4001 0.1385 0.2205 
 173 0.0111 0.5656 0.0279 0.1688 0.1510 0.0757 
 174 0.0091 0.5446 0.0408 0.1668 0.1369 0.1017 
 175 0.0145 0.1285 0.0266 0.5834 0.1269 0.1201 
 176 0.0112 0.0876 0.0697 0.6523 0.1061 0.0731 
 177 0.0163 0.3721 0.0998 0.1320 0.1533 0.2266 
 178 0.0103 0.5393 0.0410 0.1128 0.1611 0.1356 
 179 0.0101 0.6533 0.0268 0.1314 0.0994 0.0790 
 180 0.0259 0.2222 0.0520 0.3447 0.1913 0.1640 
 181 0.0202 0.1076 0.0332 0.4822 0.2368 0.1201 
 182 0.0161 0.1189 0.0294 0.5393 0.2262 0.0701 
 183 0.0120 0.2467 0.0293 0.5014 0.1261 0.0846 
 184 0.0131 0.0216 0.0392 0.1105 0.6571 0.1586 
 185 0.0666 0.3211 0.0327 0.4158 0.1018 0.0620 
 186 0.0133 0.0209 0.0598 0.0971 0.6565 0.1524 
 187 0.0178 0.1246 0.0415 0.2758 0.4195 0.1209 
 188 0.0134 0.0177 0.0421 0.0695 0.7415 0.1159 
 189 0.0216 0.0532 0.0378 0.3931 0.1576 0.3367 
 190 0.1637 0.0483 0.0310 0.4430 0.2569 0.0572 
 191 0.0114 0.0417 0.0285 0.1557 0.6664 0.0963 
 192 0.0109 0.0477 0.0660 0.3718 0.3604 0.1432 
 193 0.0169 0.0405 0.0338 0.3010 0.4622 0.1456 
 194 0.0208 0.0380 0.0697 0.4157 0.3320 0.1238 
 195 0.0310 0.0736 0.0281 0.5507 0.2503 0.0662 
 196 0.0519 0.0459 0.0474 0.3630 0.4015 0.0903 
 197 0.0273 0.0791 0.0617 0.1304 0.5027 0.1989 
 198 0.0223 0.0456 0.0476 0.2475 0.3909 0.2462 
 199 0.0378 0.0252 0.0435 0.4638 0.3421 0.0876 
 200 0.0636 0.0485 0.0378 0.2943 0.3955 0.1604 
 201 0.0259 0.3438 0.0339 0.2379 0.2714 0.0870 
 202 0.0257 0.0426 0.0451 0.6440 0.1771 0.0656 
 203 0.0158 0.1644 0.0330 0.4054 0.3076 0.0738 
 204 0.0260 0.0401 0.0297 0.4037 0.4339 0.0666 
 205 0.0316 0.0380 0.0346 0.2637 0.5134 0.1187 
 206 0.0216 0.0550 0.0306 0.2246 0.5914 0.0767 
 207 0.0218 0.0217 0.0393 0.1839 0.6599 0.0734 
 208 0.0358 0.2335 0.0317 0.1451 0.4729 0.0810 
 209 0.0165 0.0368 0.0317 0.2454 0.5589 0.1107 
 210 0.0182 0.0603 0.0395 0.2887 0.5102 0.0831 
 211 0.0517 0.0384 0.0729 0.2859 0.4834 0.0678 
 212 0.0239 0.0609 0.0272 0.5951 0.1824 0.1105 
 213 0.0564 0.0274 0.0987 0.3053 0.3744 0.1378 
 214 0.0162 0.0543 0.0344 0.6008 0.2136 0.0807 
 215 0.0233 0.0380 0.0370 0.1425 0.6603 0.0988 
 216 0.0154 0.0256 0.0460 0.1320 0.6141 0.1669 
 217 0.0213 0.0588 0.0330 0.5673 0.2190 0.1006 
 218 0.0133 0.0448 0.0401 0.2667 0.5139 0.1212 
 219 0.0157 0.0735 0.0436 0.2921 0.3501 0.2250 
 220 0.0160 0.0405 0.0300 0.1736 0.6644 0.0755 
 221 0.0210 0.0274 0.0255 0.7638 0.1008 0.0615 
 222 0.0160 0.0383 0.0493 0.1943 0.4746 0.2275 
 223 0.0204 0.1433 0.0461 0.3264 0.3125 0.1513 
 224 0.0149 0.0742 0.0345 0.4222 0.3749 0.0793 
 225 0.0295 0.0409 0.0384 0.3616 0.4366 0.0929 
 226 0.0175 0.0508 0.0417 0.2745 0.3167 0.2988 
 227 0.0552 0.0514 0.0441 0.4318 0.3458 0.0717 
 228 0.0810 0.0676 0.0302 0.5184 0.2420 0.0607 
 229 0.0104 0.0608 0.0360 0.4836 0.3214 0.0878 
 230 0.0109 0.0497 0.0347 0.4186 0.4069 0.0790 
 231 0.0121 0.0992 0.0301 0.3174 0.4293 0.1120 
 232 0.0212 0.0307 0.0545 0.4810 0.2639 0.1487 
 233 0.0173 0.3385 0.0348 0.2999 0.2255 0.0840 
 234 0.0134 0.0718 0.0459 0.2338 0.4601 0.1750 
 235 0.0216 0.0460 0.0342 0.4292 0.3148 0.1542 
 236 0.0137 0.0815 0.0444 0.4256 0.3215 0.1133 
 237 0.0256 0.0313 0.0338 0.1761 0.6546 0.0786 
 238 0.0160 0.0496 0.0478 0.5775 0.2123 0.0968 
 239 0.0312 0.0716 0.0281 0.5510 0.2514 0.0667 
 240 0.0167 0.0500 0.0484 0.5754 0.2114 0.0982 
 241 0.0186 0.0469 0.0306 0.6393 0.1854 0.0792 
 242 0.0200 0.0447 0.0321 0.4044 0.3053 0.1934 
 243 0.0733 0.0518 0.0353 0.3444 0.4292 0.0659 
 244 0.0133 0.0758 0.0330 0.4651 0.3376 0.0752 
 245 0.0268 0.2812 0.0410 0.4259 0.1441 0.0809 
 246 0.0214 0.0557 0.0328 0.5710 0.2168 0.1022 
 247 0.0275 0.0204 0.1129 0.1004 0.5237 0.2152 
 248 0.0205 0.0246 0.0408 0.0818 0.7468 0.0856 
 249 0.0136 0.0371 0.0370 0.5552 0.2728 0.0844 
 250 0.0115 0.0510 0.0450 0.3926 0.3839 0.1160 
 251 0.0259 0.0464 0.0471 0.1922 0.4354 0.2530 
 252 0.0258 0.0513 0.0405 0.4454 0.3258 0.1112 
 253 0.0277 0.0248 0.0754 0.2218 0.4941 0.1562 
 254 0.0196 0.0492 0.0450 0.1840 0.5438 0.1584 
 255 0.0150 0.0463 0.0327 0.3073 0.4570 0.1417 
 256 0.0221 0.0387 0.0352 0.4987 0.3130 0.0922 
 257 0.0215 0.0457 0.0460 0.2916 0.4951 0.1001 
 258 0.0608 0.0528 0.0480 0.1805 0.5311 0.1268 
 259 0.0133 0.0365 0.0462 0.2687 0.5359 0.0994 
 260 0.0130 0.0736 0.0553 0.3435 0.3141 0.2006 
 261 0.0379 0.0770 0.0386 0.4919 0.2501 0.1045 
 262 0.0376 0.0418 0.0263 0.6576 0.1664 0.0702 
 263 0.0174 0.0305 0.0349 0.1261 0.7010 0.0902 
 264 0.0185 0.0171 0.0396 0.0703 0.4725 0.3819 
 265 0.0208 0.0810 0.0365 0.2610 0.4406 0.1601 
 266 0.0237 0.0459 0.0275 0.7215 0.1199 0.0614 
 267 0.0182 0.0430 0.0410 0.2855 0.5027 0.1097 
 268 0.0521 0.0465 0.0466 0.3626 0.4028 0.0895 
 269 0.0168 0.0927 0.0388 0.2842 0.2553 0.3122 
 270 0.0143 0.0355 0.0452 0.1090 0.6511 0.1449 
 271 0.0315 0.0453 0.0424 0.1613 0.6137 0.1057 
 272 0.0366 0.0478 0.0494 0.2086 0.4262 0.2315 
 273 0.0257 0.1229 0.0700 0.2887 0.3101 0.1827 
 274 0.0165 0.0473 0.0381 0.2223 0.5066 0.1693 
 275 0.0229 0.1135 0.0422 0.2109 0.4361 0.1745 
 276 0.0300 0.0232 0.0529 0.2313 0.4627 0.1999 
 277 0.0162 0.0696 0.0452 0.3731 0.3411 0.1548 
 278 0.0409 0.0541 0.0372 0.1605 0.6121 0.0952 
 279 0.0163 0.0527 0.0414 0.3006 0.4642 0.1247 
 280 0.0266 0.0488 0.0407 0.2740 0.3871 0.2228 
 281 0.0171 0.0478 0.0436 0.2088 0.5554 0.1273 
 282 0.0133 0.1061 0.0466 0.4588 0.2401 0.1352 
 283 0.0144 0.0861 0.0391 0.5719 0.1953 0.0931 
 284 0.0185 0.0972 0.0778 0.2835 0.3958 0.1272 
 285 0.0433 0.0167 0.0417 0.0687 0.7102 0.1194 
 286 0.0134 0.0763 0.0324 0.4659 0.3360 0.0759 
 287 0.0155 0.0630 0.0433 0.2740 0.3788 0.2255 
 288 0.0170 0.0434 0.0414 0.2282 0.4327 0.2373 
 289 0.0330 0.0387 0.0707 0.2100 0.4878 0.1599 
 290 0.0461 0.0229 0.0475 0.2951 0.3543 0.2340 
 291 0.0305 0.0456 0.0437 0.1599 0.6150 0.1053 
 292 0.0561 0.0463 0.0386 0.4146 0.2602 0.1841 
 293 0.0684 0.0235 0.0477 0.1394 0.3971 0.3240 
 294 0.0239 0.0224 0.0347 0.1902 0.6207 0.1082 
 295 0.0394 0.0613 0.0631 0.1841 0.4558 0.1964 
 296 0.0208 0.0426 0.0430 0.1980 0.6009 0.0948 
 297 0.0179 0.0309 0.0411 0.2169 0.4466 0.2466 
 298 0.0107 0.0637 0.0489 0.4403 0.2950 0.1414 
 299 0.0131 0.0311 0.0352 0.1560 0.6469 0.1177 
 300 0.0219 0.0209 0.0335 0.1393 0.6813 0.1030 
 301 0.0137 0.0362 0.0401 0.1210 0.5941 0.1949 
 302 0.0471 0.0338 0.0381 0.1419 0.6366 0.1025 
 303 0.0182 0.0561 0.0374 0.4723 0.2991 0.1169 
 304 0.0131 0.2771 0.0733 0.1601 0.2497 0.2267 
 305 0.0236 0.0731 0.0285 0.4536 0.3381 0.0831 
 306 0.0161 0.0428 0.0350 0.5829 0.1962 0.1271 
 307 0.0143 0.0439 0.0507 0.3357 0.4276 0.1278 
 308 0.0368 0.0764 0.0385 0.4914 0.2526 0.1043 
 309 0.0472 0.0762 0.0692 0.1553 0.5569 0.0953 
 310 0.0291 0.0516 0.0327 0.4699 0.3401 0.0765 
 311 0.0110 0.0482 0.0351 0.4235 0.4048 0.0773 
 312 0.0203 0.0407 0.0406 0.1834 0.6414 0.0736 
 313 0.0704 0.0221 0.0375 0.1215 0.6746 0.0739 
 314 0.0238 0.4101 0.0293 0.3715 0.0887 0.0766 
 315 0.0345 0.5662 0.0352 0.1678 0.0838 0.1125 
 316 0.0185 0.6342 0.0350 0.1040 0.0806 0.1277 
 317 0.0129 0.5236 0.0286 0.2678 0.0879 0.0791 
 318 0.0082 0.7188 0.0273 0.0916 0.0760 0.0781 
 319 0.0113 0.1915 0.0271 0.5944 0.1038 0.0719 
 320 0.0240 0.4175 0.0297 0.3643 0.0881 0.0764 
 321 0.0118 0.5552 0.0293 0.2314 0.0858 0.0866 
 322 0.0365 0.3569 0.0367 0.3568 0.0926 0.1205 
 323 0.0086 0.6778 0.0268 0.1270 0.0830 0.0768 
 324 0.0115 0.5607 0.0298 0.2266 0.0864 0.0850 
 325 0.0153 0.6627 0.0329 0.0881 0.0772 0.1237 
 326 0.0167 0.6674 0.0346 0.0880 0.0747 0.1185 
 327 0.0129 0.5224 0.0290 0.2681 0.0878 0.0798 
 328 0.0226 0.3368 0.0358 0.3799 0.0979 0.1271 
 329 0.0085 0.6030 0.0288 0.2063 0.0774 0.0760 
 330 0.0128 0.5212 0.0287 0.2724 0.0861 0.0788 
 331 0.0085 0.6781 0.0267 0.1261 0.0848 0.0759 
 332 0.0154 0.6589 0.0333 0.0883 0.0762 0.1278 
 333 0.0176 0.6223 0.0341 0.1287 0.0841 0.1131 
 334 0.0219 0.3329 0.0365 0.3846 0.0984 0.1256 
 335 0.0255 0.2988 0.0360 0.4455 0.0866 0.1077 
 336 0.0165 0.6642 0.0294 0.1289 0.0805 0.0805 
 337 0.0245 0.4962 0.0376 0.2165 0.0877 0.1376 
 338 0.0083 0.7193 0.0272 0.0908 0.0757 0.0787 
 339 0.0084 0.6754 0.0264 0.1280 0.0855 0.0763 
 340 0.0092 0.6583 0.0263 0.1481 0.0872 0.0709 
 341 0.0092 0.6580 0.0272 0.1447 0.0875 0.0734 
 342 0.0125 0.5262 0.0294 0.2664 0.0864 0.0790 
 343 0.0452 0.2802 0.0368 0.4363 0.0842 0.1173 
 344 0.0080 0.6932 0.0277 0.1184 0.0765 0.0762 
 345 0.0131 0.5222 0.0290 0.2692 0.0869 0.0796 
 346 0.0090 0.7141 0.0268 0.0991 0.0774 0.0736 
 347 0.0089 0.6790 0.0272 0.1344 0.0779 0.0726 
 348 0.0493 0.2060 0.0348 0.5273 0.0858 0.0968 
 349 0.0127 0.5236 0.0289 0.2690 0.0871 0.0787 
 350 0.0157 0.5597 0.0276 0.2234 0.0987 0.0750 
 351 0.0239 0.3027 0.0357 0.4409 0.0879 0.1090 
 352 0.0295 0.4642 0.0363 0.2584 0.0889 0.1228 
 353 0.0166 0.6646 0.0289 0.1283 0.0809 0.0807 
 354 0.0083 0.6861 0.0274 0.1222 0.0790 0.0770 
 355 0.0082 0.7215 0.0268 0.0905 0.0756 0.0774 
 356 0.0394 0.0606 0.0347 0.6905 0.0811 0.0938 
 357 0.0177 0.3589 0.0333 0.1299 0.1194 0.3408 
 358 0.0150 0.6363 0.0343 0.1159 0.0794 0.1191 
 359 0.0084 0.6721 0.0266 0.1301 0.0861 0.0767 
 360 0.0088 0.7132 0.0270 0.1002 0.0771 0.0736 
 361 0.0232 0.0833 0.0356 0.3812 0.1357 0.3409 
 362 0.0175 0.0344 0.0751 0.1088 0.3077 0.4565 
 363 0.0200 0.0215 0.1072 0.0749 0.2196 0.5567 
 364 0.0169 0.1023 0.0557 0.2340 0.3018 0.2892 
 365 0.0204 0.0279 0.0538 0.0894 0.2788 0.5296 
 366 0.1041 0.0344 0.0446 0.1888 0.2394 0.3887 
 367 0.0116 0.0159 0.3248 0.0503 0.1318 0.4657 
 368 0.0098 0.0236 0.0677 0.0859 0.6248 0.1882 
 369 0.0622 0.0406 0.0491 0.3470 0.2061 0.2950 
 370 0.0173 0.0361 0.2726 0.1132 0.4015 0.1593 
 371 0.0247 0.0428 0.0612 0.1395 0.4304 0.3015 
 372 0.0269 0.0594 0.1066 0.1408 0.5434 0.1230 
 373 0.0133 0.0271 0.1723 0.1748 0.2720 0.3405 
 374 0.0131 0.0364 0.0701 0.3315 0.2063 0.3426 
 375 0.0137 0.0227 0.1083 0.0675 0.3513 0.4364 
 376 0.0115 0.0183 0.0598 0.0551 0.1090 0.7462 
 377 0.0227 0.0452 0.0542 0.0703 0.4630 0.3446 
 378 0.0137 0.1082 0.4422 0.1548 0.1533 0.1278 
 379 0.0198 0.0195 0.0922 0.0546 0.1181 0.6958 
 380 0.0464 0.0392 0.0343 0.2155 0.1575 0.5071 
 381 0.0412 0.0248 0.0328 0.2311 0.1190 0.5511 
 382 0.0100 0.0278 0.0878 0.0630 0.1897 0.6218 
 383 0.0199 0.1972 0.0338 0.0706 0.1454 0.5331 
 384 0.0212 0.1043 0.1177 0.1099 0.2164 0.4306 
 385 0.0095 0.1700 0.0922 0.0781 0.4236 0.2267 
 386 0.0128 0.0202 0.0903 0.0704 0.1790 0.6273 
 387 0.0190 0.0322 0.1090 0.0704 0.2380 0.5314 
 388 0.0119 0.1048 0.0875 0.2031 0.3173 0.2755 
 389 0.0556 0.0287 0.0567 0.0785 0.6751 0.1054 
 390 0.0966 0.0238 0.3169 0.0807 0.1490 0.3330 
 391 0.0452 0.0299 0.1867 0.1500 0.3861 0.2022 
 392 0.0192 0.0484 0.0605 0.1214 0.1979 0.5525 
 393 0.0749 0.0371 0.0733 0.1334 0.1031 0.5782 
 394 0.0166 0.1207 0.0969 0.1826 0.1828 0.4003 
 395 0.0798 0.0249 0.0850 0.0974 0.3502 0.3627 
 396 0.0102 0.0154 0.0750 0.0527 0.3608 0.4860 
 397 0.0158 0.0402 0.0416 0.1997 0.4896 0.2131 
 398 0.0156 0.0171 0.0867 0.0545 0.1313 0.6949 
 399 0.0197 0.0203 0.4235 0.0764 0.1857 0.2744 
 400 0.0141 0.0194 0.1319 0.1189 0.1403 0.5754 
 401 0.0493 0.0255 0.2789 0.1190 0.2313 0.2960 
 402 0.0570 0.0305 0.0948 0.1315 0.4103 0.2759 
 403 0.0176 0.1276 0.1033 0.2799 0.2863 0.1854 
 404 0.0114 0.0260 0.0844 0.1834 0.2981 0.3966 
 405 0.0231 0.0291 0.0500 0.1403 0.2730 0.4845 
 406 0.2360 0.0250 0.0404 0.2348 0.1153 0.3485 
 407 0.0114 0.0149 0.0436 0.0548 0.1321 0.7431 
 408 0.0592 0.0145 0.2301 0.0630 0.4763 0.1569 
 409 0.0705 0.0245 0.0775 0.4576 0.1035 0.2664 
 410 0.0245 0.0362 0.1493 0.1270 0.2099 0.4531 
 411 0.0517 0.0918 0.0685 0.1306 0.1378 0.5197 
 412 0.0100 0.0227 0.0823 0.0852 0.4841 0.3158 
 413 0.0127 0.0913 0.0950 0.1421 0.3401 0.3188 
 414 0.0103 0.0215 0.1294 0.0462 0.5383 0.2545 
 415 0.0362 0.0162 0.0567 0.1008 0.1494 0.6407 
 416 0.0290 0.0205 0.1322 0.1892 0.1992 0.4299 
 417 0.0150 0.0172 0.0604 0.0718 0.1346 0.7011 
 418 0.0096 0.0179 0.1653 0.0607 0.2778 0.4687 
 419 0.0316 0.0535 0.1650 0.2447 0.2292 0.2760 
 420 0.1080 0.0151 0.2525 0.1032 0.1965 0.3246 
 421 0.0147 0.0178 0.0827 0.0836 0.2898 0.5114 
 422 0.0534 0.0210 0.0391 0.0971 0.4222 0.3672 
 423 0.0213 0.0345 0.0633 0.0928 0.2584 0.5297 
 424 0.0858 0.0291 0.4506 0.0899 0.1431 0.2014 
 425 0.0198 0.0458 0.0803 0.1136 0.4329 0.3077 
 426 0.0183 0.0568 0.3177 0.1024 0.1992 0.3055 
 427 0.0208 0.1213 0.0918 0.0537 0.0920 0.6203 
 428 0.0571 0.0437 0.0480 0.2224 0.2233 0.4055 
 429 0.0103 0.0155 0.1059 0.0522 0.1154 0.7007 
 430 0.0179 0.0183 0.0658 0.0705 0.1330 0.6945 
 431 0.0136 0.0453 0.2004 0.1025 0.3824 0.2559 
 432 0.0112 0.0261 0.0768 0.0948 0.5657 0.2255 
 433 0.0193 0.0741 0.0923 0.3023 0.3833 0.1286 
 434 0.0177 0.0288 0.0467 0.1929 0.3683 0.3457 
 435 0.0201 0.0165 0.0518 0.0511 0.1208 0.7397 
 436 0.0378 0.0194 0.1892 0.1005 0.0728 0.5803 
 437 0.0129 0.0185 0.0367 0.0575 0.1499 0.7246 
 438 0.1548 0.0225 0.1670 0.1526 0.1155 0.3876 
 439 0.0147 0.0203 0.0902 0.0726 0.0800 0.7222 
 440 0.0208 0.0140 0.0716 0.0450 0.0893 0.7593 
 441 0.0158 0.0332 0.0856 0.1331 0.1293 0.6029 
 442 0.0210 0.0143 0.0826 0.0759 0.2306 0.5756 
 443 0.0986 0.0157 0.4492 0.0632 0.1227 0.2506 
 444 0.0335 0.0144 0.0682 0.0723 0.1778 0.6338 
 445 0.0384 0.0276 0.0892 0.2601 0.1200 0.4648 
 446 0.0150 0.0191 0.2542 0.0633 0.0905 0.5579 
 447 0.0539 0.0234 0.0648 0.1407 0.1866 0.5305 
 448 0.0182 0.0184 0.0514 0.0641 0.1855 0.6624 
 449 0.0175 0.0264 0.0542 0.1095 0.1955 0.5969 
 450 0.0086 0.0313 0.0922 0.1029 0.1355 0.6295 
 451 0.0257 0.0148 0.1709 0.0467 0.3909 0.3510 
 452 0.0100 0.0261 0.0695 0.0889 0.1113 0.6943 
 453 0.1638 0.0203 0.2151 0.1974 0.2284 0.1750 
 454 0.0160 0.0403 0.0671 0.0934 0.1271 0.6562 
 455 0.0644 0.0168 0.1479 0.0737 0.0927 0.6046 
 456 0.1099 0.0160 0.0855 0.0639 0.1593 0.5653 
 457 0.0136 0.0187 0.0363 0.0636 0.1271 0.7408 
 458 0.0131 0.0202 0.1007 0.0772 0.1056 0.6832 
 459 0.0168 0.0283 0.3222 0.1345 0.0826 0.4156 
 460 0.0171 0.0181 0.3099 0.0587 0.0860 0.5102 
 461 0.0084 0.0181 0.4825 0.0551 0.0943 0.3416 
 462 0.0335 0.0141 0.3426 0.0477 0.1735 0.3885 
 463 0.3411 0.0235 0.0870 0.1169 0.1325 0.2991 
 464 0.0479 0.0156 0.1829 0.0637 0.1236 0.5662 
 465 0.0283 0.0202 0.3525 0.0859 0.2018 0.3113 
 466 0.1477 0.0163 0.1324 0.0770 0.2063 0.4203 
 467 0.0266 0.0255 0.3002 0.1139 0.1407 0.3932 
 468 0.0630 0.0157 0.0351 0.0613 0.1099 0.7150 
 469 0.0209 0.0181 0.0546 0.0583 0.0763 0.7718 
 470 0.0178 0.0174 0.0771 0.0527 0.0960 0.7391 
 471 0.0861 0.0190 0.1325 0.1005 0.2712 0.3906 
 472 0.0353 0.0179 0.1393 0.1004 0.2377 0.4695 
 473 0.0229 0.0276 0.0449 0.1023 0.2342 0.5682 
 474 0.0216 0.0227 0.0809 0.1165 0.1208 0.6375 
 475 0.0208 0.0302 0.2272 0.1383 0.2050 0.3784 
 476 0.0237 0.0184 0.1115 0.0836 0.0886 0.6742 
 477 0.0297 0.0208 0.3453 0.1103 0.1876 0.3063 
 478 0.0136 0.0175 0.6517 0.0495 0.1102 0.1574 
 479 0.0137 0.0166 0.0682 0.0510 0.0985 0.7521 
 480 0.0119 0.0179 0.0486 0.0607 0.0847 0.7762 
 481 0.0159 0.0169 0.0497 0.0692 0.4804 0.3679 
 482 0.0102 0.0163 0.0903 0.0517 0.0871 0.7444 
 483 0.0204 0.0210 0.1570 0.0789 0.0853 0.6374 
 484 0.1270 0.0214 0.1076 0.0878 0.1745 0.4817 
 485 0.0407 0.0183 0.1366 0.0604 0.0789 0.6652 
 486 0.0447 0.0227 0.1089 0.0946 0.5462 0.1830 
 487 0.0227 0.0555 0.0516 0.1418 0.5439 0.1844 
 488 0.0182 0.0555 0.1097 0.0828 0.6147 0.1191 
 489 0.0426 0.0276 0.0350 0.2768 0.4325 0.1854 
 490 0.0409 0.0191 0.2704 0.0628 0.3738 0.2329 
 491 0.0149 0.0278 0.0394 0.1918 0.6184 0.1077 
 492 0.0344 0.0998 0.2576 0.2557 0.2410 0.1114 
 493 0.0207 0.0514 0.0503 0.0626 0.7016 0.1135 
 494 0.0183 0.0253 0.0567 0.2033 0.5350 0.1613 
 495 0.0406 0.0676 0.3032 0.1586 0.3106 0.1193 
 496 0.0215 0.0447 0.0698 0.4742 0.2402 0.1496 
 497 0.0136 0.0568 0.0427 0.0997 0.6754 0.1118 
 498 0.0508 0.0167 0.0883 0.1754 0.4585 0.2102 
 499 0.0214 0.0672 0.0407 0.2096 0.5229 0.1382 
 500 0.0189 0.0351 0.0440 0.0903 0.5708 0.2409 
 501 0.0111 0.0410 0.0865 0.2806 0.3163 0.2645 
 502 0.0096 0.0548 0.1582 0.2806 0.3336 0.1631 
 503 0.0166 0.0224 0.0450 0.0816 0.3919 0.4425 
 504 0.0247 0.0187 0.2271 0.0996 0.4970 0.1330 
 505 0.0230 0.0253 0.0598 0.2332 0.5437 0.1150 
 506 0.0126 0.0368 0.1684 0.2804 0.3475 0.1543 
 507 0.0242 0.0666 0.0301 0.6328 0.1671 0.0792 
 508 0.0512 0.0960 0.0388 0.4731 0.2648 0.0761 
 509 0.0216 0.0467 0.0523 0.2552 0.5173 0.1069 
 510 0.0170 0.0632 0.0620 0.3009 0.3529 0.2040 
 511 0.0194 0.0192 0.1100 0.1332 0.2631 0.4552 
 512 0.0108 0.0181 0.0926 0.0694 0.2541 0.5551 
 513 0.0398 0.0309 0.2832 0.1030 0.4834 0.0597 
 514 0.0165 0.0411 0.2312 0.0927 0.4396 0.1789 
 515 0.0591 0.0838 0.0549 0.1483 0.2666 0.3873 
 516 0.0321 0.0218 0.1130 0.1268 0.5949 0.1115 
 517 0.1052 0.0477 0.0746 0.2039 0.2506 0.3179 
 518 0.0117 0.1108 0.0409 0.1863 0.4291 0.2213 
 519 0.0171 0.0248 0.2788 0.1432 0.3389 0.1971 
 520 0.1702 0.0641 0.0364 0.3164 0.1559 0.2570 
 521 0.0220 0.2896 0.1241 0.1452 0.2684 0.1508 
 522 0.1761 0.0372 0.0590 0.0836 0.2145 0.4295 
 523 0.2357 0.0580 0.0871 0.2564 0.2017 0.1612 
 524 0.0855 0.0528 0.0471 0.1103 0.2392 0.4651 
 525 0.0331 0.0797 0.0401 0.2543 0.2729 0.3198 
 526 0.3960 0.0256 0.0344 0.1540 0.1342 0.2558 
 527 0.0100 0.0321 0.0788 0.0714 0.5574 0.2502 
 528 0.0220 0.4243 0.0508 0.1338 0.2645 0.1046 
 529 0.0153 0.0564 0.0466 0.1872 0.5653 0.1293 
 530 0.0472 0.0363 0.0549 0.1413 0.2690 0.4514 
 531 0.0337 0.3182 0.0575 0.1186 0.1716 0.3003 
 532 0.0368 0.2436 0.0510 0.0865 0.4287 0.1534 
 533 0.0434 0.0390 0.0401 0.1079 0.4165 0.3531 
 534 0.0560 0.0570 0.0740 0.1360 0.6019 0.0750 
 535 0.1593 0.0239 0.1142 0.1823 0.2242 0.2961 
 536 0.0421 0.0271 0.0981 0.3649 0.1613 0.3064 
 537 0.0446 0.0260 0.0830 0.5755 0.1442 0.1266 
 538 0.0431 0.0268 0.0537 0.4476 0.2245 0.2043 
 539 0.0148 0.0335 0.0333 0.6965 0.1338 0.0881 
 540 0.0781 0.1754 0.0506 0.1496 0.3045 0.2418 
 541 0.0268 0.2040 0.1451 0.3222 0.1429 0.1589 
 542 0.1352 0.0193 0.0600 0.1976 0.2811 0.3068 
 543 0.1675 0.1100 0.2703 0.1737 0.1546 0.1239 
 544 0.2375 0.0340 0.0576 0.2242 0.2371 0.2096 
 545 0.4610 0.0163 0.0865 0.0851 0.1432 0.2080 
 546 0.0527 0.0384 0.0770 0.3001 0.3604 0.1714 
 547 0.3362 0.0276 0.1033 0.3087 0.1085 0.1156 
 548 0.0114 0.0502 0.0453 0.3904 0.3876 0.1151 
 549 0.0567 0.0276 0.0587 0.5574 0.0827 0.2170 
 550 0.2436 0.0171 0.0957 0.1743 0.1237 0.3455 
 551 0.0201 0.0400 0.0758 0.6363 0.1001 0.1277 
 552 0.0415 0.0295 0.0375 0.4246 0.3194 0.1474 
 553 0.3821 0.0531 0.1280 0.2449 0.1112 0.0806 
 554 0.0438 0.1446 0.1245 0.1066 0.2653 0.3153 
 555 0.0392 0.0313 0.0625 0.5370 0.1983 0.1318 
 556 0.0303 0.0256 0.0589 0.4169 0.2971 0.1711 
 557 0.1056 0.0316 0.2007 0.1773 0.1012 0.3835 
 558 0.0092 0.0170 0.0911 0.0531 0.0800 0.7496 
 559 0.0248 0.0220 0.1498 0.1131 0.5122 0.1780 
 560 0.0166 0.0135 0.3582 0.0479 0.1426 0.4212 
 561 0.0243 0.0175 0.0868 0.0610 0.4086 0.4018 
 562 0.0511 0.0138 0.1930 0.0470 0.3530 0.3421 
 563 0.0207 0.0255 0.4368 0.2206 0.1270 0.1694 
 564 0.0631 0.0367 0.0536 0.0805 0.5791 0.1871 
 565 0.0112 0.0180 0.0394 0.0639 0.1159 0.7516 
 566 0.0145 0.0145 0.3274 0.0452 0.1424 0.4560 
 567 0.0235 0.0177 0.0529 0.0686 0.6752 0.1620 
 568 0.0333 0.0238 0.1243 0.1034 0.3822 0.3331 
 569 0.0972 0.0374 0.0891 0.0877 0.1822 0.5063 
 570 0.0109 0.0153 0.0525 0.0468 0.1199 0.7546 
 571 0.0186 0.0237 0.3190 0.0730 0.2768 0.2887 
 572 0.2282 0.0312 0.0355 0.3116 0.1547 0.2388 
 573 0.0574 0.0295 0.0410 0.0906 0.4736 0.3078 
 574 0.0224 0.0418 0.0427 0.1674 0.1760 0.5498 
 575 0.0148 0.0306 0.2332 0.1935 0.2362 0.2917 
 576 0.0122 0.0153 0.2191 0.0458 0.2547 0.4529 
 577 0.0141 0.0271 0.0521 0.1925 0.2154 0.4989 
 578 0.0210 0.0224 0.2187 0.0815 0.2299 0.4264 
 579 0.0187 0.0230 0.0692 0.0603 0.4226 0.4062 
 580 0.0119 0.0273 0.0492 0.1072 0.1855 0.6189 
 581 0.0121 0.0249 0.0777 0.0830 0.1541 0.6482 
 582 0.0306 0.0147 0.1449 0.0621 0.1178 0.6299 
 583 0.0171 0.0283 0.2297 0.0694 0.2703 0.3852 
 584 0.0118 0.0168 0.1947 0.0536 0.2843 0.4387 
 585 0.0167 0.0181 0.1762 0.0679 0.2441 0.4770 
 586 0.0167 0.0219 0.4892 0.1147 0.2239 0.1336 
 587 0.0343 0.0151 0.0607 0.0593 0.4007 0.4300 
 588 0.0952 0.0235 0.0341 0.0691 0.7096 0.0685 
 589 0.0729 0.0196 0.0526 0.0542 0.1827 0.6179 
 590 0.0148 0.0201 0.2173 0.0599 0.5230 0.1649 
 591 0.0128 0.0235 0.1656 0.0754 0.4461 0.2766 
 592 0.0577 0.0168 0.1308 0.0765 0.3738 0.3443 
 593 0.0238 0.0299 0.0876 0.1242 0.2712 0.4634 
 594 0.0154 0.0502 0.1089 0.0973 0.5323 0.1958 
 595 0.0091 0.0150 0.0588 0.0506 0.4950 0.3716 
 596 0.0936 0.0338 0.0613 0.0948 0.4257 0.2908 
 597 0.0470 0.1876 0.4540 0.0795 0.1241 0.1079 
 598 0.0108 0.0165 0.0480 0.0483 0.0876 0.7890 
 599 0.0394 0.0151 0.1538 0.0522 0.3077 0.4319 
 600 0.0221 0.0331 0.0528 0.1292 0.2005 0.5624 
 601 0.0257 0.0141 0.1119 0.0615 0.1963 0.5905 
 602 0.0111 0.0347 0.0546 0.1573 0.5859 0.1564 
 603 0.0129 0.0418 0.0592 0.1381 0.6058 0.1422 
 604 0.0184 0.0506 0.0650 0.1193 0.2681 0.4786 
 605 0.0263 0.0236 0.0660 0.0871 0.4742 0.3228 
 606 0.0243 0.0441 0.0943 0.2376 0.3557 0.2441 
 607 0.0103 0.0724 0.0405 0.2588 0.2573 0.3609 
 608 0.0165 0.2014 0.0988 0.2698 0.1439 0.2697 
 609 0.0225 0.0192 0.0621 0.1315 0.2344 0.5302 
 610 0.0590 0.0235 0.0469 0.0916 0.2288 0.5501 
 611 0.0202 0.0405 0.0801 0.1647 0.5351 0.1593 
 612 0.0241 0.0219 0.0438 0.0765 0.1171 0.7166 
 613 0.0398 0.0339 0.0617 0.1051 0.3477 0.4118 
 614 0.0122 0.0185 0.0335 0.0756 0.2254 0.6348 
 615 0.0148 0.0296 0.0341 0.1293 0.1955 0.5967 
 616 0.0101 0.0643 0.0532 0.1762 0.3267 0.3695 
 617 0.0399 0.0299 0.0672 0.0576 0.3499 0.4556 
 618 0.0319 0.1606 0.0377 0.1037 0.2494 0.4166 
 619 0.0570 0.0490 0.0749 0.1933 0.2242 0.4016 
 620 0.0635 0.0139 0.1068 0.0543 0.4867 0.2749 
 621 0.0099 0.0201 0.1242 0.0697 0.3364 0.4397 
 622 0.0430 0.0813 0.0499 0.0974 0.3956 0.3328 
 623 0.0213 0.0214 0.0754 0.0772 0.4869 0.3178 
 624 0.0182 0.1543 0.0490 0.0827 0.1369 0.5589 
 625 0.0148 0.1033 0.1032 0.1295 0.2185 0.4308 
 626 0.1072 0.2101 0.0348 0.2348 0.1468 0.2662 
 627 0.0205 0.0299 0.0778 0.1030 0.4344 0.3344 
 628 0.0155 0.0308 0.1153 0.0970 0.4780 0.2634 
 629 0.0105 0.0281 0.0705 0.1157 0.5188 0.2565 
 630 0.0215 0.0306 0.0611 0.0945 0.2560 0.5363 
 631 0.0119 0.0275 0.0433 0.1118 0.2928 0.5126 
 632 0.0162 0.0607 0.0511 0.3149 0.3602 0.1968 
 633 0.0124 0.0541 0.0684 0.1412 0.2144 0.5095 
 634 0.0386 0.0639 0.0781 0.2454 0.2584 0.3156 
 635 0.0140 0.0687 0.0389 0.4557 0.2032 0.2196 
 636 0.0161 0.1300 0.0589 0.1358 0.2225 0.4368 
 637 0.0537 0.0276 0.0716 0.2428 0.3750 0.2292 
 638 0.0115 0.0428 0.0537 0.1411 0.5173 0.2336 
 639 0.0135 0.0457 0.0380 0.1242 0.3180 0.4605 
 640 0.0089 0.0356 0.2327 0.0802 0.2970 0.3455 
 641 0.0117 0.0289 0.0425 0.1051 0.5231 0.2887 
 642 0.0235 0.0619 0.0530 0.4959 0.2050 0.1606 
 643 0.0121 0.4185 0.0807 0.2468 0.1201 0.1218 
 644 0.0159 0.2937 0.0864 0.2605 0.2232 0.1204 
 645 0.0232 0.1595 0.0304 0.3197 0.1772 0.2899 
 646 0.0331 0.0352 0.0610 0.1822 0.5200 0.1686 
 647 0.0166 0.0390 0.1452 0.4374 0.2414 0.1204 
 648 0.0424 0.1688 0.0428 0.1327 0.4598 0.1536 
 649 0.0540 0.0359 0.0462 0.2404 0.5239 0.0996 
 650 0.0217 0.0430 0.0655 0.2002 0.5502 0.1195 
 651 0.0117 0.2319 0.0483 0.1199 0.4844 0.1039 
 652 0.0151 0.1621 0.0430 0.3670 0.2801 0.1327 
 653 0.0266 0.0930 0.0486 0.3435 0.3396 0.1486 
 654 0.0298 0.0302 0.0443 0.5742 0.2145 0.1071 
 655 0.0205 0.2551 0.1015 0.2291 0.2104 0.1835 
 656 0.0433 0.0795 0.0509 0.2073 0.4789 0.1401 
 657 0.0140 0.0924 0.0473 0.1458 0.4044 0.2962 
 658 0.0592 0.1827 0.1084 0.0987 0.2890 0.2621 
 659 0.0341 0.1028 0.0494 0.3907 0.2773 0.1457 
 660 0.0228 0.0935 0.0442 0.5129 0.2201 0.1065 
 661 0.0794 0.1260 0.0347 0.4405 0.1816 0.1378 
 662 0.1232 0.0320 0.0510 0.1639 0.5429 0.0869 
 663 0.0189 0.2833 0.0526 0.2298 0.2786 0.1369 
 664 0.0303 0.1670 0.2549 0.1258 0.1771 0.2449 
 665 0.0530 0.0628 0.0438 0.1416 0.5941 0.1048 
 666 0.0355 0.2402 0.0482 0.2106 0.3073 0.1582 
 667 0.0239 0.0577 0.0872 0.0877 0.6092 0.1343 
 668 0.0294 0.1553 0.0503 0.2647 0.2866 0.2137 
 669 0.0260 0.1110 0.0462 0.2219 0.4865 0.1084 
 670 0.0154 0.5057 0.0298 0.2295 0.1421 0.0775 
 671 0.0162 0.0885 0.0442 0.5508 0.1995 0.1008 
 672 0.0292 0.1047 0.0877 0.5405 0.0875 0.1504 
 673 0.0088 0.5677 0.0291 0.2311 0.0831 0.0801 
 674 0.0162 0.0929 0.0296 0.5570 0.1656 0.1387 
 675 0.0117 0.0868 0.0699 0.6527 0.1052 0.0737 
 676 0.0097 0.1691 0.0311 0.6219 0.0854 0.0829 
 677 0.0270 0.0319 0.0258 0.7514 0.1006 0.0633 
 678 0.0087 0.4918 0.0370 0.2986 0.0819 0.0819 
 679 0.0090 0.5170 0.0275 0.1590 0.1475 0.1399 
 680 0.0148 0.4885 0.0332 0.2004 0.1358 0.1272 
 681 0.2085 0.1112 0.0458 0.2018 0.2140 0.2186 
 682 0.0128 0.1005 0.0347 0.6354 0.0952 0.1215 
 683 0.0191 0.3001 0.0315 0.4587 0.1135 0.0771 
 684 0.0106 0.1255 0.0360 0.6533 0.0853 0.0892 
 685 0.0106 0.1048 0.0287 0.7042 0.0820 0.0697 
 686 0.0252 0.0303 0.0296 0.7039 0.1168 0.0943 
 687 0.0245 0.1666 0.0419 0.4603 0.2126 0.0942 
 688 0.0099 0.0957 0.0419 0.6297 0.1232 0.0997 
 689 0.0122 0.4604 0.0280 0.3340 0.0921 0.0734 
 690 0.0095 0.1684 0.0309 0.6237 0.0854 0.0819 
 691 0.0114 0.0444 0.0268 0.6607 0.1324 0.1243 
 692 0.0090 0.5401 0.0426 0.1702 0.1321 0.1059 
 693 0.0101 0.4448 0.0800 0.2441 0.1036 0.1173 
 694 0.0127 0.2133 0.0277 0.5970 0.0824 0.0668 
 695 0.0214 0.0438 0.0330 0.7246 0.0737 0.1034 
 696 0.0101 0.0986 0.0427 0.6259 0.1222 0.1005 
 697 0.0153 0.5533 0.0285 0.2276 0.0988 0.0765 
 698 0.0098 0.1437 0.0304 0.6391 0.0943 0.0826 
 699 0.0396 0.0304 0.0306 0.7305 0.0774 0.0915 
 700 0.0246 0.0710 0.1104 0.6278 0.0850 0.0811 
 701 0.0232 0.1632 0.0399 0.4871 0.1411 0.1456 
 702 0.0236 0.2384 0.0562 0.3877 0.1410 0.1532 
 703 0.0133 0.0872 0.0345 0.6385 0.1055 0.1211 
 704 0.0173 0.3600 0.0435 0.3633 0.1233 0.0926 
 705 0.2467 0.3093 0.0474 0.1116 0.1520 0.1329 
 706 0.0150 0.0498 0.0284 0.7123 0.0988 0.0957 
 707 0.0181 0.1851 0.0293 0.5832 0.1029 0.0814 
 708 0.0102 0.1331 0.0306 0.6399 0.1071 0.0791 
 709 0.0170 0.0338 0.0385 0.7684 0.0705 0.0718 
 710 0.0101 0.0470 0.0270 0.7745 0.0725 0.0690 
 711 0.0291 0.0704 0.0296 0.6637 0.1183 0.0889 
 712 0.0171 0.0287 0.0260 0.7759 0.0913 0.0611 
 713 0.0112 0.0647 0.0386 0.6903 0.1137 0.0814 
 714 0.0108 0.1300 0.0313 0.4913 0.1976 0.1390 
 715 0.0152 0.0328 0.0255 0.7881 0.0754 0.0630 
 716 0.0142 0.0347 0.0289 0.7517 0.0772 0.0934 
 717 0.0171 0.2164 0.0295 0.5876 0.0781 0.0714 
 718 0.0189 0.0831 0.0312 0.5976 0.1740 0.0953 
 719 0.0154 0.0296 0.0282 0.7910 0.0723 0.0633 
 720 0.0105 0.0202 0.0798 0.0786 0.4258 0.3850 
 721 0.0140 0.0390 0.0285 0.5330 0.1276 0.2579 
 722 0.0239 0.0219 0.0447 0.1463 0.1901 0.5731 
 723 0.0099 0.0314 0.0407 0.1093 0.2123 0.5962 
 724 0.0167 0.1777 0.0533 0.0788 0.1337 0.5398 
 725 0.0195 0.1769 0.0459 0.0933 0.4454 0.2190 
 726 0.0451 0.1168 0.0377 0.0611 0.2421 0.4972 
 727 0.1713 0.1715 0.0434 0.1221 0.2150 0.2767 
 728 0.0185 0.0183 0.0346 0.0414 0.0960 0.7913 
 729 0.0109 0.0150 0.0358 0.0491 0.1109 0.7784 
 730 0.0111 0.0282 0.0638 0.0699 0.3686 0.4584 
 731 0.0132 0.0191 0.0429 0.1162 0.1369 0.6717 
 732 0.0099 0.0319 0.0413 0.1083 0.2178 0.5908 
 733 0.0096 0.0248 0.0426 0.0577 0.1396 0.7256 
 734 0.0102 0.0178 0.0629 0.0428 0.1331 0.7332 
 735 0.0083 0.0250 0.0326 0.0795 0.1123 0.7423 
 736 0.0142 0.0352 0.0642 0.0700 0.1396 0.6768 
 737 0.0409 0.0393 0.0647 0.0725 0.2783 0.5042 
 738 0.0101 0.0217 0.0478 0.0786 0.2678 0.5740 
 739 0.0096 0.0187 0.0427 0.0602 0.1255 0.7433 
 740 0.0135 0.1297 0.0351 0.4914 0.2306 0.0997 
 741 0.0220 0.0756 0.0600 0.4666 0.2140 0.1618 
 742 0.0132 0.0835 0.3576 0.1059 0.1848 0.2551 
 743 0.0104 0.0343 0.0662 0.1398 0.5492 0.2002 
 744 0.0607 0.0321 0.1297 0.1664 0.4660 0.1451 
 745 0.0370 0.0190 0.2356 0.0755 0.4105 0.2224 
 746 0.0157 0.0435 0.0702 0.3140 0.3117 0.2449 
 747 0.0119 0.0263 0.1162 0.1668 0.4947 0.1840 
 748 0.0088 0.0502 0.1006 0.4992 0.1990 0.1423 
 749 0.0224 0.0503 0.0740 0.1692 0.5254 0.1588 
 750 0.0140 0.0376 0.0611 0.1340 0.6042 0.1491 
 751 0.0106 0.1624 0.0849 0.3203 0.2695 0.1523 
 752 0.0122 0.0306 0.0655 0.1567 0.5371 0.1979 
 753 0.0188 0.0755 0.0630 0.2100 0.3752 0.2576 
 754 0.0165 0.0894 0.0894 0.3767 0.2628 0.1652 
 755 0.0105 0.0391 0.0697 0.2968 0.3796 0.2044 
 756 0.0125 0.0643 0.2444 0.3078 0.2536 0.1174 
 757 0.0100 0.0452 0.2146 0.2458 0.2857 0.1987 
 758 0.0176 0.0220 0.1434 0.0650 0.6074 0.1447 
 759 0.0198 0.0528 0.0448 0.4065 0.2406 0.2356 
 760 0.0132 0.0577 0.0925 0.1366 0.3926 0.3074 
 761 0.0123 0.0590 0.0364 0.3277 0.2446 0.3200 
 762 0.0091 0.0306 0.1456 0.0976 0.2612 0.4559 
 763 0.0182 0.0743 0.0643 0.2133 0.3752 0.2547 
 764 0.0108 0.0262 0.1201 0.1989 0.4524 0.1917 
 765 0.0101 0.0252 0.0443 0.1094 0.4870 0.3240 
 766 0.0095 0.1147 0.0862 0.2521 0.3801 0.1573 
 767 0.0114 0.1082 0.2331 0.2233 0.2301 0.1939 
 768 0.0092 0.0311 0.1314 0.0978 0.2655 0.4651 
 769 0.0126 0.0403 0.0636 0.3048 0.1890 0.3896 
 770 0.0108 0.0264 0.1449 0.0890 0.2965 0.4324 
 771 0.0618 0.0293 0.0480 0.2883 0.4777 0.0949 
 772 0.0425 0.1030 0.1564 0.2251 0.2688 0.2041 
 773 0.0103 0.0288 0.0736 0.1722 0.5742 0.1409 
 774 0.0117 0.0697 0.0409 0.4336 0.3013 0.1428 
 775 0.0095 0.0565 0.0890 0.1233 0.1895 0.5323 
 776 0.0155 0.0246 0.2591 0.1294 0.3551 0.2165 
 777 0.0258 0.0271 0.0583 0.2112 0.4783 0.1994 
 778 0.0135 0.0270 0.0690 0.3636 0.3713 0.1555 
 779 0.0114 0.0390 0.0997 0.2199 0.4876 0.1424 
 780 0.0093 0.0898 0.0787 0.3868 0.2853 0.1501 
 781 0.0323 0.0448 0.0381 0.2620 0.5317 0.0911 
 782 0.0112 0.0392 0.0988 0.2165 0.4925 0.1417 
 783 0.0107 0.1098 0.1143 0.2010 0.3375 0.2266 
 784 0.0116 0.0487 0.2722 0.1102 0.2887 0.2686 
 785 0.0137 0.0349 0.1090 0.2550 0.4224 0.1649 
 786 0.0116 0.0939 0.0918 0.3983 0.2335 0.1709 
 787 0.0141 0.0309 0.0594 0.5628 0.2427 0.0901 
 788 0.0215 0.0284 0.1644 0.1709 0.3655 0.2494 
 789 0.0100 0.0555 0.3150 0.1209 0.2377 0.2609 
 790 0.0102 0.0454 0.0807 0.3620 0.2548 0.2469 
 791 0.0103 0.0428 0.1977 0.2446 0.2472 0.2575 
 792 0.0287 0.1100 0.0507 0.3377 0.3836 0.0894 
 793 0.0223 0.0408 0.0505 0.5300 0.1551 0.2014 
 794 0.0113 0.0604 0.2838 0.1911 0.2504 0.2030 
 795 0.0131 0.1148 0.0476 0.4205 0.1791 0.2250 
 796 0.0133 0.0539 0.4633 0.1884 0.1575 0.1236 
 797 0.0141 0.0448 0.0406 0.6354 0.1420 0.1231 
 798 0.0936 0.0156 0.1228 0.0684 0.1505 0.5491 
 799 0.0140 0.0223 0.4379 0.1467 0.2317 0.1474 
 800 0.0219 0.0213 0.0754 0.6568 0.1512 0.0734 
 801 0.0717 0.0268 0.1616 0.1241 0.1448 0.4711 
 802 0.0524 0.0557 0.2002 0.3358 0.1590 0.1969 
 803 0.0227 0.0493 0.0672 0.4893 0.2015 0.1700 
 804 0.0687 0.1218 0.1640 0.0870 0.3585 0.2000 
 805 0.0125 0.0657 0.0676 0.6589 0.1006 0.0947 
 806 0.1719 0.0664 0.1071 0.1310 0.2093 0.3142 
 807 0.0239 0.0994 0.0321 0.6150 0.1320 0.0976 
 808 0.0824 0.0766 0.0385 0.4353 0.2314 0.1358 
 809 0.1506 0.0163 0.0638 0.2504 0.1647 0.3542 
 810 0.0131 0.0512 0.1340 0.2963 0.2507 0.2547 
 811 0.0809 0.0419 0.0639 0.5251 0.1480 0.1402 
 812 0.5374 0.0136 0.0505 0.0772 0.1932 0.1281 
 813 0.0737 0.0169 0.2580 0.0781 0.1266 0.4467 
 814 0.0603 0.0213 0.0889 0.1438 0.5628 0.1229 
 815 0.1307 0.0223 0.0906 0.3594 0.1015 0.2956 
 816 0.0326 0.0424 0.2370 0.3802 0.1513 0.1566 
 817 0.0534 0.0558 0.1972 0.3375 0.1580 0.1981 
 818 0.0134 0.0348 0.5930 0.0818 0.1156 0.1614 
 819 0.0162 0.0368 0.2799 0.2639 0.3191 0.0839 
 820 0.0189 0.0462 0.4202 0.2471 0.1513 0.1162 
 821 0.0112 0.1268 0.2154 0.0848 0.3189 0.2429 
 822 0.0189 0.0211 0.0859 0.0450 0.6179 0.2112 
 823 0.0122 0.1559 0.2592 0.1233 0.1037 0.3458 
 824 0.0129 0.0874 0.1151 0.1317 0.4703 0.1826 
 825 0.0136 0.0321 0.1743 0.0873 0.3729 0.3197 
 826 0.0119 0.0203 0.3450 0.0827 0.3429 0.1973 
 827 0.0103 0.0404 0.0826 0.0700 0.2309 0.5657 
 828 0.0100 0.0570 0.0396 0.0945 0.3217 0.4772 
 829 0.0269 0.0279 0.0668 0.1739 0.2528 0.4517 
 830 0.0095 0.0273 0.0715 0.0530 0.3965 0.4422 
 831 0.0130 0.0670 0.0440 0.0932 0.5556 0.2271 
 832 0.0322 0.0241 0.3340 0.2272 0.1825 0.2001 
 833 0.0197 0.0268 0.3455 0.2035 0.0877 0.3168 
