   1 0.2600 0.3030 0.1253 0.3118 
   2 0.0590 0.7315 0.1391 0.0703 
   3 0.5364 0.1536 0.1104 0.1996 
   4 0.0560 0.1772 0.0719 0.6949 
   5 0.0704 0.7712 0.0953 0.0632 
   6 0.7605 0.1522 0.0326 0.0547 
   7 0.1243 0.8001 0.0219 0.0537 
   8 0.2541 0.3026 0.0461 0.3972 
   9 0.3447 0.3965 0.1220 0.1368 
  10 0.2735 0.5002 0.0265 0.1999 
  11 0.1970 0.7238 0.0251 0.0542 
  12 0.0853 0.6901 0.1144 0.1102 
  13 0.1259 0.7112 0.0520 0.1109 
  14 0.1405 0.3391 0.3520 0.1684 
  15 0.1151 0.5218 0.0945 0.2686 
  16 0.5163 0.3437 0.0448 0.0952 
  17 0.2376 0.5918 0.0737 0.0969 
  18 0.4269 0.2720 0.1175 0.1836 
  19 0.4686 0.4075 0.0424 0.0815 
  20 0.1406 0.6776 0.0970 0.0848 
  21 0.1648 0.2828 0.2395 0.3129 
  22 0.6966 0.1548 0.0441 0.1045 
  23 0.0747 0.3247 0.3303 0.2703 
  24 0.3600 0.2798 0.0708 0.2894 
  25 0.1477 0.7698 0.0403 0.0422 
  26 0.2610 0.4410 0.1134 0.1846 
  27 0.2242 0.5342 0.0948 0.1468 
  28 0.1940 0.3840 0.0481 0.3739 
  29 0.0939 0.7223 0.0997 0.0840 
  30 0.7112 0.1328 0.0764 0.0796 
  31 0.1586 0.5598 0.0905 0.1911 
  32 0.2291 0.3936 0.1419 0.2354 
  33 0.4579 0.2034 0.1481 0.1906 
  34 0.3575 0.5300 0.0289 0.0836 
  35 0.3677 0.2796 0.2834 0.0693 
  36 0.2921 0.1035 0.5354 0.0690 
  37 0.1156 0.4248 0.1413 0.3183 
  38 0.6910 0.1357 0.1342 0.0391 
  39 0.5085 0.2654 0.1566 0.0695 
  40 0.1284 0.1242 0.5830 0.1645 
  41 0.3435 0.1381 0.4600 0.0584 
  42 0.1842 0.1176 0.2883 0.4099 
  43 0.0792 0.2940 0.4877 0.1390 
  44 0.2466 0.1186 0.5913 0.0435 
  45 0.2680 0.2050 0.4845 0.0426 
  46 0.4904 0.3188 0.1358 0.0550 
  47 0.4055 0.3718 0.1014 0.1213 
  48 0.2280 0.0882 0.6427 0.0411 
  49 0.3553 0.3287 0.2202 0.0959 
  50 0.4698 0.3299 0.0778 0.1226 
  51 0.0689 0.0643 0.8281 0.0387 
  52 0.5316 0.2742 0.1096 0.0846 
  53 0.7463 0.1087 0.0645 0.0805 
  54 0.0937 0.4838 0.2927 0.1299 
  55 0.0778 0.2337 0.6233 0.0652 
  56 0.3299 0.1161 0.4682 0.0858 
  57 0.2043 0.5159 0.0336 0.2462 
  58 0.1501 0.2783 0.4887 0.0828 
  59 0.3626 0.2183 0.3498 0.0694 
  60 0.0922 0.1171 0.6399 0.1508 
  61 0.0329 0.1161 0.7647 0.0863 
  62 0.3191 0.5004 0.1002 0.0803 
  63 0.1268 0.3676 0.3632 0.1424 
  64 0.6939 0.1848 0.0713 0.0499 
  65 0.0990 0.8063 0.0582 0.0366 
  66 0.0615 0.3594 0.3449 0.2342 
  67 0.0718 0.3308 0.5415 0.0558 
  68 0.3602 0.2247 0.3235 0.0916 
  69 0.4761 0.2418 0.1074 0.1748 
  70 0.1534 0.2179 0.5334 0.0954 
  71 0.2103 0.1904 0.5645 0.0348 
  72 0.5648 0.1867 0.1897 0.0588 
  73 0.0681 0.3445 0.5426 0.0448 
  74 0.3640 0.1010 0.4042 0.1307 
  75 0.1319 0.0872 0.6109 0.1701 
  76 0.1188 0.4633 0.3459 0.0721 
  77 0.2540 0.1821 0.5195 0.0445 
  78 0.3543 0.1305 0.4655 0.0497 
  79 0.1107 0.8019 0.0272 0.0603 
  80 0.0819 0.2320 0.0412 0.6449 
  81 0.1124 0.3582 0.0373 0.4920 
  82 0.0617 0.6308 0.1426 0.1649 
  83 0.2050 0.3323 0.1075 0.3552 
  84 0.1415 0.4873 0.0600 0.3113 
  85 0.2114 0.2658 0.0755 0.4473 
  86 0.1447 0.5164 0.2764 0.0625 
  87 0.1023 0.7759 0.0513 0.0706 
  88 0.0616 0.5561 0.0604 0.3219 
  89 0.0660 0.3459 0.0667 0.5214 
  90 0.0598 0.8387 0.0326 0.0689 
  91 0.1129 0.1689 0.0689 0.6493 
  92 0.0870 0.7397 0.0454 0.1279 
  93 0.0400 0.0832 0.0300 0.8468 
  94 0.4365 0.4656 0.0396 0.0583 
  95 0.0477 0.7484 0.0446 0.1594 
  96 0.0397 0.1356 0.6341 0.1907 
  97 0.2315 0.1342 0.4061 0.2282 
  98 0.1243 0.2356 0.5323 0.1077 
  99 0.0975 0.5818 0.0508 0.2698 
 100 0.0356 0.1255 0.1006 0.7383 
 101 0.0765 0.6884 0.1053 0.1298 
 102 0.1035 0.3385 0.1433 0.4148 
 103 0.0486 0.4783 0.2632 0.2099 
 104 0.0625 0.7690 0.0787 0.0898 
 105 0.0390 0.7114 0.0942 0.1554 
 106 0.2516 0.6673 0.0518 0.0292 
 107 0.0563 0.6330 0.1499 0.1608 
 108 0.0787 0.1181 0.7634 0.0398 
 109 0.1432 0.7499 0.0768 0.0301 
 110 0.2510 0.6775 0.0352 0.0363 
 111 0.0457 0.8772 0.0378 0.0393 
 112 0.1028 0.8232 0.0429 0.0311 
 113 0.1362 0.4001 0.3629 0.1009 
 114 0.0576 0.7644 0.0617 0.1163 
 115 0.0576 0.7151 0.1747 0.0526 
 116 0.2445 0.5310 0.1917 0.0328 
 117 0.1377 0.7661 0.0478 0.0484 
 118 0.0617 0.7087 0.1822 0.0474 
 119 0.0625 0.1523 0.6012 0.1840 
 120 0.0681 0.8071 0.0702 0.0546 
 121 0.0681 0.7234 0.1635 0.0450 
 122 0.1900 0.7209 0.0487 0.0404 
 123 0.1039 0.7717 0.0652 0.0592 
 124 0.3685 0.4495 0.1339 0.0480 
 125 0.4958 0.3691 0.0771 0.0579 
 126 0.2077 0.5584 0.1635 0.0704 
 127 0.0477 0.8630 0.0443 0.0450 
 128 0.0458 0.7533 0.1511 0.0498 
 129 0.0373 0.8405 0.0818 0.0403 
 130 0.0649 0.7266 0.0701 0.1384 
 131 0.4305 0.3729 0.1545 0.0421 
 132 0.1182 0.7740 0.0730 0.0347 
 133 0.0637 0.7721 0.1012 0.0630 
 134 0.1583 0.7914 0.0261 0.0242 
 135 0.0480 0.1469 0.2162 0.5889 
 136 0.0444 0.0821 0.0295 0.8440 
 137 0.0365 0.1228 0.0251 0.8157 
 138 0.0469 0.0631 0.0370 0.8530 
 139 0.0588 0.1363 0.5104 0.2945 
 140 0.1031 0.2201 0.1170 0.5597 
 141 0.0796 0.0951 0.0436 0.7818 
 142 0.0420 0.1191 0.2696 0.5694 
 143 0.0290 0.0568 0.0297 0.8844 
 144 0.0325 0.1172 0.0277 0.8226 
 145 0.0994 0.1421 0.0658 0.6928 
 146 0.0888 0.2715 0.0683 0.5714 
 147 0.0334 0.0594 0.0234 0.8839 
 148 0.0559 0.1818 0.0869 0.6754 
 149 0.0524 0.0759 0.0674 0.8042 
 150 0.0475 0.2317 0.0426 0.6781 
 151 0.0368 0.0895 0.0375 0.8362 
 152 0.0779 0.1644 0.1436 0.6141 
 153 0.0651 0.0897 0.0583 0.7869 
 154 0.0425 0.0907 0.0479 0.8190 
 155 0.0339 0.0777 0.0327 0.8558 
 156 0.0320 0.1093 0.1577 0.7009 
 157 0.0661 0.1859 0.0375 0.7105 
 158 0.0920 0.1214 0.0443 0.7423 
 159 0.0311 0.0632 0.0245 0.8812 
 160 0.0318 0.0682 0.0263 0.8737 
 161 0.0759 0.1237 0.0536 0.7468 
 162 0.0962 0.3129 0.0931 0.4977 
 163 0.0327 0.0700 0.0424 0.8549 
 164 0.0673 0.3548 0.0582 0.5196 
 165 0.0410 0.1956 0.0349 0.7285 
 166 0.0939 0.2069 0.1078 0.5915 
 167 0.0551 0.1985 0.0326 0.7138 
 168 0.0836 0.0886 0.0651 0.7628 
 169 0.4060 0.1183 0.0621 0.4136 
 170 0.0381 0.1046 0.1199 0.7373 
 171 0.0801 0.1705 0.0750 0.6744 
 172 0.1943 0.0739 0.1902 0.5416 
 173 0.0322 0.0713 0.0375 0.8589 
 174 0.0387 0.0863 0.0257 0.8493 
 175 0.0425 0.0670 0.0348 0.8556 
 176 0.0330 0.1178 0.0279 0.8213 
 177 0.1259 0.2443 0.0493 0.5806 
 178 0.0602 0.1135 0.0300 0.7963 
 179 0.0325 0.0589 0.0268 0.8818 
 180 0.0826 0.1842 0.0595 0.6737 
 181 0.0606 0.1093 0.0863 0.7439 
 182 0.0303 0.0927 0.0568 0.8201 
 183 0.0343 0.0663 0.0328 0.8666 
 184 0.1341 0.4608 0.3327 0.0724 
 185 0.0305 0.0679 0.1688 0.7328 
 186 0.0799 0.7247 0.1293 0.0661 
 187 0.0711 0.2368 0.3637 0.3284 
 188 0.0640 0.7008 0.1884 0.0467 
 189 0.3307 0.1523 0.2152 0.3018 
 190 0.0237 0.0641 0.7785 0.1337 
 191 0.0546 0.4043 0.3968 0.1444 
 192 0.0772 0.3600 0.2383 0.3245 
 193 0.0981 0.2927 0.3471 0.2621 
 194 0.0623 0.3849 0.2734 0.2795 
 195 0.0306 0.0873 0.3969 0.4852 
 196 0.0337 0.0949 0.7516 0.1198 
 197 0.1768 0.4725 0.1879 0.1628 
 198 0.1691 0.3719 0.2557 0.2033 
 199 0.0423 0.1416 0.6735 0.1426 
 200 0.0890 0.1469 0.6629 0.1012 
 201 0.0416 0.1073 0.2431 0.6080 
 202 0.0314 0.1277 0.2245 0.6164 
 203 0.0343 0.1212 0.2637 0.5808 
 204 0.0289 0.1200 0.6660 0.1850 
 205 0.0504 0.1402 0.7275 0.0819 
 206 0.0386 0.1868 0.5227 0.2519 
 207 0.0325 0.2646 0.6161 0.0868 
 208 0.0343 0.1153 0.6269 0.2235 
 209 0.0652 0.3179 0.4415 0.1754 
 210 0.0382 0.1752 0.5563 0.2303 
 211 0.0293 0.2775 0.5434 0.1497 
 212 0.0535 0.1013 0.1358 0.7095 
 213 0.0622 0.3183 0.5045 0.1150 
 214 0.0386 0.1055 0.2555 0.6004 
 215 0.0429 0.1586 0.7431 0.0554 
 216 0.1233 0.5409 0.2314 0.1045 
 217 0.0518 0.0891 0.4364 0.4228 
 218 0.0634 0.2321 0.5436 0.1609 
 219 0.2388 0.2812 0.1543 0.3256 
 220 0.0334 0.1990 0.6702 0.0975 
 221 0.0276 0.0607 0.2324 0.6793 
 222 0.2075 0.4554 0.1598 0.1774 
 223 0.0974 0.2040 0.2491 0.4496 
 224 0.0409 0.1776 0.2591 0.5224 
 225 0.0436 0.1510 0.6557 0.1497 
 226 0.1446 0.1254 0.6029 0.1270 
 227 0.0346 0.1646 0.5384 0.2623 
 228 0.0291 0.0795 0.5724 0.3190 
 229 0.0465 0.2048 0.2167 0.5320 
 230 0.0368 0.2106 0.3752 0.3773 
 231 0.0705 0.2226 0.1906 0.5163 
 232 0.0879 0.2873 0.2835 0.3413 
 233 0.0390 0.1055 0.1574 0.6980 
 234 0.1170 0.3774 0.2115 0.2941 
 235 0.0912 0.1368 0.4857 0.2863 
 236 0.0633 0.1864 0.3192 0.4312 
 237 0.0412 0.3241 0.4742 0.1605 
 238 0.0490 0.1433 0.2262 0.5815 
 239 0.0309 0.0871 0.3983 0.4838 
 240 0.0489 0.1404 0.2235 0.5872 
 241 0.0394 0.1077 0.1572 0.6957 
 242 0.1374 0.2099 0.4082 0.2445 
 243 0.0262 0.0794 0.7690 0.1255 
 244 0.0354 0.1344 0.3288 0.5014 
 245 0.0345 0.0821 0.1130 0.7705 
 246 0.0528 0.0882 0.4289 0.4301 
 247 0.0988 0.5619 0.2880 0.0513 
 248 0.0435 0.3823 0.5183 0.0560 
 249 0.0399 0.1580 0.3434 0.4587 
 250 0.0626 0.2763 0.3244 0.3368 
 251 0.1775 0.2532 0.4667 0.1026 
 252 0.0613 0.1751 0.4673 0.2964 
 253 0.0912 0.3497 0.4631 0.0960 
 254 0.1392 0.4116 0.2525 0.1967 
 255 0.0953 0.3334 0.2819 0.2894 
 256 0.0463 0.1294 0.4825 0.3418 
 257 0.0488 0.2526 0.5016 0.1971 
 258 0.0677 0.2708 0.5578 0.1037 
 259 0.0488 0.4112 0.3607 0.1793 
 260 0.1542 0.3393 0.1159 0.3905 
 261 0.0561 0.1227 0.4270 0.3942 
 262 0.0303 0.0655 0.6297 0.2745 
 263 0.0605 0.3700 0.4463 0.1232 
 264 0.4780 0.3188 0.1595 0.0438 
 265 0.0943 0.1644 0.5498 0.1914 
 266 0.0286 0.0670 0.2020 0.7024 
 267 0.0652 0.3656 0.2349 0.3342 
 268 0.0336 0.0927 0.7545 0.1192 
 269 0.2683 0.1989 0.2605 0.2723 
 270 0.1000 0.5735 0.2042 0.1223 
 271 0.0532 0.1929 0.6707 0.0833 
 272 0.0819 0.1135 0.7299 0.0746 
 273 0.1136 0.1934 0.4057 0.2873 
 274 0.0972 0.1975 0.5799 0.1253 
 275 0.0969 0.1312 0.6199 0.1520 
 276 0.0707 0.1507 0.7046 0.0740 
 277 0.1050 0.2300 0.2805 0.3846 
 278 0.0398 0.1122 0.7854 0.0626 
 279 0.0713 0.2270 0.4620 0.2398 
 280 0.1543 0.1636 0.5111 0.1711 
 281 0.0745 0.3146 0.4510 0.1599 
 282 0.0866 0.1842 0.1500 0.5792 
 283 0.0479 0.1429 0.1534 0.6558 
 284 0.0631 0.2930 0.3489 0.2950 
 285 0.0552 0.2659 0.6437 0.0352 
 286 0.0351 0.1334 0.3306 0.5010 
 287 0.1757 0.2483 0.3326 0.2434 
 288 0.0882 0.1317 0.6980 0.0822 
 289 0.0902 0.2042 0.6076 0.0979 
 290 0.1949 0.1505 0.5516 0.1030 
 291 0.0539 0.1956 0.6650 0.0855 
 292 0.1128 0.1137 0.5856 0.1880 
 293 0.3439 0.2137 0.3616 0.0807 
 294 0.0713 0.2890 0.5455 0.0942 
 295 0.1353 0.2523 0.4498 0.1626 
 296 0.0445 0.1902 0.6764 0.0889 
 297 0.1961 0.2424 0.4403 0.1212 
 298 0.0868 0.2684 0.1780 0.4668 
 299 0.0799 0.5187 0.2525 0.1489 
 300 0.0459 0.2317 0.6446 0.0778 
 301 0.1888 0.3917 0.3041 0.1154 
 302 0.0703 0.2218 0.6212 0.0867 
 303 0.0666 0.1547 0.2981 0.4805 
 304 0.1652 0.3103 0.0642 0.4604 
 305 0.0362 0.0910 0.5754 0.2974 
 306 0.0817 0.1077 0.3257 0.4849 
 307 0.0715 0.3627 0.2794 0.2864 
 308 0.0573 0.1234 0.4140 0.4052 
 309 0.0405 0.1534 0.7314 0.0747 
 310 0.0325 0.0958 0.5996 0.2720 
 311 0.0374 0.2063 0.3749 0.3814 
 312 0.0313 0.2059 0.6650 0.0978 
 313 0.0332 0.1621 0.7532 0.0514 
 314 0.0322 0.0520 0.0392 0.8767 
 315 0.0481 0.0613 0.0540 0.8365 
 316 0.0579 0.0660 0.0395 0.8366 
 317 0.0321 0.0531 0.0230 0.8918 
 318 0.0347 0.0523 0.0195 0.8935 
 319 0.0300 0.0602 0.0275 0.8823 
 320 0.0326 0.0517 0.0380 0.8777 
 321 0.0363 0.0547 0.0219 0.8871 
 322 0.0520 0.0676 0.0558 0.8246 
 323 0.0331 0.0548 0.0205 0.8916 
 324 0.0360 0.0543 0.0218 0.8879 
 325 0.0567 0.0622 0.0289 0.8522 
 326 0.0575 0.0607 0.0294 0.8524 
 327 0.0329 0.0533 0.0233 0.8905 
 328 0.0516 0.0711 0.0411 0.8362 
 329 0.0312 0.0548 0.0202 0.8938 
 330 0.0321 0.0536 0.0236 0.8906 
 331 0.0314 0.0551 0.0209 0.8926 
 332 0.0663 0.0659 0.0276 0.8402 
 333 0.0499 0.0638 0.0337 0.8526 
 334 0.0523 0.0711 0.0406 0.8361 
 335 0.0454 0.0671 0.0406 0.8469 
 336 0.0383 0.0524 0.0266 0.8827 
 337 0.0606 0.0669 0.0346 0.8380 
 338 0.0353 0.0532 0.0189 0.8927 
 339 0.0304 0.0544 0.0213 0.8940 
 340 0.0288 0.0531 0.0226 0.8955 
 341 0.0317 0.0551 0.0220 0.8912 
 342 0.0325 0.0542 0.0233 0.8900 
 343 0.0548 0.0660 0.0650 0.8142 
 344 0.0310 0.0527 0.0194 0.8969 
 345 0.0327 0.0527 0.0237 0.8909 
 346 0.0307 0.0505 0.0209 0.8979 
 347 0.0282 0.0513 0.0210 0.8995 
 348 0.0443 0.0624 0.0839 0.8094 
 349 0.0328 0.0525 0.0237 0.8911 
 350 0.0315 0.0568 0.0355 0.8762 
 351 0.0456 0.0660 0.0410 0.8475 
 352 0.0515 0.0639 0.0404 0.8442 
 353 0.0379 0.0537 0.0271 0.8812 
 354 0.0319 0.0542 0.0200 0.8940 
 355 0.0350 0.0522 0.0193 0.8935 
 356 0.0441 0.0641 0.1072 0.7846 
 357 0.2344 0.1585 0.0439 0.5631 
 358 0.0517 0.0663 0.0291 0.8530 
 359 0.0318 0.0554 0.0199 0.8928 
 360 0.0311 0.0507 0.0206 0.8975 
 361 0.2454 0.1830 0.0645 0.5071 
 362 0.3157 0.4616 0.1364 0.0863 
 363 0.5191 0.3486 0.0821 0.0501 
 364 0.2314 0.3147 0.0526 0.4013 
 365 0.5550 0.3313 0.0565 0.0573 
 366 0.3541 0.1654 0.3510 0.1294 
 367 0.3314 0.6123 0.0266 0.0297 
 368 0.0773 0.8278 0.0381 0.0568 
 369 0.2113 0.2134 0.2060 0.3693 
 370 0.0869 0.6932 0.1401 0.0798 
 371 0.3027 0.3910 0.1735 0.1328 
 372 0.0781 0.6291 0.1558 0.1370 
 373 0.1592 0.6931 0.0450 0.1026 
 374 0.2967 0.2859 0.0703 0.3472 
 375 0.3129 0.6086 0.0351 0.0434 
 376 0.8334 0.1110 0.0215 0.0341 
 377 0.3519 0.4708 0.0988 0.0784 
 378 0.0931 0.6196 0.0531 0.2342 
 379 0.8429 0.0971 0.0289 0.0311 
 380 0.6616 0.0965 0.1080 0.1339 
 381 0.7345 0.0780 0.0787 0.1087 
 382 0.3974 0.5234 0.0296 0.0496 
 383 0.7383 0.0853 0.0458 0.1306 
 384 0.5788 0.2671 0.0439 0.1103 
 385 0.1021 0.6945 0.0250 0.1783 
 386 0.4635 0.4453 0.0437 0.0476 
 387 0.3937 0.5121 0.0402 0.0540 
 388 0.1995 0.4395 0.0521 0.3089 
 389 0.0627 0.4138 0.4668 0.0567 
 390 0.4747 0.2737 0.2089 0.0427 
 391 0.1241 0.6305 0.1525 0.0929 
 392 0.6601 0.1899 0.0529 0.0971 
 393 0.7866 0.0814 0.0640 0.0680 
 394 0.2412 0.3872 0.0690 0.3027 
 395 0.2812 0.2377 0.4293 0.0518 
 396 0.2933 0.6391 0.0345 0.0330 
 397 0.2226 0.4528 0.1226 0.2020 
 398 0.7526 0.1829 0.0310 0.0335 
 399 0.2322 0.5874 0.1356 0.0447 
 400 0.4700 0.4291 0.0339 0.0671 
 401 0.1892 0.6378 0.1014 0.0716 
 402 0.1721 0.5635 0.1852 0.0792 
 403 0.1330 0.3876 0.0603 0.4191 
 404 0.4171 0.3942 0.0781 0.1106 
 405 0.4029 0.3586 0.1292 0.1092 
 406 0.2477 0.0750 0.5746 0.1027 
 407 0.8068 0.1311 0.0291 0.0329 
 408 0.0651 0.7037 0.1989 0.0322 
 409 0.2500 0.1187 0.3022 0.3291 
 410 0.5087 0.3407 0.0496 0.1010 
 411 0.5847 0.1447 0.0983 0.1723 
 412 0.1008 0.8145 0.0322 0.0525 
 413 0.1304 0.5844 0.0696 0.2156 
 414 0.0867 0.8417 0.0353 0.0362 
 415 0.7276 0.1375 0.0856 0.0493 
 416 0.4168 0.4156 0.0843 0.0833 
 417 0.7381 0.1857 0.0333 0.0430 
 418 0.2161 0.7208 0.0257 0.0374 
 419 0.2336 0.4317 0.1268 0.2078 
 420 0.2555 0.4732 0.2267 0.0447 
 421 0.4940 0.4029 0.0489 0.0541 
 422 0.3663 0.2490 0.3235 0.0613 
 423 0.6111 0.2368 0.0848 0.0673 
 424 0.1349 0.6667 0.1255 0.0729 
 425 0.2653 0.5718 0.0581 0.1048 
 426 0.1604 0.7126 0.0391 0.0879 
 427 0.6842 0.1428 0.0402 0.1328 
 428 0.4211 0.2093 0.1487 0.2209 
 429 0.7386 0.2063 0.0251 0.0300 
 430 0.7687 0.1552 0.0358 0.0403 
 431 0.1569 0.7034 0.0654 0.0744 
 432 0.0896 0.8012 0.0422 0.0670 
 433 0.0579 0.5445 0.0931 0.3046 
 434 0.2520 0.4932 0.0792 0.1756 
 435 0.7830 0.1488 0.0356 0.0326 
 436 0.8158 0.0980 0.0330 0.0532 
 437 0.7950 0.1395 0.0290 0.0366 
 438 0.5065 0.2297 0.1789 0.0850 
 439 0.8431 0.0909 0.0230 0.0430 
 440 0.8309 0.1115 0.0312 0.0264 
 441 0.6077 0.2358 0.0387 0.1178 
 442 0.6300 0.2772 0.0533 0.0395 
 443 0.3966 0.4375 0.1316 0.0344 
 444 0.7135 0.1887 0.0600 0.0378 
 445 0.5837 0.1418 0.1086 0.1659 
 446 0.7005 0.2346 0.0254 0.0396 
 447 0.5998 0.2309 0.0826 0.0867 
 448 0.6329 0.2810 0.0448 0.0413 
 449 0.5823 0.2904 0.0540 0.0733 
 450 0.6761 0.2319 0.0206 0.0714 
 451 0.1177 0.7987 0.0546 0.0290 
 452 0.7355 0.1836 0.0240 0.0569 
 453 0.1127 0.3354 0.4734 0.0786 
 454 0.6265 0.2394 0.0456 0.0886 
 455 0.7404 0.1579 0.0635 0.0382 
 456 0.6637 0.1711 0.1314 0.0339 
 457 0.8154 0.1152 0.0290 0.0404 
 458 0.8049 0.1249 0.0245 0.0457 
 459 0.5248 0.3092 0.0444 0.1216 
 460 0.7095 0.2272 0.0277 0.0355 
 461 0.4989 0.4440 0.0195 0.0376 
 462 0.6576 0.2462 0.0689 0.0274 
 463 0.3273 0.1283 0.4821 0.0623 
 464 0.6106 0.2885 0.0666 0.0343 
 465 0.2678 0.6250 0.0562 0.0510 
 466 0.3675 0.3521 0.2414 0.0390 
 467 0.6445 0.2056 0.0717 0.0782 
 468 0.8303 0.0828 0.0551 0.0318 
 469 0.8647 0.0758 0.0223 0.0372 
 470 0.8097 0.1297 0.0284 0.0321 
 471 0.3216 0.3571 0.2797 0.0415 
 472 0.4399 0.4145 0.0938 0.0518 
 473 0.5093 0.3291 0.0813 0.0804 
 474 0.7264 0.1703 0.0480 0.0552 
 475 0.3037 0.5582 0.0563 0.0818 
 476 0.8277 0.0977 0.0336 0.0410 
 477 0.1742 0.6964 0.0555 0.0739 
 478 0.1320 0.8061 0.0259 0.0361 
 479 0.7531 0.1881 0.0259 0.0329 
 480 0.8484 0.0907 0.0237 0.0372 
 481 0.3309 0.5316 0.0944 0.0431 
 482 0.8163 0.1305 0.0209 0.0323 
 483 0.7656 0.1572 0.0315 0.0457 
 484 0.5990 0.1908 0.1587 0.0515 
 485 0.8007 0.1258 0.0377 0.0358 
 486 0.0782 0.6965 0.1607 0.0646 
 487 0.0952 0.6485 0.0694 0.1869 
 488 0.0533 0.7987 0.0551 0.0930 
 489 0.1212 0.3762 0.2382 0.2645 
 490 0.0946 0.7882 0.0786 0.0386 
 491 0.0679 0.5682 0.1634 0.2004 
 492 0.0620 0.5339 0.1332 0.2709 
 493 0.0617 0.7748 0.0766 0.0869 
 494 0.1279 0.5841 0.1523 0.1357 
 495 0.0694 0.7225 0.0629 0.1453 
 496 0.0873 0.2986 0.1886 0.4255 
 497 0.0565 0.7212 0.0485 0.1738 
 498 0.0819 0.6444 0.1645 0.1092 
 499 0.0724 0.4625 0.0886 0.3765 
 500 0.2179 0.5682 0.1304 0.0835 
 501 0.1629 0.5547 0.0613 0.2211 
 502 0.0822 0.6407 0.0368 0.2403 
 503 0.4296 0.4470 0.0697 0.0536 
 504 0.0502 0.8360 0.0575 0.0563 
 505 0.0630 0.3565 0.4679 0.1126 
 506 0.0827 0.6232 0.0745 0.2197 
 507 0.0393 0.0899 0.1062 0.7646 
 508 0.0337 0.1806 0.1524 0.6332 
 509 0.0624 0.3999 0.2664 0.2713 
 510 0.1633 0.4282 0.0696 0.3389 
 511 0.4662 0.3329 0.1351 0.0657 
 512 0.4131 0.5080 0.0392 0.0397 
 513 0.0266 0.7606 0.1443 0.0686 
 514 0.0655 0.8062 0.0591 0.0692 
 515 0.4446 0.2356 0.1288 0.1910 
 516 0.0506 0.7432 0.1314 0.0748 
 517 0.2153 0.3348 0.2784 0.1714 
 518 0.1957 0.3481 0.0831 0.3730 
 519 0.0761 0.7955 0.0479 0.0804 
 520 0.2248 0.1140 0.3438 0.3174 
 521 0.0764 0.3316 0.1598 0.4322 
 522 0.5078 0.1938 0.2401 0.0584 
 523 0.0779 0.2409 0.4811 0.2002 
 524 0.4670 0.2371 0.1866 0.1092 
 525 0.2923 0.2471 0.1076 0.3531 
 526 0.3259 0.0921 0.4965 0.0854 
 527 0.1535 0.7489 0.0336 0.0640 
 528 0.0533 0.1538 0.1737 0.6192 
 529 0.0929 0.5562 0.1395 0.2113 
 530 0.4655 0.2747 0.1483 0.1115 
 531 0.2167 0.2086 0.0976 0.4771 
 532 0.1148 0.4488 0.1034 0.3330 
 533 0.3368 0.3536 0.2097 0.0999 
 534 0.0453 0.5229 0.2702 0.1615 
 535 0.1861 0.3276 0.4011 0.0852 
 536 0.2663 0.1963 0.3376 0.1997 
 537 0.0652 0.1355 0.4800 0.3193 
 538 0.0799 0.1703 0.5539 0.1959 
 539 0.0431 0.0897 0.1425 0.7247 
 540 0.1279 0.1913 0.3926 0.2882 
 541 0.1228 0.1692 0.1183 0.5897 
 542 0.2115 0.1148 0.6110 0.0627 
 543 0.0628 0.2660 0.4758 0.1954 
 544 0.1004 0.1441 0.6650 0.0906 
 545 0.1702 0.1329 0.6537 0.0432 
 546 0.0947 0.1906 0.5467 0.1679 
 547 0.0603 0.1314 0.6676 0.1407 
 548 0.0629 0.2729 0.3327 0.3314 
 549 0.2109 0.0946 0.1901 0.5044 
 550 0.2917 0.1580 0.4755 0.0748 
 551 0.0823 0.1446 0.0734 0.6997 
 552 0.0777 0.1321 0.5835 0.2067 
 553 0.0369 0.1130 0.7057 0.1444 
 554 0.2637 0.3854 0.1491 0.2018 
 555 0.0603 0.1729 0.4189 0.3480 
 556 0.0763 0.1901 0.5628 0.1707 
 557 0.3485 0.1961 0.3330 0.1223 
 558 0.8239 0.1240 0.0189 0.0332 
 559 0.0751 0.7496 0.1133 0.0620 
 560 0.4609 0.4709 0.0412 0.0270 
 561 0.2627 0.6359 0.0634 0.0380 
 562 0.1668 0.7056 0.0999 0.0276 
 563 0.1054 0.6713 0.0548 0.1685 
 564 0.0940 0.5456 0.2860 0.0744 
 565 0.8204 0.1146 0.0247 0.0402 
 566 0.2917 0.6436 0.0370 0.0277 
 567 0.0623 0.7502 0.1423 0.0452 
 568 0.1838 0.6186 0.1344 0.0633 
 569 0.3895 0.3639 0.1829 0.0637 
 570 0.7825 0.1641 0.0242 0.0292 
 571 0.1058 0.8056 0.0449 0.0437 
 572 0.1442 0.1502 0.5721 0.1335 
 573 0.1792 0.5235 0.2197 0.0775 
 574 0.4825 0.2906 0.0606 0.1663 
 575 0.1381 0.6870 0.0716 0.1033 
 576 0.1583 0.7890 0.0251 0.0276 
 577 0.3731 0.4352 0.0473 0.1445 
 578 0.2187 0.6766 0.0555 0.0492 
 579 0.2189 0.6694 0.0640 0.0477 
 580 0.5483 0.3296 0.0402 0.0819 
 581 0.5162 0.3871 0.0367 0.0601 
 582 0.7298 0.1941 0.0449 0.0312 
 583 0.1622 0.7553 0.0356 0.0469 
 584 0.1406 0.8009 0.0249 0.0337 
 585 0.2757 0.6436 0.0395 0.0413 
 586 0.0779 0.8068 0.0595 0.0557 
 587 0.4789 0.3914 0.0979 0.0318 
 588 0.0293 0.1882 0.7389 0.0436 
 589 0.6853 0.1902 0.0907 0.0337 
 590 0.0629 0.8516 0.0466 0.0389 
 591 0.0827 0.8322 0.0358 0.0493 
 592 0.1814 0.5091 0.2726 0.0370 
 593 0.2578 0.5726 0.0863 0.0833 
 594 0.0677 0.7980 0.0400 0.0944 
 595 0.1951 0.7428 0.0311 0.0310 
 596 0.1599 0.3479 0.4264 0.0658 
 597 0.0658 0.6275 0.0993 0.2075 
 598 0.8440 0.1049 0.0206 0.0306 
 599 0.2481 0.6337 0.0876 0.0306 
 600 0.5351 0.2903 0.0734 0.1013 
 601 0.4499 0.4569 0.0625 0.0307 
 602 0.0734 0.6918 0.0636 0.1712 
 603 0.0731 0.6977 0.0778 0.1513 
 604 0.5146 0.2965 0.0605 0.1283 
 605 0.2055 0.6311 0.1038 0.0596 
 606 0.1829 0.4362 0.1895 0.1914 
 607 0.2371 0.3569 0.0573 0.3487 
 608 0.2027 0.2544 0.0431 0.4997 
 609 0.4177 0.4465 0.0578 0.0779 
 610 0.6233 0.1919 0.1253 0.0595 
 611 0.0910 0.6535 0.1197 0.1358 
 612 0.8171 0.1021 0.0373 0.0435 
 613 0.2850 0.5165 0.1138 0.0847 
 614 0.7508 0.1522 0.0510 0.0460 
 615 0.7404 0.1241 0.0537 0.0818 
 616 0.2427 0.4372 0.0692 0.2509 
 617 0.3735 0.4925 0.0840 0.0500 
 618 0.5315 0.1708 0.0939 0.2038 
 619 0.2259 0.3206 0.3144 0.1391 
 620 0.1053 0.5209 0.3445 0.0292 
 621 0.1554 0.7757 0.0230 0.0459 
 622 0.4071 0.2528 0.2051 0.1350 
 623 0.1410 0.7131 0.0950 0.0509 
 624 0.6805 0.1339 0.0382 0.1473 
 625 0.4690 0.3197 0.0377 0.1736 
 626 0.3006 0.0921 0.1770 0.4302 
 627 0.1704 0.6643 0.0911 0.0741 
 628 0.0976 0.7440 0.0918 0.0666 
 629 0.1673 0.6853 0.0576 0.0898 
 630 0.5959 0.2866 0.0550 0.0624 
 631 0.4446 0.4113 0.0595 0.0845 
 632 0.1183 0.2707 0.3229 0.2881 
 633 0.4215 0.3911 0.0481 0.1392 
 634 0.2111 0.4310 0.1561 0.2018 
 635 0.1656 0.1896 0.0758 0.5691 
 636 0.4141 0.2845 0.0501 0.2512 
 637 0.1730 0.3124 0.4092 0.1054 
 638 0.1434 0.6689 0.0544 0.1334 
 639 0.4095 0.3924 0.0645 0.1336 
 640 0.1187 0.7969 0.0257 0.0587 
 641 0.2050 0.6486 0.0595 0.0868 
 642 0.0914 0.1875 0.1117 0.6093 
 643 0.0525 0.1006 0.0356 0.8113 
 644 0.0561 0.2300 0.0523 0.6616 
 645 0.2978 0.0851 0.0615 0.5556 
 646 0.1093 0.5428 0.1957 0.1522 
 647 0.0701 0.4295 0.0813 0.4191 
 648 0.1276 0.2936 0.2311 0.3478 
 649 0.0525 0.2811 0.4798 0.1866 
 650 0.0600 0.5835 0.1640 0.1925 
 651 0.0526 0.4285 0.0443 0.4746 
 652 0.0695 0.2187 0.0729 0.6390 
 653 0.0985 0.2925 0.1258 0.4832 
 654 0.0755 0.1874 0.1996 0.5375 
 655 0.0864 0.3051 0.0651 0.5435 
 656 0.0945 0.3648 0.2478 0.2930 
 657 0.2666 0.4484 0.0499 0.2351 
 658 0.1554 0.4273 0.1571 0.2602 
 659 0.0814 0.2378 0.1339 0.5468 
 660 0.0488 0.1400 0.1254 0.6858 
 661 0.0838 0.1142 0.2522 0.5498 
 662 0.0429 0.2347 0.6141 0.1084 
 663 0.0805 0.2080 0.1388 0.5727 
 664 0.2125 0.4229 0.0754 0.2891 
 665 0.0499 0.2618 0.5581 0.1303 
 666 0.0778 0.1775 0.1715 0.5732 
 667 0.0726 0.7554 0.0690 0.1030 
 668 0.1285 0.2416 0.1284 0.5015 
 669 0.0707 0.3382 0.2234 0.3676 
 670 0.0326 0.0732 0.0435 0.8508 
 671 0.0440 0.1295 0.0846 0.7419 
 672 0.0839 0.1461 0.0726 0.6974 
 673 0.0336 0.0578 0.0214 0.8872 
 674 0.0605 0.0954 0.0591 0.7849 
 675 0.0325 0.1184 0.0282 0.8210 
 676 0.0319 0.0572 0.0229 0.8880 
 677 0.0317 0.0631 0.1968 0.7084 
 678 0.0344 0.0622 0.0193 0.8841 
 679 0.0562 0.0913 0.0249 0.8277 
 680 0.0537 0.0796 0.0353 0.8314 
 681 0.1592 0.1839 0.3141 0.3427 
 682 0.0570 0.0695 0.0311 0.8424 
 683 0.0316 0.0670 0.0425 0.8589 
 684 0.0339 0.0638 0.0228 0.8796 
 685 0.0293 0.0550 0.0261 0.8895 
 686 0.0557 0.0869 0.1353 0.7221 
 687 0.0396 0.1167 0.1229 0.7208 
 688 0.0401 0.0887 0.0337 0.8375 
 689 0.0308 0.0552 0.0237 0.8903 
 690 0.0318 0.0572 0.0237 0.8873 
 691 0.0512 0.0852 0.0352 0.8284 
 692 0.0441 0.0916 0.0247 0.8396 
 693 0.0495 0.0912 0.0266 0.8327 
 694 0.0271 0.0524 0.0271 0.8935 
 695 0.0444 0.0636 0.0503 0.8417 
 696 0.0396 0.0874 0.0331 0.8399 
 697 0.0327 0.0588 0.0328 0.8757 
 698 0.0319 0.0591 0.0257 0.8834 
 699 0.0416 0.0626 0.1753 0.7206 
 700 0.0806 0.0777 0.0651 0.7766 
 701 0.0656 0.1045 0.0500 0.7799 
 702 0.0729 0.1125 0.0766 0.7380 
 703 0.0572 0.0717 0.0377 0.8334 
 704 0.0372 0.0789 0.0533 0.8306 
 705 0.0823 0.1222 0.3198 0.4758 
 706 0.0504 0.0666 0.0440 0.8390 
 707 0.0357 0.0602 0.0403 0.8638 
 708 0.0304 0.0630 0.0307 0.8758 
 709 0.0360 0.0572 0.0596 0.8473 
 710 0.0281 0.0516 0.0270 0.8933 
 711 0.0510 0.0708 0.0934 0.7847 
 712 0.0280 0.0581 0.1130 0.8010 
 713 0.0357 0.0853 0.0393 0.8398 
 714 0.0567 0.1146 0.0354 0.7934 
 715 0.0288 0.0523 0.0610 0.8579 
 716 0.0485 0.0617 0.0390 0.8508 
 717 0.0298 0.0512 0.0352 0.8838 
 718 0.0484 0.0917 0.0672 0.7928 
 719 0.0284 0.0550 0.0488 0.8677 
 720 0.1681 0.7369 0.0449 0.0501 
 721 0.1755 0.1495 0.0550 0.6200 
 722 0.5139 0.3078 0.0823 0.0960 
 723 0.5738 0.2991 0.0403 0.0868 
 724 0.6071 0.1297 0.0502 0.2130 
 725 0.1380 0.4878 0.0847 0.2895 
 726 0.5555 0.1747 0.1315 0.1383 
 727 0.1894 0.2325 0.3128 0.2654 
 728 0.8735 0.0735 0.0257 0.0273 
 729 0.8435 0.1013 0.0247 0.0304 
 730 0.4050 0.4957 0.0387 0.0606 
 731 0.7560 0.1435 0.0325 0.0680 
 732 0.5748 0.2994 0.0384 0.0874 
 733 0.8129 0.1210 0.0223 0.0437 
 734 0.8034 0.1422 0.0250 0.0294 
 735 0.8282 0.0995 0.0203 0.0520 
 736 0.5582 0.3433 0.0354 0.0631 
 737 0.4954 0.3504 0.0862 0.0680 
 738 0.4783 0.4298 0.0356 0.0564 
 739 0.8234 0.1164 0.0212 0.0389 
 740 0.0494 0.1398 0.0327 0.7781 
 741 0.0979 0.2380 0.0628 0.6013 
 742 0.1107 0.6835 0.0257 0.1802 
 743 0.1016 0.7409 0.0416 0.1159 
 744 0.0683 0.4383 0.3738 0.1195 
 745 0.0946 0.7979 0.0644 0.0431 
 746 0.1681 0.4925 0.0629 0.2766 
 747 0.0720 0.7767 0.0654 0.0858 
 748 0.0624 0.3394 0.0363 0.5619 
 749 0.0848 0.5706 0.1244 0.2202 
 750 0.0811 0.6868 0.0852 0.1470 
 751 0.0769 0.3372 0.0523 0.5336 
 752 0.1050 0.7087 0.0713 0.1150 
 753 0.2097 0.4182 0.0743 0.2978 
 754 0.0903 0.3993 0.0391 0.4712 
 755 0.1146 0.6020 0.0392 0.2442 
 756 0.0529 0.5465 0.0645 0.3360 
 757 0.0746 0.7076 0.0387 0.1791 
 758 0.0462 0.8719 0.0417 0.0403 
 759 0.1379 0.2317 0.0639 0.5665 
 760 0.2219 0.5707 0.0366 0.1708 
 761 0.3982 0.1851 0.0519 0.3648 
 762 0.4151 0.4937 0.0213 0.0698 
 763 0.2062 0.4191 0.0733 0.3014 
 764 0.0708 0.7822 0.0336 0.1134 
 765 0.3491 0.5056 0.0501 0.0952 
 766 0.0707 0.4964 0.0340 0.3988 
 767 0.1215 0.5154 0.0652 0.2980 
 768 0.4461 0.4623 0.0221 0.0694 
 769 0.4372 0.2374 0.0359 0.2895 
 770 0.4108 0.5007 0.0323 0.0562 
 771 0.0489 0.3396 0.3960 0.2155 
 772 0.1190 0.4538 0.0852 0.3420 
 773 0.0629 0.7776 0.0395 0.1200 
 774 0.0952 0.2701 0.0550 0.5796 
 775 0.5925 0.2721 0.0252 0.1102 
 776 0.0772 0.8154 0.0418 0.0656 
 777 0.1283 0.5692 0.1574 0.1451 
 778 0.0869 0.4888 0.1765 0.2478 
 779 0.0574 0.7466 0.0335 0.1625 
 780 0.0805 0.3789 0.0418 0.4989 
 781 0.0507 0.2348 0.4773 0.2372 
 782 0.0570 0.7457 0.0334 0.1640 
 783 0.1129 0.5507 0.0360 0.3004 
 784 0.1608 0.7193 0.0348 0.0851 
 785 0.0714 0.7152 0.0367 0.1767 
 786 0.0870 0.3591 0.0337 0.5202 
 787 0.0414 0.3305 0.0925 0.5356 
 788 0.1182 0.7236 0.0500 0.1082 
 789 0.1483 0.7286 0.0262 0.0970 
 790 0.1385 0.4554 0.0301 0.3760 
 791 0.1052 0.6855 0.0419 0.1674 
 792 0.0434 0.3073 0.1159 0.5335 
 793 0.1743 0.1717 0.1711 0.4829 
 794 0.1198 0.6344 0.0604 0.1853 
 795 0.1551 0.1734 0.0674 0.6041 
 796 0.0732 0.6699 0.0528 0.2042 
 797 0.0851 0.1225 0.1410 0.6515 
 798 0.6267 0.1693 0.1699 0.0342 
 799 0.0921 0.7675 0.0549 0.0855 
 800 0.0342 0.1902 0.1815 0.5941 
 801 0.6366 0.1689 0.1254 0.0691 
 802 0.3722 0.1706 0.1916 0.2656 
 803 0.1185 0.2713 0.0940 0.5162 
 804 0.1407 0.3381 0.3840 0.1371 
 805 0.0460 0.0972 0.0369 0.8200 
 806 0.3305 0.1595 0.3902 0.1197 
 807 0.0550 0.0859 0.1410 0.7181 
 808 0.0653 0.1597 0.3647 0.4103 
 809 0.1619 0.1023 0.6794 0.0564 
 810 0.2463 0.4245 0.0895 0.2396 
 811 0.0926 0.1633 0.3012 0.4428 
 812 0.0543 0.1045 0.8082 0.0331 
 813 0.6509 0.2115 0.0966 0.0410 
 814 0.0505 0.2668 0.6255 0.0572 
 815 0.3201 0.1092 0.3298 0.2409 
 816 0.2494 0.2266 0.1181 0.4058 
 817 0.3759 0.1700 0.1888 0.2652 
 818 0.1177 0.7608 0.0398 0.0817 
 819 0.0389 0.7386 0.0562 0.1663 
 820 0.0600 0.5885 0.1439 0.2076 
 821 0.1183 0.7499 0.0229 0.1090 
 822 0.1563 0.7653 0.0443 0.0341 
 823 0.3796 0.3289 0.0258 0.2658 
 824 0.0778 0.6987 0.0384 0.1851 
 825 0.2059 0.6896 0.0398 0.0647 
 826 0.0639 0.8532 0.0363 0.0466 
 827 0.3289 0.5736 0.0289 0.0686 
 828 0.4825 0.3573 0.0412 0.1190 
 829 0.5219 0.2887 0.0763 0.1131 
 830 0.2347 0.6985 0.0217 0.0451 
 831 0.2104 0.5607 0.0686 0.1603 
 832 0.1748 0.5680 0.0875 0.1697 
 833 0.3678 0.3901 0.0502 0.1918 
 834 0.2790 0.5129 0.0556 0.1525 
 835 0.0629 0.8505 0.0417 0.0449 
 836 0.0695 0.7634 0.0789 0.0882 
 837 0.3713 0.2637 0.0578 0.3072 
 838 0.0534 0.8076 0.0926 0.0465 
 839 0.1609 0.7457 0.0240 0.0695 
 840 0.0729 0.4642 0.2661 0.1968 
 841 0.0533 0.7398 0.0828 0.1241 
 842 0.0695 0.8717 0.0243 0.0345 
 843 0.0753 0.3139 0.2863 0.3245 
 844 0.1457 0.5672 0.0833 0.2038 
 845 0.0722 0.8603 0.0202 0.0472 
 846 0.0571 0.7959 0.0329 0.1141 
 847 0.0402 0.6988 0.0311 0.2299 
 848 0.0453 0.8023 0.0537 0.0988 
 849 0.0900 0.8109 0.0317 0.0674 
 850 0.1477 0.7579 0.0293 0.0651 
 851 0.0510 0.8637 0.0281 0.0572 
 852 0.1805 0.2126 0.0263 0.5805 
 853 0.1479 0.7657 0.0327 0.0538 
 854 0.2595 0.4261 0.0268 0.2877 
 855 0.0647 0.8008 0.0380 0.0965 
 856 0.0672 0.7462 0.0356 0.1510 
 857 0.0850 0.6905 0.1552 0.0693 
 858 0.0714 0.8446 0.0327 0.0513 
 859 0.1873 0.7303 0.0240 0.0584 
 860 0.0569 0.8462 0.0454 0.0515 
 861 0.0451 0.3668 0.1085 0.4796 
 862 0.8531 0.0808 0.0299 0.0362 
 863 0.7613 0.1019 0.0451 0.0917 
 864 0.8430 0.0722 0.0220 0.0628 
 865 0.8120 0.1323 0.0277 0.0280 
 866 0.3684 0.5376 0.0433 0.0507 
 867 0.8306 0.0783 0.0369 0.0542 
 868 0.7147 0.1767 0.0565 0.0522 
 869 0.3951 0.5152 0.0362 0.0534 
 870 0.6104 0.2036 0.1525 0.0335 
 871 0.7466 0.1858 0.0343 0.0333 
 872 0.8239 0.1090 0.0222 0.0449 
 873 0.8307 0.0931 0.0251 0.0511 
 874 0.8425 0.0914 0.0338 0.0323 
 875 0.4338 0.3939 0.1134 0.0589 
 876 0.1191 0.7589 0.0804 0.0416 
 877 0.8561 0.0769 0.0229 0.0441 
 878 0.3922 0.4482 0.0806 0.0790 
 879 0.8239 0.0914 0.0228 0.0619 
 880 0.4561 0.3543 0.1457 0.0439 
 881 0.8019 0.1120 0.0300 0.0561 
 882 0.8280 0.1003 0.0198 0.0519 
 883 0.1031 0.7587 0.0829 0.0553 
 884 0.8146 0.1326 0.0259 0.0269 
 885 0.5598 0.1782 0.1798 0.0822 
 886 0.5680 0.3192 0.0332 0.0796 
 887 0.8090 0.1316 0.0261 0.0332 
 888 0.3956 0.1903 0.2870 0.1271 
 889 0.8396 0.1052 0.0282 0.0270 
 890 0.4623 0.4427 0.0655 0.0296 
 891 0.0684 0.8198 0.0607 0.0510 
 892 0.0770 0.7841 0.0801 0.0588 
 893 0.1300 0.6093 0.1753 0.0854 
 894 0.2103 0.7334 0.0225 0.0338 
 895 0.7472 0.1846 0.0338 0.0344 
 896 0.0525 0.7840 0.0724 0.0910 
 897 0.0547 0.8421 0.0521 0.0511 
 898 0.3131 0.5212 0.0660 0.0998 
 899 0.1216 0.8278 0.0227 0.0279 
 900 0.0610 0.8458 0.0509 0.0423 
 901 0.0806 0.8382 0.0350 0.0462 
 902 0.0702 0.5086 0.3594 0.0617 
 903 0.5408 0.3714 0.0433 0.0445 
 904 0.3806 0.4395 0.0853 0.0947 
 905 0.5120 0.4303 0.0255 0.0323 
 906 0.2326 0.6084 0.0982 0.0608 
 907 0.1213 0.7814 0.0287 0.0686 
 908 0.1353 0.7821 0.0263 0.0562 
 909 0.2323 0.5703 0.1295 0.0680 
 910 0.0839 0.7538 0.1035 0.0588 
 911 0.6190 0.3229 0.0298 0.0283 
 912 0.1774 0.7563 0.0296 0.0368 
 913 0.2938 0.6279 0.0465 0.0318 
 914 0.1893 0.5780 0.0357 0.1971 
 915 0.1863 0.7411 0.0458 0.0269 
 916 0.1092 0.8155 0.0362 0.0391 
 917 0.1551 0.7655 0.0390 0.0404 
 918 0.3641 0.4190 0.0488 0.1681 
 919 0.4989 0.3695 0.0397 0.0919 
 920 0.1074 0.8037 0.0279 0.0610 
 921 0.0922 0.2955 0.2965 0.3158 
 922 0.0585 0.2632 0.6263 0.0520 
 923 0.0520 0.3579 0.4912 0.0989 
 924 0.0517 0.3354 0.5632 0.0497 
 925 0.0720 0.3573 0.4809 0.0898 
 926 0.0322 0.1225 0.7611 0.0843 
 927 0.0503 0.1263 0.7115 0.1119 
 928 0.0343 0.1364 0.5975 0.2318 
 929 0.0341 0.1580 0.7563 0.0516 
 930 0.0661 0.2450 0.5965 0.0924 
 931 0.1276 0.0562 0.7027 0.1135 
 932 0.0372 0.1259 0.7985 0.0383 
 933 0.0466 0.1564 0.2937 0.5033 
 934 0.0344 0.2588 0.6704 0.0365 
 935 0.0587 0.0848 0.8038 0.0527 
 936 0.0362 0.0723 0.8596 0.0318 
 937 0.0364 0.0586 0.8528 0.0522 
 938 0.0270 0.0702 0.7894 0.1134 
 939 0.0372 0.0573 0.8042 0.1012 
 940 0.0504 0.1268 0.7367 0.0861 
 941 0.0630 0.1440 0.7578 0.0353 
 942 0.0876 0.2698 0.3364 0.3062 
 943 0.0343 0.0508 0.8281 0.0868 
 944 0.0440 0.0752 0.8000 0.0808 
 945 0.0577 0.2068 0.6473 0.0882 
 946 0.0383 0.1102 0.8011 0.0504 
 947 0.0318 0.0683 0.8214 0.0785 
 948 0.1198 0.0710 0.7805 0.0287 
 949 0.1415 0.1137 0.7148 0.0300 
 950 0.0263 0.0660 0.8480 0.0597 
 951 0.0685 0.1353 0.6788 0.1175 
 952 0.0455 0.0983 0.8112 0.0450 
 953 0.1035 0.1746 0.6540 0.0679 
 954 0.0790 0.0856 0.7954 0.0400 
 955 0.0462 0.0714 0.0607 0.8217 
 956 0.0379 0.1010 0.1456 0.7156 
 957 0.1110 0.2673 0.1235 0.4982 
 958 0.1009 0.6960 0.0935 0.1097 
 959 0.0647 0.4120 0.1888 0.3345 
 960 0.3113 0.5029 0.0426 0.1432 
 961 0.0294 0.0552 0.0253 0.8901 
 962 0.0310 0.6089 0.2608 0.0993 
 963 0.0936 0.7185 0.0839 0.1039 
 964 0.1108 0.6753 0.0354 0.1785 
 965 0.0523 0.4307 0.0995 0.4175 
 966 0.1012 0.4937 0.1161 0.2890 
 967 0.0535 0.0696 0.0555 0.8214 
 968 0.0359 0.6626 0.1552 0.1463 
 969 0.2836 0.3055 0.0475 0.3634 
 970 0.0494 0.1163 0.0514 0.7828 
 971 0.0491 0.4528 0.3124 0.1858 
 972 0.1463 0.4128 0.0954 0.3454 
 973 0.0387 0.2921 0.2687 0.4006 
 974 0.0937 0.7049 0.0625 0.1389 
 975 0.2828 0.3051 0.0472 0.3648 
 976 0.0491 0.4566 0.3091 0.1851 
 977 0.1245 0.3849 0.0395 0.4511 
 978 0.0510 0.4565 0.1684 0.3241 
 979 0.0680 0.6616 0.1566 0.1139 
 980 0.0580 0.3490 0.1099 0.4831 
 981 0.1088 0.3622 0.2602 0.2688 
 982 0.1048 0.7621 0.0684 0.0647 
 983 0.3271 0.5072 0.0935 0.0723 
 984 0.1688 0.1213 0.0372 0.6728 
 985 0.0563 0.6337 0.0558 0.2543 
 986 0.0975 0.7314 0.0514 0.1197 
 987 0.0733 0.7765 0.1025 0.0476 
 988 0.2509 0.6932 0.0227 0.0332 
 989 0.1443 0.1101 0.1965 0.5491 
 990 0.1776 0.6397 0.0336 0.1491 
 991 0.0969 0.5371 0.1837 0.1823 
 992 0.0433 0.6392 0.2712 0.0463 
 993 0.3948 0.4515 0.0722 0.0815 
 994 0.0686 0.2708 0.4359 0.2247 
 995 0.0269 0.0659 0.0640 0.8431 
 996 0.1763 0.7196 0.0363 0.0678 
 997 0.0420 0.6514 0.1814 0.1253 
 998 0.0853 0.7350 0.1157 0.0640 
 999 0.0723 0.6096 0.0526 0.2654 
1000 0.0851 0.7322 0.1267 0.0559 
1001 0.1752 0.7044 0.0367 0.0837 
1002 0.1116 0.8252 0.0301 0.0331 
1003 0.0798 0.5682 0.2184 0.1336 
1004 0.0457 0.7995 0.0466 0.1082 
1005 0.0687 0.7888 0.0842 0.0583 
1006 0.0865 0.2032 0.5954 0.1149 
1007 0.0696 0.2811 0.3031 0.3462 
1008 0.0597 0.1846 0.4135 0.3423 
1009 0.1756 0.3410 0.3043 0.1791 
1010 0.0897 0.3486 0.3831 0.1785 
1011 0.0925 0.2539 0.2107 0.4429 
1012 0.0593 0.1172 0.7686 0.0549 
1013 0.0817 0.3544 0.4628 0.1012 
1014 0.1037 0.7599 0.0770 0.0594 
1015 0.0457 0.4058 0.4801 0.0685 
1016 0.0585 0.8502 0.0377 0.0537 
1017 0.0553 0.5403 0.1640 0.2404 
1018 0.0783 0.5218 0.1565 0.2434 
1019 0.1347 0.4959 0.1835 0.1859 
1020 0.0405 0.0894 0.0846 0.7855 
1021 0.0421 0.0893 0.5913 0.2773 
1022 0.0658 0.6134 0.1060 0.2148 
1023 0.2343 0.6051 0.0780 0.0825 
1024 0.2147 0.5717 0.1605 0.0532 
1025 0.0615 0.7780 0.0338 0.1266 
1026 0.5674 0.0992 0.0889 0.2446 
1027 0.3898 0.1017 0.3711 0.1374 
1028 0.5033 0.2855 0.0452 0.1660 
1029 0.1216 0.4985 0.1372 0.2427 
1030 0.1047 0.2306 0.1491 0.5156 
1031 0.4087 0.1489 0.1289 0.3135 
1032 0.2506 0.2092 0.1722 0.3681 
1033 0.3425 0.2148 0.1118 0.3309 
1034 0.1266 0.4683 0.1500 0.2552 
1035 0.0835 0.1243 0.0396 0.7526 
1036 0.1753 0.1750 0.3263 0.3234 
1037 0.0641 0.2445 0.1557 0.5357 
1038 0.2650 0.1641 0.0480 0.5230 
1039 0.1372 0.1883 0.3749 0.2996 
1040 0.5547 0.1036 0.1278 0.2138 
1041 0.4933 0.1995 0.0726 0.2347 
1042 0.1758 0.2245 0.0927 0.5070 
1043 0.3744 0.2184 0.0549 0.3524 
1044 0.3170 0.3738 0.0921 0.2171 
1045 0.6138 0.1048 0.0352 0.2461 
1046 0.1605 0.2316 0.1504 0.4575 
1047 0.0829 0.1186 0.0868 0.7118 
1048 0.1896 0.6270 0.0552 0.1282 
1049 0.0814 0.7860 0.0453 0.0873 
1050 0.1844 0.7611 0.0251 0.0294 
1051 0.1094 0.8278 0.0290 0.0338 
1052 0.1482 0.7555 0.0463 0.0500 
1053 0.1421 0.7687 0.0280 0.0613 
1054 0.1169 0.7829 0.0378 0.0624 
1055 0.0480 0.8764 0.0306 0.0450 
1056 0.0746 0.8343 0.0440 0.0470 
1057 0.6569 0.2223 0.0840 0.0368 
1058 0.1275 0.8026 0.0357 0.0342 
1059 0.2464 0.6450 0.0316 0.0770 
1060 0.1558 0.6738 0.0426 0.1278 
1061 0.0446 0.8722 0.0441 0.0391 
1062 0.1613 0.7654 0.0345 0.0388 
1063 0.0447 0.7098 0.1256 0.1199 
1064 0.1136 0.7983 0.0409 0.0473 
1065 0.0809 0.7832 0.0611 0.0749 
1066 0.0503 0.8263 0.0316 0.0918 
1067 0.1783 0.7487 0.0328 0.0402 
1068 0.1728 0.4057 0.0773 0.3442 
1069 0.0525 0.8929 0.0259 0.0287 
1070 0.1104 0.7929 0.0521 0.0446 
1071 0.1104 0.6889 0.0439 0.1567 
1072 0.0669 0.8115 0.0461 0.0755 
1073 0.1401 0.7833 0.0233 0.0532 
1074 0.2088 0.6212 0.0461 0.1238 
1075 0.1520 0.7299 0.0466 0.0714 
1076 0.1199 0.7651 0.0320 0.0830 
1077 0.6788 0.2459 0.0370 0.0383 
1078 0.0785 0.7833 0.0798 0.0584 
1079 0.1315 0.7923 0.0298 0.0464 
1080 0.1238 0.5312 0.1403 0.2047 
1081 0.1504 0.7927 0.0214 0.0356 
1082 0.2184 0.6075 0.0736 0.1005 
1083 0.0761 0.8096 0.0403 0.0741 
1084 0.1162 0.5713 0.1491 0.1634 
1085 0.0859 0.8610 0.0270 0.0261 
1086 0.0400 0.8742 0.0465 0.0393 
1087 0.0824 0.8595 0.0314 0.0266 
1088 0.0720 0.8643 0.0357 0.0280 
1089 0.1657 0.7839 0.0193 0.0311 
1090 0.1331 0.7980 0.0274 0.0415 
1091 0.0914 0.8046 0.0411 0.0628 
1092 0.1513 0.7806 0.0316 0.0365 
1093 0.0615 0.7557 0.0596 0.1232 
1094 0.5607 0.2857 0.0477 0.1059 
1095 0.6312 0.3024 0.0309 0.0355 
1096 0.1085 0.7677 0.0324 0.0914 
1097 0.5600 0.3836 0.0275 0.0289 
1098 0.0494 0.7296 0.1860 0.0349 
1099 0.0573 0.4650 0.3683 0.1094 
1100 0.0908 0.8497 0.0251 0.0345 
1101 0.0703 0.8696 0.0295 0.0305 
1102 0.1792 0.7367 0.0410 0.0430 
1103 0.0814 0.8192 0.0297 0.0697 
1104 0.0641 0.8349 0.0580 0.0431 
1105 0.0790 0.8311 0.0455 0.0443 
1106 0.1103 0.6996 0.0418 0.1483 
1107 0.1303 0.7770 0.0239 0.0689 
1108 0.5997 0.3268 0.0248 0.0487 
1109 0.4366 0.4912 0.0287 0.0435 
1110 0.0605 0.2228 0.2005 0.5162 
1111 0.0347 0.2485 0.2308 0.4859 
1112 0.1954 0.0621 0.0572 0.6853 
1113 0.1812 0.1602 0.3622 0.2964 
1114 0.3461 0.2498 0.0855 0.3186 
1115 0.0938 0.0927 0.6243 0.1892 
1116 0.0685 0.0847 0.0534 0.7934 
1117 0.5186 0.1758 0.1269 0.1787 
1118 0.0669 0.0710 0.0467 0.8153 
1119 0.3603 0.1068 0.3622 0.1708 
1120 0.1166 0.0829 0.5103 0.2901 
1121 0.3407 0.0882 0.0533 0.5178 
1122 0.2001 0.2685 0.0506 0.4808 
1123 0.2254 0.4248 0.0703 0.2796 
1124 0.0672 0.0702 0.0460 0.8166 
1125 0.1242 0.2279 0.0687 0.5791 
1126 0.3359 0.1129 0.0591 0.4921 
1127 0.2222 0.0968 0.2230 0.4580 
1128 0.0531 0.1036 0.2815 0.5618 
1129 0.2052 0.2338 0.3791 0.1818 
1130 0.1500 0.3925 0.1959 0.2616 
1131 0.6120 0.1568 0.0603 0.1709 
1132 0.1805 0.0746 0.4392 0.3057 
1133 0.0962 0.1122 0.0397 0.7520 
1134 0.0470 0.0751 0.0847 0.7932 
1135 0.2966 0.4457 0.1333 0.1244 
1136 0.6268 0.1035 0.1620 0.1077 
1137 0.0676 0.1665 0.0760 0.6899 
1138 0.1662 0.2934 0.1723 0.3681 
1139 0.0545 0.0745 0.1131 0.7580 
1140 0.2501 0.2740 0.0873 0.3886 
1141 0.2220 0.3605 0.1435 0.2741 
1142 0.6060 0.1690 0.0918 0.1332 
1143 0.1215 0.3636 0.0625 0.4525 
1144 0.1325 0.0957 0.4954 0.2765 
1145 0.3801 0.1123 0.3569 0.1507 
1146 0.3516 0.1397 0.0352 0.4735 
1147 0.1636 0.5891 0.1179 0.1294 
1148 0.7699 0.1256 0.0296 0.0749 
1149 0.1459 0.1490 0.2750 0.4301 
1150 0.1099 0.2289 0.4589 0.2023 
1151 0.1923 0.0809 0.0547 0.6721 
1152 0.3259 0.3282 0.1136 0.2323 
1153 0.5702 0.1362 0.2111 0.0826 
1154 0.3205 0.1870 0.0671 0.4255 
1155 0.2077 0.1304 0.4098 0.2522 
1156 0.0834 0.0782 0.5201 0.3183 
1157 0.5209 0.0818 0.1445 0.2529 
1158 0.1645 0.0960 0.1326 0.6070 
1159 0.0860 0.8217 0.0508 0.0415 
1160 0.1012 0.7310 0.1266 0.0413 
1161 0.0438 0.7893 0.0998 0.0672 
1162 0.1245 0.3357 0.3907 0.1491 
1163 0.0739 0.2886 0.1410 0.4964 
1164 0.2229 0.3390 0.2618 0.1762 
1165 0.0637 0.8394 0.0435 0.0535 
1166 0.0558 0.4903 0.1184 0.3354 
1167 0.0915 0.8410 0.0289 0.0385 
1168 0.1675 0.6891 0.0728 0.0706 
1169 0.0894 0.7392 0.0741 0.0974 
1170 0.4846 0.3896 0.0671 0.0588 
1171 0.2150 0.6153 0.0395 0.1301 
1172 0.1320 0.7702 0.0354 0.0624 
1173 0.0824 0.7899 0.0586 0.0691 
1174 0.0555 0.8660 0.0397 0.0387 
1175 0.0920 0.7809 0.0755 0.0516 
1176 0.1210 0.5496 0.1670 0.1624 
