   1 0.0145 0.0090 0.0195 0.1088 0.2558 0.1309 0.3042 0.1573 
   2 0.0049 0.0058 0.0288 0.1245 0.1123 0.2728 0.0855 0.3655 
   3 0.0058 0.0097 0.0104 0.2332 0.2055 0.1428 0.1993 0.1933 
   4 0.0253 0.0152 0.0167 0.0845 0.4329 0.1530 0.1022 0.1702 
   5 0.0091 0.0076 0.0373 0.1864 0.1095 0.2626 0.0948 0.2926 
   6 0.0065 0.0069 0.0111 0.4198 0.1108 0.2016 0.1359 0.1075 
   7 0.0056 0.0098 0.0159 0.1174 0.1021 0.4779 0.1843 0.0869 
   8 0.1540 0.0248 0.0153 0.1713 0.2132 0.1637 0.1301 0.1276 
   9 0.0055 0.0131 0.0295 0.1751 0.1684 0.1969 0.1581 0.2534 
  10 0.1330 0.0112 0.0175 0.1633 0.1401 0.2617 0.1695 0.1036 
  11 0.0058 0.0059 0.0247 0.0815 0.0943 0.3385 0.3617 0.0877 
  12 0.0051 0.0067 0.0214 0.1923 0.1700 0.2714 0.0857 0.2474 
  13 0.0061 0.0091 0.0225 0.1705 0.1684 0.3221 0.1233 0.1779 
  14 0.0207 0.0055 0.0137 0.1345 0.1412 0.1395 0.1489 0.3958 
  15 0.0074 0.0086 0.0163 0.1024 0.2779 0.2150 0.1581 0.2143 
  16 0.0056 0.0062 0.0240 0.1608 0.1306 0.1750 0.3636 0.1341 
  17 0.0063 0.0138 0.0224 0.3344 0.1490 0.1781 0.1047 0.1913 
  18 0.0066 0.0172 0.0160 0.1586 0.1773 0.1440 0.2048 0.2754 
  19 0.0049 0.0070 0.0155 0.3917 0.1346 0.2000 0.1242 0.1221 
  20 0.0053 0.0073 0.0234 0.1453 0.1620 0.2884 0.1607 0.2076 
  21 0.0116 0.0067 0.0153 0.0814 0.2323 0.1356 0.1941 0.3230 
  22 0.0056 0.0108 0.0138 0.3459 0.1736 0.1567 0.1484 0.1451 
  23 0.0177 0.0129 0.0375 0.0948 0.2599 0.1336 0.1146 0.3289 
  24 0.0058 0.0068 0.0200 0.1083 0.2700 0.1412 0.2892 0.1589 
  25 0.0064 0.0076 0.0176 0.2852 0.0811 0.3426 0.1253 0.1341 
  26 0.0051 0.0126 0.0170 0.2079 0.2311 0.1669 0.1594 0.1999 
  27 0.0060 0.0093 0.0249 0.1774 0.1656 0.1889 0.1987 0.2292 
  28 0.0805 0.0072 0.0149 0.0928 0.2816 0.1864 0.2051 0.1314 
  29 0.0045 0.0055 0.0301 0.0932 0.1318 0.3455 0.1443 0.2452 
  30 0.0049 0.0064 0.0174 0.2685 0.1360 0.1352 0.2248 0.2068 
  31 0.1350 0.0144 0.0238 0.1218 0.1124 0.2463 0.1312 0.2151 
  32 0.0125 0.0061 0.0126 0.2734 0.2372 0.1516 0.1031 0.2034 
  33 0.0047 0.0069 0.0155 0.1117 0.2118 0.1837 0.2608 0.2049 
  34 0.1218 0.0079 0.0384 0.2059 0.0952 0.3028 0.1410 0.0871 
  35 0.0048 0.0190 0.0404 0.2013 0.1010 0.1483 0.1225 0.3628 
  36 0.0074 0.0057 0.0138 0.0518 0.0973 0.1022 0.3901 0.3317 
  37 0.0063 0.0124 0.0130 0.1085 0.2253 0.2125 0.1129 0.3091 
  38 0.0047 0.0059 0.0338 0.0627 0.0794 0.1652 0.4673 0.1810 
  39 0.0051 0.0098 0.0294 0.0816 0.1169 0.2033 0.3129 0.2408 
  40 0.0057 0.0052 0.0185 0.1016 0.1398 0.0987 0.1347 0.4958 
  41 0.0077 0.0088 0.0410 0.0772 0.0935 0.1488 0.2818 0.3411 
  42 0.0053 0.0059 0.0281 0.0385 0.3380 0.1001 0.2837 0.2004 
  43 0.0117 0.0117 0.0205 0.0827 0.1381 0.1836 0.0896 0.4621 
  44 0.0043 0.0096 0.0177 0.1489 0.0833 0.1346 0.0929 0.5086 
  45 0.0047 0.0065 0.0316 0.0492 0.0798 0.1646 0.3076 0.3561 
  46 0.0047 0.0166 0.0190 0.2314 0.1095 0.2014 0.1476 0.2698 
  47 0.0126 0.0272 0.0304 0.2546 0.1457 0.1863 0.1144 0.2289 
  48 0.0043 0.0105 0.0216 0.1644 0.0864 0.0970 0.0808 0.5350 
  49 0.0055 0.0137 0.0503 0.0889 0.1280 0.1480 0.2591 0.3065 
  50 0.0485 0.0156 0.0222 0.2179 0.1063 0.2604 0.1574 0.1718 
  51 0.0071 0.0048 0.0187 0.0377 0.0851 0.0880 0.2399 0.5187 
  52 0.0048 0.0127 0.0352 0.0817 0.1452 0.1900 0.3351 0.1952 
  53 0.0166 0.0085 0.0183 0.1028 0.1150 0.1413 0.4317 0.1658 
  54 0.0060 0.0121 0.0290 0.1189 0.1506 0.2109 0.0785 0.3941 
  55 0.0049 0.0092 0.0186 0.0879 0.1071 0.1451 0.0804 0.5470 
  56 0.0045 0.0080 0.0338 0.1507 0.1395 0.0921 0.1617 0.4096 
  57 0.0165 0.0265 0.0284 0.2212 0.2707 0.1953 0.1298 0.1115 
  58 0.0052 0.0073 0.0335 0.0548 0.1182 0.1595 0.2143 0.4073 
  59 0.0047 0.0066 0.0725 0.0650 0.1224 0.1374 0.3127 0.2787 
  60 0.0141 0.0058 0.0135 0.0556 0.1644 0.1090 0.1900 0.4477 
  61 0.0057 0.0047 0.0154 0.0383 0.1415 0.1298 0.0751 0.5895 
  62 0.0049 0.0169 0.1300 0.1417 0.1428 0.1817 0.1628 0.2193 
  63 0.0052 0.0052 0.0163 0.0575 0.1735 0.2248 0.1813 0.3362 
  64 0.0045 0.0086 0.0283 0.2182 0.0949 0.1658 0.2811 0.1987 
  65 0.0052 0.0070 0.0205 0.0943 0.0785 0.5224 0.1044 0.1676 
  66 0.0140 0.0065 0.0178 0.0552 0.2061 0.2226 0.1152 0.3625 
  67 0.0051 0.0077 0.0177 0.0793 0.0892 0.1938 0.0748 0.5323 
  68 0.0054 0.0083 0.0544 0.0536 0.1428 0.1290 0.3350 0.2715 
  69 0.2929 0.0061 0.0507 0.0743 0.0757 0.1125 0.2665 0.1213 
  70 0.0125 0.0051 0.0160 0.0506 0.1267 0.1589 0.2995 0.3306 
  71 0.0072 0.0066 0.0583 0.0589 0.0703 0.1406 0.2839 0.3742 
  72 0.0080 0.0074 0.0125 0.1102 0.0855 0.1361 0.3961 0.2441 
  73 0.0078 0.0063 0.0634 0.0543 0.0788 0.1844 0.1214 0.4835 
  74 0.0048 0.0055 0.0143 0.0561 0.1651 0.0973 0.3626 0.2944 
  75 0.0100 0.0067 0.0183 0.0476 0.1627 0.0833 0.2641 0.4073 
  76 0.0051 0.0069 0.0127 0.0713 0.1083 0.3087 0.1155 0.3716 
  77 0.0045 0.0056 0.0422 0.0492 0.0884 0.1939 0.3081 0.3081 
  78 0.0049 0.0060 0.0459 0.0545 0.0923 0.1518 0.3773 0.2673 
  79 0.0060 0.0062 0.0151 0.0845 0.1139 0.4794 0.1790 0.1159 
  80 0.0065 0.0062 0.0128 0.0534 0.4779 0.1995 0.1053 0.1385 
  81 0.0071 0.0068 0.0113 0.0569 0.3957 0.2705 0.1349 0.1168 
  82 0.0063 0.0066 0.0301 0.0630 0.1841 0.2571 0.1267 0.3261 
  83 0.0084 0.0060 0.0107 0.0685 0.2672 0.2338 0.2053 0.2000 
  84 0.0071 0.0058 0.0119 0.0602 0.2638 0.3324 0.1873 0.1316 
  85 0.0083 0.0062 0.0119 0.0971 0.3023 0.1789 0.2311 0.1642 
  86 0.0051 0.0089 0.0265 0.1240 0.1057 0.2561 0.1102 0.3635 
  87 0.0160 0.0067 0.0141 0.0611 0.1152 0.4252 0.2014 0.1602 
  88 0.0062 0.0068 0.0138 0.0519 0.3118 0.3044 0.1363 0.1688 
  89 0.0196 0.0086 0.0125 0.0511 0.3298 0.2590 0.1311 0.1883 
  90 0.0060 0.0058 0.0138 0.0515 0.1347 0.5287 0.1309 0.1286 
  91 0.0078 0.0061 0.0105 0.0643 0.4308 0.1460 0.1844 0.1501 
  92 0.0062 0.0067 0.0156 0.0730 0.1758 0.3831 0.1675 0.1721 
  93 0.0408 0.0060 0.0133 0.0480 0.5439 0.1164 0.1034 0.1282 
  94 0.0070 0.0057 0.0115 0.0511 0.1044 0.3569 0.3514 0.1120 
  95 0.0060 0.0061 0.0128 0.0401 0.2495 0.4443 0.1130 0.1281 
  96 0.0068 0.0053 0.0160 0.0388 0.2208 0.1375 0.0844 0.4904 
  97 0.0055 0.0075 0.0172 0.0510 0.1802 0.0954 0.2954 0.3477 
  98 0.0049 0.0046 0.0223 0.0787 0.1244 0.1737 0.1483 0.4432 
  99 0.0071 0.0056 0.0119 0.0537 0.2480 0.3997 0.1488 0.1251 
 100 0.0057 0.0069 0.0154 0.0495 0.4800 0.1192 0.0714 0.2518 
 101 0.0637 0.0085 0.0153 0.0620 0.1351 0.3207 0.1714 0.2232 
 102 0.0088 0.0074 0.0268 0.0542 0.3312 0.2068 0.1646 0.2002 
 103 0.0396 0.0067 0.0179 0.0551 0.1586 0.3227 0.0867 0.3128 
 104 0.0131 0.0057 0.0151 0.0565 0.1302 0.5471 0.0921 0.1403 
 105 0.0399 0.0072 0.0416 0.0503 0.1576 0.4311 0.0821 0.1902 
 106 0.0043 0.0057 0.0138 0.0721 0.0653 0.4856 0.2236 0.1296 
 107 0.0214 0.0067 0.0234 0.0620 0.1591 0.4043 0.0878 0.2353 
 108 0.0075 0.0050 0.0121 0.0975 0.0903 0.1367 0.1554 0.4955 
 109 0.0104 0.0072 0.1622 0.0726 0.0660 0.2919 0.2207 0.1690 
 110 0.0077 0.0062 0.0187 0.0695 0.0703 0.4571 0.2685 0.1019 
 111 0.0075 0.0070 0.0346 0.0541 0.0976 0.5874 0.0813 0.1306 
 112 0.0054 0.0051 0.2333 0.0447 0.0730 0.3460 0.1746 0.1178 
 113 0.0110 0.0079 0.0209 0.0968 0.1192 0.2079 0.1526 0.3838 
 114 0.0162 0.0054 0.0285 0.0499 0.1555 0.5165 0.0951 0.1329 
 115 0.0056 0.0074 0.0444 0.0783 0.1210 0.3921 0.0995 0.2516 
 116 0.0047 0.0082 0.0237 0.0638 0.0673 0.3137 0.2853 0.2334 
 117 0.0108 0.0098 0.0649 0.0704 0.0908 0.3875 0.2524 0.1134 
 118 0.0052 0.0061 0.0444 0.0762 0.0989 0.3677 0.0894 0.3121 
 119 0.0081 0.0050 0.0122 0.0437 0.2325 0.1836 0.1264 0.3884 
 120 0.0074 0.0068 0.0552 0.0659 0.1247 0.4081 0.1161 0.2157 
 121 0.0129 0.0186 0.1072 0.0674 0.0821 0.3222 0.1367 0.2529 
 122 0.0107 0.0049 0.0284 0.0673 0.0838 0.4424 0.2218 0.1408 
 123 0.0089 0.0061 0.0211 0.0593 0.1103 0.4622 0.1548 0.1774 
 124 0.0061 0.0102 0.0466 0.1056 0.0848 0.2674 0.2432 0.2361 
 125 0.0071 0.0068 0.0631 0.1089 0.0949 0.1687 0.4251 0.1253 
 126 0.0052 0.0046 0.0129 0.0445 0.1200 0.3027 0.2762 0.2339 
 127 0.0053 0.0059 0.0270 0.0482 0.1000 0.5768 0.0761 0.1607 
 128 0.0049 0.0057 0.0363 0.0646 0.0988 0.3722 0.0884 0.3291 
 129 0.0200 0.0080 0.0218 0.0585 0.0717 0.5098 0.0781 0.2322 
 130 0.0177 0.0069 0.0480 0.0583 0.1603 0.4668 0.1013 0.1407 
 131 0.0195 0.0126 0.0520 0.0727 0.0679 0.2596 0.3433 0.1724 
 132 0.0097 0.0059 0.0173 0.0642 0.0684 0.4663 0.1728 0.1954 
 133 0.0156 0.0113 0.0196 0.0640 0.1168 0.4488 0.0977 0.2263 
 134 0.0043 0.0050 0.0272 0.0555 0.0581 0.5689 0.1896 0.0914 
 135 0.0054 0.0082 0.0319 0.0416 0.3915 0.0864 0.1139 0.3212 
 136 0.0134 0.0076 0.0206 0.0998 0.5617 0.0850 0.0872 0.1247 
 137 0.0150 0.0059 0.0382 0.0501 0.5888 0.1192 0.0884 0.0943 
 138 0.0071 0.0055 0.0116 0.0491 0.6181 0.0789 0.1083 0.1214 
 139 0.0133 0.0055 0.0180 0.0656 0.2231 0.1001 0.0992 0.4752 
 140 0.0206 0.0068 0.0153 0.0449 0.3536 0.1523 0.1888 0.2176 
 141 0.0741 0.0080 0.0212 0.1173 0.3877 0.0914 0.1366 0.1637 
 142 0.0192 0.0068 0.0274 0.0402 0.3301 0.0866 0.1001 0.3897 
 143 0.0055 0.0050 0.0107 0.0420 0.6824 0.0780 0.0704 0.1061 
 144 0.0068 0.0061 0.0371 0.0436 0.6115 0.1156 0.0798 0.0995 
 145 0.0143 0.0088 0.0278 0.1301 0.3589 0.0932 0.1439 0.2230 
 146 0.0141 0.0109 0.0156 0.0660 0.3981 0.1653 0.1857 0.1443 
 147 0.0110 0.0057 0.0119 0.0495 0.6757 0.0789 0.0775 0.0898 
 148 0.0781 0.0069 0.0260 0.0904 0.3478 0.1311 0.0970 0.2228 
 149 0.2369 0.0067 0.0179 0.0483 0.2126 0.0815 0.1324 0.2638 
 150 0.0164 0.0083 0.0424 0.0561 0.4375 0.1823 0.1051 0.1519 
 151 0.0057 0.0067 0.0129 0.0429 0.5863 0.1123 0.0919 0.1414 
 152 0.0241 0.0072 0.0230 0.1219 0.3650 0.1014 0.1079 0.2494 
 153 0.0165 0.0058 0.0136 0.0482 0.4983 0.0972 0.1624 0.1580 
 154 0.3251 0.0077 0.0184 0.0939 0.1726 0.0858 0.0893 0.2072 
 155 0.0073 0.0059 0.0112 0.0444 0.6235 0.1122 0.0788 0.1167 
 156 0.0060 0.0052 0.0180 0.0364 0.5089 0.1051 0.0814 0.2390 
 157 0.0154 0.0057 0.0109 0.0407 0.5250 0.1828 0.1212 0.0982 
 158 0.0136 0.0092 0.0278 0.1171 0.4172 0.0884 0.1600 0.1667 
 159 0.1412 0.0069 0.0159 0.0488 0.5261 0.0798 0.0763 0.1050 
 160 0.1431 0.0097 0.0165 0.0501 0.4955 0.0828 0.0782 0.1243 
 161 0.0120 0.0061 0.0147 0.0506 0.4446 0.1158 0.1909 0.1652 
 162 0.0143 0.0151 0.0167 0.0775 0.3521 0.1697 0.1645 0.1901 
 163 0.0070 0.0053 0.0115 0.0393 0.6164 0.0972 0.0833 0.1400 
 164 0.2224 0.0137 0.0135 0.0554 0.2365 0.1790 0.1179 0.1616 
 165 0.0064 0.0078 0.0430 0.0443 0.5053 0.1667 0.1002 0.1264 
 166 0.2260 0.0058 0.0107 0.0468 0.2267 0.1595 0.1355 0.1890 
 167 0.4261 0.0116 0.0125 0.1194 0.1556 0.1101 0.0798 0.0849 
 168 0.0079 0.0066 0.0123 0.0549 0.4924 0.0878 0.1804 0.1578 
 169 0.0118 0.0103 0.0295 0.1131 0.3013 0.0834 0.3102 0.1404 
 170 0.0067 0.0061 0.0131 0.0427 0.4241 0.1225 0.0978 0.2869 
 171 0.0131 0.0073 0.0128 0.0845 0.4106 0.1281 0.1403 0.2032 
 172 0.0375 0.0066 0.0206 0.0479 0.2938 0.0764 0.2709 0.2461 
 173 0.0125 0.0071 0.0146 0.0524 0.6040 0.0855 0.0729 0.1510 
 174 0.0132 0.0067 0.0122 0.0489 0.5941 0.1158 0.1001 0.1090 
 175 0.0067 0.0066 0.0139 0.0992 0.5870 0.0844 0.0731 0.1291 
 176 0.0067 0.0058 0.0372 0.0441 0.6109 0.1154 0.0801 0.0999 
 177 0.0150 0.0067 0.0132 0.0455 0.4117 0.1681 0.2206 0.1193 
 178 0.0185 0.0076 0.0134 0.1144 0.4982 0.1282 0.1008 0.1188 
 179 0.0435 0.0057 0.0106 0.0537 0.6184 0.0846 0.0736 0.1099 
 180 0.0460 0.0119 0.0179 0.0768 0.4219 0.1190 0.1539 0.1526 
 181 0.0114 0.0086 0.0208 0.0576 0.4167 0.0888 0.1296 0.2666 
 182 0.0071 0.0100 0.0164 0.0432 0.5478 0.0864 0.0741 0.2150 
 183 0.0117 0.0062 0.0118 0.0553 0.6199 0.0864 0.0749 0.1339 
 184 0.0049 0.0080 0.0167 0.2035 0.1078 0.1812 0.0759 0.4020 
 185 0.0059 0.0046 0.0166 0.0401 0.5543 0.0689 0.0633 0.2463 
 186 0.0052 0.0075 0.0124 0.1035 0.1034 0.3680 0.0868 0.3133 
 187 0.0086 0.0052 0.0121 0.1090 0.2942 0.1684 0.0741 0.3284 
 188 0.0051 0.0074 0.0139 0.1034 0.0796 0.3376 0.0712 0.3818 
 189 0.0066 0.0056 0.0113 0.1597 0.2663 0.1161 0.1811 0.2532 
 190 0.0050 0.0045 0.0160 0.0343 0.1954 0.0750 0.0574 0.6123 
 191 0.0059 0.0057 0.0232 0.0888 0.1469 0.2079 0.0768 0.4449 
 192 0.0057 0.0055 0.0136 0.0899 0.2961 0.2466 0.0905 0.2522 
 193 0.0057 0.0057 0.0234 0.1014 0.2317 0.1649 0.1063 0.3609 
 194 0.0071 0.0066 0.0128 0.0694 0.2643 0.1994 0.1003 0.3401 
 195 0.0061 0.0049 0.0117 0.0487 0.3087 0.0878 0.0644 0.4676 
 196 0.0051 0.0046 0.0160 0.0455 0.1833 0.1070 0.0686 0.5699 
 197 0.0066 0.0066 0.0155 0.2296 0.1985 0.1981 0.0886 0.2565 
 198 0.0064 0.0053 0.0134 0.0961 0.1921 0.2330 0.1805 0.2732 
 199 0.0050 0.0056 0.0184 0.0511 0.1602 0.1127 0.0871 0.5600 
 200 0.0051 0.0047 0.0225 0.0789 0.1705 0.1060 0.0931 0.5191 
 201 0.0062 0.0048 0.0116 0.0627 0.4273 0.1033 0.0623 0.3217 
 202 0.0051 0.0046 0.0151 0.0454 0.4144 0.1092 0.0665 0.3396 
 203 0.0064 0.0052 0.0180 0.0555 0.4094 0.1010 0.0577 0.3468 
 204 0.0054 0.0053 0.0137 0.0433 0.1643 0.1046 0.0619 0.6015 
 205 0.0057 0.0053 0.0142 0.0677 0.1415 0.1398 0.0890 0.5368 
 206 0.0067 0.0062 0.0131 0.0658 0.1988 0.1070 0.0621 0.5402 
 207 0.0045 0.0051 0.0208 0.0515 0.1125 0.1476 0.0622 0.5958 
 208 0.0060 0.0050 0.0150 0.0507 0.2693 0.1129 0.0645 0.4767 
 209 0.0055 0.0053 0.0238 0.0876 0.1788 0.1848 0.0803 0.4339 
 210 0.0057 0.0052 0.0137 0.0511 0.1926 0.1369 0.0698 0.5251 
 211 0.0045 0.0066 0.0484 0.0540 0.2327 0.1482 0.0590 0.4466 
 212 0.0057 0.0046 0.0147 0.0744 0.4225 0.0993 0.0886 0.2902 
 213 0.0053 0.0053 0.0158 0.0407 0.1613 0.1835 0.1441 0.4440 
 214 0.0051 0.0052 0.0175 0.0565 0.4334 0.0950 0.0634 0.3239 
 215 0.0054 0.0049 0.0189 0.0697 0.1158 0.1600 0.0755 0.5499 
 216 0.0052 0.0086 0.0165 0.2021 0.1343 0.1768 0.0906 0.3659 
 217 0.0058 0.0050 0.0129 0.0730 0.3546 0.0905 0.0683 0.3900 
 218 0.0057 0.0058 0.0155 0.0681 0.1768 0.1747 0.0907 0.4627 
 219 0.0064 0.0094 0.0115 0.2136 0.2843 0.1391 0.0971 0.2386 
 220 0.0055 0.0053 0.0164 0.0531 0.1326 0.1465 0.0632 0.5774 
 221 0.0050 0.0050 0.0150 0.0401 0.4480 0.0744 0.0649 0.3477 
 222 0.0057 0.0077 0.0120 0.2571 0.1833 0.1742 0.0903 0.2696 
 223 0.0076 0.0051 0.0118 0.1187 0.3536 0.1409 0.0911 0.2712 
 224 0.0070 0.0063 0.0141 0.0656 0.3481 0.1121 0.0625 0.3843 
 225 0.0055 0.0053 0.0139 0.0617 0.1738 0.1281 0.0805 0.5313 
 226 0.0071 0.0071 0.0181 0.1376 0.1888 0.1249 0.1551 0.3613 
 227 0.0077 0.0052 0.0137 0.0521 0.2397 0.1274 0.0634 0.4908 
 228 0.0061 0.0049 0.0156 0.0434 0.2803 0.0788 0.0610 0.5099 
 229 0.0062 0.0059 0.0142 0.0745 0.3720 0.1541 0.0633 0.3098 
 230 0.0055 0.0061 0.0184 0.0599 0.2909 0.1372 0.0615 0.4205 
 231 0.0060 0.0051 0.0179 0.1137 0.3261 0.1417 0.0765 0.3129 
 232 0.0052 0.0067 0.0166 0.0490 0.2636 0.1506 0.1713 0.3371 
 233 0.0053 0.0050 0.0160 0.0609 0.5021 0.0978 0.0619 0.2509 
 234 0.0055 0.0048 0.0162 0.1257 0.2499 0.2165 0.1087 0.2728 
 235 0.0061 0.0055 0.0127 0.0893 0.2944 0.1260 0.0941 0.3718 
 236 0.0051 0.0051 0.0178 0.0922 0.3812 0.1244 0.0792 0.2950 
 237 0.0051 0.0051 0.0257 0.0604 0.1334 0.1422 0.0766 0.5516 
 238 0.0051 0.0049 0.0143 0.0581 0.4115 0.1337 0.0754 0.2969 
 239 0.0061 0.0050 0.0116 0.0473 0.3068 0.0877 0.0637 0.4718 
 240 0.0053 0.0049 0.0142 0.0576 0.4140 0.1332 0.0759 0.2949 
 241 0.0062 0.0068 0.0145 0.0503 0.4005 0.1010 0.0872 0.3336 
 242 0.0070 0.0058 0.0127 0.1074 0.2129 0.1356 0.1065 0.4120 
 243 0.0050 0.0045 0.0189 0.0418 0.1867 0.0872 0.0569 0.5989 
 244 0.0053 0.0051 0.0186 0.0560 0.3531 0.1045 0.0608 0.3966 
 245 0.0058 0.0048 0.0111 0.0420 0.5050 0.1058 0.0811 0.2445 
 246 0.0056 0.0048 0.0127 0.0723 0.3591 0.0911 0.0675 0.3870 
 247 0.0051 0.0047 0.0131 0.0620 0.0903 0.3253 0.1467 0.3528 
 248 0.0046 0.0049 0.0207 0.0696 0.0991 0.1939 0.0773 0.5299 
 249 0.0051 0.0057 0.0176 0.0597 0.3484 0.1249 0.0629 0.3757 
 250 0.0052 0.0054 0.0179 0.0967 0.3082 0.1668 0.0767 0.3230 
 251 0.0060 0.0055 0.0239 0.1411 0.1548 0.1446 0.1375 0.3867 
 252 0.0063 0.0052 0.0114 0.0800 0.2573 0.1378 0.0841 0.4179 
 253 0.0053 0.0054 0.0147 0.0747 0.1277 0.2059 0.1353 0.4310 
 254 0.0055 0.0070 0.0126 0.2115 0.1963 0.1576 0.0738 0.3358 
 255 0.0062 0.0054 0.0163 0.1180 0.2558 0.2062 0.0853 0.3067 
 256 0.0054 0.0057 0.0162 0.0604 0.2664 0.1066 0.0785 0.4609 
 257 0.0085 0.0154 0.0190 0.0680 0.1972 0.1565 0.0836 0.4518 
 258 0.0057 0.0044 0.0181 0.0683 0.1526 0.1974 0.1131 0.4405 
 259 0.0063 0.0067 0.0175 0.0879 0.2110 0.1678 0.0759 0.4269 
 260 0.0053 0.0067 0.0128 0.2208 0.3472 0.1482 0.0743 0.1846 
 261 0.0059 0.0048 0.0111 0.0716 0.3227 0.1069 0.0856 0.3914 
 262 0.0053 0.0048 0.0137 0.0431 0.2570 0.0752 0.0659 0.5349 
 263 0.0049 0.0087 0.0179 0.1131 0.1247 0.1403 0.0604 0.5300 
 264 0.0043 0.0098 0.0164 0.3328 0.0810 0.1757 0.1068 0.2732 
 265 0.0061 0.0049 0.0125 0.1193 0.2479 0.1451 0.0911 0.3731 
 266 0.0051 0.0049 0.0144 0.0398 0.4618 0.0757 0.0653 0.3331 
 267 0.0054 0.0050 0.0235 0.1051 0.2619 0.1718 0.0777 0.3495 
 268 0.0053 0.0045 0.0160 0.0458 0.1822 0.1092 0.0677 0.5693 
 269 0.0059 0.0049 0.0126 0.2104 0.2636 0.1300 0.1166 0.2560 
 270 0.0110 0.0084 0.0173 0.1459 0.1332 0.2090 0.0931 0.3820 
 271 0.0057 0.0054 0.0204 0.0733 0.1473 0.1625 0.0947 0.4907 
 272 0.0068 0.0063 0.0241 0.0993 0.1520 0.1230 0.1389 0.4495 
 273 0.0532 0.0372 0.0339 0.1020 0.2287 0.1754 0.1288 0.2408 
 274 0.0058 0.0059 0.0163 0.1102 0.1799 0.1587 0.1128 0.4102 
 275 0.0319 0.0096 0.0241 0.1599 0.1877 0.1193 0.0961 0.3713 
 276 0.0061 0.0071 0.0266 0.0794 0.1265 0.1355 0.1231 0.4957 
 277 0.0061 0.0055 0.0122 0.1240 0.3063 0.1483 0.0964 0.3013 
 278 0.0050 0.0045 0.0189 0.0655 0.1378 0.1258 0.0758 0.5667 
 279 0.0055 0.0059 0.0162 0.0963 0.2258 0.1404 0.0977 0.4122 
 280 0.0054 0.0053 0.0135 0.1278 0.2019 0.1127 0.1283 0.4051 
 281 0.0059 0.0060 0.0153 0.0649 0.1823 0.2061 0.1139 0.4055 
 282 0.0055 0.0049 0.0127 0.1119 0.4588 0.1297 0.0807 0.1958 
 283 0.0064 0.0051 0.0128 0.0703 0.4829 0.1333 0.0614 0.2278 
 284 0.0123 0.0051 0.0207 0.0819 0.2865 0.1800 0.0956 0.3179 
 285 0.0045 0.0048 0.0222 0.0646 0.0729 0.1628 0.1013 0.5668 
 286 0.0053 0.0053 0.0183 0.0554 0.3544 0.1039 0.0609 0.3964 
 287 0.0068 0.0060 0.0117 0.1057 0.2494 0.1969 0.1349 0.2886 
 288 0.0068 0.0065 0.0178 0.1182 0.1469 0.1426 0.1154 0.4459 
 289 0.0135 0.0089 0.0212 0.1030 0.1288 0.2038 0.0934 0.4273 
 290 0.0045 0.0081 0.0296 0.1168 0.1582 0.1051 0.1151 0.4625 
 291 0.0056 0.0052 0.0199 0.0730 0.1468 0.1621 0.0946 0.4928 
 292 0.0055 0.0051 0.0126 0.0869 0.2104 0.0958 0.1377 0.4460 
 293 0.0044 0.0062 0.0272 0.1410 0.1106 0.1310 0.1664 0.4132 
 294 0.0052 0.0101 0.0155 0.1050 0.1040 0.1444 0.0655 0.5504 
 295 0.0209 0.0073 0.0318 0.0976 0.1335 0.1515 0.1437 0.4137 
 296 0.0054 0.0053 0.0181 0.0523 0.1413 0.1621 0.0811 0.5344 
 297 0.0056 0.0055 0.0136 0.1485 0.1527 0.1460 0.1279 0.4002 
 298 0.0057 0.0054 0.0128 0.1207 0.3830 0.1799 0.0789 0.2136 
 299 0.0059 0.0091 0.0133 0.1648 0.1488 0.1889 0.0630 0.4061 
 300 0.0049 0.0052 0.0171 0.0556 0.0973 0.1211 0.0824 0.6164 
 301 0.0098 0.0075 0.0176 0.2573 0.1336 0.1383 0.0853 0.3507 
 302 0.0115 0.0085 0.0196 0.1024 0.1059 0.1167 0.0672 0.5681 
 303 0.0054 0.0054 0.0164 0.0710 0.3321 0.1079 0.0939 0.3679 
 304 0.0113 0.0070 0.0163 0.2029 0.3681 0.1757 0.0899 0.1289 
 305 0.0133 0.0052 0.0154 0.0532 0.2146 0.0855 0.0728 0.5400 
 306 0.0060 0.0056 0.0125 0.0926 0.3678 0.1027 0.0861 0.3268 
 307 0.0067 0.0072 0.0170 0.1049 0.2804 0.1457 0.0963 0.3417 
 308 0.0059 0.0048 0.0115 0.0707 0.3230 0.1072 0.0854 0.3915 
 309 0.0348 0.0222 0.0412 0.0666 0.1292 0.1932 0.0725 0.4402 
 310 0.0051 0.0049 0.0161 0.0503 0.2434 0.0920 0.0616 0.5266 
 311 0.0057 0.0059 0.0188 0.0608 0.2887 0.1364 0.0610 0.4227 
 312 0.0056 0.0049 0.0160 0.0456 0.1286 0.1601 0.0631 0.5762 
 313 0.0052 0.0053 0.0163 0.0509 0.0891 0.1222 0.0709 0.6400 
 314 0.0612 0.0053 0.0148 0.0460 0.5643 0.0749 0.0822 0.1514 
 315 0.0645 0.0049 0.0108 0.0562 0.5165 0.0821 0.1143 0.1507 
 316 0.2153 0.0080 0.0120 0.0630 0.3916 0.0889 0.1177 0.1034 
 317 0.0627 0.0060 0.0143 0.0473 0.6137 0.0788 0.0796 0.0975 
 318 0.1882 0.0059 0.0118 0.0505 0.5034 0.0800 0.0810 0.0792 
 319 0.0056 0.0058 0.0110 0.0425 0.6783 0.0775 0.0715 0.1077 
 320 0.0613 0.0055 0.0146 0.0461 0.5650 0.0747 0.0816 0.1512 
 321 0.1621 0.0061 0.0139 0.0518 0.5069 0.0795 0.0859 0.0939 
 322 0.0616 0.0087 0.0145 0.0616 0.4917 0.0896 0.1197 0.1526 
 323 0.0528 0.0145 0.0111 0.0567 0.6228 0.0808 0.0742 0.0871 
 324 0.1618 0.0061 0.0140 0.0522 0.5064 0.0805 0.0848 0.0942 
 325 0.2778 0.0054 0.0117 0.0571 0.3557 0.0854 0.1124 0.0943 
 326 0.4715 0.0064 0.0111 0.0522 0.1805 0.0866 0.1004 0.0913 
 327 0.0649 0.0059 0.0142 0.0477 0.6086 0.0788 0.0809 0.0989 
 328 0.0645 0.0056 0.0118 0.0586 0.5106 0.0882 0.1196 0.1410 
 329 0.0124 0.0051 0.0103 0.0471 0.6930 0.0784 0.0743 0.0794 
 330 0.0652 0.0061 0.0143 0.0467 0.6097 0.0790 0.0804 0.0985 
 331 0.0385 0.0055 0.0102 0.0472 0.6558 0.0804 0.0756 0.0868 
 332 0.4598 0.0080 0.0109 0.0559 0.1869 0.0866 0.1014 0.0905 
 333 0.3518 0.0076 0.0107 0.0520 0.2729 0.0884 0.1007 0.1159 
 334 0.0624 0.0056 0.0120 0.0584 0.5127 0.0894 0.1190 0.1404 
 335 0.0204 0.0054 0.0119 0.0543 0.5832 0.0861 0.1097 0.1291 
 336 0.3936 0.0079 0.0110 0.0533 0.2535 0.0775 0.0832 0.1201 
 337 0.2383 0.0055 0.0139 0.0589 0.3564 0.0862 0.1195 0.1213 
 338 0.4157 0.0058 0.0108 0.0514 0.2739 0.0814 0.0804 0.0806 
 339 0.0399 0.0056 0.0103 0.0476 0.6550 0.0795 0.0753 0.0869 
 340 0.0139 0.0052 0.0100 0.0411 0.6921 0.0774 0.0690 0.0913 
 341 0.1894 0.0122 0.0124 0.0499 0.4870 0.0809 0.0746 0.0934 
 342 0.0640 0.0063 0.0144 0.0479 0.6107 0.0786 0.0793 0.0987 
 343 0.0664 0.0118 0.0130 0.0669 0.4615 0.0823 0.1144 0.1837 
 344 0.0360 0.0056 0.0105 0.0478 0.6680 0.0780 0.0753 0.0788 
 345 0.0653 0.0060 0.0148 0.0472 0.6089 0.0798 0.0797 0.0984 
 346 0.0758 0.0061 0.0123 0.0464 0.6187 0.0788 0.0769 0.0850 
 347 0.0126 0.0053 0.0102 0.0427 0.7037 0.0761 0.0679 0.0815 
 348 0.0176 0.0049 0.0119 0.0500 0.5265 0.0798 0.1056 0.2037 
 349 0.0645 0.0059 0.0146 0.0478 0.6111 0.0782 0.0794 0.0984 
 350 0.0115 0.0052 0.0106 0.0470 0.6437 0.0758 0.0761 0.1300 
 351 0.0201 0.0053 0.0119 0.0539 0.5836 0.0853 0.1087 0.1312 
 352 0.1027 0.0061 0.0144 0.0563 0.4813 0.0866 0.1181 0.1344 
 353 0.3926 0.0076 0.0112 0.0530 0.2553 0.0771 0.0831 0.1202 
 354 0.0729 0.0088 0.0124 0.0521 0.6115 0.0815 0.0781 0.0828 
 355 0.1979 0.0058 0.0118 0.0508 0.4933 0.0803 0.0805 0.0796 
 356 0.0068 0.0046 0.0117 0.0503 0.5318 0.0803 0.1061 0.2085 
 357 0.0087 0.0052 0.0125 0.1188 0.4111 0.1244 0.2026 0.1166 
 358 0.3269 0.0054 0.0109 0.0565 0.3160 0.0869 0.1037 0.0939 
 359 0.2680 0.0062 0.0106 0.0504 0.4095 0.0834 0.0781 0.0937 
 360 0.0737 0.0061 0.0129 0.0472 0.6196 0.0789 0.0767 0.0851 
 361 0.0078 0.0054 0.0143 0.1155 0.3634 0.1250 0.2152 0.1535 
 362 0.0154 0.0058 0.0152 0.0747 0.1094 0.2291 0.2995 0.2509 
 363 0.0080 0.0077 0.0190 0.1346 0.0846 0.3360 0.2331 0.1771 
 364 0.0102 0.0100 0.0245 0.2773 0.2442 0.1726 0.1034 0.1579 
 365 0.0092 0.0184 0.0469 0.1828 0.0975 0.1615 0.3426 0.1411 
 366 0.0076 0.0062 0.0241 0.1973 0.1434 0.1146 0.1567 0.3500 
 367 0.0050 0.0052 0.0146 0.0630 0.0682 0.4657 0.2900 0.0884 
 368 0.0060 0.0065 0.0153 0.0821 0.1147 0.4968 0.1371 0.1416 
 369 0.0202 0.0089 0.0301 0.1543 0.1773 0.1614 0.1167 0.3311 
 370 0.0249 0.0165 0.0316 0.1084 0.1130 0.4042 0.1154 0.1859 
 371 0.0241 0.0120 0.0271 0.2605 0.1390 0.1992 0.1049 0.2333 
 372 0.0332 0.0657 0.0536 0.0722 0.1403 0.2929 0.1094 0.2326 
 373 0.0060 0.0066 0.0215 0.0972 0.1797 0.3809 0.1617 0.1464 
 374 0.0100 0.0083 0.0410 0.1063 0.2585 0.1998 0.2132 0.1629 
 375 0.0098 0.0195 0.0218 0.2168 0.0828 0.3966 0.1499 0.1027 
 376 0.0067 0.1283 0.0155 0.1459 0.0765 0.1733 0.3689 0.0849 
 377 0.0212 0.0075 0.0226 0.0994 0.1098 0.2573 0.2577 0.2244 
 378 0.0215 0.0064 0.0192 0.0450 0.2190 0.3980 0.1514 0.1396 
 379 0.0084 0.2066 0.0201 0.1535 0.0690 0.1857 0.2490 0.1076 
 380 0.0127 0.0131 0.0203 0.1328 0.1842 0.1063 0.3605 0.1701 
 381 0.0064 0.0095 0.0176 0.2985 0.1510 0.0882 0.2261 0.2028 
 382 0.0108 0.0056 0.0142 0.2379 0.0936 0.3733 0.1638 0.1008 
 383 0.2145 0.0105 0.0169 0.1878 0.1005 0.1117 0.2461 0.1121 
 384 0.0690 0.0535 0.0268 0.3120 0.1320 0.1732 0.1421 0.0915 
 385 0.1470 0.0067 0.2234 0.1288 0.1296 0.1580 0.1082 0.0982 
 386 0.0051 0.0046 0.0144 0.0939 0.0869 0.3351 0.3258 0.1341 
 387 0.0054 0.0056 0.0180 0.1393 0.1090 0.2858 0.3181 0.1188 
 388 0.0168 0.0194 0.0467 0.1298 0.2436 0.2468 0.1866 0.1102 
 389 0.0192 0.0120 0.1185 0.1138 0.0896 0.1868 0.0816 0.3786 
 390 0.0209 0.0217 0.0282 0.0740 0.0787 0.2273 0.3937 0.1557 
 391 0.0116 0.0144 0.1187 0.0982 0.1332 0.2484 0.1531 0.2224 
 392 0.0057 0.0083 0.0120 0.1229 0.1757 0.1999 0.3290 0.1465 
 393 0.0085 0.0088 0.0147 0.0895 0.1407 0.0993 0.5171 0.1213 
 394 0.0238 0.0055 0.0113 0.0627 0.2498 0.2494 0.2614 0.1361 
 395 0.0043 0.0045 0.0130 0.0570 0.0967 0.2135 0.2961 0.3150 
 396 0.0044 0.0067 0.0146 0.1505 0.0729 0.4794 0.1578 0.1137 
 397 0.0062 0.0869 0.0124 0.2219 0.1821 0.1400 0.0799 0.2705 
 398 0.0053 0.0484 0.0114 0.0533 0.0733 0.2302 0.4832 0.0948 
 399 0.0107 0.0052 0.0269 0.0622 0.0900 0.4248 0.2024 0.1779 
 400 0.0052 0.0085 0.0177 0.1327 0.1260 0.3393 0.2526 0.1180 
 401 0.0049 0.0052 0.0182 0.0413 0.1295 0.3395 0.2712 0.1901 
 402 0.0067 0.0076 0.0190 0.1243 0.1338 0.3122 0.1697 0.2266 
 403 0.0068 0.0085 0.0431 0.0907 0.3632 0.1625 0.1710 0.1542 
 404 0.0048 0.0098 0.0325 0.1883 0.1623 0.2265 0.1967 0.1793 
 405 0.0059 0.0053 0.0143 0.1240 0.1323 0.1890 0.2861 0.2430 
 406 0.0052 0.0045 0.0134 0.0727 0.1769 0.0972 0.3435 0.2866 
 407 0.0044 0.0050 0.0137 0.1090 0.0714 0.1879 0.4993 0.1093 
 408 0.0044 0.0044 0.0131 0.0413 0.0648 0.4621 0.1310 0.2789 
 409 0.0094 0.0149 0.0232 0.0493 0.2790 0.1109 0.3221 0.1911 
 410 0.0106 0.1045 0.0207 0.0814 0.1278 0.2232 0.2944 0.1375 
 411 0.0312 0.0267 0.0126 0.2143 0.1535 0.2055 0.1904 0.1660 
 412 0.0060 0.0058 0.0154 0.0903 0.1040 0.4879 0.1555 0.1350 
 413 0.0183 0.0052 0.0122 0.0615 0.2003 0.3929 0.1729 0.1367 
 414 0.0104 0.0048 0.0291 0.1601 0.0708 0.4794 0.1140 0.1314 
 415 0.0049 0.0061 0.0158 0.1472 0.0943 0.1759 0.3425 0.2133 
 416 0.0055 0.0068 0.0430 0.0897 0.1407 0.2274 0.2990 0.1879 
 417 0.0071 0.0066 0.0131 0.0820 0.0821 0.2071 0.4901 0.1119 
 418 0.0049 0.0074 0.0128 0.0972 0.0836 0.5456 0.1579 0.0906 
 419 0.0090 0.0132 0.0396 0.0809 0.2347 0.1899 0.2812 0.1515 
 420 0.0043 0.0044 0.0162 0.0430 0.0816 0.3028 0.2805 0.2673 
 421 0.0072 0.0072 0.0139 0.0580 0.0850 0.3194 0.3776 0.1317 
 422 0.0054 0.0076 0.0154 0.0551 0.0944 0.1533 0.3477 0.3210 
 423 0.0050 0.0087 0.0145 0.2038 0.1232 0.2144 0.2311 0.1993 
 424 0.0085 0.0098 0.0415 0.0714 0.1335 0.3048 0.2457 0.1848 
 425 0.0083 0.0254 0.0682 0.2359 0.1627 0.2062 0.1595 0.1337 
 426 0.0448 0.0327 0.0429 0.1198 0.1305 0.3040 0.2005 0.1249 
 427 0.0146 0.0054 0.0113 0.0528 0.1521 0.1838 0.4912 0.0889 
 428 0.0070 0.0280 0.0154 0.0539 0.1896 0.1177 0.3897 0.1987 
 429 0.0048 0.0066 0.0115 0.1173 0.0685 0.3165 0.3836 0.0912 
 430 0.0057 0.0057 0.0135 0.0727 0.0767 0.1728 0.5404 0.1127 
 431 0.0155 0.0103 0.0258 0.1256 0.1399 0.3815 0.1304 0.1712 
 432 0.0061 0.0063 0.0145 0.0706 0.1212 0.4658 0.1662 0.1493 
 433 0.0075 0.0123 0.0148 0.0858 0.3356 0.2366 0.1065 0.2010 
 434 0.0067 0.0068 0.0213 0.1641 0.1601 0.2072 0.2026 0.2312 
 435 0.0052 0.0049 0.0106 0.0562 0.0716 0.1863 0.5679 0.0973 
 436 0.0060 0.0067 0.0140 0.0756 0.1054 0.1583 0.5383 0.0956 
 437 0.0055 0.0082 0.0111 0.3931 0.0853 0.1839 0.2038 0.1093 
 438 0.0076 0.0061 0.0153 0.0422 0.1062 0.1543 0.5000 0.1684 
 439 0.0057 0.0048 0.0116 0.0568 0.0843 0.1127 0.6488 0.0753 
 440 0.0045 0.0042 0.0133 0.1190 0.0625 0.1845 0.5098 0.1021 
 441 0.0082 0.0056 0.0143 0.0696 0.1352 0.1352 0.5267 0.1052 
 442 0.0044 0.0067 0.0390 0.1253 0.0823 0.2736 0.3208 0.1479 
 443 0.0052 0.0051 0.0211 0.0596 0.0691 0.2778 0.3587 0.2033 
 444 0.0047 0.0062 0.0346 0.1471 0.0799 0.2137 0.3588 0.1549 
 445 0.0060 0.0518 0.0147 0.0591 0.1625 0.0996 0.4622 0.1442 
 446 0.0072 0.0556 0.0134 0.0488 0.0780 0.2042 0.5222 0.0706 
 447 0.0059 0.0064 0.0390 0.0713 0.1317 0.1334 0.4784 0.1340 
 448 0.0054 0.0054 0.0138 0.1099 0.0832 0.2021 0.4616 0.1186 
 449 0.0055 0.0058 0.0146 0.1213 0.1221 0.1646 0.4301 0.1361 
 450 0.0067 0.0092 0.0182 0.2702 0.1350 0.1805 0.3069 0.0733 
 451 0.0050 0.0055 0.0142 0.0882 0.0641 0.5421 0.1489 0.1321 
 452 0.0059 0.0065 0.0131 0.1334 0.1308 0.1813 0.4408 0.0882 
 453 0.0062 0.0049 0.0275 0.0559 0.1002 0.1773 0.2597 0.3685 
 454 0.0155 0.0052 0.0124 0.1162 0.1258 0.1748 0.4174 0.1327 
 455 0.0062 0.0047 0.0134 0.0594 0.0712 0.1463 0.5992 0.0996 
 456 0.0049 0.0059 0.0169 0.0915 0.0723 0.1546 0.4531 0.2008 
 457 0.0055 0.0064 0.0120 0.1630 0.0870 0.1399 0.4879 0.0983 
 458 0.0059 0.0544 0.0134 0.0638 0.0850 0.1379 0.5524 0.0872 
 459 0.0061 0.0049 0.0136 0.0540 0.1566 0.1448 0.5417 0.0783 
 460 0.0055 0.0051 0.0130 0.0568 0.0730 0.1934 0.5724 0.0809 
 461 0.0056 0.0077 0.0147 0.0857 0.0798 0.3978 0.3416 0.0671 
 462 0.0058 0.0080 0.0752 0.1352 0.0585 0.1728 0.3873 0.1572 
 463 0.0067 0.0045 0.0126 0.0629 0.0902 0.1065 0.4246 0.2920 
 464 0.0049 0.0043 0.0119 0.0521 0.0712 0.2243 0.5093 0.1220 
 465 0.0059 0.0089 0.0154 0.0573 0.0833 0.2882 0.4032 0.1377 
 466 0.0048 0.0045 0.0123 0.0541 0.0731 0.2146 0.4208 0.2159 
 467 0.0074 0.0055 0.0165 0.0817 0.1036 0.1459 0.4746 0.1647 
 468 0.0049 0.0048 0.0114 0.1196 0.0705 0.1114 0.5519 0.1255 
 469 0.0054 0.0046 0.0112 0.0523 0.0745 0.0973 0.6852 0.0695 
 470 0.0051 0.0046 0.0099 0.0491 0.0735 0.1820 0.5936 0.0821 
 471 0.0045 0.0061 0.0296 0.1011 0.0836 0.2202 0.2602 0.2947 
 472 0.0055 0.0079 0.0189 0.1035 0.0808 0.2004 0.4112 0.1718 
 473 0.0069 0.0057 0.0129 0.1186 0.1216 0.1900 0.3695 0.1749 
 474 0.0054 0.0057 0.0139 0.1213 0.1202 0.1617 0.4420 0.1297 
 475 0.0053 0.0055 0.0146 0.0579 0.1373 0.2705 0.3759 0.1329 
 476 0.0055 0.0082 0.0131 0.2225 0.0842 0.1493 0.4096 0.1076 
 477 0.0071 0.0078 0.0288 0.0707 0.1156 0.3207 0.3202 0.1291 
 478 0.0070 0.0079 0.0291 0.0512 0.0733 0.4670 0.2819 0.0826 
 479 0.0050 0.0048 0.0126 0.0944 0.0725 0.1924 0.5351 0.0832 
 480 0.0053 0.0061 0.0110 0.1587 0.0820 0.1383 0.5101 0.0885 
 481 0.0044 0.0062 0.0330 0.1559 0.0850 0.2338 0.2641 0.2175 
 482 0.0046 0.0062 0.0107 0.1050 0.0730 0.2151 0.5062 0.0793 
 483 0.0070 0.0058 0.0127 0.0593 0.0872 0.1497 0.6004 0.0780 
 484 0.0061 0.0056 0.0184 0.0514 0.0799 0.1163 0.5305 0.1919 
 485 0.0070 0.0054 0.0121 0.0585 0.0734 0.1444 0.6156 0.0836 
 486 0.0066 0.0118 0.0438 0.1390 0.1065 0.2246 0.1030 0.3648 
 487 0.0082 0.0115 0.0425 0.2085 0.2050 0.2130 0.1098 0.2015 
 488 0.0085 0.0102 0.0867 0.1124 0.1757 0.3171 0.1001 0.1892 
 489 0.0071 0.0093 0.0236 0.2706 0.1819 0.1344 0.0764 0.2967 
 490 0.0051 0.0070 0.0261 0.1234 0.0757 0.3878 0.1407 0.2341 
 491 0.0065 0.0097 0.0737 0.1016 0.1946 0.1661 0.1038 0.3441 
 492 0.0073 0.0050 0.0550 0.0727 0.3090 0.2502 0.1102 0.1906 
 493 0.0078 0.0112 0.0836 0.2442 0.1326 0.2092 0.0695 0.2418 
 494 0.0057 0.0407 0.0509 0.1608 0.1826 0.1835 0.1092 0.2666 
 495 0.0077 0.0303 0.1243 0.1008 0.2192 0.2668 0.0919 0.1589 
 496 0.0074 0.0071 0.0128 0.0740 0.3304 0.1633 0.1358 0.2692 
 497 0.0120 0.0215 0.1316 0.1607 0.2119 0.1602 0.0924 0.2097 
 498 0.0063 0.0105 0.0877 0.1180 0.1207 0.2998 0.1064 0.2506 
 499 0.0083 0.0360 0.0265 0.1562 0.2991 0.1357 0.0970 0.2410 
 500 0.0054 0.0153 0.0193 0.3554 0.1322 0.1454 0.0913 0.2358 
 501 0.0054 0.0122 0.0219 0.1844 0.2812 0.2064 0.1384 0.1501 
 502 0.0057 0.0084 0.0439 0.0882 0.3191 0.2837 0.1451 0.1059 
 503 0.0051 0.0077 0.0160 0.2615 0.1049 0.2320 0.2062 0.1667 
 504 0.0055 0.0093 0.0945 0.0656 0.1092 0.3940 0.1255 0.1963 
 505 0.0046 0.0088 0.0313 0.0945 0.1666 0.1756 0.0878 0.4308 
 506 0.0059 0.0073 0.0478 0.0806 0.2666 0.2923 0.1047 0.1949 
 507 0.0069 0.0079 0.0121 0.0548 0.4602 0.0898 0.0817 0.2867 
 508 0.0093 0.0181 0.0232 0.0574 0.4599 0.1099 0.0667 0.2556 
 509 0.0052 0.0080 0.0233 0.0762 0.2455 0.1589 0.1048 0.3782 
 510 0.0050 0.0178 0.0180 0.2537 0.3180 0.1595 0.0779 0.1501 
 511 0.0053 0.0109 0.0374 0.1729 0.1128 0.2459 0.1964 0.2183 
 512 0.0044 0.0079 0.0256 0.2829 0.0846 0.2941 0.1697 0.1307 
 513 0.0055 0.0064 0.4374 0.0416 0.1167 0.1240 0.0559 0.2124 
 514 0.0099 0.0079 0.0174 0.0600 0.1455 0.4595 0.1264 0.1734 
 515 0.0058 0.0119 0.0201 0.0918 0.2277 0.1190 0.3088 0.2148 
 516 0.0056 0.0094 0.0190 0.0554 0.1275 0.3918 0.1069 0.2843 
 517 0.0069 0.0072 0.0140 0.0575 0.2051 0.1887 0.2394 0.2812 
 518 0.0074 0.0685 0.0157 0.2299 0.2510 0.1501 0.0893 0.1880 
 519 0.0052 0.0056 0.0243 0.0565 0.1528 0.4539 0.1500 0.1516 
 520 0.0074 0.0076 0.0133 0.0687 0.2684 0.0958 0.2591 0.2797 
 521 0.1557 0.0053 0.0138 0.0584 0.2023 0.2382 0.0921 0.2342 
 522 0.0067 0.0234 0.0179 0.2433 0.1136 0.1620 0.1548 0.2783 
 523 0.0177 0.0087 0.0134 0.0527 0.1998 0.1620 0.1608 0.3850 
 524 0.0071 0.0083 0.0122 0.0706 0.1654 0.1596 0.3687 0.2081 
 525 0.0080 0.0948 0.0132 0.1019 0.2391 0.1076 0.1932 0.2423 
 526 0.0059 0.0053 0.0117 0.0525 0.1153 0.0933 0.3927 0.3233 
 527 0.0056 0.0773 0.0296 0.2226 0.1193 0.2986 0.1200 0.1271 
 528 0.0208 0.0048 0.0128 0.0676 0.4076 0.1451 0.0766 0.2647 
 529 0.0092 0.0991 0.0243 0.0675 0.1895 0.2319 0.1120 0.2665 
 530 0.0053 0.0070 0.0276 0.2343 0.1466 0.1340 0.2071 0.2381 
 531 0.0157 0.0071 0.0168 0.0776 0.3420 0.1221 0.2655 0.1533 
 532 0.0452 0.0186 0.0187 0.1749 0.2647 0.2036 0.0727 0.2016 
 533 0.0067 0.0702 0.0158 0.1333 0.1313 0.1420 0.1630 0.3376 
 534 0.0061 0.0815 0.0304 0.0488 0.1767 0.1688 0.0673 0.4206 
 535 0.0059 0.0053 0.0151 0.0541 0.1172 0.1962 0.2778 0.3284 
 536 0.0072 0.0068 0.0215 0.0836 0.2392 0.1723 0.2537 0.2156 
 537 0.0224 0.0070 0.0277 0.0735 0.2468 0.1278 0.1198 0.3750 
 538 0.0057 0.0051 0.0150 0.0723 0.2134 0.1274 0.1220 0.4392 
 539 0.0053 0.0049 0.0139 0.0659 0.5163 0.0965 0.0643 0.2331 
 540 0.1470 0.0053 0.0139 0.0765 0.1118 0.1072 0.1270 0.4113 
 541 0.1063 0.0073 0.0236 0.0944 0.2947 0.1117 0.1778 0.1842 
 542 0.0050 0.0054 0.0270 0.0620 0.0918 0.0998 0.2957 0.4134 
 543 0.1564 0.0071 0.0277 0.0500 0.1474 0.1602 0.1496 0.3017 
 544 0.0108 0.0046 0.0174 0.0616 0.1179 0.1152 0.2109 0.4617 
 545 0.0068 0.0054 0.0261 0.0565 0.0813 0.1371 0.3200 0.3669 
 546 0.0145 0.0053 0.0359 0.0680 0.1334 0.1041 0.1758 0.4630 
 547 0.0090 0.0059 0.0242 0.0470 0.2003 0.1202 0.1937 0.3997 
 548 0.0054 0.0059 0.0178 0.0969 0.3096 0.1674 0.0782 0.3188 
 549 0.0086 0.0070 0.0192 0.0511 0.3796 0.1018 0.2840 0.1488 
 550 0.0052 0.0044 0.0225 0.0680 0.1210 0.1522 0.3167 0.3101 
 551 0.0098 0.0075 0.0180 0.0592 0.4428 0.1254 0.1891 0.1481 
 552 0.0055 0.0051 0.0139 0.0795 0.1909 0.1008 0.0997 0.5046 
 553 0.0548 0.0087 0.0350 0.0493 0.1653 0.1239 0.1068 0.4562 
 554 0.1902 0.0080 0.0167 0.1674 0.0921 0.1569 0.1260 0.2427 
 555 0.0159 0.0071 0.0451 0.0703 0.2746 0.1210 0.0896 0.3763 
 556 0.0099 0.0055 0.0163 0.0611 0.1387 0.1296 0.1164 0.5225 
 557 0.0155 0.0048 0.0197 0.0653 0.1674 0.1703 0.3797 0.1773 
 558 0.0047 0.0061 0.0109 0.0903 0.0750 0.1921 0.5519 0.0689 
 559 0.0077 0.0064 0.0143 0.0837 0.0974 0.3731 0.1159 0.3014 
 560 0.0045 0.0048 0.0233 0.0485 0.0598 0.4354 0.3197 0.1040 
 561 0.0049 0.0058 0.0247 0.0752 0.0763 0.2924 0.3551 0.1655 
 562 0.0050 0.0063 0.0256 0.1297 0.0592 0.3747 0.1726 0.2269 
 563 0.0056 0.0101 0.0417 0.0487 0.2261 0.2985 0.2494 0.1198 
 564 0.0200 0.0096 0.0163 0.1147 0.1050 0.2118 0.1029 0.4196 
 565 0.0047 0.0056 0.0123 0.0975 0.0831 0.1454 0.5621 0.0893 
 566 0.0049 0.0043 0.0146 0.1009 0.0635 0.4835 0.2265 0.1019 
 567 0.0051 0.0067 0.0213 0.1185 0.0813 0.3340 0.0899 0.3431 
 568 0.0061 0.0058 0.0117 0.0556 0.1036 0.3226 0.2680 0.2266 
 569 0.0188 0.0072 0.0130 0.2099 0.1032 0.2642 0.1737 0.2100 
 570 0.0055 0.0072 0.0108 0.3582 0.0678 0.2718 0.1924 0.0865 
 571 0.0069 0.0051 0.0121 0.0579 0.0952 0.5356 0.1617 0.1254 
 572 0.0066 0.0043 0.0214 0.0913 0.1795 0.1129 0.1467 0.4373 
 573 0.0133 0.0083 0.0146 0.0848 0.1120 0.2527 0.2254 0.2889 
 574 0.0158 0.0072 0.0157 0.2976 0.1762 0.1519 0.1709 0.1647 
 575 0.0052 0.0057 0.0145 0.0565 0.1811 0.3446 0.2446 0.1478 
 576 0.0056 0.0052 0.0268 0.0954 0.0651 0.5082 0.2087 0.0849 
 577 0.0060 0.0089 0.0168 0.2149 0.1778 0.2357 0.1855 0.1543 
 578 0.0074 0.0054 0.0286 0.0855 0.0927 0.3675 0.2704 0.1425 
 579 0.0121 0.0060 0.0374 0.0922 0.0816 0.2496 0.3244 0.1967 
 580 0.0060 0.0058 0.0140 0.1327 0.1245 0.1983 0.3906 0.1281 
 581 0.0059 0.0054 0.0134 0.0934 0.1056 0.2674 0.3967 0.1122 
 582 0.0051 0.0058 0.0123 0.1275 0.0669 0.2626 0.3894 0.1303 
 583 0.0103 0.0508 0.0150 0.1091 0.0906 0.4612 0.1440 0.1189 
 584 0.0051 0.0066 0.0145 0.1002 0.0756 0.5257 0.1824 0.0898 
 585 0.0061 0.0060 0.0333 0.0861 0.0777 0.3293 0.3432 0.1183 
 586 0.0056 0.0055 0.0142 0.0539 0.1029 0.5011 0.1267 0.1902 
 587 0.0047 0.0086 0.0185 0.2307 0.0682 0.2797 0.1560 0.2336 
 588 0.0125 0.0075 0.0198 0.0461 0.0770 0.1227 0.0672 0.6471 
 589 0.0102 0.0055 0.0141 0.2266 0.0694 0.2016 0.3022 0.1706 
 590 0.0046 0.0061 0.0198 0.1035 0.0882 0.5198 0.0921 0.1660 
 591 0.0058 0.0055 0.0132 0.0539 0.1002 0.5498 0.1510 0.1206 
 592 0.0050 0.0046 0.0148 0.0787 0.0733 0.3177 0.2124 0.2936 
 593 0.0069 0.0057 0.0126 0.0687 0.1247 0.3000 0.2878 0.1936 
 594 0.0144 0.0538 0.0204 0.0698 0.1688 0.3604 0.1582 0.1543 
 595 0.0041 0.0085 0.0659 0.3279 0.0710 0.2885 0.1130 0.1211 
 596 0.0060 0.0044 0.0185 0.1382 0.1203 0.2076 0.1693 0.3358 
 597 0.0208 0.0091 0.0162 0.0521 0.2309 0.4000 0.1109 0.1601 
 598 0.0053 0.0071 0.0107 0.3657 0.0737 0.2016 0.2591 0.0768 
 599 0.0050 0.0058 0.0118 0.1032 0.0648 0.4780 0.1622 0.1693 
 600 0.0111 0.0048 0.0153 0.1219 0.1218 0.1595 0.3921 0.1735 
 601 0.0042 0.0045 0.0142 0.0819 0.0640 0.3257 0.3548 0.1506 
 602 0.0062 0.0082 0.0251 0.0823 0.2085 0.2807 0.1510 0.2380 
 603 0.0061 0.0063 0.0180 0.0894 0.1986 0.3173 0.1264 0.2380 
 604 0.0297 0.0125 0.0348 0.1192 0.1210 0.1497 0.3851 0.1479 
 605 0.0062 0.0060 0.0212 0.0791 0.1037 0.2655 0.2837 0.2345 
 606 0.0146 0.0093 0.0186 0.1453 0.1699 0.1938 0.1650 0.2834 
 607 0.0072 0.0075 0.0185 0.1226 0.2746 0.1876 0.2255 0.1566 
 608 0.0077 0.0055 0.0118 0.0500 0.4135 0.1594 0.2337 0.1184 
 609 0.0054 0.0093 0.0198 0.1221 0.1211 0.2170 0.3459 0.1595 
 610 0.0054 0.0058 0.0188 0.0797 0.1014 0.1305 0.4653 0.1931 
 611 0.0057 0.0081 0.0171 0.0693 0.2056 0.2873 0.1595 0.2475 
 612 0.0101 0.0124 0.0138 0.1174 0.0804 0.1223 0.5320 0.1117 
 613 0.0171 0.0366 0.0194 0.1912 0.1040 0.1846 0.1865 0.2605 
 614 0.0043 0.0066 0.0226 0.3789 0.0826 0.1187 0.2396 0.1467 
 615 0.0049 0.0058 0.0140 0.1940 0.1478 0.1322 0.3516 0.1496 
 616 0.0073 0.0057 0.0150 0.2136 0.2001 0.2607 0.1491 0.1486 
 617 0.0126 0.0117 0.0787 0.3083 0.0796 0.1478 0.1685 0.1927 
 618 0.0994 0.0114 0.0300 0.0830 0.1717 0.1059 0.3461 0.1525 
 619 0.0074 0.0045 0.0116 0.0858 0.1645 0.2492 0.2314 0.2456 
 620 0.0048 0.0046 0.0163 0.0577 0.0599 0.3482 0.1726 0.3360 
 621 0.0052 0.0084 0.0163 0.0987 0.0933 0.4541 0.2342 0.0900 
 622 0.0280 0.0130 0.0741 0.1958 0.1212 0.1372 0.1797 0.2511 
 623 0.0059 0.0050 0.0158 0.1108 0.0941 0.3896 0.1649 0.2140 
 624 0.1474 0.0070 0.0120 0.0707 0.1296 0.1481 0.3704 0.1148 
 625 0.0310 0.0108 0.0476 0.2443 0.1711 0.1733 0.2034 0.1184 
 626 0.1414 0.0166 0.0123 0.0654 0.1681 0.0837 0.2625 0.2500 
 627 0.0116 0.0048 0.0189 0.1418 0.1065 0.2861 0.1869 0.2433 
 628 0.0049 0.0054 0.0289 0.1123 0.1260 0.3203 0.1228 0.2794 
 629 0.0051 0.0056 0.0223 0.2129 0.1501 0.3089 0.1356 0.1595 
 630 0.0108 0.0138 0.0226 0.1301 0.1222 0.2178 0.3586 0.1241 
 631 0.0060 0.0058 0.0152 0.2096 0.1290 0.2434 0.2170 0.1740 
 632 0.0103 0.0054 0.0224 0.1115 0.2543 0.1238 0.1392 0.3331 
 633 0.0140 0.0070 0.0233 0.1045 0.1726 0.1661 0.3638 0.1488 
 634 0.0080 0.0063 0.0125 0.1143 0.2131 0.1969 0.1673 0.2815 
 635 0.0065 0.0055 0.0129 0.1246 0.3976 0.1290 0.1592 0.1648 
 636 0.0264 0.0077 0.0155 0.1013 0.2250 0.1877 0.3153 0.1211 
 637 0.0047 0.0061 0.0248 0.0848 0.1469 0.1437 0.2414 0.3477 
 638 0.0070 0.0071 0.0160 0.1443 0.1945 0.3220 0.1483 0.1608 
 639 0.0134 0.0069 0.0244 0.1896 0.1507 0.1427 0.2864 0.1859 
 640 0.0139 0.0064 0.0300 0.0919 0.1179 0.4452 0.1869 0.1078 
 641 0.0060 0.0109 0.0199 0.2350 0.1452 0.2469 0.1402 0.1960 
 642 0.0139 0.0062 0.0160 0.0557 0.3217 0.1313 0.1969 0.2584 
 643 0.0225 0.0059 0.0158 0.0526 0.5008 0.1262 0.1582 0.1180 
 644 0.0490 0.0059 0.0162 0.0575 0.4088 0.1803 0.1216 0.1608 
 645 0.0140 0.0126 0.0210 0.0564 0.3878 0.0811 0.2790 0.1483 
