   1 0.0052 0.0059 0.0284 0.1421 0.0951 0.0973 0.1667 0.0890 0.1985 0.1719 
   2 0.0039 0.0038 0.0122 0.0290 0.0511 0.1125 0.1553 0.3214 0.1042 0.2066 
   3 0.0055 0.0044 0.0164 0.0759 0.1111 0.1163 0.2631 0.1263 0.1847 0.0963 
   4 0.0119 0.0146 0.0465 0.0460 0.0847 0.1055 0.1069 0.1189 0.3495 0.1155 
   5 0.0046 0.0047 0.0162 0.0291 0.0547 0.1145 0.1765 0.1921 0.1009 0.3068 
   6 0.0051 0.0039 0.0151 0.0296 0.0686 0.1355 0.3982 0.1013 0.1268 0.1160 
   7 0.0052 0.0038 0.0144 0.0278 0.0829 0.2909 0.1801 0.0774 0.1006 0.2169 
   8 0.0181 0.0362 0.1067 0.0421 0.0835 0.1335 0.1678 0.1019 0.1924 0.1179 
   9 0.0067 0.0136 0.0151 0.0470 0.0618 0.1196 0.2273 0.2038 0.1534 0.1519 
  10 0.0058 0.0219 0.1005 0.0277 0.0608 0.1342 0.2265 0.0939 0.1285 0.2002 
  11 0.0042 0.0037 0.0149 0.0413 0.0901 0.1817 0.1711 0.0766 0.0986 0.3177 
  12 0.0048 0.0040 0.0123 0.0318 0.0518 0.1188 0.2040 0.1826 0.1629 0.2270 
  13 0.0057 0.0045 0.0164 0.0398 0.0623 0.1516 0.2443 0.1425 0.1447 0.1881 
  14 0.0039 0.0062 0.0324 0.0646 0.1041 0.0835 0.1732 0.2801 0.1279 0.1242 
  15 0.0051 0.0039 0.0178 0.0376 0.1243 0.1241 0.1322 0.1456 0.2355 0.1739 
  16 0.0044 0.0038 0.0161 0.0530 0.0927 0.1303 0.2496 0.0978 0.1180 0.2343 
  17 0.0075 0.0062 0.0143 0.0568 0.0613 0.1031 0.3075 0.1090 0.1477 0.1866 
  18 0.0079 0.0060 0.0147 0.0417 0.1265 0.0929 0.1977 0.2303 0.1647 0.1175 
  19 0.0045 0.0035 0.0123 0.0283 0.0594 0.1335 0.3479 0.1153 0.1342 0.1611 
  20 0.0046 0.0040 0.0129 0.0357 0.1052 0.1769 0.1394 0.1396 0.1509 0.2307 
  21 0.0043 0.0049 0.0215 0.0694 0.0779 0.1005 0.1445 0.2137 0.1971 0.1662 
  22 0.0057 0.0036 0.0164 0.0396 0.0625 0.0949 0.3814 0.1129 0.1533 0.1296 
  23 0.0078 0.0106 0.0402 0.0787 0.0889 0.0983 0.1222 0.2232 0.2122 0.1177 
  24 0.0047 0.0036 0.0173 0.0531 0.0928 0.1086 0.1806 0.1134 0.2226 0.2033 
  25 0.0050 0.0048 0.0137 0.0331 0.1079 0.1638 0.2708 0.1178 0.0842 0.1989 
  26 0.0062 0.0041 0.0132 0.0376 0.0836 0.1132 0.2035 0.1283 0.2108 0.1996 
  27 0.0053 0.0043 0.0148 0.0586 0.0762 0.1042 0.2332 0.1312 0.1433 0.2289 
  28 0.0052 0.0087 0.0943 0.0534 0.0805 0.1651 0.1408 0.1314 0.2162 0.1044 
  29 0.0038 0.0035 0.0132 0.0404 0.0542 0.1584 0.1485 0.1719 0.1222 0.2839 
  30 0.0045 0.0037 0.0142 0.0526 0.0775 0.0934 0.3325 0.1375 0.1282 0.1558 
  31 0.0115 0.0349 0.0909 0.0567 0.0538 0.1352 0.1536 0.1550 0.1117 0.1966 
  32 0.0044 0.0049 0.0264 0.0407 0.0864 0.1088 0.2490 0.1680 0.2035 0.1081 
  33 0.0048 0.0039 0.0167 0.0635 0.0945 0.1756 0.1922 0.1355 0.1890 0.1243 
  34 0.0062 0.0263 0.0964 0.0322 0.0882 0.2174 0.1717 0.0751 0.1013 0.1851 
  35 0.0081 0.0044 0.0132 0.0841 0.0501 0.0870 0.2087 0.2106 0.1013 0.2325 
  36 0.0044 0.0048 0.0186 0.1561 0.2050 0.0984 0.1062 0.1823 0.1011 0.1230 
  37 0.0059 0.0040 0.0186 0.0479 0.0559 0.1139 0.1775 0.2517 0.1875 0.1371 
  38 0.0049 0.0046 0.0130 0.0511 0.3028 0.1422 0.0875 0.1225 0.0857 0.1856 
  39 0.0068 0.0049 0.0140 0.0566 0.1237 0.1560 0.1428 0.1645 0.1209 0.2097 
  40 0.0038 0.0039 0.0221 0.2079 0.0755 0.0803 0.1501 0.2174 0.1220 0.1168 
  41 0.0069 0.0063 0.0210 0.2281 0.1001 0.1402 0.1315 0.1248 0.0874 0.1536 
  42 0.0046 0.0041 0.0499 0.1662 0.1424 0.0845 0.0814 0.0900 0.2360 0.1410 
  43 0.0069 0.0057 0.0336 0.1639 0.0494 0.1172 0.1374 0.2243 0.1346 0.1269 
  44 0.0058 0.0044 0.0159 0.2026 0.0435 0.1019 0.1916 0.2309 0.0886 0.1147 
  45 0.0047 0.0046 0.0125 0.1030 0.1497 0.1018 0.0837 0.2426 0.0861 0.2111 
  46 0.0073 0.0046 0.0116 0.0701 0.0625 0.1301 0.2672 0.1606 0.1165 0.1696 
  47 0.0122 0.0068 0.0240 0.0541 0.0482 0.1006 0.2664 0.1714 0.1358 0.1805 
  48 0.0071 0.0046 0.0158 0.1843 0.0526 0.0815 0.1798 0.2655 0.0957 0.1131 
  49 0.0067 0.0042 0.0150 0.0722 0.0736 0.0885 0.1574 0.1638 0.1229 0.2956 
  50 0.0083 0.0102 0.0573 0.0448 0.0630 0.1758 0.2759 0.1252 0.0969 0.1425 
  51 0.0042 0.0045 0.0182 0.3215 0.1350 0.0861 0.0758 0.1683 0.0826 0.1038 
  52 0.0074 0.0049 0.0132 0.0974 0.0941 0.1650 0.1440 0.1102 0.1315 0.2323 
  53 0.0068 0.0061 0.0322 0.0581 0.2169 0.1511 0.1804 0.1249 0.1104 0.1132 
  54 0.0068 0.0051 0.0156 0.0722 0.0400 0.0999 0.1451 0.2987 0.1416 0.1749 
  55 0.0057 0.0040 0.0137 0.1085 0.0501 0.0998 0.1230 0.3430 0.1114 0.1408 
  56 0.0058 0.0044 0.0180 0.0832 0.0935 0.0819 0.1801 0.2344 0.1379 0.1608 
  57 0.0105 0.0060 0.0277 0.0339 0.0634 0.1083 0.2221 0.0881 0.2355 0.2045 
  58 0.0046 0.0043 0.0154 0.1034 0.0848 0.0966 0.0940 0.2361 0.1161 0.2447 
  59 0.0048 0.0047 0.0181 0.0798 0.1747 0.0954 0.0908 0.1537 0.1240 0.2541 
  60 0.0045 0.0051 0.0282 0.1784 0.1033 0.1031 0.1002 0.2087 0.1543 0.1144 
  61 0.0037 0.0048 0.0162 0.1351 0.0406 0.0860 0.0762 0.3714 0.1381 0.1278 
  62 0.0088 0.0061 0.0135 0.0429 0.0637 0.1138 0.1626 0.1441 0.1387 0.3058 
  63 0.0038 0.0039 0.0216 0.0741 0.0880 0.1846 0.1079 0.2227 0.1587 0.1347 
  64 0.0052 0.0042 0.0117 0.0346 0.1071 0.1017 0.2404 0.1613 0.0947 0.2391 
  65 0.0053 0.0042 0.0126 0.0328 0.0629 0.2582 0.1502 0.1793 0.0854 0.2092 
  66 0.0047 0.0060 0.0285 0.0408 0.0605 0.1417 0.1033 0.2884 0.1753 0.1508 
  67 0.0050 0.0051 0.0134 0.1471 0.0407 0.1132 0.1279 0.3184 0.0951 0.1339 
  68 0.0056 0.0047 0.0204 0.0846 0.1886 0.0944 0.0875 0.1564 0.1375 0.2203 
  69 0.0062 0.0453 0.1739 0.0642 0.1864 0.0899 0.0897 0.0950 0.0827 0.1667 
  70 0.0042 0.0065 0.0252 0.1485 0.1572 0.1750 0.0820 0.1496 0.1275 0.1242 
  71 0.0052 0.0055 0.0156 0.0990 0.1650 0.1092 0.0923 0.2058 0.0784 0.2240 
  72 0.0051 0.0046 0.0171 0.1054 0.1101 0.1108 0.2452 0.1513 0.0919 0.1585 
  73 0.0051 0.0057 0.0177 0.0824 0.0656 0.1105 0.0870 0.3001 0.0870 0.2390 
  74 0.0044 0.0041 0.0209 0.1339 0.1975 0.0905 0.1052 0.1722 0.1526 0.1187 
  75 0.0050 0.0059 0.0239 0.1375 0.1557 0.0728 0.0899 0.2201 0.1523 0.1370 
  76 0.0049 0.0039 0.0147 0.0914 0.0629 0.2143 0.1235 0.2626 0.1083 0.1136 
  77 0.0046 0.0047 0.0190 0.1173 0.1827 0.1548 0.0797 0.1523 0.0929 0.1920 
  78 0.0051 0.0056 0.0204 0.1115 0.2515 0.1351 0.0808 0.1263 0.0945 0.1693 
  79 0.0042 0.0041 0.0156 0.0285 0.0812 0.2157 0.2110 0.1339 0.1127 0.1931 
  80 0.0046 0.0040 0.0223 0.0344 0.0552 0.1474 0.0989 0.1473 0.3827 0.1033 
  81 0.0045 0.0040 0.0195 0.0273 0.0660 0.1981 0.1109 0.1370 0.3245 0.1082 
  82 0.0046 0.0037 0.0173 0.0515 0.0617 0.1195 0.1208 0.2032 0.1637 0.2540 
  83 0.0044 0.0040 0.0198 0.0359 0.1229 0.2005 0.1145 0.1742 0.2278 0.0960 
  84 0.0043 0.0037 0.0181 0.0289 0.0974 0.2215 0.1329 0.1378 0.2235 0.1319 
  85 0.0044 0.0039 0.0210 0.0343 0.1475 0.1131 0.1606 0.1392 0.2479 0.1282 
  86 0.0057 0.0047 0.0128 0.0558 0.0582 0.1180 0.1552 0.2788 0.1094 0.2015 
  87 0.0050 0.0055 0.0272 0.0410 0.1221 0.2943 0.1101 0.1325 0.1208 0.1415 
  88 0.0043 0.0038 0.0198 0.0352 0.0662 0.1735 0.1143 0.1558 0.2557 0.1715 
  89 0.0053 0.0067 0.0389 0.0311 0.0633 0.1468 0.1100 0.2088 0.2490 0.1403 
  90 0.0043 0.0041 0.0150 0.0281 0.0799 0.2877 0.1159 0.1492 0.1339 0.1817 
  91 0.0042 0.0038 0.0226 0.0392 0.1285 0.1124 0.1099 0.1250 0.3526 0.1017 
  92 0.0045 0.0037 0.0158 0.0303 0.0756 0.1669 0.1615 0.1649 0.1549 0.2218 
  93 0.0045 0.0064 0.0881 0.0360 0.0506 0.0833 0.0996 0.1279 0.3745 0.1291 
  94 0.0041 0.0038 0.0159 0.0395 0.1817 0.3744 0.0931 0.0887 0.1082 0.0906 
  95 0.0042 0.0041 0.0185 0.0317 0.0682 0.2900 0.0839 0.1400 0.2215 0.1379 
  96 0.0043 0.0042 0.0311 0.1066 0.0473 0.0929 0.0787 0.3030 0.2007 0.1312 
  97 0.0049 0.0037 0.0160 0.0709 0.1846 0.0754 0.0954 0.2281 0.1608 0.1600 
  98 0.0037 0.0038 0.0233 0.1132 0.0632 0.1071 0.1574 0.2197 0.1250 0.1837 
  99 0.0043 0.0041 0.0182 0.0273 0.0852 0.2383 0.1219 0.1505 0.2114 0.1389 
 100 0.0047 0.0040 0.0221 0.0389 0.0441 0.0791 0.0851 0.2447 0.3674 0.1101 
 101 0.0056 0.0113 0.0685 0.0463 0.1183 0.1880 0.1118 0.1660 0.1268 0.1575 
 102 0.0051 0.0049 0.0337 0.0608 0.1143 0.1342 0.0771 0.1370 0.2738 0.1590 
 103 0.0046 0.0115 0.0483 0.0317 0.0533 0.1751 0.0928 0.3535 0.1259 0.1032 
 104 0.0045 0.0057 0.0273 0.0278 0.0529 0.3933 0.0960 0.1256 0.1222 0.1447 
 105 0.0055 0.0130 0.0632 0.0336 0.0483 0.2066 0.0835 0.1887 0.1364 0.2213 
 106 0.0041 0.0037 0.0105 0.0335 0.0981 0.4070 0.1206 0.1011 0.0715 0.1500 
 107 0.0053 0.0161 0.0299 0.0354 0.0509 0.2551 0.0974 0.2546 0.1348 0.1205 
 108 0.0038 0.0045 0.0146 0.0422 0.2064 0.0918 0.0941 0.3469 0.0988 0.0968 
 109 0.0052 0.0066 0.0164 0.0338 0.1232 0.1788 0.0947 0.1191 0.0701 0.3521 
 110 0.0042 0.0060 0.0163 0.0338 0.0926 0.4314 0.1173 0.0873 0.0744 0.1368 
 111 0.0065 0.0098 0.0148 0.0324 0.0504 0.3501 0.0929 0.1369 0.1093 0.1968 
 112 0.0045 0.0076 0.0125 0.0633 0.0692 0.3216 0.0816 0.0853 0.0809 0.2733 
 113 0.0047 0.0076 0.0210 0.0466 0.0879 0.1207 0.1471 0.2963 0.1143 0.1538 
 114 0.0044 0.0061 0.0328 0.0280 0.0496 0.3211 0.0840 0.1340 0.1433 0.1967 
 115 0.0051 0.0131 0.0225 0.1098 0.0591 0.2792 0.1118 0.1080 0.1095 0.1819 
 116 0.0052 0.0047 0.0112 0.0678 0.1464 0.2132 0.0952 0.1418 0.0751 0.2394 
 117 0.0059 0.0146 0.0258 0.0643 0.0863 0.2846 0.1094 0.0782 0.0845 0.2465 
 118 0.0045 0.0096 0.0122 0.0327 0.0612 0.1361 0.0960 0.2696 0.1047 0.2733 
 119 0.0040 0.0043 0.0345 0.1120 0.1048 0.1416 0.0767 0.2170 0.2090 0.0960 
 120 0.0052 0.0094 0.0227 0.0650 0.0590 0.2693 0.0975 0.1515 0.1232 0.1971 
 121 0.0078 0.0841 0.0236 0.1289 0.0699 0.2332 0.1023 0.1044 0.0758 0.1700 
 122 0.0040 0.0051 0.0197 0.0334 0.0840 0.3115 0.1137 0.1257 0.0864 0.2164 
 123 0.0047 0.0155 0.0194 0.0425 0.0896 0.3369 0.1039 0.1499 0.1160 0.1217 
 124 0.0075 0.0346 0.0127 0.0871 0.0932 0.1983 0.1570 0.1783 0.0893 0.1421 
 125 0.0044 0.0063 0.0196 0.1228 0.1349 0.1373 0.1356 0.0806 0.0874 0.2712 
 126 0.0036 0.0039 0.0129 0.0763 0.1075 0.2818 0.0946 0.1637 0.1235 0.1322 
 127 0.0049 0.0102 0.0126 0.0338 0.0453 0.4135 0.0815 0.1637 0.1113 0.1231 
 128 0.0039 0.0039 0.0119 0.0337 0.0441 0.1170 0.1004 0.2836 0.1018 0.2995 
 129 0.0058 0.0145 0.0309 0.0328 0.0522 0.2576 0.0977 0.2743 0.0746 0.1597 
 130 0.0055 0.0138 0.0294 0.0284 0.0531 0.2905 0.0886 0.1507 0.1407 0.1992 
 131 0.0082 0.0319 0.0231 0.0871 0.2035 0.2114 0.1160 0.1081 0.0712 0.1395 
 132 0.0044 0.0063 0.0171 0.0342 0.0776 0.3450 0.1080 0.1929 0.0730 0.1414 
 133 0.0079 0.0145 0.0224 0.0388 0.0598 0.2848 0.1055 0.2466 0.1127 0.1070 
 134 0.0040 0.0042 0.0101 0.0295 0.0642 0.4760 0.0925 0.0848 0.0648 0.1700 
 135 0.0050 0.0040 0.0159 0.0735 0.0676 0.0682 0.0754 0.1639 0.3260 0.2006 
 136 0.0053 0.0048 0.0327 0.0363 0.0552 0.0653 0.1395 0.1160 0.3905 0.1544 
 137 0.0046 0.0056 0.0405 0.0377 0.0500 0.0766 0.0953 0.0898 0.4488 0.1511 
 138 0.0043 0.0037 0.0201 0.0429 0.0666 0.0724 0.0892 0.0932 0.5170 0.0905 
 139 0.0040 0.0051 0.0289 0.0447 0.0607 0.0754 0.1062 0.3445 0.1899 0.1406 
 140 0.0048 0.0055 0.0449 0.0592 0.0775 0.1021 0.1038 0.1571 0.2620 0.1831 
 141 0.0054 0.0089 0.1260 0.0402 0.0756 0.0741 0.1600 0.1335 0.2352 0.1412 
 142 0.0051 0.0056 0.0400 0.0825 0.0638 0.0720 0.0774 0.2327 0.2664 0.1544 
 143 0.0037 0.0033 0.0203 0.0347 0.0452 0.0618 0.0803 0.0981 0.5611 0.0913 
 144 0.0044 0.0044 0.0241 0.0383 0.0471 0.0748 0.0836 0.0903 0.4916 0.1413 
 145 0.0056 0.0049 0.0285 0.0541 0.0768 0.0742 0.1689 0.1544 0.2478 0.1847 
 146 0.0055 0.0055 0.0333 0.0415 0.0779 0.1070 0.1225 0.0970 0.3108 0.1992 
 147 0.0042 0.0039 0.0341 0.0326 0.0479 0.0640 0.0923 0.0852 0.5371 0.0986 
 148 0.0048 0.0097 0.1089 0.0537 0.0512 0.0867 0.1371 0.1688 0.2362 0.1428 
 149 0.0045 0.0362 0.1801 0.0724 0.0693 0.0674 0.0892 0.1645 0.1729 0.1435 
 150 0.0050 0.0059 0.0336 0.0387 0.0493 0.1022 0.1075 0.1447 0.3230 0.1901 
 151 0.0042 0.0034 0.0181 0.0364 0.0471 0.0811 0.0889 0.1293 0.4634 0.1282 
 152 0.0051 0.0060 0.0405 0.0692 0.0926 0.0778 0.1362 0.1495 0.2894 0.1337 
 153 0.0044 0.0053 0.0426 0.0781 0.0703 0.0878 0.0952 0.1066 0.3865 0.1232 
 154 0.0050 0.0495 0.2290 0.0539 0.0519 0.0646 0.1218 0.1630 0.1367 0.1245 
 155 0.0045 0.0040 0.0206 0.0315 0.0442 0.0888 0.0839 0.1110 0.5188 0.0928 
 156 0.0037 0.0043 0.0209 0.0798 0.0433 0.0790 0.0722 0.1489 0.4298 0.1183 
 157 0.0041 0.0048 0.0383 0.0292 0.0652 0.1492 0.0847 0.0992 0.4224 0.1028 
 158 0.0055 0.0048 0.0303 0.0512 0.0819 0.0700 0.1570 0.1167 0.2721 0.2107 
 159 0.0049 0.0185 0.1333 0.0309 0.0477 0.0650 0.0850 0.1002 0.4012 0.1134 
 160 0.0058 0.0189 0.1256 0.0284 0.0496 0.0645 0.0851 0.1216 0.3709 0.1296 
 161 0.0042 0.0044 0.0350 0.0575 0.0765 0.0894 0.1143 0.1278 0.3265 0.1644 
 162 0.0068 0.0059 0.0309 0.0389 0.0734 0.1136 0.1327 0.1263 0.2736 0.1979 
 163 0.0039 0.0039 0.0198 0.0528 0.0435 0.0799 0.0754 0.1111 0.5137 0.0960 
 164 0.0064 0.0272 0.1621 0.0314 0.0560 0.0989 0.1040 0.1586 0.1925 0.1628 
 165 0.0050 0.0048 0.0207 0.0379 0.0480 0.0943 0.0882 0.1138 0.3905 0.1967 
 166 0.0045 0.0243 0.1538 0.0398 0.1190 0.1189 0.0788 0.1595 0.2045 0.0969 
 167 0.0065 0.0599 0.2941 0.0296 0.0552 0.0789 0.1374 0.0740 0.1503 0.1142 
 168 0.0044 0.0040 0.0194 0.0481 0.1311 0.0737 0.0913 0.1036 0.4100 0.1145 
 169 0.0057 0.0050 0.0252 0.0542 0.1868 0.0679 0.1408 0.0989 0.2137 0.2018 
 170 0.0041 0.0037 0.0414 0.0717 0.0497 0.0806 0.0887 0.2012 0.3298 0.1290 
 171 0.0047 0.0050 0.0308 0.0412 0.1040 0.0750 0.1239 0.1659 0.3265 0.1230 
 172 0.0047 0.0086 0.0633 0.1138 0.1510 0.0657 0.0858 0.1503 0.2089 0.1480 
 173 0.0049 0.0045 0.0334 0.0291 0.0465 0.0680 0.0898 0.1562 0.4544 0.1133 
 174 0.0045 0.0044 0.0350 0.0276 0.0489 0.0831 0.1005 0.1114 0.4586 0.1260 
 175 0.0045 0.0039 0.0359 0.0540 0.0482 0.0674 0.1456 0.1057 0.4370 0.0978 
 176 0.0042 0.0045 0.0247 0.0382 0.0468 0.0748 0.0828 0.0904 0.4915 0.1421 
 177 0.0048 0.0051 0.0360 0.0365 0.1036 0.1532 0.0947 0.1024 0.3248 0.1389 
 178 0.0051 0.0051 0.0436 0.0290 0.0514 0.0876 0.1727 0.1218 0.3627 0.1210 
 179 0.0044 0.0059 0.1042 0.0280 0.0455 0.0679 0.0966 0.1187 0.4438 0.0851 
 180 0.0059 0.0082 0.0785 0.0515 0.0776 0.0832 0.1242 0.0959 0.2975 0.1775 
 181 0.0053 0.0049 0.0260 0.0542 0.0704 0.0736 0.1040 0.1865 0.3064 0.1689 
 182 0.0055 0.0040 0.0219 0.0404 0.0476 0.0645 0.0791 0.1992 0.4022 0.1358 
 183 0.0044 0.0041 0.0285 0.0344 0.0462 0.0684 0.0999 0.1303 0.4856 0.0982 
 184 0.0050 0.0039 0.0119 0.0295 0.0544 0.1039 0.1858 0.3843 0.1017 0.1198 
 185 0.0037 0.0051 0.0167 0.1108 0.0389 0.0570 0.0700 0.1224 0.4833 0.0921 
 186 0.0049 0.0039 0.0122 0.0309 0.0472 0.1620 0.1657 0.3553 0.0981 0.1197 
 187 0.0040 0.0040 0.0185 0.0332 0.0495 0.0944 0.1267 0.3163 0.2540 0.0995 
 188 0.0047 0.0042 0.0115 0.0294 0.0405 0.1250 0.1526 0.4453 0.0798 0.1070 
 189 0.0041 0.0038 0.0177 0.0525 0.1063 0.0918 0.1988 0.2069 0.2259 0.0922 
 190 0.0037 0.0034 0.0140 0.0929 0.0393 0.0611 0.0626 0.4244 0.1949 0.1037 
 191 0.0040 0.0043 0.0139 0.0277 0.0445 0.0864 0.1216 0.4424 0.1216 0.1337 
 192 0.0037 0.0038 0.0166 0.0316 0.0485 0.1209 0.1385 0.2764 0.2397 0.1202 
 193 0.0041 0.0036 0.0172 0.0398 0.0563 0.0902 0.1434 0.2690 0.1931 0.1831 
 194 0.0042 0.0050 0.0278 0.0626 0.0507 0.1097 0.1220 0.2927 0.2161 0.1091 
 195 0.0038 0.0039 0.0146 0.0492 0.0394 0.0623 0.0820 0.4107 0.2521 0.0820 
 196 0.0037 0.0036 0.0140 0.0502 0.0445 0.0791 0.0780 0.4406 0.1753 0.1111 
 197 0.0049 0.0041 0.0149 0.0394 0.0498 0.1379 0.2000 0.2102 0.2039 0.1349 
 198 0.0038 0.0039 0.0167 0.0524 0.0717 0.1198 0.1800 0.2251 0.1647 0.1619 
 199 0.0040 0.0036 0.0152 0.0720 0.0592 0.0844 0.0842 0.3750 0.1544 0.1479 
 200 0.0040 0.0038 0.0141 0.0539 0.0629 0.0829 0.1106 0.3881 0.1675 0.1122 
 201 0.0038 0.0037 0.0162 0.0333 0.0394 0.0696 0.0948 0.2907 0.3559 0.0926 
 202 0.0037 0.0037 0.0174 0.0792 0.0405 0.0806 0.0817 0.2205 0.3599 0.1129 
 203 0.0040 0.0043 0.0165 0.0339 0.0396 0.0699 0.0774 0.3166 0.3453 0.0924 
 204 0.0038 0.0040 0.0132 0.0416 0.0391 0.0668 0.0729 0.5282 0.1397 0.0908 
 205 0.0040 0.0038 0.0140 0.0444 0.0583 0.0885 0.0984 0.4485 0.1267 0.1134 
 206 0.0040 0.0042 0.0144 0.0324 0.0388 0.0665 0.0953 0.4886 0.1677 0.0881 
 207 0.0037 0.0035 0.0126 0.0399 0.0387 0.0868 0.0819 0.4818 0.1127 0.1384 
 208 0.0038 0.0038 0.0155 0.0336 0.0405 0.0746 0.0819 0.4017 0.2322 0.1125 
 209 0.0037 0.0037 0.0153 0.0372 0.0457 0.0896 0.1244 0.3748 0.1508 0.1548 
 210 0.0034 0.0037 0.0131 0.0322 0.0387 0.0779 0.0865 0.4853 0.1591 0.1001 
 211 0.0051 0.0048 0.0183 0.0704 0.0405 0.1037 0.0818 0.2199 0.2300 0.2254 
 212 0.0038 0.0037 0.0161 0.0659 0.0467 0.0664 0.1229 0.2123 0.3539 0.1082 
 213 0.0039 0.0042 0.0150 0.1075 0.0684 0.1383 0.0880 0.2825 0.1563 0.1359 
 214 0.0038 0.0036 0.0166 0.0422 0.0393 0.0700 0.0860 0.2672 0.3595 0.1118 
 215 0.0037 0.0038 0.0129 0.0342 0.0552 0.0949 0.0930 0.4644 0.1090 0.1290 
 216 0.0053 0.0037 0.0128 0.0331 0.0554 0.1041 0.2093 0.3070 0.1224 0.1469 
 217 0.0039 0.0035 0.0159 0.0398 0.0477 0.0687 0.0973 0.3262 0.3042 0.0928 
 218 0.0040 0.0037 0.0137 0.0292 0.0563 0.1042 0.0938 0.4357 0.1456 0.1137 
 219 0.0057 0.0039 0.0153 0.0328 0.0701 0.0896 0.2141 0.2251 0.2421 0.1012 
 220 0.0036 0.0038 0.0131 0.0288 0.0396 0.0784 0.0819 0.5341 0.1141 0.1025 
 221 0.0038 0.0037 0.0331 0.1158 0.0404 0.0630 0.0734 0.2066 0.3641 0.0962 
 222 0.0049 0.0037 0.0144 0.0337 0.0554 0.0999 0.2623 0.2442 0.1636 0.1178 
 223 0.0039 0.0036 0.0181 0.0353 0.0599 0.0916 0.1410 0.2344 0.3032 0.1089 
 224 0.0042 0.0047 0.0173 0.0341 0.0391 0.0687 0.0957 0.3705 0.2784 0.0874 
 225 0.0038 0.0037 0.0136 0.0451 0.0481 0.0797 0.0974 0.4459 0.1506 0.1122 
 226 0.0050 0.0045 0.0168 0.0326 0.1400 0.0909 0.1321 0.2898 0.1608 0.1274 
 227 0.0040 0.0042 0.0184 0.0778 0.0410 0.0867 0.0807 0.3546 0.2285 0.1041 
 228 0.0040 0.0060 0.0152 0.1071 0.0388 0.0579 0.0752 0.3438 0.2547 0.0973 
 229 0.0039 0.0044 0.0166 0.0302 0.0393 0.0800 0.1031 0.3414 0.2935 0.0874 
 230 0.0042 0.0043 0.0155 0.0312 0.0390 0.0764 0.0854 0.4157 0.2286 0.0995 
 231 0.0039 0.0043 0.0148 0.0292 0.0448 0.0721 0.1453 0.3207 0.2556 0.1094 
 232 0.0044 0.0043 0.0167 0.0808 0.0832 0.1103 0.0962 0.2289 0.2203 0.1550 
 233 0.0039 0.0038 0.0154 0.0321 0.0398 0.0718 0.0882 0.2272 0.4124 0.1053 
 234 0.0035 0.0035 0.0139 0.0305 0.0527 0.1001 0.1832 0.2586 0.2044 0.1497 
 235 0.0041 0.0036 0.0191 0.0407 0.0620 0.0875 0.1222 0.3033 0.2451 0.1122 
 236 0.0039 0.0037 0.0150 0.0339 0.0489 0.0822 0.1167 0.2537 0.3146 0.1276 
 237 0.0037 0.0040 0.0121 0.0469 0.0447 0.0765 0.0988 0.4309 0.1278 0.1545 
 238 0.0036 0.0035 0.0178 0.0426 0.0405 0.0880 0.0985 0.2514 0.3420 0.1121 
 239 0.0037 0.0040 0.0153 0.0483 0.0396 0.0620 0.0812 0.4115 0.2524 0.0819 
 240 0.0037 0.0036 0.0176 0.0422 0.0401 0.0889 0.1001 0.2513 0.3413 0.1111 
 241 0.0045 0.0036 0.0202 0.0438 0.0539 0.0737 0.0911 0.2771 0.3024 0.1296 
 242 0.0042 0.0053 0.0161 0.0432 0.0631 0.0862 0.1416 0.3883 0.1751 0.0770 
 243 0.0036 0.0035 0.0132 0.0530 0.0384 0.0655 0.0695 0.4600 0.1796 0.1138 
 244 0.0040 0.0041 0.0147 0.0329 0.0392 0.0682 0.0823 0.3684 0.2863 0.0999 
 245 0.0038 0.0037 0.0169 0.0553 0.0409 0.0802 0.0846 0.2040 0.4162 0.0943 
 246 0.0038 0.0036 0.0156 0.0396 0.0475 0.0687 0.0975 0.3282 0.3031 0.0923 
 247 0.0036 0.0037 0.0116 0.0405 0.0853 0.2056 0.1117 0.3188 0.0915 0.1277 
 248 0.0037 0.0036 0.0113 0.0351 0.0473 0.1018 0.1029 0.4141 0.1035 0.1767 
 249 0.0040 0.0037 0.0180 0.0405 0.0397 0.0794 0.0892 0.3337 0.2824 0.1094 
 250 0.0040 0.0038 0.0159 0.0314 0.0482 0.0950 0.1208 0.3078 0.2495 0.1237 
 251 0.0043 0.0038 0.0146 0.0390 0.0976 0.1048 0.1583 0.2995 0.1403 0.1379 
 252 0.0038 0.0037 0.0157 0.0481 0.0497 0.0827 0.1180 0.3688 0.2112 0.0984 
 253 0.0039 0.0036 0.0135 0.0534 0.0772 0.1232 0.1236 0.3202 0.1245 0.1569 
 254 0.0046 0.0038 0.0132 0.0343 0.0454 0.0916 0.2202 0.2997 0.1788 0.1084 
 255 0.0039 0.0038 0.0174 0.0363 0.0461 0.0954 0.1605 0.2969 0.2081 0.1317 
 256 0.0038 0.0036 0.0167 0.0431 0.0480 0.0758 0.0961 0.3637 0.2214 0.1279 
 257 0.0064 0.0130 0.0237 0.0373 0.0524 0.0937 0.1039 0.3720 0.1589 0.1388 
 258 0.0036 0.0039 0.0139 0.0658 0.0567 0.1034 0.1261 0.3113 0.1516 0.1639 
 259 0.0042 0.0043 0.0170 0.0348 0.0476 0.0899 0.1137 0.3860 0.1791 0.1235 
 260 0.0046 0.0038 0.0144 0.0332 0.0472 0.0959 0.2266 0.1731 0.2980 0.1032 
 261 0.0038 0.0036 0.0148 0.0552 0.0501 0.0732 0.1116 0.3127 0.2753 0.0997 
 262 0.0037 0.0036 0.0149 0.0670 0.0459 0.0619 0.0721 0.4040 0.2305 0.0963 
 263 0.0051 0.0043 0.0115 0.0324 0.0388 0.0815 0.1315 0.4717 0.1185 0.1047 
 264 0.0057 0.0036 0.0110 0.0330 0.0576 0.1048 0.3163 0.2309 0.0835 0.1537 
 265 0.0038 0.0036 0.0145 0.0322 0.0611 0.0897 0.1379 0.3347 0.2127 0.1098 
 266 0.0038 0.0036 0.0172 0.0731 0.0402 0.0627 0.0731 0.2437 0.3843 0.0983 
 267 0.0038 0.0036 0.0147 0.0405 0.0440 0.0892 0.1449 0.2617 0.2313 0.1664 
 268 0.0037 0.0034 0.0140 0.0496 0.0445 0.0791 0.0775 0.4398 0.1765 0.1119 
 269 0.0040 0.0039 0.0144 0.0319 0.0783 0.0914 0.2097 0.2471 0.2248 0.0944 
 270 0.0050 0.0048 0.0187 0.0325 0.0513 0.1175 0.1738 0.3419 0.1161 0.1383 
 271 0.0041 0.0037 0.0140 0.0403 0.0601 0.1000 0.1068 0.3710 0.1341 0.1659 
 272 0.0050 0.0048 0.0163 0.0409 0.1347 0.0910 0.1075 0.3199 0.1408 0.1392 
 273 0.0200 0.0269 0.0414 0.0397 0.0710 0.1231 0.1338 0.2150 0.1844 0.1448 
 274 0.0041 0.0038 0.0151 0.0315 0.0764 0.0991 0.1310 0.3418 0.1530 0.1441 
 275 0.0070 0.0104 0.0354 0.0338 0.0695 0.0845 0.1405 0.3399 0.1514 0.1276 
 276 0.0051 0.0045 0.0164 0.0473 0.1096 0.0979 0.1003 0.3330 0.1244 0.1614 
 277 0.0041 0.0035 0.0157 0.0327 0.0578 0.0895 0.1587 0.2717 0.2476 0.1186 
 278 0.0038 0.0037 0.0126 0.0382 0.0560 0.0853 0.0907 0.4401 0.1350 0.1346 
 279 0.0041 0.0034 0.0145 0.0327 0.0587 0.0884 0.1277 0.3424 0.1847 0.1433 
 280 0.0038 0.0036 0.0134 0.0428 0.0876 0.0843 0.1564 0.3008 0.1863 0.1211 
 281 0.0040 0.0037 0.0150 0.0334 0.0615 0.1214 0.1070 0.3494 0.1524 0.1522 
 282 0.0037 0.0037 0.0152 0.0314 0.0492 0.0851 0.1387 0.1847 0.3838 0.1046 
 283 0.0038 0.0040 0.0191 0.0388 0.0404 0.0880 0.0948 0.2164 0.4082 0.0866 
 284 0.0038 0.0048 0.0250 0.0400 0.0508 0.1056 0.1263 0.2547 0.2398 0.1492 
 285 0.0038 0.0037 0.0109 0.0493 0.0667 0.1039 0.1018 0.4113 0.0787 0.1698 
 286 0.0039 0.0041 0.0148 0.0329 0.0391 0.0684 0.0825 0.3699 0.2850 0.0995 
 287 0.0042 0.0038 0.0169 0.0311 0.0805 0.1239 0.1391 0.2734 0.2078 0.1193 
 288 0.0049 0.0048 0.0153 0.0307 0.1040 0.0914 0.1164 0.3905 0.1290 0.1130 
 289 0.0065 0.0076 0.0229 0.0406 0.0677 0.1183 0.1182 0.3828 0.1144 0.1210 
 290 0.0054 0.0044 0.0147 0.0815 0.0587 0.0848 0.1596 0.2802 0.1609 0.1499 
 291 0.0039 0.0037 0.0140 0.0400 0.0600 0.0995 0.1071 0.3705 0.1351 0.1661 
 292 0.0039 0.0037 0.0138 0.0758 0.0921 0.0763 0.1283 0.2950 0.2014 0.1097 
 293 0.0045 0.0038 0.0119 0.0718 0.0627 0.0890 0.2152 0.2332 0.1224 0.1856 
 294 0.0055 0.0046 0.0119 0.0417 0.0442 0.0851 0.1242 0.4909 0.0998 0.0922 
 295 0.0050 0.0064 0.0350 0.0625 0.1016 0.1031 0.1208 0.2842 0.1176 0.1639 
 296 0.0037 0.0039 0.0130 0.0341 0.0545 0.1028 0.0795 0.4625 0.1270 0.1190 
 297 0.0040 0.0040 0.0136 0.0386 0.0852 0.0950 0.1683 0.3317 0.1413 0.1183 
 298 0.0039 0.0038 0.0171 0.0304 0.0485 0.1007 0.1499 0.2304 0.3110 0.1042 
 299 0.0054 0.0047 0.0131 0.0300 0.0388 0.0913 0.1741 0.4225 0.1305 0.0897 
 300 0.0039 0.0037 0.0117 0.0399 0.0546 0.0777 0.0924 0.5017 0.0950 0.1193 
 301 0.0050 0.0046 0.0189 0.0305 0.0606 0.0937 0.2112 0.3282 0.1167 0.1305 
 302 0.0056 0.0057 0.0189 0.0545 0.0469 0.0795 0.1189 0.4624 0.1031 0.1044 
 303 0.0040 0.0045 0.0153 0.0466 0.0565 0.0756 0.1146 0.2981 0.2791 0.1056 
 304 0.0051 0.0050 0.0261 0.0309 0.0438 0.1279 0.2042 0.1235 0.3083 0.1253 
 305 0.0040 0.0052 0.0230 0.0426 0.0484 0.0635 0.0808 0.4714 0.1662 0.0949 
 306 0.0040 0.0036 0.0185 0.0392 0.0600 0.0770 0.1162 0.2776 0.3020 0.1019 
 307 0.0046 0.0043 0.0196 0.0372 0.0591 0.0905 0.1312 0.2894 0.2222 0.1418 
 308 0.0037 0.0036 0.0148 0.0545 0.0503 0.0737 0.1105 0.3141 0.2750 0.0997 
 309 0.0141 0.0309 0.0261 0.0422 0.0456 0.1026 0.0921 0.4239 0.1150 0.1074 
 310 0.0036 0.0033 0.0143 0.0416 0.0388 0.0670 0.0805 0.4294 0.2123 0.1092 
 311 0.0041 0.0044 0.0162 0.0312 0.0394 0.0764 0.0856 0.4151 0.2285 0.0991 
 312 0.0036 0.0038 0.0130 0.0332 0.0387 0.0855 0.0761 0.5301 0.1148 0.1013 
 313 0.0036 0.0040 0.0126 0.0573 0.0478 0.0785 0.0821 0.5073 0.0921 0.1146 
 314 0.0043 0.0083 0.1069 0.0706 0.0498 0.0623 0.0829 0.1192 0.4061 0.0897 
 315 0.0039 0.0077 0.1198 0.0630 0.0785 0.0689 0.0878 0.1042 0.3800 0.0863 
 316 0.0059 0.0143 0.2125 0.0352 0.0915 0.0727 0.0977 0.0875 0.2912 0.0916 
 317 0.0046 0.0079 0.1142 0.0372 0.0521 0.0638 0.0862 0.0943 0.4460 0.0937 
 318 0.0043 0.0127 0.2351 0.0270 0.0505 0.0644 0.0935 0.0786 0.3464 0.0875 
 319 0.0039 0.0033 0.0177 0.0334 0.0451 0.0625 0.0793 0.0991 0.5594 0.0964 
 320 0.0045 0.0085 0.1065 0.0707 0.0494 0.0626 0.0839 0.1195 0.4049 0.0896 
 321 0.0045 0.0143 0.1980 0.0361 0.0518 0.0641 0.0950 0.0889 0.3510 0.0961 
 322 0.0064 0.0092 0.0868 0.0554 0.0951 0.0731 0.0907 0.1104 0.3747 0.0982 
 323 0.0104 0.0118 0.0982 0.0277 0.0485 0.0645 0.0928 0.0890 0.4668 0.0904 
 324 0.0045 0.0138 0.1986 0.0361 0.0519 0.0647 0.0938 0.0894 0.3511 0.0961 
 325 0.0040 0.0172 0.2606 0.0329 0.0854 0.0702 0.0917 0.0832 0.2665 0.0882 
 326 0.0053 0.0652 0.3169 0.0327 0.0786 0.0699 0.0889 0.0822 0.1718 0.0886 
 327 0.0045 0.0080 0.1140 0.0372 0.0520 0.0638 0.0875 0.0935 0.4465 0.0930 
 328 0.0041 0.0078 0.1050 0.0448 0.0883 0.0721 0.0933 0.1103 0.3710 0.1032 
 329 0.0039 0.0041 0.0372 0.0279 0.0467 0.0641 0.0908 0.0783 0.5590 0.0879 
 330 0.0044 0.0079 0.1140 0.0373 0.0520 0.0642 0.0870 0.0943 0.4449 0.0940 
 331 0.0043 0.0053 0.1007 0.0269 0.0476 0.0634 0.0894 0.0904 0.4803 0.0918 
 332 0.0064 0.0644 0.3118 0.0322 0.0795 0.0708 0.0927 0.0820 0.1723 0.0879 
 333 0.0061 0.0469 0.2372 0.0338 0.0823 0.0710 0.0883 0.1029 0.2360 0.0954 
 334 0.0042 0.0077 0.1048 0.0446 0.0897 0.0715 0.0924 0.1105 0.3720 0.1026 
 335 0.0040 0.0050 0.0547 0.0491 0.0837 0.0708 0.0855 0.0965 0.4586 0.0922 
 336 0.0067 0.0589 0.2803 0.0489 0.0477 0.0640 0.0910 0.1010 0.2171 0.0843 
 337 0.0040 0.0187 0.2223 0.0451 0.0883 0.0706 0.0931 0.0951 0.2643 0.0984 
 338 0.0043 0.0521 0.3065 0.0267 0.0488 0.0649 0.0941 0.0799 0.2338 0.0888 
 339 0.0040 0.0056 0.1040 0.0265 0.0479 0.0641 0.0900 0.0900 0.4763 0.0914 
 340 0.0041 0.0043 0.0423 0.0276 0.0448 0.0618 0.0797 0.0916 0.5570 0.0868 
 341 0.0092 0.0288 0.1350 0.0289 0.0490 0.0651 0.0884 0.0912 0.4076 0.0968 
 342 0.0045 0.0075 0.1155 0.0372 0.0520 0.0642 0.0868 0.0942 0.4446 0.0935 
 343 0.0094 0.0167 0.0960 0.0950 0.0786 0.0706 0.0916 0.1136 0.3381 0.0903 
 344 0.0040 0.0060 0.1003 0.0272 0.0467 0.0639 0.0904 0.0782 0.4964 0.0869 
 345 0.0046 0.0075 0.1157 0.0373 0.0517 0.0640 0.0867 0.0945 0.4449 0.0932 
 346 0.0047 0.0076 0.1362 0.0289 0.0508 0.0638 0.0851 0.0850 0.4512 0.0868 
 347 0.0040 0.0041 0.0437 0.0277 0.0446 0.0632 0.0804 0.0805 0.5684 0.0835 
 348 0.0039 0.0054 0.0488 0.0962 0.0746 0.0682 0.0799 0.1218 0.4136 0.0877 
 349 0.0046 0.0075 0.1155 0.0369 0.0516 0.0639 0.0860 0.0944 0.4459 0.0936 
 350 0.0039 0.0046 0.0304 0.0449 0.0454 0.0623 0.0862 0.1156 0.5122 0.0946 
 351 0.0042 0.0050 0.0540 0.0486 0.0847 0.0706 0.0849 0.0957 0.4601 0.0922 
 352 0.0045 0.0099 0.1332 0.0499 0.0919 0.0707 0.0877 0.1031 0.3531 0.0961 
 353 0.0068 0.0581 0.2802 0.0491 0.0477 0.0634 0.0904 0.1006 0.2194 0.0843 
 354 0.0064 0.0092 0.1083 0.0287 0.0495 0.0664 0.0948 0.0835 0.4627 0.0906 
 355 0.0043 0.0138 0.2360 0.0273 0.0506 0.0646 0.0932 0.0791 0.3438 0.0872 
 356 0.0035 0.0039 0.0315 0.1020 0.0756 0.0674 0.0793 0.1179 0.4316 0.0872 
 357 0.0039 0.0041 0.0224 0.0345 0.1300 0.0842 0.1740 0.0967 0.3440 0.1064 
 358 0.0041 0.0394 0.2449 0.0334 0.0780 0.0706 0.0920 0.0823 0.2657 0.0897 
 359 0.0042 0.0309 0.2228 0.0270 0.0485 0.0644 0.0915 0.0938 0.3242 0.0926 
 360 0.0044 0.0079 0.1374 0.0293 0.0500 0.0632 0.0857 0.0853 0.4503 0.0867 
 361 0.0040 0.0036 0.0220 0.0468 0.1303 0.0844 0.1752 0.1136 0.3021 0.1178 
 362 0.0044 0.0064 0.0247 0.0362 0.1674 0.1760 0.1377 0.2404 0.1036 0.1031 
 363 0.0061 0.0065 0.0157 0.0428 0.1097 0.2599 0.1941 0.1523 0.0866 0.1262 
 364 0.0101 0.0076 0.0246 0.0435 0.0665 0.1017 0.2643 0.1202 0.2015 0.1601 
 365 0.0121 0.0084 0.0163 0.0401 0.1258 0.1317 0.2427 0.1064 0.0950 0.2215 
 366 0.0051 0.0060 0.0174 0.0893 0.1107 0.0871 0.2094 0.1959 0.1431 0.1359 
 367 0.0042 0.0062 0.0117 0.0307 0.1172 0.4479 0.1160 0.0823 0.0765 0.1075 
 368 0.0042 0.0036 0.0154 0.0289 0.0692 0.1703 0.1708 0.1691 0.1122 0.2563 
 369 0.0055 0.0066 0.0453 0.1626 0.0557 0.0989 0.2158 0.1540 0.1370 0.1185 
 370 0.0091 0.0197 0.0332 0.0367 0.0635 0.1858 0.1676 0.1827 0.1085 0.1933 
 371 0.0080 0.0108 0.0317 0.0471 0.0514 0.1067 0.2888 0.1914 0.1213 0.1427 
 372 0.0285 0.0282 0.0311 0.0389 0.0643 0.1613 0.1113 0.2367 0.1242 0.1755 
 373 0.0048 0.0041 0.0167 0.0400 0.0619 0.2848 0.1578 0.1278 0.1598 0.1423 
 374 0.0057 0.0061 0.0381 0.0415 0.0931 0.1156 0.1605 0.1416 0.1965 0.2014 
 375 0.0114 0.0087 0.0166 0.0309 0.0636 0.2075 0.2954 0.1134 0.0873 0.1654 
 376 0.0824 0.0071 0.0149 0.0350 0.1349 0.1718 0.2731 0.0777 0.0850 0.1181 
 377 0.0059 0.0079 0.0290 0.0390 0.1258 0.1199 0.1759 0.1816 0.1065 0.2085 
 378 0.0047 0.0056 0.0347 0.0369 0.0644 0.3047 0.0922 0.1253 0.1881 0.1432 
 379 0.1485 0.0146 0.0148 0.0391 0.1036 0.1881 0.2154 0.0933 0.0759 0.1069 
 380 0.0087 0.0077 0.0230 0.0706 0.2036 0.0834 0.1960 0.1236 0.1642 0.1191 
 381 0.0064 0.0053 0.0169 0.1159 0.0772 0.0746 0.3417 0.1116 0.1373 0.1131 
 382 0.0040 0.0044 0.0198 0.0271 0.0836 0.2153 0.3300 0.0999 0.0939 0.1219 
 383 0.0099 0.0489 0.1347 0.0337 0.1684 0.0783 0.2039 0.1107 0.1063 0.1052 
 384 0.0311 0.0318 0.0529 0.0349 0.0677 0.1387 0.2853 0.0918 0.1313 0.1345 
 385 0.0054 0.0248 0.1127 0.0282 0.0539 0.0878 0.1745 0.0907 0.1238 0.2983 
 386 0.0038 0.0035 0.0124 0.0350 0.1333 0.2676 0.2063 0.1161 0.0901 0.1319 
 387 0.0040 0.0039 0.0121 0.0377 0.1182 0.2244 0.2135 0.0984 0.1068 0.1809 
 388 0.0104 0.0090 0.0284 0.0312 0.0703 0.1069 0.1772 0.1088 0.1985 0.2595 
 389 0.0090 0.0120 0.0246 0.0602 0.0525 0.1079 0.1255 0.2096 0.0930 0.3056 
 390 0.0159 0.0224 0.0197 0.0953 0.1309 0.2682 0.1178 0.1089 0.0835 0.1374 
 391 0.0095 0.0110 0.0210 0.0565 0.0877 0.1339 0.1022 0.1311 0.1230 0.3241 
 392 0.0057 0.0040 0.0137 0.0388 0.1039 0.1908 0.2299 0.1250 0.1635 0.1248 
 393 0.0060 0.0051 0.0177 0.1415 0.2337 0.0907 0.1683 0.0821 0.1391 0.1156 
 394 0.0042 0.0051 0.0397 0.0329 0.1438 0.2000 0.1137 0.1244 0.2096 0.1266 
 395 0.0037 0.0037 0.0108 0.0478 0.1906 0.1582 0.1009 0.2550 0.1025 0.1268 
 396 0.0043 0.0035 0.0112 0.0277 0.0627 0.2543 0.2533 0.1152 0.0783 0.1894 
 397 0.0427 0.0045 0.0152 0.0347 0.0491 0.0916 0.2485 0.2419 0.1651 0.1068 
 398 0.0343 0.0044 0.0127 0.0352 0.2536 0.2699 0.1104 0.0878 0.0828 0.1088 
 399 0.0042 0.0057 0.0207 0.0423 0.0947 0.3710 0.0937 0.1307 0.0918 0.1452 
 400 0.0048 0.0037 0.0160 0.0421 0.0729 0.2899 0.2173 0.0946 0.1220 0.1366 
 401 0.0041 0.0038 0.0136 0.0586 0.0845 0.3392 0.0835 0.1313 0.1312 0.1502 
 402 0.0054 0.0043 0.0154 0.0864 0.0683 0.1951 0.1975 0.1196 0.1269 0.1809 
 403 0.0053 0.0050 0.0165 0.0417 0.0813 0.0980 0.1443 0.1184 0.2962 0.1936 
 404 0.0055 0.0048 0.0141 0.0398 0.0628 0.1167 0.2313 0.1486 0.1470 0.2293 
 405 0.0038 0.0038 0.0146 0.0431 0.1729 0.1223 0.1895 0.1705 0.1259 0.1536 
 406 0.0038 0.0039 0.0157 0.0712 0.3015 0.0861 0.0937 0.1598 0.1699 0.0944 
 407 0.0038 0.0035 0.0111 0.0353 0.2384 0.1466 0.2389 0.1019 0.0782 0.1423 
 408 0.0036 0.0037 0.0106 0.0593 0.0580 0.3528 0.0781 0.2302 0.0715 0.1321 
 409 0.0078 0.0098 0.0459 0.1685 0.1471 0.0973 0.1062 0.1062 0.1930 0.1182 
 410 0.0655 0.0086 0.0204 0.0472 0.0936 0.2281 0.1447 0.1144 0.1251 0.1523 
 411 0.0090 0.0076 0.0453 0.0809 0.0696 0.1439 0.3145 0.0912 0.1279 0.1100 
 412 0.0042 0.0039 0.0151 0.0288 0.0733 0.2223 0.2154 0.1650 0.1051 0.1669 
 413 0.0042 0.0049 0.0327 0.0283 0.0870 0.2414 0.1370 0.1536 0.1683 0.1425 
 414 0.0040 0.0066 0.0174 0.0267 0.0606 0.2612 0.1974 0.1690 0.0739 0.1831 
 415 0.0043 0.0039 0.0139 0.0638 0.1478 0.1779 0.2222 0.1373 0.0978 0.1311 
 416 0.0051 0.0046 0.0148 0.0969 0.0752 0.2126 0.1441 0.1230 0.1309 0.1927 
 417 0.0048 0.0054 0.0195 0.0371 0.2698 0.1973 0.1488 0.1052 0.0867 0.1254 
 418 0.0051 0.0039 0.0129 0.0269 0.0648 0.3542 0.1795 0.1015 0.0904 0.1608 
 419 0.0093 0.0097 0.0206 0.0611 0.0892 0.1536 0.1474 0.1164 0.2001 0.1924 
 420 0.0036 0.0035 0.0122 0.1096 0.0764 0.3536 0.0840 0.1521 0.0849 0.1201 
 421 0.0053 0.0055 0.0210 0.0374 0.1443 0.2518 0.1250 0.1407 0.0892 0.1797 
 422 0.0048 0.0037 0.0126 0.0464 0.2131 0.1136 0.1068 0.2505 0.0948 0.1536 
 423 0.0057 0.0045 0.0118 0.0381 0.1583 0.1779 0.2050 0.1502 0.1286 0.1198 
 424 0.0062 0.0098 0.0203 0.0937 0.1758 0.2024 0.1033 0.0935 0.1230 0.1719 
 425 0.0139 0.0101 0.0172 0.0366 0.0689 0.1219 0.2331 0.1066 0.1427 0.2490 
 426 0.0218 0.0252 0.0385 0.0379 0.1370 0.2063 0.1428 0.1029 0.1264 0.1611 
 427 0.0044 0.0054 0.0327 0.0339 0.2553 0.2363 0.1151 0.0835 0.1392 0.0942 
 428 0.0148 0.0055 0.0158 0.0480 0.2826 0.0941 0.0984 0.1452 0.1684 0.1270 
 429 0.0047 0.0039 0.0117 0.0305 0.1192 0.3303 0.2378 0.0891 0.0759 0.0969 
 430 0.0043 0.0043 0.0141 0.0572 0.3161 0.1309 0.1483 0.1096 0.0851 0.1300 
 431 0.0080 0.0141 0.0260 0.0293 0.1049 0.2108 0.1410 0.1579 0.1306 0.1774 
 432 0.0045 0.0037 0.0155 0.0305 0.0773 0.1985 0.1632 0.1562 0.1179 0.2326 
 433 0.0066 0.0054 0.0278 0.0406 0.0566 0.1242 0.1390 0.1673 0.2748 0.1577 
 434 0.0044 0.0040 0.0180 0.0531 0.0765 0.1092 0.2532 0.1817 0.1300 0.1701 
 435 0.0039 0.0034 0.0117 0.0327 0.4147 0.1529 0.1057 0.0829 0.0801 0.1120 
 436 0.0055 0.0042 0.0162 0.0519 0.3133 0.1948 0.1377 0.0696 0.1110 0.0958 
 437 0.0051 0.0037 0.0136 0.0310 0.1264 0.1174 0.3993 0.0941 0.0885 0.1209 
 438 0.0045 0.0044 0.0184 0.0840 0.3483 0.1257 0.0773 0.1091 0.1086 0.1196 
 439 0.0039 0.0036 0.0150 0.0520 0.3954 0.1338 0.1152 0.0677 0.0961 0.1172 
 440 0.0036 0.0037 0.0105 0.0330 0.3264 0.2300 0.1332 0.0800 0.0708 0.1088 
 441 0.0041 0.0040 0.0193 0.0643 0.2557 0.1137 0.1604 0.0868 0.1282 0.1634 
 442 0.0051 0.0041 0.0125 0.0465 0.0933 0.1850 0.2059 0.1032 0.0850 0.2596 
 443 0.0039 0.0041 0.0118 0.1120 0.1407 0.3176 0.0945 0.1078 0.0764 0.1311 
 444 0.0048 0.0044 0.0130 0.0546 0.1653 0.1580 0.1968 0.0977 0.0849 0.2205 
 445 0.0334 0.0052 0.0179 0.1822 0.1692 0.1002 0.1345 0.1049 0.1353 0.1171 
 446 0.0410 0.0053 0.0151 0.0376 0.2762 0.2579 0.1029 0.0655 0.0870 0.1115 
 447 0.0047 0.0040 0.0150 0.0508 0.2659 0.0965 0.0935 0.0835 0.1254 0.2608 
 448 0.0042 0.0036 0.0133 0.0384 0.2156 0.1529 0.1861 0.0960 0.0903 0.1996 
 449 0.0041 0.0037 0.0141 0.0389 0.2089 0.1264 0.1881 0.1035 0.1201 0.1922 
 450 0.0056 0.0039 0.0164 0.0436 0.0869 0.1367 0.3294 0.0668 0.1303 0.1804 
 451 0.0041 0.0040 0.0112 0.0322 0.1259 0.3390 0.1278 0.1065 0.0719 0.1775 
 452 0.0045 0.0036 0.0145 0.0340 0.1357 0.2278 0.2390 0.0785 0.1302 0.1321 
 453 0.0038 0.0041 0.0149 0.2069 0.0877 0.1404 0.0942 0.1691 0.0980 0.1809 
 454 0.0040 0.0051 0.0273 0.0388 0.2207 0.1649 0.2002 0.1093 0.1191 0.1107 
 455 0.0040 0.0043 0.0132 0.0721 0.4058 0.1294 0.1041 0.0752 0.0796 0.1124 
 456 0.0048 0.0040 0.0121 0.0999 0.2115 0.1628 0.1688 0.1131 0.0804 0.1425 
 457 0.0045 0.0035 0.0139 0.0351 0.2299 0.0995 0.2868 0.0811 0.0932 0.1524 
 458 0.0381 0.0050 0.0154 0.0629 0.2366 0.1820 0.1503 0.0859 0.0949 0.1289 
 459 0.0041 0.0041 0.0188 0.0708 0.2670 0.1946 0.0997 0.0617 0.1458 0.1335 
 460 0.0039 0.0039 0.0135 0.0533 0.2440 0.3094 0.1030 0.0693 0.0824 0.1173 
 461 0.0052 0.0038 0.0136 0.0375 0.0949 0.4220 0.1406 0.0631 0.0881 0.1311 
 462 0.0067 0.0082 0.0126 0.1463 0.1183 0.1224 0.1886 0.1144 0.0660 0.2164 
 463 0.0037 0.0041 0.0145 0.1526 0.2811 0.0887 0.0959 0.1632 0.0932 0.1029 
 464 0.0036 0.0038 0.0120 0.0698 0.2259 0.3018 0.0905 0.0874 0.0802 0.1250 
 465 0.0053 0.0042 0.0145 0.0659 0.1602 0.2317 0.1174 0.1038 0.0898 0.2071 
 466 0.0037 0.0038 0.0119 0.0908 0.2218 0.2052 0.0927 0.1369 0.0805 0.1527 
 467 0.0045 0.0050 0.0168 0.1510 0.1728 0.1420 0.1437 0.1303 0.1013 0.1327 
 468 0.0041 0.0039 0.0115 0.0625 0.3548 0.0887 0.1868 0.0913 0.0796 0.1168 
 469 0.0037 0.0035 0.0130 0.0444 0.4977 0.0900 0.0972 0.0604 0.0819 0.1082 
 470 0.0037 0.0033 0.0123 0.0309 0.4212 0.1875 0.0870 0.0697 0.0825 0.1018 
 471 0.0046 0.0041 0.0120 0.1055 0.0893 0.2207 0.1454 0.1309 0.0879 0.1994 
 472 0.0045 0.0042 0.0129 0.1186 0.1054 0.1375 0.2066 0.1099 0.0842 0.2161 
 473 0.0042 0.0038 0.0165 0.0416 0.2152 0.1119 0.2008 0.1304 0.1162 0.1594 
 474 0.0041 0.0041 0.0137 0.0720 0.1228 0.2176 0.2189 0.1013 0.1215 0.1241 
 475 0.0043 0.0038 0.0190 0.0448 0.1404 0.2409 0.1147 0.1071 0.1355 0.1895 
 476 0.0051 0.0042 0.0141 0.0978 0.1460 0.1699 0.2872 0.0805 0.0901 0.1052 
 477 0.0049 0.0045 0.0180 0.0740 0.1731 0.2097 0.1133 0.0763 0.1096 0.2164 
 478 0.0055 0.0046 0.0140 0.0431 0.1306 0.3769 0.0813 0.0653 0.0810 0.1977 
 479 0.0040 0.0035 0.0121 0.0329 0.2969 0.2083 0.1680 0.0698 0.0804 0.1241 
 480 0.0045 0.0037 0.0134 0.0346 0.2362 0.1566 0.2880 0.0750 0.0896 0.0983 
 481 0.0042 0.0033 0.0109 0.0358 0.0905 0.1427 0.1872 0.1427 0.0840 0.2987 
 482 0.0046 0.0035 0.0120 0.0314 0.1577 0.2901 0.2457 0.0730 0.0816 0.1003 
 483 0.0045 0.0041 0.0157 0.0384 0.3888 0.1519 0.1121 0.0683 0.0969 0.1194 
 484 0.0043 0.0040 0.0139 0.0977 0.3450 0.0877 0.0918 0.1133 0.0871 0.1552 
 485 0.0043 0.0040 0.0136 0.0354 0.4627 0.1507 0.0888 0.0693 0.0800 0.0912 
 486 0.0063 0.0056 0.0163 0.0610 0.0610 0.1673 0.1425 0.2288 0.1006 0.2106 
 487 0.0060 0.0045 0.0194 0.0474 0.0687 0.1103 0.1854 0.1141 0.1706 0.2735 
 488 0.0058 0.0056 0.0165 0.0366 0.0623 0.1270 0.1305 0.1209 0.1618 0.3330 
 489 0.0057 0.0060 0.0311 0.0879 0.0477 0.0850 0.2592 0.1681 0.1586 0.1507 
 490 0.0047 0.0045 0.0117 0.0719 0.0711 0.2540 0.1562 0.1345 0.0787 0.2128 
 491 0.0050 0.0046 0.0184 0.0408 0.0489 0.0752 0.1152 0.2498 0.1536 0.2884 
 492 0.0041 0.0053 0.0168 0.0740 0.0530 0.1521 0.1011 0.1209 0.2731 0.1997 
 493 0.0070 0.0148 0.0158 0.0402 0.0511 0.1122 0.1804 0.1596 0.1352 0.2838 
 494 0.0111 0.0049 0.0161 0.0418 0.0701 0.0986 0.1447 0.1718 0.1511 0.2898 
 495 0.0119 0.0209 0.0170 0.0846 0.0514 0.1482 0.1138 0.0876 0.1866 0.2780 
 496 0.0043 0.0048 0.0327 0.0704 0.0613 0.1061 0.1350 0.2102 0.2565 0.1186 
 497 0.0090 0.0151 0.0231 0.0357 0.0502 0.0714 0.1510 0.1860 0.1560 0.3026 
 498 0.0069 0.0194 0.0279 0.0847 0.0579 0.1295 0.1641 0.1419 0.1128 0.2548 
 499 0.0102 0.0058 0.0227 0.0467 0.0613 0.0881 0.1626 0.1693 0.2165 0.2170 
 500 0.0083 0.0047 0.0128 0.0353 0.0765 0.1018 0.2728 0.1941 0.1228 0.1709 
 501 0.0064 0.0039 0.0165 0.0342 0.0660 0.1402 0.1975 0.1221 0.2265 0.1866 
 502 0.0049 0.0039 0.0178 0.0308 0.0585 0.1230 0.1152 0.0858 0.2624 0.2977 
 503 0.0047 0.0038 0.0125 0.0362 0.0903 0.1267 0.2923 0.1198 0.1055 0.2083 
 504 0.0054 0.0045 0.0150 0.0498 0.0603 0.1463 0.1174 0.1157 0.1038 0.3819 
 505 0.0055 0.0045 0.0191 0.0488 0.0636 0.1143 0.1117 0.2495 0.1574 0.2255 
 506 0.0047 0.0041 0.0171 0.0381 0.0496 0.1668 0.1081 0.1521 0.2211 0.2382 
 507 0.0049 0.0041 0.0207 0.0699 0.0488 0.0696 0.0946 0.2285 0.3585 0.1003 
 508 0.0084 0.0065 0.0427 0.0806 0.0462 0.0822 0.0826 0.1466 0.3653 0.1388 
 509 0.0049 0.0040 0.0136 0.0532 0.0613 0.1003 0.1091 0.2406 0.2128 0.2002 
 510 0.0086 0.0046 0.0190 0.0411 0.0479 0.1156 0.2290 0.1103 0.2800 0.1439 
 511 0.0070 0.0049 0.0148 0.0462 0.1006 0.2279 0.1638 0.1516 0.1099 0.1734 
 512 0.0049 0.0037 0.0110 0.0291 0.0702 0.2615 0.2591 0.1142 0.0861 0.1601 
 513 0.0065 0.0306 0.0191 0.0728 0.0379 0.0890 0.0694 0.1713 0.1199 0.3834 
 514 0.0053 0.0050 0.0185 0.0359 0.0692 0.3270 0.1024 0.1373 0.1418 0.1575 
 515 0.0068 0.0045 0.0140 0.0596 0.1761 0.0950 0.1499 0.1157 0.2098 0.1688 
 516 0.0062 0.0084 0.0162 0.0521 0.0651 0.1773 0.1015 0.2018 0.1202 0.2512 
 517 0.0051 0.0041 0.0173 0.0699 0.1765 0.1652 0.0945 0.1611 0.1887 0.1176 
 518 0.0361 0.0051 0.0165 0.0309 0.0482 0.1009 0.2486 0.1869 0.2097 0.1172 
 519 0.0046 0.0068 0.0149 0.0402 0.0825 0.2829 0.1046 0.1151 0.1420 0.2064 
 520 0.0047 0.0040 0.0167 0.0629 0.2439 0.0825 0.0897 0.1535 0.2412 0.1010 
 521 0.0042 0.0217 0.1165 0.0354 0.0540 0.1635 0.0950 0.2311 0.1782 0.1003 
 522 0.0112 0.0053 0.0141 0.1296 0.1009 0.1339 0.2506 0.1149 0.1234 0.1162 
 523 0.0056 0.0069 0.0330 0.1418 0.1167 0.1408 0.0828 0.1871 0.1872 0.0982 
 524 0.0050 0.0041 0.0146 0.0413 0.3066 0.1245 0.0966 0.1383 0.1552 0.1137 
 525 0.0467 0.0049 0.0181 0.0508 0.1396 0.0919 0.1531 0.1608 0.2203 0.1138 
 526 0.0043 0.0037 0.0140 0.0709 0.3377 0.0773 0.0802 0.1971 0.1189 0.0960 
