   1 0.0643 0.1664 0.1781 0.3572 0.2340 
   2 0.0156 0.0434 0.0670 0.0559 0.8181 
   3 0.0603 0.4542 0.1045 0.2334 0.1476 
   4 0.0373 0.0599 0.1064 0.6561 0.1402 
   5 0.0167 0.0527 0.0714 0.0546 0.8046 
   6 0.0146 0.6066 0.0653 0.0632 0.2503 
   7 0.0123 0.1822 0.4028 0.0664 0.3363 
   8 0.0291 0.2330 0.1647 0.4035 0.1696 
   9 0.0362 0.2437 0.1829 0.1540 0.3831 
  10 0.0130 0.2451 0.1629 0.1978 0.3812 
  11 0.0143 0.1952 0.4941 0.0667 0.2298 
  12 0.0181 0.0536 0.0717 0.0767 0.7800 
  13 0.0189 0.0923 0.1105 0.0885 0.6898 
  14 0.0983 0.1348 0.0903 0.1700 0.5067 
  15 0.0336 0.1228 0.1397 0.2550 0.4489 
  16 0.0298 0.3908 0.1161 0.1003 0.3630 
  17 0.0260 0.1312 0.0902 0.0821 0.6704 
  18 0.0269 0.3301 0.0696 0.1274 0.4459 
  19 0.0141 0.2612 0.0990 0.0772 0.5485 
  20 0.0381 0.1457 0.1876 0.0996 0.5290 
  21 0.0526 0.1069 0.0859 0.2734 0.4812 
  22 0.0214 0.5162 0.0631 0.1195 0.2798 
  23 0.1712 0.0830 0.1486 0.3265 0.2706 
  24 0.0312 0.2071 0.0890 0.2426 0.4301 
  25 0.0232 0.1926 0.1689 0.0483 0.5670 
  26 0.0237 0.1312 0.0756 0.1347 0.6348 
  27 0.0433 0.1383 0.0950 0.1235 0.5999 
  28 0.0216 0.1491 0.2215 0.3843 0.2235 
  29 0.0312 0.0754 0.1716 0.0859 0.6358 
  30 0.0338 0.5229 0.0596 0.0939 0.2898 
  31 0.0348 0.1034 0.1232 0.1646 0.5740 
  32 0.0419 0.2200 0.1541 0.2701 0.3139 
  33 0.0923 0.3553 0.1991 0.2231 0.1301 
  34 0.0186 0.3022 0.4228 0.1011 0.1552 
  35 0.0855 0.2034 0.0785 0.0791 0.5536 
  36 0.4771 0.1993 0.0620 0.0860 0.1756 
  37 0.0395 0.0814 0.1159 0.2657 0.4975 
  38 0.1100 0.5733 0.1246 0.0508 0.1413 
  39 0.1024 0.3409 0.2036 0.0836 0.2696 
  40 0.3987 0.1057 0.0475 0.1880 0.2602 
  41 0.5018 0.2111 0.1205 0.0528 0.1138 
  42 0.3225 0.1241 0.0739 0.3755 0.1041 
  43 0.3606 0.0639 0.1283 0.1440 0.3032 
  44 0.5252 0.1867 0.0834 0.0502 0.1545 
  45 0.2447 0.1874 0.0915 0.0559 0.4205 
  46 0.0683 0.3215 0.1250 0.0654 0.4198 
  47 0.0306 0.2081 0.0936 0.1022 0.5655 
  48 0.5056 0.1776 0.0517 0.0559 0.2092 
  49 0.1138 0.2324 0.1329 0.1076 0.4133 
  50 0.0458 0.3179 0.2336 0.1197 0.2829 
  51 0.7947 0.0456 0.0401 0.0413 0.0783 
  52 0.1104 0.3362 0.2123 0.1112 0.2300 
  53 0.0525 0.6440 0.0986 0.0990 0.1058 
  54 0.0508 0.0430 0.0735 0.1066 0.7261 
  55 0.2562 0.0505 0.0761 0.0859 0.5313 
  56 0.1750 0.2656 0.0592 0.1153 0.3849 
  57 0.0143 0.1130 0.0955 0.1723 0.6048 
  58 0.1622 0.0891 0.0972 0.1086 0.5430 
  59 0.2352 0.2619 0.1103 0.0871 0.3055 
  60 0.4577 0.0758 0.0651 0.1722 0.2293 
  61 0.2302 0.0322 0.0804 0.1827 0.4745 
  62 0.0245 0.1878 0.0903 0.0745 0.6229 
  63 0.1799 0.0967 0.3262 0.1801 0.2171 
  64 0.0227 0.5148 0.0779 0.0584 0.3261 
  65 0.0260 0.0833 0.5384 0.0448 0.3075 
  66 0.0489 0.0517 0.1317 0.2346 0.5331 
  67 0.1927 0.0454 0.1182 0.0748 0.5689 
  68 0.2347 0.2471 0.1061 0.1111 0.3009 
  69 0.1142 0.3254 0.2725 0.1662 0.1218 
  70 0.5284 0.0892 0.1595 0.1120 0.1109 
  71 0.4513 0.1406 0.0932 0.0411 0.2738 
  72 0.1305 0.4049 0.1271 0.0756 0.2620 
  73 0.1448 0.0495 0.1103 0.0541 0.6414 
  74 0.2965 0.2874 0.0634 0.1829 0.1697 
  75 0.3935 0.1204 0.0423 0.2387 0.2051 
  76 0.2232 0.0780 0.3446 0.0911 0.2632 
  77 0.5018 0.1526 0.1393 0.0476 0.1587 
  78 0.4497 0.2584 0.1117 0.0561 0.1241 
  79 0.0120 0.1236 0.2739 0.0661 0.5245 
  80 0.0140 0.0637 0.1417 0.5703 0.2104 
  81 0.0118 0.0862 0.1934 0.4011 0.3075 
  82 0.0481 0.0531 0.1385 0.1459 0.6144 
  83 0.0295 0.1733 0.2259 0.3527 0.2185 
  84 0.0188 0.1283 0.3189 0.2777 0.2563 
  85 0.0255 0.1993 0.1102 0.3543 0.3108 
  86 0.0462 0.0688 0.1040 0.0677 0.7132 
  87 0.0258 0.0983 0.5141 0.0834 0.2784 
  88 0.0208 0.0588 0.2191 0.3323 0.3691 
  89 0.0157 0.0532 0.1273 0.3922 0.4116 
  90 0.0159 0.0665 0.4934 0.0843 0.3399 
  91 0.0272 0.1138 0.1077 0.5913 0.1600 
  92 0.0163 0.0806 0.1636 0.1143 0.6252 
  93 0.0148 0.0391 0.0489 0.7967 0.1005 
  94 0.0252 0.1341 0.6873 0.0664 0.0870 
  95 0.0183 0.0444 0.5354 0.1982 0.2038 
  96 0.3147 0.0355 0.0749 0.3037 0.2713 
  97 0.1838 0.1987 0.0500 0.2370 0.3305 
  98 0.2310 0.0987 0.0895 0.1482 0.4326 
  99 0.0158 0.0885 0.3518 0.2308 0.3131 
 100 0.0197 0.0315 0.0526 0.6330 0.2632 
 101 0.0483 0.0785 0.2766 0.1373 0.4593 
 102 0.0704 0.0788 0.2712 0.4374 0.1422 
 103 0.0351 0.0472 0.3432 0.2107 0.3638 
 104 0.0332 0.0507 0.6260 0.1036 0.1865 
 105 0.0371 0.0376 0.5164 0.1750 0.2339 
 106 0.0261 0.1412 0.6419 0.0356 0.1552 
 107 0.0341 0.0429 0.5212 0.1773 0.2246 
 108 0.4164 0.1331 0.0782 0.0572 0.3152 
 109 0.0373 0.1144 0.4231 0.0372 0.3879 
 110 0.0180 0.1135 0.7304 0.0401 0.0979 
 111 0.0189 0.0357 0.7620 0.0514 0.1321 
 112 0.0287 0.0490 0.7775 0.0400 0.1049 
 113 0.0535 0.1060 0.1469 0.1128 0.5808 
 114 0.0250 0.0467 0.6026 0.1305 0.1952 
 115 0.0822 0.0476 0.6537 0.0642 0.1522 
 116 0.1123 0.1570 0.3658 0.0411 0.3237 
 117 0.0236 0.0776 0.7506 0.0492 0.0991 
 118 0.0262 0.0434 0.1627 0.0529 0.7148 
 119 0.4089 0.0549 0.1262 0.2831 0.1269 
 120 0.0395 0.0543 0.6270 0.0727 0.2066 
 121 0.1272 0.0488 0.6530 0.0487 0.1224 
 122 0.0218 0.1118 0.6234 0.0492 0.1938 
 123 0.0300 0.0611 0.7049 0.0723 0.1316 
 124 0.0850 0.1823 0.5312 0.0559 0.1457 
 125 0.0527 0.2785 0.4678 0.0687 0.1323 
 126 0.0868 0.0984 0.5502 0.0894 0.1752 
 127 0.0223 0.0336 0.7553 0.0588 0.1301 
 128 0.0267 0.0383 0.1357 0.0555 0.7438 
 129 0.0277 0.0378 0.5530 0.0488 0.3326 
 130 0.0185 0.0508 0.5512 0.1410 0.2385 
 131 0.1323 0.2802 0.4399 0.0434 0.1043 
 132 0.0262 0.0922 0.5732 0.0411 0.2673 
 133 0.0396 0.0446 0.6554 0.0761 0.1843 
 134 0.0137 0.0662 0.7907 0.0298 0.0997 
 135 0.0856 0.0407 0.0494 0.4756 0.3488 
 136 0.0139 0.0482 0.0342 0.7161 0.1876 
 137 0.0133 0.0346 0.0796 0.7690 0.1035 
 138 0.0207 0.0434 0.0375 0.8078 0.0906 
 139 0.0758 0.0538 0.0526 0.3341 0.4837 
 140 0.0486 0.0761 0.0940 0.5226 0.2587 
 141 0.0200 0.0824 0.0406 0.6617 0.1953 
 142 0.1275 0.0379 0.0498 0.5289 0.2558 
 143 0.0138 0.0293 0.0326 0.8468 0.0776 
 144 0.0138 0.0313 0.0786 0.7754 0.1010 
 145 0.0279 0.0844 0.0425 0.4500 0.3952 
 146 0.0323 0.0726 0.1199 0.5499 0.2252 
 147 0.0116 0.0336 0.0327 0.8403 0.0818 
 148 0.0417 0.0542 0.0691 0.5772 0.2579 
 149 0.0320 0.0468 0.0391 0.7507 0.1313 
 150 0.0178 0.0424 0.1240 0.6096 0.2061 
 151 0.0169 0.0352 0.0466 0.7775 0.1238 
 152 0.0835 0.0831 0.0608 0.5223 0.2503 
 153 0.0337 0.0562 0.0546 0.7498 0.1057 
 154 0.0231 0.0459 0.0354 0.6950 0.2006 
 155 0.0160 0.0327 0.0453 0.8123 0.0936 
 156 0.0785 0.0293 0.0645 0.6946 0.1331 
 157 0.0194 0.0581 0.1596 0.6836 0.0793 
 158 0.0221 0.0903 0.0413 0.5433 0.3029 
 159 0.0113 0.0307 0.0338 0.8349 0.0893 
 160 0.0117 0.0327 0.0327 0.8046 0.1183 
 161 0.0273 0.0683 0.0660 0.6997 0.1387 
 162 0.0344 0.0749 0.0963 0.4298 0.3647 
 163 0.0223 0.0307 0.0429 0.8211 0.0830 
 164 0.0201 0.0570 0.0805 0.4381 0.4043 
 165 0.0172 0.0368 0.1165 0.6681 0.1614 
 166 0.0587 0.0833 0.1622 0.5907 0.1051 
 167 0.0182 0.0589 0.0592 0.6241 0.2396 
 168 0.0401 0.0809 0.0493 0.7248 0.1050 
 169 0.0370 0.3399 0.0380 0.3294 0.2557 
 170 0.0459 0.0355 0.0525 0.7242 0.1419 
 171 0.0388 0.0942 0.0666 0.5606 0.2398 
 172 0.1351 0.1595 0.0368 0.5331 0.1356 
 173 0.0144 0.0314 0.0339 0.7851 0.1352 
 174 0.0126 0.0391 0.0464 0.7933 0.1086 
 175 0.0196 0.0471 0.0321 0.7829 0.1183 
 176 0.0144 0.0311 0.0786 0.7776 0.0983 
 177 0.0301 0.1049 0.1789 0.5651 0.1210 
 178 0.0139 0.0652 0.0485 0.6959 0.1766 
 179 0.0121 0.0319 0.0327 0.8391 0.0843 
 180 0.0316 0.0671 0.0719 0.6111 0.2182 
 181 0.0316 0.0520 0.0420 0.5952 0.2792 
 182 0.0220 0.0289 0.0359 0.6892 0.2240 
 183 0.0149 0.0342 0.0349 0.8051 0.1108 
 184 0.0186 0.0598 0.0558 0.0568 0.8089 
 185 0.0727 0.0267 0.0370 0.7647 0.0989 
 186 0.0218 0.0550 0.1300 0.0620 0.7312 
 187 0.0236 0.0468 0.0646 0.2728 0.5922 
 188 0.0200 0.0444 0.0980 0.0462 0.7914 
 189 0.0367 0.2174 0.0622 0.3011 0.3825 
 190 0.3605 0.0236 0.0379 0.3295 0.2485 
 191 0.0151 0.0352 0.0460 0.0931 0.8106 
 192 0.0206 0.0581 0.1233 0.3241 0.4740 
 193 0.0302 0.0572 0.0563 0.2068 0.6495 
 194 0.0470 0.0512 0.1462 0.3290 0.4265 
 195 0.0480 0.0286 0.0402 0.5395 0.3437 
 196 0.1962 0.0373 0.0580 0.2442 0.4643 
 197 0.0312 0.0841 0.0914 0.1264 0.6668 
 198 0.0362 0.1016 0.1080 0.1798 0.5743 
 199 0.1308 0.0405 0.0536 0.1990 0.5761 
 200 0.1166 0.0597 0.0539 0.1787 0.5912 
 201 0.0382 0.0385 0.0502 0.6081 0.2650 
 202 0.0658 0.0287 0.0613 0.6364 0.2077 
 203 0.0254 0.0312 0.0461 0.5444 0.3529 
 204 0.0429 0.0266 0.0436 0.2223 0.6645 
 205 0.0446 0.0418 0.0502 0.1237 0.7396 
 206 0.0312 0.0313 0.0438 0.1664 0.7273 
 207 0.0441 0.0292 0.0579 0.0946 0.7741 
 208 0.0604 0.0329 0.0497 0.3509 0.5060 
 209 0.0262 0.0392 0.0522 0.1455 0.7370 
 210 0.0336 0.0334 0.0612 0.2399 0.6319 
 211 0.1814 0.0288 0.0969 0.2252 0.4677 
 212 0.0386 0.0520 0.0454 0.6159 0.2481 
 213 0.1656 0.0502 0.1901 0.1709 0.4232 
 214 0.0389 0.0372 0.0472 0.6277 0.2490 
 215 0.0343 0.0364 0.0528 0.0792 0.7973 
 216 0.0247 0.0711 0.0711 0.0819 0.7512 
 217 0.0526 0.0507 0.0412 0.4812 0.3742 
 218 0.0206 0.0398 0.0491 0.1328 0.7577 
 219 0.0210 0.1038 0.0592 0.2017 0.6143 
 220 0.0224 0.0285 0.0458 0.1022 0.8011 
 221 0.0689 0.0265 0.0323 0.7636 0.1087 
 222 0.0221 0.0997 0.0804 0.1242 0.6736 
 223 0.0297 0.0715 0.0711 0.3950 0.4327 
 224 0.0273 0.0346 0.0517 0.4223 0.4642 
 225 0.0473 0.0354 0.0542 0.2082 0.6549 
 226 0.0362 0.1601 0.0512 0.1576 0.5951 
 227 0.1009 0.0300 0.0638 0.2935 0.5118 
 228 0.1150 0.0269 0.0416 0.4490 0.3676 
 229 0.0163 0.0356 0.0584 0.4248 0.4650 
 230 0.0193 0.0308 0.0524 0.3392 0.5583 
 231 0.0167 0.0453 0.0458 0.2891 0.6031 
 232 0.0495 0.0605 0.0942 0.3302 0.4656 
 233 0.0279 0.0373 0.0463 0.6692 0.2193 
 234 0.0214 0.0732 0.0837 0.2126 0.6091 
 235 0.0477 0.0678 0.0519 0.2989 0.5337 
 236 0.0266 0.0542 0.0637 0.4545 0.4010 
 237 0.0385 0.0307 0.0489 0.1143 0.7675 
 238 0.0397 0.0461 0.0729 0.6118 0.2295 
 239 0.0469 0.0282 0.0410 0.5364 0.3476 
 240 0.0404 0.0464 0.0734 0.6096 0.2302 
 241 0.0357 0.0356 0.0425 0.6299 0.2564 
 242 0.0282 0.0694 0.0533 0.1973 0.6518 
 243 0.1923 0.0270 0.0458 0.2669 0.4678 
 244 0.0241 0.0321 0.0464 0.4787 0.4188 
 245 0.0338 0.0326 0.0482 0.7754 0.1101 
 246 0.0519 0.0506 0.0415 0.4828 0.3732 
 247 0.0658 0.0839 0.3652 0.0684 0.4166 
 248 0.0344 0.0351 0.0670 0.0612 0.8024 
 249 0.0287 0.0348 0.0579 0.4708 0.4078 
 250 0.0211 0.0453 0.0699 0.3280 0.5357 
 251 0.0382 0.1007 0.0679 0.1105 0.6826 
 252 0.0390 0.0436 0.0642 0.3069 0.5462 
 253 0.0610 0.0684 0.1002 0.1085 0.6618 
 254 0.0262 0.0650 0.0687 0.1325 0.7076 
 255 0.0223 0.0494 0.0566 0.1992 0.6724 
 256 0.0541 0.0414 0.0508 0.3892 0.4645 
 257 0.0385 0.0409 0.0714 0.2019 0.6473 
 258 0.0935 0.0505 0.0993 0.1422 0.6144 
 259 0.0287 0.0391 0.0697 0.1932 0.6693 
 260 0.0227 0.0981 0.0920 0.3433 0.4440 
 261 0.0606 0.0484 0.0577 0.4772 0.3563 
 262 0.1283 0.0345 0.0333 0.5104 0.2936 
 263 0.0269 0.0366 0.0506 0.0879 0.7980 
 264 0.0269 0.2962 0.0752 0.0466 0.5551 
 265 0.0299 0.0635 0.0515 0.1932 0.6619 
 266 0.0472 0.0266 0.0343 0.7659 0.1260 
 267 0.0309 0.0437 0.0626 0.2025 0.6603 
 268 0.1960 0.0368 0.0575 0.2431 0.4666 
 269 0.0237 0.1493 0.0593 0.2285 0.5393 
 270 0.0212 0.0566 0.0705 0.0857 0.7661 
 271 0.0549 0.0427 0.0670 0.1093 0.7259 
 272 0.0837 0.1091 0.0560 0.1185 0.6326 
 273 0.0484 0.1059 0.0846 0.2779 0.4832 
 274 0.0255 0.0647 0.0523 0.1292 0.7284 
 275 0.0344 0.0870 0.0491 0.1727 0.6569 
 276 0.0909 0.0916 0.0611 0.0947 0.6616 
 277 0.0262 0.0716 0.0687 0.3150 0.5184 
 278 0.0658 0.0379 0.0494 0.1073 0.7397 
 279 0.0278 0.0530 0.0593 0.2136 0.6463 
 280 0.0449 0.1031 0.0537 0.1568 0.6415 
 281 0.0271 0.0472 0.0697 0.1391 0.7170 
 282 0.0216 0.0696 0.0712 0.5382 0.2994 
 283 0.0249 0.0400 0.0659 0.6009 0.2683 
 284 0.0449 0.0558 0.1269 0.3415 0.4309 
 285 0.0700 0.0463 0.0756 0.0433 0.7648 
 286 0.0242 0.0324 0.0452 0.4793 0.4190 
 287 0.0227 0.0860 0.0612 0.1813 0.6488 
 288 0.0333 0.0956 0.0493 0.1071 0.7148 
 289 0.0683 0.0844 0.1068 0.1307 0.6098 
 290 0.1538 0.1568 0.0802 0.1663 0.4429 
 291 0.0535 0.0429 0.0666 0.1089 0.7281 
 292 0.1049 0.0945 0.0512 0.2412 0.5083 
 293 0.1596 0.2439 0.0876 0.0905 0.4185 
 294 0.0348 0.0399 0.0476 0.0741 0.8035 
 295 0.0701 0.1035 0.0746 0.1644 0.5873 
 296 0.0334 0.0344 0.0528 0.1060 0.7733 
 297 0.0276 0.0963 0.0565 0.0910 0.7286 
 298 0.0176 0.0578 0.0828 0.4048 0.4369 
 299 0.0173 0.0427 0.0548 0.0846 0.8005 
 300 0.0330 0.0399 0.0511 0.0708 0.8052 
 301 0.0206 0.0793 0.0556 0.0789 0.7657 
 302 0.0660 0.0408 0.0488 0.0854 0.7590 
 303 0.0360 0.0547 0.0589 0.4287 0.4217 
 304 0.0201 0.1133 0.1215 0.4224 0.3227 
 305 0.0436 0.0358 0.0366 0.3314 0.5526 
 306 0.0408 0.0689 0.0461 0.4620 0.3822 
 307 0.0332 0.0574 0.0734 0.2780 0.5580 
 308 0.0571 0.0477 0.0577 0.4743 0.3633 
 309 0.0700 0.0456 0.0944 0.1140 0.6760 
 310 0.0727 0.0328 0.0449 0.4037 0.4458 
 311 0.0197 0.0309 0.0536 0.3372 0.5586 
 312 0.0380 0.0290 0.0692 0.1167 0.7470 
 313 0.1204 0.0301 0.0566 0.0703 0.7226 
 314 0.0210 0.0318 0.0321 0.8438 0.0714 
 315 0.0307 0.0475 0.0415 0.8131 0.0672 
 316 0.0231 0.0629 0.0449 0.7919 0.0772 
 317 0.0124 0.0336 0.0315 0.8533 0.0691 
 318 0.0103 0.0359 0.0322 0.8559 0.0656 
 319 0.0137 0.0298 0.0320 0.8339 0.0906 
 320 0.0217 0.0308 0.0320 0.8452 0.0705 
 321 0.0118 0.0374 0.0329 0.8474 0.0705 
 322 0.0343 0.0549 0.0457 0.7812 0.0838 
 323 0.0111 0.0345 0.0325 0.8498 0.0722 
 324 0.0119 0.0372 0.0328 0.8476 0.0706 
 325 0.0183 0.0639 0.0418 0.8100 0.0661 
 326 0.0211 0.0652 0.0423 0.8083 0.0631 
 327 0.0131 0.0332 0.0319 0.8521 0.0696 
 328 0.0236 0.0542 0.0431 0.8013 0.0778 
 329 0.0105 0.0323 0.0325 0.8568 0.0680 
 330 0.0129 0.0336 0.0318 0.8530 0.0688 
 331 0.0106 0.0316 0.0316 0.8525 0.0738 
 332 0.0173 0.0762 0.0440 0.7957 0.0669 
 333 0.0232 0.0520 0.0422 0.8133 0.0693 
 334 0.0231 0.0531 0.0441 0.8025 0.0772 
 335 0.0248 0.0474 0.0422 0.8150 0.0706 
 336 0.0157 0.0397 0.0325 0.8447 0.0674 
 337 0.0223 0.0648 0.0435 0.7981 0.0714 
 338 0.0101 0.0393 0.0320 0.8505 0.0680 
 339 0.0106 0.0320 0.0317 0.8512 0.0744 
 340 0.0116 0.0289 0.0308 0.8561 0.0725 
 341 0.0123 0.0331 0.0320 0.8425 0.0802 
 342 0.0130 0.0334 0.0324 0.8516 0.0696 
 343 0.0438 0.0523 0.0442 0.7890 0.0706 
 344 0.0102 0.0321 0.0323 0.8578 0.0675 
 345 0.0132 0.0327 0.0320 0.8523 0.0697 
 346 0.0113 0.0331 0.0309 0.8598 0.0649 
 347 0.0110 0.0286 0.0312 0.8626 0.0666 
 348 0.0484 0.0433 0.0417 0.7952 0.0714 
 349 0.0132 0.0334 0.0320 0.8525 0.0689 
 350 0.0161 0.0306 0.0319 0.8347 0.0867 
 351 0.0250 0.0477 0.0424 0.8135 0.0714 
 352 0.0262 0.0546 0.0430 0.8066 0.0696 
 353 0.0153 0.0393 0.0331 0.8447 0.0677 
 354 0.0107 0.0331 0.0325 0.8501 0.0736 
 355 0.0102 0.0367 0.0322 0.8544 0.0664 
 356 0.0566 0.0415 0.0422 0.7883 0.0714 
 357 0.0207 0.2381 0.0765 0.5135 0.1512 
 358 0.0173 0.0556 0.0436 0.8144 0.0691 
 359 0.0105 0.0336 0.0324 0.8484 0.0750 
 360 0.0113 0.0326 0.0308 0.8608 0.0646 
 361 0.0290 0.2388 0.0812 0.4660 0.1850 
 362 0.0355 0.2580 0.2434 0.0866 0.3765 
 363 0.0445 0.3730 0.3263 0.0565 0.1997 
 364 0.0237 0.2077 0.0780 0.2573 0.4333 
 365 0.0248 0.3882 0.0988 0.0607 0.4276 
 366 0.1899 0.3039 0.0774 0.1494 0.2794 
 367 0.0142 0.1385 0.7110 0.0370 0.0993 
 368 0.0136 0.0727 0.1810 0.0640 0.6686 
 369 0.1483 0.1586 0.0961 0.3324 0.2645 
 370 0.0290 0.0766 0.3545 0.0883 0.4516 
 371 0.0362 0.1698 0.1090 0.1159 0.5690 
 372 0.0340 0.0607 0.1359 0.0982 0.6712 
 373 0.0184 0.1338 0.3229 0.1209 0.4040 
 374 0.0222 0.2340 0.1388 0.3178 0.2872 
 375 0.0171 0.2278 0.2871 0.0498 0.4182 
 376 0.0145 0.7685 0.0880 0.0413 0.0877 
 377 0.0333 0.2576 0.1323 0.0785 0.4984 
 378 0.0186 0.0520 0.5375 0.2263 0.1657 
 379 0.0222 0.7575 0.0960 0.0373 0.0869 
 380 0.0581 0.5507 0.0475 0.1462 0.1974 
 381 0.0619 0.6035 0.0453 0.1464 0.1429 
 382 0.0144 0.3521 0.3790 0.0586 0.1959 
 383 0.0188 0.6689 0.0418 0.1252 0.1453 
 384 0.0238 0.3938 0.1477 0.1184 0.3163 
 385 0.0116 0.0957 0.1343 0.1516 0.6068 
 386 0.0214 0.3496 0.3860 0.0546 0.1883 
 387 0.0264 0.3518 0.3037 0.0651 0.2530 
 388 0.0163 0.1547 0.1507 0.2274 0.4510 
 389 0.0771 0.0500 0.0768 0.0589 0.7372 
 390 0.1554 0.2301 0.4284 0.0529 0.1332 
 391 0.0908 0.1173 0.2616 0.1077 0.4225 
 392 0.0228 0.4862 0.1206 0.1161 0.2543 
 393 0.0680 0.6716 0.0653 0.0957 0.0993 
 394 0.0220 0.1939 0.2653 0.2859 0.2330 
 395 0.2713 0.2384 0.1802 0.0701 0.2401 
 396 0.0150 0.2270 0.2597 0.0400 0.4582 
 397 0.0206 0.0906 0.0579 0.1191 0.7118 
 398 0.0241 0.6329 0.1884 0.0411 0.1135 
 399 0.0489 0.1367 0.5950 0.0560 0.1634 
 400 0.0208 0.3329 0.3800 0.0868 0.1794 
 401 0.0681 0.0876 0.5967 0.0880 0.1596 
 402 0.0756 0.1159 0.1418 0.0769 0.5898 
 403 0.0210 0.0890 0.1337 0.3361 0.4202 
 404 0.0247 0.2972 0.1792 0.1312 0.3677 
 405 0.0459 0.3241 0.1227 0.1096 0.3976 
 406 0.5949 0.1615 0.0478 0.1069 0.0889 
 407 0.0157 0.7367 0.0756 0.0402 0.1318 
 408 0.1018 0.0483 0.5708 0.0409 0.2381 
 409 0.3073 0.1812 0.0968 0.3113 0.1035 
 410 0.0317 0.3573 0.2418 0.1071 0.2621 
 411 0.0672 0.4853 0.1184 0.1813 0.1478 
 412 0.0135 0.1078 0.2467 0.0587 0.5733 
 413 0.0204 0.1151 0.3532 0.1864 0.3249 
 414 0.0170 0.1241 0.3552 0.0414 0.4624 
 415 0.0606 0.6097 0.1166 0.0639 0.1493 
 416 0.0440 0.2134 0.2663 0.1083 0.3679 
 417 0.0186 0.6060 0.1616 0.0519 0.1619 
 418 0.0121 0.1627 0.5034 0.0467 0.2751 
 419 0.0681 0.1642 0.2584 0.2266 0.2827 
 420 0.1971 0.0967 0.5130 0.0556 0.1376 
 421 0.0223 0.3148 0.2547 0.0662 0.3421 
 422 0.0970 0.2770 0.0696 0.0620 0.4944 
 423 0.0359 0.4857 0.1492 0.0806 0.2485 
 424 0.0877 0.0829 0.6411 0.0783 0.1100 
 425 0.0233 0.1680 0.1224 0.0932 0.5932 
 426 0.0216 0.1769 0.4766 0.1107 0.2142 
 427 0.0285 0.5734 0.1759 0.1431 0.0791 
 428 0.0920 0.3603 0.0689 0.1678 0.3111 
 429 0.0138 0.5367 0.3080 0.0373 0.1042 
 430 0.0235 0.6586 0.1211 0.0497 0.1471 
 431 0.0235 0.1249 0.3899 0.0931 0.3686 
 432 0.0158 0.0851 0.2057 0.0725 0.6208 
 433 0.0328 0.0555 0.1652 0.3387 0.4078 
 434 0.0289 0.1468 0.0880 0.1255 0.6109 
 435 0.0288 0.6969 0.1294 0.0397 0.1053 
 436 0.0366 0.6221 0.2049 0.0724 0.0641 
 437 0.0159 0.7237 0.0729 0.0441 0.1434 
 438 0.2910 0.2892 0.2266 0.0998 0.0935 
 439 0.0176 0.7653 0.0930 0.0556 0.0686 
 440 0.0243 0.7361 0.1267 0.0336 0.0794 
 441 0.0251 0.4937 0.1878 0.1319 0.1614 
 442 0.0373 0.4695 0.2476 0.0491 0.1964 
 443 0.1172 0.1246 0.6091 0.0429 0.1062 
 444 0.0516 0.5694 0.1782 0.0485 0.1523 
 445 0.1295 0.4512 0.0999 0.1884 0.1310 
 446 0.0228 0.5439 0.3056 0.0475 0.0802 
 447 0.0898 0.4687 0.1291 0.1037 0.2087 
 448 0.0267 0.5487 0.1470 0.0497 0.2279 
 449 0.0300 0.5067 0.1249 0.0861 0.2524 
 450 0.0118 0.5603 0.1516 0.0922 0.1841 
 451 0.0313 0.1166 0.5984 0.0344 0.2193 
 452 0.0134 0.6317 0.1360 0.0729 0.1461 
 453 0.3807 0.0780 0.2471 0.0991 0.1951 
 454 0.0230 0.5370 0.1740 0.1057 0.1603 
 455 0.0984 0.5654 0.2074 0.0491 0.0796 
 456 0.1270 0.5102 0.1739 0.0436 0.1454 
 457 0.0164 0.7523 0.0627 0.0479 0.1207 
 458 0.0183 0.7163 0.1111 0.0564 0.0979 
 459 0.0315 0.2665 0.5121 0.1168 0.0732 
 460 0.0238 0.3247 0.5315 0.0461 0.0738 
 461 0.0115 0.1613 0.7028 0.0453 0.0790 
 462 0.0473 0.3510 0.4175 0.0340 0.1502 
 463 0.5017 0.1905 0.1178 0.0735 0.1165 
 464 0.0634 0.2767 0.5123 0.0454 0.1021 
 465 0.0371 0.1372 0.6264 0.0585 0.1407 
 466 0.2049 0.1891 0.4010 0.0500 0.1549 
 467 0.0543 0.3169 0.3847 0.0947 0.1494 
 468 0.0580 0.7385 0.0598 0.0426 0.1012 
 469 0.0200 0.8039 0.0660 0.0453 0.0648 
 470 0.0229 0.6975 0.1608 0.0411 0.0776 
 471 0.1414 0.2268 0.2172 0.0557 0.3589 
 472 0.0640 0.2893 0.2989 0.0673 0.2805 
 473 0.0372 0.4158 0.1283 0.0899 0.3289 
 474 0.0307 0.5570 0.1581 0.0818 0.1724 
 475 0.0320 0.1654 0.5415 0.1022 0.1589 
 476 0.0285 0.7004 0.1322 0.0582 0.0806 
 477 0.0444 0.1284 0.6090 0.0826 0.1356 
 478 0.0163 0.0674 0.7929 0.0399 0.0835 
 479 0.0187 0.6391 0.2108 0.0400 0.0914 
 480 0.0141 0.7907 0.0729 0.0457 0.0766 
 481 0.0243 0.1764 0.1041 0.0459 0.6494 
 482 0.0135 0.6831 0.1898 0.0408 0.0729 
 483 0.0260 0.6586 0.1782 0.0587 0.0785 
 484 0.1859 0.4494 0.1472 0.0647 0.1528 
 485 0.0441 0.6845 0.1584 0.0456 0.0674 
 486 0.0661 0.0773 0.1404 0.0647 0.6515 
 487 0.0262 0.0736 0.0684 0.1270 0.7049 
 488 0.0204 0.0471 0.1511 0.0867 0.6948 
 489 0.0995 0.0760 0.0505 0.1955 0.5785 
 490 0.0532 0.1085 0.3817 0.0477 0.4089 
 491 0.0262 0.0438 0.0547 0.1207 0.7546 
 492 0.0507 0.0481 0.2842 0.3147 0.3023 
 493 0.0222 0.0458 0.0645 0.0649 0.8027 
 494 0.0263 0.0652 0.0673 0.1026 0.7386 
 495 0.0466 0.0545 0.3600 0.1912 0.3478 
 496 0.0501 0.0765 0.1288 0.4545 0.2902 
 497 0.0153 0.0439 0.0555 0.0954 0.7899 
 498 0.1160 0.0823 0.2161 0.1145 0.4711 
 499 0.0270 0.0554 0.0514 0.1978 0.6684 
 500 0.0204 0.0954 0.0580 0.0633 0.7630 
 501 0.0205 0.1223 0.1448 0.2372 0.4753 
 502 0.0149 0.0727 0.2030 0.2647 0.4447 
 503 0.0224 0.2204 0.0876 0.0563 0.6133 
 504 0.0387 0.0509 0.4234 0.0655 0.4215 
 505 0.0494 0.0497 0.0735 0.1205 0.7068 
 506 0.0217 0.0684 0.2036 0.2005 0.5058 
 507 0.0435 0.0358 0.0400 0.6765 0.2043 
 508 0.0801 0.0311 0.0526 0.5713 0.2650 
 509 0.0348 0.0465 0.0667 0.1818 0.6702 
 510 0.0230 0.0943 0.0930 0.2711 0.5186 
 511 0.0418 0.2979 0.1747 0.0773 0.4082 
 512 0.0159 0.3426 0.2278 0.0494 0.3642 
 513 0.0722 0.0254 0.2967 0.0947 0.5110 
 514 0.0315 0.0649 0.4441 0.0932 0.3663 
 515 0.0753 0.3478 0.0937 0.1872 0.2959 
 516 0.0532 0.0476 0.2797 0.0873 0.5321 
 517 0.2300 0.1525 0.1974 0.1989 0.2211 
 518 0.0177 0.0986 0.0518 0.1985 0.6334 
 519 0.0303 0.0694 0.5627 0.1086 0.2289 
 520 0.2786 0.1841 0.0556 0.3238 0.1579 
 521 0.0458 0.0670 0.2579 0.4394 0.1899 
 522 0.1991 0.4085 0.0960 0.0710 0.2254 
 523 0.4685 0.0575 0.1206 0.1993 0.1542 
 524 0.1220 0.3766 0.1059 0.1211 0.2743 
 525 0.0544 0.2193 0.0655 0.2675 0.3933 
 526 0.5333 0.1931 0.0524 0.1024 0.1188 
 527 0.0154 0.1139 0.0986 0.0604 0.7117 
 528 0.0386 0.0478 0.0782 0.6021 0.2333 
 529 0.0219 0.0512 0.0776 0.1440 0.7054 
 530 0.0995 0.3240 0.0858 0.1173 0.3734 
 531 0.0542 0.1703 0.1020 0.4666 0.2069 
 532 0.0394 0.0709 0.0914 0.2692 0.5291 
 533 0.0791 0.2086 0.0764 0.0933 0.5426 
 534 0.0972 0.0329 0.1039 0.1348 0.6312 
 535 0.3561 0.1206 0.2408 0.1093 0.1731 
 536 0.1555 0.2278 0.1352 0.2425 0.2390 
 537 0.2418 0.0651 0.0864 0.4097 0.1970 
 538 0.1687 0.0943 0.1133 0.3021 0.3216 
 539 0.0410 0.0431 0.0476 0.7156 0.1527 
 540 0.1394 0.1348 0.0873 0.3066 0.3319 
 541 0.0380 0.0892 0.1377 0.5679 0.1672 
 542 0.4421 0.1677 0.0647 0.0857 0.2398 
 543 0.2399 0.0543 0.2919 0.2464 0.1675 
 544 0.4401 0.0907 0.0851 0.1481 0.2360 
 545 0.6707 0.0995 0.0824 0.0482 0.0992 
 546 0.1664 0.0830 0.0969 0.2262 0.4275 
 547 0.6497 0.0462 0.0838 0.1362 0.0842 
 548 0.0209 0.0458 0.0704 0.3277 0.5352 
 549 0.2009 0.1639 0.0621 0.4830 0.0902 
 550 0.5160 0.1610 0.1478 0.0726 0.1027 
 551 0.0451 0.0715 0.0945 0.6660 0.1230 
 552 0.1142 0.0690 0.0578 0.2437 0.5153 
 553 0.5721 0.0331 0.0990 0.2035 0.0924 
 554 0.0707 0.2105 0.2201 0.2199 0.2788 
 555 0.1419 0.0613 0.0843 0.4724 0.2401 
 556 0.1515 0.0778 0.0886 0.2313 0.4507 
 557 0.3898 0.2164 0.1889 0.1222 0.0827 
 558 0.0120 0.6990 0.1797 0.0417 0.0676 
 559 0.0344 0.0665 0.3260 0.0706 0.5024 
 560 0.0318 0.2588 0.5746 0.0325 0.1024 
 561 0.0339 0.1946 0.2798 0.0446 0.4471 
 562 0.0556 0.1388 0.4988 0.0332 0.2736 
 563 0.0388 0.0705 0.6087 0.1745 0.1075 
 564 0.0803 0.0871 0.1449 0.0786 0.6092 
 565 0.0140 0.7614 0.0646 0.0478 0.1122 
 566 0.0196 0.1739 0.6753 0.0337 0.0976 
 567 0.0365 0.0734 0.1250 0.0494 0.7158 
 568 0.0582 0.1347 0.4480 0.0752 0.2839 
 569 0.1250 0.3187 0.2921 0.0784 0.1858 
 570 0.0129 0.6783 0.1604 0.0351 0.1134 
 571 0.0208 0.0748 0.7027 0.0535 0.1482 
 572 0.4100 0.1272 0.0760 0.1953 0.1915 
 573 0.0733 0.2111 0.1282 0.0710 0.5165 
 574 0.0320 0.4205 0.1114 0.1742 0.2620 
 575 0.0318 0.0982 0.5410 0.1339 0.1950 
 576 0.0147 0.1449 0.6426 0.0344 0.1634 
 577 0.0218 0.3034 0.1530 0.1484 0.3733 
 578 0.0271 0.1575 0.5830 0.0578 0.1746 
 579 0.0245 0.1911 0.2087 0.0509 0.5249 
 580 0.0172 0.4558 0.1369 0.0940 0.2960 
 581 0.0201 0.4182 0.3223 0.0722 0.1672 
 582 0.0345 0.4920 0.3318 0.0404 0.1013 
 583 0.0200 0.1281 0.5822 0.0538 0.2160 
 584 0.0145 0.1561 0.5995 0.0407 0.1892 
 585 0.0224 0.2146 0.4480 0.0498 0.2652 
 586 0.0242 0.0523 0.6531 0.0723 0.1981 
 587 0.0421 0.3093 0.1889 0.0389 0.4209 
 588 0.1203 0.0278 0.0528 0.0527 0.7464 
 589 0.0817 0.5432 0.1422 0.0434 0.1895 
 590 0.0197 0.0671 0.4489 0.0489 0.4154 
 591 0.0186 0.0851 0.5639 0.0588 0.2736 
 592 0.1135 0.1379 0.4216 0.0511 0.2758 
 593 0.0421 0.2135 0.3642 0.0948 0.2853 
 594 0.0240 0.0855 0.3300 0.1020 0.4585 
 595 0.0115 0.1458 0.1301 0.0342 0.6784 
 596 0.1646 0.1983 0.1417 0.0839 0.4115 
 597 0.0504 0.0442 0.5849 0.2277 0.0928 
 598 0.0135 0.7841 0.0915 0.0374 0.0735 
 599 0.0472 0.1436 0.5842 0.0368 0.1882 
 600 0.0339 0.3913 0.1305 0.1136 0.3306 
 601 0.0366 0.2525 0.4846 0.0382 0.1881 
 602 0.0155 0.0613 0.0855 0.1123 0.7254 
 603 0.0191 0.0590 0.1158 0.1220 0.6841 
 604 0.0265 0.4304 0.0836 0.1233 0.3361 
 605 0.0396 0.1463 0.1895 0.0661 0.5585 
 606 0.0357 0.1210 0.1337 0.1748 0.5348 
 607 0.0137 0.1663 0.0831 0.2226 0.5142 
 608 0.0198 0.1467 0.1630 0.4632 0.2074 
 609 0.0346 0.3297 0.1714 0.0906 0.3737 
 610 0.0892 0.5324 0.0832 0.0674 0.2277 
 611 0.0327 0.0699 0.1467 0.1375 0.6132 
 612 0.0310 0.7301 0.0654 0.0571 0.1164 
 613 0.0573 0.2481 0.1244 0.0875 0.4828 
 614 0.0179 0.6048 0.0523 0.0516 0.2733 
 615 0.0227 0.5979 0.0497 0.0918 0.2379 
 616 0.0148 0.1598 0.0922 0.1567 0.5764 
 617 0.0521 0.3361 0.1288 0.0549 0.4282 
 618 0.0428 0.4037 0.0533 0.1627 0.3375 
 619 0.1084 0.1982 0.2752 0.1727 0.2455 
 620 0.1017 0.0931 0.4337 0.0358 0.3357 
 621 0.0125 0.1906 0.3520 0.0562 0.3887 
 622 0.0557 0.2728 0.0723 0.1197 0.4795 
 623 0.0352 0.1495 0.2292 0.0595 0.5266 
 624 0.0212 0.5826 0.0791 0.1594 0.1576 
 625 0.0178 0.3463 0.1560 0.1669 0.3130 
 626 0.1322 0.2306 0.0438 0.4383 0.1551 
 627 0.0292 0.1403 0.1853 0.0789 0.5664 
 628 0.0212 0.1012 0.2140 0.0731 0.5906 
 629 0.0155 0.1067 0.1107 0.0743 0.6927 
 630 0.0279 0.3618 0.1235 0.0684 0.4186 
 631 0.0163 0.2383 0.0997 0.0718 0.5739 
 632 0.0391 0.0914 0.0760 0.2920 0.5015 
 633 0.0177 0.3452 0.1512 0.1485 0.3373 
 634 0.0431 0.1498 0.1689 0.2035 0.4347 
 635 0.0207 0.1225 0.0667 0.4517 0.3385 
 636 0.0219 0.2611 0.1309 0.2563 0.3297 
 637 0.1033 0.1104 0.1138 0.1369 0.5356 
 638 0.0148 0.0970 0.0977 0.1047 0.6859 
 639 0.0183 0.2603 0.0761 0.1079 0.5375 
 640 0.0124 0.1344 0.4674 0.0766 0.3092 
 641 0.0150 0.1269 0.0855 0.0757 0.6969 
 642 0.0441 0.0737 0.0854 0.5667 0.2300 
 643 0.0172 0.0483 0.0732 0.7675 0.0938 
 644 0.0200 0.0501 0.1141 0.5675 0.2483 
 645 0.0321 0.2780 0.0341 0.4769 0.1790 
 646 0.0536 0.0678 0.1238 0.1469 0.6078 
 647 0.0428 0.0568 0.1955 0.4410 0.2640 
 648 0.0638 0.0765 0.0559 0.2624 0.5415 
 649 0.1248 0.0442 0.0916 0.1947 0.5448 
 650 0.0387 0.0490 0.1360 0.1834 0.5929 
 651 0.0154 0.0462 0.0674 0.3289 0.5422 
 652 0.0228 0.0544 0.0759 0.5592 0.2877 
 653 0.0437 0.0688 0.0593 0.3751 0.4531 
 654 0.0858 0.0524 0.0635 0.5028 0.2955 
 655 0.0326 0.0697 0.2359 0.5233 0.1384 
 656 0.0524 0.0591 0.0676 0.2012 0.6196 
 657 0.0192 0.1450 0.0788 0.1820 0.5749 
 658 0.0864 0.1135 0.3217 0.2703 0.2082 
 659 0.0520 0.0647 0.0709 0.4717 0.3407 
 660 0.0400 0.0446 0.0643 0.6240 0.2271 
 661 0.1125 0.0676 0.0596 0.5594 0.2009 
 662 0.2590 0.0384 0.0943 0.1297 0.4786 
 663 0.0254 0.0614 0.0836 0.4713 0.3583 
 664 0.0503 0.1250 0.3938 0.2945 0.1363 
 665 0.1109 0.0427 0.0749 0.1505 0.6211 
 666 0.0485 0.0650 0.0752 0.5293 0.2819 
 667 0.0316 0.0562 0.1420 0.1017 0.6684 
 668 0.0462 0.0932 0.1004 0.4601 0.3002 
 669 0.0414 0.0460 0.0661 0.2517 0.5949 
 670 0.0172 0.0325 0.0369 0.7991 0.1142 
 671 0.0272 0.0406 0.0585 0.6782 0.1955 
 672 0.0484 0.0688 0.1405 0.6789 0.0634 
 673 0.0111 0.0356 0.0331 0.8455 0.0747 
 674 0.0237 0.0632 0.0464 0.6618 0.2050 
 675 0.0146 0.0309 0.0778 0.7778 0.0989 
 676 0.0120 0.0326 0.0344 0.8489 0.0721 
 677 0.0690 0.0282 0.0344 0.7608 0.1077 
 678 0.0105 0.0363 0.0380 0.8455 0.0696 
 679 0.0113 0.0689 0.0446 0.7053 0.1700 
 680 0.0173 0.0494 0.0391 0.7617 0.1325 
 681 0.2602 0.1257 0.0604 0.2926 0.2610 
 682 0.0182 0.0545 0.0410 0.7966 0.0897 
 683 0.0200 0.0314 0.0371 0.8157 0.0958 
 684 0.0127 0.0354 0.0392 0.8381 0.0746 
 685 0.0131 0.0301 0.0330 0.8531 0.0707 
 686 0.0704 0.0480 0.0429 0.6955 0.1432 
 687 0.0382 0.0369 0.0571 0.6840 0.1838 
 688 0.0149 0.0385 0.0512 0.7915 0.1040 
 689 0.0124 0.0308 0.0311 0.8476 0.0781 
 690 0.0120 0.0328 0.0339 0.8499 0.0714 
 691 0.0195 0.0613 0.0435 0.7174 0.1583 
 692 0.0125 0.0456 0.0486 0.7837 0.1096 
 693 0.0140 0.0465 0.0672 0.7892 0.0830 
 694 0.0139 0.0274 0.0313 0.8593 0.0681 
 695 0.0331 0.0456 0.0416 0.8152 0.0645 
 696 0.0154 0.0388 0.0498 0.7939 0.1021 
 697 0.0159 0.0321 0.0324 0.8309 0.0887 
 698 0.0126 0.0321 0.0336 0.8431 0.0787 
 699 0.0966 0.0411 0.0396 0.7514 0.0714 
 700 0.0411 0.0450 0.0827 0.7524 0.0788 
 701 0.0288 0.0680 0.0480 0.7084 0.1469 
 702 0.0369 0.0633 0.0646 0.7096 0.1257 
 703 0.0196 0.0529 0.0414 0.7836 0.1025 
 704 0.0213 0.0356 0.0470 0.8009 0.0951 
 705 0.2672 0.0702 0.0622 0.4217 0.1786 
 706 0.0287 0.0479 0.0359 0.7854 0.1021 
 707 0.0214 0.0338 0.0327 0.8199 0.0922 
 708 0.0135 0.0310 0.0339 0.8268 0.0948 
 709 0.0369 0.0330 0.0391 0.8265 0.0645 
 710 0.0151 0.0294 0.0319 0.8581 0.0655 
 711 0.0471 0.0441 0.0375 0.7376 0.1337 
 712 0.0427 0.0264 0.0311 0.8083 0.0916 
 713 0.0178 0.0344 0.0487 0.7969 0.1021 
 714 0.0147 0.0615 0.0472 0.6408 0.2358 
 715 0.0300 0.0272 0.0304 0.8406 0.0718 
 716 0.0268 0.0463 0.0383 0.8109 0.0777 
 717 0.0192 0.0292 0.0324 0.8538 0.0655 
 718 0.0280 0.0457 0.0391 0.6809 0.2064 
 719 0.0282 0.0276 0.0352 0.8408 0.0681 
 720 0.0162 0.1792 0.2231 0.0566 0.5249 
 721 0.0254 0.1581 0.0608 0.5519 0.2038 
 722 0.0418 0.4306 0.1282 0.1119 0.2874 
 723 0.0135 0.4053 0.0867 0.0866 0.4078 
 724 0.0203 0.5043 0.0917 0.2264 0.1572 
 725 0.0253 0.0922 0.1156 0.2410 0.5259 
 726 0.0519 0.4489 0.0834 0.1514 0.2643 
 727 0.1939 0.1658 0.0951 0.2704 0.2748 
 728 0.0169 0.8285 0.0465 0.0332 0.0750 
 729 0.0134 0.7913 0.0573 0.0370 0.1009 
 730 0.0145 0.3372 0.1424 0.0594 0.4464 
 731 0.0204 0.6571 0.0824 0.0866 0.1535 
 732 0.0136 0.4039 0.0877 0.0865 0.4083 
 733 0.0113 0.7468 0.0668 0.0506 0.1245 
 734 0.0140 0.7321 0.1171 0.0360 0.1007 
 735 0.0102 0.7557 0.0501 0.0607 0.1234 
 736 0.0197 0.4993 0.2548 0.0750 0.1512 
 737 0.0493 0.4237 0.1399 0.0748 0.3123 
 738 0.0151 0.3615 0.1138 0.0611 0.4486 
 739 0.0118 0.7629 0.0653 0.0462 0.1138 
 740 0.0173 0.0459 0.0441 0.5529 0.3398 
 741 0.0328 0.0859 0.0835 0.5098 0.2880 
 742 0.0145 0.0813 0.6166 0.1655 0.1221 
 743 0.0139 0.0705 0.1170 0.0901 0.7086 
 744 0.2103 0.0617 0.2590 0.1174 0.3516 
 745 0.0459 0.0784 0.5250 0.0505 0.3003 
 746 0.0201 0.1200 0.1389 0.2371 0.4838 
 747 0.0226 0.0632 0.2555 0.1148 0.5438 
 748 0.0125 0.0550 0.1976 0.4814 0.2535 
 749 0.0310 0.0638 0.1231 0.1389 0.6433 
 750 0.0173 0.0577 0.1115 0.0939 0.7197 
 751 0.0142 0.0613 0.1614 0.4650 0.2981 
 752 0.0181 0.0789 0.1440 0.1043 0.6546 
 753 0.0212 0.1136 0.0989 0.1756 0.5907 
 754 0.0212 0.0696 0.1267 0.4382 0.3443 
 755 0.0128 0.0744 0.1104 0.1599 0.6425 
 756 0.0163 0.0414 0.4688 0.2659 0.2076 
 757 0.0157 0.0679 0.3902 0.2078 0.3184 
 758 0.0266 0.0569 0.4122 0.0502 0.4541 
 759 0.0408 0.1225 0.0729 0.4572 0.3066 
 760 0.0164 0.1389 0.1404 0.1150 0.5894 
 761 0.0175 0.2526 0.0620 0.2689 0.3989 
 762 0.0111 0.3296 0.2480 0.0747 0.3366 
 763 0.0205 0.1122 0.0980 0.1739 0.5955 
 764 0.0140 0.0645 0.2255 0.1022 0.5939 
 765 0.0136 0.2232 0.0847 0.0669 0.6115 
 766 0.0120 0.0592 0.1869 0.3349 0.4070 
 767 0.0189 0.0783 0.3998 0.2933 0.2097 
 768 0.0113 0.3637 0.2146 0.0750 0.3354 
 769 0.0203 0.3496 0.1172 0.2909 0.2220 
 770 0.0152 0.2976 0.3700 0.0697 0.2476 
 771 0.1434 0.0421 0.0771 0.1706 0.5669 
 772 0.0722 0.0890 0.3084 0.3026 0.2277 
 773 0.0132 0.0528 0.1456 0.1052 0.6832 
 774 0.0170 0.0597 0.0687 0.3592 0.4953 
 775 0.0146 0.4857 0.1859 0.1399 0.1739 
 776 0.0191 0.0640 0.6230 0.0779 0.2160 
 777 0.0427 0.0825 0.1440 0.1410 0.5898 
 778 0.0355 0.0602 0.1443 0.2598 0.5002 
 779 0.0150 0.0515 0.1780 0.1489 0.6066 
 780 0.0124 0.0647 0.1449 0.4081 0.3700 
 781 0.0489 0.0369 0.0524 0.1511 0.7107 
 782 0.0144 0.0520 0.1767 0.1487 0.6081 
 783 0.0140 0.0896 0.2579 0.2778 0.3609 
 784 0.0173 0.1114 0.5075 0.1196 0.2442 
 785 0.0187 0.0643 0.2060 0.1921 0.5190 
 786 0.0152 0.0708 0.1895 0.4543 0.2701 
 787 0.0293 0.0376 0.1326 0.4833 0.3172 
 788 0.0389 0.1119 0.3567 0.1277 0.3648 
 789 0.0145 0.0980 0.5463 0.1348 0.2064 
 790 0.0134 0.1076 0.1275 0.2527 0.4989 
 791 0.0181 0.0863 0.4888 0.1995 0.2073 
 792 0.0437 0.0361 0.0812 0.3917 0.4473 
 793 0.0497 0.1292 0.0739 0.4530 0.2941 
 794 0.0224 0.0950 0.3497 0.2230 0.3099 
 795 0.0216 0.1278 0.0710 0.5420 0.2376 
 796 0.0246 0.0528 0.5919 0.2114 0.1194 
 797 0.0351 0.0722 0.0578 0.6014 0.2335 
 798 0.1656 0.4734 0.1749 0.0436 0.1424 
 799 0.0277 0.0673 0.5691 0.1072 0.2287 
 800 0.1017 0.0333 0.1180 0.5893 0.1578 
 801 0.1323 0.4282 0.2050 0.0941 0.1403 
 802 0.1046 0.1618 0.1968 0.3332 0.2036 
 803 0.0472 0.0769 0.0882 0.4039 0.3838 
 804 0.1503 0.1002 0.1819 0.1729 0.3948 
 805 0.0199 0.0423 0.0687 0.7805 0.0886 
 806 0.3521 0.2183 0.0980 0.1196 0.2120 
 807 0.0475 0.0475 0.0402 0.6329 0.2318 
 808 0.1228 0.0608 0.0769 0.4932 0.2463 
 809 0.6447 0.1126 0.0752 0.0628 0.1047 
 810 0.0236 0.1751 0.1558 0.2279 0.4176 
 811 0.1728 0.0757 0.0927 0.4940 0.1648 
 812 0.7332 0.0445 0.0668 0.0390 0.1165 
 813 0.1330 0.3883 0.3120 0.0525 0.1142 
 814 0.2101 0.0460 0.1173 0.0714 0.5553 
 815 0.4258 0.1918 0.0898 0.1895 0.1032 
 816 0.0860 0.1039 0.2590 0.3967 0.1544 
 817 0.1053 0.1631 0.1963 0.3305 0.2047 
 818 0.0209 0.0718 0.7253 0.0878 0.0941 
 819 0.0278 0.0372 0.3185 0.2027 0.4138 
 820 0.0447 0.0484 0.5233 0.2323 0.1514 
 821 0.0148 0.1244 0.4166 0.1439 0.3003 
 822 0.0224 0.1361 0.1235 0.0376 0.6804 
 823 0.0158 0.2655 0.3986 0.2408 0.0793 
 824 0.0154 0.0739 0.2133 0.1657 0.5317 
 825 0.0206 0.2116 0.2887 0.0772 0.4019 
 826 0.0169 0.0641 0.6841 0.0553 0.1795 
 827 0.0158 0.3740 0.2542 0.0802 0.2758 
 828 0.0129 0.2583 0.0615 0.0902 0.5772 
 829 0.0464 0.3902 0.1511 0.1305 0.2819 
 830 0.0114 0.2306 0.1349 0.0504 0.5727 
 831 0.0167 0.0999 0.0537 0.0920 0.7377 
 832 0.0727 0.1081 0.4376 0.1820 0.1995 
 833 0.0397 0.1674 0.5310 0.1832 0.0787 
 834 0.0208 0.1821 0.1390 0.1517 0.5064 
 835 0.0254 0.0573 0.7210 0.0549 0.1415 
 836 0.0575 0.0500 0.6784 0.0869 0.1271 
 837 0.0253 0.2776 0.1519 0.3022 0.2430 
 838 0.0649 0.0407 0.6947 0.0497 0.1499 
 839 0.0124 0.1856 0.3133 0.0886 0.4002 
 840 0.0976 0.0710 0.1036 0.1928 0.5349 
 841 0.0611 0.0506 0.5133 0.1422 0.2328 
 842 0.0126 0.0524 0.7827 0.0417 0.1106 
 843 0.0600 0.0676 0.1939 0.3453 0.3332 
 844 0.0298 0.1119 0.1041 0.1481 0.6061 
 845 0.0129 0.0708 0.6564 0.0614 0.1985 
 846 0.0195 0.0601 0.5202 0.1506 0.2496 
 847 0.0118 0.0327 0.0784 0.1451 0.7320 
 848 0.0290 0.0406 0.6233 0.1324 0.1747 
 849 0.0155 0.0744 0.2688 0.0830 0.5584 
 850 0.0202 0.2401 0.3584 0.0773 0.3040 
 851 0.0149 0.0542 0.6571 0.0692 0.2046 
 852 0.0119 0.1594 0.0730 0.4682 0.2875 
 853 0.0214 0.0823 0.7526 0.0528 0.0909 
 854 0.0128 0.1756 0.1499 0.2791 0.3826 
 855 0.0175 0.0701 0.2818 0.1164 0.5143 
 856 0.0128 0.0620 0.1152 0.1349 0.6750 
 857 0.1003 0.0694 0.3305 0.0687 0.4311 
 858 0.0161 0.0685 0.1903 0.0653 0.6597 
 859 0.0122 0.2242 0.1834 0.0654 0.5148 
 860 0.0288 0.0655 0.4710 0.0615 0.3731 
 861 0.0412 0.0394 0.0876 0.4087 0.4230 
 862 0.0260 0.7836 0.0811 0.0442 0.0651 
 863 0.0247 0.6300 0.0465 0.1038 0.1950 
 864 0.0118 0.7835 0.0420 0.0737 0.0888 
 865 0.0184 0.7420 0.1139 0.0338 0.0919 
 866 0.0165 0.2858 0.1878 0.0549 0.4550 
 867 0.0174 0.7484 0.0420 0.0666 0.1255 
 868 0.0239 0.5480 0.0494 0.0549 0.3239 
 869 0.0151 0.3281 0.1997 0.0613 0.3957 
 870 0.0867 0.4951 0.1868 0.0430 0.1884 
 871 0.0241 0.6569 0.1543 0.0409 0.1237 
 872 0.0118 0.7763 0.0492 0.0507 0.1119 
 873 0.0150 0.7714 0.0582 0.0602 0.0953 
 874 0.0226 0.7837 0.0584 0.0382 0.0971 
 875 0.0443 0.3399 0.1561 0.0658 0.3939 
 876 0.0578 0.1482 0.3069 0.0515 0.4356 
 877 0.0145 0.8041 0.0538 0.0512 0.0765 
 878 0.0204 0.2459 0.0912 0.0707 0.5718 
 879 0.0115 0.7433 0.0457 0.0722 0.1274 
 880 0.1275 0.3179 0.2993 0.0532 0.2022 
 881 0.0150 0.6973 0.0468 0.0612 0.1796 
 882 0.0103 0.7549 0.0505 0.0623 0.1220 
 883 0.0321 0.0873 0.1849 0.0569 0.6387 
 884 0.0152 0.7359 0.1229 0.0342 0.0918 
 885 0.0990 0.4485 0.0627 0.0883 0.3015 
 886 0.0166 0.3999 0.0753 0.0796 0.4286 
 887 0.0137 0.7325 0.0799 0.0398 0.1340 
 888 0.0650 0.4228 0.0856 0.1262 0.3004 
 889 0.0202 0.7724 0.0964 0.0330 0.0780 
 890 0.0408 0.4648 0.2271 0.0349 0.2324 
 891 0.0324 0.0569 0.6727 0.0591 0.1790 
 892 0.0214 0.0648 0.1568 0.0608 0.6961 
 893 0.1308 0.1067 0.2212 0.1024 0.4389 
 894 0.0133 0.1437 0.6736 0.0400 0.1293 
 895 0.0191 0.6621 0.1517 0.0422 0.1250 
 896 0.0407 0.0514 0.3549 0.1007 0.4522 
 897 0.0144 0.0449 0.0820 0.0503 0.8083 
 898 0.0227 0.2263 0.1981 0.1088 0.4441 
 899 0.0139 0.0895 0.7376 0.0331 0.1260 
 900 0.0287 0.0472 0.7327 0.0525 0.1389 
 901 0.0177 0.0773 0.6185 0.0564 0.2302 
 902 0.1055 0.0785 0.1502 0.0740 0.5919 
 903 0.0254 0.4112 0.1381 0.0535 0.3719 
 904 0.0217 0.1975 0.0801 0.0822 0.6185 
 905 0.0129 0.4427 0.2388 0.0394 0.2662 
 906 0.0542 0.1938 0.4792 0.0702 0.2026 
 907 0.0143 0.1224 0.4801 0.1013 0.2819 
 908 0.0125 0.1601 0.2669 0.0666 0.4940 
 909 0.0895 0.1550 0.5226 0.0760 0.1569 
 910 0.0423 0.0622 0.7228 0.0636 0.1091 
 911 0.0173 0.4722 0.3455 0.0347 0.1303 
 912 0.0213 0.1316 0.5966 0.0433 0.2072 
 913 0.0353 0.2594 0.3599 0.0394 0.3060 
 914 0.0172 0.1532 0.2571 0.2205 0.3520 
 915 0.0405 0.1487 0.6381 0.0331 0.1396 
 916 0.0180 0.0917 0.6498 0.0478 0.1926 
 917 0.0203 0.1109 0.6242 0.0508 0.1938 
 918 0.0233 0.2530 0.3013 0.2042 0.2182 
 919 0.0175 0.4064 0.2525 0.1037 0.2199 
 920 0.0135 0.0750 0.7149 0.0776 0.1190 
 921 0.1798 0.0866 0.2434 0.3563 0.1339 
 922 0.2060 0.0529 0.1015 0.0700 0.5696 
 923 0.0485 0.0416 0.0800 0.1036 0.7263 
 924 0.2883 0.0494 0.2523 0.0743 0.3356 
 925 0.2226 0.0777 0.2956 0.1362 0.2679 
 926 0.6576 0.0315 0.0882 0.1074 0.1152 
 927 0.5313 0.0480 0.0739 0.1688 0.1780 
 928 0.0983 0.0321 0.0502 0.2866 0.5328 
 929 0.4546 0.0369 0.0755 0.0811 0.3519 
 930 0.4167 0.0673 0.1741 0.1274 0.2146 
 931 0.7340 0.0618 0.0354 0.1053 0.0636 
 932 0.7258 0.0351 0.0743 0.0470 0.1178 
 933 0.1016 0.0463 0.0790 0.5576 0.2154 
 934 0.0930 0.0300 0.0771 0.0480 0.7518 
 935 0.7055 0.0559 0.0557 0.0663 0.1166 
 936 0.8009 0.0336 0.0440 0.0374 0.0842 
 937 0.7921 0.0342 0.0403 0.0583 0.0751 
 938 0.6385 0.0264 0.0397 0.1665 0.1288 
 939 0.6177 0.0413 0.0411 0.2045 0.0954 
 940 0.3342 0.0452 0.0650 0.1541 0.4015 
 941 0.7141 0.0483 0.0957 0.0400 0.1019 
 942 0.0842 0.1014 0.1288 0.3832 0.3024 
 943 0.6975 0.0301 0.0340 0.1738 0.0646 
 944 0.6191 0.0479 0.0385 0.1363 0.1582 
 945 0.1563 0.0726 0.0902 0.1274 0.5535 
 946 0.6728 0.0364 0.0680 0.0675 0.1552 
 947 0.7107 0.0269 0.0503 0.1527 0.0593 
 948 0.7071 0.0998 0.0566 0.0362 0.1003 
 949 0.6220 0.1123 0.0960 0.0376 0.1321 
 950 0.7653 0.0249 0.0450 0.0799 0.0849 
 951 0.2877 0.0710 0.0949 0.2250 0.3214 
 952 0.4903 0.0552 0.0958 0.0888 0.2699 
 953 0.4605 0.1165 0.1652 0.0913 0.1664 
 954 0.7597 0.0527 0.0616 0.0461 0.0800 
 955 0.0359 0.0429 0.0385 0.7825 0.1003 
 956 0.0627 0.0349 0.0482 0.7206 0.1336 
 957 0.0388 0.0712 0.0737 0.3855 0.4309 
 958 0.0320 0.0684 0.1634 0.1143 0.6219 
 959 0.0600 0.0440 0.0703 0.2718 0.5540 
 960 0.0256 0.2050 0.2244 0.1650 0.3800 
 961 0.0130 0.0294 0.0326 0.8546 0.0703 
 962 0.0701 0.0269 0.0962 0.1069 0.6999 
 963 0.0361 0.0677 0.1507 0.1045 0.6410 
 964 0.0129 0.0750 0.0713 0.1104 0.7304 
 965 0.0260 0.0410 0.0827 0.2926 0.5578 
 966 0.0399 0.0757 0.1325 0.3106 0.4413 
 967 0.0332 0.0491 0.0386 0.7751 0.1040 
 968 0.0333 0.0300 0.0784 0.1156 0.7427 
 969 0.0129 0.2185 0.0754 0.2631 0.4301 
 970 0.0181 0.0506 0.0434 0.6004 0.2875 
 971 0.0592 0.0420 0.1297 0.2292 0.5399 
 972 0.0279 0.0842 0.0653 0.2145 0.6081 
 973 0.1052 0.0342 0.1116 0.4182 0.3308 
 974 0.0178 0.0792 0.0836 0.1209 0.6985 
 975 0.0128 0.2174 0.0766 0.2597 0.4336 
