   1 0.0053 0.0085 0.0696 0.1570 0.0838 0.1335 0.1558 0.1047 0.1161 0.1658 
   2 0.0040 0.0038 0.0109 0.0523 0.1527 0.1607 0.0785 0.2067 0.2067 0.1236 
   3 0.0054 0.0044 0.0172 0.1154 0.0452 0.2395 0.1569 0.1422 0.1282 0.1455 
   4 0.0124 0.0140 0.0133 0.1211 0.0617 0.0986 0.1077 0.1188 0.1294 0.3231 
   5 0.0047 0.0065 0.0119 0.0455 0.2118 0.1780 0.0849 0.1563 0.1792 0.1213 
   6 0.0050 0.0043 0.0152 0.0446 0.0529 0.3638 0.1075 0.0886 0.1843 0.1337 
   7 0.0056 0.0044 0.0260 0.0574 0.0852 0.1595 0.1496 0.0747 0.3382 0.0995 
   8 0.0170 0.1094 0.0175 0.0910 0.0617 0.1630 0.1261 0.0970 0.1364 0.1808 
   9 0.0068 0.0048 0.0178 0.1037 0.1072 0.2158 0.1030 0.1412 0.1651 0.1347 
  10 0.0065 0.0819 0.0171 0.0617 0.0894 0.2137 0.1208 0.0796 0.1777 0.1516 
  11 0.0044 0.0041 0.0251 0.0689 0.1329 0.1438 0.2022 0.0708 0.2519 0.0959 
  12 0.0048 0.0039 0.0124 0.0522 0.1311 0.1989 0.0786 0.1562 0.1868 0.1752 
  13 0.0058 0.0044 0.0113 0.0866 0.0900 0.2111 0.0988 0.1232 0.2311 0.1376 
  14 0.0041 0.0112 0.0142 0.0642 0.0656 0.1632 0.1404 0.2646 0.1184 0.1540 
  15 0.0049 0.0049 0.0122 0.0693 0.0792 0.1195 0.1603 0.1349 0.1624 0.2523 
  16 0.0044 0.0041 0.0157 0.0965 0.0999 0.2095 0.1954 0.1032 0.1600 0.1113 
  17 0.0078 0.0047 0.0186 0.0617 0.0940 0.2930 0.0913 0.1352 0.1437 0.1501 
  18 0.0071 0.0054 0.0128 0.0606 0.0643 0.1808 0.1666 0.1733 0.1396 0.1894 
  19 0.0046 0.0037 0.0145 0.0594 0.0868 0.3394 0.1036 0.0915 0.1621 0.1344 
  20 0.0047 0.0041 0.0161 0.0523 0.1361 0.1403 0.1538 0.1301 0.1989 0.1635 
  21 0.0045 0.0072 0.0203 0.0788 0.0778 0.1236 0.1332 0.1984 0.1267 0.2296 
  22 0.0060 0.0042 0.0108 0.0914 0.0542 0.3458 0.0999 0.1111 0.1377 0.1389 
  23 0.0081 0.0107 0.0153 0.1577 0.0746 0.1184 0.1104 0.2136 0.1182 0.1730 
  24 0.0045 0.0041 0.0156 0.1391 0.0849 0.1412 0.1713 0.1099 0.1351 0.1943 
  25 0.0052 0.0049 0.0116 0.0447 0.0974 0.2579 0.1410 0.1062 0.2440 0.0870 
  26 0.0063 0.0041 0.0139 0.0724 0.0972 0.1901 0.1295 0.1225 0.1470 0.2169 
  27 0.0059 0.0043 0.0133 0.0789 0.1032 0.2081 0.1324 0.1585 0.1493 0.1461 
  28 0.0055 0.0166 0.0370 0.0677 0.0584 0.1178 0.1472 0.1088 0.1563 0.2846 
  29 0.0039 0.0035 0.0157 0.0819 0.1507 0.1403 0.1006 0.1502 0.2370 0.1161 
  30 0.0045 0.0039 0.0124 0.0935 0.0709 0.2933 0.1306 0.1419 0.1323 0.1168 
  31 0.0119 0.0943 0.0275 0.0656 0.0985 0.1397 0.0904 0.1555 0.2006 0.1161 
  32 0.0044 0.0080 0.0119 0.0817 0.0634 0.2555 0.1122 0.1347 0.1235 0.2046 
  33 0.0047 0.0038 0.0161 0.1447 0.0626 0.1717 0.1536 0.1310 0.1715 0.1403 
  34 0.0064 0.0962 0.0211 0.0530 0.1424 0.1792 0.1325 0.0722 0.1941 0.1030 
  35 0.0086 0.0038 0.0144 0.0749 0.1229 0.2069 0.0808 0.2702 0.1236 0.0937 
  36 0.0044 0.0066 0.0198 0.1022 0.0558 0.0887 0.2696 0.2491 0.1129 0.0908 
  37 0.0059 0.0042 0.0123 0.1158 0.0553 0.1598 0.0895 0.2162 0.1658 0.1751 
  38 0.0052 0.0041 0.0176 0.0639 0.1187 0.0853 0.3435 0.1356 0.1465 0.0795 
  39 0.0074 0.0044 0.0178 0.0632 0.1068 0.1282 0.1810 0.1973 0.1788 0.1152 
  40 0.0038 0.0042 0.0138 0.1888 0.0619 0.1324 0.1080 0.2903 0.0974 0.0993 
  41 0.0070 0.0068 0.0259 0.1490 0.0968 0.1228 0.1592 0.2145 0.1446 0.0734 
  42 0.0044 0.0042 0.0126 0.3313 0.0705 0.0656 0.1873 0.1175 0.0932 0.1135 
  43 0.0067 0.0087 0.0134 0.1467 0.0621 0.1242 0.0779 0.3044 0.1498 0.1061 
  44 0.0058 0.0039 0.0133 0.1048 0.0556 0.1836 0.0698 0.3659 0.1248 0.0725 
  45 0.0052 0.0040 0.0184 0.0746 0.1177 0.0796 0.1972 0.2692 0.1547 0.0794 
  46 0.0073 0.0040 0.0174 0.0503 0.0802 0.2565 0.1014 0.2043 0.1587 0.1198 
  47 0.0121 0.0089 0.0141 0.0879 0.0976 0.2584 0.0784 0.1589 0.1536 0.1300 
  48 0.0061 0.0038 0.0122 0.0974 0.0613 0.1731 0.0701 0.4028 0.0955 0.0777 
  49 0.0076 0.0043 0.0147 0.0935 0.1463 0.1400 0.1345 0.2187 0.1221 0.1183 
  50 0.0082 0.0267 0.0217 0.0456 0.0812 0.2599 0.1125 0.1347 0.1959 0.1137 
  51 0.0042 0.0068 0.0178 0.1302 0.0603 0.0664 0.1942 0.3487 0.0972 0.0742 
  52 0.0078 0.0041 0.0251 0.0846 0.1196 0.1292 0.1639 0.1560 0.1829 0.1269 
  53 0.0064 0.0110 0.0166 0.0856 0.0523 0.1525 0.2775 0.1396 0.1475 0.1110 
  54 0.0066 0.0043 0.0148 0.0913 0.0984 0.1431 0.0614 0.2799 0.1686 0.1315 
  55 0.0058 0.0037 0.0125 0.0660 0.0642 0.1163 0.0741 0.4296 0.1243 0.1034 
  56 0.0057 0.0039 0.0127 0.1081 0.0968 0.1614 0.1209 0.2836 0.0914 0.1155 
  57 0.0114 0.0092 0.0153 0.0726 0.1108 0.2124 0.1016 0.0811 0.1383 0.2473 
  58 0.0051 0.0041 0.0169 0.1108 0.1176 0.0853 0.1281 0.2907 0.1384 0.1031 
  59 0.0052 0.0041 0.0157 0.1078 0.1761 0.0855 0.2125 0.1829 0.1094 0.1009 
  60 0.0045 0.0082 0.0271 0.1021 0.0526 0.0859 0.1458 0.3045 0.1155 0.1538 
  61 0.0037 0.0041 0.0167 0.0853 0.0629 0.0713 0.0631 0.4089 0.1440 0.1400 
  62 0.0079 0.0040 0.0155 0.0609 0.2550 0.1443 0.1076 0.1272 0.1423 0.1354 
  63 0.0039 0.0041 0.0153 0.1382 0.0633 0.0940 0.1305 0.2173 0.2058 0.1278 
  64 0.0056 0.0038 0.0144 0.0610 0.1425 0.2378 0.1682 0.1431 0.1276 0.0960 
  65 0.0058 0.0037 0.0157 0.0457 0.1065 0.1536 0.0967 0.1459 0.3401 0.0862 
  66 0.0049 0.0093 0.0172 0.0853 0.0843 0.0963 0.0988 0.2107 0.1878 0.2055 
  67 0.0050 0.0040 0.0185 0.0669 0.0653 0.1208 0.0633 0.3916 0.1749 0.0898 
  68 0.0062 0.0044 0.0147 0.1130 0.1342 0.0785 0.2262 0.1947 0.1122 0.1160 
  69 0.0060 0.1685 0.0469 0.0511 0.1326 0.0853 0.2206 0.0984 0.0956 0.0950 
  70 0.0042 0.0100 0.0266 0.1213 0.0616 0.0725 0.2314 0.2035 0.1512 0.1176 
  71 0.0052 0.0064 0.0163 0.0574 0.1604 0.0861 0.2075 0.2622 0.1233 0.0752 
  72 0.0051 0.0067 0.0235 0.0816 0.0607 0.2014 0.2013 0.1927 0.1411 0.0859 
  73 0.0051 0.0069 0.0155 0.0653 0.1764 0.0838 0.0963 0.3153 0.1506 0.0847 
  74 0.0040 0.0041 0.0177 0.1714 0.0524 0.0869 0.2421 0.2047 0.1037 0.1130 
  75 0.0050 0.0084 0.0188 0.1493 0.0680 0.0765 0.1976 0.2440 0.0873 0.1452 
  76 0.0050 0.0039 0.0164 0.0781 0.0485 0.1156 0.0950 0.2879 0.2505 0.0991 
  77 0.0047 0.0040 0.0153 0.1184 0.1187 0.0759 0.2260 0.1887 0.1762 0.0720 
  78 0.0053 0.0044 0.0167 0.1262 0.1173 0.0787 0.2870 0.1554 0.1373 0.0716 
  79 0.0042 0.0042 0.0137 0.0608 0.0736 0.1664 0.1453 0.0935 0.3255 0.1127 
  80 0.0044 0.0042 0.0163 0.1386 0.0520 0.0888 0.0908 0.1053 0.1662 0.3334 
  81 0.0047 0.0045 0.0201 0.0917 0.0492 0.0936 0.1106 0.0899 0.2254 0.3103 
  82 0.0046 0.0043 0.0123 0.0954 0.1143 0.1078 0.1030 0.2158 0.1851 0.1575 
  83 0.0044 0.0050 0.0206 0.0727 0.0457 0.0983 0.1844 0.1378 0.1897 0.2414 
  84 0.0043 0.0043 0.0152 0.0742 0.0534 0.1058 0.1566 0.0974 0.2624 0.2264 
  85 0.0041 0.0047 0.0123 0.0826 0.0537 0.1301 0.2021 0.1122 0.1476 0.2506 
  86 0.0060 0.0040 0.0169 0.0523 0.1177 0.1595 0.0876 0.2804 0.1649 0.1107 
  87 0.0049 0.0094 0.0273 0.0649 0.0636 0.0941 0.1838 0.1161 0.3195 0.1164 
  88 0.0044 0.0042 0.0147 0.1283 0.0655 0.0924 0.1103 0.1165 0.2451 0.2186 
  89 0.0052 0.0103 0.0148 0.1173 0.0568 0.0910 0.1030 0.1125 0.2226 0.2665 
  90 0.0043 0.0040 0.0144 0.0615 0.0682 0.0939 0.1219 0.1022 0.3952 0.1343 
  91 0.0042 0.0048 0.0124 0.1200 0.0446 0.0919 0.1723 0.1083 0.1302 0.3114 
  92 0.0044 0.0042 0.0138 0.0759 0.0796 0.1298 0.1312 0.1210 0.2805 0.1597 
  93 0.0045 0.0174 0.0115 0.1134 0.0563 0.0864 0.0831 0.1003 0.1085 0.4187 
  94 0.0043 0.0047 0.0758 0.0570 0.0430 0.0772 0.2741 0.0936 0.2641 0.1063 
  95 0.0042 0.0042 0.0159 0.1022 0.0581 0.0719 0.1036 0.0994 0.3520 0.1886 
  96 0.0043 0.0045 0.0106 0.1601 0.0577 0.0691 0.0732 0.3312 0.1343 0.1550 
  97 0.0049 0.0041 0.0113 0.1069 0.0667 0.0804 0.2260 0.2464 0.0999 0.1533 
  98 0.0036 0.0037 0.0116 0.1660 0.0858 0.1397 0.1054 0.2191 0.1706 0.0945 
  99 0.0041 0.0044 0.0138 0.0732 0.0562 0.0986 0.1310 0.0938 0.3095 0.2154 
 100 0.0046 0.0042 0.0097 0.1435 0.0608 0.0798 0.0670 0.1696 0.1197 0.3412 
 101 0.0058 0.0336 0.0183 0.0868 0.0683 0.0956 0.1636 0.1363 0.2566 0.1350 
 102 0.0056 0.0055 0.0147 0.1421 0.0855 0.0724 0.1466 0.1496 0.1511 0.2269 
 103 0.0048 0.0195 0.0177 0.0556 0.0732 0.0950 0.0814 0.2197 0.2532 0.1798 
 104 0.0044 0.0077 0.0235 0.0355 0.0774 0.0915 0.0884 0.1056 0.4188 0.1471 
 105 0.0054 0.0170 0.0191 0.0440 0.1663 0.0813 0.0751 0.1430 0.2695 0.1792 
 106 0.0042 0.0036 0.0223 0.0432 0.0706 0.1153 0.1769 0.1034 0.3900 0.0705 
 107 0.0055 0.0126 0.0245 0.0528 0.0887 0.0968 0.0823 0.1694 0.2951 0.1723 
 108 0.0041 0.0052 0.0118 0.0409 0.0563 0.0989 0.1987 0.3514 0.1253 0.1074 
 109 0.0053 0.0075 0.0161 0.0389 0.2534 0.0917 0.1673 0.1304 0.2135 0.0759 
 110 0.0046 0.0059 0.0380 0.0479 0.0891 0.1128 0.1953 0.0830 0.3485 0.0749 
 111 0.0067 0.0072 0.0362 0.0417 0.1560 0.0903 0.0796 0.1168 0.3510 0.1146 
 112 0.0043 0.0042 0.0819 0.0463 0.2371 0.0743 0.1224 0.1018 0.2471 0.0805 
 113 0.0048 0.0074 0.0165 0.0606 0.0975 0.1441 0.1290 0.2545 0.1582 0.1274 
 114 0.0046 0.0080 0.0263 0.0393 0.1336 0.0817 0.0858 0.1026 0.3461 0.1721 
 115 0.0052 0.0048 0.0293 0.1058 0.1302 0.1060 0.0894 0.1438 0.2951 0.0905 
 116 0.0056 0.0040 0.0224 0.0531 0.1165 0.0916 0.1994 0.1870 0.2490 0.0715 
 117 0.0061 0.0083 0.0309 0.0916 0.1885 0.1031 0.1586 0.0790 0.2576 0.0763 
 118 0.0048 0.0040 0.0176 0.0435 0.2032 0.0976 0.0845 0.2332 0.1994 0.1122 
 119 0.0041 0.0050 0.0114 0.1636 0.0429 0.0682 0.1290 0.2517 0.1675 0.1566 
 120 0.0053 0.0054 0.0329 0.0716 0.1571 0.0939 0.0972 0.1567 0.2618 0.1181 
 121 0.0096 0.0121 0.0531 0.0808 0.1716 0.0948 0.1113 0.1516 0.2399 0.0750 
 122 0.0041 0.0072 0.0239 0.0449 0.1392 0.1089 0.1572 0.1082 0.3101 0.0963 
 123 0.0052 0.0070 0.0465 0.0493 0.0885 0.0989 0.1442 0.1392 0.2967 0.1246 
 124 0.0073 0.0054 0.0617 0.0458 0.1161 0.1408 0.1523 0.1856 0.1933 0.0917 
 125 0.0049 0.0053 0.0413 0.1013 0.1930 0.1208 0.2338 0.0877 0.1335 0.0783 
 126 0.0037 0.0038 0.0296 0.0616 0.0594 0.0821 0.1941 0.1906 0.2553 0.1197 
 127 0.0049 0.0046 0.0978 0.0421 0.0963 0.0791 0.0750 0.1396 0.3432 0.1175 
 128 0.0042 0.0039 0.0126 0.0444 0.1900 0.1027 0.0727 0.2440 0.2162 0.1093 
 129 0.0058 0.0164 0.0174 0.0400 0.1046 0.0948 0.0777 0.1926 0.3625 0.0880 
 130 0.0055 0.0101 0.0314 0.0505 0.1629 0.0866 0.0909 0.1051 0.2931 0.1640 
 131 0.0083 0.0152 0.0551 0.0478 0.1093 0.1075 0.2501 0.1281 0.2044 0.0741 
 132 0.0046 0.0075 0.0234 0.0400 0.0818 0.1043 0.1364 0.1528 0.3663 0.0829 
 133 0.0082 0.0106 0.0308 0.0479 0.0688 0.1070 0.0917 0.1914 0.3131 0.1306 
 134 0.0041 0.0038 0.0415 0.0386 0.1344 0.0893 0.1302 0.0754 0.4180 0.0646 
 135 0.0053 0.0041 0.0121 0.0908 0.0980 0.0637 0.1010 0.2195 0.0823 0.3232 
 136 0.0053 0.0075 0.0104 0.0882 0.0788 0.1174 0.0803 0.0992 0.0812 0.4318 
 137 0.0043 0.0081 0.0113 0.1667 0.0851 0.0804 0.0771 0.0793 0.0972 0.3905 
 138 0.0043 0.0042 0.0127 0.0689 0.0453 0.0718 0.0965 0.0934 0.0816 0.5213 
 139 0.0042 0.0071 0.0122 0.0575 0.0846 0.0991 0.0905 0.2875 0.1033 0.2540 
 140 0.0048 0.0109 0.0135 0.1133 0.0644 0.0842 0.1286 0.1663 0.1436 0.2703 
 141 0.0049 0.0221 0.0120 0.0615 0.0750 0.1333 0.1137 0.1164 0.0888 0.3723 
 142 0.0049 0.0102 0.0115 0.0781 0.0796 0.0653 0.0906 0.2829 0.0849 0.2920 
 143 0.0039 0.0038 0.0096 0.1393 0.0454 0.0706 0.0678 0.0915 0.0786 0.4893 
 144 0.0046 0.0046 0.0109 0.1518 0.0820 0.0721 0.0725 0.0868 0.0961 0.4186 
 145 0.0056 0.0078 0.0118 0.0881 0.0954 0.1376 0.1133 0.1475 0.0895 0.3036 
 146 0.0062 0.0081 0.0141 0.1065 0.0764 0.1034 0.1313 0.0969 0.1448 0.3122 
 147 0.0043 0.0065 0.0099 0.1235 0.0479 0.0777 0.0716 0.0772 0.0795 0.5018 
 148 0.0050 0.0259 0.0120 0.0759 0.0848 0.1243 0.0814 0.1644 0.1076 0.3186 
 149 0.0052 0.1450 0.0169 0.0947 0.0697 0.0765 0.1058 0.1792 0.0830 0.2240 
 150 0.0050 0.0083 0.0122 0.0918 0.1046 0.0929 0.0811 0.1136 0.1408 0.3497 
 151 0.0046 0.0039 0.0111 0.1017 0.0572 0.0776 0.0785 0.1114 0.1054 0.4486 
 152 0.0049 0.0108 0.0114 0.0665 0.0779 0.1190 0.1129 0.1798 0.0863 0.3306 
 153 0.0044 0.0081 0.0268 0.0974 0.0562 0.0772 0.1137 0.1188 0.0988 0.3987 
 154 0.0051 0.1967 0.0141 0.0742 0.0697 0.1162 0.0788 0.1693 0.0843 0.1916 
 155 0.0043 0.0043 0.0114 0.0588 0.0468 0.0748 0.0697 0.0918 0.1074 0.5307 
 156 0.0040 0.0040 0.0146 0.1207 0.0643 0.0654 0.0700 0.1814 0.0951 0.3803 
 157 0.0042 0.0071 0.0135 0.0804 0.0476 0.0732 0.1055 0.0782 0.1579 0.4324 
 158 0.0053 0.0077 0.0123 0.1030 0.0994 0.1284 0.1233 0.1179 0.0850 0.3176 
 159 0.0054 0.0709 0.0108 0.1328 0.0583 0.0753 0.0738 0.0840 0.0806 0.4080 
 160 0.0058 0.0649 0.0107 0.0690 0.0626 0.0756 0.0746 0.0924 0.0818 0.4626 
 161 0.0041 0.0077 0.0131 0.2139 0.0623 0.0908 0.1242 0.1120 0.1092 0.2626 
 162 0.0065 0.0081 0.0133 0.0622 0.0818 0.1095 0.1229 0.1191 0.1539 0.3227 
 163 0.0041 0.0044 0.0173 0.0803 0.0479 0.0669 0.0723 0.1176 0.0955 0.4937 
 164 0.0069 0.1099 0.0123 0.0694 0.0619 0.0930 0.0948 0.1305 0.1619 0.2593 
 165 0.0052 0.0043 0.0119 0.1023 0.1047 0.0791 0.0809 0.1038 0.1270 0.3808 
 166 0.0047 0.1041 0.0134 0.0683 0.0448 0.0721 0.1499 0.1455 0.1371 0.2600 
 167 0.0078 0.2355 0.0134 0.0540 0.0562 0.1302 0.0804 0.0796 0.1030 0.2399 
 168 0.0044 0.0047 0.0116 0.0696 0.0519 0.0774 0.1680 0.1121 0.0847 0.4157 
 169 0.0056 0.0079 0.0134 0.0854 0.0998 0.1184 0.2342 0.1039 0.0817 0.2497 
 170 0.0041 0.0044 0.0102 0.2798 0.0516 0.0753 0.0776 0.1739 0.1134 0.2096 
 171 0.0046 0.0060 0.0108 0.0673 0.0563 0.1111 0.1366 0.1428 0.1043 0.3602 
 172 0.0048 0.0228 0.0214 0.1143 0.0730 0.0746 0.1961 0.1780 0.0778 0.2371 
 173 0.0046 0.0064 0.0095 0.0550 0.0575 0.0766 0.0687 0.1080 0.0850 0.5286 
 174 0.0043 0.0068 0.0112 0.0685 0.0549 0.0852 0.0833 0.0828 0.1098 0.4932 
 175 0.0046 0.0046 0.0097 0.2010 0.0524 0.1250 0.0714 0.1014 0.0832 0.3467 
 176 0.0046 0.0044 0.0111 0.1524 0.0816 0.0731 0.0717 0.0883 0.0956 0.4172 
 177 0.0046 0.0074 0.0152 0.0657 0.0577 0.0775 0.1670 0.0876 0.1551 0.3622 
 178 0.0049 0.0078 0.0111 0.0554 0.0597 0.1464 0.0827 0.0895 0.1133 0.4293 
 179 0.0041 0.0130 0.0096 0.0584 0.0436 0.0806 0.0679 0.0866 0.0852 0.5510 
 180 0.0064 0.0225 0.0136 0.1253 0.0713 0.1017 0.1178 0.1079 0.1097 0.3237 
 181 0.0050 0.0071 0.0116 0.0969 0.0776 0.0845 0.1049 0.1706 0.0895 0.3524 
 182 0.0055 0.0048 0.0098 0.0927 0.0634 0.0692 0.0722 0.1679 0.0855 0.4291 
 183 0.0043 0.0065 0.0096 0.0863 0.0480 0.0826 0.0697 0.1045 0.0844 0.5039 
 184 0.0051 0.0038 0.0110 0.0511 0.0846 0.2093 0.0791 0.2783 0.1580 0.1198 
 185 0.0037 0.0041 0.0260 0.0894 0.0550 0.0629 0.0582 0.1758 0.0703 0.4547 
 186 0.0045 0.0038 0.0130 0.0523 0.0612 0.1634 0.0773 0.2276 0.2869 0.1100 
 187 0.0040 0.0045 0.0129 0.0570 0.0600 0.1283 0.0717 0.2054 0.1614 0.2949 
 188 0.0047 0.0039 0.0119 0.0457 0.0627 0.1613 0.0645 0.2876 0.2688 0.0888 
 189 0.0042 0.0043 0.0150 0.0987 0.0480 0.1800 0.1468 0.1848 0.1030 0.2152 
 190 0.0037 0.0036 0.0106 0.0664 0.0572 0.0565 0.0571 0.4655 0.0766 0.2028 
 191 0.0042 0.0040 0.0104 0.0556 0.0996 0.1314 0.0714 0.2616 0.1967 0.1649 
 192 0.0039 0.0039 0.0119 0.0995 0.0722 0.1456 0.0780 0.1477 0.1978 0.2395 
 193 0.0043 0.0038 0.0102 0.0930 0.0978 0.1403 0.0886 0.2148 0.1467 0.2004 
 194 0.0043 0.0048 0.0145 0.1684 0.0577 0.1127 0.0803 0.2108 0.1780 0.1685 
 195 0.0038 0.0041 0.0121 0.0729 0.0473 0.0753 0.0604 0.3310 0.0931 0.3001 
 196 0.0038 0.0038 0.0110 0.0659 0.0689 0.0779 0.0668 0.4007 0.1053 0.1959 
 197 0.0048 0.0043 0.0213 0.0458 0.0805 0.1976 0.0810 0.1787 0.1622 0.2237 
 198 0.0038 0.0042 0.0145 0.0891 0.0659 0.1621 0.1217 0.1836 0.1924 0.1628 
 199 0.0044 0.0038 0.0126 0.1001 0.0739 0.0774 0.0827 0.3905 0.1110 0.1437 
 200 0.0039 0.0038 0.0106 0.0581 0.0789 0.1078 0.0880 0.3742 0.0906 0.1842 
 201 0.0037 0.0039 0.0100 0.0572 0.0547 0.0932 0.0602 0.2126 0.1025 0.4019 
 202 0.0037 0.0039 0.0136 0.1454 0.0618 0.0728 0.0615 0.2362 0.1046 0.2966 
 203 0.0042 0.0042 0.0121 0.0595 0.0701 0.0791 0.0588 0.2103 0.0982 0.4035 
 204 0.0041 0.0041 0.0113 0.0673 0.0583 0.0723 0.0604 0.4133 0.1234 0.1856 
 205 0.0040 0.0041 0.0125 0.0634 0.0664 0.0996 0.0857 0.3634 0.1477 0.1533 
 206 0.0042 0.0048 0.0106 0.0606 0.0575 0.0966 0.0595 0.3724 0.1161 0.2177 
 207 0.0041 0.0037 0.0104 0.0638 0.0950 0.0843 0.0598 0.4002 0.1571 0.1218 
 208 0.0039 0.0038 0.0100 0.0484 0.0688 0.0818 0.0626 0.3111 0.1208 0.2890 
 209 0.0041 0.0039 0.0099 0.0763 0.1000 0.1309 0.0721 0.2530 0.1732 0.1765 
 210 0.0039 0.0040 0.0114 0.0582 0.0647 0.0926 0.0648 0.3357 0.1427 0.2219 
 211 0.0049 0.0038 0.0119 0.1104 0.1585 0.0756 0.0586 0.2707 0.1243 0.1813 
 212 0.0037 0.0040 0.0127 0.1078 0.0579 0.1111 0.0739 0.2009 0.0922 0.3359 
 213 0.0040 0.0041 0.0170 0.1098 0.0672 0.0743 0.1117 0.2888 0.1846 0.1385 
 214 0.0039 0.0037 0.0100 0.1041 0.0744 0.0855 0.0608 0.2102 0.0917 0.3557 
 215 0.0041 0.0039 0.0112 0.0481 0.0915 0.1004 0.0791 0.3692 0.1560 0.1364 
 216 0.0052 0.0038 0.0115 0.0607 0.0831 0.2185 0.0849 0.2491 0.1455 0.1377 
 217 0.0037 0.0040 0.0104 0.0848 0.0568 0.0975 0.0682 0.2619 0.0903 0.3223 
 218 0.0043 0.0041 0.0124 0.0622 0.0739 0.0981 0.0876 0.2910 0.1731 0.1935 
 219 0.0057 0.0044 0.0117 0.0654 0.0525 0.2073 0.0968 0.1780 0.1137 0.2645 
 220 0.0042 0.0040 0.0102 0.0540 0.0727 0.0871 0.0611 0.3759 0.1750 0.1558 
 221 0.0038 0.0039 0.0108 0.2887 0.0535 0.0660 0.0608 0.2113 0.0783 0.2228 
 222 0.0048 0.0040 0.0115 0.0720 0.0610 0.2640 0.0835 0.1857 0.1436 0.1699 
 223 0.0042 0.0042 0.0135 0.0657 0.0583 0.1357 0.0860 0.1766 0.1291 0.3267 
 224 0.0042 0.0045 0.0113 0.0870 0.0590 0.0996 0.0603 0.2446 0.1110 0.3184 
 225 0.0039 0.0040 0.0123 0.0701 0.0678 0.0963 0.0745 0.3510 0.1341 0.1859 
 226 0.0052 0.0048 0.0131 0.0698 0.0817 0.1431 0.1633 0.2193 0.1146 0.1853 
 227 0.0041 0.0045 0.0164 0.0800 0.0559 0.0736 0.0603 0.3387 0.1379 0.2286 
 228 0.0039 0.0043 0.0198 0.0723 0.0561 0.0684 0.0572 0.3566 0.0820 0.2793 
 229 0.0042 0.0041 0.0112 0.0978 0.0621 0.1126 0.0610 0.1843 0.1469 0.3157 
 230 0.0044 0.0040 0.0108 0.0890 0.0805 0.0952 0.0606 0.2457 0.1410 0.2688 
 231 0.0041 0.0041 0.0108 0.0618 0.0747 0.1508 0.0701 0.1830 0.1201 0.3205 
 232 0.0045 0.0041 0.0170 0.1593 0.0719 0.0799 0.1252 0.2045 0.1507 0.1829 
 233 0.0039 0.0037 0.0099 0.0661 0.0700 0.0888 0.0609 0.1583 0.0926 0.4457 
 234 0.0037 0.0039 0.0121 0.0595 0.0866 0.1875 0.0880 0.1586 0.1543 0.2458 
 235 0.0041 0.0041 0.0109 0.1094 0.0574 0.1172 0.0878 0.2480 0.1265 0.2346 
 236 0.0039 0.0038 0.0111 0.0769 0.0857 0.1219 0.0735 0.1731 0.1086 0.3415 
 237 0.0040 0.0040 0.0122 0.0550 0.1071 0.0951 0.0706 0.3694 0.1289 0.1536 
 238 0.0038 0.0037 0.0116 0.1183 0.0670 0.0985 0.0656 0.1885 0.1204 0.3226 
 239 0.0039 0.0041 0.0119 0.0744 0.0465 0.0761 0.0607 0.3303 0.0931 0.2990 
 240 0.0037 0.0037 0.0117 0.1197 0.0665 0.0990 0.0658 0.1864 0.1212 0.3224 
 241 0.0048 0.0040 0.0098 0.1224 0.0583 0.0797 0.0802 0.2371 0.1021 0.3018 
 242 0.0044 0.0048 0.0136 0.0784 0.0481 0.1396 0.0952 0.2847 0.1276 0.2038 
 243 0.0036 0.0037 0.0100 0.0596 0.0753 0.0673 0.0570 0.4298 0.0864 0.2074 
 244 0.0041 0.0039 0.0106 0.0762 0.0769 0.0881 0.0607 0.2352 0.1014 0.3429 
 245 0.0037 0.0040 0.0135 0.0957 0.0489 0.0758 0.0680 0.1776 0.1035 0.4093 
 246 0.0038 0.0038 0.0106 0.0859 0.0563 0.0983 0.0683 0.2622 0.0902 0.3206 
 247 0.0037 0.0037 0.0136 0.0531 0.0679 0.1069 0.1266 0.2441 0.2813 0.0991 
 248 0.0038 0.0036 0.0111 0.0441 0.1099 0.1046 0.0733 0.3603 0.1721 0.1170 
 249 0.0042 0.0037 0.0103 0.1277 0.0780 0.0948 0.0609 0.2180 0.1277 0.2748 
 250 0.0042 0.0039 0.0111 0.0908 0.0884 0.1309 0.0732 0.1782 0.1500 0.2692 
 251 0.0043 0.0040 0.0117 0.0579 0.0948 0.1587 0.1325 0.2610 0.1147 0.1603 
 252 0.0038 0.0041 0.0133 0.0883 0.0532 0.1144 0.0756 0.2707 0.1404 0.2361 
 253 0.0040 0.0039 0.0155 0.0774 0.0743 0.1156 0.1147 0.2968 0.1759 0.1219 
 254 0.0047 0.0038 0.0117 0.0579 0.0627 0.2268 0.0697 0.2302 0.1298 0.2026 
 255 0.0040 0.0039 0.0103 0.0934 0.0726 0.1611 0.0722 0.1841 0.1842 0.2143 
 256 0.0042 0.0037 0.0104 0.1003 0.0727 0.0942 0.0725 0.2992 0.1079 0.2349 
 257 0.0071 0.0062 0.0136 0.0856 0.0770 0.1012 0.0783 0.2940 0.1529 0.1841 
 258 0.0037 0.0040 0.0140 0.0547 0.0857 0.1173 0.0924 0.3045 0.1574 0.1663 
 259 0.0046 0.0046 0.0111 0.0904 0.0872 0.1246 0.0725 0.2527 0.1581 0.1942 
 260 0.0046 0.0039 0.0117 0.0809 0.0615 0.2308 0.0703 0.1287 0.1168 0.2908 
 261 0.0039 0.0039 0.0143 0.0764 0.0522 0.1026 0.0769 0.2713 0.1025 0.2959 
 262 0.0038 0.0038 0.0111 0.0832 0.0537 0.0669 0.0654 0.3903 0.0774 0.2444 
 263 0.0053 0.0039 0.0113 0.0482 0.0747 0.1432 0.0598 0.3762 0.1264 0.1510 
 264 0.0054 0.0036 0.0110 0.0452 0.0788 0.3161 0.0900 0.2067 0.1566 0.0866 
 265 0.0040 0.0041 0.0114 0.0608 0.0639 0.1423 0.0890 0.2468 0.1326 0.2452 
 266 0.0037 0.0038 0.0116 0.1288 0.0550 0.0661 0.0610 0.2471 0.0782 0.3446 
 267 0.0039 0.0037 0.0112 0.0820 0.1055 0.1385 0.0689 0.2069 0.1387 0.2405 
 268 0.0039 0.0038 0.0114 0.0667 0.0705 0.0776 0.0673 0.3971 0.1040 0.1977 
 269 0.0039 0.0041 0.0116 0.0603 0.0592 0.2129 0.1107 0.1795 0.1070 0.2509 
 270 0.0052 0.0075 0.0135 0.0511 0.0829 0.1721 0.0833 0.2565 0.1734 0.1545 
 271 0.0044 0.0038 0.0116 0.0574 0.0948 0.1047 0.0889 0.3321 0.1460 0.1564 
 272 0.0052 0.0047 0.0133 0.0603 0.0970 0.1134 0.1483 0.2854 0.1111 0.1612 
 273 0.0196 0.0286 0.0268 0.0877 0.0888 0.1241 0.1073 0.1546 0.1574 0.2051 
 274 0.0045 0.0039 0.0113 0.0664 0.0830 0.1369 0.1090 0.2618 0.1457 0.1773 
 275 0.0075 0.0192 0.0151 0.0607 0.0943 0.1544 0.0977 0.2326 0.1110 0.2075 
 276 0.0053 0.0045 0.0132 0.0799 0.1021 0.1018 0.1259 0.3156 0.1301 0.1216 
 277 0.0040 0.0039 0.0115 0.0839 0.0635 0.1542 0.0879 0.1902 0.1344 0.2664 
 278 0.0040 0.0037 0.0109 0.0459 0.0909 0.0938 0.0785 0.3910 0.1158 0.1654 
 279 0.0042 0.0038 0.0109 0.0738 0.0845 0.1315 0.0882 0.2522 0.1305 0.2205 
 280 0.0038 0.0039 0.0134 0.0703 0.0705 0.1483 0.1205 0.2567 0.1069 0.2057 
 281 0.0044 0.0039 0.0127 0.0671 0.0732 0.0996 0.0980 0.2644 0.1988 0.1778 
 282 0.0037 0.0037 0.0112 0.0824 0.0640 0.1397 0.0742 0.1273 0.1110 0.3828 
 283 0.0039 0.0042 0.0117 0.1015 0.0550 0.0971 0.0600 0.1490 0.1269 0.3907 
 284 0.0039 0.0070 0.0130 0.0794 0.1023 0.1251 0.0825 0.1861 0.1381 0.2626 
 285 0.0040 0.0036 0.0117 0.0441 0.1023 0.0983 0.0943 0.3919 0.1668 0.0830 
 286 0.0041 0.0040 0.0106 0.0761 0.0763 0.0878 0.0604 0.2374 0.1033 0.3401 
 287 0.0043 0.0042 0.0134 0.0790 0.0557 0.1280 0.1193 0.1939 0.1833 0.2191 
 288 0.0052 0.0049 0.0126 0.0605 0.0847 0.1357 0.1254 0.2659 0.1432 0.1619 
 289 0.0067 0.0069 0.0160 0.0717 0.0868 0.1304 0.0898 0.2818 0.1767 0.1331 
 290 0.0056 0.0037 0.0126 0.1080 0.1057 0.1489 0.0872 0.2790 0.1117 0.1376 
 291 0.0043 0.0038 0.0115 0.0580 0.0934 0.1052 0.0890 0.3336 0.1468 0.1545 
 292 0.0040 0.0041 0.0179 0.0837 0.0576 0.1142 0.1203 0.3027 0.0943 0.2012 
 293 0.0044 0.0036 0.0131 0.0613 0.1097 0.1982 0.1059 0.2725 0.1135 0.1179 
 294 0.0056 0.0042 0.0123 0.0554 0.0619 0.1308 0.0660 0.4096 0.1381 0.1161 
 295 0.0050 0.0112 0.0167 0.0714 0.0947 0.1172 0.1267 0.2902 0.1351 0.1317 
 296 0.0043 0.0039 0.0125 0.0522 0.0810 0.0798 0.0819 0.3587 0.1597 0.1658 
 297 0.0041 0.0042 0.0127 0.0754 0.0701 0.1717 0.1197 0.2410 0.1458 0.1553 
 298 0.0039 0.0040 0.0112 0.1006 0.0648 0.1545 0.0730 0.1313 0.1532 0.3035 
 299 0.0053 0.0044 0.0117 0.0607 0.0596 0.1905 0.0602 0.2724 0.1776 0.1577 
 300 0.0042 0.0038 0.0112 0.0568 0.0824 0.0907 0.0795 0.4115 0.1457 0.1142 
 301 0.0052 0.0071 0.0118 0.0509 0.0896 0.2329 0.0882 0.2433 0.1193 0.1515 
 302 0.0057 0.0082 0.0133 0.0468 0.0703 0.1221 0.0681 0.4313 0.1023 0.1318 
 303 0.0039 0.0041 0.0129 0.1043 0.0679 0.1065 0.0845 0.2199 0.1069 0.2890 
 304 0.0049 0.0067 0.0160 0.0679 0.0780 0.1961 0.0752 0.0919 0.1411 0.3222 
 305 0.0041 0.0077 0.0122 0.0643 0.0605 0.0795 0.0723 0.3651 0.0885 0.2458 
 306 0.0042 0.0040 0.0109 0.1192 0.0565 0.1143 0.0838 0.2197 0.0997 0.2878 
 307 0.0048 0.0045 0.0113 0.1083 0.0845 0.1353 0.0889 0.2097 0.1284 0.2243 
 308 0.0038 0.0039 0.0141 0.0777 0.0525 0.1036 0.0763 0.2710 0.1012 0.2957 
 309 0.0172 0.0239 0.0251 0.0601 0.0924 0.1002 0.0680 0.2879 0.1791 0.1460 
 310 0.0037 0.0037 0.0096 0.0717 0.0697 0.0801 0.0592 0.3576 0.0946 0.2501 
 311 0.0045 0.0040 0.0110 0.0896 0.0811 0.0955 0.0604 0.2437 0.1413 0.2689 
 312 0.0040 0.0040 0.0115 0.0538 0.0712 0.0807 0.0608 0.3890 0.1720 0.1530 
 313 0.0041 0.0039 0.0119 0.0471 0.0700 0.0799 0.0707 0.4848 0.1262 0.1015 
 314 0.0043 0.0240 0.0152 0.1182 0.0467 0.0736 0.0730 0.1316 0.0760 0.4374 
 315 0.0040 0.0227 0.0144 0.0971 0.0448 0.0793 0.1099 0.1204 0.0793 0.4280 
 316 0.0067 0.0515 0.0130 0.0674 0.0463 0.0888 0.1305 0.0861 0.0866 0.4232 
 317 0.0048 0.0221 0.0103 0.0968 0.0465 0.0751 0.0752 0.0859 0.0790 0.5042 
 318 0.0046 0.0474 0.0105 0.0661 0.0447 0.0814 0.0783 0.0677 0.0797 0.5195 
 319 0.0042 0.0039 0.0095 0.0939 0.0477 0.0706 0.0690 0.0924 0.0778 0.5309 
 320 0.0045 0.0233 0.0150 0.1206 0.0472 0.0733 0.0731 0.1311 0.0760 0.4359 
 321 0.0048 0.0532 0.0107 0.1023 0.0479 0.0828 0.0798 0.0799 0.0805 0.4581 
 322 0.0066 0.0213 0.0132 0.1015 0.0493 0.0825 0.1226 0.1200 0.0853 0.3978 
 323 0.0124 0.0207 0.0113 0.0770 0.0443 0.0849 0.0730 0.0744 0.0817 0.5204 
 324 0.0048 0.0541 0.0106 0.1022 0.0480 0.0825 0.0791 0.0798 0.0810 0.4579 
 325 0.0047 0.0718 0.0110 0.0621 0.0452 0.0856 0.1272 0.0804 0.0833 0.4287 
 326 0.0060 0.2877 0.0112 0.0747 0.0439 0.0807 0.1074 0.0800 0.0851 0.2233 
 327 0.0049 0.0226 0.0107 0.0959 0.0464 0.0754 0.0752 0.0869 0.0791 0.5030 
 328 0.0043 0.0218 0.0107 0.1032 0.0488 0.0822 0.1200 0.1088 0.0847 0.4155 
 329 0.0041 0.0064 0.0099 0.1094 0.0431 0.0753 0.0708 0.0668 0.0785 0.5356 
 330 0.0047 0.0225 0.0105 0.0971 0.0470 0.0760 0.0758 0.0865 0.0783 0.5017 
 331 0.0040 0.0127 0.0098 0.0653 0.0441 0.0754 0.0715 0.0723 0.0795 0.5653 
 332 0.0080 0.2765 0.0108 0.0746 0.0444 0.0849 0.1082 0.0794 0.0852 0.2279 
 333 0.0065 0.2033 0.0116 0.0849 0.0456 0.0790 0.1063 0.0928 0.0858 0.2842 
 334 0.0042 0.0225 0.0106 0.1022 0.0487 0.0823 0.1208 0.1084 0.0839 0.4164 
 335 0.0043 0.0101 0.0105 0.1234 0.0458 0.0760 0.1104 0.1068 0.0811 0.4316 
 336 0.0080 0.2372 0.0152 0.0990 0.0437 0.0814 0.0732 0.1008 0.0787 0.2629 
 337 0.0044 0.0795 0.0113 0.0986 0.0490 0.0867 0.1276 0.0973 0.0842 0.3614 
 338 0.0044 0.2207 0.0102 0.0765 0.0442 0.0833 0.0765 0.0691 0.0823 0.3328 
 339 0.0042 0.0127 0.0098 0.0658 0.0442 0.0762 0.0714 0.0720 0.0796 0.5641 
 340 0.0041 0.0064 0.0093 0.0637 0.0426 0.0699 0.0684 0.0776 0.0782 0.5798 
 341 0.0089 0.1040 0.0123 0.0827 0.0474 0.0771 0.0737 0.0762 0.0822 0.4356 
 342 0.0046 0.0226 0.0105 0.0943 0.0469 0.0758 0.0762 0.0856 0.0785 0.5050 
 343 0.0107 0.0345 0.0160 0.1912 0.0470 0.0847 0.1049 0.1400 0.0800 0.2910 
 344 0.0041 0.0124 0.0099 0.0797 0.0436 0.0765 0.0715 0.0669 0.0791 0.5563 
 345 0.0046 0.0221 0.0107 0.0962 0.0468 0.0758 0.0761 0.0853 0.0790 0.5034 
 346 0.0046 0.0211 0.0100 0.0636 0.0436 0.0748 0.0754 0.0725 0.0786 0.5558 
 347 0.0038 0.0069 0.0098 0.0781 0.0425 0.0701 0.0671 0.0716 0.0775 0.5725 
 348 0.0040 0.0101 0.0139 0.1471 0.0457 0.0721 0.1008 0.1619 0.0773 0.3672 
 349 0.0046 0.0235 0.0106 0.0973 0.0464 0.0761 0.0748 0.0864 0.0794 0.5009 
 350 0.0040 0.0064 0.0138 0.0794 0.0464 0.0739 0.0699 0.1097 0.0765 0.5199 
 351 0.0042 0.0104 0.0103 0.1216 0.0459 0.0762 0.1102 0.1069 0.0820 0.4325 
 352 0.0047 0.0330 0.0115 0.0927 0.0481 0.0802 0.1229 0.1104 0.0828 0.4137 
 353 0.0085 0.2340 0.0152 0.1005 0.0438 0.0821 0.0729 0.0999 0.0781 0.2649 
 354 0.0063 0.0214 0.0122 0.0959 0.0463 0.0814 0.0740 0.0705 0.0818 0.5102 
 355 0.0046 0.0467 0.0104 0.0650 0.0449 0.0823 0.0779 0.0675 0.0798 0.5209 
 356 0.0037 0.0046 0.0133 0.2214 0.0451 0.0711 0.0982 0.1576 0.0768 0.3081 
 357 0.0040 0.0047 0.0103 0.0591 0.0519 0.1500 0.1790 0.0901 0.0977 0.3534 
 358 0.0045 0.1714 0.0107 0.0980 0.0442 0.0828 0.1102 0.0794 0.0833 0.3155 
 359 0.0047 0.1222 0.0102 0.0802 0.0454 0.0793 0.0735 0.0763 0.0805 0.4276 
 360 0.0044 0.0215 0.0102 0.0641 0.0438 0.0745 0.0751 0.0725 0.0786 0.5554 
 361 0.0041 0.0045 0.0107 0.0959 0.0567 0.1498 0.1799 0.1179 0.0981 0.2824 
 362 0.0047 0.0095 0.0154 0.0529 0.0563 0.1189 0.2417 0.1871 0.1881 0.1254 
 363 0.0061 0.0063 0.0228 0.0534 0.0672 0.1653 0.1747 0.1298 0.2841 0.0902 
 364 0.0090 0.0075 0.0142 0.1056 0.0818 0.2374 0.0952 0.1146 0.1411 0.1936 
 365 0.0116 0.0077 0.0206 0.0560 0.1307 0.1971 0.2284 0.1049 0.1409 0.1021 
 366 0.0052 0.0060 0.0145 0.0757 0.0820 0.1956 0.1440 0.2324 0.1052 0.1393 
 367 0.0045 0.0040 0.0353 0.0421 0.0633 0.1056 0.2367 0.0764 0.3558 0.0764 
 368 0.0043 0.0042 0.0118 0.0614 0.0869 0.1492 0.1123 0.1124 0.3440 0.1135 
 369 0.0053 0.0110 0.0154 0.1948 0.0626 0.2013 0.0865 0.1786 0.1302 0.1144 
 370 0.0096 0.0160 0.0240 0.0704 0.1187 0.1642 0.0966 0.1318 0.2568 0.1121 
 371 0.0079 0.0171 0.0159 0.0758 0.0850 0.2900 0.0809 0.1498 0.1462 0.1312 
 372 0.0297 0.0227 0.0264 0.0703 0.1036 0.0985 0.0962 0.1639 0.2483 0.1404 
 373 0.0046 0.0043 0.0230 0.0901 0.0809 0.1415 0.1191 0.1069 0.2867 0.1428 
 374 0.0056 0.0051 0.0144 0.1611 0.1281 0.1535 0.1228 0.1080 0.1347 0.1668 
 375 0.0103 0.0078 0.0215 0.0491 0.0845 0.2675 0.1117 0.0841 0.2754 0.0880 
 376 0.0835 0.0062 0.0200 0.0534 0.0558 0.2250 0.2244 0.0764 0.1722 0.0832 
 377 0.0060 0.0124 0.0148 0.0490 0.0980 0.1543 0.1830 0.1682 0.1888 0.1254 
 378 0.0048 0.0095 0.0832 0.0636 0.0719 0.0772 0.1128 0.1119 0.2564 0.2089 
 379 0.1435 0.0089 0.0300 0.0501 0.0610 0.2017 0.1666 0.0896 0.1742 0.0744 
 380 0.0087 0.0097 0.0166 0.1138 0.0596 0.1566 0.2513 0.1225 0.1086 0.1528 
 381 0.0064 0.0054 0.0221 0.1339 0.0573 0.2930 0.1278 0.1454 0.0907 0.1180 
 382 0.0041 0.0067 0.0147 0.0451 0.0663 0.3234 0.1384 0.0807 0.2180 0.1026 
 383 0.0084 0.1680 0.0178 0.0515 0.0660 0.1897 0.1885 0.0872 0.1023 0.1205 
 384 0.0287 0.0503 0.0388 0.0619 0.0768 0.2592 0.1125 0.0777 0.1493 0.1450 
 385 0.0054 0.0850 0.0128 0.0545 0.2581 0.1570 0.0871 0.0792 0.1103 0.1507 
 386 0.0038 0.0038 0.0159 0.0517 0.0634 0.1662 0.2406 0.1032 0.2614 0.0899 
 387 0.0043 0.0039 0.0193 0.0435 0.0915 0.1802 0.2237 0.0987 0.2181 0.1167 
 388 0.0116 0.0089 0.0177 0.0881 0.1395 0.1703 0.1220 0.0831 0.1592 0.1996 
 389 0.0091 0.0162 0.0154 0.0509 0.2462 0.1207 0.0749 0.2226 0.1439 0.1001 
 390 0.0148 0.0156 0.0857 0.0655 0.0718 0.1022 0.2235 0.1238 0.2173 0.0800 
 391 0.0094 0.0101 0.0228 0.0851 0.2401 0.1006 0.1241 0.1420 0.1514 0.1144 
 392 0.0057 0.0044 0.0203 0.0605 0.0537 0.1777 0.1909 0.1190 0.1964 0.1714 
 393 0.0062 0.0059 0.0557 0.0885 0.0552 0.1288 0.3269 0.0985 0.1026 0.1317 
 394 0.0042 0.0097 0.0189 0.0690 0.0512 0.0934 0.2159 0.1046 0.2040 0.2292 
 395 0.0038 0.0038 0.0155 0.0446 0.0689 0.0953 0.2414 0.2326 0.1840 0.1102 
 396 0.0043 0.0035 0.0173 0.0433 0.0805 0.2234 0.1167 0.0922 0.3415 0.0771 
 397 0.0386 0.0044 0.0126 0.0742 0.0549 0.2499 0.0748 0.1883 0.1281 0.1743 
 398 0.0341 0.0046 0.0198 0.0467 0.0472 0.0955 0.3486 0.0857 0.2369 0.0810 
 399 0.0044 0.0086 0.0419 0.0546 0.1021 0.0917 0.1554 0.1237 0.3227 0.0949 
 400 0.0052 0.0041 0.0254 0.0824 0.0664 0.2063 0.1561 0.0940 0.2519 0.1083 
 401 0.0041 0.0040 0.0281 0.0660 0.0693 0.0721 0.1763 0.1553 0.2989 0.1260 
 402 0.0051 0.0047 0.0178 0.0624 0.0840 0.1536 0.1219 0.1616 0.2581 0.1309 
 403 0.0055 0.0045 0.0139 0.0722 0.1095 0.1180 0.1293 0.1085 0.1238 0.3148 
 404 0.0054 0.0039 0.0142 0.0946 0.1529 0.2266 0.1079 0.1067 0.1616 0.1262 
 405 0.0039 0.0041 0.0132 0.0687 0.0712 0.1592 0.2385 0.1533 0.1584 0.1295 
 406 0.0038 0.0041 0.0120 0.1085 0.0544 0.0900 0.3168 0.1729 0.0983 0.1393 
 407 0.0038 0.0035 0.0135 0.0476 0.0683 0.1877 0.3434 0.0868 0.1688 0.0766 
 408 0.0037 0.0037 0.0229 0.0425 0.0597 0.0696 0.1014 0.2247 0.4005 0.0712 
 409 0.0082 0.0075 0.0182 0.2934 0.0543 0.0847 0.2041 0.1062 0.1105 0.1128 
 410 0.0631 0.0073 0.0394 0.0717 0.0774 0.1229 0.1746 0.1122 0.2036 0.1276 
 411 0.0093 0.0164 0.0171 0.0596 0.0483 0.2689 0.1242 0.1339 0.1739 0.1483 
 412 0.0043 0.0041 0.0130 0.0542 0.0722 0.1718 0.1283 0.1081 0.3356 0.1084 
 413 0.0042 0.0085 0.0140 0.0556 0.0564 0.1080 0.1393 0.1021 0.3124 0.1995 
 414 0.0041 0.0077 0.0188 0.0360 0.1380 0.1896 0.1012 0.1082 0.3110 0.0853 
 415 0.0043 0.0040 0.0174 0.0745 0.0638 0.1978 0.2213 0.1604 0.1672 0.0894 
 416 0.0051 0.0042 0.0339 0.1113 0.1318 0.1247 0.1511 0.1338 0.1917 0.1123 
 417 0.0048 0.0052 0.0158 0.0643 0.0587 0.1197 0.3612 0.0909 0.1954 0.0841 
 418 0.0051 0.0040 0.0222 0.0498 0.0690 0.1629 0.1241 0.0780 0.3978 0.0872 
 419 0.0090 0.0078 0.0306 0.1038 0.0996 0.1209 0.1677 0.1117 0.1674 0.1814 
 420 0.0037 0.0037 0.0324 0.0698 0.0617 0.0744 0.1633 0.2116 0.2999 0.0794 
 421 0.0050 0.0052 0.0178 0.0763 0.0681 0.0977 0.2174 0.1073 0.3196 0.0855 
 422 0.0049 0.0043 0.0122 0.0529 0.0631 0.0868 0.2673 0.2408 0.1665 0.1010 
 423 0.0055 0.0043 0.0146 0.0456 0.0705 0.1995 0.2033 0.1290 0.1881 0.1395 
 424 0.0069 0.0066 0.0215 0.0837 0.1032 0.0949 0.2303 0.1315 0.2040 0.1173 
 425 0.0140 0.0072 0.0236 0.0566 0.1515 0.2243 0.1205 0.1009 0.1473 0.1542 
 426 0.0226 0.0246 0.0318 0.0711 0.0947 0.1328 0.1873 0.1013 0.2067 0.1269 
 427 0.0042 0.0079 0.0189 0.0428 0.0476 0.0940 0.3697 0.0747 0.1763 0.1639 
 428 0.0167 0.0056 0.0155 0.0734 0.0577 0.0821 0.3233 0.1402 0.1117 0.1738 
 429 0.0047 0.0039 0.0189 0.0435 0.0498 0.2076 0.2426 0.0789 0.2744 0.0757 
 430 0.0042 0.0045 0.0175 0.0535 0.0601 0.1160 0.4051 0.0895 0.1659 0.0836 
 431 0.0086 0.0109 0.0245 0.0522 0.1133 0.1441 0.1344 0.1304 0.2274 0.1541 
 432 0.0044 0.0042 0.0130 0.0630 0.0735 0.1267 0.1308 0.1172 0.3485 0.1186 
 433 0.0067 0.0053 0.0125 0.1195 0.0703 0.1239 0.0906 0.1490 0.1807 0.2413 
 434 0.0046 0.0044 0.0119 0.1028 0.0798 0.2160 0.1295 0.1504 0.1717 0.1290 
 435 0.0038 0.0041 0.0122 0.0432 0.0467 0.0874 0.4626 0.0837 0.1776 0.0787 
 436 0.0057 0.0048 0.0535 0.0810 0.0462 0.1133 0.3684 0.0838 0.1462 0.0972 
 437 0.0053 0.0043 0.0104 0.0470 0.0515 0.3728 0.1747 0.0929 0.1530 0.0882 
 438 0.0047 0.0053 0.0148 0.0950 0.0533 0.0663 0.3864 0.1373 0.1393 0.0976 
 439 0.0041 0.0041 0.0199 0.0603 0.0530 0.0923 0.4951 0.0665 0.1163 0.0884 
 440 0.0036 0.0038 0.0190 0.0388 0.0646 0.1267 0.4274 0.0821 0.1639 0.0700 
 441 0.0042 0.0046 0.0183 0.0857 0.0610 0.1160 0.3767 0.0841 0.1281 0.1212 
 442 0.0049 0.0037 0.0162 0.0664 0.1418 0.1917 0.1626 0.1127 0.2203 0.0797 
 443 0.0041 0.0043 0.0780 0.0516 0.0767 0.0860 0.2361 0.1738 0.2165 0.0730 
 444 0.0051 0.0040 0.0148 0.0618 0.1252 0.1842 0.2306 0.1216 0.1735 0.0790 
 445 0.0325 0.0049 0.0511 0.1480 0.0559 0.1096 0.2618 0.1145 0.1096 0.1122 
 446 0.0422 0.0055 0.0268 0.0588 0.0524 0.0870 0.3744 0.0648 0.2051 0.0828 
 447 0.0049 0.0044 0.0147 0.0814 0.1395 0.0862 0.3391 0.0997 0.1128 0.1172 
 448 0.0041 0.0041 0.0135 0.0534 0.0742 0.1484 0.3311 0.0978 0.1843 0.0891 
 449 0.0041 0.0041 0.0139 0.0645 0.0783 0.1524 0.3202 0.0998 0.1437 0.1191 
 450 0.0055 0.0046 0.0280 0.0797 0.0822 0.2789 0.1801 0.0616 0.1544 0.1250 
 451 0.0043 0.0038 0.0155 0.0383 0.0763 0.1159 0.1658 0.1110 0.3978 0.0713 
 452 0.0045 0.0043 0.0203 0.0689 0.0625 0.1786 0.2778 0.0738 0.1818 0.1277 
 453 0.0040 0.0045 0.0400 0.0955 0.0961 0.0848 0.1598 0.2636 0.1606 0.0911 
 454 0.0041 0.0085 0.0158 0.0573 0.0550 0.1606 0.3220 0.1020 0.1425 0.1322 
 455 0.0041 0.0048 0.0205 0.0609 0.0571 0.0913 0.4577 0.0933 0.1359 0.0745 
 456 0.0045 0.0041 0.0231 0.0544 0.0675 0.1448 0.3036 0.1797 0.1434 0.0748 
 457 0.0047 0.0041 0.0113 0.0566 0.0580 0.2328 0.3253 0.0854 0.1326 0.0891 
 458 0.0359 0.0050 0.0267 0.0656 0.0562 0.1194 0.3665 0.0780 0.1573 0.0895 
 459 0.0039 0.0043 0.0274 0.1002 0.0602 0.0809 0.3950 0.0645 0.1466 0.1171 
 460 0.0039 0.0041 0.0288 0.0480 0.0566 0.0854 0.4233 0.0720 0.1986 0.0792 
 461 0.0051 0.0042 0.0397 0.0536 0.0658 0.1368 0.2285 0.0606 0.3226 0.0831 
 462 0.0062 0.0050 0.0975 0.0422 0.1879 0.1690 0.1816 0.1205 0.1247 0.0654 
 463 0.0038 0.0045 0.0313 0.0652 0.0513 0.0848 0.3399 0.2226 0.1049 0.0916 
 464 0.0037 0.0039 0.0294 0.0543 0.0566 0.0796 0.3602 0.1139 0.2244 0.0740 
 465 0.0056 0.0044 0.0259 0.0657 0.0715 0.0966 0.2751 0.1137 0.2556 0.0859 
 466 0.0037 0.0040 0.0235 0.0557 0.0588 0.0803 0.3156 0.1830 0.2000 0.0754 
 467 0.0047 0.0053 0.0831 0.0708 0.0691 0.1223 0.2712 0.1271 0.1430 0.1035 
 468 0.0041 0.0040 0.0173 0.0533 0.0516 0.1611 0.4078 0.1163 0.1107 0.0739 
 469 0.0038 0.0040 0.0156 0.0485 0.0483 0.0792 0.5615 0.0620 0.0984 0.0785 
 470 0.0038 0.0039 0.0146 0.0455 0.0451 0.0761 0.4856 0.0733 0.1733 0.0787 
 471 0.0046 0.0038 0.0241 0.0544 0.1252 0.1315 0.1753 0.1995 0.1938 0.0877 
 472 0.0047 0.0040 0.0429 0.0756 0.0953 0.1726 0.2098 0.1365 0.1781 0.0804 
 473 0.0041 0.0045 0.0114 0.0664 0.0616 0.1631 0.2836 0.1283 0.1599 0.1172 
 474 0.0040 0.0040 0.0319 0.0807 0.0635 0.1707 0.2518 0.1107 0.1707 0.1122 
 475 0.0045 0.0042 0.0194 0.0988 0.0678 0.0933 0.2492 0.1045 0.2432 0.1151 
 476 0.0053 0.0046 0.0385 0.0709 0.0543 0.2647 0.2440 0.0976 0.1382 0.0818 
 477 0.0055 0.0049 0.0212 0.0893 0.0966 0.1001 0.2484 0.0988 0.2353 0.0999 
 478 0.0059 0.0049 0.0353 0.0469 0.1166 0.0753 0.2331 0.0733 0.3303 0.0784 
 479 0.0039 0.0041 0.0140 0.0433 0.0576 0.1333 0.4270 0.0717 0.1664 0.0788 
 480 0.0047 0.0041 0.0147 0.0513 0.0474 0.2291 0.3535 0.0772 0.1312 0.0868 
 481 0.0042 0.0036 0.0144 0.0512 0.1623 0.1729 0.1721 0.1373 0.1953 0.0867 
 482 0.0047 0.0037 0.0192 0.0466 0.0479 0.2009 0.3121 0.0712 0.2144 0.0792 
 483 0.0044 0.0051 0.0161 0.0631 0.0561 0.0937 0.4634 0.0686 0.1401 0.0894 
 484 0.0045 0.0043 0.0203 0.0573 0.0727 0.0792 0.4160 0.1569 0.1048 0.0839 
 485 0.0045 0.0051 0.0156 0.0482 0.0489 0.0803 0.5115 0.0716 0.1347 0.0795 
 486 0.0064 0.0048 0.0187 0.0597 0.1373 0.1408 0.0933 0.2687 0.1684 0.1019 
 487 0.0068 0.0051 0.0142 0.0680 0.1447 0.1766 0.1016 0.1364 0.1597 0.1867 
 488 0.0065 0.0050 0.0153 0.0416 0.2179 0.1203 0.0935 0.1256 0.1870 0.1875 
 489 0.0060 0.0051 0.0107 0.1595 0.0853 0.2493 0.0710 0.1703 0.1240 0.1185 
 490 0.0049 0.0040 0.0259 0.0494 0.1213 0.1558 0.1152 0.1884 0.2573 0.0779 
 491 0.0056 0.0046 0.0109 0.0929 0.2035 0.1177 0.0780 0.2042 0.1152 0.1673 
 492 0.0043 0.0047 0.0413 0.0769 0.1394 0.0902 0.0848 0.1371 0.1682 0.2530 
 493 0.0064 0.0050 0.0179 0.0368 0.2516 0.1650 0.0711 0.1487 0.1423 0.1553 
 494 0.0134 0.0043 0.0123 0.0907 0.1604 0.1515 0.0961 0.1894 0.1328 0.1489 
 495 0.0145 0.0057 0.0364 0.0723 0.2067 0.1132 0.0757 0.1238 0.1672 0.1845 
 496 0.0045 0.0048 0.0154 0.2082 0.0551 0.1178 0.0969 0.1764 0.1406 0.1802 
 497 0.0090 0.0071 0.0127 0.0565 0.2468 0.1394 0.0770 0.1493 0.1035 0.1987 
 498 0.0076 0.0053 0.0161 0.1317 0.1898 0.1573 0.0881 0.1500 0.1691 0.0850 
 499 0.0113 0.0058 0.0114 0.0855 0.1020 0.1494 0.0900 0.1759 0.1242 0.2444 
 500 0.0083 0.0044 0.0118 0.0456 0.0917 0.2768 0.0996 0.1970 0.1262 0.1387 
 501 0.0067 0.0042 0.0148 0.1011 0.0975 0.1882 0.1148 0.1057 0.1603 0.2068 
 502 0.0052 0.0043 0.0163 0.1166 0.1789 0.1079 0.1034 0.0766 0.1673 0.2236 
 503 0.0050 0.0039 0.0128 0.0612 0.0895 0.2613 0.1466 0.1175 0.1983 0.1038 
 504 0.0059 0.0045 0.0132 0.0718 0.2110 0.1070 0.1017 0.1450 0.2388 0.1011 
 505 0.0057 0.0039 0.0121 0.1117 0.1281 0.1071 0.0843 0.2637 0.1532 0.1302 
 506 0.0049 0.0040 0.0202 0.1116 0.1642 0.1046 0.0815 0.1271 0.1838 0.1980 
 507 0.0049 0.0046 0.0130 0.1323 0.0485 0.0835 0.0730 0.2164 0.0913 0.3326 
 508 0.0090 0.0059 0.0118 0.1750 0.0712 0.0741 0.0667 0.1786 0.1062 0.3015 
 509 0.0048 0.0038 0.0149 0.0750 0.1084 0.1038 0.0929 0.2317 0.1365 0.2280 
 510 0.0088 0.0040 0.0122 0.1158 0.0769 0.2229 0.0709 0.1089 0.1395 0.2402 
 511 0.0069 0.0043 0.0282 0.0712 0.1174 0.1714 0.1510 0.1463 0.1995 0.1038 
 512 0.0053 0.0035 0.0222 0.0444 0.1104 0.2723 0.1361 0.0998 0.2176 0.0883 
 513 0.0056 0.0050 0.0151 0.0702 0.4167 0.0625 0.0555 0.1568 0.0979 0.1147 
 514 0.0052 0.0068 0.0240 0.0507 0.0798 0.0935 0.1131 0.1179 0.3576 0.1516 
 515 0.0068 0.0046 0.0153 0.0540 0.0780 0.1224 0.2399 0.1528 0.1046 0.2216 
 516 0.0066 0.0046 0.0168 0.0807 0.0847 0.0876 0.0943 0.2154 0.2975 0.1118 
 517 0.0049 0.0048 0.0131 0.0751 0.0526 0.0808 0.2125 0.1942 0.1712 0.1908 
 518 0.0327 0.0047 0.0125 0.0571 0.0695 0.2506 0.0762 0.1231 0.1313 0.2423 
 519 0.0048 0.0043 0.0265 0.0806 0.0992 0.0906 0.1322 0.1127 0.3178 0.1314 
 520 0.0051 0.0047 0.0115 0.0818 0.0496 0.0786 0.2564 0.1754 0.0950 0.2420 
 521 0.0044 0.0859 0.0153 0.0754 0.0586 0.0929 0.0836 0.1667 0.2027 0.2144 
 522 0.0100 0.0053 0.0147 0.0427 0.0608 0.2281 0.1442 0.2206 0.1389 0.1347 
 523 0.0055 0.0110 0.0180 0.0886 0.0499 0.0750 0.1540 0.2678 0.1440 0.1862 
 524 0.0050 0.0047 0.0124 0.0501 0.0495 0.0810 0.3341 0.1393 0.1534 0.1704 
 525 0.0458 0.0056 0.0127 0.0727 0.0532 0.1288 0.1771 0.1591 0.1066 0.2383 
 526 0.0042 0.0042 0.0110 0.0705 0.0450 0.0716 0.3491 0.2336 0.0968 0.1141 
