   1 0.1432 0.5654 0.2914 
   2 0.0203 0.7806 0.1991 
   3 0.0929 0.3522 0.5549 
   4 0.5404 0.3441 0.1155 
   5 0.0200 0.6593 0.3207 
   6 0.0237 0.0632 0.9131 
   7 0.0170 0.0633 0.9197 
   8 0.2918 0.3181 0.3900 
   9 0.0397 0.5550 0.4053 
  10 0.1040 0.1526 0.7434 
  11 0.0181 0.1238 0.8581 
  12 0.0353 0.5973 0.3674 
  13 0.0356 0.1951 0.7694 
  14 0.0458 0.7748 0.1794 
  15 0.1041 0.5984 0.2974 
  16 0.0399 0.1256 0.8345 
  17 0.0347 0.3377 0.6276 
  18 0.0555 0.2963 0.6482 
  19 0.0304 0.1718 0.7978 
  20 0.0304 0.5088 0.4608 
  21 0.1049 0.7004 0.1946 
  22 0.0494 0.1021 0.8485 
  23 0.1025 0.7701 0.1274 
  24 0.1442 0.3710 0.4847 
  25 0.0135 0.1206 0.8659 
  26 0.0744 0.4305 0.4950 
  27 0.0631 0.2462 0.6907 
  28 0.2159 0.2480 0.5361 
  29 0.0277 0.5783 0.3939 
  30 0.0370 0.1366 0.8264 
  31 0.0675 0.3431 0.5895 
  32 0.0734 0.6774 0.2492 
  33 0.0808 0.4334 0.4859 
  34 0.0370 0.1153 0.8477 
  35 0.0234 0.5219 0.4546 
  36 0.0319 0.6023 0.3657 
  37 0.0938 0.7272 0.1790 
  38 0.0153 0.1790 0.8057 
  39 0.0251 0.2348 0.7401 
  40 0.1656 0.6586 0.1758 
  41 0.0318 0.5766 0.3916 
  42 0.2324 0.6389 0.1287 
  43 0.0316 0.8873 0.0811 
  44 0.0195 0.7128 0.2677 
  45 0.0166 0.6210 0.3623 
  46 0.0180 0.2081 0.7740 
  47 0.0369 0.3607 0.6023 
  48 0.0227 0.7163 0.2611 
  49 0.0296 0.5506 0.4198 
  50 0.0492 0.1174 0.8333 
  51 0.0214 0.8778 0.1008 
  52 0.0343 0.2314 0.7343 
  53 0.0411 0.0950 0.8639 
  54 0.0315 0.8247 0.1438 
  55 0.0218 0.8932 0.0850 
  56 0.0354 0.5292 0.4354 
  57 0.1094 0.2677 0.6229 
  58 0.0301 0.7667 0.2032 
  59 0.0260 0.6066 0.3675 
  60 0.0814 0.7664 0.1523 
  61 0.0350 0.9169 0.0481 
  62 0.0276 0.3815 0.5909 
  63 0.0420 0.7799 0.1780 
  64 0.0180 0.1616 0.8205 
  65 0.0128 0.4186 0.5685 
  66 0.0430 0.8792 0.0778 
  67 0.0176 0.8832 0.0992 
  68 0.0308 0.6528 0.3163 
  69 0.0865 0.3483 0.5652 
  70 0.0276 0.8259 0.1465 
  71 0.0134 0.6545 0.3321 
  72 0.0202 0.3054 0.6744 
  73 0.0144 0.8511 0.1345 
  74 0.0739 0.6011 0.3250 
  75 0.0726 0.8256 0.1018 
  76 0.0227 0.7687 0.2085 
  77 0.0223 0.6844 0.2933 
  78 0.0289 0.5465 0.4247 
  79 0.0223 0.1173 0.8604 
  80 0.6182 0.1868 0.1950 
  81 0.3879 0.2528 0.3593 
  82 0.0439 0.7947 0.1614 
  83 0.2190 0.3987 0.3824 
  84 0.1466 0.5030 0.3503 
  85 0.2592 0.4588 0.2820 
  86 0.0209 0.6331 0.3460 
  87 0.0235 0.2261 0.7504 
  88 0.1028 0.7337 0.1635 
  89 0.1395 0.7529 0.1076 
  90 0.0282 0.3990 0.5728 
  91 0.4697 0.3899 0.1404 
  92 0.0467 0.4676 0.4857 
  93 0.8800 0.0678 0.0522 
  94 0.0208 0.0611 0.9180 
  95 0.0517 0.7507 0.1976 
  96 0.0672 0.8861 0.0467 
  97 0.0892 0.7443 0.1665 
  98 0.0396 0.7953 0.1651 
  99 0.1140 0.5481 0.3379 
 100 0.4545 0.4905 0.0550 
 101 0.0288 0.7934 0.1777 
 102 0.1593 0.7166 0.1242 
 103 0.0329 0.8961 0.0710 
 104 0.0305 0.3239 0.6456 
 105 0.0278 0.8791 0.0932 
 106 0.0097 0.0856 0.9047 
 107 0.0440 0.7087 0.2472 
 108 0.0184 0.7280 0.2536 
 109 0.0099 0.2386 0.7515 
 110 0.0129 0.1683 0.8188 
 111 0.0178 0.1488 0.8334 
 112 0.0119 0.1003 0.8878 
 113 0.0245 0.8022 0.1732 
 114 0.0425 0.4002 0.5573 
 115 0.0167 0.7696 0.2136 
 116 0.0110 0.3166 0.6724 
 117 0.0172 0.5355 0.4473 
 118 0.0152 0.7528 0.2320 
 119 0.0794 0.8482 0.0724 
 120 0.0222 0.4745 0.5033 
 121 0.0126 0.8474 0.1400 
 122 0.0146 0.1342 0.8512 
 123 0.0225 0.4405 0.5371 
 124 0.0152 0.3895 0.5953 
 125 0.0240 0.3285 0.6475 
 126 0.0285 0.2722 0.6992 
 127 0.0200 0.1925 0.7876 
 128 0.0157 0.8357 0.1487 
 129 0.0118 0.8635 0.1247 
 130 0.0509 0.5353 0.4138 
 131 0.0133 0.5319 0.4548 
 132 0.0117 0.1680 0.8203 
 133 0.0282 0.4879 0.4839 
 134 0.0085 0.0565 0.9350 
 135 0.3126 0.6168 0.0706 
 136 0.8887 0.0605 0.0508 
 137 0.8145 0.1267 0.0588 
 138 0.8919 0.0584 0.0497 
 139 0.1098 0.8198 0.0705 
 140 0.5008 0.3002 0.1990 
 141 0.8288 0.0789 0.0922 
 142 0.4780 0.4530 0.0690 
 143 0.9140 0.0534 0.0326 
 144 0.8212 0.1265 0.0523 
 145 0.6466 0.2033 0.1501 
 146 0.3846 0.4435 0.1719 
 147 0.9218 0.0426 0.0356 
 148 0.6594 0.2222 0.1183 
 149 0.8423 0.1022 0.0555 
 150 0.5215 0.3811 0.0974 
 151 0.8511 0.0999 0.0489 
 152 0.5300 0.3326 0.1374 
 153 0.8096 0.1174 0.0730 
 154 0.8594 0.0850 0.0556 
 155 0.8875 0.0661 0.0464 
 156 0.5998 0.3478 0.0525 
 157 0.6809 0.1993 0.1199 
 158 0.7535 0.1233 0.1231 
 159 0.9121 0.0522 0.0357 
 160 0.9069 0.0555 0.0376 
 161 0.6071 0.2993 0.0936 
 162 0.2891 0.4943 0.2166 
 163 0.8932 0.0651 0.0418 
 164 0.4128 0.3881 0.1992 
 165 0.6577 0.2618 0.0806 
 166 0.4598 0.4122 0.1280 
 167 0.7479 0.0998 0.1523 
 168 0.7899 0.1303 0.0798 
 169 0.4491 0.1670 0.3839 
 170 0.5530 0.3972 0.0498 
 171 0.5435 0.3393 0.1172 
 172 0.6536 0.2224 0.1240 
 173 0.8731 0.0871 0.0398 
 174 0.8745 0.0727 0.0527 
 175 0.9005 0.0538 0.0457 
 176 0.8231 0.1242 0.0527 
 177 0.4764 0.3014 0.2222 
 178 0.8417 0.0760 0.0823 
 179 0.9167 0.0462 0.0371 
 180 0.6648 0.1692 0.1660 
 181 0.5740 0.3503 0.0757 
 182 0.7274 0.2308 0.0419 
 183 0.8903 0.0685 0.0412 
 184 0.0206 0.7417 0.2377 
 185 0.7874 0.1756 0.0369 
 186 0.0184 0.7347 0.2469 
 187 0.1221 0.7884 0.0894 
 188 0.0142 0.7707 0.2151 
 189 0.2266 0.3371 0.4363 
 190 0.0920 0.8754 0.0326 
 191 0.0328 0.8635 0.1037 
 192 0.0786 0.8285 0.0929 
 193 0.0928 0.7747 0.1324 
 194 0.0558 0.8656 0.0786 
 195 0.3064 0.6498 0.0438 
 196 0.0617 0.8863 0.0520 
 197 0.0505 0.6552 0.2943 
 198 0.0704 0.6997 0.2299 
 199 0.0558 0.8785 0.0657 
 200 0.0799 0.7102 0.2099 
 201 0.5006 0.4422 0.0572 
 202 0.3444 0.6009 0.0546 
 203 0.3543 0.5933 0.0524 
 204 0.0553 0.9036 0.0411 
 205 0.0322 0.8924 0.0755 
 206 0.0668 0.8779 0.0553 
 207 0.0235 0.9219 0.0547 
 208 0.1211 0.8277 0.0512 
 209 0.0498 0.8461 0.1041 
 210 0.0682 0.8754 0.0564 
 211 0.0351 0.9153 0.0496 
 212 0.6629 0.2678 0.0693 
 213 0.0254 0.8927 0.0818 
 214 0.4440 0.5037 0.0523 
 215 0.0202 0.9052 0.0746 
 216 0.0279 0.7821 0.1900 
 217 0.3768 0.5465 0.0767 
 218 0.0441 0.8709 0.0850 
 219 0.1327 0.5533 0.3140 
 220 0.0278 0.9180 0.0543 
 221 0.7048 0.2612 0.0339 
 222 0.0550 0.6454 0.2996 
 223 0.2283 0.6608 0.1109 
 224 0.1889 0.7517 0.0595 
 225 0.0475 0.9001 0.0524 
 226 0.0673 0.7192 0.2135 
 227 0.0895 0.8539 0.0566 
 228 0.1911 0.7696 0.0393 
 229 0.2160 0.7117 0.0724 
 230 0.0953 0.8523 0.0524 
 231 0.2574 0.6279 0.1148 
 232 0.0776 0.8237 0.0988 
 233 0.6216 0.3221 0.0563 
 234 0.0990 0.7352 0.1657 
 235 0.1615 0.7152 0.1233 
 236 0.1759 0.7514 0.0727 
 237 0.0375 0.8882 0.0743 
 238 0.3770 0.5543 0.0687 
 239 0.3101 0.6460 0.0439 
 240 0.3885 0.5431 0.0684 
 241 0.4461 0.5045 0.0494 
 242 0.1339 0.5573 0.3088 
 243 0.0633 0.8993 0.0374 
 244 0.2267 0.7234 0.0499 
 245 0.7513 0.2024 0.0463 
 246 0.3849 0.5399 0.0751 
 247 0.0158 0.7688 0.2154 
 248 0.0171 0.8983 0.0846 
 249 0.1739 0.7713 0.0549 
 250 0.0821 0.8483 0.0696 
 251 0.0510 0.5972 0.3518 
 252 0.0988 0.8343 0.0670 
 253 0.0287 0.8063 0.1650 
 254 0.0543 0.7633 0.1824 
 255 0.1082 0.7343 0.1575 
 256 0.1488 0.7962 0.0551 
 257 0.0431 0.8958 0.0611 
 258 0.0365 0.8591 0.1044 
 259 0.0326 0.9039 0.0635 
 260 0.1582 0.6491 0.1927 
 261 0.2160 0.7198 0.0641 
 262 0.3111 0.6453 0.0436 
 263 0.0296 0.8870 0.0835 
 264 0.0147 0.2880 0.6973 
 265 0.0935 0.7732 0.1333 
 266 0.6979 0.2671 0.0350 
 267 0.1106 0.7541 0.1353 
 268 0.0652 0.8818 0.0530 
 269 0.1983 0.3624 0.4393 
 270 0.0293 0.8002 0.1705 
 271 0.0253 0.9034 0.0713 
 272 0.0346 0.8180 0.1473 
 273 0.1775 0.6947 0.1278 
 274 0.0476 0.8209 0.1315 
 275 0.0770 0.8138 0.1092 
 276 0.0310 0.7700 0.1990 
 277 0.1479 0.7438 0.1082 
 278 0.0273 0.9081 0.0646 
 279 0.0687 0.8529 0.0784 
 280 0.0726 0.7206 0.2068 
 281 0.0415 0.8653 0.0932 
 282 0.3663 0.5206 0.1131 
 283 0.5070 0.4135 0.0795 
 284 0.0740 0.8509 0.0751 
 285 0.0121 0.8870 0.1010 
 286 0.2308 0.7188 0.0504 
 287 0.1078 0.6701 0.2221 
 288 0.0387 0.7980 0.1633 
 289 0.0681 0.7211 0.2108 
 290 0.0326 0.7341 0.2333 
 291 0.0259 0.9023 0.0719 
 292 0.0953 0.7682 0.1364 
 293 0.0304 0.4548 0.5148 
 294 0.0254 0.8702 0.1043 
 295 0.0819 0.5778 0.3403 
 296 0.0283 0.9058 0.0659 
 297 0.0376 0.6924 0.2700 
 298 0.1834 0.7080 0.1085 
 299 0.0331 0.8240 0.1429 
 300 0.0199 0.9096 0.0705 
 301 0.0318 0.7068 0.2614 
 302 0.0250 0.8916 0.0834 
 303 0.2066 0.7064 0.0870 
 304 0.2574 0.4994 0.2432 
 305 0.1456 0.8038 0.0506 
 306 0.3718 0.5313 0.0969 
 307 0.0607 0.8558 0.0835 
 308 0.2094 0.7259 0.0647 
 309 0.0305 0.9023 0.0672 
 310 0.1536 0.8024 0.0440 
 311 0.0942 0.8543 0.0515 
 312 0.0244 0.9262 0.0495 
 313 0.0157 0.9375 0.0468 
 314 0.9249 0.0418 0.0332 
 315 0.8945 0.0590 0.0465 
 316 0.8971 0.0508 0.0521 
 317 0.9316 0.0348 0.0336 
 318 0.9327 0.0322 0.0351 
 319 0.9165 0.0500 0.0335 
 320 0.9231 0.0434 0.0335 
 321 0.9291 0.0350 0.0359 
 322 0.8903 0.0604 0.0493 
 323 0.9288 0.0366 0.0346 
 324 0.9274 0.0357 0.0369 
 325 0.9067 0.0425 0.0508 
 326 0.9155 0.0377 0.0469 
 327 0.9298 0.0362 0.0340 
 328 0.8858 0.0638 0.0504 
 329 0.9294 0.0379 0.0327 
 330 0.9298 0.0353 0.0349 
 331 0.9293 0.0365 0.0342 
 332 0.9040 0.0402 0.0557 
 333 0.9108 0.0435 0.0457 
 334 0.8880 0.0620 0.0501 
 335 0.9003 0.0537 0.0461 
 336 0.9261 0.0360 0.0379 
 337 0.9004 0.0459 0.0537 
 338 0.9321 0.0320 0.0360 
 339 0.9293 0.0368 0.0338 
 340 0.9299 0.0384 0.0317 
 341 0.9305 0.0357 0.0338 
 342 0.9291 0.0363 0.0347 
 343 0.8809 0.0670 0.0521 
 344 0.9321 0.0348 0.0331 
 345 0.9309 0.0352 0.0338 
 346 0.9347 0.0320 0.0332 
 347 0.9349 0.0338 0.0313 
 348 0.8806 0.0739 0.0455 
 349 0.9303 0.0358 0.0339 
 350 0.9107 0.0545 0.0348 
 351 0.8997 0.0538 0.0465 
 352 0.9049 0.0470 0.0481 
 353 0.9272 0.0356 0.0372 
 354 0.9274 0.0392 0.0334 
 355 0.9321 0.0324 0.0355 
 356 0.8297 0.1264 0.0439 
 357 0.5594 0.0974 0.3431 
 358 0.9042 0.0456 0.0502 
 359 0.9288 0.0360 0.0352 
 360 0.9346 0.0328 0.0326 
 361 0.4733 0.1508 0.3759 
 362 0.0254 0.1945 0.7801 
 363 0.0164 0.1344 0.8491 
 364 0.2467 0.1453 0.6080 
 365 0.0230 0.0964 0.8805 
 366 0.0653 0.3494 0.5853 
 367 0.0097 0.0558 0.9345 
 368 0.0226 0.3555 0.6219 
 369 0.2732 0.4215 0.3053 
 370 0.0222 0.7897 0.1880 
 371 0.0530 0.4926 0.4544 
 372 0.0709 0.6536 0.2754 
 373 0.0346 0.1298 0.8356 
 374 0.2629 0.1927 0.5444 
 375 0.0180 0.1171 0.8648 
 376 0.0129 0.0404 0.9467 
 377 0.0276 0.2282 0.7442 
 378 0.1437 0.2251 0.6312 
 379 0.0124 0.0435 0.9441 
 380 0.1141 0.3105 0.5754 
 381 0.0618 0.1223 0.8159 
 382 0.0167 0.0651 0.9182 
 383 0.1556 0.1053 0.7391 
 384 0.0790 0.1645 0.7566 
 385 0.0747 0.1412 0.7841 
 386 0.0150 0.0759 0.9091 
 387 0.0185 0.0891 0.8924 
 388 0.2137 0.3752 0.4112 
 389 0.0178 0.8411 0.1411 
 390 0.0220 0.3571 0.6210 
 391 0.0391 0.5671 0.3938 
 392 0.0371 0.0856 0.8773 
 393 0.0452 0.2783 0.6765 
 394 0.2030 0.2706 0.5264 
 395 0.0183 0.6283 0.3535 
 396 0.0114 0.0946 0.8940 
 397 0.0732 0.4995 0.4273 
 398 0.0126 0.0540 0.9334 
 399 0.0160 0.1654 0.8186 
 400 0.0254 0.0722 0.9023 
 401 0.0274 0.2341 0.7385 
 402 0.0226 0.5911 0.3864 
 403 0.2121 0.5077 0.2802 
 404 0.0399 0.4217 0.5384 
 405 0.0366 0.3605 0.6029 
 406 0.0544 0.6793 0.2663 
 407 0.0123 0.0562 0.9315 
 408 0.0101 0.7030 0.2868 
 409 0.2004 0.6434 0.1561 
 410 0.0439 0.0800 0.8762 
 411 0.0956 0.2081 0.6963 
 412 0.0200 0.1424 0.8376 
 413 0.0880 0.5115 0.4005 
 414 0.0123 0.1483 0.8395 
 415 0.0196 0.0996 0.8809 
 416 0.0313 0.1443 0.8244 
 417 0.0162 0.0567 0.9270 
 418 0.0128 0.0740 0.9132 
 419 0.0682 0.6902 0.2416 
 420 0.0168 0.2839 0.6993 
 421 0.0183 0.1042 0.8776 
 422 0.0191 0.5989 0.3820 
 423 0.0224 0.1685 0.8091 
 424 0.0266 0.5729 0.4005 
 425 0.0441 0.3375 0.6184 
 426 0.0342 0.1257 0.8401 
 427 0.0622 0.0807 0.8571 
 428 0.0653 0.6049 0.3297 
 429 0.0105 0.0447 0.9448 
 430 0.0157 0.0978 0.8865 
 431 0.0266 0.4101 0.5633 
 432 0.0246 0.3187 0.6567 
 433 0.0897 0.7871 0.1232 
 434 0.0700 0.2780 0.6519 
 435 0.0124 0.0751 0.9125 
 436 0.0232 0.0501 0.9268 
 437 0.0142 0.0594 0.9264 
 438 0.0302 0.5220 0.4477 
 439 0.0209 0.0582 0.9208 
 440 0.0102 0.0466 0.9432 
 441 0.0470 0.1322 0.8208 
 442 0.0145 0.1015 0.8840 
 443 0.0122 0.1086 0.8792 
 444 0.0143 0.0991 0.8866 
 445 0.0885 0.3942 0.5172 
 446 0.0148 0.0655 0.9197 
 447 0.0371 0.2601 0.7028 
 448 0.0151 0.1181 0.8668 
 449 0.0297 0.1965 0.7737 
 450 0.0312 0.0701 0.8986 
 451 0.0096 0.1585 0.8319 
 452 0.0238 0.0542 0.9220 
 453 0.0247 0.8114 0.1639 
 454 0.0305 0.0798 0.8897 
 455 0.0140 0.1653 0.8207 
 456 0.0128 0.1103 0.8769 
 457 0.0161 0.0607 0.9233 
 458 0.0185 0.0565 0.9250 
 459 0.0661 0.3025 0.6314 
 460 0.0134 0.0642 0.9224 
 461 0.0135 0.0502 0.9363 
 462 0.0097 0.0943 0.8959 
 463 0.0253 0.6080 0.3667 
 464 0.0129 0.0916 0.8955 
 465 0.0178 0.2836 0.6986 
 466 0.0136 0.4332 0.5532 
 467 0.0277 0.1329 0.8394 
 468 0.0132 0.0746 0.9122 
 469 0.0163 0.0528 0.9309 
 470 0.0129 0.0536 0.9335 
 471 0.0146 0.4588 0.5266 
 472 0.0178 0.2269 0.7553 
 473 0.0287 0.2194 0.7519 
 474 0.0236 0.0766 0.8999 
 475 0.0310 0.3561 0.6129 
 476 0.0179 0.0616 0.9205 
 477 0.0275 0.2202 0.7523 
 478 0.0119 0.0791 0.9090 
 479 0.0119 0.0511 0.9370 
 480 0.0148 0.0426 0.9426 
 481 0.0143 0.2655 0.7202 
 482 0.0117 0.0406 0.9477 
 483 0.0187 0.0858 0.8955 
 484 0.0195 0.3676 0.6129 
 485 0.0133 0.0842 0.9026 
 486 0.0258 0.4723 0.5019 
 487 0.0800 0.3402 0.5798 
 488 0.0309 0.6426 0.3265 
 489 0.1234 0.5827 0.2940 
 490 0.0130 0.1965 0.7906 
 491 0.0467 0.8324 0.1209 
 492 0.0713 0.8022 0.1265 
 493 0.0341 0.5002 0.4657 
 494 0.0410 0.6683 0.2907 
 495 0.0481 0.5886 0.3633 
 496 0.1147 0.7868 0.0985 
 497 0.0862 0.6162 0.2976 
 498 0.0337 0.5287 0.4375 
 499 0.2436 0.4849 0.2714 
 500 0.0335 0.2744 0.6921 
 501 0.0776 0.6327 0.2897 
 502 0.0923 0.6414 0.2663 
 503 0.0180 0.1610 0.8210 
 504 0.0186 0.6483 0.3330 
 505 0.0320 0.8330 0.1350 
 506 0.0909 0.4899 0.4192 
 507 0.6549 0.2927 0.0524 
 508 0.4081 0.5214 0.0705 
 509 0.0690 0.8251 0.1059 
 510 0.1852 0.3970 0.4178 
 511 0.0242 0.1757 0.8001 
 512 0.0137 0.0725 0.9138 
 513 0.0163 0.9300 0.0537 
 514 0.0260 0.5025 0.4715 
 515 0.0773 0.2819 0.6407 
 516 0.0213 0.8155 0.1633 
 517 0.0610 0.5977 0.3413 
 518 0.2671 0.2937 0.4392 
 519 0.0287 0.4907 0.4806 
 520 0.1955 0.5722 0.2323 
 521 0.2164 0.6514 0.1322 
 522 0.0194 0.3848 0.5958 
 523 0.0673 0.8152 0.1175 
 524 0.0387 0.3097 0.6516 
 525 0.1856 0.3736 0.4408 
 526 0.0359 0.6439 0.3202 
 527 0.0239 0.1118 0.8642 
 528 0.4568 0.4654 0.0778 
 529 0.0591 0.7261 0.2148 
 530 0.0483 0.2592 0.6925 
 531 0.3127 0.4218 0.2655 
 532 0.2095 0.3886 0.4018 
 533 0.0341 0.3405 0.6254 
 534 0.0416 0.8375 0.1210 
 535 0.0260 0.7473 0.2267 
 536 0.0602 0.7632 0.1766 
 537 0.0882 0.8496 0.0622 
 538 0.0645 0.8399 0.0956 
 539 0.6884 0.2540 0.0576 
 540 0.1219 0.7084 0.1697 
 541 0.4062 0.4599 0.1338 
 542 0.0252 0.7660 0.2088 
 543 0.0578 0.8655 0.0767 
 544 0.0361 0.8482 0.1158 
 545 0.0158 0.7898 0.1944 
 546 0.0483 0.8503 0.1015 
 547 0.0452 0.8840 0.0708 
 548 0.0835 0.8454 0.0711 
 549 0.3387 0.5408 0.1205 
 550 0.0534 0.5200 0.4266 
 551 0.4584 0.4415 0.1002 
 552 0.0799 0.8255 0.0946 
 553 0.0656 0.8841 0.0503 
 554 0.0791 0.5258 0.3951 
 555 0.1096 0.8362 0.0541 
 556 0.0387 0.8769 0.0844 
 557 0.0374 0.7074 0.2551 
 558 0.0123 0.0365 0.9512 
 559 0.0224 0.4346 0.5430 
 560 0.0092 0.0869 0.9040 
 561 0.0126 0.2094 0.7780 
 562 0.0091 0.1496 0.8413 
 563 0.0689 0.6120 0.3191 
 564 0.0200 0.8017 0.1783 
 565 0.0150 0.0546 0.9303 
 566 0.0093 0.0581 0.9326 
 567 0.0143 0.6615 0.3242 
 568 0.0204 0.5405 0.4391 
 569 0.0215 0.4539 0.5246 
 570 0.0100 0.0439 0.9461 
 571 0.0165 0.1608 0.8227 
 572 0.1402 0.6015 0.2583 
 573 0.0238 0.5325 0.4436 
 574 0.0654 0.1383 0.7962 
 575 0.0343 0.6525 0.3133 
 576 0.0094 0.0674 0.9231 
 577 0.0552 0.1255 0.8193 
 578 0.0175 0.2534 0.7291 
 579 0.0145 0.1559 0.8296 
 580 0.0256 0.0890 0.8854 
 581 0.0197 0.0765 0.9038 
 582 0.0111 0.0635 0.9254 
 583 0.0173 0.0998 0.8829 
 584 0.0113 0.0731 0.9156 
 585 0.0131 0.1657 0.8212 
 586 0.0208 0.1508 0.8284 
 587 0.0105 0.1439 0.8456 
 588 0.0132 0.9341 0.0527 
 589 0.0122 0.1334 0.8544 
 590 0.0151 0.1852 0.7997 
 591 0.0187 0.2381 0.7432 
 592 0.0122 0.6044 0.3834 
 593 0.0286 0.3432 0.6282 
 594 0.0434 0.4487 0.5079 
 595 0.0110 0.0945 0.8945 
 596 0.0262 0.5821 0.3917 
 597 0.1248 0.2455 0.6297 
 598 0.0114 0.0401 0.9484 
 599 0.0105 0.2504 0.7391 
 600 0.0338 0.1350 0.8312 
 601 0.0110 0.0945 0.8946 
 602 0.0561 0.6457 0.2983 
 603 0.0510 0.6687 0.2803 
 604 0.0344 0.4423 0.5233 
 605 0.0203 0.3838 0.5959 
 606 0.0424 0.7834 0.1742 
 607 0.2173 0.2499 0.5328 
 608 0.4211 0.1558 0.4231 
 609 0.0290 0.1131 0.8578 
 610 0.0221 0.2598 0.7180 
 611 0.0481 0.6285 0.3234 
 612 0.0185 0.0681 0.9133 
 613 0.0282 0.1626 0.8092 
 614 0.0147 0.0748 0.9105 
 615 0.0369 0.1839 0.7792 
 616 0.1438 0.2984 0.5578 
 617 0.0179 0.1561 0.8260 
 618 0.1110 0.2691 0.6199 
 619 0.0571 0.6343 0.3086 
 620 0.0099 0.6369 0.3532 
 621 0.0149 0.0673 0.9177 
 622 0.0851 0.2631 0.6518 
 623 0.0183 0.3209 0.6608 
 624 0.0941 0.0885 0.8174 
 625 0.0789 0.1546 0.7664 
 626 0.4201 0.3617 0.2182 
 627 0.0260 0.2229 0.7511 
 628 0.0318 0.2505 0.7177 
 629 0.0298 0.3342 0.6360 
 630 0.0305 0.1371 0.8324 
 631 0.0272 0.1153 0.8575 
 632 0.0716 0.8157 0.1127 
 633 0.0505 0.1135 0.8360 
 634 0.1010 0.2801 0.6189 
 635 0.4226 0.3636 0.2138 
 636 0.1580 0.1587 0.6833 
 637 0.0308 0.7959 0.1733 
 638 0.0454 0.3359 0.6187 
 639 0.0443 0.1681 0.7876 
 640 0.0222 0.0983 0.8795 
 641 0.0327 0.3068 0.6605 
 642 0.3194 0.5559 0.1246 
 643 0.8089 0.1241 0.0670 
 644 0.5706 0.2548 0.1746 
 645 0.7166 0.1196 0.1639 
 646 0.0395 0.7913 0.1692 
 647 0.1084 0.7900 0.1016 
 648 0.2251 0.4893 0.2856 
 649 0.0605 0.8705 0.0691 
 650 0.0527 0.8184 0.1288 
 651 0.4035 0.3567 0.2398 
 652 0.5263 0.3419 0.1319 
 653 0.2024 0.6375 0.1601 
 654 0.2054 0.7192 0.0755 
 655 0.5058 0.2717 0.2224 
 656 0.0878 0.7793 0.1329 
 657 0.1078 0.2360 0.6562 
 658 0.0964 0.6282 0.2754 
 659 0.4568 0.3674 0.1759 
 660 0.4297 0.5028 0.0675 
 661 0.6136 0.2694 0.1170 
 662 0.0341 0.9099 0.0559 
 663 0.3555 0.5286 0.1159 
 664 0.1448 0.4428 0.4125 
 665 0.0394 0.8811 0.0796 
 666 0.2541 0.6509 0.0950 
 667 0.0347 0.7396 0.2257 
 668 0.3938 0.3580 0.2482 
 669 0.1088 0.7722 0.1190 
 670 0.8527 0.1078 0.0395 
 671 0.5404 0.3975 0.0621 
 672 0.6802 0.2108 0.1090 
 673 0.9227 0.0408 0.0366 
 674 0.7702 0.1549 0.0749 
 675 0.8178 0.1288 0.0534 
 676 0.9196 0.0459 0.0345 
 677 0.7105 0.2535 0.0359 
 678 0.9217 0.0410 0.0373 
 679 0.8606 0.0675 0.0719 
 680 0.8492 0.0931 0.0577 
 681 0.2413 0.4899 0.2688 
 682 0.8680 0.0762 0.0558 
 683 0.8666 0.0951 0.0383 
 684 0.9123 0.0511 0.0366 
 685 0.9223 0.0453 0.0324 
 686 0.5758 0.3644 0.0598 
 687 0.5307 0.4122 0.0571 
 688 0.8357 0.1141 0.0502 
 689 0.9257 0.0413 0.0330 
 690 0.9214 0.0442 0.0344 
 691 0.8403 0.0955 0.0642 
 692 0.8791 0.0632 0.0577 
 693 0.8564 0.0825 0.0611 
 694 0.9246 0.0453 0.0301 
 695 0.8805 0.0770 0.0425 
 696 0.8263 0.1229 0.0508 
 697 0.9132 0.0514 0.0353 
 698 0.9132 0.0513 0.0355 
 699 0.7780 0.1790 0.0430 
 700 0.8455 0.0872 0.0673 
 701 0.8279 0.0959 0.0762 
 702 0.6678 0.2445 0.0877 
 703 0.8384 0.1053 0.0562 
 704 0.8313 0.1210 0.0477 
 705 0.3185 0.5723 0.1092 
 706 0.8587 0.0917 0.0496 
 707 0.8970 0.0650 0.0380 
 708 0.8942 0.0696 0.0362 
 709 0.8809 0.0826 0.0365 
 710 0.9241 0.0446 0.0312 
 711 0.7980 0.1482 0.0537 
 712 0.8188 0.1494 0.0318 
 713 0.8350 0.1173 0.0477 
 714 0.7739 0.1476 0.0785 
 715 0.8933 0.0757 0.0310 
 716 0.8792 0.0744 0.0464 
 717 0.9185 0.0505 0.0310 
 718 0.7413 0.1996 0.0591 
 719 0.8936 0.0750 0.0313 
 720 0.0180 0.1216 0.8603 
 721 0.6091 0.1216 0.2692 
 722 0.0357 0.1323 0.8320 
 723 0.0298 0.0803 0.8899 
 724 0.1161 0.0839 0.8000 
 725 0.1346 0.4786 0.3867 
 726 0.0614 0.1850 0.7536 
 727 0.1073 0.7011 0.1916 
 728 0.0100 0.0411 0.9489 
 729 0.0112 0.0442 0.9445 
 730 0.0181 0.0981 0.8838 
 731 0.0266 0.0681 0.9053 
 732 0.0297 0.0829 0.8875 
 733 0.0158 0.0495 0.9348 
 734 0.0103 0.0464 0.9433 
 735 0.0214 0.0444 0.9343 
 736 0.0209 0.0695 0.9096 
 737 0.0218 0.1523 0.8259 
 738 0.0186 0.0693 0.9121 
 739 0.0145 0.0460 0.9395 
 740 0.7982 0.1043 0.0975 
 741 0.5113 0.2961 0.1926 
 742 0.1059 0.1551 0.7390 
 743 0.0517 0.2715 0.6768 
 744 0.0320 0.8513 0.1167 
 745 0.0150 0.3399 0.6451 
 746 0.1024 0.5740 0.3235 
 747 0.0294 0.6736 0.2970 
 748 0.3013 0.5546 0.1441 
 749 0.0593 0.7664 0.1743 
 750 0.0417 0.7034 0.2549 
 751 0.4201 0.3824 0.1975 
 752 0.0367 0.6487 0.3147 
 753 0.1172 0.4844 0.3984 
 754 0.3023 0.4281 0.2696 
 755 0.0780 0.6512 0.2709 
 756 0.1260 0.7235 0.1505 
 757 0.0522 0.7371 0.2107 
 758 0.0151 0.6214 0.3635 
 759 0.4688 0.2673 0.2640 
 760 0.0754 0.1761 0.7485 
 761 0.2035 0.2210 0.5754 
 762 0.0239 0.1154 0.8607 
 763 0.1200 0.4906 0.3894 
 764 0.0389 0.6718 0.2894 
 765 0.0291 0.1549 0.8161 
 766 0.2929 0.3640 0.3431 
 767 0.1231 0.6008 0.2761 
 768 0.0235 0.1225 0.8540 
 769 0.1475 0.1928 0.6597 
 770 0.0218 0.1403 0.8379 
 771 0.0495 0.8719 0.0786 
 772 0.2320 0.3401 0.4279 
 773 0.0595 0.4201 0.5204 
 774 0.3589 0.4365 0.2046 
 775 0.0450 0.0875 0.8675 
 776 0.0255 0.5608 0.4138 
 777 0.0442 0.7028 0.2530 
 778 0.0560 0.8123 0.1317 
 779 0.1007 0.4659 0.4334 
 780 0.2904 0.5218 0.1878 
 781 0.0656 0.8621 0.0723 
 782 0.1015 0.4636 0.4349 
 783 0.2032 0.3233 0.4735 
 784 0.0342 0.2468 0.7190 
 785 0.0853 0.5055 0.4092 
 786 0.4436 0.2762 0.2802 
 787 0.1427 0.7881 0.0692 
 788 0.0507 0.2341 0.7153 
 789 0.0418 0.1765 0.7817 
 790 0.1789 0.4864 0.3347 
 791 0.0726 0.5869 0.3406 
 792 0.3586 0.5193 0.1221 
 793 0.1635 0.6954 0.1411 
 794 0.0654 0.6152 0.3194 
 795 0.3887 0.4385 0.1728 
 796 0.0809 0.6774 0.2418 
 797 0.5164 0.3828 0.1008 
 798 0.0125 0.1311 0.8564 
 799 0.0339 0.3373 0.6288 
 800 0.2082 0.7350 0.0567 
 801 0.0260 0.1794 0.7946 
 802 0.1598 0.3430 0.4972 
 803 0.1527 0.7112 0.1360 
 804 0.0424 0.7754 0.1823 
 805 0.8146 0.1278 0.0577 
 806 0.0621 0.6141 0.3237 
 807 0.6617 0.2688 0.0694 
 808 0.2227 0.6950 0.0822 
 809 0.0307 0.7804 0.1889 
 810 0.0889 0.3708 0.5404 
 811 0.2107 0.7017 0.0876 
 812 0.0157 0.8946 0.0898 
 813 0.0158 0.1315 0.8527 
 814 0.0188 0.8664 0.1148 
 815 0.1774 0.6351 0.1875 
 816 0.2925 0.3139 0.3936 
 817 0.1653 0.3396 0.4950 
 818 0.0355 0.5157 0.4488 
 819 0.0441 0.8658 0.0902 
 820 0.0636 0.7470 0.1893 
 821 0.0512 0.1680 0.7809 
 822 0.0117 0.1877 0.8006 
 823 0.1797 0.2058 0.6145 
 824 0.0835 0.4069 0.5096 
 825 0.0212 0.2417 0.7371 
 826 0.0183 0.4608 0.5210 
 827 0.0241 0.0823 0.8937 
 828 0.0442 0.1063 0.8495 
 829 0.0455 0.1921 0.7623 
 830 0.0160 0.0653 0.9188 
 831 0.0692 0.3507 0.5801 
 832 0.0641 0.5670 0.3689 
 833 0.1103 0.3527 0.5369 
 834 0.0593 0.3450 0.5958 
 835 0.0168 0.5456 0.4376 
 836 0.0319 0.7407 0.2274 
 837 0.1424 0.3001 0.5575 
 838 0.0147 0.7926 0.1926 
 839 0.0325 0.1711 0.7964 
 840 0.0462 0.8428 0.1110 
 841 0.0327 0.8311 0.1361 
 842 0.0127 0.2922 0.6950 
 843 0.1125 0.7972 0.0904 
 844 0.0601 0.6622 0.2777 
 845 0.0186 0.3592 0.6222 
 846 0.0414 0.6979 0.2606 
 847 0.0749 0.7412 0.1840 
 848 0.0308 0.8157 0.1536 
 849 0.0286 0.2887 0.6827 
 850 0.0267 0.1144 0.8589 
 851 0.0218 0.5336 0.4446 
 852 0.5291 0.1319 0.3390 
 853 0.0231 0.3607 0.6162 
 854 0.1479 0.2268 0.6253 
 855 0.0374 0.5594 0.4031 
 856 0.0608 0.5415 0.3977 
 857 0.0262 0.7765 0.1973 
 858 0.0194 0.4079 0.5728 
 859 0.0202 0.0843 0.8955 
 860 0.0199 0.4536 0.5265 
 861 0.2243 0.6634 0.1123 
 862 0.0180 0.0511 0.9310 
 863 0.0476 0.0846 0.8678 
 864 0.0368 0.0440 0.9192 
 865 0.0101 0.0509 0.9390 
 866 0.0158 0.0869 0.8973 
 867 0.0262 0.0718 0.9020 
 868 0.0185 0.0993 0.8823 
 869 0.0180 0.0770 0.9050 
 870 0.0116 0.1964 0.7920 
 871 0.0128 0.0806 0.9066 
 872 0.0174 0.0480 0.9346 
 873 0.0239 0.0520 0.9241 
 874 0.0127 0.0549 0.9323 
 875 0.0196 0.2211 0.7593 
 876 0.0156 0.2006 0.7838 
 877 0.0199 0.0414 0.9387 
 878 0.0257 0.1534 0.8210 
 879 0.0262 0.0536 0.9202 
 880 0.0146 0.1544 0.8310 
 881 0.0255 0.0684 0.9061 
 882 0.0213 0.0434 0.9353 
 883 0.0263 0.3610 0.6127 
 884 0.0095 0.0449 0.9455 
 885 0.0347 0.1575 0.8078 
 886 0.0311 0.0780 0.8909 
 887 0.0120 0.0485 0.9394 
 888 0.0483 0.2496 0.7021 
 889 0.0103 0.0473 0.9424 
 890 0.0105 0.0670 0.9225 
 891 0.0173 0.4488 0.5339 
 892 0.0201 0.5422 0.4377 
 893 0.0231 0.7511 0.2258 
 894 0.0114 0.0986 0.8900 
 895 0.0130 0.0603 0.9267 
 896 0.0285 0.7488 0.2227 
 897 0.0191 0.5900 0.3909 
 898 0.0357 0.2434 0.7209 
 899 0.0095 0.1060 0.8846 
 900 0.0146 0.4417 0.5438 
 901 0.0171 0.2803 0.7027 
 902 0.0192 0.8053 0.1755 
 903 0.0155 0.0873 0.8972 
 904 0.0334 0.2756 0.6910 
 905 0.0112 0.0550 0.9338 
 906 0.0210 0.3367 0.6423 
 907 0.0276 0.1542 0.8183 
 908 0.0211 0.1079 0.8710 
 909 0.0219 0.3398 0.6383 
 910 0.0211 0.6598 0.3191 
 911 0.0098 0.0547 0.9355 
 912 0.0119 0.0880 0.9002 
 913 0.0112 0.1015 0.8873 
 914 0.0900 0.3358 0.5742 
 915 0.0092 0.0811 0.9097 
 916 0.0151 0.3101 0.6748 
 917 0.0134 0.3346 0.6520 
 918 0.0607 0.2174 0.7218 
 919 0.0298 0.0818 0.8884 
 920 0.0247 0.1461 0.8292 
 921 0.1041 0.7822 0.1137 
 922 0.0186 0.8444 0.1370 
 923 0.0269 0.8964 0.0767 
 924 0.0168 0.8889 0.0943 
 925 0.0262 0.8579 0.1159 
 926 0.0257 0.9310 0.0433 
 927 0.0474 0.8838 0.0688 
 928 0.0752 0.8787 0.0461 
 929 0.0156 0.9318 0.0526 
 930 0.0289 0.8752 0.0959 
 931 0.1132 0.7271 0.1597 
 932 0.0145 0.9238 0.0616 
 933 0.2087 0.7326 0.0586 
 934 0.0116 0.9281 0.0603 
 935 0.0222 0.8929 0.0849 
 936 0.0149 0.9275 0.0576 
 937 0.0352 0.9069 0.0578 
 938 0.0617 0.8989 0.0394 
 939 0.0794 0.8606 0.0600 
 940 0.0376 0.8867 0.0757 
 941 0.0164 0.8584 0.1252 
 942 0.0907 0.8135 0.0958 
 943 0.1222 0.8249 0.0529 
 944 0.0419 0.9039 0.0543 
 945 0.0282 0.8881 0.0837 
 946 0.0215 0.9154 0.0631 
 947 0.0645 0.8917 0.0438 
 948 0.0122 0.8291 0.1588 
 949 0.0125 0.7730 0.2145 
 950 0.0314 0.9277 0.0409 
 951 0.0417 0.8913 0.0670 
 952 0.0190 0.9188 0.0622 
 953 0.0225 0.8262 0.1513 
 954 0.0216 0.8432 0.1351 
 955 0.7942 0.1580 0.0479 
 956 0.6645 0.2881 0.0475 
 957 0.1874 0.6836 0.1290 
 958 0.0353 0.6768 0.2879 
 959 0.0841 0.8041 0.1118 
 960 0.0612 0.3031 0.6357 
 961 0.9220 0.0456 0.0323 
 962 0.0203 0.9274 0.0523 
 963 0.0348 0.6795 0.2856 
 964 0.0809 0.2325 0.6866 
 965 0.1207 0.7814 0.0979 
 966 0.0735 0.8029 0.1236 
 967 0.8456 0.0994 0.0550 
 968 0.0275 0.9044 0.0681 
 969 0.2534 0.2086 0.5380 
 970 0.7220 0.2073 0.0706 
 971 0.0371 0.8862 0.0768 
 972 0.1206 0.6485 0.2309 
 973 0.1092 0.8287 0.0621 
 974 0.0502 0.6049 0.3449 
 975 0.2556 0.2095 0.5349 
 976 0.0375 0.8872 0.0752 
 977 0.2594 0.4639 0.2767 
 978 0.0751 0.8418 0.0831 
 979 0.0288 0.7804 0.1908 
 980 0.1176 0.7893 0.0931 
 981 0.0940 0.7377 0.1683 
 982 0.0243 0.2537 0.7220 
 983 0.0266 0.3989 0.5745 
 984 0.7304 0.1029 0.1666 
 985 0.0598 0.8170 0.1232 
 986 0.0445 0.4945 0.4610 
 987 0.0154 0.6105 0.3741 
 988 0.0116 0.0561 0.9322 
 989 0.3950 0.4545 0.1505 
 990 0.0552 0.2447 0.7001 
 991 0.0543 0.6673 0.2784 
 992 0.0129 0.8818 0.1053 
 993 0.0284 0.2692 0.7024 
 994 0.0660 0.8492 0.0848 
 995 0.8356 0.1270 0.0373 
 996 0.0240 0.1152 0.8608 
 997 0.0305 0.8794 0.0901 
 998 0.0225 0.5614 0.4162 
 999 0.0706 0.7548 0.1746 
1000 0.0171 0.5701 0.4128 
1001 0.0279 0.1321 0.8399 
1002 0.0113 0.1374 0.8513 
1003 0.0309 0.8132 0.1559 
1004 0.0304 0.8050 0.1645 
1005 0.0175 0.6753 0.3072 
1006 0.0422 0.8456 0.1122 
1007 0.0983 0.8046 0.0971 
1008 0.1285 0.8008 0.0707 
1009 0.0499 0.7889 0.1612 
1010 0.0546 0.8095 0.1358 
1011 0.1690 0.7180 0.1130 
1012 0.0212 0.8690 0.1097 
1013 0.0332 0.8293 0.1375 
1014 0.0195 0.5547 0.4258 
1015 0.0180 0.8708 0.1112 
1016 0.0188 0.4386 0.5426 
1017 0.0524 0.8441 0.1036 
1018 0.0541 0.8264 0.1195 
1019 0.0776 0.4234 0.4990 
1020 0.6851 0.2644 0.0505 
1021 0.1959 0.7401 0.0640 
1022 0.0553 0.7786 0.1661 
1023 0.0248 0.1515 0.8237 
1024 0.0186 0.2171 0.7643 
1025 0.0411 0.7425 0.2164 
1026 0.1729 0.1357 0.6914 
1027 0.0856 0.4651 0.4493 
1028 0.0904 0.0849 0.8247 
1029 0.1237 0.3578 0.5185 
1030 0.3931 0.4108 0.1961 
1031 0.2330 0.2579 0.5091 
1032 0.2683 0.3944 0.3373 
1033 0.3125 0.1443 0.5431 
1034 0.1107 0.4479 0.4414 
1035 0.7863 0.0973 0.1164 
1036 0.2797 0.4667 0.2536 
1037 0.3728 0.4629 0.1642 
1038 0.5257 0.1690 0.3053 
1039 0.2071 0.6096 0.1833 
1040 0.1361 0.1657 0.6982 
1041 0.2023 0.1495 0.6482 
1042 0.4612 0.2573 0.2815 
1043 0.2581 0.1355 0.6064 
1044 0.0912 0.3900 0.5188 
1045 0.1778 0.0870 0.7351 
1046 0.3075 0.4511 0.2414 
1047 0.7287 0.1633 0.1080 
1048 0.0455 0.2002 0.7542 
1049 0.0333 0.4700 0.4967 
1050 0.0101 0.0669 0.9230 
1051 0.0117 0.1360 0.8523 
1052 0.0176 0.1296 0.8528 
1053 0.0217 0.0917 0.8865 
1054 0.0207 0.1457 0.8336 
1055 0.0163 0.5365 0.4472 
1056 0.0181 0.2283 0.7536 
1057 0.0120 0.0946 0.8934 
1058 0.0136 0.1099 0.8765 
1059 0.0294 0.0890 0.8816 
1060 0.0544 0.3627 0.5829 
1061 0.0127 0.7324 0.2550 
1062 0.0146 0.0949 0.8905 
1063 0.0241 0.8933 0.0826 
1064 0.0177 0.1839 0.7983 
1065 0.0240 0.6191 0.3569 
1066 0.0331 0.7138 0.2531 
1067 0.0134 0.1067 0.8799 
1068 0.2507 0.2368 0.5125 
1069 0.0114 0.0774 0.9112 
1070 0.0148 0.2341 0.7512 
1071 0.0546 0.3443 0.6011 
1072 0.0268 0.5240 0.4492 
1073 0.0184 0.1087 0.8729 
1074 0.0471 0.2158 0.7371 
1075 0.0342 0.4266 0.5392 
1076 0.0380 0.2188 0.7432 
1077 0.0123 0.0500 0.9377 
1078 0.0210 0.5474 0.4316 
1079 0.0174 0.1409 0.8417 
1080 0.0769 0.6491 0.2740 
1081 0.0122 0.0545 0.9334 
1082 0.0379 0.5539 0.4082 
1083 0.0328 0.5584 0.4088 
1084 0.0434 0.6924 0.2643 
1085 0.0092 0.1391 0.8517 
1086 0.0136 0.7636 0.2228 
1087 0.0089 0.1244 0.8668 
1088 0.0105 0.2448 0.7447 
1089 0.0111 0.0804 0.9085 
1090 0.0138 0.1164 0.8698 
1091 0.0216 0.1620 0.8163 
1092 0.0135 0.0750 0.9115 
1093 0.0384 0.4639 0.4977 
1094 0.0390 0.1131 0.8479 
1095 0.0117 0.0521 0.9363 
1096 0.0412 0.1092 0.8496 
1097 0.0094 0.0817 0.9089 
1098 0.0113 0.8687 0.1200 
1099 0.0250 0.8919 0.0831 
1100 0.0119 0.1417 0.8464 
1101 0.0108 0.1747 0.8145 
1102 0.0137 0.1235 0.8628 
1103 0.0280 0.2369 0.7351 
1104 0.0153 0.3619 0.6228 
1105 0.0178 0.2821 0.7001 
1106 0.0589 0.2178 0.7234 
1107 0.0228 0.0627 0.9145 
1108 0.0167 0.0449 0.9385 
1109 0.0149 0.1069 0.8781 
1110 0.2022 0.7157 0.0822 
1111 0.1274 0.8176 0.0550 
1112 0.7931 0.1071 0.0999 
1113 0.1237 0.7387 0.1376 
1114 0.2266 0.2629 0.5106 
1115 0.1305 0.7865 0.0831 
1116 0.7582 0.1699 0.0720 
1117 0.0782 0.4643 0.4575 
1118 0.8333 0.1081 0.0586 
1119 0.1144 0.5426 0.3430 
1120 0.1718 0.7488 0.0794 
1121 0.5628 0.1706 0.2665 
1122 0.3077 0.3182 0.3741 
1123 0.1163 0.4100 0.4738 
1124 0.8290 0.1121 0.0589 
1125 0.3325 0.5056 0.1619 
1126 0.4210 0.3121 0.2669 
1127 0.3597 0.4894 0.1508 
1128 0.2984 0.6447 0.0569 
1129 0.1113 0.4696 0.4190 
1130 0.0781 0.7437 0.1781 
1131 0.0997 0.1395 0.7608 
1132 0.2999 0.5691 0.1310 
1133 0.7540 0.1287 0.1173 
1134 0.7031 0.2473 0.0496 
1135 0.0441 0.3546 0.6013 
1136 0.0560 0.1718 0.7722 
1137 0.3789 0.5342 0.0869 
1138 0.1560 0.6288 0.2152 
1139 0.7631 0.1841 0.0528 
1140 0.2880 0.3008 0.4112 
1141 0.2360 0.2062 0.5577 
1142 0.0812 0.1061 0.8127 
1143 0.2833 0.4674 0.2493 
1144 0.1736 0.7055 0.1208 
1145 0.1113 0.4020 0.4866 
1146 0.5409 0.0845 0.3747 
1147 0.0473 0.5292 0.4235 
1148 0.0320 0.0467 0.9213 
1149 0.3640 0.4520 0.1840 
1150 0.1391 0.6778 0.1831 
1151 0.8302 0.0646 0.1053 
1152 0.1401 0.3194 0.5405 
1153 0.0849 0.3044 0.6107 
1154 0.2951 0.3517 0.3532 
1155 0.2844 0.4519 0.2638 
1156 0.3179 0.5747 0.1074 
1157 0.4640 0.1338 0.4022 
1158 0.6101 0.2291 0.1608 
1159 0.0151 0.1871 0.7978 
1160 0.0143 0.4536 0.5321 
1161 0.0216 0.8125 0.1659 
1162 0.0456 0.7673 0.1871 
1163 0.3003 0.5066 0.1931 
1164 0.0656 0.6384 0.2961 
1165 0.0185 0.4183 0.5632 
1166 0.0738 0.8286 0.0976 
1167 0.0133 0.1978 0.7889 
1168 0.0235 0.3132 0.6634 
1169 0.0359 0.4795 0.4846 
1170 0.0193 0.0890 0.8917 
1171 0.0551 0.2475 0.6974 
1172 0.0200 0.1393 0.8407 
1173 0.0267 0.3698 0.6035 
1174 0.0148 0.3227 0.6625 
1175 0.0244 0.3707 0.6049 
1176 0.0682 0.4620 0.4699 
1177 0.0131 0.0439 0.9430 
1178 0.0261 0.3401 0.6338 
1179 0.0129 0.0616 0.9255 
1180 0.0134 0.1635 0.8231 
1181 0.0199 0.6991 0.2810 
1182 0.0174 0.7549 0.2277 
1183 0.1521 0.1255 0.7224 
1184 0.0122 0.0715 0.9163 
1185 0.0187 0.1867 0.7947 
1186 0.0877 0.2353 0.6770 
1187 0.0616 0.1015 0.8369 
1188 0.0197 0.0927 0.8876 
1189 0.0245 0.8115 0.1640 
1190 0.0122 0.1302 0.8576 
1191 0.1719 0.2053 0.6228 
1192 0.0128 0.8263 0.1609 
1193 0.0912 0.3592 0.5495 
1194 0.0130 0.0452 0.9418 
1195 0.0118 0.4168 0.5714 
1196 0.0123 0.7655 0.2222 
1197 0.0103 0.1098 0.8798 
1198 0.0129 0.5150 0.4721 
1199 0.0160 0.5216 0.4624 
1200 0.0105 0.1106 0.8790 
1201 0.1047 0.6826 0.2127 
1202 0.1032 0.3222 0.5746 
1203 0.0118 0.7331 0.2551 
1204 0.0222 0.6330 0.3448 
1205 0.0192 0.2244 0.7565 
1206 0.4287 0.3231 0.2482 
1207 0.0553 0.4095 0.5352 
1208 0.2175 0.7268 0.0557 
1209 0.0885 0.7897 0.1218 
1210 0.0433 0.7787 0.1781 
1211 0.2844 0.4548 0.2608 
1212 0.1682 0.2610 0.5709 
1213 0.1176 0.6730 0.2094 
1214 0.2611 0.2347 0.5042 
1215 0.0369 0.8239 0.1392 
1216 0.0418 0.8013 0.1569 
1217 0.1239 0.3601 0.5160 
1218 0.0326 0.1689 0.7985 
1219 0.1617 0.3027 0.5357 
1220 0.0326 0.1662 0.8013 
1221 0.0446 0.8098 0.1456 
1222 0.1603 0.5491 0.2906 
1223 0.0409 0.1758 0.7833 
1224 0.0157 0.9164 0.0679 
1225 0.0386 0.3588 0.6027 
1226 0.0540 0.2772 0.6688 
1227 0.0361 0.8124 0.1514 
1228 0.1398 0.6616 0.1986 
1229 0.0205 0.9150 0.0644 
1230 0.4266 0.4653 0.1081 
1231 0.0791 0.7981 0.1228 
1232 0.0151 0.9248 0.0601 
1233 0.0204 0.8793 0.1004 
1234 0.0353 0.8953 0.0695 
1235 0.0381 0.8949 0.0670 
1236 0.0338 0.9234 0.0428 
1237 0.0202 0.9361 0.0437 
1238 0.0912 0.8584 0.0504 
1239 0.0258 0.9097 0.0645 
1240 0.0385 0.9064 0.0551 
1241 0.0238 0.9288 0.0474 
1242 0.1831 0.7401 0.0768 
1243 0.0327 0.8705 0.0968 
1244 0.0550 0.9067 0.0383 
1245 0.2030 0.7362 0.0608 
1246 0.0580 0.8492 0.0927 
1247 0.1550 0.8066 0.0383 
1248 0.2278 0.6872 0.0850 
1249 0.0527 0.3767 0.5706 
1250 0.0253 0.8971 0.0776 
1251 0.0309 0.9088 0.0603 
1252 0.0155 0.9157 0.0688 
1253 0.0664 0.8607 0.0729 
1254 0.0143 0.9121 0.0736 
1255 0.0750 0.8818 0.0432 
1256 0.1914 0.7479 0.0607 
1257 0.0535 0.8660 0.0805 
1258 0.0133 0.9080 0.0787 
1259 0.0148 0.8768 0.1084 
1260 0.0286 0.9313 0.0401 
1261 0.1224 0.8240 0.0536 
1262 0.0291 0.9038 0.0671 
1263 0.0168 0.9061 0.0771 
1264 0.0347 0.8933 0.0720 
1265 0.0397 0.9172 0.0432 
1266 0.0541 0.8053 0.1406 
1267 0.1113 0.7904 0.0984 
1268 0.0126 0.0615 0.9259 
1269 0.0149 0.0426 0.9424 
1270 0.0774 0.2676 0.6551 
1271 0.0216 0.0987 0.8797 
1272 0.0272 0.2457 0.7271 
1273 0.0371 0.1435 0.8193 
1274 0.0537 0.1363 0.8100 
1275 0.0191 0.0923 0.8886 
1276 0.0193 0.0632 0.9175 
1277 0.0122 0.0502 0.9376 
1278 0.1465 0.2140 0.6394 
1279 0.0677 0.1010 0.8313 
1280 0.0569 0.3782 0.5649 
1281 0.0178 0.1206 0.8616 
1282 0.0090 0.0663 0.9247 
1283 0.0293 0.1026 0.8681 
1284 0.0806 0.3541 0.5653 
1285 0.0296 0.2520 0.7183 
1286 0.0420 0.1234 0.8347 
1287 0.1105 0.1229 0.7666 
1288 0.0413 0.1951 0.7636 
1289 0.0147 0.0858 0.8995 
1290 0.1204 0.1894 0.6902 
1291 0.0612 0.5256 0.4132 
1292 0.0346 0.1551 0.8103 
1293 0.0200 0.0663 0.9136 
1294 0.0279 0.2255 0.7466 
1295 0.0123 0.0611 0.9266 
1296 0.0205 0.0597 0.9198 
1297 0.0508 0.2353 0.7139 
1298 0.0148 0.0628 0.9224 
1299 0.0183 0.0894 0.8923 
1300 0.4367 0.2381 0.3253 
1301 0.0184 0.0882 0.8934 
1302 0.0490 0.0944 0.8567 
1303 0.0279 0.1080 0.8641 
1304 0.0312 0.0910 0.8778 
1305 0.1426 0.1301 0.7272 
1306 0.0175 0.0888 0.8937 
1307 0.0274 0.1180 0.8545 
1308 0.0706 0.4558 0.4736 
1309 0.0166 0.1161 0.8673 
1310 0.0176 0.1136 0.8689 
1311 0.0115 0.0763 0.9123 
1312 0.0383 0.2883 0.6734 
1313 0.0257 0.1402 0.8340 
1314 0.0187 0.1178 0.8635 
1315 0.2811 0.2107 0.5082 
1316 0.0120 0.6273 0.3607 
1317 0.0558 0.8091 0.1351 
1318 0.0349 0.5583 0.4068 
1319 0.6040 0.3479 0.0481 
1320 0.0516 0.5925 0.3559 
1321 0.0133 0.1898 0.7968 
1322 0.0192 0.6495 0.3313 
1323 0.0128 0.6737 0.3135 
1324 0.0536 0.2748 0.6716 
1325 0.0092 0.3071 0.6837 
1326 0.0108 0.1737 0.8155 
1327 0.0186 0.8973 0.0842 
1328 0.0165 0.5133 0.4703 
1329 0.0174 0.6710 0.3116 
1330 0.0140 0.7885 0.1976 
1331 0.0156 0.4250 0.5594 
1332 0.0471 0.7997 0.1532 
1333 0.0247 0.4097 0.5656 
1334 0.0126 0.1785 0.8089 
1335 0.0911 0.3720 0.5369 
1336 0.6985 0.2118 0.0897 
1337 0.5198 0.3357 0.1445 
1338 0.0378 0.2865 0.6758 
1339 0.0181 0.5344 0.4475 
1340 0.0349 0.6029 0.3622 
1341 0.0388 0.4938 0.4674 
1342 0.0257 0.8743 0.0999 
1343 0.0220 0.7853 0.1926 
1344 0.2437 0.5955 0.1608 
1345 0.0146 0.3188 0.6666 
1346 0.0195 0.4153 0.5652 
1347 0.0438 0.8749 0.0814 
1348 0.0434 0.4663 0.4904 
1349 0.5750 0.3523 0.0727 
1350 0.0372 0.8999 0.0629 
1351 0.0172 0.5580 0.4248 
1352 0.0284 0.2133 0.7583 
1353 0.0138 0.7079 0.2783 
1354 0.0170 0.8294 0.1536 
1355 0.0091 0.3408 0.6501 
1356 0.0249 0.6927 0.2824 
1357 0.0232 0.8757 0.1012 
1358 0.0168 0.8904 0.0928 
1359 0.0393 0.6682 0.2926 
1360 0.2658 0.3284 0.4058 
1361 0.1385 0.5072 0.3544 
1362 0.0425 0.7573 0.2002 
1363 0.1595 0.5701 0.2705 
1364 0.1009 0.6710 0.2280 
1365 0.0426 0.3145 0.6429 
1366 0.0421 0.7702 0.1877 
1367 0.0617 0.8804 0.0579 
1368 0.1322 0.8017 0.0661 
1369 0.0316 0.4101 0.5583 
1370 0.0219 0.9301 0.0479 
1371 0.0330 0.2185 0.7485 
1372 0.1473 0.8039 0.0488 
1373 0.4663 0.3966 0.1370 
1374 0.0232 0.8853 0.0915 
1375 0.3179 0.4497 0.2325 
1376 0.0485 0.8710 0.0805 
1377 0.0379 0.7891 0.1731 
1378 0.2740 0.4832 0.2428 
1379 0.6264 0.3296 0.0441 
1380 0.0286 0.5044 0.4670 
1381 0.0312 0.5095 0.4593 
1382 0.1168 0.8152 0.0680 
1383 0.0168 0.0933 0.8899 
1384 0.0326 0.2210 0.7464 
1385 0.1453 0.8048 0.0499 
1386 0.0243 0.8059 0.1698 
1387 0.2063 0.6587 0.1351 
1388 0.0465 0.5238 0.4298 
1389 0.0263 0.8498 0.1239 
1390 0.0265 0.8879 0.0856 
1391 0.0244 0.8925 0.0831 
1392 0.0542 0.6090 0.3369 
1393 0.1726 0.6802 0.1471 
1394 0.0381 0.8797 0.0822 
1395 0.0270 0.2019 0.7711 
1396 0.0182 0.1343 0.8475 
1397 0.1866 0.6488 0.1646 
1398 0.0702 0.7938 0.1360 
1399 0.0266 0.8344 0.1390 
1400 0.0346 0.4056 0.5597 
1401 0.0163 0.0699 0.9138 
1402 0.1066 0.8223 0.0710 
1403 0.1032 0.7880 0.1088 
1404 0.0593 0.8517 0.0890 
1405 0.0264 0.0728 0.9008 
1406 0.0625 0.7907 0.1468 
1407 0.0279 0.1420 0.8301 
1408 0.0363 0.3575 0.6062 
1409 0.0686 0.7342 0.1972 
1410 0.0350 0.2871 0.6779 
1411 0.0209 0.7478 0.2313 
1412 0.0344 0.2551 0.7105 
1413 0.0861 0.8427 0.0712 
1414 0.0420 0.6513 0.3067 
1415 0.0988 0.3812 0.5200 
1416 0.2076 0.6915 0.1009 
1417 0.0351 0.2838 0.6811 
1418 0.0948 0.7903 0.1150 
1419 0.0511 0.8695 0.0794 
1420 0.0850 0.4203 0.4946 
1421 0.0937 0.8579 0.0484 
1422 0.0433 0.9060 0.0507 
1423 0.0317 0.5418 0.4266 
1424 0.0188 0.6627 0.3185 
1425 0.0919 0.7182 0.1900 
1426 0.0661 0.6216 0.3123 
1427 0.0171 0.4788 0.5041 
1428 0.0430 0.8732 0.0837 
1429 0.1388 0.7932 0.0680 
1430 0.2105 0.5840 0.2055 
1431 0.0209 0.9121 0.0670 
1432 0.0501 0.7451 0.2048 
1433 0.2434 0.7057 0.0509 
1434 0.0779 0.8696 0.0525 
1435 0.3624 0.5572 0.0803 
1436 0.1418 0.7414 0.1169 
1437 0.0680 0.7000 0.2320 
1438 0.0129 0.2698 0.7173 
1439 0.1902 0.6875 0.1223 
1440 0.0954 0.8428 0.0619 
1441 0.5900 0.3618 0.0482 
1442 0.0355 0.9080 0.0565 
1443 0.1184 0.8144 0.0672 
1444 0.0615 0.5545 0.3840 
1445 0.0516 0.8912 0.0572 
1446 0.0762 0.8609 0.0629 
1447 0.1406 0.5991 0.2602 
1448 0.0299 0.8989 0.0712 
1449 0.0175 0.7701 0.2123 
1450 0.0810 0.6025 0.3165 
1451 0.3397 0.6100 0.0504 
1452 0.0364 0.6968 0.2668 
1453 0.1729 0.6650 0.1622 
1454 0.0292 0.3649 0.6059 
1455 0.0301 0.4807 0.4892 
1456 0.0848 0.4214 0.4938 
1457 0.0256 0.5008 0.4736 
1458 0.0331 0.7134 0.2535 
1459 0.0908 0.8617 0.0475 
1460 0.0492 0.2222 0.7286 
1461 0.0146 0.0827 0.9027 
1462 0.0237 0.8356 0.1406 
1463 0.7578 0.1477 0.0945 
1464 0.0170 0.0488 0.9342 
1465 0.0183 0.0600 0.9217 
1466 0.0213 0.6440 0.3347 
1467 0.0268 0.0869 0.8863 
1468 0.0217 0.1026 0.8757 
1469 0.0394 0.4401 0.5205 
1470 0.1017 0.7889 0.1094 
1471 0.0647 0.2426 0.6927 
1472 0.0175 0.2800 0.7024 
1473 0.0975 0.2213 0.6812 
1474 0.0210 0.7831 0.1959 
1475 0.0371 0.1823 0.7806 
1476 0.0121 0.0435 0.9444 
1477 0.5135 0.4191 0.0674 
1478 0.2660 0.4497 0.2842 
1479 0.0326 0.1878 0.7796 
1480 0.0183 0.6939 0.2878 
1481 0.0174 0.0787 0.9040 
