   1 0.0113 0.0104 0.0227 0.2291 0.3808 0.1636 0.1822 
   2 0.0169 0.0075 0.0129 0.0850 0.1365 0.3917 0.3497 
   3 0.0062 0.0162 0.0379 0.1660 0.3340 0.2275 0.2122 
   4 0.0098 0.0202 0.0280 0.4865 0.0777 0.1670 0.2109 
   5 0.0234 0.0109 0.0137 0.0907 0.1843 0.2918 0.3852 
   6 0.0065 0.0106 0.0143 0.0825 0.5701 0.0902 0.2257 
   7 0.0085 0.0116 0.0189 0.0795 0.1705 0.0719 0.6391 
   8 0.0096 0.0758 0.0337 0.3204 0.1709 0.1204 0.2693 
   9 0.0177 0.0416 0.0163 0.1307 0.2713 0.2791 0.2434 
  10 0.0110 0.0193 0.0160 0.2218 0.2953 0.0840 0.3526 
  11 0.0130 0.0066 0.0190 0.0776 0.2980 0.0730 0.5128 
  12 0.0124 0.0107 0.0128 0.1358 0.1914 0.2639 0.3728 
  13 0.0148 0.0150 0.0154 0.1309 0.2501 0.1712 0.4026 
  14 0.0082 0.0069 0.0327 0.1328 0.1558 0.4122 0.2513 
  15 0.0090 0.0120 0.0430 0.2584 0.1120 0.2097 0.3559 
  16 0.0125 0.0073 0.0194 0.1038 0.4773 0.1147 0.2651 
  17 0.0143 0.0348 0.0197 0.1183 0.3286 0.1989 0.2854 
  18 0.0100 0.0350 0.0408 0.1413 0.2604 0.2950 0.2175 
  19 0.0084 0.0098 0.0145 0.1048 0.4577 0.1172 0.2875 
  20 0.0113 0.0096 0.0302 0.1278 0.1433 0.2021 0.4757 
  21 0.0093 0.0084 0.0202 0.2168 0.1884 0.3445 0.2123 
  22 0.0083 0.0140 0.0146 0.1181 0.5438 0.1179 0.1833 
  23 0.0319 0.0161 0.0331 0.2300 0.0995 0.3935 0.1960 
  24 0.0117 0.0083 0.0207 0.2159 0.3806 0.1563 0.2064 
  25 0.0099 0.0106 0.0290 0.0625 0.1824 0.1087 0.5968 
  26 0.0098 0.0225 0.0229 0.1900 0.3023 0.2017 0.2508 
  27 0.0150 0.0122 0.0177 0.1379 0.3112 0.2009 0.3051 
  28 0.0096 0.0098 0.0201 0.3299 0.2322 0.1180 0.2803 
  29 0.0165 0.0063 0.0127 0.1037 0.1689 0.2396 0.4523 
  30 0.0093 0.0069 0.0163 0.0897 0.5554 0.1621 0.1602 
  31 0.0173 0.0367 0.0148 0.1663 0.2466 0.1972 0.3212 
  32 0.0076 0.0100 0.0279 0.2175 0.1858 0.2411 0.3099 
  33 0.0099 0.0093 0.0269 0.1790 0.2619 0.2215 0.2915 
  34 0.0306 0.0138 0.0311 0.1390 0.1913 0.0758 0.5184 
  35 0.0245 0.0227 0.0123 0.0728 0.3370 0.3558 0.1749 
  36 0.0097 0.0066 0.1055 0.0796 0.2334 0.4170 0.1482 
  37 0.0082 0.0182 0.0140 0.2004 0.1500 0.3183 0.2909 
  38 0.0312 0.0068 0.3251 0.0629 0.1450 0.1595 0.2695 
  39 0.0232 0.0121 0.0434 0.0923 0.2434 0.2530 0.3325 
  40 0.0119 0.0060 0.0192 0.1099 0.1568 0.5543 0.1419 
  41 0.0387 0.0106 0.0366 0.0685 0.2102 0.3946 0.2409 
  42 0.0271 0.0073 0.0774 0.3230 0.1686 0.2537 0.1430 
  43 0.0151 0.0155 0.0126 0.1125 0.0991 0.4933 0.2520 
  44 0.0125 0.0155 0.0112 0.0608 0.2029 0.5297 0.1673 
  45 0.0247 0.0078 0.0602 0.0594 0.2338 0.4083 0.2058 
  46 0.0119 0.0262 0.0172 0.0830 0.3244 0.2473 0.2900 
  47 0.0177 0.0503 0.0121 0.1071 0.3695 0.2217 0.2216 
  48 0.0152 0.0196 0.0149 0.0605 0.1929 0.5762 0.1206 
  49 0.0366 0.0156 0.0211 0.1058 0.2858 0.3160 0.2192 
  50 0.0165 0.0262 0.0192 0.1225 0.3045 0.1505 0.3607 
  51 0.0158 0.0053 0.0765 0.0619 0.1231 0.6025 0.1148 
  52 0.0245 0.0150 0.0244 0.1144 0.2926 0.2036 0.3256 
  53 0.0150 0.0114 0.2111 0.1154 0.2517 0.1588 0.2366 
  54 0.0196 0.0197 0.0093 0.1133 0.1663 0.4260 0.2458 
  55 0.0120 0.0124 0.0130 0.0774 0.1056 0.5903 0.1893 
  56 0.0188 0.0110 0.0294 0.0971 0.2656 0.4620 0.1161 
  57 0.0178 0.0449 0.0161 0.2509 0.2878 0.1026 0.2800 
  58 0.0243 0.0079 0.0234 0.0924 0.1574 0.4651 0.2294 
  59 0.0632 0.0083 0.0910 0.0943 0.2448 0.3084 0.1900 
  60 0.0083 0.0063 0.0304 0.1376 0.1238 0.5400 0.1535 
  61 0.0095 0.0054 0.0096 0.1035 0.0610 0.6663 0.1446 
  62 0.0916 0.0308 0.0162 0.1064 0.3040 0.2228 0.2282 
  63 0.0108 0.0062 0.0232 0.1428 0.1121 0.3463 0.3585 
  64 0.0152 0.0107 0.0368 0.0711 0.4481 0.2038 0.2143 
  65 0.0128 0.0073 0.0138 0.0582 0.1018 0.1339 0.6722 
  66 0.0107 0.0073 0.0152 0.1831 0.0868 0.3959 0.3009 
  67 0.0109 0.0110 0.0100 0.0669 0.0998 0.5707 0.2306 
  68 0.0534 0.0107 0.1036 0.1131 0.2258 0.3038 0.1896 
  69 0.1105 0.0121 0.2547 0.1428 0.1683 0.1077 0.2039 
  70 0.0105 0.0060 0.0635 0.1079 0.1033 0.3945 0.3144 
  71 0.0543 0.0075 0.0782 0.0532 0.2011 0.4010 0.2047 
  72 0.0074 0.0085 0.0295 0.0681 0.4177 0.2562 0.2125 
  73 0.0502 0.0077 0.0175 0.0602 0.1004 0.5142 0.2497 
  74 0.0096 0.0068 0.0976 0.1311 0.2547 0.3682 0.1321 
  75 0.0114 0.0075 0.0679 0.1325 0.1958 0.4808 0.1041 
  76 0.0079 0.0084 0.0148 0.0845 0.0919 0.3696 0.4229 
  77 0.0453 0.0058 0.1053 0.0671 0.1585 0.3231 0.2949 
  78 0.0576 0.0065 0.2589 0.0720 0.1195 0.2551 0.2303 
  79 0.0092 0.0075 0.0173 0.0876 0.1618 0.0964 0.6203 
  80 0.0082 0.0090 0.0144 0.4803 0.1022 0.1433 0.2427 
  81 0.0068 0.0095 0.0162 0.3901 0.1198 0.1140 0.3436 
  82 0.0203 0.0078 0.0158 0.1539 0.1046 0.3239 0.3738 
  83 0.0066 0.0075 0.0408 0.2518 0.1079 0.2022 0.3832 
  84 0.0070 0.0070 0.0205 0.2488 0.1030 0.1230 0.4908 
  85 0.0071 0.0077 0.0470 0.2949 0.1533 0.1667 0.3233 
  86 0.0172 0.0113 0.0164 0.0793 0.1588 0.3790 0.3380 
  87 0.0083 0.0081 0.0337 0.0934 0.0941 0.1284 0.6341 
  88 0.0082 0.0089 0.0151 0.2908 0.0992 0.1734 0.4044 
  89 0.0072 0.0114 0.0148 0.3471 0.0992 0.1923 0.3280 
  90 0.0081 0.0072 0.0154 0.1028 0.0802 0.1076 0.6786 
  91 0.0060 0.0077 0.0444 0.4468 0.0999 0.1595 0.2358 
  92 0.0088 0.0083 0.0161 0.1435 0.1372 0.1535 0.5325 
  93 0.0082 0.0068 0.0115 0.6536 0.0777 0.1054 0.1368 
  94 0.0072 0.0063 0.0952 0.0803 0.0963 0.0910 0.6237 
  95 0.0075 0.0076 0.0155 0.2161 0.0648 0.1280 0.5604 
  96 0.0107 0.0064 0.0114 0.1772 0.0610 0.5638 0.1695 
  97 0.0110 0.0089 0.0812 0.1507 0.2313 0.3878 0.1292 
  98 0.0160 0.0056 0.0140 0.0996 0.1659 0.4615 0.2374 
  99 0.0073 0.0072 0.0170 0.2296 0.0888 0.1182 0.5319 
 100 0.0094 0.0101 0.0105 0.4489 0.0719 0.3127 0.1365 
 101 0.0091 0.0109 0.0337 0.1297 0.0940 0.2284 0.4943 
 102 0.0188 0.0081 0.0371 0.3278 0.0755 0.1993 0.3335 
 103 0.0121 0.0099 0.0130 0.1617 0.0654 0.3182 0.4197 
 104 0.0095 0.0071 0.0128 0.1214 0.0715 0.1230 0.6547 
 105 0.0312 0.0103 0.0112 0.1673 0.0666 0.1732 0.5402 
 106 0.0079 0.0061 0.0259 0.0481 0.1292 0.0985 0.6843 
 107 0.0155 0.0118 0.0134 0.1492 0.0689 0.2267 0.5145 
 108 0.0072 0.0062 0.1972 0.0746 0.0681 0.4490 0.1979 
 109 0.1595 0.0087 0.0548 0.0523 0.1171 0.1501 0.4574 
 110 0.0103 0.0078 0.0276 0.0547 0.1395 0.0822 0.6780 
 111 0.0257 0.0076 0.0128 0.0732 0.0700 0.1120 0.6987 
 112 0.2589 0.0053 0.0255 0.0535 0.0845 0.0957 0.4767 
 113 0.0122 0.0120 0.0288 0.1022 0.1452 0.4113 0.2883 
 114 0.0201 0.0058 0.0118 0.1490 0.0724 0.1148 0.6262 
 115 0.0289 0.0124 0.0189 0.0915 0.0863 0.2672 0.4948 
 116 0.0156 0.0086 0.0544 0.0512 0.1337 0.2406 0.4958 
 117 0.0367 0.0153 0.0255 0.0781 0.1544 0.1018 0.5882 
 118 0.0297 0.0072 0.0221 0.0753 0.0887 0.3226 0.4544 
 119 0.0079 0.0056 0.0316 0.1998 0.0567 0.4250 0.2735 
 120 0.0425 0.0093 0.0174 0.0981 0.0899 0.2030 0.5397 
 121 0.0760 0.0671 0.0268 0.0653 0.0882 0.2433 0.4333 
 122 0.0168 0.0053 0.0203 0.0655 0.1318 0.1039 0.6564 
 123 0.0122 0.0080 0.0289 0.0893 0.0896 0.1444 0.6276 
 124 0.0334 0.0188 0.0315 0.0646 0.2311 0.2065 0.4143 
 125 0.0380 0.0085 0.0472 0.0798 0.3990 0.1212 0.3062 
 126 0.0081 0.0050 0.0288 0.0928 0.1108 0.2301 0.5244 
 127 0.0184 0.0099 0.0126 0.0754 0.0574 0.1393 0.6871 
 128 0.0226 0.0063 0.0107 0.0763 0.0963 0.3131 0.4747 
 129 0.0144 0.0127 0.0119 0.0604 0.0643 0.1970 0.6393 
 130 0.0359 0.0115 0.0131 0.1504 0.0749 0.1293 0.5850 
 131 0.0418 0.0175 0.2024 0.0548 0.1675 0.1475 0.3684 
 132 0.0111 0.0070 0.0186 0.0534 0.1066 0.1454 0.6578 
 133 0.0151 0.0139 0.0205 0.0967 0.0760 0.1964 0.5814 
 134 0.0154 0.0054 0.0174 0.0416 0.1129 0.0717 0.7356 
 135 0.0228 0.0109 0.0186 0.3628 0.0846 0.3786 0.1218 
 136 0.0125 0.0099 0.0125 0.6329 0.1134 0.1110 0.1078 
 137 0.0262 0.0073 0.0129 0.6442 0.0751 0.0856 0.1488 
 138 0.0072 0.0071 0.0178 0.6576 0.0951 0.1125 0.1026 
 139 0.0106 0.0065 0.0138 0.2075 0.1079 0.5231 0.1306 
 140 0.0101 0.0077 0.0193 0.4032 0.1301 0.2118 0.2179 
 141 0.0124 0.0095 0.0194 0.5056 0.1874 0.1391 0.1265 
 142 0.0190 0.0078 0.0162 0.3515 0.0754 0.4159 0.1142 
 143 0.0065 0.0058 0.0104 0.7234 0.0625 0.1009 0.0904 
 144 0.0257 0.0071 0.0123 0.6516 0.0670 0.0934 0.1428 
 145 0.0170 0.0131 0.0181 0.3882 0.2221 0.2071 0.1344 
 146 0.0098 0.0148 0.0198 0.4383 0.1446 0.1371 0.2356 
 147 0.0069 0.0065 0.0112 0.7338 0.0726 0.0780 0.0909 
 148 0.0185 0.0080 0.0126 0.4623 0.1049 0.1994 0.1942 
 149 0.0119 0.0089 0.0191 0.5262 0.1157 0.2151 0.1029 
 150 0.0300 0.0099 0.0123 0.4848 0.0878 0.1389 0.2363 
 151 0.0077 0.0077 0.0111 0.6321 0.0723 0.1348 0.1343 
 152 0.0159 0.0092 0.0295 0.4124 0.1020 0.2534 0.1776 
 153 0.0086 0.0066 0.0176 0.5591 0.1201 0.1555 0.1326 
 154 0.0120 0.0141 0.0135 0.5525 0.1154 0.1789 0.1137 
 155 0.0068 0.0072 0.0104 0.6772 0.0646 0.1049 0.1290 
 156 0.0115 0.0058 0.0107 0.5128 0.0584 0.2724 0.1282 
 157 0.0068 0.0058 0.0163 0.5811 0.0612 0.0836 0.2452 
 158 0.0169 0.0117 0.0201 0.4548 0.2186 0.1520 0.1260 
 159 0.0090 0.0082 0.0116 0.7202 0.0704 0.0894 0.0911 
 160 0.0091 0.0106 0.0119 0.7024 0.0702 0.1008 0.0950 
 161 0.0094 0.0070 0.0189 0.4991 0.1369 0.1656 0.1631 
 162 0.0100 0.0222 0.0181 0.3746 0.1487 0.1741 0.2522 
 163 0.0069 0.0061 0.0103 0.6657 0.0635 0.1348 0.1127 
 164 0.0086 0.0250 0.0138 0.4569 0.0987 0.1447 0.2523 
 165 0.0311 0.0093 0.0125 0.5437 0.0747 0.1191 0.2095 
 166 0.0072 0.0078 0.0540 0.4238 0.0631 0.1683 0.2758 
 167 0.0096 0.0406 0.0144 0.5621 0.1207 0.0833 0.1693 
 168 0.0074 0.0081 0.0522 0.5341 0.0983 0.1609 0.1390 
 169 0.0174 0.0135 0.0573 0.2790 0.3985 0.1251 0.1092 
 170 0.0084 0.0070 0.0122 0.4242 0.0738 0.3235 0.1509 
 171 0.0081 0.0093 0.0330 0.4409 0.1069 0.1952 0.2066 
 172 0.0144 0.0071 0.0655 0.3480 0.2187 0.2504 0.0958 
 173 0.0084 0.0090 0.0109 0.6550 0.0710 0.1437 0.1020 
 174 0.0071 0.0079 0.0116 0.6661 0.0772 0.0924 0.1377 
 175 0.0089 0.0083 0.0113 0.6349 0.1033 0.1260 0.1072 
 176 0.0255 0.0068 0.0125 0.6498 0.0667 0.0965 0.1422 
 177 0.0086 0.0081 0.0278 0.4558 0.0995 0.1078 0.2924 
 178 0.0077 0.0093 0.0119 0.5769 0.1255 0.1019 0.1668 
 179 0.0061 0.0064 0.0111 0.7172 0.0690 0.0917 0.0985 
 180 0.0113 0.0156 0.0205 0.4957 0.1568 0.1358 0.1644 
 181 0.0130 0.0109 0.0169 0.4404 0.1238 0.2739 0.1211 
 182 0.0103 0.0124 0.0115 0.5738 0.0669 0.2202 0.1048 
 183 0.0069 0.0077 0.0108 0.6756 0.0748 0.1217 0.1025 
 184 0.0100 0.0148 0.0170 0.0771 0.1566 0.4737 0.2508 
 185 0.0103 0.0055 0.0106 0.5418 0.0568 0.2942 0.0808 
 186 0.0075 0.0121 0.0107 0.0790 0.1194 0.3033 0.4680 
 187 0.0069 0.0067 0.0135 0.2569 0.1123 0.4004 0.2034 
 188 0.0090 0.0118 0.0097 0.0606 0.1044 0.3850 0.4195 
 189 0.0068 0.0067 0.0501 0.2261 0.2403 0.3088 0.1611 
 190 0.0094 0.0050 0.0093 0.1364 0.0465 0.7063 0.0871 
 191 0.0142 0.0073 0.0106 0.1088 0.1083 0.5146 0.2361 
 192 0.0076 0.0072 0.0120 0.2554 0.1082 0.3190 0.2905 
 193 0.0142 0.0067 0.0135 0.1903 0.1548 0.4116 0.2090 
 194 0.0079 0.0093 0.0129 0.2208 0.1019 0.4082 0.2391 
 195 0.0071 0.0062 0.0093 0.2444 0.0654 0.5683 0.0993 
 196 0.0097 0.0051 0.0113 0.1343 0.0558 0.6570 0.1268 
 197 0.0088 0.0097 0.0126 0.1694 0.2329 0.2803 0.2862 
 198 0.0079 0.0061 0.0171 0.1639 0.1857 0.2940 0.3253 
 199 0.0103 0.0068 0.0155 0.1179 0.0729 0.6441 0.1325 
 200 0.0149 0.0051 0.0213 0.1202 0.0997 0.5989 0.1399 
 201 0.0069 0.0060 0.0096 0.4013 0.0742 0.3794 0.1227 
 202 0.0091 0.0060 0.0095 0.3451 0.0662 0.4406 0.1236 
 203 0.0105 0.0064 0.0099 0.3440 0.0614 0.4542 0.1136 
 204 0.0083 0.0064 0.0093 0.1147 0.0561 0.6932 0.1120 
 205 0.0080 0.0063 0.0167 0.0985 0.0858 0.6227 0.1620 
 206 0.0077 0.0079 0.0095 0.1524 0.0765 0.6226 0.1234 
 207 0.0114 0.0067 0.0093 0.0819 0.0645 0.6653 0.1610 
 208 0.0086 0.0057 0.0095 0.2177 0.0649 0.5647 0.1289 
 209 0.0145 0.0068 0.0108 0.1328 0.1149 0.5091 0.2111 
 210 0.0081 0.0060 0.0091 0.1452 0.0669 0.6070 0.1578 
 211 0.0274 0.0087 0.0098 0.1593 0.0592 0.5724 0.1633 
 212 0.0091 0.0060 0.0111 0.3905 0.1153 0.3412 0.1269 
 213 0.0094 0.0065 0.0156 0.1149 0.0884 0.5143 0.2509 
 214 0.0098 0.0059 0.0095 0.3625 0.0697 0.4332 0.1095 
 215 0.0110 0.0057 0.0158 0.0805 0.0748 0.6284 0.1838 
 216 0.0099 0.0135 0.0157 0.1010 0.1925 0.4039 0.2634 
 217 0.0077 0.0062 0.0127 0.2932 0.0806 0.4953 0.1043 
 218 0.0085 0.0078 0.0153 0.1257 0.0879 0.5558 0.1990 
 219 0.0070 0.0188 0.0262 0.2456 0.2048 0.2931 0.2044 
 220 0.0095 0.0065 0.0093 0.0934 0.0658 0.6601 0.1554 
 221 0.0093 0.0057 0.0094 0.3709 0.0569 0.4631 0.0848 
 222 0.0074 0.0135 0.0149 0.1502 0.2507 0.2948 0.2685 
 223 0.0068 0.0065 0.0168 0.3344 0.1355 0.3100 0.1901 
 224 0.0086 0.0086 0.0095 0.2901 0.0767 0.4769 0.1296 
 225 0.0083 0.0063 0.0127 0.1231 0.0813 0.6199 0.1484 
 226 0.0107 0.0085 0.0980 0.1467 0.1275 0.4516 0.1571 
 227 0.0083 0.0065 0.0097 0.1836 0.0700 0.5825 0.1393 
 228 0.0095 0.0059 0.0093 0.2130 0.0601 0.6138 0.0883 
 229 0.0085 0.0085 0.0094 0.3204 0.0821 0.4059 0.1651 
 230 0.0106 0.0076 0.0093 0.2050 0.0669 0.5609 0.1398 
 231 0.0115 0.0069 0.0107 0.2803 0.1315 0.3823 0.1769 
 232 0.0092 0.0087 0.0204 0.2003 0.1333 0.4271 0.2010 
 233 0.0090 0.0063 0.0094 0.4777 0.0719 0.3114 0.1143 
 234 0.0095 0.0059 0.0132 0.2203 0.1558 0.2968 0.2984 
 235 0.0078 0.0070 0.0177 0.2417 0.1172 0.4603 0.1483 
 236 0.0101 0.0064 0.0133 0.3168 0.1019 0.3977 0.1539 
 237 0.0166 0.0062 0.0107 0.0954 0.0847 0.6148 0.1717 
 238 0.0082 0.0058 0.0095 0.3727 0.0772 0.3725 0.1541 
 239 0.0071 0.0063 0.0094 0.2446 0.0659 0.5664 0.1002 
 240 0.0084 0.0059 0.0094 0.3732 0.0779 0.3701 0.1551 
 241 0.0087 0.0086 0.0136 0.3691 0.0799 0.3934 0.1267 
 242 0.0082 0.0078 0.0213 0.1595 0.1449 0.4991 0.1592 
 243 0.0110 0.0051 0.0093 0.1329 0.0519 0.6906 0.0992 
 244 0.0105 0.0066 0.0096 0.2728 0.0642 0.5206 0.1157 
 245 0.0067 0.0058 0.0096 0.5103 0.0659 0.2792 0.1226 
 246 0.0076 0.0063 0.0129 0.2964 0.0804 0.4902 0.1062 
 247 0.0079 0.0056 0.0202 0.0677 0.0950 0.3140 0.4895 
 248 0.0116 0.0056 0.0119 0.0731 0.0865 0.5748 0.2365 
 249 0.0097 0.0070 0.0093 0.2696 0.0710 0.5006 0.1329 
 250 0.0097 0.0076 0.0124 0.2400 0.1018 0.4367 0.1918 
 251 0.0140 0.0065 0.0442 0.1160 0.1590 0.4521 0.2081 
 252 0.0066 0.0068 0.0128 0.2010 0.1042 0.5072 0.1613 
 253 0.0084 0.0066 0.0231 0.0964 0.1093 0.4892 0.2669 
 254 0.0076 0.0125 0.0119 0.1596 0.1940 0.3814 0.2330 
 255 0.0100 0.0069 0.0104 0.2152 0.1542 0.3593 0.2439 
 256 0.0094 0.0066 0.0121 0.2087 0.0820 0.5548 0.1265 
 257 0.0108 0.0226 0.0134 0.1493 0.0876 0.5389 0.1774 
 258 0.0113 0.0048 0.0138 0.1183 0.1032 0.4786 0.2699 
 259 0.0099 0.0092 0.0127 0.1530 0.0952 0.5221 0.1980 
 260 0.0075 0.0117 0.0124 0.3150 0.1994 0.2288 0.2251 
 261 0.0064 0.0060 0.0133 0.2643 0.0989 0.4804 0.1306 
 262 0.0081 0.0058 0.0115 0.1881 0.0558 0.6443 0.0865 
 263 0.0108 0.0139 0.0096 0.0910 0.1036 0.5900 0.1810 
 264 0.0095 0.0145 0.0150 0.0584 0.4115 0.2580 0.2330 
 265 0.0074 0.0062 0.0189 0.1941 0.1269 0.4703 0.1761 
 266 0.0084 0.0054 0.0095 0.3946 0.0580 0.4363 0.0879 
 267 0.0153 0.0065 0.0106 0.2149 0.1321 0.4055 0.2150 
 268 0.0098 0.0051 0.0116 0.1344 0.0565 0.6556 0.1270 
 269 0.0078 0.0062 0.0337 0.2193 0.2172 0.3341 0.1817 
 270 0.0105 0.0138 0.0124 0.1121 0.1702 0.3957 0.2853 
 271 0.0113 0.0061 0.0167 0.1065 0.0935 0.5564 0.2094 
 272 0.0142 0.0070 0.0927 0.1111 0.0923 0.5289 0.1538 
 273 0.0269 0.0599 0.0343 0.2165 0.1633 0.2916 0.2075 
 274 0.0090 0.0071 0.0252 0.1358 0.1289 0.4963 0.1977 
 275 0.0169 0.0115 0.0367 0.1674 0.1430 0.4708 0.1537 
 276 0.0153 0.0081 0.0550 0.0928 0.0880 0.5838 0.1571 
 277 0.0071 0.0070 0.0159 0.2689 0.1512 0.3532 0.1966 
 278 0.0113 0.0052 0.0165 0.0965 0.0731 0.6458 0.1517 
 279 0.0089 0.0070 0.0164 0.1774 0.1193 0.4873 0.1838 
 280 0.0080 0.0065 0.0257 0.1512 0.1768 0.4809 0.1508 
 281 0.0089 0.0072 0.0153 0.1408 0.1142 0.4577 0.2560 
 282 0.0075 0.0060 0.0134 0.4348 0.1256 0.2462 0.1665 
 283 0.0075 0.0067 0.0098 0.4629 0.0802 0.2813 0.1515 
 284 0.0118 0.0059 0.0137 0.2631 0.0965 0.3595 0.2495 
 285 0.0131 0.0056 0.0167 0.0535 0.0970 0.5941 0.2200 
 286 0.0106 0.0065 0.0095 0.2698 0.0645 0.5233 0.1159 
 287 0.0067 0.0076 0.0249 0.2067 0.1597 0.3538 0.2406 
 288 0.0106 0.0081 0.0596 0.1067 0.0997 0.5507 0.1647 
 289 0.0145 0.0108 0.0581 0.0990 0.0892 0.4793 0.2491 
 290 0.0174 0.0111 0.0146 0.1068 0.1924 0.5337 0.1240 
 291 0.0110 0.0062 0.0169 0.1072 0.0936 0.5577 0.2074 
 292 0.0072 0.0063 0.0260 0.1543 0.1475 0.5333 0.1255 
 293 0.0188 0.0076 0.0149 0.0837 0.2818 0.4127 0.1805 
 294 0.0095 0.0178 0.0121 0.0744 0.0984 0.6152 0.1726 
 295 0.0237 0.0082 0.0615 0.1368 0.1227 0.4557 0.1914 
 296 0.0103 0.0067 0.0154 0.0991 0.0686 0.6119 0.1880 
 297 0.0080 0.0076 0.0258 0.1140 0.1945 0.4612 0.1890 
 298 0.0074 0.0074 0.0126 0.3489 0.1298 0.2733 0.2205 
 299 0.0089 0.0186 0.0098 0.1144 0.1439 0.4668 0.2376 
 300 0.0109 0.0069 0.0120 0.0709 0.0845 0.6699 0.1450 
 301 0.0110 0.0135 0.0205 0.1103 0.2036 0.4200 0.2211 
 302 0.0134 0.0136 0.0133 0.0870 0.0974 0.6171 0.1583 
 303 0.0095 0.0070 0.0128 0.2651 0.1117 0.4612 0.1328 
 304 0.0093 0.0116 0.0107 0.3773 0.2172 0.1343 0.2396 
 305 0.0092 0.0065 0.0128 0.1808 0.0669 0.6222 0.1016 
 306 0.0078 0.0074 0.0177 0.3215 0.1027 0.4194 0.1236 
 307 0.0098 0.0098 0.0166 0.2293 0.1243 0.4171 0.1931 
 308 0.0066 0.0061 0.0131 0.2643 0.0986 0.4795 0.1317 
 309 0.0399 0.0296 0.0196 0.1013 0.0699 0.5384 0.2013 
 310 0.0093 0.0056 0.0093 0.1801 0.0617 0.6289 0.1051 
 311 0.0106 0.0077 0.0094 0.2065 0.0673 0.5590 0.1394 
 312 0.0098 0.0059 0.0095 0.0936 0.0560 0.6446 0.1807 
 313 0.0092 0.0065 0.0127 0.0659 0.0641 0.6916 0.1500 
 314 0.0084 0.0054 0.0138 0.6891 0.0665 0.1323 0.0844 
 315 0.0066 0.0054 0.0287 0.6304 0.0717 0.1448 0.1125 
 316 0.0080 0.0102 0.0501 0.6280 0.0820 0.0983 0.1235 
 317 0.0085 0.0060 0.0139 0.7388 0.0643 0.0803 0.0882 
 318 0.0074 0.0061 0.0148 0.7498 0.0679 0.0652 0.0887 
 319 0.0068 0.0071 0.0108 0.7195 0.0644 0.0999 0.0916 
 320 0.0085 0.0055 0.0134 0.6899 0.0657 0.1327 0.0844 
 321 0.0088 0.0062 0.0146 0.7333 0.0724 0.0736 0.0911 
 322 0.0097 0.0094 0.0437 0.6012 0.0763 0.1394 0.1204 
 323 0.0063 0.0162 0.0118 0.7358 0.0676 0.0719 0.0904 
 324 0.0085 0.0062 0.0146 0.7345 0.0717 0.0732 0.0913 
 325 0.0075 0.0062 0.0478 0.6626 0.0721 0.0849 0.1189 
 326 0.0122 0.0137 0.0741 0.6300 0.0712 0.0840 0.1149 
 327 0.0081 0.0061 0.0139 0.7403 0.0641 0.0801 0.0874 
 328 0.0070 0.0064 0.0315 0.6316 0.0729 0.1249 0.1258 
 329 0.0061 0.0059 0.0111 0.7519 0.0673 0.0684 0.0893 
 330 0.0085 0.0062 0.0142 0.7399 0.0635 0.0803 0.0874 
 331 0.0059 0.0061 0.0112 0.7478 0.0661 0.0719 0.0910 
 332 0.0088 0.0222 0.0593 0.6329 0.0774 0.0813 0.1182 
 333 0.0090 0.0138 0.0477 0.6390 0.0687 0.1004 0.1215 
 334 0.0071 0.0063 0.0317 0.6309 0.0732 0.1248 0.1261 
 335 0.0069 0.0061 0.0293 0.6531 0.0667 0.1194 0.1185 
 336 0.0087 0.0175 0.0155 0.6989 0.0764 0.0961 0.0870 
 337 0.0091 0.0062 0.0485 0.6392 0.0747 0.1008 0.1215 
 338 0.0076 0.0074 0.0153 0.7455 0.0705 0.0626 0.0911 
 339 0.0060 0.0060 0.0108 0.7486 0.0659 0.0719 0.0908 
 340 0.0059 0.0061 0.0105 0.7512 0.0594 0.0785 0.0885 
 341 0.0089 0.0178 0.0152 0.7223 0.0677 0.0761 0.0919 
 342 0.0082 0.0060 0.0136 0.7381 0.0643 0.0813 0.0886 
 343 0.0080 0.0142 0.0297 0.5766 0.0776 0.1815 0.1124 
 344 0.0061 0.0061 0.0108 0.7560 0.0673 0.0649 0.0889 
 345 0.0082 0.0060 0.0136 0.7411 0.0633 0.0795 0.0882 
 346 0.0073 0.0059 0.0136 0.7558 0.0609 0.0698 0.0867 
 347 0.0060 0.0060 0.0104 0.7589 0.0607 0.0710 0.0869 
 348 0.0071 0.0052 0.0249 0.5782 0.0666 0.2110 0.1069 
 349 0.0083 0.0061 0.0135 0.7385 0.0651 0.0804 0.0882 
 350 0.0063 0.0061 0.0106 0.6964 0.0698 0.1212 0.0896 
 351 0.0070 0.0058 0.0296 0.6542 0.0668 0.1197 0.1170 
 352 0.0090 0.0060 0.0423 0.6434 0.0676 0.1146 0.1171 
 353 0.0085 0.0178 0.0162 0.6968 0.0767 0.0970 0.0870 
 354 0.0072 0.0089 0.0123 0.7413 0.0693 0.0690 0.0920 
 355 0.0073 0.0061 0.0145 0.7505 0.0676 0.0638 0.0902 
 356 0.0070 0.0052 0.0237 0.5428 0.0658 0.2475 0.1080 
 357 0.0083 0.0060 0.0574 0.4320 0.1735 0.1123 0.2105 
 358 0.0067 0.0071 0.0348 0.6709 0.0743 0.0849 0.1213 
 359 0.0063 0.0068 0.0116 0.7432 0.0684 0.0718 0.0919 
 360 0.0074 0.0062 0.0134 0.7551 0.0621 0.0689 0.0870 
 361 0.0099 0.0059 0.0558 0.3682 0.1851 0.1596 0.2155 
 362 0.0103 0.0076 0.0831 0.0933 0.1460 0.2408 0.4187 
 363 0.0131 0.0106 0.0398 0.0648 0.2031 0.1431 0.5254 
 364 0.0195 0.0250 0.0183 0.2316 0.3043 0.1507 0.2506 
 365 0.0280 0.0226 0.0430 0.0709 0.5188 0.1106 0.2062 
 366 0.0184 0.0072 0.0410 0.1145 0.2625 0.3731 0.1833 
 367 0.0082 0.0058 0.0491 0.0510 0.1332 0.0714 0.6813 
 368 0.0093 0.0076 0.0157 0.0895 0.1314 0.1199 0.6266 
 369 0.0287 0.0120 0.0199 0.2013 0.1945 0.3275 0.2161 
 370 0.0232 0.0314 0.0236 0.0994 0.1290 0.1920 0.5013 
 371 0.0238 0.0195 0.0174 0.1263 0.2849 0.2375 0.2906 
 372 0.0546 0.1210 0.0278 0.1135 0.1131 0.2362 0.3337 
 373 0.0135 0.0085 0.0159 0.1375 0.2262 0.1411 0.4573 
 374 0.0320 0.0096 0.0496 0.2588 0.2222 0.1604 0.2674 
 375 0.0152 0.0326 0.0212 0.0639 0.2848 0.0880 0.4943 
 376 0.0104 0.1311 0.0459 0.0585 0.3964 0.0695 0.2882 
 377 0.0154 0.0093 0.0417 0.0971 0.2451 0.1841 0.4073 
 378 0.0124 0.0068 0.0176 0.2176 0.0800 0.1214 0.5442 
 379 0.0156 0.2150 0.0478 0.0517 0.3113 0.0870 0.2715 
 380 0.0140 0.0140 0.0867 0.1313 0.4713 0.1550 0.1278 
 381 0.0104 0.0090 0.0190 0.0996 0.5953 0.1616 0.1052 
 382 0.0086 0.0064 0.0213 0.0748 0.2139 0.0799 0.5951 
 383 0.0150 0.0224 0.0961 0.1387 0.5088 0.0948 0.1243 
 384 0.0225 0.1080 0.0348 0.1181 0.4091 0.0829 0.2245 
 385 0.2824 0.0102 0.0156 0.1953 0.2130 0.0850 0.1985 
 386 0.0085 0.0052 0.0338 0.0649 0.2032 0.1028 0.5816 
 387 0.0100 0.0059 0.0272 0.0808 0.2410 0.0962 0.5387 
 388 0.0384 0.0245 0.0249 0.2425 0.2415 0.1057 0.3225 
 389 0.1200 0.0154 0.0171 0.0742 0.1175 0.4007 0.2551 
 390 0.0264 0.0253 0.1085 0.0638 0.1947 0.1712 0.4101 
 391 0.1004 0.0204 0.0327 0.1086 0.1340 0.2293 0.3744 
 392 0.0072 0.0097 0.0218 0.1205 0.4406 0.1279 0.2722 
 393 0.0092 0.0092 0.0765 0.0924 0.5822 0.1068 0.1237 
 394 0.0068 0.0064 0.0440 0.2664 0.1165 0.1239 0.4359 
 395 0.0086 0.0053 0.0919 0.0731 0.1698 0.3063 0.3450 
 396 0.0079 0.0078 0.0130 0.0537 0.2484 0.0917 0.5775 
 397 0.0072 0.1559 0.0127 0.1461 0.1990 0.2883 0.1908 
 398 0.0077 0.0504 0.1461 0.0579 0.2352 0.0811 0.4215 
 399 0.0190 0.0060 0.0584 0.0742 0.0944 0.1741 0.5739 
 400 0.0110 0.0097 0.0189 0.0995 0.3130 0.1038 0.4441 
 401 0.0122 0.0056 0.0215 0.1049 0.1116 0.1787 0.5654 
 402 0.0112 0.0097 0.0156 0.0976 0.2511 0.2353 0.3794 
 403 0.0278 0.0122 0.0269 0.3445 0.1866 0.1521 0.2500 
 404 0.0176 0.0118 0.0152 0.1305 0.3755 0.1828 0.2666 
 405 0.0086 0.0068 0.0495 0.1056 0.2363 0.2311 0.3622 
 406 0.0083 0.0054 0.3191 0.1402 0.0923 0.3084 0.1264 
 407 0.0077 0.0056 0.0564 0.0531 0.5526 0.0841 0.2405 
 408 0.0075 0.0049 0.0132 0.0482 0.0728 0.2490 0.6043 
 409 0.0222 0.0182 0.0863 0.2593 0.2248 0.2407 0.1486 
 410 0.0143 0.1136 0.0588 0.0991 0.2403 0.1234 0.3505 
 411 0.0084 0.0422 0.0197 0.1672 0.3725 0.1605 0.2295 
 412 0.0090 0.0078 0.0157 0.0801 0.1510 0.1125 0.6237 
 413 0.0074 0.0059 0.0167 0.1968 0.1002 0.1181 0.5549 
 414 0.0158 0.0057 0.0126 0.0556 0.1356 0.1050 0.6698 
 415 0.0097 0.0069 0.0518 0.0729 0.3887 0.1987 0.2713 
 416 0.0272 0.0073 0.0171 0.0929 0.3910 0.1802 0.2842 
 417 0.0083 0.0087 0.2253 0.0652 0.2291 0.0972 0.3661 
 418 0.0073 0.0100 0.0154 0.0629 0.1691 0.0760 0.6592 
 419 0.0309 0.0152 0.0293 0.2135 0.2587 0.1618 0.2905 
 420 0.0107 0.0048 0.0202 0.0644 0.1193 0.2745 0.5062 
 421 0.0087 0.0104 0.0776 0.0731 0.2021 0.1161 0.5120 
 422 0.0094 0.0093 0.0776 0.0715 0.2899 0.3191 0.2232 
 423 0.0089 0.0156 0.0625 0.0945 0.2539 0.1822 0.3824 
 424 0.0227 0.0122 0.0875 0.1087 0.0960 0.1644 0.5086 
 425 0.0544 0.0308 0.0208 0.1256 0.3824 0.1230 0.2629 
 426 0.0356 0.0448 0.0735 0.1266 0.1404 0.1084 0.4707 
 427 0.0082 0.0063 0.1659 0.1517 0.2358 0.0825 0.3497 
 428 0.0105 0.0348 0.2071 0.1637 0.1801 0.2190 0.1848 
 429 0.0070 0.0084 0.0417 0.0510 0.3287 0.0735 0.4898 
 430 0.0091 0.0075 0.1284 0.0620 0.4240 0.0963 0.2727 
 431 0.0164 0.0141 0.0481 0.1138 0.1069 0.1616 0.5392 
 432 0.0086 0.0078 0.0154 0.0943 0.1331 0.1254 0.6153 
 433 0.0086 0.0203 0.0152 0.3204 0.1107 0.2104 0.3144 
 434 0.0126 0.0091 0.0168 0.1348 0.3077 0.2055 0.3135 
 435 0.0066 0.0056 0.3311 0.0553 0.1686 0.0813 0.3514 
 436 0.0103 0.0082 0.4267 0.0888 0.1730 0.0838 0.2091 
 437 0.0066 0.0117 0.0457 0.0633 0.4813 0.0922 0.2992 
 438 0.0099 0.0059 0.4120 0.0910 0.0958 0.1606 0.2247 
 439 0.0087 0.0060 0.2753 0.0768 0.3638 0.0686 0.2008 
 440 0.0083 0.0047 0.3791 0.0460 0.1724 0.0788 0.3107 
 441 0.0099 0.0071 0.0822 0.1253 0.3680 0.1011 0.3064 
 442 0.0246 0.0072 0.0206 0.0623 0.3672 0.1204 0.3979 
 443 0.0127 0.0051 0.0718 0.0536 0.1324 0.2019 0.5223 
 444 0.0236 0.0071 0.0540 0.0618 0.3400 0.1333 0.3803 
 445 0.0101 0.0457 0.0471 0.1419 0.4450 0.1696 0.1404 
 446 0.0098 0.0578 0.2384 0.0640 0.1925 0.0623 0.3751 
 447 0.0380 0.0076 0.2683 0.1139 0.1785 0.1323 0.2613 
 448 0.0082 0.0065 0.0711 0.0660 0.3300 0.1076 0.4106 
 449 0.0084 0.0073 0.0736 0.0996 0.3199 0.1325 0.3586 
 450 0.0084 0.0096 0.0178 0.0912 0.6074 0.0594 0.2061 
 451 0.0077 0.0062 0.0281 0.0467 0.0859 0.0996 0.7258 
 452 0.0077 0.0069 0.0355 0.0882 0.5208 0.0721 0.2687 
 453 0.0171 0.0056 0.0238 0.0834 0.1617 0.4073 0.3012 
 454 0.0083 0.0064 0.1125 0.1126 0.2771 0.1187 0.3644 
 455 0.0083 0.0048 0.4576 0.0566 0.1424 0.1018 0.2285 
 456 0.0110 0.0069 0.1169 0.0556 0.3060 0.2103 0.2933 
 457 0.0069 0.0078 0.0913 0.0675 0.5025 0.0882 0.2359 
 458 0.0092 0.0489 0.0632 0.0699 0.5201 0.0740 0.2148 
 459 0.0103 0.0059 0.1450 0.1553 0.2085 0.0835 0.3916 
 460 0.0095 0.0057 0.1142 0.0615 0.2069 0.0728 0.5294 
 461 0.0092 0.0080 0.0241 0.0649 0.2008 0.0554 0.6374 
 462 0.0479 0.0083 0.0334 0.0439 0.4658 0.1439 0.2568 
 463 0.0097 0.0051 0.2934 0.0786 0.1396 0.2988 0.1748 
 464 0.0076 0.0049 0.1131 0.0575 0.1486 0.1321 0.5363 
 465 0.0097 0.0086 0.0407 0.0704 0.1941 0.1088 0.5677 
 466 0.0073 0.0048 0.0994 0.0575 0.1348 0.2209 0.4753 
 467 0.0118 0.0069 0.0466 0.0853 0.4342 0.1454 0.2697 
 468 0.0067 0.0056 0.3757 0.0535 0.2701 0.1231 0.1653 
 469 0.0088 0.0053 0.5242 0.0621 0.1852 0.0565 0.1580 
 470 0.0062 0.0051 0.4406 0.0567 0.1207 0.0679 0.3026 
 471 0.0158 0.0070 0.0255 0.0604 0.2950 0.2903 0.3060 
 472 0.0109 0.0087 0.0209 0.0635 0.4408 0.1560 0.2992 
 473 0.0079 0.0070 0.0761 0.0999 0.2639 0.1579 0.3873 
 474 0.0075 0.0062 0.0298 0.0769 0.5242 0.1173 0.2380 
 475 0.0086 0.0071 0.0422 0.1158 0.1751 0.1163 0.5348 
 476 0.0077 0.0085 0.0505 0.0647 0.5407 0.1002 0.2277 
 477 0.0185 0.0079 0.0492 0.1062 0.1436 0.1117 0.5630 
 478 0.0176 0.0082 0.0333 0.0576 0.1018 0.0648 0.7166 
 479 0.0080 0.0054 0.1674 0.0562 0.2298 0.0715 0.4617 
 480 0.0068 0.0076 0.1330 0.0642 0.4791 0.0773 0.2321 
 481 0.0164 0.0068 0.0202 0.0604 0.4184 0.1748 0.3030 
 482 0.0073 0.0074 0.0642 0.0568 0.3807 0.0655 0.4181 
 483 0.0080 0.0071 0.4160 0.0775 0.1864 0.0718 0.2332 
 484 0.0156 0.0060 0.2988 0.0680 0.2200 0.1821 0.2096 
 485 0.0065 0.0057 0.6208 0.0546 0.0831 0.0635 0.1658 
 486 0.0338 0.0163 0.0162 0.0838 0.1422 0.3665 0.3411 
 487 0.0283 0.0175 0.0165 0.1794 0.2373 0.2077 0.3133 
 488 0.0604 0.0142 0.0171 0.1475 0.1364 0.1920 0.4324 
 489 0.0181 0.0173 0.0116 0.1584 0.2454 0.3381 0.2111 
 490 0.0148 0.0079 0.0178 0.0572 0.1341 0.1989 0.5693 
 491 0.0557 0.0128 0.0122 0.1595 0.1639 0.3707 0.2252 
 492 0.0322 0.0062 0.0143 0.2785 0.1190 0.2202 0.3296 
 493 0.0725 0.0329 0.0128 0.1140 0.1703 0.2656 0.3318 
 494 0.0340 0.0829 0.0220 0.1367 0.1791 0.3064 0.2390 
 495 0.1099 0.0439 0.0151 0.1925 0.1197 0.1585 0.3604 
 496 0.0077 0.0089 0.0167 0.3048 0.1267 0.3149 0.2203 
 497 0.1249 0.0598 0.0129 0.1919 0.1700 0.2027 0.2378 
 498 0.0950 0.0132 0.0165 0.0950 0.1475 0.2444 0.3884 
 499 0.0173 0.0836 0.0152 0.2790 0.1622 0.2440 0.1988 
 500 0.0128 0.0385 0.0270 0.1016 0.2760 0.2809 0.2633 
 501 0.0115 0.0188 0.0180 0.2406 0.2620 0.1693 0.2798 
 502 0.0251 0.0103 0.0150 0.2918 0.1779 0.1096 0.3702 
 503 0.0085 0.0101 0.0207 0.0731 0.4311 0.1363 0.3202 
 504 0.0705 0.0108 0.0159 0.0860 0.0982 0.1731 0.5455 
 505 0.0185 0.0135 0.0173 0.1216 0.1017 0.5233 0.2040 
 506 0.0346 0.0087 0.0123 0.2267 0.1493 0.2091 0.3593 
 507 0.0072 0.0116 0.0118 0.4513 0.0849 0.3225 0.1107 
 508 0.0152 0.0345 0.0114 0.4522 0.0684 0.2856 0.1326 
 509 0.0133 0.0108 0.0164 0.1939 0.1102 0.4463 0.2091 
 510 0.0113 0.0537 0.0120 0.2917 0.2293 0.1687 0.2334 
 511 0.0252 0.0157 0.0558 0.0829 0.2701 0.2363 0.3140 
 512 0.0144 0.0100 0.0193 0.0609 0.4222 0.1120 0.3611 
 513 0.4846 0.0102 0.0095 0.0880 0.0518 0.2096 0.1462 
 514 0.0099 0.0100 0.0161 0.1125 0.0815 0.1475 0.6223 
 515 0.0132 0.0190 0.0786 0.1937 0.2429 0.2339 0.2186 
 516 0.0123 0.0117 0.0180 0.0989 0.0870 0.2788 0.4934 
 517 0.0092 0.0095 0.0634 0.1759 0.0964 0.2887 0.3567 
 518 0.0098 0.1167 0.0120 0.2399 0.2041 0.1991 0.2184 
 519 0.0149 0.0067 0.0208 0.1208 0.0921 0.1380 0.6066 
 520 0.0084 0.0095 0.2402 0.2565 0.0798 0.2678 0.1378 
 521 0.0090 0.0076 0.0150 0.3404 0.0776 0.2130 0.3374 
 522 0.0104 0.0526 0.0398 0.0868 0.2639 0.2940 0.2523 
 523 0.0086 0.0101 0.0407 0.1754 0.0671 0.4209 0.2772 
 524 0.0075 0.0112 0.2951 0.1365 0.0984 0.1808 0.2705 
 525 0.0080 0.1428 0.0519 0.2084 0.1540 0.2554 0.1797 
 526 0.0073 0.0061 0.3771 0.0968 0.0793 0.3084 0.1250 
 527 0.0162 0.1078 0.0131 0.0935 0.2402 0.1123 0.4169 
 528 0.0078 0.0057 0.0104 0.4361 0.0830 0.2763 0.1808 
 529 0.0163 0.1195 0.0121 0.1659 0.1221 0.2711 0.2930 
 530 0.0150 0.0091 0.0336 0.1220 0.3164 0.2502 0.2536 
 531 0.0099 0.0098 0.0476 0.3671 0.1723 0.1620 0.2313 
 532 0.0119 0.0408 0.0118 0.3085 0.1421 0.1845 0.3004 
 533 0.0095 0.0982 0.0346 0.1023 0.1719 0.3420 0.2415 
 534 0.0216 0.1001 0.0137 0.1336 0.0603 0.4577 0.2130 
 535 0.0092 0.0062 0.0562 0.0957 0.1027 0.3387 0.3912 
 536 0.0141 0.0092 0.0581 0.1877 0.2753 0.2585 0.1971 
 537 0.0187 0.0084 0.0188 0.2181 0.1244 0.4542 0.1573 
 538 0.0086 0.0062 0.0235 0.1542 0.0951 0.5416 0.1708 
 539 0.0089 0.0060 0.0096 0.4878 0.0802 0.2953 0.1121 
 540 0.0100 0.0094 0.0382 0.2026 0.1303 0.4229 0.1866 
 541 0.0175 0.0086 0.0204 0.3854 0.2208 0.1864 0.1608 
 542 0.0185 0.0062 0.0388 0.0702 0.3315 0.4052 0.1295 
 543 0.0263 0.0092 0.0571 0.1875 0.0760 0.3507 0.2933 
 544 0.0104 0.0053 0.0273 0.0997 0.1378 0.5316 0.1878 
 545 0.0180 0.0059 0.2074 0.0621 0.1255 0.3865 0.1946 
 546 0.0223 0.0061 0.0141 0.1219 0.2057 0.4805 0.1494 
 547 0.0155 0.0061 0.0599 0.1565 0.0796 0.5038 0.1785 
 548 0.0096 0.0075 0.0125 0.2414 0.1020 0.4350 0.1920 
 549 0.0148 0.0085 0.0923 0.3705 0.2028 0.1816 0.1294 
 550 0.0174 0.0049 0.2058 0.0952 0.1044 0.3224 0.2499 
 551 0.0115 0.0099 0.0306 0.4645 0.1474 0.1621 0.1739 
 552 0.0083 0.0067 0.0133 0.1452 0.1304 0.5675 0.1288 
 553 0.0280 0.0092 0.0398 0.1580 0.0589 0.5318 0.1742 
 554 0.0139 0.0163 0.0265 0.1654 0.2403 0.2413 0.2962 
 555 0.0344 0.0081 0.0173 0.2462 0.0837 0.4453 0.1651 
 556 0.0095 0.0069 0.0141 0.1175 0.1116 0.5679 0.1724 
 557 0.0132 0.0055 0.2516 0.1532 0.1303 0.1899 0.2562 
 558 0.0068 0.0074 0.0809 0.0601 0.3903 0.0587 0.3958 
 559 0.0082 0.0086 0.0125 0.0784 0.1296 0.2798 0.4827 
 560 0.0158 0.0055 0.0861 0.0449 0.1675 0.0840 0.5962 
 561 0.0135 0.0066 0.0280 0.0589 0.2199 0.1342 0.5389 
 562 0.0147 0.0072 0.0365 0.0437 0.1327 0.1716 0.5936 
 563 0.0270 0.0106 0.0347 0.2146 0.1093 0.1217 0.4820 
 564 0.0110 0.0128 0.0232 0.0903 0.1013 0.3949 0.3664 
 565 0.0072 0.0064 0.0844 0.0648 0.5566 0.0744 0.2062 
 566 0.0081 0.0046 0.0505 0.0470 0.1120 0.0782 0.6995 
 567 0.0120 0.0092 0.0178 0.0612 0.0952 0.3228 0.4818 
 568 0.0074 0.0064 0.0342 0.0821 0.1187 0.1866 0.5646 
 569 0.0083 0.0095 0.0554 0.0871 0.1531 0.2032 0.4834 
 570 0.0067 0.0113 0.0639 0.0504 0.3436 0.0720 0.4522 
 571 0.0072 0.0056 0.0363 0.0710 0.0705 0.0964 0.7130 
 572 0.0156 0.0047 0.0361 0.1351 0.1256 0.5053 0.1775 
 573 0.0096 0.0113 0.1859 0.0895 0.0810 0.2439 0.3787 
 574 0.0104 0.0095 0.0395 0.1605 0.3256 0.1574 0.2971 
 575 0.0080 0.0069 0.0242 0.1505 0.1194 0.1476 0.5433 
 576 0.0145 0.0059 0.0354 0.0475 0.1162 0.0659 0.7145 
 577 0.0108 0.0109 0.0183 0.1480 0.3463 0.1363 0.3293 
 578 0.0161 0.0060 0.0668 0.0698 0.1163 0.1096 0.6155 
 579 0.0260 0.0071 0.0264 0.0659 0.2547 0.1649 0.4549 
 580 0.0089 0.0072 0.0351 0.1010 0.4106 0.1095 0.3277 
 581 0.0081 0.0060 0.0545 0.0817 0.2297 0.0907 0.5292 
 582 0.0075 0.0070 0.0786 0.0511 0.3109 0.1199 0.4250 
 583 0.0098 0.0593 0.0378 0.0682 0.0877 0.0929 0.6443 
 584 0.0081 0.0077 0.0257 0.0564 0.1297 0.0708 0.7017 
 585 0.0179 0.0075 0.0437 0.0602 0.1905 0.0989 0.5814 
 586 0.0091 0.0060 0.0147 0.0787 0.0965 0.1774 0.6175 
 587 0.0115 0.0114 0.0153 0.0501 0.3419 0.1999 0.3700 
 588 0.0134 0.0097 0.0106 0.0630 0.0612 0.6863 0.1559 
 589 0.0087 0.0065 0.1954 0.0569 0.2127 0.1511 0.3687 
 590 0.0109 0.0074 0.0119 0.0665 0.1223 0.1444 0.6366 
 591 0.0079 0.0061 0.0172 0.0761 0.0889 0.0949 0.7090 
 592 0.0081 0.0053 0.0428 0.0546 0.1041 0.2507 0.5344 
 593 0.0076 0.0069 0.0588 0.0950 0.1149 0.1615 0.5552 
 594 0.0137 0.0572 0.0211 0.1403 0.0973 0.1279 0.5424 
 595 0.0371 0.0118 0.0128 0.0510 0.4186 0.1084 0.3602 
 596 0.0112 0.0053 0.1605 0.0960 0.0896 0.3068 0.3305 
 597 0.0106 0.0093 0.0335 0.2183 0.0582 0.1419 0.5282 
 598 0.0064 0.0099 0.1077 0.0545 0.3899 0.0647 0.3669 
 599 0.0067 0.0069 0.0281 0.0475 0.0981 0.1276 0.6851 
 600 0.0091 0.0055 0.0276 0.1059 0.4371 0.1601 0.2546 
 601 0.0088 0.0051 0.0292 0.0480 0.2254 0.1358 0.5478 
 602 0.0147 0.0111 0.0178 0.1690 0.1620 0.2462 0.3793 
 603 0.0105 0.0069 0.0148 0.1662 0.1318 0.2274 0.4423 
 604 0.0203 0.0207 0.0686 0.1107 0.4718 0.1182 0.1897 
 605 0.0135 0.0069 0.0312 0.0814 0.1930 0.1952 0.4789 
 606 0.0108 0.0146 0.0235 0.1492 0.2469 0.2853 0.2697 
 607 0.0113 0.0097 0.0258 0.2515 0.2863 0.1558 0.2596 
 608 0.0073 0.0069 0.0318 0.4054 0.1706 0.1170 0.2610 
 609 0.0122 0.0120 0.0279 0.0981 0.3896 0.1359 0.3243 
 610 0.0124 0.0070 0.2974 0.0807 0.1971 0.1821 0.2233 
 611 0.0097 0.0092 0.0183 0.1670 0.1319 0.2557 0.4081 
 612 0.0083 0.0123 0.0698 0.0642 0.5801 0.1034 0.1619 
 613 0.0125 0.0454 0.0391 0.0908 0.2456 0.2450 0.3216 
 614 0.0109 0.0070 0.0215 0.0580 0.6489 0.1076 0.1461 
 615 0.0075 0.0069 0.0467 0.1005 0.5474 0.1301 0.1610 
 616 0.0091 0.0071 0.0145 0.1861 0.2677 0.1457 0.3698 
 617 0.0638 0.0184 0.0480 0.0688 0.2947 0.1689 0.3373 
 618 0.0236 0.0151 0.0924 0.1764 0.4082 0.1372 0.1470 
 619 0.0072 0.0049 0.0530 0.1389 0.1065 0.2600 0.4296 
 620 0.0093 0.0051 0.0296 0.0441 0.0839 0.2812 0.5467 
 621 0.0090 0.0102 0.0230 0.0722 0.2010 0.0749 0.6098 
 622 0.0740 0.0165 0.0635 0.1185 0.3170 0.2265 0.1841 
 623 0.0087 0.0058 0.0272 0.0715 0.1314 0.1747 0.5807 
 624 0.0085 0.0111 0.0800 0.1778 0.4180 0.0954 0.2092 
 625 0.0344 0.0212 0.0327 0.1575 0.3892 0.1003 0.2647 
 626 0.0088 0.0319 0.0756 0.2490 0.2691 0.2579 0.1077 
 627 0.0113 0.0055 0.0184 0.0899 0.2400 0.2139 0.4212 
 628 0.0185 0.0067 0.0187 0.0950 0.1652 0.2848 0.4112 
 629 0.0113 0.0075 0.0150 0.1149 0.2958 0.1525 0.4029 
 630 0.0142 0.0151 0.0327 0.0814 0.4615 0.1049 0.2902 
 631 0.0086 0.0076 0.0187 0.0926 0.4135 0.1505 0.3085 
 632 0.0120 0.0067 0.0195 0.2230 0.1849 0.3788 0.1751 
 633 0.0143 0.0088 0.0461 0.1508 0.3887 0.1284 0.2629 
 634 0.0081 0.0084 0.0221 0.1776 0.2142 0.2926 0.2770 
 635 0.0075 0.0064 0.0210 0.3751 0.2285 0.1834 0.1780 
 636 0.0089 0.0093 0.0289 0.2279 0.3437 0.1039 0.2775 
 637 0.0135 0.0072 0.0236 0.1057 0.2568 0.3874 0.2059 
 638 0.0094 0.0089 0.0186 0.1582 0.2358 0.1478 0.4213 
 639 0.0145 0.0083 0.0312 0.1283 0.4523 0.1562 0.2092 
 640 0.0200 0.0072 0.0178 0.0981 0.1735 0.0862 0.5972 
 641 0.0120 0.0164 0.0183 0.1140 0.3144 0.1795 0.3453 
 642 0.0106 0.0079 0.0198 0.3445 0.1567 0.2634 0.1972 
 643 0.0094 0.0072 0.0115 0.5869 0.1175 0.1058 0.1618 
 644 0.0099 0.0071 0.0138 0.4745 0.1107 0.1518 0.2323 
 645 0.0145 0.0167 0.0931 0.3979 0.2364 0.1420 0.0993 
 646 0.0266 0.0092 0.0162 0.1463 0.1722 0.3141 0.3153 
 647 0.0366 0.0158 0.0116 0.3246 0.1543 0.2049 0.2522 
 648 0.0235 0.1978 0.0161 0.1737 0.1039 0.3560 0.1291 
 649 0.0116 0.0231 0.0145 0.1454 0.0835 0.5034 0.2186 
 650 0.0108 0.0072 0.0140 0.1872 0.1028 0.3143 0.3638 
 651 0.0394 0.0239 0.0111 0.3418 0.1210 0.1831 0.2798 
 652 0.0084 0.0083 0.0125 0.5060 0.0980 0.1546 0.2122 
 653 0.0232 0.0967 0.0247 0.3230 0.1274 0.2693 0.1357 
 654 0.0325 0.0108 0.0146 0.2958 0.1437 0.3514 0.1512 
 655 0.0085 0.0061 0.0161 0.4539 0.0705 0.1137 0.3313 
 656 0.0310 0.0284 0.0212 0.2160 0.1409 0.3839 0.1786 
 657 0.0101 0.1201 0.0224 0.2213 0.2255 0.1424 0.2582 
 658 0.0087 0.0218 0.0322 0.2247 0.1072 0.1919 0.4136 
 659 0.0161 0.0237 0.0228 0.3532 0.1456 0.2657 0.1730 
 660 0.0084 0.0244 0.0123 0.3645 0.0890 0.3352 0.1661 
 661 0.0132 0.0128 0.0224 0.3798 0.1349 0.3054 0.1315 
 662 0.0150 0.0186 0.0155 0.1139 0.0666 0.5616 0.2089 
 663 0.0071 0.0064 0.0135 0.4028 0.1214 0.2382 0.2107 
 664 0.0145 0.0100 0.0354 0.2292 0.1696 0.1378 0.4036 
 665 0.0086 0.0068 0.0108 0.1516 0.0873 0.5255 0.2094 
 666 0.0081 0.0077 0.0174 0.3229 0.1248 0.3185 0.2007 
 667 0.1206 0.0357 0.0181 0.1561 0.1174 0.1935 0.3587 
 668 0.0104 0.0077 0.0182 0.3515 0.1521 0.2242 0.2358 
 669 0.0115 0.0888 0.0135 0.2326 0.0891 0.3730 0.1915 
 670 0.0062 0.0066 0.0119 0.6282 0.0716 0.1590 0.1164 
 671 0.0081 0.0075 0.0128 0.4605 0.0869 0.2530 0.1711 
 672 0.0070 0.0053 0.0448 0.5593 0.0560 0.1171 0.2105 
 673 0.0065 0.0198 0.0123 0.7252 0.0708 0.0735 0.0918 
 674 0.0093 0.0058 0.0130 0.5033 0.1428 0.1947 0.1311 
 675 0.0258 0.0067 0.0125 0.6530 0.0666 0.0944 0.1410 
 676 0.0069 0.0059 0.0113 0.7359 0.0700 0.0793 0.0907 
 677 0.0073 0.0055 0.0110 0.4090 0.0686 0.4044 0.0941 
 678 0.0074 0.0395 0.0130 0.7048 0.0705 0.0674 0.0974 
 679 0.0081 0.0065 0.0137 0.6211 0.1290 0.0840 0.1376 
 680 0.0114 0.0098 0.0191 0.6144 0.1218 0.1174 0.1060 
 681 0.0184 0.0079 0.0472 0.2256 0.1630 0.3743 0.1634 
 682 0.0085 0.0061 0.0192 0.6294 0.1268 0.1045 0.1055 
 683 0.0068 0.0058 0.0121 0.6494 0.0672 0.1527 0.1059 
 684 0.0081 0.0288 0.0125 0.7001 0.0729 0.0804 0.0972 
 685 0.0066 0.0060 0.0107 0.7387 0.0638 0.0859 0.0884 
 686 0.0090 0.0072 0.0185 0.3896 0.1180 0.3379 0.1197 
 687 0.0073 0.0066 0.0116 0.4471 0.0746 0.2928 0.1600 
 688 0.0077 0.0066 0.0116 0.6420 0.0790 0.1165 0.1367 
 689 0.0066 0.0063 0.0114 0.7444 0.0628 0.0804 0.0881 
 690 0.0068 0.0059 0.0108 0.7376 0.0696 0.0791 0.0902 
 691 0.0107 0.0065 0.0134 0.5868 0.1197 0.1319 0.1310 
 692 0.0079 0.0340 0.0128 0.6362 0.0830 0.0894 0.1366 
 693 0.0093 0.0067 0.0119 0.6285 0.1150 0.0815 0.1471 
 694 0.0063 0.0052 0.0110 0.7478 0.0553 0.0894 0.0849 
 695 0.0076 0.0056 0.0291 0.6395 0.0660 0.1400 0.1121 
 696 0.0076 0.0064 0.0117 0.6398 0.0791 0.1176 0.1377 
 697 0.0066 0.0074 0.0113 0.6927 0.0727 0.1187 0.0906 
 698 0.0067 0.0059 0.0109 0.7250 0.0690 0.0900 0.0925 
 699 0.0073 0.0053 0.0230 0.4585 0.0634 0.3375 0.1050 
 700 0.0129 0.0071 0.0120 0.4745 0.2105 0.1802 0.1028 
 701 0.0088 0.0708 0.0394 0.5126 0.0799 0.1533 0.1350 
 702 0.0090 0.0080 0.0188 0.4713 0.1349 0.2097 0.1484 
 703 0.0080 0.0066 0.0187 0.6105 0.1239 0.1235 0.1087 
 704 0.0068 0.0056 0.0108 0.6104 0.0777 0.1630 0.1257 
 705 0.0181 0.0317 0.0612 0.3102 0.0931 0.3458 0.1398 
 706 0.0099 0.0077 0.0180 0.5995 0.1082 0.1530 0.1038 
 707 0.0075 0.0178 0.0113 0.6413 0.0759 0.1562 0.0900 
 708 0.0096 0.0068 0.0112 0.7003 0.0698 0.1101 0.0922 
 709 0.0106 0.0056 0.0109 0.6155 0.0969 0.1688 0.0917 
 710 0.0072 0.0060 0.0108 0.7378 0.0619 0.0913 0.0850 
 711 0.0085 0.0071 0.0158 0.4837 0.1081 0.2772 0.0996 
 712 0.0098 0.0059 0.0106 0.5041 0.0609 0.3225 0.0862 
 713 0.0077 0.0065 0.0108 0.6377 0.0705 0.1354 0.1314 
 714 0.0148 0.0073 0.0139 0.5522 0.1444 0.1308 0.1365 
 715 0.0073 0.0055 0.0102 0.6306 0.0627 0.1990 0.0847 
 716 0.0094 0.0064 0.0181 0.6313 0.1076 0.1287 0.0985 
 717 0.0065 0.0049 0.0106 0.7150 0.0642 0.1160 0.0828 
 718 0.0130 0.0097 0.0182 0.5113 0.1049 0.2317 0.1112 
 719 0.0092 0.0086 0.0107 0.6539 0.0642 0.1635 0.0900 
 720 0.0105 0.0059 0.0188 0.0737 0.2248 0.1293 0.5372 
 721 0.0115 0.0066 0.0188 0.4215 0.2187 0.1613 0.1616 
 722 0.0109 0.0080 0.0358 0.1044 0.3279 0.1957 0.3173 
 723 0.0079 0.0091 0.0173 0.1038 0.5071 0.1078 0.2469 
 724 0.0076 0.0117 0.0145 0.1944 0.4585 0.1126 0.2007 
 725 0.0086 0.0125 0.0121 0.2511 0.1650 0.1715 0.3792 
 726 0.0080 0.0122 0.0236 0.1410 0.3545 0.2072 0.2535 
 727 0.0085 0.0134 0.0266 0.2244 0.1613 0.3211 0.2446 
