   1 0.0050 0.0075 0.0186 0.0973 0.0698 0.3130 0.1165 0.0980 0.1183 0.1561 
   2 0.0041 0.0053 0.0392 0.0503 0.1845 0.0799 0.1723 0.1270 0.2177 0.1196 
   3 0.0056 0.0094 0.0156 0.1073 0.0448 0.1186 0.2838 0.1165 0.1538 0.1446 
   4 0.0120 0.0119 0.0302 0.1291 0.0631 0.0707 0.1249 0.1156 0.1307 0.3118 
   5 0.0047 0.0057 0.0203 0.0439 0.2345 0.0913 0.1896 0.1212 0.1731 0.1157 
   6 0.0061 0.0060 0.0184 0.0426 0.0567 0.1402 0.3321 0.1474 0.1048 0.1458 
   7 0.0052 0.0069 0.0131 0.0542 0.0849 0.1313 0.1775 0.3431 0.0866 0.0972 
   8 0.0200 0.0112 0.0901 0.0915 0.0598 0.0938 0.2050 0.1250 0.1082 0.1955 
   9 0.0079 0.0075 0.0417 0.0891 0.1116 0.1216 0.2021 0.1246 0.1598 0.1341 
  10 0.0066 0.0063 0.0855 0.0569 0.0814 0.1582 0.2217 0.1380 0.0888 0.1566 
  11 0.0042 0.0069 0.0129 0.0542 0.1089 0.2918 0.1494 0.2019 0.0809 0.0889 
  12 0.0048 0.0055 0.0177 0.0494 0.1610 0.1001 0.1788 0.1295 0.1752 0.1779 
  13 0.0057 0.0056 0.0255 0.0775 0.1053 0.1283 0.1905 0.1809 0.1427 0.1379 
  14 0.0038 0.0091 0.0314 0.0632 0.0662 0.1059 0.2126 0.0851 0.2780 0.1448 
  15 0.0048 0.0131 0.0173 0.0716 0.0829 0.0967 0.1716 0.1427 0.1523 0.2470 
  16 0.0044 0.0070 0.0140 0.0767 0.0800 0.2479 0.2102 0.1391 0.1146 0.1062 
  17 0.0082 0.0072 0.0186 0.0598 0.1091 0.1191 0.2663 0.1048 0.1509 0.1561 
  18 0.0075 0.0126 0.0683 0.0564 0.0622 0.1227 0.2050 0.1032 0.1809 0.1813 
  19 0.0051 0.0060 0.0189 0.0570 0.0898 0.1442 0.3039 0.1297 0.1046 0.1409 
  20 0.0046 0.0114 0.0156 0.0527 0.1348 0.0970 0.1923 0.1861 0.1458 0.1597 
  21 0.0043 0.0071 0.0226 0.0623 0.0710 0.1666 0.1311 0.1036 0.2127 0.2186 
  22 0.0070 0.0058 0.0169 0.0848 0.0556 0.1526 0.3046 0.1049 0.1237 0.1443 
  23 0.0071 0.0136 0.0303 0.1650 0.0711 0.0797 0.1515 0.0974 0.2217 0.1626 
  24 0.0044 0.0067 0.0147 0.1008 0.0683 0.2704 0.1216 0.1152 0.1224 0.1754 
  25 0.0052 0.0091 0.0221 0.0438 0.1170 0.0892 0.3296 0.1765 0.1214 0.0863 
  26 0.0062 0.0084 0.0166 0.0594 0.0991 0.1593 0.1715 0.1233 0.1429 0.2133 
  27 0.0052 0.0062 0.0140 0.0661 0.0958 0.1597 0.2148 0.1187 0.1764 0.1431 
  28 0.0051 0.0063 0.0595 0.0575 0.0528 0.1718 0.1221 0.1528 0.1191 0.2530 
  29 0.0039 0.0054 0.0154 0.0744 0.1451 0.1243 0.1584 0.1871 0.1731 0.1127 
  30 0.0052 0.0067 0.0160 0.0743 0.0689 0.2110 0.2372 0.1067 0.1576 0.1165 
  31 0.0153 0.0063 0.0800 0.0558 0.1062 0.1570 0.1212 0.1569 0.1729 0.1285 
  32 0.0044 0.0084 0.0262 0.0820 0.0636 0.0755 0.3082 0.0925 0.1422 0.1969 
  33 0.0047 0.0070 0.0141 0.1255 0.0561 0.1187 0.2216 0.1621 0.1497 0.1406 
  34 0.0064 0.0088 0.0785 0.0529 0.1356 0.0793 0.2758 0.1690 0.0798 0.1139 
  35 0.0094 0.0057 0.0165 0.0655 0.1225 0.1048 0.2078 0.0938 0.2826 0.0914 
  36 0.0043 0.0292 0.0165 0.0726 0.0492 0.2748 0.0978 0.1016 0.2664 0.0876 
  37 0.0058 0.0059 0.0264 0.1049 0.0539 0.1021 0.1798 0.1121 0.2407 0.1682 
  38 0.0048 0.1567 0.0134 0.0573 0.1029 0.1431 0.1211 0.1730 0.1499 0.0777 
  39 0.0074 0.0115 0.0135 0.0564 0.0945 0.1314 0.1681 0.1778 0.2260 0.1134 
  40 0.0039 0.0095 0.0154 0.1535 0.0570 0.1086 0.1433 0.0851 0.3241 0.0997 
  41 0.0074 0.0118 0.0160 0.1266 0.0846 0.1277 0.1574 0.1488 0.2472 0.0724 
  42 0.0044 0.0180 0.0120 0.3036 0.0626 0.1903 0.0776 0.0884 0.1318 0.1114 
  43 0.0069 0.0056 0.0271 0.1362 0.0601 0.0780 0.1468 0.1130 0.3226 0.1036 
  44 0.0058 0.0049 0.0150 0.0936 0.0545 0.0718 0.2001 0.0944 0.3880 0.0718 
  45 0.0049 0.0221 0.0240 0.0577 0.1072 0.2223 0.0846 0.1153 0.2851 0.0767 
  46 0.0079 0.0066 0.0144 0.0442 0.0821 0.1006 0.2802 0.1243 0.2197 0.1200 
  47 0.0155 0.0057 0.0502 0.0778 0.1008 0.1290 0.2111 0.1084 0.1691 0.1323 
  48 0.0072 0.0069 0.0139 0.0904 0.0618 0.0647 0.1873 0.0770 0.4141 0.0767 
  49 0.0078 0.0076 0.0148 0.0776 0.1214 0.1644 0.1446 0.1071 0.2414 0.1134 
  50 0.0088 0.0070 0.0519 0.0427 0.0765 0.1053 0.2833 0.1725 0.1477 0.1042 
  51 0.0041 0.0280 0.0156 0.1080 0.0538 0.1754 0.0794 0.0900 0.3723 0.0734 
  52 0.0079 0.0072 0.0124 0.0666 0.1043 0.1609 0.1627 0.1792 0.1730 0.1259 
  53 0.0070 0.0336 0.0293 0.0774 0.0483 0.1494 0.2179 0.1642 0.1650 0.1079 
  54 0.0077 0.0048 0.0539 0.0758 0.1077 0.0948 0.1277 0.1028 0.2941 0.1307 
  55 0.0056 0.0059 0.0176 0.0608 0.0649 0.0727 0.1374 0.0943 0.4406 0.1002 
  56 0.0058 0.0124 0.0139 0.0975 0.0860 0.1070 0.1726 0.0862 0.3039 0.1147 
  57 0.0117 0.0075 0.0270 0.0663 0.1105 0.1341 0.1950 0.1136 0.0901 0.2443 
  58 0.0049 0.0109 0.0151 0.0824 0.1041 0.1559 0.0955 0.1147 0.3159 0.1005 
  59 0.0050 0.0367 0.0135 0.0958 0.1490 0.1889 0.0995 0.1026 0.2105 0.0985 
  60 0.0043 0.0127 0.0247 0.0788 0.0477 0.1448 0.0974 0.1087 0.3335 0.1473 
  61 0.0038 0.0052 0.0401 0.0799 0.0669 0.0741 0.0790 0.0965 0.4167 0.1377 
  62 0.0084 0.0067 0.0225 0.0579 0.2416 0.1176 0.1461 0.1278 0.1369 0.1344 
  63 0.0039 0.0069 0.0188 0.1174 0.0580 0.1047 0.1343 0.1812 0.2486 0.1262 
  64 0.0058 0.0153 0.0152 0.0532 0.1293 0.1650 0.2418 0.1127 0.1684 0.0935 
  65 0.0055 0.0063 0.0213 0.0432 0.1163 0.0806 0.2326 0.2282 0.1810 0.0852 
  66 0.0047 0.0063 0.0347 0.0852 0.0822 0.0939 0.1161 0.1620 0.2212 0.1938 
  67 0.0049 0.0053 0.0447 0.0588 0.0697 0.0741 0.1338 0.1069 0.4140 0.0878 
  68 0.0058 0.0316 0.0142 0.1000 0.1129 0.2035 0.0917 0.1042 0.2233 0.1127 
  69 0.0075 0.0840 0.1448 0.0455 0.1177 0.1436 0.1444 0.0923 0.1127 0.1076 
  70 0.0041 0.0141 0.0231 0.1052 0.0546 0.1318 0.1227 0.1955 0.2365 0.1123 
  71 0.0052 0.0292 0.0170 0.0487 0.1354 0.1835 0.1014 0.1133 0.2923 0.0741 
  72 0.0051 0.0096 0.0185 0.0595 0.0547 0.2654 0.1903 0.1165 0.1984 0.0819 
  73 0.0049 0.0099 0.0328 0.0559 0.1607 0.0953 0.0948 0.1248 0.3375 0.0833 
  74 0.0041 0.0292 0.0137 0.1327 0.0485 0.2442 0.0958 0.0919 0.2293 0.1106 
  75 0.0050 0.0176 0.0223 0.1116 0.0619 0.2295 0.0834 0.0783 0.2529 0.1375 
  76 0.0048 0.0057 0.0185 0.0668 0.0485 0.0809 0.1723 0.1819 0.3245 0.0959 
  77 0.0046 0.0313 0.0135 0.1030 0.1060 0.1631 0.1078 0.1781 0.2225 0.0701 
  78 0.0053 0.1351 0.0134 0.1094 0.1034 0.1229 0.1112 0.1576 0.1706 0.0710 
  79 0.0042 0.0063 0.0258 0.0598 0.0860 0.1456 0.1885 0.2652 0.1078 0.1108 
  80 0.0046 0.0057 0.0299 0.1347 0.0516 0.0929 0.0918 0.1580 0.1148 0.3158 
  81 0.0046 0.0059 0.0315 0.0915 0.0504 0.1166 0.0947 0.2125 0.0992 0.2930 
  82 0.0045 0.0062 0.0163 0.0906 0.1131 0.1049 0.1306 0.1436 0.2382 0.1520 
  83 0.0044 0.0095 0.0213 0.0783 0.0449 0.0957 0.1419 0.2198 0.1504 0.2340 
  84 0.0042 0.0060 0.0180 0.0763 0.0537 0.1170 0.1592 0.2365 0.1087 0.2205 
  85 0.0042 0.0108 0.0195 0.0902 0.0539 0.1348 0.1890 0.1346 0.1261 0.2368 
  86 0.0059 0.0081 0.0193 0.0469 0.1233 0.0907 0.1799 0.1162 0.3013 0.1084 
  87 0.0046 0.0114 0.0326 0.0653 0.0641 0.1102 0.1279 0.3402 0.1294 0.1143 
  88 0.0044 0.0059 0.0176 0.1263 0.0671 0.1207 0.1059 0.2056 0.1344 0.2122 
  89 0.0050 0.0063 0.0550 0.1150 0.0577 0.1217 0.1019 0.1715 0.1228 0.2432 
  90 0.0042 0.0057 0.0248 0.0610 0.0789 0.1056 0.1337 0.3314 0.1198 0.1349 
  91 0.0041 0.0120 0.0185 0.1341 0.0447 0.1083 0.1301 0.1310 0.1225 0.2947 
  92 0.0043 0.0060 0.0186 0.0743 0.0850 0.1540 0.1497 0.2102 0.1429 0.1550 
  93 0.0041 0.0057 0.0610 0.1147 0.0532 0.1003 0.0953 0.0908 0.1135 0.3614 
  94 0.0043 0.0145 0.0151 0.0560 0.0409 0.1109 0.1256 0.4183 0.1100 0.1046 
  95 0.0042 0.0058 0.0237 0.1033 0.0626 0.0859 0.0967 0.3203 0.1143 0.1832 
  96 0.0040 0.0051 0.0191 0.1615 0.0571 0.0719 0.0836 0.1029 0.3457 0.1490 
  97 0.0049 0.0164 0.0166 0.0873 0.0609 0.2448 0.0879 0.0843 0.2514 0.1456 
  98 0.0038 0.0057 0.0182 0.1384 0.0823 0.1288 0.1531 0.1202 0.2570 0.0926 
  99 0.0043 0.0058 0.0297 0.0761 0.0609 0.1088 0.1432 0.2594 0.1045 0.2073 
 100 0.0046 0.0050 0.0353 0.1503 0.0632 0.0706 0.0877 0.0892 0.1766 0.3175 
 101 0.0053 0.0132 0.0777 0.0835 0.0714 0.1159 0.1242 0.2332 0.1480 0.1276 
 102 0.0056 0.0109 0.0188 0.1582 0.0802 0.0772 0.1237 0.1500 0.1657 0.2097 
 103 0.0047 0.0054 0.1178 0.0550 0.0722 0.0683 0.1317 0.1674 0.2194 0.1580 
 104 0.0044 0.0052 0.0222 0.0340 0.0836 0.0686 0.1260 0.3873 0.1264 0.1424 
 105 0.0053 0.0052 0.0539 0.0432 0.1749 0.0680 0.1113 0.2047 0.1664 0.1672 
 106 0.0042 0.0075 0.0124 0.0380 0.0680 0.1071 0.1631 0.4079 0.1220 0.0699 
 107 0.0061 0.0063 0.0438 0.0530 0.0961 0.0717 0.1289 0.2407 0.1900 0.1635 
 108 0.0040 0.0697 0.0183 0.0411 0.0590 0.0606 0.1786 0.0971 0.3658 0.1058 
 109 0.0053 0.0152 0.0176 0.0364 0.2447 0.1110 0.1348 0.2022 0.1582 0.0746 
 110 0.0044 0.0078 0.0184 0.0437 0.0757 0.1205 0.1519 0.4106 0.0942 0.0730 
 111 0.0069 0.0070 0.0194 0.0405 0.1680 0.0676 0.1191 0.3259 0.1307 0.1149 
 112 0.0045 0.0082 0.0130 0.0414 0.2240 0.0882 0.0994 0.3225 0.1190 0.0797 
 113 0.0048 0.0122 0.0300 0.0555 0.0936 0.1191 0.1572 0.1256 0.2788 0.1231 
 114 0.0043 0.0052 0.0258 0.0379 0.1354 0.0686 0.1106 0.3267 0.1185 0.1669 
 115 0.0052 0.0074 0.0152 0.1065 0.1449 0.0687 0.1514 0.2449 0.1668 0.0890 
 116 0.0053 0.0160 0.0123 0.0454 0.1106 0.1369 0.1353 0.2471 0.2205 0.0705 
 117 0.0060 0.0091 0.0204 0.0832 0.1612 0.1355 0.1410 0.2786 0.0905 0.0745 
 118 0.0047 0.0103 0.0177 0.0413 0.2412 0.0710 0.1098 0.1470 0.2470 0.1101 
 119 0.0040 0.0083 0.0193 0.1679 0.0435 0.0651 0.1173 0.1524 0.2713 0.1509 
 120 0.0050 0.0067 0.0193 0.0750 0.1594 0.0670 0.1326 0.2466 0.1729 0.1155 
 121 0.0100 0.0109 0.0271 0.0788 0.1884 0.0908 0.1293 0.2179 0.1718 0.0750 
 122 0.0041 0.0067 0.0213 0.0407 0.1248 0.1149 0.1505 0.3177 0.1257 0.0936 
 123 0.0051 0.0085 0.0245 0.0463 0.0863 0.0872 0.1369 0.3284 0.1532 0.1237 
 124 0.0088 0.0088 0.0207 0.0387 0.1189 0.1470 0.1764 0.1816 0.2065 0.0926 
 125 0.0049 0.0170 0.0154 0.0855 0.1509 0.2423 0.1665 0.1379 0.1028 0.0769 
 126 0.0036 0.0075 0.0134 0.0522 0.0568 0.1273 0.1179 0.2916 0.2122 0.1175 
 127 0.0053 0.0060 0.0182 0.0400 0.1085 0.0577 0.1020 0.3891 0.1545 0.1189 
 128 0.0041 0.0052 0.0197 0.0420 0.2148 0.0801 0.1142 0.1397 0.2744 0.1058 
 129 0.0056 0.0054 0.0754 0.0386 0.1230 0.0687 0.1317 0.2474 0.2201 0.0842 
 130 0.0056 0.0059 0.0311 0.0509 0.1694 0.0704 0.1179 0.2763 0.1155 0.1572 
 131 0.0088 0.0519 0.0305 0.0448 0.1068 0.1792 0.1547 0.2058 0.1454 0.0721 
 132 0.0045 0.0065 0.0418 0.0357 0.0805 0.1009 0.1393 0.3410 0.1688 0.0809 
 133 0.0079 0.0089 0.0335 0.0487 0.0727 0.0713 0.1518 0.2638 0.2119 0.1295 
 134 0.0042 0.0063 0.0160 0.0337 0.1136 0.0974 0.1131 0.4659 0.0862 0.0637 
 135 0.0051 0.0073 0.0135 0.0813 0.0876 0.1026 0.0758 0.0781 0.2313 0.3175 
 136 0.0049 0.0058 0.0230 0.0884 0.0759 0.0869 0.1235 0.0710 0.1079 0.4128 
 137 0.0046 0.0059 0.0248 0.1631 0.0819 0.0972 0.0843 0.0847 0.0881 0.3654 
 138 0.0043 0.0068 0.0151 0.0598 0.0425 0.1014 0.0778 0.0778 0.1043 0.5103 
 139 0.0040 0.0061 0.0309 0.0506 0.0793 0.1022 0.1048 0.0813 0.2990 0.2418 
 140 0.0046 0.0073 0.0347 0.0919 0.0599 0.1578 0.0944 0.1180 0.1864 0.2451 
 141 0.0051 0.0070 0.0767 0.0547 0.0700 0.1226 0.1348 0.0810 0.1283 0.3198 
 142 0.0050 0.0068 0.0311 0.0720 0.0728 0.0887 0.0768 0.0779 0.2970 0.2719 
 143 0.0039 0.0052 0.0141 0.1409 0.0448 0.0782 0.0756 0.0687 0.1025 0.4660 
 144 0.0045 0.0059 0.0151 0.1511 0.0819 0.0839 0.0786 0.0828 0.0973 0.3989 
 145 0.0053 0.0065 0.0237 0.0757 0.0853 0.1318 0.1400 0.0801 0.1618 0.2896 
 146 0.0056 0.0074 0.0225 0.0901 0.0694 0.1613 0.1128 0.1230 0.1114 0.2965 
 147 0.0043 0.0054 0.0203 0.1236 0.0468 0.0871 0.0820 0.0704 0.0856 0.4745 
 148 0.0047 0.0055 0.0759 0.0751 0.0774 0.0788 0.1372 0.0934 0.1761 0.2757 
 149 0.0048 0.0075 0.1389 0.0740 0.0625 0.1340 0.0830 0.0743 0.1851 0.2359 
 150 0.0052 0.0055 0.0267 0.0913 0.1028 0.0949 0.1042 0.1121 0.1240 0.3332 
 151 0.0045 0.0054 0.0155 0.0997 0.0551 0.0890 0.0887 0.0894 0.1222 0.4305 
 152 0.0050 0.0092 0.0286 0.0716 0.0733 0.0694 0.1622 0.0805 0.1861 0.3142 
 153 0.0043 0.0072 0.0241 0.0777 0.0502 0.1401 0.0880 0.0912 0.1327 0.3846 
 154 0.0053 0.0060 0.1803 0.0653 0.0688 0.0887 0.1192 0.0700 0.1715 0.2248 
 155 0.0043 0.0050 0.0160 0.0600 0.0465 0.0692 0.0871 0.0926 0.1021 0.5173 
 156 0.0040 0.0053 0.0144 0.1184 0.0617 0.0729 0.0770 0.0842 0.1893 0.3729 
 157 0.0041 0.0057 0.0236 0.0826 0.0462 0.0800 0.1073 0.1493 0.0876 0.4136 
 158 0.0055 0.0076 0.0223 0.0876 0.0865 0.1476 0.1320 0.0788 0.1296 0.3026 
 159 0.0049 0.0059 0.0933 0.1345 0.0574 0.0790 0.0813 0.0713 0.0909 0.3813 
 160 0.0055 0.0059 0.0918 0.0674 0.0617 0.0808 0.0818 0.0707 0.0999 0.4346 
 161 0.0040 0.0070 0.0222 0.1752 0.0547 0.1644 0.0992 0.0964 0.1274 0.2494 
 162 0.0062 0.0064 0.0229 0.0527 0.0751 0.1448 0.1207 0.1265 0.1359 0.3088 
 163 0.0038 0.0053 0.0154 0.0756 0.0468 0.0773 0.0788 0.0849 0.1273 0.4848 
 164 0.0059 0.0062 0.1302 0.0649 0.0631 0.1101 0.1025 0.1168 0.1435 0.2568 
 165 0.0048 0.0060 0.0159 0.1018 0.1018 0.0925 0.0901 0.1068 0.1143 0.3660 
 166 0.0045 0.0113 0.1256 0.0683 0.0442 0.0748 0.1255 0.1314 0.1606 0.2538 
 167 0.0071 0.0064 0.2214 0.0499 0.0598 0.0841 0.1279 0.0877 0.0902 0.2654 
 168 0.0044 0.0158 0.0162 0.0669 0.0492 0.1167 0.1100 0.0851 0.1310 0.4048 
 169 0.0055 0.0169 0.0194 0.0717 0.0872 0.2591 0.1247 0.0744 0.1112 0.2298 
 170 0.0041 0.0055 0.0193 0.2744 0.0504 0.0880 0.0853 0.0880 0.1903 0.1946 
 171 0.0043 0.0105 0.0229 0.0718 0.0575 0.0937 0.1546 0.0837 0.1563 0.3446 
 172 0.0046 0.0165 0.0454 0.0888 0.0643 0.2426 0.0785 0.0705 0.1850 0.2038 
 173 0.0047 0.0051 0.0225 0.0560 0.0575 0.0722 0.0854 0.0723 0.1160 0.5084 
 174 0.0043 0.0054 0.0231 0.0672 0.0538 0.0960 0.0961 0.0916 0.0928 0.4695 
 175 0.0049 0.0052 0.0170 0.1959 0.0528 0.0775 0.1227 0.0717 0.1120 0.3403 
 176 0.0045 0.0057 0.0148 0.1522 0.0817 0.0849 0.0778 0.0828 0.0966 0.3989 
 177 0.0045 0.0073 0.0232 0.0585 0.0519 0.1286 0.1120 0.1648 0.1010 0.3482 
 178 0.0046 0.0051 0.0267 0.0546 0.0585 0.0881 0.1529 0.0932 0.0991 0.4173 
 179 0.0042 0.0051 0.0535 0.0574 0.0435 0.0775 0.0854 0.0724 0.0967 0.5043 
 180 0.0062 0.0076 0.0547 0.0986 0.0659 0.1702 0.0981 0.0963 0.1245 0.2779 
 181 0.0050 0.0066 0.0223 0.0841 0.0701 0.1257 0.0909 0.0795 0.1840 0.3319 
 182 0.0054 0.0057 0.0170 0.0959 0.0640 0.0766 0.0780 0.0710 0.1785 0.4081 
 183 0.0043 0.0050 0.0219 0.0825 0.0471 0.0829 0.0865 0.0722 0.1155 0.4822 
 184 0.0054 0.0085 0.0590 0.0492 0.0921 0.0690 0.2189 0.1006 0.2818 0.1154 
 185 0.0039 0.0056 0.0153 0.0831 0.0573 0.0692 0.0672 0.0610 0.1920 0.4453 
 186 0.0050 0.0050 0.0787 0.0500 0.0657 0.0871 0.1827 0.1657 0.2534 0.1067 
 187 0.0041 0.0058 0.0583 0.0548 0.0654 0.0750 0.1278 0.1050 0.2199 0.2839 
 188 0.0048 0.0047 0.1357 0.0416 0.0678 0.0693 0.1685 0.1247 0.2987 0.0843 
 189 0.0043 0.0137 0.0188 0.0894 0.0488 0.1303 0.1853 0.0969 0.2002 0.2124 
 190 0.0036 0.0047 0.0156 0.0662 0.0588 0.0561 0.0677 0.0649 0.4555 0.2069 
 191 0.0042 0.0049 0.1123 0.0534 0.1121 0.0745 0.1363 0.1024 0.2493 0.1508 
 192 0.0038 0.0055 0.0475 0.1010 0.0785 0.0802 0.1607 0.1324 0.1626 0.2278 
 193 0.0041 0.0056 0.0211 0.0934 0.1032 0.0973 0.1557 0.1048 0.2245 0.1903 
 194 0.0043 0.0057 0.0362 0.1644 0.0626 0.0892 0.1255 0.1197 0.2315 0.1608 
 195 0.0041 0.0049 0.0624 0.0667 0.0482 0.0745 0.0753 0.0682 0.3090 0.2868 
 196 0.0036 0.0065 0.0180 0.0668 0.0685 0.0596 0.0931 0.0868 0.4008 0.1962 
 197 0.0051 0.0056 0.0253 0.0421 0.0807 0.0948 0.1930 0.1280 0.1974 0.2279 
 198 0.0038 0.0062 0.0191 0.0806 0.0689 0.1449 0.1859 0.1326 0.1995 0.1585 
 199 0.0042 0.0080 0.0156 0.0891 0.0746 0.0818 0.0874 0.0928 0.4059 0.1405 
 200 0.0040 0.0077 0.0171 0.0600 0.0786 0.0620 0.1311 0.0872 0.3669 0.1854 
 201 0.0038 0.0046 0.0266 0.0545 0.0557 0.0668 0.0958 0.0761 0.2228 0.3932 
 202 0.0040 0.0047 0.0160 0.1268 0.0631 0.0753 0.0754 0.0859 0.2521 0.2967 
 203 0.0043 0.0048 0.0508 0.0617 0.0715 0.0552 0.0881 0.0750 0.1996 0.3893 
 204 0.0041 0.0047 0.1054 0.0642 0.0605 0.0645 0.0780 0.0751 0.3697 0.1737 
 205 0.0040 0.0083 0.0422 0.0618 0.0740 0.0800 0.1132 0.1036 0.3633 0.1496 
 206 0.0044 0.0047 0.0786 0.0568 0.0589 0.0707 0.0903 0.0736 0.3541 0.2078 
 207 0.0039 0.0047 0.0471 0.0616 0.1064 0.0635 0.0908 0.1012 0.4035 0.1173 
 208 0.0042 0.0049 0.0259 0.0479 0.0732 0.0632 0.0934 0.0852 0.3176 0.2845 
 209 0.0040 0.0048 0.0478 0.0777 0.1134 0.0791 0.1408 0.1073 0.2586 0.1664 
 210 0.0037 0.0047 0.0819 0.0575 0.0654 0.0677 0.1002 0.0894 0.3190 0.2105 
 211 0.0048 0.0051 0.0135 0.1100 0.1612 0.0552 0.0885 0.1022 0.2804 0.1791 
 212 0.0037 0.0047 0.0174 0.0965 0.0583 0.0979 0.1087 0.0717 0.2098 0.3313 
 213 0.0041 0.0062 0.0279 0.0939 0.0639 0.1179 0.0872 0.1546 0.3052 0.1390 
 214 0.0038 0.0046 0.0188 0.1070 0.0745 0.0625 0.0949 0.0742 0.2153 0.3444 
 215 0.0040 0.0080 0.0412 0.0500 0.1052 0.0633 0.1197 0.1101 0.3648 0.1337 
 216 0.0052 0.0063 0.0284 0.0589 0.0868 0.0830 0.2343 0.0991 0.2652 0.1330 
 217 0.0039 0.0073 0.0221 0.0822 0.0573 0.0700 0.0982 0.0742 0.2716 0.3133 
 218 0.0041 0.0081 0.0588 0.0637 0.0779 0.0810 0.1077 0.1276 0.2868 0.1845 
 219 0.0061 0.0104 0.0228 0.0625 0.0540 0.0937 0.2016 0.0895 0.1927 0.2667 
 220 0.0040 0.0047 0.1275 0.0528 0.0765 0.0632 0.0935 0.0919 0.3433 0.1427 
 221 0.0039 0.0046 0.0153 0.2842 0.0533 0.0659 0.0747 0.0669 0.2179 0.2135 
 222 0.0052 0.0063 0.0328 0.0671 0.0630 0.1028 0.2416 0.1001 0.2058 0.1752 
 223 0.0041 0.0068 0.0256 0.0627 0.0602 0.0883 0.1390 0.0983 0.1939 0.3211 
 224 0.0044 0.0048 0.0628 0.0847 0.0613 0.0675 0.0951 0.0757 0.2422 0.3014 
 225 0.0038 0.0057 0.0499 0.0693 0.0731 0.0775 0.1074 0.0906 0.3423 0.1804 
 226 0.0054 0.0602 0.0258 0.0737 0.0843 0.0850 0.1626 0.0993 0.2260 0.1777 
 227 0.0040 0.0050 0.0377 0.0701 0.0601 0.0725 0.0749 0.0997 0.3553 0.2205 
 228 0.0039 0.0055 0.0514 0.0666 0.0589 0.0704 0.0689 0.0625 0.3414 0.2706 
 229 0.0042 0.0050 0.1055 0.0928 0.0634 0.0680 0.1020 0.0882 0.1812 0.2898 
 230 0.0044 0.0048 0.1058 0.0901 0.0809 0.0606 0.0983 0.0855 0.2266 0.2431 
 231 0.0040 0.0049 0.0645 0.0592 0.0797 0.0828 0.1378 0.0801 0.1793 0.3077 
 232 0.0044 0.0069 0.0298 0.1300 0.0695 0.1551 0.0868 0.1255 0.2108 0.1812 
 233 0.0040 0.0049 0.0192 0.0682 0.0719 0.0602 0.0973 0.0757 0.1642 0.4346 
 234 0.0037 0.0054 0.0222 0.0606 0.0923 0.0918 0.2062 0.1082 0.1715 0.2379 
 235 0.0043 0.0090 0.0234 0.1033 0.0583 0.0924 0.1165 0.0991 0.2665 0.2273 
 236 0.0040 0.0057 0.0199 0.0791 0.0906 0.0707 0.1326 0.0867 0.1818 0.3290 
 237 0.0041 0.0049 0.0447 0.0518 0.1189 0.0795 0.1040 0.0872 0.3532 0.1518 
 238 0.0037 0.0048 0.0199 0.1173 0.0654 0.0718 0.1088 0.0941 0.2027 0.3117 
 239 0.0038 0.0048 0.0610 0.0675 0.0481 0.0737 0.0754 0.0677 0.3101 0.2878 
 240 0.0038 0.0048 0.0203 0.1170 0.0655 0.0716 0.1102 0.0944 0.2005 0.3119 
 241 0.0046 0.0059 0.0213 0.1226 0.0567 0.0860 0.0896 0.0817 0.2458 0.2859 
 242 0.0044 0.0085 0.0932 0.0699 0.0492 0.0896 0.1313 0.0939 0.2697 0.1902 
 243 0.0038 0.0048 0.0195 0.0625 0.0758 0.0542 0.0793 0.0711 0.4181 0.2109 
 244 0.0042 0.0048 0.0604 0.0792 0.0786 0.0605 0.0939 0.0754 0.2202 0.3228 
 245 0.0037 0.0047 0.0172 0.0879 0.0485 0.0788 0.0856 0.0844 0.1889 0.4002 
 246 0.0040 0.0074 0.0216 0.0823 0.0570 0.0700 0.0979 0.0741 0.2710 0.3147 
 247 0.0037 0.0066 0.0418 0.0472 0.0687 0.0942 0.1549 0.2103 0.2752 0.0973 
 248 0.0038 0.0054 0.0211 0.0415 0.1257 0.0719 0.1171 0.1149 0.3845 0.1142 
 249 0.0042 0.0049 0.0448 0.1296 0.0811 0.0631 0.1004 0.0893 0.2235 0.2590 
 250 0.0042 0.0056 0.0457 0.0955 0.0984 0.0717 0.1382 0.1044 0.1852 0.2511 
 251 0.0044 0.0125 0.0185 0.0598 0.0953 0.0784 0.2023 0.1072 0.2637 0.1577 
 252 0.0043 0.0057 0.0539 0.0784 0.0572 0.0948 0.1091 0.0937 0.2775 0.2255 
 253 0.0039 0.0105 0.0169 0.0688 0.0767 0.1076 0.1343 0.1379 0.3228 0.1206 
 254 0.0051 0.0053 0.0329 0.0542 0.0676 0.0825 0.2098 0.0887 0.2449 0.2091 
 255 0.0043 0.0048 0.0517 0.0864 0.0825 0.0958 0.1499 0.1141 0.2036 0.2069 
 256 0.0042 0.0056 0.0254 0.0984 0.0713 0.0761 0.1037 0.0831 0.3061 0.2262 
 257 0.0066 0.0065 0.0396 0.0939 0.0825 0.0808 0.1123 0.1073 0.2971 0.1735 
 258 0.0037 0.0056 0.0169 0.0539 0.0911 0.0912 0.1441 0.1138 0.3153 0.1645 
 259 0.0046 0.0056 0.0497 0.0932 0.0963 0.0706 0.1336 0.1020 0.2609 0.1835 
 260 0.0050 0.0055 0.0228 0.0759 0.0652 0.0778 0.2196 0.0907 0.1419 0.2956 
 261 0.0039 0.0059 0.0216 0.0697 0.0541 0.0914 0.1029 0.0791 0.2792 0.2924 
 262 0.0039 0.0066 0.0170 0.0818 0.0549 0.0650 0.0759 0.0656 0.3811 0.2482 
 263 0.0056 0.0048 0.0887 0.0457 0.0778 0.0611 0.1446 0.0791 0.3460 0.1466 
 264 0.0063 0.0060 0.0215 0.0433 0.0845 0.0916 0.3259 0.1076 0.2286 0.0846 
 265 0.0040 0.0092 0.0246 0.0581 0.0692 0.0863 0.1392 0.1000 0.2653 0.2440 
 266 0.0039 0.0047 0.0158 0.1267 0.0552 0.0674 0.0746 0.0669 0.2459 0.3388 
 267 0.0041 0.0048 0.0196 0.0741 0.1124 0.0885 0.1312 0.1003 0.2276 0.2374 
 268 0.0036 0.0062 0.0187 0.0676 0.0686 0.0601 0.0925 0.0863 0.3996 0.1968 
 269 0.0041 0.0106 0.0222 0.0585 0.0610 0.0895 0.2107 0.0969 0.1935 0.2530 
 270 0.0055 0.0053 0.0410 0.0488 0.0831 0.0946 0.1866 0.1188 0.2698 0.1465 
 271 0.0041 0.0068 0.0217 0.0587 0.1014 0.0764 0.1283 0.1119 0.3380 0.1526 
 272 0.0052 0.0579 0.0208 0.0627 0.0984 0.0726 0.1376 0.1004 0.2867 0.1576 
 273 0.0179 0.0148 0.0531 0.0912 0.0876 0.1114 0.1333 0.1368 0.1588 0.1952 
 274 0.0044 0.0116 0.0235 0.0686 0.0880 0.0893 0.1557 0.1121 0.2748 0.1720 
 275 0.0072 0.0182 0.0518 0.0606 0.0966 0.0851 0.1626 0.0896 0.2316 0.1968 
 276 0.0050 0.0408 0.0200 0.0759 0.1016 0.0784 0.1152 0.1100 0.3354 0.1178 
 277 0.0041 0.0066 0.0294 0.0794 0.0658 0.1008 0.1500 0.0973 0.2080 0.2585 
 278 0.0039 0.0080 0.0186 0.0470 0.0982 0.0624 0.1134 0.0929 0.3894 0.1663 
 279 0.0043 0.0067 0.0283 0.0753 0.0864 0.0864 0.1437 0.0966 0.2609 0.2115 
 280 0.0042 0.0118 0.0210 0.0590 0.0688 0.1260 0.1374 0.0900 0.2809 0.2008 
 281 0.0043 0.0060 0.0289 0.0680 0.0770 0.1034 0.1140 0.1462 0.2810 0.1713 
 282 0.0039 0.0056 0.0194 0.0812 0.0675 0.0786 0.1386 0.0880 0.1406 0.3766 
 283 0.0041 0.0048 0.0388 0.0986 0.0584 0.0630 0.0986 0.0935 0.1612 0.3791 
 284 0.0041 0.0058 0.0249 0.0824 0.0989 0.0773 0.1484 0.1090 0.2000 0.2492 
 285 0.0038 0.0069 0.0375 0.0398 0.1075 0.0857 0.1137 0.1182 0.4057 0.0812 
 286 0.0040 0.0048 0.0601 0.0795 0.0779 0.0603 0.0939 0.0755 0.2212 0.3228 
 287 0.0045 0.0106 0.0255 0.0752 0.0580 0.1231 0.1260 0.1473 0.2176 0.2123 
 288 0.0053 0.0419 0.0580 0.0610 0.0905 0.0722 0.1447 0.1067 0.2646 0.1551 
 289 0.0065 0.0152 0.0511 0.0741 0.0927 0.0689 0.1529 0.1288 0.2810 0.1288 
 290 0.0056 0.0063 0.0280 0.0969 0.0990 0.0900 0.1548 0.0916 0.2916 0.1362 
 291 0.0040 0.0070 0.0214 0.0588 0.1005 0.0765 0.1278 0.1109 0.3404 0.1528 
 292 0.0040 0.0111 0.0173 0.0651 0.0547 0.1389 0.1089 0.0811 0.3215 0.1975 
 293 0.0046 0.0059 0.0140 0.0529 0.0968 0.1145 0.2070 0.0944 0.2939 0.1161 
 294 0.0059 0.0067 0.1060 0.0515 0.0637 0.0647 0.1326 0.0815 0.3760 0.1114 
 295 0.0052 0.0227 0.0335 0.0667 0.0979 0.0993 0.1325 0.1138 0.3049 0.1237 
 296 0.0043 0.0078 0.0465 0.0540 0.0867 0.0684 0.0949 0.1264 0.3497 0.1611 
 297 0.0042 0.0119 0.0492 0.0631 0.0716 0.1289 0.1475 0.1079 0.2649 0.1507 
 298 0.0041 0.0055 0.0457 0.0987 0.0712 0.0806 0.1471 0.1077 0.1461 0.2933 
 299 0.0057 0.0049 0.1482 0.0534 0.0606 0.0722 0.1548 0.0891 0.2620 0.1490 
 300 0.0040 0.0058 0.1118 0.0494 0.0781 0.0855 0.0933 0.0860 0.3779 0.1084 
 301 0.0052 0.0090 0.0300 0.0502 0.0925 0.0781 0.2457 0.0884 0.2543 0.1465 
 302 0.0057 0.0070 0.0569 0.0450 0.0730 0.0640 0.1348 0.0753 0.4128 0.1254 
 303 0.0041 0.0061 0.0564 0.0848 0.0642 0.1026 0.1001 0.0825 0.2191 0.2801 
 304 0.0055 0.0050 0.0259 0.0637 0.0759 0.0954 0.1880 0.1165 0.1039 0.3202 
 305 0.0043 0.0075 0.0596 0.0650 0.0622 0.0739 0.0862 0.0689 0.3427 0.2297 
 306 0.0042 0.0094 0.0217 0.1142 0.0561 0.0857 0.1147 0.0823 0.2339 0.2779 
 307 0.0047 0.0067 0.0218 0.1123 0.0884 0.0849 0.1491 0.0964 0.2230 0.2128 
 308 0.0039 0.0058 0.0216 0.0694 0.0543 0.0921 0.1028 0.0793 0.2797 0.2912 
 309 0.0135 0.0114 0.1490 0.0579 0.0945 0.0644 0.1061 0.1099 0.2605 0.1328 
 310 0.0038 0.0046 0.0238 0.0729 0.0718 0.0625 0.0883 0.0727 0.3527 0.2467 
 311 0.0043 0.0048 0.1046 0.0891 0.0810 0.0605 0.0980 0.0861 0.2264 0.2452 
 312 0.0037 0.0047 0.1124 0.0532 0.0738 0.0585 0.0915 0.0983 0.3609 0.1429 
 313 0.0042 0.0058 0.0327 0.0467 0.0767 0.0649 0.0953 0.0887 0.4847 0.1003 
 314 0.0045 0.0078 0.0740 0.1064 0.0462 0.0873 0.0773 0.0678 0.1442 0.3845 
 315 0.0040 0.0109 0.0700 0.1030 0.0440 0.0829 0.1060 0.0734 0.1298 0.3760 
 316 0.0061 0.0161 0.1310 0.0696 0.0454 0.0868 0.1173 0.0809 0.0938 0.3530 
 317 0.0045 0.0079 0.0792 0.0965 0.0463 0.0837 0.0795 0.0707 0.0964 0.4352 
 318 0.0044 0.0072 0.1465 0.0628 0.0432 0.0846 0.0832 0.0707 0.0750 0.4224 
 319 0.0041 0.0054 0.0143 0.0919 0.0465 0.0792 0.0761 0.0687 0.1022 0.5115 
 320 0.0043 0.0074 0.0745 0.1067 0.0461 0.0884 0.0776 0.0674 0.1441 0.3834 
 321 0.0047 0.0072 0.1389 0.1003 0.0453 0.0913 0.0834 0.0712 0.0902 0.3675 
 322 0.0064 0.0164 0.0588 0.1094 0.0483 0.0851 0.1095 0.0806 0.1310 0.3544 
 323 0.0120 0.0064 0.0575 0.0754 0.0445 0.0818 0.0852 0.0716 0.0824 0.4831 
 324 0.0045 0.0074 0.1365 0.0992 0.0454 0.0914 0.0847 0.0711 0.0889 0.3709 
 325 0.0045 0.0145 0.1757 0.0635 0.0436 0.0783 0.1117 0.0784 0.0876 0.3422 
 326 0.0077 0.0255 0.2447 0.0714 0.0443 0.0793 0.1079 0.0786 0.0882 0.2525 
 327 0.0047 0.0079 0.0793 0.0943 0.0463 0.0832 0.0801 0.0698 0.0966 0.4378 
 328 0.0042 0.0114 0.0712 0.1118 0.0465 0.0844 0.1125 0.0786 0.1206 0.3589 
 329 0.0040 0.0054 0.0216 0.1093 0.0428 0.0832 0.0804 0.0693 0.0747 0.5091 
 330 0.0046 0.0075 0.0796 0.0950 0.0461 0.0832 0.0808 0.0707 0.0971 0.4355 
 331 0.0043 0.0056 0.0531 0.0657 0.0437 0.0832 0.0812 0.0704 0.0804 0.5123 
 332 0.0107 0.0183 0.2407 0.0714 0.0442 0.0791 0.1128 0.0787 0.0878 0.2563 
 333 0.0074 0.0176 0.1829 0.0832 0.0457 0.0793 0.1061 0.0795 0.1023 0.2960 
 334 0.0042 0.0113 0.0711 0.1130 0.0475 0.0840 0.1122 0.0785 0.1209 0.3573 
 335 0.0041 0.0113 0.0339 0.1418 0.0448 0.0751 0.1042 0.0771 0.1185 0.3892 
 336 0.0102 0.0081 0.2108 0.0828 0.0434 0.0922 0.0824 0.0684 0.1090 0.2926 
 337 0.0042 0.0152 0.1596 0.1045 0.0466 0.0837 0.1119 0.0773 0.1068 0.2904 
 338 0.0046 0.0067 0.2257 0.0653 0.0430 0.0883 0.0833 0.0706 0.0750 0.3377 
 339 0.0043 0.0057 0.0538 0.0648 0.0437 0.0841 0.0810 0.0700 0.0811 0.5116 
 340 0.0042 0.0055 0.0268 0.0634 0.0430 0.0760 0.0756 0.0690 0.0865 0.5500 
 341 0.0092 0.0088 0.1012 0.0773 0.0472 0.0852 0.0815 0.0725 0.0851 0.4320 
 342 0.0047 0.0078 0.0784 0.0950 0.0461 0.0835 0.0799 0.0702 0.0969 0.4375 
 343 0.0104 0.0123 0.0639 0.2003 0.0452 0.0797 0.1073 0.0744 0.1490 0.2576 
 344 0.0042 0.0056 0.0544 0.0816 0.0431 0.0834 0.0809 0.0700 0.0745 0.5023 
 345 0.0047 0.0075 0.0792 0.0963 0.0459 0.0838 0.0799 0.0700 0.0965 0.4362 
 346 0.0046 0.0075 0.0835 0.0629 0.0440 0.0795 0.0796 0.0694 0.0811 0.4879 
 347 0.0043 0.0056 0.0264 0.0778 0.0420 0.0749 0.0757 0.0686 0.0795 0.5452 
 348 0.0039 0.0106 0.0323 0.1547 0.0448 0.0759 0.0974 0.0722 0.1735 0.3349 
 349 0.0047 0.0076 0.0787 0.0960 0.0462 0.0837 0.0797 0.0701 0.0976 0.4358 
 350 0.0040 0.0055 0.0203 0.0716 0.0455 0.0894 0.0787 0.0674 0.1186 0.4989 
 351 0.0042 0.0114 0.0339 0.1423 0.0450 0.0745 0.1046 0.0769 0.1189 0.3884 
 352 0.0045 0.0169 0.0961 0.0995 0.0468 0.0785 0.1069 0.0772 0.1221 0.3514 
 353 0.0100 0.0081 0.2090 0.0818 0.0437 0.0926 0.0833 0.0687 0.1096 0.2933 
 354 0.0062 0.0071 0.0582 0.0966 0.0447 0.0881 0.0835 0.0719 0.0778 0.4659 
 355 0.0044 0.0073 0.1477 0.0622 0.0430 0.0857 0.0830 0.0705 0.0747 0.4214 
 356 0.0036 0.0094 0.0144 0.2287 0.0444 0.0730 0.0951 0.0716 0.1691 0.2907 
 357 0.0040 0.0106 0.0172 0.0613 0.0524 0.0978 0.2240 0.0928 0.0970 0.3430 
 358 0.0042 0.0113 0.1810 0.0988 0.0440 0.0795 0.1086 0.0774 0.0879 0.3071 
 359 0.0046 0.0057 0.1569 0.0724 0.0443 0.0868 0.0810 0.0710 0.0836 0.3938 
 360 0.0046 0.0074 0.0828 0.0621 0.0437 0.0781 0.0797 0.0699 0.0815 0.4903 
 361 0.0041 0.0107 0.0162 0.1018 0.0555 0.1050 0.2191 0.0926 0.1276 0.2672 
 362 0.0046 0.0144 0.0515 0.0495 0.0533 0.1296 0.1857 0.1881 0.2034 0.1200 
 363 0.0061 0.0092 0.0218 0.0485 0.0635 0.1305 0.2323 0.2534 0.1456 0.0890 
 364 0.0125 0.0078 0.0209 0.0989 0.0875 0.1176 0.2057 0.1189 0.1291 0.2012 
 365 0.0119 0.0136 0.0183 0.0516 0.1159 0.2219 0.2129 0.1418 0.1141 0.0979 
 366 0.0052 0.0124 0.0196 0.0677 0.0750 0.1141 0.2319 0.0896 0.2486 0.1359 
 367 0.0043 0.0083 0.0161 0.0386 0.0580 0.1128 0.1425 0.4582 0.0857 0.0754 
 368 0.0043 0.0065 0.0290 0.0606 0.1134 0.1320 0.1746 0.2324 0.1368 0.1105 
 369 0.0057 0.0078 0.0344 0.1761 0.0615 0.0956 0.2153 0.0930 0.2011 0.1094 
 370 0.0091 0.0106 0.0490 0.0691 0.1309 0.1012 0.1807 0.1912 0.1504 0.1079 
 371 0.0082 0.0076 0.0443 0.0700 0.0862 0.1009 0.2899 0.1030 0.1638 0.1261 
 372 0.0275 0.0136 0.0677 0.0685 0.1102 0.1061 0.1048 0.1918 0.1744 0.1354 
 373 0.0048 0.0056 0.0229 0.0792 0.0754 0.1260 0.1254 0.3017 0.1196 0.1394 
 374 0.0055 0.0109 0.0197 0.1712 0.1208 0.0999 0.1787 0.1226 0.1170 0.1535 
 375 0.0112 0.0091 0.0374 0.0476 0.0900 0.1321 0.2877 0.2016 0.0961 0.0870 
 376 0.0861 0.0113 0.0151 0.0470 0.0513 0.1752 0.2718 0.1730 0.0870 0.0823 
 377 0.0058 0.0099 0.0296 0.0479 0.0997 0.1686 0.1912 0.1383 0.1893 0.1196 
 378 0.0045 0.0062 0.0281 0.0637 0.0663 0.0987 0.0945 0.3179 0.1236 0.1964 
 379 0.1501 0.0142 0.0182 0.0438 0.0569 0.1261 0.2373 0.1777 0.1014 0.0742 
 380 0.0085 0.0207 0.0228 0.0811 0.0534 0.3296 0.1285 0.0901 0.1314 0.1338 
 381 0.0074 0.0086 0.0157 0.0938 0.0523 0.2471 0.2239 0.0796 0.1522 0.1195 
 382 0.0039 0.0060 0.0199 0.0421 0.0637 0.0877 0.4347 0.1531 0.0904 0.0985 
 383 0.0109 0.0327 0.1178 0.0451 0.0702 0.2483 0.1594 0.0846 0.0994 0.1317 
 384 0.0370 0.0158 0.0549 0.0582 0.0741 0.1667 0.2222 0.1361 0.0880 0.1469 
 385 0.0054 0.0058 0.0908 0.0488 0.2601 0.1074 0.1416 0.0951 0.0863 0.1586 
 386 0.0038 0.0075 0.0154 0.0468 0.0599 0.1473 0.2499 0.2652 0.1160 0.0883 
 387 0.0042 0.0071 0.0130 0.0399 0.0814 0.1570 0.2507 0.2200 0.1098 0.1170 
 388 0.0111 0.0100 0.0264 0.0879 0.1384 0.1461 0.1775 0.1239 0.0913 0.1873 
 389 0.0083 0.0080 0.0291 0.0485 0.2532 0.0770 0.1355 0.1087 0.2341 0.0977 
 390 0.0160 0.0259 0.0249 0.0567 0.0655 0.1846 0.1414 0.2615 0.1438 0.0797 
 391 0.0093 0.0171 0.0202 0.0841 0.2226 0.0962 0.1310 0.1490 0.1584 0.1121 
 392 0.0061 0.0064 0.0155 0.0496 0.0494 0.2195 0.1538 0.2055 0.1314 0.1627 
 393 0.0056 0.0157 0.0151 0.0534 0.0470 0.4584 0.1057 0.0897 0.1022 0.1071 
 394 0.0042 0.0117 0.0329 0.0738 0.0506 0.1251 0.1373 0.2343 0.1178 0.2125 
 395 0.0037 0.0176 0.0176 0.0402 0.0658 0.1787 0.1415 0.1696 0.2565 0.1089 
 396 0.0046 0.0056 0.0169 0.0412 0.0836 0.1409 0.2642 0.2567 0.1102 0.0762 
 397 0.0505 0.0061 0.0386 0.0688 0.0573 0.0974 0.2053 0.0924 0.2074 0.1761 
 398 0.0316 0.0193 0.0137 0.0430 0.0453 0.2364 0.1224 0.3106 0.0972 0.0805 
 399 0.0045 0.0207 0.0205 0.0512 0.0875 0.0812 0.1233 0.3729 0.1453 0.0929 
 400 0.0053 0.0062 0.0142 0.0752 0.0581 0.1320 0.2332 0.2655 0.1053 0.1048 
 401 0.0040 0.0062 0.0127 0.0562 0.0581 0.1208 0.0950 0.3524 0.1715 0.1231 
 402 0.0053 0.0056 0.0166 0.0548 0.0824 0.1886 0.1319 0.2144 0.1769 0.1234 
 403 0.0052 0.0080 0.0171 0.0606 0.1070 0.1538 0.1153 0.1088 0.1223 0.3019 
 404 0.0056 0.0067 0.0274 0.0834 0.1488 0.1347 0.2167 0.1281 0.1228 0.1258 
 405 0.0039 0.0128 0.0185 0.0637 0.0682 0.1704 0.2209 0.1409 0.1768 0.1238 
 406 0.0040 0.1413 0.0151 0.1005 0.0513 0.1146 0.1426 0.0914 0.2020 0.1371 
 407 0.0037 0.0131 0.0137 0.0414 0.0619 0.3262 0.2141 0.1530 0.0983 0.0746 
 408 0.0037 0.0050 0.0145 0.0379 0.0598 0.0898 0.0923 0.3648 0.2627 0.0696 
 409 0.0076 0.0212 0.0178 0.2529 0.0495 0.2262 0.0919 0.0998 0.1207 0.1124 
 410 0.0617 0.0110 0.0189 0.0637 0.0656 0.1724 0.1235 0.2342 0.1228 0.1261 
 411 0.0094 0.0072 0.0388 0.0556 0.0477 0.1407 0.2741 0.1481 0.1448 0.1337 
 412 0.0042 0.0055 0.0295 0.0528 0.0820 0.1290 0.1980 0.2661 0.1259 0.1071 
 413 0.0040 0.0054 0.0288 0.0561 0.0587 0.1179 0.1592 0.2631 0.1168 0.1899 
 414 0.0039 0.0052 0.0393 0.0343 0.1454 0.0854 0.2429 0.2398 0.1205 0.0833 
 415 0.0045 0.0118 0.0141 0.0653 0.0582 0.1376 0.2528 0.1861 0.1829 0.0867 
 416 0.0052 0.0062 0.0207 0.0786 0.1071 0.2085 0.1115 0.2127 0.1436 0.1061 
 417 0.0050 0.0356 0.0243 0.0739 0.0567 0.1858 0.1877 0.2402 0.1067 0.0839 
 418 0.0049 0.0063 0.0234 0.0470 0.0700 0.1212 0.1969 0.3506 0.0941 0.0855 
 419 0.0083 0.0109 0.0181 0.0890 0.0844 0.1998 0.1280 0.1583 0.1242 0.1789 
 420 0.0035 0.0060 0.0125 0.0560 0.0522 0.1189 0.0975 0.3447 0.2306 0.0781 
 421 0.0051 0.0145 0.0279 0.0763 0.0659 0.1996 0.1142 0.2884 0.1233 0.0849 
 422 0.0050 0.0133 0.0187 0.0466 0.0608 0.2762 0.0949 0.1322 0.2552 0.0971 
 423 0.0053 0.0123 0.0241 0.0431 0.0707 0.0936 0.3031 0.1666 0.1428 0.1384 
 424 0.0063 0.0175 0.0155 0.0827 0.1037 0.1075 0.1722 0.2266 0.1508 0.1172 
 425 0.0139 0.0098 0.0196 0.0546 0.1458 0.1398 0.2321 0.1243 0.1091 0.1510 
 426 0.0217 0.0238 0.0381 0.0736 0.0925 0.1032 0.1818 0.2294 0.1114 0.1244 
 427 0.0044 0.0175 0.0217 0.0391 0.0440 0.2275 0.1447 0.2592 0.0846 0.1571 
 428 0.0147 0.0413 0.0183 0.0696 0.0542 0.2452 0.1125 0.1143 0.1656 0.1643 
 429 0.0047 0.0076 0.0174 0.0398 0.0480 0.1261 0.2731 0.3180 0.0897 0.0756 
 430 0.0043 0.0217 0.0223 0.0454 0.0544 0.3695 0.1541 0.1402 0.1077 0.0803 
 431 0.0085 0.0147 0.0288 0.0516 0.1203 0.0797 0.2118 0.1881 0.1476 0.1488 
 432 0.0043 0.0060 0.0182 0.0602 0.0830 0.1575 0.1505 0.2601 0.1428 0.1174 
 433 0.0060 0.0062 0.0184 0.1263 0.0759 0.0928 0.1441 0.1308 0.1686 0.2309 
 434 0.0044 0.0063 0.0308 0.0846 0.0775 0.1607 0.2186 0.1254 0.1645 0.1272 
 435 0.0040 0.0343 0.0132 0.0426 0.0478 0.2636 0.1710 0.2382 0.1057 0.0795 
 436 0.0056 0.0984 0.0124 0.0787 0.0431 0.1298 0.2082 0.2277 0.1001 0.0960 
 437 0.0052 0.0096 0.0143 0.0460 0.0545 0.1113 0.4473 0.1198 0.1046 0.0873 
 438 0.0048 0.0643 0.0160 0.0879 0.0484 0.2142 0.1165 0.1926 0.1600 0.0953 
 439 0.0040 0.0410 0.0129 0.0528 0.0477 0.3719 0.1436 0.1599 0.0813 0.0850 
 440 0.0039 0.0725 0.0121 0.0388 0.0593 0.1164 0.2868 0.2437 0.0969 0.0696 
 441 0.0039 0.0156 0.0167 0.0701 0.0532 0.3398 0.1618 0.1228 0.1013 0.1148 
 442 0.0051 0.0067 0.0126 0.0558 0.1253 0.1483 0.2430 0.1946 0.1313 0.0773 
 443 0.0038 0.0159 0.0119 0.0462 0.0677 0.1280 0.1267 0.3287 0.1986 0.0725 
 444 0.0052 0.0114 0.0124 0.0555 0.1122 0.1281 0.2878 0.1693 0.1404 0.0777 
 445 0.0286 0.0119 0.0140 0.0946 0.0466 0.3763 0.1015 0.0937 0.1201 0.1126 
 446 0.0363 0.0257 0.0137 0.0523 0.0465 0.2486 0.1115 0.3100 0.0734 0.0819 
 447 0.0054 0.0749 0.0138 0.0810 0.1266 0.1668 0.1690 0.1237 0.1214 0.1176 
 448 0.0041 0.0148 0.0138 0.0501 0.0706 0.2342 0.2233 0.1836 0.1183 0.0872 
 449 0.0040 0.0153 0.0146 0.0615 0.0716 0.2268 0.2242 0.1453 0.1200 0.1166 
 450 0.0059 0.0070 0.0147 0.0580 0.0662 0.3163 0.2276 0.1221 0.0690 0.1132 
 451 0.0042 0.0090 0.0132 0.0371 0.0851 0.0830 0.2055 0.3634 0.1290 0.0706 
 452 0.0045 0.0083 0.0136 0.0556 0.0545 0.2634 0.1696 0.2312 0.0831 0.1162 
 453 0.0039 0.0094 0.0148 0.0735 0.0803 0.1823 0.1084 0.1482 0.2913 0.0877 
 454 0.0041 0.0148 0.0251 0.0549 0.0519 0.1586 0.2618 0.1843 0.1194 0.1252 
 455 0.0042 0.0583 0.0129 0.0556 0.0555 0.2604 0.1789 0.1891 0.1111 0.0740 
 456 0.0047 0.0190 0.0117 0.0502 0.0632 0.1594 0.2215 0.1889 0.2068 0.0745 
 457 0.0047 0.0173 0.0136 0.0534 0.0567 0.2278 0.3120 0.1235 0.1018 0.0891 
 458 0.0306 0.0121 0.0142 0.0487 0.0466 0.3905 0.1158 0.1699 0.0867 0.0850 
 459 0.0041 0.0199 0.0130 0.0937 0.0535 0.2451 0.1576 0.2170 0.0793 0.1167 
 460 0.0039 0.0154 0.0131 0.0454 0.0515 0.2134 0.1600 0.3295 0.0879 0.0799 
 461 0.0053 0.0070 0.0133 0.0465 0.0556 0.1795 0.1913 0.3515 0.0690 0.0811 
 462 0.0066 0.0128 0.0208 0.0375 0.1664 0.2308 0.2120 0.1126 0.1358 0.0647 
 463 0.0039 0.0833 0.0162 0.0566 0.0493 0.1870 0.1605 0.0958 0.2584 0.0889 
 464 0.0036 0.0183 0.0117 0.0505 0.0528 0.1561 0.1434 0.3510 0.1389 0.0737 
 465 0.0052 0.0091 0.0145 0.0511 0.0641 0.2563 0.1429 0.2398 0.1332 0.0838 
 466 0.0037 0.0174 0.0132 0.0501 0.0566 0.1654 0.1481 0.2512 0.2191 0.0753 
 467 0.0043 0.0133 0.0183 0.0549 0.0570 0.3203 0.1610 0.1293 0.1449 0.0967 
 468 0.0041 0.0775 0.0122 0.0499 0.0528 0.1703 0.3066 0.1077 0.1454 0.0735 
 469 0.0041 0.1618 0.0121 0.0457 0.0465 0.3242 0.1435 0.1076 0.0748 0.0796 
 470 0.0040 0.0609 0.0120 0.0454 0.0460 0.2210 0.1487 0.2901 0.0913 0.0806 
 471 0.0047 0.0087 0.0141 0.0484 0.1060 0.1506 0.1476 0.2210 0.2131 0.0858 
 472 0.0046 0.0069 0.0130 0.0505 0.0786 0.3203 0.1717 0.1318 0.1454 0.0773 
 473 0.0041 0.0155 0.0171 0.0623 0.0619 0.1906 0.2438 0.1374 0.1547 0.1126 
 474 0.0041 0.0080 0.0130 0.0579 0.0542 0.2759 0.1562 0.2105 0.1181 0.1021 
 475 0.0043 0.0098 0.0148 0.0897 0.0600 0.1898 0.1316 0.2646 0.1232 0.1123 
 476 0.0052 0.0120 0.0134 0.0563 0.0490 0.2035 0.3261 0.1455 0.1089 0.0800 
 477 0.0051 0.0123 0.0134 0.0794 0.0890 0.1668 0.1809 0.2414 0.1150 0.0967 
 478 0.0057 0.0107 0.0130 0.0432 0.1003 0.1331 0.1177 0.4142 0.0843 0.0778 
 479 0.0039 0.0152 0.0121 0.0435 0.0556 0.1666 0.2980 0.2385 0.0870 0.0794 
 480 0.0046 0.0159 0.0129 0.0496 0.0454 0.1703 0.3474 0.1762 0.0914 0.0863 
 481 0.0043 0.0076 0.0149 0.0451 0.1488 0.1871 0.1890 0.1634 0.1550 0.0847 
 482 0.0047 0.0088 0.0118 0.0432 0.0449 0.1505 0.2889 0.2857 0.0818 0.0797 
 483 0.0046 0.0696 0.0144 0.0608 0.0528 0.2721 0.1435 0.2117 0.0827 0.0878 
 484 0.0043 0.0513 0.0143 0.0511 0.0639 0.3251 0.1232 0.1018 0.1819 0.0831 
 485 0.0047 0.2414 0.0134 0.0470 0.0460 0.1423 0.1356 0.2026 0.0858 0.0812 
 486 0.0059 0.0061 0.0157 0.0591 0.1313 0.0695 0.1685 0.1644 0.2786 0.1010 
 487 0.0061 0.0063 0.0164 0.0660 0.1508 0.0992 0.1898 0.1311 0.1519 0.1823 
 488 0.0057 0.0063 0.0161 0.0406 0.2428 0.0867 0.1384 0.1436 0.1363 0.1834 
 489 0.0059 0.0050 0.0187 0.1557 0.0977 0.0891 0.2229 0.0899 0.1907 0.1244 
 490 0.0047 0.0067 0.0123 0.0443 0.1196 0.0899 0.1862 0.2552 0.2037 0.0773 
 491 0.0053 0.0056 0.0198 0.0934 0.2004 0.0908 0.1264 0.0848 0.2156 0.1579 
 492 0.0043 0.0058 0.0149 0.0697 0.1439 0.1028 0.0934 0.1569 0.1520 0.2563 
 493 0.0062 0.0057 0.0169 0.0355 0.2873 0.0664 0.1684 0.1051 0.1534 0.1551 
 494 0.0122 0.0112 0.0175 0.0880 0.1600 0.0941 0.1649 0.1041 0.2026 0.1453 
 495 0.0131 0.0068 0.0165 0.0651 0.2237 0.0820 0.1327 0.1369 0.1395 0.1838 
 496 0.0043 0.0067 0.0180 0.1970 0.0557 0.1083 0.1330 0.1080 0.1941 0.1749 
 497 0.0082 0.0056 0.0232 0.0576 0.2625 0.0828 0.1380 0.0763 0.1527 0.1931 
 498 0.0066 0.0063 0.0166 0.1294 0.2098 0.0809 0.1745 0.1289 0.1645 0.0824 
 499 0.0099 0.0064 0.0181 0.0874 0.1049 0.0910 0.1587 0.0976 0.1885 0.2376 
 500 0.0087 0.0103 0.0167 0.0448 0.0998 0.0801 0.2922 0.0984 0.2101 0.1389 
 501 0.0065 0.0066 0.0170 0.1024 0.0935 0.1169 0.2070 0.1359 0.1157 0.1983 
 502 0.0053 0.0066 0.0144 0.1068 0.1682 0.1388 0.1043 0.1527 0.0874 0.2155 
 503 0.0049 0.0072 0.0159 0.0498 0.0973 0.2091 0.2242 0.1498 0.1391 0.1027 
 504 0.0056 0.0063 0.0137 0.0680 0.2179 0.1037 0.1338 0.1882 0.1642 0.0985 
 505 0.0053 0.0094 0.0153 0.1092 0.1324 0.0778 0.1192 0.1228 0.2816 0.1270 
 506 0.0049 0.0055 0.0178 0.1013 0.1575 0.0952 0.1035 0.1779 0.1434 0.1932 
 507 0.0049 0.0055 0.0179 0.1173 0.0483 0.0924 0.0855 0.0746 0.2311 0.3227 
 508 0.0078 0.0052 0.0188 0.1822 0.0741 0.0644 0.0853 0.0875 0.1881 0.2865 
 509 0.0049 0.0067 0.0160 0.0685 0.1137 0.0968 0.1152 0.1118 0.2444 0.2220 
 510 0.0086 0.0056 0.0177 0.1093 0.0804 0.0867 0.2112 0.1091 0.1263 0.2450 
 511 0.0074 0.0239 0.0194 0.0689 0.1057 0.0950 0.1972 0.2160 0.1649 0.1016 
 512 0.0050 0.0065 0.0150 0.0432 0.1035 0.1001 0.3044 0.2252 0.1101 0.0870 
 513 0.0052 0.0054 0.0159 0.0679 0.4282 0.0535 0.0726 0.0810 0.1566 0.1139 
 514 0.0049 0.0060 0.0213 0.0476 0.0802 0.0877 0.1260 0.3408 0.1349 0.1505 
 515 0.0069 0.0164 0.0136 0.0538 0.0717 0.1553 0.1698 0.1185 0.1738 0.2203 
 516 0.0062 0.0070 0.0182 0.0727 0.0979 0.1006 0.1047 0.2234 0.2603 0.1089 
 517 0.0050 0.0119 0.0167 0.0698 0.0501 0.1021 0.1422 0.1885 0.2266 0.1871 
 518 0.0380 0.0054 0.0254 0.0562 0.0719 0.0805 0.2393 0.1057 0.1372 0.2405 
 519 0.0047 0.0068 0.0139 0.0762 0.0998 0.1021 0.1276 0.3134 0.1277 0.1279 
 520 0.0049 0.0683 0.0166 0.0804 0.0477 0.0949 0.1472 0.0931 0.2093 0.2376 
 521 0.0043 0.0053 0.1052 0.0747 0.0577 0.0683 0.1320 0.1575 0.1837 0.2113 
 522 0.0101 0.0097 0.0155 0.0419 0.0608 0.0891 0.2814 0.1308 0.2264 0.1343 
 523 0.0055 0.0108 0.0275 0.0852 0.0493 0.0791 0.1280 0.1483 0.2858 0.1805 
 524 0.0055 0.0713 0.0174 0.0495 0.0507 0.1246 0.1622 0.1698 0.1800 0.1689 
 525 0.0444 0.0140 0.0206 0.0691 0.0513 0.1279 0.1588 0.0999 0.1812 0.2328 
 526 0.0043 0.1506 0.0157 0.0669 0.0432 0.1352 0.1145 0.0881 0.2667 0.1147 
