   1 0.0116 0.0168 0.1178 0.0628 0.3105 0.1929 0.2877 
   2 0.0148 0.0091 0.0500 0.6173 0.0711 0.1470 0.0907 
   3 0.0066 0.0218 0.2298 0.0746 0.2253 0.2350 0.2068 
   4 0.0108 0.0196 0.0568 0.0725 0.1302 0.1518 0.5583 
   5 0.0262 0.0102 0.1020 0.4447 0.0969 0.2164 0.1037 
   6 0.0070 0.0124 0.4383 0.0985 0.0701 0.2672 0.1065 
   7 0.0103 0.0141 0.0799 0.0504 0.0669 0.6788 0.0997 
   8 0.0104 0.0214 0.1778 0.0617 0.1262 0.2269 0.3757 
   9 0.0183 0.0124 0.1833 0.2329 0.1443 0.2351 0.1736 
  10 0.0126 0.0138 0.1467 0.0759 0.0787 0.3786 0.2937 
  11 0.0124 0.0169 0.0718 0.0538 0.1024 0.6411 0.1017 
  12 0.0149 0.0098 0.1285 0.3923 0.1056 0.2011 0.1479 
  13 0.0191 0.0140 0.1514 0.1580 0.1084 0.3616 0.1874 
  14 0.0095 0.0279 0.0761 0.2971 0.2187 0.1706 0.2002 
  15 0.0110 0.0360 0.0803 0.1425 0.1512 0.2441 0.3350 
  16 0.0144 0.0184 0.1560 0.0535 0.1774 0.4183 0.1620 
  17 0.0181 0.0143 0.3956 0.1126 0.1449 0.1735 0.1409 
  18 0.0097 0.0346 0.2129 0.2714 0.1163 0.1799 0.1752 
  19 0.0096 0.0110 0.3709 0.1180 0.0871 0.2700 0.1335 
  20 0.0147 0.0218 0.1066 0.1403 0.1885 0.3546 0.1736 
  21 0.0099 0.0146 0.0672 0.1659 0.2490 0.1838 0.3096 
  22 0.0091 0.0122 0.4169 0.0834 0.1099 0.1931 0.1754 
  23 0.0376 0.0258 0.0643 0.1551 0.2325 0.1552 0.3295 
  24 0.0118 0.0182 0.1257 0.0688 0.1996 0.2447 0.3312 
  25 0.0128 0.0234 0.1938 0.1327 0.0845 0.4707 0.0821 
  26 0.0109 0.0160 0.2904 0.1273 0.1339 0.1950 0.2266 
  27 0.0175 0.0144 0.1696 0.0882 0.2097 0.3006 0.2001 
  28 0.0102 0.0170 0.0669 0.1075 0.0959 0.2844 0.4180 
  29 0.0180 0.0101 0.0660 0.1430 0.2286 0.3853 0.1491 
  30 0.0107 0.0146 0.3586 0.0974 0.1730 0.2056 0.1401 
  31 0.0203 0.0115 0.1383 0.1269 0.2079 0.2611 0.2339 
  32 0.0085 0.0210 0.1584 0.2056 0.1254 0.2137 0.2673 
  33 0.0089 0.0144 0.1164 0.0670 0.2628 0.3205 0.2100 
  34 0.0364 0.0203 0.1289 0.0562 0.0800 0.5073 0.1709 
  35 0.0289 0.0089 0.2214 0.1406 0.3227 0.1719 0.1056 
  36 0.0073 0.0394 0.0399 0.0601 0.6273 0.1291 0.0970 
  37 0.0085 0.0108 0.0848 0.1953 0.2041 0.2052 0.2914 
  38 0.0257 0.2203 0.0452 0.0790 0.2582 0.2915 0.0800 
  39 0.0195 0.0232 0.0936 0.1050 0.2778 0.3633 0.1176 
  40 0.0119 0.0140 0.0758 0.0889 0.5033 0.1344 0.1718 
  41 0.0212 0.0142 0.0840 0.0489 0.5267 0.2283 0.0767 
  42 0.0115 0.0364 0.0322 0.0418 0.4779 0.1235 0.2767 
  43 0.0129 0.0092 0.0564 0.1304 0.4490 0.1865 0.1555 
  44 0.0105 0.0080 0.1320 0.0983 0.5086 0.1662 0.0764 
  45 0.0195 0.0303 0.0375 0.1783 0.4547 0.2026 0.0773 
  46 0.0122 0.0117 0.2463 0.1255 0.2389 0.2603 0.1052 
  47 0.0202 0.0090 0.2865 0.1737 0.1614 0.1924 0.1568 
  48 0.0162 0.0099 0.1591 0.1284 0.4836 0.1183 0.0846 
  49 0.0326 0.0153 0.1240 0.0931 0.3683 0.2283 0.1385 
  50 0.0157 0.0124 0.1731 0.0984 0.1299 0.4273 0.1432 
  51 0.0088 0.0207 0.0256 0.0525 0.7286 0.0924 0.0713 
  52 0.0227 0.0131 0.1101 0.0550 0.3033 0.3533 0.1426 
  53 0.0131 0.1198 0.1341 0.0608 0.2143 0.2996 0.1584 
  54 0.0198 0.0069 0.0748 0.3849 0.1987 0.1522 0.1626 
  55 0.0144 0.0092 0.0588 0.2258 0.4315 0.1411 0.1192 
  56 0.0244 0.0193 0.1871 0.1220 0.3835 0.1282 0.1356 
  57 0.0209 0.0129 0.2522 0.0853 0.0817 0.2442 0.3028 
  58 0.0202 0.0151 0.0431 0.1264 0.4713 0.1966 0.1272 
  59 0.0451 0.0473 0.0533 0.0881 0.4714 0.1860 0.1088 
  60 0.0073 0.0168 0.0369 0.0679 0.5801 0.1217 0.1694 
  61 0.0120 0.0075 0.0250 0.2991 0.3687 0.1131 0.1745 
  62 0.1040 0.0125 0.1769 0.2062 0.1177 0.2454 0.1372 
  63 0.0098 0.0125 0.0405 0.1065 0.3883 0.2605 0.1821 
  64 0.0161 0.0244 0.2984 0.1558 0.1449 0.2654 0.0949 
  65 0.0133 0.0108 0.0588 0.2146 0.1090 0.5166 0.0769 
  66 0.0118 0.0114 0.0357 0.2993 0.1539 0.2271 0.2609 
  67 0.0134 0.0073 0.0485 0.2771 0.3875 0.1690 0.0972 
  68 0.0329 0.0548 0.0470 0.0848 0.4669 0.1778 0.1358 
  69 0.0980 0.1977 0.0548 0.0804 0.1874 0.2096 0.1720 
  70 0.0078 0.0200 0.0303 0.0450 0.5908 0.1848 0.1213 
  71 0.0341 0.0329 0.0419 0.1082 0.5306 0.1859 0.0664 
  72 0.0079 0.0209 0.1752 0.0658 0.3907 0.2453 0.0943 
  73 0.0447 0.0122 0.0363 0.2762 0.3380 0.2052 0.0874 
  74 0.0073 0.0428 0.0451 0.0611 0.5745 0.1203 0.1490 
  75 0.0107 0.0291 0.0390 0.0714 0.5721 0.0939 0.1839 
  76 0.0078 0.0096 0.0479 0.1275 0.3906 0.3042 0.1124 
  77 0.0236 0.0337 0.0336 0.0873 0.4914 0.2590 0.0714 
  78 0.0325 0.1261 0.0385 0.0800 0.4169 0.2269 0.0791 
  79 0.0099 0.0167 0.0542 0.1273 0.0631 0.6115 0.1173 
  80 0.0081 0.0112 0.0383 0.1102 0.0658 0.2238 0.5426 
  81 0.0070 0.0133 0.0407 0.1434 0.0556 0.3154 0.4247 
  82 0.0228 0.0134 0.0449 0.1711 0.2594 0.2597 0.2286 
  83 0.0067 0.0302 0.0439 0.1431 0.0974 0.3584 0.3204 
  84 0.0072 0.0154 0.0404 0.1152 0.0765 0.4411 0.3042 
  85 0.0076 0.0425 0.0703 0.1298 0.0964 0.2872 0.3663 
  86 0.0172 0.0108 0.0707 0.3922 0.1859 0.2214 0.1019 
  87 0.0090 0.0253 0.0373 0.1044 0.1026 0.5937 0.1277 
  88 0.0088 0.0120 0.0379 0.1382 0.1196 0.3166 0.3670 
  89 0.0071 0.0119 0.0351 0.2123 0.0796 0.2464 0.4076 
  90 0.0088 0.0127 0.0345 0.1610 0.0781 0.5577 0.1472 
  91 0.0063 0.0339 0.0439 0.0871 0.1077 0.2091 0.5120 
  92 0.0101 0.0141 0.0551 0.1867 0.1005 0.4280 0.2056 
  93 0.0079 0.0091 0.0320 0.0621 0.0748 0.1146 0.6995 
  94 0.0067 0.0436 0.0341 0.0496 0.0899 0.6699 0.1061 
  95 0.0081 0.0113 0.0271 0.1326 0.0942 0.4538 0.2729 
  96 0.0113 0.0086 0.0260 0.2072 0.3469 0.1226 0.2774 
  97 0.0104 0.0469 0.0495 0.1062 0.4592 0.1142 0.2136 
  98 0.0152 0.0110 0.0557 0.1707 0.3649 0.2322 0.1503 
  99 0.0074 0.0141 0.0359 0.1616 0.0645 0.4479 0.2685 
 100 0.0099 0.0080 0.0315 0.2189 0.0850 0.1001 0.5466 
 101 0.0104 0.0286 0.0408 0.1500 0.1783 0.3942 0.1977 
 102 0.0187 0.0238 0.0368 0.0792 0.2117 0.2438 0.3861 
 103 0.0101 0.0093 0.0285 0.4826 0.0813 0.2302 0.1580 
 104 0.0116 0.0092 0.0347 0.1123 0.0861 0.6020 0.1442 
 105 0.0428 0.0084 0.0309 0.2404 0.1164 0.3574 0.2038 
 106 0.0077 0.0151 0.0478 0.0685 0.0930 0.7072 0.0607 
 107 0.0179 0.0098 0.0348 0.3114 0.0954 0.3676 0.1632 
 108 0.0079 0.1639 0.0362 0.4202 0.1613 0.1190 0.0916 
 109 0.1422 0.0295 0.0512 0.1227 0.1414 0.4481 0.0649 
 110 0.0099 0.0163 0.0439 0.0570 0.0812 0.7203 0.0715 
 111 0.0328 0.0095 0.0327 0.1392 0.0788 0.6095 0.0975 
 112 0.2191 0.0142 0.0291 0.0476 0.1036 0.5167 0.0697 
 113 0.0123 0.0189 0.0608 0.3826 0.1776 0.2149 0.1329 
 114 0.0235 0.0083 0.0294 0.1235 0.0736 0.5638 0.1779 
 115 0.0364 0.0112 0.0534 0.0868 0.3423 0.3640 0.1059 
 116 0.0150 0.0260 0.0494 0.0945 0.3164 0.4336 0.0651 
 117 0.0349 0.0154 0.0498 0.0557 0.1399 0.6046 0.0997 
 118 0.0312 0.0122 0.0371 0.5390 0.0902 0.2079 0.0824 
 119 0.0075 0.0183 0.0268 0.1138 0.3679 0.1836 0.2821 
 120 0.0647 0.0119 0.0421 0.1355 0.1682 0.4375 0.1402 
 121 0.1010 0.0137 0.0515 0.0874 0.3240 0.3365 0.0860 
 122 0.0164 0.0128 0.0386 0.1044 0.0801 0.6623 0.0854 
 123 0.0145 0.0186 0.0359 0.1433 0.1039 0.5604 0.1234 
 124 0.0327 0.0170 0.0994 0.1481 0.2605 0.3627 0.0796 
 125 0.0346 0.0271 0.0923 0.0569 0.2849 0.4095 0.0947 
 126 0.0079 0.0173 0.0309 0.0895 0.2452 0.4838 0.1254 
 127 0.0259 0.0090 0.0309 0.1607 0.0903 0.5796 0.1036 
 128 0.0230 0.0078 0.0370 0.5264 0.1101 0.2106 0.0850 
 129 0.0174 0.0087 0.0341 0.4094 0.1029 0.3498 0.0777 
 130 0.0431 0.0092 0.0346 0.1917 0.0645 0.4941 0.1629 
 131 0.0392 0.1100 0.0545 0.0909 0.2627 0.3721 0.0707 
 132 0.0111 0.0122 0.0387 0.2047 0.0910 0.5752 0.0672 
 133 0.0159 0.0134 0.0364 0.3048 0.0971 0.4116 0.1207 
 134 0.0131 0.0101 0.0341 0.0605 0.0610 0.7688 0.0524 
 135 0.0246 0.0130 0.0339 0.0971 0.2590 0.0987 0.4736 
 136 0.0138 0.0098 0.0642 0.0589 0.0633 0.0924 0.6976 
 137 0.0268 0.0104 0.0346 0.0464 0.0633 0.1284 0.6901 
 138 0.0069 0.0122 0.0400 0.0506 0.0860 0.0909 0.7134 
 139 0.0124 0.0115 0.0467 0.3371 0.1758 0.1133 0.3033 
 140 0.0091 0.0140 0.0365 0.0910 0.1902 0.1970 0.4622 
 141 0.0137 0.0144 0.0850 0.0765 0.0885 0.1221 0.5998 
 142 0.0216 0.0117 0.0309 0.1269 0.2596 0.0969 0.4524 
 143 0.0068 0.0082 0.0294 0.0505 0.0661 0.0752 0.7637 
 144 0.0264 0.0100 0.0313 0.0481 0.0676 0.1212 0.6953 
 145 0.0190 0.0141 0.1067 0.0861 0.1259 0.1245 0.5236 
 146 0.0099 0.0146 0.0602 0.0644 0.1434 0.2150 0.4925 
 147 0.0073 0.0085 0.0354 0.0439 0.0564 0.0784 0.7701 
 148 0.0205 0.0097 0.0517 0.1072 0.1293 0.1554 0.5262 
 149 0.0116 0.0131 0.0383 0.0689 0.1534 0.0921 0.6225 
 150 0.0314 0.0094 0.0381 0.0838 0.0847 0.1959 0.5567 
 151 0.0079 0.0083 0.0309 0.0683 0.0848 0.1069 0.6929 
 152 0.0186 0.0214 0.0699 0.0908 0.1721 0.1328 0.4944 
 153 0.0077 0.0120 0.0355 0.0476 0.1583 0.1193 0.6197 
 154 0.0144 0.0100 0.0578 0.0844 0.0946 0.0892 0.6494 
 155 0.0069 0.0078 0.0304 0.0642 0.0682 0.1033 0.7191 
 156 0.0118 0.0078 0.0241 0.0768 0.2023 0.1005 0.5767 
 157 0.0068 0.0109 0.0263 0.0543 0.0728 0.2111 0.6178 
 158 0.0187 0.0154 0.0991 0.0624 0.1104 0.1205 0.5736 
 159 0.0097 0.0092 0.0330 0.0534 0.0554 0.0789 0.7605 
 160 0.0102 0.0094 0.0350 0.0667 0.0566 0.0796 0.7425 
 161 0.0085 0.0136 0.0409 0.0619 0.1506 0.1463 0.5781 
 162 0.0110 0.0128 0.0742 0.0953 0.1444 0.2145 0.4477 
 163 0.0068 0.0076 0.0270 0.0507 0.1016 0.0915 0.7148 
 164 0.0092 0.0114 0.0403 0.1511 0.0854 0.1742 0.5285 
 165 0.0313 0.0094 0.0328 0.0614 0.0835 0.1763 0.6054 
 166 0.0074 0.0346 0.0321 0.0896 0.1534 0.1912 0.4917 
 167 0.0125 0.0114 0.1137 0.0581 0.0660 0.1268 0.6115 
 168 0.0076 0.0361 0.0439 0.0544 0.1381 0.1177 0.6022 
 169 0.0209 0.0814 0.1333 0.0562 0.1765 0.1279 0.4038 
 170 0.0078 0.0087 0.0302 0.1023 0.1970 0.1083 0.5457 
 171 0.0090 0.0307 0.0565 0.1080 0.1078 0.1426 0.5453 
 172 0.0124 0.0431 0.0403 0.0608 0.3425 0.0936 0.4072 
 173 0.0092 0.0083 0.0348 0.0972 0.0631 0.0821 0.7052 
 174 0.0072 0.0088 0.0336 0.0631 0.0612 0.1138 0.7124 
 175 0.0089 0.0087 0.0646 0.0547 0.0771 0.0892 0.6969 
 176 0.0267 0.0097 0.0309 0.0487 0.0678 0.1213 0.6948 
 177 0.0080 0.0170 0.0355 0.0551 0.1047 0.2617 0.5181 
 178 0.0082 0.0093 0.0685 0.0770 0.0619 0.1412 0.6340 
 179 0.0063 0.0082 0.0340 0.0635 0.0543 0.0814 0.7523 
 180 0.0113 0.0147 0.0753 0.0559 0.1381 0.1443 0.5603 
 181 0.0132 0.0127 0.0477 0.1014 0.1458 0.1037 0.5755 
 182 0.0111 0.0086 0.0313 0.1007 0.0878 0.0777 0.6828 
 183 0.0071 0.0082 0.0368 0.0701 0.0664 0.0820 0.7295 
 184 0.0091 0.0098 0.0723 0.6373 0.0670 0.1185 0.0860 
 185 0.0125 0.0079 0.0268 0.0589 0.1930 0.0659 0.6350 
 186 0.0072 0.0076 0.0508 0.5703 0.0764 0.2003 0.0874 
 187 0.0069 0.0089 0.0536 0.4816 0.0787 0.1022 0.2681 
 188 0.0076 0.0069 0.0457 0.6596 0.0660 0.1450 0.0693 
 189 0.0072 0.0474 0.1359 0.1738 0.1509 0.1734 0.3113 
 190 0.0130 0.0070 0.0229 0.2561 0.3486 0.0709 0.2815 
 191 0.0101 0.0079 0.0356 0.6808 0.0552 0.1042 0.1061 
 192 0.0079 0.0087 0.0436 0.4215 0.0797 0.1621 0.2766 
 193 0.0166 0.0111 0.0652 0.3228 0.1304 0.1687 0.2850 
 194 0.0081 0.0092 0.0421 0.3096 0.1693 0.1555 0.3061 
 195 0.0068 0.0068 0.0305 0.4410 0.1256 0.0718 0.3176 
 196 0.0125 0.0085 0.0286 0.4133 0.2099 0.1012 0.2258 
 197 0.0096 0.0091 0.1620 0.2614 0.1707 0.1939 0.1933 
 198 0.0084 0.0145 0.0652 0.2423 0.1669 0.2812 0.2217 
 199 0.0139 0.0118 0.0363 0.2112 0.4113 0.1043 0.2112 
 200 0.0250 0.0195 0.0509 0.3845 0.1728 0.1410 0.2063 
 201 0.0073 0.0070 0.0388 0.3106 0.0927 0.0863 0.4573 
 202 0.0101 0.0069 0.0307 0.1183 0.2295 0.0951 0.5095 
 203 0.0103 0.0073 0.0314 0.3726 0.0768 0.0794 0.4223 
 204 0.0081 0.0068 0.0250 0.6229 0.1085 0.0747 0.1540 
 205 0.0084 0.0102 0.0346 0.6000 0.1196 0.0996 0.1275 
 206 0.0072 0.0070 0.0355 0.6366 0.0735 0.0763 0.1639 
 207 0.0150 0.0069 0.0297 0.5695 0.1449 0.0985 0.1355 
 208 0.0090 0.0072 0.0294 0.4887 0.0963 0.0905 0.2788 
 209 0.0147 0.0080 0.0414 0.5314 0.0975 0.1233 0.1836 
 210 0.0074 0.0069 0.0281 0.6218 0.0792 0.0944 0.1622 
 211 0.0571 0.0073 0.0379 0.1911 0.3549 0.1228 0.2289 
 212 0.0096 0.0087 0.0492 0.1290 0.1493 0.1006 0.5536 
 213 0.0096 0.0109 0.0279 0.2391 0.3386 0.2090 0.1650 
 214 0.0118 0.0069 0.0381 0.2169 0.1156 0.0913 0.5195 
 215 0.0105 0.0097 0.0303 0.6888 0.0734 0.0980 0.0893 
 216 0.0101 0.0115 0.1181 0.4535 0.1087 0.1634 0.1347 
 217 0.0087 0.0096 0.0450 0.3221 0.1252 0.0848 0.4046 
 218 0.0080 0.0093 0.0320 0.6463 0.0656 0.1074 0.1313 
 219 0.0073 0.0157 0.1452 0.3461 0.0906 0.1327 0.2624 
 220 0.0082 0.0068 0.0272 0.7120 0.0598 0.0838 0.1023 
 221 0.0103 0.0070 0.0274 0.0869 0.2074 0.0722 0.5889 
 222 0.0077 0.0112 0.1828 0.3530 0.1048 0.1582 0.1824 
 223 0.0072 0.0123 0.0776 0.2778 0.1119 0.1268 0.3866 
 224 0.0082 0.0069 0.0357 0.4522 0.0742 0.0810 0.3418 
 225 0.0080 0.0082 0.0336 0.5634 0.1271 0.0915 0.1683 
 226 0.0110 0.0613 0.0750 0.4474 0.0987 0.1273 0.1793 
 227 0.0091 0.0071 0.0335 0.2966 0.2642 0.0984 0.2911 
 228 0.0141 0.0077 0.0295 0.3301 0.2409 0.0676 0.3101 
 229 0.0073 0.0069 0.0365 0.4664 0.0605 0.0872 0.3352 
 230 0.0093 0.0071 0.0296 0.5422 0.0663 0.0829 0.2626 
 231 0.0091 0.0078 0.0524 0.5140 0.0610 0.0978 0.2579 
 232 0.0102 0.0149 0.0378 0.2083 0.2410 0.1866 0.3012 
 233 0.0109 0.0069 0.0379 0.2108 0.0826 0.0920 0.5588 
 234 0.0096 0.0097 0.0612 0.4422 0.0820 0.1817 0.2137 
 235 0.0085 0.0131 0.0594 0.3103 0.1488 0.1234 0.3365 
 236 0.0110 0.0090 0.0496 0.3500 0.0914 0.1115 0.3773 
 237 0.0156 0.0079 0.0343 0.5626 0.1403 0.1022 0.1370 
 238 0.0095 0.0069 0.0370 0.1920 0.1276 0.1280 0.4989 
 239 0.0073 0.0070 0.0310 0.4380 0.1267 0.0733 0.3166 
 240 0.0093 0.0069 0.0364 0.1968 0.1298 0.1267 0.4941 
 241 0.0095 0.0102 0.0367 0.1776 0.1555 0.0920 0.5185 
 242 0.0076 0.0189 0.0677 0.4865 0.0947 0.1342 0.1904 
 243 0.0156 0.0069 0.0261 0.4452 0.1914 0.0787 0.2360 
 244 0.0102 0.0067 0.0305 0.4573 0.0745 0.0800 0.3408 
 245 0.0066 0.0071 0.0270 0.0997 0.1364 0.0996 0.6236 
 246 0.0084 0.0100 0.0452 0.3170 0.1257 0.0853 0.4083 
 247 0.0081 0.0145 0.0377 0.3728 0.1639 0.3155 0.0875 
 248 0.0117 0.0081 0.0345 0.6355 0.1033 0.1192 0.0877 
 249 0.0114 0.0071 0.0343 0.3569 0.0985 0.0983 0.3936 
 250 0.0098 0.0086 0.0436 0.4729 0.0753 0.1115 0.2783 
 251 0.0182 0.0381 0.0865 0.3935 0.1140 0.2010 0.1487 
 252 0.0066 0.0086 0.0436 0.4723 0.1241 0.1000 0.2448 
 253 0.0087 0.0165 0.0496 0.2831 0.3032 0.1940 0.1449 
 254 0.0077 0.0085 0.1098 0.4965 0.0900 0.1217 0.1658 
 255 0.0109 0.0080 0.0580 0.4359 0.0894 0.1425 0.2554 
 256 0.0115 0.0091 0.0426 0.3172 0.1687 0.1016 0.3493 
 257 0.0128 0.0107 0.0432 0.4938 0.1086 0.1245 0.2062 
 258 0.0120 0.0100 0.0384 0.4010 0.2019 0.1777 0.1590 
 259 0.0099 0.0084 0.0404 0.5515 0.0840 0.1026 0.2032 
 260 0.0081 0.0088 0.1447 0.2574 0.0854 0.1492 0.3464 
 261 0.0073 0.0094 0.0451 0.3133 0.1703 0.0950 0.3596 
 262 0.0098 0.0096 0.0292 0.2512 0.2462 0.0723 0.3818 
 263 0.0092 0.0070 0.0476 0.6666 0.0718 0.0933 0.1046 
 264 0.0099 0.0114 0.3204 0.2860 0.1136 0.1826 0.0762 
 265 0.0073 0.0110 0.0541 0.5454 0.0806 0.1069 0.1948 
 266 0.0096 0.0070 0.0274 0.1089 0.1702 0.0728 0.6041 
 267 0.0168 0.0083 0.0625 0.3265 0.1404 0.1444 0.3010 
 268 0.0127 0.0086 0.0282 0.4176 0.2089 0.0999 0.2241 
 269 0.0084 0.0252 0.1252 0.3619 0.0786 0.1651 0.2356 
 270 0.0099 0.0082 0.0639 0.5642 0.0816 0.1533 0.1189 
 271 0.0126 0.0129 0.0424 0.5259 0.1302 0.1372 0.1388 
 272 0.0156 0.0573 0.0541 0.4810 0.1270 0.1211 0.1440 
 273 0.0270 0.0268 0.0787 0.3345 0.0959 0.1814 0.2556 
 274 0.0092 0.0168 0.0602 0.5061 0.0978 0.1436 0.1663 
 275 0.0134 0.0192 0.0581 0.5784 0.0726 0.1008 0.1575 
 276 0.0215 0.0383 0.0525 0.3631 0.2400 0.1313 0.1533 
 277 0.0074 0.0122 0.0787 0.3607 0.1012 0.1320 0.3079 
 278 0.0116 0.0100 0.0305 0.6466 0.0939 0.0953 0.1122 
 279 0.0096 0.0120 0.0575 0.4637 0.1052 0.1273 0.2248 
 280 0.0085 0.0188 0.0901 0.3874 0.1667 0.1290 0.1995 
 281 0.0090 0.0115 0.0412 0.4944 0.1018 0.1706 0.1716 
 282 0.0081 0.0095 0.0656 0.2457 0.0803 0.1230 0.4678 
 283 0.0081 0.0072 0.0407 0.2238 0.0809 0.1061 0.5333 
 284 0.0130 0.0096 0.0414 0.3469 0.1241 0.1635 0.3015 
 285 0.0148 0.0133 0.0388 0.5557 0.1630 0.1440 0.0703 
 286 0.0102 0.0070 0.0310 0.4580 0.0747 0.0800 0.3390 
 287 0.0068 0.0161 0.0636 0.4058 0.0919 0.1815 0.2343 
 288 0.0099 0.0274 0.0426 0.6447 0.0680 0.0970 0.1104 
 289 0.0131 0.0276 0.0445 0.5908 0.0856 0.1323 0.1062 
 290 0.0228 0.0106 0.1210 0.2405 0.2901 0.1436 0.1715 
 291 0.0123 0.0123 0.0420 0.5293 0.1286 0.1376 0.1379 
 292 0.0078 0.0194 0.0687 0.2493 0.3047 0.1094 0.2407 
 293 0.0218 0.0110 0.1487 0.1603 0.3284 0.2055 0.1242 
 294 0.0085 0.0082 0.0470 0.6397 0.1066 0.0931 0.0969 
 295 0.0264 0.0449 0.0619 0.2740 0.2491 0.1503 0.1935 
 296 0.0105 0.0093 0.0270 0.6655 0.0754 0.1018 0.1106 
 297 0.0083 0.0184 0.0890 0.4849 0.1200 0.1391 0.1403 
 298 0.0077 0.0088 0.0592 0.3710 0.0669 0.1272 0.3592 
 299 0.0071 0.0067 0.0671 0.6440 0.0617 0.0994 0.1139 
 300 0.0106 0.0110 0.0372 0.6172 0.1206 0.1071 0.0963 
 301 0.0103 0.0112 0.1023 0.5531 0.0773 0.1268 0.1190 
 302 0.0131 0.0094 0.0449 0.5834 0.1465 0.0953 0.1074 
 303 0.0094 0.0108 0.0504 0.3433 0.1286 0.1074 0.3501 
 304 0.0105 0.0076 0.1371 0.1144 0.0919 0.2206 0.4179 
 305 0.0093 0.0094 0.0299 0.5337 0.1153 0.0763 0.2261 
 306 0.0085 0.0134 0.0620 0.2446 0.1357 0.1030 0.4328 
 307 0.0113 0.0121 0.0641 0.3468 0.1150 0.1332 0.3176 
 308 0.0068 0.0093 0.0453 0.3134 0.1728 0.0944 0.3579 
 309 0.0183 0.0125 0.0297 0.6740 0.0680 0.1010 0.0966 
 310 0.0113 0.0069 0.0317 0.4139 0.1485 0.0814 0.3062 
 311 0.0089 0.0069 0.0300 0.5431 0.0679 0.0827 0.2606 
 312 0.0086 0.0069 0.0243 0.6877 0.0747 0.0950 0.1028 
 313 0.0105 0.0081 0.0276 0.6127 0.1642 0.0861 0.0909 
 314 0.0085 0.0101 0.0286 0.0476 0.0923 0.0730 0.7399 
 315 0.0068 0.0194 0.0335 0.0457 0.1187 0.0939 0.6819 
 316 0.0085 0.0401 0.0454 0.0514 0.0768 0.1065 0.6712 
 317 0.0084 0.0117 0.0305 0.0448 0.0575 0.0757 0.7714 
 318 0.0077 0.0122 0.0339 0.0422 0.0459 0.0788 0.7793 
 319 0.0069 0.0082 0.0317 0.0526 0.0638 0.0748 0.7620 
 320 0.0084 0.0104 0.0290 0.0482 0.0923 0.0718 0.7399 
 321 0.0085 0.0119 0.0339 0.0436 0.0540 0.0795 0.7686 
 322 0.0093 0.0350 0.0407 0.0552 0.1081 0.1010 0.6507 
 323 0.0067 0.0094 0.0441 0.0465 0.0494 0.0759 0.7680 
 324 0.0085 0.0122 0.0333 0.0431 0.0538 0.0793 0.7697 
 325 0.0078 0.0392 0.0373 0.0429 0.0687 0.1032 0.7010 
 326 0.0120 0.0748 0.0419 0.0451 0.0696 0.1009 0.6556 
 327 0.0082 0.0113 0.0312 0.0443 0.0572 0.0762 0.7717 
 328 0.0073 0.0224 0.0367 0.0501 0.0955 0.1028 0.6852 
 329 0.0060 0.0087 0.0320 0.0424 0.0494 0.0778 0.7836 
 330 0.0083 0.0117 0.0308 0.0441 0.0573 0.0754 0.7726 
 331 0.0064 0.0088 0.0313 0.0479 0.0488 0.0781 0.7788 
 332 0.0091 0.0475 0.0566 0.0423 0.0681 0.0995 0.6769 
 333 0.0093 0.0413 0.0411 0.0517 0.0800 0.1016 0.6750 
 334 0.0071 0.0228 0.0367 0.0511 0.0946 0.1034 0.6843 
 335 0.0072 0.0210 0.0340 0.0452 0.0974 0.0964 0.6990 
 336 0.0088 0.0126 0.0439 0.0437 0.0712 0.0739 0.7459 
 337 0.0088 0.0392 0.0381 0.0452 0.0853 0.1028 0.6807 
 338 0.0081 0.0130 0.0338 0.0425 0.0459 0.0787 0.7780 
 339 0.0064 0.0088 0.0315 0.0477 0.0490 0.0781 0.7785 
 340 0.0062 0.0083 0.0289 0.0497 0.0516 0.0746 0.7808 
 341 0.0098 0.0137 0.0389 0.0513 0.0528 0.0780 0.7554 
 342 0.0084 0.0115 0.0306 0.0450 0.0570 0.0754 0.7721 
 343 0.0078 0.0194 0.0465 0.0435 0.1568 0.0902 0.6358 
 344 0.0064 0.0089 0.0320 0.0421 0.0468 0.0772 0.7866 
 345 0.0084 0.0113 0.0306 0.0453 0.0564 0.0764 0.7717 
 346 0.0077 0.0112 0.0307 0.0444 0.0483 0.0754 0.7824 
 347 0.0063 0.0083 0.0298 0.0432 0.0495 0.0741 0.7889 
 348 0.0073 0.0166 0.0306 0.0472 0.1730 0.0883 0.6370 
 349 0.0082 0.0114 0.0309 0.0439 0.0571 0.0760 0.7726 
 350 0.0065 0.0079 0.0316 0.0531 0.0773 0.0746 0.7490 
 351 0.0072 0.0217 0.0336 0.0452 0.0986 0.0968 0.6968 
 352 0.0087 0.0349 0.0347 0.0455 0.0919 0.0973 0.6871 
 353 0.0091 0.0127 0.0444 0.0432 0.0703 0.0740 0.7463 
 354 0.0076 0.0096 0.0344 0.0466 0.0488 0.0793 0.7737 
 355 0.0077 0.0120 0.0330 0.0434 0.0458 0.0787 0.7795 
 356 0.0069 0.0161 0.0305 0.0479 0.1947 0.0871 0.6168 
 357 0.0087 0.0633 0.0858 0.0629 0.0752 0.2160 0.4881 
 358 0.0072 0.0262 0.0395 0.0432 0.0721 0.1027 0.7092 
 359 0.0068 0.0093 0.0323 0.0483 0.0489 0.0787 0.7757 
 360 0.0072 0.0116 0.0313 0.0443 0.0477 0.0756 0.7823 
 361 0.0104 0.0612 0.0853 0.0675 0.1039 0.2199 0.4519 
 362 0.0100 0.0563 0.0507 0.2625 0.1097 0.3940 0.1168 
 363 0.0128 0.0259 0.0941 0.1319 0.1125 0.5359 0.0869 
 364 0.0211 0.0148 0.2863 0.0877 0.1127 0.1836 0.2936 
 365 0.0364 0.0552 0.2651 0.0946 0.1121 0.3374 0.0992 
 366 0.0204 0.0307 0.1803 0.1395 0.2876 0.1684 0.1731 
 367 0.0081 0.0268 0.0387 0.0576 0.0633 0.7413 0.0641 
 368 0.0102 0.0148 0.0571 0.2428 0.0785 0.4794 0.1172 
 369 0.0221 0.0153 0.1073 0.1050 0.2714 0.1991 0.2797 
 370 0.0236 0.0176 0.0684 0.3174 0.1008 0.3423 0.1298 
 371 0.0242 0.0141 0.1493 0.2907 0.1163 0.2320 0.1735 
 372 0.0486 0.0244 0.0540 0.4543 0.0814 0.2050 0.1323 
 373 0.0132 0.0125 0.0702 0.0977 0.1028 0.5000 0.2035 
 374 0.0329 0.0385 0.0841 0.1061 0.0926 0.3216 0.3242 
 375 0.0155 0.0189 0.1629 0.1379 0.0715 0.5116 0.0815 
 376 0.0091 0.0271 0.4261 0.0433 0.0795 0.3386 0.0762 
 377 0.0164 0.0634 0.0935 0.2757 0.1151 0.3075 0.1284 
 378 0.0130 0.0128 0.0285 0.0965 0.0767 0.5215 0.2509 
 379 0.0143 0.0266 0.4536 0.0525 0.0899 0.2969 0.0662 
 380 0.0136 0.1483 0.1608 0.0986 0.2134 0.1476 0.2177 
 381 0.0107 0.0148 0.4261 0.0498 0.2350 0.1133 0.1504 
 382 0.0100 0.0161 0.1089 0.0851 0.0588 0.6223 0.0988 
 383 0.0170 0.2141 0.2430 0.1267 0.0771 0.1288 0.1933 
 384 0.0259 0.0294 0.3919 0.0941 0.0773 0.2341 0.1474 
 385 0.3229 0.0141 0.0941 0.0791 0.0540 0.1933 0.2425 
 386 0.0084 0.0214 0.0548 0.0768 0.0841 0.6695 0.0850 
 387 0.0102 0.0196 0.0907 0.0685 0.1063 0.5968 0.1077 
 388 0.0429 0.0244 0.1274 0.1368 0.0692 0.3260 0.2734 
 389 0.1614 0.0136 0.0631 0.3153 0.1823 0.1640 0.1004 
 390 0.0208 0.0651 0.0658 0.0785 0.2814 0.4087 0.0797 
 391 0.1092 0.0218 0.0747 0.0991 0.2636 0.2897 0.1419 
 392 0.0075 0.0179 0.1621 0.1051 0.0999 0.4261 0.1814 
 393 0.0096 0.1057 0.1404 0.0589 0.3365 0.1788 0.1702 
 394 0.0071 0.0355 0.0395 0.0988 0.0798 0.4357 0.3037 
 395 0.0079 0.0432 0.0412 0.1832 0.3697 0.2659 0.0888 
 396 0.0084 0.0099 0.0892 0.1000 0.0741 0.6492 0.0691 
 397 0.0076 0.0089 0.3241 0.2564 0.1091 0.1158 0.1780 
 398 0.0074 0.0976 0.1121 0.0509 0.1219 0.5357 0.0744 
 399 0.0185 0.0327 0.0357 0.0973 0.1621 0.5564 0.0972 
 400 0.0106 0.0140 0.0847 0.0497 0.1093 0.5933 0.1384 
 401 0.0092 0.0135 0.0284 0.0644 0.2231 0.5287 0.1327 
 402 0.0118 0.0127 0.1069 0.1149 0.2267 0.3828 0.1442 
 403 0.0295 0.0209 0.0876 0.1062 0.1054 0.2330 0.4175 
 404 0.0181 0.0117 0.1934 0.1773 0.1209 0.3156 0.1631 
 405 0.0091 0.0433 0.0934 0.1647 0.1743 0.3631 0.1521 
 406 0.0084 0.2078 0.0413 0.0853 0.3839 0.1115 0.1619 
 407 0.0087 0.1044 0.1051 0.0742 0.1125 0.5218 0.0732 
 408 0.0076 0.0088 0.0258 0.1399 0.3099 0.4449 0.0632 
 409 0.0144 0.0497 0.0433 0.0553 0.4472 0.1535 0.2366 
 410 0.0134 0.0401 0.1875 0.0775 0.1274 0.4172 0.1370 
 411 0.0086 0.0149 0.2302 0.0623 0.1606 0.3256 0.1978 
 412 0.0098 0.0140 0.0544 0.1840 0.0649 0.5655 0.1073 
 413 0.0078 0.0125 0.0361 0.1589 0.0684 0.4922 0.2241 
 414 0.0204 0.0096 0.0705 0.1937 0.0685 0.5649 0.0723 
 415 0.0106 0.0292 0.1504 0.0700 0.2183 0.4201 0.1014 
 416 0.0254 0.0140 0.0778 0.0790 0.2063 0.4386 0.1590 
 417 0.0080 0.1799 0.0642 0.0778 0.0892 0.4918 0.0891 
 418 0.0073 0.0116 0.0635 0.0856 0.0617 0.6918 0.0784 
 419 0.0300 0.0240 0.0811 0.0897 0.2177 0.3153 0.2423 
 420 0.0082 0.0109 0.0286 0.0571 0.3644 0.4531 0.0777 
 421 0.0083 0.0511 0.0484 0.1200 0.1003 0.5733 0.0985 
 422 0.0092 0.0675 0.0515 0.2445 0.3040 0.2231 0.1003 
 423 0.0092 0.0337 0.2002 0.1439 0.1286 0.3634 0.1210 
 424 0.0247 0.0469 0.0502 0.0620 0.2388 0.4451 0.1323 
 425 0.0667 0.0197 0.2497 0.1172 0.1008 0.2839 0.1620 
 426 0.0465 0.0640 0.1145 0.0838 0.0918 0.4295 0.1699 
 427 0.0078 0.1305 0.0418 0.0475 0.0982 0.4929 0.1813 
 428 0.0100 0.1719 0.0533 0.1236 0.2330 0.1823 0.2259 
 429 0.0070 0.0231 0.0974 0.0580 0.0602 0.6897 0.0645 
 430 0.0090 0.1571 0.0673 0.0947 0.1669 0.4192 0.0859 
 431 0.0194 0.0276 0.0723 0.2414 0.0906 0.4072 0.1415 
 432 0.0091 0.0136 0.0508 0.1638 0.0902 0.5417 0.1308 
 433 0.0105 0.0108 0.0709 0.1740 0.1419 0.2105 0.3814 
 434 0.0144 0.0147 0.1257 0.1580 0.1423 0.3357 0.2092 
 435 0.0065 0.2748 0.0440 0.0544 0.1142 0.4356 0.0705 
 436 0.0099 0.3319 0.0794 0.0320 0.1160 0.3160 0.1148 
 437 0.0069 0.0314 0.4145 0.0759 0.0821 0.3085 0.0808 
 438 0.0078 0.1947 0.0334 0.0430 0.4114 0.1994 0.1103 
 439 0.0086 0.3169 0.0605 0.0406 0.1352 0.3356 0.1027 
 440 0.0086 0.3190 0.0578 0.0496 0.0924 0.4141 0.0585 
 441 0.0099 0.0780 0.0772 0.0586 0.1574 0.4486 0.1703 
 442 0.0241 0.0134 0.1201 0.0612 0.1516 0.5441 0.0854 
 443 0.0105 0.0321 0.0380 0.0494 0.2915 0.5123 0.0662 
 444 0.0227 0.0297 0.1422 0.0572 0.1852 0.4811 0.0819 
 445 0.0086 0.0343 0.1367 0.0488 0.4755 0.1567 0.1393 
 446 0.0086 0.1536 0.1060 0.0358 0.1178 0.4988 0.0793 
 447 0.0343 0.2111 0.0601 0.0519 0.2422 0.2573 0.1431 
 448 0.0084 0.0584 0.1044 0.0695 0.1424 0.5263 0.0905 
 449 0.0089 0.0624 0.1383 0.0782 0.1778 0.3945 0.1399 
 450 0.0106 0.0169 0.3255 0.0479 0.0870 0.3648 0.1474 
 451 0.0097 0.0215 0.0487 0.0829 0.0989 0.6772 0.0610 
 452 0.0081 0.0336 0.1690 0.0532 0.0811 0.5085 0.1465 
 453 0.0106 0.0125 0.0346 0.0587 0.6317 0.1597 0.0922 
 454 0.0083 0.1013 0.0870 0.0782 0.0955 0.4783 0.1515 
 455 0.0078 0.3089 0.0468 0.0385 0.2561 0.2701 0.0718 
 456 0.0101 0.0610 0.1083 0.0554 0.2955 0.3995 0.0703 
 457 0.0076 0.0914 0.2967 0.0576 0.1043 0.3508 0.0917 
 458 0.0098 0.0826 0.1717 0.0475 0.1682 0.4219 0.0983 
 459 0.0086 0.0711 0.0485 0.0351 0.2142 0.4589 0.1637 
 460 0.0077 0.0512 0.0436 0.0381 0.1298 0.6530 0.0765 
 461 0.0077 0.0152 0.0528 0.0370 0.0707 0.7387 0.0780 
 462 0.0466 0.0237 0.1419 0.1004 0.2458 0.3860 0.0556 
 463 0.0077 0.1571 0.0385 0.0735 0.4994 0.1319 0.0919 
 464 0.0066 0.0486 0.0381 0.0429 0.2276 0.5647 0.0715 
 465 0.0086 0.0274 0.0540 0.0643 0.2474 0.5077 0.0904 
 466 0.0070 0.0416 0.0395 0.0575 0.4377 0.3464 0.0704 
 467 0.0103 0.0293 0.0575 0.0879 0.3348 0.3701 0.1101 
 468 0.0074 0.3390 0.1385 0.0539 0.1917 0.1984 0.0710 
 469 0.0083 0.5690 0.0381 0.0348 0.0883 0.1852 0.0764 
 470 0.0063 0.3512 0.0364 0.0424 0.0929 0.3994 0.0715 
 471 0.0187 0.0177 0.0826 0.0995 0.3020 0.3952 0.0844 
 472 0.0113 0.0178 0.1071 0.0715 0.3239 0.3815 0.0870 
 473 0.0084 0.0773 0.1085 0.1170 0.1537 0.3981 0.1371 
 474 0.0082 0.0277 0.1333 0.0592 0.1787 0.4515 0.1414 
 475 0.0081 0.0288 0.0549 0.0630 0.2231 0.4723 0.1497 
 476 0.0079 0.0318 0.2470 0.0431 0.1818 0.3985 0.0899 
 477 0.0162 0.0328 0.0544 0.0433 0.2304 0.4990 0.1239 
 478 0.0159 0.0209 0.0349 0.0406 0.0866 0.7306 0.0705 
 479 0.0078 0.1125 0.0749 0.0414 0.0884 0.6028 0.0721 
 480 0.0070 0.1098 0.2382 0.0441 0.0789 0.4372 0.0849 
 481 0.0189 0.0183 0.1347 0.1726 0.1632 0.4058 0.0865 
 482 0.0066 0.0350 0.1168 0.0410 0.0662 0.6623 0.0722 
 483 0.0079 0.3861 0.0559 0.0420 0.1118 0.2992 0.0973 
 484 0.0103 0.2225 0.0478 0.0600 0.3951 0.1768 0.0875 
 485 0.0068 0.5895 0.0339 0.0383 0.0793 0.1838 0.0684 
 486 0.0673 0.0120 0.0939 0.1869 0.2108 0.2956 0.1335 
 487 0.0406 0.0141 0.1971 0.0937 0.1722 0.2387 0.2435 
 488 0.0937 0.0147 0.0913 0.1750 0.1275 0.3115 0.1863 
 489 0.0256 0.0088 0.2396 0.1454 0.1874 0.1489 0.2444 
 490 0.0190 0.0124 0.0733 0.0844 0.2208 0.5147 0.0754 
 491 0.0724 0.0104 0.0710 0.3055 0.1301 0.1572 0.2534 
 492 0.0381 0.0105 0.0515 0.0822 0.2472 0.2599 0.3106 
 493 0.1149 0.0094 0.1884 0.2451 0.1199 0.1841 0.1382 
 494 0.0434 0.0157 0.1787 0.1856 0.1877 0.1887 0.2003 
 495 0.1493 0.0117 0.0969 0.0555 0.1868 0.2793 0.2204 
 496 0.0083 0.0124 0.0539 0.1402 0.2126 0.1694 0.4031 
 497 0.1727 0.0105 0.1134 0.2499 0.0702 0.1445 0.2389 
 498 0.1479 0.0138 0.0835 0.1301 0.1733 0.3133 0.1381 
 499 0.0260 0.0113 0.1589 0.1206 0.1333 0.1452 0.4047 
 500 0.0145 0.0161 0.3310 0.2414 0.1075 0.1630 0.1263 
 501 0.0132 0.0134 0.1624 0.1169 0.1317 0.2694 0.2930 
 502 0.0307 0.0121 0.0829 0.0853 0.1085 0.3369 0.3435 
 503 0.0098 0.0176 0.2959 0.1353 0.1155 0.3234 0.1026 
 504 0.0894 0.0133 0.0504 0.0824 0.2005 0.4499 0.1142 
 505 0.0294 0.0128 0.0788 0.2259 0.3151 0.1576 0.1805 
 506 0.0426 0.0095 0.0602 0.1397 0.1170 0.3227 0.3082 
 507 0.0075 0.0084 0.0393 0.0955 0.1543 0.0833 0.6116 
 508 0.0189 0.0085 0.0492 0.0917 0.1787 0.1000 0.5530 
 509 0.0165 0.0121 0.0602 0.2459 0.2169 0.1494 0.2989 
 510 0.0134 0.0083 0.3090 0.0860 0.1098 0.1583 0.3152 
 511 0.0289 0.0345 0.1259 0.1377 0.1765 0.3740 0.1224 
 512 0.0174 0.0151 0.1851 0.1052 0.0784 0.5154 0.0834 
 513 0.5569 0.0071 0.0250 0.1103 0.0942 0.0938 0.1126 
 514 0.0116 0.0111 0.0418 0.1181 0.1260 0.5242 0.1672 
 515 0.0129 0.0505 0.1360 0.0868 0.2280 0.2449 0.2409 
 516 0.0158 0.0147 0.0453 0.1842 0.2927 0.3120 0.1353 
 517 0.0089 0.0320 0.0440 0.0879 0.3143 0.2771 0.2359 
 518 0.0102 0.0081 0.2998 0.1783 0.0721 0.1531 0.2783 
 519 0.0163 0.0162 0.0401 0.0756 0.1685 0.5152 0.1681 
 520 0.0084 0.1697 0.0434 0.0770 0.2561 0.1094 0.3361 
 521 0.0099 0.0096 0.0360 0.2014 0.1244 0.2368 0.3818 
 522 0.0120 0.0232 0.2557 0.0844 0.2696 0.2464 0.1088 
 523 0.0091 0.0200 0.0329 0.0730 0.4398 0.1667 0.2586 
 524 0.0078 0.2505 0.0461 0.1281 0.1644 0.2236 0.1795 
 525 0.0083 0.0332 0.2366 0.1019 0.1700 0.1427 0.3073 
 526 0.0069 0.2691 0.0327 0.0861 0.3759 0.0992 0.1300 
 527 0.0190 0.0091 0.3343 0.0852 0.0986 0.3371 0.1167 
 528 0.0082 0.0078 0.0389 0.2122 0.1134 0.1238 0.4957 
 529 0.0167 0.0094 0.1259 0.3648 0.1031 0.1941 0.1859 
 530 0.0167 0.0196 0.1982 0.0760 0.2785 0.2455 0.1653 
 531 0.0100 0.0291 0.0633 0.0617 0.1872 0.2091 0.4395 
 532 0.0142 0.0088 0.1557 0.1532 0.1310 0.2085 0.3287 
 533 0.0100 0.0236 0.2480 0.1831 0.1933 0.1964 0.1455 
 534 0.0326 0.0098 0.0833 0.2701 0.2670 0.1333 0.2040 
 535 0.0075 0.0236 0.0363 0.0730 0.4928 0.2442 0.1226 
 536 0.0114 0.0357 0.0688 0.1500 0.3441 0.1745 0.2154 
 537 0.0142 0.0108 0.0575 0.0978 0.3965 0.1268 0.2965 
 538 0.0092 0.0185 0.0472 0.2179 0.2968 0.1615 0.2488 
 539 0.0094 0.0072 0.0447 0.1215 0.1194 0.0972 0.6006 
 540 0.0106 0.0306 0.0614 0.2244 0.2569 0.1477 0.2685 
 541 0.0149 0.0144 0.0686 0.1206 0.1970 0.1494 0.4350 
 542 0.0138 0.0208 0.0491 0.1307 0.5744 0.1203 0.0908 
 543 0.0189 0.0299 0.0308 0.1318 0.3487 0.2022 0.2378 
 544 0.0089 0.0149 0.0389 0.0792 0.5900 0.1287 0.1394 
 545 0.0112 0.0523 0.0367 0.0671 0.6256 0.1349 0.0722 
 546 0.0212 0.0104 0.0483 0.2154 0.3940 0.1324 0.1783 
 547 0.0096 0.0193 0.0288 0.0492 0.6333 0.1078 0.1520 
 548 0.0095 0.0085 0.0438 0.4731 0.0749 0.1108 0.2794 
 549 0.0093 0.0448 0.0481 0.0470 0.3867 0.1120 0.3521 
 550 0.0122 0.0958 0.0353 0.0589 0.4500 0.2421 0.1057 
 551 0.0098 0.0182 0.0527 0.0544 0.2074 0.1445 0.5130 
 552 0.0091 0.0102 0.0630 0.2702 0.2883 0.1140 0.2452 
 553 0.0164 0.0171 0.0284 0.0934 0.5059 0.1106 0.2283 
 554 0.0145 0.0183 0.1208 0.2059 0.2070 0.2218 0.2118 
 555 0.0347 0.0129 0.0478 0.1297 0.2367 0.1414 0.3968 
 556 0.0105 0.0101 0.0484 0.2043 0.3508 0.1608 0.2150 
 557 0.0102 0.0837 0.0394 0.0572 0.4396 0.2265 0.1434 
 558 0.0068 0.0438 0.1187 0.0351 0.0630 0.6572 0.0754 
 559 0.0098 0.0098 0.0475 0.3718 0.1248 0.3274 0.1089 
 560 0.0130 0.0440 0.0315 0.0700 0.0925 0.6932 0.0558 
 561 0.0134 0.0227 0.0615 0.0869 0.1671 0.5731 0.0754 
 562 0.0164 0.0272 0.0729 0.1427 0.1373 0.5475 0.0559 
 563 0.0226 0.0195 0.0399 0.0383 0.1938 0.4578 0.2281 
 564 0.0103 0.0231 0.0599 0.4765 0.1389 0.1858 0.1055 
 565 0.0080 0.1898 0.1396 0.0604 0.1062 0.4058 0.0903 
 566 0.0085 0.0292 0.0462 0.0510 0.0764 0.7299 0.0588 
 567 0.0133 0.0178 0.0643 0.5005 0.1095 0.2198 0.0748 
 568 0.0070 0.0244 0.0422 0.1515 0.2104 0.4530 0.1115 
 569 0.0096 0.0366 0.1148 0.0889 0.2038 0.4276 0.1188 
 570 0.0068 0.0376 0.2465 0.0650 0.0577 0.5231 0.0633 
 571 0.0080 0.0290 0.0334 0.1019 0.0811 0.6532 0.0934 
 572 0.0179 0.0333 0.0575 0.0876 0.3784 0.1848 0.2405 
 573 0.0083 0.2196 0.0389 0.3851 0.0828 0.1560 0.1093 
 574 0.0123 0.0375 0.2077 0.0856 0.1174 0.3066 0.2330 
 575 0.0078 0.0152 0.0403 0.1038 0.1513 0.4938 0.1877 
 576 0.0154 0.0268 0.0494 0.0598 0.0615 0.7269 0.0603 
 577 0.0117 0.0174 0.1713 0.0838 0.1092 0.3897 0.2170 
 578 0.0163 0.0501 0.0508 0.0971 0.0925 0.5994 0.0938 
 579 0.0240 0.0254 0.0671 0.1810 0.1150 0.5017 0.0859 
 580 0.0092 0.0396 0.1357 0.0857 0.0940 0.4982 0.1376 
 581 0.0084 0.0409 0.0700 0.0645 0.0843 0.6228 0.1090 
 582 0.0075 0.0417 0.1148 0.0578 0.1516 0.5593 0.0674 
 583 0.0115 0.0251 0.1187 0.1078 0.0729 0.5699 0.0941 
 584 0.0095 0.0201 0.0658 0.0564 0.0679 0.7085 0.0717 
 585 0.0160 0.0302 0.0571 0.0763 0.0932 0.6481 0.0791 
 586 0.0095 0.0109 0.0342 0.1278 0.1303 0.5784 0.1089 
 587 0.0115 0.0118 0.1893 0.1705 0.1670 0.3833 0.0667 
 588 0.0154 0.0077 0.0290 0.5853 0.1881 0.0942 0.0803 
 589 0.0093 0.1428 0.1080 0.0910 0.2209 0.3534 0.0746 
 590 0.0159 0.0093 0.0670 0.1914 0.0959 0.5336 0.0870 
 591 0.0084 0.0135 0.0358 0.1025 0.0813 0.6543 0.1042 
 592 0.0080 0.0248 0.0442 0.2055 0.2487 0.3967 0.0721 
 593 0.0077 0.0425 0.0452 0.1540 0.1252 0.4883 0.1372 
 594 0.0187 0.0188 0.0970 0.1644 0.0997 0.3830 0.2186 
 595 0.0474 0.0112 0.2126 0.1769 0.0624 0.4235 0.0660 
 596 0.0133 0.1421 0.0534 0.3070 0.1734 0.1909 0.1200 
 597 0.0122 0.0237 0.0306 0.0840 0.1136 0.4650 0.2710 
 598 0.0070 0.0594 0.3106 0.0421 0.0625 0.4492 0.0692 
 599 0.0070 0.0183 0.0544 0.1190 0.1555 0.5846 0.0612 
 600 0.0109 0.0335 0.1190 0.0916 0.1788 0.4091 0.1571 
 601 0.0081 0.0180 0.0509 0.0754 0.1554 0.6286 0.0635 
 602 0.0165 0.0160 0.0641 0.2779 0.1049 0.2873 0.2333 
 603 0.0119 0.0121 0.0585 0.3347 0.1086 0.2709 0.2034 
 604 0.0250 0.1309 0.1479 0.1445 0.1428 0.2402 0.1687 
 605 0.0136 0.0269 0.0645 0.1552 0.1802 0.4481 0.1116 
 606 0.0113 0.0190 0.1264 0.2636 0.1686 0.2035 0.2076 
 607 0.0134 0.0284 0.1012 0.1524 0.0692 0.3260 0.3093 
 608 0.0070 0.0226 0.0436 0.0632 0.0915 0.2887 0.4832 
 609 0.0130 0.0282 0.1443 0.0596 0.1724 0.4402 0.1423 
 610 0.0122 0.2857 0.0699 0.0956 0.2309 0.1990 0.1067 
 611 0.0111 0.0140 0.0579 0.1468 0.2301 0.3066 0.2335 
 612 0.0099 0.1375 0.2052 0.0562 0.2136 0.2817 0.0959 
 613 0.0147 0.0305 0.2343 0.1216 0.1955 0.2667 0.1367 
 614 0.0139 0.0230 0.5129 0.0828 0.0818 0.2071 0.0786 
 615 0.0092 0.0892 0.2641 0.1232 0.1611 0.2015 0.1518 
 616 0.0101 0.0124 0.1264 0.1727 0.0693 0.3853 0.2238 
 617 0.0774 0.0330 0.2752 0.1097 0.1436 0.2729 0.0882 
 618 0.0258 0.1728 0.0914 0.1289 0.1549 0.1788 0.2473 
 619 0.0074 0.0368 0.0509 0.1332 0.2079 0.3705 0.1933 
 620 0.0089 0.0218 0.0335 0.3155 0.1913 0.3726 0.0563 
 621 0.0101 0.0202 0.0766 0.0565 0.0676 0.6767 0.0924 
 622 0.0752 0.0680 0.1648 0.2425 0.1279 0.1750 0.1467 
 623 0.0103 0.0239 0.0606 0.1952 0.1211 0.4910 0.0979 
 624 0.0093 0.1101 0.0813 0.0818 0.1300 0.3002 0.2873 
 625 0.0367 0.0342 0.2941 0.0890 0.0789 0.2604 0.2067 
 626 0.0090 0.0526 0.0880 0.0682 0.3436 0.0909 0.3477 
 627 0.0137 0.0165 0.0819 0.1776 0.1528 0.4268 0.1308 
 628 0.0216 0.0147 0.0610 0.3122 0.0893 0.3784 0.1228 
 629 0.0139 0.0123 0.1694 0.1759 0.1137 0.3585 0.1563 
 630 0.0154 0.0338 0.1570 0.1015 0.1296 0.4309 0.1319 
 631 0.0095 0.0204 0.1534 0.2248 0.0776 0.3813 0.1330 
 632 0.0140 0.0155 0.0788 0.2708 0.1615 0.1572 0.3021 
 633 0.0168 0.0531 0.1031 0.1024 0.0918 0.4134 0.2193 
 634 0.0090 0.0191 0.0753 0.2035 0.1351 0.2909 0.2671 
 635 0.0084 0.0190 0.1105 0.1074 0.1170 0.1611 0.4766 
 636 0.0085 0.0229 0.1114 0.0807 0.1302 0.3528 0.2935 
 637 0.0132 0.0155 0.0725 0.1026 0.4811 0.1722 0.1428 
 638 0.0107 0.0171 0.1238 0.2161 0.0930 0.3292 0.2101 
 639 0.0175 0.0437 0.1951 0.1634 0.0974 0.2965 0.1864 
 640 0.0222 0.0149 0.0535 0.0943 0.0618 0.6251 0.1282 
 641 0.0132 0.0162 0.1883 0.2553 0.0885 0.2897 0.1489 
 642 0.0090 0.0139 0.0433 0.0882 0.2464 0.1522 0.4471 
 643 0.0087 0.0087 0.0350 0.0707 0.0996 0.1492 0.6282 
 644 0.0103 0.0108 0.0386 0.0900 0.1166 0.1932 0.5405 
 645 0.0140 0.1391 0.0648 0.0687 0.1258 0.0897 0.4979 
 646 0.0254 0.0121 0.0446 0.1946 0.2691 0.2511 0.2031 
 647 0.0319 0.0087 0.0425 0.1211 0.1999 0.2070 0.3889 
 648 0.0367 0.0128 0.2017 0.2069 0.1736 0.1103 0.2580 
 649 0.0118 0.0108 0.0343 0.3988 0.2029 0.1337 0.2076 
 650 0.0116 0.0111 0.0370 0.2167 0.2359 0.2276 0.2602 
 651 0.0386 0.0087 0.0658 0.2996 0.0634 0.1667 0.3572 
 652 0.0087 0.0100 0.0363 0.1073 0.1029 0.1730 0.5617 
 653 0.0275 0.0171 0.1290 0.1085 0.1941 0.1168 0.4071 
 654 0.0270 0.0104 0.0511 0.1109 0.2792 0.1215 0.3998 
 655 0.0081 0.0115 0.0275 0.0742 0.1000 0.2880 0.4907 
 656 0.0387 0.0160 0.0617 0.1743 0.2574 0.1418 0.3101 
 657 0.0105 0.0179 0.1940 0.1076 0.1198 0.2493 0.3008 
 658 0.0083 0.0201 0.0500 0.1073 0.2150 0.3135 0.2857 
 659 0.0166 0.0151 0.0718 0.0871 0.2217 0.1503 0.4374 
 660 0.0083 0.0090 0.0491 0.1823 0.1556 0.1140 0.4817 
 661 0.0117 0.0166 0.0448 0.0925 0.2667 0.1195 0.4482 
 662 0.0165 0.0108 0.0296 0.3933 0.2626 0.1271 0.1602 
 663 0.0076 0.0094 0.0488 0.2537 0.0937 0.1429 0.4439 
 664 0.0111 0.0228 0.0366 0.0779 0.2394 0.3207 0.2915 
 665 0.0096 0.0080 0.0360 0.3959 0.2042 0.1269 0.2194 
 666 0.0082 0.0133 0.0412 0.1751 0.1898 0.1505 0.4219 
 667 0.1334 0.0148 0.0505 0.1799 0.1545 0.2651 0.2017 
 668 0.0094 0.0136 0.0413 0.1167 0.1802 0.2185 0.4204 
 669 0.0122 0.0101 0.0966 0.3369 0.1438 0.1273 0.2730 
 670 0.0064 0.0092 0.0336 0.1014 0.0834 0.0819 0.6842 
 671 0.0079 0.0094 0.0334 0.1309 0.1412 0.1203 0.5570 
 672 0.0072 0.0261 0.0285 0.0419 0.1300 0.1734 0.5927 
 673 0.0069 0.0094 0.0447 0.0452 0.0518 0.0765 0.7655 
 674 0.0095 0.0104 0.0547 0.0784 0.1153 0.1064 0.6252 
 675 0.0266 0.0098 0.0317 0.0480 0.0679 0.1212 0.6947 
 676 0.0069 0.0087 0.0328 0.0428 0.0578 0.0776 0.7734 
 677 0.0072 0.0077 0.0297 0.0824 0.2395 0.0722 0.5614 
 678 0.0080 0.0103 0.0474 0.0485 0.0495 0.0799 0.7565 
 679 0.0087 0.0120 0.0591 0.0682 0.0536 0.1129 0.6855 
 680 0.0116 0.0146 0.0456 0.0558 0.0852 0.0993 0.6879 
 681 0.0198 0.0267 0.0793 0.0580 0.3828 0.1328 0.3005 
 682 0.0081 0.0141 0.0434 0.0429 0.0960 0.0990 0.6966 
 683 0.0068 0.0091 0.0313 0.0707 0.0971 0.0767 0.7083 
 684 0.0085 0.0099 0.0459 0.0492 0.0592 0.0810 0.7464 
 685 0.0067 0.0083 0.0304 0.0437 0.0630 0.0746 0.7733 
 686 0.0078 0.0123 0.0407 0.0758 0.2643 0.0936 0.5054 
 687 0.0075 0.0087 0.0314 0.1489 0.1484 0.1092 0.5459 
 688 0.0075 0.0089 0.0312 0.0618 0.0804 0.1141 0.6961 
 689 0.0067 0.0086 0.0309 0.0447 0.0577 0.0735 0.7779 
 690 0.0069 0.0087 0.0325 0.0430 0.0580 0.0775 0.7734 
 691 0.0100 0.0109 0.0534 0.0608 0.0842 0.1074 0.6733 
 692 0.0081 0.0100 0.0499 0.0596 0.0623 0.1113 0.6989 
 693 0.0088 0.0093 0.0329 0.0529 0.0883 0.1430 0.6647 
 694 0.0064 0.0084 0.0269 0.0439 0.0635 0.0705 0.7805 
 695 0.0072 0.0203 0.0333 0.0401 0.1265 0.0941 0.6785 
 696 0.0078 0.0087 0.0315 0.0622 0.0803 0.1127 0.6968 
 697 0.0071 0.0085 0.0332 0.0535 0.0769 0.0745 0.7463 
 698 0.0066 0.0091 0.0320 0.0481 0.0614 0.0786 0.7642 
 699 0.0070 0.0155 0.0287 0.0487 0.2567 0.0845 0.5588 
 700 0.0095 0.0088 0.0328 0.0543 0.2984 0.0947 0.5015 
 701 0.0088 0.0285 0.0946 0.0645 0.1031 0.1075 0.5930 
 702 0.0087 0.0130 0.0374 0.0634 0.1955 0.1309 0.5510 
 703 0.0080 0.0137 0.0422 0.0490 0.1032 0.0992 0.6846 
 704 0.0069 0.0081 0.0286 0.0659 0.1068 0.1046 0.6791 
 705 0.0178 0.0350 0.0508 0.0733 0.3257 0.1121 0.3852 
 706 0.0085 0.0126 0.0423 0.0466 0.1304 0.0906 0.6690 
 707 0.0078 0.0083 0.0451 0.0514 0.1014 0.0735 0.7124 
 708 0.0098 0.0087 0.0314 0.0554 0.0681 0.0795 0.7471 
 709 0.0086 0.0078 0.0297 0.0429 0.1994 0.0813 0.6304 
 710 0.0074 0.0083 0.0294 0.0395 0.0710 0.0739 0.7705 
 711 0.0082 0.0110 0.0382 0.0584 0.2026 0.0860 0.5957 
 712 0.0100 0.0076 0.0265 0.0620 0.1730 0.0710 0.6500 
 713 0.0078 0.0081 0.0289 0.0644 0.0883 0.1073 0.6953 
 714 0.0160 0.0118 0.0574 0.0791 0.0736 0.1155 0.6465 
 715 0.0070 0.0075 0.0276 0.0473 0.1322 0.0704 0.7080 
 716 0.0079 0.0127 0.0387 0.0395 0.1275 0.0915 0.6823 
 717 0.0064 0.0081 0.0281 0.0396 0.0918 0.0701 0.7559 
 718 0.0118 0.0131 0.0396 0.0726 0.1412 0.0947 0.6270 
 719 0.0083 0.0081 0.0284 0.0507 0.1210 0.0733 0.7102 
 720 0.0121 0.0162 0.1015 0.1546 0.0820 0.5340 0.0996 
 721 0.0112 0.0198 0.1052 0.0714 0.0927 0.1799 0.5198 
 722 0.0124 0.0291 0.2362 0.0958 0.1446 0.3272 0.1547 
 723 0.0089 0.0152 0.4217 0.1158 0.0620 0.2417 0.1348 
 724 0.0086 0.0119 0.3258 0.0823 0.0607 0.2757 0.2352 
 725 0.0091 0.0099 0.0848 0.2289 0.0881 0.2851 0.2942 
 726 0.0086 0.0165 0.2975 0.1565 0.1115 0.2331 0.1762 
 727 0.0098 0.0201 0.1280 0.1081 0.2355 0.1938 0.3047 
