   1 0.0592 0.0187 0.0467 0.1673 0.3195 0.3885 
   2 0.0139 0.0242 0.6144 0.1343 0.1153 0.0978 
   3 0.0469 0.0087 0.0625 0.1220 0.4776 0.2823 
   4 0.0286 0.0142 0.0508 0.1333 0.1217 0.6514 
   5 0.0190 0.0781 0.3601 0.2213 0.1978 0.1237 
   6 0.0159 0.0096 0.0662 0.1252 0.6713 0.1118 
   7 0.0136 0.0196 0.0353 0.4850 0.3348 0.1117 
   8 0.0258 0.0154 0.0448 0.1615 0.3332 0.4193 
   9 0.0260 0.0280 0.2074 0.1790 0.3439 0.2157 
  10 0.0138 0.0197 0.0491 0.2232 0.4063 0.2878 
  11 0.0141 0.0186 0.0372 0.5122 0.3038 0.1141 
  12 0.0211 0.0340 0.3430 0.2400 0.1923 0.1696 
  13 0.0239 0.0328 0.1255 0.3088 0.3104 0.1986 
  14 0.0605 0.0144 0.2601 0.1439 0.2566 0.2645 
  15 0.0261 0.0181 0.0942 0.2348 0.2231 0.4037 
  16 0.0288 0.0203 0.0411 0.1771 0.5620 0.1707 
  17 0.0429 0.0424 0.0994 0.1908 0.4487 0.1758 
  18 0.0259 0.0163 0.2387 0.1024 0.4122 0.2045 
  19 0.0147 0.0151 0.0999 0.1744 0.5522 0.1438 
  20 0.0269 0.0295 0.1019 0.3440 0.2953 0.2023 
  21 0.0423 0.0154 0.1464 0.1479 0.2302 0.4178 
  22 0.0237 0.0132 0.0665 0.1198 0.5818 0.1951 
  23 0.0697 0.0476 0.1442 0.1454 0.1761 0.4170 
  24 0.0288 0.0169 0.0561 0.1552 0.3800 0.3631 
  25 0.0210 0.0256 0.0876 0.3423 0.4361 0.0874 
  26 0.0250 0.0251 0.1066 0.1608 0.4068 0.2757 
  27 0.0510 0.0368 0.0713 0.1936 0.4109 0.2364 
  28 0.0206 0.0128 0.0740 0.2103 0.2440 0.4382 
  29 0.0259 0.0290 0.1263 0.4305 0.2068 0.1815 
  30 0.0337 0.0144 0.0908 0.1131 0.5884 0.1596 
  31 0.0402 0.0332 0.1131 0.3038 0.2280 0.2816 
  32 0.0247 0.0127 0.1642 0.1408 0.3499 0.3076 
  33 0.0415 0.0115 0.0610 0.1969 0.3970 0.2922 
  34 0.0188 0.0578 0.0375 0.2940 0.4281 0.1639 
  35 0.1048 0.0568 0.1948 0.1548 0.3351 0.1538 
  36 0.3258 0.0110 0.0773 0.1240 0.3038 0.1581 
  37 0.0330 0.0117 0.1721 0.2131 0.1871 0.3830 
  38 0.0775 0.0256 0.0677 0.1700 0.5666 0.0927 
  39 0.0835 0.0256 0.0950 0.2510 0.4028 0.1422 
  40 0.2570 0.0175 0.1159 0.0911 0.2368 0.2817 
  41 0.3777 0.0261 0.0442 0.1680 0.2791 0.1049 
  42 0.2087 0.0179 0.0375 0.1127 0.1848 0.4383 
  43 0.2552 0.0180 0.1242 0.2344 0.1317 0.2364 
  44 0.4259 0.0131 0.0949 0.1330 0.2414 0.0918 
  45 0.1956 0.0276 0.1992 0.1764 0.3003 0.1010 
  46 0.0748 0.0225 0.1207 0.2382 0.4130 0.1308 
  47 0.0402 0.0325 0.1485 0.2071 0.3650 0.2068 
  48 0.4039 0.0235 0.1573 0.0794 0.2345 0.1013 
  49 0.1108 0.0474 0.0949 0.2330 0.3199 0.1939 
  50 0.0389 0.0210 0.0835 0.2989 0.3976 0.1602 
  51 0.6725 0.0100 0.0481 0.0841 0.1034 0.0818 
  52 0.0899 0.0324 0.0472 0.2696 0.3702 0.1908 
  53 0.0487 0.0124 0.0505 0.1482 0.5734 0.1668 
  54 0.0485 0.0312 0.4311 0.1746 0.1330 0.1816 
  55 0.1992 0.0218 0.3455 0.1513 0.1253 0.1569 
  56 0.1171 0.0510 0.1935 0.0933 0.3491 0.1960 
  57 0.0159 0.0432 0.0587 0.1992 0.3273 0.3556 
  58 0.1480 0.0305 0.1722 0.2082 0.2437 0.1974 
  59 0.1495 0.0740 0.0942 0.1656 0.3649 0.1517 
  60 0.3104 0.0096 0.0931 0.1245 0.1688 0.2936 
  61 0.1576 0.0158 0.4289 0.1315 0.0756 0.1907 
  62 0.0245 0.2299 0.1425 0.1522 0.3107 0.1404 
  63 0.0781 0.0133 0.1129 0.3393 0.1809 0.2756 
  64 0.0202 0.0219 0.1067 0.1297 0.6194 0.1021 
  65 0.0206 0.0182 0.1226 0.5811 0.1756 0.0819 
  66 0.0293 0.0146 0.2937 0.2486 0.1260 0.2878 
  67 0.1720 0.0200 0.3784 0.1931 0.1141 0.1223 
  68 0.1733 0.0528 0.0876 0.1638 0.3364 0.1861 
  69 0.1100 0.0796 0.0521 0.1579 0.3887 0.2118 
  70 0.3032 0.0109 0.0441 0.2372 0.1809 0.2236 
  71 0.3080 0.0474 0.1158 0.1821 0.2646 0.0820 
  72 0.1085 0.0100 0.0751 0.2216 0.4478 0.1371 
  73 0.1278 0.0623 0.3146 0.2380 0.1471 0.1102 
  74 0.1954 0.0115 0.0790 0.1029 0.3430 0.2683 
  75 0.2082 0.0172 0.0886 0.0778 0.2104 0.3979 
  76 0.1242 0.0100 0.1472 0.4164 0.1459 0.1562 
  77 0.3083 0.0294 0.0744 0.2183 0.2731 0.0964 
  78 0.2641 0.0329 0.0673 0.1579 0.3734 0.1045 
  79 0.0124 0.0156 0.0941 0.4636 0.2843 0.1299 
  80 0.0148 0.0106 0.1008 0.1840 0.1341 0.5558 
  81 0.0119 0.0093 0.1205 0.2499 0.1836 0.4248 
  82 0.0427 0.0314 0.1452 0.3597 0.1327 0.2883 
  83 0.0243 0.0088 0.1218 0.2379 0.2690 0.3382 
  84 0.0155 0.0094 0.0896 0.3603 0.2104 0.3148 
  85 0.0203 0.0104 0.0951 0.1654 0.3232 0.3857 
  86 0.0437 0.0274 0.4108 0.2114 0.1938 0.1129 
  87 0.0236 0.0119 0.0690 0.5687 0.1813 0.1455 
  88 0.0158 0.0115 0.0908 0.3142 0.1386 0.4292 
  89 0.0140 0.0096 0.1537 0.2319 0.1374 0.4534 
  90 0.0137 0.0121 0.0914 0.5960 0.1366 0.1502 
  91 0.0229 0.0083 0.0632 0.1404 0.2094 0.5557 
  92 0.0153 0.0140 0.1190 0.4097 0.2109 0.2311 
  93 0.0146 0.0098 0.0471 0.0865 0.0914 0.7506 
  94 0.0286 0.0086 0.0369 0.5545 0.2547 0.1167 
  95 0.0147 0.0099 0.0765 0.5076 0.1017 0.2896 
  96 0.1773 0.0136 0.2201 0.1610 0.0808 0.3472 
  97 0.1233 0.0171 0.1314 0.0962 0.2795 0.3526 
  98 0.1221 0.0222 0.1839 0.1897 0.2459 0.2361 
  99 0.0131 0.0099 0.1225 0.4078 0.1739 0.2728 
 100 0.0182 0.0131 0.2198 0.0869 0.0787 0.5833 
 101 0.0327 0.0125 0.0935 0.4466 0.1627 0.2519 
 102 0.0531 0.0218 0.0560 0.2754 0.1430 0.4507 
 103 0.0188 0.0130 0.4288 0.2722 0.0960 0.1713 
 104 0.0212 0.0152 0.0750 0.6148 0.1169 0.1569 
 105 0.0227 0.0381 0.1138 0.5072 0.0882 0.2302 
 106 0.0239 0.0111 0.0514 0.5833 0.2652 0.0650 
 107 0.0218 0.0197 0.2222 0.4583 0.0961 0.1818 
 108 0.1638 0.0108 0.3967 0.1095 0.2227 0.0965 
 109 0.0380 0.1686 0.0817 0.3548 0.2872 0.0697 
 110 0.0188 0.0121 0.0407 0.6170 0.2354 0.0759 
 111 0.0179 0.0317 0.0852 0.6872 0.0857 0.0923 
 112 0.0339 0.1936 0.0375 0.5268 0.1311 0.0771 
 113 0.0362 0.0175 0.3782 0.1907 0.2160 0.1615 
 114 0.0173 0.0280 0.0806 0.5766 0.1087 0.1887 
 115 0.0878 0.0496 0.0615 0.5464 0.1242 0.1305 
 116 0.0955 0.0194 0.0822 0.4250 0.3040 0.0740 
 117 0.0324 0.0357 0.0358 0.5913 0.2007 0.1042 
 118 0.0218 0.0454 0.4238 0.3068 0.1116 0.0907 
 119 0.2310 0.0090 0.0972 0.2088 0.1119 0.3422 
 120 0.0362 0.0738 0.0881 0.5262 0.1326 0.1430 
 121 0.1657 0.0823 0.0544 0.4742 0.1277 0.0957 
 122 0.0196 0.0227 0.0754 0.5416 0.2468 0.0938 
 123 0.0283 0.0146 0.0913 0.5982 0.1436 0.1240 
 124 0.0766 0.0294 0.1061 0.4200 0.2734 0.0945 
 125 0.0602 0.0446 0.0377 0.2714 0.4670 0.1190 
 126 0.0721 0.0104 0.0810 0.5113 0.1775 0.1477 
 127 0.0197 0.0229 0.0987 0.6768 0.0799 0.1019 
 128 0.0225 0.0379 0.4003 0.3344 0.1052 0.0996 
 129 0.0216 0.0225 0.2364 0.5412 0.0938 0.0845 
 130 0.0152 0.0453 0.1314 0.5163 0.1190 0.1728 
 131 0.1366 0.0351 0.0666 0.3539 0.3294 0.0785 
 132 0.0251 0.0173 0.1567 0.5158 0.2114 0.0737 
 133 0.0289 0.0175 0.2229 0.5075 0.1030 0.1202 
 134 0.0154 0.0186 0.0424 0.7041 0.1633 0.0562 
 135 0.0769 0.0498 0.0929 0.0927 0.0928 0.5948 
 136 0.0142 0.0273 0.0479 0.0604 0.1203 0.7299 
 137 0.0137 0.0260 0.0368 0.1177 0.0816 0.7242 
 138 0.0219 0.0095 0.0391 0.0631 0.0948 0.7716 
 139 0.0392 0.0187 0.3619 0.0884 0.1319 0.3599 
 140 0.0416 0.0125 0.0764 0.1725 0.1581 0.5389 
 141 0.0195 0.0227 0.0594 0.0680 0.1842 0.6462 
 142 0.0990 0.0316 0.1382 0.0900 0.0893 0.5519 
 143 0.0149 0.0090 0.0424 0.0596 0.0703 0.8039 
 144 0.0157 0.0261 0.0396 0.1157 0.0728 0.7301 
 145 0.0260 0.0386 0.0696 0.0723 0.2029 0.5907 
 146 0.0268 0.0172 0.0423 0.1693 0.1895 0.5548 
 147 0.0129 0.0108 0.0339 0.0591 0.0784 0.8049 
 148 0.0382 0.0298 0.0986 0.1262 0.1365 0.5707 
 149 0.0316 0.0160 0.0579 0.0664 0.1038 0.7243 
 150 0.0174 0.0336 0.0647 0.1827 0.0996 0.6021 
 151 0.0159 0.0113 0.0531 0.0870 0.0838 0.7489 
 152 0.0750 0.0322 0.0811 0.1023 0.1733 0.5362 
 153 0.0326 0.0106 0.0370 0.0873 0.1124 0.7201 
 154 0.0226 0.0275 0.0666 0.0645 0.1119 0.7070 
 155 0.0157 0.0091 0.0494 0.0814 0.0773 0.7670 
 156 0.0596 0.0170 0.0804 0.1124 0.0674 0.6632 
 157 0.0148 0.0084 0.0403 0.1813 0.1055 0.6496 
 158 0.0215 0.0388 0.0478 0.0695 0.1946 0.6277 
 159 0.0123 0.0141 0.0424 0.0593 0.0758 0.7962 
 160 0.0124 0.0163 0.0501 0.0598 0.0774 0.7840 
 161 0.0230 0.0109 0.0443 0.1022 0.1410 0.6787 
 162 0.0309 0.0208 0.0610 0.1736 0.2047 0.5089 
 163 0.0231 0.0093 0.0419 0.0756 0.0704 0.7798 
 164 0.0188 0.0145 0.0947 0.1699 0.1309 0.5712 
 165 0.0170 0.0325 0.0479 0.1722 0.0847 0.6458 
 166 0.0435 0.0091 0.0629 0.1940 0.1406 0.5500 
 167 0.0203 0.0270 0.0364 0.1038 0.1702 0.6423 
 168 0.0360 0.0107 0.0402 0.0802 0.1503 0.6826 
 169 0.0326 0.0421 0.0427 0.0655 0.3969 0.4203 
 170 0.0376 0.0099 0.0811 0.1043 0.0829 0.6842 
 171 0.0280 0.0135 0.0761 0.1079 0.1753 0.5992 
 172 0.1050 0.0179 0.0566 0.0659 0.2124 0.5422 
 173 0.0141 0.0144 0.0771 0.0615 0.0785 0.7544 
 174 0.0126 0.0102 0.0460 0.0850 0.0910 0.7552 
 175 0.0209 0.0145 0.0440 0.0605 0.1137 0.7464 
 176 0.0158 0.0257 0.0402 0.1165 0.0744 0.7274 
 177 0.0202 0.0112 0.0385 0.1964 0.1666 0.5671 
 178 0.0136 0.0143 0.0572 0.0881 0.1536 0.6732 
 179 0.0131 0.0086 0.0513 0.0621 0.0780 0.7869 
 180 0.0322 0.0195 0.0389 0.1177 0.1745 0.6173 
 181 0.0269 0.0217 0.0802 0.0721 0.1217 0.6775 
 182 0.0189 0.0188 0.0777 0.0665 0.0716 0.7465 
 183 0.0155 0.0103 0.0576 0.0634 0.0833 0.7699 
 184 0.0146 0.0139 0.6624 0.0877 0.1329 0.0884 
 185 0.0748 0.0178 0.0644 0.0615 0.0629 0.7185 
 186 0.0164 0.0100 0.5327 0.1996 0.1439 0.0973 
 187 0.0194 0.0096 0.5084 0.0943 0.1053 0.2631 
 188 0.0159 0.0102 0.6668 0.1283 0.1051 0.0737 
 189 0.0324 0.0097 0.2060 0.0947 0.3410 0.3163 
 190 0.1446 0.0168 0.4318 0.0690 0.0562 0.2816 
 191 0.0134 0.0144 0.7081 0.0792 0.0882 0.0968 
 192 0.0149 0.0108 0.4349 0.1406 0.1168 0.2821 
 193 0.0243 0.0237 0.3780 0.1298 0.1680 0.2763 
 194 0.0286 0.0113 0.2959 0.1726 0.1148 0.3768 
 195 0.0293 0.0088 0.5482 0.0636 0.0659 0.2842 
 196 0.0473 0.0145 0.5787 0.0892 0.0744 0.1959 
 197 0.0367 0.0149 0.2700 0.2024 0.2478 0.2281 
 198 0.0302 0.0113 0.2522 0.2342 0.2337 0.2384 
 199 0.0697 0.0195 0.3770 0.1105 0.0996 0.3239 
 200 0.0487 0.0296 0.5262 0.0837 0.1409 0.1709 
 201 0.0218 0.0102 0.3454 0.0781 0.0792 0.4653 
 202 0.0407 0.0137 0.1204 0.0989 0.0680 0.6583 
 203 0.0183 0.0141 0.4201 0.0631 0.0685 0.4159 
 204 0.0238 0.0101 0.6993 0.0642 0.0607 0.1419 
 205 0.0252 0.0108 0.6847 0.0800 0.0864 0.1129 
 206 0.0180 0.0104 0.6728 0.0658 0.0706 0.1625 
 207 0.0259 0.0185 0.6497 0.0962 0.0679 0.1417 
 208 0.0243 0.0125 0.5589 0.0777 0.0694 0.2572 
 209 0.0205 0.0190 0.6118 0.0938 0.1001 0.1549 
 210 0.0176 0.0098 0.6680 0.0821 0.0717 0.1508 
 211 0.0861 0.1273 0.2103 0.1766 0.0777 0.3219 
 212 0.0338 0.0127 0.1661 0.0810 0.1090 0.5974 
 213 0.0985 0.0131 0.2686 0.2474 0.1262 0.2461 
 214 0.0232 0.0186 0.2700 0.0742 0.0822 0.5318 
 215 0.0199 0.0135 0.7264 0.0804 0.0773 0.0825 
 216 0.0198 0.0167 0.4768 0.1380 0.1984 0.1503 
 217 0.0253 0.0108 0.4516 0.0652 0.0915 0.3555 
 218 0.0143 0.0110 0.6800 0.0832 0.0913 0.1202 
 219 0.0191 0.0111 0.3409 0.1047 0.2385 0.2856 
 220 0.0152 0.0110 0.7442 0.0689 0.0659 0.0949 
 221 0.0509 0.0131 0.0906 0.0585 0.0652 0.7216 
 222 0.0196 0.0116 0.3596 0.1479 0.2540 0.2073 
 223 0.0232 0.0100 0.2819 0.1182 0.1538 0.4128 
 224 0.0161 0.0116 0.4855 0.0695 0.0733 0.3442 
 225 0.0265 0.0110 0.6511 0.0796 0.0778 0.1540 
 226 0.0184 0.0147 0.5003 0.0893 0.2123 0.1650 
 227 0.0679 0.0114 0.3484 0.1215 0.0709 0.3798 
 228 0.0888 0.0181 0.4613 0.0662 0.0650 0.3007 
 229 0.0134 0.0099 0.5165 0.0692 0.0748 0.3163 
 230 0.0142 0.0121 0.5922 0.0653 0.0671 0.2491 
 231 0.0137 0.0133 0.5750 0.0738 0.1010 0.2233 
 232 0.0391 0.0151 0.2059 0.1539 0.1653 0.4207 
 233 0.0176 0.0166 0.2397 0.0731 0.0823 0.5707 
 234 0.0155 0.0138 0.4683 0.1374 0.1594 0.2056 
 235 0.0285 0.0107 0.3943 0.0978 0.1492 0.3196 
 236 0.0172 0.0165 0.4054 0.0868 0.1030 0.3710 
 237 0.0262 0.0228 0.6276 0.0962 0.0801 0.1470 
 238 0.0228 0.0125 0.2198 0.1091 0.0993 0.5365 
 239 0.0290 0.0092 0.5482 0.0640 0.0654 0.2842 
 240 0.0234 0.0125 0.2269 0.1097 0.0971 0.5305 
 241 0.0301 0.0129 0.1700 0.0856 0.0876 0.6138 
 242 0.0216 0.0102 0.5628 0.0771 0.1654 0.1629 
 243 0.0502 0.0192 0.5939 0.0716 0.0605 0.2046 
 244 0.0160 0.0152 0.5178 0.0639 0.0669 0.3203 
 245 0.0281 0.0088 0.0983 0.0856 0.0749 0.7043 
 246 0.0261 0.0110 0.4524 0.0652 0.0896 0.3556 
 247 0.0346 0.0103 0.3237 0.3560 0.1716 0.1038 
 248 0.0219 0.0179 0.6630 0.1209 0.0827 0.0936 
 249 0.0199 0.0153 0.4234 0.0781 0.0761 0.3872 
 250 0.0146 0.0140 0.5149 0.0890 0.0943 0.2732 
 251 0.0262 0.0244 0.4499 0.1149 0.2464 0.1382 
 252 0.0256 0.0090 0.5540 0.0893 0.0922 0.2299 
 253 0.0403 0.0124 0.3766 0.2200 0.1627 0.1880 
 254 0.0191 0.0120 0.5464 0.1062 0.1498 0.1666 
 255 0.0195 0.0135 0.5154 0.1076 0.1256 0.2183 
 256 0.0291 0.0160 0.3960 0.0923 0.0969 0.3697 
 257 0.0244 0.0197 0.4877 0.1362 0.1044 0.2276 
 258 0.0553 0.0153 0.4851 0.1808 0.1132 0.1503 
 259 0.0161 0.0149 0.5681 0.0900 0.0904 0.2205 
 260 0.0173 0.0137 0.2855 0.1167 0.2019 0.3648 
 261 0.0356 0.0096 0.4152 0.0869 0.0964 0.3562 
 262 0.0579 0.0128 0.4330 0.0606 0.0716 0.3640 
 263 0.0167 0.0139 0.7019 0.0754 0.0869 0.1052 
 264 0.0254 0.0172 0.3044 0.1385 0.4260 0.0885 
 265 0.0178 0.0100 0.6142 0.0807 0.1129 0.1644 
 266 0.0385 0.0129 0.1319 0.0617 0.0649 0.6901 
 267 0.0235 0.0259 0.3743 0.1357 0.1200 0.3205 
 268 0.0468 0.0145 0.5798 0.0901 0.0732 0.1956 
 269 0.0176 0.0121 0.4090 0.0872 0.2608 0.2133 
 270 0.0174 0.0163 0.5520 0.1256 0.1540 0.1346 
 271 0.0300 0.0167 0.5668 0.1374 0.1130 0.1360 
 272 0.0286 0.0191 0.5583 0.0976 0.1638 0.1325 
 273 0.0250 0.0317 0.4027 0.1276 0.1753 0.2377 
 274 0.0181 0.0130 0.5484 0.1073 0.1573 0.1558 
 275 0.0172 0.0171 0.6362 0.0717 0.1184 0.1394 
 276 0.0378 0.0273 0.4804 0.1167 0.1587 0.1791 
 277 0.0186 0.0108 0.3846 0.1183 0.1550 0.3128 
 278 0.0248 0.0146 0.7065 0.0790 0.0768 0.0983 
 279 0.0187 0.0145 0.5060 0.1094 0.1288 0.2226 
 280 0.0309 0.0124 0.4505 0.0874 0.2142 0.2046 
 281 0.0202 0.0129 0.5083 0.1522 0.1354 0.1710 
 282 0.0164 0.0120 0.2745 0.0971 0.1299 0.4701 
 283 0.0193 0.0108 0.2447 0.0912 0.0894 0.5446 
 284 0.0253 0.0184 0.3615 0.1601 0.1164 0.3183 
 285 0.0508 0.0194 0.5981 0.1272 0.1263 0.0782 
 286 0.0163 0.0145 0.5180 0.0632 0.0674 0.3207 
 287 0.0179 0.0092 0.4233 0.1306 0.2028 0.2162 
 288 0.0157 0.0127 0.6880 0.0696 0.1146 0.0994 
 289 0.0277 0.0151 0.6282 0.1124 0.1123 0.1044 
 290 0.0775 0.0358 0.3179 0.1001 0.2355 0.2333 
 291 0.0306 0.0167 0.5673 0.1368 0.1115 0.1371 
 292 0.0686 0.0111 0.3677 0.0864 0.1883 0.2779 
 293 0.1069 0.0325 0.2165 0.1507 0.3359 0.1574 
 294 0.0223 0.0115 0.7077 0.0707 0.0890 0.0988 
 295 0.0451 0.0296 0.3617 0.1401 0.1891 0.2345 
 296 0.0185 0.0128 0.7039 0.0858 0.0780 0.1010 
 297 0.0238 0.0113 0.5099 0.0925 0.2148 0.1477 
 298 0.0143 0.0108 0.4055 0.1015 0.1181 0.3498 
 299 0.0144 0.0101 0.6818 0.0781 0.1025 0.1132 
 300 0.0280 0.0148 0.6592 0.0794 0.1105 0.1080 
 301 0.0161 0.0177 0.5696 0.0897 0.1836 0.1233 
 302 0.0358 0.0180 0.6634 0.0763 0.0930 0.1136 
 303 0.0258 0.0141 0.3778 0.0794 0.1199 0.3830 
 304 0.0171 0.0171 0.1012 0.1602 0.2580 0.4464 
 305 0.0232 0.0116 0.6263 0.0596 0.0746 0.2047 
 306 0.0242 0.0109 0.3174 0.0801 0.1368 0.4306 
 307 0.0185 0.0197 0.3364 0.1171 0.1440 0.3642 
 308 0.0363 0.0096 0.4231 0.0884 0.0939 0.3488 
 309 0.0217 0.0162 0.7228 0.0845 0.0686 0.0862 
 310 0.0295 0.0153 0.5425 0.0693 0.0687 0.2747 
 311 0.0141 0.0122 0.5935 0.0659 0.0677 0.2467 
 312 0.0194 0.0109 0.7171 0.0879 0.0652 0.0995 
 313 0.0468 0.0141 0.6892 0.0851 0.0675 0.0973 
 314 0.0247 0.0102 0.0436 0.0586 0.0717 0.7912 
 315 0.0334 0.0089 0.0371 0.0697 0.1026 0.7483 
 316 0.0247 0.0108 0.0420 0.0740 0.1366 0.7119 
 317 0.0141 0.0103 0.0368 0.0587 0.0771 0.8030 
 318 0.0112 0.0092 0.0330 0.0578 0.0828 0.8060 
 319 0.0148 0.0100 0.0435 0.0600 0.0713 0.8003 
 320 0.0245 0.0099 0.0435 0.0577 0.0720 0.7923 
 321 0.0131 0.0105 0.0338 0.0592 0.0870 0.7964 
 322 0.0386 0.0114 0.0480 0.0755 0.1197 0.7068 
 323 0.0118 0.0092 0.0358 0.0596 0.0790 0.8046 
 324 0.0134 0.0100 0.0339 0.0591 0.0861 0.7975 
 325 0.0202 0.0099 0.0333 0.0702 0.1282 0.7383 
 326 0.0267 0.0136 0.0348 0.0720 0.1270 0.7258 
 327 0.0144 0.0103 0.0373 0.0583 0.0771 0.8026 
 328 0.0250 0.0094 0.0392 0.0740 0.1163 0.7361 
 329 0.0113 0.0086 0.0328 0.0580 0.0744 0.8149 
 330 0.0143 0.0104 0.0366 0.0580 0.0777 0.8030 
 331 0.0114 0.0086 0.0375 0.0586 0.0760 0.8078 
 332 0.0207 0.0116 0.0319 0.0717 0.1415 0.7226 
 333 0.0263 0.0120 0.0398 0.0746 0.1124 0.7349 
 334 0.0255 0.0093 0.0389 0.0732 0.1163 0.7368 
 335 0.0282 0.0093 0.0364 0.0714 0.1014 0.7533 
 336 0.0183 0.0114 0.0375 0.0588 0.0842 0.7899 
 337 0.0249 0.0105 0.0346 0.0720 0.1315 0.7264 
 338 0.0113 0.0104 0.0327 0.0594 0.0865 0.7998 
 339 0.0113 0.0085 0.0379 0.0587 0.0765 0.8072 
 340 0.0123 0.0085 0.0399 0.0581 0.0692 0.8120 
 341 0.0141 0.0129 0.0415 0.0602 0.0781 0.7931 
 342 0.0146 0.0099 0.0372 0.0587 0.0768 0.8027 
 343 0.0492 0.0101 0.0374 0.0719 0.1076 0.7238 
 344 0.0111 0.0087 0.0326 0.0578 0.0761 0.8137 
 345 0.0146 0.0104 0.0369 0.0583 0.0768 0.8030 
 346 0.0125 0.0097 0.0347 0.0574 0.0757 0.8100 
 347 0.0123 0.0085 0.0345 0.0576 0.0684 0.8187 
 348 0.0546 0.0095 0.0424 0.0705 0.0919 0.7310 
 349 0.0146 0.0100 0.0371 0.0589 0.0771 0.8023 
 350 0.0174 0.0097 0.0457 0.0589 0.0724 0.7957 
 351 0.0275 0.0095 0.0364 0.0717 0.1013 0.7536 
 352 0.0297 0.0107 0.0371 0.0720 0.1149 0.7355 
 353 0.0181 0.0112 0.0370 0.0594 0.0840 0.7904 
 354 0.0118 0.0101 0.0362 0.0589 0.0772 0.8059 
 355 0.0115 0.0099 0.0326 0.0578 0.0837 0.8045 
 356 0.0582 0.0092 0.0422 0.0715 0.0914 0.7275 
 357 0.0199 0.0124 0.0501 0.0994 0.3107 0.5076 
 358 0.0194 0.0091 0.0320 0.0718 0.1175 0.7502 
 359 0.0112 0.0089 0.0371 0.0592 0.0788 0.8048 
 360 0.0124 0.0093 0.0351 0.0577 0.0751 0.8103 
 361 0.0271 0.0137 0.0569 0.1058 0.3193 0.4773 
 362 0.0248 0.0131 0.2311 0.2094 0.3924 0.1292 
 363 0.0302 0.0136 0.1051 0.3301 0.4257 0.0953 
 364 0.0230 0.0346 0.0752 0.1534 0.3295 0.3843 
 365 0.0260 0.0719 0.0779 0.1354 0.5806 0.1082 
 366 0.1140 0.0265 0.1477 0.1130 0.3826 0.2161 
 367 0.0162 0.0101 0.0399 0.5796 0.2870 0.0672 
 368 0.0140 0.0152 0.1480 0.5010 0.1938 0.1279 
 369 0.0994 0.0229 0.1017 0.1424 0.2560 0.3775 
 370 0.0201 0.0273 0.2507 0.4037 0.1542 0.1439 
 371 0.0280 0.0329 0.3107 0.1573 0.2929 0.1783 
 372 0.0246 0.0660 0.4103 0.2163 0.1286 0.1544 
 373 0.0202 0.0197 0.0850 0.4006 0.2729 0.2015 
 374 0.0191 0.0403 0.0893 0.1627 0.3538 0.3348 
 375 0.0175 0.0236 0.1036 0.3657 0.4032 0.0864 
 376 0.0166 0.0164 0.0313 0.1396 0.7189 0.0771 
 377 0.0320 0.0220 0.1756 0.2741 0.3673 0.1289 
 378 0.0179 0.0139 0.0705 0.5158 0.1183 0.2636 
 379 0.0263 0.0320 0.0456 0.1500 0.6746 0.0715 
 380 0.0629 0.0174 0.0917 0.0868 0.5188 0.2224 
 381 0.0715 0.0144 0.0539 0.0813 0.5602 0.2188 
 382 0.0134 0.0139 0.0646 0.2893 0.5151 0.1037 
 383 0.0226 0.0251 0.1004 0.0725 0.5889 0.1906 
 384 0.0255 0.0488 0.0935 0.1787 0.4801 0.1734 
 385 0.0123 0.3929 0.0552 0.1100 0.1881 0.2415 
 386 0.0189 0.0114 0.0636 0.3251 0.4847 0.0962 
 387 0.0255 0.0168 0.0523 0.3236 0.4656 0.1162 
 388 0.0157 0.0596 0.1063 0.2378 0.2943 0.2862 
 389 0.0577 0.2575 0.2864 0.1693 0.1223 0.1068 
 390 0.1317 0.0226 0.0801 0.4002 0.2740 0.0914 
 391 0.0555 0.1648 0.0807 0.3198 0.2046 0.1745 
 392 0.0244 0.0102 0.0824 0.1820 0.5229 0.1781 
 393 0.1071 0.0128 0.0398 0.0997 0.5825 0.1582 
 394 0.0209 0.0096 0.0762 0.2886 0.2901 0.3147 
 395 0.1117 0.0107 0.1950 0.2583 0.3114 0.1128 
 396 0.0151 0.0124 0.0759 0.4016 0.4222 0.0728 
 397 0.0218 0.0246 0.3057 0.1159 0.3086 0.2233 
 398 0.0248 0.0124 0.0361 0.2558 0.5947 0.0763 
 399 0.0341 0.0202 0.0839 0.5373 0.2201 0.1044 
 400 0.0218 0.0145 0.0400 0.3096 0.4708 0.1433 
 401 0.0603 0.0130 0.0538 0.5567 0.1655 0.1506 
 402 0.0776 0.0218 0.1048 0.3358 0.2995 0.1605 
 403 0.0224 0.0422 0.0806 0.1947 0.1984 0.4618 
 404 0.0184 0.0266 0.1379 0.1882 0.4405 0.1884 
 405 0.0297 0.0125 0.1232 0.1708 0.4924 0.1714 
 406 0.3326 0.0096 0.0698 0.0830 0.3003 0.2047 
 407 0.0167 0.0104 0.0452 0.1251 0.7298 0.0727 
 408 0.0602 0.0091 0.1005 0.6590 0.0982 0.0730 
 409 0.1833 0.0158 0.0468 0.1223 0.2503 0.3814 
 410 0.0335 0.0340 0.0621 0.2507 0.4594 0.1602 
 411 0.0662 0.0131 0.0510 0.1519 0.4951 0.2227 
 412 0.0136 0.0150 0.1372 0.4408 0.2750 0.1183 
 413 0.0160 0.0104 0.1214 0.4104 0.2053 0.2364 
 414 0.0145 0.0417 0.1552 0.4314 0.2794 0.0778 
 415 0.0560 0.0127 0.0622 0.1681 0.5875 0.1135 
 416 0.0541 0.0375 0.0740 0.2711 0.3900 0.1733 
 417 0.0212 0.0105 0.0519 0.1762 0.6556 0.0846 
 418 0.0128 0.0108 0.0598 0.5462 0.2890 0.0814 
 419 0.0431 0.0419 0.0706 0.2549 0.2881 0.3014 
 420 0.1515 0.0106 0.0571 0.5109 0.1688 0.1011 
 421 0.0214 0.0109 0.0844 0.3540 0.4299 0.0993 
 422 0.0791 0.0148 0.2344 0.1543 0.3988 0.1186 
 423 0.0286 0.0148 0.1108 0.1854 0.5268 0.1337 
 424 0.1212 0.0255 0.0417 0.4757 0.1934 0.1425 
 425 0.0219 0.1509 0.0945 0.1896 0.3694 0.1738 
 426 0.0232 0.0617 0.0591 0.3834 0.2897 0.1829 
 427 0.0246 0.0093 0.0332 0.1959 0.5464 0.1907 
 428 0.0708 0.0189 0.0880 0.1220 0.4148 0.2854 
 429 0.0149 0.0086 0.0462 0.2825 0.5805 0.0672 
 430 0.0298 0.0102 0.0567 0.1553 0.6622 0.0857 
 431 0.0199 0.0247 0.1493 0.3976 0.2564 0.1521 
 432 0.0158 0.0133 0.1053 0.5087 0.2108 0.1461 
 433 0.0259 0.0190 0.1055 0.2582 0.1544 0.4370 
 434 0.0285 0.0212 0.1319 0.1769 0.4059 0.2356 
 435 0.0338 0.0084 0.0355 0.2118 0.6357 0.0748 
 436 0.0541 0.0106 0.0252 0.2206 0.5631 0.1264 
 437 0.0175 0.0095 0.0469 0.1280 0.7173 0.0808 
 438 0.2350 0.0099 0.0339 0.2694 0.3001 0.1518 
 439 0.0247 0.0094 0.0265 0.1332 0.7077 0.0985 
 440 0.0289 0.0100 0.0332 0.1505 0.7158 0.0616 
 441 0.0254 0.0115 0.0401 0.1802 0.5567 0.1860 
 442 0.0338 0.0293 0.0492 0.2921 0.5027 0.0928 
 443 0.1321 0.0135 0.0422 0.5133 0.2221 0.0768 
 444 0.0503 0.0268 0.0457 0.2225 0.5653 0.0895 
 445 0.0889 0.0172 0.0443 0.1151 0.4807 0.2538 
 446 0.0249 0.0151 0.0250 0.3269 0.5211 0.0870 
 447 0.0794 0.0335 0.0365 0.1618 0.5190 0.1698 
 448 0.0254 0.0113 0.0457 0.2150 0.6137 0.0889 
 449 0.0258 0.0121 0.0509 0.1766 0.5948 0.1398 
 450 0.0136 0.0136 0.0332 0.1730 0.6278 0.1387 
 451 0.0261 0.0132 0.0545 0.6271 0.2153 0.0638 
 452 0.0145 0.0106 0.0351 0.1606 0.6584 0.1206 
 453 0.2670 0.0172 0.0698 0.3284 0.1541 0.1634 
 454 0.0224 0.0115 0.0539 0.1540 0.6036 0.1546 
 455 0.1125 0.0102 0.0305 0.2602 0.4990 0.0876 
 456 0.1377 0.0129 0.0517 0.2273 0.4902 0.0800 
 457 0.0194 0.0094 0.0361 0.1198 0.7259 0.0894 
 458 0.0210 0.0145 0.0327 0.1470 0.6853 0.0994 
 459 0.0364 0.0105 0.0251 0.3148 0.4108 0.2025 
 460 0.0298 0.0095 0.0277 0.3981 0.4522 0.0827 
 461 0.0136 0.0098 0.0263 0.5625 0.3050 0.0828 
 462 0.0727 0.0515 0.0763 0.2740 0.4638 0.0617 
 463 0.3989 0.0096 0.0653 0.1402 0.2630 0.1231 
 464 0.0729 0.0090 0.0344 0.4668 0.3352 0.0818 
 465 0.0393 0.0113 0.0403 0.5501 0.2569 0.1021 
 466 0.1648 0.0091 0.0503 0.4279 0.2611 0.0868 
 467 0.0588 0.0135 0.0683 0.2577 0.4628 0.1389 
 468 0.0847 0.0090 0.0399 0.1106 0.6747 0.0811 
 469 0.0327 0.0093 0.0243 0.1027 0.7460 0.0850 
 470 0.0291 0.0080 0.0290 0.2398 0.6169 0.0772 
 471 0.1161 0.0431 0.1093 0.2314 0.3998 0.1003 
 472 0.0630 0.0157 0.0555 0.2988 0.4561 0.1109 
 473 0.0302 0.0112 0.0789 0.1924 0.5419 0.1454 
 474 0.0352 0.0107 0.0483 0.1836 0.5894 0.1328 
 475 0.0289 0.0109 0.0414 0.4928 0.2577 0.1683 
 476 0.0395 0.0098 0.0350 0.1565 0.6570 0.1023 
 477 0.0492 0.0201 0.0307 0.5211 0.2329 0.1459 
 478 0.0211 0.0187 0.0261 0.6876 0.1705 0.0761 
 479 0.0210 0.0101 0.0292 0.2121 0.6543 0.0733 
 480 0.0172 0.0088 0.0302 0.1084 0.7526 0.0827 
 481 0.0251 0.0354 0.1452 0.2065 0.4943 0.0935 
 482 0.0153 0.0082 0.0296 0.2176 0.6545 0.0749 
 483 0.0320 0.0105 0.0276 0.2240 0.6023 0.1036 
 484 0.1948 0.0141 0.0518 0.1991 0.4297 0.1103 
 485 0.0656 0.0095 0.0284 0.1979 0.6173 0.0814 
 486 0.0729 0.1506 0.1646 0.2454 0.2198 0.1466 
 487 0.0361 0.1075 0.0729 0.2010 0.2775 0.3049 
 488 0.0291 0.1433 0.1089 0.3417 0.1647 0.2124 
 489 0.0727 0.0682 0.1280 0.1295 0.2877 0.3138 
 490 0.0568 0.0314 0.0668 0.5306 0.2273 0.0871 
 491 0.0219 0.1421 0.2541 0.1380 0.1562 0.2877 
 492 0.0459 0.0332 0.0692 0.3460 0.1139 0.3917 
 493 0.0327 0.3004 0.1570 0.1651 0.1842 0.1605 
 494 0.0377 0.1160 0.1584 0.1642 0.2865 0.2372 
 495 0.0544 0.1435 0.0378 0.3621 0.1327 0.2694 
 496 0.0314 0.0114 0.1198 0.1721 0.1491 0.5163 
 497 0.0165 0.3818 0.1194 0.1038 0.1371 0.2415 
 498 0.0651 0.2322 0.0736 0.2691 0.1967 0.1633 
 499 0.0337 0.0861 0.0843 0.1249 0.2012 0.4699 
 500 0.0303 0.0457 0.2356 0.1274 0.4172 0.1438 
 501 0.0179 0.0253 0.0945 0.1950 0.3221 0.3452 
 502 0.0139 0.0477 0.0536 0.3192 0.1914 0.3741 
 503 0.0233 0.0163 0.0942 0.1930 0.5709 0.1023 
 504 0.0398 0.0681 0.0533 0.5905 0.1246 0.1236 
 505 0.0505 0.0662 0.2901 0.1873 0.1589 0.2470 
 506 0.0182 0.0581 0.1170 0.3092 0.1610 0.3365 
 507 0.0338 0.0108 0.0840 0.0736 0.0824 0.7154 
 508 0.0668 0.0417 0.0621 0.1015 0.0884 0.6394 
 509 0.0306 0.0320 0.2478 0.1617 0.1263 0.4016 
 510 0.0245 0.0352 0.0843 0.1667 0.2876 0.4016 
 511 0.0330 0.0436 0.1309 0.2040 0.4509 0.1376 
 512 0.0154 0.0325 0.0891 0.1994 0.5755 0.0881 
 513 0.0317 0.5971 0.0830 0.1081 0.0578 0.1223 
 514 0.0211 0.0180 0.0780 0.5683 0.1325 0.1822 
 515 0.0785 0.0249 0.0715 0.1501 0.3913 0.2836 
 516 0.0483 0.0169 0.0974 0.5614 0.1141 0.1619 
 517 0.1317 0.0124 0.0731 0.2498 0.2420 0.2909 
 518 0.0156 0.0477 0.1938 0.1067 0.3252 0.3110 
 519 0.0246 0.0164 0.0496 0.6031 0.1317 0.1746 
 520 0.1819 0.0115 0.0599 0.0880 0.2561 0.4025 
 521 0.0246 0.0126 0.1667 0.2581 0.1205 0.4174 
 522 0.1891 0.0237 0.0642 0.1409 0.4540 0.1279 
 523 0.2398 0.0122 0.0605 0.2025 0.1226 0.3623 
 524 0.0966 0.0118 0.0782 0.1649 0.4524 0.1961 
 525 0.0401 0.0252 0.0828 0.0967 0.3752 0.3799 
 526 0.4338 0.0086 0.0663 0.0918 0.2393 0.1602 
 527 0.0162 0.1102 0.0690 0.2619 0.3988 0.1440 
 528 0.0246 0.0111 0.1936 0.1229 0.1011 0.5468 
 529 0.0240 0.0543 0.2849 0.2185 0.1988 0.2195 
 530 0.0654 0.0309 0.0648 0.1297 0.5092 0.1999 
 531 0.0396 0.0152 0.0438 0.1351 0.2851 0.4813 
 532 0.0473 0.0328 0.1178 0.2071 0.2282 0.3668 
 533 0.0511 0.0328 0.1686 0.1278 0.4429 0.1768 
 534 0.0785 0.1107 0.2454 0.2069 0.0920 0.2665 
 535 0.2181 0.0105 0.0731 0.3123 0.2124 0.1735 
 536 0.0877 0.0157 0.1305 0.1648 0.3035 0.2978 
 537 0.1167 0.0203 0.1007 0.1405 0.1421 0.4798 
 538 0.0770 0.0125 0.2296 0.1322 0.1983 0.3503 
 539 0.0271 0.0130 0.1277 0.0776 0.0965 0.6581 
 540 0.0742 0.0148 0.2175 0.1218 0.2330 0.3388 
 541 0.0411 0.0161 0.1220 0.1428 0.1697 0.5082 
 542 0.2368 0.0245 0.2083 0.1061 0.2813 0.1431 
 543 0.1887 0.0180 0.1291 0.2762 0.1203 0.2678 
 544 0.3258 0.0144 0.0977 0.1439 0.1898 0.2283 
 545 0.5067 0.0141 0.0604 0.1512 0.1801 0.0875 
 546 0.0944 0.0334 0.2835 0.1255 0.1775 0.2858 
 547 0.4639 0.0121 0.0449 0.1260 0.1009 0.2523 
 548 0.0149 0.0142 0.5164 0.0880 0.0965 0.2700 
 549 0.1405 0.0116 0.0364 0.0980 0.2166 0.4968 
 550 0.3641 0.0144 0.0514 0.1783 0.2631 0.1287 
 551 0.0377 0.0114 0.0427 0.1322 0.1364 0.6396 
 552 0.0622 0.0123 0.3688 0.1004 0.1533 0.3029 
 553 0.4210 0.0146 0.1022 0.1340 0.0776 0.2505 
 554 0.0532 0.0185 0.1777 0.1815 0.3124 0.2567 
 555 0.0672 0.0509 0.1066 0.1258 0.1447 0.5047 
 556 0.0566 0.0149 0.2525 0.1497 0.1779 0.3483 
 557 0.2105 0.0133 0.0468 0.2085 0.3125 0.2084 
 558 0.0134 0.0085 0.0251 0.2125 0.6635 0.0770 
 559 0.0274 0.0131 0.3230 0.3764 0.1382 0.1219 
 560 0.0279 0.0144 0.0529 0.5151 0.3306 0.0593 
 561 0.0373 0.0190 0.0617 0.4645 0.3359 0.0816 
 562 0.0571 0.0256 0.0995 0.4886 0.2689 0.0603 
 563 0.0370 0.0223 0.0279 0.4749 0.1567 0.2812 
 564 0.0584 0.0150 0.4177 0.1928 0.1931 0.1230 
 565 0.0165 0.0098 0.0368 0.1129 0.7378 0.0863 
 566 0.0190 0.0120 0.0394 0.5463 0.3205 0.0628 
 567 0.0308 0.0259 0.4338 0.2480 0.1788 0.0827 
 568 0.0410 0.0091 0.1003 0.5048 0.2177 0.1271 
 569 0.1056 0.0155 0.0708 0.2463 0.4303 0.1315 
 570 0.0152 0.0091 0.0487 0.1803 0.6832 0.0635 
 571 0.0207 0.0101 0.0634 0.6534 0.1551 0.0973 
 572 0.2986 0.0206 0.0930 0.1087 0.2134 0.2657 
 573 0.0519 0.0135 0.3089 0.1750 0.3234 0.1274 
 574 0.0289 0.0152 0.0652 0.1187 0.5269 0.2451 
 575 0.0249 0.0106 0.0722 0.4671 0.2122 0.2132 
 576 0.0161 0.0248 0.0401 0.5615 0.2942 0.0633 
 577 0.0208 0.0149 0.0670 0.1851 0.4752 0.2369 
 578 0.0284 0.0182 0.0694 0.4936 0.2870 0.1034 
 579 0.0290 0.0397 0.1492 0.2859 0.4060 0.0902 
 580 0.0166 0.0120 0.0599 0.1702 0.5904 0.1509 
 581 0.0181 0.0108 0.0495 0.2759 0.5258 0.1199 
 582 0.0461 0.0097 0.0471 0.3323 0.4916 0.0731 
 583 0.0207 0.0254 0.0726 0.5267 0.2549 0.0997 
 584 0.0145 0.0142 0.0381 0.5655 0.2912 0.0764 
 585 0.0231 0.0221 0.0544 0.4342 0.3816 0.0847 
 586 0.0233 0.0119 0.0965 0.6312 0.1161 0.1210 
 587 0.0477 0.0163 0.1541 0.3000 0.4102 0.0717 
 588 0.0940 0.0276 0.5977 0.1159 0.0752 0.0895 
 589 0.0902 0.0117 0.0639 0.1853 0.5709 0.0781 
 590 0.0194 0.0259 0.1273 0.5820 0.1545 0.0908 
 591 0.0156 0.0109 0.0660 0.6400 0.1588 0.1086 
 592 0.0684 0.0107 0.1625 0.4235 0.2518 0.0830 
 593 0.0313 0.0102 0.1114 0.3566 0.3403 0.1503 
 594 0.0203 0.0479 0.0883 0.4611 0.1661 0.2163 
 595 0.0130 0.1194 0.1401 0.2019 0.4566 0.0690 
 596 0.0799 0.0204 0.2589 0.2017 0.2981 0.1410 
 597 0.0418 0.0126 0.0586 0.5071 0.0975 0.2824 
 598 0.0151 0.0085 0.0301 0.1360 0.7412 0.0692 
 599 0.0394 0.0095 0.0756 0.5588 0.2513 0.0653 
 600 0.0332 0.0136 0.0733 0.1611 0.5304 0.1883 
 601 0.0386 0.0113 0.0662 0.4207 0.3916 0.0716 
 602 0.0164 0.0290 0.2056 0.2609 0.1993 0.2888 
 603 0.0175 0.0181 0.2434 0.3002 0.1721 0.2487 
 604 0.0241 0.0397 0.0846 0.1247 0.5363 0.1906 
 605 0.0407 0.0187 0.1186 0.3885 0.3104 0.1232 
 606 0.0323 0.0152 0.2253 0.2066 0.2634 0.2572 
 607 0.0143 0.0193 0.1243 0.1371 0.3811 0.3239 
 608 0.0208 0.0097 0.0493 0.1862 0.2302 0.5038 
 609 0.0349 0.0193 0.0440 0.2037 0.5415 0.1566 
 610 0.0848 0.0182 0.0734 0.1543 0.5504 0.1189 
 611 0.0310 0.0183 0.1143 0.3803 0.1637 0.2925 
 612 0.0393 0.0119 0.0417 0.1136 0.6870 0.1066 
 613 0.0485 0.0423 0.1174 0.1868 0.4347 0.1703 
 614 0.0168 0.0263 0.0825 0.0843 0.6995 0.0906 
 615 0.0205 0.0117 0.0833 0.0930 0.6443 0.1473 
 616 0.0136 0.0150 0.1529 0.1752 0.4143 0.2291 
 617 0.0453 0.1436 0.0819 0.1593 0.4745 0.0953 
 618 0.0376 0.0401 0.0889 0.0901 0.4912 0.2522 
 619 0.0632 0.0096 0.1324 0.3153 0.2708 0.2087 
 620 0.0737 0.0121 0.2681 0.3896 0.1948 0.0618 
 621 0.0135 0.0177 0.0379 0.4665 0.3648 0.0997 
 622 0.0398 0.1054 0.2416 0.1095 0.3476 0.1561 
 623 0.0249 0.0153 0.1507 0.4135 0.2862 0.1094 
 624 0.0262 0.0118 0.0529 0.1310 0.5388 0.2393 
 625 0.0187 0.0428 0.0685 0.1978 0.4444 0.2277 
 626 0.1238 0.0116 0.0700 0.0811 0.2517 0.4618 
 627 0.0292 0.0199 0.1633 0.3138 0.3180 0.1557 
 628 0.0184 0.0397 0.3205 0.2608 0.2311 0.1294 
 629 0.0158 0.0243 0.1445 0.3166 0.3283 0.1705 
 630 0.0292 0.0200 0.0746 0.2195 0.5374 0.1193 
 631 0.0162 0.0130 0.1915 0.1505 0.5019 0.1269 
 632 0.0253 0.0236 0.2651 0.1056 0.2170 0.3635 
 633 0.0170 0.0263 0.0741 0.1442 0.5097 0.2288 
 634 0.0371 0.0128 0.2093 0.1872 0.2720 0.2817 
 635 0.0205 0.0126 0.0992 0.1211 0.2353 0.5113 
 636 0.0227 0.0121 0.0566 0.2088 0.4107 0.2890 
 637 0.1073 0.0264 0.1488 0.2046 0.2648 0.2480 
 638 0.0161 0.0162 0.1494 0.3051 0.2811 0.2320 
 639 0.0187 0.0296 0.1183 0.1085 0.5225 0.2025 
 640 0.0126 0.0378 0.0616 0.4599 0.2864 0.1417 
 641 0.0177 0.0237 0.2021 0.1898 0.3979 0.1688 
 642 0.0385 0.0125 0.0701 0.1384 0.1488 0.5918 
 643 0.0168 0.0103 0.0521 0.1078 0.1086 0.7043 
 644 0.0196 0.0135 0.0641 0.1730 0.1159 0.6139 
 645 0.0294 0.0254 0.0507 0.0631 0.3070 0.5243 
 646 0.0567 0.0347 0.1475 0.2910 0.1967 0.2735 
 647 0.0285 0.0398 0.0784 0.2178 0.1351 0.5004 
 648 0.0517 0.1546 0.2115 0.0954 0.1845 0.3024 
 649 0.0600 0.0147 0.4043 0.1679 0.0996 0.2536 
 650 0.0349 0.0158 0.1602 0.3374 0.1185 0.3332 
 651 0.0150 0.0958 0.2114 0.1360 0.1468 0.3948 
 652 0.0210 0.0126 0.0840 0.1542 0.1257 0.6025 
 653 0.0421 0.1086 0.0874 0.0947 0.1741 0.4931 
 654 0.0697 0.0389 0.0816 0.1189 0.1289 0.5620 
 655 0.0219 0.0102 0.0571 0.2743 0.1198 0.5168 
 656 0.0677 0.0792 0.1524 0.1414 0.1581 0.4012 
 657 0.0204 0.0337 0.0700 0.1599 0.3822 0.3337 
 658 0.0498 0.0108 0.0721 0.3654 0.1776 0.3244 
 659 0.0503 0.0338 0.0694 0.1310 0.1791 0.5365 
 660 0.0299 0.0115 0.1580 0.1195 0.1007 0.5803 
 661 0.1021 0.0142 0.1072 0.1047 0.1322 0.5396 
 662 0.1218 0.0176 0.4074 0.1798 0.0844 0.1889 
 663 0.0213 0.0103 0.2187 0.1322 0.1372 0.4802 
 664 0.0419 0.0128 0.0535 0.3317 0.2014 0.3587 
 665 0.0598 0.0126 0.4058 0.1490 0.1049 0.2678 
 666 0.0365 0.0105 0.1344 0.1345 0.1448 0.5393 
 667 0.0386 0.2051 0.0930 0.2917 0.1588 0.2128 
 668 0.0395 0.0119 0.0970 0.1745 0.1879 0.4892 
 669 0.0381 0.0373 0.3157 0.1407 0.1472 0.3210 
 670 0.0181 0.0087 0.0709 0.0726 0.0786 0.7512 
 671 0.0242 0.0101 0.0994 0.1150 0.0946 0.6567 
 672 0.0392 0.0089 0.0337 0.1515 0.1194 0.6472 
 673 0.0119 0.0093 0.0357 0.0604 0.0808 0.8019 
 674 0.0238 0.0137 0.0721 0.0819 0.1291 0.6795 
 675 0.0153 0.0259 0.0398 0.1154 0.0733 0.7303 
 676 0.0130 0.0091 0.0333 0.0595 0.0762 0.8089 
 677 0.0657 0.0092 0.0794 0.0683 0.0684 0.7091 
 678 0.0120 0.0106 0.0353 0.0670 0.0811 0.7939 
 679 0.0120 0.0125 0.0530 0.0788 0.1377 0.7062 
 680 0.0169 0.0184 0.0413 0.0659 0.1108 0.7466 
 681 0.2314 0.0360 0.0515 0.0923 0.2137 0.3751 
 682 0.0186 0.0104 0.0322 0.0671 0.1141 0.7576 
 683 0.0217 0.0089 0.0513 0.0704 0.0731 0.7747 
 684 0.0139 0.0108 0.0372 0.0675 0.0794 0.7913 
 685 0.0142 0.0090 0.0358 0.0590 0.0692 0.8128 
 686 0.0592 0.0105 0.0630 0.0805 0.1065 0.6803 
 687 0.0326 0.0092 0.1158 0.1091 0.0877 0.6456 
 688 0.0149 0.0102 0.0472 0.0882 0.0903 0.7491 
 689 0.0138 0.0093 0.0341 0.0572 0.0726 0.8130 
 690 0.0130 0.0090 0.0338 0.0600 0.0761 0.8081 
 691 0.0188 0.0138 0.0497 0.0773 0.1247 0.7158 
 692 0.0128 0.0123 0.0436 0.0869 0.1002 0.7443 
 693 0.0144 0.0101 0.0383 0.1032 0.1050 0.7290 
 694 0.0157 0.0082 0.0359 0.0564 0.0647 0.8191 
 695 0.0362 0.0089 0.0311 0.0682 0.1006 0.7550 
 696 0.0143 0.0099 0.0461 0.0886 0.0906 0.7505 
 697 0.0174 0.0099 0.0457 0.0584 0.0749 0.7937 
 698 0.0132 0.0091 0.0386 0.0599 0.0770 0.8022 
 699 0.0853 0.0089 0.0427 0.0675 0.0904 0.7052 
 700 0.0674 0.0121 0.0520 0.1003 0.0979 0.6703 
 701 0.0281 0.0208 0.0527 0.0813 0.1427 0.6744 
 702 0.0325 0.0110 0.0516 0.0988 0.1289 0.6772 
 703 0.0197 0.0099 0.0377 0.0682 0.1153 0.7492 
 704 0.0200 0.0090 0.0539 0.0841 0.0822 0.7509 
 705 0.2111 0.0298 0.0660 0.0963 0.1336 0.4632 
 706 0.0283 0.0115 0.0351 0.0637 0.1035 0.7578 
 707 0.0225 0.0112 0.0457 0.0606 0.0766 0.7834 
 708 0.0142 0.0143 0.0434 0.0597 0.0751 0.7933 
 709 0.0429 0.0099 0.0361 0.0658 0.0756 0.7697 
 710 0.0167 0.0090 0.0318 0.0567 0.0694 0.8164 
 711 0.0437 0.0113 0.0514 0.0664 0.0953 0.7319 
 712 0.0387 0.0133 0.0576 0.0569 0.0641 0.7694 
 713 0.0165 0.0096 0.0526 0.0874 0.0804 0.7535 
 714 0.0147 0.0260 0.0627 0.0812 0.1334 0.6819 
 715 0.0311 0.0087 0.0418 0.0574 0.0662 0.7947 
 716 0.0267 0.0103 0.0304 0.0633 0.0989 0.7704 
 717 0.0215 0.0083 0.0341 0.0559 0.0665 0.8136 
 718 0.0259 0.0207 0.0576 0.0692 0.1011 0.7255 
 719 0.0323 0.0092 0.0416 0.0622 0.0655 0.7893 
 720 0.0148 0.0204 0.1313 0.3546 0.3666 0.1124 
 721 0.0243 0.0142 0.0588 0.0896 0.2545 0.5585 
 722 0.0325 0.0167 0.0854 0.1363 0.5547 0.1743 
 723 0.0132 0.0135 0.0994 0.1207 0.6097 0.1436 
 724 0.0170 0.0124 0.0814 0.1129 0.5219 0.2544 
 725 0.0206 0.0141 0.1833 0.2268 0.2352 0.3200 
 726 0.0355 0.0136 0.1408 0.1262 0.4926 0.1913 
 727 0.1391 0.0168 0.1007 0.1276 0.2767 0.3391 
 728 0.0228 0.0125 0.0402 0.0798 0.7826 0.0620 
 729 0.0145 0.0101 0.0425 0.0931 0.7724 0.0674 
 730 0.0148 0.0278 0.1496 0.2066 0.5013 0.0999 
 731 0.0201 0.0134 0.0428 0.1224 0.6563 0.1450 
 732 0.0136 0.0139 0.0999 0.1210 0.6076 0.1441 
 733 0.0131 0.0131 0.0457 0.1102 0.7273 0.0906 
 734 0.0144 0.0129 0.0497 0.1658 0.6902 0.0669 
 735 0.0117 0.0101 0.0391 0.0868 0.7461 0.1063 
 736 0.0180 0.0114 0.0536 0.2056 0.5916 0.1198 
 737 0.0464 0.0315 0.1104 0.1811 0.5060 0.1246 
 738 0.0140 0.0232 0.0895 0.1441 0.6180 0.1113 
 739 0.0132 0.0108 0.0407 0.1144 0.7363 0.0845 
 740 0.0181 0.0729 0.0644 0.0891 0.1136 0.6419 
 741 0.0291 0.0695 0.0580 0.1197 0.1773 0.5464 
 742 0.0163 0.0124 0.0415 0.5314 0.1909 0.2075 
 743 0.0149 0.0239 0.2665 0.2637 0.2386 0.1923 
 744 0.0694 0.0174 0.2674 0.3250 0.1217 0.1991 
 745 0.0470 0.0248 0.0507 0.6352 0.1516 0.0907 
 746 0.0204 0.0116 0.1837 0.2070 0.2570 0.3202 
 747 0.0192 0.0148 0.2241 0.3590 0.2028 0.1801 
 748 0.0126 0.0098 0.1148 0.2581 0.1287 0.4760 
 749 0.0282 0.0138 0.2555 0.2741 0.1667 0.2617 
 750 0.0176 0.0163 0.4211 0.2016 0.1776 0.1657 
 751 0.0138 0.0107 0.2143 0.2029 0.1342 0.4240 
 752 0.0175 0.0109 0.2662 0.2987 0.2146 0.1921 
 753 0.0244 0.0136 0.1960 0.1947 0.2847 0.2866 
 754 0.0222 0.0512 0.0405 0.1774 0.2097 0.4991 
 755 0.0139 0.0228 0.2708 0.1823 0.2151 0.2950 
 756 0.0160 0.0156 0.2675 0.3536 0.1050 0.2423 
 757 0.0144 0.0118 0.1348 0.3705 0.1785 0.2901 
 758 0.0241 0.0318 0.0901 0.6421 0.1120 0.0999 
 759 0.0298 0.0231 0.0600 0.1162 0.2564 0.5144 
 760 0.0175 0.0405 0.1242 0.2455 0.3510 0.2213 
 761 0.0172 0.0153 0.1298 0.1046 0.3494 0.3837 
 762 0.0125 0.0318 0.0715 0.2900 0.4654 0.1289 
 763 0.0231 0.0139 0.2007 0.1933 0.2789 0.2900 
 764 0.0143 0.0217 0.2245 0.3451 0.1835 0.2109 
 765 0.0139 0.0278 0.3378 0.1339 0.3614 0.1252 
 766 0.0125 0.0156 0.2673 0.2126 0.1558 0.3362 
 767 0.0176 0.0128 0.1108 0.3771 0.1599 0.3217 
 768 0.0125 0.0361 0.0767 0.2560 0.4892 0.1294 
 769 0.0194 0.0175 0.0549 0.1487 0.4005 0.3589 
 770 0.0147 0.0187 0.1240 0.3267 0.3993 0.1167 
 771 0.1050 0.0380 0.2128 0.1964 0.1048 0.3429 
 772 0.0530 0.0332 0.0618 0.3389 0.1582 0.3550 
 773 0.0141 0.0330 0.4310 0.1951 0.1585 0.1684 
 774 0.0165 0.0141 0.1931 0.1232 0.1584 0.4947 
 775 0.0131 0.0116 0.0379 0.2376 0.4930 0.2068 
 776 0.0182 0.0102 0.1257 0.5651 0.1527 0.1282 
 777 0.0418 0.0119 0.1940 0.3029 0.2022 0.2473 
 778 0.0223 0.0134 0.3586 0.1645 0.1431 0.2981 
 779 0.0154 0.0286 0.2001 0.3220 0.1552 0.2788 
 780 0.0126 0.0141 0.1508 0.2209 0.1506 0.4510 
 781 0.0286 0.0154 0.6005 0.0802 0.0813 0.1941 
 782 0.0151 0.0297 0.1991 0.3246 0.1555 0.2760 
 783 0.0139 0.0128 0.1885 0.2798 0.2055 0.2996 
 784 0.0171 0.0160 0.0901 0.4552 0.2348 0.1868 
 785 0.0208 0.0309 0.0884 0.3503 0.1965 0.3131 
 786 0.0160 0.0139 0.1101 0.2338 0.1634 0.4628 
 787 0.0216 0.0122 0.2109 0.1684 0.0918 0.4950 
 788 0.0343 0.0371 0.0641 0.3993 0.2442 0.2210 
 789 0.0148 0.0143 0.0602 0.4920 0.2163 0.2023 
 790 0.0141 0.0190 0.0980 0.1938 0.2620 0.4132 
 791 0.0147 0.0097 0.0899 0.4102 0.1948 0.2806 
 792 0.0384 0.0437 0.1575 0.1851 0.0945 0.4809 
 793 0.0376 0.0110 0.0717 0.1129 0.2223 0.5445 
 794 0.0188 0.0213 0.0868 0.3546 0.2222 0.2962 
 795 0.0191 0.0113 0.0779 0.1017 0.2320 0.5580 
 796 0.0207 0.0131 0.0508 0.4677 0.1216 0.3262 
 797 0.0277 0.0101 0.1331 0.1033 0.1493 0.5766 
 798 0.1524 0.0127 0.0654 0.2403 0.4505 0.0788 
 799 0.0239 0.0565 0.0691 0.5172 0.1557 0.1777 
 800 0.0563 0.0161 0.0641 0.1586 0.0758 0.6291 
 801 0.1239 0.0119 0.0736 0.2256 0.4260 0.1391 
 802 0.1261 0.0145 0.1144 0.1642 0.2490 0.3318 
 803 0.0354 0.0383 0.0435 0.1466 0.1755 0.5606 
 804 0.0788 0.0871 0.1909 0.2001 0.2221 0.2210 
 805 0.0200 0.0110 0.0436 0.1051 0.0949 0.7254 
 806 0.2399 0.0340 0.1183 0.1238 0.3161 0.1678 
 807 0.0389 0.0101 0.1141 0.0773 0.1116 0.6480 
 808 0.0910 0.0101 0.1424 0.1466 0.1278 0.4820 
 809 0.3525 0.0116 0.1016 0.1490 0.2448 0.1404 
 810 0.0219 0.0167 0.1157 0.2135 0.3159 0.3163 
 811 0.1236 0.0387 0.0507 0.1119 0.1492 0.5259 
 812 0.5861 0.0155 0.0734 0.1383 0.1138 0.0728 
 813 0.1412 0.0139 0.0397 0.3279 0.3850 0.0923 
 814 0.1178 0.0235 0.3014 0.2873 0.1195 0.1505 
 815 0.3195 0.0170 0.0433 0.1235 0.2601 0.2366 
 816 0.0936 0.0158 0.0714 0.2104 0.1935 0.4154 
 817 0.1253 0.0144 0.1144 0.1625 0.2516 0.3318 
 818 0.0255 0.0291 0.0315 0.5335 0.1952 0.1852 
 819 0.0185 0.3783 0.0594 0.1453 0.0931 0.3055 
 820 0.0301 0.0984 0.1135 0.3742 0.1219 0.2618 
 821 0.0144 0.0721 0.0425 0.4290 0.2148 0.2271 
 822 0.0164 0.5912 0.0453 0.0990 0.1842 0.0640 
 823 0.0163 0.0158 0.0396 0.2909 0.3179 0.3196 
 824 0.0171 0.0456 0.1571 0.3181 0.1960 0.2661 
 825 0.0187 0.0512 0.0684 0.4123 0.3085 0.1408 
 826 0.0152 0.0160 0.0927 0.6401 0.1352 0.1009 
 827 0.0140 0.0146 0.0623 0.2504 0.5268 0.1319 
 828 0.0131 0.0194 0.1321 0.1046 0.5692 0.1615 
 829 0.0447 0.0307 0.0655 0.2024 0.4453 0.2113 
 830 0.0129 0.0581 0.0411 0.2017 0.5958 0.0904 
 831 0.0169 0.2728 0.1054 0.0961 0.3115 0.1972 
 832 0.0746 0.0648 0.0345 0.3096 0.2531 0.2633 
 833 0.0430 0.0120 0.0267 0.3314 0.3102 0.2768 
