   1 0.0119 0.0664 0.0301 0.1207 0.3080 0.2833 0.1795 
   2 0.0064 0.0064 0.0152 0.1082 0.0912 0.1886 0.5841 
   3 0.0125 0.0112 0.0407 0.0914 0.2273 0.3951 0.2219 
   4 0.0220 0.0067 0.0334 0.1117 0.5028 0.1123 0.2111 
   5 0.0098 0.0071 0.0170 0.1267 0.0952 0.2356 0.5087 
   6 0.0081 0.0067 0.0172 0.0870 0.1026 0.6531 0.1253 
   7 0.0115 0.0067 0.0243 0.3851 0.0950 0.3526 0.1247 
   8 0.0872 0.0085 0.0379 0.1260 0.3258 0.2656 0.1489 
   9 0.0202 0.0162 0.0186 0.1184 0.1697 0.3359 0.3210 
  10 0.0388 0.0091 0.0196 0.1356 0.2220 0.4419 0.1330 
  11 0.0067 0.0160 0.0243 0.3839 0.0954 0.3460 0.1276 
  12 0.0087 0.0063 0.0155 0.1363 0.1476 0.2509 0.4346 
  13 0.0121 0.0087 0.0192 0.1613 0.1436 0.3797 0.2754 
  14 0.0097 0.0082 0.0362 0.0763 0.1499 0.1973 0.5223 
  15 0.0105 0.0062 0.0538 0.1427 0.2742 0.1727 0.3399 
  16 0.0068 0.0161 0.0240 0.1078 0.1299 0.5509 0.1646 
  17 0.0236 0.0104 0.0228 0.1048 0.1354 0.4216 0.2813 
  18 0.0213 0.0108 0.0441 0.0749 0.1645 0.3415 0.3428 
  19 0.0081 0.0067 0.0174 0.1065 0.1240 0.5683 0.1689 
  20 0.0086 0.0072 0.0374 0.2083 0.1452 0.2180 0.3754 
  21 0.0088 0.0156 0.0248 0.0834 0.2486 0.2087 0.4102 
  22 0.0109 0.0097 0.0175 0.0745 0.1587 0.5701 0.1584 
  23 0.0201 0.0184 0.0381 0.1100 0.2961 0.1464 0.3708 
  24 0.0073 0.0148 0.0263 0.0946 0.2748 0.3796 0.2025 
  25 0.0108 0.0060 0.0359 0.2091 0.0733 0.4254 0.2395 
  26 0.0169 0.0085 0.0274 0.0999 0.2218 0.3510 0.2745 
  27 0.0107 0.0141 0.0212 0.1005 0.1615 0.4069 0.2849 
  28 0.0253 0.0170 0.0254 0.1742 0.3593 0.2425 0.1562 
  29 0.0058 0.0104 0.0158 0.1951 0.1207 0.2431 0.4090 
  30 0.0067 0.0133 0.0204 0.0706 0.1274 0.5509 0.2107 
  31 0.0595 0.0141 0.0184 0.1507 0.1828 0.2575 0.3170 
  32 0.0096 0.0069 0.0325 0.1083 0.2566 0.3208 0.2653 
  33 0.0068 0.0220 0.0312 0.1560 0.2330 0.3282 0.2229 
  34 0.0356 0.0134 0.0363 0.3017 0.1386 0.3543 0.1201 
  35 0.0218 0.0305 0.0149 0.0855 0.0972 0.3148 0.4353 
  36 0.0069 0.0795 0.1448 0.0754 0.1092 0.1862 0.3981 
  37 0.0137 0.0086 0.0170 0.1140 0.2369 0.2338 0.3759 
  38 0.0069 0.0676 0.3114 0.1764 0.0771 0.1558 0.2049 
  39 0.0104 0.0432 0.0468 0.1820 0.1102 0.2756 0.3318 
  40 0.0065 0.0523 0.0274 0.0606 0.1749 0.1966 0.4818 
  41 0.0080 0.3272 0.0388 0.1130 0.0791 0.1640 0.2700 
  42 0.0067 0.1865 0.0694 0.0773 0.3539 0.1273 0.1789 
  43 0.0134 0.0258 0.0157 0.1136 0.1533 0.1603 0.5179 
  44 0.0112 0.0522 0.0134 0.0794 0.0885 0.2344 0.5209 
  45 0.0069 0.1461 0.0658 0.0940 0.0750 0.1737 0.4386 
  46 0.0186 0.0151 0.0195 0.1149 0.1016 0.3778 0.3525 
  47 0.0416 0.0215 0.0144 0.1028 0.1357 0.3982 0.2857 
  48 0.0146 0.0442 0.0178 0.0595 0.0910 0.2156 0.5574 
  49 0.0140 0.0550 0.0250 0.1086 0.1294 0.2722 0.3959 
  50 0.0252 0.0157 0.0205 0.1611 0.1301 0.4169 0.2303 
  51 0.0056 0.2654 0.0705 0.0615 0.0821 0.0998 0.4152 
  52 0.0129 0.0887 0.0294 0.1797 0.1417 0.2823 0.2653 
  53 0.0111 0.0352 0.1975 0.1280 0.1361 0.3001 0.1919 
  54 0.0174 0.0198 0.0115 0.1065 0.1494 0.2120 0.4835 
  55 0.0108 0.0110 0.0156 0.0876 0.1029 0.1453 0.6268 
  56 0.0104 0.0242 0.0370 0.0638 0.1354 0.2510 0.4783 
  57 0.0440 0.0112 0.0199 0.1312 0.2661 0.3722 0.1554 
  58 0.0075 0.0413 0.0284 0.1038 0.1212 0.1629 0.5349 
  59 0.0074 0.1417 0.1006 0.1087 0.1208 0.1763 0.3446 
  60 0.0080 0.0297 0.0401 0.0767 0.1919 0.1434 0.5101 
  61 0.0055 0.0145 0.0117 0.0677 0.1527 0.0864 0.6615 
  62 0.0299 0.0334 0.0189 0.1138 0.1291 0.3177 0.3572 
  63 0.0058 0.0153 0.0303 0.1969 0.1813 0.1683 0.4020 
  64 0.0094 0.0179 0.0414 0.1034 0.0878 0.4582 0.2820 
  65 0.0080 0.0090 0.0184 0.4119 0.0725 0.2228 0.2573 
  66 0.0088 0.0090 0.0181 0.1366 0.2285 0.1409 0.4582 
  67 0.0093 0.0166 0.0120 0.0980 0.0876 0.1561 0.6204 
  68 0.0102 0.1277 0.1111 0.1020 0.1454 0.1676 0.3360 
  69 0.0561 0.1275 0.2261 0.1463 0.1426 0.1532 0.1482 
  70 0.0069 0.0321 0.0873 0.1823 0.1584 0.1437 0.3892 
  71 0.0070 0.1430 0.0809 0.0987 0.0659 0.1582 0.4463 
  72 0.0086 0.0218 0.0398 0.1018 0.0907 0.4030 0.3343 
  73 0.0073 0.0405 0.0201 0.1123 0.0754 0.1262 0.6182 
  74 0.0065 0.0702 0.1399 0.0715 0.1915 0.1831 0.3372 
  75 0.0087 0.0759 0.0919 0.0561 0.2153 0.1455 0.4065 
  76 0.0080 0.0127 0.0196 0.2237 0.1079 0.1738 0.4544 
  77 0.0053 0.2297 0.0815 0.1556 0.0757 0.1444 0.3078 
  78 0.0061 0.2284 0.2011 0.1332 0.0810 0.1230 0.2272 
  79 0.0074 0.0067 0.0235 0.2679 0.1061 0.3943 0.1941 
  80 0.0078 0.0081 0.0176 0.1398 0.5129 0.1580 0.1558 
  81 0.0086 0.0064 0.0212 0.1874 0.4097 0.2174 0.1493 
  82 0.0067 0.0098 0.0194 0.1449 0.1743 0.1546 0.4903 
  83 0.0075 0.0062 0.0539 0.1774 0.2962 0.2196 0.2392 
  84 0.0072 0.0069 0.0299 0.2513 0.2803 0.2355 0.1889 
  85 0.0075 0.0059 0.0569 0.1076 0.3248 0.2756 0.2217 
  86 0.0109 0.0151 0.0185 0.1393 0.0958 0.2255 0.4950 
  87 0.0101 0.0070 0.0466 0.3777 0.1163 0.2037 0.2385 
  88 0.0080 0.0069 0.0203 0.2067 0.3304 0.1677 0.2600 
  89 0.0126 0.0076 0.0186 0.1501 0.3796 0.1815 0.2500 
  90 0.0069 0.0063 0.0224 0.4169 0.1327 0.1857 0.2291 
  91 0.0074 0.0064 0.0546 0.1033 0.4798 0.1671 0.1813 
  92 0.0076 0.0064 0.0216 0.2135 0.1696 0.2738 0.3074 
  93 0.0148 0.0091 0.0144 0.0700 0.6457 0.1111 0.1349 
  94 0.0061 0.0082 0.1126 0.4749 0.1017 0.1696 0.1269 
  95 0.0069 0.0070 0.0201 0.3953 0.2550 0.1219 0.1937 
  96 0.0061 0.0160 0.0138 0.0777 0.2529 0.0897 0.5439 
  97 0.0084 0.0330 0.1122 0.0629 0.1966 0.1815 0.4054 
  98 0.0053 0.0287 0.0177 0.0863 0.1372 0.2312 0.4935 
  99 0.0072 0.0068 0.0254 0.2899 0.2603 0.2183 0.1921 
 100 0.0086 0.0079 0.0129 0.0650 0.5167 0.1039 0.2850 
 101 0.0194 0.0078 0.0455 0.2326 0.1559 0.1758 0.3630 
 102 0.0087 0.0148 0.0476 0.2106 0.3607 0.1125 0.2452 
 103 0.0171 0.0095 0.0168 0.2322 0.1891 0.1183 0.4170 
 104 0.0091 0.0072 0.0163 0.4878 0.1295 0.1356 0.2146 
 105 0.0177 0.0139 0.0139 0.3910 0.1787 0.1029 0.2818 
 106 0.0061 0.0088 0.0341 0.4671 0.0596 0.2584 0.1658 
 107 0.0120 0.0087 0.0163 0.3687 0.1712 0.1129 0.3103 
 108 0.0059 0.0062 0.2029 0.0773 0.0865 0.1024 0.5190 
 109 0.0135 0.0672 0.0535 0.3941 0.0617 0.1727 0.2374 
 110 0.0070 0.0119 0.0327 0.5422 0.0666 0.2194 0.1201 
 111 0.0066 0.0112 0.0144 0.6080 0.0893 0.0991 0.1713 
 112 0.0068 0.1022 0.0261 0.5342 0.0686 0.1136 0.1486 
 113 0.0109 0.0127 0.0330 0.1365 0.1286 0.1957 0.4827 
 114 0.0095 0.0105 0.0146 0.4823 0.1593 0.1234 0.2003 
 115 0.0097 0.0178 0.0217 0.3971 0.1141 0.1257 0.3140 
 116 0.0083 0.0264 0.0646 0.3116 0.0641 0.1828 0.3423 
 117 0.0108 0.0385 0.0287 0.5269 0.0879 0.1848 0.1224 
 118 0.0069 0.0100 0.0224 0.2340 0.0850 0.1216 0.5201 
 119 0.0061 0.0136 0.0421 0.1451 0.2747 0.0998 0.4186 
 120 0.0095 0.0176 0.0205 0.3905 0.1175 0.1382 0.3061 
 121 0.0391 0.0495 0.0287 0.3937 0.0830 0.1254 0.2807 
 122 0.0070 0.0164 0.0261 0.4305 0.0813 0.2550 0.1837 
 123 0.0073 0.0112 0.0335 0.4931 0.1111 0.1406 0.2030 
 124 0.0124 0.0545 0.0327 0.3279 0.0778 0.2158 0.2788 
 125 0.0080 0.1038 0.0537 0.2618 0.0980 0.3234 0.1513 
 126 0.0051 0.0170 0.0414 0.3377 0.1203 0.1765 0.3019 
 127 0.0070 0.0071 0.0141 0.5773 0.0920 0.0911 0.2113 
 128 0.0061 0.0103 0.0128 0.1888 0.0837 0.1392 0.5591 
 129 0.0148 0.0091 0.0152 0.3958 0.0736 0.1137 0.3778 
 130 0.0130 0.0118 0.0156 0.4537 0.1665 0.1330 0.2064 
 131 0.0141 0.1079 0.1656 0.2788 0.0652 0.1845 0.1838 
 132 0.0083 0.0122 0.0249 0.3847 0.0655 0.2307 0.2735 
 133 0.0130 0.0118 0.0217 0.4178 0.1116 0.1215 0.3025 
 134 0.0050 0.0145 0.0204 0.6267 0.0519 0.1701 0.1113 
 135 0.0094 0.0180 0.0227 0.0609 0.4008 0.0974 0.3909 
 136 0.0133 0.0085 0.0154 0.0515 0.6200 0.1496 0.1417 
 137 0.0094 0.0099 0.0156 0.1092 0.6541 0.0972 0.1046 
 138 0.0069 0.0089 0.0204 0.0526 0.6807 0.1073 0.1232 
 139 0.0083 0.0100 0.0171 0.0601 0.2480 0.1330 0.5236 
 140 0.0098 0.0152 0.0231 0.0969 0.4208 0.1717 0.2626 
 141 0.0288 0.0111 0.0228 0.0546 0.4949 0.2199 0.1679 
 142 0.0098 0.0167 0.0202 0.0573 0.3875 0.0917 0.4169 
 143 0.0056 0.0068 0.0129 0.0483 0.7359 0.0809 0.1096 
 144 0.0067 0.0098 0.0149 0.1059 0.6639 0.0850 0.1136 
 145 0.0155 0.0139 0.0223 0.0561 0.4029 0.2435 0.2457 
 146 0.0147 0.0117 0.0237 0.1127 0.4579 0.2010 0.1783 
 147 0.0084 0.0068 0.0138 0.0492 0.7331 0.0923 0.0964 
 148 0.0227 0.0136 0.0152 0.0801 0.4521 0.1620 0.2543 
 149 0.0445 0.0183 0.0229 0.0526 0.5283 0.1151 0.2182 
 150 0.0115 0.0119 0.0151 0.1507 0.4998 0.1246 0.1865 
 151 0.0073 0.0083 0.0132 0.0682 0.6437 0.0990 0.1603 
 152 0.0136 0.0108 0.0336 0.0692 0.4150 0.1598 0.2981 
 153 0.0093 0.0187 0.0210 0.0694 0.5934 0.1274 0.1608 
 154 0.0734 0.0112 0.0166 0.0507 0.5019 0.1390 0.2072 
 155 0.0075 0.0070 0.0129 0.0677 0.6810 0.0923 0.1315 
 156 0.0060 0.0150 0.0132 0.0723 0.5623 0.0767 0.2545 
 157 0.0085 0.0078 0.0208 0.1548 0.5890 0.1061 0.1129 
 158 0.0154 0.0142 0.0249 0.0562 0.4669 0.2345 0.1879 
 159 0.0327 0.0067 0.0146 0.0501 0.6971 0.0890 0.1096 
 160 0.0376 0.0070 0.0144 0.0498 0.6707 0.0907 0.1298 
 161 0.0078 0.0161 0.0220 0.0779 0.5385 0.1622 0.1755 
 162 0.0216 0.0108 0.0213 0.1028 0.3857 0.2102 0.2475 
 163 0.0064 0.0098 0.0127 0.0624 0.6864 0.0808 0.1414 
 164 0.0673 0.0076 0.0175 0.0976 0.4150 0.1567 0.2383 
 165 0.0082 0.0112 0.0150 0.1494 0.5582 0.1014 0.1566 
 166 0.0447 0.0073 0.0637 0.1446 0.4181 0.1052 0.2164 
 167 0.1286 0.0068 0.0180 0.0734 0.4825 0.1718 0.1189 
 168 0.0076 0.0091 0.0569 0.0631 0.5596 0.1262 0.1775 
 169 0.0165 0.0383 0.0953 0.0544 0.3312 0.2960 0.1683 
 170 0.0064 0.0127 0.0143 0.0721 0.5082 0.1003 0.2860 
 171 0.0100 0.0063 0.0390 0.0746 0.4422 0.1576 0.2703 
 172 0.0133 0.0981 0.0810 0.0508 0.3882 0.1390 0.2296 
 173 0.0108 0.0066 0.0134 0.0505 0.6567 0.0925 0.1695 
 174 0.0098 0.0072 0.0143 0.0693 0.6642 0.1099 0.1253 
 175 0.0084 0.0097 0.0139 0.0495 0.6502 0.1418 0.1264 
 176 0.0067 0.0098 0.0147 0.1062 0.6656 0.0852 0.1117 
 177 0.0100 0.0123 0.0360 0.1614 0.4776 0.1553 0.1475 
 178 0.0134 0.0072 0.0149 0.0699 0.5577 0.1999 0.1371 
 179 0.0167 0.0061 0.0137 0.0501 0.7069 0.0936 0.1129 
 180 0.0235 0.0131 0.0244 0.0805 0.5127 0.1786 0.1671 
 181 0.0117 0.0128 0.0207 0.0554 0.4732 0.1364 0.2898 
 182 0.0120 0.0076 0.0141 0.0524 0.5779 0.0835 0.2525 
 183 0.0086 0.0070 0.0136 0.0509 0.6828 0.0982 0.1390 
 184 0.0116 0.0064 0.0195 0.0912 0.0940 0.2408 0.5366 
 185 0.0056 0.0169 0.0131 0.0457 0.6180 0.0682 0.2325 
 186 0.0094 0.0064 0.0132 0.1541 0.0935 0.2624 0.4611 
 187 0.0068 0.0064 0.0155 0.0867 0.3105 0.1554 0.4188 
 188 0.0102 0.0070 0.0117 0.1255 0.0718 0.2227 0.5511 
 189 0.0066 0.0087 0.0630 0.0720 0.2955 0.2691 0.2850 
 190 0.0052 0.0104 0.0115 0.0476 0.2220 0.0633 0.6400 
 191 0.0072 0.0069 0.0126 0.0744 0.1331 0.1610 0.6048 
 192 0.0063 0.0072 0.0147 0.1204 0.3093 0.1911 0.3510 
 193 0.0064 0.0080 0.0162 0.0770 0.2307 0.1952 0.4666 
 194 0.0083 0.0099 0.0157 0.1025 0.2858 0.1471 0.4306 
 195 0.0065 0.0083 0.0118 0.0498 0.3513 0.0844 0.4880 
 196 0.0052 0.0091 0.0144 0.0648 0.1963 0.0820 0.6283 
 197 0.0087 0.0077 0.0150 0.1277 0.1961 0.2926 0.3522 
 198 0.0059 0.0091 0.0210 0.1132 0.1983 0.2657 0.3867 
 199 0.0066 0.0094 0.0196 0.0675 0.1599 0.0907 0.6463 
 200 0.0056 0.0095 0.0269 0.0664 0.1777 0.1441 0.5697 
 201 0.0058 0.0062 0.0116 0.0592 0.4650 0.1009 0.3513 
 202 0.0057 0.0101 0.0117 0.0685 0.4719 0.0804 0.3516 
 203 0.0069 0.0074 0.0118 0.0570 0.4318 0.0893 0.3959 
 204 0.0066 0.0080 0.0115 0.0547 0.1736 0.0815 0.6641 
 205 0.0061 0.0078 0.0197 0.0694 0.1407 0.1157 0.6406 
 206 0.0083 0.0066 0.0116 0.0552 0.2022 0.1073 0.6088 
 207 0.0059 0.0074 0.0112 0.0713 0.1026 0.0891 0.7125 
 208 0.0063 0.0064 0.0117 0.0595 0.2778 0.0917 0.5467 
 209 0.0063 0.0077 0.0127 0.0736 0.1707 0.1633 0.5657 
 210 0.0058 0.0071 0.0113 0.0695 0.1987 0.0983 0.6092 
 211 0.0082 0.0101 0.0118 0.0917 0.2256 0.0803 0.5722 
 212 0.0058 0.0098 0.0141 0.0550 0.4842 0.1326 0.2985 
 213 0.0061 0.0188 0.0199 0.1160 0.1735 0.1336 0.5321 
 214 0.0059 0.0078 0.0116 0.0565 0.4752 0.0957 0.3474 
 215 0.0057 0.0071 0.0189 0.0777 0.1085 0.1066 0.6755 
 216 0.0115 0.0064 0.0175 0.0994 0.1209 0.2664 0.4780 
 217 0.0060 0.0074 0.0172 0.0540 0.3998 0.1052 0.4104 
 218 0.0072 0.0063 0.0183 0.0814 0.1674 0.1322 0.5871 
 219 0.0137 0.0065 0.0301 0.0823 0.2787 0.2672 0.3216 
 220 0.0065 0.0066 0.0114 0.0651 0.1289 0.1002 0.6814 
 221 0.0059 0.0155 0.0118 0.0458 0.5714 0.0737 0.2759 
 222 0.0108 0.0064 0.0180 0.0996 0.1801 0.3386 0.3466 
 223 0.0065 0.0063 0.0200 0.0854 0.3812 0.1665 0.3340 
 224 0.0090 0.0070 0.0117 0.0585 0.3744 0.1081 0.4314 
 225 0.0062 0.0079 0.0150 0.0663 0.1785 0.1073 0.6188 
 226 0.0085 0.0078 0.1134 0.0754 0.1911 0.1592 0.4447 
 227 0.0064 0.0097 0.0120 0.0711 0.2620 0.0901 0.5487 
 228 0.0064 0.0125 0.0118 0.0470 0.3156 0.0760 0.5307 
 229 0.0080 0.0069 0.0117 0.0721 0.3962 0.1342 0.3709 
 230 0.0074 0.0075 0.0116 0.0656 0.2974 0.1070 0.5035 
 231 0.0067 0.0069 0.0129 0.0641 0.3316 0.1778 0.4000 
 232 0.0075 0.0154 0.0253 0.0942 0.2868 0.1676 0.4031 
 233 0.0063 0.0067 0.0117 0.0578 0.5356 0.0987 0.2832 
 234 0.0056 0.0068 0.0161 0.0991 0.2436 0.2379 0.3908 
 235 0.0068 0.0076 0.0221 0.0685 0.3179 0.1514 0.4257 
 236 0.0061 0.0067 0.0158 0.0730 0.3941 0.1362 0.3681 
 237 0.0062 0.0080 0.0127 0.0647 0.1169 0.1029 0.6887 
 238 0.0056 0.0083 0.0119 0.0763 0.4622 0.1169 0.3189 
 239 0.0066 0.0080 0.0117 0.0496 0.3558 0.0855 0.4828 
 240 0.0055 0.0086 0.0116 0.0758 0.4613 0.1164 0.3206 
 241 0.0075 0.0079 0.0163 0.0603 0.4345 0.1005 0.3730 
 242 0.0075 0.0090 0.0273 0.0681 0.2277 0.2104 0.4500 
 243 0.0054 0.0081 0.0116 0.0529 0.1990 0.0704 0.6527 
 244 0.0067 0.0073 0.0117 0.0566 0.3721 0.0949 0.4507 
 245 0.0056 0.0096 0.0118 0.0627 0.5888 0.0890 0.2325 
 246 0.0060 0.0074 0.0170 0.0538 0.3956 0.1058 0.4144 
 247 0.0053 0.0094 0.0270 0.2179 0.0839 0.1778 0.4788 
 248 0.0053 0.0065 0.0140 0.0901 0.0861 0.1125 0.6856 
 249 0.0066 0.0080 0.0117 0.0665 0.3771 0.1080 0.4221 
 250 0.0070 0.0067 0.0148 0.0857 0.3136 0.1544 0.4178 
 251 0.0066 0.0079 0.0488 0.0905 0.1495 0.2195 0.4771 
 252 0.0067 0.0077 0.0153 0.0737 0.2823 0.1339 0.4803 
 253 0.0063 0.0087 0.0271 0.1157 0.1208 0.1417 0.5796 
 254 0.0101 0.0064 0.0144 0.0881 0.1921 0.2654 0.4236 
 255 0.0065 0.0078 0.0130 0.0829 0.2569 0.2318 0.4011 
 256 0.0066 0.0077 0.0143 0.0627 0.2878 0.1060 0.5149 
 257 0.0203 0.0077 0.0160 0.0867 0.2070 0.1218 0.5404 
 258 0.0051 0.0098 0.0163 0.0956 0.1473 0.1405 0.5853 
 259 0.0084 0.0069 0.0145 0.0795 0.2040 0.1370 0.5498 
 260 0.0097 0.0065 0.0149 0.0921 0.3624 0.2790 0.2353 
 261 0.0060 0.0081 0.0160 0.0628 0.3594 0.1160 0.4317 
 262 0.0057 0.0094 0.0157 0.0458 0.3029 0.0739 0.5466 
 263 0.0116 0.0067 0.0115 0.0729 0.1132 0.1575 0.6267 
 264 0.0120 0.0073 0.0180 0.0903 0.0714 0.4532 0.3478 
 265 0.0061 0.0065 0.0214 0.0753 0.2522 0.1682 0.4703 
 266 0.0057 0.0101 0.0120 0.0472 0.5511 0.0743 0.2996 
 267 0.0060 0.0075 0.0127 0.0836 0.2466 0.1606 0.4830 
 268 0.0053 0.0093 0.0143 0.0650 0.1950 0.0811 0.6300 
 269 0.0064 0.0066 0.0386 0.0750 0.2715 0.2846 0.3173 
 270 0.0120 0.0068 0.0145 0.1004 0.1249 0.2527 0.4887 
 271 0.0059 0.0070 0.0190 0.0893 0.1412 0.1233 0.6143 
 272 0.0075 0.0083 0.1055 0.0787 0.1471 0.1177 0.5352 
 273 0.0677 0.0162 0.0368 0.1046 0.2499 0.2093 0.3156 
 274 0.0065 0.0067 0.0280 0.0831 0.1728 0.1679 0.5350 
 275 0.0169 0.0102 0.0413 0.0706 0.2023 0.1664 0.4923 
 276 0.0079 0.0095 0.0687 0.0835 0.1198 0.1113 0.5993 
 277 0.0065 0.0063 0.0195 0.0844 0.3220 0.1879 0.3734 
 278 0.0054 0.0069 0.0183 0.0677 0.1299 0.0957 0.6759 
 279 0.0068 0.0063 0.0192 0.0792 0.2233 0.1478 0.5173 
 280 0.0063 0.0090 0.0318 0.0677 0.2006 0.2059 0.4787 
 281 0.0070 0.0065 0.0181 0.1012 0.1756 0.1602 0.5314 
 282 0.0056 0.0061 0.0160 0.0780 0.4842 0.1665 0.2434 
 283 0.0065 0.0075 0.0120 0.0748 0.5214 0.1180 0.2598 
 284 0.0071 0.0094 0.0161 0.1084 0.3068 0.1460 0.4063 
 285 0.0055 0.0092 0.0193 0.0858 0.0652 0.1324 0.6826 
 286 0.0068 0.0070 0.0113 0.0566 0.3722 0.0943 0.4517 
 287 0.0076 0.0065 0.0293 0.0976 0.2507 0.2287 0.3797 
 288 0.0079 0.0075 0.0722 0.0772 0.1449 0.1404 0.5499 
 289 0.0099 0.0111 0.0570 0.1150 0.1293 0.1412 0.5366 
 290 0.0097 0.0261 0.0178 0.0654 0.1672 0.2157 0.4982 
 291 0.0059 0.0071 0.0191 0.0885 0.1399 0.1216 0.6179 
 292 0.0063 0.0123 0.0343 0.0598 0.2305 0.1614 0.4953 
 293 0.0064 0.0222 0.0182 0.0745 0.1061 0.2921 0.4806 
 294 0.0136 0.0080 0.0148 0.0701 0.0972 0.1551 0.6411 
 295 0.0114 0.0154 0.0640 0.0921 0.1597 0.1376 0.5198 
 296 0.0062 0.0067 0.0181 0.0802 0.1343 0.1018 0.6527 
 297 0.0071 0.0088 0.0308 0.0760 0.1491 0.2538 0.4744 
 298 0.0066 0.0065 0.0153 0.0932 0.3980 0.1996 0.2808 
 299 0.0145 0.0067 0.0119 0.0841 0.1401 0.2401 0.5027 
 300 0.0067 0.0092 0.0153 0.0632 0.0906 0.1188 0.6961 
 301 0.0125 0.0071 0.0221 0.0832 0.1222 0.2675 0.4853 
 302 0.0137 0.0102 0.0160 0.0679 0.1034 0.1373 0.6516 
 303 0.0066 0.0105 0.0164 0.0619 0.3647 0.1494 0.3904 
 304 0.0114 0.0080 0.0126 0.1109 0.3963 0.2976 0.1631 
 305 0.0086 0.0088 0.0161 0.0485 0.2427 0.0886 0.5867 
 306 0.0066 0.0075 0.0230 0.0618 0.4073 0.1310 0.3629 
 307 0.0087 0.0070 0.0191 0.0816 0.2810 0.1594 0.4433 
 308 0.0061 0.0079 0.0160 0.0631 0.3622 0.1158 0.4288 
 309 0.0292 0.0234 0.0237 0.1021 0.1320 0.1130 0.5766 
 310 0.0054 0.0076 0.0116 0.0529 0.2647 0.0846 0.5732 
 311 0.0077 0.0068 0.0116 0.0661 0.2974 0.1070 0.5034 
 312 0.0057 0.0076 0.0117 0.0769 0.1264 0.0885 0.6832 
 313 0.0063 0.0076 0.0142 0.0640 0.0826 0.0843 0.7410 
 314 0.0170 0.0136 0.0164 0.0470 0.7012 0.0778 0.1269 
 315 0.0220 0.0087 0.0322 0.0578 0.6404 0.0948 0.1441 
 316 0.0580 0.0077 0.0521 0.0625 0.5915 0.1138 0.1143 
 317 0.0197 0.0084 0.0171 0.0492 0.7256 0.0826 0.0974 
 318 0.0538 0.0075 0.0169 0.0489 0.6994 0.0903 0.0832 
 319 0.0065 0.0066 0.0132 0.0489 0.7284 0.0813 0.1151 
 320 0.0174 0.0132 0.0167 0.0476 0.7006 0.0771 0.1273 
 321 0.0408 0.0091 0.0176 0.0495 0.6992 0.0920 0.0919 
 322 0.0222 0.0093 0.0493 0.0634 0.6036 0.1031 0.1490 
 323 0.0290 0.0063 0.0145 0.0496 0.7199 0.0901 0.0907 
 324 0.0421 0.0090 0.0175 0.0499 0.6960 0.0930 0.0926 
 325 0.0625 0.0077 0.0496 0.0602 0.6125 0.1041 0.1035 
 326 0.0867 0.0114 0.0764 0.0616 0.5634 0.0987 0.1017 
 327 0.0194 0.0088 0.0174 0.0490 0.7253 0.0834 0.0967 
 328 0.0198 0.0074 0.0357 0.0611 0.6293 0.1042 0.1425 
 329 0.0082 0.0062 0.0137 0.0489 0.7510 0.0877 0.0843 
 330 0.0201 0.0087 0.0171 0.0492 0.7233 0.0840 0.0974 
 331 0.0178 0.0061 0.0136 0.0484 0.7327 0.0890 0.0925 
 332 0.0924 0.0079 0.0603 0.0615 0.5696 0.1086 0.0997 
 333 0.0686 0.0089 0.0515 0.0616 0.5895 0.0991 0.1208 
 334 0.0214 0.0075 0.0355 0.0610 0.6282 0.1044 0.1419 
 335 0.0095 0.0074 0.0338 0.0608 0.6615 0.0939 0.1332 
 336 0.0786 0.0121 0.0185 0.0486 0.6509 0.0877 0.1036 
 337 0.0503 0.0099 0.0515 0.0609 0.6021 0.1055 0.1199 
 338 0.0733 0.0076 0.0181 0.0500 0.6763 0.0935 0.0813 
 339 0.0195 0.0061 0.0138 0.0488 0.7314 0.0883 0.0921 
 340 0.0080 0.0058 0.0130 0.0478 0.7505 0.0787 0.0962 
 341 0.0493 0.0084 0.0180 0.0511 0.6872 0.0891 0.0968 
 342 0.0197 0.0088 0.0169 0.0493 0.7263 0.0831 0.0959 
 343 0.0254 0.0121 0.0356 0.0591 0.6060 0.0975 0.1643 
 344 0.0170 0.0062 0.0137 0.0490 0.7418 0.0887 0.0836 
 345 0.0199 0.0087 0.0166 0.0486 0.7261 0.0828 0.0972 
 346 0.0257 0.0074 0.0170 0.0487 0.7317 0.0815 0.0880 
 347 0.0081 0.0058 0.0131 0.0477 0.7584 0.0790 0.0880 
 348 0.0080 0.0103 0.0303 0.0573 0.6232 0.0851 0.1858 
 349 0.0199 0.0089 0.0170 0.0491 0.7243 0.0833 0.0974 
 350 0.0083 0.0081 0.0134 0.0470 0.7121 0.0835 0.1276 
 351 0.0084 0.0073 0.0340 0.0605 0.6651 0.0931 0.1316 
 352 0.0285 0.0095 0.0476 0.0607 0.6288 0.0950 0.1299 
 353 0.0780 0.0119 0.0190 0.0487 0.6497 0.0879 0.1048 
 354 0.0263 0.0068 0.0152 0.0500 0.7230 0.0915 0.0872 
 355 0.0530 0.0076 0.0173 0.0496 0.6985 0.0910 0.0830 
 356 0.0054 0.0103 0.0300 0.0571 0.6231 0.0851 0.1889 
 357 0.0068 0.0062 0.0628 0.0771 0.4413 0.2644 0.1414 
 358 0.0591 0.0066 0.0375 0.0609 0.6239 0.1056 0.1064 
 359 0.0526 0.0062 0.0148 0.0491 0.6946 0.0909 0.0918 
 360 0.0245 0.0074 0.0168 0.0487 0.7333 0.0824 0.0870 
 361 0.0066 0.0078 0.0619 0.0787 0.3968 0.2691 0.1791 
 362 0.0092 0.0118 0.0938 0.1682 0.1106 0.2927 0.3137 
 363 0.0083 0.0132 0.0467 0.2362 0.0799 0.4079 0.2079 
 364 0.0234 0.0097 0.0230 0.1115 0.2567 0.3586 0.2172 
 365 0.0236 0.0197 0.0517 0.0995 0.0888 0.5423 0.1744 
 366 0.0079 0.0168 0.0464 0.0738 0.1462 0.3091 0.3997 
 367 0.0057 0.0090 0.0591 0.5054 0.0625 0.2525 0.1058 
 368 0.0070 0.0066 0.0207 0.2635 0.1074 0.2989 0.2959 
 369 0.0120 0.0708 0.0214 0.0876 0.2451 0.2642 0.2989 
 370 0.0268 0.0125 0.0254 0.3080 0.1221 0.1989 0.3062 
 371 0.0190 0.0164 0.0210 0.1036 0.1437 0.3941 0.3022 
 372 0.0945 0.0206 0.0332 0.1801 0.1324 0.1691 0.3701 
 373 0.0075 0.0104 0.0194 0.2777 0.1603 0.3302 0.1945 
 374 0.0101 0.0202 0.0539 0.1337 0.2836 0.3019 0.1966 
 375 0.0219 0.0122 0.0240 0.2017 0.0734 0.5265 0.1404 
 376 0.0832 0.0160 0.0535 0.1465 0.0720 0.5299 0.0990 
 377 0.0118 0.0112 0.0571 0.1322 0.1067 0.3457 0.3353 
 378 0.0103 0.0100 0.0212 0.4222 0.2407 0.1288 0.1668 
 379 0.1532 0.0324 0.0523 0.1617 0.0641 0.4197 0.1166 
 380 0.0138 0.0418 0.1388 0.0640 0.1851 0.3695 0.1871 
 381 0.0100 0.0404 0.0294 0.0573 0.1619 0.5003 0.2007 
 382 0.0069 0.0071 0.0267 0.2241 0.0887 0.5190 0.1276 
 383 0.0553 0.0209 0.1642 0.0623 0.1628 0.4007 0.1337 
 384 0.1024 0.0245 0.0377 0.1275 0.1357 0.4554 0.1169 
 385 0.0572 0.0550 0.0191 0.2110 0.2039 0.3037 0.1500 
 386 0.0054 0.0089 0.0431 0.2401 0.0796 0.4674 0.1555 
 387 0.0060 0.0105 0.0356 0.2351 0.0995 0.4552 0.1580 
 388 0.0257 0.0196 0.0284 0.1649 0.2551 0.3467 0.1595 
 389 0.0185 0.0166 0.0214 0.1076 0.0855 0.1410 0.6094 
 390 0.0201 0.0869 0.1044 0.2933 0.0790 0.2177 0.1987 
 391 0.0227 0.0302 0.0370 0.2480 0.1312 0.1709 0.3600 
 392 0.0085 0.0099 0.0275 0.1284 0.1515 0.5011 0.1731 
 393 0.0097 0.1552 0.1230 0.0843 0.1488 0.3524 0.1267 
 394 0.0114 0.0068 0.0600 0.2151 0.2813 0.2496 0.1758 
 395 0.0049 0.0238 0.1206 0.1609 0.0881 0.1942 0.4075 
 396 0.0063 0.0069 0.0163 0.2050 0.0635 0.5424 0.1597 
 397 0.1036 0.0069 0.0152 0.0804 0.1799 0.2948 0.3193 
 398 0.0369 0.0194 0.1684 0.2557 0.0700 0.3327 0.1169 
 399 0.0066 0.0165 0.0595 0.4642 0.0904 0.1404 0.2224 
 400 0.0080 0.0118 0.0231 0.2200 0.1225 0.4797 0.1349 
 401 0.0053 0.0191 0.0280 0.3976 0.1291 0.1785 0.2424 
 402 0.0085 0.0092 0.0195 0.1738 0.1143 0.3444 0.3303 
 403 0.0103 0.0116 0.0308 0.1539 0.3816 0.2091 0.2029 
 404 0.0099 0.0211 0.0175 0.1269 0.1628 0.4392 0.2225 
 405 0.0061 0.0081 0.0609 0.1083 0.1286 0.3735 0.3145 
 406 0.0052 0.0150 0.3379 0.0643 0.1961 0.1163 0.2651 
 407 0.0055 0.0141 0.0852 0.0975 0.0647 0.6117 0.1214 
 408 0.0048 0.0095 0.0179 0.3851 0.0604 0.1203 0.4020 
 409 0.0126 0.2317 0.0687 0.0817 0.2765 0.1660 0.1629 
 410 0.0780 0.0196 0.0618 0.2098 0.1230 0.3414 0.1664 
 411 0.0268 0.0127 0.0223 0.1067 0.1762 0.4635 0.1917 
 412 0.0072 0.0065 0.0206 0.2444 0.0966 0.3896 0.2351 
 413 0.0094 0.0071 0.0249 0.2715 0.2147 0.2638 0.2088 
 414 0.0075 0.0087 0.0175 0.3228 0.0660 0.3450 0.2326 
 415 0.0060 0.0149 0.0566 0.1279 0.0933 0.4659 0.2354 
 416 0.0074 0.0689 0.0225 0.1785 0.1308 0.3795 0.2125 
 417 0.0074 0.0091 0.2105 0.1477 0.0778 0.4077 0.1399 
 418 0.0083 0.0072 0.0186 0.3580 0.0748 0.4042 0.1290 
 419 0.0145 0.0528 0.0346 0.1652 0.2454 0.2881 0.1995 
 420 0.0047 0.0321 0.0278 0.3416 0.0837 0.1792 0.3309 
 421 0.0086 0.0116 0.0780 0.2239 0.0853 0.3955 0.1972 
 422 0.0083 0.0189 0.1105 0.0877 0.0883 0.2739 0.4125 
 423 0.0106 0.0099 0.0709 0.1536 0.1135 0.3736 0.2679 
 424 0.0097 0.0165 0.0947 0.4089 0.1327 0.1442 0.1934 
 425 0.0353 0.0279 0.0259 0.1371 0.1482 0.4251 0.2005 
 426 0.0484 0.0120 0.0756 0.3417 0.1430 0.2154 0.1638 
 427 0.0090 0.0199 0.1924 0.1943 0.1634 0.3139 0.1071 
 428 0.0249 0.0177 0.2336 0.0804 0.1969 0.1884 0.2580 
 429 0.0064 0.0096 0.0436 0.2548 0.0621 0.5194 0.1042 
 430 0.0071 0.0375 0.1704 0.1283 0.0784 0.4395 0.1388 
 431 0.0159 0.0104 0.0537 0.3445 0.1393 0.1873 0.2488 
 432 0.0072 0.0065 0.0208 0.2605 0.1162 0.3022 0.2865 
 433 0.0175 0.0075 0.0181 0.1377 0.3473 0.1723 0.2996 
 434 0.0079 0.0131 0.0201 0.0935 0.1547 0.4472 0.2633 
 435 0.0055 0.0095 0.3789 0.1523 0.0662 0.2609 0.1268 
 436 0.0076 0.0172 0.3954 0.1754 0.1085 0.1962 0.0997 
 437 0.0086 0.0063 0.0459 0.0974 0.0741 0.6362 0.1315 
 438 0.0064 0.0248 0.4209 0.1491 0.1120 0.1061 0.1807 
 439 0.0064 0.0316 0.3413 0.1408 0.0988 0.2888 0.0923 
 440 0.0048 0.0080 0.3689 0.1773 0.0567 0.2723 0.1120 
 441 0.0076 0.0209 0.1027 0.1485 0.1520 0.4337 0.1346 
 442 0.0070 0.0334 0.0256 0.2144 0.0783 0.4508 0.1903 
 443 0.0053 0.0245 0.0864 0.4068 0.0685 0.1590 0.2494 
 444 0.0064 0.0269 0.0637 0.1906 0.0776 0.4299 0.2048 
 445 0.0414 0.2218 0.0607 0.0862 0.1812 0.2542 0.1546 
 446 0.0451 0.0248 0.2429 0.3001 0.0772 0.2270 0.0830 
 447 0.0080 0.0292 0.2788 0.1416 0.1361 0.2119 0.1944 
 448 0.0061 0.0084 0.0801 0.1451 0.0793 0.5108 0.1702 
 449 0.0069 0.0090 0.0904 0.1263 0.1205 0.4480 0.1989 
 450 0.0094 0.0155 0.0224 0.1408 0.1217 0.6024 0.0879 
 451 0.0060 0.0059 0.0406 0.4756 0.0574 0.2015 0.2130 
 452 0.0066 0.0087 0.0412 0.1429 0.1067 0.5950 0.0989 
 453 0.0060 0.0519 0.0310 0.2008 0.1133 0.1430 0.4541 
 454 0.0082 0.0084 0.1133 0.1324 0.1280 0.4596 0.1500 
 455 0.0051 0.0236 0.4863 0.1426 0.0714 0.1473 0.1237 
 456 0.0067 0.0243 0.1337 0.1554 0.0713 0.3369 0.2716 
 457 0.0070 0.0078 0.0930 0.0905 0.0819 0.5929 0.1268 
 458 0.0429 0.0700 0.0972 0.1547 0.0926 0.4406 0.1021 
 459 0.0061 0.0308 0.1609 0.3161 0.1723 0.2154 0.0983 
 460 0.0057 0.0207 0.1316 0.4209 0.0752 0.2456 0.1003 
 461 0.0072 0.0138 0.0267 0.5561 0.0764 0.2406 0.0793 
 462 0.0078 0.3033 0.0388 0.1500 0.0524 0.2634 0.1843 
 463 0.0055 0.0417 0.3150 0.1026 0.1058 0.1271 0.3023 
 464 0.0048 0.0171 0.1489 0.3681 0.0729 0.2075 0.1807 
 465 0.0083 0.0235 0.0552 0.4369 0.0873 0.2193 0.1696 
 466 0.0049 0.0158 0.1361 0.2752 0.0734 0.1828 0.3119 
 467 0.0078 0.1357 0.0627 0.1786 0.1082 0.2994 0.2075 
 468 0.0059 0.0138 0.3841 0.0743 0.0689 0.2854 0.1676 
 469 0.0055 0.0222 0.5512 0.0949 0.0739 0.1725 0.0798 
 470 0.0053 0.0090 0.4652 0.1803 0.0671 0.1740 0.0991 
 471 0.0070 0.0166 0.0322 0.1830 0.0758 0.3299 0.3556 
 472 0.0082 0.0510 0.0303 0.1732 0.0886 0.4124 0.2364 
 473 0.0068 0.0078 0.0888 0.1107 0.1156 0.4328 0.2375 
 474 0.0057 0.0184 0.0418 0.1403 0.1133 0.5206 0.1598 
 475 0.0066 0.0120 0.0584 0.3571 0.1416 0.2444 0.1798 
 476 0.0086 0.0352 0.0613 0.1651 0.0928 0.5010 0.1360 
 477 0.0080 0.0213 0.0643 0.4435 0.1218 0.1758 0.1653 
 478 0.0079 0.0146 0.0387 0.6543 0.0681 0.1204 0.0960 
 479 0.0053 0.0085 0.1866 0.2104 0.0673 0.4167 0.1053 
 480 0.0066 0.0080 0.1181 0.1076 0.0766 0.5814 0.1017 
 481 0.0066 0.0101 0.0263 0.1217 0.0746 0.4649 0.2957 
 482 0.0066 0.0095 0.0666 0.2262 0.0684 0.5309 0.0919 
 483 0.0072 0.0126 0.4280 0.1544 0.0934 0.2093 0.0951 
 484 0.0065 0.0584 0.3483 0.1248 0.0837 0.1580 0.2203 
 485 0.0055 0.0084 0.6080 0.1172 0.0659 0.1110 0.0840 
 486 0.0182 0.0118 0.0210 0.1499 0.0972 0.2294 0.4726 
 487 0.0169 0.0098 0.0216 0.1273 0.1964 0.2953 0.3327 
 488 0.0129 0.0087 0.0210 0.2780 0.1582 0.1773 0.3439 
 489 0.0175 0.0161 0.0139 0.0722 0.2049 0.3138 0.3617 
 490 0.0086 0.0127 0.0235 0.3209 0.0710 0.2412 0.3219 
 491 0.0129 0.0145 0.0150 0.0881 0.1689 0.1792 0.5214 
 492 0.0060 0.0149 0.0172 0.2702 0.3272 0.1233 0.2413 
 493 0.0260 0.0082 0.0156 0.1284 0.1175 0.2324 0.4718 
 494 0.0683 0.0142 0.0240 0.1184 0.1661 0.2228 0.3861 
 495 0.0406 0.0334 0.0179 0.3413 0.2320 0.1316 0.2031 
 496 0.0083 0.0103 0.0200 0.0998 0.3739 0.1616 0.3260 
 497 0.0696 0.0130 0.0160 0.0968 0.1816 0.2426 0.3803 
 498 0.0160 0.0382 0.0220 0.2012 0.1213 0.2434 0.3578 
 499 0.0680 0.0084 0.0189 0.0752 0.2844 0.2161 0.3290 
 500 0.0308 0.0068 0.0285 0.0904 0.1126 0.3695 0.3613 
 501 0.0142 0.0085 0.0213 0.1329 0.2781 0.3376 0.2075 
 502 0.0097 0.0117 0.0180 0.2606 0.3224 0.2074 0.1704 
 503 0.0090 0.0079 0.0247 0.1120 0.0879 0.5542 0.2044 
 504 0.0095 0.0142 0.0197 0.3855 0.1017 0.1505 0.3188 
 505 0.0105 0.0084 0.0204 0.1008 0.1530 0.1269 0.5800 
 506 0.0086 0.0141 0.0150 0.2375 0.2648 0.1831 0.2769 
 507 0.0096 0.0093 0.0144 0.0529 0.5277 0.0972 0.2888 
 508 0.0292 0.0114 0.0137 0.0669 0.4919 0.0911 0.2957 
 509 0.0092 0.0083 0.0200 0.0913 0.2146 0.1274 0.5292 
 510 0.0358 0.0078 0.0148 0.1058 0.3280 0.3001 0.2077 
 511 0.0140 0.0169 0.0629 0.1963 0.1070 0.3235 0.2794 
 512 0.0090 0.0081 0.0217 0.1723 0.0736 0.5515 0.1638 
 513 0.0189 0.0356 0.0121 0.2552 0.1131 0.0750 0.4901 
 514 0.0100 0.0073 0.0217 0.3881 0.1334 0.1539 0.2856 
 515 0.0141 0.0153 0.0829 0.0950 0.2144 0.2775 0.3009 
 516 0.0109 0.0086 0.0227 0.2603 0.1204 0.1272 0.4499 
 517 0.0085 0.0114 0.0855 0.1587 0.2046 0.1676 0.3638 
 518 0.0802 0.0074 0.0142 0.0778 0.2599 0.3290 0.2314 
 519 0.0061 0.0094 0.0289 0.4325 0.1495 0.1456 0.2280 
 520 0.0083 0.0093 0.2499 0.0614 0.2983 0.1087 0.2641 
 521 0.0322 0.0084 0.0185 0.1847 0.3389 0.1311 0.2862 
 522 0.0282 0.0118 0.0401 0.1010 0.1003 0.3602 0.3583 
 523 0.0112 0.0136 0.0551 0.1380 0.2095 0.1051 0.4674 
 524 0.0094 0.0070 0.3084 0.0987 0.1556 0.1626 0.2583 
 525 0.0940 0.0088 0.0606 0.0705 0.2507 0.2341 0.2813 
 526 0.0056 0.0116 0.3890 0.0599 0.1236 0.0970 0.3134 
 527 0.0837 0.0083 0.0158 0.1944 0.1094 0.3814 0.2071 
 528 0.0093 0.0076 0.0128 0.0830 0.4589 0.1191 0.3093 
 529 0.0935 0.0116 0.0145 0.1243 0.1917 0.1937 0.3706 
 530 0.0085 0.0140 0.0392 0.0929 0.1463 0.3885 0.3107 
 531 0.0119 0.0119 0.0544 0.1025 0.3851 0.2225 0.2116 
 532 0.0464 0.0112 0.0148 0.1196 0.2997 0.2366 0.2718 
 533 0.0656 0.0091 0.0408 0.0846 0.1241 0.2822 0.3938 
 534 0.0775 0.0115 0.0168 0.1173 0.1577 0.0871 0.5322 
 535 0.0058 0.0147 0.0780 0.1999 0.1205 0.1607 0.4204 
 536 0.0085 0.0730 0.0772 0.1220 0.2507 0.2462 0.2224 
 537 0.0110 0.0521 0.0236 0.1039 0.3441 0.1519 0.3134 
 538 0.0059 0.0118 0.0320 0.0801 0.2435 0.1558 0.4709 
 539 0.0056 0.0103 0.0119 0.0587 0.5851 0.1097 0.2187 
 540 0.0312 0.0109 0.0450 0.0726 0.2130 0.1694 0.4579 
 541 0.0271 0.0608 0.0238 0.1110 0.4163 0.1748 0.1862 
 542 0.0063 0.1500 0.0519 0.0744 0.0925 0.1906 0.4342 
 543 0.0324 0.0342 0.0615 0.2082 0.2131 0.1052 0.3453 
 544 0.0063 0.0226 0.0355 0.0858 0.1312 0.1544 0.5642 
 545 0.0059 0.0496 0.2267 0.1205 0.0789 0.1243 0.3941 
 546 0.0081 0.0626 0.0179 0.0845 0.1613 0.1725 0.4931 
 547 0.0068 0.0528 0.0777 0.1234 0.2426 0.1028 0.3939 
 548 0.0066 0.0068 0.0151 0.0859 0.3131 0.1541 0.4184 
 549 0.0082 0.1239 0.0958 0.0785 0.4154 0.1482 0.1301 
 550 0.0048 0.0389 0.2249 0.1487 0.1366 0.1501 0.2960 
 551 0.0090 0.0196 0.0371 0.1066 0.5308 0.1513 0.1456 
 552 0.0065 0.0109 0.0171 0.0608 0.2120 0.1655 0.5272 
 553 0.0166 0.0464 0.0467 0.1449 0.2214 0.0815 0.4424 
 554 0.0463 0.0217 0.0309 0.1368 0.1780 0.2895 0.2968 
 555 0.0100 0.0279 0.0207 0.0873 0.3525 0.1140 0.3876 
 556 0.0075 0.0140 0.0181 0.0785 0.1724 0.1590 0.5504 
 557 0.0071 0.0494 0.2536 0.1722 0.1848 0.1526 0.1805 
 558 0.0065 0.0096 0.0822 0.2309 0.0721 0.5159 0.0828 
 559 0.0083 0.0097 0.0162 0.2175 0.0955 0.2151 0.4377 
 560 0.0053 0.0252 0.0962 0.4686 0.0544 0.2261 0.1243 
 561 0.0063 0.0133 0.0357 0.2298 0.0730 0.3798 0.2620 
 562 0.0074 0.0107 0.0458 0.3160 0.0539 0.2557 0.3105 
 563 0.0091 0.0212 0.0382 0.4003 0.2432 0.1496 0.1384 
 564 0.0148 0.0077 0.0295 0.1140 0.1018 0.1935 0.5388 
 565 0.0061 0.0136 0.1220 0.0886 0.0781 0.5825 0.1091 
 566 0.0046 0.0062 0.0646 0.5265 0.0568 0.2199 0.1213 
 567 0.0082 0.0063 0.0214 0.1329 0.0702 0.1689 0.5920 
 568 0.0064 0.0093 0.0496 0.2831 0.1027 0.2266 0.3223 
 569 0.0109 0.0092 0.0666 0.1939 0.1015 0.3503 0.2675 
 570 0.0080 0.0064 0.0614 0.1637 0.0602 0.5949 0.1054 
 571 0.0062 0.0061 0.0497 0.5301 0.0888 0.1424 0.1766 
 572 0.0053 0.0291 0.0471 0.0731 0.2219 0.1816 0.4419 
 573 0.0119 0.0067 0.2038 0.1058 0.1035 0.1565 0.4120 
 574 0.0102 0.0091 0.0413 0.0863 0.1802 0.4807 0.1923 
 575 0.0066 0.0122 0.0327 0.3302 0.1871 0.2297 0.2014 
 576 0.0059 0.0080 0.0483 0.5042 0.0577 0.2559 0.1200 
 577 0.0085 0.0098 0.0212 0.1045 0.1725 0.5088 0.1746 
 578 0.0063 0.0091 0.0891 0.3718 0.0884 0.2503 0.1850 
 579 0.0079 0.0198 0.0303 0.1502 0.0777 0.4350 0.2790 
 580 0.0063 0.0084 0.0372 0.1042 0.1155 0.5814 0.1471 
 581 0.0060 0.0088 0.0662 0.2090 0.1003 0.4721 0.1375 
 582 0.0065 0.0191 0.0952 0.2626 0.0661 0.3836 0.1668 
 583 0.0505 0.0065 0.0490 0.4363 0.0862 0.2224 0.1490 
 584 0.0076 0.0063 0.0353 0.4438 0.0679 0.3080 0.1310 
 585 0.0068 0.0103 0.0545 0.3204 0.0742 0.3711 0.1626 
 586 0.0062 0.0107 0.0180 0.4667 0.1051 0.1436 0.2498 
 587 0.0087 0.0150 0.0184 0.1349 0.0619 0.4472 0.3140 
 588 0.0111 0.0092 0.0126 0.0638 0.0728 0.0807 0.7498 
 589 0.0079 0.0115 0.2100 0.1449 0.0693 0.3301 0.2263 
 590 0.0074 0.0070 0.0147 0.3854 0.0789 0.2211 0.2854 
 591 0.0065 0.0064 0.0250 0.4544 0.0956 0.2096 0.2025 
 592 0.0049 0.0094 0.0579 0.2660 0.0682 0.1919 0.4017 
 593 0.0069 0.0082 0.0905 0.2233 0.1225 0.2742 0.2745 
 594 0.0579 0.0081 0.0305 0.2871 0.1648 0.2005 0.2510 
 595 0.0116 0.0115 0.0151 0.1446 0.0615 0.5729 0.1829 
 596 0.0050 0.0061 0.1715 0.1160 0.1050 0.1384 0.4581 
 597 0.0104 0.0080 0.0370 0.4335 0.2397 0.0905 0.1809 
 598 0.0075 0.0063 0.0929 0.1452 0.0664 0.5899 0.0918 
 599 0.0063 0.0065 0.0388 0.4205 0.0584 0.2352 0.2343 
 600 0.0066 0.0170 0.0361 0.0946 0.1310 0.4960 0.2187 
 601 0.0050 0.0179 0.0401 0.2695 0.0621 0.4006 0.2049 
 602 0.0095 0.0067 0.0231 0.1421 0.1838 0.2346 0.4002 
 603 0.0067 0.0068 0.0185 0.1528 0.1780 0.2138 0.4233 
 604 0.0240 0.0295 0.1114 0.0975 0.1386 0.4085 0.1906 
 605 0.0067 0.0113 0.0389 0.1592 0.0989 0.3341 0.3510 
 606 0.0130 0.0109 0.0284 0.1310 0.1915 0.2878 0.3373 
 607 0.0095 0.0069 0.0301 0.0911 0.2727 0.3964 0.1934 
 608 0.0070 0.0098 0.0396 0.1475 0.4408 0.2178 0.1374 
 609 0.0099 0.0137 0.0338 0.1206 0.1227 0.5063 0.1931 
 610 0.0064 0.0148 0.3312 0.0856 0.0950 0.2155 0.2515 
 611 0.0087 0.0092 0.0236 0.1768 0.1907 0.1797 0.4113 
 612 0.0131 0.0384 0.1302 0.0835 0.0884 0.4919 0.1545 
 613 0.0386 0.0097 0.0445 0.1114 0.1090 0.3456 0.3412 
 614 0.0074 0.0095 0.0286 0.0683 0.0734 0.6450 0.1677 
 615 0.0064 0.0140 0.0893 0.0714 0.1340 0.5047 0.1803 
 616 0.0066 0.0066 0.0179 0.1087 0.2007 0.4685 0.1910 
 617 0.0218 0.0217 0.0501 0.1234 0.0794 0.4268 0.2767 
 618 0.0290 0.0540 0.1401 0.0693 0.1972 0.3105 0.1999 
 619 0.0056 0.0089 0.0783 0.1936 0.1720 0.2025 0.3391 
 620 0.0051 0.0109 0.0403 0.2579 0.0541 0.1651 0.4665 
 621 0.0099 0.0063 0.0279 0.3100 0.0857 0.4189 0.1414 
 622 0.0206 0.0415 0.0775 0.0843 0.1359 0.3104 0.3297 
 623 0.0060 0.0062 0.0365 0.2095 0.0866 0.2795 0.3757 
 624 0.0335 0.0220 0.1146 0.1038 0.1969 0.3971 0.1322 
 625 0.0241 0.0139 0.0427 0.1591 0.1811 0.4349 0.1442 
 626 0.0531 0.0524 0.1089 0.0570 0.3071 0.1715 0.2501 
 627 0.0066 0.0101 0.0232 0.1481 0.1065 0.3566 0.3490 
 628 0.0063 0.0071 0.0237 0.2067 0.1094 0.2637 0.3832 
 629 0.0066 0.0070 0.0191 0.1811 0.1333 0.3786 0.2743 
 630 0.0149 0.0181 0.0390 0.1308 0.0983 0.5456 0.1533 
 631 0.0062 0.0077 0.0205 0.0931 0.1039 0.5846 0.1840 
 632 0.0075 0.0112 0.0236 0.0763 0.2794 0.2164 0.3857 
 633 0.0101 0.0108 0.0537 0.1203 0.1692 0.4654 0.1706 
 634 0.0082 0.0096 0.0277 0.1235 0.2217 0.2935 0.3158 
 635 0.0065 0.0087 0.0259 0.0780 0.4307 0.2445 0.2057 
 636 0.0125 0.0109 0.0344 0.1298 0.2454 0.4116 0.1554 
 637 0.0070 0.0184 0.0303 0.1088 0.1454 0.2249 0.4653 
 638 0.0080 0.0064 0.0230 0.1638 0.1747 0.3533 0.2709 
 639 0.0096 0.0098 0.0368 0.0739 0.1435 0.5096 0.2168 
 640 0.0094 0.0098 0.0218 0.3574 0.1170 0.3283 0.1562 
 641 0.0125 0.0069 0.0219 0.1061 0.1260 0.4606 0.2660 
 642 0.0092 0.0160 0.0245 0.0883 0.3902 0.1768 0.2950 
 643 0.0115 0.0196 0.0138 0.0924 0.6023 0.1330 0.1274 
 644 0.0168 0.0092 0.0175 0.1280 0.4856 0.1353 0.2076 
 645 0.0181 0.0247 0.1430 0.0514 0.4297 0.1587 0.1745 
 646 0.0116 0.0299 0.0197 0.1234 0.1653 0.2015 0.4486 
 647 0.0154 0.0594 0.0140 0.1446 0.3689 0.1504 0.2472 
 648 0.1735 0.0161 0.0202 0.0640 0.1969 0.1434 0.3859 
 649 0.0201 0.0127 0.0172 0.0867 0.1652 0.1193 0.5788 
 650 0.0088 0.0090 0.0176 0.1437 0.2058 0.1469 0.4683 
 651 0.0424 0.0165 0.0136 0.1011 0.3249 0.2024 0.2991 
 652 0.0103 0.0087 0.0158 0.0924 0.5079 0.1493 0.2157 
 653 0.0903 0.0206 0.0279 0.0680 0.3656 0.1529 0.2747 
 654 0.0099 0.0495 0.0174 0.0750 0.3882 0.1367 0.3233 
 655 0.0195 0.0102 0.0223 0.1980 0.4481 0.1332 0.1686 
 656 0.0236 0.0189 0.0246 0.0807 0.2326 0.1471 0.4726 
 657 0.0978 0.0114 0.0254 0.0985 0.2373 0.3276 0.2021 
 658 0.0245 0.0124 0.0438 0.2248 0.2413 0.1753 0.2779 
 659 0.0203 0.0142 0.0265 0.0821 0.3869 0.1685 0.3015 
 660 0.0223 0.0093 0.0154 0.0769 0.4139 0.1189 0.3433 
 661 0.0202 0.0386 0.0274 0.0670 0.4281 0.1404 0.2784 
 662 0.0191 0.0145 0.0175 0.0872 0.1297 0.0963 0.6357 
 663 0.0089 0.0068 0.0164 0.0937 0.4282 0.1618 0.2842 
 664 0.0422 0.0448 0.0455 0.2508 0.2407 0.1854 0.1905 
 665 0.0098 0.0091 0.0130 0.0789 0.1642 0.1193 0.6057 
 666 0.0104 0.0114 0.0209 0.0803 0.3512 0.1607 0.3652 
 667 0.0381 0.0358 0.0219 0.1734 0.1673 0.1638 0.3998 
 668 0.0179 0.0158 0.0223 0.0949 0.3583 0.2099 0.2809 
 669 0.0752 0.0105 0.0162 0.0829 0.2618 0.1357 0.4176 
 670 0.0094 0.0064 0.0145 0.0561 0.6390 0.0936 0.1809 
 671 0.0090 0.0090 0.0157 0.0781 0.4917 0.1162 0.2804 
 672 0.0057 0.0080 0.0555 0.1308 0.5812 0.0919 0.1269 
 673 0.0459 0.0063 0.0150 0.0504 0.6994 0.0914 0.0915 
 674 0.0076 0.0109 0.0163 0.0577 0.5474 0.1563 0.2037 
 675 0.0071 0.0098 0.0147 0.1058 0.6648 0.0851 0.1127 
 676 0.0069 0.0072 0.0137 0.0499 0.7391 0.0891 0.0941 
 677 0.0057 0.0142 0.0131 0.0495 0.5527 0.0789 0.2859 
 678 0.0719 0.0073 0.0156 0.0558 0.6741 0.0920 0.0832 
 679 0.0097 0.0062 0.0170 0.0604 0.6148 0.1720 0.1198 
 680 0.0120 0.0107 0.0229 0.0545 0.6312 0.1261 0.1424 
 681 0.0107 0.0302 0.0571 0.0664 0.2576 0.1905 0.3875 
 682 0.0076 0.0123 0.0217 0.0545 0.6597 0.1326 0.1116 
 683 0.0088 0.0074 0.0147 0.0552 0.6676 0.0834 0.1628 
 684 0.0264 0.0085 0.0154 0.0567 0.7072 0.0930 0.0928 
 685 0.0057 0.0067 0.0128 0.0489 0.7470 0.0802 0.0987 
 686 0.0068 0.0195 0.0221 0.0579 0.5032 0.1218 0.2687 
 687 0.0089 0.0086 0.0141 0.0732 0.4841 0.1031 0.3080 
 688 0.0081 0.0088 0.0141 0.0701 0.6522 0.1105 0.1360 
 689 0.0080 0.0068 0.0138 0.0485 0.7455 0.0794 0.0980 
 690 0.0072 0.0073 0.0137 0.0494 0.7396 0.0895 0.0934 
 691 0.0064 0.0104 0.0165 0.0584 0.6128 0.1513 0.1442 
 692 0.0645 0.0077 0.0158 0.0712 0.6035 0.1151 0.1222 
 693 0.0116 0.0201 0.0148 0.0904 0.6347 0.1257 0.1027 
 694 0.0055 0.0069 0.0130 0.0470 0.7557 0.0722 0.0997 
 695 0.0062 0.0099 0.0339 0.0601 0.6705 0.0933 0.1261 
 696 0.0078 0.0090 0.0139 0.0706 0.6532 0.1096 0.1357 
 697 0.0298 0.0083 0.0137 0.0476 0.6873 0.0860 0.1273 
 698 0.0070 0.0069 0.0137 0.0493 0.7312 0.0887 0.1032 
 699 0.0054 0.0159 0.0298 0.0547 0.6003 0.0838 0.2101 
 700 0.0065 0.1935 0.0135 0.0620 0.4992 0.0877 0.1376 
 701 0.0724 0.0093 0.0436 0.0657 0.5276 0.1188 0.1626 
 702 0.0295 0.0212 0.0229 0.0715 0.5046 0.1453 0.2051 
 703 0.0076 0.0119 0.0219 0.0547 0.6449 0.1303 0.1288 
 704 0.0076 0.0103 0.0132 0.0649 0.6443 0.0987 0.1610 
 705 0.0430 0.0332 0.0681 0.0708 0.3368 0.1131 0.3350 
 706 0.0070 0.0168 0.0206 0.0526 0.6494 0.1162 0.1374 
 707 0.0169 0.0100 0.0142 0.0486 0.6760 0.0879 0.1464 
 708 0.0082 0.0081 0.0137 0.0501 0.7070 0.0873 0.1255 
 709 0.0054 0.0560 0.0131 0.0555 0.6641 0.0839 0.1220 
 710 0.0058 0.0091 0.0128 0.0478 0.7510 0.0798 0.0938 
 711 0.0064 0.0173 0.0193 0.0515 0.5788 0.1057 0.2210 
 712 0.0057 0.0158 0.0127 0.0461 0.6417 0.0731 0.2049 
 713 0.0060 0.0087 0.0132 0.0687 0.6570 0.0976 0.1488 
 714 0.0092 0.0088 0.0174 0.0608 0.5630 0.1680 0.1728 
 715 0.0054 0.0138 0.0129 0.0453 0.7101 0.0737 0.1388 
 716 0.0059 0.0178 0.0208 0.0520 0.6784 0.1134 0.1116 
 717 0.0063 0.0104 0.0133 0.0464 0.7395 0.0742 0.1099 
 718 0.0087 0.0126 0.0216 0.0548 0.5534 0.1126 0.2364 
 719 0.0075 0.0178 0.0126 0.0502 0.7111 0.0751 0.1257 
 720 0.0058 0.0066 0.0227 0.2049 0.0881 0.4303 0.2415 
 721 0.0062 0.0115 0.0214 0.0638 0.4707 0.2762 0.1502 
 722 0.0071 0.0083 0.0373 0.0962 0.1277 0.4958 0.2276 
 723 0.0074 0.0060 0.0196 0.0829 0.1150 0.6338 0.1352 
 724 0.0091 0.0070 0.0168 0.0974 0.2231 0.5161 0.1305 
 725 0.0112 0.0070 0.0148 0.1181 0.2635 0.3217 0.2637 
 726 0.0094 0.0071 0.0252 0.0861 0.1589 0.4546 0.2587 
 727 0.0122 0.0085 0.0316 0.0879 0.2486 0.2583 0.3530 
