   1 0.2214 0.2152 0.2079 0.3555 
   2 0.0379 0.0494 0.2547 0.6579 
   3 0.1230 0.5219 0.1821 0.1731 
   4 0.6064 0.0469 0.1308 0.2160 
   5 0.0374 0.0559 0.1490 0.7577 
   6 0.0366 0.7464 0.0452 0.1719 
   7 0.0351 0.0884 0.0302 0.8462 
   8 0.3236 0.2040 0.0736 0.3987 
   9 0.0772 0.3184 0.2163 0.3882 
  10 0.1426 0.1990 0.0404 0.6179 
  11 0.0372 0.1604 0.0359 0.7664 
  12 0.0646 0.0687 0.1891 0.6776 
  13 0.0664 0.0945 0.0839 0.7552 
  14 0.0826 0.1055 0.4808 0.3311 
  15 0.1721 0.0936 0.1713 0.5631 
  16 0.0627 0.4557 0.0645 0.4172 
  17 0.0597 0.1808 0.1129 0.6467 
  18 0.0914 0.4044 0.2243 0.2799 
  19 0.0519 0.3889 0.0704 0.4888 
  20 0.0542 0.1148 0.1422 0.6889 
  21 0.1853 0.1306 0.3837 0.3003 
  22 0.0703 0.6973 0.0638 0.1686 
  23 0.1552 0.0597 0.4638 0.3213 
  24 0.1986 0.3320 0.1369 0.3324 
  25 0.0266 0.1129 0.0524 0.8081 
  26 0.1217 0.2015 0.1847 0.4920 
  27 0.0961 0.1689 0.1231 0.6119 
  28 0.2846 0.1546 0.0808 0.4800 
  29 0.0486 0.0764 0.1515 0.7234 
  30 0.0491 0.7069 0.1064 0.1376 
  31 0.1215 0.1269 0.1202 0.6314 
  32 0.1369 0.1758 0.2653 0.4220 
  33 0.1215 0.4391 0.2285 0.2109 
  34 0.0591 0.2682 0.0382 0.6345 
  35 0.0393 0.3558 0.3346 0.2702 
  36 0.0400 0.2986 0.5557 0.1056 
  37 0.1656 0.0977 0.2797 0.4569 
  38 0.0245 0.7285 0.1152 0.1318 
  39 0.0460 0.5095 0.1708 0.2736 
  40 0.0987 0.1103 0.6533 0.1376 
  41 0.0365 0.3524 0.4686 0.1425 
  42 0.2831 0.1723 0.4288 0.1157 
  43 0.0620 0.0605 0.6252 0.2522 
  44 0.0277 0.2389 0.6113 0.1221 
  45 0.0261 0.2747 0.5052 0.1939 
  46 0.0347 0.4822 0.1502 0.3329 
  47 0.0614 0.3818 0.1696 0.3872 
  48 0.0263 0.2272 0.6541 0.0924 
  49 0.0531 0.3448 0.2857 0.3164 
  50 0.0868 0.4530 0.0980 0.3622 
  51 0.0252 0.0760 0.8313 0.0674 
  52 0.0573 0.5325 0.1199 0.2903 
  53 0.0527 0.7616 0.0751 0.1106 
  54 0.0622 0.0735 0.4376 0.4267 
  55 0.0366 0.0597 0.6897 0.2140 
  56 0.0489 0.3282 0.5075 0.1155 
  57 0.1708 0.1576 0.0590 0.6126 
  58 0.0488 0.1235 0.5556 0.2721 
  59 0.0419 0.3735 0.3768 0.2078 
  60 0.0851 0.0766 0.7135 0.1248 
  61 0.0449 0.0265 0.8238 0.1048 
  62 0.0495 0.3022 0.1528 0.4955 
  63 0.0782 0.1080 0.4601 0.3538 
  64 0.0309 0.6876 0.0929 0.1886 
  65 0.0224 0.0804 0.0789 0.8183 
  66 0.0960 0.0495 0.5792 0.2753 
  67 0.0307 0.0559 0.6267 0.2867 
  68 0.0528 0.3437 0.3960 0.2074 
  69 0.1399 0.4369 0.1128 0.3104 
  70 0.0502 0.1347 0.5786 0.2365 
  71 0.0216 0.2271 0.5639 0.1874 
  72 0.0340 0.5547 0.2201 0.1911 
  73 0.0253 0.0568 0.6100 0.3079 
  74 0.0753 0.3749 0.4518 0.0980 
  75 0.0751 0.1183 0.7243 0.0823 
  76 0.0406 0.0966 0.3975 0.4653 
  77 0.0304 0.2919 0.4908 0.1869 
  78 0.0341 0.4236 0.4160 0.1262 
  79 0.0374 0.0829 0.0424 0.8374 
  80 0.5624 0.0698 0.0953 0.2725 
  81 0.3997 0.0919 0.0869 0.4215 
  82 0.0943 0.0531 0.2460 0.6066 
  83 0.2375 0.1633 0.2176 0.3816 
  84 0.2231 0.1105 0.1198 0.5466 
  85 0.3231 0.1751 0.1776 0.3241 
  86 0.0367 0.1182 0.3336 0.5116 
  87 0.0416 0.0770 0.0755 0.8060 
  88 0.2038 0.0516 0.1406 0.6040 
  89 0.3204 0.0554 0.2271 0.3971 
  90 0.0433 0.0484 0.0515 0.8568 
  91 0.5370 0.0995 0.1622 0.2013 
  92 0.0714 0.0691 0.0823 0.7772 
  93 0.8305 0.0333 0.0479 0.0882 
  94 0.0392 0.3227 0.0520 0.5860 
  95 0.1010 0.0397 0.0889 0.7704 
  96 0.0909 0.0305 0.7661 0.1124 
  97 0.1092 0.2055 0.5592 0.1261 
  98 0.0571 0.0954 0.6318 0.2156 
  99 0.1890 0.0735 0.1087 0.6288 
 100 0.5151 0.0306 0.3210 0.1334 
 101 0.0608 0.0588 0.2084 0.6720 
 102 0.3052 0.0814 0.2603 0.3532 
 103 0.0941 0.0379 0.4601 0.4079 
 104 0.0582 0.0481 0.0913 0.8023 
 105 0.0939 0.0327 0.1531 0.7202 
 106 0.0195 0.1922 0.0547 0.7336 
 107 0.0968 0.0473 0.2182 0.6377 
 108 0.0263 0.0832 0.7544 0.1362 
 109 0.0191 0.1151 0.0791 0.7868 
 110 0.0224 0.2024 0.0458 0.7294 
 111 0.0273 0.0380 0.0480 0.8867 
 112 0.0203 0.0782 0.0483 0.8532 
 113 0.0519 0.1057 0.4823 0.3600 
 114 0.0761 0.0450 0.0816 0.7973 
 115 0.0347 0.0492 0.1908 0.7253 
 116 0.0208 0.2035 0.1875 0.5882 
 117 0.0315 0.1118 0.0584 0.7982 
 118 0.0287 0.0517 0.2418 0.6778 
 119 0.1012 0.0492 0.7090 0.1406 
 120 0.0357 0.0580 0.0928 0.8134 
 121 0.0291 0.0571 0.1701 0.7438 
 122 0.0264 0.1448 0.0569 0.7718 
 123 0.0373 0.0822 0.0874 0.7931 
 124 0.0292 0.3634 0.1435 0.4639 
 125 0.0386 0.4478 0.0876 0.4260 
 126 0.0459 0.1693 0.1740 0.6108 
 127 0.0296 0.0385 0.0550 0.8769 
 128 0.0311 0.0402 0.2096 0.7190 
 129 0.0236 0.0311 0.1259 0.8195 
 130 0.0976 0.0519 0.1005 0.7499 
 131 0.0270 0.4457 0.1566 0.3707 
 132 0.0212 0.0899 0.0837 0.8051 
 133 0.0416 0.0524 0.1159 0.7901 
 134 0.0158 0.1239 0.0333 0.8271 
 135 0.4274 0.0423 0.3746 0.1556 
 136 0.8366 0.0360 0.0432 0.0842 
 137 0.8090 0.0302 0.0386 0.1223 
 138 0.8378 0.0419 0.0523 0.0681 
 139 0.1329 0.0466 0.7001 0.1203 
 140 0.5152 0.0903 0.1634 0.2311 
 141 0.7532 0.0710 0.0657 0.1101 
 142 0.4511 0.0366 0.3963 0.1161 
 143 0.8718 0.0243 0.0463 0.0575 
 144 0.8140 0.0271 0.0425 0.1164 
 145 0.6172 0.0893 0.1141 0.1794 
 146 0.5115 0.0693 0.1159 0.3033 
 147 0.8797 0.0278 0.0329 0.0596 
 148 0.6138 0.0471 0.1313 0.2077 
 149 0.7708 0.0456 0.1013 0.0822 
 150 0.6303 0.0390 0.0781 0.2526 
 151 0.8098 0.0319 0.0650 0.0934 
 152 0.5263 0.0671 0.2159 0.1907 
 153 0.7570 0.0585 0.0871 0.0975 
 154 0.7925 0.0352 0.0707 0.1016 
 155 0.8387 0.0292 0.0493 0.0828 
 156 0.5917 0.0276 0.2670 0.1137 
 157 0.6869 0.0542 0.0608 0.1981 
 158 0.7001 0.0805 0.0724 0.1469 
 159 0.8765 0.0251 0.0359 0.0625 
 160 0.8657 0.0261 0.0398 0.0684 
 161 0.6735 0.0686 0.1131 0.1447 
 162 0.4136 0.0762 0.1500 0.3602 
 163 0.8389 0.0277 0.0619 0.0715 
 164 0.4587 0.0542 0.0856 0.4014 
 165 0.7076 0.0342 0.0558 0.2024 
 166 0.5101 0.0769 0.1755 0.2375 
 167 0.7025 0.0393 0.0418 0.2164 
 168 0.7336 0.0718 0.1002 0.0944 
 169 0.3645 0.4135 0.0914 0.1306 
 170 0.5482 0.0347 0.3054 0.1118 
 171 0.5714 0.0722 0.1530 0.2034 
 172 0.4709 0.1906 0.2611 0.0774 
 173 0.8310 0.0271 0.0681 0.0738 
 174 0.8384 0.0328 0.0401 0.0887 
 175 0.8402 0.0359 0.0536 0.0703 
 176 0.8138 0.0272 0.0437 0.1153 
 177 0.5352 0.1094 0.0790 0.2764 
 178 0.7783 0.0506 0.0474 0.1237 
 179 0.8684 0.0281 0.0421 0.0614 
 180 0.6496 0.0625 0.0882 0.1998 
 181 0.6300 0.0534 0.1916 0.1250 
 182 0.7683 0.0258 0.1070 0.0989 
 183 0.8439 0.0290 0.0576 0.0695 
 184 0.0350 0.0987 0.4678 0.3985 
 185 0.6086 0.0261 0.2971 0.0682 
 186 0.0347 0.0686 0.2273 0.6693 
 187 0.1465 0.0509 0.6229 0.1796 
 188 0.0251 0.0529 0.3033 0.6187 
 189 0.1815 0.2814 0.3622 0.1749 
 190 0.0708 0.0199 0.8496 0.0597 
 191 0.0574 0.0430 0.6106 0.2890 
 192 0.1607 0.0540 0.4965 0.2888 
 193 0.1380 0.0730 0.5356 0.2534 
 194 0.1316 0.0457 0.5038 0.3189 
 195 0.1746 0.0251 0.7247 0.0757 
 196 0.0636 0.0279 0.8216 0.0870 
 197 0.0906 0.1436 0.2934 0.4724 
 198 0.1169 0.1287 0.3883 0.3661 
 199 0.0651 0.0338 0.7813 0.1198 
 200 0.0580 0.0792 0.7105 0.1523 
 201 0.3690 0.0326 0.5000 0.0984 
 202 0.3356 0.0265 0.5200 0.1179 
 203 0.2798 0.0269 0.5853 0.1079 
 204 0.0566 0.0231 0.8337 0.0867 
 205 0.0416 0.0404 0.7955 0.1226 
 206 0.0796 0.0288 0.7665 0.1251 
 207 0.0394 0.0255 0.7547 0.1803 
 208 0.1146 0.0266 0.7624 0.0964 
 209 0.0787 0.0477 0.6360 0.2376 
 210 0.0780 0.0283 0.7685 0.1252 
 211 0.0765 0.0238 0.6703 0.2294 
 212 0.5075 0.0477 0.3360 0.1088 
 213 0.0512 0.0473 0.6499 0.2515 
 214 0.3336 0.0300 0.5383 0.0982 
 215 0.0304 0.0368 0.7893 0.1435 
 216 0.0523 0.1024 0.3687 0.4766 
 217 0.2017 0.0390 0.6797 0.0796 
 218 0.0575 0.0415 0.7330 0.1680 
 219 0.1855 0.1947 0.3118 0.3080 
 220 0.0406 0.0267 0.7985 0.1342 
 221 0.4254 0.0231 0.4905 0.0610 
 222 0.0899 0.1644 0.2932 0.4525 
 223 0.2628 0.0762 0.4763 0.1847 
 224 0.2114 0.0302 0.6107 0.1476 
 225 0.0589 0.0330 0.7919 0.1162 
 226 0.0698 0.1214 0.6896 0.1192 
 227 0.1046 0.0273 0.7395 0.1286 
 228 0.1207 0.0231 0.7895 0.0668 
 229 0.2250 0.0329 0.5838 0.1583 
 230 0.1192 0.0264 0.7186 0.1358 
 231 0.2299 0.0545 0.5140 0.2016 
 232 0.1438 0.0642 0.5286 0.2635 
 233 0.4941 0.0333 0.3663 0.1062 
 234 0.1646 0.0887 0.3990 0.3477 
 235 0.1457 0.0655 0.6700 0.1187 
 236 0.2227 0.0454 0.5784 0.1536 
 237 0.0556 0.0328 0.6751 0.2364 
 238 0.3434 0.0385 0.4848 0.1333 
 239 0.1738 0.0251 0.7244 0.0767 
 240 0.3431 0.0376 0.4865 0.1328 
 241 0.4404 0.0352 0.4102 0.1142 
 242 0.0894 0.1040 0.6142 0.1924 
 243 0.0636 0.0214 0.8441 0.0708 
 244 0.1876 0.0256 0.6817 0.1051 
 245 0.6487 0.0290 0.2372 0.0851 
 246 0.2036 0.0379 0.6775 0.0809 
 247 0.0290 0.0831 0.3687 0.5191 
 248 0.0316 0.0365 0.6112 0.3208 
 249 0.1847 0.0296 0.6657 0.1200 
 250 0.1383 0.0408 0.6279 0.1930 
 251 0.0552 0.1501 0.5391 0.2556 
 252 0.1108 0.0427 0.7167 0.1298 
 253 0.0468 0.0708 0.5803 0.3022 
 254 0.0944 0.1048 0.4369 0.3639 
 255 0.1448 0.0685 0.5190 0.2677 
 256 0.1411 0.0360 0.7167 0.1062 
 257 0.0842 0.0369 0.6941 0.1849 
 258 0.0592 0.0545 0.6407 0.2456 
 259 0.0726 0.0373 0.6081 0.2820 
 260 0.2468 0.1253 0.2764 0.3515 
 261 0.1790 0.0417 0.6747 0.1047 
 262 0.1248 0.0248 0.7893 0.0611 
 263 0.0468 0.0494 0.6350 0.2688 
 264 0.0259 0.4732 0.1957 0.3051 
 265 0.0928 0.0675 0.7040 0.1356 
 266 0.4770 0.0235 0.4324 0.0670 
 267 0.1576 0.0521 0.4665 0.3238 
 268 0.0616 0.0275 0.8235 0.0874 
 269 0.1645 0.2224 0.4004 0.2127 
 270 0.0581 0.0795 0.3468 0.5156 
 271 0.0443 0.0450 0.7354 0.1752 
 272 0.0421 0.0745 0.7757 0.1077 
 273 0.1645 0.0926 0.5630 0.1799 
 274 0.0631 0.0750 0.6880 0.1738 
 275 0.0807 0.0754 0.7241 0.1198 
 276 0.0413 0.0610 0.7599 0.1377 
 277 0.1861 0.0771 0.5443 0.1925 
 278 0.0363 0.0338 0.8196 0.1103 
 279 0.1011 0.0544 0.6722 0.1723 
 280 0.0780 0.1070 0.6734 0.1416 
 281 0.0736 0.0569 0.6154 0.2541 
 282 0.3886 0.0692 0.3714 0.1708 
 283 0.4398 0.0382 0.3827 0.1393 
 284 0.1510 0.0478 0.5663 0.2349 
 285 0.0213 0.0474 0.6949 0.2364 
 286 0.1927 0.0260 0.6752 0.1061 
 287 0.1211 0.1146 0.5418 0.2225 
 288 0.0404 0.0674 0.7787 0.1135 
 289 0.0615 0.0808 0.6678 0.1898 
 290 0.0489 0.1834 0.6411 0.1267 
 291 0.0451 0.0444 0.7372 0.1733 
 292 0.0845 0.0805 0.7318 0.1031 
 293 0.0464 0.3337 0.4088 0.2111 
 294 0.0354 0.0541 0.6984 0.2122 
 295 0.1022 0.1249 0.5215 0.2514 
 296 0.0392 0.0328 0.7844 0.1435 
 297 0.0541 0.1326 0.6121 0.2011 
 298 0.2612 0.0608 0.4477 0.2303 
 299 0.0578 0.0644 0.4807 0.3971 
 300 0.0320 0.0344 0.7829 0.1507 
 301 0.0553 0.1413 0.4435 0.3599 
 302 0.0390 0.0529 0.7311 0.1770 
 303 0.1966 0.0456 0.6227 0.1350 
 304 0.3659 0.1335 0.1453 0.3552 
 305 0.1024 0.0276 0.7903 0.0797 
 306 0.2510 0.0604 0.5894 0.0992 
 307 0.1423 0.0549 0.4965 0.3062 
 308 0.1768 0.0423 0.6773 0.1036 
 309 0.0381 0.0347 0.8016 0.1256 
 310 0.1093 0.0254 0.7845 0.0808 
 311 0.1170 0.0260 0.7233 0.1337 
 312 0.0384 0.0252 0.7975 0.1390 
 313 0.0279 0.0269 0.8091 0.1361 
 314 0.8682 0.0267 0.0524 0.0526 
 315 0.8209 0.0422 0.0724 0.0645 
 316 0.8309 0.0479 0.0527 0.0685 
 317 0.8879 0.0264 0.0328 0.0530 
 318 0.8933 0.0274 0.0266 0.0528 
 319 0.8728 0.0254 0.0427 0.0591 
 320 0.8683 0.0270 0.0524 0.0523 
 321 0.8858 0.0294 0.0299 0.0549 
 322 0.8088 0.0429 0.0784 0.0699 
 323 0.8874 0.0271 0.0297 0.0558 
 324 0.8864 0.0288 0.0302 0.0546 
 325 0.8493 0.0465 0.0390 0.0652 
 326 0.8563 0.0453 0.0362 0.0622 
 327 0.8885 0.0265 0.0322 0.0529 
 328 0.8252 0.0427 0.0583 0.0739 
 329 0.8896 0.0252 0.0300 0.0552 
 330 0.8896 0.0259 0.0319 0.0525 
 331 0.8886 0.0252 0.0311 0.0550 
 332 0.8452 0.0528 0.0348 0.0672 
 333 0.8507 0.0402 0.0440 0.0652 
 334 0.8285 0.0416 0.0584 0.0715 
 335 0.8389 0.0378 0.0550 0.0683 
 336 0.8775 0.0312 0.0371 0.0543 
 337 0.8371 0.0489 0.0462 0.0678 
 338 0.8918 0.0293 0.0253 0.0536 
 339 0.8896 0.0255 0.0304 0.0545 
 340 0.8888 0.0236 0.0332 0.0544 
 341 0.8889 0.0250 0.0302 0.0559 
 342 0.8876 0.0269 0.0322 0.0532 
 343 0.7991 0.0477 0.0846 0.0686 
 344 0.8931 0.0254 0.0279 0.0536 
 345 0.8880 0.0268 0.0322 0.0530 
 346 0.8949 0.0258 0.0284 0.0508 
 347 0.8953 0.0234 0.0302 0.0510 
 348 0.7899 0.0382 0.1062 0.0656 
 349 0.8887 0.0266 0.0323 0.0525 
 350 0.8605 0.0264 0.0552 0.0578 
 351 0.8396 0.0384 0.0552 0.0669 
 352 0.8398 0.0435 0.0512 0.0655 
 353 0.8777 0.0315 0.0364 0.0545 
 354 0.8894 0.0262 0.0294 0.0550 
 355 0.8932 0.0276 0.0267 0.0524 
 356 0.7168 0.0380 0.1769 0.0684 
 357 0.5261 0.2135 0.0704 0.1900 
 358 0.8497 0.0426 0.0390 0.0687 
 359 0.8882 0.0255 0.0292 0.0570 
 360 0.8960 0.0251 0.0287 0.0502 
 361 0.4401 0.2181 0.1191 0.2228 
 362 0.0445 0.2486 0.1967 0.5101 
 363 0.0311 0.4730 0.1070 0.3889 
 364 0.3009 0.2250 0.0925 0.3816 
 365 0.0369 0.5107 0.0712 0.3812 
 366 0.0832 0.3357 0.4050 0.1761 
 367 0.0192 0.2468 0.0350 0.6989 
 368 0.0371 0.0616 0.0598 0.8415 
 369 0.2470 0.1996 0.3179 0.2354 
 370 0.0497 0.0776 0.2140 0.6586 
 371 0.0823 0.2553 0.2482 0.4142 
 372 0.0848 0.0696 0.2427 0.6029 
 373 0.0644 0.1236 0.0701 0.7419 
 374 0.2952 0.2666 0.1172 0.3210 
 375 0.0304 0.2580 0.0482 0.6633 
 376 0.0233 0.8319 0.0284 0.1165 
 377 0.0543 0.3221 0.1347 0.4889 
 378 0.1714 0.0677 0.0886 0.6723 
 379 0.0210 0.8459 0.0329 0.1002 
 380 0.0867 0.6675 0.1482 0.0976 
 381 0.0675 0.7498 0.1009 0.0818 
 382 0.0325 0.2992 0.0401 0.6282 
 383 0.1004 0.7518 0.0557 0.0921 
 384 0.0850 0.5559 0.0588 0.3002 
 385 0.1195 0.0739 0.0371 0.7696 
 386 0.0299 0.3658 0.0581 0.5463 
 387 0.0351 0.3110 0.0504 0.6036 
 388 0.2576 0.1679 0.0904 0.4841 
 389 0.0358 0.0522 0.5137 0.3983 
 390 0.0291 0.5068 0.1816 0.2825 
 391 0.0647 0.1133 0.1872 0.6348 
 392 0.0648 0.6503 0.0741 0.2108 
 393 0.0461 0.7934 0.0755 0.0850 
 394 0.2403 0.1805 0.1198 0.4594 
 395 0.0308 0.3017 0.4370 0.2305 
 396 0.0214 0.2257 0.0455 0.7074 
 397 0.1037 0.1899 0.2204 0.4860 
 398 0.0225 0.7389 0.0376 0.2010 
 399 0.0283 0.2121 0.1446 0.6150 
 400 0.0445 0.3785 0.0468 0.5302 
 401 0.0468 0.1546 0.1166 0.6820 
 402 0.0442 0.1257 0.2645 0.5655 
 403 0.3323 0.1148 0.1079 0.4451 
 404 0.0645 0.3940 0.1420 0.3994 
 405 0.0616 0.3253 0.2053 0.4078 
 406 0.0633 0.2774 0.5807 0.0786 
 407 0.0211 0.7991 0.0390 0.1408 
 408 0.0197 0.0541 0.2225 0.7036 
 409 0.2245 0.2383 0.4186 0.1186 
 410 0.0748 0.4609 0.0641 0.4002 
 411 0.1340 0.5801 0.1245 0.1615 
 412 0.0334 0.0784 0.0502 0.8380 
 413 0.1469 0.0956 0.1266 0.6309 
 414 0.0221 0.0684 0.0488 0.8608 
 415 0.0319 0.7324 0.0951 0.1406 
 416 0.0511 0.3460 0.1205 0.4824 
 417 0.0296 0.7077 0.0463 0.2164 
 418 0.0242 0.1554 0.0344 0.7861 
 419 0.1438 0.1973 0.1948 0.4641 
 420 0.0284 0.2215 0.2182 0.5319 
 421 0.0395 0.4363 0.0680 0.4563 
 422 0.0331 0.3264 0.4124 0.2281 
 423 0.0421 0.5898 0.1111 0.2570 
 424 0.0490 0.1083 0.1314 0.7112 
 425 0.0732 0.2273 0.0811 0.6185 
 426 0.0579 0.1247 0.0507 0.7667 
 427 0.0973 0.6864 0.0529 0.1634 
 428 0.1278 0.3994 0.2522 0.2206 
 429 0.0197 0.7217 0.0338 0.2248 
 430 0.0255 0.7601 0.0524 0.1619 
 431 0.0460 0.1213 0.0962 0.7365 
 432 0.0426 0.0721 0.0645 0.8208 
 433 0.2146 0.0470 0.1828 0.5555 
 434 0.1002 0.1950 0.1312 0.5736 
 435 0.0221 0.7808 0.0418 0.1553 
 436 0.0382 0.8144 0.0394 0.1081 
 437 0.0253 0.7873 0.0389 0.1486 
 438 0.0503 0.5196 0.1997 0.2304 
 439 0.0307 0.8425 0.0303 0.0965 
 440 0.0179 0.8176 0.0372 0.1274 
 441 0.0864 0.5379 0.0610 0.3147 
 442 0.0262 0.6253 0.0618 0.2867 
 443 0.0223 0.3420 0.1246 0.5110 
 444 0.0253 0.7082 0.0648 0.2017 
 445 0.1055 0.5892 0.1508 0.1545 
 446 0.0279 0.6779 0.0327 0.2616 
 447 0.0569 0.5705 0.1066 0.2660 
 448 0.0277 0.5774 0.0594 0.3355 
 449 0.0472 0.5352 0.0790 0.3386 
 450 0.0516 0.6114 0.0300 0.3069 
 451 0.0186 0.0909 0.0590 0.8315 
 452 0.0392 0.6855 0.0363 0.2390 
 453 0.0454 0.0960 0.5172 0.3414 
 454 0.0611 0.5452 0.0674 0.3263 
 455 0.0243 0.7456 0.0682 0.1619 
 456 0.0216 0.6774 0.1228 0.1782 
 457 0.0277 0.8160 0.0367 0.1196 
 458 0.0303 0.8002 0.0321 0.1373 
 459 0.0885 0.4756 0.0629 0.3730 
 460 0.0234 0.6537 0.0358 0.2870 
 461 0.0265 0.3877 0.0263 0.5596 
 462 0.0172 0.6513 0.0789 0.2526 
 463 0.0382 0.3365 0.4842 0.1411 
 464 0.0228 0.5555 0.0701 0.3515 
 465 0.0323 0.2113 0.0704 0.6859 
 466 0.0247 0.3439 0.2243 0.4071 
 467 0.0511 0.5900 0.0974 0.2616 
 468 0.0212 0.8343 0.0582 0.0863 
 469 0.0248 0.8656 0.0284 0.0812 
 470 0.0225 0.8054 0.0332 0.1389 
 471 0.0260 0.2853 0.3027 0.3860 
 472 0.0326 0.3525 0.1150 0.4999 
 473 0.0535 0.4281 0.1223 0.3962 
 474 0.0348 0.6927 0.0622 0.2103 
 475 0.0531 0.2652 0.0776 0.6040 
 476 0.0268 0.8279 0.0409 0.1044 
 477 0.0516 0.1348 0.0649 0.7486 
 478 0.0240 0.0974 0.0322 0.8463 
 479 0.0219 0.7142 0.0326 0.2313 
 480 0.0253 0.8460 0.0300 0.0987 
 481 0.0270 0.2806 0.1249 0.5675 
 482 0.0219 0.8055 0.0278 0.1448 
 483 0.0321 0.7562 0.0400 0.1718 
 484 0.0311 0.6143 0.1722 0.1824 
 485 0.0238 0.8012 0.0431 0.1319 
 486 0.0408 0.0610 0.1735 0.7248 
 487 0.1223 0.0747 0.0979 0.7051 
 488 0.0606 0.0426 0.0769 0.8199 
 489 0.1584 0.0972 0.3549 0.3895 
 490 0.0244 0.0739 0.0890 0.8127 
 491 0.1059 0.0563 0.3002 0.5376 
 492 0.1837 0.0494 0.2120 0.5548 
 493 0.0544 0.0486 0.0960 0.8009 
 494 0.0767 0.1018 0.2387 0.5829 
 495 0.1037 0.0549 0.0802 0.7612 
 496 0.2580 0.0700 0.3742 0.2977 
 497 0.1114 0.0461 0.0784 0.7640 
 498 0.0683 0.0688 0.2140 0.6489 
 499 0.2832 0.0566 0.1299 0.5302 
 500 0.0505 0.1692 0.1698 0.6106 
 501 0.1408 0.1277 0.1190 0.6126 
 502 0.1745 0.0691 0.0727 0.6836 
 503 0.0353 0.3343 0.1034 0.5270 
 504 0.0362 0.0422 0.0761 0.8455 
 505 0.0594 0.0485 0.5762 0.3159 
 506 0.1411 0.0692 0.1353 0.6543 
 507 0.6263 0.0349 0.2371 0.1017 
 508 0.5403 0.0274 0.2481 0.1843 
 509 0.1405 0.0503 0.4425 0.3667 
 510 0.2524 0.1329 0.1275 0.4872 
 511 0.0392 0.4399 0.1678 0.3531 
 512 0.0251 0.3373 0.0497 0.5879 
 513 0.0466 0.0232 0.1885 0.7418 
 514 0.0426 0.0522 0.0840 0.8212 
 515 0.1313 0.4422 0.1775 0.2491 
 516 0.0441 0.0420 0.1867 0.7272 
 517 0.1081 0.1748 0.3565 0.3605 
 518 0.2719 0.1614 0.1457 0.4210 
 519 0.0514 0.0591 0.0723 0.8172 
 520 0.2027 0.1894 0.4814 0.1265 
 521 0.3197 0.0648 0.2614 0.3541 
 522 0.0374 0.4892 0.2736 0.1999 
 523 0.1136 0.0629 0.5603 0.2632 
 524 0.0733 0.4072 0.2420 0.2776 
 525 0.2416 0.2571 0.1838 0.3175 
 526 0.0463 0.3390 0.5246 0.0901 
 527 0.0404 0.1146 0.0440 0.8010 
 528 0.4526 0.0434 0.3459 0.1582 
 529 0.1271 0.0740 0.2365 0.5625 
 530 0.0750 0.4230 0.1736 0.3284 
 531 0.4075 0.1875 0.1624 0.2426 
 532 0.2860 0.0902 0.1314 0.4924 
 533 0.0615 0.2800 0.2490 0.4096 
 534 0.0918 0.0379 0.3511 0.5192 
 535 0.0467 0.1633 0.4548 0.3352 
 536 0.0984 0.2099 0.5196 0.1722 
 537 0.1192 0.0479 0.7154 0.1174 
 538 0.0834 0.0565 0.7231 0.1370 
 539 0.4961 0.0379 0.3742 0.0918 
 540 0.1747 0.1098 0.4952 0.2203 
 541 0.4817 0.1064 0.2223 0.1896 
 542 0.0354 0.2180 0.6363 0.1103 
 543 0.1236 0.0509 0.5539 0.2717 
 544 0.0510 0.0842 0.7195 0.1453 
 545 0.0265 0.1936 0.6419 0.1380 
 546 0.0807 0.0780 0.6645 0.1768 
 547 0.0755 0.0518 0.7419 0.1309 
 548 0.1384 0.0411 0.6259 0.1946 
 549 0.3441 0.1938 0.3632 0.0989 
 550 0.0484 0.3040 0.4753 0.1724 
 551 0.5921 0.0782 0.1596 0.1702 
 552 0.0804 0.0558 0.7530 0.1108 
 553 0.0938 0.0321 0.7489 0.1252 
 554 0.1203 0.2196 0.1968 0.4633 
 555 0.1490 0.0419 0.6679 0.1412 
 556 0.0613 0.0565 0.7263 0.1559 
 557 0.0772 0.3506 0.3672 0.2050 
 558 0.0230 0.8173 0.0242 0.1354 
 559 0.0356 0.0620 0.1516 0.7508 
 560 0.0172 0.4374 0.0528 0.4925 
 561 0.0239 0.2170 0.0789 0.6802 
 562 0.0171 0.1322 0.1057 0.7450 
 563 0.1228 0.0808 0.0768 0.7196 
 564 0.0393 0.0746 0.4007 0.4854 
 565 0.0264 0.8212 0.0322 0.1201 
 566 0.0182 0.2285 0.0422 0.7111 
 567 0.0259 0.0501 0.2274 0.6966 
 568 0.0389 0.1563 0.1770 0.6279 
 569 0.0409 0.3097 0.2202 0.4293 
 570 0.0190 0.7621 0.0326 0.1863 
 571 0.0290 0.0837 0.0593 0.8281 
 572 0.0787 0.1266 0.6346 0.1602 
 573 0.0419 0.1381 0.3063 0.5137 
 574 0.1130 0.4116 0.0928 0.3826 
 575 0.0630 0.1096 0.1191 0.7083 
 576 0.0182 0.1213 0.0320 0.8285 
 577 0.0917 0.3005 0.0746 0.5332 
 578 0.0312 0.1651 0.0710 0.7327 
 579 0.0281 0.1694 0.0829 0.7196 
 580 0.0550 0.4674 0.0608 0.4168 
 581 0.0399 0.4291 0.0508 0.4803 
 582 0.0198 0.7118 0.0530 0.2154 
 583 0.0286 0.1194 0.0476 0.8044 
 584 0.0226 0.1028 0.0331 0.8415 
 585 0.0258 0.2137 0.0552 0.7053 
 586 0.0328 0.0616 0.0792 0.8263 
 587 0.0198 0.4574 0.1145 0.4082 
 588 0.0254 0.0240 0.7722 0.1784 
 589 0.0219 0.6507 0.0977 0.2296 
 590 0.0247 0.0505 0.0609 0.8638 
 591 0.0323 0.0643 0.0499 0.8535 
 592 0.0223 0.1596 0.2991 0.5190 
 593 0.0475 0.1937 0.1352 0.6236 
 594 0.0626 0.0524 0.0552 0.8298 
 595 0.0195 0.1529 0.0429 0.7847 
 596 0.0394 0.1369 0.4749 0.3488 
 597 0.1535 0.0531 0.1244 0.6691 
 598 0.0202 0.8340 0.0266 0.1193 
 599 0.0189 0.2027 0.0960 0.6825 
 600 0.0655 0.4584 0.1032 0.3729 
 601 0.0195 0.3762 0.0728 0.5315 
 602 0.0944 0.0607 0.1301 0.7147 
 603 0.0924 0.0593 0.1458 0.7026 
 604 0.0747 0.4997 0.1090 0.3165 
 605 0.0376 0.1657 0.1406 0.6561 
 606 0.0921 0.1391 0.3448 0.4240 
 607 0.2467 0.1900 0.1200 0.4432 
 608 0.4303 0.1760 0.0766 0.3171 
 609 0.0511 0.3202 0.0778 0.5508 
 610 0.0368 0.6205 0.1492 0.1935 
 611 0.0904 0.0726 0.1712 0.6658 
 612 0.0278 0.8210 0.0452 0.1059 
 613 0.0473 0.2215 0.1454 0.5858 
 614 0.0281 0.7485 0.0662 0.1573 
 615 0.0516 0.7296 0.0872 0.1316 
 616 0.1699 0.1833 0.1244 0.5224 
 617 0.0323 0.3127 0.0918 0.5632 
 618 0.1423 0.5271 0.1329 0.1978 
 619 0.0863 0.1812 0.3891 0.3434 
 620 0.0175 0.0927 0.3699 0.5199 
 621 0.0310 0.1108 0.0318 0.8264 
 622 0.0944 0.4146 0.2292 0.2618 
 623 0.0310 0.1114 0.1280 0.7296 
 624 0.1115 0.6727 0.0529 0.1629 
 625 0.1384 0.4362 0.0601 0.3653 
 626 0.3129 0.3325 0.2476 0.1070 
 627 0.0436 0.1331 0.1239 0.6995 
 628 0.0417 0.0823 0.1219 0.7542 
 629 0.0532 0.1345 0.0993 0.7131 
 630 0.0419 0.5544 0.0736 0.3301 
 631 0.0498 0.3526 0.1002 0.4973 
 632 0.1387 0.0858 0.5298 0.2456 
 633 0.0913 0.3465 0.0718 0.4904 
 634 0.1181 0.1722 0.2268 0.4830 
 635 0.4544 0.1489 0.1812 0.2156 
 636 0.2167 0.3810 0.0729 0.3294 
 637 0.0571 0.1457 0.4968 0.3004 
 638 0.0854 0.1159 0.0970 0.7017 
 639 0.0836 0.3373 0.1052 0.4739 
 640 0.0382 0.0890 0.0365 0.8362 
 641 0.0545 0.1616 0.0937 0.6902 
 642 0.4379 0.0876 0.2403 0.2342 
 643 0.7833 0.0449 0.0608 0.1109 
 644 0.5722 0.0486 0.0994 0.2798 
 645 0.5249 0.2895 0.0966 0.0889 
 646 0.0845 0.0877 0.2953 0.5325 
 647 0.2865 0.0603 0.1785 0.4746 
 648 0.2603 0.1143 0.2891 0.3363 
 649 0.1006 0.0401 0.6339 0.2254 
 650 0.1144 0.0493 0.2779 0.5584 
 651 0.3780 0.0424 0.0806 0.4989 
 652 0.5952 0.0567 0.1221 0.2260 
 653 0.3376 0.0888 0.2295 0.3442 
 654 0.2997 0.0632 0.4529 0.1843 
 655 0.5229 0.0712 0.0906 0.3154 
 656 0.2023 0.0790 0.3361 0.3825 
 657 0.1757 0.2098 0.0740 0.5404 
 658 0.1872 0.1283 0.2070 0.4775 
 659 0.4739 0.0670 0.2021 0.2570 
 660 0.4925 0.0462 0.2985 0.1628 
 661 0.5068 0.0773 0.3009 0.1150 
 662 0.0626 0.0327 0.7110 0.1937 
 663 0.3885 0.0664 0.3241 0.2210 
 664 0.1986 0.1733 0.1029 0.5252 
 665 0.0750 0.0387 0.6503 0.2360 
 666 0.3544 0.0686 0.3804 0.1967 
 667 0.0696 0.0606 0.0945 0.7753 
 668 0.4381 0.1099 0.1920 0.2599 
 669 0.1985 0.0638 0.3958 0.3419 
 670 0.7932 0.0289 0.0952 0.0827 
 671 0.6001 0.0397 0.2119 0.1483 
 672 0.6677 0.0694 0.1090 0.1540 
 673 0.8827 0.0268 0.0307 0.0598 
 674 0.6979 0.0571 0.1331 0.1120 
 675 0.8121 0.0270 0.0441 0.1167 
 676 0.8829 0.0263 0.0340 0.0568 
 677 0.4662 0.0277 0.4394 0.0667 
 678 0.8834 0.0270 0.0274 0.0621 
 679 0.8033 0.0510 0.0418 0.1039 
 680 0.8175 0.0450 0.0543 0.0832 
 681 0.2613 0.1452 0.3710 0.2225 
 682 0.8269 0.0484 0.0509 0.0738 
 683 0.8131 0.0278 0.0830 0.0761 
 684 0.8744 0.0285 0.0323 0.0648 
 685 0.8813 0.0240 0.0388 0.0559 
 686 0.5109 0.0523 0.3394 0.0974 
 687 0.5498 0.0364 0.2823 0.1315 
 688 0.8146 0.0330 0.0589 0.0934 
 689 0.8843 0.0253 0.0345 0.0560 
 690 0.8798 0.0264 0.0363 0.0575 
 691 0.7828 0.0471 0.0726 0.0975 
 692 0.8299 0.0362 0.0370 0.0969 
 693 0.8200 0.0409 0.0417 0.0974 
 694 0.8847 0.0231 0.0401 0.0522 
 695 0.8168 0.0368 0.0805 0.0659 
 696 0.8136 0.0332 0.0603 0.0929 
 697 0.8635 0.0275 0.0492 0.0599 
 698 0.8732 0.0268 0.0404 0.0597 
 699 0.5782 0.0349 0.3224 0.0645 
 700 0.7411 0.0692 0.1064 0.0833 
 701 0.7618 0.0542 0.0761 0.1080 
 702 0.6753 0.0663 0.1291 0.1292 
 703 0.8082 0.0490 0.0647 0.0780 
 704 0.7900 0.0326 0.0936 0.0838 
 705 0.3724 0.0746 0.4180 0.1350 
 706 0.8069 0.0455 0.0767 0.0709 
 707 0.8428 0.0300 0.0665 0.0608 
 708 0.8598 0.0257 0.0481 0.0664 
 709 0.8079 0.0325 0.1010 0.0586 
 710 0.8822 0.0240 0.0416 0.0522 
 711 0.6981 0.0466 0.1785 0.0768 
 712 0.6609 0.0241 0.2548 0.0602 
 713 0.8121 0.0302 0.0678 0.0900 
 714 0.7514 0.0504 0.0688 0.1294 
 715 0.8042 0.0243 0.1180 0.0535 
 716 0.8273 0.0433 0.0652 0.0642 
 717 0.8681 0.0251 0.0553 0.0515 
 718 0.7276 0.0437 0.1297 0.0990 
 719 0.8376 0.0243 0.0812 0.0569 
 720 0.0301 0.1338 0.0634 0.7726 
 721 0.5396 0.1617 0.1188 0.1798 
 722 0.0616 0.4445 0.1175 0.3764 
 723 0.0559 0.4905 0.0633 0.3904 
 724 0.1600 0.6082 0.0786 0.1532 
 725 0.2060 0.1118 0.1443 0.5379 
 726 0.0967 0.5418 0.1669 0.1946 
 727 0.1630 0.1536 0.4359 0.2475 
 728 0.0176 0.8774 0.0300 0.0750 
 729 0.0201 0.8383 0.0323 0.1093 
 730 0.0346 0.3553 0.0605 0.5496 
 731 0.0442 0.7474 0.0446 0.1639 
 732 0.0575 0.4923 0.0610 0.3892 
 733 0.0294 0.8077 0.0316 0.1312 
 734 0.0197 0.7970 0.0317 0.1516 
 735 0.0361 0.8255 0.0284 0.1099 
 736 0.0418 0.4468 0.0493 0.4621 
 737 0.0442 0.4479 0.1152 0.3927 
 738 0.0362 0.3652 0.0501 0.5486 
 739 0.0254 0.8228 0.0291 0.1227 
 740 0.7456 0.0423 0.0539 0.1583 
 741 0.5362 0.0830 0.1119 0.2689 
 742 0.1482 0.0894 0.0335 0.7288 
 743 0.0689 0.0804 0.0699 0.7808 
 744 0.0636 0.0581 0.4632 0.4151 
 745 0.0260 0.0754 0.0752 0.8234 
 746 0.1659 0.1370 0.1189 0.5782 
 747 0.0492 0.0551 0.1186 0.7772 
 748 0.4470 0.0509 0.0880 0.4141 
 749 0.1132 0.0703 0.2268 0.5897 
 750 0.0722 0.0695 0.1803 0.6780 
 751 0.4612 0.0642 0.0929 0.3818 
 752 0.0632 0.0867 0.1323 0.7178 
 753 0.1697 0.1791 0.1486 0.5027 
 754 0.4115 0.0705 0.0697 0.4483 
 755 0.1460 0.0886 0.0774 0.6880 
 756 0.2324 0.0417 0.1386 0.5873 
 757 0.1027 0.0554 0.0776 0.7643 
 758 0.0257 0.0389 0.0563 0.8792 
 759 0.4795 0.1221 0.1138 0.2847 
 760 0.1090 0.1708 0.0573 0.6629 
 761 0.2601 0.4115 0.1064 0.2220 
 762 0.0410 0.3692 0.0327 0.5571 
 763 0.1689 0.1803 0.1496 0.5012 
 764 0.0636 0.0534 0.0564 0.8266 
 765 0.0492 0.3168 0.0898 0.5442 
 766 0.2943 0.0550 0.0618 0.5890 
 767 0.2246 0.0954 0.1227 0.5573 
 768 0.0425 0.4059 0.0349 0.5167 
 769 0.2204 0.4324 0.0573 0.2899 
 770 0.0350 0.3790 0.0467 0.5393 
 771 0.1042 0.0410 0.5116 0.3433 
 772 0.2846 0.0988 0.1107 0.5060 
 773 0.0645 0.0491 0.0689 0.8175 
 774 0.4307 0.0816 0.1436 0.3441 
 775 0.0794 0.5679 0.0388 0.3138 
 776 0.0398 0.0596 0.0605 0.8401 
 777 0.0798 0.1035 0.2474 0.5693 
 778 0.1197 0.0644 0.3765 0.4395 
 779 0.0929 0.0448 0.0531 0.8092 
 780 0.4145 0.0651 0.0832 0.4371 
 781 0.0967 0.0380 0.6765 0.1888 
 782 0.0973 0.0438 0.0527 0.8062 
 783 0.2386 0.0909 0.0577 0.6128 
 784 0.0542 0.1187 0.0519 0.7752 
 785 0.1258 0.0586 0.0590 0.7566 
 786 0.4433 0.0726 0.0585 0.4256 
 787 0.3486 0.0357 0.2291 0.3866 
 788 0.0708 0.0899 0.0685 0.7708 
 789 0.0632 0.1103 0.0396 0.7870 
 790 0.2486 0.1108 0.0588 0.5818 
 791 0.1080 0.0766 0.0778 0.7376 
 792 0.4198 0.0384 0.1869 0.3548 
 793 0.2721 0.1469 0.3929 0.1881 
 794 0.1135 0.0974 0.1125 0.6766 
 795 0.4945 0.1410 0.1612 0.2033 
 796 0.1493 0.0599 0.0862 0.7046 
 797 0.4762 0.0761 0.3098 0.1379 
 798 0.0213 0.6553 0.1527 0.1707 
 799 0.0554 0.0730 0.0780 0.7936 
 800 0.3926 0.0298 0.3726 0.2050 
 801 0.0444 0.6476 0.1334 0.1746 
 802 0.1797 0.3476 0.2728 0.1999 
 803 0.3115 0.1048 0.2580 0.3256 
 804 0.0840 0.1203 0.4525 0.3432 
 805 0.7982 0.0393 0.0615 0.1010 
 806 0.0788 0.3428 0.4129 0.1656 
 807 0.5273 0.0508 0.3252 0.0967 
 808 0.2622 0.0513 0.5416 0.1449 
 809 0.0365 0.1899 0.6690 0.1046 
 810 0.1472 0.2139 0.1577 0.4812 
 811 0.2845 0.0748 0.4787 0.1620 
 812 0.0220 0.0516 0.8077 0.1187 
 813 0.0255 0.6532 0.1014 0.2198 
 814 0.0331 0.0421 0.6759 0.2489 
 815 0.1577 0.3213 0.4114 0.1096 
 816 0.3086 0.2248 0.1893 0.2773 
 817 0.1818 0.3426 0.2755 0.2001 
 818 0.0560 0.0910 0.0524 0.8005 
 819 0.1139 0.0330 0.0909 0.7622 
 820 0.1464 0.0514 0.1965 0.6058 
 821 0.0780 0.0872 0.0313 0.8034 
 822 0.0220 0.1338 0.0520 0.7922 
 823 0.2115 0.3424 0.0381 0.4080 
 824 0.1130 0.0609 0.0643 0.7617 
 825 0.0402 0.1798 0.0601 0.7200 
 826 0.0300 0.0529 0.0488 0.8684 
 827 0.0453 0.2373 0.0407 0.6768 
 828 0.0806 0.3829 0.0651 0.4714 
 829 0.0725 0.5155 0.1097 0.3023 
 830 0.0301 0.1539 0.0289 0.7871 
 831 0.1033 0.1671 0.1036 0.6261 
 832 0.1151 0.1406 0.1161 0.6282 
 833 0.1446 0.3080 0.0725 0.4748 
 834 0.1051 0.2271 0.0887 0.5792 
 835 0.0290 0.0505 0.0589 0.8616 
 836 0.0589 0.0576 0.0979 0.7856 
 837 0.1959 0.3693 0.1125 0.3223 
 838 0.0308 0.0455 0.1064 0.8173 
 839 0.0471 0.1142 0.0332 0.8055 
 840 0.1158 0.0568 0.3763 0.4511 
 841 0.0779 0.0445 0.1247 0.7529 
 842 0.0228 0.0544 0.0317 0.8911 
 843 0.2112 0.0617 0.4320 0.2951 
 844 0.1267 0.1121 0.1304 0.6308 
 845 0.0310 0.0548 0.0282 0.8860 
 846 0.0761 0.0434 0.0485 0.8320 
 847 0.1471 0.0334 0.0568 0.7628 
 848 0.0661 0.0370 0.0740 0.8229 
 849 0.0475 0.0695 0.0425 0.8405 
 850 0.0445 0.1174 0.0405 0.7975 
 851 0.0374 0.0412 0.0400 0.8814 
 852 0.5166 0.1582 0.0460 0.2792 
 853 0.0378 0.1213 0.0400 0.8010 
 854 0.2294 0.2093 0.0457 0.5156 
 855 0.0577 0.0493 0.0523 0.8407 
 856 0.1018 0.0552 0.0632 0.7798 
 857 0.0516 0.0782 0.1639 0.7063 
 858 0.0334 0.0570 0.0474 0.8622 
 859 0.0388 0.1322 0.0331 0.7960 
 860 0.0349 0.0465 0.0590 0.8596 
 861 0.3771 0.0374 0.1929 0.3926 
 862 0.0255 0.8582 0.0334 0.0829 
 863 0.0587 0.7659 0.0624 0.1131 
 864 0.0432 0.8500 0.0307 0.0761 
 865 0.0183 0.8090 0.0348 0.1379 
 866 0.0299 0.2673 0.0626 0.6401 
 867 0.0356 0.8331 0.0497 0.0816 
 868 0.0324 0.7050 0.0744 0.1883 
 869 0.0344 0.2976 0.0514 0.6166 
 870 0.0209 0.6239 0.1467 0.2085 
 871 0.0224 0.7410 0.0433 0.1934 
 872 0.0312 0.8162 0.0306 0.1221 
 873 0.0343 0.8334 0.0341 0.0981 
 874 0.0215 0.8433 0.0412 0.0940 
 875 0.0359 0.3583 0.1588 0.4470 
 876 0.0273 0.0935 0.0892 0.7900 
 877 0.0298 0.8575 0.0306 0.0822 
 878 0.0467 0.3187 0.1161 0.5185 
 879 0.0429 0.8254 0.0329 0.0988 
 880 0.0268 0.3915 0.1619 0.4198 
 881 0.0363 0.7960 0.0428 0.1249 
 882 0.0352 0.8242 0.0295 0.1112 
 883 0.0420 0.0973 0.0937 0.7670 
 884 0.0182 0.8076 0.0335 0.1407 
 885 0.0560 0.5683 0.1990 0.1767 
 886 0.0572 0.4610 0.0505 0.4313 
 887 0.0213 0.8002 0.0365 0.1420 
 888 0.0858 0.3832 0.3291 0.2019 
 889 0.0178 0.8329 0.0344 0.1149 
 890 0.0191 0.3933 0.0710 0.5167 
 891 0.0308 0.0537 0.0759 0.8396 
 892 0.0357 0.0662 0.1198 0.7783 
 893 0.0502 0.1101 0.2147 0.6250 
 894 0.0223 0.1631 0.0289 0.7858 
 895 0.0223 0.7420 0.0402 0.1955 
 896 0.0571 0.0440 0.1105 0.7883 
 897 0.0349 0.0453 0.0712 0.8487 
 898 0.0599 0.2648 0.1011 0.5742 
 899 0.0187 0.0968 0.0280 0.8564 
 900 0.0274 0.0502 0.0609 0.8615 
 901 0.0296 0.0628 0.0502 0.8574 
 902 0.0363 0.0589 0.4452 0.4596 
 903 0.0280 0.4592 0.0557 0.4571 
 904 0.0580 0.2959 0.1399 0.5062 
 905 0.0209 0.4052 0.0350 0.5389 
 906 0.0384 0.1871 0.1170 0.6574 
 907 0.0457 0.0929 0.0433 0.8180 
 908 0.0367 0.1040 0.0376 0.8218 
 909 0.0412 0.1864 0.1457 0.6267 
 910 0.0386 0.0693 0.1193 0.7728 
 911 0.0186 0.5512 0.0376 0.3926 
 912 0.0242 0.1301 0.0371 0.8086 
 913 0.0208 0.2393 0.0527 0.6872 
 914 0.1414 0.1562 0.0540 0.6484 
 915 0.0183 0.1492 0.0467 0.7857 
 916 0.0249 0.0941 0.0477 0.8333 
 917 0.0261 0.1231 0.0480 0.8029 
 918 0.1103 0.2985 0.0831 0.5081 
 919 0.0598 0.4039 0.0587 0.4776 
 920 0.0424 0.0852 0.0399 0.8324 
 921 0.1961 0.0756 0.4397 0.2885 
 922 0.0322 0.0509 0.6451 0.2717 
 923 0.0490 0.0417 0.6205 0.2888 
 924 0.0313 0.0449 0.5796 0.3442 
 925 0.0519 0.0605 0.5500 0.3377 
 926 0.0490 0.0262 0.8089 0.1160 
 927 0.0605 0.0409 0.7775 0.1211 
 928 0.0988 0.0270 0.7616 0.1126 
 929 0.0314 0.0282 0.7794 0.1610 
 930 0.0508 0.0557 0.6543 0.2392 
 931 0.0789 0.1514 0.7106 0.0591 
 932 0.0245 0.0314 0.8099 0.1341 
 933 0.2709 0.0367 0.5518 0.1406 
 934 0.0212 0.0289 0.7156 0.2343 
 935 0.0335 0.0547 0.8267 0.0852 
 936 0.0214 0.0329 0.8639 0.0818 
 937 0.0360 0.0354 0.8661 0.0625 
 938 0.0655 0.0232 0.8420 0.0692 
 939 0.0661 0.0364 0.8396 0.0580 
 940 0.0529 0.0432 0.7729 0.1311 
 941 0.0249 0.0624 0.7340 0.1787 
 942 0.1649 0.0630 0.5344 0.2377 
 943 0.0626 0.0321 0.8527 0.0526 
 944 0.0448 0.0345 0.8449 0.0758 
 945 0.0459 0.0460 0.7240 0.1841 
 946 0.0342 0.0324 0.8105 0.1229 
 947 0.0565 0.0284 0.8400 0.0751 
 948 0.0200 0.1567 0.7473 0.0760 
 949 0.0198 0.1618 0.6875 0.1308 
 950 0.0413 0.0233 0.8677 0.0678 
 951 0.0593 0.0535 0.7583 0.1290 
 952 0.0271 0.0398 0.8374 0.0957 
 953 0.0394 0.0966 0.6913 0.1727 
 954 0.0301 0.0942 0.7790 0.0966 
 955 0.7650 0.0406 0.1195 0.0749 
 956 0.6067 0.0341 0.2572 0.1020 
 957 0.3152 0.0994 0.2902 0.2952 
 958 0.0669 0.0817 0.1446 0.7068 
 959 0.1773 0.0524 0.3997 0.3706 
 960 0.0999 0.2664 0.0676 0.5661 
 961 0.8822 0.0246 0.0378 0.0554 
 962 0.0557 0.0263 0.3579 0.5601 
 963 0.0709 0.0802 0.1201 0.7288 
 964 0.1188 0.0874 0.0589 0.7349 
 965 0.2467 0.0471 0.2484 0.4578 
 966 0.1962 0.0858 0.2146 0.5035 
 967 0.7789 0.0485 0.0971 0.0755 
 968 0.0814 0.0298 0.2543 0.6344 
 969 0.2919 0.2380 0.0929 0.3772 
 970 0.7020 0.0452 0.1226 0.1302 
 971 0.0880 0.0386 0.5205 0.3529 
 972 0.2175 0.1241 0.1924 0.4661 
 973 0.2335 0.0335 0.4657 0.2674 
 974 0.0891 0.0748 0.1021 0.7340 
 975 0.2927 0.2368 0.0918 0.3786 
 976 0.0887 0.0386 0.5200 0.3527 
 977 0.3752 0.1046 0.0819 0.4383 
 978 0.1818 0.0424 0.3563 0.4194 
 979 0.0592 0.0532 0.2717 0.6159 
 980 0.2812 0.0500 0.2810 0.3878 
 981 0.1512 0.0810 0.4327 0.3351 
 982 0.0391 0.0839 0.0932 0.7839 
 983 0.0474 0.2704 0.1111 0.5711 
 984 0.6653 0.1481 0.0570 0.1296 
 985 0.1658 0.0472 0.1117 0.6753 
 986 0.0728 0.0800 0.0924 0.7548 
 987 0.0285 0.0606 0.1531 0.7577 
 988 0.0226 0.1824 0.0289 0.7661 
 989 0.3384 0.1266 0.4117 0.1234 
 990 0.0975 0.1472 0.0596 0.6957 
 991 0.1005 0.0745 0.3125 0.5125 
 992 0.0255 0.0350 0.3894 0.5500 
 993 0.0530 0.3326 0.1070 0.5075 
 994 0.1091 0.0530 0.6080 0.2299 
 995 0.7201 0.0238 0.1788 0.0773 
 996 0.0428 0.1338 0.0525 0.7709 
 997 0.0749 0.0362 0.3005 0.5884 
 998 0.0406 0.0714 0.1458 0.7423 
 999 0.1766 0.0556 0.1064 0.6614 
1000 0.0333 0.0664 0.1623 0.7380 
1001 0.0519 0.1355 0.0572 0.7554 
1002 0.0217 0.0895 0.0384 0.8504 
1003 0.0618 0.0614 0.3876 0.4892 
1004 0.0707 0.0380 0.0748 0.8164 
1005 0.0349 0.0553 0.1213 0.7886 
1006 0.0585 0.0678 0.6908 0.1829 
1007 0.1529 0.0559 0.5205 0.2707 
1008 0.1469 0.0441 0.6550 0.1540 
1009 0.1006 0.1397 0.4219 0.3377 
1010 0.0914 0.0699 0.5420 0.2967 
1011 0.2154 0.0728 0.4817 0.2301 
1012 0.0335 0.0521 0.7947 0.1198 
1013 0.0547 0.0648 0.5688 0.3118 
1014 0.0349 0.0840 0.1267 0.7545 
1015 0.0338 0.0347 0.6192 0.3123 
1016 0.0326 0.0477 0.0620 0.8577 
1017 0.1169 0.0441 0.3614 0.4776 
1018 0.1303 0.0622 0.3159 0.4916 
1019 0.1204 0.1217 0.2410 0.5168 
1020 0.6333 0.0377 0.2279 0.1011 
1021 0.1605 0.0327 0.7255 0.0812 
1022 0.1313 0.0551 0.1891 0.6245 
1023 0.0500 0.1802 0.1080 0.6617 
1024 0.0317 0.1861 0.1932 0.5890 
1025 0.0808 0.0500 0.0582 0.8109 
1026 0.1707 0.5915 0.1271 0.1108 
1027 0.0948 0.3966 0.4021 0.1066 
1028 0.1388 0.4679 0.0603 0.3330 
1029 0.1536 0.1014 0.2181 0.5270 
1030 0.3654 0.0939 0.2646 0.2761 
1031 0.2350 0.3832 0.1994 0.1825 
1032 0.2747 0.2205 0.2595 0.2453 
1033 0.2721 0.3281 0.1523 0.2475 
1034 0.1554 0.1051 0.2501 0.4894 
1035 0.7059 0.0748 0.0741 0.1452 
1036 0.2122 0.1557 0.4322 0.1999 
1037 0.3778 0.0569 0.2895 0.2757 
1038 0.4942 0.2420 0.0827 0.1811 
1039 0.2036 0.1176 0.4694 0.2094 
1040 0.1364 0.5754 0.1730 0.1152 
1041 0.2024 0.4653 0.0986 0.2337 
1042 0.4807 0.1496 0.1384 0.2313 
1043 0.2697 0.3602 0.1045 0.2655 
1044 0.1435 0.2742 0.1441 0.4382 
1045 0.2067 0.6272 0.0530 0.1131 
1046 0.3576 0.1404 0.2373 0.2648 
1047 0.5897 0.0787 0.1886 0.1430 
1048 0.0787 0.1454 0.0886 0.6873 
1049 0.0554 0.0654 0.0737 0.8055 
1050 0.0196 0.1275 0.0323 0.8206 
1051 0.0218 0.0856 0.0389 0.8536 
1052 0.0308 0.1176 0.0604 0.7911 
1053 0.0404 0.0990 0.0347 0.8259 
1054 0.0412 0.0876 0.0486 0.8226 
1055 0.0291 0.0384 0.0420 0.8905 
1056 0.0302 0.0588 0.0629 0.8482 
1057 0.0225 0.6429 0.0936 0.2411 
1058 0.0230 0.1056 0.0465 0.8249 
1059 0.0524 0.1685 0.0409 0.7382 
1060 0.0923 0.1188 0.0532 0.7358 
1061 0.0253 0.0373 0.0623 0.8751 
1062 0.0267 0.1305 0.0443 0.7984 
1063 0.0673 0.0380 0.2193 0.6754 
1064 0.0298 0.0862 0.0569 0.8271 
1065 0.0483 0.0660 0.0824 0.8032 
1066 0.0648 0.0396 0.0479 0.8477 
1067 0.0265 0.1285 0.0406 0.8044 
1068 0.2620 0.1333 0.1274 0.4774 
1069 0.0191 0.0416 0.0333 0.9061 
1070 0.0284 0.0798 0.0655 0.8263 
1071 0.1061 0.0861 0.0618 0.7460 
1072 0.0494 0.0508 0.0636 0.8363 
1073 0.0350 0.1010 0.0312 0.8328 
1074 0.0833 0.1563 0.0637 0.6967 
1075 0.0451 0.1105 0.0641 0.7803 
1076 0.0558 0.0876 0.0450 0.8116 
1077 0.0250 0.6653 0.0453 0.2643 
1078 0.0361 0.0652 0.1163 0.7824 
1079 0.0308 0.1078 0.0375 0.8239 
1080 0.1459 0.0961 0.2126 0.5454 
1081 0.0239 0.1126 0.0274 0.8361 
1082 0.0637 0.1782 0.1045 0.6537 
1083 0.0480 0.0598 0.0617 0.8305 
1084 0.1042 0.0938 0.1914 0.6106 
1085 0.0169 0.0671 0.0352 0.8807 
1086 0.0257 0.0334 0.0640 0.8768 
1087 0.0173 0.0637 0.0397 0.8793 
1088 0.0185 0.0563 0.0429 0.8823 
1089 0.0207 0.1237 0.0254 0.8302 
1090 0.0277 0.0952 0.0350 0.8421 
1091 0.0418 0.0680 0.0515 0.8387 
1092 0.0245 0.1176 0.0380 0.8199 
1093 0.0830 0.0513 0.0791 0.7866 
1094 0.0709 0.5423 0.0735 0.3133 
1095 0.0237 0.6096 0.0381 0.3287 
1096 0.0632 0.0751 0.0408 0.8209 
1097 0.0191 0.5293 0.0352 0.4164 
1098 0.0216 0.0417 0.2238 0.7129 
1099 0.0569 0.0459 0.4983 0.3988 
1100 0.0228 0.0715 0.0332 0.8724 
1101 0.0200 0.0559 0.0381 0.8860 
1102 0.0284 0.1321 0.0516 0.7879 
1103 0.0443 0.0615 0.0448 0.8494 
1104 0.0276 0.0513 0.0667 0.8544 
1105 0.0281 0.0601 0.0622 0.8497 
1106 0.1016 0.0823 0.0562 0.7599 
1107 0.0459 0.0912 0.0318 0.8311 
1108 0.0333 0.5520 0.0328 0.3818 
1109 0.0295 0.4102 0.0372 0.5231 
1110 0.3046 0.0505 0.4275 0.2173 
1111 0.2945 0.0305 0.4513 0.2236 
1112 0.6599 0.1875 0.0885 0.0640 
1113 0.1694 0.1689 0.4916 0.1701 
1114 0.2597 0.3100 0.1238 0.3064 
1115 0.1028 0.0834 0.7191 0.0948 
1116 0.7289 0.0621 0.1142 0.0948 
1117 0.0942 0.5071 0.2204 0.1782 
1118 0.7857 0.0598 0.0789 0.0756 
1119 0.1097 0.3601 0.4207 0.1095 
1120 0.1608 0.1058 0.6499 0.0835 
1121 0.4637 0.3478 0.0917 0.0969 
1122 0.3608 0.1841 0.1114 0.3438 
1123 0.1756 0.1902 0.1297 0.5045 
1124 0.7820 0.0605 0.0822 0.0753 
1125 0.4480 0.1113 0.1489 0.2918 
1126 0.4137 0.3399 0.1208 0.1256 
1127 0.2887 0.2133 0.3945 0.1035 
1128 0.3042 0.0472 0.5430 0.1056 
1129 0.0961 0.1727 0.4767 0.2545 
1130 0.1503 0.1153 0.3296 0.4048 
1131 0.1244 0.6172 0.0853 0.1730 
1132 0.2008 0.1747 0.5487 0.0758 
1133 0.6997 0.0900 0.0763 0.1340 
1134 0.6945 0.0403 0.1856 0.0796 
1135 0.0755 0.2427 0.1716 0.5102 
1136 0.0725 0.6468 0.1718 0.1088 
1137 0.5661 0.0602 0.1755 0.1981 
1138 0.2516 0.1431 0.2818 0.3235 
1139 0.6663 0.0467 0.2096 0.0774 
1140 0.3001 0.2081 0.1522 0.3396 
1141 0.2113 0.1738 0.1946 0.4203 
1142 0.1053 0.5836 0.1093 0.2018 
1143 0.3973 0.1003 0.1087 0.3937 
1144 0.1760 0.1133 0.6130 0.0977 
1145 0.1118 0.3900 0.3741 0.1241 
1146 0.4915 0.2990 0.0468 0.1628 
1147 0.0896 0.1407 0.1471 0.6225 
1148 0.0600 0.7465 0.0414 0.1521 
1149 0.3060 0.1321 0.4111 0.1508 
1150 0.1318 0.0909 0.5299 0.2475 
1151 0.6851 0.1581 0.0714 0.0854 
1152 0.1823 0.2806 0.1484 0.3887 
1153 0.0502 0.5878 0.2314 0.1306 
1154 0.3099 0.3085 0.1464 0.2353 
1155 0.1625 0.1797 0.5071 0.1507 
1156 0.1975 0.0698 0.6481 0.0846 
1157 0.2124 0.5386 0.1639 0.0851 
1158 0.5416 0.1459 0.1959 0.1165 
1159 0.0266 0.0655 0.0659 0.8420 
1160 0.0252 0.0827 0.1748 0.7173 
1161 0.0431 0.0371 0.1525 0.7672 
1162 0.0791 0.0988 0.5116 0.3105 
1163 0.2645 0.0630 0.3726 0.2999 
1164 0.1048 0.1694 0.3773 0.3485 
1165 0.0324 0.0518 0.0694 0.8463 
1166 0.1880 0.0455 0.2670 0.4996 
1167 0.0250 0.0718 0.0409 0.8623 
1168 0.0425 0.1293 0.1084 0.7198 
1169 0.0572 0.0731 0.1301 0.7396 
1170 0.0377 0.4227 0.0870 0.4526 
1171 0.0808 0.1613 0.0674 0.6905 
1172 0.0383 0.0998 0.0565 0.8054 
1173 0.0401 0.0634 0.0853 0.8112 
1174 0.0245 0.0462 0.0557 0.8737 
1175 0.0370 0.0822 0.0908 0.7901 
1176 0.0829 0.0990 0.2881 0.5299 
