   1 0.0799 0.0240 0.1915 0.1134 0.2046 0.3866 
   2 0.0801 0.0394 0.0337 0.3416 0.3684 0.1369 
   3 0.2377 0.0094 0.1441 0.1392 0.2082 0.2615 
   4 0.0481 0.0135 0.0458 0.1065 0.1765 0.6096 
   5 0.1437 0.0560 0.0389 0.2487 0.3771 0.1357 
   6 0.4895 0.0097 0.0691 0.0714 0.2578 0.1025 
   7 0.0624 0.0141 0.0703 0.0475 0.7025 0.1032 
   8 0.1980 0.0142 0.0536 0.0746 0.2543 0.4052 
   9 0.2176 0.0337 0.0870 0.1826 0.2630 0.2160 
  10 0.1248 0.0199 0.0578 0.0518 0.4434 0.3023 
  11 0.0465 0.0238 0.1517 0.0472 0.6232 0.1076 
  12 0.1517 0.0266 0.0361 0.2271 0.3638 0.1947 
  13 0.1361 0.0253 0.0543 0.1151 0.4616 0.2075 
  14 0.0691 0.0143 0.0819 0.3489 0.2480 0.2378 
  15 0.0718 0.0149 0.0758 0.1519 0.3242 0.3613 
  16 0.1120 0.0292 0.1682 0.0839 0.4177 0.1890 
  17 0.4304 0.0245 0.0451 0.1309 0.2199 0.1491 
  18 0.2122 0.0179 0.1294 0.2091 0.2107 0.2207 
  19 0.4137 0.0157 0.0470 0.0777 0.3057 0.1402 
  20 0.1101 0.0223 0.0641 0.1799 0.4475 0.1760 
  21 0.0532 0.0166 0.0935 0.2410 0.2155 0.3802 
  22 0.4275 0.0132 0.0725 0.0968 0.2000 0.1900 
  23 0.0588 0.0454 0.0619 0.2730 0.1898 0.3711 
  24 0.0898 0.0225 0.1203 0.1019 0.2644 0.4011 
  25 0.1814 0.0161 0.0579 0.0842 0.5779 0.0826 
  26 0.2910 0.0175 0.0701 0.1486 0.2240 0.2489 
  27 0.1263 0.0319 0.0863 0.1493 0.3673 0.2390 
  28 0.0516 0.0155 0.1120 0.0729 0.2904 0.4576 
  29 0.0517 0.0311 0.0484 0.1716 0.5308 0.1664 
  30 0.3099 0.0200 0.1554 0.1600 0.1930 0.1618 
  31 0.1254 0.0293 0.0541 0.1750 0.3496 0.2666 
  32 0.1912 0.0131 0.0498 0.1524 0.2822 0.3113 
  33 0.0981 0.0164 0.2072 0.1341 0.2653 0.2788 
  34 0.1425 0.0577 0.0705 0.0528 0.5099 0.1666 
  35 0.2460 0.0478 0.0646 0.3400 0.1816 0.1201 
  36 0.0289 0.0129 0.4033 0.2854 0.1370 0.1324 
  37 0.0723 0.0117 0.0415 0.1913 0.3268 0.3564 
  38 0.0330 0.0333 0.5499 0.1228 0.1825 0.0786 
  39 0.0667 0.0373 0.2918 0.1934 0.2816 0.1293 
  40 0.0595 0.0193 0.0695 0.4842 0.1417 0.2258 
  41 0.0575 0.0523 0.2697 0.3061 0.1963 0.1181 
  42 0.0211 0.0334 0.2423 0.1376 0.1234 0.4422 
  43 0.0493 0.0200 0.0336 0.4024 0.2885 0.2063 
  44 0.1433 0.0184 0.0505 0.5380 0.1607 0.0892 
  45 0.0300 0.0363 0.2950 0.3416 0.2084 0.0886 
  46 0.2675 0.0179 0.0874 0.2410 0.2795 0.1067 
  47 0.3175 0.0349 0.0506 0.1615 0.2482 0.1871 
  48 0.1686 0.0202 0.0424 0.5800 0.1030 0.0858 
  49 0.0857 0.0747 0.1911 0.2421 0.2336 0.1729 
  50 0.2037 0.0236 0.0840 0.1152 0.4232 0.1503 
  51 0.0194 0.0176 0.2043 0.5554 0.1041 0.0992 
  52 0.0760 0.0418 0.3011 0.1395 0.2725 0.1690 
  53 0.0592 0.0149 0.5311 0.0981 0.1588 0.1378 
  54 0.0956 0.0338 0.0324 0.3625 0.2834 0.1922 
  55 0.0596 0.0170 0.0329 0.5836 0.1868 0.1200 
  56 0.1621 0.0419 0.1179 0.4177 0.1084 0.1520 
  57 0.2492 0.0296 0.0506 0.0610 0.2867 0.3229 
  58 0.0345 0.0400 0.1278 0.4057 0.2371 0.1548 
  59 0.0411 0.1036 0.3159 0.2343 0.1728 0.1325 
  60 0.0303 0.0117 0.1081 0.4565 0.1474 0.2460 
  61 0.0200 0.0141 0.0288 0.6426 0.1351 0.1594 
  62 0.1728 0.2502 0.0807 0.1482 0.2218 0.1263 
  63 0.0314 0.0169 0.0880 0.2608 0.3589 0.2440 
  64 0.2630 0.0353 0.2235 0.1449 0.2298 0.1036 
  65 0.0457 0.0188 0.0402 0.1043 0.7133 0.0777 
  66 0.0299 0.0169 0.0460 0.2888 0.3196 0.2987 
  67 0.0483 0.0163 0.0292 0.5560 0.2489 0.1013 
  68 0.0357 0.0679 0.3412 0.2170 0.1713 0.1669 
  69 0.0450 0.1491 0.3607 0.0909 0.1628 0.1915 
  70 0.0267 0.0146 0.1786 0.2939 0.2712 0.2149 
  71 0.0317 0.0749 0.2636 0.3601 0.1937 0.0761 
  72 0.0927 0.0124 0.3600 0.1978 0.2251 0.1121 
  73 0.0295 0.0784 0.0532 0.4841 0.2646 0.0903 
  74 0.0341 0.0130 0.3878 0.2224 0.1177 0.2250 
  75 0.0299 0.0181 0.2294 0.3019 0.0940 0.3265 
  76 0.0379 0.0109 0.0506 0.3226 0.4447 0.1334 
  77 0.0263 0.0532 0.3115 0.2844 0.2288 0.0958 
  78 0.0279 0.0568 0.4247 0.2217 0.1667 0.1022 
  79 0.0397 0.0137 0.0635 0.0576 0.7068 0.1188 
  80 0.0322 0.0120 0.0443 0.0750 0.2481 0.5883 
  81 0.0349 0.0099 0.0541 0.0648 0.3622 0.4742 
  82 0.0336 0.0311 0.0498 0.2259 0.3998 0.2597 
  83 0.0358 0.0092 0.0970 0.1275 0.3777 0.3528 
  84 0.0308 0.0096 0.0757 0.0722 0.4849 0.3269 
  85 0.0550 0.0102 0.1182 0.1002 0.3066 0.4098 
  86 0.0812 0.0304 0.0505 0.3644 0.3632 0.1102 
  87 0.0295 0.0121 0.0732 0.0868 0.6690 0.1295 
  88 0.0282 0.0117 0.0502 0.0907 0.4049 0.4142 
  89 0.0286 0.0101 0.0455 0.0901 0.3382 0.4874 
  90 0.0262 0.0113 0.0451 0.0686 0.7069 0.1419 
  91 0.0352 0.0086 0.0925 0.0937 0.2101 0.5599 
  92 0.0404 0.0132 0.0573 0.0884 0.5848 0.2159 
  93 0.0236 0.0106 0.0358 0.0575 0.1189 0.7535 
  94 0.0253 0.0095 0.2107 0.0636 0.5821 0.1088 
  95 0.0209 0.0107 0.0420 0.0729 0.5642 0.2893 
  96 0.0206 0.0147 0.0333 0.4751 0.1669 0.2894 
  97 0.0346 0.0179 0.2527 0.2829 0.1166 0.2953 
  98 0.0434 0.0298 0.0664 0.4003 0.2795 0.1806 
  99 0.0276 0.0098 0.0540 0.0699 0.5423 0.2964 
 100 0.0305 0.0143 0.0261 0.1590 0.1326 0.6376 
 101 0.0316 0.0128 0.0674 0.1386 0.5312 0.2185 
 102 0.0294 0.0243 0.0906 0.1244 0.2972 0.4339 
 103 0.0262 0.0174 0.0349 0.2325 0.4426 0.2464 
 104 0.0280 0.0145 0.0371 0.0988 0.6737 0.1480 
 105 0.0246 0.0521 0.0327 0.1226 0.5433 0.2247 
 106 0.0379 0.0122 0.0958 0.0804 0.7106 0.0632 
 107 0.0313 0.0227 0.0373 0.1760 0.5267 0.2060 
 108 0.0342 0.0102 0.0749 0.6561 0.1433 0.0814 
 109 0.0408 0.2225 0.1260 0.1442 0.4008 0.0657 
 110 0.0347 0.0159 0.1069 0.0576 0.7112 0.0737 
 111 0.0268 0.0407 0.0334 0.0819 0.7258 0.0915 
 112 0.0221 0.3130 0.0845 0.0664 0.4432 0.0708 
 113 0.0579 0.0233 0.0765 0.3917 0.2938 0.1570 
 114 0.0232 0.0324 0.0373 0.0801 0.6471 0.1800 
 115 0.0471 0.0487 0.0459 0.2669 0.4705 0.1210 
 116 0.0409 0.0235 0.1984 0.2195 0.4495 0.0683 
 117 0.0386 0.0744 0.1045 0.0747 0.6018 0.1061 
 118 0.0401 0.0608 0.0416 0.3363 0.4263 0.0948 
 119 0.0217 0.0102 0.0634 0.3572 0.2420 0.3055 
 120 0.0350 0.0810 0.0536 0.1548 0.5440 0.1316 
 121 0.0447 0.1165 0.0646 0.2484 0.4303 0.0955 
 122 0.0308 0.0312 0.0855 0.0770 0.6891 0.0864 
 123 0.0287 0.0202 0.0661 0.1133 0.6486 0.1231 
 124 0.0832 0.0591 0.2004 0.1927 0.3726 0.0920 
 125 0.0670 0.1023 0.3034 0.0956 0.3223 0.1094 
 126 0.0223 0.0125 0.1472 0.1841 0.4992 0.1347 
 127 0.0250 0.0283 0.0320 0.1053 0.7102 0.0991 
 128 0.0331 0.0462 0.0342 0.2862 0.4971 0.1033 
 129 0.0286 0.0227 0.0312 0.1656 0.6668 0.0852 
 130 0.0296 0.0569 0.0422 0.0930 0.5926 0.1857 
 131 0.0416 0.0548 0.3793 0.1236 0.3256 0.0752 
 132 0.0305 0.0172 0.0653 0.1158 0.6997 0.0716 
 133 0.0321 0.0209 0.0453 0.1625 0.6101 0.1292 
 134 0.0277 0.0257 0.0651 0.0503 0.7773 0.0539 
 135 0.0251 0.0410 0.0468 0.2444 0.1070 0.5358 
 136 0.0541 0.0190 0.0320 0.0590 0.0927 0.7432 
 137 0.0261 0.0329 0.0349 0.0470 0.1335 0.7256 
 138 0.0289 0.0100 0.0400 0.0649 0.0853 0.7709 
 139 0.0384 0.0204 0.0409 0.4282 0.1274 0.3447 
 140 0.0256 0.0143 0.0788 0.1368 0.2195 0.5251 
 141 0.0658 0.0197 0.0534 0.0812 0.1134 0.6663 
 142 0.0230 0.0308 0.0398 0.3032 0.1041 0.4992 
 143 0.0225 0.0089 0.0268 0.0542 0.0787 0.8088 
 144 0.0235 0.0315 0.0312 0.0521 0.1278 0.7339 
 145 0.0838 0.0301 0.0562 0.1103 0.1189 0.6007 
 146 0.0437 0.0158 0.0663 0.0846 0.2341 0.5554 
 147 0.0273 0.0100 0.0295 0.0446 0.0793 0.8093 
 148 0.0403 0.0277 0.0377 0.1388 0.1862 0.5693 
 149 0.0268 0.0177 0.0532 0.1103 0.0875 0.7046 
 150 0.0292 0.0391 0.0369 0.0723 0.2166 0.6059 
 151 0.0232 0.0109 0.0327 0.0682 0.1150 0.7499 
 152 0.0630 0.0246 0.0519 0.1939 0.1499 0.5167 
 153 0.0253 0.0118 0.0633 0.0806 0.1125 0.7065 
 154 0.0480 0.0177 0.0345 0.0963 0.0966 0.7070 
 155 0.0232 0.0095 0.0287 0.0623 0.1088 0.7674 
 156 0.0186 0.0176 0.0324 0.1801 0.1199 0.6315 
 157 0.0200 0.0091 0.0510 0.0495 0.2202 0.6502 
 158 0.0728 0.0305 0.0615 0.0782 0.1110 0.6460 
 159 0.0257 0.0132 0.0296 0.0490 0.0801 0.8025 
 160 0.0274 0.0139 0.0283 0.0561 0.0818 0.7925 
 161 0.0269 0.0134 0.0691 0.0757 0.1434 0.6715 
 162 0.0572 0.0173 0.0595 0.1119 0.2463 0.5077 
 163 0.0204 0.0095 0.0320 0.0731 0.0963 0.7687 
 164 0.0320 0.0124 0.0472 0.0964 0.2467 0.5653 
 165 0.0243 0.0375 0.0375 0.0642 0.1908 0.6458 
 166 0.0259 0.0093 0.0840 0.1146 0.2298 0.5364 
 167 0.1029 0.0147 0.0333 0.0597 0.1529 0.6365 
 168 0.0324 0.0111 0.0861 0.0958 0.1133 0.6612 
 169 0.0829 0.0354 0.2638 0.0724 0.0984 0.4471 
 170 0.0220 0.0119 0.0341 0.1472 0.1338 0.6511 
 171 0.0436 0.0118 0.0654 0.1144 0.1727 0.5921 
 172 0.0270 0.0206 0.2255 0.1366 0.0828 0.5076 
 173 0.0291 0.0126 0.0263 0.0751 0.0867 0.7702 
 174 0.0252 0.0101 0.0352 0.0512 0.1174 0.7610 
 175 0.0533 0.0120 0.0284 0.0659 0.0909 0.7495 
 176 0.0233 0.0337 0.0309 0.0526 0.1257 0.7337 
 177 0.0251 0.0118 0.0958 0.0597 0.2487 0.5588 
 178 0.0557 0.0119 0.0370 0.0583 0.1495 0.6876 
 179 0.0264 0.0085 0.0269 0.0539 0.0858 0.7985 
 180 0.0573 0.0182 0.0572 0.0879 0.1569 0.6225 
 181 0.0349 0.0205 0.0474 0.1291 0.1025 0.6656 
 182 0.0244 0.0148 0.0273 0.1062 0.0877 0.7395 
 183 0.0296 0.0099 0.0278 0.0648 0.0865 0.7814 
 184 0.1854 0.0175 0.0314 0.4235 0.2252 0.1170 
 185 0.0220 0.0174 0.0280 0.1926 0.0698 0.6702 
 186 0.0579 0.0114 0.0313 0.2336 0.5441 0.1217 
 187 0.0661 0.0112 0.0316 0.3479 0.1952 0.3480 
 188 0.0567 0.0136 0.0269 0.3245 0.4916 0.0867 
 189 0.1165 0.0109 0.1479 0.2288 0.1627 0.3331 
 190 0.0175 0.0139 0.0225 0.6504 0.0762 0.2195 
 191 0.0511 0.0262 0.0305 0.4574 0.2607 0.1741 
 192 0.0525 0.0133 0.0356 0.2092 0.3226 0.3668 
 193 0.0665 0.0260 0.0461 0.3242 0.2281 0.3092 
 194 0.0393 0.0126 0.0418 0.2683 0.2654 0.3726 
 195 0.0256 0.0107 0.0253 0.4112 0.0950 0.4323 
 196 0.0225 0.0143 0.0273 0.6246 0.1151 0.1963 
 197 0.1890 0.0154 0.0344 0.2539 0.2842 0.2231 
 198 0.0513 0.0123 0.0824 0.2240 0.3739 0.2561 
 199 0.0293 0.0159 0.0374 0.5799 0.1214 0.2161 
 200 0.0428 0.0269 0.0507 0.5708 0.1378 0.1711 
 201 0.0363 0.0113 0.0249 0.2713 0.1179 0.5383 
 202 0.0233 0.0139 0.0262 0.2385 0.1151 0.5830 
 203 0.0319 0.0188 0.0235 0.3108 0.1100 0.5051 
 204 0.0238 0.0126 0.0236 0.6278 0.1081 0.2040 
 205 0.0351 0.0121 0.0352 0.6324 0.1413 0.1439 
 206 0.0372 0.0130 0.0242 0.5403 0.1207 0.2644 
 207 0.0281 0.0207 0.0240 0.6390 0.1550 0.1333 
 208 0.0272 0.0132 0.0250 0.5142 0.1190 0.3013 
 209 0.0523 0.0264 0.0320 0.4411 0.2289 0.2194 
 210 0.0267 0.0137 0.0268 0.5140 0.1674 0.2514 
 211 0.0305 0.0575 0.0232 0.4901 0.1466 0.2521 
 212 0.0401 0.0131 0.0360 0.1742 0.1162 0.6205 
 213 0.0218 0.0143 0.0581 0.4279 0.2676 0.2104 
 214 0.0343 0.0184 0.0253 0.2579 0.1069 0.5572 
 215 0.0334 0.0161 0.0295 0.6674 0.1484 0.1052 
 216 0.1771 0.0175 0.0370 0.3414 0.2574 0.1696 
 217 0.0441 0.0117 0.0296 0.3939 0.0972 0.4234 
 218 0.0391 0.0139 0.0365 0.5277 0.1894 0.1934 
 219 0.2161 0.0110 0.0453 0.2074 0.1836 0.3365 
 220 0.0286 0.0151 0.0239 0.6394 0.1503 0.1427 
 221 0.0218 0.0133 0.0251 0.2122 0.0748 0.6528 
 222 0.2286 0.0116 0.0388 0.2182 0.2654 0.2373 
 223 0.0774 0.0109 0.0435 0.2475 0.1804 0.4404 
 224 0.0376 0.0154 0.0244 0.3080 0.1369 0.4777 
 225 0.0342 0.0139 0.0315 0.5778 0.1360 0.2067 
 226 0.0862 0.0172 0.0944 0.4652 0.1381 0.1990 
 227 0.0283 0.0116 0.0258 0.4988 0.1318 0.3038 
 228 0.0229 0.0151 0.0247 0.5142 0.0798 0.3433 
 229 0.0476 0.0147 0.0247 0.2588 0.1850 0.4691 
 230 0.0363 0.0201 0.0241 0.3986 0.1552 0.3658 
 231 0.0697 0.0207 0.0318 0.2512 0.1890 0.4376 
 232 0.0314 0.0168 0.0737 0.2742 0.2115 0.3925 
 233 0.0377 0.0169 0.0251 0.1956 0.1103 0.6144 
 234 0.0730 0.0171 0.0442 0.2165 0.3313 0.3179 
 235 0.0570 0.0116 0.0448 0.3986 0.1418 0.3463 
 236 0.0594 0.0202 0.0337 0.2800 0.1511 0.4556 
 237 0.0336 0.0308 0.0310 0.5481 0.1731 0.1833 
 238 0.0324 0.0143 0.0300 0.2101 0.1612 0.5520 
 239 0.0256 0.0110 0.0252 0.4163 0.0953 0.4266 
 240 0.0334 0.0146 0.0301 0.2101 0.1606 0.5513 
 241 0.0292 0.0130 0.0334 0.2117 0.1111 0.6014 
 242 0.0698 0.0128 0.0600 0.4162 0.1811 0.2600 
 243 0.0210 0.0169 0.0223 0.6497 0.0872 0.2029 
 244 0.0328 0.0207 0.0241 0.3508 0.1173 0.4544 
 245 0.0212 0.0093 0.0302 0.1356 0.1094 0.6943 
 246 0.0429 0.0119 0.0294 0.3926 0.0972 0.4259 
 247 0.0316 0.0123 0.0574 0.2983 0.4985 0.1019 
 248 0.0356 0.0208 0.0298 0.6116 0.2000 0.1023 
 249 0.0382 0.0185 0.0251 0.3304 0.1419 0.4460 
 250 0.0643 0.0192 0.0304 0.3147 0.1989 0.3724 
 251 0.0861 0.0254 0.0867 0.4395 0.2035 0.1588 
 252 0.0480 0.0100 0.0352 0.4202 0.1585 0.3280 
 253 0.0422 0.0127 0.0648 0.4580 0.2659 0.1565 
 254 0.1736 0.0129 0.0306 0.3127 0.2266 0.2437 
 255 0.0723 0.0169 0.0349 0.2770 0.2762 0.3228 
 256 0.0367 0.0155 0.0315 0.4195 0.1256 0.3712 
 257 0.0406 0.0180 0.0350 0.4635 0.1852 0.2577 
 258 0.0325 0.0179 0.0464 0.4721 0.2631 0.1680 
 259 0.0555 0.0191 0.0301 0.4156 0.2031 0.2767 
 260 0.1904 0.0133 0.0305 0.1365 0.2137 0.4155 
 261 0.0403 0.0103 0.0369 0.3737 0.1226 0.4161 
 262 0.0236 0.0116 0.0275 0.5378 0.0768 0.3227 
 263 0.0803 0.0196 0.0234 0.5393 0.1844 0.1531 
 264 0.3950 0.0167 0.0517 0.2422 0.2136 0.0808 
 265 0.0686 0.0118 0.0401 0.4695 0.1540 0.2561 
 266 0.0215 0.0124 0.0257 0.2179 0.0781 0.6444 
 267 0.0626 0.0289 0.0318 0.2831 0.2294 0.3642 
 268 0.0224 0.0147 0.0273 0.6222 0.1151 0.1983 
 269 0.1571 0.0143 0.0763 0.2703 0.1854 0.2966 
 270 0.1031 0.0202 0.0355 0.3266 0.3216 0.1930 
 271 0.0380 0.0167 0.0391 0.5800 0.1771 0.1491 
 272 0.0505 0.0187 0.0744 0.5814 0.1282 0.1468 
 273 0.0844 0.0386 0.0776 0.2805 0.2135 0.3055 
 274 0.0668 0.0153 0.0522 0.4951 0.1788 0.1918 
 275 0.1029 0.0276 0.0504 0.4595 0.1334 0.2262 
 276 0.0449 0.0230 0.0627 0.5877 0.1408 0.1408 
 277 0.0839 0.0117 0.0446 0.2700 0.1967 0.3930 
 278 0.0301 0.0160 0.0291 0.6839 0.1187 0.1222 
 279 0.0632 0.0161 0.0415 0.4175 0.1752 0.2865 
 280 0.0868 0.0146 0.0627 0.4632 0.1394 0.2332 
 281 0.0387 0.0141 0.0477 0.4202 0.2593 0.2199 
 282 0.0748 0.0137 0.0360 0.1693 0.1654 0.5408 
 283 0.0437 0.0121 0.0255 0.1822 0.1548 0.5817 
 284 0.0396 0.0218 0.0394 0.2811 0.2538 0.3644 
 285 0.0318 0.0202 0.0389 0.6568 0.1806 0.0718 
 286 0.0323 0.0214 0.0239 0.3504 0.1169 0.4551 
 287 0.0690 0.0103 0.0684 0.3180 0.2454 0.2889 
 288 0.0608 0.0160 0.0547 0.5876 0.1394 0.1416 
 289 0.0572 0.0183 0.0487 0.5215 0.2166 0.1377 
 290 0.1139 0.0413 0.0690 0.4667 0.1225 0.1867 
 291 0.0372 0.0174 0.0407 0.5793 0.1763 0.1492 
 292 0.0527 0.0122 0.0693 0.4944 0.1130 0.2584 
 293 0.1278 0.0462 0.1101 0.3878 0.1949 0.1332 
 294 0.0788 0.0154 0.0264 0.5853 0.1747 0.1194 
 295 0.0588 0.0323 0.0899 0.4417 0.1747 0.2025 
 296 0.0272 0.0154 0.0313 0.6186 0.1675 0.1400 
 297 0.1131 0.0141 0.0603 0.4451 0.1850 0.1825 
 298 0.0827 0.0127 0.0336 0.1846 0.2312 0.4552 
 299 0.1318 0.0136 0.0252 0.3775 0.2611 0.1908 
 300 0.0321 0.0195 0.0326 0.6521 0.1457 0.1179 
 301 0.2318 0.0199 0.0382 0.3414 0.1979 0.1708 
 302 0.0672 0.0207 0.0278 0.5972 0.1552 0.1320 
 303 0.0432 0.0187 0.0386 0.2979 0.1427 0.4589 
 304 0.1554 0.0170 0.0314 0.0850 0.2605 0.4506 
 305 0.0274 0.0145 0.0306 0.5213 0.0945 0.3117 
 306 0.0629 0.0118 0.0406 0.3113 0.1145 0.4589 
 307 0.0729 0.0193 0.0425 0.2899 0.1917 0.3837 
 308 0.0397 0.0105 0.0369 0.3730 0.1231 0.4169 
 309 0.0361 0.0426 0.0330 0.5682 0.1870 0.1330 
 310 0.0274 0.0157 0.0240 0.5229 0.0997 0.3103 
 311 0.0362 0.0206 0.0238 0.3976 0.1553 0.3666 
 312 0.0224 0.0145 0.0246 0.6179 0.1797 0.1410 
 313 0.0249 0.0138 0.0265 0.7163 0.1240 0.0945 
 314 0.0219 0.0113 0.0327 0.0731 0.0735 0.7875 
 315 0.0271 0.0092 0.0551 0.0860 0.0931 0.7295 
 316 0.0363 0.0104 0.0656 0.0688 0.1053 0.7136 
 317 0.0231 0.0108 0.0315 0.0482 0.0770 0.8094 
 318 0.0256 0.0101 0.0335 0.0385 0.0780 0.8143 
 319 0.0242 0.0096 0.0272 0.0564 0.0782 0.8045 
 320 0.0223 0.0107 0.0336 0.0721 0.0729 0.7884 
 321 0.0254 0.0111 0.0346 0.0432 0.0796 0.8062 
 322 0.0332 0.0115 0.0606 0.0942 0.1016 0.6989 
 323 0.0346 0.0087 0.0278 0.0434 0.0788 0.8067 
 324 0.0257 0.0113 0.0340 0.0432 0.0795 0.8064 
 325 0.0303 0.0100 0.0661 0.0557 0.0993 0.7386 
 326 0.0369 0.0142 0.0778 0.0571 0.0979 0.7161 
 327 0.0236 0.0109 0.0320 0.0481 0.0773 0.8080 
 328 0.0284 0.0097 0.0551 0.0732 0.1038 0.7298 
 329 0.0243 0.0086 0.0283 0.0397 0.0771 0.8221 
 330 0.0234 0.0109 0.0312 0.0486 0.0774 0.8084 
 331 0.0240 0.0085 0.0281 0.0429 0.0800 0.8166 
 332 0.0481 0.0110 0.0690 0.0530 0.0991 0.7198 
 333 0.0346 0.0115 0.0609 0.0661 0.1004 0.7265 
 334 0.0292 0.0096 0.0543 0.0743 0.1033 0.7293 
 335 0.0270 0.0097 0.0497 0.0747 0.0964 0.7425 
 336 0.0350 0.0111 0.0362 0.0541 0.0752 0.7886 
 337 0.0307 0.0117 0.0702 0.0633 0.1015 0.7226 
 338 0.0265 0.0105 0.0343 0.0387 0.0787 0.8113 
 339 0.0240 0.0083 0.0282 0.0430 0.0795 0.8170 
 340 0.0222 0.0086 0.0263 0.0471 0.0773 0.8185 
 341 0.0311 0.0123 0.0314 0.0467 0.0798 0.7987 
 342 0.0237 0.0109 0.0315 0.0478 0.0760 0.8101 
 343 0.0401 0.0102 0.0555 0.1041 0.0931 0.6970 
 344 0.0244 0.0089 0.0284 0.0398 0.0780 0.8205 
 345 0.0233 0.0109 0.0319 0.0478 0.0766 0.8095 
 346 0.0233 0.0099 0.0308 0.0432 0.0764 0.8163 
 347 0.0234 0.0086 0.0260 0.0435 0.0765 0.8219 
 348 0.0248 0.0099 0.0491 0.1271 0.0900 0.6991 
 349 0.0239 0.0107 0.0311 0.0478 0.0773 0.8093 
 350 0.0251 0.0092 0.0293 0.0654 0.0763 0.7949 
 351 0.0267 0.0095 0.0492 0.0740 0.0966 0.7441 
 352 0.0274 0.0112 0.0626 0.0720 0.0970 0.7297 
 353 0.0339 0.0111 0.0358 0.0551 0.0758 0.7883 
 354 0.0258 0.0099 0.0299 0.0402 0.0801 0.8141 
 355 0.0257 0.0100 0.0333 0.0392 0.0783 0.8134 
 356 0.0242 0.0098 0.0493 0.1303 0.0895 0.6969 
 357 0.0666 0.0123 0.1329 0.0700 0.2038 0.5143 
 358 0.0309 0.0096 0.0558 0.0548 0.1014 0.7475 
 359 0.0251 0.0092 0.0291 0.0422 0.0805 0.8139 
 360 0.0234 0.0097 0.0306 0.0428 0.0763 0.8172 
 361 0.0644 0.0146 0.1417 0.0890 0.2117 0.4786 
 362 0.0396 0.0152 0.1980 0.1914 0.4156 0.1402 
 363 0.0926 0.0192 0.1148 0.1161 0.5643 0.0929 
 364 0.2735 0.0264 0.0461 0.0959 0.2263 0.3318 
 365 0.2518 0.0713 0.1973 0.0946 0.2770 0.1080 
 366 0.1587 0.0320 0.0992 0.3442 0.1769 0.1890 
 367 0.0325 0.0125 0.1237 0.0501 0.7162 0.0649 
 368 0.0396 0.0136 0.0494 0.0790 0.7005 0.1179 
 369 0.0984 0.0313 0.0570 0.2062 0.2447 0.3624 
 370 0.0695 0.0361 0.0557 0.1607 0.5377 0.1403 
 371 0.1957 0.0391 0.0496 0.1812 0.3356 0.1988 
 372 0.0775 0.0891 0.0557 0.2164 0.3800 0.1813 
 373 0.0635 0.0225 0.0624 0.0889 0.5457 0.2171 
 374 0.0623 0.0546 0.1453 0.0930 0.2972 0.3477 
 375 0.1777 0.0225 0.0586 0.0619 0.5964 0.0829 
 376 0.3249 0.0134 0.2952 0.0457 0.2421 0.0787 
 377 0.0584 0.0240 0.1884 0.1541 0.4408 0.1343 
 378 0.0214 0.0172 0.0611 0.0804 0.5561 0.2638 
 379 0.4130 0.0198 0.2118 0.0590 0.2290 0.0674 
 380 0.1064 0.0191 0.3876 0.1177 0.1284 0.2408 
 381 0.3523 0.0168 0.1757 0.1426 0.1089 0.2035 
 382 0.0972 0.0146 0.0700 0.0520 0.6709 0.0954 
 383 0.2094 0.0251 0.3546 0.0754 0.1277 0.2078 
 384 0.4632 0.0351 0.0713 0.0596 0.2259 0.1450 
 385 0.0691 0.4031 0.0491 0.0502 0.1790 0.2496 
 386 0.0429 0.0132 0.1544 0.0724 0.6273 0.0898 
 387 0.0678 0.0186 0.1210 0.0710 0.6107 0.1110 
 388 0.1105 0.0638 0.0952 0.0664 0.3563 0.3078 
 389 0.0690 0.1802 0.0377 0.3944 0.2189 0.0999 
 390 0.0536 0.0305 0.3296 0.1489 0.3543 0.0831 
 391 0.0678 0.1745 0.0711 0.1803 0.3504 0.1559 
 392 0.1285 0.0129 0.2514 0.0990 0.3120 0.1961 
 393 0.0583 0.0130 0.5894 0.0743 0.1115 0.1535 
 394 0.0308 0.0099 0.1293 0.0851 0.4253 0.3197 
 395 0.0292 0.0130 0.2591 0.2972 0.2950 0.1064 
 396 0.0787 0.0126 0.0493 0.0645 0.7246 0.0703 
 397 0.3771 0.0110 0.0308 0.1947 0.1636 0.2228 
 398 0.0677 0.0099 0.4955 0.0546 0.3006 0.0717 
 399 0.0307 0.0276 0.1175 0.1508 0.5749 0.0986 
 400 0.0752 0.0164 0.0917 0.0657 0.6070 0.1441 
 401 0.0220 0.0176 0.1015 0.1339 0.5757 0.1493 
 402 0.0904 0.0197 0.0648 0.2187 0.4479 0.1586 
 403 0.0681 0.0469 0.0760 0.0962 0.2438 0.4690 
 404 0.2074 0.0510 0.1114 0.1158 0.3214 0.1929 
 405 0.0751 0.0145 0.1630 0.1829 0.3932 0.1713 
 406 0.0346 0.0118 0.3581 0.2590 0.1150 0.2215 
 407 0.0586 0.0138 0.5008 0.0630 0.2911 0.0728 
 408 0.0205 0.0106 0.0476 0.2425 0.6115 0.0673 
 409 0.0280 0.0231 0.2994 0.1157 0.1369 0.3968 
 410 0.1707 0.0239 0.1655 0.0892 0.3959 0.1549 
 411 0.2552 0.0130 0.1112 0.1350 0.2770 0.2086 
 412 0.0402 0.0132 0.0531 0.0687 0.7176 0.1072 
 413 0.0280 0.0103 0.0623 0.0787 0.5695 0.2512 
 414 0.0589 0.0279 0.0389 0.0737 0.7255 0.0751 
 415 0.1131 0.0168 0.3401 0.1649 0.2610 0.1041 
 416 0.0610 0.0714 0.1588 0.1401 0.3878 0.1810 
 417 0.0491 0.0123 0.4029 0.0707 0.3759 0.0891 
 418 0.0552 0.0112 0.0519 0.0506 0.7529 0.0780 
 419 0.0582 0.0645 0.1350 0.1125 0.3320 0.2978 
 420 0.0222 0.0143 0.1262 0.2351 0.5052 0.0969 
 421 0.0347 0.0134 0.2125 0.0834 0.5534 0.1027 
 422 0.0355 0.0156 0.3085 0.3126 0.2117 0.1160 
 423 0.2268 0.0148 0.1692 0.1498 0.3154 0.1240 
 424 0.0410 0.0365 0.1293 0.1538 0.4944 0.1450 
 425 0.2462 0.1204 0.0654 0.0869 0.3104 0.1707 
 426 0.1002 0.0566 0.1185 0.0776 0.4744 0.1728 
 427 0.0257 0.0110 0.4883 0.0503 0.2408 0.1840 
 428 0.0378 0.0156 0.3679 0.1273 0.1576 0.2937 
 429 0.0883 0.0107 0.3132 0.0512 0.4705 0.0661 
 430 0.0425 0.0122 0.5340 0.0672 0.2604 0.0837 
 431 0.0794 0.0258 0.0680 0.1287 0.5475 0.1507 
 432 0.0352 0.0121 0.0574 0.0815 0.6824 0.1313 
 433 0.0591 0.0149 0.0405 0.1382 0.3227 0.4246 
 434 0.0973 0.0239 0.0846 0.1345 0.4117 0.2480 
 435 0.0290 0.0086 0.5805 0.0567 0.2560 0.0691 
 436 0.0364 0.0120 0.6287 0.0524 0.1651 0.1055 
 437 0.4316 0.0098 0.1313 0.0694 0.2759 0.0819 
 438 0.0216 0.0131 0.5294 0.1142 0.1896 0.1321 
 439 0.0304 0.0104 0.6987 0.0408 0.1339 0.0858 
 440 0.0527 0.0133 0.5196 0.0687 0.2869 0.0588 
 441 0.0393 0.0138 0.4560 0.0607 0.2493 0.1810 
 442 0.1015 0.0523 0.2519 0.0935 0.4121 0.0889 
 443 0.0295 0.0187 0.2313 0.1742 0.4751 0.0712 
 444 0.1020 0.0416 0.3551 0.1050 0.3139 0.0823 
 445 0.0803 0.0128 0.4822 0.0842 0.1249 0.2156 
 446 0.0600 0.0117 0.5676 0.0374 0.2463 0.0771 
 447 0.0448 0.0466 0.4171 0.0993 0.2313 0.1608 
 448 0.0734 0.0137 0.2889 0.0834 0.4498 0.0907 
 449 0.1006 0.0156 0.2556 0.0977 0.3827 0.1480 
 450 0.2735 0.0203 0.1539 0.0412 0.3478 0.1633 
 451 0.0396 0.0116 0.0634 0.0869 0.7376 0.0608 
 452 0.1163 0.0143 0.3035 0.0544 0.3618 0.1497 
 453 0.0292 0.0279 0.1356 0.3735 0.2900 0.1437 
 454 0.0604 0.0136 0.3290 0.0796 0.3560 0.1612 
 455 0.0271 0.0110 0.6689 0.0567 0.1665 0.0697 
 456 0.0517 0.0162 0.4997 0.1562 0.2076 0.0688 
 457 0.1424 0.0107 0.4911 0.0603 0.2083 0.0871 
 458 0.0855 0.0123 0.5828 0.0464 0.1802 0.0928 
 459 0.0289 0.0131 0.4716 0.0485 0.2565 0.1813 
 460 0.0304 0.0124 0.4736 0.0489 0.3599 0.0747 
 461 0.0451 0.0126 0.1491 0.0366 0.6755 0.0811 
 462 0.0786 0.1040 0.4118 0.1145 0.2347 0.0564 
 463 0.0275 0.0119 0.4230 0.2788 0.1420 0.1166 
 464 0.0274 0.0105 0.4036 0.0902 0.3979 0.0704 
 465 0.0347 0.0146 0.2578 0.0857 0.5108 0.0964 
 466 0.0285 0.0110 0.2943 0.1985 0.3903 0.0773 
 467 0.0404 0.0163 0.4666 0.1081 0.2407 0.1279 
 468 0.0542 0.0095 0.6621 0.0795 0.1286 0.0661 
 469 0.0251 0.0092 0.7459 0.0370 0.1113 0.0715 
 470 0.0249 0.0084 0.6315 0.0468 0.2201 0.0683 
 471 0.0717 0.0408 0.1198 0.3216 0.3570 0.0890 
 472 0.0707 0.0202 0.2952 0.1283 0.3828 0.1027 
 473 0.0756 0.0127 0.2424 0.1264 0.3960 0.1469 
 474 0.0927 0.0150 0.3527 0.0931 0.3045 0.1420 
 475 0.0372 0.0141 0.1797 0.0812 0.5231 0.1646 
 476 0.1738 0.0121 0.4424 0.0620 0.2217 0.0879 
 477 0.0389 0.0256 0.1963 0.0814 0.5170 0.1409 
 478 0.0284 0.0256 0.1402 0.0469 0.6861 0.0729 
 479 0.0525 0.0117 0.4105 0.0505 0.4030 0.0719 
 480 0.1126 0.0100 0.5589 0.0496 0.1867 0.0821 
 481 0.1347 0.0450 0.1119 0.1947 0.4184 0.0954 
 482 0.0708 0.0097 0.5002 0.0428 0.3052 0.0713 
 483 0.0320 0.0114 0.6450 0.0431 0.1805 0.0881 
 484 0.0260 0.0171 0.5680 0.1504 0.1543 0.0843 
 485 0.0270 0.0103 0.6911 0.0468 0.1544 0.0704 
 486 0.0880 0.0627 0.0472 0.3369 0.3370 0.1283 
 487 0.1816 0.0472 0.0490 0.1471 0.2964 0.2787 
 488 0.0839 0.1042 0.0429 0.1560 0.4097 0.2033 
 489 0.2361 0.0322 0.0326 0.2306 0.1961 0.2724 
 490 0.0576 0.0230 0.0636 0.1780 0.5987 0.0791 
 491 0.0714 0.1267 0.0422 0.2307 0.2333 0.2957 
 492 0.0395 0.0545 0.0433 0.1637 0.3244 0.3745 
 493 0.2171 0.1184 0.0305 0.2269 0.2609 0.1463 
 494 0.2243 0.0618 0.0497 0.2187 0.2283 0.2170 
 495 0.0892 0.1377 0.0440 0.1144 0.3580 0.2567 
 496 0.0433 0.0119 0.0617 0.1767 0.2234 0.4831 
 497 0.1129 0.2314 0.0359 0.1125 0.2098 0.2974 
 498 0.0609 0.1819 0.0470 0.1686 0.3966 0.1450 
 499 0.1583 0.0288 0.0377 0.1571 0.1835 0.4346 
 500 0.4313 0.0197 0.0398 0.1934 0.1787 0.1371 
 501 0.1797 0.0219 0.0494 0.1020 0.3089 0.3381 
 502 0.0643 0.0550 0.0529 0.0639 0.3886 0.3753 
 503 0.2764 0.0162 0.1030 0.1300 0.3591 0.1152 
 504 0.0354 0.0847 0.0494 0.1290 0.5782 0.1233 
 505 0.0729 0.0338 0.0386 0.4773 0.1863 0.1911 
 506 0.0515 0.0737 0.0449 0.1176 0.3769 0.3354 
 507 0.0316 0.0098 0.0328 0.1568 0.0937 0.6754 
 508 0.0442 0.0228 0.0262 0.1847 0.1226 0.5995 
 509 0.0540 0.0237 0.0450 0.3459 0.1952 0.3361 
 510 0.3471 0.0181 0.0314 0.0972 0.1779 0.3282 
 511 0.1468 0.0488 0.1087 0.2161 0.3568 0.1228 
 512 0.2499 0.0334 0.0708 0.0890 0.4707 0.0861 
 513 0.0201 0.5983 0.0213 0.1357 0.1130 0.1116 
 514 0.0351 0.0157 0.0449 0.1031 0.6379 0.1633 
 515 0.0929 0.0238 0.2599 0.1740 0.1843 0.2651 
 516 0.0331 0.0174 0.0452 0.2437 0.5115 0.1492 
 517 0.0354 0.0124 0.1368 0.2307 0.3149 0.2698 
 518 0.3432 0.0144 0.0342 0.1170 0.1783 0.3130 
 519 0.0295 0.0209 0.0538 0.0915 0.6302 0.1741 
 520 0.0408 0.0119 0.1986 0.2527 0.1222 0.3738 
 521 0.0304 0.0139 0.0416 0.1525 0.3295 0.4321 
 522 0.2948 0.0154 0.0904 0.2734 0.2203 0.1056 
 523 0.0281 0.0111 0.0846 0.3238 0.2422 0.3102 
 524 0.0431 0.0109 0.3075 0.1980 0.2446 0.1958 
 525 0.2219 0.0120 0.1030 0.1552 0.1529 0.3550 
 526 0.0275 0.0096 0.4023 0.2870 0.1172 0.1564 
 527 0.3530 0.0293 0.0406 0.0772 0.3833 0.1165 
 528 0.0349 0.0124 0.0309 0.1937 0.1738 0.5544 
 529 0.1273 0.0259 0.0497 0.1957 0.3481 0.2532 
 530 0.2092 0.0317 0.1013 0.2251 0.2503 0.1825 
 531 0.0537 0.0183 0.1167 0.1126 0.2172 0.4815 
 532 0.1836 0.0175 0.0313 0.1603 0.2682 0.3392 
 533 0.2530 0.0145 0.0794 0.2956 0.2056 0.1518 
 534 0.0841 0.0358 0.0317 0.4482 0.1948 0.2055 
 535 0.0303 0.0129 0.1317 0.3048 0.3624 0.1579 
 536 0.0565 0.0262 0.2272 0.1730 0.2072 0.3099 
 537 0.0448 0.0320 0.0552 0.2619 0.1596 0.4464 
 538 0.0409 0.0140 0.0552 0.4193 0.1791 0.2915 
 539 0.0399 0.0141 0.0265 0.1615 0.1107 0.6472 
 540 0.0500 0.0169 0.0732 0.3691 0.1729 0.3179 
 541 0.0517 0.0287 0.1036 0.1199 0.1580 0.5381 
 542 0.0367 0.0327 0.2742 0.4121 0.1254 0.1188 
 543 0.0250 0.0346 0.0970 0.3222 0.2591 0.2621 
 544 0.0328 0.0181 0.0874 0.5144 0.1735 0.1738 
 545 0.0278 0.0253 0.3141 0.3742 0.1703 0.0882 
 546 0.0382 0.0552 0.0876 0.4130 0.1562 0.2497 
 547 0.0245 0.0223 0.1127 0.3948 0.1555 0.2902 
 548 0.0642 0.0193 0.0314 0.3155 0.1994 0.3703 
 549 0.0290 0.0174 0.2410 0.0841 0.1061 0.5224 
 550 0.0319 0.0249 0.2130 0.3622 0.2335 0.1345 
 551 0.0338 0.0155 0.0800 0.0772 0.1468 0.6466 
 552 0.0493 0.0134 0.0429 0.4889 0.1277 0.2777 
 553 0.0239 0.0333 0.0574 0.4981 0.1465 0.2408 
 554 0.1228 0.0253 0.0820 0.1883 0.3200 0.2615 
 555 0.0446 0.0590 0.0442 0.2547 0.1640 0.4336 
 556 0.0382 0.0168 0.0513 0.4246 0.1984 0.2707 
 557 0.0303 0.0199 0.4001 0.1192 0.2124 0.2180 
 558 0.0567 0.0099 0.5654 0.0371 0.2596 0.0713 
 559 0.0404 0.0131 0.0474 0.2125 0.5603 0.1263 
 560 0.0248 0.0202 0.2650 0.0597 0.5733 0.0570 
 561 0.0418 0.0220 0.1421 0.1094 0.6055 0.0793 
 562 0.0629 0.0231 0.0778 0.1785 0.5996 0.0581 
 563 0.0298 0.0337 0.1109 0.0682 0.4675 0.2899 
 564 0.0619 0.0158 0.0441 0.3767 0.3716 0.1299 
 565 0.0559 0.0114 0.5830 0.0483 0.2136 0.0879 
 566 0.0430 0.0125 0.1045 0.0627 0.7180 0.0593 
 567 0.0648 0.0211 0.0368 0.3025 0.4859 0.0888 
 568 0.0297 0.0103 0.1213 0.1537 0.5670 0.1180 
 569 0.1053 0.0136 0.0899 0.1893 0.4844 0.1175 
 570 0.3237 0.0097 0.1443 0.0498 0.4094 0.0630 
 571 0.0264 0.0105 0.0692 0.0756 0.7284 0.0899 
 572 0.0443 0.0238 0.0936 0.4319 0.1798 0.2266 
 573 0.0402 0.0134 0.1505 0.2655 0.3964 0.1341 
 574 0.2006 0.0169 0.1020 0.0970 0.3340 0.2495 
 575 0.0316 0.0127 0.0836 0.0925 0.5635 0.2161 
 576 0.0416 0.0232 0.0821 0.0480 0.7452 0.0599 
 577 0.1397 0.0165 0.0809 0.0816 0.4484 0.2330 
 578 0.0396 0.0209 0.1264 0.0835 0.6326 0.0969 
 579 0.0443 0.0456 0.1274 0.1148 0.5735 0.0944 
 580 0.0823 0.0139 0.2408 0.0723 0.4373 0.1533 
 581 0.0462 0.0126 0.2373 0.0612 0.5265 0.1163 
 582 0.0794 0.0113 0.3995 0.0813 0.3624 0.0660 
 583 0.1065 0.0139 0.0597 0.0680 0.6600 0.0920 
 584 0.0499 0.0122 0.0766 0.0494 0.7395 0.0723 
 585 0.0456 0.0257 0.1348 0.0711 0.6399 0.0829 
 586 0.0262 0.0130 0.0549 0.1207 0.6704 0.1148 
 587 0.2125 0.0184 0.0972 0.1865 0.4169 0.0684 
 588 0.0242 0.0186 0.0269 0.7125 0.1292 0.0887 
 589 0.1129 0.0136 0.2413 0.1686 0.3885 0.0752 
 590 0.0526 0.0214 0.0353 0.1124 0.6917 0.0866 
 591 0.0260 0.0105 0.0553 0.0659 0.7421 0.1003 
 592 0.0377 0.0131 0.0860 0.2731 0.5132 0.0769 
 593 0.0359 0.0111 0.1323 0.1213 0.5545 0.1449 
 594 0.0632 0.0215 0.0610 0.0862 0.5591 0.2090 
 595 0.2999 0.1045 0.0423 0.0758 0.4096 0.0680 
 596 0.0577 0.0188 0.1044 0.4114 0.2873 0.1204 
 597 0.0253 0.0135 0.0532 0.1096 0.5322 0.2662 
 598 0.3230 0.0091 0.2374 0.0437 0.3178 0.0689 
 599 0.0471 0.0095 0.0603 0.1176 0.7030 0.0625 
 600 0.0653 0.0182 0.2968 0.1097 0.3331 0.1769 
 601 0.0384 0.0140 0.1744 0.1025 0.6027 0.0680 
 602 0.0562 0.0264 0.0565 0.1537 0.4107 0.2964 
 603 0.0472 0.0188 0.0468 0.1472 0.4827 0.2574 
 604 0.0987 0.0465 0.3622 0.0932 0.2004 0.1989 
 605 0.0420 0.0199 0.1262 0.1571 0.5383 0.1165 
 606 0.1078 0.0193 0.0807 0.2358 0.2879 0.2685 
 607 0.0848 0.0200 0.1135 0.0936 0.3202 0.3679 
 608 0.0301 0.0111 0.1218 0.0679 0.2496 0.5194 
 609 0.0931 0.0214 0.1939 0.0976 0.4333 0.1606 
 610 0.0458 0.0181 0.4755 0.1456 0.1999 0.1151 
 611 0.0463 0.0162 0.0724 0.1958 0.4161 0.2533 
 612 0.0884 0.0135 0.5708 0.0635 0.1671 0.0967 
 613 0.2166 0.0201 0.1101 0.1949 0.3093 0.1489 
 614 0.4819 0.0263 0.1600 0.0858 0.1612 0.0849 
 615 0.1761 0.0154 0.3486 0.1033 0.1821 0.1746 
 616 0.1123 0.0153 0.0626 0.0929 0.4574 0.2595 
 617 0.2561 0.1233 0.0961 0.1482 0.2841 0.0921 
 618 0.0642 0.0420 0.3671 0.1018 0.1415 0.2834 
 619 0.0403 0.0100 0.1379 0.2204 0.3951 0.1963 
 620 0.0272 0.0145 0.0661 0.3180 0.5141 0.0600 
 621 0.0566 0.0134 0.0909 0.0480 0.6957 0.0953 
 622 0.1747 0.1492 0.1297 0.2052 0.1830 0.1583 
 623 0.0485 0.0139 0.0704 0.1487 0.6178 0.1007 
 624 0.0494 0.0130 0.3976 0.0685 0.1934 0.2780 
 625 0.2628 0.0541 0.1035 0.0694 0.2772 0.2330 
 626 0.0527 0.0123 0.2417 0.1539 0.0966 0.4428 
 627 0.0612 0.0197 0.0924 0.1556 0.5296 0.1414 
 628 0.0629 0.0457 0.0561 0.2318 0.4613 0.1420 
 629 0.1676 0.0238 0.0520 0.1121 0.4686 0.1760 
 630 0.1279 0.0250 0.2168 0.0939 0.3951 0.1413 
 631 0.1523 0.0172 0.1092 0.1141 0.4438 0.1634 
 632 0.0801 0.0288 0.0622 0.2740 0.1815 0.3734 
 633 0.0769 0.0350 0.2446 0.0902 0.3099 0.2433 
 634 0.0648 0.0137 0.1002 0.2081 0.3196 0.2935 
 635 0.0834 0.0128 0.0840 0.1034 0.1835 0.5329 
 636 0.0856 0.0149 0.1475 0.0879 0.3445 0.3196 
 637 0.0639 0.0287 0.1057 0.3853 0.2240 0.1924 
 638 0.1012 0.0149 0.0644 0.1086 0.4696 0.2412 
 639 0.1575 0.0380 0.1770 0.1170 0.2812 0.2292 
 640 0.0419 0.0380 0.0709 0.0530 0.6712 0.1249 
 641 0.2123 0.0213 0.0565 0.1364 0.3968 0.1767 
 642 0.0288 0.0150 0.0750 0.1327 0.1788 0.5697 
 643 0.0250 0.0123 0.0527 0.0581 0.1420 0.7099 
 644 0.0290 0.0148 0.0498 0.0913 0.2173 0.5978 
 645 0.0389 0.0212 0.2547 0.0767 0.0841 0.5244 
 646 0.0325 0.0485 0.0815 0.2173 0.3699 0.2504 
 647 0.0310 0.0554 0.0658 0.0946 0.2554 0.4977 
 648 0.2044 0.0466 0.0409 0.3086 0.1186 0.2808 
 649 0.0297 0.0144 0.0431 0.4303 0.2304 0.2522 
 650 0.0274 0.0170 0.0484 0.2209 0.3883 0.2980 
 651 0.0515 0.0674 0.0353 0.1019 0.2841 0.4598 
 652 0.0279 0.0122 0.0476 0.0986 0.2095 0.6041 
 653 0.1095 0.0451 0.0644 0.1712 0.1254 0.4844 
 654 0.0365 0.0549 0.0546 0.1805 0.1471 0.5263 
 655 0.0208 0.0106 0.0597 0.0750 0.3193 0.5147 
 656 0.0526 0.0551 0.0707 0.3011 0.1643 0.3564 
 657 0.1593 0.0167 0.1131 0.0942 0.2798 0.3368 
 658 0.0353 0.0116 0.1008 0.1405 0.3958 0.3160 
 659 0.0600 0.0247 0.0594 0.1803 0.1664 0.5092 
 660 0.0379 0.0118 0.0349 0.1791 0.1558 0.5804 
 661 0.0331 0.0161 0.0754 0.2312 0.1263 0.5179 
 662 0.0243 0.0176 0.0394 0.5329 0.2048 0.1809 
 663 0.0463 0.0113 0.0409 0.1748 0.2103 0.5165 
 664 0.0239 0.0178 0.2015 0.0881 0.3286 0.3401 
 665 0.0297 0.0129 0.0347 0.4913 0.2061 0.2253 
 666 0.0287 0.0119 0.0606 0.1826 0.1890 0.5272 
 667 0.0394 0.1987 0.0662 0.1422 0.3405 0.2130 
 668 0.0297 0.0148 0.0797 0.1497 0.2461 0.4800 
 669 0.0972 0.0181 0.0416 0.2863 0.1975 0.3593 
 670 0.0250 0.0088 0.0299 0.0820 0.0960 0.7584 
 671 0.0245 0.0114 0.0388 0.1229 0.1498 0.6527 
 672 0.0225 0.0093 0.0765 0.0721 0.1795 0.6400 
 673 0.0354 0.0090 0.0287 0.0431 0.0796 0.8042 
 674 0.0406 0.0138 0.0441 0.0920 0.1167 0.6928 
 675 0.0235 0.0327 0.0313 0.0529 0.1264 0.7332 
 676 0.0251 0.0094 0.0286 0.0442 0.0791 0.8136 
 677 0.0223 0.0099 0.0291 0.2054 0.0823 0.6510 
 678 0.0363 0.0100 0.0297 0.0404 0.0874 0.7962 
 679 0.0443 0.0119 0.0406 0.0468 0.1200 0.7363 
 680 0.0317 0.0175 0.0489 0.0618 0.0911 0.7489 
 681 0.0659 0.0330 0.1114 0.2918 0.1409 0.3570 
 682 0.0289 0.0119 0.0510 0.0529 0.0894 0.7659 
 683 0.0237 0.0091 0.0290 0.0776 0.0864 0.7742 
 684 0.0348 0.0102 0.0294 0.0449 0.0869 0.7939 
 685 0.0224 0.0095 0.0267 0.0487 0.0765 0.8162 
 686 0.0271 0.0122 0.0504 0.1570 0.1026 0.6507 
 687 0.0237 0.0104 0.0337 0.1571 0.1426 0.6325 
 688 0.0230 0.0106 0.0358 0.0579 0.1192 0.7535 
 689 0.0242 0.0091 0.0280 0.0474 0.0752 0.8160 
 690 0.0244 0.0096 0.0291 0.0438 0.0786 0.8144 
 691 0.0399 0.0141 0.0377 0.0628 0.1123 0.7332 
 692 0.0389 0.0107 0.0353 0.0498 0.1184 0.7469 
 693 0.0230 0.0126 0.0562 0.0456 0.1295 0.7330 
 694 0.0204 0.0085 0.0255 0.0513 0.0725 0.8218 
 695 0.0267 0.0100 0.0488 0.0769 0.0922 0.7455 
 696 0.0231 0.0104 0.0365 0.0593 0.1185 0.7523 
 697 0.0258 0.0096 0.0302 0.0624 0.0775 0.7945 
 698 0.0241 0.0093 0.0288 0.0482 0.0806 0.8090 
 699 0.0239 0.0097 0.0476 0.1624 0.0875 0.6688 
 700 0.0229 0.0188 0.1313 0.0897 0.0906 0.6466 
 701 0.0905 0.0114 0.0603 0.0824 0.1117 0.6436 
 702 0.0251 0.0125 0.0728 0.0979 0.1293 0.6623 
 703 0.0279 0.0112 0.0526 0.0600 0.0928 0.7556 
 704 0.0215 0.0096 0.0361 0.0789 0.1096 0.7444 
 705 0.0441 0.0252 0.0989 0.2770 0.1193 0.4355 
 706 0.0278 0.0124 0.0468 0.0710 0.0865 0.7557 
 707 0.0358 0.0104 0.0300 0.0780 0.0769 0.7690 
 708 0.0245 0.0136 0.0290 0.0576 0.0803 0.7950 
 709 0.0207 0.0127 0.0440 0.0758 0.0769 0.7697 
 710 0.0223 0.0094 0.0275 0.0482 0.0736 0.8190 
 711 0.0268 0.0121 0.0479 0.1268 0.0847 0.7017 
 712 0.0203 0.0137 0.0275 0.1319 0.0732 0.7333 
 713 0.0213 0.0104 0.0328 0.0663 0.1147 0.7544 
 714 0.0452 0.0241 0.0418 0.0652 0.1195 0.7042 
 715 0.0208 0.0096 0.0281 0.0883 0.0725 0.7806 
 716 0.0258 0.0120 0.0465 0.0602 0.0834 0.7721 
 717 0.0215 0.0089 0.0289 0.0612 0.0703 0.8091 
 718 0.0284 0.0193 0.0466 0.1074 0.0914 0.7069 
 719 0.0211 0.0108 0.0291 0.0752 0.0786 0.7853 
 720 0.0811 0.0178 0.0677 0.0862 0.6459 0.1013 
 721 0.0798 0.0170 0.0734 0.0792 0.1783 0.5724 
 722 0.2461 0.0179 0.0866 0.1374 0.3482 0.1637 
 723 0.4680 0.0132 0.0534 0.0703 0.2495 0.1455 
 724 0.3836 0.0144 0.0652 0.0739 0.2261 0.2369 
 725 0.0742 0.0124 0.0395 0.1154 0.4309 0.3276 
 726 0.3496 0.0135 0.0607 0.1771 0.2213 0.1778 
 727 0.1284 0.0134 0.0508 0.2730 0.2300 0.3044 
 728 0.6654 0.0101 0.1019 0.0604 0.1066 0.0557 
 729 0.6103 0.0103 0.0882 0.0534 0.1723 0.0655 
 730 0.2743 0.0285 0.0531 0.0718 0.4649 0.1074 
 731 0.3810 0.0166 0.1252 0.0665 0.2576 0.1530 
 732 0.4619 0.0130 0.0548 0.0709 0.2541 0.1453 
 733 0.5854 0.0123 0.0625 0.0472 0.1983 0.0943 
 734 0.4665 0.0138 0.0705 0.0495 0.3339 0.0658 
 735 0.6439 0.0096 0.0698 0.0396 0.1411 0.0960 
 736 0.1234 0.0112 0.1187 0.0610 0.5730 0.1126 
 737 0.3238 0.0270 0.0744 0.1418 0.3064 0.1266 
 738 0.4325 0.0138 0.0523 0.0714 0.3173 0.1126 
 739 0.5881 0.0109 0.0701 0.0461 0.1979 0.0868 
 740 0.2002 0.0160 0.0349 0.0671 0.1058 0.5761 
 741 0.1269 0.0341 0.0687 0.0892 0.1613 0.5198 
 742 0.0529 0.0110 0.0491 0.0461 0.6393 0.2015 
 743 0.1874 0.0115 0.0400 0.0957 0.4699 0.1955 
 744 0.0418 0.0151 0.0518 0.3401 0.3666 0.1847 
 745 0.0815 0.0141 0.0693 0.1277 0.6176 0.0898 
 746 0.1779 0.0116 0.0471 0.1133 0.3256 0.3246 
 747 0.0835 0.0127 0.0311 0.1203 0.5630 0.1894 
 748 0.0270 0.0103 0.0459 0.0617 0.3603 0.4948 
 749 0.0529 0.0121 0.0660 0.1942 0.4079 0.2669 
 750 0.1089 0.0173 0.0386 0.1746 0.4779 0.1827 
 751 0.0449 0.0125 0.0421 0.0863 0.3495 0.4648 
 752 0.0798 0.0109 0.0424 0.1415 0.5302 0.1952 
 753 0.1979 0.0111 0.0535 0.1228 0.3181 0.2965 
 754 0.1608 0.0319 0.0345 0.0617 0.2216 0.4895 
 755 0.2304 0.0179 0.0359 0.0786 0.3172 0.3201 
 756 0.0261 0.0216 0.0495 0.0896 0.4950 0.3181 
 757 0.0510 0.0117 0.0351 0.0688 0.5444 0.2889 
 758 0.0589 0.0162 0.0444 0.1077 0.6782 0.0947 
 759 0.1538 0.0170 0.0345 0.0944 0.2116 0.4888 
 760 0.3238 0.0121 0.0596 0.0671 0.3570 0.1805 
 761 0.3788 0.0125 0.0364 0.0935 0.1409 0.3380 
 762 0.3911 0.0123 0.0627 0.0454 0.3842 0.1043 
 763 0.2016 0.0114 0.0541 0.1238 0.3162 0.2929 
 764 0.0747 0.0185 0.0383 0.0736 0.5764 0.2186 
 765 0.4297 0.0141 0.0377 0.1117 0.2801 0.1267 
 766 0.0621 0.0167 0.0341 0.0738 0.4593 0.3541 
 767 0.0345 0.0148 0.0765 0.0780 0.4566 0.3396 
 768 0.4869 0.0131 0.0522 0.0462 0.2955 0.1060 
 769 0.3090 0.0171 0.0645 0.0661 0.2149 0.3284 
 770 0.3042 0.0163 0.0515 0.0611 0.4693 0.0977 
 771 0.0553 0.0209 0.0431 0.4241 0.1993 0.2573 
 772 0.0848 0.0198 0.0540 0.1226 0.3732 0.3455 
 773 0.1908 0.0179 0.0322 0.1036 0.4722 0.1833 
 774 0.1260 0.0123 0.0273 0.1048 0.2117 0.5179 
 775 0.2086 0.0106 0.1315 0.0486 0.4078 0.1929 
 776 0.0418 0.0107 0.0416 0.0779 0.7056 0.1224 
 777 0.0634 0.0122 0.0464 0.2115 0.4403 0.2263 
 778 0.0838 0.0152 0.0283 0.2026 0.3413 0.3289 
 779 0.0938 0.0138 0.0480 0.0822 0.4978 0.2645 
 780 0.0503 0.0139 0.0480 0.0732 0.3438 0.4708 
 781 0.0741 0.0161 0.0279 0.4781 0.1531 0.2506 
 782 0.0937 0.0140 0.0483 0.0814 0.5000 0.2626 
 783 0.0898 0.0130 0.0382 0.0696 0.4915 0.2979 
 784 0.0688 0.0168 0.0639 0.0642 0.6047 0.1817 
 785 0.1148 0.0205 0.0360 0.0792 0.4493 0.3003 
 786 0.0628 0.0147 0.0343 0.0675 0.3568 0.4639 
 787 0.0280 0.0131 0.0318 0.1339 0.2668 0.5264 
 788 0.1912 0.0144 0.0524 0.0974 0.4460 0.1987 
 789 0.0476 0.0152 0.0723 0.0511 0.6132 0.2006 
 790 0.1487 0.0150 0.0499 0.0588 0.3145 0.4131 
 791 0.0503 0.0098 0.0438 0.0652 0.5468 0.2840 
 792 0.0508 0.0251 0.0379 0.1979 0.2246 0.4637 
 793 0.0562 0.0127 0.1215 0.1465 0.1485 0.5146 
 794 0.0530 0.0335 0.0686 0.0837 0.4512 0.3100 
 795 0.0637 0.0132 0.0847 0.0910 0.1629 0.5845 
 796 0.0240 0.0182 0.0870 0.0706 0.4680 0.3322 
 797 0.0394 0.0107 0.0630 0.1772 0.1401 0.5696 
 798 0.0208 0.0149 0.5597 0.1384 0.1983 0.0679 
 799 0.0305 0.1220 0.0751 0.0936 0.5140 0.1648 
 800 0.0212 0.0211 0.0354 0.1629 0.1882 0.5712 
 801 0.0265 0.0150 0.5078 0.1291 0.1984 0.1232 
 802 0.0426 0.0209 0.3094 0.1722 0.1364 0.3185 
 803 0.0444 0.0501 0.0865 0.0905 0.1843 0.5442 
 804 0.0338 0.1699 0.1159 0.2617 0.2169 0.2018 
 805 0.0211 0.0143 0.0528 0.0592 0.1260 0.7266 
 806 0.0423 0.0633 0.3617 0.2032 0.1422 0.1872 
 807 0.0342 0.0105 0.0484 0.1782 0.1005 0.6282 
 808 0.0275 0.0101 0.0560 0.3070 0.1652 0.4340 
 809 0.0265 0.0166 0.2672 0.3812 0.1732 0.1353 
 810 0.0821 0.0206 0.1781 0.1329 0.2630 0.3233 
 811 0.0328 0.0486 0.0922 0.1980 0.1375 0.4909 
 812 0.0241 0.0222 0.0504 0.6692 0.1573 0.0769 
 813 0.0191 0.0187 0.5985 0.0952 0.1964 0.0721 
 814 0.0279 0.0202 0.0435 0.5524 0.2417 0.1143 
 815 0.0265 0.0453 0.4106 0.1147 0.1263 0.2766 
 816 0.0263 0.0256 0.2681 0.1265 0.1751 0.3783 
 817 0.0423 0.0207 0.3137 0.1696 0.1356 0.3181 
 818 0.0308 0.0510 0.1429 0.0551 0.5359 0.1842 
 819 0.0292 0.3861 0.0387 0.0816 0.1566 0.3078 
 820 0.0318 0.1662 0.0557 0.1226 0.3609 0.2628 
 821 0.2481 0.0212 0.0513 0.0495 0.4351 0.1948 
 822 0.1949 0.4971 0.0318 0.0572 0.1559 0.0631 
 823 0.2406 0.0147 0.0701 0.0439 0.3338 0.2970 
 824 0.0672 0.0371 0.0411 0.0829 0.4881 0.2836 
 825 0.1481 0.0446 0.0601 0.0721 0.5460 0.1291 
 826 0.0373 0.0173 0.0431 0.0699 0.7369 0.0954 
 827 0.1458 0.0134 0.0563 0.0526 0.6058 0.1261 
 828 0.5259 0.0147 0.0357 0.0720 0.1924 0.1593 
 829 0.2887 0.0337 0.0822 0.1227 0.2724 0.2002 
 830 0.3457 0.0335 0.0489 0.0448 0.4357 0.0914 
 831 0.2220 0.2189 0.0583 0.1069 0.1836 0.2102 
 832 0.0459 0.1208 0.1725 0.0986 0.3110 0.2511 
 833 0.0532 0.0164 0.1840 0.0582 0.4060 0.2822 
