   1 0.1292 0.2741 0.2106 0.3861 
   2 0.1217 0.0646 0.0304 0.7834 
   3 0.0953 0.5047 0.1192 0.2808 
   4 0.1090 0.0545 0.5903 0.2462 
   5 0.1395 0.0957 0.0305 0.7343 
   6 0.0743 0.7978 0.0318 0.0962 
   7 0.7109 0.1543 0.0377 0.0971 
   8 0.1688 0.3028 0.3368 0.1915 
   9 0.1719 0.2890 0.0647 0.4744 
  10 0.2870 0.4118 0.1544 0.1469 
  11 0.6779 0.1714 0.0365 0.1142 
  12 0.1379 0.0996 0.0493 0.7132 
  13 0.3322 0.2170 0.0692 0.3817 
  14 0.0986 0.1059 0.0676 0.7279 
  15 0.1592 0.1226 0.1517 0.5665 
  16 0.1921 0.5568 0.0598 0.1913 
  17 0.1328 0.4074 0.0496 0.4103 
  18 0.1005 0.4122 0.0683 0.4190 
  19 0.1259 0.6133 0.0440 0.2167 
  20 0.2067 0.1611 0.0511 0.5811 
  21 0.0892 0.1280 0.1333 0.6496 
  22 0.0730 0.7269 0.0614 0.1388 
  23 0.1751 0.0699 0.1749 0.5801 
  24 0.0983 0.3856 0.1487 0.3674 
  25 0.4789 0.2305 0.0276 0.2630 
  26 0.0868 0.3546 0.0858 0.4727 
  27 0.2063 0.2932 0.0845 0.4160 
  28 0.2497 0.2034 0.3344 0.2125 
  29 0.3071 0.0993 0.0464 0.5472 
  30 0.0655 0.7025 0.0460 0.1860 
  31 0.2267 0.2058 0.1282 0.4393 
  32 0.1484 0.2101 0.1287 0.5128 
  33 0.1949 0.3813 0.1285 0.2953 
  34 0.4848 0.3431 0.0652 0.1069 
  35 0.0864 0.3242 0.0334 0.5560 
  36 0.0643 0.3298 0.0414 0.5645 
  37 0.1565 0.1127 0.1427 0.5881 
  38 0.1124 0.6841 0.0255 0.1780 
  39 0.2278 0.4154 0.0455 0.3113 
  40 0.0544 0.1054 0.0958 0.7445 
  41 0.1368 0.2782 0.0404 0.5445 
  42 0.0658 0.1736 0.3120 0.4487 
  43 0.1112 0.0519 0.0609 0.7759 
  44 0.0974 0.2048 0.0322 0.6656 
  45 0.0853 0.2361 0.0261 0.6525 
  46 0.1764 0.4537 0.0335 0.3364 
  47 0.1286 0.3712 0.0495 0.4507 
  48 0.0517 0.2188 0.0305 0.6990 
  49 0.1351 0.2915 0.0474 0.5260 
  50 0.3570 0.3671 0.0855 0.1904 
  51 0.0443 0.1075 0.0315 0.8166 
  52 0.2277 0.4385 0.0547 0.2791 
  53 0.1111 0.7094 0.0600 0.1195 
  54 0.0954 0.0696 0.0472 0.7878 
  55 0.0749 0.0563 0.0360 0.8328 
  56 0.0531 0.3422 0.0462 0.5585 
  57 0.1685 0.3275 0.1618 0.3422 
  58 0.0975 0.0995 0.0474 0.7557 
  59 0.0880 0.3059 0.0414 0.5647 
  60 0.0657 0.0926 0.0881 0.7536 
  61 0.0604 0.0296 0.0576 0.8523 
  62 0.1173 0.3263 0.0400 0.5164 
  63 0.2913 0.0964 0.0843 0.5280 
  64 0.0867 0.6833 0.0293 0.2008 
  65 0.7110 0.0795 0.0232 0.1863 
  66 0.1143 0.0496 0.0868 0.7493 
  67 0.1194 0.0513 0.0305 0.7989 
  68 0.0834 0.2889 0.0501 0.5776 
  69 0.2599 0.4241 0.1466 0.1694 
  70 0.1713 0.1218 0.0556 0.6513 
  71 0.0827 0.2060 0.0217 0.6895 
  72 0.1452 0.4648 0.0337 0.3563 
  73 0.1041 0.0509 0.0246 0.8204 
  74 0.0557 0.3973 0.0868 0.4603 
  75 0.0391 0.1625 0.0734 0.7250 
  76 0.3836 0.0794 0.0438 0.4932 
  77 0.1342 0.2694 0.0339 0.5625 
  78 0.0962 0.4292 0.0415 0.4331 
  79 0.7193 0.1107 0.0388 0.1313 
  80 0.1729 0.0808 0.5650 0.1812 
  81 0.2713 0.1166 0.4050 0.2071 
  82 0.2013 0.0598 0.0775 0.6615 
  83 0.2598 0.1749 0.2479 0.3174 
  84 0.4170 0.1113 0.2186 0.2531 
  85 0.1459 0.2035 0.2710 0.3797 
  86 0.1737 0.1173 0.0339 0.6751 
  87 0.6844 0.0827 0.0433 0.1897 
  88 0.2742 0.0635 0.1993 0.4630 
  89 0.1627 0.0602 0.2509 0.5262 
  90 0.7057 0.0582 0.0513 0.1848 
  91 0.1107 0.1089 0.5078 0.2726 
  92 0.4122 0.1094 0.0779 0.4005 
  93 0.0498 0.0379 0.8242 0.0882 
  94 0.7532 0.1282 0.0370 0.0815 
  95 0.5683 0.0427 0.1322 0.2569 
  96 0.0647 0.0317 0.1169 0.7867 
  97 0.0464 0.2402 0.0865 0.6269 
  98 0.1063 0.0964 0.0561 0.7412 
  99 0.4767 0.0797 0.1894 0.2542 
 100 0.0538 0.0351 0.4510 0.4600 
 101 0.2728 0.0677 0.0551 0.6045 
 102 0.2224 0.0726 0.3042 0.4009 
 103 0.2937 0.0381 0.0934 0.5748 
 104 0.7206 0.0469 0.0627 0.1697 
 105 0.4584 0.0351 0.0848 0.4217 
 106 0.7430 0.1415 0.0188 0.0966 
 107 0.5372 0.0430 0.0984 0.3214 
 108 0.0844 0.1220 0.0295 0.7641 
 109 0.5457 0.1522 0.0195 0.2825 
 110 0.7820 0.1091 0.0215 0.0873 
 111 0.8459 0.0331 0.0272 0.0938 
 112 0.8272 0.0528 0.0207 0.0993 
 113 0.1373 0.1042 0.0458 0.7126 
 114 0.7017 0.0419 0.0809 0.1755 
 115 0.5808 0.0519 0.0371 0.3302 
 116 0.4003 0.2116 0.0208 0.3674 
 117 0.7560 0.0828 0.0296 0.1316 
 118 0.2418 0.0528 0.0266 0.6788 
 119 0.1367 0.0522 0.1665 0.6445 
 120 0.6801 0.0553 0.0403 0.2243 
 121 0.5607 0.0562 0.0283 0.3548 
 122 0.7459 0.1078 0.0261 0.1201 
 123 0.7511 0.0597 0.0376 0.1516 
 124 0.5239 0.2162 0.0274 0.2324 
 125 0.3699 0.3802 0.0407 0.2091 
 126 0.6405 0.0999 0.0464 0.2132 
 127 0.8255 0.0317 0.0310 0.1118 
 128 0.2604 0.0458 0.0287 0.6651 
 129 0.6253 0.0346 0.0234 0.3166 
 130 0.6356 0.0470 0.0972 0.2202 
 131 0.4471 0.3294 0.0241 0.1995 
 132 0.7610 0.0782 0.0211 0.1397 
 133 0.7752 0.0391 0.0402 0.1455 
 134 0.8566 0.0642 0.0158 0.0634 
 135 0.0470 0.0481 0.2821 0.6228 
 136 0.0354 0.0522 0.7894 0.1230 
 137 0.0707 0.0341 0.7959 0.0993 
 138 0.0363 0.0492 0.8166 0.0978 
 139 0.0472 0.0529 0.1172 0.7827 
 140 0.1310 0.0938 0.5016 0.2736 
 141 0.0449 0.1014 0.7034 0.1503 
 142 0.0483 0.0419 0.4166 0.4932 
 143 0.0300 0.0288 0.8598 0.0813 
 144 0.0671 0.0299 0.8005 0.1025 
 145 0.0507 0.1435 0.4297 0.3761 
 146 0.1333 0.1037 0.4713 0.2917 
 147 0.0307 0.0324 0.8716 0.0653 
 148 0.0974 0.0569 0.5927 0.2529 
 149 0.0375 0.0569 0.7361 0.1696 
 150 0.1317 0.0447 0.5887 0.2349 
 151 0.0479 0.0355 0.7927 0.1239 
 152 0.0673 0.0813 0.4370 0.4143 
 153 0.0528 0.0612 0.7398 0.1463 
 154 0.0411 0.0475 0.7557 0.1557 
 155 0.0465 0.0333 0.8314 0.0888 
 156 0.0648 0.0285 0.6242 0.2825 
 157 0.1515 0.0469 0.7047 0.0968 
 158 0.0484 0.1401 0.5675 0.2440 
 159 0.0308 0.0328 0.8609 0.0755 
 160 0.0320 0.0346 0.8396 0.0937 
 161 0.0714 0.0726 0.6405 0.2156 
 162 0.1193 0.1173 0.3298 0.4336 
 163 0.0407 0.0299 0.8365 0.0929 
 164 0.1536 0.0747 0.4966 0.2750 
 165 0.1185 0.0366 0.6759 0.1691 
 166 0.1621 0.0744 0.5395 0.2240 
 167 0.0906 0.0817 0.6997 0.1279 
 168 0.0476 0.0820 0.7019 0.1685 
 169 0.0397 0.5254 0.2243 0.2107 
 170 0.0558 0.0364 0.5571 0.3507 
 171 0.0860 0.0844 0.4833 0.3463 
 172 0.0362 0.2177 0.4592 0.2870 
 173 0.0343 0.0350 0.7832 0.1476 
 174 0.0485 0.0381 0.8251 0.0883 
 175 0.0344 0.0479 0.8111 0.1066 
 176 0.0671 0.0301 0.8031 0.0998 
 177 0.1874 0.1032 0.5398 0.1695 
 178 0.0609 0.0662 0.7621 0.1108 
 179 0.0337 0.0327 0.8619 0.0717 
 180 0.0830 0.1139 0.6040 0.1991 
 181 0.0435 0.0704 0.4485 0.4377 
 182 0.0373 0.0327 0.6375 0.2924 
 183 0.0342 0.0373 0.8171 0.1114 
 184 0.0894 0.1187 0.0297 0.7623 
 185 0.0337 0.0295 0.6703 0.2665 
 186 0.2919 0.0843 0.0335 0.5903 
 187 0.0637 0.0564 0.1384 0.7415 
 188 0.3028 0.0606 0.0245 0.6120 
 189 0.0852 0.3168 0.1943 0.4037 
 190 0.0325 0.0235 0.1065 0.8374 
 191 0.0828 0.0451 0.0453 0.8268 
 192 0.1325 0.0586 0.1500 0.6589 
 193 0.0740 0.0755 0.1021 0.7484 
 194 0.1357 0.0475 0.1242 0.6926 
 195 0.0386 0.0298 0.2219 0.7097 
 196 0.0496 0.0334 0.0873 0.8296 
 197 0.1084 0.1651 0.0694 0.6571 
 198 0.1764 0.1192 0.1011 0.6033 
 199 0.0468 0.0396 0.0619 0.8517 
 200 0.0812 0.0901 0.0731 0.7556 
 201 0.0473 0.0396 0.4128 0.5003 
 202 0.0514 0.0305 0.3471 0.5711 
 203 0.0453 0.0317 0.2969 0.6262 
 204 0.0401 0.0268 0.0657 0.8674 
 205 0.0529 0.0442 0.0476 0.8553 
 206 0.0478 0.0346 0.0757 0.8419 
 207 0.0564 0.0303 0.0356 0.8777 
 208 0.0454 0.0313 0.1435 0.7798 
 209 0.0716 0.0496 0.0616 0.8173 
 210 0.0645 0.0326 0.0913 0.8116 
 211 0.0621 0.0289 0.0696 0.8394 
 212 0.0492 0.0573 0.4584 0.4351 
 213 0.1215 0.0466 0.0529 0.7790 
 214 0.0426 0.0368 0.3748 0.5459 
 215 0.0599 0.0408 0.0321 0.8672 
 216 0.1026 0.1258 0.0434 0.7281 
 217 0.0374 0.0516 0.2538 0.6571 
 218 0.0593 0.0494 0.0579 0.8333 
 219 0.0768 0.2167 0.1451 0.5614 
 220 0.0572 0.0309 0.0423 0.8696 
 221 0.0302 0.0278 0.5831 0.3589 
 222 0.1113 0.2054 0.0748 0.6085 
 223 0.0687 0.0841 0.2386 0.6086 
 224 0.0538 0.0356 0.1981 0.7125 
 225 0.0492 0.0359 0.0645 0.8504 
 226 0.0519 0.1668 0.0749 0.7065 
 227 0.0480 0.0320 0.1001 0.8199 
 228 0.0344 0.0268 0.1569 0.7819 
 229 0.0671 0.0394 0.2285 0.6650 
 230 0.0534 0.0307 0.1227 0.7932 
 231 0.0662 0.0577 0.1891 0.6870 
 232 0.0793 0.0669 0.1092 0.7447 
 233 0.0474 0.0400 0.5231 0.3894 
 234 0.1305 0.0917 0.1269 0.6509 
 235 0.0528 0.0812 0.1583 0.7078 
 236 0.0557 0.0511 0.2150 0.6782 
 237 0.0584 0.0342 0.0443 0.8631 
 238 0.0710 0.0453 0.4037 0.4801 
 239 0.0387 0.0298 0.2222 0.7094 
 240 0.0735 0.0443 0.4101 0.4722 
 241 0.0444 0.0399 0.3844 0.5313 
 242 0.0994 0.1255 0.1028 0.6724 
 243 0.0363 0.0258 0.0844 0.8535 
 244 0.0456 0.0313 0.2143 0.7088 
 245 0.0479 0.0329 0.7121 0.2071 
 246 0.0379 0.0523 0.2616 0.6482 
 247 0.3721 0.0796 0.0298 0.5184 
 248 0.0820 0.0395 0.0284 0.8501 
 249 0.0502 0.0338 0.1948 0.7212 
 250 0.0656 0.0478 0.1257 0.7609 
 251 0.1151 0.1749 0.0561 0.6540 
 252 0.0552 0.0453 0.1191 0.7804 
 253 0.1082 0.0706 0.0452 0.7760 
 254 0.0903 0.1181 0.0719 0.7197 
 255 0.0860 0.0725 0.1152 0.7262 
 256 0.0458 0.0415 0.1500 0.7628 
 257 0.0632 0.0419 0.0738 0.8211 
 258 0.1183 0.0509 0.0587 0.7721 
 259 0.0679 0.0417 0.0596 0.8308 
 260 0.1033 0.1442 0.2050 0.5475 
 261 0.0479 0.0468 0.2076 0.6976 
 262 0.0313 0.0319 0.1872 0.7496 
 263 0.0679 0.0516 0.0401 0.8405 
 264 0.1015 0.5048 0.0241 0.3696 
 265 0.0559 0.0778 0.1008 0.7654 
 266 0.0326 0.0284 0.5659 0.3731 
 267 0.0760 0.0554 0.1065 0.7621 
 268 0.0496 0.0333 0.0855 0.8316 
 269 0.0942 0.2634 0.1662 0.4762 
 270 0.1049 0.1044 0.0459 0.7448 
 271 0.0675 0.0469 0.0455 0.8401 
 272 0.0518 0.1003 0.0494 0.7985 
 273 0.0882 0.1156 0.1762 0.6200 
 274 0.0644 0.0844 0.0628 0.7884 
 275 0.0506 0.0975 0.0877 0.7642 
 276 0.0569 0.0874 0.0400 0.8157 
 277 0.0686 0.0814 0.1748 0.6752 
 278 0.0495 0.0394 0.0429 0.8683 
 279 0.0604 0.0583 0.0929 0.7883 
 280 0.0538 0.1301 0.0762 0.7398 
 281 0.0846 0.0598 0.0638 0.7918 
 282 0.0718 0.0788 0.3801 0.4693 
 283 0.0673 0.0456 0.4493 0.4378 
 284 0.1031 0.0506 0.1476 0.6987 
 285 0.0871 0.0514 0.0205 0.8410 
 286 0.0454 0.0308 0.2137 0.7100 
 287 0.0822 0.1320 0.1165 0.6693 
 288 0.0537 0.0967 0.0462 0.8034 
 289 0.1275 0.0912 0.0844 0.6969 
 290 0.0624 0.1929 0.0507 0.6940 
 291 0.0714 0.0481 0.0450 0.8356 
 292 0.0450 0.0984 0.0896 0.7669 
 293 0.1117 0.3020 0.0441 0.5422 
 294 0.0643 0.0540 0.0323 0.8494 
 295 0.0878 0.1348 0.0965 0.6809 
 296 0.0574 0.0376 0.0422 0.8628 
 297 0.0651 0.1526 0.0478 0.7345 
 298 0.0891 0.0708 0.2331 0.6069 
 299 0.0936 0.0710 0.0469 0.7885 
 300 0.0566 0.0422 0.0311 0.8701 
 301 0.0784 0.1699 0.0441 0.7076 
 302 0.0558 0.0512 0.0340 0.8590 
 303 0.0552 0.0553 0.1848 0.7046 
 304 0.1310 0.1709 0.3080 0.3901 
 305 0.0367 0.0346 0.1144 0.8142 
 306 0.0444 0.0787 0.2751 0.6018 
 307 0.0732 0.0590 0.1044 0.7634 
 308 0.0474 0.0463 0.2120 0.6943 
 309 0.1139 0.0429 0.0558 0.7874 
 310 0.0388 0.0303 0.1385 0.7925 
 311 0.0544 0.0311 0.1220 0.7925 
 312 0.0769 0.0277 0.0452 0.8503 
 313 0.0527 0.0297 0.0273 0.8902 
 314 0.0295 0.0296 0.8662 0.0747 
 315 0.0381 0.0426 0.8298 0.0895 
 316 0.0410 0.0523 0.8285 0.0782 
 317 0.0302 0.0299 0.8830 0.0569 
 318 0.0296 0.0317 0.8888 0.0499 
 319 0.0299 0.0295 0.8604 0.0801 
 320 0.0295 0.0297 0.8667 0.0741 
 321 0.0309 0.0338 0.8796 0.0556 
 322 0.0405 0.0479 0.8135 0.0980 
 323 0.0305 0.0327 0.8807 0.0561 
 324 0.0313 0.0332 0.8797 0.0557 
 325 0.0387 0.0505 0.8471 0.0637 
 326 0.0386 0.0481 0.8569 0.0564 
 327 0.0300 0.0303 0.8824 0.0573 
 328 0.0397 0.0473 0.8233 0.0897 
 329 0.0301 0.0304 0.8836 0.0558 
 330 0.0299 0.0307 0.8827 0.0567 
 331 0.0300 0.0295 0.8837 0.0568 
 332 0.0403 0.0583 0.8436 0.0579 
 333 0.0372 0.0444 0.8510 0.0674 
 334 0.0396 0.0474 0.8233 0.0897 
 335 0.0386 0.0403 0.8398 0.0813 
 336 0.0307 0.0365 0.8732 0.0595 
 337 0.0408 0.0526 0.8347 0.0718 
 338 0.0304 0.0344 0.8864 0.0488 
 339 0.0303 0.0299 0.8822 0.0576 
 340 0.0289 0.0276 0.8836 0.0599 
 341 0.0296 0.0313 0.8825 0.0567 
 342 0.0302 0.0306 0.8829 0.0563 
 343 0.0389 0.0492 0.8098 0.1021 
 344 0.0295 0.0296 0.8887 0.0521 
 345 0.0295 0.0304 0.8842 0.0560 
 346 0.0287 0.0300 0.8894 0.0518 
 347 0.0292 0.0274 0.8898 0.0536 
 348 0.0371 0.0392 0.8107 0.1130 
 349 0.0301 0.0303 0.8828 0.0568 
 350 0.0296 0.0313 0.8487 0.0904 
 351 0.0388 0.0412 0.8401 0.0799 
 352 0.0385 0.0458 0.8432 0.0725 
 353 0.0306 0.0359 0.8750 0.0584 
 354 0.0302 0.0307 0.8817 0.0574 
 355 0.0307 0.0322 0.8875 0.0496 
 356 0.0381 0.0391 0.7727 0.1502 
 357 0.1249 0.2421 0.5074 0.1256 
 358 0.0397 0.0471 0.8498 0.0634 
 359 0.0309 0.0315 0.8816 0.0560 
 360 0.0290 0.0289 0.8913 0.0507 
 361 0.1280 0.2581 0.4257 0.1882 
 362 0.4038 0.2486 0.0437 0.3040 
 363 0.4402 0.3750 0.0301 0.1547 
 364 0.1375 0.3365 0.2210 0.3050 
 365 0.1117 0.7083 0.0313 0.1487 
 366 0.0889 0.3820 0.0830 0.4460 
 367 0.8103 0.1069 0.0192 0.0636 
 368 0.6096 0.0876 0.0381 0.2647 
 369 0.1387 0.1832 0.2436 0.4345 
 370 0.4491 0.0751 0.0441 0.4317 
 371 0.1968 0.2797 0.0727 0.4508 
 372 0.2490 0.0927 0.0819 0.5764 
 373 0.4883 0.1927 0.0867 0.2322 
 374 0.2310 0.2724 0.2873 0.2093 
 375 0.5603 0.2876 0.0277 0.1244 
 376 0.1044 0.8166 0.0224 0.0566 
 377 0.2710 0.3524 0.0478 0.3288 
 378 0.6171 0.0499 0.1784 0.1546 
 379 0.1034 0.8164 0.0209 0.0593 
 380 0.0479 0.6814 0.0753 0.1955 
 381 0.0442 0.7388 0.0642 0.1528 
 382 0.6183 0.2644 0.0309 0.0864 
 383 0.0432 0.7990 0.0724 0.0854 
 384 0.1594 0.6292 0.0773 0.1341 
 385 0.4274 0.1868 0.1638 0.2220 
 386 0.6033 0.2669 0.0278 0.1020 
 387 0.4995 0.3325 0.0365 0.1316 
 388 0.2925 0.2149 0.2232 0.2695 
 389 0.0941 0.0604 0.0297 0.8158 
 390 0.4783 0.2966 0.0322 0.1929 
 391 0.2664 0.1259 0.0568 0.5509 
 392 0.1384 0.6493 0.0629 0.1494 
 393 0.0519 0.7837 0.0443 0.1201 
 394 0.3519 0.1913 0.2439 0.2129 
 395 0.1907 0.2820 0.0323 0.4951 
 396 0.5546 0.2929 0.0214 0.1312 
 397 0.0873 0.3210 0.0834 0.5083 
 398 0.2225 0.6829 0.0228 0.0718 
 399 0.6287 0.1414 0.0303 0.1995 
 400 0.4994 0.3489 0.0476 0.1041 
 401 0.6694 0.0980 0.0503 0.1824 
 402 0.1871 0.1474 0.0405 0.6251 
 403 0.1489 0.1363 0.2827 0.4321 
 404 0.1963 0.3746 0.0606 0.3685 
 405 0.1594 0.3782 0.0557 0.4068 
 406 0.0493 0.4213 0.0931 0.4363 
 407 0.1064 0.7950 0.0210 0.0776 
 408 0.6093 0.0448 0.0194 0.3264 
 409 0.1009 0.2516 0.2982 0.3492 
 410 0.2758 0.5233 0.0749 0.1260 
 411 0.1386 0.5201 0.1363 0.2049 
 412 0.7104 0.1013 0.0340 0.1543 
 413 0.5086 0.0928 0.1427 0.2558 
 414 0.7296 0.0926 0.0228 0.1549 
 415 0.1252 0.6976 0.0330 0.1442 
 416 0.2950 0.3769 0.0576 0.2705 
 417 0.2125 0.6618 0.0300 0.0957 
 418 0.7238 0.1607 0.0249 0.0906 
 419 0.2370 0.1856 0.1335 0.4440 
 420 0.6037 0.1205 0.0314 0.2444 
 421 0.4300 0.3703 0.0396 0.1601 
 422 0.0792 0.3367 0.0286 0.5555 
 423 0.1564 0.5919 0.0372 0.2145 
 424 0.6438 0.0952 0.0516 0.2094 
 425 0.1868 0.4079 0.0683 0.3370 
 426 0.6692 0.1414 0.0648 0.1245 
 427 0.2360 0.5670 0.1001 0.0969 
 428 0.0691 0.3794 0.0854 0.4660 
 429 0.4333 0.4837 0.0199 0.0631 
 430 0.1248 0.7380 0.0263 0.1110 
 431 0.4623 0.1562 0.0503 0.3313 
 432 0.5988 0.0967 0.0430 0.2615 
 433 0.2076 0.0636 0.1988 0.5300 
 434 0.2263 0.2683 0.0866 0.4187 
 435 0.1645 0.7285 0.0219 0.0851 
 436 0.1923 0.6967 0.0418 0.0693 
 437 0.0934 0.8015 0.0238 0.0813 
 438 0.2242 0.4239 0.0528 0.2991 
 439 0.0877 0.8216 0.0317 0.0590 
 440 0.1556 0.7594 0.0178 0.0672 
 441 0.2151 0.5695 0.0788 0.1366 
 442 0.3313 0.5038 0.0261 0.1389 
 443 0.6493 0.1578 0.0231 0.1699 
 444 0.2111 0.6227 0.0252 0.1410 
 445 0.0831 0.5790 0.1170 0.2209 
 446 0.2980 0.6055 0.0276 0.0689 
 447 0.1267 0.5573 0.0530 0.2630 
 448 0.2078 0.6142 0.0261 0.1519 
 449 0.1420 0.6066 0.0449 0.2066 
 450 0.1261 0.7468 0.0484 0.0788 
 451 0.7531 0.0920 0.0181 0.1368 
 452 0.1397 0.7448 0.0383 0.0772 
 453 0.1951 0.0875 0.0485 0.6688 
 454 0.2464 0.5783 0.0582 0.1172 
 455 0.2003 0.6404 0.0269 0.1324 
 456 0.2022 0.5759 0.0230 0.1989 
 457 0.0742 0.8209 0.0266 0.0783 
 458 0.1031 0.8017 0.0303 0.0650 
 459 0.4653 0.3163 0.0938 0.1246 
 460 0.5257 0.3765 0.0261 0.0716 
 461 0.7468 0.1737 0.0262 0.0534 
 462 0.3273 0.5017 0.0181 0.1528 
 463 0.1242 0.3458 0.0433 0.4867 
 464 0.5590 0.2960 0.0245 0.1204 
 465 0.6588 0.1717 0.0318 0.1378 
 466 0.4319 0.2213 0.0254 0.3214 
 467 0.3101 0.4862 0.0510 0.1528 
 468 0.0630 0.8113 0.0224 0.1034 
 469 0.0609 0.8570 0.0260 0.0561 
 470 0.1911 0.7195 0.0228 0.0666 
 471 0.2099 0.2972 0.0246 0.4683 
 472 0.3150 0.4136 0.0323 0.2392 
 473 0.1989 0.4848 0.0493 0.2670 
 474 0.1486 0.6932 0.0371 0.1211 
 475 0.5591 0.1937 0.0573 0.1899 
 476 0.1220 0.7725 0.0299 0.0755 
 477 0.6724 0.1309 0.0519 0.1449 
 478 0.8377 0.0720 0.0233 0.0670 
 479 0.3123 0.5956 0.0222 0.0699 
 480 0.0834 0.8342 0.0246 0.0579 
 481 0.1533 0.4170 0.0242 0.4055 
 482 0.2692 0.6547 0.0218 0.0543 
 483 0.1573 0.7248 0.0330 0.0849 
 484 0.1293 0.5466 0.0323 0.2918 
 485 0.1309 0.7573 0.0255 0.0864 
 486 0.2488 0.1236 0.0380 0.5895 
 487 0.1393 0.1736 0.0952 0.5918 
 488 0.2565 0.0765 0.0613 0.6057 
 489 0.0793 0.1269 0.0900 0.7039 
 490 0.6398 0.1015 0.0249 0.2338 
 491 0.0804 0.0635 0.0619 0.7942 
 492 0.1861 0.0529 0.1503 0.6106 
 493 0.1284 0.0953 0.0436 0.7327 
 494 0.0995 0.1668 0.0569 0.6767 
 495 0.3838 0.0884 0.1210 0.4068 
 496 0.1293 0.0670 0.2421 0.5617 
 497 0.1245 0.0911 0.0880 0.6964 
 498 0.3844 0.0981 0.0523 0.4652 
 499 0.0812 0.1148 0.1963 0.6077 
 500 0.1027 0.3493 0.0451 0.5029 
 501 0.1570 0.2241 0.1302 0.4887 
 502 0.2328 0.1110 0.1681 0.4881 
 503 0.1412 0.5589 0.0305 0.2694 
 504 0.6096 0.0522 0.0359 0.3024 
 505 0.0707 0.0600 0.0497 0.8196 
 506 0.2734 0.1081 0.1395 0.4790 
 507 0.0401 0.0417 0.5251 0.3931 
 508 0.0536 0.0388 0.4009 0.5066 
 509 0.0677 0.0561 0.0831 0.7932 
 510 0.1194 0.2653 0.2034 0.4119 
 511 0.1570 0.5337 0.0376 0.2717 
 512 0.2519 0.5804 0.0247 0.1430 
 513 0.1722 0.0262 0.0358 0.7658 
 514 0.5746 0.0665 0.0542 0.3046 
 515 0.0955 0.4369 0.1014 0.3663 
 516 0.3570 0.0520 0.0427 0.5484 
 517 0.2176 0.1813 0.1031 0.4979 
 518 0.0991 0.2966 0.2178 0.3865 
 519 0.6376 0.0668 0.0596 0.2359 
 520 0.0587 0.2338 0.1954 0.5121 
 521 0.2617 0.0627 0.3468 0.3288 
 522 0.0994 0.4598 0.0316 0.4092 
 523 0.1580 0.0650 0.1151 0.6619 
 524 0.1265 0.4387 0.0617 0.3731 
 525 0.0678 0.3851 0.1769 0.3702 
 526 0.0523 0.4345 0.0497 0.4635 
 527 0.2960 0.3761 0.0467 0.2813 
 528 0.0832 0.0488 0.4648 0.4031 
 529 0.1604 0.1218 0.0949 0.6229 
 530 0.0930 0.4490 0.0577 0.4003 
 531 0.0946 0.2038 0.3329 0.3688 
 532 0.1472 0.1858 0.2289 0.4381 
 533 0.0940 0.4180 0.0516 0.4363 
 534 0.1114 0.0546 0.0648 0.7693 
 535 0.2385 0.1410 0.0478 0.5726 
 536 0.0787 0.2230 0.0975 0.6008 
 537 0.0533 0.0551 0.1269 0.7647 
 538 0.0728 0.0721 0.0973 0.7577 
 539 0.0481 0.0464 0.5871 0.3184 
 540 0.0881 0.1402 0.1682 0.6035 
 541 0.1135 0.1081 0.5215 0.2570 
 542 0.0585 0.2780 0.0371 0.6264 
 543 0.2143 0.0501 0.1564 0.5793 
 544 0.0691 0.0883 0.0521 0.7905 
 545 0.0915 0.2188 0.0285 0.6612 
 546 0.0706 0.0874 0.0762 0.7658 
 547 0.0851 0.0569 0.0972 0.7608 
 548 0.0658 0.0467 0.1230 0.7645 
 549 0.0522 0.2036 0.3701 0.3742 
 550 0.1442 0.3290 0.0669 0.4599 
 551 0.0784 0.0840 0.5454 0.2922 
 552 0.0489 0.0707 0.0836 0.7968 
 553 0.1173 0.0400 0.1732 0.6695 
 554 0.2450 0.2603 0.1294 0.3654 
 555 0.0515 0.0427 0.1643 0.7414 
 556 0.0730 0.0638 0.0625 0.8006 
 557 0.1852 0.3372 0.0895 0.3881 
 558 0.2621 0.6641 0.0238 0.0501 
 559 0.5792 0.0659 0.0365 0.3184 
 560 0.6280 0.2640 0.0171 0.0910 
 561 0.5038 0.2276 0.0240 0.2445 
 562 0.6457 0.1411 0.0172 0.1960 
 563 0.6056 0.0774 0.1370 0.1800 
 564 0.1965 0.0802 0.0372 0.6860 
 565 0.0848 0.8199 0.0253 0.0700 
 566 0.7894 0.1207 0.0181 0.0717 
 567 0.2421 0.0658 0.0239 0.6682 
 568 0.5413 0.1270 0.0379 0.2938 
 569 0.3423 0.2748 0.0380 0.3449 
 570 0.2400 0.6749 0.0192 0.0659 
 571 0.7992 0.0629 0.0295 0.1084 
 572 0.1115 0.1272 0.1231 0.6381 
 573 0.2848 0.1400 0.0401 0.5352 
 574 0.1860 0.5167 0.1061 0.1911 
 575 0.5219 0.1046 0.0733 0.3002 
 576 0.8037 0.1016 0.0181 0.0766 
 577 0.3271 0.4038 0.0922 0.1769 
 578 0.6943 0.1296 0.0306 0.1455 
 579 0.5482 0.2001 0.0269 0.2249 
 580 0.2772 0.5358 0.0507 0.1362 
 581 0.5183 0.3452 0.0368 0.0998 
 582 0.3924 0.4937 0.0206 0.0932 
 583 0.7255 0.1402 0.0302 0.1040 
 584 0.7965 0.1044 0.0214 0.0777 
 585 0.5994 0.2099 0.0260 0.1647 
 586 0.7718 0.0484 0.0359 0.1439 
 587 0.3523 0.3743 0.0199 0.2535 
 588 0.0594 0.0280 0.0228 0.8898 
 589 0.1766 0.6089 0.0225 0.1919 
 590 0.7333 0.0665 0.0263 0.1739 
 591 0.7770 0.0647 0.0306 0.1277 
 592 0.3945 0.1387 0.0230 0.4439 
 593 0.4551 0.2029 0.0493 0.2927 
 594 0.6249 0.0832 0.0697 0.2222 
 595 0.3358 0.4270 0.0206 0.2166 
 596 0.1567 0.1475 0.0378 0.6580 
 597 0.6442 0.0398 0.1699 0.1461 
 598 0.1346 0.7918 0.0207 0.0529 
 599 0.6638 0.1406 0.0189 0.1768 
 600 0.2450 0.4849 0.0614 0.2087 
 601 0.6445 0.2098 0.0198 0.1260 
 602 0.1682 0.1030 0.0791 0.6497 
 603 0.2559 0.0791 0.0790 0.5859 
 604 0.0916 0.5550 0.0590 0.2944 
 605 0.3935 0.1868 0.0354 0.3843 
 606 0.1166 0.1469 0.0764 0.6601 
 607 0.1692 0.3147 0.2082 0.3079 
 608 0.1741 0.2199 0.4246 0.1814 
 609 0.2811 0.4904 0.0503 0.1782 
 610 0.0888 0.6036 0.0335 0.2741 
 611 0.2419 0.0924 0.0829 0.5828 
 612 0.0763 0.8065 0.0286 0.0887 
 613 0.2401 0.3751 0.0450 0.3398 
 614 0.0569 0.8056 0.0236 0.1139 
 615 0.0503 0.7527 0.0423 0.1548 
 616 0.2430 0.2677 0.1463 0.3430 
 617 0.2266 0.4378 0.0307 0.3050 
 618 0.0554 0.6127 0.0936 0.2382 
 619 0.2962 0.1495 0.0915 0.4628 
 620 0.4908 0.0780 0.0178 0.4135 
 621 0.7055 0.1652 0.0302 0.0991 
 622 0.0981 0.4724 0.0836 0.3459 
 623 0.4428 0.1353 0.0314 0.3905 
 624 0.0827 0.7291 0.0947 0.0935 
 625 0.1881 0.5110 0.1118 0.1891 
 626 0.0458 0.3743 0.2627 0.3172 
 627 0.4777 0.1678 0.0428 0.3117 
 628 0.4062 0.1414 0.0447 0.4077 
 629 0.2097 0.2254 0.0502 0.5147 
 630 0.1561 0.6323 0.0393 0.1724 
 631 0.2086 0.5028 0.0465 0.2421 
 632 0.0654 0.0957 0.1070 0.7318 
 633 0.1807 0.5500 0.0901 0.1792 
 634 0.2730 0.2089 0.1385 0.3796 
 635 0.0856 0.1692 0.3735 0.3717 
 636 0.1663 0.4322 0.2091 0.1924 
 637 0.0883 0.1261 0.0497 0.7359 
 638 0.2418 0.1990 0.0846 0.4746 
 639 0.1209 0.5431 0.0699 0.2661 
 640 0.7475 0.1015 0.0426 0.1085 
 641 0.1856 0.3560 0.0529 0.4054 
 642 0.1024 0.0899 0.3843 0.4234 
 643 0.0692 0.0465 0.7816 0.1027 
 644 0.1411 0.0583 0.5484 0.2523 
 645 0.0342 0.3925 0.3685 0.2047 
 646 0.1616 0.0851 0.0714 0.6820 
 647 0.2035 0.0630 0.2704 0.4631 
 648 0.0716 0.1837 0.2256 0.5191 
 649 0.1208 0.0434 0.1080 0.7278 
 650 0.1959 0.0542 0.0984 0.6515 
 651 0.2065 0.0604 0.3808 0.3523 
 652 0.1042 0.0669 0.5534 0.2755 
 653 0.0648 0.1411 0.2371 0.5569 
 654 0.0521 0.0602 0.2231 0.6645 
 655 0.2658 0.0612 0.5311 0.1419 
 656 0.0667 0.0813 0.1110 0.7410 
 657 0.1412 0.4248 0.1647 0.2694 
 658 0.3683 0.1169 0.1760 0.3388 
 659 0.0788 0.1067 0.4106 0.4039 
 660 0.0726 0.0506 0.4578 0.4190 
 661 0.0661 0.0798 0.5446 0.3095 
 662 0.1100 0.0351 0.0707 0.7843 
 663 0.0848 0.0728 0.3488 0.4937 
 664 0.4545 0.1442 0.2146 0.1867 
 665 0.0854 0.0447 0.0683 0.8016 
 666 0.0826 0.0692 0.3025 0.5457 
 667 0.2243 0.0769 0.0680 0.6308 
 668 0.1448 0.1135 0.4188 0.3229 
 669 0.0886 0.0859 0.1551 0.6704 
 670 0.0385 0.0338 0.7693 0.1584 
 671 0.0673 0.0430 0.5593 0.3304 
 672 0.1198 0.0570 0.7095 0.1137 
 673 0.0317 0.0345 0.8756 0.0583 
 674 0.0532 0.0715 0.6118 0.2635 
 675 0.0663 0.0311 0.7980 0.1047 
 676 0.0309 0.0301 0.8755 0.0635 
 677 0.0345 0.0305 0.5772 0.3578 
 678 0.0352 0.0339 0.8787 0.0522 
 679 0.0552 0.0772 0.7505 0.1171 
 680 0.0373 0.0606 0.7676 0.1346 
 681 0.0671 0.1509 0.1784 0.6037 
 682 0.0386 0.0589 0.8057 0.0967 
 683 0.0370 0.0314 0.8001 0.1315 
 684 0.0359 0.0335 0.8708 0.0599 
 685 0.0300 0.0289 0.8746 0.0665 
 686 0.0438 0.0587 0.4833 0.4142 
 687 0.0611 0.0398 0.5240 0.3751 
 688 0.0499 0.0371 0.8060 0.1069 
 689 0.0295 0.0308 0.8731 0.0666 
 690 0.0309 0.0306 0.8762 0.0622 
 691 0.0516 0.0667 0.7202 0.1615 
 692 0.0500 0.0460 0.8273 0.0768 
 693 0.0610 0.0431 0.8217 0.0742 
 694 0.0281 0.0263 0.8800 0.0656 
 695 0.0368 0.0391 0.8312 0.0928 
 696 0.0515 0.0374 0.8043 0.1068 
 697 0.0305 0.0329 0.8515 0.0852 
 698 0.0310 0.0314 0.8628 0.0748 
 699 0.0361 0.0377 0.7237 0.2025 
 700 0.0584 0.0584 0.7723 0.1109 
 701 0.0476 0.0845 0.7534 0.1146 
 702 0.0667 0.0729 0.6566 0.2038 
 703 0.0397 0.0596 0.7774 0.1232 
 704 0.0471 0.0344 0.7893 0.1292 
 705 0.0617 0.0897 0.3348 0.5138 
 706 0.0361 0.0546 0.7693 0.1400 
 707 0.0318 0.0355 0.8268 0.1059 
 708 0.0318 0.0314 0.8398 0.0971 
 709 0.0338 0.0331 0.8330 0.1001 
 710 0.0292 0.0281 0.8770 0.0657 
 711 0.0363 0.0540 0.6434 0.2662 
 712 0.0291 0.0280 0.7190 0.2238 
 713 0.0491 0.0327 0.7998 0.1185 
 714 0.0575 0.0766 0.6516 0.2143 
 715 0.0291 0.0276 0.8304 0.1129 
 716 0.0354 0.0492 0.8169 0.0985 
 717 0.0288 0.0278 0.8689 0.0745 
 718 0.0399 0.0569 0.5918 0.3114 
 719 0.0321 0.0268 0.8517 0.0894 
 720 0.6040 0.1809 0.0317 0.1834 
 721 0.0998 0.2022 0.5123 0.1857 
 722 0.2082 0.5262 0.0602 0.2053 
 723 0.1330 0.6797 0.0530 0.1343 
 724 0.1054 0.6072 0.1576 0.1298 
 725 0.2697 0.1387 0.1756 0.4160 
 726 0.1133 0.5288 0.0921 0.2657 
 727 0.1025 0.1440 0.1435 0.6100 
 728 0.0482 0.8792 0.0174 0.0553 
 729 0.0719 0.8457 0.0194 0.0630 
 730 0.3434 0.4445 0.0342 0.1778 
 731 0.1107 0.7534 0.0440 0.0919 
 732 0.1321 0.6766 0.0521 0.1392 
 733 0.0812 0.8228 0.0282 0.0678 
 734 0.1596 0.7559 0.0191 0.0653 
 735 0.0564 0.8513 0.0317 0.0605 
 736 0.4312 0.4325 0.0404 0.0959 
 737 0.2032 0.5036 0.0414 0.2518 
 738 0.2188 0.6253 0.0372 0.1186 
 739 0.0792 0.8331 0.0249 0.0628 
 740 0.0571 0.1008 0.7088 0.1333 
 741 0.0964 0.1428 0.5168 0.2439 
 742 0.7248 0.0787 0.1295 0.0671 
 743 0.3874 0.2513 0.0943 0.2670 
 744 0.2919 0.0628 0.0698 0.5754 
 745 0.6793 0.1024 0.0268 0.1916 
 746 0.2441 0.2092 0.1908 0.3560 
 747 0.3908 0.0955 0.0538 0.4600 
 748 0.2939 0.0586 0.4537 0.1938 
 749 0.2535 0.0906 0.1067 0.5492 
 750 0.3413 0.1004 0.0701 0.4882 
 751 0.2702 0.0711 0.4616 0.1970 
 752 0.3190 0.1319 0.0660 0.4830 
 753 0.1583 0.2850 0.1503 0.4063 
 754 0.1516 0.1523 0.3656 0.3305 
 755 0.2494 0.1669 0.1651 0.4186 
 756 0.5869 0.0343 0.2210 0.1579 
 757 0.5102 0.0755 0.1162 0.2980 
 758 0.7000 0.0521 0.0267 0.2213 
 759 0.1118 0.1730 0.3941 0.3212 
 760 0.2841 0.4561 0.1073 0.1524 
 761 0.0765 0.4640 0.1839 0.2757 
 762 0.3637 0.4912 0.0424 0.1026 
 763 0.1616 0.2835 0.1504 0.4045 
 764 0.5447 0.0877 0.0749 0.2928 
 765 0.2375 0.4639 0.0484 0.2502 
 766 0.4734 0.0671 0.2965 0.1630 
 767 0.4357 0.0826 0.2350 0.2467 
 768 0.3092 0.5411 0.0430 0.1066 
 769 0.1721 0.4615 0.2287 0.1377 
 770 0.5226 0.3257 0.0399 0.1119 
 771 0.0967 0.0484 0.0791 0.7757 
 772 0.3860 0.1194 0.2804 0.2141 
 773 0.5948 0.1144 0.0876 0.2032 
 774 0.1027 0.1167 0.3276 0.4529 
 775 0.2166 0.6031 0.0779 0.1024 
 776 0.7731 0.0556 0.0394 0.1320 
 777 0.2535 0.1183 0.0756 0.5526 
 778 0.1642 0.0740 0.1021 0.6597 
 779 0.5844 0.0914 0.1439 0.1802 
 780 0.2590 0.0822 0.4200 0.2389 
 781 0.0623 0.0498 0.0897 0.7982 
 782 0.5784 0.0930 0.1424 0.1862 
 783 0.5076 0.1084 0.2363 0.1477 
 784 0.6269 0.1419 0.0726 0.1587 
 785 0.4600 0.1149 0.1686 0.2564 
 786 0.3188 0.0867 0.4475 0.1471 
 787 0.1995 0.0388 0.3469 0.4148 
 788 0.4573 0.2581 0.0923 0.1923 
 789 0.6605 0.1284 0.0868 0.1243 
 790 0.2308 0.2122 0.2789 0.2781 
 791 0.5489 0.0910 0.1371 0.2230 
 792 0.1452 0.0475 0.3828 0.4245 
 793 0.0638 0.1460 0.2023 0.5878 
 794 0.3044 0.1285 0.1253 0.4418 
 795 0.0761 0.1596 0.4238 0.3405 
 796 0.5956 0.0529 0.1646 0.1869 
 797 0.0605 0.0845 0.4753 0.3797 
 798 0.1768 0.5843 0.0229 0.2161 
 799 0.6596 0.0750 0.0582 0.2072 
 800 0.1231 0.0312 0.4415 0.4042 
 801 0.1888 0.5633 0.0477 0.2001 
 802 0.1494 0.3009 0.2080 0.3418 
 803 0.0786 0.1026 0.1951 0.6237 
 804 0.1368 0.0993 0.0751 0.6889 
 805 0.0613 0.0408 0.7948 0.1030 
 806 0.0915 0.4176 0.0964 0.3946 
 807 0.0410 0.0579 0.5076 0.3935 
 808 0.0722 0.0536 0.2811 0.5932 
 809 0.0908 0.2514 0.0510 0.6068 
 810 0.1678 0.2587 0.1452 0.4284 
 811 0.0671 0.0694 0.2858 0.5777 
 812 0.0750 0.0578 0.0264 0.8408 
 813 0.2892 0.5107 0.0277 0.1724 
 814 0.1097 0.0436 0.0320 0.8146 
 815 0.0920 0.3309 0.2566 0.3206 
 816 0.2421 0.1738 0.3307 0.2534 
 817 0.1455 0.2983 0.2051 0.3511 
 818 0.7099 0.0777 0.0627 0.1497 
 819 0.3417 0.0446 0.1242 0.4895 
 820 0.5724 0.0436 0.1645 0.2196 
 821 0.5543 0.2027 0.1115 0.1316 
 822 0.2960 0.3056 0.0220 0.3764 
 823 0.4597 0.2560 0.2107 0.0737 
 824 0.4726 0.0980 0.1425 0.2869 
 825 0.4808 0.2338 0.0412 0.2442 
 826 0.8182 0.0498 0.0289 0.1032 
 827 0.4997 0.3430 0.0457 0.1115 
 828 0.1052 0.6406 0.0650 0.1892 
 829 0.1903 0.4911 0.0716 0.2471 
 830 0.3648 0.4945 0.0296 0.1112 
 831 0.0862 0.3138 0.0771 0.5229 
 832 0.3844 0.1706 0.1176 0.3274 
 833 0.4739 0.2247 0.1619 0.1395 
 834 0.2133 0.3200 0.1030 0.3637 
 835 0.7711 0.0509 0.0289 0.1491 
 836 0.7802 0.0457 0.0539 0.1202 
 837 0.1759 0.3461 0.2003 0.2777 
 838 0.8032 0.0377 0.0289 0.1302 
 839 0.6220 0.2216 0.0516 0.1048 
 840 0.1017 0.0573 0.0772 0.7639 
 841 0.5654 0.0504 0.0788 0.3054 
 842 0.8556 0.0508 0.0225 0.0711 
 843 0.2557 0.0707 0.2873 0.3863 
 844 0.1336 0.1945 0.0992 0.5727 
 845 0.7593 0.0760 0.0379 0.1268 
 846 0.6701 0.0678 0.0832 0.1788 
 847 0.1762 0.0589 0.1444 0.6205 
 848 0.7536 0.0364 0.0702 0.1398 
 849 0.5226 0.1385 0.0647 0.2741 
 850 0.7011 0.1467 0.0454 0.1067 
 851 0.7872 0.0456 0.0380 0.1292 
 852 0.1084 0.2844 0.4668 0.1404 
 853 0.8049 0.0918 0.0356 0.0677 
 854 0.1600 0.4106 0.2215 0.2079 
 855 0.5721 0.0893 0.0693 0.2694 
 856 0.2480 0.1123 0.0971 0.5426 
 857 0.4526 0.0824 0.0487 0.4163 
 858 0.4522 0.1465 0.0418 0.3595 
 859 0.5356 0.2731 0.0399 0.1514 
 860 0.7480 0.0489 0.0357 0.1674 
 861 0.1126 0.0496 0.3043 0.5335 
 862 0.0858 0.8299 0.0261 0.0582 
 863 0.0481 0.7825 0.0519 0.1175 
 864 0.0444 0.8578 0.0405 0.0573 
 865 0.1694 0.7444 0.0180 0.0682 
 866 0.4706 0.3500 0.0308 0.1487 
 867 0.0430 0.8416 0.0330 0.0824 
 868 0.0553 0.7795 0.0263 0.1389 
 869 0.4534 0.3902 0.0341 0.1224 
 870 0.2326 0.5192 0.0209 0.2273 
 871 0.2189 0.6677 0.0217 0.0917 
 872 0.0616 0.8450 0.0278 0.0656 
 873 0.0689 0.8279 0.0348 0.0684 
 874 0.0647 0.8388 0.0216 0.0749 
 875 0.2471 0.4022 0.0344 0.3164 
 876 0.5735 0.1320 0.0273 0.2671 
 877 0.0586 0.8544 0.0299 0.0570 
 878 0.1574 0.5146 0.0420 0.2859 
 879 0.0503 0.8443 0.0368 0.0686 
 880 0.4031 0.3219 0.0265 0.2484 
 881 0.0531 0.8263 0.0303 0.0902 
 882 0.0553 0.8535 0.0309 0.0603 
 883 0.3312 0.1706 0.0402 0.4580 
 884 0.1930 0.7245 0.0182 0.0644 
 885 0.0733 0.5865 0.0504 0.2898 
 886 0.0878 0.7521 0.0408 0.1193 
 887 0.1159 0.7884 0.0209 0.0747 
 888 0.1181 0.4228 0.0864 0.3727 
 889 0.1290 0.7897 0.0177 0.0636 
 890 0.3601 0.4679 0.0188 0.1532 
 891 0.7710 0.0480 0.0299 0.1511 
 892 0.3505 0.0867 0.0343 0.5285 
 893 0.1681 0.1056 0.0400 0.6863 
 894 0.7836 0.1212 0.0221 0.0731 
 895 0.1861 0.7127 0.0220 0.0792 
 896 0.4922 0.0512 0.0552 0.4014 
 897 0.1801 0.0865 0.0332 0.7002 
 898 0.2039 0.4391 0.0572 0.2998 
 899 0.8291 0.0812 0.0176 0.0720 
 900 0.7992 0.0431 0.0270 0.1307 
 901 0.7846 0.0631 0.0299 0.1225 
 902 0.1475 0.0624 0.0319 0.7582 
 903 0.2547 0.5676 0.0282 0.1495 
 904 0.1055 0.4971 0.0465 0.3509 
 905 0.4538 0.4402 0.0208 0.0852 
 906 0.6014 0.1572 0.0373 0.2042 
 907 0.6593 0.1254 0.0575 0.1579 
 908 0.6696 0.1531 0.0379 0.1394 
 909 0.5770 0.1516 0.0415 0.2298 
 910 0.7216 0.0574 0.0380 0.1831 
 911 0.5201 0.3831 0.0186 0.0782 
 912 0.7393 0.1345 0.0233 0.1029 
 913 0.5599 0.2693 0.0204 0.1504 
 914 0.3650 0.2169 0.1764 0.2416 
 915 0.7618 0.1237 0.0184 0.0961 
 916 0.7663 0.0850 0.0253 0.1234 
 917 0.6929 0.1487 0.0269 0.1315 
 918 0.2834 0.3838 0.1228 0.2100 
 919 0.4121 0.4120 0.0579 0.1180 
 920 0.7863 0.0681 0.0488 0.0968 
 921 0.2212 0.0744 0.2371 0.4674 
 922 0.1233 0.0611 0.0325 0.7831 
 923 0.0970 0.0444 0.0456 0.8130 
 924 0.2824 0.0423 0.0330 0.6423 
 925 0.2475 0.0626 0.0586 0.6312 
 926 0.0638 0.0283 0.0520 0.8559 
 927 0.0647 0.0496 0.0789 0.8068 
 928 0.0436 0.0316 0.0989 0.8259 
 929 0.0577 0.0327 0.0317 0.8779 
 930 0.1762 0.0633 0.0577 0.7027 
 931 0.0400 0.2649 0.1541 0.5409 
 932 0.0701 0.0382 0.0259 0.8657 
 933 0.0748 0.0402 0.3136 0.5714 
 934 0.0786 0.0307 0.0212 0.8695 
 935 0.0592 0.0762 0.0370 0.8275 
 936 0.0517 0.0442 0.0262 0.8779 
 937 0.0461 0.0535 0.0631 0.8373 
 938 0.0412 0.0283 0.0941 0.8364 
 939 0.0424 0.0556 0.1147 0.7873 
 940 0.0547 0.0460 0.0563 0.8431 
 941 0.1720 0.0789 0.0309 0.7182 
 942 0.0996 0.0712 0.1699 0.6592 
 943 0.0402 0.0508 0.1632 0.7458 
 944 0.0376 0.0443 0.0545 0.8636 
 945 0.0749 0.0541 0.0454 0.8256 
 946 0.0705 0.0379 0.0376 0.8539 
 947 0.0800 0.0346 0.1205 0.7650 
 948 0.0532 0.2125 0.0214 0.7129 
 949 0.0913 0.1799 0.0216 0.7072 
 950 0.0442 0.0286 0.0527 0.8745 
 951 0.0730 0.0527 0.0745 0.7999 
 952 0.0625 0.0458 0.0342 0.8574 
 953 0.1089 0.1178 0.0433 0.7301 
 954 0.0765 0.1209 0.0401 0.7625 
 955 0.0361 0.0477 0.7288 0.1874 
 956 0.0427 0.0390 0.6018 0.3166 
 957 0.0724 0.0997 0.2142 0.6136 
 958 0.3170 0.1112 0.0639 0.5080 
 959 0.0744 0.0546 0.0908 0.7803 
 960 0.2975 0.3293 0.1003 0.2729 
 961 0.0303 0.0280 0.8748 0.0668 
 962 0.0774 0.0276 0.0382 0.8567 
 963 0.2037 0.1050 0.0620 0.6293 
 964 0.2191 0.2004 0.1136 0.4669 
 965 0.0901 0.0542 0.1689 0.6868 
 966 0.1073 0.0915 0.1491 0.6521 
 967 0.0379 0.0583 0.7457 0.1581 
 968 0.0880 0.0345 0.0489 0.8286 
 969 0.1348 0.3733 0.2497 0.2422 
 970 0.0536 0.0622 0.5619 0.3223 
 971 0.0832 0.0416 0.0718 0.8034 
 972 0.0890 0.1470 0.1298 0.6343 
 973 0.0817 0.0366 0.1970 0.6847 
 974 0.1623 0.1561 0.0824 0.5993 
 975 0.1347 0.3749 0.2506 0.2398 
 976 0.0829 0.0429 0.0705 0.8037 
 977 0.2098 0.1423 0.3285 0.3193 
 978 0.0928 0.0461 0.1343 0.7268 
 979 0.1216 0.0704 0.0477 0.7603 
 980 0.1409 0.0552 0.2451 0.5588 
 981 0.1322 0.0841 0.1233 0.6604 
 982 0.5178 0.1233 0.0392 0.3197 
 983 0.6777 0.1467 0.0413 0.1343 
 984 0.0665 0.1641 0.6398 0.1296 
 985 0.3539 0.0540 0.1660 0.4261 
 986 0.3604 0.1247 0.0759 0.4390 
 987 0.3787 0.0798 0.0279 0.5136 
 988 0.7218 0.1741 0.0233 0.0808 
 989 0.0472 0.1551 0.2839 0.5138 
 990 0.2582 0.2884 0.1032 0.3502 
 991 0.1132 0.0849 0.0737 0.7282 
 992 0.1022 0.0438 0.0222 0.8319 
 993 0.1546 0.4055 0.0454 0.3945 
 994 0.1886 0.0533 0.1393 0.6188 
 995 0.0389 0.0271 0.7280 0.2060 
 996 0.6065 0.1884 0.0430 0.1621 
 997 0.1671 0.0371 0.0578 0.7381 
 998 0.5774 0.0683 0.0457 0.3086 
 999 0.2321 0.0781 0.1685 0.5214 
1000 0.3520 0.0864 0.0306 0.5310 
1001 0.3364 0.3045 0.0585 0.3007 
1002 0.7988 0.0811 0.0221 0.0981 
1003 0.1416 0.0636 0.0534 0.7414 
1004 0.6970 0.0367 0.0844 0.1819 
1005 0.1898 0.0843 0.0335 0.6923 
1006 0.0913 0.0644 0.0650 0.7793 
1007 0.0876 0.0551 0.1137 0.7436 
1008 0.0768 0.0483 0.1672 0.7077 
1009 0.1719 0.1358 0.1048 0.5875 
1010 0.0803 0.0723 0.0684 0.7790 
1011 0.0814 0.0783 0.1841 0.6562 
1012 0.0552 0.0634 0.0326 0.8488 
1013 0.0729 0.0617 0.0419 0.8235 
1014 0.4909 0.0990 0.0349 0.3752 
1015 0.0666 0.0431 0.0286 0.8617 
1016 0.5284 0.0773 0.0366 0.3577 
1017 0.1057 0.0533 0.0843 0.7567 
1018 0.1657 0.0635 0.0954 0.6753 
1019 0.2901 0.1195 0.1084 0.4819 
1020 0.0456 0.0429 0.5981 0.3134 
1021 0.0388 0.0422 0.1918 0.7272 
1022 0.4386 0.0517 0.1470 0.3627 
1023 0.2878 0.2879 0.0516 0.3726 
1024 0.3404 0.2191 0.0310 0.4094 
1025 0.5900 0.0615 0.0917 0.2567 
1026 0.0497 0.5783 0.1526 0.2193 
1027 0.0579 0.4106 0.0883 0.4432 
1028 0.2245 0.5012 0.1340 0.1403 
1029 0.4367 0.0985 0.1603 0.3045 
1030 0.0598 0.1102 0.2072 0.6228 
1031 0.1082 0.4018 0.2264 0.2635 
1032 0.0681 0.2318 0.1739 0.5263 
1033 0.1579 0.3320 0.2719 0.2381 
1034 0.2947 0.1296 0.1306 0.4451 
1035 0.0626 0.1173 0.6059 0.2142 
1036 0.0522 0.1410 0.1424 0.6644 
1037 0.0693 0.0710 0.2389 0.6209 
1038 0.0687 0.3348 0.3769 0.2195 
1039 0.0517 0.1111 0.1176 0.7196 
1040 0.0503 0.5588 0.1181 0.2729 
1041 0.1635 0.4798 0.1846 0.1722 
1042 0.1003 0.1868 0.4128 0.3002 
1043 0.0884 0.4788 0.1724 0.2604 
1044 0.1441 0.3204 0.1311 0.4044 
1045 0.0531 0.6669 0.1638 0.1161 
1046 0.0624 0.1645 0.2032 0.5699 
1047 0.0558 0.0976 0.4707 0.3760 
1048 0.1837 0.2845 0.0683 0.4634 
1049 0.5793 0.0856 0.0633 0.2718 
1050 0.8414 0.0798 0.0192 0.0595 
1051 0.7996 0.0805 0.0218 0.0981 
1052 0.7376 0.1010 0.0324 0.1291 
1053 0.6192 0.1871 0.0584 0.1354 
1054 0.6322 0.1296 0.0590 0.1792 
1055 0.7084 0.0549 0.0413 0.1955 
1056 0.6597 0.0877 0.0350 0.2176 
1057 0.2103 0.5836 0.0224 0.1837 
1058 0.7199 0.1208 0.0244 0.1349 
1059 0.4969 0.3293 0.0548 0.1190 
1060 0.7262 0.0774 0.0908 0.1056 
1061 0.7501 0.0378 0.0262 0.1859 
1062 0.8018 0.0821 0.0271 0.0890 
1063 0.4237 0.0383 0.0688 0.4692 
1064 0.7513 0.0844 0.0303 0.1340 
1065 0.6527 0.0749 0.0501 0.2223 
1066 0.7450 0.0407 0.0752 0.1391 
1067 0.4230 0.3613 0.0299 0.1858 
1068 0.3525 0.1363 0.2822 0.2290 
1069 0.8786 0.0319 0.0199 0.0695 
1070 0.2348 0.2844 0.0278 0.4530 
1071 0.6722 0.0756 0.1058 0.1464 
1072 0.6029 0.0821 0.0670 0.2480 
1073 0.6460 0.1935 0.0492 0.1113 
1074 0.6112 0.1473 0.0853 0.1562 
1075 0.6846 0.1178 0.0526 0.1450 
1076 0.5226 0.1984 0.0819 0.1972 
1077 0.4715 0.4303 0.0236 0.0746 
1078 0.3501 0.0873 0.0350 0.5277 
1079 0.8339 0.0558 0.0296 0.0808 
1080 0.3532 0.1013 0.1422 0.4033 
1081 0.8391 0.0795 0.0227 0.0588 
1082 0.5604 0.1338 0.0712 0.2346 
1083 0.5979 0.0936 0.0598 0.2487 
1084 0.5079 0.0734 0.1054 0.3133 
1085 0.8222 0.0673 0.0168 0.0936 
1086 0.7308 0.0354 0.0256 0.2082 
1087 0.7604 0.0894 0.0169 0.1332 
1088 0.7758 0.0678 0.0192 0.1372 
1089 0.8454 0.0762 0.0204 0.0580 
1090 0.6533 0.1857 0.0374 0.1236 
1091 0.6157 0.1230 0.0572 0.2041 
1092 0.8224 0.0742 0.0254 0.0780 
1093 0.6238 0.0618 0.0806 0.2338 
1094 0.2254 0.5437 0.0714 0.1594 
1095 0.4217 0.4725 0.0223 0.0835 
1096 0.7825 0.0573 0.0692 0.0910 
1097 0.5785 0.3288 0.0185 0.0742 
1098 0.3550 0.0488 0.0221 0.5742 
1099 0.2066 0.0465 0.0563 0.6906 
1100 0.8544 0.0524 0.0225 0.0707 
1101 0.8569 0.0441 0.0194 0.0796 
1102 0.4834 0.2838 0.0329 0.2000 
1103 0.6195 0.1181 0.0638 0.1987 
1104 0.8163 0.0380 0.0281 0.1175 
1105 0.6931 0.0796 0.0330 0.1943 
1106 0.7307 0.0552 0.1061 0.1080 
1107 0.7216 0.1055 0.0723 0.1006 
1108 0.6688 0.2420 0.0312 0.0580 
1109 0.5889 0.2908 0.0284 0.0919 
1110 0.0629 0.0559 0.2111 0.6702 
1111 0.0957 0.0316 0.2655 0.6072 
1112 0.0347 0.2022 0.6379 0.1252 
1113 0.0471 0.2092 0.1106 0.6331 
1114 0.1296 0.3601 0.2069 0.3034 
1115 0.0664 0.0882 0.1757 0.6697 
1116 0.0456 0.0756 0.6851 0.1938 
1117 0.0664 0.4949 0.0758 0.3629 
1118 0.0429 0.0639 0.7814 0.1118 
1119 0.0514 0.3681 0.1081 0.4724 
1120 0.0323 0.1260 0.1226 0.7190 
1121 0.0451 0.3769 0.4026 0.1755 
1122 0.1140 0.2499 0.2810 0.3552 
1123 0.1674 0.2693 0.1490 0.4144 
1124 0.0437 0.0639 0.7779 0.1144 
1125 0.1145 0.1300 0.3890 0.3665 
1126 0.0591 0.3503 0.3682 0.2223 
1127 0.0446 0.2295 0.2518 0.4740 
1128 0.0428 0.0506 0.2569 0.6497 
1129 0.1009 0.2010 0.0849 0.6132 
1130 0.1778 0.1020 0.1326 0.5877 
1131 0.0824 0.6195 0.1128 0.1853 
1132 0.0422 0.2180 0.2797 0.4600 
1133 0.0641 0.1267 0.6096 0.1996 
1134 0.0367 0.0484 0.6479 0.2670 
1135 0.2887 0.2581 0.0760 0.3772 
1136 0.0671 0.6252 0.0771 0.2306 
1137 0.0720 0.0679 0.3998 0.4603 
1138 0.1048 0.1370 0.1918 0.5663 
1139 0.0430 0.0505 0.7126 0.1940 
1140 0.1212 0.2650 0.2410 0.3728 
1141 0.5004 0.0712 0.2587 0.1697 
1142 0.2075 0.5277 0.1126 0.1523 
1143 0.1737 0.1246 0.3663 0.3355 
1144 0.0651 0.1409 0.2596 0.5344 
1145 0.0532 0.4305 0.0940 0.4223 
1146 0.1031 0.3401 0.4608 0.0961 
1147 0.2466 0.1609 0.0881 0.5045 
1148 0.1065 0.7669 0.0521 0.0745 
1149 0.0474 0.1625 0.2142 0.5759 
1150 0.2444 0.0782 0.2068 0.4706 
1151 0.0424 0.2134 0.6116 0.1326 
1152 0.2250 0.3121 0.1654 0.2975 
1153 0.0810 0.6016 0.0478 0.2696 
1154 0.0954 0.3613 0.2420 0.3014 
1155 0.1241 0.2023 0.2725 0.4010 
1156 0.0496 0.0923 0.2632 0.5949 
1157 0.0643 0.5286 0.2471 0.1601 
1158 0.0664 0.1542 0.5443 0.2351 
1159 0.8064 0.0533 0.0261 0.1142 
1160 0.3919 0.0973 0.0252 0.4855 
1161 0.2914 0.0458 0.0453 0.6176 
1162 0.1647 0.0993 0.0804 0.6557 
1163 0.1918 0.0660 0.2947 0.4474 
1164 0.1469 0.1775 0.0896 0.5860 
1165 0.6104 0.0681 0.0333 0.2882 
1166 0.3084 0.0488 0.1794 0.4634 
1167 0.7124 0.0955 0.0256 0.1665 
1168 0.4088 0.1764 0.0449 0.3699 
1169 0.3879 0.1054 0.0550 0.4517 
1170 0.3518 0.4309 0.0359 0.1815 
1171 0.3587 0.2974 0.0886 0.2553 
1172 0.4100 0.2227 0.0456 0.3217 
1173 0.7577 0.0569 0.0411 0.1444 
1174 0.7855 0.0467 0.0253 0.1425 
1175 0.5787 0.1018 0.0444 0.2751 
1176 0.3931 0.1118 0.0851 0.4100 
