   1 0.0082 0.0079 0.0224 0.0879 0.1607 0.3690 0.1429 0.2009 
   2 0.0049 0.0050 0.0134 0.0628 0.1231 0.0837 0.5905 0.1166 
   3 0.0079 0.0120 0.0269 0.0708 0.3466 0.1971 0.1404 0.1983 
   4 0.0122 0.0163 0.0289 0.0798 0.1079 0.1114 0.1637 0.4797 
   5 0.0063 0.0052 0.0142 0.0710 0.1534 0.0863 0.5437 0.1199 
   6 0.0076 0.0047 0.0171 0.0752 0.4828 0.0870 0.1733 0.1524 
   7 0.0074 0.0050 0.0212 0.3052 0.2853 0.0953 0.1594 0.1212 
   8 0.0370 0.0097 0.0291 0.0903 0.2418 0.1379 0.1205 0.3335 
   9 0.0120 0.0083 0.0166 0.0810 0.2511 0.1717 0.3003 0.1589 
  10 0.0119 0.0048 0.0177 0.1002 0.3287 0.1407 0.1415 0.2545 
  11 0.0053 0.0045 0.0228 0.2446 0.2504 0.2036 0.1594 0.1094 
  12 0.0063 0.0059 0.0139 0.0745 0.1620 0.0981 0.4575 0.1817 
  13 0.0080 0.0065 0.0193 0.0971 0.2576 0.1430 0.2921 0.1763 
  14 0.0050 0.0253 0.0303 0.0553 0.1797 0.1415 0.3618 0.2011 
  15 0.0064 0.0085 0.0446 0.0978 0.1559 0.1175 0.2600 0.3093 
  16 0.0053 0.0055 0.0210 0.0861 0.3517 0.2718 0.1257 0.1330 
  17 0.0141 0.0125 0.0196 0.0739 0.3084 0.1449 0.2525 0.1741 
  18 0.0155 0.0080 0.0380 0.0604 0.2514 0.1330 0.2942 0.1995 
  19 0.0064 0.0044 0.0161 0.0875 0.4135 0.1305 0.1816 0.1600 
  20 0.0059 0.0070 0.0326 0.1532 0.1984 0.1242 0.2949 0.1836 
  21 0.0062 0.0083 0.0204 0.0681 0.1504 0.2343 0.2452 0.2670 
  22 0.0105 0.0055 0.0163 0.0587 0.4105 0.1565 0.1569 0.1852 
  23 0.0133 0.0403 0.0334 0.0819 0.1421 0.1668 0.2341 0.2881 
  24 0.0054 0.0051 0.0215 0.0706 0.1828 0.3658 0.1298 0.2189 
  25 0.0068 0.0075 0.0300 0.1052 0.3456 0.0800 0.3261 0.0988 
  26 0.0103 0.0055 0.0244 0.0831 0.2161 0.1587 0.2548 0.2470 
  27 0.0072 0.0089 0.0187 0.0717 0.2891 0.2071 0.2239 0.1734 
  28 0.0067 0.0084 0.0210 0.1505 0.1579 0.1323 0.1601 0.3630 
  29 0.0047 0.0056 0.0144 0.1293 0.1826 0.2198 0.3091 0.1345 
  30 0.0067 0.0057 0.0191 0.0594 0.3565 0.2221 0.1892 0.1412 
  31 0.0261 0.0121 0.0165 0.1025 0.1617 0.1953 0.2731 0.2127 
  32 0.0062 0.0079 0.0255 0.0680 0.2923 0.1086 0.2268 0.2647 
  33 0.0059 0.0060 0.0197 0.1094 0.2859 0.2435 0.1468 0.1828 
  34 0.0141 0.0079 0.0256 0.1959 0.3517 0.0911 0.1352 0.1786 
  35 0.0236 0.0109 0.0132 0.0705 0.2354 0.2460 0.2854 0.1150 
  36 0.0048 0.0078 0.0529 0.0565 0.0961 0.5453 0.1372 0.0993 
  37 0.0084 0.0073 0.0148 0.0721 0.1856 0.2209 0.2489 0.2421 
  38 0.0067 0.0064 0.2358 0.1639 0.1315 0.2022 0.1645 0.0890 
  39 0.0107 0.0084 0.0325 0.1437 0.2242 0.1979 0.2518 0.1307 
  40 0.0049 0.0154 0.0210 0.0503 0.1516 0.4278 0.1795 0.1495 
  41 0.0104 0.0189 0.0243 0.1157 0.1831 0.4280 0.1329 0.0866 
  42 0.0048 0.0091 0.0333 0.0601 0.0809 0.5100 0.1078 0.1940 
  43 0.0088 0.0213 0.0132 0.0732 0.1426 0.3503 0.2415 0.1490 
  44 0.0097 0.0285 0.0119 0.0613 0.2156 0.2996 0.2786 0.0949 
  45 0.0061 0.0074 0.0434 0.0824 0.0921 0.3760 0.3072 0.0854 
  46 0.0143 0.0113 0.0173 0.0825 0.3134 0.1323 0.2976 0.1312 
  47 0.0344 0.0079 0.0132 0.0794 0.2687 0.2337 0.2055 0.1572 
  48 0.0144 0.0228 0.0163 0.0506 0.1937 0.2872 0.3110 0.1039 
  49 0.0134 0.0087 0.0184 0.0885 0.1914 0.3247 0.2236 0.1312 
  50 0.0135 0.0086 0.0183 0.1201 0.3630 0.1191 0.2090 0.1484 
  51 0.0045 0.0240 0.0373 0.0533 0.0747 0.5632 0.1576 0.0853 
  52 0.0145 0.0095 0.0198 0.1523 0.2239 0.2583 0.1730 0.1487 
  53 0.0085 0.0075 0.1078 0.1068 0.2780 0.2096 0.1346 0.1473 
  54 0.0136 0.0113 0.0110 0.0744 0.1336 0.2147 0.3718 0.1696 
  55 0.0080 0.0181 0.0141 0.0615 0.1222 0.2279 0.4138 0.1343 
  56 0.0092 0.0087 0.0290 0.0569 0.1991 0.2787 0.2714 0.1470 
  57 0.0284 0.0058 0.0191 0.1067 0.2430 0.1434 0.1461 0.3076 
  58 0.0066 0.0085 0.0234 0.0841 0.1032 0.3721 0.2777 0.1245 
  59 0.0070 0.0070 0.0632 0.0969 0.1095 0.3673 0.2332 0.1158 
  60 0.0048 0.0106 0.0284 0.0608 0.0960 0.4582 0.1633 0.1780 
  61 0.0046 0.0339 0.0116 0.0583 0.0772 0.2230 0.3827 0.2086 
  62 0.0298 0.0069 0.0172 0.1025 0.2058 0.1329 0.3431 0.1618 
  63 0.0045 0.0095 0.0206 0.1273 0.1551 0.2753 0.2343 0.1735 
  64 0.0092 0.0045 0.0347 0.0942 0.3276 0.1647 0.2589 0.1062 
  65 0.0073 0.0063 0.0167 0.2074 0.2291 0.0865 0.3535 0.0933 
  66 0.0054 0.0079 0.0160 0.1064 0.1231 0.1318 0.3284 0.2809 
  67 0.0071 0.0289 0.0117 0.0676 0.1285 0.2345 0.4108 0.1107 
  68 0.0085 0.0075 0.0620 0.0862 0.0965 0.4002 0.2055 0.1337 
  69 0.0203 0.0334 0.1852 0.1467 0.1264 0.1713 0.1506 0.1662 
  70 0.0043 0.0179 0.0412 0.1318 0.1274 0.4208 0.1197 0.1370 
  71 0.0072 0.0082 0.0519 0.0916 0.1065 0.3749 0.2785 0.0812 
  72 0.0067 0.0091 0.0254 0.0743 0.2703 0.3692 0.1488 0.0962 
  73 0.0071 0.0089 0.0195 0.0955 0.0965 0.2609 0.4156 0.0959 
  74 0.0048 0.0073 0.0529 0.0547 0.0961 0.5112 0.1368 0.1362 
  75 0.0055 0.0074 0.0313 0.0465 0.0795 0.5362 0.1346 0.1591 
  76 0.0061 0.0162 0.0155 0.1288 0.1805 0.2245 0.3006 0.1279 
  77 0.0058 0.0092 0.0612 0.1511 0.1149 0.3347 0.2388 0.0842 
  78 0.0065 0.0105 0.1721 0.1456 0.1154 0.2939 0.1676 0.0883 
  79 0.0054 0.0052 0.0237 0.1542 0.3020 0.0993 0.2774 0.1328 
  80 0.0057 0.0056 0.0163 0.1174 0.1131 0.1219 0.1442 0.4758 
  81 0.0057 0.0050 0.0188 0.1637 0.1385 0.0963 0.1634 0.4085 
  82 0.0053 0.0079 0.0173 0.0892 0.1251 0.1996 0.3595 0.1962 
  83 0.0049 0.0088 0.0397 0.1468 0.1879 0.1037 0.1793 0.3290 
  84 0.0050 0.0056 0.0222 0.1548 0.2235 0.0996 0.1921 0.2972 
  85 0.0050 0.0080 0.0433 0.0782 0.2274 0.1129 0.1856 0.3396 
  86 0.0096 0.0106 0.0168 0.0895 0.1636 0.1322 0.4539 0.1239 
  87 0.0060 0.0093 0.0414 0.2782 0.1599 0.1385 0.2194 0.1473 
  88 0.0053 0.0052 0.0176 0.1325 0.1290 0.1565 0.2522 0.3017 
  89 0.0060 0.0057 0.0168 0.1106 0.1278 0.1300 0.2252 0.3779 
  90 0.0050 0.0051 0.0202 0.2293 0.1673 0.0988 0.3201 0.1542 
  91 0.0050 0.0085 0.0419 0.0825 0.1465 0.1185 0.1458 0.4512 
  92 0.0054 0.0051 0.0188 0.1228 0.1892 0.1368 0.3305 0.1913 
  93 0.0049 0.0053 0.0135 0.0594 0.0970 0.1231 0.1182 0.5785 
  94 0.0048 0.0088 0.0671 0.4066 0.1569 0.1126 0.1151 0.1280 
  95 0.0050 0.0052 0.0174 0.2542 0.1157 0.1153 0.2370 0.2504 
  96 0.0049 0.0158 0.0127 0.0603 0.0802 0.2291 0.3273 0.2697 
  97 0.0057 0.0064 0.0433 0.0495 0.0917 0.4540 0.1773 0.1720 
  98 0.0043 0.0092 0.0152 0.0635 0.1606 0.3114 0.3095 0.1262 
  99 0.0050 0.0053 0.0203 0.1749 0.1935 0.0922 0.2322 0.2767 
 100 0.0060 0.0062 0.0124 0.0507 0.0818 0.1286 0.2251 0.4892 
 101 0.0067 0.0114 0.0405 0.1584 0.1430 0.1978 0.2565 0.1856 
 102 0.0069 0.0173 0.0339 0.1455 0.1172 0.1634 0.1600 0.3559 
 103 0.0064 0.0088 0.0139 0.1248 0.1220 0.0814 0.4043 0.2383 
 104 0.0056 0.0079 0.0142 0.3273 0.1365 0.0670 0.2832 0.1583 
 105 0.0082 0.0121 0.0126 0.2311 0.1052 0.0844 0.3311 0.2153 
 106 0.0052 0.0052 0.0271 0.3420 0.2330 0.0970 0.2153 0.0752 
 107 0.0064 0.0152 0.0139 0.2333 0.1243 0.0835 0.3095 0.2139 
 108 0.0044 0.0310 0.1726 0.0561 0.0995 0.0698 0.4462 0.1203 
 109 0.0196 0.0054 0.0377 0.3254 0.1411 0.1073 0.2825 0.0810 
 110 0.0055 0.0052 0.0259 0.4362 0.2031 0.1083 0.1309 0.0849 
 111 0.0070 0.0101 0.0141 0.4427 0.1039 0.0695 0.2343 0.1185 
 112 0.0086 0.0138 0.0209 0.5201 0.0990 0.1184 0.1297 0.0895 
 113 0.0060 0.0082 0.0302 0.0915 0.1546 0.1527 0.4029 0.1538 
 114 0.0055 0.0073 0.0132 0.3469 0.1148 0.0694 0.2518 0.1911 
 115 0.0067 0.0451 0.0174 0.2450 0.1414 0.1357 0.2809 0.1279 
 116 0.0073 0.0090 0.0436 0.2311 0.1517 0.1800 0.2987 0.0786 
 117 0.0081 0.0135 0.0229 0.4159 0.1665 0.1448 0.1302 0.0979 
 118 0.0059 0.0065 0.0185 0.1222 0.0927 0.0774 0.5668 0.1099 
 119 0.0045 0.0307 0.0319 0.0984 0.1142 0.2062 0.2345 0.2798 
 120 0.0067 0.0248 0.0166 0.2967 0.1338 0.0998 0.2681 0.1535 
 121 0.0148 0.1066 0.0214 0.2487 0.1361 0.1509 0.2289 0.0926 
 122 0.0053 0.0057 0.0212 0.3265 0.1971 0.1010 0.2395 0.1037 
 123 0.0054 0.0101 0.0275 0.3576 0.1401 0.0973 0.2199 0.1421 
 124 0.0111 0.0221 0.0233 0.2085 0.2041 0.1653 0.2704 0.0952 
 125 0.0071 0.0167 0.0400 0.2075 0.2231 0.2717 0.1367 0.0972 
 126 0.0042 0.0136 0.0280 0.2562 0.1535 0.1802 0.2264 0.1378 
 127 0.0059 0.0127 0.0132 0.4191 0.0939 0.0712 0.2609 0.1232 
 128 0.0053 0.0065 0.0119 0.0963 0.1028 0.0858 0.5841 0.1073 
 129 0.0081 0.0072 0.0135 0.1850 0.1161 0.0757 0.4956 0.0987 
 130 0.0079 0.0088 0.0141 0.3207 0.1233 0.0686 0.2557 0.2009 
 131 0.0101 0.0241 0.1256 0.2219 0.1672 0.1837 0.1836 0.0837 
 132 0.0065 0.0057 0.0209 0.2587 0.1826 0.0926 0.3496 0.0836 
 133 0.0084 0.0267 0.0191 0.2590 0.1383 0.0744 0.3317 0.1424 
 134 0.0049 0.0045 0.0173 0.5503 0.1382 0.0834 0.1353 0.0661 
 135 0.0072 0.0101 0.0191 0.0532 0.0764 0.2361 0.2043 0.3936 
 136 0.0075 0.0056 0.0142 0.0448 0.1173 0.1026 0.1154 0.5925 
 137 0.0055 0.0057 0.0145 0.0873 0.0822 0.1336 0.0972 0.5740 
 138 0.0052 0.0065 0.0194 0.0476 0.0863 0.1284 0.0994 0.6072 
 139 0.0055 0.0093 0.0165 0.0514 0.1095 0.1705 0.3434 0.2938 
 140 0.0054 0.0072 0.0202 0.0741 0.1145 0.2261 0.1957 0.3567 
 141 0.0071 0.0068 0.0205 0.0490 0.1609 0.1362 0.1374 0.4822 
 142 0.0061 0.0121 0.0173 0.0507 0.0768 0.2208 0.2323 0.3840 
 143 0.0044 0.0055 0.0126 0.0430 0.0718 0.1108 0.0941 0.6577 
 144 0.0054 0.0068 0.0139 0.0859 0.0754 0.1320 0.0995 0.5811 
 145 0.0084 0.0064 0.0192 0.0488 0.1611 0.1953 0.1581 0.4026 
 146 0.0082 0.0065 0.0205 0.0883 0.1443 0.1864 0.1579 0.3879 
 147 0.0054 0.0051 0.0134 0.0440 0.0773 0.0992 0.0863 0.6693 
 148 0.0059 0.0101 0.0135 0.0621 0.1407 0.1204 0.1955 0.4518 
 149 0.0076 0.0087 0.0190 0.0475 0.0861 0.2281 0.1322 0.4708 
 150 0.0063 0.0066 0.0137 0.1117 0.1034 0.1344 0.1532 0.4707 
 151 0.0052 0.0061 0.0129 0.0577 0.0885 0.1236 0.1268 0.5792 
 152 0.0063 0.0214 0.0282 0.0557 0.1463 0.1171 0.1797 0.4452 
 153 0.0052 0.0091 0.0185 0.0606 0.0974 0.2058 0.1089 0.4946 
 154 0.0099 0.0141 0.0146 0.0442 0.1138 0.1164 0.1582 0.5289 
 155 0.0049 0.0062 0.0122 0.0565 0.0850 0.0803 0.1204 0.6345 
 156 0.0048 0.0182 0.0119 0.0595 0.0737 0.1590 0.1642 0.5087 
 157 0.0047 0.0056 0.0162 0.1168 0.1138 0.0902 0.1112 0.5415 
 158 0.0086 0.0063 0.0220 0.0503 0.1550 0.1981 0.1292 0.4305 
 159 0.0065 0.0049 0.0136 0.0444 0.0770 0.0908 0.1003 0.6625 
 160 0.0079 0.0050 0.0136 0.0446 0.0771 0.0860 0.1140 0.6519 
 161 0.0050 0.0054 0.0185 0.0632 0.1139 0.2918 0.1241 0.3782 
 162 0.0106 0.0072 0.0194 0.0820 0.1478 0.1537 0.2054 0.3738 
 163 0.0047 0.0104 0.0123 0.0555 0.0761 0.1148 0.1086 0.6176 
 164 0.0102 0.0068 0.0163 0.0697 0.1128 0.0976 0.2444 0.4422 
 165 0.0061 0.0070 0.0141 0.1143 0.0899 0.1330 0.1309 0.5048 
 166 0.0060 0.0143 0.0428 0.0992 0.1232 0.1081 0.1602 0.4463 
 167 0.0180 0.0085 0.0165 0.0608 0.1411 0.0715 0.1344 0.5492 
 168 0.0055 0.0118 0.0484 0.0562 0.1098 0.1496 0.1149 0.5039 
 169 0.0097 0.0056 0.0624 0.0493 0.1537 0.2815 0.1171 0.3207 
 170 0.0048 0.0085 0.0133 0.0554 0.0844 0.2729 0.1584 0.4023 
 171 0.0054 0.0191 0.0331 0.0535 0.1422 0.1000 0.1918 0.4549 
 172 0.0062 0.0076 0.0379 0.0450 0.0803 0.4014 0.1182 0.3035 
 173 0.0063 0.0054 0.0124 0.0433 0.0781 0.0823 0.1408 0.6315 
 174 0.0053 0.0051 0.0130 0.0593 0.0965 0.0925 0.1190 0.6094 
 175 0.0059 0.0070 0.0127 0.0425 0.1157 0.1421 0.1014 0.5727 
 176 0.0054 0.0066 0.0140 0.0859 0.0752 0.1298 0.1002 0.5829 
 177 0.0056 0.0062 0.0255 0.1271 0.1400 0.1386 0.1233 0.4336 
 178 0.0060 0.0057 0.0130 0.0572 0.1614 0.0829 0.1322 0.5417 
 179 0.0050 0.0053 0.0126 0.0433 0.0804 0.0784 0.1047 0.6703 
 180 0.0101 0.0068 0.0216 0.0671 0.1197 0.2102 0.1363 0.4282 
 181 0.0074 0.0064 0.0180 0.0479 0.0964 0.2210 0.1705 0.4325 
 182 0.0071 0.0087 0.0130 0.0440 0.0715 0.1134 0.1701 0.5721 
 183 0.0054 0.0056 0.0124 0.0435 0.0818 0.1023 0.1114 0.6376 
 184 0.0075 0.0053 0.0168 0.0600 0.1664 0.0865 0.5350 0.1225 
 185 0.0045 0.0362 0.0119 0.0411 0.0625 0.1620 0.1181 0.5637 
 186 0.0060 0.0059 0.0123 0.0845 0.1838 0.0946 0.4982 0.1147 
 187 0.0047 0.0063 0.0142 0.0598 0.1128 0.0872 0.3650 0.3500 
 188 0.0070 0.0058 0.0109 0.0649 0.1519 0.0772 0.5903 0.0920 
 189 0.0051 0.0095 0.0535 0.0597 0.2150 0.1626 0.1815 0.3131 
 190 0.0048 0.0280 0.0110 0.0426 0.0607 0.2015 0.3279 0.3236 
 191 0.0053 0.0056 0.0119 0.0488 0.1050 0.0721 0.5607 0.1906 
 192 0.0047 0.0053 0.0132 0.0751 0.1429 0.0973 0.3479 0.3135 
 193 0.0052 0.0066 0.0150 0.0573 0.1430 0.1336 0.3566 0.2827 
 194 0.0053 0.0127 0.0138 0.0680 0.1165 0.1636 0.3459 0.2741 
 195 0.0053 0.0139 0.0112 0.0411 0.0711 0.1439 0.3105 0.4029 
 196 0.0044 0.0104 0.0146 0.0561 0.0813 0.1329 0.4166 0.2836 
 197 0.0068 0.0076 0.0137 0.0907 0.2223 0.1264 0.2859 0.2466 
 198 0.0045 0.0089 0.0188 0.0757 0.1972 0.1499 0.3148 0.2302 
 199 0.0052 0.0093 0.0181 0.0570 0.0778 0.2928 0.3391 0.2007 
 200 0.0052 0.0124 0.0263 0.0554 0.1383 0.1190 0.3776 0.2658 
 201 0.0046 0.0088 0.0112 0.0464 0.0889 0.0958 0.2572 0.4871 
 202 0.0045 0.0111 0.0112 0.0556 0.0699 0.2335 0.2007 0.4134 
 203 0.0055 0.0065 0.0113 0.0458 0.0776 0.0797 0.3074 0.4663 
 204 0.0057 0.0106 0.0110 0.0436 0.0701 0.1258 0.4820 0.2512 
 205 0.0050 0.0089 0.0187 0.0529 0.0923 0.1151 0.5002 0.2069 
 206 0.0058 0.0092 0.0110 0.0438 0.0833 0.0982 0.4901 0.2586 
 207 0.0047 0.0071 0.0105 0.0540 0.0772 0.1384 0.5597 0.1485 
 208 0.0048 0.0098 0.0112 0.0473 0.0807 0.0847 0.4151 0.3465 
 209 0.0049 0.0069 0.0121 0.0517 0.1140 0.1075 0.4675 0.2353 
 210 0.0048 0.0075 0.0110 0.0523 0.0892 0.0925 0.4730 0.2696 
 211 0.0066 0.0112 0.0113 0.0688 0.0752 0.1502 0.4218 0.2549 
 212 0.0045 0.0113 0.0124 0.0423 0.1035 0.1866 0.1759 0.4634 
 213 0.0047 0.0111 0.0169 0.0877 0.1009 0.2647 0.3493 0.1647 
 214 0.0049 0.0070 0.0110 0.0469 0.0866 0.1226 0.2324 0.4886 
 215 0.0050 0.0065 0.0172 0.0559 0.0875 0.0715 0.5887 0.1678 
 216 0.0079 0.0061 0.0161 0.0652 0.2084 0.1159 0.4245 0.1559 
 217 0.0047 0.0071 0.0164 0.0467 0.0910 0.1323 0.2652 0.4366 
 218 0.0051 0.0057 0.0168 0.0614 0.0986 0.0872 0.4928 0.2324 
 219 0.0093 0.0063 0.0257 0.0590 0.1961 0.1142 0.2668 0.3226 
 220 0.0052 0.0064 0.0111 0.0477 0.0795 0.0755 0.5850 0.1896 
 221 0.0047 0.0111 0.0111 0.0400 0.0670 0.2789 0.1399 0.4473 
 222 0.0075 0.0064 0.0158 0.0667 0.2476 0.1301 0.3081 0.2178 
 223 0.0046 0.0066 0.0176 0.0630 0.1343 0.1055 0.2644 0.4042 
 224 0.0060 0.0081 0.0110 0.0457 0.0862 0.0950 0.3548 0.3932 
 225 0.0051 0.0102 0.0134 0.0516 0.0905 0.1334 0.4446 0.2513 
 226 0.0065 0.0069 0.1069 0.0629 0.1354 0.1034 0.3330 0.2450 
 227 0.0048 0.0126 0.0113 0.0575 0.0715 0.2162 0.3383 0.2879 
 228 0.0059 0.0433 0.0115 0.0409 0.0641 0.1776 0.2874 0.3693 
 229 0.0058 0.0054 0.0113 0.0509 0.0934 0.0887 0.3445 0.4002 
 230 0.0058 0.0055 0.0112 0.0488 0.0833 0.0888 0.4237 0.3329 
 231 0.0055 0.0061 0.0119 0.0471 0.1227 0.0886 0.3482 0.3699 
 232 0.0057 0.0078 0.0197 0.0757 0.1046 0.2934 0.2611 0.2318 
 233 0.0049 0.0067 0.0111 0.0470 0.0886 0.0878 0.2162 0.5377 
 234 0.0043 0.0063 0.0139 0.0647 0.1852 0.0896 0.3534 0.2826 
 235 0.0051 0.0063 0.0209 0.0560 0.1137 0.1458 0.3082 0.3440 
 236 0.0049 0.0061 0.0141 0.0553 0.1156 0.0938 0.2940 0.4164 
 237 0.0053 0.0102 0.0117 0.0493 0.0843 0.1315 0.5407 0.1669 
 238 0.0045 0.0070 0.0111 0.0601 0.1059 0.1326 0.2295 0.4493 
 239 0.0053 0.0142 0.0113 0.0412 0.0712 0.1436 0.3103 0.4029 
 240 0.0044 0.0071 0.0109 0.0597 0.1058 0.1340 0.2279 0.4501 
 241 0.0058 0.0079 0.0143 0.0475 0.0830 0.1804 0.2149 0.4462 
 242 0.0062 0.0097 0.0271 0.0539 0.1540 0.1261 0.3445 0.2785 
 243 0.0048 0.0134 0.0111 0.0457 0.0697 0.1253 0.4283 0.3016 
 244 0.0057 0.0066 0.0110 0.0462 0.0816 0.0897 0.3490 0.4102 
 245 0.0043 0.0108 0.0112 0.0518 0.0833 0.1457 0.1575 0.5354 
 246 0.0047 0.0070 0.0163 0.0468 0.0908 0.1300 0.2672 0.4372 
 247 0.0042 0.0065 0.0218 0.1283 0.1589 0.1299 0.4470 0.1034 
 248 0.0047 0.0068 0.0126 0.0591 0.0917 0.0833 0.6231 0.1187 
 249 0.0054 0.0061 0.0113 0.0524 0.0895 0.1243 0.3142 0.3968 
 250 0.0052 0.0053 0.0136 0.0583 0.1154 0.0923 0.3748 0.3351 
 251 0.0055 0.0075 0.0446 0.0702 0.1968 0.0936 0.3751 0.2067 
 252 0.0051 0.0106 0.0142 0.0539 0.1017 0.1489 0.3427 0.3229 
 253 0.0046 0.0078 0.0246 0.0842 0.1217 0.1966 0.4099 0.1505 
 254 0.0076 0.0078 0.0130 0.0589 0.1950 0.1097 0.3699 0.2380 
 255 0.0049 0.0061 0.0122 0.0557 0.1368 0.1150 0.3735 0.2958 
 256 0.0051 0.0077 0.0134 0.0509 0.0958 0.1600 0.3180 0.3491 
 257 0.0091 0.0084 0.0148 0.0617 0.1023 0.1049 0.4399 0.2589 
 258 0.0043 0.0150 0.0147 0.0639 0.1197 0.1149 0.4600 0.2075 
 259 0.0055 0.0065 0.0136 0.0542 0.1040 0.0993 0.4850 0.2319 
 260 0.0069 0.0062 0.0135 0.0621 0.2194 0.1020 0.2294 0.3605 
 261 0.0048 0.0135 0.0146 0.0497 0.0974 0.1570 0.2650 0.3980 
 262 0.0050 0.0128 0.0160 0.0408 0.0680 0.2045 0.2556 0.3973 
 263 0.0089 0.0075 0.0109 0.0499 0.1215 0.0890 0.5566 0.1556 
 264 0.0095 0.0057 0.0158 0.0629 0.3505 0.0970 0.3637 0.0950 
 265 0.0048 0.0062 0.0200 0.0562 0.1197 0.0896 0.3994 0.3041 
 266 0.0048 0.0111 0.0110 0.0409 0.0676 0.1837 0.1623 0.5186 
 267 0.0047 0.0072 0.0118 0.0593 0.1193 0.1498 0.3592 0.2886 
 268 0.0044 0.0106 0.0145 0.0559 0.0825 0.1333 0.4177 0.2810 
 269 0.0052 0.0067 0.0341 0.0590 0.2280 0.0904 0.2565 0.3202 
 270 0.0080 0.0065 0.0129 0.0673 0.1793 0.1022 0.4573 0.1665 
 271 0.0050 0.0079 0.0171 0.0641 0.1046 0.0901 0.5109 0.2003 
 272 0.0063 0.0085 0.1023 0.0655 0.1092 0.0965 0.4038 0.2079 
 273 0.0285 0.0296 0.0314 0.0874 0.1616 0.1107 0.2656 0.2852 
 274 0.0052 0.0055 0.0254 0.0622 0.1302 0.0957 0.4443 0.2314 
 275 0.0097 0.0106 0.0367 0.0566 0.1336 0.0950 0.3928 0.2651 
 276 0.0064 0.0081 0.0718 0.0700 0.0996 0.1791 0.4080 0.1571 
 277 0.0050 0.0064 0.0170 0.0613 0.1445 0.1182 0.2937 0.3539 
 278 0.0046 0.0081 0.0172 0.0534 0.0862 0.0758 0.5521 0.2028 
 279 0.0053 0.0063 0.0167 0.0590 0.1266 0.1103 0.3883 0.2875 
 280 0.0051 0.0069 0.0304 0.0572 0.1439 0.1758 0.3461 0.2348 
 281 0.0053 0.0068 0.0162 0.0724 0.1177 0.1017 0.4482 0.2317 
 282 0.0045 0.0058 0.0145 0.0576 0.1337 0.0904 0.2187 0.4748 
 283 0.0047 0.0057 0.0110 0.0554 0.0930 0.1036 0.2238 0.5028 
 284 0.0046 0.0067 0.0142 0.0747 0.1272 0.0991 0.3456 0.3279 
 285 0.0047 0.0072 0.0187 0.0618 0.1029 0.1156 0.6029 0.0861 
 286 0.0055 0.0064 0.0112 0.0456 0.0818 0.0895 0.3492 0.4107 
 287 0.0049 0.0054 0.0255 0.0760 0.1432 0.1081 0.3450 0.2919 
 288 0.0065 0.0068 0.0703 0.0600 0.1130 0.0842 0.4561 0.2031 
 289 0.0072 0.0181 0.0404 0.0781 0.1240 0.0815 0.4773 0.1732 
 290 0.0090 0.0082 0.0149 0.0561 0.1750 0.2385 0.3336 0.1646 
 291 0.0050 0.0078 0.0172 0.0637 0.1049 0.0905 0.5094 0.2015 
 292 0.0050 0.0104 0.0316 0.0524 0.1132 0.2710 0.2683 0.2480 
 293 0.0062 0.0109 0.0156 0.0609 0.2425 0.2110 0.3192 0.1336 
 294 0.0099 0.0084 0.0139 0.0502 0.1159 0.1255 0.5450 0.1313 
 295 0.0067 0.0105 0.0526 0.0733 0.1151 0.1751 0.3782 0.1885 
 296 0.0050 0.0065 0.0160 0.0614 0.0820 0.0805 0.5486 0.1999 
 297 0.0053 0.0053 0.0286 0.0615 0.1543 0.1685 0.4018 0.1746 
 298 0.0049 0.0050 0.0138 0.0635 0.1381 0.0929 0.2857 0.3961 
 299 0.0100 0.0060 0.0111 0.0545 0.1529 0.0997 0.4870 0.1789 
 300 0.0054 0.0060 0.0154 0.0514 0.0927 0.1424 0.5674 0.1194 
 301 0.0081 0.0055 0.0190 0.0582 0.1954 0.0957 0.4533 0.1648 
 302 0.0104 0.0116 0.0151 0.0500 0.1118 0.1280 0.5254 0.1475 
 303 0.0057 0.0066 0.0158 0.0517 0.1072 0.1745 0.2990 0.3395 
 304 0.0072 0.0055 0.0118 0.0838 0.2304 0.1174 0.1550 0.3889 
 305 0.0062 0.0090 0.0161 0.0421 0.0757 0.1371 0.3858 0.3281 
 306 0.0050 0.0060 0.0209 0.0519 0.1084 0.1559 0.2363 0.4155 
 307 0.0061 0.0068 0.0168 0.0606 0.1283 0.1177 0.3643 0.2995 
 308 0.0047 0.0131 0.0146 0.0493 0.0978 0.1571 0.2645 0.3989 
 309 0.0192 0.0415 0.0222 0.0721 0.0960 0.0784 0.4925 0.1781 
 310 0.0048 0.0092 0.0110 0.0452 0.0800 0.1324 0.3562 0.3612 
 311 0.0058 0.0055 0.0109 0.0491 0.0835 0.0882 0.4238 0.3333 
 312 0.0047 0.0076 0.0109 0.0554 0.0781 0.0793 0.5762 0.1878 
 313 0.0050 0.0180 0.0127 0.0489 0.0742 0.1132 0.6105 0.1176 
 314 0.0050 0.0107 0.0160 0.0428 0.0702 0.1371 0.0935 0.6246 
 315 0.0045 0.0176 0.0277 0.0492 0.0933 0.1205 0.0981 0.5892 
 316 0.0075 0.0148 0.0449 0.0549 0.1111 0.0888 0.0971 0.5809 
 317 0.0051 0.0063 0.0169 0.0443 0.0746 0.0929 0.0865 0.6733 
 318 0.0054 0.0052 0.0178 0.0443 0.0807 0.0730 0.0821 0.6915 
 319 0.0053 0.0057 0.0127 0.0428 0.0709 0.1009 0.0954 0.6663 
 320 0.0051 0.0114 0.0158 0.0424 0.0703 0.1342 0.0948 0.6260 
 321 0.0056 0.0054 0.0178 0.0445 0.0810 0.0943 0.0845 0.6667 
 322 0.0070 0.0206 0.0418 0.0538 0.0991 0.1201 0.1041 0.5535 
 323 0.0116 0.0059 0.0139 0.0440 0.0793 0.0781 0.0873 0.6799 
 324 0.0053 0.0054 0.0171 0.0451 0.0806 0.0931 0.0846 0.6688 
 325 0.0052 0.0099 0.0451 0.0519 0.1050 0.0791 0.0912 0.6127 
 326 0.0146 0.0182 0.0738 0.0547 0.1011 0.0847 0.0914 0.5615 
 327 0.0053 0.0062 0.0172 0.0439 0.0739 0.0925 0.0868 0.6744 
 328 0.0048 0.0093 0.0302 0.0518 0.1009 0.1145 0.1028 0.5857 
 329 0.0048 0.0049 0.0130 0.0434 0.0774 0.0838 0.0821 0.6906 
 330 0.0051 0.0064 0.0165 0.0440 0.0736 0.0940 0.0864 0.6740 
 331 0.0050 0.0047 0.0133 0.0436 0.0768 0.0784 0.0876 0.6907 
 332 0.0186 0.0121 0.0568 0.0538 0.1077 0.0817 0.0896 0.5797 
 333 0.0123 0.0171 0.0474 0.0546 0.0982 0.0908 0.1001 0.5795 
 334 0.0052 0.0096 0.0306 0.0508 0.1010 0.1137 0.1035 0.5856 
 335 0.0049 0.0115 0.0286 0.0509 0.0920 0.1114 0.0970 0.6038 
 336 0.0173 0.0111 0.0192 0.0449 0.0787 0.1071 0.0877 0.6340 
 337 0.0052 0.0107 0.0455 0.0526 0.1050 0.1042 0.0941 0.5826 
 338 0.0066 0.0052 0.0188 0.0449 0.0818 0.0757 0.0825 0.6844 
 339 0.0050 0.0049 0.0132 0.0437 0.0763 0.0778 0.0882 0.6909 
 340 0.0048 0.0053 0.0126 0.0434 0.0710 0.0767 0.0902 0.6960 
 341 0.0162 0.0078 0.0188 0.0470 0.0788 0.0862 0.0918 0.6535 
 342 0.0054 0.0060 0.0170 0.0439 0.0738 0.0923 0.0869 0.6748 
 343 0.0102 0.0275 0.0290 0.0499 0.0940 0.1652 0.0975 0.5267 
 344 0.0051 0.0048 0.0133 0.0437 0.0765 0.0773 0.0814 0.6979 
 345 0.0052 0.0061 0.0168 0.0438 0.0739 0.0922 0.0866 0.6755 
 346 0.0053 0.0058 0.0166 0.0440 0.0737 0.0731 0.0836 0.6979 
 347 0.0049 0.0055 0.0128 0.0426 0.0717 0.0755 0.0830 0.7040 
 348 0.0044 0.0245 0.0252 0.0480 0.0838 0.1627 0.1040 0.5473 
 349 0.0052 0.0063 0.0166 0.0443 0.0742 0.0928 0.0863 0.6742 
 350 0.0049 0.0078 0.0123 0.0420 0.0723 0.1129 0.0990 0.6487 
 351 0.0047 0.0117 0.0286 0.0504 0.0919 0.1104 0.0971 0.6053 
 352 0.0051 0.0126 0.0420 0.0519 0.0938 0.1035 0.0965 0.5945 
 353 0.0163 0.0115 0.0187 0.0447 0.0790 0.1067 0.0886 0.6345 
 354 0.0067 0.0063 0.0143 0.0447 0.0801 0.0806 0.0846 0.6826 
 355 0.0055 0.0052 0.0173 0.0448 0.0804 0.0737 0.0814 0.6918 
 356 0.0043 0.0228 0.0246 0.0472 0.0831 0.1922 0.1040 0.5217 
 357 0.0047 0.0106 0.0494 0.0567 0.2430 0.0839 0.1160 0.4356 
 358 0.0060 0.0088 0.0327 0.0525 0.1036 0.0860 0.0913 0.6191 
 359 0.0060 0.0047 0.0137 0.0443 0.0776 0.0806 0.0881 0.6851 
 360 0.0051 0.0056 0.0168 0.0439 0.0741 0.0734 0.0834 0.6977 
 361 0.0048 0.0112 0.0495 0.0573 0.2424 0.1202 0.1232 0.3914 
 362 0.0063 0.0061 0.0661 0.1138 0.2513 0.1255 0.2928 0.1380 
 363 0.0065 0.0094 0.0318 0.1466 0.3521 0.1176 0.2377 0.0983 
 364 0.0163 0.0092 0.0216 0.0764 0.2571 0.1549 0.1847 0.2797 
 365 0.0179 0.0085 0.0495 0.0904 0.3754 0.1687 0.1767 0.1128 
 366 0.0065 0.0263 0.0366 0.0582 0.2608 0.2062 0.2337 0.1717 
 367 0.0048 0.0049 0.0433 0.4261 0.2242 0.0898 0.1262 0.0806 
 368 0.0052 0.0049 0.0196 0.1154 0.1946 0.1006 0.4275 0.1322 
 369 0.0082 0.0189 0.0197 0.0611 0.2210 0.3028 0.1680 0.2004 
 370 0.0136 0.0159 0.0243 0.1667 0.1748 0.1082 0.3506 0.1459 
 371 0.0123 0.0121 0.0185 0.0693 0.3062 0.1424 0.2681 0.1711 
 372 0.0478 0.0229 0.0290 0.1117 0.1174 0.1077 0.4054 0.1581 
 373 0.0060 0.0057 0.0193 0.2292 0.2212 0.1678 0.1730 0.1779 
 374 0.0082 0.0106 0.0442 0.1100 0.2506 0.1337 0.1685 0.2743 
 375 0.0156 0.0080 0.0220 0.1344 0.4133 0.1024 0.2078 0.0966 
 376 0.0855 0.0063 0.0347 0.1125 0.4536 0.1121 0.1055 0.0898 
 377 0.0075 0.0084 0.0556 0.0799 0.2140 0.1013 0.3906 0.1428 
 378 0.0056 0.0076 0.0181 0.3452 0.1081 0.0895 0.1568 0.2691 
 379 0.1600 0.0101 0.0338 0.1345 0.3568 0.1048 0.1208 0.0792 
 380 0.0105 0.0096 0.0890 0.0521 0.1708 0.3591 0.1391 0.1698 
 381 0.0099 0.0115 0.0209 0.0481 0.3312 0.3275 0.1080 0.1429 
 382 0.0048 0.0053 0.0205 0.1123 0.5157 0.0724 0.1550 0.1139 
 383 0.0227 0.0095 0.1679 0.0538 0.2165 0.1415 0.1658 0.2222 
 384 0.0664 0.0153 0.0323 0.1094 0.3358 0.1286 0.1304 0.1817 
 385 0.0470 0.0061 0.0190 0.1700 0.2141 0.1025 0.1878 0.2535 
 386 0.0042 0.0056 0.0319 0.1538 0.4195 0.1092 0.1745 0.1013 
 387 0.0048 0.0063 0.0249 0.1535 0.4025 0.1241 0.1605 0.1234 
 388 0.0191 0.0088 0.0283 0.1205 0.2509 0.1119 0.1913 0.2691 
 389 0.0123 0.0172 0.0189 0.0723 0.1148 0.1218 0.5241 0.1186 
 390 0.0168 0.0422 0.0615 0.2387 0.1927 0.2200 0.1391 0.0890 
 391 0.0184 0.0168 0.0320 0.1975 0.1416 0.2113 0.2389 0.1435 
 392 0.0081 0.0063 0.0243 0.1284 0.3228 0.1471 0.1786 0.1845 
 393 0.0087 0.0224 0.0902 0.0757 0.1616 0.3923 0.1067 0.1424 
 394 0.0050 0.0079 0.0472 0.1746 0.1899 0.0937 0.1743 0.3074 
 395 0.0041 0.0082 0.0701 0.1173 0.1492 0.2078 0.3317 0.1116 
 396 0.0056 0.0045 0.0157 0.1458 0.4075 0.0990 0.2381 0.0838 
 397 0.0755 0.0071 0.0141 0.0590 0.2259 0.1339 0.2653 0.2193 
 398 0.0353 0.0051 0.1253 0.2382 0.2115 0.1610 0.1342 0.0894 
 399 0.0052 0.0076 0.0459 0.3762 0.1402 0.1283 0.1844 0.1122 
 400 0.0064 0.0057 0.0204 0.1813 0.3833 0.1623 0.1090 0.1317 
 401 0.0046 0.0085 0.0208 0.3075 0.1365 0.2001 0.1814 0.1406 
 402 0.0064 0.0244 0.0179 0.1386 0.2193 0.2244 0.2241 0.1449 
 403 0.0069 0.0069 0.0269 0.1151 0.1401 0.1646 0.1734 0.3662 
 404 0.0096 0.0047 0.0163 0.1023 0.2987 0.1659 0.2530 0.1496 
 405 0.0047 0.0082 0.0495 0.0826 0.2801 0.1674 0.2580 0.1496 
 406 0.0042 0.0124 0.2517 0.0546 0.1080 0.2262 0.1682 0.1746 
 407 0.0043 0.0046 0.0966 0.0911 0.3966 0.1715 0.1522 0.0830 
 408 0.0040 0.0106 0.0146 0.2507 0.1158 0.1480 0.3781 0.0782 
 409 0.0097 0.0121 0.0412 0.0676 0.0990 0.4990 0.1071 0.1642 
 410 0.0687 0.0145 0.0407 0.1930 0.2293 0.1703 0.1396 0.1439 
 411 0.0147 0.0303 0.0183 0.0892 0.3973 0.1402 0.1220 0.1880 
 412 0.0050 0.0055 0.0202 0.1288 0.2914 0.0921 0.3359 0.1211 
 413 0.0049 0.0057 0.0194 0.1530 0.2217 0.0841 0.2663 0.2448 
 414 0.0051 0.0052 0.0143 0.1797 0.3038 0.0774 0.3256 0.0889 
 415 0.0056 0.0089 0.0401 0.1167 0.3650 0.1849 0.1736 0.1052 
 416 0.0073 0.0082 0.0205 0.1963 0.2031 0.3076 0.1332 0.1239 
 417 0.0058 0.0085 0.1625 0.1326 0.3142 0.1280 0.1503 0.0981 
 418 0.0070 0.0043 0.0184 0.2784 0.3053 0.0935 0.1953 0.0978 
 419 0.0130 0.0104 0.0291 0.1219 0.1924 0.2597 0.1639 0.2094 
 420 0.0041 0.0102 0.0185 0.2759 0.1396 0.2789 0.1820 0.0907 
 421 0.0064 0.0074 0.0627 0.1781 0.2216 0.1644 0.2578 0.1015 
 422 0.0060 0.0060 0.0712 0.0709 0.1270 0.2653 0.3450 0.1086 
 423 0.0083 0.0073 0.0413 0.1083 0.3476 0.1003 0.2405 0.1464 
 424 0.0074 0.0457 0.0650 0.2708 0.1598 0.1391 0.1713 0.1409 
 425 0.0302 0.0100 0.0252 0.1005 0.3174 0.1403 0.2012 0.1750 
 426 0.0341 0.0164 0.0641 0.2525 0.1940 0.1003 0.1632 0.1753 
 427 0.0052 0.0069 0.1392 0.1868 0.2406 0.1353 0.1003 0.1859 
 428 0.0176 0.0119 0.1514 0.0732 0.1276 0.2405 0.1773 0.2003 
 429 0.0057 0.0048 0.0307 0.2028 0.4622 0.0857 0.1274 0.0806 
 430 0.0055 0.0067 0.1351 0.1031 0.2189 0.2566 0.1796 0.0945 
 431 0.0120 0.0057 0.0365 0.2224 0.1812 0.0887 0.2797 0.1738 
 432 0.0049 0.0051 0.0194 0.1343 0.2014 0.1161 0.3778 0.1409 
 433 0.0080 0.0094 0.0159 0.0830 0.1407 0.1101 0.2956 0.3372 
 434 0.0056 0.0067 0.0186 0.0679 0.2867 0.2108 0.2383 0.1656 
 435 0.0045 0.0058 0.2754 0.1269 0.2156 0.1286 0.1562 0.0870 
 436 0.0074 0.0110 0.2690 0.1875 0.1897 0.1421 0.0764 0.1168 
 437 0.0069 0.0058 0.0337 0.0685 0.5444 0.0832 0.1595 0.0981 
 438 0.0049 0.0118 0.1973 0.1283 0.1080 0.3291 0.1074 0.1132 
 439 0.0051 0.0054 0.2466 0.1419 0.1765 0.2285 0.0904 0.1056 
 440 0.0041 0.0072 0.2894 0.1712 0.2546 0.0881 0.1117 0.0737 
 441 0.0052 0.0077 0.0739 0.1105 0.2594 0.2645 0.1290 0.1499 
 442 0.0071 0.0062 0.0206 0.1576 0.3593 0.1680 0.1911 0.0900 
 443 0.0046 0.0206 0.0521 0.3538 0.1390 0.1999 0.1480 0.0821 
 444 0.0070 0.0084 0.0397 0.1405 0.3758 0.1606 0.1776 0.0904 
 445 0.0403 0.0069 0.0355 0.0655 0.1283 0.5025 0.1024 0.1186 
 446 0.0410 0.0052 0.1367 0.3003 0.1610 0.1814 0.0824 0.0921 
 447 0.0070 0.0115 0.2059 0.1126 0.1495 0.2468 0.1303 0.1364 
 448 0.0050 0.0061 0.0698 0.1118 0.3570 0.1647 0.1847 0.1010 
 449 0.0050 0.0063 0.0646 0.0954 0.3245 0.2048 0.1606 0.1387 
 450 0.0082 0.0043 0.0209 0.1198 0.4010 0.2013 0.0998 0.1447 
 451 0.0049 0.0075 0.0367 0.2448 0.2266 0.0749 0.3271 0.0776 
 452 0.0056 0.0044 0.0403 0.1592 0.3905 0.1617 0.0984 0.1399 
 453 0.0043 0.0182 0.0246 0.1091 0.1051 0.4533 0.1832 0.1023 
 454 0.0051 0.0072 0.0855 0.1133 0.3764 0.1181 0.1344 0.1599 
 455 0.0044 0.0116 0.2766 0.1309 0.1665 0.2239 0.1035 0.0826 
 456 0.0059 0.0175 0.0774 0.1444 0.2953 0.1901 0.1850 0.0843 
 457 0.0058 0.0055 0.0741 0.0741 0.4706 0.1270 0.1399 0.1030 
 458 0.0441 0.0051 0.0751 0.1595 0.2060 0.3058 0.1016 0.1028 
 459 0.0048 0.0065 0.0863 0.2377 0.1897 0.2455 0.0866 0.1430 
 460 0.0045 0.0064 0.0732 0.3623 0.2085 0.1591 0.0964 0.0895 
 461 0.0063 0.0043 0.0219 0.4453 0.2318 0.1099 0.0885 0.0921 
 462 0.0115 0.0108 0.0327 0.1739 0.2652 0.2186 0.2195 0.0678 
 463 0.0042 0.0355 0.2131 0.0696 0.1085 0.2957 0.1663 0.1070 
 464 0.0042 0.0117 0.0787 0.3265 0.1809 0.1828 0.1305 0.0848 
 465 0.0066 0.0064 0.0373 0.2660 0.1879 0.2285 0.1696 0.0977 
 466 0.0041 0.0153 0.0745 0.1959 0.1783 0.2499 0.1961 0.0860 
 467 0.0053 0.0099 0.0434 0.1348 0.1956 0.3228 0.1736 0.1145 
 468 0.0058 0.0149 0.2784 0.0622 0.2670 0.1473 0.1410 0.0834 
 469 0.0046 0.0055 0.4422 0.0862 0.1314 0.1557 0.0871 0.0872 
 470 0.0045 0.0053 0.3477 0.1866 0.1527 0.1045 0.1112 0.0875 
 471 0.0063 0.0233 0.0258 0.1794 0.2304 0.2407 0.1964 0.0977 
 472 0.0060 0.0080 0.0237 0.1102 0.2464 0.3172 0.1995 0.0889 
 473 0.0051 0.0073 0.0762 0.0781 0.3029 0.1529 0.2385 0.1391 
 474 0.0050 0.0073 0.0344 0.1482 0.3250 0.2493 0.1084 0.1225 
 475 0.0050 0.0060 0.0361 0.2297 0.1950 0.2387 0.1428 0.1466 
 476 0.0072 0.0111 0.0368 0.1351 0.4179 0.1996 0.0971 0.0952 
 477 0.0066 0.0101 0.0457 0.2635 0.1899 0.2076 0.1546 0.1220 
 478 0.0067 0.0069 0.0311 0.5524 0.1157 0.0893 0.1123 0.0856 
 479 0.0045 0.0060 0.1019 0.1486 0.4376 0.1095 0.1047 0.0871 
 480 0.0055 0.0056 0.0760 0.1012 0.5141 0.1030 0.0963 0.0983 
 481 0.0055 0.0048 0.0248 0.1005 0.2752 0.1719 0.3236 0.0937 
 482 0.0053 0.0046 0.0401 0.1835 0.4892 0.0948 0.0954 0.0871 
 483 0.0053 0.0060 0.2955 0.1570 0.1618 0.1759 0.0911 0.1075 
 484 0.0051 0.0106 0.2087 0.0888 0.1208 0.3128 0.1585 0.0947 
 485 0.0048 0.0060 0.4812 0.1262 0.1090 0.1003 0.0872 0.0854 
 486 0.0098 0.0153 0.0173 0.1258 0.1904 0.1200 0.3840 0.1373 
 487 0.0093 0.0071 0.0188 0.0842 0.2153 0.1467 0.2821 0.2366 
 488 0.0079 0.0078 0.0183 0.1524 0.1366 0.0942 0.3918 0.1908 
 489 0.0087 0.0149 0.0127 0.0540 0.2337 0.1905 0.2777 0.2078 
 490 0.0059 0.0136 0.0194 0.2288 0.2208 0.1277 0.2933 0.0904 
 491 0.0092 0.0081 0.0140 0.0660 0.1241 0.1553 0.4106 0.2127 
 492 0.0047 0.0116 0.0152 0.1923 0.1024 0.1963 0.1822 0.2953 
 493 0.0109 0.0133 0.0140 0.0750 0.1746 0.0761 0.4735 0.1625 
 494 0.0377 0.0062 0.0220 0.0918 0.1608 0.1849 0.3065 0.1900 
 495 0.0329 0.0143 0.0156 0.2673 0.1182 0.1637 0.1567 0.2314 
 496 0.0050 0.0124 0.0177 0.0710 0.1353 0.1934 0.2341 0.3312 
 497 0.0241 0.0175 0.0142 0.0673 0.1675 0.0883 0.3962 0.2248 
 498 0.0125 0.0183 0.0201 0.1336 0.2070 0.1727 0.3078 0.1280 
 499 0.0195 0.0104 0.0167 0.0603 0.1621 0.1256 0.2599 0.3455 
 500 0.0141 0.0072 0.0240 0.0639 0.2878 0.0924 0.3576 0.1531 
 501 0.0095 0.0047 0.0189 0.0993 0.2507 0.1704 0.1832 0.2634 
 502 0.0077 0.0045 0.0173 0.1894 0.1404 0.1778 0.1725 0.2905 
 503 0.0070 0.0051 0.0249 0.0832 0.3268 0.1477 0.2852 0.1202 
 504 0.0071 0.0086 0.0185 0.2202 0.1383 0.1706 0.3172 0.1195 
 505 0.0079 0.0069 0.0188 0.0762 0.1051 0.1860 0.4163 0.1827 
 506 0.0072 0.0060 0.0140 0.1997 0.1213 0.1688 0.2203 0.2627 
 507 0.0065 0.0134 0.0130 0.0450 0.0801 0.1880 0.1641 0.4899 
 508 0.0134 0.0137 0.0128 0.0543 0.0793 0.1550 0.2036 0.4678 
 509 0.0068 0.0084 0.0174 0.0718 0.1043 0.1638 0.3593 0.2682 
 510 0.0184 0.0065 0.0134 0.0760 0.2273 0.1320 0.1881 0.3383 
 511 0.0112 0.0072 0.0532 0.1754 0.2468 0.1803 0.1981 0.1278 
 512 0.0074 0.0048 0.0207 0.1550 0.4401 0.0968 0.1760 0.0992 
 513 0.0133 0.0622 0.0116 0.1636 0.0689 0.1038 0.4390 0.1376 
 514 0.0067 0.0069 0.0185 0.2625 0.1472 0.1165 0.2706 0.1710 
 515 0.0117 0.0146 0.0575 0.0845 0.2303 0.1573 0.1951 0.2491 
 516 0.0076 0.0086 0.0205 0.1404 0.1021 0.1635 0.4148 0.1424 
 517 0.0060 0.0138 0.0552 0.1158 0.1613 0.1867 0.2308 0.2303 
 518 0.0505 0.0065 0.0132 0.0626 0.2676 0.0840 0.2117 0.3040 
 519 0.0054 0.0066 0.0224 0.2909 0.1425 0.1699 0.2017 0.1606 
 520 0.0060 0.0215 0.1907 0.0516 0.0982 0.1740 0.1483 0.3096 
 521 0.0058 0.0082 0.0148 0.1143 0.1363 0.0975 0.2542 0.3688 
 522 0.0184 0.0816 0.0284 0.0806 0.3345 0.1207 0.1923 0.1435 
 523 0.0067 0.0658 0.0356 0.1018 0.1161 0.2278 0.1842 0.2620 
 524 0.0064 0.0128 0.2472 0.0799 0.1265 0.1069 0.2327 0.1877 
 525 0.0625 0.0106 0.0475 0.0605 0.1826 0.1750 0.1756 0.2858 
 526 0.0045 0.0151 0.2848 0.0496 0.0866 0.2444 0.1750 0.1400 
 527 0.0583 0.0053 0.0148 0.1479 0.3033 0.1063 0.2166 0.1476 
 528 0.0044 0.0079 0.0120 0.0614 0.1070 0.0948 0.2459 0.4666 
 529 0.0739 0.0071 0.0139 0.0861 0.1327 0.1111 0.3392 0.2360 
 530 0.0066 0.0106 0.0300 0.0798 0.3082 0.2129 0.1747 0.1773 
 531 0.0061 0.0093 0.0407 0.0836 0.1573 0.1932 0.1283 0.3817 
 532 0.0189 0.0076 0.0127 0.0752 0.1805 0.0893 0.2804 0.3354 
 533 0.0535 0.0110 0.0386 0.0694 0.2193 0.1334 0.3120 0.1629 
 534 0.0652 0.0261 0.0147 0.0891 0.0766 0.1237 0.3840 0.2205 
 535 0.0046 0.0140 0.0443 0.1386 0.1524 0.3147 0.1949 0.1365 
 536 0.0058 0.0064 0.0347 0.0809 0.1180 0.4049 0.1857 0.1636 
 537 0.0058 0.0119 0.0152 0.0693 0.1083 0.4408 0.1499 0.1988 
 538 0.0049 0.0108 0.0282 0.0645 0.1353 0.2527 0.2828 0.2208 
 539 0.0046 0.0072 0.0108 0.0484 0.0954 0.1820 0.1577 0.4939 
 540 0.0065 0.0143 0.0380 0.0598 0.1511 0.1832 0.2969 0.2501 
 541 0.0077 0.0157 0.0199 0.0883 0.1279 0.2394 0.1461 0.3549 
 542 0.0053 0.0071 0.0292 0.0571 0.1065 0.4530 0.2442 0.0976 
 543 0.0072 0.0998 0.0372 0.1444 0.1047 0.1730 0.1969 0.2368 
 544 0.0047 0.0169 0.0272 0.0646 0.1156 0.4464 0.1783 0.1462 
 545 0.0048 0.0208 0.1024 0.0871 0.1101 0.3697 0.2167 0.0885 
 546 0.0053 0.0078 0.0146 0.0587 0.1092 0.3607 0.2878 0.1558 
 547 0.0048 0.0413 0.0357 0.0746 0.0892 0.4544 0.1398 0.1603 
 548 0.0051 0.0054 0.0135 0.0588 0.1162 0.0915 0.3746 0.3349 
 549 0.0057 0.0076 0.0322 0.0560 0.0832 0.5245 0.0881 0.2027 
 550 0.0043 0.0281 0.1523 0.1419 0.1322 0.2807 0.1411 0.1194 
 551 0.0061 0.0066 0.0218 0.0713 0.1007 0.3672 0.1022 0.3241 
 552 0.0049 0.0080 0.0152 0.0516 0.1170 0.2948 0.2927 0.2158 
 553 0.0068 0.1503 0.0283 0.0890 0.0847 0.2466 0.1718 0.2225 
 554 0.0117 0.0146 0.0248 0.0838 0.2426 0.1762 0.2482 0.1980 
 555 0.0076 0.0165 0.0195 0.0768 0.1105 0.2356 0.1911 0.3423 
 556 0.0050 0.0078 0.0153 0.0652 0.1335 0.3142 0.2707 0.1883 
 557 0.0048 0.0118 0.1161 0.1374 0.1496 0.3000 0.1312 0.1491 
 558 0.0056 0.0046 0.0487 0.1980 0.4722 0.0964 0.0850 0.0896 
 559 0.0055 0.0146 0.0148 0.1304 0.1633 0.1197 0.4337 0.1181 
 560 0.0044 0.0051 0.0685 0.4157 0.1421 0.1351 0.1590 0.0701 
 561 0.0052 0.0058 0.0315 0.1524 0.2585 0.1772 0.2777 0.0917 
 562 0.0059 0.0118 0.0415 0.1881 0.2337 0.0973 0.3518 0.0699 
 563 0.0072 0.0066 0.0268 0.2922 0.1280 0.2471 0.1134 0.1787 
 564 0.0088 0.0140 0.0258 0.0676 0.1697 0.0908 0.4894 0.1339 
 565 0.0049 0.0045 0.1305 0.0754 0.3784 0.1827 0.1254 0.0982 
 566 0.0040 0.0063 0.0459 0.3925 0.2679 0.0728 0.1352 0.0754 
 567 0.0056 0.0079 0.0214 0.0714 0.1368 0.0804 0.5842 0.0923 
 568 0.0049 0.0069 0.0362 0.1623 0.1954 0.1633 0.3078 0.1232 
 569 0.0065 0.0564 0.0373 0.1005 0.3927 0.1142 0.1578 0.1347 
 570 0.0060 0.0059 0.0328 0.0945 0.5879 0.0628 0.1299 0.0802 
 571 0.0049 0.0076 0.0449 0.3503 0.1532 0.0776 0.2445 0.1171 
 572 0.0043 0.0698 0.0347 0.0549 0.1859 0.2566 0.1712 0.2226 
 573 0.0064 0.0189 0.1748 0.0623 0.1191 0.0755 0.4115 0.1316 
 574 0.0060 0.0097 0.0321 0.0585 0.4109 0.1321 0.1417 0.2090 
 575 0.0050 0.0050 0.0242 0.2235 0.1845 0.1886 0.1982 0.1709 
 576 0.0056 0.0059 0.0401 0.3362 0.2856 0.0728 0.1756 0.0782 
 577 0.0060 0.0063 0.0194 0.0698 0.4115 0.1539 0.1468 0.1861 
 578 0.0049 0.0087 0.0650 0.2246 0.2506 0.1144 0.2209 0.1109 
 579 0.0065 0.0066 0.0290 0.1112 0.3114 0.1493 0.2842 0.1019 
 580 0.0051 0.0051 0.0373 0.0787 0.4338 0.1434 0.1573 0.1393 
 581 0.0045 0.0055 0.0457 0.1274 0.4318 0.1187 0.1443 0.1220 
 582 0.0057 0.0137 0.0509 0.1938 0.3717 0.1437 0.1412 0.0793 
 583 0.0437 0.0100 0.0385 0.2616 0.2687 0.0749 0.1858 0.1169 
 584 0.0057 0.0052 0.0282 0.2431 0.3520 0.0778 0.1982 0.0898 
 585 0.0054 0.0070 0.0446 0.2334 0.2664 0.1556 0.1924 0.0951 
 586 0.0049 0.0091 0.0163 0.3526 0.1192 0.1384 0.2360 0.1234 
 587 0.0078 0.0102 0.0163 0.0838 0.3569 0.1178 0.3280 0.0792 
 588 0.0071 0.0170 0.0118 0.0490 0.0716 0.0976 0.6443 0.1015 
 589 0.0058 0.0240 0.1486 0.0967 0.3018 0.1268 0.2069 0.0894 
 590 0.0058 0.0069 0.0136 0.1995 0.1885 0.0800 0.4058 0.1000 
 591 0.0048 0.0054 0.0221 0.2368 0.2021 0.0932 0.3131 0.1225 
 592 0.0043 0.0092 0.0411 0.1777 0.1984 0.1441 0.3375 0.0878 
 593 0.0049 0.0084 0.0593 0.1436 0.2382 0.1315 0.2691 0.1451 
 594 0.0375 0.0137 0.0253 0.1496 0.2015 0.0905 0.2804 0.2016 
 595 0.0112 0.0046 0.0149 0.1178 0.4113 0.0858 0.2724 0.0819 
 596 0.0041 0.0210 0.1399 0.0726 0.1329 0.0813 0.4085 0.1398 
 597 0.0070 0.0389 0.0315 0.3137 0.1049 0.0789 0.1582 0.2668 
 598 0.0058 0.0056 0.0432 0.0870 0.6090 0.0678 0.0955 0.0862 
 599 0.0053 0.0091 0.0302 0.2398 0.2751 0.0974 0.2653 0.0778 
 600 0.0045 0.0086 0.0317 0.0722 0.3646 0.2145 0.1626 0.1413 
 601 0.0043 0.0086 0.0270 0.1801 0.3544 0.1659 0.1853 0.0744 
 602 0.0065 0.0053 0.0196 0.0916 0.1546 0.1326 0.3769 0.2129 
 603 0.0049 0.0062 0.0158 0.0831 0.1573 0.1093 0.4196 0.2038 
 604 0.0105 0.0057 0.0974 0.0727 0.2100 0.2279 0.2095 0.1664 
 605 0.0051 0.0066 0.0346 0.0973 0.2236 0.1618 0.3520 0.1190 
 606 0.0074 0.0079 0.0256 0.0863 0.1894 0.2045 0.2759 0.2029 
 607 0.0064 0.0055 0.0286 0.0743 0.2907 0.1017 0.1903 0.3025 
 608 0.0050 0.0062 0.0319 0.1490 0.1327 0.1486 0.1159 0.4107 
 609 0.0068 0.0067 0.0297 0.0884 0.3631 0.2179 0.1598 0.1275 
 610 0.0051 0.0080 0.2329 0.0678 0.1696 0.1906 0.2088 0.1172 
 611 0.0062 0.0079 0.0206 0.1148 0.1359 0.1669 0.3330 0.2148 
 612 0.0114 0.0094 0.1117 0.0710 0.3207 0.2546 0.1230 0.0982 
 613 0.0305 0.0190 0.0348 0.0772 0.3126 0.1457 0.2421 0.1381 
 614 0.0068 0.0048 0.0273 0.0598 0.5037 0.1202 0.1803 0.0971 
 615 0.0053 0.0046 0.0745 0.0625 0.2605 0.2524 0.1881 0.1521 
 616 0.0047 0.0056 0.0165 0.0817 0.3650 0.0883 0.2089 0.2294 
 617 0.0191 0.0159 0.0439 0.0935 0.3494 0.1118 0.2643 0.1020 
 618 0.0133 0.0081 0.1090 0.0650 0.1583 0.2293 0.1845 0.2325 
 619 0.0042 0.0179 0.0504 0.1163 0.2276 0.1247 0.2520 0.2070 
 620 0.0047 0.0096 0.0355 0.1662 0.1574 0.1201 0.4349 0.0715 
 621 0.0070 0.0049 0.0287 0.1955 0.3567 0.1022 0.1958 0.1093 
 622 0.0159 0.0158 0.0690 0.0676 0.2209 0.1374 0.3128 0.1606 
 623 0.0044 0.0077 0.0324 0.1132 0.2189 0.0986 0.4134 0.1114 
 624 0.0092 0.0053 0.0933 0.1107 0.1672 0.2233 0.1474 0.2436 
 625 0.0170 0.0081 0.0388 0.1168 0.2826 0.1576 0.1627 0.2164 
 626 0.0239 0.0124 0.0500 0.0475 0.0906 0.3963 0.1208 0.2585 
 627 0.0046 0.0090 0.0206 0.0915 0.2920 0.1403 0.3108 0.1312 
 628 0.0052 0.0072 0.0214 0.1471 0.2207 0.0837 0.3699 0.1448 
 629 0.0053 0.0046 0.0166 0.1249 0.2500 0.1479 0.2860 0.1647 
 630 0.0120 0.0083 0.0374 0.1238 0.2814 0.2239 0.1876 0.1256 
 631 0.0053 0.0053 0.0232 0.0787 0.3763 0.1285 0.2425 0.1402 
 632 0.0054 0.0056 0.0211 0.0612 0.1566 0.1821 0.3006 0.2674 
 633 0.0069 0.0055 0.0512 0.1197 0.3110 0.1465 0.1569 0.2023 
 634 0.0056 0.0227 0.0247 0.1050 0.2269 0.1275 0.2213 0.2663 
 635 0.0049 0.0072 0.0221 0.0590 0.1772 0.1710 0.1589 0.3997 
 636 0.0068 0.0050 0.0317 0.1119 0.2226 0.2000 0.1693 0.2527 
 637 0.0052 0.0086 0.0224 0.0793 0.1374 0.3935 0.2127 0.1408 
 638 0.0058 0.0053 0.0218 0.0904 0.2088 0.1244 0.3292 0.2143 
 639 0.0063 0.0054 0.0353 0.0615 0.3532 0.1428 0.2162 0.1793 
 640 0.0067 0.0052 0.0217 0.2680 0.2588 0.0921 0.1972 0.1503 
 641 0.0086 0.0052 0.0204 0.0705 0.3075 0.1043 0.3263 0.1572 
 642 0.0051 0.0071 0.0185 0.0630 0.1142 0.3368 0.1575 0.2977 
 643 0.0051 0.0057 0.0127 0.0770 0.1055 0.1723 0.1215 0.5002 
 644 0.0053 0.0090 0.0161 0.0969 0.0998 0.1522 0.1722 0.4485 
 645 0.0111 0.0064 0.1085 0.0461 0.0906 0.2057 0.1254 0.4063 
