   1 0.0554 0.0735 0.2619 0.1911 0.1841 0.2339 
   2 0.0127 0.0157 0.0453 0.0645 0.7058 0.1559 
   3 0.0583 0.0097 0.1639 0.3772 0.1981 0.1927 
   4 0.0329 0.0108 0.5218 0.0854 0.1745 0.1747 
   5 0.0144 0.0239 0.0480 0.0916 0.6346 0.1876 
   6 0.0139 0.0080 0.0590 0.5820 0.1622 0.1749 
   7 0.0115 0.0112 0.0583 0.1612 0.1271 0.6307 
   8 0.0284 0.0118 0.3186 0.2648 0.1421 0.2343 
   9 0.0260 0.0293 0.1011 0.2137 0.3766 0.2533 
  10 0.0129 0.0166 0.1758 0.2510 0.1932 0.3505 
  11 0.0123 0.0200 0.0569 0.1454 0.1126 0.6528 
  12 0.0162 0.0151 0.0721 0.1000 0.6064 0.1901 
  13 0.0191 0.0184 0.0935 0.1699 0.3677 0.3313 
  14 0.0585 0.0102 0.0941 0.1483 0.5268 0.1620 
  15 0.0257 0.0100 0.1836 0.1550 0.3865 0.2392 
  16 0.0266 0.0231 0.0892 0.3543 0.1566 0.3503 
  17 0.0311 0.0205 0.0778 0.2773 0.3826 0.2106 
  18 0.0249 0.0125 0.0867 0.3225 0.4149 0.1385 
  19 0.0136 0.0124 0.0749 0.3845 0.2608 0.2538 
  20 0.0268 0.0159 0.0911 0.1779 0.3177 0.3706 
  21 0.0382 0.0152 0.1594 0.1087 0.5092 0.1692 
  22 0.0209 0.0118 0.1048 0.4937 0.2085 0.1604 
  23 0.1045 0.0370 0.2293 0.1063 0.3478 0.1752 
  24 0.0293 0.0201 0.2102 0.2671 0.2460 0.2274 
  25 0.0183 0.0130 0.0438 0.2655 0.2355 0.4239 
  26 0.0204 0.0135 0.1240 0.2482 0.4257 0.1682 
  27 0.0407 0.0245 0.1119 0.2213 0.3263 0.2754 
  28 0.0191 0.0176 0.2858 0.1513 0.2544 0.2718 
  29 0.0246 0.0220 0.0767 0.0921 0.3473 0.4374 
  30 0.0296 0.0169 0.0810 0.4896 0.2270 0.1558 
  31 0.0335 0.0265 0.1527 0.1660 0.3085 0.3128 
  32 0.0292 0.0095 0.1770 0.2175 0.3584 0.2084 
  33 0.0637 0.0179 0.1690 0.2297 0.1763 0.3434 
  34 0.0178 0.0451 0.1006 0.2187 0.1002 0.5177 
  35 0.0611 0.0568 0.0618 0.2011 0.4437 0.1755 
  36 0.3575 0.0276 0.0667 0.1887 0.2093 0.1503 
  37 0.0276 0.0096 0.1375 0.0890 0.5358 0.2004 
  38 0.1085 0.0401 0.0452 0.4023 0.1372 0.2667 
  39 0.0726 0.0368 0.0708 0.2171 0.2331 0.3695 
  40 0.3125 0.0225 0.1418 0.1329 0.2659 0.1245 
  41 0.4150 0.0653 0.0460 0.1426 0.1059 0.2252 
  42 0.2615 0.0530 0.3139 0.1181 0.1116 0.1420 
  43 0.2695 0.0169 0.1040 0.0630 0.3345 0.2122 
  44 0.4155 0.0200 0.0466 0.1552 0.1811 0.1817 
  45 0.1867 0.0613 0.0462 0.1490 0.3531 0.2036 
  46 0.0499 0.0175 0.0603 0.2664 0.3150 0.2909 
  47 0.0306 0.0358 0.0813 0.2349 0.4190 0.1986 
  48 0.3738 0.0310 0.0540 0.1717 0.2618 0.1077 
  49 0.0814 0.0673 0.0828 0.1999 0.3250 0.2436 
  50 0.0340 0.0196 0.1057 0.2426 0.1855 0.4127 
  51 0.6991 0.0152 0.0382 0.0546 0.1003 0.0926 
  52 0.0813 0.0574 0.0998 0.1863 0.1772 0.3979 
  53 0.0545 0.0176 0.0934 0.4597 0.1263 0.2486 
  54 0.0383 0.0225 0.0797 0.0587 0.6506 0.1502 
  55 0.1227 0.0146 0.0639 0.0576 0.5996 0.1417 
  56 0.0998 0.0520 0.0927 0.2711 0.3608 0.1235 
  57 0.0146 0.0231 0.1821 0.1963 0.3616 0.2224 
  58 0.1109 0.0349 0.0834 0.0957 0.4550 0.2200 
  59 0.1496 0.1068 0.0776 0.2331 0.2305 0.2023 
  60 0.3399 0.0125 0.1268 0.0902 0.2848 0.1458 
  61 0.1322 0.0161 0.1006 0.0366 0.5860 0.1285 
  62 0.0194 0.1669 0.0709 0.1804 0.3634 0.1990 
  63 0.0895 0.0139 0.1269 0.0783 0.2741 0.4172 
  64 0.0185 0.0251 0.0498 0.4696 0.2468 0.1903 
  65 0.0190 0.0136 0.0399 0.0735 0.2338 0.6203 
  66 0.0254 0.0101 0.1130 0.0542 0.6105 0.1868 
  67 0.1365 0.0185 0.0544 0.0521 0.5354 0.2032 
  68 0.1740 0.0710 0.0935 0.2157 0.2502 0.1956 
  69 0.1126 0.1579 0.1277 0.2800 0.1141 0.2076 
  70 0.4212 0.0120 0.0818 0.0782 0.1392 0.2676 
  71 0.3141 0.0646 0.0365 0.1444 0.2463 0.1940 
  72 0.0945 0.0244 0.0541 0.3170 0.2289 0.2811 
  73 0.1017 0.0565 0.0452 0.0590 0.5159 0.2218 
  74 0.2303 0.0297 0.1378 0.2469 0.2113 0.1439 
  75 0.2561 0.0380 0.1308 0.1440 0.3387 0.0924 
  76 0.1204 0.0094 0.0685 0.0623 0.3050 0.4345 
  77 0.3576 0.0574 0.0454 0.1201 0.1480 0.2715 
  78 0.3530 0.0654 0.0493 0.2023 0.1182 0.2118 
  79 0.0111 0.0110 0.0622 0.1187 0.2189 0.5781 
  80 0.0143 0.0097 0.4495 0.0672 0.2452 0.2142 
  81 0.0106 0.0081 0.3156 0.0838 0.2943 0.2876 
  82 0.0352 0.0193 0.1084 0.0652 0.4966 0.2754 
  83 0.0250 0.0071 0.2153 0.1421 0.2866 0.3240 
  84 0.0146 0.0074 0.1931 0.0836 0.2678 0.4336 
  85 0.0213 0.0078 0.2400 0.1981 0.3122 0.2206 
  86 0.0342 0.0189 0.0550 0.0847 0.5802 0.2271 
  87 0.0223 0.0091 0.0668 0.0886 0.1953 0.6179 
  88 0.0160 0.0091 0.2173 0.0669 0.3856 0.3050 
  89 0.0134 0.0077 0.2049 0.0577 0.5235 0.1926 
  90 0.0130 0.0087 0.0730 0.0602 0.2457 0.5994 
  91 0.0261 0.0070 0.4465 0.1243 0.2132 0.1829 
  92 0.0132 0.0097 0.0921 0.0946 0.4211 0.3693 
  93 0.0138 0.0090 0.6776 0.0502 0.1442 0.1053 
  94 0.0247 0.0074 0.0584 0.1062 0.0906 0.7127 
  95 0.0163 0.0085 0.1676 0.0461 0.2404 0.5211 
  96 0.1726 0.0136 0.2090 0.0402 0.4283 0.1364 
  97 0.1097 0.0271 0.1237 0.2188 0.4118 0.1089 
  98 0.1400 0.0322 0.1199 0.1025 0.3687 0.2366 
  99 0.0129 0.0079 0.1699 0.0675 0.2898 0.4519 
 100 0.0177 0.0105 0.3878 0.0405 0.4543 0.0892 
 101 0.0394 0.0093 0.0860 0.0903 0.3856 0.3894 
 102 0.0653 0.0185 0.3336 0.0720 0.1886 0.3220 
 103 0.0212 0.0115 0.0947 0.0450 0.5264 0.3012 
 104 0.0200 0.0112 0.0853 0.0520 0.2031 0.6283 
 105 0.0218 0.0313 0.1084 0.0414 0.3540 0.4431 
 106 0.0199 0.0092 0.0328 0.0976 0.1093 0.7312 
 107 0.0227 0.0153 0.1038 0.0470 0.3351 0.4762 
 108 0.1950 0.0078 0.0489 0.1854 0.4321 0.1307 
 109 0.0320 0.1649 0.0345 0.1170 0.1936 0.4581 
 110 0.0160 0.0118 0.0375 0.0898 0.0912 0.7536 
 111 0.0172 0.0269 0.0508 0.0419 0.1448 0.7183 
 112 0.0256 0.2288 0.0380 0.0507 0.0826 0.5744 
 113 0.0331 0.0159 0.0705 0.1121 0.5491 0.2193 
 114 0.0166 0.0234 0.1063 0.0461 0.2144 0.5933 
 115 0.0784 0.0332 0.0683 0.0588 0.1395 0.6218 
 116 0.0799 0.0188 0.0374 0.1196 0.2120 0.5323 
 117 0.0252 0.0440 0.0515 0.0753 0.0875 0.7165 
 118 0.0198 0.0301 0.0460 0.0607 0.5629 0.2804 
 119 0.3005 0.0080 0.2198 0.0539 0.2091 0.2087 
 120 0.0353 0.0520 0.0694 0.0549 0.2234 0.5649 
 121 0.1373 0.0748 0.0474 0.0583 0.1321 0.5500 
 122 0.0165 0.0211 0.0453 0.0821 0.1483 0.6867 
 123 0.0242 0.0141 0.0640 0.0630 0.1700 0.6648 
 124 0.0660 0.0471 0.0458 0.1432 0.1734 0.5245 
 125 0.0506 0.0969 0.0636 0.2287 0.0916 0.4687 
 126 0.0561 0.0126 0.0752 0.0688 0.1743 0.6130 
 127 0.0187 0.0169 0.0541 0.0400 0.1652 0.7051 
 128 0.0196 0.0248 0.0465 0.0502 0.5905 0.2684 
 129 0.0218 0.0157 0.0384 0.0452 0.3808 0.4982 
 130 0.0141 0.0342 0.1081 0.0492 0.2434 0.5511 
 131 0.1346 0.0672 0.0377 0.1958 0.1190 0.4456 
 132 0.0201 0.0143 0.0360 0.0724 0.2143 0.6429 
 133 0.0310 0.0157 0.0639 0.0511 0.2922 0.5460 
 134 0.0133 0.0176 0.0285 0.0585 0.0801 0.8020 
 135 0.0583 0.0306 0.3304 0.0567 0.4232 0.1009 
 136 0.0125 0.0171 0.6093 0.0779 0.2068 0.0764 
 137 0.0131 0.0239 0.6801 0.0479 0.1058 0.1293 
 138 0.0213 0.0092 0.7027 0.0637 0.1220 0.0811 
 139 0.0304 0.0148 0.1304 0.0666 0.6608 0.0971 
 140 0.0352 0.0137 0.4351 0.0765 0.2359 0.2036 
 141 0.0188 0.0179 0.5258 0.1311 0.2119 0.0945 
 142 0.0814 0.0274 0.3832 0.0511 0.3583 0.0986 
 143 0.0140 0.0077 0.7576 0.0408 0.1139 0.0660 
 144 0.0140 0.0226 0.6924 0.0425 0.1059 0.1226 
 145 0.0247 0.0294 0.3244 0.1437 0.3761 0.1018 
 146 0.0253 0.0144 0.4254 0.0992 0.2261 0.2095 
 147 0.0113 0.0082 0.7663 0.0457 0.1005 0.0680 
 148 0.0331 0.0217 0.4616 0.0714 0.2623 0.1499 
 149 0.0314 0.0214 0.6066 0.0656 0.1907 0.0843 
 150 0.0173 0.0281 0.4497 0.0542 0.2394 0.2112 
 151 0.0153 0.0092 0.6327 0.0456 0.1965 0.1008 
 152 0.0712 0.0184 0.3933 0.1179 0.2746 0.1246 
 153 0.0345 0.0138 0.6296 0.0678 0.1353 0.1189 
 154 0.0214 0.0175 0.5652 0.0710 0.2462 0.0788 
 155 0.0145 0.0075 0.6956 0.0438 0.1405 0.0981 
 156 0.0581 0.0148 0.5763 0.0351 0.1975 0.1182 
 157 0.0152 0.0075 0.5889 0.0483 0.1161 0.2239 
 158 0.0210 0.0289 0.4363 0.1489 0.2659 0.0990 
 159 0.0109 0.0114 0.7442 0.0445 0.1205 0.0685 
 160 0.0110 0.0117 0.6851 0.0476 0.1757 0.0689 
 161 0.0255 0.0153 0.5319 0.0815 0.1974 0.1483 
 162 0.0252 0.0138 0.2866 0.1012 0.3894 0.1838 
 163 0.0212 0.0082 0.7230 0.0377 0.1198 0.0902 
 164 0.0151 0.0113 0.3423 0.0713 0.4043 0.1558 
 165 0.0158 0.0276 0.5539 0.0466 0.1673 0.1887 
 166 0.0571 0.0080 0.4307 0.0794 0.1888 0.2361 
 167 0.0169 0.0126 0.5723 0.1111 0.1721 0.1150 
 168 0.0388 0.0096 0.5904 0.1065 0.1494 0.1052 
 169 0.0308 0.0446 0.2484 0.3840 0.2062 0.0860 
 170 0.0475 0.0112 0.4984 0.0456 0.2842 0.1130 
 171 0.0317 0.0088 0.3685 0.1162 0.3406 0.1342 
 172 0.1134 0.0565 0.4045 0.1590 0.1832 0.0834 
 173 0.0129 0.0098 0.5786 0.0464 0.2817 0.0706 
 174 0.0116 0.0084 0.6609 0.0507 0.1677 0.1007 
 175 0.0201 0.0100 0.6894 0.0729 0.1334 0.0742 
 176 0.0143 0.0234 0.6898 0.0425 0.1066 0.1234 
 177 0.0218 0.0111 0.4453 0.0802 0.1682 0.2734 
 178 0.0125 0.0099 0.5422 0.0921 0.2266 0.1166 
 179 0.0122 0.0070 0.7280 0.0475 0.1336 0.0717 
 180 0.0278 0.0172 0.5316 0.1065 0.1797 0.1373 
 181 0.0269 0.0196 0.3562 0.0747 0.4292 0.0934 
 182 0.0183 0.0119 0.4250 0.0441 0.4265 0.0743 
 183 0.0148 0.0079 0.6556 0.0499 0.1986 0.0731 
 184 0.0143 0.0097 0.0453 0.0858 0.7244 0.1205 
 185 0.0746 0.0168 0.6364 0.0365 0.1673 0.0684 
 186 0.0157 0.0079 0.0474 0.0667 0.6253 0.2370 
 187 0.0173 0.0077 0.1568 0.0617 0.6543 0.1021 
 188 0.0153 0.0089 0.0376 0.0553 0.6940 0.1889 
 189 0.0301 0.0090 0.2064 0.2571 0.3603 0.1370 
 190 0.1289 0.0131 0.1523 0.0306 0.6042 0.0709 
 191 0.0122 0.0113 0.0594 0.0482 0.7640 0.1049 
 192 0.0151 0.0093 0.1729 0.0580 0.5803 0.1646 
 193 0.0200 0.0154 0.1302 0.0749 0.6304 0.1291 
 194 0.0307 0.0104 0.1883 0.0533 0.5424 0.1749 
 195 0.0293 0.0084 0.1891 0.0379 0.6644 0.0710 
 196 0.0536 0.0121 0.1199 0.0412 0.6746 0.0986 
 197 0.0290 0.0124 0.1130 0.1446 0.4884 0.2126 
 198 0.0255 0.0096 0.1230 0.1004 0.4906 0.2509 
 199 0.0555 0.0129 0.1074 0.0503 0.6715 0.1024 
 200 0.0517 0.0260 0.1104 0.0912 0.5938 0.1269 
 201 0.0212 0.0081 0.3082 0.0451 0.5374 0.0800 
 202 0.0501 0.0114 0.4124 0.0393 0.3810 0.1059 
 203 0.0187 0.0110 0.3006 0.0391 0.5561 0.0746 
 204 0.0235 0.0092 0.0840 0.0334 0.7766 0.0734 
 205 0.0261 0.0090 0.0701 0.0503 0.7467 0.0978 
 206 0.0175 0.0083 0.0793 0.0417 0.7794 0.0738 
 207 0.0233 0.0141 0.0587 0.0372 0.7657 0.1011 
 208 0.0220 0.0095 0.1496 0.0388 0.6975 0.0826 
 209 0.0180 0.0142 0.0855 0.0509 0.7194 0.1120 
 210 0.0173 0.0090 0.0945 0.0396 0.7428 0.0968 
 211 0.0745 0.0515 0.1622 0.0391 0.5290 0.1436 
 212 0.0331 0.0107 0.3899 0.0615 0.4106 0.0941 
 213 0.1005 0.0142 0.1045 0.0530 0.4840 0.2439 
 214 0.0240 0.0129 0.3696 0.0432 0.4689 0.0815 
 215 0.0210 0.0115 0.0518 0.0484 0.7617 0.1057 
 216 0.0167 0.0107 0.0589 0.1030 0.6646 0.1461 
 217 0.0266 0.0095 0.2496 0.0568 0.5823 0.0753 
 218 0.0146 0.0084 0.0723 0.0497 0.7577 0.0974 
 219 0.0165 0.0082 0.1389 0.1469 0.5737 0.1159 
 220 0.0148 0.0090 0.0570 0.0374 0.7944 0.0873 
 221 0.0669 0.0127 0.5889 0.0363 0.2270 0.0682 
 222 0.0168 0.0085 0.0875 0.1478 0.5887 0.1507 
 223 0.0203 0.0080 0.2420 0.0910 0.5240 0.1147 
 224 0.0175 0.0092 0.1921 0.0436 0.6600 0.0776 
 225 0.0257 0.0091 0.0891 0.0432 0.7418 0.0912 
 226 0.0212 0.0112 0.0963 0.1857 0.5852 0.1005 
 227 0.0613 0.0100 0.1608 0.0411 0.6259 0.1009 
 228 0.0748 0.0166 0.1905 0.0363 0.6109 0.0709 
 229 0.0137 0.0087 0.2210 0.0440 0.6248 0.0877 
 230 0.0143 0.0103 0.1496 0.0377 0.7068 0.0812 
 231 0.0133 0.0107 0.1521 0.0600 0.6754 0.0885 
 232 0.0395 0.0168 0.1903 0.0694 0.5241 0.1599 
 233 0.0175 0.0113 0.4325 0.0442 0.4146 0.0800 
 234 0.0148 0.0104 0.1185 0.0798 0.6145 0.1621 
 235 0.0265 0.0091 0.1857 0.0829 0.5919 0.1039 
 236 0.0171 0.0116 0.2396 0.0564 0.5771 0.0982 
 237 0.0238 0.0153 0.0657 0.0420 0.7533 0.1000 
 238 0.0252 0.0104 0.3835 0.0485 0.4091 0.1233 
 239 0.0299 0.0081 0.1868 0.0385 0.6662 0.0705 
 240 0.0253 0.0102 0.3847 0.0484 0.4084 0.1230 
 241 0.0261 0.0100 0.2899 0.0502 0.5349 0.0889 
 242 0.0229 0.0099 0.1148 0.1137 0.6140 0.1248 
 243 0.0490 0.0146 0.1178 0.0334 0.7089 0.0762 
 244 0.0161 0.0114 0.2151 0.0381 0.6440 0.0754 
 245 0.0310 0.0082 0.5692 0.0402 0.2521 0.0992 
 246 0.0278 0.0090 0.2463 0.0560 0.5855 0.0755 
 247 0.0351 0.0100 0.0477 0.0692 0.4086 0.4294 
 248 0.0198 0.0128 0.0466 0.0480 0.7393 0.1336 
 249 0.0202 0.0120 0.2409 0.0402 0.5971 0.0896 
 250 0.0145 0.0107 0.1605 0.0518 0.6556 0.1069 
 251 0.0251 0.0184 0.0799 0.1629 0.5473 0.1664 
 252 0.0248 0.0084 0.1355 0.0524 0.6816 0.0974 
 253 0.0350 0.0098 0.0721 0.0797 0.6099 0.1936 
 254 0.0174 0.0087 0.0854 0.0940 0.6714 0.1230 
 255 0.0177 0.0109 0.1301 0.0661 0.6498 0.1253 
 256 0.0257 0.0112 0.1667 0.0500 0.6554 0.0910 
 257 0.0196 0.0111 0.0927 0.0506 0.7147 0.1113 
 258 0.0483 0.0123 0.0887 0.0559 0.6060 0.1888 
 259 0.0156 0.0101 0.0939 0.0488 0.7288 0.1027 
 260 0.0165 0.0099 0.2212 0.1159 0.4940 0.1424 
 261 0.0352 0.0085 0.2166 0.0546 0.5938 0.0913 
 262 0.0571 0.0110 0.2151 0.0398 0.6096 0.0674 
 263 0.0166 0.0110 0.0541 0.0505 0.7732 0.0945 
 264 0.0197 0.0136 0.0399 0.3181 0.4333 0.1753 
 265 0.0180 0.0082 0.1188 0.0781 0.6773 0.0997 
 266 0.0422 0.0110 0.5151 0.0359 0.3264 0.0695 
 267 0.0218 0.0148 0.1341 0.0614 0.6426 0.1252 
 268 0.0543 0.0120 0.1205 0.0412 0.6732 0.0989 
 269 0.0175 0.0104 0.1610 0.2105 0.4660 0.1344 
 270 0.0154 0.0108 0.0575 0.0759 0.7040 0.1363 
 271 0.0246 0.0122 0.0687 0.0561 0.7081 0.1304 
 272 0.0355 0.0153 0.0766 0.1389 0.6261 0.1076 
 273 0.0263 0.0291 0.1543 0.1046 0.5437 0.1420 
 274 0.0164 0.0093 0.0815 0.0855 0.6897 0.1175 
 275 0.0195 0.0175 0.0964 0.0985 0.6769 0.0911 
 276 0.0437 0.0188 0.0703 0.1187 0.6294 0.1191 
 277 0.0163 0.0086 0.1639 0.0865 0.6093 0.1155 
 278 0.0266 0.0121 0.0648 0.0475 0.7519 0.0971 
 279 0.0162 0.0102 0.1039 0.0662 0.6952 0.1082 
 280 0.0285 0.0113 0.1033 0.1371 0.6114 0.1084 
 281 0.0165 0.0091 0.0825 0.0595 0.6957 0.1367 
 282 0.0160 0.0094 0.3649 0.0771 0.4202 0.1124 
 283 0.0202 0.0084 0.4432 0.0480 0.3755 0.1047 
 284 0.0238 0.0136 0.1896 0.0575 0.5490 0.1666 
 285 0.0415 0.0165 0.0368 0.0627 0.6842 0.1584 
 286 0.0163 0.0111 0.2121 0.0380 0.6465 0.0760 
 287 0.0162 0.0075 0.1250 0.1058 0.6100 0.1354 
 288 0.0196 0.0113 0.0660 0.1156 0.6922 0.0953 
 289 0.0374 0.0158 0.0802 0.0870 0.6186 0.1610 
 290 0.0807 0.0453 0.1014 0.1504 0.4883 0.1338 
 291 0.0252 0.0116 0.0674 0.0552 0.7105 0.1300 
 292 0.0621 0.0120 0.1351 0.1101 0.5793 0.1014 
 293 0.0932 0.0371 0.0721 0.2156 0.3788 0.2031 
 294 0.0229 0.0094 0.0494 0.0522 0.7752 0.0909 
 295 0.0393 0.0271 0.1194 0.1310 0.5437 0.1397 
 296 0.0193 0.0102 0.0608 0.0427 0.7673 0.0998 
 297 0.0217 0.0106 0.0704 0.1334 0.6413 0.1227 
 298 0.0139 0.0084 0.2460 0.0674 0.5405 0.1238 
 299 0.0134 0.0085 0.0589 0.0621 0.7516 0.1054 
 300 0.0235 0.0131 0.0474 0.0547 0.7610 0.1004 
 301 0.0147 0.0120 0.0584 0.1161 0.6836 0.1153 
 302 0.0357 0.0138 0.0541 0.0530 0.7528 0.0906 
 303 0.0266 0.0136 0.2207 0.0691 0.5691 0.1010 
 304 0.0168 0.0143 0.3250 0.1351 0.2938 0.2150 
 305 0.0242 0.0102 0.1196 0.0427 0.7342 0.0691 
 306 0.0242 0.0090 0.2668 0.0825 0.5295 0.0880 
 307 0.0175 0.0110 0.1428 0.0696 0.6453 0.1138 
 308 0.0322 0.0087 0.2119 0.0544 0.6012 0.0916 
 309 0.0362 0.0326 0.0675 0.0488 0.6873 0.1275 
 310 0.0292 0.0110 0.1545 0.0381 0.6907 0.0764 
 311 0.0140 0.0102 0.1514 0.0375 0.7058 0.0811 
 312 0.0199 0.0097 0.0592 0.0346 0.7698 0.1068 
 313 0.0452 0.0105 0.0456 0.0380 0.7669 0.0938 
 314 0.0218 0.0099 0.7652 0.0416 0.0960 0.0656 
 315 0.0334 0.0079 0.7207 0.0621 0.0917 0.0842 
 316 0.0229 0.0088 0.6876 0.0920 0.1009 0.0878 
 317 0.0127 0.0084 0.7800 0.0453 0.0880 0.0655 
 318 0.0098 0.0080 0.7851 0.0505 0.0815 0.0651 
 319 0.0134 0.0077 0.7413 0.0420 0.1294 0.0662 
 320 0.0224 0.0096 0.7663 0.0417 0.0953 0.0648 
 321 0.0115 0.0093 0.7765 0.0509 0.0846 0.0671 
 322 0.0364 0.0096 0.6779 0.0778 0.1086 0.0897 
 323 0.0106 0.0069 0.7758 0.0495 0.0915 0.0656 
 324 0.0117 0.0093 0.7754 0.0504 0.0862 0.0671 
 325 0.0184 0.0079 0.7255 0.0827 0.0821 0.0834 
 326 0.0221 0.0106 0.7266 0.0844 0.0742 0.0820 
 327 0.0125 0.0089 0.7826 0.0457 0.0857 0.0646 
 328 0.0246 0.0076 0.7000 0.0723 0.1063 0.0891 
 329 0.0104 0.0073 0.7862 0.0442 0.0861 0.0659 
 330 0.0126 0.0088 0.7816 0.0456 0.0860 0.0654 
 331 0.0103 0.0070 0.7742 0.0449 0.0976 0.0659 
 332 0.0186 0.0088 0.7103 0.1035 0.0751 0.0837 
 333 0.0237 0.0088 0.7213 0.0733 0.0885 0.0845 
 334 0.0251 0.0079 0.6999 0.0730 0.1054 0.0887 
 335 0.0260 0.0077 0.7301 0.0617 0.0889 0.0856 
 336 0.0168 0.0095 0.7703 0.0544 0.0838 0.0652 
 337 0.0223 0.0093 0.7115 0.0827 0.0866 0.0875 
 338 0.0100 0.0087 0.7819 0.0528 0.0803 0.0663 
 339 0.0103 0.0070 0.7740 0.0443 0.0981 0.0662 
 340 0.0111 0.0067 0.7798 0.0399 0.0989 0.0635 
 341 0.0120 0.0095 0.7639 0.0474 0.1012 0.0660 
 342 0.0128 0.0086 0.7820 0.0457 0.0860 0.0650 
 343 0.0497 0.0084 0.6937 0.0705 0.0910 0.0867 
 344 0.0097 0.0071 0.7886 0.0444 0.0850 0.0651 
 345 0.0129 0.0086 0.7824 0.0449 0.0869 0.0642 
 346 0.0110 0.0078 0.7919 0.0442 0.0815 0.0635 
 347 0.0109 0.0070 0.7943 0.0397 0.0840 0.0641 
 348 0.0560 0.0084 0.7001 0.0546 0.0974 0.0835 
 349 0.0128 0.0088 0.7815 0.0453 0.0870 0.0646 
 350 0.0168 0.0081 0.7303 0.0426 0.1361 0.0661 
 351 0.0265 0.0078 0.7311 0.0613 0.0890 0.0843 
 352 0.0267 0.0090 0.7208 0.0714 0.0877 0.0844 
 353 0.0162 0.0097 0.7708 0.0534 0.0841 0.0659 
 354 0.0106 0.0087 0.7633 0.0474 0.1023 0.0677 
 355 0.0100 0.0082 0.7850 0.0496 0.0816 0.0657 
 356 0.0639 0.0084 0.6854 0.0547 0.1039 0.0838 
 357 0.0188 0.0095 0.4319 0.2335 0.1425 0.1637 
 358 0.0178 0.0075 0.7317 0.0756 0.0810 0.0864 
 359 0.0101 0.0073 0.7720 0.0474 0.0960 0.0673 
 360 0.0111 0.0077 0.7919 0.0436 0.0820 0.0637 
 361 0.0269 0.0117 0.3814 0.2344 0.1697 0.1759 
 362 0.0263 0.0124 0.0605 0.1817 0.3344 0.3847 
 363 0.0337 0.0143 0.0472 0.2149 0.1773 0.5126 
 364 0.0227 0.0220 0.1949 0.3042 0.2761 0.1801 
 365 0.0214 0.0672 0.0531 0.4386 0.1873 0.2324 
 366 0.1232 0.0260 0.1146 0.3003 0.2802 0.1557 
 367 0.0134 0.0095 0.0347 0.0962 0.0802 0.7660 
 368 0.0121 0.0105 0.0585 0.0867 0.3674 0.4648 
 369 0.1187 0.0359 0.2518 0.1492 0.2425 0.2019 
 370 0.0200 0.0239 0.0674 0.0869 0.4179 0.3839 
 371 0.0277 0.0286 0.0853 0.1733 0.4668 0.2184 
 372 0.0265 0.0591 0.0779 0.0736 0.5521 0.2108 
 373 0.0174 0.0187 0.1150 0.1334 0.2102 0.5052 
 374 0.0194 0.0409 0.2543 0.2015 0.2236 0.2603 
 375 0.0155 0.0211 0.0459 0.1988 0.1873 0.5313 
 376 0.0159 0.0123 0.0393 0.6036 0.0870 0.2419 
 377 0.0255 0.0161 0.0622 0.2449 0.3701 0.2812 
 378 0.0162 0.0124 0.1784 0.0544 0.1898 0.5488 
 379 0.0257 0.0255 0.0373 0.5812 0.0936 0.2368 
 380 0.0547 0.0229 0.1123 0.5211 0.1834 0.1056 
 381 0.0735 0.0240 0.1116 0.5355 0.1514 0.1039 
 382 0.0123 0.0101 0.0524 0.2143 0.1355 0.5755 
 383 0.0168 0.0193 0.0931 0.6537 0.1317 0.0854 
 384 0.0224 0.0498 0.1020 0.4226 0.1798 0.2234 
 385 0.0108 0.3828 0.1415 0.1309 0.1646 0.1693 
 386 0.0177 0.0098 0.0458 0.1671 0.1287 0.6308 
 387 0.0209 0.0141 0.0576 0.2119 0.1320 0.5635 
 388 0.0146 0.0486 0.1895 0.1602 0.3016 0.2855 
 389 0.0480 0.1473 0.0484 0.0705 0.5206 0.1652 
 390 0.1261 0.0432 0.0484 0.1403 0.1221 0.5199 
 391 0.0621 0.1356 0.0936 0.1229 0.2234 0.3625 
 392 0.0204 0.0121 0.0971 0.3823 0.2073 0.2809 
 393 0.0812 0.0727 0.0825 0.5363 0.0992 0.1280 
 394 0.0188 0.0078 0.2239 0.1450 0.2128 0.3917 
 395 0.1334 0.0158 0.0518 0.1898 0.2880 0.3212 
 396 0.0127 0.0101 0.0370 0.1650 0.1691 0.6060 
 397 0.0167 0.0086 0.0842 0.1531 0.6211 0.1163 
 398 0.0263 0.0102 0.0396 0.3930 0.1060 0.4250 
 399 0.0395 0.0200 0.0505 0.1150 0.1440 0.6309 
 400 0.0193 0.0134 0.0729 0.1922 0.1163 0.5861 
 401 0.0495 0.0143 0.0767 0.0622 0.1387 0.6587 
 402 0.0643 0.0194 0.0717 0.1649 0.3292 0.3505 
 403 0.0197 0.0345 0.2904 0.1260 0.3006 0.2287 
 404 0.0190 0.0420 0.0941 0.2445 0.3150 0.2854 
 405 0.0328 0.0105 0.0823 0.3053 0.2993 0.2699 
 406 0.4684 0.0111 0.0946 0.1925 0.1382 0.0952 
 407 0.0171 0.0108 0.0367 0.5984 0.1093 0.2277 
 408 0.0593 0.0086 0.0341 0.0446 0.2044 0.6489 
 409 0.2669 0.0663 0.2273 0.1541 0.1285 0.1570 
 410 0.0302 0.0215 0.0895 0.2846 0.1862 0.3880 
 411 0.0634 0.0145 0.1560 0.3772 0.1477 0.2413 
 412 0.0119 0.0106 0.0535 0.1107 0.2639 0.5494 
 413 0.0142 0.0081 0.1381 0.0763 0.2861 0.4773 
 414 0.0131 0.0248 0.0378 0.1122 0.2204 0.5917 
 415 0.0531 0.0147 0.0586 0.4377 0.1450 0.2909 
 416 0.0441 0.0744 0.1011 0.1624 0.1805 0.4375 
 417 0.0210 0.0102 0.0505 0.4475 0.1146 0.3563 
 418 0.0108 0.0092 0.0426 0.1084 0.1336 0.6954 
 419 0.0404 0.0776 0.1783 0.1448 0.2111 0.3477 
 420 0.1284 0.0136 0.0479 0.0609 0.1259 0.6232 
 421 0.0202 0.0116 0.0593 0.2052 0.1814 0.5223 
 422 0.0604 0.0162 0.0478 0.2646 0.4475 0.1635 
 423 0.0318 0.0111 0.0668 0.3548 0.2291 0.3064 
 424 0.0976 0.0200 0.0812 0.0948 0.1048 0.6016 
 425 0.0176 0.1132 0.0909 0.2345 0.2724 0.2714 
 426 0.0212 0.0442 0.1006 0.2109 0.1543 0.4687 
 427 0.0298 0.0135 0.1197 0.3477 0.1018 0.3875 
 428 0.0754 0.0154 0.1052 0.3344 0.3270 0.1426 
 429 0.0139 0.0096 0.0351 0.2882 0.0873 0.5660 
 430 0.0302 0.0202 0.0441 0.4895 0.1282 0.2877 
 431 0.0177 0.0172 0.0728 0.1163 0.3308 0.4452 
 432 0.0136 0.0097 0.0634 0.0940 0.3282 0.4910 
 433 0.0217 0.0111 0.2356 0.0703 0.4403 0.2210 
 434 0.0256 0.0181 0.1038 0.1907 0.3901 0.2717 
 435 0.0366 0.0084 0.0389 0.4568 0.0924 0.3669 
 436 0.0507 0.0126 0.0716 0.4863 0.0707 0.3082 
 437 0.0153 0.0076 0.0418 0.6300 0.1200 0.1853 
 438 0.2810 0.0174 0.0763 0.2065 0.0981 0.3207 
 439 0.0224 0.0213 0.0555 0.6106 0.0687 0.2216 
 440 0.0291 0.0098 0.0321 0.5759 0.0704 0.2827 
 441 0.0247 0.0174 0.1070 0.3647 0.1285 0.3577 
 442 0.0296 0.0384 0.0460 0.2459 0.1284 0.5117 
 443 0.1044 0.0145 0.0388 0.1015 0.0946 0.6462 
 444 0.0497 0.0308 0.0456 0.3467 0.1137 0.4134 
 445 0.1294 0.0791 0.1287 0.3263 0.1600 0.1765 
 446 0.0259 0.0138 0.0448 0.3744 0.0754 0.4656 
 447 0.0924 0.0377 0.0917 0.3988 0.1336 0.2458 
 448 0.0233 0.0104 0.0468 0.4117 0.1249 0.3829 
 449 0.0252 0.0112 0.0711 0.4433 0.1577 0.2914 
 450 0.0116 0.0219 0.0861 0.4912 0.1032 0.2861 
 451 0.0234 0.0084 0.0326 0.0978 0.1265 0.7114 
 452 0.0131 0.0124 0.0686 0.5100 0.0967 0.2991 
 453 0.2720 0.0329 0.0724 0.0820 0.1813 0.3594 
 454 0.0217 0.0113 0.0844 0.4118 0.1418 0.3290 
 455 0.1245 0.0175 0.0442 0.3566 0.0768 0.3804 
 456 0.1112 0.0164 0.0417 0.3450 0.1202 0.3655 
 457 0.0168 0.0085 0.0460 0.6609 0.1014 0.1664 
 458 0.0200 0.0269 0.0527 0.5410 0.0989 0.2605 
 459 0.0379 0.0234 0.1234 0.1858 0.0747 0.5548 
 460 0.0254 0.0141 0.0440 0.1835 0.0682 0.6649 
 461 0.0115 0.0116 0.0442 0.1060 0.0677 0.7590 
 462 0.0494 0.1490 0.0320 0.2315 0.1168 0.4214 
 463 0.3978 0.0204 0.0600 0.1886 0.1450 0.1882 
 464 0.0589 0.0108 0.0421 0.1315 0.0827 0.6741 
 465 0.0309 0.0168 0.0495 0.1130 0.1228 0.6671 
 466 0.1457 0.0111 0.0429 0.1217 0.1262 0.5523 
 467 0.0527 0.0489 0.0718 0.2105 0.1453 0.4707 
 468 0.0746 0.0097 0.0426 0.6150 0.1037 0.1544 
 469 0.0266 0.0155 0.0455 0.6988 0.0640 0.1496 
 470 0.0295 0.0088 0.0411 0.4421 0.0743 0.4043 
 471 0.0958 0.0466 0.0466 0.1915 0.2478 0.3717 
 472 0.0487 0.0344 0.0527 0.2062 0.1689 0.4891 
 473 0.0282 0.0099 0.0723 0.3613 0.2284 0.2999 
 474 0.0321 0.0183 0.0765 0.3987 0.1263 0.3481 
 475 0.0251 0.0120 0.0843 0.1187 0.1249 0.6351 
 476 0.0357 0.0238 0.0561 0.5051 0.0850 0.2944 
 477 0.0416 0.0178 0.0751 0.1125 0.1003 0.6528 
 478 0.0172 0.0165 0.0396 0.0733 0.0723 0.7810 
 479 0.0206 0.0090 0.0385 0.3840 0.0729 0.4750 
 480 0.0147 0.0085 0.0427 0.6803 0.0745 0.1794 
 481 0.0201 0.0296 0.0436 0.2465 0.3311 0.3292 
 482 0.0137 0.0089 0.0385 0.4033 0.0716 0.4639 
 483 0.0296 0.0134 0.0535 0.5242 0.0718 0.3075 
 484 0.1621 0.0413 0.0555 0.3620 0.1377 0.2414 
 485 0.0583 0.0106 0.0421 0.5668 0.0671 0.2551 
 486 0.0458 0.0532 0.0592 0.1085 0.4603 0.2731 
 487 0.0285 0.0371 0.1379 0.1759 0.4104 0.2102 
 488 0.0206 0.0631 0.0959 0.0907 0.4008 0.3288 
 489 0.0742 0.0397 0.1641 0.1587 0.4317 0.1316 
 490 0.0444 0.0186 0.0419 0.1047 0.1830 0.6074 
 491 0.0183 0.0485 0.0879 0.0660 0.6571 0.1222 
 492 0.0453 0.0382 0.2774 0.0675 0.2136 0.3580 
 493 0.0237 0.0908 0.0716 0.1106 0.5217 0.1816 
 494 0.0238 0.0366 0.0891 0.1205 0.5683 0.1617 
 495 0.0491 0.0917 0.1787 0.0781 0.1984 0.4041 
 496 0.0342 0.0104 0.2893 0.0738 0.4062 0.1861 
 497 0.0138 0.1391 0.0946 0.0887 0.5379 0.1260 
 498 0.0675 0.1965 0.0848 0.0964 0.2377 0.3172 
 499 0.0226 0.0213 0.1749 0.1144 0.5467 0.1200 
 500 0.0191 0.0162 0.0628 0.2364 0.5190 0.1465 
 501 0.0169 0.0183 0.1787 0.1688 0.3526 0.2647 
 502 0.0139 0.0383 0.2433 0.1096 0.2531 0.3419 
 503 0.0196 0.0123 0.0545 0.3667 0.2909 0.2560 
 504 0.0340 0.0541 0.0590 0.0643 0.2009 0.5877 
 505 0.0331 0.0244 0.0985 0.0736 0.6150 0.1554 
 506 0.0175 0.0483 0.1729 0.0807 0.3691 0.3116 
 507 0.0360 0.0091 0.4043 0.0520 0.4174 0.0813 
 508 0.0592 0.0195 0.4668 0.0474 0.3131 0.0941 
 509 0.0228 0.0144 0.1185 0.0628 0.6506 0.1309 
 510 0.0216 0.0159 0.2548 0.1673 0.3548 0.1855 
 511 0.0316 0.0392 0.0657 0.2781 0.2647 0.3208 
 512 0.0131 0.0244 0.0443 0.3041 0.1953 0.4188 
 513 0.0319 0.5076 0.0708 0.0318 0.2072 0.1508 
 514 0.0211 0.0108 0.0785 0.0600 0.2844 0.5451 
 515 0.0637 0.0176 0.1546 0.3207 0.2580 0.1853 
 516 0.0385 0.0126 0.0687 0.0592 0.4160 0.4050 
 517 0.1487 0.0107 0.1502 0.1192 0.2433 0.3279 
 518 0.0143 0.0114 0.1390 0.1569 0.5584 0.1200 
 519 0.0254 0.0140 0.0877 0.0650 0.1747 0.6332 
 520 0.2354 0.0092 0.2187 0.2006 0.2274 0.1086 
 521 0.0286 0.0113 0.2947 0.0580 0.3021 0.3053 
 522 0.1666 0.0148 0.0616 0.3636 0.2064 0.1870 
 523 0.3298 0.0094 0.1476 0.0623 0.2468 0.2042 
 524 0.1033 0.0083 0.0941 0.3350 0.2549 0.2043 
 525 0.0436 0.0094 0.1653 0.2711 0.3874 0.1233 
 526 0.4566 0.0089 0.0728 0.1957 0.1618 0.1043 
 527 0.0137 0.0243 0.0661 0.2518 0.3250 0.3193 
 528 0.0239 0.0091 0.3907 0.0523 0.3974 0.1265 
 529 0.0164 0.0147 0.0861 0.0701 0.6583 0.1544 
 530 0.0694 0.0244 0.1005 0.3767 0.2163 0.2127 
 531 0.0448 0.0151 0.3442 0.1967 0.1997 0.1994 
 532 0.0346 0.0152 0.2664 0.1140 0.3682 0.2016 
 533 0.0499 0.0106 0.0731 0.2584 0.4483 0.1596 
 534 0.0515 0.0169 0.0857 0.0431 0.6575 0.1453 
 535 0.2447 0.0107 0.0772 0.1019 0.1944 0.3711 
 536 0.1270 0.0444 0.1675 0.2029 0.2580 0.2002 
 537 0.2114 0.0311 0.2471 0.0814 0.2836 0.1454 
 538 0.1114 0.0129 0.1849 0.1037 0.4124 0.1748 
 539 0.0312 0.0111 0.5796 0.0551 0.2327 0.0903 
 540 0.0815 0.0146 0.1666 0.1669 0.4129 0.1575 
 541 0.0364 0.0450 0.4246 0.0980 0.2238 0.1721 
 542 0.2233 0.0734 0.0580 0.1822 0.3285 0.1346 
 543 0.2231 0.0210 0.1812 0.0641 0.2285 0.2822 
 544 0.3398 0.0201 0.0964 0.1020 0.2607 0.1810 
 545 0.5494 0.0168 0.0429 0.1167 0.1195 0.1546 
 546 0.0805 0.0672 0.1114 0.0875 0.4916 0.1618 
 547 0.5667 0.0137 0.1206 0.0568 0.1100 0.1324 
 548 0.0143 0.0103 0.1630 0.0519 0.6538 0.1067 
 549 0.2042 0.0443 0.3593 0.1669 0.1104 0.1149 
 550 0.4413 0.0170 0.0626 0.1319 0.1027 0.2445 
 551 0.0474 0.0170 0.5139 0.0933 0.1548 0.1736 
 552 0.0570 0.0126 0.1160 0.0843 0.6233 0.1068 
 553 0.4955 0.0151 0.1591 0.0416 0.1596 0.1291 
 554 0.0509 0.0248 0.1375 0.2161 0.2977 0.2730 
 555 0.1166 0.0420 0.3196 0.0699 0.3201 0.1320 
 556 0.0622 0.0141 0.0975 0.0757 0.5957 0.1547 
 557 0.3370 0.0249 0.1025 0.1674 0.1074 0.2608 
 558 0.0125 0.0091 0.0411 0.4227 0.0647 0.4499 
 559 0.0251 0.0109 0.0518 0.0646 0.4521 0.3954 
 560 0.0282 0.0178 0.0299 0.1669 0.0913 0.6660 
 561 0.0268 0.0157 0.0404 0.1479 0.1657 0.6034 
 562 0.0450 0.0168 0.0303 0.1238 0.1635 0.6207 
 563 0.0396 0.0232 0.1741 0.0716 0.1037 0.5877 
 564 0.0552 0.0106 0.0569 0.1050 0.5578 0.2146 
 565 0.0151 0.0099 0.0437 0.6572 0.0962 0.1778 
 566 0.0175 0.0088 0.0317 0.1246 0.0769 0.7405 
 567 0.0288 0.0133 0.0403 0.0954 0.5490 0.2732 
 568 0.0364 0.0088 0.0575 0.0955 0.2465 0.5552 
 569 0.1100 0.0120 0.0647 0.2362 0.1767 0.4005 
 570 0.0142 0.0077 0.0336 0.4783 0.0941 0.3722 
 571 0.0184 0.0077 0.0510 0.0728 0.1320 0.7180 
 572 0.3419 0.0198 0.1680 0.1280 0.1769 0.1655 
 573 0.0556 0.0088 0.0570 0.2294 0.4627 0.1865 
 574 0.0301 0.0137 0.1325 0.3908 0.2054 0.2274 
 575 0.0269 0.0111 0.1120 0.0784 0.1907 0.5809 
 576 0.0139 0.0173 0.0330 0.1143 0.0871 0.7345 
 577 0.0204 0.0135 0.1179 0.2682 0.2266 0.3535 
 578 0.0258 0.0147 0.0503 0.1243 0.1341 0.6508 
 579 0.0233 0.0373 0.0437 0.1755 0.2359 0.4844 
 580 0.0151 0.0110 0.0746 0.3798 0.1802 0.3392 
 581 0.0166 0.0098 0.0587 0.2250 0.1245 0.5653 
 582 0.0403 0.0121 0.0372 0.2781 0.0916 0.5407 
 583 0.0198 0.0101 0.0486 0.1175 0.1955 0.6085 
 584 0.0124 0.0093 0.0381 0.1229 0.1030 0.7144 
 585 0.0206 0.0176 0.0433 0.1665 0.1234 0.6285 
 586 0.0209 0.0112 0.0590 0.0538 0.1866 0.6686 
 587 0.0347 0.0163 0.0362 0.2295 0.2467 0.4366 
 588 0.0557 0.0142 0.0394 0.0363 0.7575 0.0969 
 589 0.0871 0.0112 0.0405 0.4165 0.1395 0.3052 
 590 0.0160 0.0155 0.0443 0.0744 0.2441 0.6057 
 591 0.0141 0.0085 0.0521 0.0677 0.1722 0.6854 
 592 0.0673 0.0102 0.0405 0.1094 0.2324 0.5402 
 593 0.0360 0.0085 0.0716 0.1387 0.2327 0.5125 
 594 0.0175 0.0127 0.0826 0.0826 0.4059 0.3987 
 595 0.0110 0.0895 0.0348 0.2118 0.2555 0.3973 
 596 0.0918 0.0133 0.0682 0.2332 0.3728 0.2208 
 597 0.0458 0.0107 0.1905 0.0523 0.1497 0.5509 
 598 0.0141 0.0070 0.0362 0.6124 0.0696 0.2607 
 599 0.0367 0.0074 0.0326 0.1061 0.1390 0.6781 
 600 0.0306 0.0178 0.0894 0.3095 0.2182 0.3346 
 601 0.0303 0.0122 0.0338 0.1199 0.1121 0.6917 
 602 0.0131 0.0128 0.0907 0.0893 0.5841 0.2100 
 603 0.0153 0.0115 0.0935 0.0791 0.5509 0.2498 
 604 0.0202 0.0440 0.0757 0.4350 0.2730 0.1521 
 605 0.0300 0.0141 0.0570 0.1434 0.3094 0.4461 
 606 0.0263 0.0159 0.1028 0.1601 0.4952 0.1998 
 607 0.0121 0.0132 0.1723 0.2142 0.3683 0.2199 
 608 0.0191 0.0100 0.3972 0.1367 0.1796 0.2575 
 609 0.0293 0.0175 0.0778 0.3053 0.1781 0.3919 
 610 0.0754 0.0152 0.0580 0.4831 0.1896 0.1787 
 611 0.0251 0.0119 0.1215 0.0805 0.4451 0.3159 
 612 0.0371 0.0180 0.0527 0.6062 0.1114 0.1745 
 613 0.0450 0.0147 0.0688 0.2930 0.3216 0.2569 
 614 0.0148 0.0205 0.0424 0.6178 0.1782 0.1264 
 615 0.0190 0.0118 0.0711 0.5988 0.1868 0.1126 
 616 0.0126 0.0112 0.1296 0.2044 0.3799 0.2623 
 617 0.0414 0.0935 0.0497 0.3721 0.1979 0.2454 
 618 0.0328 0.0518 0.1215 0.4115 0.2682 0.1142 
 619 0.0675 0.0081 0.1293 0.1243 0.2495 0.4213 
 620 0.0642 0.0116 0.0311 0.0766 0.2743 0.5421 
 621 0.0113 0.0108 0.0503 0.1716 0.1314 0.6245 
 622 0.0330 0.1324 0.0886 0.2774 0.3251 0.1435 
 623 0.0243 0.0104 0.0505 0.1440 0.2954 0.4754 
 624 0.0216 0.0184 0.1308 0.5043 0.1401 0.1849 
 625 0.0162 0.0401 0.1266 0.3940 0.1838 0.2393 
 626 0.1204 0.0338 0.2584 0.2720 0.2227 0.0927 
 627 0.0248 0.0153 0.0654 0.1486 0.3187 0.4272 
 628 0.0161 0.0281 0.0626 0.1126 0.4042 0.3764 
 629 0.0143 0.0170 0.0790 0.1959 0.3634 0.3305 
 630 0.0261 0.0257 0.0687 0.3628 0.1925 0.3243 
 631 0.0146 0.0126 0.0673 0.3013 0.3300 0.2742 
 632 0.0238 0.0196 0.1612 0.1075 0.5583 0.1296 
 633 0.0147 0.0255 0.1157 0.3218 0.2335 0.2887 
 634 0.0321 0.0118 0.1362 0.1545 0.3966 0.2687 
 635 0.0189 0.0106 0.3467 0.1461 0.3335 0.1442 
 636 0.0194 0.0147 0.2323 0.2669 0.1657 0.3010 
 637 0.0791 0.0356 0.0993 0.1336 0.3969 0.2555 
 638 0.0133 0.0108 0.1013 0.1591 0.4490 0.2665 
 639 0.0159 0.0237 0.0879 0.3627 0.3274 0.1824 
 640 0.0110 0.0270 0.0683 0.1155 0.1674 0.6108 
 641 0.0135 0.0130 0.0684 0.1910 0.4855 0.2286 
 642 0.0403 0.0184 0.3404 0.0913 0.3204 0.1893 
 643 0.0164 0.0154 0.6186 0.0570 0.1485 0.1441 
 644 0.0194 0.0120 0.4897 0.0621 0.2186 0.1982 
 645 0.0267 0.0256 0.3365 0.3048 0.2326 0.0738 
 646 0.0393 0.0365 0.1029 0.0777 0.4944 0.2491 
 647 0.0343 0.0540 0.2767 0.0606 0.3381 0.2363 
 648 0.0409 0.0367 0.1999 0.1187 0.4983 0.1054 
 649 0.0483 0.0127 0.1015 0.0495 0.6532 0.1348 
 650 0.0265 0.0126 0.1218 0.0592 0.5393 0.2407 
 651 0.0135 0.0435 0.2619 0.0705 0.4674 0.1432 
 652 0.0172 0.0108 0.4412 0.0608 0.3143 0.1557 
 653 0.0344 0.0270 0.2449 0.1040 0.4792 0.1105 
 654 0.0820 0.0508 0.3417 0.0706 0.3378 0.1171 
 655 0.0215 0.0090 0.4562 0.0526 0.1470 0.3138 
 656 0.0412 0.0394 0.1541 0.0825 0.5425 0.1403 
 657 0.0178 0.0140 0.1611 0.2003 0.4208 0.1861 
 658 0.0480 0.0104 0.1861 0.0957 0.2603 0.3995 
 659 0.0431 0.0211 0.3745 0.0977 0.3170 0.1467 
 660 0.0299 0.0095 0.3076 0.0603 0.4722 0.1205 
 661 0.0900 0.0220 0.4663 0.0771 0.2217 0.1230 
 662 0.0978 0.0159 0.0787 0.0427 0.6230 0.1418 
 663 0.0195 0.0083 0.3302 0.0733 0.4347 0.1341 
 664 0.0413 0.0329 0.2013 0.1013 0.1673 0.4560 
 665 0.0424 0.0101 0.0952 0.0506 0.6768 0.1250 
 666 0.0324 0.0116 0.2312 0.0777 0.5018 0.1454 
 667 0.0270 0.1140 0.0978 0.0715 0.4199 0.2698 
 668 0.0344 0.0148 0.3543 0.0911 0.2924 0.2130 
 669 0.0228 0.0104 0.1199 0.0589 0.6775 0.1105 
 670 0.0182 0.0078 0.5830 0.0484 0.2624 0.0802 
 671 0.0233 0.0097 0.3834 0.0529 0.4068 0.1239 
 672 0.0439 0.0077 0.6128 0.0606 0.0836 0.1914 
 673 0.0108 0.0076 0.7665 0.0526 0.0954 0.0671 
 674 0.0236 0.0124 0.5103 0.0804 0.2722 0.1011 
 675 0.0144 0.0229 0.6909 0.0428 0.1059 0.1232 
 676 0.0119 0.0080 0.7735 0.0449 0.0925 0.0692 
 677 0.0865 0.0100 0.5524 0.0399 0.2365 0.0747 
 678 0.0108 0.0079 0.7666 0.0525 0.0898 0.0724 
 679 0.0108 0.0099 0.5920 0.0911 0.1951 0.1012 
 680 0.0158 0.0171 0.6354 0.0738 0.1724 0.0855 
 681 0.2340 0.0271 0.2339 0.1602 0.2158 0.1290 
 682 0.0188 0.0127 0.6970 0.0776 0.1071 0.0868 
 683 0.0245 0.0080 0.6668 0.0447 0.1767 0.0792 
 684 0.0129 0.0089 0.7559 0.0496 0.0986 0.0742 
 685 0.0133 0.0073 0.7795 0.0407 0.0930 0.0661 
 686 0.0843 0.0144 0.4878 0.0711 0.2458 0.0966 
 687 0.0320 0.0087 0.3863 0.0484 0.4127 0.1118 
 688 0.0148 0.0089 0.6594 0.0500 0.1613 0.1056 
 689 0.0126 0.0076 0.7702 0.0438 0.1015 0.0644 
 690 0.0117 0.0080 0.7737 0.0456 0.0922 0.0686 
 691 0.0189 0.0120 0.6270 0.0801 0.1639 0.0981 
 692 0.0120 0.0091 0.6698 0.0616 0.1436 0.1039 
 693 0.0133 0.0157 0.6743 0.0550 0.1106 0.1312 
 694 0.0146 0.0067 0.7867 0.0374 0.0925 0.0621 
 695 0.0363 0.0084 0.7324 0.0608 0.0807 0.0814 
 696 0.0147 0.0094 0.6608 0.0490 0.1597 0.1063 
 697 0.0166 0.0090 0.7318 0.0453 0.1305 0.0668 
 698 0.0125 0.0080 0.7531 0.0456 0.1120 0.0687 
 699 0.1065 0.0089 0.6416 0.0538 0.1090 0.0803 
 700 0.0562 0.0661 0.5911 0.0482 0.1223 0.1162 
 701 0.0295 0.0098 0.5317 0.1010 0.2300 0.0980 
 702 0.0376 0.0194 0.5384 0.0778 0.1896 0.1373 
 703 0.0211 0.0119 0.6625 0.0774 0.1388 0.0884 
 704 0.0208 0.0089 0.6566 0.0444 0.1688 0.1004 
 705 0.2151 0.0219 0.3087 0.0911 0.2475 0.1157 
 706 0.0309 0.0132 0.6853 0.0671 0.1241 0.0795 
 707 0.0221 0.0092 0.7123 0.0485 0.1398 0.0681 
 708 0.0132 0.0120 0.7254 0.0431 0.1367 0.0695 
 709 0.0420 0.0205 0.7316 0.0420 0.0885 0.0754 
 710 0.0156 0.0084 0.7922 0.0404 0.0797 0.0637 
 711 0.0475 0.0138 0.5902 0.0613 0.2043 0.0829 
 712 0.0431 0.0131 0.6832 0.0358 0.1599 0.0648 
 713 0.0170 0.0089 0.6654 0.0437 0.1629 0.1021 
 714 0.0135 0.0198 0.5224 0.0818 0.2579 0.1046 
 715 0.0333 0.0094 0.7503 0.0375 0.1055 0.0640 
 716 0.0274 0.0123 0.7258 0.0646 0.0899 0.0800 
 717 0.0212 0.0082 0.7823 0.0384 0.0866 0.0633 
 718 0.0279 0.0178 0.5014 0.0652 0.3004 0.0873 
 719 0.0320 0.0100 0.7512 0.0373 0.1002 0.0693 
 720 0.0130 0.0137 0.0507 0.1819 0.2435 0.4972 
 721 0.0250 0.0155 0.4689 0.1810 0.1644 0.1452 
 722 0.0338 0.0138 0.0902 0.3898 0.2083 0.2641 
 723 0.0125 0.0101 0.0764 0.4862 0.2197 0.1951 
 724 0.0157 0.0113 0.1712 0.4388 0.1744 0.1886 
 725 0.0168 0.0097 0.1547 0.0973 0.4845 0.2369 
 726 0.0316 0.0107 0.1093 0.3884 0.2765 0.1835 
 727 0.1395 0.0118 0.1909 0.1750 0.3133 0.1695 
 728 0.0171 0.0084 0.0313 0.7760 0.0732 0.0940 
 729 0.0126 0.0084 0.0350 0.7163 0.0883 0.1394 
 730 0.0142 0.0261 0.0495 0.3392 0.2576 0.3135 
 731 0.0196 0.0134 0.0761 0.5360 0.1311 0.2237 
 732 0.0124 0.0107 0.0773 0.4909 0.2175 0.1912 
 733 0.0113 0.0104 0.0465 0.6599 0.1142 0.1577 
 734 0.0135 0.0114 0.0342 0.5513 0.0975 0.2921 
 735 0.0101 0.0080 0.0536 0.7205 0.0930 0.1148 
 736 0.0180 0.0087 0.0625 0.3437 0.1267 0.4404 
 737 0.0401 0.0207 0.0627 0.4192 0.2339 0.2234 
 738 0.0129 0.0109 0.0544 0.4088 0.2456 0.2675 
 739 0.0115 0.0093 0.0429 0.6750 0.1003 0.1611 
 740 0.0171 0.0120 0.3768 0.0752 0.4304 0.0885 
 741 0.0324 0.0244 0.3765 0.1129 0.3122 0.1416 
 742 0.0145 0.0098 0.1626 0.0832 0.1143 0.6156 
 743 0.0125 0.0081 0.0697 0.0909 0.5890 0.2298 
 744 0.0726 0.0120 0.0723 0.0570 0.4914 0.2947 
 745 0.0395 0.0108 0.0427 0.0767 0.2401 0.5903 
 746 0.0170 0.0099 0.1481 0.1606 0.4633 0.2011 
 747 0.0175 0.0093 0.0813 0.0772 0.4627 0.3521 
 748 0.0121 0.0089 0.3629 0.0574 0.2954 0.2632 
 749 0.0203 0.0090 0.0815 0.0747 0.6195 0.1950 
 750 0.0149 0.0109 0.0660 0.0772 0.6408 0.1901 
 751 0.0124 0.0101 0.3492 0.0672 0.3317 0.2294 
 752 0.0149 0.0083 0.0782 0.0981 0.5346 0.2658 
 753 0.0181 0.0095 0.1171 0.1626 0.5137 0.1791 
 754 0.0215 0.0267 0.4050 0.1171 0.2228 0.2069 
 755 0.0119 0.0126 0.1148 0.1124 0.5780 0.1703 
 756 0.0168 0.0178 0.1844 0.0484 0.3372 0.3954 
 757 0.0143 0.0096 0.1444 0.0740 0.3658 0.3919 
 758 0.0201 0.0100 0.0433 0.0617 0.4092 0.4557 
 759 0.0368 0.0187 0.3789 0.1507 0.2462 0.1687 
 760 0.0151 0.0108 0.0881 0.1745 0.4551 0.2564 
 761 0.0167 0.0124 0.1996 0.2667 0.3780 0.1266 
 762 0.0111 0.0138 0.0597 0.3038 0.2546 0.3570 
 763 0.0179 0.0092 0.1175 0.1580 0.5179 0.1795 
 764 0.0126 0.0119 0.0746 0.0758 0.5249 0.3003 
 765 0.0120 0.0115 0.0520 0.2327 0.5222 0.1697 
 766 0.0112 0.0131 0.2567 0.0741 0.3872 0.2578 
 767 0.0158 0.0126 0.2165 0.0648 0.2467 0.4436 
 768 0.0110 0.0147 0.0583 0.3432 0.2596 0.3132 
 769 0.0186 0.0175 0.2140 0.3166 0.2230 0.2103 
 770 0.0137 0.0142 0.0604 0.2248 0.2147 0.4722 
 771 0.0649 0.0116 0.0864 0.0487 0.6632 0.1252 
 772 0.0587 0.0156 0.2414 0.0732 0.2382 0.3728 
 773 0.0121 0.0109 0.0704 0.0710 0.6372 0.1985 
 774 0.0157 0.0098 0.2571 0.0805 0.5120 0.1249 
 775 0.0131 0.0090 0.1219 0.3245 0.1518 0.3799 
 776 0.0173 0.0092 0.0650 0.0700 0.2524 0.5861 
 777 0.0299 0.0097 0.0975 0.0904 0.5075 0.2650 
 778 0.0238 0.0111 0.1445 0.0628 0.5657 0.1921 
 779 0.0129 0.0101 0.1031 0.0683 0.5748 0.2308 
 780 0.0114 0.0106 0.2983 0.0716 0.3910 0.2171 
 781 0.0255 0.0115 0.0828 0.0477 0.7474 0.0852 
 782 0.0131 0.0099 0.1011 0.0676 0.5744 0.2339 
 783 0.0128 0.0116 0.2233 0.0994 0.3167 0.3362 
 784 0.0158 0.0136 0.0999 0.0928 0.2196 0.5584 
 785 0.0176 0.0163 0.1673 0.0892 0.3796 0.3300 
 786 0.0147 0.0128 0.3699 0.0759 0.2543 0.2725 
 787 0.0226 0.0109 0.2590 0.0434 0.5070 0.1572 
 788 0.0319 0.0109 0.0984 0.1102 0.3119 0.4367 
 789 0.0134 0.0127 0.1191 0.0808 0.1759 0.5982 
 790 0.0127 0.0118 0.1806 0.1475 0.4439 0.2034 
 791 0.0153 0.0080 0.1691 0.0789 0.2349 0.4939 
 792 0.0340 0.0153 0.2744 0.0450 0.4969 0.1344 
 793 0.0432 0.0149 0.2677 0.1535 0.3792 0.1414 
 794 0.0184 0.0341 0.1801 0.1091 0.2325 0.4259 
 795 0.0197 0.0121 0.3887 0.1543 0.2935 0.1317 
 796 0.0218 0.0173 0.2127 0.0551 0.1464 0.5466 
 797 0.0265 0.0091 0.4083 0.0854 0.3466 0.1241 
 798 0.1672 0.0217 0.0386 0.2994 0.1261 0.3469 
 799 0.0217 0.0759 0.0867 0.0642 0.1829 0.5686 
 800 0.0875 0.0229 0.4465 0.0407 0.2158 0.1866 
 801 0.1210 0.0691 0.0676 0.2406 0.1451 0.3566 
 802 0.1039 0.0952 0.1971 0.1289 0.2434 0.2316 
 803 0.0476 0.0432 0.2691 0.1064 0.3625 0.1712 
 804 0.0643 0.1339 0.1100 0.0910 0.3735 0.2273 
 805 0.0194 0.0176 0.6576 0.0497 0.1228 0.1328 
 806 0.2125 0.1107 0.0933 0.2034 0.2201 0.1599 
 807 0.0399 0.0091 0.4441 0.0678 0.3510 0.0882 
 808 0.0822 0.0087 0.3103 0.0763 0.3783 0.1444 
 809 0.4703 0.0178 0.0616 0.1149 0.1601 0.1752 
 810 0.0190 0.0216 0.1737 0.2156 0.3188 0.2513 
 811 0.1694 0.0467 0.3861 0.0794 0.1724 0.1461 
 812 0.6029 0.0169 0.0368 0.0567 0.1287 0.1579 
 813 0.1295 0.0660 0.0458 0.2017 0.0943 0.4628 
 814 0.0964 0.0171 0.0568 0.0564 0.5540 0.2193 
 815 0.3252 0.1257 0.1271 0.1498 0.1166 0.1556 
 816 0.0848 0.0865 0.2286 0.0832 0.2082 0.3086 
 817 0.1026 0.0955 0.1982 0.1287 0.2432 0.2317 
 818 0.0245 0.0383 0.1025 0.0848 0.0923 0.6578 
 819 0.0175 0.3198 0.1514 0.0533 0.2818 0.1761 
 820 0.0325 0.1158 0.1737 0.0558 0.2066 0.4155 
 821 0.0136 0.0174 0.1318 0.1501 0.2424 0.4447 
 822 0.0157 0.4874 0.0341 0.1480 0.1558 0.1589 
 823 0.0173 0.0149 0.2365 0.2418 0.0998 0.3897 
 824 0.0149 0.0285 0.1522 0.1011 0.3358 0.3676 
 825 0.0179 0.0412 0.0613 0.2185 0.2298 0.4314 
 826 0.0146 0.0135 0.0521 0.0689 0.1793 0.6716 
 827 0.0130 0.0111 0.0669 0.2598 0.1717 0.4774 
 828 0.0122 0.0125 0.0841 0.4429 0.2967 0.1516 
 829 0.0375 0.0265 0.1111 0.3205 0.2063 0.2981 
 830 0.0107 0.0316 0.0486 0.3685 0.1756 0.3650 
 831 0.0148 0.1407 0.0920 0.1962 0.4224 0.1339 
 832 0.0627 0.1305 0.1457 0.1073 0.1316 0.4223 
 833 0.0479 0.0202 0.1886 0.1320 0.0805 0.5308 
