   1 0.0052 0.0062 0.0203 0.0584 0.0977 0.1138 0.2366 0.2221 0.1136 0.1261 
   2 0.0039 0.0043 0.0221 0.0685 0.0746 0.1246 0.0837 0.1107 0.3690 0.1385 
   3 0.0054 0.0069 0.0130 0.0464 0.0787 0.1320 0.1407 0.1959 0.1087 0.2722 
   4 0.0118 0.0114 0.0291 0.0550 0.2352 0.1103 0.0888 0.2103 0.1264 0.1216 
   5 0.0045 0.0047 0.0171 0.0841 0.0762 0.1220 0.0922 0.0970 0.3319 0.1704 
   6 0.0059 0.0048 0.0150 0.0522 0.1112 0.0835 0.1364 0.0922 0.1666 0.3322 
   7 0.0053 0.0053 0.0120 0.1462 0.0672 0.0733 0.2078 0.1046 0.1919 0.1863 
   8 0.0174 0.0107 0.1055 0.0548 0.1111 0.0893 0.1126 0.1777 0.1183 0.2025 
   9 0.0072 0.0084 0.0271 0.0667 0.0759 0.1042 0.1335 0.1741 0.2192 0.1837 
  10 0.0064 0.0053 0.1011 0.0632 0.1023 0.0707 0.1666 0.1227 0.1517 0.2101 
  11 0.0043 0.0056 0.0114 0.1041 0.0589 0.0676 0.3178 0.1063 0.1789 0.1450 
  12 0.0047 0.0045 0.0133 0.0706 0.1162 0.1197 0.0893 0.1216 0.2927 0.1675 
  13 0.0055 0.0047 0.0185 0.0676 0.0806 0.1047 0.1229 0.1666 0.2470 0.1818 
  14 0.0039 0.0072 0.0304 0.0430 0.0964 0.2200 0.1157 0.1353 0.1605 0.1877 
  15 0.0051 0.0093 0.0153 0.0636 0.1636 0.1238 0.1211 0.1709 0.1675 0.1599 
  16 0.0044 0.0051 0.0118 0.0611 0.0692 0.0985 0.2594 0.1537 0.1279 0.2088 
  17 0.0077 0.0058 0.0150 0.0597 0.0978 0.1365 0.1051 0.1389 0.1684 0.2650 
  18 0.0074 0.0097 0.0434 0.0422 0.1296 0.1148 0.1434 0.1291 0.1900 0.1903 
  19 0.0050 0.0047 0.0145 0.0620 0.0862 0.0771 0.1294 0.1369 0.1805 0.3037 
  20 0.0046 0.0084 0.0122 0.0929 0.1098 0.1155 0.1267 0.1170 0.2196 0.1932 
  21 0.0043 0.0056 0.0202 0.0491 0.1554 0.1705 0.1705 0.1573 0.1467 0.1202 
  22 0.0072 0.0046 0.0138 0.0424 0.0838 0.0998 0.1317 0.1850 0.1341 0.2977 
  23 0.0072 0.0118 0.0265 0.0579 0.0877 0.1729 0.0941 0.2627 0.1329 0.1463 
  24 0.0045 0.0051 0.0124 0.0532 0.0975 0.1005 0.2155 0.2585 0.1262 0.1267 
  25 0.0050 0.0067 0.0167 0.0692 0.0608 0.0909 0.1090 0.0844 0.2559 0.3014 
  26 0.0062 0.0062 0.0129 0.0604 0.1436 0.1089 0.1448 0.1665 0.1782 0.1723 
  27 0.0053 0.0049 0.0125 0.0574 0.0989 0.1536 0.1652 0.1416 0.1516 0.2089 
  28 0.0050 0.0057 0.0564 0.0685 0.2085 0.0957 0.1884 0.1284 0.1221 0.1212 
  29 0.0037 0.0045 0.0122 0.0944 0.0662 0.1256 0.1336 0.1545 0.2587 0.1465 
  30 0.0050 0.0051 0.0124 0.0455 0.0711 0.1235 0.1714 0.1701 0.1569 0.2390 
  31 0.0130 0.0072 0.0938 0.0701 0.0874 0.1461 0.1278 0.1145 0.2185 0.1216 
  32 0.0044 0.0067 0.0239 0.0456 0.1136 0.1042 0.0911 0.1777 0.1490 0.2838 
  33 0.0047 0.0053 0.0114 0.0645 0.0739 0.1160 0.1654 0.2233 0.1277 0.2076 
  34 0.0062 0.0074 0.0926 0.1120 0.0819 0.0676 0.1141 0.0887 0.1516 0.2778 
  35 0.0102 0.0047 0.0131 0.0682 0.0576 0.2498 0.1029 0.1277 0.1590 0.2067 
  36 0.0042 0.0208 0.0148 0.0448 0.0560 0.2633 0.2723 0.1344 0.0974 0.0920 
  37 0.0058 0.0048 0.0206 0.0480 0.0933 0.1645 0.1102 0.2343 0.1574 0.1612 
  38 0.0052 0.1132 0.0115 0.1087 0.0505 0.1332 0.2283 0.1030 0.1312 0.1153 
  39 0.0072 0.0088 0.0119 0.0873 0.0772 0.2016 0.1939 0.1105 0.1468 0.1548 
  40 0.0039 0.0066 0.0129 0.0431 0.0685 0.2972 0.1205 0.2059 0.1031 0.1384 
  41 0.0066 0.0083 0.0141 0.0869 0.0484 0.2687 0.1687 0.1406 0.1097 0.1480 
  42 0.0043 0.0114 0.0106 0.0522 0.0717 0.1349 0.2148 0.3422 0.0848 0.0732 
  43 0.0068 0.0051 0.0220 0.0546 0.0689 0.3046 0.0947 0.1788 0.1281 0.1365 
  44 0.0060 0.0042 0.0126 0.0464 0.0478 0.3642 0.0870 0.1205 0.1205 0.1908 
  45 0.0050 0.0172 0.0166 0.0673 0.0505 0.2346 0.2236 0.1116 0.1920 0.0817 
  46 0.0073 0.0054 0.0118 0.0605 0.0854 0.2037 0.1240 0.0911 0.1416 0.2690 
  47 0.0151 0.0052 0.0357 0.0658 0.0827 0.1300 0.1043 0.1623 0.1874 0.2115 
  48 0.0073 0.0055 0.0113 0.0422 0.0505 0.4066 0.0744 0.1193 0.1004 0.1824 
  49 0.0079 0.0058 0.0123 0.0835 0.0699 0.2160 0.1711 0.1554 0.1367 0.1414 
  50 0.0082 0.0062 0.0559 0.0813 0.0740 0.1308 0.1424 0.0784 0.1479 0.2750 
  51 0.0040 0.0169 0.0130 0.0455 0.0487 0.3941 0.1906 0.1265 0.0870 0.0737 
  52 0.0081 0.0057 0.0108 0.0926 0.0863 0.1689 0.2091 0.1292 0.1380 0.1514 
  53 0.0068 0.0239 0.0319 0.0626 0.0680 0.1462 0.2276 0.1350 0.1023 0.1957 
  54 0.0074 0.0041 0.0323 0.0612 0.0795 0.2105 0.0808 0.1660 0.2361 0.1221 
  55 0.0061 0.0048 0.0137 0.0469 0.0638 0.4070 0.0814 0.1200 0.1258 0.1306 
  56 0.0060 0.0090 0.0113 0.0557 0.0717 0.2825 0.1164 0.1657 0.1095 0.1722 
  57 0.0122 0.0061 0.0254 0.0764 0.1755 0.0794 0.1264 0.1608 0.1397 0.1979 
  58 0.0049 0.0080 0.0124 0.0710 0.0628 0.2776 0.1645 0.1564 0.1522 0.0902 
  59 0.0052 0.0251 0.0115 0.1023 0.0644 0.1957 0.2128 0.1495 0.1363 0.0973 
  60 0.0041 0.0084 0.0194 0.0469 0.1023 0.3429 0.1496 0.1380 0.0963 0.0922 
  61 0.0037 0.0043 0.0256 0.0478 0.0878 0.3243 0.0838 0.1634 0.1855 0.0738 
  62 0.0100 0.0057 0.0158 0.1222 0.1066 0.1259 0.1361 0.1139 0.2204 0.1433 
  63 0.0039 0.0053 0.0148 0.0718 0.0787 0.1868 0.1505 0.2009 0.1611 0.1262 
  64 0.0059 0.0115 0.0119 0.0791 0.0616 0.1249 0.1810 0.1128 0.1729 0.2384 
  65 0.0052 0.0049 0.0160 0.1114 0.0577 0.1192 0.1160 0.0858 0.2764 0.2074 
  66 0.0047 0.0055 0.0293 0.0773 0.1215 0.1680 0.1236 0.1816 0.1815 0.1071 
  67 0.0049 0.0045 0.0311 0.0506 0.0573 0.3300 0.0822 0.1124 0.2064 0.1207 
  68 0.0060 0.0200 0.0124 0.0807 0.0734 0.2106 0.2309 0.1600 0.1194 0.0865 
  69 0.0075 0.0533 0.1688 0.0859 0.0794 0.0981 0.1682 0.0819 0.1177 0.1391 
  70 0.0041 0.0095 0.0209 0.0750 0.0679 0.2330 0.1913 0.1711 0.1054 0.1219 
  71 0.0053 0.0198 0.0143 0.0932 0.0493 0.2771 0.2078 0.0885 0.1458 0.0989 
  72 0.0054 0.0071 0.0157 0.0507 0.0549 0.1877 0.2572 0.1143 0.1186 0.1884 
  73 0.0051 0.0076 0.0228 0.1021 0.0565 0.2914 0.1121 0.1018 0.2093 0.0913 
  74 0.0039 0.0206 0.0114 0.0429 0.0682 0.2081 0.2480 0.2125 0.0946 0.0898 
  75 0.0048 0.0134 0.0193 0.0426 0.0786 0.2257 0.2042 0.2321 0.0991 0.0803 
  76 0.0049 0.0046 0.0152 0.0659 0.0615 0.2762 0.1167 0.1260 0.1655 0.1635 
  77 0.0047 0.0192 0.0111 0.0958 0.0468 0.1995 0.2233 0.1341 0.1637 0.1017 
  78 0.0052 0.0989 0.0115 0.1043 0.0476 0.1621 0.1965 0.1376 0.1302 0.1063 
  79 0.0042 0.0051 0.0194 0.0784 0.0722 0.0759 0.2043 0.1163 0.2635 0.1607 
  80 0.0043 0.0048 0.0209 0.0648 0.1550 0.0811 0.1111 0.3334 0.1360 0.0886 
  81 0.0044 0.0049 0.0226 0.0760 0.1686 0.0701 0.1527 0.2409 0.1681 0.0916 
  82 0.0045 0.0047 0.0136 0.0772 0.0884 0.2022 0.1217 0.1857 0.1858 0.1163 
  83 0.0042 0.0075 0.0185 0.0723 0.1438 0.1167 0.1692 0.1841 0.1430 0.1408 
  84 0.0042 0.0048 0.0153 0.0751 0.1364 0.0839 0.1957 0.1783 0.1666 0.1398 
  85 0.0041 0.0081 0.0174 0.0479 0.1420 0.1001 0.1704 0.2049 0.1390 0.1661 
  86 0.0061 0.0068 0.0161 0.0766 0.0776 0.2429 0.1051 0.0981 0.2042 0.1666 
  87 0.0048 0.0092 0.0300 0.1199 0.0756 0.1106 0.1864 0.1195 0.2187 0.1255 
  88 0.0045 0.0049 0.0143 0.0747 0.1090 0.0974 0.1489 0.2521 0.1984 0.0959 
  89 0.0050 0.0056 0.0430 0.0593 0.1382 0.0805 0.1415 0.2451 0.1919 0.0899 
  90 0.0044 0.0049 0.0188 0.1081 0.0846 0.0836 0.1633 0.1266 0.2858 0.1199 
  91 0.0041 0.0089 0.0158 0.0479 0.1510 0.1002 0.1437 0.2932 0.1135 0.1217 
  92 0.0043 0.0048 0.0146 0.0722 0.0924 0.0994 0.1771 0.1606 0.2476 0.1271 
  93 0.0043 0.0047 0.0746 0.0445 0.2105 0.0895 0.1088 0.2733 0.1027 0.0872 
  94 0.0042 0.0106 0.0142 0.1615 0.0723 0.0976 0.2718 0.1088 0.1289 0.1299 
  95 0.0042 0.0049 0.0179 0.1173 0.1023 0.0816 0.1389 0.2027 0.2378 0.0924 
  96 0.0041 0.0044 0.0158 0.0476 0.0950 0.2937 0.0919 0.2313 0.1389 0.0772 
  97 0.0048 0.0123 0.0132 0.0422 0.0849 0.2029 0.2246 0.2118 0.1194 0.0839 
  98 0.0037 0.0046 0.0141 0.0508 0.0593 0.1866 0.1401 0.2009 0.2069 0.1332 
  99 0.0043 0.0047 0.0219 0.0817 0.1293 0.0744 0.1740 0.1714 0.2148 0.1236 
 100 0.0045 0.0042 0.0227 0.0420 0.1492 0.1123 0.0758 0.3592 0.1506 0.0796 
 101 0.0054 0.0116 0.0747 0.0812 0.0812 0.1207 0.1496 0.1444 0.2150 0.1162 
 102 0.0055 0.0081 0.0168 0.0830 0.1260 0.1430 0.1155 0.2567 0.1246 0.1208 
 103 0.0045 0.0064 0.0862 0.0787 0.1174 0.1235 0.0947 0.1131 0.2585 0.1170 
 104 0.0044 0.0045 0.0198 0.1684 0.1189 0.0978 0.1151 0.0673 0.2748 0.1291 
 105 0.0050 0.0063 0.0464 0.1581 0.1417 0.1108 0.0903 0.0805 0.2603 0.1007 
 106 0.0041 0.0056 0.0106 0.1369 0.0479 0.1006 0.2194 0.0757 0.2235 0.1756 
 107 0.0053 0.0079 0.0379 0.1343 0.1173 0.1275 0.1064 0.1143 0.2303 0.1187 
 108 0.0039 0.0452 0.0160 0.0450 0.0776 0.3024 0.0948 0.0827 0.1624 0.1699 
 109 0.0055 0.0109 0.0174 0.2023 0.0532 0.1334 0.1662 0.0707 0.2165 0.1239 
 110 0.0045 0.0066 0.0160 0.1803 0.0505 0.0776 0.2451 0.0795 0.1822 0.1577 
 111 0.0063 0.0067 0.0159 0.2521 0.0845 0.0983 0.0981 0.0806 0.2490 0.1086 
 112 0.0043 0.0062 0.0115 0.3118 0.0560 0.1113 0.1615 0.0815 0.1651 0.0906 
 113 0.0047 0.0109 0.0266 0.0684 0.0883 0.2015 0.1413 0.1128 0.2019 0.1437 
 114 0.0044 0.0045 0.0224 0.1897 0.1394 0.0888 0.1121 0.0742 0.2603 0.1042 
 115 0.0051 0.0078 0.0131 0.1537 0.0639 0.1608 0.0973 0.1306 0.2192 0.1486 
 116 0.0054 0.0105 0.0102 0.1190 0.0483 0.2052 0.2038 0.0827 0.1844 0.1305 
 117 0.0058 0.0090 0.0191 0.2051 0.0517 0.0797 0.2040 0.1102 0.1816 0.1338 
 118 0.0046 0.0096 0.0137 0.1361 0.0797 0.1810 0.0838 0.0881 0.2971 0.1063 
 119 0.0040 0.0065 0.0164 0.0535 0.0957 0.2398 0.1057 0.2335 0.1323 0.1127 
 120 0.0050 0.0057 0.0162 0.1927 0.0796 0.1430 0.1136 0.1214 0.1955 0.1272 
 121 0.0089 0.0259 0.0258 0.1707 0.0523 0.1804 0.1291 0.1003 0.1839 0.1227 
 122 0.0041 0.0052 0.0192 0.1505 0.0659 0.0962 0.2022 0.0817 0.2342 0.1407 
 123 0.0048 0.0097 0.0206 0.1811 0.0905 0.1249 0.1500 0.0930 0.1914 0.1341 
 124 0.0074 0.0141 0.0167 0.1292 0.0690 0.1718 0.1772 0.0786 0.1661 0.1699 
 125 0.0051 0.0120 0.0140 0.1188 0.0522 0.0942 0.2710 0.1209 0.1438 0.1679 
 126 0.0037 0.0058 0.0115 0.1034 0.0832 0.1883 0.2363 0.1036 0.1509 0.1133 
 127 0.0048 0.0064 0.0145 0.2601 0.0871 0.1199 0.1057 0.0838 0.2180 0.0996 
 128 0.0043 0.0043 0.0144 0.0961 0.0765 0.1613 0.0906 0.0873 0.3611 0.1041 
 129 0.0053 0.0065 0.0541 0.1204 0.0591 0.1234 0.0920 0.0719 0.3482 0.1193 
 130 0.0054 0.0063 0.0290 0.1911 0.1130 0.0887 0.1163 0.1046 0.2352 0.1103 
 131 0.0083 0.0364 0.0287 0.1189 0.0518 0.1313 0.2527 0.0756 0.1561 0.1403 
 132 0.0044 0.0054 0.0295 0.1197 0.0572 0.1107 0.1791 0.0711 0.2851 0.1378 
 133 0.0076 0.0096 0.0279 0.1332 0.0958 0.1491 0.1143 0.0957 0.2259 0.1410 
 134 0.0042 0.0051 0.0130 0.2601 0.0442 0.0672 0.1889 0.0659 0.2387 0.1127 
 135 0.0052 0.0056 0.0118 0.0510 0.2144 0.2318 0.1072 0.2068 0.0955 0.0706 
 136 0.0050 0.0047 0.0228 0.0441 0.3001 0.0923 0.0902 0.2288 0.0934 0.1186 
 137 0.0046 0.0050 0.0262 0.0661 0.1785 0.0719 0.0949 0.3746 0.0966 0.0816 
 138 0.0042 0.0048 0.0126 0.0355 0.4581 0.0903 0.1076 0.1323 0.0799 0.0746 
 139 0.0042 0.0049 0.0257 0.0451 0.1970 0.2060 0.1062 0.1246 0.1869 0.0996 
 140 0.0046 0.0056 0.0380 0.0477 0.1631 0.1542 0.1708 0.1991 0.1308 0.0862 
 141 0.0052 0.0056 0.0783 0.0428 0.2790 0.1062 0.1263 0.1241 0.1064 0.1262 
 142 0.0053 0.0051 0.0348 0.0460 0.1852 0.2841 0.0966 0.1703 0.1004 0.0721 
 143 0.0040 0.0044 0.0124 0.0355 0.2375 0.0846 0.0784 0.3907 0.0803 0.0721 
 144 0.0044 0.0048 0.0141 0.0654 0.2101 0.0829 0.0857 0.3640 0.0946 0.0741 
 145 0.0056 0.0055 0.0234 0.0473 0.2117 0.1358 0.1252 0.2018 0.1108 0.1330 
 146 0.0058 0.0060 0.0212 0.0563 0.2143 0.0912 0.1707 0.1973 0.1304 0.1068 
 147 0.0045 0.0044 0.0207 0.0369 0.3004 0.0723 0.0872 0.3142 0.0801 0.0794 
 148 0.0049 0.0046 0.0924 0.0551 0.1996 0.1572 0.0951 0.1559 0.1082 0.1270 
 149 0.0046 0.0057 0.1674 0.0410 0.1484 0.1635 0.1202 0.1756 0.0961 0.0775 
 150 0.0051 0.0047 0.0271 0.0807 0.2222 0.0985 0.1110 0.2200 0.1355 0.0953 
 151 0.0042 0.0043 0.0133 0.0448 0.2808 0.0993 0.1010 0.2686 0.1021 0.0816 
 152 0.0047 0.0070 0.0290 0.0481 0.2468 0.1830 0.0873 0.1520 0.0915 0.1506 
 153 0.0040 0.0055 0.0213 0.0443 0.3423 0.1215 0.1478 0.1442 0.0875 0.0815 
 154 0.0050 0.0050 0.2144 0.0418 0.1553 0.1481 0.0870 0.1331 0.0957 0.1145 
 155 0.0042 0.0041 0.0138 0.0428 0.4694 0.0816 0.0871 0.1198 0.0971 0.0802 
 156 0.0040 0.0045 0.0126 0.0506 0.2900 0.1782 0.0889 0.2087 0.0901 0.0724 
 157 0.0041 0.0047 0.0222 0.0629 0.3123 0.0707 0.1240 0.1927 0.1067 0.0996 
 158 0.0054 0.0058 0.0222 0.0480 0.2153 0.1140 0.1360 0.2246 0.0993 0.1293 
 159 0.0049 0.0053 0.1132 0.0398 0.2163 0.0736 0.0850 0.2981 0.0864 0.0773 
 160 0.0055 0.0048 0.1103 0.0408 0.3021 0.0826 0.0859 0.1939 0.0950 0.0791 
 161 0.0038 0.0050 0.0210 0.0444 0.1212 0.0977 0.1595 0.3540 0.1044 0.0888 
 162 0.0063 0.0054 0.0212 0.0551 0.2560 0.1080 0.1579 0.1252 0.1520 0.1130 
 163 0.0039 0.0044 0.0127 0.0429 0.4305 0.1132 0.0923 0.1407 0.0845 0.0750 
 164 0.0060 0.0054 0.1466 0.0474 0.1789 0.1038 0.1263 0.1397 0.1532 0.0927 
 165 0.0048 0.0050 0.0146 0.0833 0.2470 0.0943 0.1077 0.2430 0.1170 0.0833 
 166 0.0043 0.0084 0.1464 0.0535 0.1673 0.1285 0.1113 0.1521 0.1119 0.1162 
 167 0.0066 0.0054 0.2543 0.0464 0.2009 0.0777 0.0842 0.1018 0.0937 0.1290 
 168 0.0044 0.0103 0.0143 0.0391 0.3347 0.1150 0.1388 0.1529 0.0864 0.1041 
 169 0.0059 0.0125 0.0194 0.0488 0.1740 0.1029 0.2359 0.1826 0.0939 0.1242 
 170 0.0041 0.0044 0.0152 0.0426 0.1050 0.1363 0.0963 0.4012 0.1160 0.0788 
 171 0.0047 0.0081 0.0201 0.0403 0.2719 0.1299 0.1107 0.1556 0.1178 0.1409 
 172 0.0046 0.0136 0.0578 0.0419 0.1261 0.1761 0.2076 0.2042 0.0915 0.0765 
 173 0.0047 0.0042 0.0207 0.0389 0.4239 0.0921 0.0797 0.1477 0.1062 0.0820 
 174 0.0043 0.0045 0.0220 0.0445 0.3855 0.0716 0.1112 0.1632 0.1050 0.0883 
 175 0.0046 0.0042 0.0142 0.0375 0.2251 0.0908 0.0781 0.3402 0.0867 0.1187 
 176 0.0044 0.0049 0.0138 0.0654 0.2112 0.0825 0.0858 0.3623 0.0949 0.0749 
 177 0.0045 0.0054 0.0210 0.0621 0.2927 0.0825 0.1916 0.1323 0.1082 0.0997 
 178 0.0044 0.0043 0.0257 0.0446 0.3716 0.0759 0.1035 0.1217 0.1131 0.1351 
 179 0.0040 0.0043 0.0655 0.0351 0.4045 0.0763 0.0810 0.1534 0.0936 0.0824 
 180 0.0063 0.0064 0.0686 0.0484 0.1673 0.1087 0.1366 0.2497 0.1102 0.0978 
 181 0.0051 0.0050 0.0206 0.0433 0.2128 0.1497 0.1199 0.2436 0.1145 0.0855 
 182 0.0055 0.0045 0.0148 0.0405 0.2607 0.1486 0.0820 0.2656 0.1039 0.0740 
 183 0.0044 0.0042 0.0214 0.0367 0.3160 0.0926 0.0827 0.2621 0.0963 0.0836 
 184 0.0052 0.0071 0.0352 0.0508 0.0768 0.1714 0.0785 0.1137 0.2658 0.1955 
 185 0.0038 0.0045 0.0129 0.0388 0.3412 0.1812 0.0683 0.2037 0.0803 0.0652 
 186 0.0047 0.0042 0.0491 0.0566 0.0681 0.1274 0.0980 0.1050 0.3347 0.1523 
 187 0.0041 0.0045 0.0343 0.0456 0.2198 0.1278 0.0762 0.1372 0.2333 0.1171 
 188 0.0045 0.0043 0.0809 0.0462 0.0576 0.1336 0.0793 0.0834 0.3698 0.1403 
 189 0.0042 0.0098 0.0157 0.0420 0.1286 0.1629 0.1392 0.2155 0.1040 0.1781 
 190 0.0038 0.0039 0.0128 0.0388 0.1374 0.4222 0.0635 0.1573 0.0959 0.0645 
 191 0.0042 0.0044 0.0584 0.0485 0.1042 0.1232 0.0789 0.1247 0.3384 0.1151 
 192 0.0038 0.0045 0.0268 0.0534 0.1239 0.0918 0.0924 0.2234 0.2487 0.1314 
 193 0.0042 0.0045 0.0155 0.0521 0.1083 0.1569 0.1004 0.2139 0.2068 0.1374 
 194 0.0042 0.0049 0.0265 0.0498 0.0934 0.1522 0.1016 0.2565 0.2011 0.1098 
 195 0.0041 0.0041 0.0391 0.0353 0.2092 0.2196 0.0725 0.1890 0.1534 0.0737 
 196 0.0037 0.0055 0.0154 0.0528 0.1343 0.3297 0.0754 0.1558 0.1366 0.0908 
 197 0.0050 0.0047 0.0179 0.0629 0.1812 0.1442 0.0922 0.1026 0.1919 0.1973 
 198 0.0038 0.0050 0.0154 0.0503 0.0987 0.1520 0.1579 0.1692 0.1896 0.1582 
 199 0.0041 0.0065 0.0127 0.0515 0.0819 0.3424 0.0859 0.1972 0.1340 0.0839 
 200 0.0042 0.0058 0.0140 0.0516 0.1283 0.3283 0.0847 0.1367 0.1162 0.1302 
 201 0.0038 0.0040 0.0196 0.0402 0.3241 0.1457 0.0706 0.1450 0.1534 0.0937 
 202 0.0037 0.0040 0.0130 0.0469 0.1536 0.2046 0.0722 0.3082 0.1212 0.0726 
 203 0.0041 0.0042 0.0324 0.0436 0.3145 0.1323 0.0648 0.1554 0.1628 0.0859 
 204 0.0042 0.0044 0.0623 0.0385 0.1199 0.2327 0.0712 0.1661 0.2274 0.0735 
 205 0.0040 0.0071 0.0269 0.0456 0.1000 0.2577 0.0905 0.1446 0.2213 0.1024 
 206 0.0042 0.0042 0.0507 0.0399 0.1492 0.2063 0.0696 0.1472 0.2395 0.0891 
 207 0.0040 0.0038 0.0274 0.0563 0.0749 0.2394 0.0687 0.1477 0.2922 0.0855 
 208 0.0039 0.0041 0.0189 0.0436 0.2416 0.2086 0.0732 0.1141 0.2041 0.0879 
 209 0.0040 0.0041 0.0272 0.0510 0.1014 0.1545 0.0812 0.1784 0.2810 0.1171 
 210 0.0039 0.0040 0.0509 0.0456 0.1562 0.1734 0.0790 0.1436 0.2504 0.0930 
 211 0.0049 0.0043 0.0110 0.0871 0.1088 0.2645 0.0648 0.1950 0.1719 0.0877 
 212 0.0038 0.0038 0.0140 0.0380 0.1954 0.1740 0.0878 0.2676 0.1141 0.1015 
 213 0.0040 0.0048 0.0199 0.0603 0.0806 0.2400 0.1453 0.1810 0.1851 0.0791 
 214 0.0039 0.0040 0.0147 0.0452 0.1889 0.1582 0.0686 0.2900 0.1360 0.0905 
 215 0.0041 0.0068 0.0254 0.0571 0.0945 0.2588 0.0776 0.1114 0.2547 0.1097 
 216 0.0054 0.0050 0.0204 0.0518 0.0848 0.1715 0.0913 0.1393 0.2186 0.2118 
 217 0.0040 0.0062 0.0168 0.0409 0.1946 0.2009 0.0721 0.2369 0.1292 0.0985 
 218 0.0044 0.0072 0.0356 0.0531 0.1189 0.1723 0.0923 0.1580 0.2587 0.0995 
 219 0.0059 0.0085 0.0186 0.0421 0.1776 0.1465 0.0933 0.1755 0.1388 0.1932 
 220 0.0040 0.0042 0.0710 0.0434 0.1018 0.1719 0.0705 0.1236 0.3234 0.0862 
 221 0.0038 0.0039 0.0122 0.0364 0.1068 0.1754 0.0697 0.4304 0.0910 0.0704 
 222 0.0051 0.0049 0.0222 0.0473 0.1031 0.1302 0.0949 0.1718 0.1940 0.2265 
 223 0.0040 0.0052 0.0185 0.0470 0.2362 0.1351 0.0913 0.1652 0.1616 0.1359 
 224 0.0044 0.0044 0.0395 0.0409 0.1912 0.1407 0.0695 0.2194 0.1986 0.0914 
 225 0.0040 0.0046 0.0300 0.0447 0.1157 0.2286 0.0845 0.1738 0.2162 0.0979 
 226 0.0054 0.0528 0.0197 0.0545 0.1120 0.1678 0.1070 0.1648 0.1616 0.1544 
 227 0.0040 0.0042 0.0247 0.0472 0.1537 0.2750 0.0694 0.1659 0.1834 0.0725 
 228 0.0041 0.0049 0.0336 0.0387 0.1990 0.2790 0.0683 0.1730 0.1322 0.0672 
 229 0.0040 0.0046 0.0589 0.0407 0.1663 0.0933 0.0694 0.2400 0.2284 0.0945 
 230 0.0043 0.0045 0.0580 0.0457 0.1443 0.1173 0.0686 0.2180 0.2491 0.0902 
 231 0.0040 0.0042 0.0391 0.0430 0.2204 0.1081 0.0797 0.1623 0.2147 0.1245 
 232 0.0043 0.0054 0.0192 0.0508 0.0941 0.1565 0.1525 0.2713 0.1660 0.0799 
 233 0.0041 0.0040 0.0151 0.0440 0.3372 0.1172 0.0694 0.1789 0.1367 0.0934 
 234 0.0037 0.0043 0.0163 0.0537 0.1635 0.1124 0.1048 0.1473 0.2201 0.1739 
 235 0.0043 0.0072 0.0177 0.0442 0.1243 0.1889 0.0926 0.2504 0.1578 0.1125 
 236 0.0039 0.0044 0.0153 0.0512 0.2045 0.1285 0.0800 0.2197 0.1699 0.1225 
 237 0.0040 0.0042 0.0294 0.0544 0.1084 0.2514 0.0818 0.1260 0.2469 0.0935 
 238 0.0037 0.0039 0.0152 0.0495 0.1722 0.1362 0.0824 0.2871 0.1484 0.1014 
 239 0.0040 0.0042 0.0379 0.0353 0.2093 0.2204 0.0731 0.1891 0.1530 0.0736 
 240 0.0037 0.0039 0.0155 0.0489 0.1713 0.1356 0.0823 0.2885 0.1491 0.1012 
 241 0.0045 0.0047 0.0160 0.0406 0.1452 0.1757 0.0881 0.3185 0.1235 0.0831 
 242 0.0043 0.0075 0.0571 0.0389 0.1285 0.1771 0.1021 0.1736 0.1838 0.1271 
 243 0.0039 0.0038 0.0150 0.0473 0.1422 0.3575 0.0635 0.1533 0.1348 0.0787 
 244 0.0042 0.0044 0.0363 0.0450 0.2157 0.1372 0.0684 0.2100 0.1900 0.0888 
 245 0.0038 0.0040 0.0142 0.0420 0.3007 0.1478 0.0893 0.2098 0.1085 0.0798 
 246 0.0039 0.0062 0.0171 0.0411 0.1960 0.1996 0.0722 0.2370 0.1295 0.0975 
 247 0.0036 0.0050 0.0272 0.0725 0.0654 0.1592 0.1397 0.1020 0.2907 0.1348 
 248 0.0037 0.0043 0.0149 0.0603 0.0832 0.2366 0.0809 0.0936 0.3166 0.1059 
 249 0.0042 0.0041 0.0260 0.0466 0.1261 0.1322 0.0692 0.3050 0.1943 0.0921 
 250 0.0042 0.0046 0.0265 0.0511 0.1372 0.1088 0.0785 0.2310 0.2360 0.1221 
 251 0.0045 0.0089 0.0148 0.0612 0.1048 0.2256 0.1108 0.1340 0.1403 0.1952 
 252 0.0040 0.0048 0.0313 0.0418 0.1383 0.1791 0.0884 0.2108 0.1992 0.1023 
 253 0.0040 0.0081 0.0138 0.0638 0.0760 0.2507 0.1232 0.1482 0.1889 0.1233 
 254 0.0051 0.0042 0.0228 0.0454 0.1403 0.1598 0.0798 0.1421 0.2061 0.1944 
 255 0.0040 0.0042 0.0286 0.0453 0.1178 0.1196 0.0853 0.2090 0.2597 0.1266 
 256 0.0042 0.0045 0.0173 0.0464 0.1228 0.2073 0.0806 0.2563 0.1617 0.0989 
 257 0.0062 0.0074 0.0281 0.0528 0.1128 0.1983 0.0890 0.1797 0.2191 0.1065 
 258 0.0036 0.0044 0.0137 0.0551 0.1197 0.2689 0.1112 0.1159 0.1810 0.1265 
 259 0.0045 0.0046 0.0281 0.0513 0.0994 0.1444 0.0784 0.2020 0.2705 0.1167 
 260 0.0048 0.0043 0.0167 0.0456 0.1756 0.1022 0.0793 0.2085 0.1561 0.2069 
 261 0.0038 0.0046 0.0165 0.0398 0.1944 0.2166 0.0890 0.2004 0.1359 0.0991 
 262 0.0039 0.0053 0.0140 0.0372 0.1558 0.3272 0.0715 0.2126 0.0994 0.0731 
 263 0.0054 0.0042 0.0547 0.0452 0.1094 0.2091 0.0677 0.1117 0.2588 0.1338 
 264 0.0059 0.0049 0.0161 0.0506 0.0565 0.1533 0.1025 0.0914 0.2112 0.3077 
 265 0.0040 0.0073 0.0184 0.0462 0.1708 0.1780 0.0901 0.1514 0.1993 0.1345 
 266 0.0040 0.0039 0.0126 0.0369 0.1818 0.2055 0.0708 0.3180 0.0958 0.0708 
 267 0.0039 0.0039 0.0146 0.0585 0.1441 0.1608 0.0806 0.1949 0.2174 0.1213 
 268 0.0037 0.0056 0.0148 0.0527 0.1339 0.3297 0.0750 0.1565 0.1377 0.0905 
 269 0.0040 0.0080 0.0172 0.0454 0.1799 0.1394 0.1041 0.1541 0.1413 0.2066 
 270 0.0054 0.0046 0.0309 0.0544 0.0962 0.1657 0.0974 0.1174 0.2636 0.1644 
 271 0.0042 0.0053 0.0159 0.0594 0.1020 0.2601 0.0924 0.1325 0.2082 0.1198 
 272 0.0053 0.0473 0.0166 0.0631 0.1061 0.2462 0.0986 0.1353 0.1458 0.1356 
 273 0.0183 0.0177 0.0456 0.0663 0.1294 0.1172 0.1258 0.1769 0.1787 0.1243 
 274 0.0045 0.0089 0.0176 0.0526 0.1088 0.1895 0.1047 0.1594 0.2088 0.1452 
 275 0.0075 0.0171 0.0471 0.0555 0.1367 0.1641 0.0925 0.1414 0.1853 0.1529 
 276 0.0051 0.0367 0.0159 0.0667 0.0725 0.2621 0.0930 0.1573 0.1789 0.1117 
 277 0.0041 0.0050 0.0197 0.0468 0.1494 0.1296 0.0960 0.2224 0.1858 0.1412 
 278 0.0040 0.0068 0.0149 0.0546 0.1223 0.3198 0.0779 0.1099 0.1814 0.1084 
 279 0.0043 0.0050 0.0186 0.0512 0.1285 0.1664 0.0945 0.1919 0.2063 0.1333 
 280 0.0041 0.0089 0.0166 0.0463 0.1382 0.2004 0.1182 0.1628 0.1669 0.1375 
 281 0.0044 0.0049 0.0206 0.0556 0.1089 0.1746 0.1163 0.1590 0.2519 0.1039 
 282 0.0037 0.0043 0.0149 0.0457 0.2305 0.0999 0.0816 0.2381 0.1506 0.1307 
 283 0.0040 0.0042 0.0254 0.0436 0.2378 0.1086 0.0667 0.2570 0.1597 0.0931 
 284 0.0039 0.0047 0.0226 0.0673 0.1530 0.1491 0.0949 0.1892 0.1798 0.1354 
 285 0.0039 0.0053 0.0221 0.0572 0.0569 0.2849 0.1022 0.0836 0.2817 0.1023 
 286 0.0041 0.0043 0.0366 0.0446 0.2131 0.1372 0.0689 0.2133 0.1887 0.0892 
 287 0.0043 0.0085 0.0197 0.0525 0.1297 0.1472 0.1277 0.1864 0.2015 0.1224 
 288 0.0054 0.0402 0.0347 0.0545 0.1040 0.1676 0.0896 0.1380 0.2322 0.1339 
 289 0.0066 0.0178 0.0358 0.0684 0.0924 0.1995 0.0896 0.1228 0.2279 0.1392 
 290 0.0057 0.0050 0.0179 0.0577 0.0753 0.2268 0.0979 0.1923 0.1713 0.1502 
 291 0.0042 0.0052 0.0164 0.0599 0.1017 0.2593 0.0928 0.1320 0.2088 0.1201 
 292 0.0040 0.0084 0.0140 0.0404 0.1339 0.2693 0.1241 0.1773 0.1218 0.1067 
 293 0.0046 0.0046 0.0114 0.0594 0.0772 0.2557 0.1274 0.1150 0.1469 0.1977 
 294 0.0057 0.0064 0.0640 0.0420 0.0770 0.2542 0.0719 0.1208 0.2348 0.1231 
 295 0.0053 0.0173 0.0360 0.0651 0.0815 0.2623 0.1125 0.1316 0.1645 0.1240 
 296 0.0043 0.0064 0.0297 0.0600 0.1109 0.2477 0.0853 0.1303 0.2368 0.0888 
 297 0.0043 0.0095 0.0302 0.0467 0.0934 0.1622 0.1201 0.1590 0.2356 0.1391 
 298 0.0039 0.0046 0.0273 0.0466 0.1555 0.0854 0.0818 0.2532 0.2124 0.1295 
 299 0.0050 0.0044 0.0841 0.0414 0.0960 0.1263 0.0695 0.1304 0.3005 0.1424 
 300 0.0042 0.0049 0.0626 0.0450 0.0744 0.2062 0.0946 0.1182 0.3017 0.0882 
 301 0.0053 0.0075 0.0249 0.0513 0.0986 0.1742 0.0852 0.1207 0.2056 0.2268 
 302 0.0059 0.0067 0.0418 0.0457 0.0928 0.3426 0.0720 0.1010 0.1646 0.1269 
 303 0.0041 0.0049 0.0344 0.0428 0.1736 0.1352 0.0996 0.2279 0.1819 0.0956 
 304 0.0054 0.0044 0.0223 0.0595 0.2336 0.0771 0.0963 0.1584 0.1537 0.1892 
 305 0.0043 0.0070 0.0452 0.0389 0.1617 0.2496 0.0793 0.1710 0.1599 0.0832 
 306 0.0042 0.0075 0.0169 0.0429 0.1417 0.1640 0.0836 0.3011 0.1267 0.1113 
 307 0.0047 0.0053 0.0161 0.0520 0.1113 0.1459 0.0926 0.2476 0.1883 0.1362 
 308 0.0039 0.0045 0.0163 0.0398 0.1956 0.2166 0.0884 0.1998 0.1348 0.1002 
 309 0.0129 0.0182 0.0979 0.0655 0.1033 0.1575 0.0789 0.1112 0.2568 0.0978 
 310 0.0041 0.0039 0.0171 0.0438 0.1614 0.2531 0.0688 0.2000 0.1617 0.0861 
 311 0.0043 0.0045 0.0582 0.0450 0.1450 0.1170 0.0684 0.2192 0.2479 0.0904 
 312 0.0037 0.0041 0.0651 0.0524 0.1038 0.2066 0.0723 0.1216 0.2848 0.0855 
 313 0.0043 0.0047 0.0229 0.0477 0.0701 0.3801 0.0750 0.1014 0.2062 0.0876 
 314 0.0043 0.0063 0.0991 0.0375 0.2399 0.1332 0.0823 0.2449 0.0781 0.0744 
 315 0.0040 0.0081 0.0870 0.0376 0.2971 0.1190 0.0946 0.1756 0.0780 0.0990 
 316 0.0060 0.0121 0.1578 0.0391 0.2798 0.0793 0.1023 0.1335 0.0822 0.1079 
 317 0.0046 0.0060 0.1065 0.0380 0.2805 0.0848 0.0848 0.2391 0.0792 0.0763 
 318 0.0043 0.0056 0.1828 0.0367 0.3169 0.0617 0.0874 0.1463 0.0784 0.0799 
 319 0.0041 0.0042 0.0123 0.0367 0.3376 0.0864 0.0802 0.2829 0.0820 0.0735 
 320 0.0044 0.0061 0.0995 0.0372 0.2410 0.1329 0.0816 0.2451 0.0781 0.0742 
 321 0.0044 0.0057 0.1830 0.0374 0.2126 0.0744 0.0873 0.2371 0.0788 0.0793 
 322 0.0063 0.0131 0.0742 0.0410 0.2392 0.1209 0.0979 0.2210 0.0831 0.1034 
 323 0.0109 0.0063 0.0676 0.0370 0.3756 0.0673 0.0846 0.1860 0.0820 0.0827 
 324 0.0043 0.0055 0.1828 0.0372 0.2120 0.0744 0.0876 0.2375 0.0789 0.0798 
 325 0.0043 0.0096 0.2177 0.0378 0.2547 0.0737 0.0948 0.1258 0.0791 0.1024 
 326 0.0061 0.0158 0.3031 0.0381 0.1622 0.0730 0.0931 0.1318 0.0786 0.0983 
 327 0.0048 0.0061 0.1045 0.0381 0.2822 0.0856 0.0844 0.2377 0.0793 0.0772 
 328 0.0041 0.0085 0.0948 0.0386 0.2115 0.1045 0.0980 0.2502 0.0856 0.1042 
 329 0.0039 0.0043 0.0214 0.0356 0.3734 0.0611 0.0854 0.2582 0.0782 0.0784 
 330 0.0047 0.0059 0.1047 0.0381 0.2795 0.0852 0.0843 0.2413 0.0798 0.0765 
 331 0.0041 0.0047 0.0616 0.0358 0.4070 0.0661 0.0865 0.1733 0.0823 0.0787 
 332 0.0081 0.0123 0.2982 0.0380 0.1638 0.0730 0.0924 0.1340 0.0782 0.1019 
 333 0.0066 0.0126 0.2265 0.0384 0.1839 0.0845 0.0922 0.1730 0.0851 0.0973 
 334 0.0042 0.0086 0.0953 0.0382 0.2097 0.1044 0.0969 0.2523 0.0848 0.1055 
 335 0.0043 0.0087 0.0408 0.0384 0.2628 0.1085 0.0913 0.2668 0.0789 0.0996 
 336 0.0081 0.0062 0.2619 0.0365 0.1813 0.0941 0.0848 0.1714 0.0767 0.0791 
 337 0.0043 0.0104 0.2072 0.0390 0.1692 0.0933 0.0959 0.1999 0.0793 0.1014 
 338 0.0043 0.0054 0.2845 0.0363 0.2095 0.0612 0.0870 0.1543 0.0785 0.0791 
 339 0.0042 0.0047 0.0644 0.0356 0.4056 0.0659 0.0862 0.1719 0.0832 0.0784 
 340 0.0041 0.0044 0.0292 0.0357 0.4532 0.0697 0.0810 0.1670 0.0812 0.0745 
 341 0.0090 0.0077 0.1239 0.0377 0.2983 0.0691 0.0857 0.2068 0.0839 0.0780 
 342 0.0047 0.0062 0.1079 0.0380 0.2770 0.0845 0.0840 0.2408 0.0794 0.0774 
 343 0.0091 0.0116 0.0817 0.0386 0.1604 0.1439 0.0893 0.2874 0.0769 0.1009 
 344 0.0043 0.0047 0.0657 0.0357 0.4010 0.0612 0.0858 0.1852 0.0780 0.0785 
 345 0.0047 0.0059 0.1067 0.0374 0.2795 0.0851 0.0849 0.2391 0.0798 0.0770 
 346 0.0046 0.0057 0.1044 0.0368 0.3948 0.0672 0.0841 0.1466 0.0785 0.0773 
 347 0.0044 0.0044 0.0282 0.0360 0.4513 0.0653 0.0808 0.1783 0.0772 0.0742 
 348 0.0039 0.0079 0.0376 0.0377 0.2182 0.1712 0.0862 0.2693 0.0768 0.0912 
 349 0.0045 0.0060 0.1055 0.0380 0.2808 0.0851 0.0842 0.2404 0.0790 0.0767 
 350 0.0040 0.0046 0.0204 0.0361 0.4027 0.1022 0.0857 0.1861 0.0826 0.0757 
 351 0.0043 0.0085 0.0409 0.0384 0.2594 0.1094 0.0915 0.2696 0.0782 0.0998 
 352 0.0046 0.0117 0.1278 0.0398 0.2243 0.1135 0.0938 0.2056 0.0804 0.0985 
 353 0.0082 0.0064 0.2628 0.0359 0.1822 0.0938 0.0851 0.1712 0.0761 0.0783 
 354 0.0058 0.0061 0.0614 0.0379 0.3767 0.0631 0.0887 0.1985 0.0811 0.0807 
 355 0.0043 0.0056 0.1847 0.0362 0.3167 0.0615 0.0876 0.1449 0.0786 0.0799 
 356 0.0035 0.0071 0.0131 0.0368 0.1627 0.1627 0.0848 0.3627 0.0758 0.0910 
 357 0.0040 0.0077 0.0156 0.0409 0.2806 0.0851 0.1396 0.1326 0.0936 0.2004 
 358 0.0041 0.0080 0.2264 0.0376 0.1962 0.0739 0.0934 0.1825 0.0779 0.1000 
 359 0.0043 0.0045 0.2012 0.0361 0.2431 0.0670 0.0854 0.1973 0.0838 0.0774 
 360 0.0044 0.0058 0.1038 0.0372 0.3959 0.0674 0.0847 0.1454 0.0784 0.0769 
 361 0.0039 0.0072 0.0149 0.0415 0.1662 0.1144 0.1377 0.2217 0.0950 0.1975 
 362 0.0047 0.0110 0.0400 0.0614 0.0869 0.1384 0.2255 0.1022 0.1700 0.1599 
 363 0.0062 0.0078 0.0182 0.0806 0.0624 0.1096 0.2122 0.0920 0.2086 0.2023 
 364 0.0118 0.0071 0.0190 0.0612 0.1331 0.1073 0.1057 0.2088 0.1416 0.2046 
 365 0.0119 0.0111 0.0159 0.0694 0.0676 0.0964 0.2681 0.1042 0.1532 0.2021 
 366 0.0052 0.0100 0.0166 0.0484 0.0905 0.2126 0.1254 0.1382 0.1385 0.2146 
 367 0.0045 0.0071 0.0136 0.1718 0.0528 0.0706 0.2625 0.0769 0.1855 0.1549 
 368 0.0042 0.0051 0.0188 0.0698 0.0713 0.0868 0.1462 0.1168 0.3390 0.1419 
 369 0.0058 0.0068 0.0382 0.0485 0.0702 0.1830 0.1045 0.2193 0.1294 0.1943 
 370 0.0088 0.0124 0.0400 0.1066 0.0720 0.1026 0.1192 0.1189 0.2641 0.1554 
 371 0.0082 0.0075 0.0411 0.0569 0.0816 0.1220 0.1041 0.1390 0.1856 0.2541 
 372 0.0267 0.0173 0.0489 0.0818 0.0912 0.1158 0.1151 0.1289 0.2797 0.0947 
 373 0.0047 0.0044 0.0178 0.1147 0.0817 0.0932 0.1705 0.1688 0.2078 0.1363 
 374 0.0058 0.0103 0.0177 0.0852 0.0929 0.0907 0.1364 0.2446 0.1459 0.1706 
 375 0.0115 0.0083 0.0295 0.0756 0.0595 0.0707 0.1561 0.0895 0.2424 0.2569 
 376 0.0840 0.0083 0.0140 0.0621 0.0564 0.0721 0.2610 0.0885 0.1104 0.2432 
 377 0.0058 0.0085 0.0284 0.0625 0.0882 0.1500 0.1930 0.0954 0.2063 0.1621 
 378 0.0043 0.0056 0.0282 0.1736 0.1369 0.1020 0.1829 0.1371 0.1403 0.0890 
 379 0.1444 0.0142 0.0158 0.0742 0.0516 0.0816 0.1881 0.0812 0.1218 0.2271 
 380 0.0087 0.0200 0.0208 0.0428 0.0888 0.1116 0.2690 0.1915 0.1165 0.1302 
 381 0.0081 0.0074 0.0141 0.0406 0.0738 0.1475 0.1737 0.2013 0.0945 0.2391 
 382 0.0041 0.0048 0.0191 0.0646 0.0691 0.0708 0.1384 0.0865 0.1496 0.3930 
 383 0.0097 0.0306 0.1475 0.0453 0.1003 0.0747 0.1974 0.0984 0.1381 0.1580 
 384 0.0338 0.0176 0.0618 0.0683 0.1038 0.0719 0.1494 0.1219 0.1427 0.2287 
 385 0.0058 0.0049 0.1145 0.1570 0.1088 0.0699 0.1108 0.1086 0.1768 0.1429 
 386 0.0037 0.0050 0.0126 0.0763 0.0607 0.0888 0.2758 0.0930 0.1684 0.2157 
 387 0.0042 0.0053 0.0113 0.0790 0.0888 0.0923 0.2460 0.0842 0.1478 0.2410 
 388 0.0119 0.0090 0.0233 0.0873 0.1239 0.0715 0.1621 0.1731 0.1714 0.1666 
 389 0.0085 0.0077 0.0270 0.1122 0.0678 0.2304 0.0823 0.0962 0.2363 0.1317 
 390 0.0149 0.0238 0.0226 0.1053 0.0560 0.1314 0.2791 0.0938 0.1339 0.1393 
 391 0.0105 0.0138 0.0178 0.1535 0.0693 0.1380 0.1142 0.1495 0.1972 0.1362 
 392 0.0060 0.0050 0.0130 0.0631 0.1177 0.1046 0.2647 0.1233 0.1474 0.1552 
 393 0.0063 0.0145 0.0151 0.0451 0.0823 0.0977 0.3951 0.1360 0.0955 0.1124 
 394 0.0042 0.0087 0.0332 0.0752 0.1379 0.0965 0.2126 0.1547 0.1459 0.1311 
 395 0.0037 0.0100 0.0139 0.0664 0.0786 0.1826 0.2382 0.0896 0.1900 0.1271 
 396 0.0045 0.0045 0.0130 0.0791 0.0503 0.0800 0.1861 0.0814 0.2603 0.2407 
 397 0.0471 0.0051 0.0259 0.0446 0.1047 0.1341 0.0902 0.1762 0.1740 0.1982 
 398 0.0296 0.0100 0.0116 0.0873 0.0537 0.0811 0.4014 0.0825 0.1281 0.1146 
 399 0.0045 0.0177 0.0195 0.2013 0.0609 0.1220 0.1461 0.0966 0.2016 0.1299 
 400 0.0050 0.0048 0.0126 0.0923 0.0622 0.0877 0.2222 0.1424 0.1313 0.2396 
 401 0.0039 0.0048 0.0112 0.1203 0.0820 0.1546 0.2487 0.1148 0.1613 0.0984 
 402 0.0051 0.0048 0.0142 0.0789 0.0827 0.1539 0.1805 0.1226 0.2224 0.1349 
 403 0.0056 0.0063 0.0148 0.0776 0.2334 0.0998 0.1504 0.1639 0.1365 0.1116 
 404 0.0057 0.0054 0.0177 0.0790 0.0719 0.0820 0.1474 0.1607 0.2301 0.2000 
 405 0.0038 0.0088 0.0146 0.0526 0.0786 0.1311 0.2025 0.1372 0.1754 0.1953 
 406 0.0038 0.0872 0.0124 0.0424 0.0747 0.1675 0.1680 0.1899 0.1094 0.1447 
 407 0.0037 0.0076 0.0111 0.0533 0.0495 0.0738 0.3935 0.0825 0.1425 0.1826 
 408 0.0037 0.0042 0.0117 0.1243 0.0481 0.2148 0.1569 0.0739 0.2659 0.0966 
 409 0.0078 0.0169 0.0163 0.0477 0.0684 0.1052 0.2438 0.3095 0.0982 0.0862 
 410 0.0579 0.0112 0.0172 0.0921 0.0908 0.1010 0.2623 0.1093 0.1359 0.1223 
 411 0.0092 0.0060 0.0443 0.0557 0.0915 0.1269 0.1779 0.1051 0.1224 0.2612 
 412 0.0042 0.0046 0.0211 0.0746 0.0693 0.0836 0.1791 0.1035 0.2970 0.1628 
 413 0.0041 0.0045 0.0271 0.0746 0.1301 0.0890 0.1935 0.1246 0.2158 0.1366 
 414 0.0039 0.0049 0.0284 0.1100 0.0615 0.0793 0.1197 0.0667 0.2916 0.2341 
 415 0.0044 0.0079 0.0118 0.0649 0.0541 0.1551 0.1986 0.1213 0.1370 0.2449 
 416 0.0055 0.0051 0.0159 0.1110 0.0683 0.1248 0.2281 0.1628 0.1611 0.1174 
 417 0.0050 0.0252 0.0202 0.0658 0.0562 0.0840 0.3040 0.1058 0.1595 0.1743 
 418 0.0052 0.0052 0.0180 0.1113 0.0565 0.0689 0.1983 0.0907 0.2510 0.1948 
 419 0.0087 0.0097 0.0165 0.0749 0.1137 0.1017 0.2315 0.1744 0.1453 0.1236 
 420 0.0036 0.0047 0.0104 0.1157 0.0506 0.2178 0.2337 0.1026 0.1579 0.1028 
 421 0.0050 0.0124 0.0221 0.0721 0.0561 0.0867 0.2839 0.1107 0.2449 0.1061 
 422 0.0047 0.0092 0.0142 0.0470 0.0641 0.1858 0.2899 0.1033 0.1920 0.0897 
 423 0.0054 0.0084 0.0174 0.0603 0.0993 0.1074 0.1449 0.0966 0.1823 0.2778 
 424 0.0060 0.0129 0.0146 0.1219 0.0829 0.1531 0.1729 0.1208 0.1458 0.1691 
 425 0.0156 0.0091 0.0172 0.0846 0.1079 0.0963 0.1514 0.1188 0.1622 0.2369 
 426 0.0221 0.0222 0.0396 0.1244 0.0841 0.0947 0.1535 0.1272 0.1540 0.1782 
 427 0.0041 0.0082 0.0194 0.0770 0.1320 0.0686 0.3856 0.0763 0.1020 0.1269 
 428 0.0137 0.0274 0.0153 0.0470 0.1125 0.1362 0.2770 0.1522 0.1150 0.1038 
 429 0.0049 0.0055 0.0146 0.0928 0.0520 0.0691 0.2727 0.0767 0.1602 0.2514 
 430 0.0041 0.0147 0.0174 0.0486 0.0547 0.0815 0.4029 0.0871 0.1536 0.1354 
 431 0.0081 0.0130 0.0271 0.1296 0.1046 0.1154 0.1110 0.1129 0.1809 0.1975 
 432 0.0042 0.0049 0.0148 0.0740 0.0743 0.1001 0.1903 0.1218 0.2881 0.1275 
 433 0.0060 0.0055 0.0154 0.0598 0.1407 0.1250 0.1099 0.2287 0.1776 0.1312 
 434 0.0044 0.0049 0.0223 0.0496 0.0832 0.1163 0.1647 0.1721 0.1907 0.1919 
 435 0.0040 0.0166 0.0111 0.0597 0.0535 0.0914 0.4053 0.0800 0.1272 0.1511 
 436 0.0058 0.0511 0.0115 0.1081 0.0599 0.0983 0.2342 0.1340 0.0854 0.2116 
 437 0.0054 0.0071 0.0125 0.0438 0.0572 0.0860 0.1440 0.0905 0.1377 0.4158 
 438 0.0048 0.0339 0.0145 0.0769 0.0609 0.1530 0.3032 0.1420 0.1000 0.1109 
 439 0.0040 0.0210 0.0114 0.0596 0.0565 0.0699 0.4616 0.0963 0.0854 0.1343 
 440 0.0036 0.0298 0.0103 0.0820 0.0477 0.0839 0.2486 0.0718 0.1123 0.3099 
 441 0.0040 0.0099 0.0149 0.0494 0.0748 0.0865 0.3723 0.1374 0.1043 0.1466 
 442 0.0053 0.0051 0.0104 0.0978 0.0500 0.1122 0.2038 0.1047 0.1830 0.2277 
 443 0.0039 0.0098 0.0106 0.1658 0.0494 0.1979 0.2288 0.0816 0.1210 0.1311 
 444 0.0052 0.0078 0.0106 0.0851 0.0499 0.1293 0.1841 0.1011 0.1552 0.2717 
 445 0.0294 0.0098 0.0125 0.0449 0.0664 0.1079 0.3646 0.1763 0.0909 0.0973 
 446 0.0340 0.0140 0.0126 0.1214 0.0554 0.0632 0.3995 0.0913 0.1029 0.1056 
 447 0.0054 0.0418 0.0119 0.0833 0.0709 0.1197 0.2173 0.1503 0.1244 0.1749 
 448 0.0041 0.0095 0.0120 0.0571 0.0575 0.0993 0.2993 0.0965 0.1567 0.2079 
 449 0.0041 0.0099 0.0122 0.0564 0.0728 0.1005 0.2665 0.1298 0.1386 0.2093 
 450 0.0059 0.0055 0.0138 0.0631 0.0799 0.0589 0.2692 0.1376 0.1155 0.2506 
 451 0.0043 0.0070 0.0112 0.1147 0.0483 0.1114 0.1428 0.0715 0.2790 0.2098 
 452 0.0045 0.0057 0.0122 0.0733 0.0780 0.0684 0.3424 0.1302 0.1140 0.1712 
 453 0.0039 0.0071 0.0126 0.0785 0.0558 0.2779 0.1873 0.1304 0.1405 0.1060 
 454 0.0040 0.0087 0.0248 0.0601 0.0851 0.0964 0.2636 0.1133 0.1141 0.2298 
 455 0.0042 0.0326 0.0118 0.0771 0.0500 0.1107 0.3628 0.0905 0.0967 0.1636 
 456 0.0046 0.0109 0.0102 0.0719 0.0500 0.2073 0.2446 0.0861 0.1058 0.2087 
 457 0.0046 0.0106 0.0114 0.0444 0.0581 0.0861 0.2740 0.1040 0.1206 0.2861 
 458 0.0303 0.0086 0.0122 0.0605 0.0576 0.0701 0.4573 0.0967 0.0989 0.1078 
 459 0.0041 0.0116 0.0114 0.0786 0.0694 0.0712 0.3586 0.1528 0.0917 0.1507 
 460 0.0039 0.0095 0.0111 0.1053 0.0539 0.0777 0.3893 0.0812 0.1058 0.1623 
 461 0.0052 0.0053 0.0115 0.1390 0.0543 0.0579 0.3085 0.0862 0.1307 0.2013 
 462 0.0067 0.0106 0.0160 0.1136 0.0460 0.1170 0.2531 0.0674 0.1681 0.2014 
 463 0.0038 0.0403 0.0141 0.0462 0.0605 0.2532 0.2224 0.1055 0.1015 0.1525 
 464 0.0036 0.0108 0.0105 0.1119 0.0494 0.1355 0.3204 0.0856 0.1230 0.1492 
 465 0.0050 0.0067 0.0126 0.0901 0.0562 0.1106 0.3320 0.0990 0.1542 0.1338 
 466 0.0037 0.0110 0.0112 0.0790 0.0502 0.2056 0.2643 0.0894 0.1383 0.1472 
 467 0.0041 0.0097 0.0159 0.0566 0.0658 0.1130 0.3480 0.1105 0.1311 0.1453 
 468 0.0044 0.0383 0.0103 0.0435 0.0496 0.1448 0.2280 0.0880 0.1017 0.2912 
 469 0.0042 0.0920 0.0114 0.0456 0.0536 0.0692 0.4119 0.0851 0.0828 0.1441 
 470 0.0038 0.0253 0.0109 0.0822 0.0533 0.0810 0.4065 0.0834 0.1081 0.1456 
 471 0.0046 0.0061 0.0115 0.1013 0.0569 0.1865 0.2150 0.0971 0.1675 0.1534 
 472 0.0047 0.0056 0.0111 0.0627 0.0519 0.1340 0.3150 0.1007 0.1480 0.1663 
 473 0.0042 0.0102 0.0147 0.0464 0.0734 0.1247 0.2324 0.1270 0.1589 0.2080 
 474 0.0042 0.0056 0.0115 0.0720 0.0701 0.1061 0.3246 0.1314 0.1120 0.1625 
 475 0.0041 0.0067 0.0124 0.0905 0.0736 0.0984 0.2917 0.1499 0.1460 0.1268 
 476 0.0053 0.0079 0.0118 0.0636 0.0530 0.1022 0.2450 0.1002 0.0896 0.3213 
 477 0.0052 0.0087 0.0124 0.1131 0.0611 0.1172 0.2191 0.1351 0.1483 0.1798 
 478 0.0053 0.0085 0.0121 0.2368 0.0536 0.0794 0.2271 0.0788 0.1704 0.1278 
 479 0.0040 0.0087 0.0108 0.0675 0.0539 0.0760 0.3152 0.0816 0.1095 0.2728 
 480 0.0046 0.0091 0.0115 0.0574 0.0565 0.0770 0.2801 0.0941 0.0948 0.3149 
 481 0.0043 0.0056 0.0115 0.0743 0.0567 0.1175 0.2096 0.0959 0.2466 0.1781 
 482 0.0045 0.0059 0.0106 0.0826 0.0534 0.0679 0.3225 0.0828 0.1092 0.2605 
 483 0.0047 0.0330 0.0134 0.0854 0.0572 0.0731 0.3918 0.1054 0.0968 0.1392 
 484 0.0044 0.0293 0.0124 0.0547 0.0559 0.1717 0.3640 0.0935 0.0983 0.1157 
 485 0.0046 0.1376 0.0127 0.0831 0.0557 0.0788 0.2966 0.0853 0.0951 0.1505 
 486 0.0059 0.0051 0.0130 0.1015 0.0676 0.2580 0.0974 0.1111 0.1566 0.1838 
 487 0.0066 0.0053 0.0138 0.0790 0.1347 0.1522 0.1041 0.1354 0.1724 0.1965 
 488 0.0061 0.0050 0.0139 0.1365 0.1503 0.1286 0.1007 0.0880 0.2346 0.1364 
 489 0.0056 0.0047 0.0156 0.0497 0.0781 0.1496 0.0817 0.2266 0.1643 0.2242 
 490 0.0047 0.0051 0.0107 0.1436 0.0551 0.1956 0.1310 0.0804 0.1759 0.1979 
 491 0.0056 0.0048 0.0154 0.0887 0.0895 0.1591 0.0919 0.2048 0.2184 0.1219 
 492 0.0042 0.0053 0.0131 0.1329 0.1901 0.1453 0.1044 0.1497 0.1576 0.0973 
 493 0.0066 0.0067 0.0141 0.1156 0.1389 0.1497 0.0745 0.0750 0.2363 0.1825 
 494 0.0137 0.0086 0.0145 0.0884 0.0834 0.1757 0.0982 0.1890 0.1640 0.1645 
 495 0.0125 0.0081 0.0139 0.1928 0.1425 0.1483 0.0838 0.1212 0.1443 0.1327 
 496 0.0041 0.0053 0.0155 0.0494 0.0956 0.1493 0.1230 0.3043 0.1337 0.1199 
 497 0.0099 0.0074 0.0219 0.1091 0.1542 0.1288 0.0911 0.1279 0.2020 0.1477 
 498 0.0067 0.0076 0.0140 0.1248 0.0542 0.1434 0.1013 0.1685 0.1977 0.1819 
 499 0.0092 0.0054 0.0160 0.0566 0.1602 0.1605 0.0961 0.1984 0.1380 0.1595 
 500 0.0080 0.0082 0.0138 0.0548 0.1032 0.1732 0.0927 0.1020 0.1535 0.2906 
 501 0.0064 0.0052 0.0135 0.0663 0.1039 0.0918 0.1325 0.2243 0.1538 0.2021 
 502 0.0053 0.0052 0.0123 0.1264 0.1120 0.0710 0.1316 0.2426 0.1849 0.1089 
 503 0.0052 0.0059 0.0126 0.0563 0.0687 0.1028 0.1794 0.1183 0.2328 0.2180 
 504 0.0056 0.0052 0.0117 0.1649 0.0616 0.1599 0.1276 0.1253 0.2116 0.1267 
 505 0.0054 0.0075 0.0128 0.0761 0.0766 0.2296 0.0854 0.1917 0.1976 0.1173 
 506 0.0050 0.0045 0.0138 0.1399 0.1025 0.1057 0.1022 0.2305 0.1922 0.1037 
 507 0.0049 0.0046 0.0152 0.0377 0.1783 0.1853 0.0845 0.3089 0.0998 0.0807 
 508 0.0078 0.0050 0.0154 0.0487 0.2139 0.1836 0.0720 0.2578 0.1115 0.0845 
 509 0.0050 0.0054 0.0127 0.0639 0.1462 0.2018 0.1019 0.1751 0.1779 0.1102 
 510 0.0084 0.0049 0.0144 0.0572 0.1474 0.1014 0.0828 0.2328 0.1411 0.2094 
 511 0.0071 0.0201 0.0149 0.1099 0.0626 0.1382 0.1400 0.1338 0.1617 0.2118 
 512 0.0053 0.0050 0.0119 0.0965 0.0575 0.0874 0.1597 0.0904 0.1664 0.3199 
 513 0.0066 0.0068 0.0144 0.2566 0.0851 0.1780 0.0643 0.1101 0.2060 0.0722 
 514 0.0052 0.0053 0.0186 0.1346 0.1103 0.1150 0.1486 0.1035 0.2342 0.1248 
 515 0.0071 0.0104 0.0121 0.0560 0.1665 0.1725 0.1992 0.1188 0.1001 0.1572 
 516 0.0060 0.0068 0.0142 0.0974 0.0667 0.1987 0.1101 0.1469 0.2523 0.1009 
 517 0.0050 0.0079 0.0140 0.0575 0.1256 0.2086 0.1646 0.1494 0.1340 0.1335 
 518 0.0369 0.0049 0.0195 0.0520 0.1831 0.0965 0.0973 0.1338 0.1565 0.2195 
 519 0.0047 0.0060 0.0117 0.1574 0.0764 0.1111 0.1452 0.1567 0.2007 0.1301 
 520 0.0049 0.0352 0.0143 0.0393 0.1524 0.2007 0.1328 0.1854 0.0966 0.1383 
 521 0.0042 0.0049 0.1159 0.0686 0.1464 0.1221 0.0965 0.1431 0.1769 0.1215 
 522 0.0101 0.0076 0.0134 0.0553 0.0995 0.2208 0.1249 0.0863 0.1120 0.2701 
 523 0.0053 0.0081 0.0225 0.0577 0.1172 0.2939 0.1172 0.1547 0.1031 0.1202 
 524 0.0053 0.0395 0.0151 0.0502 0.1235 0.1599 0.2038 0.1090 0.1452 0.1484 
 525 0.0436 0.0108 0.0175 0.0415 0.1603 0.1490 0.1512 0.1679 0.1157 0.1427 
 526 0.0043 0.0920 0.0131 0.0381 0.0714 0.2409 0.1885 0.1365 0.1030 0.1123 
