   1 0.0080 0.0477 0.0592 0.0920 0.2102 0.2656 0.1284 0.1888 
   2 0.0050 0.0111 0.0162 0.0947 0.0975 0.0967 0.5139 0.1648 
   3 0.0122 0.0320 0.0212 0.0359 0.3327 0.2366 0.1490 0.1804 
   4 0.0159 0.0222 0.1338 0.0505 0.1154 0.3664 0.1362 0.1595 
   5 0.0067 0.0122 0.0271 0.1727 0.1254 0.0904 0.3751 0.1904 
   6 0.0111 0.0126 0.0242 0.0392 0.4318 0.1152 0.1453 0.2206 
   7 0.0083 0.0112 0.0207 0.0744 0.1877 0.0961 0.0956 0.5062 
   8 0.0327 0.0185 0.2220 0.0518 0.1608 0.1873 0.1148 0.2121 
   9 0.0221 0.0180 0.0195 0.0995 0.2106 0.1801 0.2763 0.1740 
  10 0.0109 0.0109 0.1990 0.0786 0.1725 0.1188 0.1248 0.2846 
  11 0.0059 0.0126 0.0214 0.1217 0.1936 0.0972 0.0966 0.4510 
  12 0.0077 0.0137 0.0179 0.1071 0.1388 0.1539 0.3659 0.1950 
  13 0.0105 0.0176 0.0209 0.0801 0.1816 0.1642 0.2317 0.2934 
  14 0.0048 0.0323 0.0726 0.0475 0.1785 0.1236 0.4008 0.1397 
  15 0.0079 0.0182 0.0343 0.0659 0.1775 0.2733 0.2016 0.2213 
  16 0.0063 0.0224 0.0206 0.1118 0.3040 0.1412 0.1245 0.2691 
  17 0.0224 0.0291 0.0222 0.1175 0.2424 0.1566 0.2067 0.2032 
  18 0.0185 0.0216 0.0244 0.0504 0.2777 0.1750 0.2965 0.1359 
  19 0.0089 0.0113 0.0184 0.0794 0.2980 0.1446 0.1791 0.2604 
  20 0.0074 0.0177 0.0213 0.1238 0.1769 0.1638 0.1874 0.3017 
  21 0.0065 0.0266 0.0457 0.0712 0.1373 0.2343 0.3149 0.1635 
  22 0.0157 0.0173 0.0198 0.0474 0.3858 0.1758 0.1644 0.1738 
  23 0.0107 0.0419 0.0593 0.0752 0.1389 0.2759 0.2565 0.1416 
  24 0.0068 0.0207 0.0223 0.0801 0.2148 0.2938 0.1481 0.2134 
  25 0.0080 0.0164 0.0204 0.0871 0.2868 0.0775 0.1778 0.3261 
  26 0.0141 0.0163 0.0202 0.0886 0.2131 0.2463 0.2079 0.1935 
  27 0.0088 0.0292 0.0202 0.1223 0.2349 0.1722 0.2029 0.2095 
  28 0.0064 0.0162 0.2343 0.0443 0.1492 0.1783 0.1507 0.2206 
  29 0.0053 0.0164 0.0167 0.1415 0.1172 0.1395 0.2495 0.3140 
  30 0.0081 0.0222 0.0168 0.0581 0.3866 0.1468 0.2042 0.1572 
  31 0.0189 0.0239 0.1642 0.0830 0.1159 0.1117 0.2237 0.2588 
  32 0.0074 0.0175 0.0557 0.0521 0.2381 0.2141 0.2409 0.1740 
  33 0.0080 0.0251 0.0177 0.0540 0.2334 0.2476 0.1552 0.2589 
  34 0.0081 0.0163 0.1504 0.1375 0.1591 0.0881 0.0850 0.3555 
  35 0.0250 0.0416 0.0156 0.1377 0.1961 0.1195 0.3089 0.1555 
  36 0.0060 0.1844 0.0236 0.0490 0.2324 0.1218 0.2207 0.1620 
  37 0.0114 0.0196 0.0245 0.0469 0.1230 0.2254 0.3576 0.1916 
  38 0.0065 0.0630 0.0149 0.1030 0.3320 0.0891 0.1465 0.2450 
  39 0.0115 0.0409 0.0163 0.0979 0.2141 0.1301 0.2134 0.2760 
  40 0.0054 0.1556 0.0207 0.0643 0.1659 0.2035 0.2589 0.1257 
  41 0.0111 0.2783 0.0187 0.0878 0.1678 0.0982 0.1212 0.2168 
  42 0.0059 0.1425 0.0188 0.0721 0.1562 0.3658 0.1060 0.1328 
  43 0.0110 0.1464 0.0324 0.0584 0.0900 0.1707 0.2996 0.1914 
  44 0.0151 0.2135 0.0135 0.0511 0.1594 0.1044 0.2869 0.1560 
  45 0.0066 0.1047 0.0147 0.1052 0.1698 0.0924 0.3306 0.1759 
  46 0.0232 0.0358 0.0165 0.0805 0.2444 0.1247 0.2470 0.2280 
  47 0.0548 0.0301 0.0339 0.0943 0.2151 0.1462 0.2463 0.1793 
  48 0.0168 0.1833 0.0133 0.0648 0.1671 0.1207 0.3206 0.1133 
  49 0.0130 0.0446 0.0193 0.1688 0.2062 0.1458 0.2385 0.1637 
  50 0.0201 0.0240 0.0979 0.0675 0.2480 0.0806 0.1705 0.2914 
  51 0.0047 0.4841 0.0171 0.0441 0.0964 0.0794 0.1536 0.1205 
  52 0.0148 0.0561 0.0163 0.1219 0.1832 0.1698 0.1347 0.3032 
  53 0.0094 0.0400 0.0477 0.0466 0.3547 0.1196 0.1448 0.2371 
  54 0.0135 0.0305 0.0195 0.0900 0.0870 0.1598 0.4387 0.1610 
  55 0.0089 0.0549 0.0167 0.0628 0.0873 0.1276 0.4949 0.1469 
  56 0.0095 0.0462 0.0152 0.1163 0.2481 0.1684 0.2832 0.1131 
  57 0.0330 0.0142 0.0569 0.1138 0.1836 0.2627 0.1173 0.2185 
  58 0.0067 0.0564 0.0190 0.1170 0.1176 0.1493 0.3393 0.1948 
  59 0.0064 0.0748 0.0154 0.2105 0.2285 0.1368 0.1791 0.1484 
  60 0.0057 0.1329 0.0521 0.0447 0.1256 0.2062 0.2670 0.1658 
  61 0.0048 0.0778 0.0209 0.0621 0.0566 0.1615 0.4968 0.1196 
  62 0.0179 0.0179 0.0153 0.2910 0.1719 0.1337 0.1789 0.1734 
  63 0.0048 0.0393 0.0185 0.0578 0.1087 0.2038 0.2748 0.2922 
  64 0.0092 0.0149 0.0158 0.1226 0.3643 0.0970 0.2033 0.1730 
  65 0.0073 0.0152 0.0165 0.0831 0.1070 0.0776 0.2429 0.4503 
  66 0.0059 0.0185 0.0606 0.0600 0.0869 0.1866 0.3768 0.2047 
  67 0.0077 0.0833 0.0166 0.0703 0.0751 0.1019 0.4848 0.1603 
  68 0.0083 0.0919 0.0181 0.1535 0.2170 0.1592 0.1953 0.1565 
  69 0.0062 0.0613 0.3003 0.1250 0.2078 0.0721 0.0950 0.1324 
  70 0.0055 0.1576 0.0433 0.0547 0.1194 0.1692 0.1567 0.2937 
  71 0.0064 0.1509 0.0193 0.1568 0.1833 0.0756 0.2387 0.1691 
  72 0.0089 0.0612 0.0257 0.0516 0.3269 0.1004 0.2113 0.2141 
  73 0.0061 0.0586 0.0243 0.1699 0.0834 0.0885 0.3887 0.1804 
  74 0.0059 0.1111 0.0171 0.0516 0.2493 0.2179 0.2072 0.1398 
  75 0.0071 0.1067 0.0376 0.0668 0.1832 0.2425 0.2487 0.1076 
  76 0.0068 0.0496 0.0178 0.0401 0.0876 0.1247 0.3422 0.3313 
  77 0.0052 0.1872 0.0134 0.1027 0.1566 0.0995 0.1750 0.2603 
  78 0.0061 0.1958 0.0143 0.1045 0.2272 0.1021 0.1367 0.2132 
  79 0.0058 0.0107 0.0230 0.0561 0.1602 0.1102 0.1789 0.4552 
  80 0.0066 0.0129 0.0293 0.0380 0.0850 0.4589 0.1646 0.2048 
  81 0.0069 0.0107 0.0342 0.0351 0.0992 0.3599 0.1719 0.2822 
  82 0.0061 0.0230 0.0244 0.1064 0.1001 0.1918 0.3269 0.2213 
  83 0.0058 0.0184 0.0395 0.0331 0.1466 0.2482 0.2083 0.3000 
  84 0.0055 0.0119 0.0326 0.0395 0.1134 0.2417 0.1717 0.3838 
  85 0.0058 0.0172 0.0428 0.0400 0.2171 0.2774 0.1827 0.2170 
  86 0.0096 0.0240 0.0171 0.1040 0.1144 0.1064 0.4168 0.2077 
  87 0.0066 0.0202 0.0455 0.0449 0.1201 0.1112 0.1547 0.4968 
  88 0.0066 0.0123 0.0278 0.0500 0.0962 0.3100 0.2068 0.2902 
  89 0.0073 0.0120 0.0888 0.0412 0.0894 0.2737 0.2572 0.2303 
  90 0.0056 0.0112 0.0234 0.0507 0.0914 0.1298 0.1974 0.4906 
  91 0.0059 0.0191 0.0415 0.0330 0.1522 0.4180 0.1425 0.1878 
  92 0.0064 0.0114 0.0254 0.0618 0.1341 0.1647 0.2519 0.3443 
  93 0.0057 0.0138 0.2285 0.0461 0.0788 0.3636 0.1405 0.1229 
  94 0.0051 0.0220 0.0245 0.0327 0.1382 0.1013 0.0966 0.5795 
  95 0.0055 0.0118 0.0258 0.0436 0.0715 0.2490 0.1666 0.4263 
  96 0.0053 0.0715 0.0231 0.0484 0.0621 0.2657 0.3901 0.1339 
  97 0.0070 0.0524 0.0197 0.0622 0.2292 0.2169 0.2964 0.1163 
  98 0.0049 0.0636 0.0172 0.0755 0.1285 0.1846 0.3281 0.1978 
  99 0.0056 0.0110 0.0332 0.0407 0.0968 0.2234 0.1894 0.3999 
 100 0.0064 0.0143 0.0242 0.0444 0.0638 0.4685 0.2706 0.1079 
 101 0.0071 0.0241 0.1470 0.0489 0.1194 0.1217 0.1967 0.3353 
 102 0.0069 0.0464 0.0373 0.0756 0.1024 0.3354 0.1511 0.2448 
 103 0.0063 0.0154 0.1082 0.0480 0.0686 0.1088 0.4140 0.2307 
 104 0.0056 0.0135 0.0634 0.0545 0.0738 0.0993 0.1710 0.5188 
 105 0.0069 0.0162 0.1539 0.1340 0.0643 0.1003 0.2255 0.2990 
 106 0.0055 0.0159 0.0132 0.0478 0.1222 0.0658 0.1271 0.6025 
 107 0.0092 0.0182 0.0604 0.0760 0.0720 0.1258 0.3023 0.3362 
 108 0.0047 0.0593 0.0219 0.0379 0.2122 0.0870 0.4527 0.1243 
 109 0.0065 0.0221 0.0245 0.2615 0.1246 0.0617 0.1788 0.3203 
 110 0.0061 0.0148 0.0229 0.0628 0.1219 0.0681 0.0986 0.6048 
 111 0.0074 0.0151 0.0195 0.1314 0.0701 0.0988 0.1657 0.4919 
 112 0.0048 0.0266 0.0166 0.2762 0.0787 0.0752 0.0924 0.4295 
 113 0.0074 0.0220 0.0354 0.0768 0.1456 0.1130 0.4177 0.1822 
 114 0.0049 0.0121 0.0806 0.0984 0.0669 0.1145 0.1614 0.4611 
 115 0.0071 0.0645 0.0165 0.1740 0.0881 0.1233 0.1475 0.3790 
 116 0.0068 0.0463 0.0142 0.0899 0.1350 0.0750 0.2016 0.4312 
 117 0.0080 0.0284 0.0285 0.1875 0.1140 0.0908 0.0874 0.4554 
 118 0.0058 0.0149 0.0161 0.1729 0.0860 0.0922 0.4008 0.2112 
 119 0.0049 0.1296 0.0298 0.0325 0.0852 0.2670 0.2318 0.2192 
 120 0.0062 0.0276 0.0276 0.1775 0.0808 0.1240 0.1922 0.3642 
 121 0.0206 0.1081 0.0284 0.2251 0.0871 0.0801 0.1276 0.3230 
 122 0.0047 0.0150 0.0331 0.0955 0.1108 0.0762 0.1583 0.5066 
 123 0.0064 0.0204 0.0305 0.0702 0.1002 0.1123 0.1846 0.4753 
 124 0.0167 0.0510 0.0177 0.1349 0.1918 0.0849 0.2184 0.2847 
 125 0.0065 0.0572 0.0214 0.2304 0.2397 0.0993 0.0887 0.2569 
 126 0.0043 0.0377 0.0176 0.0467 0.1013 0.1377 0.2019 0.4528 
 127 0.0079 0.0156 0.0177 0.0924 0.0639 0.1033 0.1975 0.5017 
 128 0.0056 0.0143 0.0153 0.1556 0.0763 0.0891 0.4429 0.2009 
 129 0.0082 0.0162 0.0526 0.0790 0.0702 0.0640 0.3710 0.3388 
 130 0.0082 0.0126 0.0597 0.1449 0.0723 0.1279 0.1780 0.3962 
 131 0.0127 0.1046 0.0366 0.1122 0.2242 0.0671 0.1288 0.3137 
 132 0.0057 0.0172 0.0254 0.0547 0.0985 0.0642 0.2640 0.4702 
 133 0.0095 0.0208 0.0356 0.0541 0.0817 0.1056 0.3184 0.3744 
 134 0.0048 0.0131 0.0123 0.0851 0.0871 0.0573 0.0941 0.6461 
 135 0.0069 0.0342 0.0218 0.1139 0.0789 0.4419 0.2003 0.1021 
 136 0.0071 0.0130 0.0822 0.0868 0.1191 0.4759 0.1213 0.0946 
 137 0.0062 0.0131 0.0755 0.0838 0.0798 0.5238 0.0969 0.1208 
 138 0.0058 0.0184 0.0510 0.0358 0.0877 0.6027 0.1026 0.0960 
 139 0.0053 0.0191 0.0705 0.0631 0.0945 0.1806 0.4604 0.1065 
 140 0.0065 0.0266 0.0894 0.0565 0.1087 0.3090 0.2180 0.1853 
 141 0.0071 0.0162 0.2977 0.0732 0.1535 0.1872 0.1573 0.1077 
 142 0.0069 0.0445 0.0777 0.0842 0.0771 0.3089 0.2989 0.1019 
 143 0.0050 0.0128 0.0233 0.0339 0.0655 0.6771 0.0987 0.0836 
 144 0.0058 0.0142 0.0256 0.0781 0.0683 0.6001 0.0934 0.1145 
 145 0.0086 0.0210 0.0609 0.1148 0.1720 0.3264 0.1849 0.1114 
 146 0.0092 0.0170 0.1019 0.0663 0.1267 0.3411 0.1371 0.2006 
 147 0.0061 0.0123 0.0664 0.0407 0.0776 0.6159 0.0917 0.0893 
 148 0.0061 0.0283 0.2530 0.0832 0.1014 0.2014 0.1997 0.1270 
 149 0.0059 0.0281 0.3200 0.0639 0.0920 0.1964 0.1923 0.1014 
 150 0.0080 0.0156 0.0751 0.1130 0.0819 0.3685 0.1695 0.1684 
 151 0.0064 0.0132 0.0263 0.0471 0.0702 0.5825 0.1374 0.1169 
 152 0.0068 0.0498 0.1123 0.0848 0.1538 0.3062 0.1730 0.1134 
 153 0.0055 0.0271 0.1194 0.0510 0.0967 0.4508 0.1179 0.1316 
 154 0.0064 0.0195 0.4073 0.0667 0.0964 0.1428 0.1703 0.0906 
 155 0.0059 0.0132 0.0572 0.0371 0.0664 0.5824 0.1207 0.1171 
 156 0.0049 0.0338 0.0334 0.0611 0.0586 0.5259 0.1698 0.1125 
 157 0.0052 0.0116 0.1369 0.0369 0.0752 0.4150 0.1065 0.2126 
 158 0.0080 0.0192 0.0659 0.1232 0.1729 0.3678 0.1340 0.1089 
 159 0.0062 0.0107 0.2529 0.0501 0.0689 0.4217 0.1016 0.0879 
 160 0.0079 0.0109 0.2713 0.0560 0.0704 0.3659 0.1301 0.0875 
 161 0.0057 0.0190 0.0618 0.0577 0.1190 0.4375 0.1525 0.1469 
 162 0.0133 0.0183 0.0954 0.0739 0.1237 0.2885 0.1922 0.1947 
 163 0.0051 0.0182 0.0478 0.0387 0.0613 0.6107 0.1100 0.1082 
 164 0.0093 0.0119 0.3200 0.0484 0.0832 0.1739 0.1938 0.1595 
 165 0.0072 0.0146 0.0284 0.1072 0.0725 0.4918 0.1216 0.1568 
 166 0.0052 0.0254 0.3370 0.0328 0.0900 0.1614 0.1649 0.1833 
 167 0.0099 0.0130 0.5039 0.0484 0.1101 0.1134 0.0865 0.1148 
 168 0.0063 0.0283 0.0523 0.0425 0.1450 0.4926 0.1158 0.1172 
 169 0.0086 0.0264 0.0445 0.1173 0.3199 0.2691 0.1142 0.1000 
 170 0.0056 0.0298 0.0258 0.0432 0.0727 0.4744 0.2269 0.1216 
 171 0.0061 0.0207 0.1020 0.0453 0.1516 0.3393 0.2062 0.1290 
 172 0.0060 0.0776 0.1251 0.0747 0.1816 0.2617 0.1762 0.0971 
 173 0.0073 0.0116 0.1087 0.0503 0.0712 0.4850 0.1749 0.0911 
 174 0.0068 0.0106 0.1364 0.0454 0.0808 0.4690 0.1270 0.1239 
 175 0.0070 0.0196 0.0302 0.0460 0.1129 0.5861 0.1064 0.0917 
 176 0.0059 0.0139 0.0262 0.0771 0.0684 0.6010 0.0928 0.1147 
 177 0.0066 0.0159 0.1214 0.0491 0.1064 0.3367 0.1163 0.2476 
 178 0.0077 0.0116 0.1763 0.0560 0.1289 0.3504 0.1402 0.1289 
 179 0.0060 0.0115 0.3239 0.0322 0.0745 0.3296 0.1321 0.0902 
 180 0.0114 0.0254 0.1800 0.0667 0.1291 0.3139 0.1320 0.1416 
 181 0.0078 0.0204 0.0528 0.0769 0.1027 0.4029 0.2294 0.1071 
 182 0.0078 0.0148 0.0315 0.0549 0.0653 0.5264 0.2111 0.0883 
 183 0.0067 0.0135 0.0670 0.0396 0.0787 0.5543 0.1473 0.0930 
 184 0.0082 0.0121 0.0161 0.0572 0.1166 0.0942 0.5556 0.1402 
 185 0.0047 0.0511 0.0325 0.0570 0.0561 0.5923 0.1314 0.0751 
 186 0.0075 0.0126 0.0169 0.0426 0.0946 0.0891 0.5122 0.2244 
 187 0.0051 0.0144 0.0374 0.0394 0.0937 0.2510 0.4386 0.1205 
 188 0.0073 0.0123 0.0154 0.0412 0.0819 0.0724 0.6011 0.1683 
 189 0.0057 0.0232 0.0267 0.0365 0.2451 0.2713 0.2486 0.1429 
 190 0.0044 0.0514 0.0185 0.0533 0.0508 0.2414 0.5002 0.0799 
 191 0.0049 0.0113 0.0195 0.0551 0.0751 0.1174 0.5963 0.1204 
 192 0.0052 0.0115 0.0234 0.0487 0.0909 0.2699 0.3791 0.1713 
 193 0.0054 0.0155 0.0226 0.0760 0.1095 0.2290 0.3905 0.1514 
 194 0.0057 0.0197 0.0275 0.0452 0.0823 0.2790 0.3836 0.1570 
 195 0.0050 0.0208 0.0230 0.0333 0.0609 0.2885 0.4868 0.0817 
 196 0.0045 0.0250 0.0195 0.0561 0.0631 0.1924 0.5369 0.1025 
 197 0.0083 0.0179 0.0270 0.0693 0.1513 0.1975 0.3212 0.2075 
 198 0.0051 0.0192 0.0256 0.0504 0.1409 0.1855 0.3387 0.2346 
 199 0.0055 0.0293 0.0187 0.0644 0.0789 0.2097 0.4737 0.1197 
 200 0.0047 0.0289 0.0187 0.0722 0.1117 0.1889 0.4560 0.1189 
 201 0.0052 0.0150 0.0390 0.0386 0.0693 0.3759 0.3652 0.0918 
 202 0.0049 0.0263 0.0194 0.0502 0.0618 0.4759 0.2514 0.1102 
 203 0.0049 0.0131 0.0293 0.0483 0.0615 0.3945 0.3605 0.0878 
 204 0.0048 0.0176 0.0200 0.0386 0.0550 0.1553 0.6226 0.0862 
 205 0.0049 0.0184 0.0193 0.0438 0.0770 0.1349 0.5850 0.1166 
 206 0.0056 0.0134 0.0218 0.0372 0.0676 0.1583 0.6113 0.0848 
 207 0.0047 0.0164 0.0157 0.0658 0.0590 0.1165 0.6123 0.1096 
 208 0.0046 0.0148 0.0348 0.0469 0.0614 0.2357 0.5036 0.0981 
 209 0.0049 0.0149 0.0196 0.0644 0.0794 0.1612 0.5266 0.1291 
 210 0.0048 0.0131 0.0204 0.0415 0.0625 0.1630 0.5914 0.1035 
 211 0.0064 0.0301 0.0152 0.1888 0.0606 0.2721 0.2930 0.1337 
 212 0.0050 0.0241 0.0227 0.0469 0.0899 0.4553 0.2537 0.1025 
 213 0.0050 0.0462 0.0199 0.0532 0.0803 0.1988 0.3933 0.2033 
 214 0.0050 0.0155 0.0190 0.0570 0.0659 0.4570 0.2876 0.0930 
 215 0.0047 0.0155 0.0178 0.0561 0.0733 0.1027 0.6140 0.1160 
 216 0.0095 0.0130 0.0178 0.0629 0.1446 0.1231 0.4672 0.1620 
 217 0.0051 0.0179 0.0218 0.0410 0.0800 0.3533 0.3920 0.0890 
 218 0.0052 0.0122 0.0203 0.0438 0.0757 0.1465 0.5662 0.1302 
 219 0.0111 0.0143 0.0247 0.0413 0.1837 0.2511 0.3378 0.1360 
 220 0.0048 0.0123 0.0183 0.0417 0.0585 0.1137 0.6506 0.1001 
 221 0.0048 0.0370 0.0189 0.0429 0.0576 0.5768 0.1791 0.0829 
 222 0.0100 0.0136 0.0217 0.0476 0.1865 0.1705 0.3869 0.1634 
 223 0.0053 0.0150 0.0390 0.0419 0.1243 0.3245 0.3214 0.1286 
 224 0.0059 0.0128 0.0264 0.0394 0.0674 0.3092 0.4505 0.0884 
 225 0.0049 0.0183 0.0207 0.0452 0.0711 0.1644 0.5700 0.1053 
 226 0.0065 0.0155 0.0246 0.0577 0.2059 0.1754 0.3891 0.1253 
 227 0.0051 0.0328 0.0299 0.0424 0.0629 0.2628 0.4520 0.1120 
 228 0.0051 0.0565 0.0244 0.0563 0.0575 0.2910 0.4324 0.0769 
 229 0.0058 0.0115 0.0241 0.0377 0.0692 0.3316 0.4183 0.1017 
 230 0.0053 0.0113 0.0213 0.0471 0.0612 0.2683 0.4887 0.0969 
 231 0.0054 0.0120 0.0245 0.0489 0.0944 0.2586 0.4525 0.1037 
 232 0.0059 0.0248 0.0209 0.0548 0.0986 0.3199 0.2961 0.1790 
 233 0.0054 0.0122 0.0318 0.0531 0.0670 0.4785 0.2576 0.0943 
 234 0.0047 0.0122 0.0224 0.0644 0.1214 0.2047 0.4070 0.1632 
 235 0.0058 0.0189 0.0246 0.0417 0.1076 0.2861 0.3922 0.1231 
 236 0.0050 0.0125 0.0209 0.0645 0.0897 0.3671 0.3267 0.1136 
 237 0.0049 0.0178 0.0170 0.0716 0.0697 0.1318 0.5767 0.1105 
 238 0.0050 0.0154 0.0210 0.0501 0.0717 0.4290 0.2839 0.1240 
 239 0.0051 0.0209 0.0229 0.0336 0.0603 0.2914 0.4842 0.0816 
 240 0.0050 0.0155 0.0207 0.0508 0.0721 0.4249 0.2879 0.1232 
 241 0.0061 0.0185 0.0269 0.0469 0.0761 0.3979 0.3239 0.1038 
 242 0.0059 0.0183 0.0244 0.0336 0.1313 0.1924 0.4694 0.1248 
 243 0.0044 0.0262 0.0182 0.0622 0.0542 0.2042 0.5461 0.0845 
 244 0.0051 0.0124 0.0209 0.0517 0.0619 0.3387 0.4214 0.0881 
 245 0.0050 0.0194 0.0354 0.0372 0.0629 0.5215 0.2084 0.1103 
 246 0.0050 0.0178 0.0219 0.0418 0.0813 0.3530 0.3903 0.0888 
 247 0.0047 0.0194 0.0162 0.0469 0.0998 0.0875 0.4237 0.3019 
 248 0.0046 0.0141 0.0148 0.0704 0.0747 0.0936 0.5933 0.1346 
 249 0.0054 0.0146 0.0205 0.0533 0.0635 0.3573 0.3811 0.1043 
 250 0.0053 0.0117 0.0218 0.0588 0.0840 0.2873 0.4037 0.1273 
 251 0.0054 0.0182 0.0216 0.0758 0.1831 0.1456 0.3913 0.1590 
 252 0.0054 0.0193 0.0236 0.0364 0.0830 0.2314 0.4899 0.1111 
 253 0.0054 0.0207 0.0195 0.0549 0.1132 0.1348 0.4598 0.1918 
 254 0.0089 0.0138 0.0192 0.0477 0.1347 0.1724 0.4692 0.1341 
 255 0.0054 0.0149 0.0230 0.0500 0.0977 0.2250 0.4398 0.1442 
 256 0.0055 0.0176 0.0223 0.0552 0.0772 0.2783 0.4381 0.1057 
 257 0.0109 0.0155 0.0352 0.0558 0.0818 0.1786 0.4886 0.1337 
 258 0.0044 0.0286 0.0205 0.0627 0.0879 0.1470 0.4852 0.1637 
 259 0.0054 0.0126 0.0228 0.0542 0.0784 0.2004 0.5099 0.1164 
 260 0.0090 0.0127 0.0205 0.0520 0.1508 0.3355 0.2697 0.1497 
 261 0.0051 0.0228 0.0228 0.0391 0.0844 0.3144 0.4094 0.1020 
 262 0.0049 0.0299 0.0197 0.0439 0.0628 0.3181 0.4396 0.0812 
 263 0.0083 0.0133 0.0158 0.0523 0.0785 0.1117 0.6132 0.1068 
 264 0.0141 0.0141 0.0141 0.0630 0.2925 0.0802 0.3533 0.1686 
 265 0.0052 0.0140 0.0226 0.0417 0.1094 0.2096 0.4778 0.1196 
 266 0.0051 0.0244 0.0197 0.0444 0.0568 0.5461 0.2208 0.0827 
 267 0.0052 0.0162 0.0197 0.0820 0.0956 0.2509 0.3965 0.1339 
 268 0.0045 0.0255 0.0192 0.0541 0.0633 0.1939 0.5358 0.1037 
 269 0.0054 0.0141 0.0234 0.0439 0.2131 0.2365 0.3277 0.1358 
 270 0.0083 0.0125 0.0325 0.0578 0.1090 0.1037 0.5132 0.1630 
 271 0.0049 0.0179 0.0207 0.0674 0.0898 0.1361 0.5222 0.1410 
 272 0.0057 0.0228 0.0232 0.0726 0.1634 0.1445 0.4438 0.1240 
 273 0.0290 0.0194 0.0879 0.0719 0.1215 0.2045 0.2885 0.1773 
 274 0.0054 0.0132 0.0220 0.0555 0.1214 0.1611 0.4774 0.1440 
 275 0.0083 0.0166 0.0652 0.0680 0.1232 0.1414 0.4667 0.1106 
 276 0.0067 0.0231 0.0191 0.0838 0.1418 0.1390 0.4523 0.1342 
 277 0.0058 0.0137 0.0268 0.0448 0.1252 0.2710 0.3809 0.1318 
 278 0.0044 0.0175 0.0177 0.0613 0.0739 0.1264 0.5911 0.1077 
 279 0.0054 0.0131 0.0229 0.0581 0.1049 0.2048 0.4643 0.1265 
 280 0.0053 0.0184 0.0194 0.0510 0.1620 0.1911 0.4362 0.1165 
 281 0.0054 0.0135 0.0219 0.0478 0.0914 0.1608 0.4849 0.1743 
 282 0.0052 0.0121 0.0226 0.0484 0.1080 0.4338 0.2500 0.1198 
 283 0.0054 0.0148 0.0289 0.0386 0.0694 0.4727 0.2575 0.1128 
 284 0.0047 0.0162 0.0523 0.0750 0.0923 0.2461 0.3652 0.1482 
 285 0.0046 0.0243 0.0141 0.0699 0.0899 0.0733 0.5829 0.1409 
 286 0.0051 0.0124 0.0204 0.0511 0.0617 0.3397 0.4216 0.0881 
 287 0.0060 0.0137 0.0264 0.0381 0.1351 0.2172 0.3843 0.1792 
 288 0.0058 0.0148 0.0215 0.0512 0.1364 0.1280 0.5274 0.1149 
 289 0.0080 0.0258 0.0336 0.0577 0.1009 0.1119 0.5130 0.1492 
 290 0.0102 0.0350 0.0160 0.0970 0.1636 0.2037 0.3607 0.1137 
 291 0.0049 0.0175 0.0206 0.0661 0.0904 0.1351 0.5241 0.1412 
 292 0.0053 0.0350 0.0199 0.0439 0.1390 0.2334 0.4140 0.1096 
 293 0.0075 0.0380 0.0147 0.1101 0.2197 0.1289 0.3424 0.1387 
 294 0.0086 0.0171 0.0161 0.0422 0.0780 0.1012 0.6273 0.1096 
 295 0.0068 0.0280 0.0608 0.0813 0.1447 0.1244 0.4015 0.1525 
 296 0.0049 0.0151 0.0190 0.0498 0.0662 0.1236 0.5980 0.1234 
 297 0.0059 0.0162 0.0193 0.0473 0.1571 0.1409 0.4820 0.1313 
 298 0.0056 0.0116 0.0240 0.0449 0.1005 0.3487 0.3260 0.1388 
 299 0.0095 0.0122 0.0192 0.0392 0.0946 0.1234 0.5826 0.1193 
 300 0.0050 0.0169 0.0156 0.0523 0.0788 0.0956 0.6312 0.1046 
 301 0.0081 0.0124 0.0310 0.0673 0.1471 0.1048 0.4963 0.1330 
 302 0.0080 0.0246 0.0298 0.0561 0.0786 0.0949 0.6049 0.1031 
 303 0.0052 0.0173 0.0209 0.0482 0.0949 0.3358 0.3742 0.1034 
 304 0.0095 0.0121 0.0746 0.0716 0.1419 0.3183 0.1706 0.2014 
 305 0.0047 0.0178 0.0441 0.0430 0.0670 0.1763 0.5639 0.0831 
 306 0.0058 0.0172 0.0243 0.0421 0.1067 0.3667 0.3324 0.1048 
 307 0.0063 0.0125 0.0272 0.0629 0.1082 0.2695 0.3843 0.1291 
 308 0.0050 0.0231 0.0230 0.0390 0.0838 0.3124 0.4120 0.1016 
 309 0.0180 0.0272 0.0412 0.0596 0.0676 0.1101 0.5519 0.1244 
 310 0.0047 0.0182 0.0194 0.0529 0.0603 0.2518 0.5056 0.0871 
 311 0.0053 0.0115 0.0215 0.0473 0.0613 0.2666 0.4896 0.0970 
 312 0.0043 0.0147 0.0191 0.0435 0.0552 0.1104 0.6452 0.1075 
 313 0.0046 0.0240 0.0175 0.0492 0.0616 0.0884 0.6562 0.0985 
 314 0.0054 0.0277 0.2020 0.0383 0.0708 0.4501 0.1209 0.0848 
 315 0.0047 0.0286 0.3255 0.0348 0.0901 0.3171 0.1017 0.0975 
 316 0.0060 0.0152 0.5023 0.0337 0.0971 0.1631 0.0843 0.0984 
 317 0.0059 0.0152 0.2343 0.0383 0.0764 0.4438 0.0995 0.0867 
 318 0.0053 0.0104 0.5036 0.0319 0.0759 0.2062 0.0808 0.0860 
 319 0.0057 0.0127 0.0255 0.0361 0.0654 0.6689 0.1015 0.0843 
 320 0.0053 0.0275 0.2014 0.0386 0.0719 0.4510 0.1206 0.0837 
 321 0.0057 0.0142 0.3959 0.0374 0.0778 0.2894 0.0922 0.0874 
 322 0.0076 0.0330 0.2117 0.0402 0.1075 0.3810 0.1145 0.1045 
 323 0.0131 0.0107 0.3144 0.0330 0.0766 0.3713 0.0934 0.0876 
 324 0.0055 0.0142 0.3971 0.0377 0.0777 0.2883 0.0920 0.0876 
 325 0.0048 0.0140 0.5374 0.0319 0.0904 0.1465 0.0801 0.0947 
 326 0.0064 0.0151 0.5605 0.0322 0.0878 0.1244 0.0788 0.0949 
 327 0.0061 0.0153 0.2349 0.0380 0.0756 0.4450 0.0991 0.0860 
 328 0.0055 0.0210 0.2872 0.0385 0.0999 0.3295 0.1156 0.1029 
 329 0.0055 0.0103 0.1049 0.0339 0.0758 0.5971 0.0845 0.0880 
 330 0.0061 0.0150 0.2368 0.0374 0.0754 0.4435 0.0993 0.0865 
 331 0.0056 0.0104 0.3301 0.0334 0.0742 0.3628 0.0966 0.0869 
 332 0.0077 0.0142 0.5568 0.0319 0.0915 0.1236 0.0782 0.0961 
 333 0.0072 0.0160 0.4727 0.0340 0.0893 0.1844 0.0982 0.0981 
 334 0.0052 0.0220 0.2838 0.0381 0.1009 0.3320 0.1157 0.1023 
 335 0.0054 0.0263 0.1122 0.0370 0.1010 0.5175 0.0976 0.1030 
 336 0.0081 0.0185 0.4964 0.0325 0.0727 0.1856 0.1000 0.0862 
 337 0.0052 0.0219 0.4398 0.0386 0.0963 0.2056 0.0943 0.0981 
 338 0.0054 0.0104 0.5452 0.0318 0.0757 0.1651 0.0806 0.0857 
 339 0.0056 0.0103 0.3287 0.0334 0.0741 0.3637 0.0971 0.0872 
 340 0.0055 0.0113 0.1317 0.0329 0.0662 0.5698 0.0984 0.0841 
 341 0.0128 0.0121 0.2849 0.0380 0.0729 0.3964 0.0954 0.0874 
 342 0.0059 0.0151 0.2334 0.0377 0.0753 0.4461 0.0999 0.0867 
 343 0.0114 0.0499 0.2093 0.0390 0.0985 0.3853 0.1074 0.0993 
 344 0.0055 0.0105 0.2976 0.0340 0.0754 0.4076 0.0826 0.0867 
 345 0.0059 0.0155 0.2335 0.0379 0.0764 0.4437 0.1008 0.0864 
 346 0.0057 0.0120 0.3237 0.0344 0.0741 0.3713 0.0930 0.0858 
 347 0.0058 0.0111 0.1165 0.0326 0.0657 0.6002 0.0845 0.0836 
 348 0.0047 0.0516 0.0908 0.0374 0.0907 0.5095 0.1160 0.0992 
 349 0.0058 0.0155 0.2363 0.0379 0.0758 0.4418 0.1000 0.0869 
 350 0.0054 0.0159 0.0962 0.0378 0.0700 0.5716 0.1179 0.0851 
 351 0.0054 0.0261 0.1125 0.0372 0.1006 0.5182 0.0978 0.1023 
 352 0.0054 0.0271 0.2849 0.0391 0.1002 0.3344 0.1087 0.1002 
 353 0.0084 0.0188 0.4954 0.0326 0.0727 0.1857 0.1003 0.0860 
 354 0.0068 0.0110 0.3021 0.0353 0.0766 0.3948 0.0851 0.0884 
 355 0.0055 0.0103 0.5018 0.0326 0.0756 0.2072 0.0810 0.0859 
 356 0.0045 0.0516 0.0267 0.0363 0.0922 0.5797 0.1101 0.0988 
 357 0.0052 0.0167 0.0625 0.0410 0.2450 0.3671 0.1118 0.1507 
 358 0.0051 0.0145 0.4613 0.0338 0.0937 0.2135 0.0806 0.0975 
 359 0.0057 0.0104 0.4426 0.0328 0.0739 0.2495 0.0979 0.0873 
 360 0.0059 0.0121 0.3261 0.0338 0.0726 0.3697 0.0934 0.0864 
 361 0.0049 0.0239 0.0324 0.0474 0.2478 0.3616 0.1289 0.1531 
 362 0.0054 0.0186 0.0436 0.0414 0.1920 0.0945 0.3084 0.2961 
 363 0.0089 0.0230 0.0217 0.0512 0.1905 0.0839 0.2017 0.4192 
 364 0.0213 0.0184 0.0394 0.0855 0.2514 0.2513 0.1611 0.1717 
 365 0.0191 0.0188 0.0216 0.1385 0.3219 0.0984 0.1407 0.2410 
 366 0.0064 0.0668 0.0228 0.0714 0.2741 0.1655 0.2570 0.1359 
 367 0.0050 0.0140 0.0145 0.0426 0.1310 0.0679 0.0927 0.6323 
 368 0.0060 0.0110 0.0218 0.0668 0.1310 0.1094 0.2678 0.3861 
 369 0.0095 0.1015 0.0590 0.0656 0.1572 0.2056 0.2208 0.1809 
 370 0.0175 0.0158 0.0599 0.1049 0.1240 0.1065 0.2659 0.3054 
 371 0.0133 0.0227 0.0537 0.0896 0.1748 0.1206 0.3312 0.1941 
 372 0.0560 0.0204 0.0466 0.0850 0.0915 0.1268 0.3451 0.2286 
 373 0.0074 0.0162 0.0204 0.0647 0.1344 0.1801 0.1594 0.4175 
 374 0.0071 0.0177 0.0399 0.1243 0.2016 0.2503 0.1543 0.2048 
 375 0.0223 0.0147 0.0227 0.0771 0.1918 0.0826 0.1638 0.4249 
 376 0.1529 0.0163 0.0182 0.0451 0.3181 0.0778 0.0861 0.2855 
 377 0.0069 0.0190 0.0545 0.0737 0.2276 0.0921 0.3087 0.2175 
 378 0.0058 0.0165 0.0801 0.0576 0.0836 0.1713 0.1533 0.4318 
 379 0.2502 0.0197 0.0171 0.0479 0.2266 0.0702 0.1027 0.2655 
 380 0.0127 0.0504 0.0277 0.0506 0.3932 0.1810 0.1615 0.1229 
 381 0.0107 0.0562 0.0188 0.0505 0.4208 0.1885 0.1416 0.1130 
 382 0.0057 0.0114 0.0355 0.0556 0.2514 0.0828 0.1344 0.4232 
 383 0.0119 0.0184 0.2022 0.0485 0.3950 0.0892 0.1303 0.1045 
 384 0.0924 0.0183 0.0932 0.0765 0.2437 0.1234 0.1240 0.2285 
 385 0.0065 0.0108 0.1949 0.2872 0.1405 0.1085 0.1067 0.1448 
 386 0.0046 0.0147 0.0179 0.0461 0.2028 0.0863 0.1409 0.4867 
 387 0.0054 0.0180 0.0171 0.0853 0.2395 0.1066 0.1235 0.4046 
 388 0.0182 0.0136 0.0544 0.1443 0.1691 0.2189 0.1453 0.2361 
 389 0.0104 0.0326 0.0341 0.2610 0.0921 0.0844 0.3335 0.1519 
 390 0.0230 0.0801 0.0280 0.0686 0.1429 0.0890 0.1340 0.4345 
 391 0.0146 0.0349 0.0291 0.2775 0.1267 0.1385 0.1521 0.2266 
 392 0.0109 0.0171 0.0196 0.0398 0.3037 0.1655 0.1717 0.2717 
 393 0.0097 0.1013 0.0269 0.0511 0.4394 0.1358 0.0944 0.1414 
 394 0.0054 0.0162 0.1074 0.0367 0.1513 0.1919 0.1491 0.3421 
 395 0.0045 0.0420 0.0144 0.0509 0.2140 0.1001 0.3294 0.2446 
 396 0.0067 0.0115 0.0141 0.0615 0.1674 0.0721 0.1594 0.5071 
 397 0.1206 0.0146 0.0229 0.0433 0.1445 0.1702 0.3468 0.1371 
 398 0.0469 0.0238 0.0170 0.0358 0.2650 0.0764 0.0993 0.4357 
 399 0.0051 0.0247 0.0287 0.0833 0.1244 0.0873 0.1624 0.4842 
 400 0.0083 0.0178 0.0179 0.0576 0.1848 0.1341 0.1118 0.4677 
 401 0.0050 0.0329 0.0159 0.0578 0.0876 0.1455 0.1583 0.4969 
 402 0.0092 0.0533 0.0230 0.0769 0.1704 0.1325 0.1900 0.3446 
 403 0.0085 0.0171 0.0267 0.1152 0.1468 0.3559 0.1584 0.1714 
 404 0.0104 0.0141 0.0178 0.1376 0.2409 0.1684 0.2055 0.2052 
 405 0.0052 0.0216 0.0237 0.0522 0.2867 0.1363 0.2391 0.2352 
 406 0.0050 0.1442 0.0179 0.0410 0.3052 0.2053 0.1687 0.1126 
 407 0.0051 0.0154 0.0143 0.0480 0.4848 0.0720 0.1176 0.2429 
 408 0.0044 0.0316 0.0133 0.0435 0.0656 0.0678 0.2807 0.4932 
 409 0.0127 0.1383 0.0255 0.0523 0.1940 0.3046 0.1210 0.1515 
 410 0.1059 0.0272 0.0259 0.0663 0.1575 0.1301 0.1346 0.3524 
 411 0.0307 0.0531 0.0880 0.0438 0.3101 0.1109 0.1257 0.2377 
 412 0.0057 0.0113 0.0210 0.0523 0.1488 0.0998 0.2266 0.4345 
 413 0.0051 0.0123 0.0710 0.0401 0.1053 0.1513 0.2041 0.4109 
 414 0.0050 0.0119 0.0298 0.1277 0.1494 0.0637 0.2170 0.3956 
 415 0.0066 0.0369 0.0157 0.0510 0.3597 0.1063 0.1651 0.2587 
 416 0.0070 0.0408 0.0171 0.1219 0.1504 0.1671 0.1484 0.3473 
 417 0.0068 0.0223 0.0242 0.0443 0.3523 0.0832 0.1188 0.3481 
 418 0.0079 0.0106 0.0168 0.0494 0.1268 0.0814 0.1255 0.5815 
 419 0.0125 0.0271 0.0262 0.1108 0.1612 0.2449 0.1490 0.2683 
 420 0.0045 0.0704 0.0135 0.0485 0.0838 0.0993 0.1789 0.5012 
 421 0.0072 0.0187 0.0252 0.0505 0.1829 0.0903 0.1786 0.4466 
 422 0.0070 0.0335 0.0170 0.0487 0.2505 0.0947 0.3669 0.1816 
 423 0.0106 0.0224 0.0184 0.0566 0.3024 0.1337 0.1922 0.2637 
 424 0.0089 0.0901 0.0215 0.0990 0.1483 0.1362 0.1157 0.3804 
 425 0.0250 0.0157 0.0217 0.2046 0.2048 0.1497 0.1474 0.2310 
 426 0.0332 0.0186 0.0845 0.0911 0.1930 0.1205 0.1234 0.3357 
 427 0.0049 0.0217 0.0777 0.0368 0.2976 0.1182 0.0903 0.3529 
 428 0.0250 0.0474 0.0243 0.0493 0.3124 0.1992 0.1848 0.1576 
 429 0.0075 0.0133 0.0145 0.0358 0.2967 0.0679 0.1018 0.4624 
 430 0.0060 0.0330 0.0207 0.0472 0.4322 0.0799 0.1316 0.2493 
 431 0.0112 0.0143 0.0498 0.0982 0.1409 0.1156 0.2252 0.3449 
 432 0.0060 0.0117 0.0231 0.0551 0.1283 0.1163 0.2324 0.4272 
 433 0.0107 0.0158 0.0297 0.0614 0.1036 0.3223 0.2573 0.1991 
 434 0.0066 0.0218 0.0254 0.0797 0.2297 0.1597 0.2689 0.2081 
 435 0.0049 0.0282 0.0172 0.0348 0.3797 0.0738 0.1012 0.3602 
 436 0.0069 0.0487 0.0187 0.0392 0.4095 0.1212 0.0735 0.2823 
 437 0.0092 0.0139 0.0173 0.0385 0.5114 0.0798 0.1236 0.2063 
 438 0.0063 0.1627 0.0259 0.0471 0.2472 0.1247 0.1139 0.2723 
 439 0.0052 0.0258 0.0216 0.0462 0.5114 0.0913 0.0715 0.2268 
 440 0.0041 0.0256 0.0140 0.0467 0.4505 0.0640 0.0835 0.3116 
 441 0.0054 0.0246 0.0368 0.0555 0.3643 0.1406 0.1048 0.2679 
 442 0.0079 0.0243 0.0140 0.1287 0.2482 0.0884 0.1310 0.3575 
 443 0.0047 0.0924 0.0155 0.0630 0.1419 0.0758 0.1245 0.4822 
 444 0.0066 0.0369 0.0151 0.1071 0.3220 0.0871 0.1193 0.3060 
 445 0.0540 0.0905 0.0239 0.0572 0.2831 0.1956 0.1219 0.1738 
 446 0.0550 0.0256 0.0207 0.0431 0.2668 0.0821 0.0690 0.4377 
 447 0.0063 0.0588 0.0214 0.1494 0.3117 0.1511 0.1007 0.2006 
 448 0.0055 0.0195 0.0186 0.0571 0.3400 0.0854 0.1246 0.3494 
 449 0.0060 0.0192 0.0219 0.0652 0.3606 0.1278 0.1346 0.2647 
 450 0.0100 0.0128 0.0248 0.0796 0.3802 0.1349 0.0820 0.2758 
 451 0.0052 0.0183 0.0147 0.0521 0.1329 0.0626 0.1374 0.5769 
 452 0.0067 0.0132 0.0196 0.0477 0.3531 0.1278 0.0907 0.3414 
 453 0.0051 0.1536 0.0215 0.1011 0.1212 0.1189 0.2139 0.2647 
 454 0.0053 0.0189 0.0540 0.0415 0.3645 0.1116 0.1313 0.2729 
 455 0.0050 0.0904 0.0196 0.0490 0.3605 0.0825 0.0859 0.3070 
 456 0.0062 0.0815 0.0156 0.0561 0.3355 0.0800 0.1484 0.2767 
 457 0.0062 0.0162 0.0175 0.0413 0.5404 0.0862 0.1036 0.1885 
 458 0.0555 0.0263 0.0215 0.0501 0.3794 0.0913 0.0917 0.2842 
 459 0.0051 0.0297 0.0275 0.0571 0.2349 0.1726 0.0684 0.4046 
 460 0.0049 0.0263 0.0199 0.0487 0.2121 0.0777 0.0752 0.5352 
 461 0.0069 0.0124 0.0183 0.0518 0.1394 0.0798 0.0690 0.6222 
 462 0.0089 0.0738 0.0174 0.2168 0.2750 0.0596 0.1331 0.2155 
 463 0.0046 0.2361 0.0234 0.0465 0.2474 0.1018 0.1822 0.1579 
 464 0.0044 0.0466 0.0159 0.0429 0.1570 0.0822 0.0991 0.5519 
 465 0.0072 0.0302 0.0208 0.0643 0.1665 0.0884 0.1347 0.4879 
 466 0.0043 0.0838 0.0165 0.0477 0.1629 0.0828 0.1658 0.4362 
 467 0.0060 0.0630 0.0325 0.0759 0.2592 0.1089 0.1511 0.3033 
 468 0.0052 0.0562 0.0154 0.0388 0.5208 0.0809 0.1183 0.1643 
 469 0.0048 0.0333 0.0199 0.0407 0.5875 0.0788 0.0669 0.1682 
 470 0.0049 0.0253 0.0171 0.0341 0.3676 0.0776 0.0807 0.3928 
 471 0.0067 0.0638 0.0150 0.1383 0.1734 0.0902 0.1827 0.3299 
 472 0.0069 0.0462 0.0183 0.0947 0.2419 0.0948 0.1661 0.3312 
 473 0.0056 0.0217 0.0258 0.0470 0.3410 0.1206 0.1897 0.2485 
 474 0.0060 0.0279 0.0176 0.0516 0.2956 0.1375 0.1210 0.3429 
 475 0.0057 0.0214 0.0190 0.0611 0.1517 0.1509 0.1306 0.4595 
 476 0.0082 0.0377 0.0189 0.0474 0.4473 0.0948 0.0936 0.2521 
 477 0.0069 0.0404 0.0246 0.0899 0.1637 0.1233 0.0939 0.4573 
 478 0.0069 0.0199 0.0204 0.0819 0.1099 0.0727 0.0719 0.6163 
 479 0.0049 0.0183 0.0168 0.0448 0.3466 0.0736 0.0784 0.4167 
 480 0.0060 0.0156 0.0167 0.0348 0.5536 0.0807 0.0816 0.2109 
 481 0.0056 0.0151 0.0144 0.1410 0.2146 0.0860 0.2297 0.2935 
 482 0.0065 0.0132 0.0155 0.0355 0.3648 0.0740 0.0798 0.4106 
 483 0.0060 0.0275 0.0242 0.0472 0.4438 0.0922 0.0742 0.2849 
 484 0.0057 0.1147 0.0221 0.0724 0.3796 0.0893 0.1460 0.1703 
 485 0.0058 0.0485 0.0216 0.0405 0.4785 0.0753 0.0745 0.2554 
 486 0.0089 0.0288 0.0221 0.1722 0.1291 0.1075 0.3013 0.2301 
 487 0.0099 0.0206 0.0337 0.1788 0.1860 0.1996 0.1687 0.2026 
 488 0.0085 0.0165 0.0287 0.2435 0.1198 0.1610 0.1931 0.2289 
 489 0.0100 0.0488 0.0266 0.1032 0.1853 0.2259 0.2630 0.1370 
 490 0.0063 0.0373 0.0164 0.1243 0.1450 0.0796 0.1825 0.4087 
 491 0.0074 0.0149 0.0263 0.2063 0.0954 0.1822 0.3379 0.1295 
 492 0.0051 0.0266 0.0259 0.1447 0.0896 0.3277 0.1459 0.2345 
 493 0.0112 0.0173 0.0266 0.3219 0.1296 0.1276 0.2129 0.1529 
 494 0.0329 0.0198 0.0202 0.1848 0.1397 0.1834 0.2478 0.1713 
 495 0.0220 0.0391 0.0267 0.2743 0.0895 0.2190 0.1030 0.2263 
 496 0.0061 0.0212 0.0316 0.0469 0.1068 0.3534 0.2693 0.1648 
 497 0.0141 0.0137 0.0405 0.3238 0.1099 0.1644 0.2244 0.1092 
 498 0.0092 0.0524 0.0215 0.2281 0.1292 0.1435 0.1879 0.2281 
 499 0.0241 0.0198 0.0366 0.1260 0.1422 0.2841 0.2276 0.1397 
 500 0.0180 0.0168 0.0184 0.1036 0.2604 0.1213 0.2987 0.1628 
 501 0.0125 0.0122 0.0207 0.0917 0.1711 0.2804 0.1647 0.2467 
 502 0.0077 0.0110 0.0239 0.1778 0.1164 0.3149 0.1097 0.2387 
 503 0.0080 0.0160 0.0171 0.0693 0.3049 0.1074 0.2141 0.2633 
 504 0.0082 0.0264 0.0183 0.2411 0.1020 0.1103 0.1704 0.3232 
 505 0.0087 0.0211 0.0160 0.1319 0.1024 0.1899 0.3657 0.1644 
 506 0.0069 0.0146 0.0228 0.1560 0.0954 0.2660 0.1879 0.2505 
 507 0.0073 0.0252 0.0309 0.0387 0.0738 0.4911 0.2381 0.0949 
 508 0.0139 0.0365 0.0351 0.0672 0.0659 0.4903 0.1787 0.1124 
 509 0.0074 0.0182 0.0209 0.0980 0.0946 0.2727 0.3342 0.1541 
 510 0.0290 0.0174 0.0191 0.0807 0.1504 0.3478 0.1668 0.1887 
 511 0.0110 0.0211 0.0160 0.1193 0.2088 0.1212 0.1926 0.3100 
 512 0.0083 0.0113 0.0141 0.1009 0.2333 0.0848 0.1495 0.3978 
 513 0.0068 0.0263 0.0184 0.5287 0.0511 0.1207 0.1477 0.1002 
 514 0.0076 0.0161 0.0316 0.0659 0.0829 0.1441 0.1697 0.4821 
 515 0.0122 0.0424 0.0236 0.0774 0.2861 0.2406 0.1568 0.1609 
 516 0.0089 0.0258 0.0198 0.0786 0.0883 0.1304 0.3274 0.3208 
 517 0.0075 0.0649 0.0273 0.0456 0.1352 0.2288 0.1940 0.2966 
 518 0.0864 0.0131 0.0350 0.0691 0.1671 0.2316 0.2442 0.1534 
 519 0.0058 0.0184 0.0191 0.0874 0.0946 0.1582 0.1465 0.4699 
 520 0.0077 0.1049 0.0285 0.0417 0.2213 0.3055 0.1693 0.1210 
 521 0.0050 0.0170 0.2141 0.0443 0.0743 0.1630 0.2595 0.2228 
 522 0.0357 0.1301 0.0218 0.0601 0.2899 0.1195 0.1533 0.1897 
 523 0.0076 0.1388 0.0681 0.0421 0.0930 0.2336 0.1964 0.2205 
 524 0.0085 0.0568 0.0279 0.0408 0.2851 0.1659 0.1871 0.2278 
 525 0.0933 0.0315 0.0352 0.0438 0.2038 0.2550 0.1918 0.1457 
 526 0.0058 0.2097 0.0202 0.0358 0.2700 0.1334 0.2123 0.1128 
 527 0.0866 0.0121 0.0195 0.1698 0.1730 0.1161 0.1357 0.2873 
 528 0.0047 0.0157 0.1389 0.0443 0.0757 0.2993 0.2973 0.1241 
 529 0.0930 0.0151 0.0319 0.0751 0.0874 0.1642 0.3467 0.1867 
 530 0.0074 0.0429 0.0194 0.1229 0.2880 0.1647 0.1572 0.1975 
 531 0.0076 0.0260 0.1152 0.0713 0.1785 0.2797 0.1279 0.1938 
 532 0.0238 0.0243 0.1207 0.0782 0.1104 0.2130 0.2266 0.2030 
 533 0.0761 0.0343 0.0252 0.0536 0.1987 0.1415 0.2870 0.1837 
 534 0.0757 0.0389 0.0213 0.1039 0.0605 0.1991 0.3519 0.1487 
 535 0.0054 0.0878 0.0210 0.0495 0.1326 0.1385 0.2367 0.3284 
 536 0.0078 0.0605 0.0235 0.0672 0.2157 0.2490 0.2001 0.1763 
 537 0.0074 0.0926 0.0626 0.0732 0.1096 0.3063 0.2023 0.1460 
 538 0.0050 0.0461 0.0242 0.0497 0.1349 0.2640 0.3253 0.1508 
 539 0.0051 0.0205 0.0202 0.0429 0.0753 0.5553 0.1832 0.0974 
 540 0.0051 0.0338 0.2029 0.0471 0.1406 0.1033 0.3433 0.1239 
 541 0.0068 0.0326 0.2280 0.0614 0.1258 0.2259 0.1849 0.1346 
 542 0.0056 0.1050 0.0171 0.0943 0.2134 0.1047 0.3343 0.1256 
 543 0.0062 0.1103 0.2238 0.0567 0.0884 0.1256 0.1995 0.1895 
 544 0.0048 0.1420 0.0397 0.0721 0.1338 0.1370 0.2976 0.1729 
 545 0.0051 0.2864 0.0180 0.0695 0.1890 0.0853 0.1834 0.1633 
 546 0.0052 0.0478 0.0444 0.1208 0.1148 0.1350 0.4022 0.1299 
 547 0.0053 0.2988 0.0290 0.0561 0.0992 0.2254 0.1381 0.1481 
 548 0.0052 0.0115 0.0212 0.0578 0.0847 0.2857 0.4064 0.1275 
 549 0.0074 0.1171 0.0266 0.0490 0.1877 0.3878 0.0963 0.1281 
 550 0.0045 0.2261 0.0154 0.0619 0.1715 0.1380 0.1349 0.2477 
 551 0.0079 0.0309 0.0370 0.0538 0.1227 0.4651 0.1192 0.1635 
 552 0.0056 0.0286 0.0194 0.0465 0.1076 0.2082 0.4733 0.1107 
 553 0.0070 0.2618 0.0886 0.0546 0.0745 0.1722 0.2097 0.1316 
 554 0.0081 0.0306 0.2317 0.0548 0.1673 0.0827 0.2583 0.1664 
 555 0.0065 0.0615 0.0684 0.1196 0.0977 0.3410 0.1816 0.1237 
 556 0.0057 0.0298 0.0415 0.0590 0.1039 0.1694 0.4418 0.1489 
 557 0.0049 0.1324 0.0482 0.0593 0.2358 0.1611 0.1155 0.2429 
 558 0.0065 0.0125 0.0157 0.0370 0.3792 0.0774 0.0700 0.4016 
 559 0.0057 0.0192 0.0231 0.0496 0.0990 0.0926 0.4200 0.2908 
 560 0.0050 0.0250 0.0133 0.0595 0.1825 0.0601 0.1164 0.5383 
 561 0.0058 0.0227 0.0162 0.0987 0.1818 0.0789 0.1693 0.4265 
 562 0.0059 0.0389 0.0147 0.0909 0.1744 0.0598 0.2083 0.4072 
 563 0.0081 0.0264 0.0208 0.0976 0.1070 0.2462 0.0872 0.4068 
 564 0.0083 0.0329 0.0520 0.0456 0.1338 0.0856 0.4758 0.1659 
 565 0.0055 0.0145 0.0163 0.0435 0.5451 0.0828 0.0990 0.1933 
 566 0.0041 0.0150 0.0142 0.0483 0.1644 0.0624 0.0903 0.6012 
 567 0.0067 0.0202 0.0174 0.0725 0.1211 0.0769 0.4699 0.2153 
 568 0.0053 0.0224 0.0208 0.0413 0.1345 0.1044 0.2597 0.4116 
 569 0.0074 0.0820 0.0566 0.0489 0.2476 0.0939 0.1503 0.3133 
 570 0.0085 0.0137 0.0155 0.0343 0.4326 0.0651 0.1047 0.3255 
 571 0.0051 0.0159 0.0233 0.0395 0.1081 0.0918 0.1423 0.5740 
 572 0.0043 0.2176 0.0248 0.0535 0.1578 0.2204 0.1775 0.1439 
 573 0.0065 0.0328 0.0377 0.0386 0.2440 0.0974 0.3756 0.1674 
 574 0.0074 0.0250 0.0559 0.0519 0.3537 0.1566 0.1645 0.1850 
 575 0.0055 0.0166 0.0200 0.0519 0.1088 0.1936 0.1542 0.4494 
 576 0.0053 0.0142 0.0163 0.0911 0.1574 0.0635 0.0903 0.5619 
 577 0.0089 0.0168 0.0234 0.0565 0.2718 0.1806 0.1723 0.2698 
 578 0.0054 0.0236 0.0235 0.0691 0.1841 0.0912 0.1493 0.4540 
 579 0.0060 0.0204 0.0325 0.1135 0.2119 0.0748 0.2383 0.3027 
 580 0.0057 0.0139 0.0237 0.0505 0.3629 0.1240 0.1500 0.2693 
 581 0.0052 0.0146 0.0219 0.0437 0.2626 0.1049 0.1216 0.4255 
 582 0.0064 0.0398 0.0155 0.0405 0.3103 0.0741 0.1150 0.3985 
 583 0.0524 0.0186 0.0327 0.0433 0.1366 0.0881 0.1377 0.4906 
 584 0.0063 0.0120 0.0157 0.0551 0.1648 0.0730 0.1009 0.5724 
 585 0.0062 0.0199 0.0185 0.0891 0.2032 0.0797 0.1281 0.4553 
 586 0.0052 0.0189 0.0187 0.0508 0.0848 0.1086 0.2029 0.5102 
 587 0.0112 0.0298 0.0140 0.0688 0.2575 0.0718 0.2701 0.2768 
 588 0.0061 0.0313 0.0281 0.0587 0.0575 0.0697 0.6442 0.1043 
 589 0.0055 0.0609 0.0278 0.0562 0.3465 0.0700 0.1577 0.2753 
 590 0.0065 0.0135 0.0143 0.1090 0.1107 0.0880 0.2421 0.4157 
 591 0.0054 0.0122 0.0209 0.0447 0.1000 0.0970 0.1601 0.5597 
 592 0.0046 0.0341 0.0155 0.0549 0.1422 0.0762 0.2867 0.3859 
 593 0.0054 0.0239 0.0251 0.0397 0.1709 0.1245 0.2132 0.3973 
 594 0.0421 0.0155 0.0540 0.0718 0.1208 0.1517 0.2184 0.3256 
 595 0.0087 0.0105 0.0131 0.2468 0.1942 0.0679 0.1584 0.3004 
 596 0.0044 0.0383 0.0200 0.0705 0.2543 0.1206 0.3213 0.1705 
 597 0.0084 0.0295 0.0716 0.0440 0.0836 0.2067 0.1434 0.4130 
 598 0.0072 0.0136 0.0159 0.0332 0.5270 0.0699 0.0761 0.2571 
 599 0.0059 0.0247 0.0152 0.0412 0.1353 0.0638 0.1824 0.5316 
 600 0.0047 0.0257 0.0410 0.0645 0.3167 0.1262 0.1860 0.2353 
 601 0.0043 0.0290 0.0133 0.0510 0.1575 0.0700 0.1451 0.5298 
 602 0.0071 0.0118 0.0249 0.0842 0.1306 0.1884 0.3045 0.2486 
 603 0.0058 0.0125 0.0225 0.0778 0.1222 0.1726 0.3612 0.2253 
 604 0.0101 0.0191 0.0759 0.1079 0.3763 0.1021 0.1607 0.1480 
 605 0.0057 0.0236 0.0218 0.0777 0.1914 0.1050 0.2667 0.3081 
 606 0.0097 0.0208 0.0516 0.0651 0.1973 0.1569 0.3181 0.1806 
 607 0.0066 0.0114 0.0303 0.0587 0.2223 0.2489 0.1932 0.2287 
 608 0.0056 0.0161 0.0383 0.0372 0.1312 0.4087 0.1177 0.2452 
 609 0.0085 0.0256 0.0181 0.0753 0.2861 0.1363 0.1449 0.3053 
 610 0.0056 0.0441 0.0201 0.0670 0.4322 0.1075 0.1684 0.1551 
 611 0.0074 0.0190 0.0232 0.0806 0.1115 0.2203 0.2473 0.2909 
 612 0.0122 0.0360 0.0254 0.0524 0.4890 0.0895 0.1174 0.1781 
 613 0.0391 0.0353 0.0516 0.0613 0.2574 0.1030 0.2306 0.2217 
 614 0.0073 0.0130 0.0139 0.0830 0.5015 0.0849 0.1534 0.1431 
 615 0.0055 0.0160 0.0178 0.0517 0.4725 0.1396 0.1642 0.1328 
 616 0.0057 0.0115 0.0325 0.0658 0.2424 0.1772 0.2134 0.2515 
 617 0.0129 0.0329 0.0382 0.2389 0.2947 0.0786 0.1444 0.1595 
 618 0.0107 0.0271 0.1580 0.0868 0.2897 0.1321 0.1622 0.1334 
 619 0.0043 0.0389 0.0301 0.0387 0.1642 0.1682 0.2168 0.3387 
 620 0.0043 0.0354 0.0145 0.0478 0.1085 0.0604 0.3557 0.3734 
 621 0.0073 0.0114 0.0179 0.0665 0.2008 0.0916 0.1039 0.5006 
 622 0.0136 0.0277 0.0533 0.1545 0.2349 0.1098 0.2649 0.1414 
 623 0.0048 0.0174 0.0211 0.0575 0.1800 0.0918 0.2595 0.3678 
 624 0.0074 0.0232 0.1837 0.0374 0.2991 0.1074 0.1319 0.2100 
 625 0.0205 0.0166 0.0763 0.1067 0.2959 0.1509 0.1421 0.1911 
 626 0.0187 0.0793 0.1781 0.0414 0.2141 0.1715 0.1980 0.0989 
 627 0.0047 0.0197 0.0367 0.0729 0.1945 0.1004 0.2865 0.2845 
 628 0.0051 0.0129 0.0161 0.0974 0.1378 0.1202 0.3136 0.2969 
 629 0.0065 0.0114 0.0191 0.1130 0.1955 0.1503 0.2141 0.2901 
 630 0.0158 0.0212 0.0245 0.0681 0.2528 0.1236 0.1502 0.3438 
 631 0.0062 0.0140 0.0203 0.0478 0.2814 0.1214 0.2563 0.2525 
 632 0.0054 0.0159 0.0405 0.0854 0.1443 0.2423 0.3335 0.1327 
 633 0.0066 0.0132 0.0493 0.0805 0.2833 0.1515 0.1552 0.2604 
 634 0.0060 0.0233 0.0286 0.0394 0.1677 0.2068 0.3038 0.2244 
 635 0.0054 0.0168 0.0283 0.0514 0.1751 0.4049 0.1737 0.1444 
 636 0.0083 0.0160 0.0928 0.0575 0.2259 0.1717 0.1385 0.2893 
 637 0.0061 0.0429 0.0169 0.1147 0.1475 0.1816 0.2787 0.2115 
 638 0.0070 0.0118 0.0275 0.0617 0.1944 0.1757 0.2517 0.2701 
 639 0.0063 0.0143 0.0444 0.0837 0.3330 0.1322 0.2124 0.1737 
 640 0.0062 0.0107 0.0473 0.1198 0.1524 0.1020 0.1341 0.4273 
 641 0.0109 0.0121 0.0218 0.0735 0.2217 0.1336 0.2831 0.2433 
 642 0.0061 0.0290 0.0607 0.0628 0.1251 0.3176 0.2407 0.1581 
 643 0.0060 0.0154 0.1975 0.0498 0.0909 0.3569 0.1355 0.1479 
 644 0.0056 0.0187 0.1807 0.0536 0.0920 0.3028 0.1572 0.1894 
 645 0.0108 0.0220 0.0542 0.0771 0.2561 0.3574 0.1314 0.0910 
