   1 0.0055 0.0055 0.0198 0.0499 0.0934 0.2057 0.1338 0.2451 0.1215 0.1199 
   2 0.0042 0.0041 0.0096 0.0710 0.0727 0.0770 0.1672 0.1199 0.2374 0.2371 
   3 0.0062 0.0044 0.0103 0.0383 0.0722 0.1604 0.2436 0.2081 0.1412 0.1153 
   4 0.0114 0.0127 0.0399 0.0461 0.2243 0.1059 0.0989 0.2123 0.1287 0.1197 
   5 0.0052 0.0046 0.0140 0.0938 0.0765 0.0843 0.1958 0.1026 0.1965 0.2268 
   6 0.0056 0.0040 0.0146 0.0410 0.0922 0.1091 0.3702 0.0919 0.1013 0.1702 
   7 0.0057 0.0042 0.0110 0.1014 0.0607 0.1382 0.1742 0.1092 0.0838 0.3116 
   8 0.0159 0.0140 0.1114 0.0480 0.1062 0.1223 0.1646 0.1822 0.1017 0.1337 
   9 0.0069 0.0166 0.0104 0.0651 0.0708 0.1041 0.2135 0.1889 0.1548 0.1689 
  10 0.0066 0.0052 0.1050 0.0554 0.1030 0.1176 0.2133 0.1293 0.0846 0.1800 
  11 0.0046 0.0040 0.0102 0.0812 0.0556 0.2382 0.1467 0.1151 0.0797 0.2647 
  12 0.0048 0.0042 0.0118 0.0646 0.1050 0.0768 0.2035 0.1271 0.1901 0.2122 
  13 0.0060 0.0047 0.0112 0.0601 0.0745 0.0951 0.2155 0.1716 0.1345 0.2268 
  14 0.0041 0.0048 0.0258 0.0376 0.0982 0.1379 0.1680 0.1379 0.2775 0.1083 
  15 0.0054 0.0041 0.0152 0.0515 0.1501 0.1535 0.1249 0.1867 0.1538 0.1548 
  16 0.0044 0.0041 0.0104 0.0627 0.0649 0.1911 0.2205 0.1675 0.1056 0.1689 
  17 0.0078 0.0070 0.0119 0.0558 0.0882 0.0912 0.3028 0.1392 0.1573 0.1388 
  18 0.0083 0.0065 0.0136 0.0406 0.1223 0.1642 0.1786 0.1429 0.1855 0.1375 
  19 0.0048 0.0037 0.0098 0.0540 0.0764 0.1023 0.3385 0.1357 0.0997 0.1749 
  20 0.0049 0.0039 0.0115 0.0789 0.0987 0.1514 0.1451 0.1282 0.1497 0.2277 
  21 0.0047 0.0045 0.0194 0.0448 0.1457 0.1397 0.1256 0.1814 0.2100 0.1241 
  22 0.0064 0.0038 0.0107 0.0369 0.0738 0.0999 0.3421 0.1809 0.1157 0.1296 
  23 0.0079 0.0103 0.0214 0.0537 0.0857 0.1090 0.1224 0.2670 0.2132 0.1095 
  24 0.0046 0.0038 0.0111 0.0519 0.0922 0.1670 0.1348 0.2815 0.1087 0.1444 
  25 0.0052 0.0047 0.0112 0.0591 0.0554 0.1289 0.2880 0.0859 0.1241 0.2374 
  26 0.0070 0.0044 0.0123 0.0527 0.1269 0.1248 0.1894 0.1811 0.1413 0.1601 
  27 0.0055 0.0048 0.0119 0.0568 0.0896 0.1270 0.2259 0.1554 0.1707 0.1525 
  28 0.0051 0.0056 0.0572 0.0534 0.2048 0.1677 0.1176 0.1367 0.1210 0.1308 
  29 0.0038 0.0040 0.0087 0.0861 0.0615 0.0986 0.1452 0.1645 0.1598 0.2678 
  30 0.0048 0.0038 0.0095 0.0416 0.0636 0.1320 0.2851 0.1742 0.1469 0.1385 
  31 0.0112 0.0145 0.0974 0.0613 0.0805 0.0959 0.1325 0.1205 0.1680 0.2182 
  32 0.0045 0.0046 0.0195 0.0404 0.1106 0.1075 0.2652 0.1834 0.1463 0.1180 
  33 0.0047 0.0043 0.0090 0.0518 0.0672 0.1567 0.1777 0.2402 0.1336 0.1548 
  34 0.0062 0.0075 0.1018 0.0919 0.0753 0.1285 0.2015 0.0905 0.0784 0.2185 
  35 0.0095 0.0054 0.0089 0.0678 0.0514 0.0846 0.2171 0.1371 0.2706 0.1477 
  36 0.0046 0.0047 0.0130 0.0411 0.0533 0.2879 0.0888 0.1623 0.2369 0.1073 
  37 0.0062 0.0040 0.0116 0.0415 0.0886 0.0874 0.1654 0.2528 0.2084 0.1340 
  38 0.0053 0.0065 0.0088 0.0778 0.0455 0.3479 0.0924 0.1084 0.1447 0.1626 
  39 0.0074 0.0063 0.0112 0.0690 0.0705 0.1864 0.1348 0.1196 0.2065 0.1882 
  40 0.0039 0.0045 0.0107 0.0402 0.0618 0.1117 0.1384 0.2566 0.2769 0.0953 
  41 0.0073 0.0085 0.0129 0.0717 0.0455 0.1818 0.1276 0.1851 0.2101 0.1496 
  42 0.0046 0.0045 0.0105 0.0486 0.0644 0.2010 0.0683 0.3721 0.1292 0.0968 
  43 0.0072 0.0058 0.0181 0.0519 0.0654 0.0801 0.1308 0.2177 0.2939 0.1291 
  44 0.0062 0.0049 0.0085 0.0411 0.0438 0.0731 0.1891 0.1547 0.3634 0.1152 
  45 0.0050 0.0057 0.0090 0.0639 0.0456 0.2088 0.0835 0.1228 0.2701 0.1856 
  46 0.0085 0.0048 0.0106 0.0520 0.0755 0.1081 0.2617 0.1018 0.2240 0.1531 
  47 0.0129 0.0072 0.0189 0.0592 0.0736 0.0794 0.2598 0.1705 0.1562 0.1623 
  48 0.0069 0.0051 0.0084 0.0425 0.0457 0.0735 0.1770 0.1531 0.3932 0.0947 
  49 0.0088 0.0055 0.0103 0.0833 0.0643 0.1394 0.1429 0.1729 0.2244 0.1481 
  50 0.0086 0.0064 0.0546 0.0693 0.0716 0.1126 0.2686 0.0818 0.1435 0.1830 
  51 0.0044 0.0056 0.0123 0.0454 0.0460 0.2117 0.0687 0.1746 0.3359 0.0954 
  52 0.0081 0.0061 0.0107 0.0756 0.0741 0.1827 0.1366 0.1538 0.1613 0.1909 
  53 0.0068 0.0058 0.0277 0.0504 0.0633 0.2770 0.1546 0.1428 0.1436 0.1281 
  54 0.0072 0.0055 0.0114 0.0560 0.0720 0.0640 0.1489 0.1773 0.2770 0.1806 
  55 0.0060 0.0042 0.0093 0.0441 0.0581 0.0754 0.1222 0.1318 0.4329 0.1160 
  56 0.0061 0.0047 0.0099 0.0607 0.0633 0.1254 0.1591 0.1783 0.2926 0.1001 
  57 0.0126 0.0061 0.0265 0.0641 0.1578 0.1027 0.2211 0.1710 0.0861 0.1521 
  58 0.0051 0.0054 0.0101 0.0649 0.0575 0.1354 0.0909 0.1785 0.2897 0.1625 
  59 0.0051 0.0063 0.0097 0.1064 0.0580 0.2202 0.0911 0.1579 0.2001 0.1454 
  60 0.0045 0.0049 0.0216 0.0407 0.0978 0.1608 0.0864 0.1746 0.3023 0.1063 
  61 0.0038 0.0052 0.0119 0.0410 0.0796 0.0658 0.0737 0.1749 0.4112 0.1329 
  62 0.0092 0.0065 0.0127 0.1442 0.0908 0.1097 0.1511 0.1196 0.1467 0.2096 
  63 0.0040 0.0045 0.0108 0.0576 0.0707 0.1362 0.1006 0.2197 0.2254 0.1706 
  64 0.0057 0.0049 0.0088 0.0687 0.0563 0.1697 0.2455 0.1182 0.1539 0.1682 
  65 0.0055 0.0051 0.0096 0.0742 0.0527 0.1005 0.1789 0.0907 0.1701 0.3127 
  66 0.0050 0.0064 0.0230 0.0630 0.1186 0.0975 0.1014 0.1925 0.2169 0.1758 
  67 0.0052 0.0060 0.0097 0.0454 0.0528 0.0656 0.1300 0.1212 0.4107 0.1533 
  68 0.0062 0.0060 0.0112 0.0849 0.0664 0.2334 0.0811 0.1726 0.2053 0.1328 
  69 0.0066 0.0131 0.1761 0.0821 0.0777 0.2512 0.0914 0.0828 0.1011 0.1180 
  70 0.0044 0.0058 0.0177 0.0550 0.0655 0.2464 0.0766 0.2012 0.1881 0.1392 
  71 0.0055 0.0071 0.0121 0.1017 0.0463 0.2141 0.0909 0.0977 0.2726 0.1520 
  72 0.0056 0.0046 0.0137 0.0423 0.0516 0.2307 0.1932 0.1310 0.1960 0.1314 
  73 0.0052 0.0069 0.0136 0.1056 0.0528 0.0989 0.0888 0.1117 0.3272 0.1894 
  74 0.0041 0.0044 0.0098 0.0373 0.0621 0.2567 0.0867 0.2376 0.2032 0.0980 
  75 0.0052 0.0054 0.0160 0.0416 0.0755 0.2036 0.0760 0.2686 0.2187 0.0893 
  76 0.0050 0.0044 0.0096 0.0534 0.0565 0.1044 0.1306 0.1406 0.3028 0.1926 
  77 0.0046 0.0066 0.0085 0.0757 0.0426 0.2344 0.0836 0.1584 0.1909 0.1946 
  78 0.0053 0.0080 0.0091 0.0787 0.0434 0.2943 0.0859 0.1630 0.1577 0.1547 
  79 0.0044 0.0041 0.0117 0.0633 0.0696 0.1404 0.1759 0.1251 0.1032 0.3023 
  80 0.0045 0.0040 0.0138 0.0493 0.1419 0.0867 0.0871 0.3589 0.1031 0.1506 
  81 0.0048 0.0040 0.0154 0.0595 0.1614 0.1092 0.0937 0.2607 0.0947 0.1966 
  82 0.0046 0.0043 0.0115 0.0707 0.0850 0.1007 0.1118 0.1989 0.2324 0.1800 
  83 0.0046 0.0039 0.0152 0.0577 0.1365 0.1745 0.1047 0.1956 0.1419 0.1652 
  84 0.0045 0.0039 0.0140 0.0596 0.1310 0.1578 0.1197 0.1898 0.1053 0.2144 
  85 0.0043 0.0039 0.0154 0.0400 0.1371 0.1895 0.1397 0.2153 0.1183 0.1366 
  86 0.0061 0.0054 0.0111 0.0618 0.0682 0.0891 0.1726 0.1015 0.2996 0.1846 
  87 0.0049 0.0049 0.0221 0.0880 0.0729 0.1785 0.0991 0.1257 0.1241 0.2798 
  88 0.0045 0.0039 0.0120 0.0599 0.1040 0.1091 0.0957 0.2734 0.1262 0.2114 
  89 0.0054 0.0057 0.0270 0.0484 0.1415 0.1026 0.0953 0.2701 0.1129 0.1910 
  90 0.0045 0.0041 0.0116 0.0781 0.0826 0.1236 0.1052 0.1382 0.1154 0.3367 
  91 0.0045 0.0038 0.0153 0.0382 0.1440 0.1631 0.0952 0.3045 0.1144 0.1170 
  92 0.0046 0.0040 0.0120 0.0611 0.0926 0.1278 0.1385 0.1746 0.1356 0.2493 
  93 0.0044 0.0040 0.0817 0.0374 0.2089 0.0835 0.0863 0.2893 0.1046 0.0998 
  94 0.0041 0.0040 0.0121 0.1118 0.0658 0.2673 0.0829 0.1110 0.1001 0.2408 
  95 0.0044 0.0044 0.0117 0.0835 0.0972 0.1076 0.0781 0.2173 0.1095 0.2863 
  96 0.0043 0.0042 0.0130 0.0418 0.0851 0.0736 0.0720 0.2667 0.3174 0.1219 
  97 0.0050 0.0037 0.0102 0.0399 0.0770 0.2218 0.0802 0.2320 0.2299 0.1003 
  98 0.0038 0.0043 0.0095 0.0498 0.0552 0.1073 0.1460 0.2317 0.2184 0.1740 
  99 0.0045 0.0043 0.0143 0.0627 0.1259 0.1354 0.1116 0.1853 0.1002 0.2559 
 100 0.0049 0.0041 0.0121 0.0394 0.1374 0.0660 0.0803 0.3813 0.1608 0.1136 
 101 0.0058 0.0076 0.0590 0.0624 0.0876 0.1584 0.0995 0.1554 0.1370 0.2272 
 102 0.0055 0.0056 0.0170 0.0610 0.1144 0.1478 0.0812 0.2727 0.1473 0.1476 
 103 0.0050 0.0133 0.0488 0.0652 0.1250 0.0855 0.1030 0.1181 0.2369 0.1993 
 104 0.0044 0.0054 0.0206 0.1121 0.1144 0.0876 0.1011 0.0685 0.1270 0.3588 
 105 0.0053 0.0126 0.0446 0.1087 0.1427 0.0769 0.0904 0.0838 0.1643 0.2709 
 106 0.0043 0.0041 0.0082 0.0938 0.0431 0.1776 0.1269 0.0786 0.1205 0.3429 
 107 0.0053 0.0195 0.0287 0.1019 0.1142 0.0842 0.1044 0.1200 0.1907 0.2310 
 108 0.0039 0.0049 0.0130 0.0366 0.0676 0.1886 0.1011 0.0826 0.3891 0.1125 
 109 0.0055 0.0080 0.0144 0.1547 0.0506 0.1717 0.1018 0.0720 0.1474 0.2738 
 110 0.0044 0.0068 0.0123 0.1229 0.0474 0.1918 0.1158 0.0831 0.0913 0.3241 
 111 0.0065 0.0104 0.0149 0.1533 0.0763 0.0792 0.0974 0.0848 0.1351 0.3420 
 112 0.0048 0.0186 0.0098 0.2293 0.0511 0.1282 0.0791 0.0839 0.1175 0.2777 
 113 0.0049 0.0091 0.0184 0.0581 0.0821 0.1282 0.1430 0.1160 0.2805 0.1596 
 114 0.0044 0.0055 0.0242 0.1121 0.1352 0.0851 0.0910 0.0775 0.1168 0.3482 
 115 0.0054 0.0171 0.0112 0.1144 0.0574 0.0931 0.1171 0.1369 0.1867 0.2606 
 116 0.0056 0.0057 0.0086 0.0750 0.0435 0.2116 0.1016 0.0887 0.2037 0.2561 
 117 0.0062 0.0178 0.0153 0.1310 0.0492 0.1684 0.1131 0.1151 0.0886 0.2953 
 118 0.0047 0.0098 0.0114 0.1018 0.0696 0.0818 0.1042 0.0905 0.2655 0.2606 
 119 0.0041 0.0043 0.0143 0.0409 0.0845 0.1326 0.0747 0.2652 0.2417 0.1375 
 120 0.0053 0.0129 0.0141 0.1291 0.0729 0.0991 0.1064 0.1236 0.1884 0.2481 
 121 0.0080 0.1221 0.0153 0.1243 0.0478 0.1184 0.0984 0.0990 0.1672 0.1994 
 122 0.0042 0.0053 0.0170 0.0986 0.0646 0.1571 0.1207 0.0861 0.1256 0.3209 
 123 0.0047 0.0181 0.0173 0.1181 0.0833 0.1423 0.1024 0.0964 0.1566 0.2608 
 124 0.0077 0.0407 0.0117 0.0952 0.0611 0.1851 0.1408 0.0837 0.2061 0.1678 
 125 0.0050 0.0086 0.0110 0.1122 0.0480 0.2842 0.1281 0.1273 0.0961 0.1796 
 126 0.0038 0.0042 0.0114 0.0695 0.0739 0.2038 0.0879 0.1157 0.2072 0.2227 
 127 0.0048 0.0135 0.0127 0.1695 0.0783 0.0736 0.0826 0.0862 0.1606 0.3182 
 128 0.0043 0.0043 0.0108 0.0856 0.0671 0.0733 0.1087 0.0924 0.2777 0.2758 
 129 0.0057 0.0137 0.0280 0.0948 0.0637 0.0805 0.1045 0.0743 0.2329 0.3021 
 130 0.0055 0.0185 0.0274 0.1290 0.1087 0.0909 0.0966 0.1088 0.1171 0.2973 
 131 0.0085 0.0433 0.0202 0.0913 0.0492 0.2701 0.1140 0.0773 0.1450 0.1811 
 132 0.0048 0.0059 0.0148 0.0911 0.0564 0.1403 0.1125 0.0747 0.1758 0.3239 
 133 0.0080 0.0161 0.0210 0.1002 0.0869 0.0937 0.1155 0.0972 0.2208 0.2406 
 134 0.0042 0.0047 0.0081 0.1492 0.0400 0.1275 0.0947 0.0693 0.0825 0.4199 
 135 0.0055 0.0039 0.0160 0.0572 0.1903 0.0999 0.0653 0.2390 0.2314 0.0914 
 136 0.0057 0.0041 0.0258 0.0456 0.2728 0.0793 0.1231 0.2524 0.1050 0.0862 
 137 0.0047 0.0082 0.0262 0.0587 0.1762 0.0790 0.0844 0.3819 0.0814 0.0993 
 138 0.0044 0.0035 0.0622 0.0313 0.4124 0.0962 0.0721 0.1398 0.0984 0.0796 
 139 0.0044 0.0041 0.0223 0.0459 0.1895 0.0895 0.1009 0.1305 0.2970 0.1159 
 140 0.0049 0.0044 0.0383 0.0410 0.1537 0.1280 0.0860 0.2267 0.1772 0.1400 
 141 0.0055 0.0045 0.0793 0.0436 0.2760 0.1088 0.1339 0.1303 0.1244 0.0937 
 142 0.0053 0.0045 0.0352 0.0505 0.1755 0.0892 0.0671 0.1861 0.2973 0.0893 
 143 0.0039 0.0035 0.0147 0.0299 0.2206 0.0682 0.0711 0.4146 0.0968 0.0768 
 144 0.0048 0.0080 0.0162 0.0565 0.1981 0.0731 0.0736 0.3795 0.0929 0.0973 
 145 0.0057 0.0044 0.0232 0.0548 0.1944 0.1092 0.1428 0.2172 0.1524 0.0960 
 146 0.0063 0.0050 0.0241 0.0466 0.2153 0.1315 0.1104 0.2117 0.1069 0.1423 
 147 0.0045 0.0038 0.0253 0.0329 0.2801 0.0739 0.0802 0.3392 0.0814 0.0787 
 148 0.0047 0.0050 0.0955 0.0530 0.1934 0.0784 0.1254 0.1643 0.1756 0.1046 
 149 0.0045 0.0042 0.1852 0.0388 0.1314 0.1064 0.0746 0.1942 0.1746 0.0860 
 150 0.0054 0.0094 0.0271 0.0736 0.2136 0.0832 0.0976 0.2398 0.1172 0.1331 
 151 0.0047 0.0037 0.0174 0.0374 0.2528 0.0779 0.0800 0.3077 0.1183 0.1001 
 152 0.0053 0.0049 0.0337 0.0494 0.2290 0.1065 0.1259 0.1682 0.1894 0.0877 
 153 0.0045 0.0046 0.0427 0.0377 0.3147 0.1261 0.0793 0.1681 0.1254 0.0970 
 154 0.0050 0.0049 0.2340 0.0402 0.1326 0.0787 0.1160 0.1389 0.1664 0.0834 
 155 0.0042 0.0039 0.0641 0.0349 0.4242 0.0711 0.0762 0.1257 0.0978 0.0980 
 156 0.0041 0.0045 0.0319 0.0426 0.2669 0.0738 0.0678 0.2237 0.1904 0.0945 
 157 0.0042 0.0041 0.0282 0.0459 0.3106 0.1083 0.0796 0.1992 0.0849 0.1350 
 158 0.0059 0.0042 0.0237 0.0542 0.1936 0.1198 0.1349 0.2487 0.1215 0.0935 
 159 0.0051 0.0047 0.1249 0.0365 0.1981 0.0726 0.0754 0.3125 0.0882 0.0819 
 160 0.0060 0.0044 0.1238 0.0382 0.2795 0.0743 0.0767 0.2103 0.1014 0.0854 
 161 0.0043 0.0041 0.0200 0.0392 0.1203 0.1195 0.0909 0.3868 0.1115 0.1035 
 162 0.0072 0.0051 0.0250 0.0484 0.2543 0.1223 0.1152 0.1394 0.1341 0.1491 
 163 0.0041 0.0040 0.0581 0.0343 0.3851 0.0770 0.0700 0.1555 0.1212 0.0906 
 164 0.0062 0.0053 0.1629 0.0388 0.1682 0.0934 0.0932 0.1540 0.1382 0.1398 
 165 0.0053 0.0087 0.0192 0.0713 0.2246 0.0832 0.0821 0.2702 0.1086 0.1267 
 166 0.0045 0.0045 0.1596 0.0395 0.1526 0.1421 0.0751 0.1630 0.1466 0.1125 
 167 0.0073 0.0056 0.2849 0.0368 0.1678 0.0783 0.1316 0.1047 0.0867 0.0963 
 168 0.0046 0.0037 0.0306 0.0331 0.3109 0.1657 0.0812 0.1673 0.1171 0.0858 
 169 0.0066 0.0044 0.0206 0.0578 0.1545 0.2297 0.1283 0.1987 0.1079 0.0915 
 170 0.0041 0.0036 0.0121 0.0350 0.0959 0.0760 0.0761 0.4390 0.1558 0.1023 
 171 0.0050 0.0046 0.0282 0.0351 0.2606 0.1321 0.1184 0.1586 0.1585 0.0988 
 172 0.0049 0.0046 0.0588 0.0426 0.1232 0.2036 0.0740 0.2295 0.1741 0.0846 
 173 0.0049 0.0038 0.0289 0.0371 0.4141 0.0693 0.0804 0.1562 0.1182 0.0872 
 174 0.0048 0.0039 0.0291 0.0363 0.3752 0.0850 0.0914 0.1790 0.0902 0.1051 
 175 0.0046 0.0038 0.0169 0.0344 0.1931 0.0687 0.1264 0.3745 0.0969 0.0807 
 176 0.0047 0.0079 0.0159 0.0561 0.1978 0.0726 0.0740 0.3810 0.0926 0.0975 
 177 0.0048 0.0043 0.0267 0.0474 0.2849 0.1698 0.0827 0.1474 0.0957 0.1363 
 178 0.0050 0.0041 0.0333 0.0383 0.3550 0.0804 0.1486 0.1337 0.0958 0.1058 
 179 0.0042 0.0040 0.0693 0.0303 0.4075 0.0692 0.0838 0.1567 0.0941 0.0809 
 180 0.0069 0.0051 0.0714 0.0420 0.1628 0.1130 0.1030 0.2697 0.1160 0.1102 
 181 0.0054 0.0042 0.0207 0.0462 0.2004 0.1013 0.0862 0.2714 0.1701 0.0940 
 182 0.0060 0.0042 0.0173 0.0392 0.2315 0.0717 0.0709 0.2889 0.1849 0.0854 
 183 0.0047 0.0038 0.0235 0.0329 0.2982 0.0700 0.0857 0.2895 0.1094 0.0822 
 184 0.0056 0.0047 0.0099 0.0485 0.0692 0.0770 0.2135 0.1161 0.2977 0.1577 
 185 0.0038 0.0059 0.0279 0.0363 0.3138 0.0611 0.0646 0.2248 0.1900 0.0717 
 186 0.0048 0.0044 0.0099 0.0524 0.0670 0.0773 0.1810 0.1178 0.2475 0.2378 
 187 0.0040 0.0044 0.0219 0.0387 0.2006 0.0726 0.1292 0.1528 0.2290 0.1469 
 188 0.0050 0.0054 0.0099 0.0439 0.0558 0.0649 0.1756 0.0908 0.3169 0.2317 
 189 0.0043 0.0040 0.0138 0.0348 0.1143 0.1467 0.1747 0.2239 0.1846 0.0989 
 190 0.0037 0.0037 0.0122 0.0376 0.1183 0.0585 0.0588 0.1714 0.4583 0.0776 
 191 0.0044 0.0050 0.0123 0.0516 0.0992 0.0694 0.1373 0.1345 0.2746 0.2117 
 192 0.0040 0.0043 0.0122 0.0465 0.1176 0.0777 0.1499 0.2431 0.1594 0.1855 
 193 0.0043 0.0039 0.0121 0.0534 0.0989 0.0867 0.1460 0.2211 0.2157 0.1579 
 194 0.0044 0.0052 0.0136 0.0418 0.0877 0.0841 0.1175 0.2732 0.2254 0.1471 
 195 0.0041 0.0043 0.0165 0.0304 0.1837 0.0616 0.0762 0.2046 0.3275 0.0911 
 196 0.0038 0.0042 0.0128 0.0446 0.1148 0.0662 0.0793 0.1617 0.4083 0.1042 
 197 0.0050 0.0045 0.0195 0.0533 0.1589 0.0831 0.1983 0.1098 0.2014 0.1662 
 198 0.0040 0.0041 0.0126 0.0421 0.0924 0.1268 0.1679 0.1818 0.1916 0.1767 
 199 0.0043 0.0040 0.0099 0.0467 0.0731 0.0826 0.0775 0.2132 0.3802 0.1086 
 200 0.0042 0.0042 0.0132 0.0514 0.1094 0.0842 0.1116 0.1427 0.3822 0.0968 
 201 0.0038 0.0039 0.0281 0.0342 0.2978 0.0603 0.0964 0.1545 0.2204 0.1007 
 202 0.0037 0.0037 0.0124 0.0395 0.1349 0.0616 0.0727 0.3347 0.2353 0.1015 
 203 0.0042 0.0047 0.0243 0.0416 0.2846 0.0594 0.0814 0.1667 0.2285 0.1048 
 204 0.0041 0.0048 0.0121 0.0365 0.1090 0.0611 0.0747 0.1719 0.4011 0.1246 
 205 0.0042 0.0041 0.0118 0.0401 0.0877 0.0855 0.1009 0.1478 0.3731 0.1449 
 206 0.0044 0.0049 0.0150 0.0349 0.1326 0.0596 0.0959 0.1516 0.3916 0.1095 
 207 0.0040 0.0040 0.0092 0.0538 0.0670 0.0596 0.0868 0.1471 0.4054 0.1631 
 208 0.0040 0.0040 0.0234 0.0393 0.2157 0.0627 0.0858 0.1170 0.3233 0.1246 
 209 0.0041 0.0043 0.0119 0.0541 0.0938 0.0711 0.1358 0.1817 0.2577 0.1854 
 210 0.0040 0.0044 0.0144 0.0399 0.1375 0.0646 0.0941 0.1539 0.3516 0.1355 
 211 0.0050 0.0051 0.0112 0.0894 0.0973 0.0587 0.0790 0.2011 0.3134 0.1398 
 212 0.0038 0.0038 0.0147 0.0352 0.1742 0.0742 0.1090 0.2970 0.1961 0.0919 
 213 0.0041 0.0047 0.0101 0.0509 0.0739 0.1151 0.0781 0.1982 0.2946 0.1701 
 214 0.0042 0.0040 0.0128 0.0436 0.1703 0.0603 0.0874 0.3026 0.2174 0.0975 
 215 0.0041 0.0043 0.0120 0.0493 0.0835 0.0762 0.1010 0.1116 0.3956 0.1623 
 216 0.0056 0.0041 0.0099 0.0483 0.0768 0.0833 0.2221 0.1434 0.2633 0.1433 
 217 0.0038 0.0041 0.0147 0.0360 0.1735 0.0665 0.0975 0.2459 0.2658 0.0923 
 218 0.0045 0.0045 0.0122 0.0493 0.1100 0.0845 0.1019 0.1648 0.2958 0.1725 
 219 0.0061 0.0040 0.0159 0.0362 0.1601 0.0925 0.2068 0.1776 0.1936 0.1071 
 220 0.0043 0.0048 0.0123 0.0419 0.0932 0.0616 0.0907 0.1303 0.3830 0.1779 
 221 0.0039 0.0037 0.0103 0.0342 0.0941 0.0620 0.0665 0.4672 0.1805 0.0778 
 222 0.0052 0.0041 0.0115 0.0398 0.0936 0.0823 0.2602 0.1761 0.1958 0.1314 
 223 0.0041 0.0039 0.0207 0.0384 0.2147 0.0875 0.1363 0.1796 0.1941 0.1206 
 224 0.0045 0.0054 0.0161 0.0366 0.1728 0.0600 0.0970 0.2273 0.2742 0.1060 
 225 0.0042 0.0041 0.0121 0.0398 0.1014 0.0753 0.0982 0.1819 0.3504 0.1326 
 226 0.0055 0.0051 0.0137 0.0501 0.1032 0.1557 0.1426 0.1691 0.2338 0.1212 
 227 0.0042 0.0043 0.0159 0.0397 0.1406 0.0625 0.0753 0.1840 0.3504 0.1232 
 228 0.0042 0.0060 0.0164 0.0351 0.1712 0.0590 0.0679 0.1906 0.3653 0.0843 
 229 0.0043 0.0056 0.0136 0.0398 0.1612 0.0609 0.1114 0.2646 0.1952 0.1434 
 230 0.0047 0.0053 0.0124 0.0449 0.1370 0.0601 0.0964 0.2355 0.2552 0.1486 
 231 0.0042 0.0049 0.0166 0.0417 0.2083 0.0685 0.1512 0.1768 0.1993 0.1285 
 232 0.0045 0.0044 0.0106 0.0458 0.0858 0.1264 0.0812 0.2967 0.1959 0.1487 
 233 0.0041 0.0040 0.0251 0.0416 0.3108 0.0607 0.0913 0.1893 0.1729 0.1002 
 234 0.0038 0.0040 0.0143 0.0476 0.1503 0.0858 0.1951 0.1619 0.1779 0.1593 
 235 0.0044 0.0041 0.0131 0.0373 0.1125 0.0848 0.1161 0.2583 0.2480 0.1215 
 236 0.0041 0.0039 0.0134 0.0480 0.1820 0.0743 0.1206 0.2324 0.2019 0.1195 
 237 0.0040 0.0046 0.0116 0.0551 0.0939 0.0710 0.0994 0.1279 0.3861 0.1463 
 238 0.0037 0.0040 0.0132 0.0425 0.1539 0.0658 0.1002 0.3049 0.1948 0.1169 
 239 0.0040 0.0043 0.0164 0.0306 0.1836 0.0620 0.0760 0.2042 0.3280 0.0909 
 240 0.0037 0.0039 0.0126 0.0420 0.1552 0.0657 0.0992 0.3055 0.1950 0.1172 
 241 0.0048 0.0036 0.0126 0.0371 0.1320 0.0775 0.0798 0.3397 0.2170 0.0959 
 242 0.0045 0.0054 0.0144 0.0358 0.1186 0.0931 0.1393 0.1858 0.2813 0.1218 
 243 0.0039 0.0039 0.0125 0.0456 0.1216 0.0568 0.0693 0.1593 0.4350 0.0922 
 244 0.0042 0.0049 0.0143 0.0432 0.1931 0.0599 0.0893 0.2222 0.2554 0.1133 
 245 0.0038 0.0040 0.0249 0.0345 0.2781 0.0701 0.0781 0.2292 0.1807 0.0966 
 246 0.0041 0.0039 0.0147 0.0364 0.1720 0.0669 0.0979 0.2446 0.2681 0.0915 
 247 0.0038 0.0044 0.0095 0.0582 0.0609 0.1278 0.1169 0.1099 0.2717 0.2369 
 248 0.0038 0.0038 0.0101 0.0544 0.0698 0.0713 0.1069 0.0948 0.4010 0.1841 
 249 0.0043 0.0043 0.0111 0.0457 0.1168 0.0599 0.0959 0.3187 0.2143 0.1290 
 250 0.0045 0.0044 0.0118 0.0490 0.1290 0.0724 0.1321 0.2467 0.1931 0.1570 
 251 0.0046 0.0043 0.0124 0.0575 0.0946 0.1238 0.1651 0.1342 0.2804 0.1231 
 252 0.0041 0.0041 0.0136 0.0356 0.1264 0.0770 0.1137 0.2285 0.2697 0.1274 
 253 0.0041 0.0041 0.0101 0.0498 0.0694 0.1144 0.1169 0.1577 0.3129 0.1606 
 254 0.0049 0.0040 0.0135 0.0391 0.1212 0.0695 0.2257 0.1480 0.2496 0.1246 
 255 0.0040 0.0043 0.0129 0.0428 0.1113 0.0715 0.1618 0.2194 0.1897 0.1823 
 256 0.0044 0.0039 0.0114 0.0434 0.1099 0.0713 0.0952 0.2677 0.2842 0.1087 
 257 0.0068 0.0141 0.0159 0.0477 0.1067 0.0785 0.1048 0.1824 0.2980 0.1451 
 258 0.0039 0.0041 0.0138 0.0491 0.1050 0.0942 0.1228 0.1223 0.3290 0.1559 
 259 0.0048 0.0051 0.0117 0.0482 0.0982 0.0719 0.1264 0.2075 0.2748 0.1514 
 260 0.0048 0.0042 0.0136 0.0400 0.1597 0.0704 0.2284 0.2175 0.1451 0.1162 
 261 0.0038 0.0038 0.0154 0.0332 0.1717 0.0782 0.1016 0.2154 0.2795 0.0974 
 262 0.0040 0.0037 0.0129 0.0352 0.1331 0.0665 0.0678 0.2284 0.3695 0.0789 
 263 0.0058 0.0048 0.0114 0.0430 0.0925 0.0597 0.1479 0.1137 0.3886 0.1326 
 264 0.0057 0.0039 0.0083 0.0448 0.0510 0.0899 0.3239 0.0931 0.2222 0.1572 
 265 0.0040 0.0039 0.0160 0.0385 0.1511 0.0863 0.1394 0.1571 0.2693 0.1344 
 266 0.0041 0.0037 0.0127 0.0351 0.1584 0.0622 0.0676 0.3447 0.2329 0.0787 
 267 0.0039 0.0040 0.0127 0.0574 0.1288 0.0684 0.1391 0.2068 0.2290 0.1497 
 268 0.0040 0.0042 0.0125 0.0439 0.1156 0.0664 0.0797 0.1612 0.4084 0.1041 
 269 0.0040 0.0040 0.0168 0.0385 0.1569 0.1051 0.2102 0.1567 0.1978 0.1101 
 270 0.0059 0.0046 0.0168 0.0519 0.0948 0.0822 0.1852 0.1227 0.2730 0.1630 
 271 0.0044 0.0040 0.0120 0.0506 0.0899 0.0884 0.1076 0.1347 0.3565 0.1519 
 272 0.0053 0.0055 0.0135 0.0586 0.0938 0.1463 0.1135 0.1375 0.3081 0.1178 
 273 0.0193 0.0258 0.0386 0.0644 0.1239 0.1056 0.1280 0.1803 0.1578 0.1564 
 274 0.0044 0.0041 0.0124 0.0462 0.0968 0.1047 0.1380 0.1619 0.2803 0.1513 
 275 0.0075 0.0095 0.0390 0.0547 0.1319 0.0948 0.1549 0.1408 0.2481 0.1187 
 276 0.0053 0.0054 0.0110 0.0635 0.0665 0.1228 0.1028 0.1593 0.3294 0.1339 
 277 0.0041 0.0037 0.0134 0.0394 0.1372 0.0867 0.1530 0.2361 0.1995 0.1269 
 278 0.0039 0.0039 0.0136 0.0487 0.1038 0.0770 0.0947 0.1098 0.4200 0.1246 
 279 0.0043 0.0040 0.0123 0.0467 0.1164 0.0872 0.1331 0.1992 0.2626 0.1343 
 280 0.0040 0.0040 0.0135 0.0397 0.1202 0.1152 0.1424 0.1688 0.2780 0.1142 
 281 0.0044 0.0040 0.0125 0.0486 0.0993 0.0959 0.1050 0.1657 0.2746 0.1900 
 282 0.0037 0.0040 0.0152 0.0400 0.2126 0.0741 0.1386 0.2523 0.1467 0.1127 
 283 0.0041 0.0046 0.0180 0.0378 0.2230 0.0600 0.0993 0.2755 0.1584 0.1193 
 284 0.0041 0.0046 0.0201 0.0573 0.1475 0.0824 0.1303 0.1985 0.2139 0.1413 
 285 0.0041 0.0043 0.0089 0.0526 0.0508 0.0938 0.0985 0.0863 0.4189 0.1816 
 286 0.0043 0.0046 0.0143 0.0439 0.1919 0.0603 0.0892 0.2215 0.2558 0.1143 
 287 0.0043 0.0042 0.0141 0.0421 0.1210 0.1141 0.1296 0.1943 0.2058 0.1704 
 288 0.0053 0.0060 0.0145 0.0503 0.0945 0.1221 0.1356 0.1426 0.2811 0.1479 
 289 0.0070 0.0089 0.0180 0.0585 0.0847 0.0900 0.1327 0.1275 0.3055 0.1673 
 290 0.0058 0.0049 0.0090 0.0595 0.0683 0.0890 0.1495 0.2025 0.2862 0.1254 
 291 0.0042 0.0041 0.0118 0.0520 0.0908 0.0879 0.1086 0.1344 0.3544 0.1518 
 292 0.0041 0.0040 0.0129 0.0346 0.1176 0.1214 0.1087 0.1900 0.3116 0.0952 
 293 0.0047 0.0044 0.0096 0.0609 0.0701 0.1082 0.1997 0.1242 0.2923 0.1260 
 294 0.0062 0.0053 0.0100 0.0406 0.0705 0.0666 0.1369 0.1215 0.4097 0.1327 
 295 0.0054 0.0051 0.0327 0.0591 0.0760 0.1257 0.1147 0.1363 0.3094 0.1355 
 296 0.0044 0.0045 0.0119 0.0532 0.0994 0.0791 0.0837 0.1320 0.3722 0.1596 
 297 0.0043 0.0043 0.0116 0.0418 0.0876 0.1128 0.1619 0.1693 0.2559 0.1506 
 298 0.0041 0.0041 0.0130 0.0410 0.1453 0.0726 0.1534 0.2745 0.1431 0.1488 
 299 0.0059 0.0056 0.0116 0.0400 0.0931 0.0602 0.1923 0.1450 0.2852 0.1612 
 300 0.0042 0.0046 0.0099 0.0447 0.0694 0.0797 0.0921 0.1218 0.4106 0.1630 
 301 0.0053 0.0047 0.0165 0.0490 0.0931 0.0841 0.2387 0.1199 0.2652 0.1234 
 302 0.0061 0.0058 0.0176 0.0435 0.0865 0.0680 0.1259 0.1009 0.4424 0.1035 
 303 0.0042 0.0049 0.0140 0.0398 0.1581 0.0822 0.1032 0.2463 0.2307 0.1165 
 304 0.0052 0.0047 0.0226 0.0532 0.2260 0.0767 0.2001 0.1618 0.1010 0.1486 
 305 0.0043 0.0049 0.0214 0.0371 0.1514 0.0725 0.0796 0.1695 0.3669 0.0923 
 306 0.0041 0.0040 0.0128 0.0364 0.1297 0.0805 0.1127 0.3113 0.2104 0.0979 
 307 0.0050 0.0046 0.0119 0.0471 0.1043 0.0867 0.1371 0.2505 0.2275 0.1254 
 308 0.0039 0.0037 0.0158 0.0332 0.1727 0.0782 0.1010 0.2153 0.2793 0.0970 
 309 0.0158 0.0389 0.0325 0.0630 0.0988 0.0690 0.1012 0.1179 0.2884 0.1745 
 310 0.0039 0.0039 0.0128 0.0410 0.1365 0.0599 0.0831 0.2057 0.3544 0.0988 
 311 0.0045 0.0051 0.0120 0.0456 0.1358 0.0605 0.0974 0.2369 0.2541 0.1481 
 312 0.0040 0.0052 0.0123 0.0449 0.0955 0.0611 0.0838 0.1285 0.4002 0.1645 
 313 0.0041 0.0043 0.0101 0.0411 0.0620 0.0704 0.0812 0.1006 0.5072 0.1191 
 314 0.0044 0.0047 0.1061 0.0326 0.2211 0.0741 0.0733 0.2720 0.1359 0.0757 
 315 0.0040 0.0047 0.0945 0.0307 0.2875 0.1119 0.0810 0.1868 0.1215 0.0774 
 316 0.0059 0.0057 0.1708 0.0322 0.2738 0.1176 0.0895 0.1353 0.0868 0.0822 
 317 0.0050 0.0044 0.1122 0.0329 0.2642 0.0746 0.0763 0.2572 0.0950 0.0781 
 318 0.0045 0.0039 0.1981 0.0305 0.3086 0.0755 0.0805 0.1492 0.0714 0.0778 
 319 0.0044 0.0036 0.0185 0.0314 0.3091 0.0684 0.0718 0.3166 0.0979 0.0783 
 320 0.0045 0.0045 0.1047 0.0324 0.2224 0.0739 0.0732 0.2728 0.1358 0.0757 
 321 0.0045 0.0040 0.1983 0.0318 0.1976 0.0753 0.0804 0.2470 0.0830 0.0781 
 322 0.0066 0.0059 0.0827 0.0352 0.2288 0.1162 0.0840 0.2330 0.1244 0.0832 
 323 0.0105 0.0082 0.0760 0.0304 0.3700 0.0727 0.0835 0.1906 0.0782 0.0801 
 324 0.0044 0.0040 0.1980 0.0319 0.1983 0.0758 0.0804 0.2468 0.0830 0.0774 
 325 0.0044 0.0041 0.2369 0.0306 0.2427 0.1080 0.0835 0.1286 0.0812 0.0799 
 326 0.0058 0.0047 0.3421 0.0313 0.1388 0.1012 0.0799 0.1352 0.0810 0.0801 
 327 0.0048 0.0041 0.1117 0.0326 0.2666 0.0749 0.0767 0.2559 0.0948 0.0779 
 328 0.0044 0.0039 0.1010 0.0322 0.2062 0.1133 0.0850 0.2616 0.1106 0.0818 
 329 0.0042 0.0037 0.0323 0.0299 0.3655 0.0729 0.0796 0.2623 0.0718 0.0777 
 330 0.0049 0.0040 0.1128 0.0326 0.2625 0.0748 0.0763 0.2581 0.0950 0.0789 
 331 0.0044 0.0036 0.0690 0.0296 0.4054 0.0741 0.0792 0.1773 0.0784 0.0790 
 332 0.0069 0.0058 0.3355 0.0303 0.1419 0.1013 0.0837 0.1347 0.0801 0.0797 
 333 0.0060 0.0052 0.2574 0.0309 0.1626 0.1025 0.0801 0.1786 0.0944 0.0822 
 334 0.0042 0.0040 0.1015 0.0328 0.2039 0.1124 0.0847 0.2646 0.1106 0.0814 
 335 0.0043 0.0042 0.0480 0.0322 0.2454 0.1085 0.0792 0.2855 0.1131 0.0796 
 336 0.0070 0.0064 0.2953 0.0292 0.1499 0.0741 0.0788 0.1843 0.0994 0.0756 
 337 0.0045 0.0040 0.2291 0.0328 0.1572 0.1083 0.0825 0.2056 0.0966 0.0795 
 338 0.0044 0.0035 0.3199 0.0292 0.1779 0.0740 0.0801 0.1618 0.0714 0.0777 
 339 0.0044 0.0037 0.0714 0.0301 0.4038 0.0733 0.0791 0.1768 0.0780 0.0794 
 340 0.0042 0.0034 0.0433 0.0296 0.4363 0.0699 0.0729 0.1781 0.0842 0.0781 
 341 0.0087 0.0066 0.1423 0.0317 0.2689 0.0726 0.0779 0.2291 0.0813 0.0808 
 342 0.0047 0.0043 0.1124 0.0329 0.2648 0.0744 0.0762 0.2561 0.0962 0.0781 
 343 0.0091 0.0112 0.0891 0.0326 0.1450 0.1050 0.0828 0.3135 0.1346 0.0771 
 344 0.0042 0.0038 0.0758 0.0300 0.3967 0.0735 0.0795 0.1872 0.0718 0.0774 
 345 0.0049 0.0042 0.1142 0.0328 0.2618 0.0754 0.0764 0.2576 0.0946 0.0782 
 346 0.0047 0.0040 0.1168 0.0307 0.3781 0.0753 0.0778 0.1550 0.0788 0.0787 
 347 0.0044 0.0036 0.0523 0.0293 0.4255 0.0698 0.0732 0.1881 0.0764 0.0773 
 348 0.0042 0.0044 0.0433 0.0319 0.2028 0.1028 0.0750 0.2983 0.1612 0.0761 
 349 0.0048 0.0042 0.1140 0.0329 0.2620 0.0745 0.0771 0.2572 0.0949 0.0784 
 350 0.0041 0.0041 0.0304 0.0304 0.3817 0.0742 0.0765 0.2077 0.1132 0.0776 
 351 0.0043 0.0042 0.0482 0.0326 0.2460 0.1077 0.0791 0.2860 0.1122 0.0797 
 352 0.0047 0.0044 0.1390 0.0335 0.2104 0.1108 0.0806 0.2181 0.1180 0.0806 
 353 0.0071 0.0064 0.2943 0.0295 0.1510 0.0737 0.0789 0.1831 0.1001 0.0761 
 354 0.0063 0.0057 0.0723 0.0317 0.3697 0.0761 0.0831 0.2020 0.0739 0.0793 
 355 0.0044 0.0038 0.1991 0.0305 0.3060 0.0764 0.0802 0.1498 0.0714 0.0784 
 356 0.0036 0.0039 0.0154 0.0311 0.1443 0.1013 0.0729 0.3961 0.1560 0.0754 
 357 0.0041 0.0038 0.0304 0.0345 0.2631 0.1713 0.1626 0.1374 0.0948 0.0981 
 358 0.0043 0.0039 0.2592 0.0305 0.1699 0.1012 0.0816 0.1892 0.0807 0.0795 
 359 0.0043 0.0038 0.2254 0.0299 0.2176 0.0734 0.0788 0.2073 0.0803 0.0793 
 360 0.0049 0.0039 0.1177 0.0305 0.3794 0.0747 0.0773 0.1537 0.0792 0.0786 
 361 0.0042 0.0039 0.0165 0.0375 0.1530 0.1683 0.1599 0.2351 0.1221 0.0995 
 362 0.0046 0.0060 0.0219 0.0521 0.0880 0.2340 0.1283 0.1058 0.1999 0.1592 
 363 0.0063 0.0075 0.0130 0.0734 0.0591 0.1776 0.1844 0.0978 0.1422 0.2386 
 364 0.0094 0.0077 0.0199 0.0548 0.1157 0.0921 0.2335 0.2089 0.1213 0.1366 
 365 0.0125 0.0089 0.0135 0.0801 0.0628 0.2263 0.2034 0.1085 0.1129 0.1710 
 366 0.0052 0.0065 0.0146 0.0496 0.0830 0.1410 0.2003 0.1487 0.2386 0.1125 
 367 0.0044 0.0065 0.0091 0.1176 0.0471 0.2213 0.1092 0.0795 0.0825 0.3228 
 368 0.0044 0.0040 0.0120 0.0539 0.0681 0.1126 0.1562 0.1252 0.1304 0.3332 
 369 0.0056 0.0062 0.0326 0.0455 0.0688 0.0883 0.2074 0.2529 0.1753 0.1174 
 370 0.0099 0.0213 0.0271 0.0862 0.0733 0.0985 0.1671 0.1226 0.1494 0.2445 
 371 0.0082 0.0095 0.0291 0.0555 0.0830 0.0811 0.2964 0.1421 0.1548 0.1403 
 372 0.0310 0.0267 0.0293 0.0806 0.0894 0.0947 0.1027 0.1367 0.1746 0.2343 
 373 0.0049 0.0043 0.0113 0.0907 0.0754 0.1133 0.1343 0.1800 0.1103 0.2755 
 374 0.0059 0.0075 0.0151 0.0738 0.0875 0.1247 0.1658 0.2475 0.1121 0.1600 
 375 0.0119 0.0086 0.0140 0.0675 0.0558 0.1128 0.2799 0.0924 0.0917 0.2653 
 376 0.0880 0.0082 0.0117 0.0505 0.0526 0.2341 0.2280 0.0937 0.0815 0.1517 
 377 0.0060 0.0067 0.0252 0.0571 0.0876 0.1794 0.1642 0.0976 0.1918 0.1844 
 378 0.0049 0.0049 0.0298 0.1194 0.1316 0.1129 0.0823 0.1429 0.1221 0.2491 
 379 0.1501 0.0176 0.0123 0.0593 0.0474 0.1737 0.2012 0.0849 0.0960 0.1575 
 380 0.0090 0.0077 0.0176 0.0421 0.0857 0.2501 0.1511 0.2087 0.1236 0.1044 
 381 0.0071 0.0059 0.0117 0.0382 0.0653 0.1414 0.2787 0.2181 0.1413 0.0922 
 382 0.0041 0.0044 0.0160 0.0544 0.0661 0.1314 0.3534 0.0888 0.0904 0.1909 
 383 0.0104 0.0136 0.1509 0.0417 0.0958 0.1952 0.1862 0.1005 0.0959 0.1098 
 384 0.0330 0.0239 0.0553 0.0622 0.0995 0.1141 0.2537 0.1186 0.0847 0.1550 
 385 0.0056 0.0084 0.1171 0.1568 0.1005 0.0837 0.1596 0.1077 0.0845 0.1760 
 386 0.0039 0.0040 0.0099 0.0640 0.0564 0.2332 0.1856 0.0996 0.1125 0.2309 
 387 0.0044 0.0040 0.0119 0.0671 0.0798 0.2211 0.1992 0.0891 0.1085 0.2149 
 388 0.0116 0.0101 0.0234 0.0766 0.1178 0.1218 0.1850 0.1801 0.0885 0.1853 
 389 0.0093 0.0106 0.0222 0.1432 0.0652 0.0753 0.1308 0.0968 0.2686 0.1780 
 390 0.0171 0.0247 0.0186 0.0828 0.0506 0.2639 0.1057 0.1026 0.1352 0.1988 
 391 0.0097 0.0113 0.0150 0.1437 0.0640 0.1250 0.1071 0.1543 0.1529 0.2170 
 392 0.0059 0.0041 0.0137 0.0515 0.1074 0.1914 0.1767 0.1324 0.1299 0.1871 
 393 0.0063 0.0056 0.0146 0.0385 0.0783 0.3806 0.1224 0.1505 0.1051 0.0982 
 394 0.0045 0.0041 0.0331 0.0533 0.1360 0.2084 0.1011 0.1602 0.1119 0.1874 
 395 0.0038 0.0040 0.0096 0.0499 0.0692 0.2440 0.1007 0.0946 0.2570 0.1672 
 396 0.0046 0.0038 0.0084 0.0631 0.0468 0.1186 0.2380 0.0833 0.1020 0.3315 
 397 0.0450 0.0052 0.0123 0.0378 0.0966 0.0734 0.2409 0.1790 0.1938 0.1160 
 398 0.0350 0.0049 0.0098 0.0621 0.0501 0.3520 0.0989 0.0873 0.0937 0.2062 
 399 0.0043 0.0057 0.0166 0.1373 0.0585 0.1485 0.0967 0.1012 0.1336 0.2975 
 400 0.0052 0.0041 0.0097 0.0841 0.0580 0.1467 0.2077 0.1506 0.0967 0.2371 
 401 0.0042 0.0040 0.0106 0.0900 0.0743 0.1747 0.0767 0.1274 0.1662 0.2720 
 402 0.0052 0.0046 0.0125 0.0686 0.0784 0.1221 0.1535 0.1289 0.1746 0.2514 
 403 0.0057 0.0076 0.0203 0.0717 0.2104 0.1295 0.1195 0.1817 0.1211 0.1324 
 404 0.0058 0.0052 0.0090 0.0702 0.0656 0.1108 0.2325 0.1743 0.1166 0.2100 
 405 0.0042 0.0040 0.0108 0.0461 0.0744 0.2244 0.1710 0.1456 0.1632 0.1564 
 406 0.0038 0.0044 0.0093 0.0379 0.0692 0.3120 0.0938 0.2004 0.1725 0.0966 
 407 0.0039 0.0036 0.0084 0.0480 0.0464 0.3371 0.1993 0.0891 0.0937 0.1706 
 408 0.0038 0.0039 0.0082 0.0900 0.0435 0.1107 0.0747 0.0783 0.2567 0.3301 
 409 0.0081 0.0118 0.0135 0.0428 0.0642 0.2154 0.0869 0.3422 0.1094 0.1057 
 410 0.0659 0.0086 0.0168 0.0785 0.0825 0.1801 0.1236 0.1202 0.1217 0.2021 
 411 0.0106 0.0055 0.0421 0.0478 0.0887 0.1274 0.2752 0.1111 0.1410 0.1506 
 412 0.0044 0.0041 0.0115 0.0641 0.0681 0.1228 0.1848 0.1135 0.1209 0.3059 
 413 0.0042 0.0043 0.0267 0.0598 0.1315 0.1453 0.1241 0.1304 0.1161 0.2577 
 414 0.0041 0.0058 0.0152 0.0961 0.0604 0.1013 0.2097 0.0695 0.1254 0.3125 
 415 0.0047 0.0041 0.0092 0.0519 0.0497 0.2216 0.1982 0.1291 0.1664 0.1651 
 416 0.0051 0.0054 0.0102 0.0910 0.0607 0.1565 0.1223 0.1850 0.1348 0.2291 
 417 0.0049 0.0051 0.0116 0.0525 0.0517 0.3605 0.1252 0.1027 0.0969 0.1891 
 418 0.0054 0.0040 0.0095 0.0806 0.0515 0.1244 0.1733 0.0942 0.0866 0.3706 
 419 0.0084 0.0104 0.0167 0.0708 0.1078 0.1727 0.1223 0.1895 0.1216 0.1797 
 420 0.0037 0.0040 0.0082 0.0886 0.0462 0.1740 0.0783 0.1174 0.2173 0.2623 
 421 0.0053 0.0054 0.0121 0.0586 0.0541 0.2275 0.1033 0.1143 0.1163 0.3030 
 422 0.0052 0.0039 0.0100 0.0433 0.0607 0.2662 0.0896 0.1103 0.2532 0.1575 
 423 0.0061 0.0048 0.0112 0.0516 0.0903 0.2011 0.2097 0.1045 0.1456 0.1750 
 424 0.0067 0.0164 0.0147 0.0872 0.0757 0.2336 0.1039 0.1248 0.1492 0.1879 
 425 0.0142 0.0108 0.0156 0.0912 0.0981 0.1234 0.2334 0.1201 0.1127 0.1806 
 426 0.0213 0.0207 0.0371 0.0871 0.0789 0.1815 0.1351 0.1302 0.1091 0.1990 
 427 0.0043 0.0046 0.0221 0.0580 0.1280 0.3610 0.1004 0.0803 0.0805 0.1607 
 428 0.0163 0.0057 0.0140 0.0407 0.1037 0.3158 0.0851 0.1616 0.1473 0.1097 
 429 0.0050 0.0040 0.0090 0.0748 0.0475 0.2382 0.2133 0.0808 0.0858 0.2416 
 430 0.0043 0.0041 0.0101 0.0431 0.0512 0.4232 0.1196 0.0939 0.0957 0.1546 
 431 0.0084 0.0137 0.0232 0.0871 0.1014 0.1291 0.1617 0.1150 0.1431 0.2172 
 432 0.0044 0.0039 0.0117 0.0590 0.0729 0.1308 0.1382 0.1309 0.1354 0.3129 
 433 0.0067 0.0056 0.0170 0.0478 0.1323 0.0908 0.1316 0.2349 0.1783 0.1549 
 434 0.0047 0.0044 0.0121 0.0490 0.0781 0.1254 0.2274 0.1879 0.1493 0.1617 
 435 0.0041 0.0035 0.0093 0.0411 0.0484 0.4632 0.0958 0.0805 0.0933 0.1608 
 436 0.0054 0.0047 0.0100 0.0715 0.0534 0.3764 0.1150 0.1354 0.0859 0.1424 
 437 0.0056 0.0036 0.0102 0.0355 0.0530 0.1670 0.3912 0.0911 0.1016 0.1409 
 438 0.0046 0.0047 0.0120 0.0473 0.0546 0.3926 0.0702 0.1502 0.1384 0.1253 
 439 0.0041 0.0035 0.0098 0.0408 0.0515 0.5138 0.0933 0.1013 0.0716 0.1104 
 440 0.0037 0.0038 0.0085 0.0593 0.0429 0.4196 0.1339 0.0719 0.0903 0.1661 
 441 0.0042 0.0038 0.0128 0.0413 0.0723 0.3939 0.1178 0.1465 0.0889 0.1185 
 442 0.0053 0.0053 0.0083 0.0801 0.0457 0.1692 0.2075 0.1118 0.1221 0.2447 
 443 0.0042 0.0042 0.0091 0.1106 0.0442 0.2539 0.0864 0.0863 0.1831 0.2180 
 444 0.0053 0.0054 0.0087 0.0727 0.0452 0.2307 0.1999 0.1056 0.1295 0.1970 
 445 0.0349 0.0060 0.0108 0.0404 0.0620 0.3193 0.1060 0.1996 0.1190 0.1020 
 446 0.0419 0.0058 0.0112 0.0739 0.0503 0.3775 0.0896 0.0963 0.0689 0.1846 
 447 0.0051 0.0052 0.0102 0.0765 0.0639 0.3408 0.0934 0.1558 0.1030 0.1462 
 448 0.0043 0.0036 0.0098 0.0464 0.0531 0.3294 0.1552 0.0997 0.1067 0.1917 
 449 0.0042 0.0036 0.0105 0.0480 0.0690 0.3102 0.1565 0.1359 0.1081 0.1538 
 450 0.0060 0.0040 0.0121 0.0558 0.0721 0.2119 0.2743 0.1410 0.0669 0.1559 
 451 0.0043 0.0041 0.0088 0.0785 0.0436 0.1647 0.1366 0.0723 0.1300 0.3571 
 452 0.0048 0.0037 0.0110 0.0606 0.0724 0.2727 0.1735 0.1401 0.0791 0.1822 
 453 0.0039 0.0045 0.0102 0.0683 0.0516 0.1991 0.0845 0.1491 0.2709 0.1581 
 454 0.0042 0.0040 0.0227 0.0475 0.0850 0.3052 0.1693 0.1166 0.1093 0.1362 
 455 0.0040 0.0044 0.0099 0.0465 0.0446 0.4823 0.0956 0.0920 0.0940 0.1267 
 456 0.0049 0.0040 0.0090 0.0520 0.0444 0.3225 0.1422 0.0904 0.1880 0.1425 
 457 0.0049 0.0035 0.0101 0.0363 0.0530 0.3243 0.2371 0.1047 0.0925 0.1335 
 458 0.0372 0.0049 0.0108 0.0514 0.0554 0.3948 0.1164 0.1082 0.0831 0.1377 
 459 0.0040 0.0039 0.0102 0.0496 0.0630 0.4333 0.0836 0.1532 0.0693 0.1298 
 460 0.0038 0.0037 0.0094 0.0667 0.0486 0.4494 0.0879 0.0840 0.0775 0.1689 
 461 0.0051 0.0043 0.0097 0.1073 0.0498 0.2510 0.1444 0.0913 0.0655 0.2717 
 462 0.0065 0.0087 0.0096 0.1144 0.0411 0.2774 0.1688 0.0697 0.1326 0.1712 
 463 0.0038 0.0041 0.0111 0.0352 0.0558 0.3771 0.0848 0.1109 0.2240 0.0931 
 464 0.0037 0.0038 0.0088 0.0630 0.0441 0.3805 0.0831 0.0895 0.1191 0.2044 
 465 0.0056 0.0046 0.0103 0.0617 0.0519 0.3216 0.1032 0.1067 0.1305 0.2040 
 466 0.0037 0.0038 0.0089 0.0486 0.0444 0.3406 0.0847 0.0946 0.1909 0.1797 
 467 0.0043 0.0053 0.0122 0.0494 0.0619 0.3703 0.1214 0.1176 0.1274 0.1302 
 468 0.0042 0.0039 0.0088 0.0331 0.0438 0.4293 0.1598 0.0881 0.1198 0.1092 
 469 0.0039 0.0034 0.0096 0.0344 0.0476 0.5764 0.0816 0.0833 0.0660 0.0938 
 470 0.0039 0.0035 0.0094 0.0458 0.0477 0.4855 0.0818 0.0831 0.0813 0.1580 
 471 0.0047 0.0042 0.0088 0.0877 0.0517 0.1774 0.1319 0.1024 0.2164 0.2149 
 472 0.0049 0.0047 0.0093 0.0566 0.0487 0.2666 0.1740 0.1154 0.1505 0.1692 
 473 0.0042 0.0039 0.0122 0.0386 0.0702 0.2747 0.1711 0.1304 0.1407 0.1540 
 474 0.0042 0.0040 0.0104 0.0600 0.0645 0.2655 0.1611 0.1470 0.1138 0.1697 
 475 0.0045 0.0040 0.0112 0.0639 0.0672 0.2618 0.0971 0.1621 0.1148 0.2135 
 476 0.0056 0.0046 0.0098 0.0486 0.0476 0.2971 0.2559 0.1060 0.1008 0.1240 
 477 0.0055 0.0049 0.0108 0.0777 0.0560 0.2736 0.1101 0.1400 0.1113 0.2100 
 478 0.0060 0.0053 0.0108 0.1303 0.0485 0.2449 0.0822 0.0804 0.0812 0.3103 
 479 0.0040 0.0035 0.0095 0.0498 0.0485 0.4213 0.1456 0.0814 0.0776 0.1586 
 480 0.0048 0.0036 0.0099 0.0436 0.0518 0.3513 0.2296 0.0968 0.0827 0.1259 
 481 0.0045 0.0039 0.0085 0.0798 0.0509 0.1724 0.1782 0.0996 0.1529 0.2493 
 482 0.0049 0.0039 0.0090 0.0632 0.0485 0.3132 0.2037 0.0867 0.0766 0.1904 
 483 0.0048 0.0043 0.0116 0.0515 0.0519 0.4605 0.0968 0.1072 0.0734 0.1380 
 484 0.0043 0.0038 0.0102 0.0444 0.0500 0.4423 0.0805 0.0964 0.1659 0.1023 
 485 0.0043 0.0042 0.0109 0.0501 0.0486 0.5092 0.0832 0.0837 0.0777 0.1281 
 486 0.0067 0.0057 0.0111 0.0929 0.0607 0.0898 0.1550 0.1158 0.2963 0.1662 
 487 0.0070 0.0050 0.0165 0.0830 0.1215 0.0988 0.1937 0.1443 0.1601 0.1700 
 488 0.0063 0.0084 0.0192 0.1317 0.1359 0.0963 0.1306 0.0919 0.1557 0.2240 
 489 0.0056 0.0056 0.0126 0.0493 0.0701 0.0691 0.2587 0.2345 0.1748 0.1198 
 490 0.0048 0.0046 0.0094 0.0996 0.0487 0.1165 0.1675 0.0865 0.2143 0.2482 
 491 0.0059 0.0056 0.0120 0.1032 0.0857 0.0777 0.1297 0.2091 0.2140 0.1572 
 492 0.0042 0.0082 0.0220 0.1030 0.1721 0.0940 0.0915 0.1628 0.1552 0.1868 
 493 0.0070 0.0154 0.0201 0.1344 0.1195 0.0705 0.1860 0.0778 0.1924 0.1770 
 494 0.0146 0.0062 0.0109 0.0864 0.0765 0.0919 0.1624 0.1942 0.1975 0.1592 
 495 0.0146 0.0392 0.0186 0.1453 0.1239 0.0814 0.1222 0.1411 0.1339 0.1798 
 496 0.0044 0.0046 0.0133 0.0403 0.0916 0.1024 0.1195 0.3182 0.1862 0.1196 
 497 0.0096 0.0181 0.0214 0.1361 0.1363 0.0765 0.1610 0.1291 0.1720 0.1397 
 498 0.0073 0.0184 0.0111 0.1092 0.0509 0.0867 0.1755 0.1817 0.1583 0.2010 
 499 0.0113 0.0058 0.0168 0.0573 0.1419 0.0858 0.1601 0.2105 0.1917 0.1187 
 500 0.0088 0.0048 0.0124 0.0511 0.0886 0.0938 0.2909 0.1019 0.2208 0.1269 
 501 0.0069 0.0042 0.0106 0.0629 0.0962 0.1138 0.1917 0.2313 0.1138 0.1687 
 502 0.0054 0.0044 0.0113 0.0970 0.1052 0.1036 0.1110 0.2514 0.0848 0.2260 
 503 0.0050 0.0040 0.0098 0.0483 0.0615 0.1456 0.2625 0.1197 0.1350 0.2085 
 504 0.0062 0.0087 0.0102 0.1466 0.0573 0.1031 0.1175 0.1307 0.1678 0.2519 
 505 0.0055 0.0049 0.0101 0.0726 0.0687 0.0825 0.1104 0.1956 0.2881 0.1616 
 506 0.0048 0.0050 0.0115 0.1026 0.0948 0.0794 0.1064 0.2421 0.1338 0.2196 
 507 0.0050 0.0043 0.0143 0.0329 0.1580 0.0737 0.0815 0.3435 0.2046 0.0821 
 508 0.0090 0.0065 0.0235 0.0474 0.1901 0.0675 0.0782 0.2897 0.1890 0.0992 
 509 0.0053 0.0041 0.0122 0.0595 0.1275 0.0947 0.1053 0.1972 0.2494 0.1447 
 510 0.0093 0.0053 0.0134 0.0505 0.1276 0.0712 0.2247 0.2446 0.1207 0.1328 
 511 0.0076 0.0056 0.0097 0.0995 0.0564 0.1490 0.1752 0.1373 0.1524 0.2074 
 512 0.0056 0.0041 0.0086 0.0886 0.0516 0.1301 0.2764 0.0911 0.1089 0.2352 
 513 0.0054 0.0590 0.0125 0.2785 0.0739 0.0561 0.0665 0.1068 0.1933 0.1479 
 514 0.0054 0.0050 0.0171 0.1086 0.1017 0.1151 0.1013 0.1135 0.1331 0.2992 
 515 0.0074 0.0045 0.0160 0.0498 0.1486 0.2396 0.1240 0.1315 0.1683 0.1103 
 516 0.0062 0.0083 0.0105 0.0689 0.0617 0.0945 0.0929 0.1551 0.2435 0.2583 
 517 0.0050 0.0042 0.0141 0.0458 0.1137 0.2111 0.0881 0.1669 0.2053 0.1458 
 518 0.0367 0.0059 0.0177 0.0466 0.1623 0.0748 0.2540 0.1466 0.1318 0.1236 
 519 0.0046 0.0068 0.0099 0.1059 0.0702 0.1304 0.0968 0.1642 0.1199 0.2913 
 520 0.0049 0.0044 0.0140 0.0358 0.1398 0.2483 0.0815 0.2066 0.1775 0.0870 
 521 0.0044 0.0058 0.1226 0.0543 0.1347 0.0852 0.1003 0.1531 0.1774 0.1622 
 522 0.0115 0.0053 0.0134 0.0510 0.0883 0.1410 0.2357 0.0923 0.2352 0.1264 
 523 0.0060 0.0060 0.0241 0.0478 0.1096 0.1620 0.0801 0.1832 0.2628 0.1187 
 524 0.0054 0.0044 0.0148 0.0397 0.1148 0.3284 0.0867 0.1156 0.1544 0.1358 
 525 0.0496 0.0051 0.0159 0.0369 0.1473 0.1692 0.1273 0.1855 0.1642 0.0990 
 526 0.0042 0.0039 0.0100 0.0323 0.0642 0.3450 0.0737 0.1476 0.2306 0.0884 
