   1 0.2617 0.3100 0.1230 0.3053 
   2 0.0588 0.7209 0.1559 0.0644 
   3 0.5410 0.1573 0.1106 0.1911 
   4 0.0544 0.1746 0.0704 0.7005 
   5 0.0700 0.7704 0.0988 0.0609 
   6 0.7699 0.1461 0.0325 0.0515 
   7 0.1239 0.8044 0.0217 0.0500 
   8 0.2509 0.3160 0.0447 0.3883 
   9 0.3493 0.3894 0.1329 0.1283 
  10 0.2717 0.5092 0.0258 0.1933 
  11 0.1953 0.7275 0.0253 0.0519 
  12 0.0837 0.6925 0.1217 0.1021 
  13 0.1245 0.7186 0.0532 0.1036 
  14 0.1365 0.3513 0.3584 0.1538 
  15 0.1150 0.5280 0.0969 0.2601 
  16 0.5228 0.3422 0.0444 0.0905 
  17 0.2404 0.5928 0.0760 0.0909 
  18 0.4367 0.2687 0.1261 0.1685 
  19 0.4630 0.4176 0.0437 0.0757 
  20 0.1412 0.6787 0.0990 0.0810 
  21 0.1650 0.2865 0.2458 0.3027 
  22 0.7068 0.1491 0.0432 0.1009 
  23 0.0736 0.3269 0.3421 0.2575 
  24 0.3685 0.2763 0.0735 0.2817 
  25 0.1420 0.7785 0.0397 0.0398 
  26 0.2648 0.4398 0.1176 0.1778 
  27 0.2201 0.5444 0.0933 0.1422 
  28 0.1912 0.3951 0.0483 0.3655 
  29 0.0931 0.7242 0.1026 0.0800 
  30 0.7215 0.1295 0.0752 0.0738 
  31 0.1550 0.5732 0.0929 0.1790 
  32 0.2274 0.3977 0.1507 0.2243 
  33 0.4621 0.2065 0.1479 0.1835 
  34 0.3572 0.5342 0.0287 0.0798 
  35 0.3805 0.2729 0.2817 0.0650 
  36 0.3003 0.1011 0.5337 0.0649 
  37 0.1172 0.4355 0.1431 0.3043 
  38 0.7055 0.1315 0.1265 0.0365 
  39 0.5283 0.2563 0.1490 0.0663 
  40 0.1243 0.1235 0.5906 0.1616 
  41 0.3582 0.1360 0.4465 0.0592 
  42 0.1875 0.1143 0.2761 0.4222 
  43 0.0829 0.2859 0.5034 0.1278 
  44 0.2508 0.1152 0.5929 0.0411 
  45 0.2857 0.1959 0.4791 0.0394 
  46 0.5049 0.3114 0.1321 0.0516 
  47 0.4214 0.3616 0.1060 0.1110 
  48 0.2337 0.0854 0.6422 0.0387 
  49 0.3648 0.3272 0.2157 0.0923 
  50 0.4826 0.3218 0.0771 0.1186 
  51 0.0706 0.0631 0.8288 0.0375 
  52 0.5466 0.2670 0.1054 0.0810 
  53 0.7605 0.1025 0.0624 0.0746 
  54 0.0944 0.4779 0.3112 0.1165 
  55 0.0773 0.2304 0.6293 0.0630 
  56 0.3406 0.1146 0.4635 0.0813 
  57 0.2081 0.5141 0.0340 0.2438 
  58 0.1519 0.2797 0.4892 0.0792 
  59 0.3848 0.2155 0.3350 0.0647 
  60 0.0930 0.1160 0.6497 0.1414 
  61 0.0321 0.1105 0.7813 0.0761 
  62 0.3360 0.4903 0.0984 0.0752 
  63 0.1330 0.3669 0.3669 0.1332 
  64 0.7036 0.1795 0.0707 0.0462 
  65 0.1001 0.8077 0.0585 0.0338 
  66 0.0636 0.3487 0.3665 0.2212 
  67 0.0716 0.3238 0.5530 0.0516 
  68 0.3781 0.2247 0.3081 0.0891 
  69 0.4835 0.2480 0.0968 0.1718 
  70 0.1536 0.2291 0.5241 0.0932 
  71 0.2280 0.1843 0.5543 0.0334 
  72 0.5803 0.1842 0.1785 0.0571 
  73 0.0695 0.3365 0.5526 0.0414 
  74 0.3782 0.0988 0.3990 0.1240 
  75 0.1343 0.0839 0.6177 0.1640 
  76 0.1197 0.4671 0.3458 0.0674 
  77 0.2768 0.1771 0.5022 0.0439 
  78 0.3741 0.1260 0.4520 0.0480 
  79 0.1094 0.8066 0.0279 0.0562 
  80 0.0830 0.2340 0.0441 0.6389 
  81 0.1152 0.3630 0.0389 0.4830 
  82 0.0604 0.6366 0.1428 0.1601 
  83 0.2029 0.3354 0.1152 0.3465 
  84 0.1406 0.4961 0.0625 0.3008 
  85 0.2061 0.2740 0.0773 0.4425 
  86 0.1526 0.5057 0.2835 0.0582 
  87 0.1011 0.7819 0.0503 0.0666 
  88 0.0610 0.5672 0.0611 0.3107 
  89 0.0652 0.3567 0.0716 0.5064 
  90 0.0621 0.8381 0.0339 0.0659 
  91 0.1121 0.1703 0.0708 0.6469 
  92 0.0862 0.7502 0.0465 0.1170 
  93 0.0393 0.0837 0.0297 0.8474 
  94 0.4369 0.4669 0.0397 0.0565 
  95 0.0462 0.7579 0.0441 0.1517 
  96 0.0387 0.1327 0.6499 0.1787 
  97 0.2364 0.1336 0.4103 0.2197 
  98 0.1223 0.2268 0.5503 0.1006 
  99 0.0960 0.5884 0.0551 0.2604 
 100 0.0354 0.1284 0.1088 0.7274 
 101 0.0738 0.6984 0.1067 0.1211 
 102 0.1025 0.3438 0.1442 0.4095 
 103 0.0473 0.4778 0.2847 0.1902 
 104 0.0600 0.7793 0.0764 0.0842 
 105 0.0389 0.7232 0.0945 0.1434 
 106 0.2546 0.6695 0.0486 0.0273 
 107 0.0565 0.6394 0.1553 0.1488 
 108 0.0810 0.1177 0.7635 0.0378 
 109 0.1507 0.7494 0.0716 0.0283 
 110 0.2552 0.6767 0.0335 0.0346 
 111 0.0455 0.8812 0.0362 0.0371 
 112 0.1039 0.8259 0.0407 0.0295 
 113 0.1373 0.3981 0.3720 0.0927 
 114 0.0544 0.7794 0.0599 0.1063 
 115 0.0573 0.7311 0.1617 0.0499 
 116 0.2459 0.5378 0.1852 0.0312 
 117 0.1421 0.7681 0.0439 0.0458 
 118 0.0603 0.7058 0.1899 0.0440 
 119 0.0612 0.1497 0.6147 0.1744 
 120 0.0678 0.8128 0.0685 0.0509 
 121 0.0666 0.7295 0.1605 0.0433 
 122 0.1996 0.7143 0.0477 0.0384 
 123 0.1023 0.7775 0.0647 0.0555 
 124 0.3822 0.4451 0.1274 0.0453 
 125 0.5025 0.3725 0.0696 0.0554 
 126 0.2113 0.5621 0.1590 0.0676 
 127 0.0466 0.8670 0.0442 0.0423 
 128 0.0467 0.7485 0.1579 0.0469 
 129 0.0373 0.8457 0.0800 0.0370 
 130 0.0650 0.7340 0.0705 0.1305 
 131 0.4442 0.3658 0.1495 0.0406 
 132 0.1206 0.7730 0.0741 0.0324 
 133 0.0637 0.7758 0.1007 0.0597 
 134 0.1632 0.7872 0.0269 0.0227 
 135 0.0470 0.1480 0.2151 0.5899 
 136 0.0428 0.0802 0.0291 0.8478 
 137 0.0348 0.1197 0.0246 0.8210 
 138 0.0450 0.0636 0.0363 0.8551 
 139 0.0591 0.1344 0.5407 0.2658 
 140 0.1050 0.2199 0.1153 0.5598 
 141 0.0802 0.0930 0.0440 0.7829 
 142 0.0425 0.1153 0.2703 0.5719 
 143 0.0285 0.0552 0.0284 0.8880 
 144 0.0326 0.1146 0.0276 0.8252 
 145 0.1002 0.1401 0.0675 0.6922 
 146 0.0855 0.2783 0.0673 0.5689 
 147 0.0322 0.0576 0.0225 0.8877 
 148 0.0557 0.1804 0.0843 0.6796 
 149 0.0510 0.0738 0.0657 0.8095 
 150 0.0456 0.2327 0.0428 0.6789 
 151 0.0362 0.0881 0.0359 0.8397 
 152 0.0774 0.1603 0.1457 0.6166 
 153 0.0642 0.0872 0.0560 0.7925 
 154 0.0412 0.0934 0.0476 0.8177 
 155 0.0336 0.0764 0.0335 0.8565 
 156 0.0319 0.1067 0.1551 0.7063 
 157 0.0647 0.1841 0.0383 0.7129 
 158 0.0910 0.1200 0.0455 0.7435 
 159 0.0295 0.0618 0.0243 0.8843 
 160 0.0308 0.0658 0.0266 0.8768 
 161 0.0730 0.1215 0.0519 0.7536 
 162 0.0952 0.3200 0.0897 0.4951 
 163 0.0321 0.0689 0.0419 0.8571 
 164 0.0677 0.3591 0.0565 0.5167 
 165 0.0406 0.1983 0.0361 0.7250 
 166 0.0931 0.2091 0.1083 0.5895 
 167 0.0538 0.1982 0.0329 0.7151 
 168 0.0822 0.0870 0.0644 0.7665 
 169 0.4103 0.1174 0.0603 0.4119 
 170 0.0378 0.1036 0.1324 0.7262 
 171 0.0790 0.1696 0.0793 0.6721 
 172 0.1932 0.0714 0.1878 0.5476 
 173 0.0309 0.0703 0.0380 0.8609 
 174 0.0383 0.0833 0.0259 0.8525 
 175 0.0415 0.0665 0.0353 0.8566 
 176 0.0328 0.1159 0.0282 0.8231 
 177 0.1279 0.2426 0.0486 0.5809 
 178 0.0577 0.1114 0.0309 0.8001 
 179 0.0317 0.0566 0.0271 0.8846 
 180 0.0812 0.1831 0.0602 0.6756 
 181 0.0585 0.1085 0.0909 0.7421 
 182 0.0292 0.0929 0.0588 0.8191 
 183 0.0339 0.0651 0.0337 0.8673 
 184 0.1307 0.4530 0.3520 0.0642 
 185 0.0303 0.0661 0.1761 0.7275 
 186 0.0823 0.7177 0.1387 0.0613 
 187 0.0669 0.2224 0.4209 0.2898 
 188 0.0641 0.6923 0.2013 0.0423 
 189 0.3263 0.1540 0.2376 0.2821 
 190 0.0232 0.0603 0.7915 0.1250 
 191 0.0547 0.3838 0.4356 0.1258 
 192 0.0751 0.3533 0.2732 0.2984 
 193 0.0971 0.2867 0.3698 0.2464 
 194 0.0613 0.3852 0.2900 0.2635 
 195 0.0303 0.0842 0.4516 0.4339 
 196 0.0329 0.0894 0.7708 0.1070 
 197 0.1750 0.4746 0.2000 0.1504 
 198 0.1669 0.3757 0.2668 0.1907 
 199 0.0412 0.1378 0.6898 0.1312 
 200 0.0892 0.1488 0.6672 0.0949 
 201 0.0409 0.1053 0.2887 0.5652 
 202 0.0296 0.1239 0.2498 0.5968 
 203 0.0339 0.1177 0.3209 0.5275 
 204 0.0282 0.1087 0.7108 0.1522 
 205 0.0489 0.1308 0.7474 0.0728 
 206 0.0371 0.1762 0.5748 0.2119 
 207 0.0319 0.2456 0.6457 0.0767 
 208 0.0330 0.1093 0.6570 0.2007 
 209 0.0624 0.2993 0.4825 0.1558 
 210 0.0365 0.1648 0.6074 0.1913 
 211 0.0293 0.2800 0.5500 0.1407 
 212 0.0537 0.0994 0.1511 0.6959 
 213 0.0624 0.3135 0.5151 0.1089 
 214 0.0386 0.1035 0.2852 0.5727 
 215 0.0426 0.1434 0.7658 0.0483 
 216 0.1300 0.5273 0.2466 0.0960 
 217 0.0506 0.0861 0.4817 0.3816 
 218 0.0603 0.2194 0.5838 0.1365 
 219 0.2372 0.2862 0.1713 0.3052 
 220 0.0335 0.1748 0.7089 0.0828 
 221 0.0267 0.0587 0.2565 0.6580 
 222 0.2069 0.4612 0.1708 0.1611 
 223 0.0985 0.1963 0.2824 0.4228 
 224 0.0394 0.1780 0.3045 0.4780 
 225 0.0422 0.1426 0.6806 0.1346 
 226 0.1430 0.1213 0.6173 0.1184 
 227 0.0337 0.1555 0.5866 0.2242 
 228 0.0289 0.0740 0.6277 0.2694 
 229 0.0459 0.1994 0.2684 0.4863 
 230 0.0351 0.1948 0.4488 0.3213 
 231 0.0697 0.2232 0.2380 0.4691 
 232 0.0869 0.2921 0.2945 0.3265 
 233 0.0391 0.1041 0.1845 0.6723 
 234 0.1153 0.3725 0.2387 0.2736 
 235 0.0883 0.1290 0.5236 0.2591 
 236 0.0625 0.1806 0.3586 0.3982 
 237 0.0404 0.3165 0.4996 0.1436 
 238 0.0485 0.1407 0.2563 0.5544 
 239 0.0307 0.0832 0.4611 0.4251 
 240 0.0481 0.1427 0.2470 0.5622 
 241 0.0394 0.1060 0.1763 0.6782 
 242 0.1352 0.2003 0.4558 0.2087 
 243 0.0250 0.0748 0.7881 0.1120 
 244 0.0347 0.1300 0.3839 0.4514 
 245 0.0343 0.0816 0.1146 0.7695 
 246 0.0507 0.0860 0.4801 0.3833 
 247 0.1014 0.5411 0.3106 0.0469 
 248 0.0429 0.3686 0.5373 0.0512 
 249 0.0388 0.1530 0.4062 0.4020 
 250 0.0611 0.2627 0.3732 0.3030 
 251 0.1737 0.2533 0.4778 0.0952 
 252 0.0568 0.1637 0.5225 0.2570 
 253 0.0866 0.3476 0.4783 0.0876 
 254 0.1391 0.4007 0.2805 0.1798 
 255 0.0938 0.3209 0.3201 0.2652 
 256 0.0451 0.1242 0.5235 0.3072 
 257 0.0475 0.2404 0.5353 0.1767 
 258 0.0684 0.2627 0.5717 0.0971 
 259 0.0484 0.3960 0.3898 0.1658 
 260 0.1545 0.3433 0.1260 0.3762 
 261 0.0545 0.1166 0.4770 0.3519 
 262 0.0299 0.0626 0.6719 0.2356 
 263 0.0618 0.3518 0.4793 0.1071 
 264 0.4956 0.3001 0.1629 0.0413 
 265 0.0908 0.1525 0.5905 0.1662 
 266 0.0280 0.0649 0.2135 0.6936 
 267 0.0638 0.3646 0.2657 0.3059 
 268 0.0327 0.0925 0.7690 0.1058 
 269 0.2654 0.1998 0.2787 0.2561 
 270 0.1025 0.5715 0.2147 0.1113 
 271 0.0532 0.1903 0.6805 0.0760 
 272 0.0818 0.1079 0.7396 0.0707 
 273 0.1115 0.1846 0.4452 0.2587 
 274 0.0950 0.1919 0.6011 0.1120 
 275 0.0889 0.1215 0.6578 0.1317 
 276 0.0712 0.1462 0.7121 0.0705 
 277 0.1036 0.2212 0.3153 0.3599 
 278 0.0383 0.1084 0.7958 0.0575 
 279 0.0720 0.2165 0.4976 0.2139 
 280 0.1499 0.1531 0.5471 0.1499 
 281 0.0723 0.3069 0.4772 0.1437 
 282 0.0862 0.1804 0.1757 0.5577 
 283 0.0478 0.1436 0.1733 0.6353 
 284 0.0622 0.2906 0.3722 0.2750 
 285 0.0548 0.2505 0.6621 0.0326 
 286 0.0339 0.1277 0.3878 0.4506 
 287 0.1687 0.2428 0.3659 0.2226 
 288 0.0800 0.1241 0.7246 0.0713 
 289 0.0868 0.1920 0.6326 0.0886 
 290 0.1989 0.1444 0.5589 0.0977 
 291 0.0537 0.1943 0.6729 0.0791 
 292 0.1063 0.1076 0.6214 0.1646 
 293 0.3558 0.2138 0.3557 0.0748 
 294 0.0721 0.2653 0.5855 0.0770 
 295 0.1347 0.2546 0.4567 0.1540 
 296 0.0432 0.1789 0.7009 0.0769 
 297 0.1858 0.2295 0.4794 0.1052 
 298 0.0844 0.2691 0.2072 0.4393 
 299 0.0820 0.4962 0.2931 0.1288 
 300 0.0443 0.2050 0.6847 0.0659 
 301 0.1837 0.3956 0.3171 0.1037 
 302 0.0679 0.2120 0.6428 0.0772 
 303 0.0635 0.1566 0.3437 0.4363 
 304 0.1648 0.3164 0.0719 0.4469 
 305 0.0356 0.0854 0.6248 0.2542 
 306 0.0791 0.1062 0.3677 0.4470 
 307 0.0703 0.3633 0.2990 0.2675 
 308 0.0534 0.1172 0.4765 0.3528 
 309 0.0393 0.1389 0.7598 0.0620 
 310 0.0316 0.0923 0.6337 0.2424 
 311 0.0355 0.1948 0.4448 0.3248 
 312 0.0310 0.1840 0.7030 0.0820 
 313 0.0319 0.1516 0.7704 0.0460 
 314 0.0321 0.0509 0.0381 0.8790 
 315 0.0472 0.0603 0.0515 0.8409 
 316 0.0547 0.0649 0.0387 0.8417 
 317 0.0315 0.0520 0.0232 0.8934 
 318 0.0335 0.0505 0.0188 0.8972 
 319 0.0297 0.0574 0.0279 0.8849 
 320 0.0314 0.0500 0.0373 0.8813 
 321 0.0345 0.0533 0.0214 0.8908 
 322 0.0499 0.0655 0.0552 0.8294 
 323 0.0319 0.0535 0.0207 0.8939 
 324 0.0350 0.0540 0.0215 0.8895 
 325 0.0539 0.0610 0.0288 0.8563 
 326 0.0542 0.0593 0.0286 0.8580 
 327 0.0315 0.0513 0.0235 0.8936 
 328 0.0499 0.0690 0.0393 0.8419 
 329 0.0304 0.0531 0.0211 0.8955 
 330 0.0314 0.0520 0.0234 0.8932 
 331 0.0298 0.0532 0.0208 0.8962 
 332 0.0618 0.0644 0.0263 0.8475 
 333 0.0455 0.0633 0.0336 0.8576 
 334 0.0500 0.0692 0.0404 0.8404 
 335 0.0443 0.0637 0.0400 0.8520 
 336 0.0364 0.0513 0.0265 0.8858 
 337 0.0592 0.0648 0.0342 0.8418 
 338 0.0350 0.0522 0.0183 0.8946 
 339 0.0295 0.0532 0.0219 0.8954 
 340 0.0276 0.0517 0.0230 0.8978 
 341 0.0308 0.0556 0.0212 0.8924 
 342 0.0318 0.0520 0.0236 0.8926 
 343 0.0523 0.0648 0.0619 0.8209 
 344 0.0308 0.0521 0.0194 0.8977 
 345 0.0312 0.0523 0.0229 0.8936 
 346 0.0304 0.0496 0.0205 0.8995 
 347 0.0282 0.0502 0.0209 0.9007 
 348 0.0433 0.0622 0.0792 0.8152 
 349 0.0325 0.0520 0.0233 0.8922 
 350 0.0310 0.0553 0.0348 0.8789 
 351 0.0436 0.0633 0.0406 0.8526 
 352 0.0518 0.0628 0.0387 0.8467 
 353 0.0375 0.0522 0.0263 0.8840 
 354 0.0309 0.0525 0.0197 0.8969 
 355 0.0329 0.0506 0.0190 0.8975 
 356 0.0429 0.0644 0.1076 0.7851 
 357 0.2299 0.1618 0.0441 0.5642 
 358 0.0507 0.0645 0.0287 0.8561 
 359 0.0306 0.0547 0.0207 0.8940 
 360 0.0306 0.0498 0.0204 0.8992 
 361 0.2436 0.1842 0.0674 0.5048 
 362 0.3109 0.4669 0.1434 0.0788 
 363 0.5308 0.3388 0.0837 0.0468 
 364 0.2325 0.3210 0.0536 0.3929 
 365 0.5679 0.3243 0.0533 0.0545 
 366 0.3552 0.1663 0.3560 0.1225 
 367 0.3307 0.6153 0.0262 0.0278 
 368 0.0765 0.8312 0.0384 0.0539 
 369 0.2114 0.2147 0.2096 0.3643 
 370 0.0887 0.6883 0.1476 0.0754 
 371 0.3096 0.3827 0.1817 0.1260 
 372 0.0799 0.6258 0.1636 0.1307 
 373 0.1565 0.6990 0.0475 0.0970 
 374 0.3017 0.2850 0.0756 0.3377 
 375 0.3206 0.6035 0.0345 0.0414 
 376 0.8399 0.1063 0.0212 0.0326 
 377 0.3590 0.4696 0.0973 0.0741 
 378 0.0923 0.6329 0.0530 0.2218 
 379 0.8448 0.0976 0.0283 0.0292 
 380 0.6687 0.0928 0.1122 0.1263 
 381 0.7468 0.0761 0.0768 0.1003 
 382 0.3984 0.5253 0.0295 0.0468 
 383 0.7426 0.0849 0.0478 0.1246 
 384 0.5860 0.2638 0.0433 0.1070 
 385 0.1025 0.7017 0.0257 0.1700 
 386 0.4605 0.4515 0.0437 0.0444 
 387 0.3977 0.5118 0.0392 0.0513 
 388 0.2013 0.4423 0.0533 0.3031 
 389 0.0622 0.4111 0.4733 0.0534 
 390 0.4964 0.2624 0.2001 0.0411 
 391 0.1285 0.6343 0.1492 0.0880 
 392 0.6700 0.1881 0.0514 0.0905 
 393 0.7987 0.0786 0.0588 0.0638 
 394 0.2342 0.3965 0.0711 0.2982 
 395 0.2949 0.2293 0.4278 0.0480 
 396 0.3036 0.6326 0.0331 0.0307 
 397 0.2294 0.4485 0.1320 0.1901 
 398 0.7635 0.1758 0.0291 0.0316 
 399 0.2346 0.5923 0.1319 0.0412 
 400 0.4764 0.4262 0.0340 0.0633 
 401 0.1953 0.6415 0.0960 0.0672 
 402 0.1687 0.5644 0.1932 0.0737 
 403 0.1378 0.3899 0.0627 0.4096 
 404 0.4314 0.3815 0.0815 0.1056 
 405 0.4059 0.3572 0.1365 0.1005 
 406 0.2514 0.0730 0.5770 0.0986 
 407 0.8100 0.1295 0.0296 0.0309 
 408 0.0673 0.6970 0.2054 0.0303 
 409 0.2645 0.1141 0.2887 0.3327 
 410 0.5213 0.3338 0.0498 0.0952 
 411 0.5937 0.1433 0.0969 0.1661 
 412 0.1012 0.8146 0.0337 0.0506 
 413 0.1295 0.5919 0.0747 0.2040 
 414 0.0859 0.8457 0.0348 0.0337 
 415 0.7387 0.1314 0.0835 0.0463 
 416 0.4283 0.4071 0.0853 0.0793 
 417 0.7472 0.1794 0.0326 0.0409 
 418 0.2205 0.7194 0.0251 0.0349 
 419 0.2337 0.4390 0.1286 0.1987 
 420 0.2684 0.4678 0.2220 0.0417 
 421 0.5089 0.3920 0.0486 0.0505 
 422 0.3761 0.2400 0.3263 0.0577 
 423 0.6197 0.2356 0.0825 0.0622 
 424 0.1354 0.6770 0.1178 0.0698 
 425 0.2703 0.5718 0.0571 0.1008 
 426 0.1560 0.7218 0.0395 0.0827 
 427 0.6942 0.1414 0.0402 0.1241 
 428 0.4284 0.2069 0.1503 0.2144 
 429 0.7527 0.1930 0.0256 0.0287 
 430 0.7773 0.1488 0.0350 0.0389 
 431 0.1558 0.7080 0.0659 0.0703 
 432 0.0868 0.8098 0.0415 0.0619 
 433 0.0579 0.5560 0.0934 0.2927 
 434 0.2554 0.4951 0.0821 0.1673 
 435 0.7984 0.1366 0.0335 0.0315 
 436 0.8199 0.0967 0.0319 0.0515 
 437 0.8017 0.1340 0.0291 0.0353 
 438 0.5297 0.2247 0.1639 0.0818 
 439 0.8483 0.0875 0.0225 0.0416 
 440 0.8310 0.1131 0.0310 0.0250 
 441 0.6007 0.2460 0.0376 0.1158 
 442 0.6458 0.2665 0.0502 0.0375 
 443 0.4122 0.4335 0.1212 0.0331 
 444 0.7201 0.1872 0.0566 0.0361 
 445 0.5926 0.1413 0.1033 0.1628 
 446 0.7078 0.2300 0.0240 0.0381 
 447 0.6147 0.2243 0.0770 0.0839 
 448 0.6365 0.2802 0.0441 0.0392 
 449 0.5966 0.2798 0.0522 0.0713 
 450 0.6630 0.2466 0.0208 0.0697 
 451 0.1145 0.8048 0.0535 0.0272 
 452 0.7448 0.1785 0.0238 0.0529 
 453 0.1147 0.3497 0.4593 0.0763 
 454 0.6321 0.2377 0.0453 0.0849 
 455 0.7495 0.1540 0.0599 0.0366 
 456 0.6801 0.1633 0.1240 0.0326 
 457 0.8242 0.1101 0.0277 0.0381 
 458 0.8110 0.1218 0.0237 0.0436 
 459 0.5327 0.3078 0.0414 0.1181 
 460 0.7191 0.2204 0.0267 0.0338 
 461 0.4921 0.4536 0.0187 0.0355 
 462 0.6756 0.2342 0.0642 0.0260 
 463 0.3438 0.1270 0.4685 0.0606 
 464 0.6230 0.2820 0.0625 0.0325 
 465 0.2669 0.6304 0.0550 0.0477 
 466 0.3739 0.3582 0.2313 0.0367 
 467 0.6562 0.2019 0.0678 0.0741 
 468 0.8331 0.0836 0.0530 0.0303 
 469 0.8662 0.0759 0.0222 0.0357 
 470 0.8168 0.1247 0.0276 0.0310 
 471 0.3312 0.3512 0.2781 0.0395 
 472 0.4336 0.4258 0.0919 0.0487 
 473 0.5109 0.3289 0.0827 0.0775 
 474 0.7343 0.1677 0.0449 0.0531 
 475 0.3137 0.5557 0.0534 0.0772 
 476 0.8345 0.0948 0.0320 0.0387 
 477 0.1702 0.7074 0.0497 0.0727 
 478 0.1319 0.8087 0.0250 0.0343 
 479 0.7558 0.1880 0.0255 0.0307 
 480 0.8541 0.0863 0.0236 0.0359 
 481 0.3460 0.5189 0.0946 0.0405 
 482 0.8189 0.1292 0.0210 0.0309 
 483 0.7731 0.1521 0.0300 0.0449 
 484 0.6233 0.1812 0.1468 0.0487 
 485 0.8088 0.1219 0.0345 0.0348 
 486 0.0767 0.7077 0.1543 0.0613 
 487 0.0913 0.6620 0.0679 0.1787 
 488 0.0524 0.8065 0.0549 0.0861 
 489 0.1175 0.3810 0.2543 0.2472 
 490 0.0973 0.7898 0.0772 0.0357 
 491 0.0692 0.5725 0.1654 0.1928 
 492 0.0598 0.5425 0.1365 0.2611 
 493 0.0595 0.7831 0.0779 0.0795 
 494 0.1256 0.5934 0.1535 0.1274 
 495 0.0659 0.7344 0.0607 0.1391 
 496 0.0856 0.3133 0.1918 0.4093 
 497 0.0554 0.7332 0.0497 0.1617 
 498 0.0841 0.6483 0.1640 0.1036 
 499 0.0700 0.4736 0.0884 0.3680 
 500 0.2192 0.5689 0.1328 0.0791 
 501 0.1612 0.5662 0.0616 0.2110 
 502 0.0812 0.6509 0.0361 0.2318 
 503 0.4304 0.4438 0.0754 0.0503 
 504 0.0502 0.8399 0.0557 0.0542 
 505 0.0619 0.3643 0.4695 0.1043 
 506 0.0809 0.6309 0.0746 0.2136 
 507 0.0380 0.0879 0.1166 0.7575 
 508 0.0331 0.1792 0.1559 0.6318 
 509 0.0608 0.4074 0.2789 0.2530 
 510 0.1643 0.4346 0.0723 0.3287 
 511 0.4811 0.3276 0.1305 0.0608 
 512 0.4316 0.4926 0.0389 0.0369 
 513 0.0267 0.7640 0.1438 0.0655 
 514 0.0640 0.8120 0.0591 0.0650 
 515 0.4567 0.2307 0.1252 0.1874 
 516 0.0518 0.7472 0.1323 0.0688 
 517 0.2179 0.3403 0.2804 0.1614 
 518 0.1953 0.3558 0.0872 0.3617 
 519 0.0725 0.7998 0.0495 0.0782 
 520 0.2273 0.1151 0.3450 0.3126 
 521 0.0758 0.3344 0.1684 0.4214 
 522 0.5217 0.1845 0.2375 0.0563 
 523 0.0771 0.2551 0.4716 0.1963 
 524 0.4760 0.2345 0.1837 0.1058 
 525 0.2954 0.2481 0.1083 0.3483 
 526 0.3327 0.0920 0.4942 0.0811 
 527 0.1507 0.7552 0.0331 0.0610 
 528 0.0541 0.1570 0.1887 0.6001 
 529 0.0932 0.5633 0.1444 0.1992 
 530 0.4779 0.2724 0.1440 0.1057 
 531 0.2204 0.2079 0.0962 0.4754 
 532 0.1154 0.4528 0.1058 0.3260 
 533 0.3434 0.3504 0.2102 0.0960 
 534 0.0447 0.5339 0.2724 0.1490 
 535 0.1968 0.3382 0.3863 0.0787 
 536 0.2660 0.1868 0.3601 0.1872 
 537 0.0646 0.1340 0.4992 0.3022 
 538 0.0780 0.1591 0.5882 0.1748 
 539 0.0444 0.0884 0.1612 0.7061 
 540 0.1308 0.1970 0.3951 0.2770 
 541 0.1219 0.1705 0.1258 0.5818 
 542 0.2215 0.1133 0.6048 0.0603 
 543 0.0640 0.2703 0.4682 0.1975 
 544 0.1042 0.1434 0.6665 0.0858 
 545 0.1835 0.1342 0.6411 0.0412 
 546 0.0985 0.1928 0.5471 0.1616 
 547 0.0624 0.1373 0.6622 0.1382 
 548 0.0604 0.2627 0.3737 0.3032 
 549 0.2117 0.0920 0.1916 0.5047 
 550 0.3019 0.1578 0.4688 0.0715 
 551 0.0831 0.1455 0.0733 0.6980 
 552 0.0745 0.1192 0.6283 0.1781 
 553 0.0373 0.1208 0.6969 0.1450 
 554 0.2706 0.3902 0.1469 0.1923 
 555 0.0616 0.1710 0.4349 0.3325 
 556 0.0727 0.1823 0.5902 0.1549 
 557 0.3741 0.1955 0.3087 0.1217 
 558 0.8287 0.1210 0.0187 0.0317 
 559 0.0777 0.7484 0.1147 0.0591 
 560 0.4739 0.4609 0.0399 0.0254 
 561 0.2724 0.6292 0.0625 0.0358 
 562 0.1699 0.7031 0.1012 0.0259 
 563 0.1052 0.6804 0.0525 0.1619 
 564 0.0942 0.5385 0.2985 0.0688 
 565 0.8264 0.1121 0.0238 0.0376 
 566 0.2884 0.6497 0.0354 0.0264 
 567 0.0623 0.7386 0.1563 0.0428 
 568 0.1913 0.6158 0.1343 0.0587 
 569 0.3824 0.3793 0.1778 0.0605 
 570 0.7893 0.1597 0.0237 0.0273 
 571 0.1028 0.8118 0.0435 0.0419 
 572 0.1464 0.1513 0.5663 0.1361 
 573 0.1774 0.5236 0.2277 0.0713 
 574 0.4877 0.2923 0.0610 0.1590 
 575 0.1436 0.6838 0.0742 0.0984 
 576 0.1574 0.7919 0.0246 0.0262 
 577 0.3785 0.4369 0.0465 0.1381 
 578 0.2177 0.6808 0.0532 0.0483 
 579 0.2217 0.6704 0.0634 0.0444 
 580 0.5505 0.3316 0.0394 0.0784 
 581 0.5236 0.3820 0.0356 0.0588 
 582 0.7364 0.1903 0.0443 0.0291 
 583 0.1636 0.7566 0.0355 0.0443 
 584 0.1400 0.8037 0.0248 0.0315 
 585 0.2757 0.6447 0.0396 0.0401 
 586 0.0773 0.8137 0.0579 0.0510 
 587 0.4985 0.3737 0.0978 0.0300 
 588 0.0295 0.1759 0.7541 0.0406 
 589 0.6900 0.1907 0.0873 0.0320 
 590 0.0616 0.8557 0.0461 0.0366 
 591 0.0806 0.8368 0.0357 0.0469 
 592 0.1872 0.4951 0.2831 0.0345 
 593 0.2627 0.5695 0.0889 0.0789 
 594 0.0636 0.8082 0.0389 0.0893 
 595 0.2011 0.7389 0.0312 0.0288 
 596 0.1616 0.3504 0.4265 0.0615 
 597 0.0661 0.6376 0.0988 0.1975 
 598 0.8463 0.1044 0.0197 0.0296 
 599 0.2535 0.6326 0.0854 0.0285 
 600 0.5343 0.2980 0.0723 0.0954 
 601 0.4679 0.4439 0.0589 0.0292 
 602 0.0745 0.6962 0.0685 0.1608 
 603 0.0701 0.7071 0.0806 0.1422 
 604 0.5246 0.2922 0.0614 0.1218 
 605 0.2141 0.6261 0.1023 0.0575 
 606 0.1806 0.4436 0.2010 0.1748 
 607 0.2347 0.3713 0.0597 0.3343 
 608 0.2001 0.2546 0.0434 0.5018 
 609 0.4201 0.4497 0.0556 0.0747 
 610 0.6395 0.1862 0.1180 0.0563 
 611 0.0895 0.6576 0.1225 0.1304 
 612 0.8204 0.1015 0.0372 0.0410 
 613 0.2771 0.5285 0.1151 0.0793 
 614 0.7614 0.1471 0.0490 0.0425 
 615 0.7405 0.1244 0.0571 0.0781 
 616 0.2325 0.4569 0.0729 0.2378 
 617 0.3820 0.4906 0.0803 0.0471 
 618 0.5404 0.1706 0.0885 0.2006 
 619 0.2252 0.3182 0.3266 0.1301 
 620 0.1086 0.4984 0.3662 0.0268 
 621 0.1491 0.7850 0.0225 0.0434 
 622 0.4184 0.2498 0.2040 0.1278 
 623 0.1417 0.7157 0.0943 0.0484 
 624 0.6848 0.1353 0.0383 0.1415 
 625 0.4720 0.3194 0.0387 0.1699 
 626 0.3109 0.0905 0.1798 0.4188 
 627 0.1656 0.6745 0.0900 0.0699 
 628 0.0995 0.7425 0.0941 0.0639 
 629 0.1686 0.6895 0.0584 0.0835 
 630 0.6003 0.2869 0.0537 0.0590 
 631 0.4572 0.4037 0.0620 0.0770 
 632 0.1178 0.2679 0.3459 0.2684 
 633 0.4277 0.3905 0.0485 0.1333 
 634 0.2095 0.4363 0.1638 0.1904 
 635 0.1642 0.1939 0.0816 0.5603 
 636 0.4265 0.2777 0.0503 0.2455 
 637 0.1824 0.3127 0.4030 0.1019 
 638 0.1445 0.6731 0.0551 0.1273 
 639 0.4134 0.3931 0.0660 0.1275 
 640 0.1141 0.8044 0.0258 0.0556 
 641 0.2089 0.6460 0.0607 0.0844 
 642 0.0939 0.1928 0.1138 0.5994 
 643 0.0509 0.1002 0.0354 0.8135 
 644 0.0542 0.2319 0.0552 0.6588 
 645 0.2975 0.0840 0.0599 0.5586 
 646 0.1135 0.5452 0.1945 0.1468 
 647 0.0687 0.4409 0.0826 0.4078 
 648 0.1310 0.2990 0.2310 0.3390 
 649 0.0506 0.2721 0.5071 0.1702 
 650 0.0594 0.5922 0.1650 0.1834 
 651 0.0527 0.4354 0.0473 0.4646 
 652 0.0712 0.2199 0.0742 0.6348 
 653 0.0987 0.2925 0.1247 0.4841 
 654 0.0765 0.1897 0.2162 0.5176 
 655 0.0853 0.3049 0.0668 0.5430 
 656 0.0959 0.3693 0.2463 0.2886 
 657 0.2652 0.4556 0.0501 0.2291 
 658 0.1578 0.4376 0.1527 0.2519 
 659 0.0811 0.2386 0.1321 0.5481 
 660 0.0487 0.1417 0.1358 0.6738 
 661 0.0847 0.1104 0.2584 0.5465 
 662 0.0411 0.2250 0.6298 0.1041 
 663 0.0806 0.2090 0.1553 0.5551 
 664 0.2124 0.4304 0.0733 0.2839 
 665 0.0479 0.2487 0.5813 0.1221 
 666 0.0803 0.1761 0.1833 0.5603 
 667 0.0740 0.7604 0.0672 0.0984 
 668 0.1294 0.2400 0.1282 0.5024 
 669 0.0724 0.3442 0.2373 0.3462 
 670 0.0324 0.0719 0.0452 0.8505 
 671 0.0436 0.1291 0.0922 0.7351 
 672 0.0829 0.1452 0.0690 0.7029 
 673 0.0334 0.0560 0.0205 0.8901 
 674 0.0598 0.0945 0.0604 0.7853 
 675 0.0322 0.1151 0.0275 0.8252 
 676 0.0313 0.0561 0.0232 0.8894 
 677 0.0310 0.0636 0.2139 0.6915 
 678 0.0323 0.0609 0.0193 0.8875 
 679 0.0553 0.0899 0.0245 0.8304 
 680 0.0505 0.0776 0.0360 0.8360 
 681 0.1568 0.1870 0.3026 0.3536 
 682 0.0557 0.0696 0.0313 0.8434 
 683 0.0309 0.0661 0.0435 0.8595 
 684 0.0331 0.0620 0.0234 0.8815 
 685 0.0286 0.0544 0.0252 0.8919 
 686 0.0557 0.0844 0.1437 0.7163 
 687 0.0403 0.1204 0.1254 0.7138 
 688 0.0391 0.0863 0.0336 0.8410 
 689 0.0303 0.0541 0.0234 0.8923 
 690 0.0309 0.0555 0.0236 0.8900 
 691 0.0520 0.0858 0.0364 0.8258 
 692 0.0442 0.0898 0.0243 0.8418 
 693 0.0491 0.0907 0.0260 0.8341 
 694 0.0268 0.0509 0.0264 0.8959 
 695 0.0421 0.0614 0.0484 0.8481 
 696 0.0382 0.0865 0.0331 0.8422 
 697 0.0327 0.0572 0.0323 0.8778 
 698 0.0309 0.0589 0.0267 0.8835 
 699 0.0409 0.0612 0.1779 0.7200 
 700 0.0785 0.0762 0.0642 0.7811 
 701 0.0642 0.1012 0.0481 0.7864 
 702 0.0732 0.1107 0.0747 0.7414 
 703 0.0555 0.0712 0.0385 0.8348 
 704 0.0370 0.0780 0.0517 0.8333 
 705 0.0848 0.1213 0.3236 0.4703 
 706 0.0499 0.0653 0.0443 0.8405 
 707 0.0347 0.0580 0.0410 0.8664 
 708 0.0297 0.0638 0.0300 0.8766 
 709 0.0361 0.0564 0.0559 0.8517 
 710 0.0281 0.0512 0.0271 0.8936 
 711 0.0511 0.0705 0.0994 0.7790 
 712 0.0273 0.0583 0.1171 0.7972 
 713 0.0353 0.0841 0.0388 0.8418 
 714 0.0559 0.1141 0.0363 0.7937 
 715 0.0284 0.0516 0.0618 0.8582 
 716 0.0479 0.0612 0.0391 0.8517 
 717 0.0290 0.0502 0.0351 0.8856 
 718 0.0485 0.0890 0.0661 0.7963 
 719 0.0278 0.0548 0.0495 0.8679 
 720 0.1699 0.7384 0.0449 0.0468 
 721 0.1748 0.1506 0.0561 0.6185 
 722 0.5180 0.3054 0.0858 0.0909 
 723 0.5762 0.3030 0.0400 0.0809 
 724 0.6166 0.1304 0.0533 0.1997 
 725 0.1370 0.5002 0.0849 0.2779 
 726 0.5611 0.1731 0.1327 0.1331 
 727 0.1911 0.2295 0.3255 0.2539 
 728 0.8772 0.0720 0.0249 0.0259 
 729 0.8475 0.0988 0.0255 0.0281 
 730 0.4066 0.4972 0.0396 0.0565 
 731 0.7612 0.1425 0.0324 0.0639 
 732 0.5750 0.3031 0.0406 0.0813 
 733 0.8189 0.1178 0.0220 0.0413 
 734 0.8103 0.1372 0.0249 0.0276 
 735 0.8323 0.0984 0.0204 0.0488 
 736 0.5490 0.3564 0.0349 0.0597 
 737 0.5012 0.3460 0.0854 0.0675 
 738 0.4693 0.4420 0.0349 0.0538 
 739 0.8270 0.1152 0.0213 0.0365 
 740 0.0480 0.1413 0.0332 0.7775 
 741 0.0976 0.2442 0.0621 0.5962 
 742 0.1138 0.6815 0.0253 0.1794 
 743 0.1058 0.7392 0.0416 0.1134 
 744 0.0676 0.4436 0.3762 0.1126 
 745 0.0919 0.8071 0.0610 0.0401 
 746 0.1683 0.5075 0.0658 0.2584 
 747 0.0715 0.7805 0.0680 0.0800 
 748 0.0628 0.3446 0.0399 0.5528 
 749 0.0839 0.5772 0.1288 0.2101 
 750 0.0832 0.6889 0.0923 0.1355 
 751 0.0780 0.3414 0.0548 0.5258 
 752 0.1039 0.7159 0.0750 0.1053 
 753 0.2103 0.4260 0.0772 0.2864 
 754 0.0876 0.4056 0.0380 0.4688 
 755 0.1098 0.6226 0.0399 0.2277 
 756 0.0507 0.5562 0.0713 0.3218 
 757 0.0729 0.7217 0.0395 0.1659 
 758 0.0450 0.8748 0.0420 0.0382 
 759 0.1394 0.2307 0.0641 0.5657 
 760 0.2190 0.5798 0.0367 0.1645 
 761 0.4086 0.1862 0.0547 0.3505 
 762 0.4241 0.4875 0.0217 0.0668 
 763 0.2132 0.4237 0.0784 0.2847 
 764 0.0708 0.7897 0.0344 0.1051 
 765 0.3557 0.5033 0.0539 0.0871 
 766 0.0686 0.5037 0.0364 0.3914 
 767 0.1191 0.5231 0.0676 0.2902 
 768 0.4503 0.4618 0.0224 0.0655 
 769 0.4422 0.2414 0.0361 0.2803 
 770 0.4193 0.4953 0.0328 0.0527 
 771 0.0477 0.3434 0.4095 0.1993 
 772 0.1220 0.4543 0.0828 0.3410 
 773 0.0639 0.7821 0.0412 0.1128 
 774 0.0941 0.2773 0.0581 0.5706 
 775 0.5993 0.2668 0.0259 0.1080 
 776 0.0767 0.8200 0.0411 0.0622 
 777 0.1299 0.5700 0.1627 0.1375 
 778 0.0842 0.4945 0.1915 0.2298 
 779 0.0554 0.7575 0.0329 0.1543 
 780 0.0791 0.3891 0.0449 0.4869 
 781 0.0483 0.2271 0.5120 0.2125 
 782 0.0556 0.7549 0.0339 0.1556 
 783 0.1153 0.5551 0.0373 0.2923 
 784 0.1636 0.7211 0.0341 0.0812 
 785 0.0735 0.7200 0.0366 0.1699 
 786 0.0888 0.3592 0.0362 0.5158 
 787 0.0413 0.3461 0.0997 0.5129 
 788 0.1178 0.7294 0.0493 0.1035 
 789 0.1510 0.7312 0.0266 0.0913 
 790 0.1370 0.4725 0.0310 0.3595 
 791 0.1030 0.6977 0.0430 0.1563 
 792 0.0434 0.3131 0.1169 0.5266 
 793 0.1724 0.1769 0.1801 0.4707 
 794 0.1181 0.6450 0.0601 0.1769 
 795 0.1573 0.1724 0.0755 0.5948 
 796 0.0709 0.6824 0.0509 0.1958 
 797 0.0829 0.1269 0.1504 0.6397 
 798 0.6539 0.1614 0.1524 0.0322 
 799 0.0905 0.7750 0.0538 0.0808 
 800 0.0342 0.1904 0.1867 0.5886 
 801 0.6529 0.1637 0.1187 0.0648 
 802 0.3771 0.1720 0.1946 0.2562 
 803 0.1174 0.2716 0.0990 0.5120 
 804 0.1478 0.3454 0.3758 0.1311 
 805 0.0453 0.0968 0.0359 0.8219 
 806 0.3493 0.1577 0.3746 0.1184 
 807 0.0558 0.0843 0.1517 0.7082 
 808 0.0662 0.1563 0.3760 0.4015 
 809 0.1694 0.1019 0.6748 0.0539 
 810 0.2469 0.4346 0.0920 0.2265 
 811 0.0960 0.1642 0.2937 0.4461 
 812 0.0540 0.1071 0.8065 0.0323 
 813 0.6667 0.2068 0.0866 0.0399 
 814 0.0503 0.2645 0.6301 0.0552 
 815 0.3298 0.1069 0.3221 0.2412 
 816 0.2497 0.2242 0.1138 0.4123 
 817 0.3774 0.1740 0.1901 0.2584 
 818 0.1177 0.7666 0.0370 0.0787 
 819 0.0389 0.7407 0.0566 0.1638 
 820 0.0587 0.5954 0.1508 0.1951 
 821 0.1121 0.7629 0.0221 0.1029 
 822 0.1605 0.7653 0.0424 0.0318 
 823 0.3825 0.3340 0.0252 0.2582 
 824 0.0755 0.7120 0.0397 0.1728 
 825 0.2050 0.6929 0.0397 0.0624 
 826 0.0636 0.8567 0.0353 0.0443 
 827 0.3339 0.5736 0.0284 0.0641 
 828 0.4864 0.3583 0.0423 0.1131 
 829 0.5310 0.2835 0.0750 0.1105 
 830 0.2280 0.7072 0.0212 0.0436 
 831 0.2165 0.5613 0.0704 0.1518 
 832 0.1739 0.5790 0.0828 0.1643 
 833 0.3690 0.3951 0.0473 0.1885 
 834 0.2857 0.5104 0.0557 0.1482 
 835 0.0614 0.8555 0.0404 0.0427 
 836 0.0684 0.7748 0.0750 0.0817 
 837 0.3816 0.2657 0.0621 0.2905 
 838 0.0530 0.8141 0.0887 0.0442 
 839 0.1600 0.7488 0.0235 0.0677 
 840 0.0725 0.4708 0.2728 0.1839 
 841 0.0517 0.7493 0.0784 0.1206 
 842 0.0675 0.8763 0.0242 0.0320 
 843 0.0746 0.3102 0.3035 0.3117 
 844 0.1455 0.5769 0.0834 0.1942 
 845 0.0712 0.8638 0.0201 0.0449 
 846 0.0537 0.8071 0.0312 0.1080 
 847 0.0398 0.7101 0.0319 0.2182 
 848 0.0431 0.8099 0.0532 0.0938 
 849 0.0874 0.8190 0.0303 0.0632 
 850 0.1440 0.7649 0.0288 0.0623 
 851 0.0508 0.8673 0.0281 0.0537 
 852 0.1818 0.2109 0.0265 0.5808 
 853 0.1459 0.7723 0.0309 0.0509 
 854 0.2613 0.4340 0.0271 0.2776 
 855 0.0643 0.8089 0.0362 0.0906 
 856 0.0675 0.7519 0.0356 0.1450 
 857 0.0829 0.7023 0.1500 0.0648 
 858 0.0718 0.8460 0.0334 0.0488 
 859 0.1740 0.7470 0.0241 0.0549 
 860 0.0554 0.8525 0.0444 0.0476 
 861 0.0438 0.3754 0.1126 0.4681 
 862 0.8556 0.0791 0.0300 0.0353 
 863 0.7703 0.1002 0.0437 0.0858 
 864 0.8499 0.0697 0.0217 0.0587 
 865 0.8167 0.1296 0.0272 0.0265 
 866 0.3616 0.5468 0.0442 0.0473 
 867 0.8346 0.0755 0.0378 0.0521 
 868 0.7220 0.1752 0.0548 0.0481 
 869 0.3901 0.5233 0.0359 0.0507 
 870 0.6299 0.1923 0.1462 0.0316 
 871 0.7533 0.1811 0.0338 0.0317 
 872 0.8280 0.1078 0.0218 0.0423 
 873 0.8354 0.0911 0.0245 0.0490 
 874 0.8486 0.0894 0.0316 0.0304 
 875 0.4443 0.3857 0.1139 0.0561 
 876 0.1189 0.7645 0.0764 0.0402 
 877 0.8610 0.0742 0.0233 0.0414 
 878 0.3966 0.4462 0.0822 0.0750 
 879 0.8275 0.0916 0.0225 0.0584 
 880 0.4532 0.3675 0.1381 0.0412 
 881 0.8125 0.1054 0.0303 0.0519 
 882 0.8327 0.0977 0.0202 0.0493 
 883 0.1028 0.7644 0.0788 0.0540 
 884 0.8205 0.1285 0.0250 0.0260 
 885 0.5732 0.1764 0.1710 0.0794 
 886 0.5640 0.3259 0.0335 0.0767 
 887 0.8147 0.1281 0.0255 0.0318 
 888 0.4034 0.1873 0.2921 0.1173 
 889 0.8443 0.1026 0.0274 0.0257 
 890 0.4483 0.4609 0.0626 0.0283 
 891 0.0685 0.8241 0.0600 0.0474 
 892 0.0781 0.7864 0.0818 0.0536 
 893 0.1415 0.6027 0.1758 0.0799 
 894 0.2116 0.7344 0.0217 0.0324 
 895 0.7525 0.1836 0.0316 0.0323 
 896 0.0525 0.7891 0.0707 0.0877 
 897 0.0550 0.8443 0.0516 0.0491 
 898 0.3249 0.5146 0.0659 0.0946 
 899 0.1226 0.8297 0.0213 0.0264 
 900 0.0604 0.8510 0.0483 0.0403 
 901 0.0795 0.8411 0.0352 0.0442 
 902 0.0692 0.4968 0.3758 0.0582 
 903 0.5457 0.3710 0.0418 0.0416 
 904 0.3810 0.4423 0.0872 0.0895 
 905 0.5199 0.4235 0.0257 0.0309 
 906 0.2348 0.6133 0.0922 0.0596 
 907 0.1208 0.7842 0.0292 0.0658 
 908 0.1360 0.7839 0.0263 0.0538 
 909 0.2264 0.5869 0.1216 0.0650 
 910 0.0828 0.7598 0.1020 0.0554 
 911 0.6275 0.3161 0.0294 0.0270 
 912 0.1769 0.7594 0.0289 0.0349 
 913 0.2983 0.6264 0.0447 0.0306 
 914 0.1899 0.5847 0.0352 0.1902 
 915 0.1850 0.7454 0.0438 0.0259 
 916 0.1123 0.8161 0.0349 0.0367 
 917 0.1547 0.7700 0.0369 0.0384 
 918 0.3623 0.4249 0.0504 0.1624 
 919 0.5046 0.3711 0.0389 0.0854 
 920 0.1065 0.8063 0.0273 0.0599 
 921 0.0935 0.3011 0.2981 0.3073 
 922 0.0604 0.2523 0.6383 0.0490 
 923 0.0522 0.3457 0.5119 0.0902 
 924 0.0519 0.3389 0.5622 0.0470 
 925 0.0730 0.3592 0.4833 0.0845 
 926 0.0325 0.1259 0.7603 0.0813 
 927 0.0488 0.1252 0.7156 0.1105 
 928 0.0331 0.1362 0.6153 0.2154 
 929 0.0325 0.1541 0.7660 0.0474 
 930 0.0661 0.2516 0.5946 0.0877 
 931 0.1261 0.0567 0.7117 0.1055 
 932 0.0380 0.1226 0.8020 0.0373 
 933 0.0446 0.1523 0.3279 0.4752 
 934 0.0341 0.2494 0.6829 0.0336 
 935 0.0583 0.0823 0.8102 0.0492 
 936 0.0362 0.0708 0.8629 0.0301 
 937 0.0360 0.0580 0.8562 0.0498 
 938 0.0261 0.0692 0.8018 0.1029 
 939 0.0376 0.0548 0.8161 0.0915 
 940 0.0503 0.1272 0.7416 0.0809 
 941 0.0642 0.1426 0.7594 0.0339 
 942 0.0845 0.2701 0.3652 0.2802 
 943 0.0343 0.0494 0.8303 0.0860 
 944 0.0421 0.0724 0.8113 0.0742 
 945 0.0550 0.1994 0.6708 0.0748 
 946 0.0369 0.1073 0.8078 0.0480 
 947 0.0317 0.0683 0.8243 0.0757 
 948 0.1247 0.0701 0.7780 0.0272 
 949 0.1444 0.1118 0.7156 0.0281 
 950 0.0256 0.0650 0.8528 0.0566 
 951 0.0655 0.1329 0.6986 0.1030 
 952 0.0449 0.0941 0.8199 0.0411 
 953 0.0993 0.1706 0.6649 0.0652 
 954 0.0831 0.0823 0.7950 0.0395 
 955 0.0451 0.0689 0.0611 0.8250 
 956 0.0389 0.0979 0.1441 0.7191 
 957 0.1125 0.2667 0.1294 0.4914 
 958 0.1023 0.6980 0.0942 0.1055 
 959 0.0632 0.4099 0.2082 0.3186 
 960 0.3189 0.5021 0.0410 0.1379 
 961 0.0291 0.0541 0.0255 0.8913 
 962 0.0303 0.6164 0.2573 0.0960 
 963 0.0991 0.7174 0.0844 0.0991 
 964 0.1103 0.6874 0.0371 0.1652 
 965 0.0520 0.4392 0.1085 0.4002 
 966 0.1011 0.5050 0.1116 0.2823 
 967 0.0526 0.0673 0.0550 0.8251 
 968 0.0357 0.6699 0.1589 0.1354 
 969 0.2778 0.3161 0.0500 0.3561 
 970 0.0485 0.1156 0.0567 0.7792 
 971 0.0478 0.4582 0.3245 0.1694 
 972 0.1453 0.4227 0.0961 0.3358 
 973 0.0380 0.2975 0.2749 0.3896 
 974 0.0945 0.7126 0.0615 0.1314 
 975 0.2828 0.3102 0.0485 0.3585 
 976 0.0488 0.4536 0.3256 0.1720 
 977 0.1213 0.3917 0.0416 0.4455 
 978 0.0491 0.4732 0.1708 0.3069 
 979 0.0687 0.6610 0.1670 0.1032 
 980 0.0571 0.3644 0.1124 0.4661 
 981 0.1077 0.3607 0.2802 0.2514 
 982 0.1035 0.7688 0.0677 0.0600 
 983 0.3367 0.5030 0.0926 0.0678 
 984 0.1698 0.1191 0.0375 0.6736 
 985 0.0554 0.6440 0.0559 0.2447 
 986 0.0991 0.7344 0.0525 0.1140 
 987 0.0736 0.7737 0.1083 0.0444 
 988 0.2676 0.6778 0.0221 0.0324 
 989 0.1386 0.1096 0.2120 0.5398 
 990 0.1810 0.6442 0.0341 0.1407 
 991 0.0919 0.5394 0.1986 0.1701 
 992 0.0430 0.6279 0.2863 0.0428 
 993 0.4096 0.4423 0.0725 0.0756 
 994 0.0669 0.2649 0.4595 0.2087 
 995 0.0273 0.0647 0.0715 0.8365 
 996 0.1738 0.7247 0.0358 0.0657 
 997 0.0413 0.6512 0.1883 0.1192 
 998 0.0817 0.7452 0.1133 0.0598 
 999 0.0677 0.6283 0.0549 0.2492 
1000 0.0838 0.7353 0.1286 0.0522 
1001 0.1755 0.7085 0.0371 0.0789 
1002 0.1097 0.8292 0.0295 0.0316 
1003 0.0805 0.5638 0.2297 0.1260 
1004 0.0446 0.8103 0.0456 0.0996 
1005 0.0679 0.7935 0.0842 0.0544 
1006 0.0857 0.2002 0.6087 0.1054 
1007 0.0688 0.2830 0.3138 0.3343 
1008 0.0587 0.1786 0.4552 0.3076 
1009 0.1755 0.3426 0.3096 0.1723 
1010 0.0892 0.3381 0.4123 0.1604 
1011 0.0967 0.2527 0.2394 0.4112 
1012 0.0587 0.1133 0.7779 0.0501 
1013 0.0802 0.3424 0.4857 0.0917 
1014 0.1032 0.7632 0.0787 0.0550 
1015 0.0443 0.3867 0.5082 0.0608 
1016 0.0574 0.8534 0.0386 0.0505 
1017 0.0542 0.5443 0.1784 0.2230 
1018 0.0751 0.5256 0.1713 0.2280 
1019 0.1377 0.4994 0.1844 0.1786 
1020 0.0406 0.0880 0.0932 0.7782 
1021 0.0404 0.0847 0.6251 0.2499 
1022 0.0638 0.6281 0.1065 0.2015 
1023 0.2302 0.6123 0.0798 0.0778 
1024 0.2132 0.5801 0.1569 0.0499 
1025 0.0594 0.7873 0.0332 0.1202 
1026 0.5778 0.0971 0.0886 0.2366 
1027 0.4002 0.0975 0.3699 0.1324 
1028 0.5130 0.2826 0.0434 0.1611 
1029 0.1214 0.5011 0.1443 0.2332 
1030 0.1052 0.2330 0.1604 0.5013 
1031 0.4118 0.1493 0.1239 0.3150 
1032 0.2504 0.2116 0.1793 0.3587 
1033 0.3471 0.2157 0.1118 0.3254 
1034 0.1237 0.4745 0.1467 0.2551 
1035 0.0813 0.1222 0.0405 0.7561 
1036 0.1748 0.1741 0.3301 0.3210 
1037 0.0645 0.2476 0.1653 0.5226 
1038 0.2638 0.1620 0.0489 0.5253 
1039 0.1378 0.1868 0.3740 0.3014 
1040 0.5667 0.1026 0.1268 0.2039 
1041 0.4957 0.1990 0.0696 0.2357 
1042 0.1747 0.2218 0.0926 0.5109 
1043 0.3823 0.2195 0.0561 0.3422 
1044 0.3258 0.3779 0.0922 0.2041 
1045 0.6173 0.1042 0.0335 0.2450 
1046 0.1621 0.2279 0.1447 0.4654 
1047 0.0840 0.1153 0.0946 0.7061 
1048 0.1838 0.6392 0.0568 0.1202 
1049 0.0840 0.7857 0.0474 0.0829 
1050 0.1781 0.7686 0.0248 0.0285 
1051 0.1120 0.8271 0.0289 0.0319 
1052 0.1496 0.7596 0.0447 0.0461 
1053 0.1379 0.7795 0.0263 0.0563 
1054 0.1146 0.7896 0.0363 0.0594 
1055 0.0478 0.8788 0.0312 0.0422 
1056 0.0727 0.8384 0.0438 0.0451 
1057 0.6712 0.2157 0.0784 0.0347 
1058 0.1367 0.7951 0.0353 0.0329 
1059 0.2421 0.6540 0.0304 0.0735 
1060 0.1553 0.6812 0.0402 0.1233 
1061 0.0443 0.8746 0.0437 0.0375 
1062 0.1718 0.7557 0.0350 0.0375 
1063 0.0453 0.7260 0.1171 0.1116 
1064 0.1134 0.8006 0.0411 0.0449 
1065 0.0827 0.7876 0.0574 0.0723 
1066 0.0484 0.8325 0.0305 0.0886 
1067 0.1776 0.7528 0.0316 0.0380 
1068 0.1695 0.4166 0.0796 0.3344 
1069 0.0545 0.8920 0.0260 0.0276 
1070 0.1100 0.7959 0.0521 0.0420 
1071 0.1106 0.7004 0.0435 0.1455 
1072 0.0657 0.8191 0.0433 0.0719 
1073 0.1412 0.7860 0.0228 0.0500 
1074 0.2126 0.6248 0.0455 0.1172 
1075 0.1478 0.7386 0.0464 0.0672 
1076 0.1149 0.7738 0.0310 0.0803 
1077 0.6877 0.2400 0.0362 0.0361 
1078 0.0775 0.7857 0.0823 0.0545 
1079 0.1343 0.7923 0.0286 0.0449 
1080 0.1240 0.5293 0.1522 0.1945 
1081 0.1480 0.7977 0.0208 0.0335 
1082 0.2105 0.6248 0.0710 0.0937 
1083 0.0740 0.8164 0.0404 0.0692 
1084 0.1153 0.5839 0.1453 0.1556 
1085 0.0825 0.8667 0.0264 0.0244 
1086 0.0380 0.8787 0.0463 0.0370 
1087 0.0835 0.8604 0.0312 0.0249 
1088 0.0697 0.8697 0.0336 0.0270 
1089 0.1652 0.7864 0.0190 0.0294 
1090 0.1321 0.8023 0.0265 0.0390 
1091 0.0917 0.8096 0.0387 0.0600 
1092 0.1537 0.7813 0.0302 0.0348 
1093 0.0636 0.7616 0.0581 0.1166 
1094 0.5711 0.2796 0.0484 0.1009 
1095 0.6386 0.2983 0.0298 0.0333 
1096 0.1115 0.7712 0.0318 0.0855 
1097 0.5647 0.3807 0.0272 0.0275 
1098 0.0494 0.7285 0.1887 0.0334 
1099 0.0564 0.4807 0.3560 0.1069 
1100 0.0897 0.8529 0.0248 0.0326 
1101 0.0683 0.8736 0.0290 0.0291 
1102 0.1796 0.7384 0.0410 0.0410 
1103 0.0803 0.8226 0.0313 0.0658 
1104 0.0642 0.8417 0.0540 0.0402 
1105 0.0799 0.8333 0.0457 0.0411 
1106 0.1058 0.7112 0.0409 0.1420 
1107 0.1275 0.7843 0.0239 0.0644 
1108 0.6112 0.3175 0.0249 0.0464 
1109 0.4528 0.4774 0.0277 0.0421 
1110 0.0594 0.2199 0.2111 0.5097 
1111 0.0337 0.2448 0.2348 0.4866 
1112 0.1918 0.0604 0.0540 0.6938 
1113 0.1864 0.1637 0.3586 0.2912 
1114 0.3520 0.2483 0.0822 0.3176 
1115 0.0958 0.0931 0.6252 0.1859 
1116 0.0662 0.0841 0.0556 0.7941 
1117 0.5387 0.1674 0.1281 0.1658 
1118 0.0661 0.0681 0.0439 0.8218 
1119 0.3753 0.1070 0.3494 0.1684 
1120 0.1193 0.0831 0.4960 0.3016 
1121 0.3453 0.0874 0.0536 0.5138 
1122 0.2035 0.2633 0.0521 0.4811 
1123 0.2343 0.4244 0.0721 0.2692 
1124 0.0652 0.0686 0.0452 0.8209 
1125 0.1243 0.2329 0.0696 0.5732 
1126 0.3402 0.1079 0.0587 0.4931 
1127 0.2273 0.0987 0.2265 0.4475 
1128 0.0516 0.1026 0.2907 0.5550 
1129 0.2063 0.2374 0.3758 0.1805 
1130 0.1521 0.3974 0.1985 0.2519 
1131 0.6229 0.1536 0.0598 0.1637 
1132 0.1859 0.0734 0.4362 0.3046 
1133 0.0941 0.1086 0.0404 0.7568 
1134 0.0442 0.0728 0.0808 0.8022 
1135 0.2995 0.4535 0.1259 0.1210 
1136 0.6432 0.1013 0.1529 0.1026 
1137 0.0645 0.1661 0.0759 0.6935 
1138 0.1724 0.2907 0.1758 0.3611 
1139 0.0529 0.0725 0.1121 0.7625 
1140 0.2434 0.2811 0.0945 0.3810 
1141 0.2246 0.3618 0.1485 0.2651 
1142 0.6115 0.1698 0.0890 0.1297 
1143 0.1233 0.3660 0.0645 0.4462 
1144 0.1305 0.0952 0.5071 0.2673 
1145 0.3828 0.1126 0.3560 0.1486 
1146 0.3383 0.1415 0.0345 0.4857 
1147 0.1720 0.5912 0.1131 0.1237 
1148 0.7748 0.1230 0.0292 0.0730 
1149 0.1464 0.1444 0.2908 0.4183 
1150 0.1110 0.2311 0.4623 0.1956 
1151 0.1816 0.0793 0.0521 0.6870 
1152 0.3308 0.3274 0.1091 0.2327 
1153 0.5812 0.1324 0.2080 0.0784 
1154 0.3190 0.1866 0.0663 0.4282 
1155 0.2056 0.1331 0.4193 0.2420 
1156 0.0827 0.0773 0.5311 0.3089 
1157 0.5260 0.0802 0.1440 0.2498 
1158 0.1595 0.0977 0.1337 0.6091 
1159 0.0857 0.8245 0.0511 0.0388 
1160 0.1017 0.7265 0.1330 0.0388 
1161 0.0428 0.7855 0.1080 0.0637 
1162 0.1242 0.3381 0.3930 0.1448 
1163 0.0740 0.2901 0.1652 0.4707 
1164 0.2171 0.3423 0.2770 0.1635 
1165 0.0634 0.8421 0.0447 0.0497 
1166 0.0583 0.4932 0.1300 0.3185 
1167 0.0915 0.8424 0.0294 0.0367 
1168 0.1647 0.6924 0.0750 0.0679 
1169 0.0916 0.7372 0.0791 0.0921 
1170 0.4773 0.4005 0.0667 0.0554 
1171 0.2151 0.6161 0.0405 0.1283 
1172 0.1302 0.7742 0.0373 0.0583 
1173 0.0837 0.7919 0.0602 0.0642 
1174 0.0556 0.8674 0.0403 0.0368 
1175 0.0933 0.7789 0.0782 0.0495 
1176 0.1190 0.5546 0.1797 0.1468 
