   1 0.0080 0.0279 0.0264 0.1085 0.1858 0.2263 0.1418 0.2754 
   2 0.0053 0.0116 0.0448 0.0566 0.1739 0.0695 0.4155 0.2228 
   3 0.0086 0.0238 0.0140 0.0592 0.2925 0.1611 0.1459 0.2948 
   4 0.0122 0.0214 0.0219 0.3273 0.1043 0.0955 0.1765 0.2410 
   5 0.0069 0.0141 0.0560 0.0663 0.2481 0.0744 0.3705 0.1636 
   6 0.0068 0.0119 0.0149 0.0725 0.4903 0.1008 0.2031 0.0996 
   7 0.0089 0.0111 0.0256 0.0559 0.2377 0.2071 0.3371 0.1166 
   8 0.0337 0.0160 0.0214 0.2134 0.2290 0.1291 0.1606 0.1968 
   9 0.0123 0.0153 0.0380 0.0559 0.2313 0.1161 0.2622 0.2688 
  10 0.0109 0.0092 0.0248 0.1888 0.2799 0.1368 0.2133 0.1363 
  11 0.0059 0.0091 0.0412 0.0484 0.1780 0.3154 0.2762 0.1259 
  12 0.0060 0.0156 0.0299 0.0811 0.2193 0.0677 0.3872 0.1931 
  13 0.0081 0.0159 0.0322 0.0610 0.2678 0.0945 0.2893 0.2312 
  14 0.0052 0.0485 0.0182 0.1044 0.1976 0.1307 0.2434 0.2520 
  15 0.0075 0.0162 0.0226 0.1360 0.1431 0.1381 0.2669 0.2697 
  16 0.0057 0.0144 0.0334 0.0540 0.3018 0.2328 0.1587 0.1990 
  17 0.0118 0.0355 0.0344 0.0700 0.3840 0.0827 0.1950 0.1866 
  18 0.0142 0.0178 0.0203 0.0956 0.2153 0.1587 0.2313 0.2468 
  19 0.0062 0.0095 0.0221 0.0603 0.4336 0.1000 0.2059 0.1624 
  20 0.0067 0.0145 0.0356 0.0823 0.1820 0.1500 0.3517 0.1774 
  21 0.0058 0.0219 0.0210 0.1440 0.1390 0.1604 0.1936 0.3142 
  22 0.0098 0.0150 0.0188 0.0632 0.4147 0.1008 0.1688 0.2089 
  23 0.0111 0.0433 0.0456 0.0830 0.1373 0.1115 0.1876 0.3807 
  24 0.0061 0.0132 0.0275 0.0773 0.1845 0.1878 0.1492 0.3545 
  25 0.0069 0.0164 0.0240 0.0459 0.3454 0.1027 0.3532 0.1055 
  26 0.0108 0.0155 0.0248 0.1099 0.2676 0.1200 0.2122 0.2392 
  27 0.0082 0.0317 0.0322 0.0743 0.2943 0.1295 0.2014 0.2284 
  28 0.0060 0.0156 0.0200 0.2896 0.1324 0.2021 0.1786 0.1557 
  29 0.0049 0.0123 0.0476 0.0478 0.1573 0.1137 0.3787 0.2377 
  30 0.0061 0.0179 0.0231 0.0510 0.3727 0.1393 0.1770 0.2129 
  31 0.0188 0.0280 0.0352 0.1566 0.1729 0.1082 0.3158 0.1644 
  32 0.0057 0.0150 0.0176 0.1093 0.3074 0.0973 0.2057 0.2420 
  33 0.0064 0.0134 0.0205 0.0534 0.1791 0.2108 0.1995 0.3169 
  34 0.0083 0.0130 0.0565 0.1433 0.2801 0.1666 0.2430 0.0892 
  35 0.0156 0.0562 0.0541 0.0430 0.2599 0.0966 0.2046 0.2700 
  36 0.0052 0.0323 0.0190 0.0426 0.0919 0.3671 0.1288 0.3131 
  37 0.0092 0.0167 0.0171 0.0684 0.1564 0.0882 0.2327 0.4111 
  38 0.0054 0.0162 0.0481 0.0361 0.1023 0.4793 0.1641 0.1485 
  39 0.0091 0.0306 0.0418 0.0565 0.1491 0.2632 0.2499 0.1998 
  40 0.0050 0.0363 0.0222 0.0515 0.1639 0.1129 0.1214 0.4868 
  41 0.0084 0.0468 0.0456 0.0354 0.1340 0.2717 0.1579 0.3001 
  42 0.0054 0.0260 0.0324 0.0609 0.0660 0.2459 0.1191 0.4444 
  43 0.0096 0.0523 0.0311 0.0526 0.1175 0.0845 0.2826 0.3698 
  44 0.0092 0.1549 0.0262 0.0345 0.1891 0.0861 0.2547 0.2453 
  45 0.0060 0.0388 0.0408 0.0366 0.0918 0.2975 0.2482 0.2402 
  46 0.0159 0.0415 0.0274 0.0626 0.2717 0.1311 0.3009 0.1489 
  47 0.0222 0.0198 0.0366 0.0629 0.2936 0.0860 0.2191 0.2597 
  48 0.0114 0.1367 0.0374 0.0369 0.2113 0.0817 0.1713 0.3134 
  49 0.0123 0.0362 0.0709 0.0517 0.1562 0.1773 0.2189 0.2765 
  50 0.0154 0.0184 0.0315 0.1007 0.2947 0.1425 0.2957 0.1011 
  51 0.0050 0.1250 0.0304 0.0364 0.0696 0.2659 0.1425 0.3252 
  52 0.0124 0.0329 0.0462 0.0647 0.1421 0.2868 0.2136 0.2013 
  53 0.0087 0.0175 0.0234 0.0676 0.1670 0.3741 0.1432 0.1984 
  54 0.0095 0.0401 0.0352 0.0591 0.1454 0.0681 0.3180 0.3245 
  55 0.0084 0.1252 0.0349 0.0494 0.1239 0.0791 0.2664 0.3126 
  56 0.0079 0.0359 0.0629 0.0519 0.2196 0.1333 0.1418 0.3466 
  57 0.0215 0.0105 0.0368 0.1659 0.2853 0.1086 0.1712 0.2002 
  58 0.0060 0.0394 0.0434 0.0471 0.1063 0.1870 0.2214 0.3494 
  59 0.0061 0.0263 0.1046 0.0496 0.1057 0.2942 0.1784 0.2351 
  60 0.0055 0.0516 0.0189 0.0917 0.0995 0.1811 0.1411 0.4106 
  61 0.0045 0.1193 0.0276 0.0631 0.0696 0.0725 0.2743 0.3692 
  62 0.0158 0.0175 0.1592 0.0802 0.2048 0.1261 0.2264 0.1701 
  63 0.0047 0.0232 0.0232 0.0606 0.0989 0.1664 0.2884 0.3345 
  64 0.0077 0.0116 0.0358 0.0442 0.3410 0.1885 0.1917 0.1795 
  65 0.0067 0.0134 0.0278 0.0415 0.1563 0.1045 0.5459 0.1038 
  66 0.0058 0.0160 0.0279 0.0938 0.0952 0.1052 0.3404 0.3157 
  67 0.0069 0.1412 0.0296 0.0440 0.1189 0.0736 0.3358 0.2499 
  68 0.0074 0.0292 0.0762 0.0565 0.0890 0.3040 0.1673 0.2704 
  69 0.0091 0.0354 0.0986 0.1702 0.1209 0.3303 0.1370 0.0985 
  70 0.0050 0.0420 0.0219 0.0510 0.0798 0.3159 0.1591 0.3254 
  71 0.0062 0.0375 0.1020 0.0366 0.1069 0.3071 0.2267 0.1770 
  72 0.0073 0.0349 0.0178 0.0430 0.2083 0.2938 0.1864 0.2086 
  73 0.0062 0.0347 0.1116 0.0438 0.1019 0.1330 0.3266 0.2423 
  74 0.0052 0.0256 0.0179 0.0505 0.0885 0.3009 0.1151 0.3963 
  75 0.0057 0.0251 0.0230 0.0542 0.0770 0.2145 0.0980 0.5025 
  76 0.0068 0.0486 0.0171 0.0466 0.1114 0.1174 0.3976 0.2545 
  77 0.0051 0.0302 0.0522 0.0329 0.0891 0.3178 0.2457 0.2271 
  78 0.0055 0.0237 0.0564 0.0334 0.0918 0.3986 0.1624 0.2282 
  79 0.0057 0.0095 0.0225 0.0550 0.2071 0.1670 0.3842 0.1490 
  80 0.0056 0.0105 0.0169 0.1320 0.0885 0.1141 0.1686 0.4638 
  81 0.0061 0.0091 0.0151 0.1576 0.1035 0.1505 0.2292 0.3287 
  82 0.0057 0.0194 0.0458 0.0664 0.1045 0.1011 0.3487 0.3084 
  83 0.0054 0.0154 0.0146 0.1159 0.1158 0.2248 0.2187 0.2894 
  84 0.0052 0.0101 0.0162 0.1160 0.1138 0.1848 0.3147 0.2392 
  85 0.0055 0.0139 0.0163 0.1265 0.1717 0.1807 0.1980 0.2875 
  86 0.0081 0.0389 0.0340 0.0580 0.1873 0.1049 0.3506 0.2182 
  87 0.0060 0.0147 0.0203 0.0626 0.1077 0.2394 0.3854 0.1639 
  88 0.0060 0.0101 0.0193 0.0868 0.0962 0.1198 0.3036 0.3583 
  89 0.0066 0.0097 0.0159 0.1205 0.0903 0.1136 0.2577 0.3856 
  90 0.0055 0.0098 0.0195 0.0626 0.0955 0.1293 0.5218 0.1561 
  91 0.0057 0.0150 0.0139 0.1392 0.1092 0.1662 0.1573 0.3935 
  92 0.0060 0.0101 0.0218 0.0706 0.1412 0.1300 0.3970 0.2233 
  93 0.0057 0.0111 0.0185 0.3650 0.0826 0.0894 0.1294 0.2984 
  94 0.0048 0.0136 0.0147 0.0562 0.0817 0.5377 0.1666 0.1248 
  95 0.0054 0.0093 0.0169 0.0821 0.0719 0.1242 0.4275 0.2627 
  96 0.0050 0.0509 0.0250 0.0672 0.0660 0.0771 0.2880 0.4208 
  97 0.0061 0.0229 0.0227 0.0594 0.0837 0.2290 0.1261 0.4502 
  98 0.0045 0.0246 0.0302 0.0425 0.1560 0.1227 0.2852 0.3343 
  99 0.0054 0.0096 0.0164 0.1130 0.1026 0.1491 0.3795 0.2244 
 100 0.0060 0.0116 0.0191 0.0967 0.0730 0.0602 0.1359 0.5974 
 101 0.0076 0.0167 0.0218 0.0759 0.1071 0.1688 0.3527 0.2494 
 102 0.0068 0.0272 0.0346 0.1227 0.0855 0.1691 0.2065 0.3476 
 103 0.0057 0.0143 0.0213 0.1310 0.0826 0.0799 0.4942 0.1711 
 104 0.0056 0.0166 0.0217 0.1234 0.0904 0.1103 0.5545 0.0774 
 105 0.0065 0.0160 0.0508 0.1700 0.0779 0.0791 0.5003 0.0995 
 106 0.0058 0.0150 0.0191 0.0338 0.1343 0.2766 0.4264 0.0889 
 107 0.0068 0.0183 0.0312 0.1134 0.0876 0.0926 0.4910 0.1591 
 108 0.0047 0.1402 0.0176 0.0624 0.1291 0.1668 0.3257 0.1535 
 109 0.0069 0.0195 0.1715 0.0431 0.1244 0.2173 0.3238 0.0935 
 110 0.0060 0.0112 0.0264 0.0400 0.1247 0.3665 0.3326 0.0925 
 111 0.0073 0.0148 0.0527 0.0541 0.0863 0.0915 0.5930 0.1004 
 112 0.0048 0.0205 0.2396 0.0411 0.0789 0.3265 0.1899 0.0987 
 113 0.0065 0.0222 0.0277 0.0731 0.1710 0.1427 0.3173 0.2394 
 114 0.0050 0.0129 0.0448 0.1475 0.0834 0.1161 0.5045 0.0858 
 115 0.0066 0.0771 0.0659 0.0563 0.1126 0.1000 0.4244 0.1573 
 116 0.0077 0.0397 0.0327 0.0350 0.1210 0.2989 0.3346 0.1304 
 117 0.0100 0.0205 0.0882 0.0486 0.1290 0.2766 0.3096 0.1176 
 118 0.0054 0.0178 0.0552 0.0551 0.1134 0.0831 0.5162 0.1537 
 119 0.0045 0.0584 0.0159 0.0723 0.0715 0.1314 0.2642 0.3819 
 120 0.0062 0.0357 0.0883 0.0687 0.1074 0.1471 0.3944 0.1522 
 121 0.0161 0.1348 0.1169 0.0429 0.1019 0.1379 0.3330 0.1164 
 122 0.0048 0.0127 0.0377 0.0540 0.1275 0.2555 0.4120 0.0959 
 123 0.0060 0.0185 0.0276 0.0670 0.1002 0.2029 0.4486 0.1292 
 124 0.0106 0.0414 0.0571 0.0494 0.1456 0.2291 0.3435 0.1234 
 125 0.0065 0.0257 0.0862 0.0449 0.1810 0.3703 0.1576 0.1279 
 126 0.0042 0.0366 0.0176 0.0626 0.0829 0.3212 0.3045 0.1704 
 127 0.0062 0.0179 0.0471 0.0568 0.0757 0.1675 0.5146 0.1141 
 128 0.0048 0.0175 0.0433 0.0537 0.1009 0.0718 0.5723 0.1356 
 129 0.0064 0.0146 0.0255 0.0503 0.0833 0.0743 0.6546 0.0910 
 130 0.0069 0.0132 0.0685 0.1127 0.0916 0.1283 0.4524 0.1265 
 131 0.0131 0.0477 0.0634 0.0416 0.1132 0.3533 0.2696 0.0982 
 132 0.0055 0.0160 0.0227 0.0441 0.1096 0.1976 0.5158 0.0886 
 133 0.0095 0.0265 0.0244 0.0703 0.0940 0.1045 0.5422 0.1285 
 134 0.0047 0.0103 0.0435 0.0312 0.1069 0.2807 0.4443 0.0784 
 135 0.0074 0.0339 0.0507 0.1557 0.0688 0.0947 0.1209 0.4679 
 136 0.0069 0.0119 0.0279 0.3687 0.1321 0.0712 0.0911 0.2903 
 137 0.0058 0.0111 0.0477 0.2650 0.0845 0.0815 0.1172 0.3872 
 138 0.0053 0.0158 0.0157 0.5128 0.0781 0.0970 0.0952 0.1800 
 139 0.0054 0.0275 0.0312 0.2234 0.1262 0.0941 0.1986 0.2934 
 140 0.0066 0.0242 0.0219 0.2133 0.0908 0.1564 0.2011 0.2858 
 141 0.0063 0.0147 0.0253 0.4138 0.1581 0.1057 0.1024 0.1736 
 142 0.0066 0.0473 0.0493 0.2167 0.0696 0.0901 0.1356 0.3848 
 143 0.0049 0.0119 0.0150 0.2073 0.0682 0.0631 0.0917 0.5380 
 144 0.0058 0.0125 0.0453 0.2058 0.0724 0.0740 0.1166 0.4677 
 145 0.0077 0.0169 0.0348 0.2199 0.1824 0.1048 0.1063 0.3272 
 146 0.0100 0.0178 0.0212 0.2691 0.1287 0.1441 0.1799 0.2292 
 147 0.0055 0.0106 0.0169 0.4196 0.0792 0.0694 0.0885 0.3102 
 148 0.0059 0.0241 0.0394 0.3366 0.1213 0.0847 0.1793 0.2087 
 149 0.0057 0.0227 0.0234 0.3728 0.0841 0.1115 0.0942 0.2856 
 150 0.0074 0.0127 0.0576 0.2443 0.0933 0.0925 0.1863 0.3058 
 151 0.0065 0.0122 0.0182 0.2362 0.0746 0.0792 0.1284 0.4448 
 152 0.0065 0.0492 0.0365 0.2943 0.1419 0.1001 0.1433 0.2282 
 153 0.0051 0.0236 0.0179 0.4172 0.0796 0.1460 0.1114 0.1992 
 154 0.0072 0.0261 0.0230 0.4488 0.1155 0.0718 0.1015 0.2061 
 155 0.0054 0.0118 0.0155 0.5276 0.0724 0.0735 0.1344 0.1594 
 156 0.0051 0.0412 0.0266 0.3095 0.0610 0.0801 0.1479 0.3287 
 157 0.0054 0.0098 0.0147 0.3993 0.0696 0.1256 0.1774 0.1981 
 158 0.0074 0.0153 0.0352 0.2416 0.1730 0.1130 0.0946 0.3198 
 159 0.0058 0.0099 0.0194 0.4805 0.0768 0.0671 0.0875 0.2530 
 160 0.0070 0.0098 0.0204 0.5122 0.0762 0.0665 0.0931 0.2149 
 161 0.0057 0.0125 0.0191 0.1364 0.0965 0.1384 0.1308 0.4606 
 162 0.0118 0.0197 0.0223 0.2918 0.1343 0.1323 0.2102 0.1776 
 163 0.0048 0.0207 0.0160 0.4867 0.0654 0.0808 0.1151 0.2104 
 164 0.0096 0.0142 0.0176 0.3667 0.0933 0.0985 0.2460 0.1541 
 165 0.0074 0.0134 0.0562 0.2264 0.0779 0.0922 0.1618 0.3647 
 166 0.0055 0.0240 0.0141 0.3341 0.0769 0.1519 0.2011 0.1923 
 167 0.0116 0.0179 0.0178 0.5217 0.1381 0.0656 0.1281 0.0990 
 168 0.0060 0.0233 0.0168 0.3711 0.0917 0.1584 0.1081 0.2246 
 169 0.0081 0.0154 0.0392 0.1884 0.1683 0.2429 0.0901 0.2475 
 170 0.0052 0.0149 0.0164 0.0778 0.0710 0.0767 0.1365 0.6016 
 171 0.0063 0.0276 0.0174 0.3240 0.1334 0.1133 0.1661 0.2121 
 172 0.0059 0.0269 0.0272 0.2019 0.0802 0.2280 0.0899 0.3401 
 173 0.0060 0.0110 0.0197 0.4882 0.0805 0.0629 0.1069 0.2247 
 174 0.0065 0.0092 0.0163 0.4768 0.0833 0.0847 0.1323 0.1908 
 175 0.0062 0.0133 0.0189 0.2040 0.1344 0.0624 0.0943 0.4664 
 176 0.0057 0.0129 0.0448 0.2030 0.0727 0.0740 0.1161 0.4707 
 177 0.0058 0.0118 0.0170 0.3477 0.0788 0.2076 0.1688 0.1625 
 178 0.0063 0.0102 0.0172 0.4493 0.1429 0.0801 0.1401 0.1539 
 179 0.0050 0.0102 0.0136 0.5519 0.0788 0.0631 0.1032 0.1742 
 180 0.0112 0.0220 0.0239 0.2878 0.1316 0.1157 0.1343 0.2733 
 181 0.0068 0.0163 0.0278 0.1981 0.0970 0.1001 0.1125 0.4414 
 182 0.0079 0.0179 0.0228 0.2206 0.0698 0.0649 0.1096 0.4865 
 183 0.0057 0.0118 0.0167 0.3451 0.0828 0.0654 0.1063 0.3661 
 184 0.0074 0.0130 0.0258 0.0540 0.2664 0.0716 0.2800 0.2817 
 185 0.0043 0.0661 0.0240 0.3307 0.0619 0.0575 0.0888 0.3667 
 186 0.0066 0.0129 0.0167 0.0487 0.1495 0.0747 0.5133 0.1776 
 187 0.0046 0.0158 0.0165 0.1924 0.1305 0.0657 0.3037 0.2708 
 188 0.0060 0.0138 0.0173 0.0425 0.1311 0.0633 0.5932 0.1328 
 189 0.0048 0.0187 0.0151 0.0926 0.2172 0.1444 0.1206 0.3866 
 190 0.0045 0.0900 0.0309 0.0852 0.0564 0.0571 0.1421 0.5338 
 191 0.0055 0.0128 0.0347 0.0828 0.1382 0.0639 0.4082 0.2539 
 192 0.0047 0.0102 0.0182 0.0942 0.1314 0.0771 0.3120 0.3523 
 193 0.0052 0.0162 0.0352 0.0834 0.1690 0.0844 0.2472 0.3595 
 194 0.0057 0.0213 0.0168 0.0785 0.1046 0.0862 0.2719 0.4149 
 195 0.0046 0.0291 0.0163 0.1248 0.0679 0.0574 0.1679 0.5321 
 196 0.0047 0.0319 0.0346 0.0864 0.0836 0.0720 0.2489 0.4379 
 197 0.0061 0.0222 0.0221 0.1420 0.2382 0.0796 0.3039 0.1859 
 198 0.0048 0.0209 0.0180 0.0803 0.1653 0.1357 0.3040 0.2711 
 199 0.0050 0.0215 0.0274 0.0539 0.0776 0.0737 0.1502 0.5907 
 200 0.0049 0.0419 0.0570 0.0855 0.1476 0.0944 0.1670 0.4016 
 201 0.0047 0.0196 0.0175 0.3137 0.0952 0.0574 0.1934 0.2986 
 202 0.0042 0.0212 0.0210 0.0907 0.0653 0.0580 0.1425 0.5972 
 203 0.0050 0.0146 0.0278 0.2544 0.0891 0.0556 0.1828 0.3707 
 204 0.0052 0.0233 0.0212 0.0736 0.0690 0.0584 0.2252 0.5242 
 205 0.0051 0.0275 0.0213 0.0673 0.1154 0.0897 0.2772 0.3964 
 206 0.0057 0.0233 0.0196 0.1160 0.0936 0.0559 0.3149 0.3710 
 207 0.0049 0.0184 0.0377 0.0531 0.0879 0.0573 0.3348 0.4060 
 208 0.0052 0.0316 0.0253 0.2459 0.0948 0.0625 0.2848 0.2499 
 209 0.0052 0.0160 0.0358 0.0748 0.1431 0.0683 0.3164 0.3404 
 210 0.0047 0.0169 0.0203 0.1070 0.0863 0.0633 0.3498 0.3517 
 211 0.0066 0.0426 0.1028 0.0791 0.0851 0.0566 0.2698 0.3573 
 212 0.0042 0.0216 0.0199 0.1225 0.1078 0.0681 0.1290 0.5270 
 213 0.0047 0.0358 0.0239 0.0561 0.0750 0.1375 0.3079 0.3591 
 214 0.0045 0.0144 0.0260 0.1124 0.0900 0.0576 0.1367 0.5584 
 215 0.0053 0.0264 0.0400 0.0711 0.1180 0.0768 0.4015 0.2608 
 216 0.0075 0.0165 0.0256 0.0605 0.2536 0.0766 0.2679 0.2917 
 217 0.0044 0.0158 0.0190 0.1142 0.1026 0.0621 0.1440 0.5380 
 218 0.0053 0.0126 0.0238 0.0782 0.1219 0.0843 0.2747 0.3992 
 219 0.0083 0.0146 0.0157 0.1224 0.2355 0.0817 0.1743 0.3475 
 220 0.0055 0.0175 0.0276 0.0783 0.0924 0.0592 0.4215 0.2980 
 221 0.0043 0.0176 0.0183 0.0658 0.0616 0.0564 0.0899 0.6862 
 222 0.0068 0.0143 0.0167 0.0743 0.2748 0.0764 0.2592 0.2776 
 223 0.0049 0.0167 0.0165 0.2078 0.1524 0.0800 0.2255 0.2962 
 224 0.0057 0.0157 0.0199 0.1453 0.0957 0.0564 0.2297 0.4316 
 225 0.0051 0.0250 0.0208 0.0735 0.0999 0.0732 0.2317 0.4708 
 226 0.0067 0.0138 0.0279 0.0831 0.2025 0.1564 0.1665 0.3433 
 227 0.0045 0.0390 0.0192 0.1151 0.0722 0.0584 0.2336 0.4580 
 228 0.0047 0.0906 0.0272 0.1244 0.0636 0.0559 0.1423 0.4914 
 229 0.0052 0.0103 0.0184 0.1204 0.1012 0.0565 0.2457 0.4424 
 230 0.0054 0.0108 0.0268 0.0947 0.0935 0.0564 0.2482 0.4642 
 231 0.0049 0.0121 0.0236 0.1645 0.1482 0.0633 0.2432 0.3402 
 232 0.0056 0.0175 0.0208 0.0634 0.0884 0.1350 0.1706 0.4988 
 233 0.0051 0.0138 0.0245 0.3191 0.0968 0.0576 0.1446 0.3384 
 234 0.0044 0.0126 0.0221 0.1212 0.1875 0.0839 0.3011 0.2673 
 235 0.0051 0.0175 0.0186 0.0891 0.1321 0.0842 0.2166 0.4369 
 236 0.0048 0.0132 0.0256 0.1344 0.1351 0.0711 0.1832 0.4325 
 237 0.0052 0.0254 0.0446 0.0759 0.0985 0.0665 0.2831 0.4007 
 238 0.0044 0.0137 0.0210 0.1083 0.0933 0.0660 0.1856 0.5076 
 239 0.0048 0.0283 0.0160 0.1249 0.0679 0.0576 0.1680 0.5326 
 240 0.0044 0.0138 0.0213 0.1070 0.0922 0.0666 0.1832 0.5114 
 241 0.0055 0.0157 0.0189 0.0951 0.0759 0.0702 0.1255 0.5930 
 242 0.0055 0.0190 0.0173 0.0837 0.1526 0.0982 0.1868 0.4370 
 243 0.0048 0.0465 0.0460 0.0916 0.0759 0.0569 0.2131 0.4652 
 244 0.0052 0.0134 0.0282 0.1334 0.0900 0.0568 0.1888 0.4842 
 245 0.0048 0.0214 0.0154 0.2765 0.0702 0.0723 0.1369 0.4023 
 246 0.0046 0.0156 0.0193 0.1140 0.1033 0.0624 0.1430 0.5378 
 247 0.0042 0.0178 0.0182 0.0455 0.1010 0.1359 0.5045 0.1728 
 248 0.0052 0.0252 0.0385 0.0641 0.1135 0.0676 0.4712 0.2146 
 249 0.0051 0.0116 0.0250 0.0795 0.0938 0.0576 0.1802 0.5472 
 250 0.0050 0.0111 0.0245 0.0957 0.1370 0.0693 0.2373 0.4200 
 251 0.0054 0.0233 0.0471 0.0775 0.2361 0.1275 0.1970 0.2860 
 252 0.0048 0.0226 0.0152 0.0922 0.1053 0.0744 0.2276 0.4579 
 253 0.0050 0.0194 0.0209 0.0525 0.1186 0.1192 0.2986 0.3659 
 254 0.0064 0.0195 0.0182 0.0990 0.2282 0.0646 0.2824 0.2818 
 255 0.0045 0.0144 0.0226 0.0938 0.1582 0.0678 0.3098 0.3289 
 256 0.0050 0.0169 0.0252 0.0773 0.1005 0.0668 0.1684 0.5399 
 257 0.0127 0.0219 0.0278 0.0862 0.1137 0.0740 0.3054 0.3582 
 258 0.0044 0.0557 0.0273 0.0922 0.1077 0.0981 0.3845 0.2301 
 259 0.0063 0.0146 0.0260 0.0794 0.1321 0.0680 0.2931 0.3806 
 260 0.0063 0.0126 0.0177 0.1246 0.2429 0.0658 0.1959 0.3343 
 261 0.0044 0.0310 0.0155 0.1235 0.1003 0.0754 0.1731 0.4769 
 262 0.0044 0.0260 0.0192 0.0837 0.0666 0.0615 0.1013 0.6372 
 263 0.0080 0.0207 0.0306 0.0785 0.1520 0.0565 0.3268 0.3269 
 264 0.0093 0.0193 0.0250 0.0408 0.3976 0.0857 0.2755 0.1468 
 265 0.0046 0.0179 0.0178 0.1267 0.1646 0.0828 0.2765 0.3091 
 266 0.0044 0.0210 0.0185 0.0976 0.0629 0.0575 0.0967 0.6414 
 267 0.0045 0.0154 0.0346 0.0954 0.1407 0.0629 0.2637 0.3828 
 268 0.0046 0.0314 0.0336 0.0857 0.0840 0.0724 0.2486 0.4396 
 269 0.0046 0.0149 0.0180 0.1325 0.2717 0.1002 0.1582 0.2999 
 270 0.0078 0.0162 0.0273 0.0870 0.2159 0.0793 0.3220 0.2446 
 271 0.0054 0.0313 0.0395 0.0823 0.1153 0.0833 0.3847 0.2582 
 272 0.0070 0.0267 0.0521 0.0797 0.1559 0.1592 0.2135 0.3059 
 273 0.0360 0.0234 0.0435 0.1282 0.1690 0.1170 0.1948 0.2881 
 274 0.0055 0.0150 0.0254 0.0812 0.1841 0.1012 0.2649 0.3227 
 275 0.0102 0.0199 0.0372 0.1415 0.2335 0.0923 0.1821 0.2833 
 276 0.0069 0.0183 0.0500 0.0522 0.1296 0.1295 0.2097 0.4037 
 277 0.0048 0.0137 0.0173 0.1121 0.1615 0.0813 0.2291 0.3803 
 278 0.0053 0.0420 0.0440 0.0944 0.1149 0.0787 0.3366 0.2842 
 279 0.0053 0.0151 0.0247 0.0900 0.1503 0.0814 0.2305 0.4026 
 280 0.0048 0.0187 0.0207 0.0900 0.1848 0.1123 0.1906 0.3781 
 281 0.0056 0.0178 0.0240 0.0858 0.1189 0.0963 0.3493 0.3024 
 282 0.0045 0.0120 0.0183 0.1739 0.1435 0.0714 0.1802 0.3962 
 283 0.0047 0.0131 0.0180 0.1971 0.0976 0.0570 0.1766 0.4360 
 284 0.0046 0.0162 0.0315 0.1523 0.1214 0.0851 0.3129 0.2760 
 285 0.0053 0.0438 0.0500 0.0439 0.1152 0.1021 0.4593 0.1804 
 286 0.0051 0.0134 0.0286 0.1324 0.0909 0.0570 0.1879 0.4847 
 287 0.0053 0.0135 0.0161 0.1036 0.1582 0.1150 0.2775 0.3108 
 288 0.0067 0.0144 0.0293 0.0742 0.1822 0.1263 0.2339 0.3330 
 289 0.0084 0.0280 0.0329 0.0709 0.1372 0.0954 0.3845 0.2426 
 290 0.0078 0.0272 0.0564 0.0501 0.1775 0.0975 0.1992 0.3844 
 291 0.0054 0.0314 0.0401 0.0825 0.1143 0.0835 0.3858 0.2570 
 292 0.0046 0.0317 0.0170 0.0853 0.1248 0.1212 0.1420 0.4734 
 293 0.0063 0.0400 0.0515 0.0554 0.2229 0.1266 0.2523 0.2451 
 294 0.0097 0.0221 0.0233 0.0549 0.1443 0.0657 0.2512 0.4287 
 295 0.0069 0.0283 0.0470 0.0937 0.1446 0.1285 0.2073 0.3438 
 296 0.0055 0.0206 0.0377 0.0758 0.0972 0.0803 0.3342 0.3486 
 297 0.0051 0.0145 0.0192 0.0648 0.2011 0.1109 0.2459 0.3386 
 298 0.0048 0.0100 0.0173 0.1227 0.1473 0.0686 0.2348 0.3945 
 299 0.0076 0.0137 0.0181 0.0718 0.1688 0.0565 0.3930 0.2705 
 300 0.0057 0.0190 0.0322 0.0540 0.1070 0.0820 0.3365 0.3635 
 301 0.0070 0.0133 0.0276 0.0858 0.3235 0.0787 0.2042 0.2599 
 302 0.0089 0.0489 0.0431 0.0846 0.1436 0.0736 0.2502 0.3470 
 303 0.0048 0.0155 0.0222 0.1118 0.1076 0.0805 0.1935 0.4641 
 304 0.0066 0.0106 0.0230 0.2665 0.2410 0.0804 0.1841 0.1878 
 305 0.0056 0.0203 0.0229 0.1317 0.0881 0.0703 0.1503 0.5109 
 306 0.0046 0.0124 0.0183 0.0928 0.1205 0.0730 0.1399 0.5385 
 307 0.0063 0.0142 0.0249 0.0879 0.1529 0.0816 0.2176 0.4146 
 308 0.0044 0.0299 0.0155 0.1233 0.1009 0.0753 0.1721 0.4786 
 309 0.0234 0.0395 0.0592 0.0968 0.0956 0.0718 0.4199 0.1939 
 310 0.0047 0.0221 0.0264 0.0943 0.0872 0.0568 0.1732 0.5353 
 311 0.0053 0.0108 0.0272 0.0941 0.0937 0.0570 0.2472 0.4647 
 312 0.0047 0.0195 0.0258 0.0769 0.0714 0.0596 0.4905 0.2516 
 313 0.0058 0.0895 0.0319 0.0570 0.0805 0.0698 0.3469 0.3187 
 314 0.0049 0.0227 0.0175 0.4166 0.0683 0.0707 0.0869 0.3124 
 315 0.0046 0.0311 0.0144 0.4707 0.0850 0.1082 0.0937 0.1921 
 316 0.0071 0.0184 0.0158 0.5131 0.1013 0.1106 0.0984 0.1352 
 317 0.0055 0.0124 0.0178 0.5012 0.0717 0.0687 0.0875 0.2351 
 318 0.0051 0.0091 0.0148 0.6151 0.0758 0.0680 0.0850 0.1270 
 319 0.0056 0.0121 0.0162 0.3158 0.0709 0.0642 0.0936 0.4215 
 320 0.0048 0.0238 0.0178 0.4162 0.0687 0.0709 0.0861 0.3118 
 321 0.0053 0.0111 0.0179 0.5206 0.0778 0.0721 0.0873 0.2079 
 322 0.0078 0.0316 0.0191 0.3720 0.0923 0.1088 0.1022 0.2661 
 323 0.0100 0.0098 0.0139 0.5639 0.0783 0.0656 0.0890 0.1693 
 324 0.0053 0.0112 0.0177 0.5212 0.0784 0.0716 0.0868 0.2079 
 325 0.0052 0.0152 0.0147 0.5457 0.0922 0.1094 0.0955 0.1221 
 326 0.0103 0.0190 0.0173 0.5260 0.0912 0.1116 0.0954 0.1292 
 327 0.0056 0.0126 0.0179 0.4990 0.0720 0.0691 0.0873 0.2366 
 328 0.0052 0.0189 0.0166 0.3855 0.0910 0.1092 0.1047 0.2688 
 329 0.0047 0.0093 0.0139 0.5383 0.0755 0.0655 0.0859 0.2070 
 330 0.0054 0.0124 0.0177 0.4988 0.0722 0.0689 0.0874 0.2371 
 331 0.0050 0.0093 0.0141 0.5790 0.0742 0.0658 0.0901 0.1626 
 332 0.0125 0.0162 0.0158 0.5261 0.1007 0.1074 0.0953 0.1261 
 333 0.0108 0.0190 0.0162 0.4895 0.0892 0.1046 0.1022 0.1684 
 334 0.0052 0.0188 0.0168 0.3863 0.0918 0.1089 0.1043 0.2679 
 335 0.0051 0.0229 0.0170 0.3771 0.0841 0.1009 0.0979 0.2951 
 336 0.0116 0.0181 0.0156 0.5390 0.0770 0.0733 0.0860 0.1795 
 337 0.0055 0.0196 0.0189 0.4508 0.0940 0.1164 0.0976 0.1972 
 338 0.0054 0.0090 0.0148 0.6122 0.0767 0.0686 0.0858 0.1276 
 339 0.0050 0.0090 0.0136 0.5804 0.0737 0.0653 0.0897 0.1632 
 340 0.0048 0.0101 0.0137 0.5654 0.0686 0.0633 0.0908 0.1831 
 341 0.0114 0.0109 0.0163 0.5322 0.0746 0.0662 0.0916 0.1967 
 342 0.0055 0.0128 0.0177 0.4961 0.0723 0.0683 0.0870 0.2402 
 343 0.0112 0.0412 0.0171 0.3131 0.0916 0.1045 0.0946 0.3267 
 344 0.0050 0.0091 0.0138 0.5974 0.0748 0.0652 0.0850 0.1499 
 345 0.0054 0.0125 0.0175 0.4978 0.0727 0.0690 0.0879 0.2372 
 346 0.0051 0.0100 0.0146 0.6059 0.0709 0.0655 0.0869 0.1411 
 347 0.0049 0.0101 0.0139 0.5856 0.0692 0.0628 0.0862 0.1673 
 348 0.0046 0.0467 0.0164 0.2982 0.0768 0.0976 0.0956 0.3641 
 349 0.0052 0.0126 0.0175 0.5013 0.0722 0.0680 0.0873 0.2359 
 350 0.0050 0.0160 0.0145 0.4818 0.0717 0.0688 0.0911 0.2510 
 351 0.0052 0.0225 0.0166 0.3795 0.0829 0.1013 0.0983 0.2938 
 352 0.0055 0.0237 0.0187 0.4325 0.0867 0.1098 0.0980 0.2251 
 353 0.0111 0.0184 0.0154 0.5393 0.0771 0.0733 0.0858 0.1795 
 354 0.0060 0.0098 0.0149 0.5812 0.0764 0.0671 0.0862 0.1583 
 355 0.0050 0.0091 0.0149 0.6140 0.0753 0.0687 0.0851 0.1279 
 356 0.0042 0.0374 0.0154 0.1352 0.0746 0.0948 0.0953 0.5431 
 357 0.0049 0.0178 0.0170 0.3200 0.2070 0.1549 0.1170 0.1615 
 358 0.0054 0.0147 0.0143 0.5293 0.0913 0.1054 0.0959 0.1436 
 359 0.0052 0.0090 0.0139 0.5748 0.0752 0.0658 0.0907 0.1653 
 360 0.0052 0.0102 0.0148 0.6061 0.0706 0.0657 0.0865 0.1409 
 361 0.0049 0.0219 0.0206 0.1471 0.2032 0.1625 0.1196 0.3203 
 362 0.0057 0.0146 0.0196 0.0763 0.1464 0.2911 0.2712 0.1752 
 363 0.0074 0.0172 0.0242 0.0452 0.2043 0.2233 0.3539 0.1244 
 364 0.0130 0.0160 0.0351 0.1128 0.2941 0.0822 0.1776 0.2691 
 365 0.0181 0.0163 0.0553 0.0510 0.3425 0.2352 0.1396 0.1421 
 366 0.0060 0.0569 0.0331 0.0698 0.2768 0.1326 0.1705 0.2543 
 367 0.0052 0.0104 0.0194 0.0371 0.1184 0.4210 0.2990 0.0896 
 368 0.0056 0.0102 0.0214 0.0547 0.1477 0.1080 0.5084 0.1440 
 369 0.0079 0.0328 0.0308 0.0753 0.2170 0.0980 0.1677 0.3704 
 370 0.0163 0.0171 0.0410 0.0646 0.1580 0.1014 0.4468 0.1547 
 371 0.0118 0.0200 0.0390 0.0801 0.3335 0.0873 0.2323 0.1961 
 372 0.0590 0.0235 0.0643 0.0800 0.1161 0.0970 0.3333 0.2268 
 373 0.0060 0.0125 0.0339 0.0628 0.1764 0.1845 0.2827 0.2413 
 374 0.0075 0.0132 0.0526 0.0807 0.2014 0.1740 0.1655 0.3049 
 375 0.0202 0.0127 0.0295 0.0455 0.3246 0.1283 0.3303 0.1089 
 376 0.1277 0.0119 0.0196 0.0406 0.2412 0.3004 0.1599 0.0987 
 377 0.0073 0.0211 0.0299 0.0851 0.1615 0.1851 0.3955 0.1146 
 378 0.0059 0.0152 0.0277 0.1499 0.0818 0.3113 0.2439 0.1644 
 379 0.2159 0.0147 0.0239 0.0370 0.2023 0.2313 0.1801 0.0947 
 380 0.0126 0.0234 0.0264 0.0751 0.1895 0.2754 0.1270 0.2705 
 381 0.0092 0.0333 0.0216 0.0522 0.3558 0.1387 0.1005 0.2886 
 382 0.0053 0.0097 0.0194 0.0581 0.3814 0.1604 0.2679 0.0977 
 383 0.0185 0.0161 0.0283 0.2001 0.2519 0.2321 0.1390 0.1142 
 384 0.0673 0.0173 0.0337 0.1053 0.3622 0.1260 0.1616 0.1267 
 385 0.0068 0.0101 0.2432 0.1913 0.2009 0.0862 0.1395 0.1220 
 386 0.0046 0.0117 0.0197 0.0450 0.2072 0.3214 0.2734 0.1170 
 387 0.0052 0.0153 0.0257 0.0663 0.2425 0.2672 0.2639 0.1138 
 388 0.0184 0.0125 0.0534 0.1242 0.2284 0.1396 0.2161 0.2075 
 389 0.0113 0.0440 0.2170 0.0598 0.1577 0.0730 0.2897 0.1474 
 390 0.0232 0.0522 0.0320 0.0430 0.1126 0.4086 0.2052 0.1232 
 391 0.0139 0.0247 0.1573 0.0553 0.1378 0.1424 0.2578 0.2106 
 392 0.0081 0.0177 0.0165 0.0900 0.2192 0.2609 0.2140 0.1736 
 393 0.0092 0.0424 0.0212 0.0740 0.1495 0.4285 0.1073 0.1679 
 394 0.0053 0.0152 0.0155 0.1694 0.1150 0.2767 0.2285 0.1744 
 395 0.0044 0.0249 0.0190 0.0534 0.0932 0.2782 0.3652 0.1617 
 396 0.0061 0.0100 0.0212 0.0362 0.2910 0.1426 0.3978 0.0951 
 397 0.0739 0.0154 0.0170 0.0765 0.2462 0.0700 0.2137 0.2874 
 398 0.0433 0.0120 0.0149 0.0395 0.0931 0.5148 0.1899 0.0924 
 399 0.0047 0.0148 0.0455 0.0495 0.0989 0.2819 0.3753 0.1294 
 400 0.0079 0.0123 0.0251 0.0470 0.2705 0.2793 0.1844 0.1735 
 401 0.0048 0.0261 0.0255 0.0587 0.0768 0.3288 0.3042 0.1751 
 402 0.0070 0.0502 0.0343 0.0636 0.2041 0.1351 0.3158 0.1898 
 403 0.0076 0.0161 0.0527 0.1995 0.1378 0.1380 0.1785 0.2698 
 404 0.0076 0.0103 0.0396 0.0530 0.2788 0.1312 0.2497 0.2298 
 405 0.0047 0.0168 0.0199 0.0599 0.2291 0.2217 0.2400 0.2079 
 406 0.0045 0.0381 0.0190 0.0537 0.1035 0.3426 0.1413 0.2972 
 407 0.0046 0.0103 0.0193 0.0358 0.2346 0.4197 0.1747 0.1010 
 408 0.0042 0.0289 0.0187 0.0336 0.0702 0.1401 0.5830 0.1212 
 409 0.0130 0.0227 0.0243 0.0537 0.0823 0.2693 0.1178 0.4170 
 410 0.0907 0.0214 0.0275 0.0668 0.1404 0.3038 0.1906 0.1588 
 411 0.0221 0.0493 0.0188 0.1227 0.3340 0.1470 0.1705 0.1358 
 412 0.0054 0.0102 0.0218 0.0523 0.2046 0.1422 0.4245 0.1389 
 413 0.0049 0.0112 0.0165 0.1368 0.1139 0.1583 0.4081 0.1503 
 414 0.0044 0.0098 0.0381 0.0508 0.2177 0.1068 0.4902 0.0822 
 415 0.0057 0.0253 0.0224 0.0401 0.2464 0.3032 0.1936 0.1632 
 416 0.0062 0.0224 0.0588 0.0498 0.1654 0.2772 0.1725 0.2477 
 417 0.0058 0.0135 0.0177 0.0415 0.1602 0.4515 0.1882 0.1215 
 418 0.0078 0.0094 0.0189 0.0430 0.2049 0.1941 0.4186 0.1034 
 419 0.0118 0.0200 0.0463 0.0914 0.1434 0.2271 0.2025 0.2576 
 420 0.0044 0.0387 0.0228 0.0361 0.0786 0.3660 0.2813 0.1721 
 421 0.0068 0.0128 0.0198 0.0421 0.1158 0.3306 0.3405 0.1317 
 422 0.0070 0.0267 0.0238 0.0495 0.1098 0.3083 0.2618 0.2132 
 423 0.0087 0.0165 0.0198 0.0717 0.2384 0.2071 0.2886 0.1492 
 424 0.0086 0.0930 0.0503 0.0645 0.1115 0.2513 0.2792 0.1416 
 425 0.0208 0.0173 0.0789 0.0849 0.3342 0.1244 0.1743 0.1652 
 426 0.0348 0.0196 0.0578 0.0889 0.1728 0.2218 0.2541 0.1502 
 427 0.0048 0.0123 0.0151 0.1443 0.0942 0.5073 0.1357 0.0863 
 428 0.0218 0.0250 0.0199 0.0814 0.0915 0.3444 0.1492 0.2668 
 429 0.0063 0.0103 0.0154 0.0368 0.2126 0.3943 0.2308 0.0934 
 430 0.0053 0.0132 0.0186 0.0415 0.1356 0.4799 0.1913 0.1146 
 431 0.0104 0.0117 0.0339 0.0897 0.1776 0.1373 0.3811 0.1582 
 432 0.0058 0.0109 0.0206 0.0576 0.1390 0.1331 0.4796 0.1533 
 433 0.0100 0.0227 0.0195 0.1328 0.1335 0.0880 0.2894 0.3042 
 434 0.0059 0.0155 0.0268 0.0651 0.2684 0.1292 0.2181 0.2710 
 435 0.0045 0.0138 0.0148 0.0392 0.1047 0.5446 0.1901 0.0883 
 436 0.0061 0.0195 0.0171 0.0436 0.1110 0.5821 0.0888 0.1318 
 437 0.0076 0.0143 0.0149 0.0430 0.4840 0.1491 0.1881 0.0990 
 438 0.0054 0.0361 0.0201 0.0458 0.0696 0.4834 0.1540 0.1856 
 439 0.0051 0.0108 0.0164 0.0440 0.1034 0.6144 0.1013 0.1047 
 440 0.0042 0.0154 0.0191 0.0333 0.1658 0.5348 0.1457 0.0817 
 441 0.0053 0.0134 0.0204 0.0662 0.1537 0.4401 0.1382 0.1628 
 442 0.0067 0.0169 0.0520 0.0364 0.2333 0.2496 0.2755 0.1295 
 443 0.0046 0.0463 0.0284 0.0349 0.0865 0.5276 0.1654 0.1064 
 444 0.0060 0.0245 0.0488 0.0370 0.2460 0.2915 0.2237 0.1225 
 445 0.0462 0.0179 0.0187 0.0528 0.1007 0.4023 0.1108 0.2505 
 446 0.0512 0.0101 0.0180 0.0411 0.0821 0.5725 0.1323 0.0926 
 447 0.0062 0.0244 0.0539 0.0545 0.1272 0.4048 0.1408 0.1882 
 448 0.0052 0.0153 0.0200 0.0435 0.2194 0.3638 0.2217 0.1112 
 449 0.0054 0.0140 0.0211 0.0569 0.2287 0.3198 0.1824 0.1717 
 450 0.0086 0.0088 0.0255 0.0652 0.3910 0.2324 0.1353 0.1331 
 451 0.0052 0.0174 0.0204 0.0349 0.1384 0.1566 0.5436 0.0836 
 452 0.0059 0.0100 0.0182 0.0620 0.2441 0.3826 0.1320 0.1451 
 453 0.0048 0.0632 0.0415 0.0430 0.0942 0.2405 0.2369 0.2759 
 454 0.0049 0.0149 0.0172 0.0820 0.2182 0.3720 0.1505 0.1404 
 455 0.0045 0.0212 0.0183 0.0361 0.0998 0.5896 0.1302 0.1003 
 456 0.0057 0.0595 0.0233 0.0365 0.1516 0.4363 0.1797 0.1074 
 457 0.0063 0.0148 0.0163 0.0447 0.3349 0.3174 0.1576 0.1080 
 458 0.0499 0.0103 0.0180 0.0440 0.1128 0.5284 0.1204 0.1162 
 459 0.0049 0.0115 0.0182 0.0600 0.0900 0.5391 0.1182 0.1581 
 460 0.0046 0.0119 0.0175 0.0393 0.0922 0.6081 0.1376 0.0889 
 461 0.0078 0.0088 0.0195 0.0417 0.1651 0.4722 0.1957 0.0892 
 462 0.0079 0.0224 0.0908 0.0329 0.1918 0.3522 0.2177 0.0842 
 463 0.0044 0.1051 0.0176 0.0481 0.0928 0.3919 0.1573 0.1829 
 464 0.0041 0.0238 0.0157 0.0356 0.0869 0.5644 0.1724 0.0970 
 465 0.0083 0.0217 0.0206 0.0434 0.1106 0.3912 0.2827 0.1216 
 466 0.0041 0.0524 0.0164 0.0364 0.0912 0.4222 0.2522 0.1252 
 467 0.0053 0.0157 0.0231 0.0531 0.1397 0.4445 0.1690 0.1496 
 468 0.0052 0.0426 0.0160 0.0362 0.2019 0.4596 0.1375 0.1009 
 469 0.0046 0.0129 0.0161 0.0399 0.0928 0.6494 0.0979 0.0864 
 470 0.0046 0.0126 0.0136 0.0397 0.0830 0.6130 0.1486 0.0850 
 471 0.0062 0.0613 0.0574 0.0415 0.2167 0.2631 0.1889 0.1649 
 472 0.0068 0.0288 0.0272 0.0396 0.2122 0.3211 0.2147 0.1496 
 473 0.0053 0.0197 0.0176 0.0598 0.2322 0.2704 0.2377 0.1573 
 474 0.0050 0.0178 0.0190 0.0534 0.2120 0.3876 0.1286 0.1765 
 475 0.0054 0.0149 0.0194 0.0641 0.1037 0.3665 0.2436 0.1824 
 476 0.0077 0.0201 0.0172 0.0403 0.3002 0.3735 0.1174 0.1235 
 477 0.0074 0.0244 0.0433 0.0502 0.1266 0.3130 0.2759 0.1592 
 478 0.0084 0.0152 0.0489 0.0406 0.0948 0.3854 0.3202 0.0865 
 479 0.0044 0.0123 0.0180 0.0391 0.1823 0.5036 0.1511 0.0892 
 480 0.0058 0.0125 0.0149 0.0422 0.2884 0.4161 0.1147 0.1054 
 481 0.0057 0.0145 0.0466 0.0413 0.2970 0.1928 0.2630 0.1392 
 482 0.0058 0.0098 0.0145 0.0386 0.1962 0.4957 0.1487 0.0905 
 483 0.0055 0.0119 0.0177 0.0444 0.1034 0.5895 0.1187 0.1089 
 484 0.0052 0.0427 0.0266 0.0422 0.0839 0.5034 0.1708 0.1252 
 485 0.0051 0.0157 0.0163 0.0392 0.0866 0.6279 0.1184 0.0908 
 486 0.0104 0.0578 0.0875 0.0571 0.2080 0.1054 0.2786 0.1951 
 487 0.0096 0.0228 0.0608 0.1117 0.2842 0.0837 0.2096 0.2177 
 488 0.0086 0.0231 0.1198 0.1257 0.1666 0.0835 0.3292 0.1435 
 489 0.0081 0.0326 0.0301 0.0603 0.3143 0.0626 0.1841 0.3078 
 490 0.0064 0.0418 0.0405 0.0423 0.1906 0.1559 0.3994 0.1230 
 491 0.0078 0.0161 0.0958 0.0756 0.1604 0.0767 0.2154 0.3523 
 492 0.0048 0.0295 0.0764 0.1589 0.1062 0.1041 0.2593 0.2607 
 493 0.0095 0.0333 0.1335 0.1101 0.2548 0.0610 0.2740 0.1238 
 494 0.0288 0.0182 0.0664 0.0606 0.2281 0.0864 0.1740 0.3376 
 495 0.0298 0.0454 0.1592 0.1194 0.1482 0.0922 0.2235 0.1822 
 496 0.0057 0.0211 0.0165 0.0887 0.1152 0.1095 0.2007 0.4427 
 497 0.0154 0.0241 0.1590 0.1472 0.2005 0.0689 0.1842 0.2008 
 498 0.0097 0.0327 0.1003 0.0409 0.2193 0.0948 0.2789 0.2234 
 499 0.0243 0.0276 0.0363 0.1460 0.2120 0.0765 0.1625 0.3148 
 500 0.0132 0.0238 0.0278 0.0756 0.4138 0.0790 0.1720 0.1948 
 501 0.0101 0.0103 0.0283 0.0796 0.2561 0.1209 0.1801 0.3146 
 502 0.0075 0.0092 0.0652 0.1012 0.1482 0.1246 0.2466 0.2975 
 503 0.0066 0.0162 0.0211 0.0490 0.3713 0.1376 0.2648 0.1335 
 504 0.0083 0.0232 0.1297 0.0476 0.1158 0.1110 0.3983 0.1661 
 505 0.0085 0.0221 0.0552 0.0557 0.1445 0.0771 0.2508 0.3861 
 506 0.0062 0.0116 0.0748 0.0795 0.1236 0.1061 0.2706 0.3277 
 507 0.0068 0.0226 0.0162 0.1358 0.0770 0.0682 0.1170 0.5565 
 508 0.0147 0.0472 0.0302 0.2012 0.0910 0.0611 0.1421 0.4125 
 509 0.0067 0.0188 0.0340 0.1011 0.1135 0.0893 0.2165 0.4201 
 510 0.0174 0.0162 0.0257 0.1257 0.2807 0.0693 0.1722 0.2929 
 511 0.0101 0.0152 0.0540 0.0446 0.2591 0.2307 0.1809 0.2054 
 512 0.0070 0.0101 0.0362 0.0398 0.4332 0.1799 0.1766 0.1172 
 513 0.0058 0.0325 0.4860 0.0653 0.0629 0.0534 0.1555 0.1387 
 514 0.0074 0.0115 0.0252 0.0859 0.0967 0.1395 0.4853 0.1485 
 515 0.0114 0.0398 0.0293 0.1405 0.1509 0.2587 0.1696 0.1998 
 516 0.0085 0.0277 0.0261 0.0507 0.0921 0.0932 0.4835 0.2181 
 517 0.0069 0.0380 0.0201 0.0989 0.0941 0.2419 0.2491 0.2511 
 518 0.0595 0.0113 0.0214 0.1535 0.2718 0.0782 0.1877 0.2166 
 519 0.0056 0.0132 0.0372 0.0551 0.0974 0.1644 0.4220 0.2051 
 520 0.0065 0.0552 0.0183 0.1182 0.0929 0.2413 0.1282 0.3394 
 521 0.0050 0.0147 0.0184 0.2778 0.0886 0.0915 0.3315 0.1723 
 522 0.0235 0.1349 0.0270 0.0734 0.2839 0.1384 0.1927 0.1262 
 523 0.0078 0.0821 0.0190 0.1071 0.0787 0.1800 0.2035 0.3218 
 524 0.0076 0.0396 0.0168 0.1025 0.1049 0.3521 0.2195 0.1570 
 525 0.0815 0.0227 0.0176 0.1211 0.1489 0.1668 0.1454 0.2960 
 526 0.0051 0.0736 0.0158 0.0513 0.0779 0.3625 0.1492 0.2646 
 527 0.0685 0.0103 0.0463 0.0715 0.2830 0.1087 0.2834 0.1284 
 528 0.0044 0.0172 0.0180 0.3814 0.0969 0.0693 0.2426 0.1702 
 529 0.0792 0.0173 0.0297 0.0940 0.1167 0.0929 0.3336 0.2364 
 530 0.0063 0.0259 0.0397 0.0758 0.3033 0.1808 0.1616 0.2066 
 531 0.0062 0.0187 0.0224 0.3011 0.1222 0.2278 0.1420 0.1597 
 532 0.0137 0.0287 0.0263 0.2747 0.1935 0.0671 0.2705 0.1256 
 533 0.0623 0.0300 0.0221 0.0812 0.2083 0.1638 0.2563 0.1761 
 534 0.0741 0.0558 0.0480 0.1137 0.0694 0.0715 0.3043 0.2632 
 535 0.0049 0.0401 0.0207 0.0507 0.0895 0.2788 0.2532 0.2621 
 536 0.0059 0.0159 0.0282 0.0619 0.1174 0.2213 0.1912 0.3582 
 537 0.0057 0.0196 0.0339 0.0593 0.1073 0.1004 0.1543 0.5196 
 538 0.0046 0.0247 0.0206 0.0584 0.1244 0.1210 0.2055 0.4408 
 539 0.0043 0.0123 0.0188 0.0836 0.0914 0.0567 0.1238 0.6092 
 540 0.0058 0.0375 0.0212 0.1888 0.1497 0.1434 0.2305 0.2231 
 541 0.0072 0.0241 0.0325 0.2370 0.1337 0.1592 0.1338 0.2725 
 542 0.0055 0.0331 0.0456 0.0432 0.1189 0.2750 0.1761 0.3026 
 543 0.0076 0.1108 0.0452 0.1557 0.0843 0.1868 0.2200 0.1896 
 544 0.0045 0.0823 0.0247 0.0676 0.1096 0.2108 0.1790 0.3215 
 545 0.0052 0.1000 0.0432 0.0381 0.0924 0.3214 0.2285 0.1713 
 546 0.0052 0.0282 0.0594 0.0807 0.1339 0.1482 0.1837 0.3608 
 547 0.0052 0.1240 0.0329 0.0583 0.0769 0.1845 0.1469 0.3712 
 548 0.0052 0.0110 0.0250 0.0947 0.1379 0.0689 0.2362 0.4212 
 549 0.0063 0.0171 0.0218 0.0651 0.0787 0.2321 0.1021 0.4768 
 550 0.0043 0.0465 0.0290 0.0406 0.1033 0.3477 0.1615 0.2670 
 551 0.0068 0.0151 0.0221 0.0958 0.0936 0.1391 0.1214 0.5062 
 552 0.0049 0.0226 0.0200 0.0626 0.1234 0.0883 0.1898 0.4884 
 553 0.0076 0.1928 0.0479 0.0927 0.0749 0.1194 0.1658 0.2989 
 554 0.0087 0.0294 0.0258 0.1629 0.2412 0.1419 0.2419 0.1482 
 555 0.0059 0.0226 0.0551 0.0727 0.1162 0.0878 0.1565 0.4832 
 556 0.0051 0.0166 0.0234 0.0568 0.1213 0.1076 0.2156 0.4536 
 557 0.0046 0.0236 0.0282 0.0691 0.0993 0.3954 0.1717 0.2080 
 558 0.0059 0.0091 0.0146 0.0397 0.1799 0.5316 0.1296 0.0896 
 559 0.0061 0.0269 0.0193 0.0498 0.1322 0.1028 0.4755 0.1874 
 560 0.0047 0.0107 0.0336 0.0320 0.0847 0.3942 0.3555 0.0846 
 561 0.0054 0.0185 0.0334 0.0404 0.1510 0.2960 0.3505 0.1048 
 562 0.0055 0.0358 0.0332 0.0323 0.1817 0.1675 0.4557 0.0882 
 563 0.0101 0.0186 0.0527 0.0618 0.0942 0.2566 0.2376 0.2684 
 564 0.0077 0.0481 0.0225 0.0755 0.1388 0.0977 0.4773 0.1323 
 565 0.0051 0.0101 0.0169 0.0422 0.2200 0.4530 0.1409 0.1119 
 566 0.0041 0.0121 0.0251 0.0343 0.1641 0.3513 0.3254 0.0836 
 567 0.0055 0.0170 0.0259 0.0415 0.1479 0.0807 0.5517 0.1299 
 568 0.0053 0.0197 0.0160 0.0521 0.1023 0.2429 0.4044 0.1573 
 569 0.0070 0.0794 0.0201 0.0731 0.2800 0.1711 0.2482 0.1210 
 570 0.0070 0.0120 0.0145 0.0376 0.4395 0.1815 0.2232 0.0848 
 571 0.0051 0.0147 0.0177 0.0515 0.0944 0.2172 0.4877 0.1115 
 572 0.0043 0.1079 0.0326 0.0607 0.1543 0.1378 0.1361 0.3662 
 573 0.0070 0.0435 0.0181 0.0656 0.1161 0.2003 0.4086 0.1407 
 574 0.0062 0.0200 0.0209 0.0863 0.3940 0.1327 0.1390 0.2009 
 575 0.0054 0.0114 0.0194 0.0611 0.1006 0.2344 0.3383 0.2294 
 576 0.0050 0.0114 0.0465 0.0371 0.1893 0.2449 0.3843 0.0813 
 577 0.0074 0.0128 0.0213 0.0615 0.3560 0.1312 0.1682 0.2415 
 578 0.0053 0.0174 0.0367 0.0503 0.1417 0.2674 0.3552 0.1260 
 579 0.0058 0.0171 0.0500 0.0549 0.1917 0.2685 0.3047 0.1073 
 580 0.0054 0.0113 0.0183 0.0582 0.3077 0.2569 0.1778 0.1644 
 581 0.0050 0.0114 0.0177 0.0540 0.2055 0.3609 0.2136 0.1319 
 582 0.0060 0.0255 0.0167 0.0348 0.2021 0.3692 0.2389 0.1070 
 583 0.0586 0.0162 0.0208 0.0549 0.1654 0.1988 0.3745 0.1108 
 584 0.0068 0.0116 0.0224 0.0409 0.2199 0.2023 0.4016 0.0946 
 585 0.0058 0.0144 0.0463 0.0410 0.1650 0.3110 0.3023 0.1142 
 586 0.0054 0.0175 0.0228 0.0477 0.0964 0.2399 0.3892 0.1812 
 587 0.0081 0.0344 0.0252 0.0352 0.2932 0.1239 0.3652 0.1148 
 588 0.0079 0.1913 0.0409 0.0653 0.0794 0.0674 0.3840 0.1638 
 589 0.0053 0.0557 0.0196 0.0443 0.2617 0.2894 0.2307 0.0934 
 590 0.0057 0.0152 0.0284 0.0460 0.1559 0.0825 0.5606 0.1057 
 591 0.0053 0.0106 0.0184 0.0521 0.1052 0.1549 0.5332 0.1202 
 592 0.0042 0.0240 0.0201 0.0380 0.1156 0.2174 0.4506 0.1302 
 593 0.0051 0.0164 0.0165 0.0618 0.1202 0.2615 0.3440 0.1744 
 594 0.0481 0.0189 0.0275 0.1064 0.1205 0.1469 0.3802 0.1516 
 595 0.0069 0.0095 0.0816 0.0357 0.4623 0.0934 0.2120 0.0987 
 596 0.0043 0.0464 0.0273 0.0701 0.1571 0.1651 0.3684 0.1614 
 597 0.0087 0.0362 0.0217 0.2000 0.0777 0.1356 0.3990 0.1211 
 598 0.0067 0.0114 0.0144 0.0396 0.4514 0.2374 0.1541 0.0850 
 599 0.0057 0.0203 0.0171 0.0351 0.1587 0.1896 0.4833 0.0902 
 600 0.0045 0.0207 0.0208 0.0688 0.2728 0.2728 0.1598 0.1797 
 601 0.0043 0.0195 0.0207 0.0331 0.1647 0.3647 0.2836 0.1094 
 602 0.0067 0.0111 0.0339 0.0800 0.1517 0.1134 0.2985 0.3048 
 603 0.0051 0.0132 0.0247 0.0901 0.1443 0.0915 0.4009 0.2301 
 604 0.0108 0.0140 0.0420 0.0887 0.2175 0.3036 0.1681 0.1553 
 605 0.0055 0.0221 0.0291 0.0535 0.1537 0.2196 0.3723 0.1442 
 606 0.0075 0.0197 0.0235 0.0809 0.2054 0.1270 0.2718 0.2643 
 607 0.0064 0.0113 0.0232 0.1141 0.2532 0.1653 0.1530 0.2735 
 608 0.0052 0.0145 0.0158 0.2710 0.0915 0.2312 0.1441 0.2267 
 609 0.0080 0.0197 0.0267 0.0471 0.2896 0.2287 0.1823 0.1978 
 610 0.0055 0.0249 0.0267 0.0531 0.1333 0.4123 0.1950 0.1492 
 611 0.0071 0.0202 0.0238 0.0921 0.1155 0.1325 0.3571 0.2519 
 612 0.0124 0.0193 0.0194 0.0471 0.2221 0.4319 0.1238 0.1240 
 613 0.0326 0.0353 0.0278 0.0672 0.2820 0.1618 0.2177 0.1756 
 614 0.0060 0.0114 0.0285 0.0395 0.5262 0.1438 0.1184 0.1262 
 615 0.0054 0.0113 0.0196 0.0645 0.2681 0.2675 0.1649 0.1988 
 616 0.0050 0.0098 0.0201 0.0986 0.3245 0.1140 0.2352 0.1928 
 617 0.0118 0.0333 0.1006 0.0546 0.3672 0.1382 0.1918 0.1024 
 618 0.0121 0.0185 0.0399 0.2184 0.1479 0.2912 0.1299 0.1420 
 619 0.0043 0.0353 0.0157 0.0810 0.1361 0.2208 0.2988 0.2081 
 620 0.0043 0.0270 0.0212 0.0334 0.0925 0.1851 0.5372 0.0993 
 621 0.0084 0.0109 0.0253 0.0462 0.2609 0.2083 0.3232 0.1169 
 622 0.0137 0.0302 0.0904 0.1015 0.2814 0.1393 0.1774 0.1660 
 623 0.0046 0.0163 0.0220 0.0473 0.1779 0.1407 0.4624 0.1288 
 624 0.0073 0.0136 0.0163 0.2036 0.1199 0.3516 0.1581 0.1296 
 625 0.0129 0.0145 0.0553 0.1253 0.3045 0.1546 0.1774 0.1555 
 626 0.0198 0.0405 0.0170 0.1973 0.0929 0.2189 0.1157 0.2979 
 627 0.0045 0.0207 0.0273 0.0632 0.2576 0.1474 0.3048 0.1745 
 628 0.0052 0.0157 0.0512 0.0692 0.2174 0.1322 0.3153 0.1940 
 629 0.0055 0.0096 0.0330 0.0633 0.2639 0.1056 0.3338 0.1854 
 630 0.0127 0.0179 0.0287 0.0606 0.2385 0.2632 0.2315 0.1469 
 631 0.0048 0.0117 0.0200 0.0585 0.3479 0.1529 0.2333 0.1709 
 632 0.0051 0.0133 0.0318 0.1106 0.1929 0.1126 0.1789 0.3548 
 633 0.0061 0.0121 0.0289 0.1006 0.2238 0.3044 0.1322 0.1919 
 634 0.0054 0.0393 0.0172 0.1082 0.1820 0.1699 0.1903 0.2877 
 635 0.0047 0.0146 0.0174 0.1223 0.1845 0.1137 0.1412 0.4017 
 636 0.0073 0.0135 0.0206 0.1697 0.1835 0.2448 0.2077 0.1528 
 637 0.0052 0.0364 0.0343 0.0557 0.1403 0.1955 0.1796 0.3531 
 638 0.0060 0.0116 0.0219 0.0860 0.2129 0.1062 0.3546 0.2008 
 639 0.0059 0.0133 0.0307 0.0905 0.3590 0.1744 0.1403 0.1858 
 640 0.0061 0.0097 0.0511 0.0755 0.2053 0.2061 0.3226 0.1236 
 641 0.0090 0.0131 0.0249 0.0669 0.3481 0.1033 0.2501 0.1846 
 642 0.0055 0.0198 0.0206 0.1278 0.1022 0.1424 0.1591 0.4226 
 643 0.0056 0.0108 0.0205 0.3792 0.0901 0.1284 0.1387 0.2268 
 644 0.0053 0.0172 0.0216 0.3165 0.0913 0.1063 0.1936 0.2481 
 645 0.0105 0.0141 0.0285 0.2251 0.0894 0.2309 0.0950 0.3066 
