   1 0.0464 0.1871 0.1318 0.2528 0.3819 
   2 0.1241 0.0323 0.1513 0.0769 0.6154 
   3 0.0191 0.0993 0.0830 0.4928 0.3059 
   4 0.0356 0.5392 0.1161 0.0648 0.2444 
   5 0.3546 0.0319 0.1452 0.0899 0.3783 
   6 0.0487 0.0351 0.0752 0.7480 0.0930 
   7 0.1125 0.0400 0.5840 0.1890 0.0745 
   8 0.0601 0.3211 0.1625 0.2824 0.1739 
   9 0.0441 0.0638 0.1795 0.3010 0.4117 
  10 0.1283 0.1472 0.2396 0.3706 0.1142 
  11 0.0369 0.0369 0.6046 0.2253 0.0963 
  12 0.2268 0.0533 0.1612 0.1034 0.4553 
  13 0.2571 0.0634 0.2716 0.1740 0.2339 
  14 0.0470 0.0575 0.0970 0.1326 0.6659 
  15 0.0739 0.1618 0.1656 0.1385 0.4601 
  16 0.0446 0.0553 0.1476 0.6127 0.1398 
  17 0.3495 0.0498 0.1208 0.2352 0.2447 
  18 0.0581 0.0706 0.0919 0.3855 0.3938 
  19 0.0764 0.0484 0.1385 0.5602 0.1765 
  20 0.0602 0.0603 0.2374 0.1924 0.4499 
  21 0.0353 0.1302 0.0907 0.1477 0.5961 
  22 0.0523 0.0652 0.0747 0.6744 0.1333 
  23 0.0804 0.1396 0.1318 0.0850 0.5632 
  24 0.0425 0.1427 0.1007 0.3843 0.3298 
  25 0.1966 0.0279 0.3793 0.2441 0.1522 
  26 0.1658 0.0928 0.1017 0.2642 0.3756 
  27 0.1811 0.0848 0.1801 0.2807 0.2734 
  28 0.0853 0.2826 0.2205 0.2285 0.1831 
  29 0.0416 0.0459 0.3380 0.1233 0.4513 
  30 0.0293 0.0475 0.0657 0.6752 0.1823 
  31 0.1864 0.1124 0.2156 0.1803 0.3053 
  32 0.0360 0.1160 0.1428 0.2252 0.4800 
  33 0.0143 0.1038 0.1462 0.4033 0.3324 
  34 0.0846 0.0659 0.3883 0.3792 0.0819 
  35 0.0971 0.0332 0.0930 0.2963 0.4804 
  36 0.0129 0.0349 0.0605 0.3050 0.5867 
  37 0.0360 0.1142 0.1732 0.1274 0.5492 
  38 0.0185 0.0259 0.1079 0.6821 0.1655 
  39 0.0328 0.0445 0.2025 0.4442 0.2760 
  40 0.0338 0.0927 0.0562 0.1622 0.6552 
  41 0.0186 0.0339 0.1139 0.3119 0.5216 
  42 0.0172 0.2344 0.0660 0.1803 0.5022 
  43 0.0255 0.0502 0.1191 0.0673 0.7379 
  44 0.0199 0.0280 0.0856 0.2213 0.6451 
  45 0.0246 0.0254 0.1045 0.2611 0.5844 
  46 0.0585 0.0360 0.1539 0.4569 0.2947 
  47 0.0994 0.0511 0.1376 0.3387 0.3733 
  48 0.0345 0.0287 0.0496 0.2147 0.6725 
  49 0.0429 0.0456 0.1349 0.3056 0.4710 
  50 0.0423 0.0853 0.2711 0.4128 0.1885 
  51 0.0108 0.0272 0.0455 0.1074 0.8091 
  52 0.0395 0.0594 0.1896 0.4725 0.2391 
  53 0.0142 0.0555 0.0917 0.7126 0.1260 
  54 0.0744 0.0494 0.1336 0.0857 0.6569 
  55 0.0363 0.0335 0.0855 0.0676 0.7771 
  56 0.0418 0.0465 0.0502 0.3100 0.5514 
  57 0.3836 0.1323 0.1329 0.1886 0.1627 
  58 0.0333 0.0432 0.1178 0.1250 0.6807 
  59 0.0408 0.0414 0.1011 0.3392 0.4776 
  60 0.0164 0.0685 0.0610 0.0974 0.7568 
  61 0.0143 0.0485 0.0656 0.0355 0.8361 
  62 0.3266 0.0391 0.1043 0.2566 0.2734 
  63 0.0154 0.0703 0.2531 0.1152 0.5461 
  64 0.0355 0.0302 0.0894 0.6648 0.1802 
  65 0.0281 0.0229 0.7110 0.0913 0.1466 
  66 0.0187 0.0720 0.1231 0.0620 0.7242 
  67 0.0259 0.0295 0.1401 0.0663 0.7382 
  68 0.0396 0.0506 0.0967 0.3107 0.5024 
  69 0.0480 0.1359 0.2000 0.4649 0.1512 
  70 0.0118 0.0406 0.1543 0.1439 0.6494 
  71 0.0256 0.0214 0.0975 0.2348 0.6206 
  72 0.0157 0.0304 0.1140 0.4711 0.3689 
  73 0.0300 0.0246 0.1370 0.0671 0.7413 
  74 0.0149 0.0723 0.0561 0.3601 0.4965 
  75 0.0179 0.0559 0.0403 0.1490 0.7370 
  76 0.0172 0.0385 0.3569 0.1000 0.4873 
  77 0.0192 0.0322 0.1458 0.3048 0.4981 
  78 0.0177 0.0378 0.0968 0.4531 0.3946 
  79 0.0592 0.0387 0.6450 0.1428 0.1144 
  80 0.0228 0.5159 0.1751 0.0941 0.1920 
  81 0.0303 0.3793 0.2646 0.1302 0.1956 
  82 0.0478 0.0723 0.2300 0.0740 0.5759 
  83 0.0180 0.2033 0.2327 0.2049 0.3411 
  84 0.0230 0.1941 0.3822 0.1458 0.2549 
  85 0.0323 0.2431 0.1367 0.2386 0.3492 
  86 0.0755 0.0348 0.2126 0.1454 0.5316 
  87 0.0240 0.0424 0.6418 0.1058 0.1861 
  88 0.0308 0.1728 0.2838 0.0768 0.4358 
  89 0.0248 0.2049 0.1727 0.0731 0.5246 
  90 0.0302 0.0499 0.6862 0.0732 0.1605 
  91 0.0192 0.4209 0.1048 0.1272 0.3279 
  92 0.0652 0.0758 0.4173 0.1289 0.3128 
  93 0.0158 0.7837 0.0567 0.0471 0.0968 
  94 0.0135 0.0362 0.6459 0.2127 0.0918 
  95 0.0188 0.1155 0.5721 0.0533 0.2403 
  96 0.0146 0.0908 0.0705 0.0383 0.7858 
  97 0.0252 0.0698 0.0498 0.2041 0.6510 
  98 0.0229 0.0474 0.1092 0.1183 0.7021 
  99 0.0237 0.1724 0.4593 0.1036 0.2409 
 100 0.0256 0.3612 0.0580 0.0399 0.5153 
 101 0.0286 0.0507 0.2833 0.0847 0.5527 
 102 0.0254 0.2628 0.2397 0.0908 0.3813 
 103 0.0190 0.0813 0.2988 0.0502 0.5508 
 104 0.0267 0.0656 0.6967 0.0582 0.1528 
 105 0.0337 0.0897 0.5313 0.0437 0.3016 
 106 0.0192 0.0195 0.6892 0.1783 0.0938 
 107 0.0221 0.0958 0.5407 0.0524 0.2889 
 108 0.0236 0.0283 0.0805 0.1405 0.7270 
 109 0.1251 0.0201 0.5176 0.1750 0.1621 
 110 0.0141 0.0221 0.7198 0.1601 0.0839 
 111 0.0230 0.0286 0.8218 0.0412 0.0855 
 112 0.0361 0.0214 0.7859 0.0695 0.0870 
 113 0.0275 0.0458 0.1478 0.1253 0.6536 
 114 0.0304 0.0845 0.6826 0.0543 0.1483 
 115 0.0378 0.0379 0.5798 0.0617 0.2828 
 116 0.0350 0.0208 0.4179 0.2316 0.2947 
 117 0.0244 0.0300 0.7240 0.1129 0.1086 
 118 0.0746 0.0292 0.3482 0.0727 0.4753 
 119 0.0119 0.1121 0.1230 0.0617 0.6914 
 120 0.0611 0.0398 0.6370 0.0748 0.1873 
 121 0.0472 0.0269 0.6109 0.0673 0.2477 
 122 0.0244 0.0273 0.6861 0.1534 0.1088 
 123 0.0173 0.0376 0.7173 0.0814 0.1464 
 124 0.0234 0.0278 0.4737 0.2649 0.2102 
 125 0.0286 0.0403 0.3308 0.4317 0.1685 
 126 0.0155 0.0455 0.5533 0.1454 0.2402 
 127 0.0208 0.0311 0.8065 0.0398 0.1018 
 128 0.0531 0.0302 0.3900 0.0565 0.4703 
 129 0.0305 0.0234 0.6632 0.0424 0.2405 
 130 0.0377 0.1027 0.6354 0.0598 0.1645 
 131 0.0230 0.0240 0.3939 0.3692 0.1898 
 132 0.0249 0.0217 0.7122 0.1020 0.1391 
 133 0.0290 0.0400 0.7218 0.0513 0.1579 
 134 0.0144 0.0163 0.8180 0.0896 0.0618 
 135 0.0604 0.2755 0.0513 0.0531 0.5598 
 136 0.0741 0.7410 0.0361 0.0547 0.0941 
 137 0.0211 0.7726 0.0799 0.0405 0.0859 
 138 0.0183 0.7740 0.0403 0.0609 0.1065 
 139 0.0252 0.1029 0.0493 0.0579 0.7647 
 140 0.0251 0.4585 0.1282 0.1094 0.2789 
 141 0.0623 0.6463 0.0462 0.1131 0.1321 
 142 0.0310 0.3669 0.0499 0.0468 0.5053 
 143 0.0140 0.8293 0.0338 0.0346 0.0883 
 144 0.0211 0.7764 0.0751 0.0356 0.0919 
 145 0.1828 0.3786 0.0503 0.1418 0.2465 
 146 0.0478 0.4310 0.1404 0.1044 0.2765 
 147 0.0179 0.8435 0.0342 0.0382 0.0661 
 148 0.0482 0.5623 0.0934 0.0731 0.2230 
 149 0.0280 0.6628 0.0406 0.0649 0.2038 
 150 0.0331 0.5800 0.1559 0.0563 0.1747 
 151 0.0193 0.7483 0.0549 0.0434 0.1340 
 152 0.0655 0.4417 0.0691 0.1040 0.3197 
 153 0.0178 0.6773 0.0587 0.0785 0.1677 
 154 0.1268 0.6368 0.0412 0.0546 0.1406 
 155 0.0155 0.7940 0.0539 0.0415 0.0952 
 156 0.0166 0.5450 0.0658 0.0354 0.3372 
 157 0.0127 0.6531 0.1594 0.0644 0.1105 
 158 0.1703 0.4818 0.0467 0.1323 0.1688 
 159 0.0250 0.8288 0.0343 0.0362 0.0757 
 160 0.0373 0.8033 0.0343 0.0377 0.0874 
 161 0.0188 0.5412 0.0783 0.0941 0.2677 
 162 0.0852 0.3300 0.1271 0.1129 0.3449 
 163 0.0140 0.7954 0.0463 0.0376 0.1068 
 164 0.2026 0.3896 0.1337 0.0787 0.1953 
 165 0.0282 0.6684 0.1333 0.0455 0.1245 
 166 0.0166 0.4606 0.1653 0.0913 0.2661 
 167 0.3218 0.4967 0.0585 0.0561 0.0669 
 168 0.0192 0.6396 0.0513 0.1012 0.1888 
 169 0.1414 0.2316 0.0410 0.4242 0.1618 
 170 0.0143 0.3927 0.0635 0.0461 0.4834 
 171 0.0568 0.4096 0.0855 0.1011 0.3470 
 172 0.0246 0.3943 0.0387 0.2063 0.3362 
 173 0.0295 0.7492 0.0382 0.0392 0.1439 
 174 0.0182 0.7933 0.0542 0.0469 0.0874 
 175 0.0311 0.7770 0.0367 0.0539 0.1012 
 176 0.0197 0.7771 0.0758 0.0370 0.0904 
 177 0.0218 0.4991 0.1790 0.1317 0.1683 
 178 0.0407 0.7184 0.0615 0.0796 0.0998 
 179 0.0143 0.8280 0.0365 0.0405 0.0807 
 180 0.0666 0.5709 0.0838 0.0964 0.1823 
 181 0.0555 0.3967 0.0475 0.0758 0.4244 
 182 0.0937 0.5611 0.0419 0.0371 0.2662 
 183 0.0195 0.7810 0.0376 0.0428 0.1191 
 184 0.0824 0.0313 0.1020 0.1262 0.6581 
 185 0.0172 0.5795 0.0357 0.0339 0.3338 
 186 0.0307 0.0327 0.3257 0.1022 0.5087 
 187 0.0264 0.1302 0.0724 0.0647 0.7063 
 188 0.0336 0.0245 0.3450 0.0748 0.5221 
 189 0.0291 0.1643 0.0747 0.3247 0.4072 
 190 0.0148 0.0776 0.0349 0.0276 0.8452 
 191 0.0616 0.0452 0.0940 0.0572 0.7420 
 192 0.0195 0.1229 0.1331 0.0684 0.6560 
 193 0.0534 0.0977 0.0825 0.0904 0.6759 
 194 0.0273 0.0998 0.1288 0.0581 0.6859 
 195 0.0167 0.1559 0.0409 0.0349 0.7515 
 196 0.0140 0.0696 0.0538 0.0388 0.8238 
 197 0.0616 0.0751 0.1334 0.1786 0.5512 
 198 0.0281 0.0903 0.1738 0.1579 0.5500 
 199 0.0253 0.0550 0.0515 0.0453 0.8228 
 200 0.0425 0.0685 0.0790 0.1074 0.7026 
 201 0.0169 0.3304 0.0491 0.0430 0.5605 
 202 0.0187 0.2424 0.0538 0.0355 0.6496 
 203 0.0310 0.2454 0.0467 0.0357 0.6412 
 204 0.0191 0.0541 0.0454 0.0314 0.8499 
 205 0.0229 0.0428 0.0600 0.0535 0.8208 
 206 0.0352 0.0656 0.0510 0.0400 0.8083 
 207 0.0249 0.0343 0.0676 0.0352 0.8380 
 208 0.0215 0.1297 0.0502 0.0378 0.7608 
 209 0.0432 0.0597 0.0835 0.0607 0.7529 
 210 0.0167 0.0744 0.0700 0.0386 0.8004 
 211 0.0628 0.0675 0.0788 0.0330 0.7578 
 212 0.0259 0.3489 0.0509 0.0641 0.5101 
 213 0.0139 0.0418 0.1167 0.0565 0.7710 
 214 0.0229 0.2819 0.0450 0.0402 0.6101 
 215 0.0275 0.0319 0.0712 0.0504 0.8191 
 216 0.0711 0.0427 0.1177 0.1364 0.6321 
 217 0.0189 0.2044 0.0406 0.0544 0.6816 
 218 0.0273 0.0541 0.0678 0.0569 0.7939 
 219 0.0870 0.1434 0.0831 0.2083 0.4781 
 220 0.0234 0.0388 0.0647 0.0363 0.8368 
 221 0.0152 0.3719 0.0327 0.0313 0.5490 
 222 0.0556 0.0701 0.1243 0.2098 0.5401 
 223 0.0276 0.2136 0.0723 0.0918 0.5947 
 224 0.0386 0.1490 0.0542 0.0404 0.7178 
 225 0.0208 0.0552 0.0542 0.0432 0.8266 
 226 0.0325 0.0713 0.0557 0.1678 0.6727 
 227 0.0214 0.0880 0.0536 0.0369 0.8002 
 228 0.0181 0.1211 0.0367 0.0320 0.7920 
 229 0.0252 0.1810 0.0680 0.0433 0.6825 
 230 0.0268 0.0971 0.0555 0.0356 0.7850 
 231 0.0512 0.1664 0.0704 0.0678 0.6442 
 232 0.0261 0.0879 0.0837 0.0727 0.7297 
 233 0.0255 0.4333 0.0475 0.0435 0.4502 
 234 0.0365 0.1166 0.1347 0.1118 0.6004 
 235 0.0231 0.1400 0.0567 0.0874 0.6928 
 236 0.0318 0.1792 0.0586 0.0566 0.6738 
 237 0.0554 0.0425 0.0674 0.0427 0.7920 
 238 0.0172 0.3023 0.0698 0.0495 0.5612 
 239 0.0162 0.1549 0.0415 0.0348 0.7525 
 240 0.0162 0.2960 0.0704 0.0498 0.5676 
 241 0.0237 0.2833 0.0502 0.0465 0.5964 
 242 0.0358 0.0852 0.0917 0.1428 0.6445 
 243 0.0175 0.0712 0.0398 0.0309 0.8407 
 244 0.0259 0.1705 0.0466 0.0354 0.7217 
 245 0.0123 0.5710 0.0523 0.0405 0.3239 
 246 0.0186 0.2047 0.0409 0.0538 0.6820 
 247 0.0150 0.0283 0.3583 0.0969 0.5016 
 248 0.0422 0.0296 0.1048 0.0490 0.7744 
 249 0.0219 0.1483 0.0524 0.0383 0.7391 
 250 0.0297 0.1075 0.0706 0.0537 0.7385 
 251 0.0579 0.0559 0.1067 0.1962 0.5833 
 252 0.0184 0.0960 0.0592 0.0531 0.7733 
 253 0.0236 0.0403 0.1181 0.0851 0.7329 
 254 0.0536 0.0703 0.1018 0.1289 0.6455 
 255 0.0399 0.1112 0.1017 0.0874 0.6599 
 256 0.0207 0.1161 0.0490 0.0467 0.7675 
 257 0.0473 0.0732 0.0781 0.0497 0.7516 
 258 0.0243 0.0529 0.1232 0.0675 0.7322 
 259 0.0496 0.0543 0.0753 0.0507 0.7702 
 260 0.0574 0.1931 0.1078 0.1505 0.4912 
 261 0.0180 0.1564 0.0501 0.0516 0.7239 
 262 0.0172 0.1268 0.0338 0.0346 0.7876 
 263 0.0613 0.0384 0.0789 0.0592 0.7622 
 264 0.0709 0.0246 0.1054 0.4460 0.3532 
 265 0.0280 0.0994 0.0636 0.0896 0.7193 
 266 0.0166 0.3995 0.0349 0.0325 0.5165 
 267 0.0621 0.1027 0.0881 0.0686 0.6785 
 268 0.0147 0.0706 0.0533 0.0387 0.8228 
 269 0.0429 0.1571 0.0867 0.2732 0.4401 
 270 0.0784 0.0443 0.1211 0.1124 0.6438 
 271 0.0287 0.0446 0.0816 0.0574 0.7876 
 272 0.0283 0.0461 0.0573 0.1116 0.7567 
 273 0.1192 0.1558 0.0884 0.1184 0.5181 
 274 0.0382 0.0609 0.0716 0.0976 0.7318 
 275 0.0569 0.0854 0.0562 0.1043 0.6972 
 276 0.0361 0.0398 0.0628 0.0931 0.7682 
 277 0.0246 0.1489 0.0742 0.0929 0.6595 
 278 0.0271 0.0403 0.0582 0.0483 0.8261 
 279 0.0285 0.0815 0.0667 0.0681 0.7552 
 280 0.0284 0.0698 0.0567 0.1360 0.7091 
 281 0.0300 0.0599 0.0963 0.0682 0.7455 
 282 0.0270 0.3345 0.0719 0.0820 0.4846 
 283 0.0207 0.3819 0.0689 0.0506 0.4779 
 284 0.0224 0.1263 0.1057 0.0613 0.6844 
 285 0.0257 0.0208 0.0964 0.0636 0.7936 
 286 0.0269 0.1633 0.0470 0.0346 0.7282 
 287 0.0305 0.1069 0.0881 0.1424 0.6321 
 288 0.0280 0.0448 0.0582 0.1048 0.7642 
 289 0.0252 0.0713 0.1289 0.1085 0.6661 
 290 0.0279 0.0421 0.0547 0.1860 0.6892 
 291 0.0277 0.0445 0.0797 0.0587 0.7894 
 292 0.0198 0.0747 0.0489 0.0982 0.7584 
 293 0.0308 0.0414 0.0932 0.3129 0.5217 
 294 0.0488 0.0313 0.0720 0.0646 0.7833 
 295 0.0620 0.0908 0.0872 0.1455 0.6144 
 296 0.0239 0.0402 0.0656 0.0449 0.8254 
 297 0.0276 0.0475 0.0708 0.1549 0.6992 
 298 0.0256 0.2013 0.0906 0.0753 0.6073 
 299 0.0519 0.0456 0.1101 0.0836 0.7088 
 300 0.0250 0.0293 0.0621 0.0484 0.8353 
 301 0.1173 0.0456 0.0840 0.1652 0.5879 
 302 0.0529 0.0344 0.0631 0.0611 0.7885 
 303 0.0248 0.1409 0.0542 0.0601 0.7199 
 304 0.0467 0.3017 0.1351 0.1828 0.3337 
 305 0.0240 0.0924 0.0387 0.0391 0.8058 
 306 0.0208 0.2216 0.0463 0.0792 0.6321 
 307 0.0623 0.0950 0.0768 0.0685 0.6974 
 308 0.0181 0.1591 0.0502 0.0523 0.7203 
 309 0.0376 0.0502 0.1197 0.0500 0.7425 
 310 0.0199 0.1084 0.0412 0.0341 0.7963 
 311 0.0263 0.0979 0.0563 0.0362 0.7834 
 312 0.0154 0.0391 0.0831 0.0349 0.8274 
 313 0.0262 0.0263 0.0591 0.0362 0.8522 
 314 0.0121 0.8276 0.0328 0.0368 0.0907 
 315 0.0122 0.7780 0.0413 0.0565 0.1121 
 316 0.0151 0.7835 0.0442 0.0680 0.0892 
 317 0.0132 0.8559 0.0331 0.0364 0.0614 
 318 0.0138 0.8626 0.0332 0.0385 0.0519 
 319 0.0170 0.8299 0.0334 0.0356 0.0841 
 320 0.0117 0.8292 0.0338 0.0368 0.0885 
 321 0.0143 0.8525 0.0339 0.0406 0.0587 
 322 0.0156 0.7647 0.0452 0.0602 0.1142 
 323 0.0168 0.8561 0.0336 0.0363 0.0572 
 324 0.0139 0.8537 0.0336 0.0409 0.0579 
 325 0.0127 0.8130 0.0418 0.0634 0.0690 
 326 0.0142 0.8198 0.0406 0.0618 0.0635 
 327 0.0132 0.8561 0.0333 0.0365 0.0609 
 328 0.0135 0.7748 0.0447 0.0598 0.1072 
 329 0.0136 0.8582 0.0328 0.0361 0.0594 
 330 0.0132 0.8563 0.0330 0.0368 0.0607 
 331 0.0142 0.8554 0.0329 0.0363 0.0611 
 332 0.0171 0.8056 0.0427 0.0714 0.0633 
 333 0.0145 0.8108 0.0419 0.0566 0.0761 
 334 0.0138 0.7770 0.0428 0.0600 0.1065 
 335 0.0129 0.7996 0.0431 0.0526 0.0919 
 336 0.0156 0.8425 0.0333 0.0423 0.0662 
 337 0.0132 0.7964 0.0431 0.0660 0.0813 
 338 0.0147 0.8607 0.0333 0.0400 0.0514 
 339 0.0137 0.8554 0.0327 0.0365 0.0616 
 340 0.0130 0.8584 0.0324 0.0331 0.0631 
 341 0.0185 0.8526 0.0331 0.0360 0.0598 
 342 0.0133 0.8559 0.0327 0.0363 0.0617 
 343 0.0148 0.7541 0.0434 0.0619 0.1258 
 344 0.0138 0.8622 0.0328 0.0364 0.0548 
 345 0.0135 0.8569 0.0330 0.0365 0.0602 
 346 0.0130 0.8662 0.0322 0.0350 0.0535 
 347 0.0129 0.8667 0.0323 0.0327 0.0554 
 348 0.0119 0.7422 0.0421 0.0508 0.1531 
 349 0.0136 0.8559 0.0332 0.0365 0.0608 
 350 0.0151 0.8129 0.0336 0.0370 0.1015 
 351 0.0126 0.8001 0.0422 0.0525 0.0927 
 352 0.0127 0.8012 0.0426 0.0577 0.0858 
 353 0.0160 0.8411 0.0336 0.0423 0.0669 
 354 0.0174 0.8528 0.0336 0.0374 0.0587 
 355 0.0136 0.8626 0.0329 0.0386 0.0522 
 356 0.0117 0.6658 0.0420 0.0503 0.2301 
 357 0.0320 0.4789 0.0998 0.2664 0.1230 
 358 0.0146 0.8128 0.0427 0.0598 0.0701 
 359 0.0156 0.8556 0.0333 0.0371 0.0584 
 360 0.0130 0.8662 0.0319 0.0358 0.0531 
 361 0.0355 0.3826 0.1069 0.2796 0.1955 
 362 0.0300 0.0429 0.3045 0.3161 0.3065 
 363 0.0211 0.0293 0.3507 0.4418 0.1570 
 364 0.2701 0.1798 0.1137 0.2434 0.1929 
 365 0.1876 0.0330 0.1147 0.5227 0.1420 
 366 0.0340 0.0730 0.0848 0.3636 0.4446 
 367 0.0135 0.0203 0.7262 0.1748 0.0653 
 368 0.0638 0.0386 0.6041 0.1049 0.1886 
 369 0.0378 0.1835 0.1203 0.2249 0.4335 
 370 0.0617 0.0462 0.4691 0.0906 0.3324 
 371 0.0982 0.0704 0.1838 0.2965 0.3512 
 372 0.3664 0.0588 0.1953 0.0714 0.3081 
 373 0.0502 0.0814 0.4496 0.2179 0.2008 
 374 0.0501 0.2589 0.1891 0.3063 0.1955 
 375 0.0745 0.0282 0.4840 0.3087 0.1046 
 376 0.0308 0.0235 0.0929 0.7966 0.0561 
 377 0.0671 0.0468 0.2506 0.3685 0.2670 
 378 0.0204 0.1740 0.5776 0.0701 0.1580 
 379 0.0328 0.0216 0.0963 0.7872 0.0621 
 380 0.0304 0.0756 0.0506 0.6319 0.2115 
 381 0.0210 0.0613 0.0438 0.7036 0.1703 
 382 0.0351 0.0329 0.4634 0.3847 0.0840 
 383 0.0508 0.0852 0.0458 0.7298 0.0885 
 384 0.2477 0.0738 0.1364 0.4368 0.1054 
 385 0.6862 0.0684 0.0982 0.0770 0.0702 
 386 0.0190 0.0284 0.4537 0.3927 0.1063 
 387 0.0375 0.0392 0.3631 0.4491 0.1111 
 388 0.1790 0.2073 0.2391 0.1918 0.1828 
 389 0.2932 0.0305 0.1093 0.0652 0.5018 
 390 0.0248 0.0306 0.3934 0.3468 0.2044 
 391 0.1185 0.0600 0.2972 0.1391 0.3852 
 392 0.0290 0.0664 0.1253 0.6274 0.1519 
 393 0.0184 0.0482 0.0550 0.7388 0.1396 
 394 0.0245 0.2281 0.2995 0.2415 0.2064 
 395 0.0138 0.0299 0.1780 0.2843 0.4940 
 396 0.0330 0.0220 0.4902 0.3440 0.1109 
 397 0.2140 0.0738 0.0934 0.2035 0.4153 
 398 0.0255 0.0233 0.1940 0.6879 0.0693 
 399 0.0182 0.0311 0.5736 0.1849 0.1922 
 400 0.0255 0.0453 0.3861 0.4431 0.1000 
 401 0.0160 0.0478 0.6155 0.1296 0.1910 
 402 0.0635 0.0422 0.2132 0.1805 0.5006 
 403 0.1056 0.2977 0.1703 0.1487 0.2777 
 404 0.0404 0.0588 0.1843 0.3949 0.3217 
 405 0.0280 0.0526 0.1455 0.4026 0.3714 
 406 0.0110 0.0685 0.0483 0.3689 0.5034 
 407 0.0166 0.0213 0.0922 0.7948 0.0750 
 408 0.0121 0.0193 0.6087 0.0583 0.3016 
 409 0.0171 0.2070 0.0957 0.2476 0.4325 
 410 0.0727 0.0720 0.2527 0.4827 0.1199 
 411 0.0322 0.1352 0.1160 0.5174 0.1992 
 412 0.0520 0.0353 0.6305 0.1405 0.1417 
 413 0.0259 0.1385 0.4612 0.1356 0.2388 
 414 0.0753 0.0251 0.6340 0.1500 0.1157 
 415 0.0156 0.0319 0.1051 0.6941 0.1532 
 416 0.0389 0.0535 0.2655 0.4060 0.2361 
 417 0.0174 0.0291 0.1657 0.6966 0.0913 
 418 0.0261 0.0261 0.6730 0.1949 0.0798 
 419 0.0573 0.1334 0.2366 0.2171 0.3556 
 420 0.0114 0.0280 0.5165 0.1669 0.2772 
 421 0.0210 0.0376 0.3663 0.4278 0.1473 
 422 0.0287 0.0295 0.0842 0.3037 0.5539 
 423 0.0273 0.0419 0.1344 0.5831 0.2133 
 424 0.0264 0.0502 0.6240 0.1130 0.1863 
 425 0.4860 0.0508 0.1321 0.2009 0.1302 
 426 0.1402 0.0667 0.4973 0.1850 0.1108 
 427 0.0155 0.1003 0.1715 0.6174 0.0952 
 428 0.0522 0.0834 0.0743 0.3673 0.4228 
 429 0.0140 0.0200 0.2919 0.6090 0.0651 
 430 0.0175 0.0253 0.1169 0.7350 0.1054 
 431 0.0677 0.0523 0.4578 0.1807 0.2414 
 432 0.0548 0.0440 0.5727 0.1236 0.2050 
 433 0.1048 0.1883 0.2086 0.0681 0.4303 
 434 0.0826 0.0837 0.1882 0.3414 0.3042 
 435 0.0143 0.0215 0.1386 0.7450 0.0805 
 436 0.0125 0.0415 0.1412 0.7327 0.0721 
 437 0.0242 0.0248 0.0886 0.7837 0.0786 
 438 0.0125 0.0449 0.2070 0.4261 0.3095 
 439 0.0133 0.0323 0.0786 0.8176 0.0583 
 440 0.0118 0.0185 0.1132 0.7910 0.0655 
 441 0.0241 0.0743 0.1719 0.6017 0.1280 
 442 0.0281 0.0266 0.2579 0.5659 0.1214 
 443 0.0138 0.0223 0.5496 0.2241 0.1902 
 444 0.0250 0.0251 0.1690 0.6602 0.1206 
 445 0.0295 0.0930 0.0830 0.5471 0.2474 
 446 0.0257 0.0277 0.2797 0.5995 0.0674 
 447 0.0336 0.0540 0.1232 0.5828 0.2064 
 448 0.0227 0.0267 0.1770 0.6488 0.1248 
 449 0.0266 0.0436 0.1341 0.6180 0.1778 
 450 0.0438 0.0509 0.1258 0.7085 0.0710 
 451 0.0273 0.0192 0.7262 0.1149 0.1124 
 452 0.0221 0.0385 0.1198 0.7471 0.0725 
 453 0.0147 0.0408 0.1892 0.1060 0.6492 
 454 0.0225 0.0568 0.1688 0.6330 0.1189 
 455 0.0125 0.0249 0.1732 0.6584 0.1311 
 456 0.0169 0.0227 0.1495 0.6116 0.1992 
 457 0.0195 0.0275 0.0742 0.8032 0.0756 
 458 0.0256 0.0304 0.0960 0.7826 0.0653 
 459 0.0132 0.0877 0.3558 0.4144 0.1289 
 460 0.0122 0.0256 0.3756 0.5148 0.0718 
 461 0.0149 0.0267 0.6429 0.2623 0.0532 
 462 0.0295 0.0184 0.2479 0.5658 0.1384 
 463 0.0120 0.0366 0.1014 0.3500 0.5000 
 464 0.0120 0.0238 0.4151 0.4255 0.1236 
 465 0.0200 0.0310 0.6316 0.1826 0.1348 
 466 0.0124 0.0249 0.3734 0.2756 0.3137 
 467 0.0175 0.0471 0.2187 0.5546 0.1621 
 468 0.0127 0.0225 0.0585 0.8067 0.0996 
 469 0.0125 0.0260 0.0599 0.8467 0.0549 
 470 0.0124 0.0240 0.1566 0.7416 0.0654 
 471 0.0356 0.0260 0.1977 0.3078 0.4329 
 472 0.0335 0.0311 0.2958 0.4130 0.2266 
 473 0.0319 0.0479 0.1723 0.5209 0.2270 
 474 0.0173 0.0359 0.1203 0.7066 0.1198 
 475 0.0190 0.0559 0.5092 0.2380 0.1779 
 476 0.0136 0.0289 0.0948 0.7833 0.0793 
 477 0.0348 0.0505 0.6198 0.1593 0.1355 
 478 0.0237 0.0241 0.8013 0.0896 0.0613 
 479 0.0145 0.0221 0.2005 0.6982 0.0647 
 480 0.0137 0.0258 0.0718 0.8289 0.0598 
 481 0.0843 0.0263 0.1616 0.4082 0.3195 
 482 0.0124 0.0221 0.1718 0.7384 0.0554 
 483 0.0145 0.0330 0.1546 0.7118 0.0861 
 484 0.0170 0.0314 0.1306 0.5328 0.2882 
 485 0.0118 0.0254 0.1281 0.7494 0.0853 
 486 0.3812 0.0361 0.1941 0.1184 0.2702 
 487 0.5805 0.0721 0.0887 0.0914 0.1673 
 488 0.4797 0.0511 0.2145 0.0627 0.1921 
 489 0.3363 0.0918 0.0698 0.1144 0.3877 
 490 0.0745 0.0270 0.5680 0.1438 0.1868 
 491 0.3275 0.0683 0.0856 0.0695 0.4491 
 492 0.0413 0.1761 0.2590 0.0677 0.4560 
 493 0.7157 0.0318 0.0761 0.0542 0.1222 
 494 0.4356 0.0608 0.0841 0.1019 0.3176 
 495 0.2362 0.1257 0.3612 0.0754 0.2015 
 496 0.0315 0.1811 0.1233 0.0808 0.5832 
 497 0.7731 0.0482 0.0503 0.0407 0.0877 
 498 0.2241 0.0525 0.3222 0.0963 0.3048 
 499 0.6091 0.1042 0.0576 0.0688 0.1603 
 500 0.5173 0.0385 0.0742 0.1636 0.2064 
 501 0.0957 0.1272 0.1671 0.2151 0.3950 
 502 0.1326 0.1849 0.2682 0.1197 0.2947 
 503 0.1065 0.0329 0.1636 0.4785 0.2186 
 504 0.0728 0.0367 0.6275 0.0617 0.2014 
 505 0.1174 0.0516 0.0867 0.0632 0.6811 
 506 0.1079 0.1424 0.2956 0.1138 0.3403 
 507 0.0367 0.4243 0.0462 0.0495 0.4432 
 508 0.2069 0.3596 0.0523 0.0388 0.3424 
 509 0.0801 0.0918 0.0799 0.0660 0.6821 
 510 0.2897 0.1877 0.1131 0.1644 0.2451 
 511 0.0572 0.0390 0.1622 0.4742 0.2674 
 512 0.0781 0.0271 0.2336 0.5295 0.1316 
 513 0.3389 0.0451 0.2506 0.0309 0.3346 
 514 0.0392 0.0586 0.5591 0.0824 0.2606 
 515 0.0541 0.1125 0.0874 0.4126 0.3334 
 516 0.0401 0.0424 0.4326 0.0584 0.4265 
 517 0.0241 0.0998 0.1861 0.2032 0.4869 
 518 0.2711 0.1884 0.0902 0.1888 0.2615 
 519 0.0254 0.0572 0.6355 0.0827 0.1992 
 520 0.0204 0.1597 0.0559 0.2283 0.5357 
 521 0.0211 0.3073 0.2494 0.0778 0.3443 
 522 0.0462 0.0359 0.0891 0.4482 0.3805 
 523 0.0242 0.0895 0.1363 0.0781 0.6719 
 524 0.0296 0.0663 0.1121 0.4507 0.3413 
 525 0.1326 0.1586 0.0704 0.2993 0.3392 
 526 0.0120 0.0406 0.0520 0.3780 0.5173 
 527 0.4364 0.0374 0.2093 0.1868 0.1301 
 528 0.0186 0.4082 0.0878 0.0551 0.4303 
 529 0.1853 0.0937 0.1676 0.0961 0.4573 
 530 0.0499 0.0656 0.0876 0.5181 0.2788 
 531 0.0296 0.3246 0.0952 0.2214 0.3292 
 532 0.4091 0.1651 0.1201 0.1044 0.2014 
 533 0.1255 0.0526 0.0952 0.3460 0.3808 
 534 0.1809 0.0707 0.1274 0.0502 0.5708 
 535 0.0131 0.0413 0.2172 0.1599 0.5685 
 536 0.0166 0.0812 0.0818 0.2101 0.6102 
 537 0.0165 0.0877 0.0551 0.0598 0.7809 
 538 0.0147 0.0723 0.0679 0.0749 0.7703 
 539 0.0170 0.4651 0.0474 0.0512 0.4193 
 540 0.0309 0.1479 0.0827 0.1447 0.5937 
 541 0.0247 0.4451 0.1124 0.1209 0.2969 
 542 0.0176 0.0323 0.0598 0.2367 0.6536 
 543 0.0173 0.1169 0.1988 0.0626 0.6044 
 544 0.0141 0.0443 0.0704 0.0992 0.7719 
 545 0.0127 0.0262 0.0936 0.2176 0.6498 
 546 0.0237 0.0616 0.0711 0.0908 0.7528 
 547 0.0126 0.0655 0.0777 0.0647 0.7795 
 548 0.0295 0.1069 0.0702 0.0536 0.7398 
 549 0.0146 0.2721 0.0557 0.1991 0.4586 
 550 0.0121 0.0505 0.1271 0.3410 0.4693 
 551 0.0196 0.4448 0.0891 0.0970 0.3495 
 552 0.0169 0.0669 0.0499 0.0733 0.7929 
 553 0.0132 0.1085 0.1059 0.0441 0.7283 
 554 0.0437 0.1174 0.2137 0.2797 0.3455 
 555 0.0262 0.1205 0.0602 0.0533 0.7399 
 556 0.0151 0.0473 0.0699 0.0700 0.7977 
 557 0.0120 0.0719 0.1634 0.3446 0.4080 
 558 0.0129 0.0240 0.1656 0.7479 0.0496 
 559 0.0414 0.0341 0.5179 0.0882 0.3184 
 560 0.0123 0.0173 0.5675 0.3185 0.0843 
 561 0.0315 0.0245 0.4615 0.2845 0.1980 
 562 0.0336 0.0174 0.6017 0.1692 0.1781 
 563 0.0228 0.1253 0.5919 0.0943 0.1657 
 564 0.0427 0.0366 0.2098 0.1004 0.6103 
 565 0.0183 0.0264 0.0770 0.8102 0.0681 
 566 0.0146 0.0188 0.6950 0.1977 0.0739 
 567 0.0732 0.0245 0.2996 0.0777 0.5251 
 568 0.0173 0.0357 0.5033 0.1556 0.2880 
 569 0.0313 0.0386 0.2756 0.3468 0.3077 
 570 0.0193 0.0194 0.1698 0.7269 0.0647 
 571 0.0171 0.0302 0.7611 0.0880 0.1036 
 572 0.0230 0.0892 0.0936 0.1604 0.6339 
 573 0.0644 0.0379 0.2406 0.1821 0.4751 
 574 0.0532 0.0983 0.1394 0.5307 0.1784 
 575 0.0162 0.0660 0.4997 0.1288 0.2894 
 576 0.0296 0.0190 0.7436 0.1415 0.0663 
 577 0.0625 0.0864 0.2470 0.4395 0.1646 
 578 0.0210 0.0306 0.6272 0.1857 0.1355 
 579 0.0540 0.0273 0.4392 0.2683 0.2112 
 580 0.0327 0.0504 0.1947 0.5955 0.1267 
 581 0.0224 0.0385 0.3685 0.4705 0.1002 
 582 0.0134 0.0200 0.2685 0.6019 0.0962 
 583 0.0630 0.0306 0.6796 0.1354 0.0914 
 584 0.0374 0.0226 0.7311 0.1391 0.0699 
 585 0.0243 0.0263 0.5479 0.2763 0.1253 
 586 0.0173 0.0349 0.7250 0.0663 0.1565 
 587 0.0386 0.0200 0.2799 0.4352 0.2263 
 588 0.0642 0.0244 0.0693 0.0333 0.8088 
 589 0.0197 0.0219 0.1322 0.6662 0.1600 
 590 0.0593 0.0270 0.6958 0.0789 0.1391 
 591 0.0250 0.0323 0.7418 0.0855 0.1154 
 592 0.0133 0.0222 0.3758 0.1683 0.4205 
 593 0.0213 0.0458 0.3954 0.2509 0.2867 
 594 0.2279 0.0638 0.4817 0.0863 0.1403 
 595 0.3219 0.0204 0.2559 0.2821 0.1196 
 596 0.0316 0.0375 0.1549 0.1848 0.5913 
 597 0.0180 0.1623 0.6037 0.0538 0.1622 
 598 0.0160 0.0212 0.1018 0.8092 0.0517 
 599 0.0151 0.0191 0.6220 0.1814 0.1624 
 600 0.0306 0.0579 0.1675 0.5500 0.1940 
 601 0.0153 0.0194 0.5019 0.3331 0.1303 
 602 0.1928 0.0775 0.1763 0.1065 0.4468 
 603 0.0727 0.0811 0.2834 0.0984 0.4643 
 604 0.1160 0.0611 0.0915 0.4970 0.2344 
 605 0.0413 0.0357 0.3673 0.2300 0.3257 
 606 0.0368 0.0734 0.1365 0.1638 0.5896 
 607 0.1195 0.1982 0.1392 0.2909 0.2523 
 608 0.0340 0.4047 0.1668 0.2254 0.1691 
 609 0.0654 0.0474 0.2589 0.4615 0.1667 
 610 0.0271 0.0335 0.0896 0.5951 0.2546 
 611 0.0648 0.0909 0.2666 0.1128 0.4649 
 612 0.0211 0.0289 0.0719 0.7906 0.0875 
 613 0.1556 0.0428 0.1850 0.3309 0.2857 
 614 0.0577 0.0267 0.0553 0.7344 0.1259 
 615 0.0252 0.0468 0.0577 0.7106 0.1597 
 616 0.0753 0.1457 0.1925 0.3371 0.2494 
 617 0.2242 0.0305 0.1648 0.3980 0.1826 
 618 0.1463 0.0947 0.0557 0.4904 0.2128 
 619 0.0176 0.0787 0.2530 0.2016 0.4492 
 620 0.0133 0.0174 0.4695 0.1021 0.3976 
 621 0.0995 0.0307 0.6000 0.1872 0.0826 
 622 0.1804 0.0789 0.0903 0.3688 0.2816 
 623 0.0428 0.0312 0.4346 0.1764 0.3150 
 624 0.0327 0.1070 0.0830 0.6828 0.0946 
 625 0.1075 0.1104 0.1819 0.4623 0.1379 
 626 0.0339 0.2421 0.0501 0.3210 0.3529 
 627 0.0533 0.0415 0.3964 0.2256 0.2831 
 628 0.1244 0.0449 0.3595 0.1530 0.3182 
 629 0.1042 0.0533 0.2389 0.2489 0.3547 
 630 0.0594 0.0406 0.1541 0.5959 0.1501 
 631 0.0531 0.0457 0.1792 0.5140 0.2081 
 632 0.0373 0.0946 0.0687 0.1020 0.6973 
 633 0.0947 0.0893 0.1576 0.4924 0.1660 
 634 0.0615 0.1114 0.2156 0.2415 0.3700 
 635 0.0427 0.3313 0.0842 0.1800 0.3618 
 636 0.0376 0.2072 0.1559 0.4386 0.1608 
 637 0.0303 0.0478 0.0966 0.1418 0.6836 
 638 0.1617 0.0832 0.2419 0.2024 0.3108 
 639 0.1467 0.0701 0.1079 0.4532 0.2221 
 640 0.0660 0.0440 0.6569 0.1406 0.0924 
 641 0.2647 0.0509 0.1637 0.2694 0.2513 
 642 0.0245 0.3014 0.1069 0.1066 0.4607 
 643 0.0146 0.7126 0.0795 0.0651 0.1281 
 644 0.0441 0.5071 0.1476 0.0696 0.2316 
 645 0.0678 0.3857 0.0374 0.3219 0.1873 
 646 0.0493 0.0713 0.2018 0.1086 0.5691 
 647 0.0589 0.2225 0.2217 0.0759 0.4209 
 648 0.3310 0.1757 0.0663 0.1002 0.3268 
 649 0.0349 0.0834 0.1177 0.0527 0.7113 
 650 0.0348 0.0949 0.2283 0.0686 0.5734 
 651 0.4037 0.2639 0.1227 0.0553 0.1545 
 652 0.0362 0.5333 0.1107 0.0775 0.2423 
 653 0.2285 0.2167 0.0630 0.0989 0.3928 
 654 0.0409 0.1854 0.0648 0.0701 0.6388 
 655 0.0166 0.5010 0.2597 0.0786 0.1440 
 656 0.1793 0.1263 0.0846 0.0937 0.5162 
 657 0.2699 0.1400 0.1270 0.2757 0.1874 
 658 0.0262 0.1663 0.3579 0.1311 0.3185 
 659 0.0986 0.3711 0.0827 0.0924 0.3552 
 660 0.0257 0.3567 0.0836 0.0581 0.4759 
 661 0.0227 0.4722 0.0654 0.0897 0.3500 
 662 0.0315 0.0564 0.1171 0.0431 0.7518 
 663 0.0290 0.3190 0.0912 0.0816 0.4792 
 664 0.0242 0.1854 0.4048 0.1856 0.2001 
 665 0.0330 0.0642 0.0905 0.0541 0.7582 
 666 0.0197 0.2274 0.0860 0.0813 0.5856 
 667 0.3250 0.0699 0.2456 0.0891 0.2704 
 668 0.0272 0.3777 0.1353 0.1377 0.3222 
 669 0.1141 0.1406 0.0956 0.0807 0.5690 
 670 0.0157 0.7007 0.0469 0.0400 0.1966 
 671 0.0185 0.4347 0.0786 0.0533 0.4150 
 672 0.0115 0.6373 0.1236 0.0802 0.1475 
 673 0.0181 0.8488 0.0340 0.0385 0.0606 
 674 0.0320 0.5273 0.0566 0.0864 0.2976 
 675 0.0200 0.7691 0.0788 0.0365 0.0956 
 676 0.0141 0.8438 0.0343 0.0377 0.0700 
 677 0.0133 0.3976 0.0376 0.0372 0.5143 
 678 0.0190 0.8504 0.0387 0.0379 0.0540 
 679 0.0376 0.7091 0.0584 0.0877 0.1071 
 680 0.0424 0.7217 0.0408 0.0665 0.1286 
 681 0.0664 0.1920 0.0659 0.1985 0.4772 
 682 0.0165 0.7551 0.0428 0.0716 0.1141 
 683 0.0156 0.7329 0.0452 0.0375 0.1687 
 684 0.0172 0.8406 0.0395 0.0378 0.0650 
 685 0.0135 0.8456 0.0334 0.0344 0.0731 
 686 0.0176 0.3435 0.0492 0.0671 0.5226 
 687 0.0171 0.4176 0.0689 0.0477 0.4486 
 688 0.0158 0.7480 0.0576 0.0474 0.1312 
 689 0.0161 0.8484 0.0319 0.0349 0.0687 
 690 0.0143 0.8446 0.0347 0.0377 0.0687 
 691 0.0308 0.6588 0.0561 0.0795 0.1748 
 692 0.0270 0.7902 0.0560 0.0503 0.0765 
 693 0.0143 0.7726 0.0706 0.0567 0.0858 
 694 0.0127 0.8495 0.0318 0.0310 0.0751 
 695 0.0120 0.7727 0.0406 0.0525 0.1223 
 696 0.0155 0.7502 0.0576 0.0468 0.1300 
 697 0.0170 0.8141 0.0339 0.0391 0.0959 
 698 0.0144 0.8305 0.0349 0.0370 0.0833 
 699 0.0107 0.5387 0.0388 0.0479 0.3639 
 700 0.0135 0.6859 0.0649 0.0762 0.1595 
 701 0.0564 0.6741 0.0514 0.0687 0.1495 
 702 0.0198 0.5515 0.0701 0.0918 0.2668 
 703 0.0175 0.7092 0.0430 0.0741 0.1562 
 704 0.0131 0.7140 0.0534 0.0450 0.1745 
 705 0.0459 0.2953 0.0604 0.0891 0.5093 
 706 0.0197 0.7099 0.0390 0.0649 0.1665 
 707 0.0195 0.7837 0.0343 0.0409 0.1215 
 708 0.0228 0.8005 0.0352 0.0366 0.1048 
 709 0.0113 0.7452 0.0382 0.0413 0.1641 
 710 0.0124 0.8449 0.0321 0.0336 0.0771 
 711 0.0211 0.5554 0.0405 0.0619 0.3210 
 712 0.0163 0.5685 0.0331 0.0320 0.3502 
 713 0.0146 0.7410 0.0543 0.0420 0.1480 
 714 0.0776 0.6012 0.0590 0.0801 0.1820 
 715 0.0116 0.7449 0.0321 0.0340 0.1774 
 716 0.0146 0.7569 0.0394 0.0609 0.1282 
 717 0.0121 0.8288 0.0322 0.0341 0.0927 
 718 0.0477 0.5437 0.0436 0.0628 0.3022 
 719 0.0118 0.7881 0.0367 0.0333 0.1301 
 720 0.0592 0.0317 0.5122 0.2332 0.1636 
 721 0.0444 0.4553 0.0864 0.2115 0.2023 
 722 0.0400 0.0560 0.1529 0.5511 0.1999 
 723 0.0801 0.0531 0.1167 0.6278 0.1223 
 724 0.0331 0.1606 0.0916 0.5871 0.1276 
 725 0.0819 0.1761 0.2554 0.1565 0.3301 
 726 0.0392 0.0930 0.1023 0.5161 0.2494 
 727 0.0458 0.1367 0.1054 0.1680 0.5441 
 728 0.0202 0.0194 0.0506 0.8559 0.0539 
 729 0.0196 0.0199 0.0670 0.8309 0.0626 
 730 0.1162 0.0338 0.2816 0.4269 0.1416 
 731 0.0293 0.0438 0.0928 0.7420 0.0920 
 732 0.0805 0.0526 0.1209 0.6224 0.1236 
 733 0.0317 0.0285 0.0766 0.7978 0.0654 
 734 0.0216 0.0201 0.1304 0.7664 0.0616 
 735 0.0322 0.0341 0.0576 0.8164 0.0597 
 736 0.0291 0.0410 0.2943 0.5430 0.0927 
 737 0.0840 0.0410 0.1685 0.5005 0.2060 
 738 0.1599 0.0360 0.1847 0.5111 0.1083 
 739 0.0260 0.0265 0.0791 0.8063 0.0621 
 740 0.2386 0.5390 0.0518 0.0500 0.1206 
 741 0.1563 0.4430 0.0881 0.0879 0.2248 
 742 0.0352 0.1358 0.6708 0.0916 0.0666 
 743 0.2514 0.0747 0.3243 0.1201 0.2295 
 744 0.0401 0.0542 0.2655 0.0669 0.5733 
 745 0.0744 0.0264 0.6563 0.0857 0.1572 
 746 0.0741 0.1615 0.2459 0.1992 0.3193 
 747 0.0497 0.0527 0.4285 0.0987 0.3703 
 748 0.0242 0.4040 0.2945 0.0716 0.2057 
 749 0.0995 0.0817 0.2433 0.0858 0.4898 
 750 0.1305 0.0597 0.3227 0.0898 0.3972 
 751 0.0278 0.4276 0.2663 0.0847 0.1936 
 752 0.0464 0.0625 0.3440 0.1409 0.4062 
 753 0.1611 0.1233 0.1646 0.1973 0.3537 
 754 0.2698 0.3640 0.1173 0.0864 0.1625 
 755 0.3067 0.1283 0.2030 0.1280 0.2340 
 756 0.0228 0.1967 0.5563 0.0452 0.1790 
 757 0.0395 0.1093 0.5087 0.0899 0.2526 
 758 0.1361 0.0260 0.6436 0.0524 0.1420 
 759 0.1232 0.3628 0.0983 0.1760 0.2397 
 760 0.4114 0.0759 0.2220 0.1607 0.1300 
 761 0.1107 0.1954 0.0755 0.3775 0.2409 
 762 0.2548 0.0417 0.3016 0.3196 0.0822 
 763 0.1612 0.1246 0.1663 0.1959 0.3519 
 764 0.1511 0.0666 0.4817 0.0935 0.2070 
 765 0.3232 0.0443 0.1778 0.2589 0.1957 
 766 0.0782 0.2747 0.4186 0.0776 0.1510 
 767 0.0244 0.2311 0.4159 0.1045 0.2240 
 768 0.2731 0.0419 0.2595 0.3410 0.0845 
 769 0.0688 0.2203 0.1437 0.4351 0.1322 
 770 0.0480 0.0441 0.4245 0.3802 0.1032 
 771 0.1004 0.0699 0.1097 0.0500 0.6699 
 772 0.0737 0.2523 0.3623 0.1108 0.2009 
 773 0.2829 0.0673 0.4073 0.0677 0.1748 
 774 0.1103 0.3159 0.1066 0.1130 0.3543 
 775 0.0431 0.0876 0.1877 0.5858 0.0957 
 776 0.0209 0.0389 0.7470 0.0703 0.1230 
 777 0.0367 0.0698 0.2579 0.1391 0.4965 
 778 0.0291 0.0868 0.1681 0.0856 0.6303 
 779 0.2862 0.0992 0.4016 0.0630 0.1500 
 780 0.0470 0.4081 0.2480 0.0909 0.2060 
 781 0.0703 0.0705 0.0645 0.0473 0.7475 
 782 0.2846 0.0998 0.4013 0.0628 0.1515 
 783 0.0536 0.2288 0.4530 0.1275 0.1372 
 784 0.0459 0.0779 0.5682 0.1701 0.1380 
 785 0.1974 0.1526 0.3800 0.0952 0.1747 
 786 0.0444 0.4146 0.2981 0.1005 0.1423 
 787 0.0325 0.2525 0.1952 0.0471 0.4727 
 788 0.1994 0.0807 0.4158 0.1290 0.1751 
 789 0.0451 0.0949 0.6027 0.1494 0.1079 
 790 0.2612 0.2070 0.1874 0.1666 0.1779 
 791 0.0252 0.1257 0.5269 0.1118 0.2104 
 792 0.1389 0.3165 0.1455 0.0495 0.3496 
 793 0.0251 0.1561 0.0672 0.1551 0.5965 
 794 0.0383 0.1214 0.3155 0.1529 0.3720 
 795 0.0324 0.3799 0.0769 0.1687 0.3421 
 796 0.0194 0.1525 0.5777 0.0677 0.1827 
 797 0.0212 0.3951 0.0673 0.0930 0.4234 
 798 0.0148 0.0221 0.1483 0.5967 0.2182 
 799 0.0351 0.0557 0.6391 0.0923 0.1777 
 800 0.0183 0.3092 0.1255 0.0397 0.5073 
 801 0.0150 0.0447 0.1571 0.5642 0.2189 
 802 0.0228 0.1566 0.1189 0.3137 0.3880 
 803 0.0628 0.1753 0.0942 0.1191 0.5486 
 804 0.0404 0.0746 0.1591 0.1306 0.5953 
 805 0.0139 0.7335 0.0711 0.0528 0.1286 
 806 0.0530 0.0843 0.0864 0.3602 0.4160 
 807 0.0213 0.4369 0.0450 0.0622 0.4346 
 808 0.0175 0.2214 0.0759 0.0624 0.6227 
 809 0.0113 0.0398 0.0873 0.2446 0.6171 
 810 0.0736 0.1366 0.1672 0.2683 0.3544 
 811 0.0284 0.2298 0.0746 0.0811 0.5861 
 812 0.0126 0.0241 0.0805 0.0708 0.8120 
 813 0.0146 0.0267 0.2268 0.5529 0.1790 
 814 0.0208 0.0304 0.1191 0.0542 0.7755 
 815 0.0170 0.1606 0.0862 0.3292 0.4070 
 816 0.0200 0.2379 0.2122 0.2147 0.3152 
 817 0.0226 0.1561 0.1247 0.3128 0.3838 
 818 0.0231 0.0649 0.6780 0.1092 0.1248 
 819 0.3130 0.1070 0.3078 0.0457 0.2265 
 820 0.0318 0.1551 0.5240 0.0592 0.2298 
 821 0.3251 0.0786 0.4136 0.1084 0.0743 
 822 0.7784 0.0191 0.0631 0.0776 0.0618 
 823 0.0430 0.2187 0.3698 0.2928 0.0757 
 824 0.1869 0.1317 0.4039 0.1017 0.1759 
 825 0.1881 0.0382 0.3903 0.2287 0.1547 
 826 0.0222 0.0295 0.7834 0.0667 0.0982 
 827 0.0752 0.0469 0.3420 0.4423 0.0935 
 828 0.2301 0.0624 0.0896 0.4868 0.1310 
 829 0.0628 0.0694 0.1502 0.4933 0.2242 
 830 0.5091 0.0282 0.1778 0.2184 0.0664 
 831 0.5532 0.0570 0.0685 0.1628 0.1586 
 832 0.0709 0.1095 0.3944 0.1699 0.2553 
 833 0.0163 0.1423 0.4016 0.2896 0.1502 
 834 0.1548 0.1021 0.1920 0.3333 0.2177 
 835 0.0293 0.0305 0.7468 0.0661 0.1272 
 836 0.1275 0.0490 0.6595 0.0600 0.1040 
 837 0.1345 0.1794 0.1394 0.3318 0.2149 
 838 0.1517 0.0278 0.6700 0.0488 0.1016 
 839 0.1680 0.0517 0.4982 0.1996 0.0825 
 840 0.1301 0.0850 0.1226 0.0797 0.5826 
 841 0.1292 0.0799 0.5147 0.0601 0.2161 
 842 0.0250 0.0233 0.8271 0.0612 0.0634 
 843 0.0302 0.2262 0.2300 0.0783 0.4352 
 844 0.2347 0.0926 0.1381 0.1769 0.3578 
 845 0.1409 0.0360 0.6683 0.0775 0.0774 
 846 0.3248 0.0822 0.4243 0.0634 0.1053 
 847 0.7314 0.0591 0.0753 0.0365 0.0976 
 848 0.0298 0.0675 0.7179 0.0451 0.1396 
 849 0.2132 0.0643 0.4684 0.1193 0.1348 
 850 0.0895 0.0492 0.5572 0.2136 0.0905 
 851 0.0460 0.0394 0.7622 0.0577 0.0947 
 852 0.1921 0.3905 0.0911 0.2185 0.1079 
 853 0.0741 0.0353 0.7293 0.1006 0.0607 
 854 0.3093 0.1910 0.1328 0.2550 0.1119 
 855 0.2530 0.0596 0.4413 0.0896 0.1565 
 856 0.5026 0.0795 0.1666 0.0800 0.1712 
 857 0.5433 0.0322 0.2294 0.0547 0.1403 
 858 0.5262 0.0322 0.2389 0.0902 0.1126 
 859 0.1654 0.0410 0.3799 0.3137 0.1000 
 860 0.0573 0.0367 0.7187 0.0635 0.1238 
 861 0.1753 0.2766 0.1165 0.0535 0.3781 
 862 0.0184 0.0270 0.0776 0.8161 0.0610 
 863 0.0359 0.0545 0.0480 0.7480 0.1137 
 864 0.0172 0.0446 0.0455 0.8317 0.0610 
 865 0.0134 0.0184 0.1310 0.7726 0.0646 
 866 0.0409 0.0305 0.3641 0.4240 0.1404 
 867 0.0184 0.0357 0.0455 0.8127 0.0877 
 868 0.0738 0.0286 0.0576 0.7031 0.1369 
 869 0.0448 0.0339 0.3487 0.4562 0.1165 
 870 0.0140 0.0206 0.1802 0.5534 0.2317 
 871 0.0159 0.0225 0.1849 0.6928 0.0839 
 872 0.0363 0.0300 0.0581 0.8141 0.0615 
 873 0.0159 0.0357 0.0642 0.8169 0.0673 
 874 0.0146 0.0221 0.0635 0.8258 0.0739 
 875 0.0285 0.0343 0.2089 0.4520 0.2764 
 876 0.1129 0.0287 0.4956 0.1553 0.2075 
 877 0.0138 0.0303 0.0559 0.8410 0.0590 
 878 0.0966 0.0425 0.1365 0.4728 0.2515 
 879 0.0269 0.0407 0.0520 0.8123 0.0681 
 880 0.0269 0.0261 0.2970 0.4104 0.2396 
 881 0.0333 0.0331 0.0531 0.7989 0.0816 
 882 0.0309 0.0342 0.0575 0.8180 0.0594 
 883 0.6745 0.0265 0.1315 0.0691 0.0984 
 884 0.0139 0.0183 0.1310 0.7741 0.0627 
 885 0.0626 0.0510 0.0704 0.5344 0.2816 
 886 0.1887 0.0450 0.0970 0.5677 0.1015 
 887 0.0176 0.0212 0.0944 0.7949 0.0719 
 888 0.0483 0.0708 0.0963 0.4416 0.3429 
 889 0.0125 0.0182 0.1022 0.8037 0.0634 
 890 0.0901 0.0198 0.3024 0.4676 0.1201 
 891 0.0182 0.0304 0.7380 0.0674 0.1460 
 892 0.0508 0.0365 0.4091 0.1106 0.3931 
 893 0.1053 0.0448 0.2854 0.1312 0.4333 
 894 0.0260 0.0226 0.7232 0.1660 0.0622 
 895 0.0244 0.0226 0.1689 0.7082 0.0759 
 896 0.0492 0.0561 0.5466 0.0647 0.2833 
 897 0.6208 0.0278 0.1306 0.0653 0.1555 
 898 0.0607 0.0598 0.2057 0.3948 0.2790 
 899 0.0442 0.0188 0.7764 0.1034 0.0572 
 900 0.0181 0.0279 0.7800 0.0574 0.1167 
 901 0.0251 0.0310 0.7579 0.0794 0.1066 
 902 0.0391 0.0321 0.1750 0.0817 0.6721 
 903 0.0431 0.0279 0.1806 0.6307 0.1177 
 904 0.1131 0.0494 0.1251 0.4137 0.2987 
 905 0.0281 0.0215 0.3421 0.5311 0.0771 
 906 0.0331 0.0363 0.4870 0.2297 0.2140 
 907 0.0321 0.0555 0.6274 0.1510 0.1339 
 908 0.1427 0.0390 0.5356 0.1802 0.1024 
 909 0.0282 0.0398 0.4998 0.2025 0.2298 
 910 0.0191 0.0387 0.6954 0.0771 0.1697 
 911 0.0159 0.0191 0.3557 0.5365 0.0728 
 912 0.0586 0.0253 0.6765 0.1547 0.0850 
 913 0.0715 0.0214 0.4501 0.3311 0.1259 
 914 0.0786 0.1783 0.3429 0.2364 0.1639 
 915 0.2012 0.0191 0.5059 0.1976 0.0761 
 916 0.0274 0.0259 0.7368 0.1071 0.1028 
 917 0.0520 0.0278 0.6548 0.1619 0.1035 
 918 0.0313 0.1151 0.2709 0.3813 0.2014 
 919 0.0265 0.0575 0.2938 0.5021 0.1200 
 920 0.0229 0.0505 0.7396 0.0977 0.0893 
 921 0.0200 0.1719 0.1863 0.0897 0.5321 
 922 0.0252 0.0304 0.1412 0.0673 0.7358 
 923 0.0283 0.0415 0.1045 0.0557 0.7701 
 924 0.0183 0.0299 0.2624 0.0545 0.6349 
 925 0.0235 0.0527 0.2280 0.0809 0.6149 
 926 0.0154 0.0466 0.0704 0.0355 0.8322 
 927 0.0204 0.0585 0.0698 0.0541 0.7973 
 928 0.0361 0.0832 0.0474 0.0363 0.7969 
 929 0.0597 0.0311 0.0699 0.0381 0.8013 
 930 0.0169 0.0459 0.1546 0.0749 0.7076 
 931 0.0101 0.0909 0.0388 0.2255 0.6348 
 932 0.0199 0.0248 0.0835 0.0444 0.8274 
 933 0.0226 0.2096 0.0711 0.0465 0.6501 
 934 0.0263 0.0208 0.0987 0.0385 0.8158 
 935 0.0152 0.0332 0.0557 0.0894 0.8064 
 936 0.0159 0.0230 0.0566 0.0502 0.8543 
 937 0.0133 0.0442 0.0445 0.0606 0.8373 
 938 0.0143 0.0705 0.0437 0.0330 0.8385 
 939 0.0110 0.0892 0.0425 0.0610 0.7963 
 940 0.0193 0.0514 0.0617 0.0531 0.8145 
 941 0.0156 0.0275 0.1774 0.0847 0.6949 
 942 0.0330 0.1407 0.0954 0.0827 0.6482 
 943 0.0102 0.0992 0.0384 0.0563 0.7960 
 944 0.0194 0.0461 0.0427 0.0485 0.8432 
 945 0.0233 0.0412 0.0770 0.0633 0.7951 
 946 0.0205 0.0360 0.0818 0.0444 0.8173 
 947 0.0108 0.0859 0.0739 0.0423 0.7871 
 948 0.0139 0.0214 0.0541 0.2149 0.6957 
 949 0.0129 0.0218 0.0874 0.2032 0.6747 
 950 0.0128 0.0479 0.0470 0.0332 0.8592 
 951 0.0154 0.0607 0.0756 0.0650 0.7834 
 952 0.0145 0.0317 0.0665 0.0582 0.8291 
 953 0.0168 0.0396 0.1070 0.1388 0.6979 
 954 0.0124 0.0352 0.0706 0.1347 0.7473 
 955 0.0227 0.6399 0.0397 0.0561 0.2417 
 956 0.0406 0.5396 0.0458 0.0436 0.3304 
 957 0.0589 0.1931 0.0890 0.1108 0.5482 
 958 0.0762 0.0630 0.3701 0.1216 0.3691 
 959 0.1243 0.1042 0.1009 0.0664 0.6042 
 960 0.0752 0.0974 0.2791 0.3551 0.1931 
 961 0.0130 0.8443 0.0338 0.0336 0.0753 
 962 0.2783 0.0444 0.1303 0.0326 0.5144 
 963 0.1409 0.0751 0.2594 0.1272 0.3975 
 964 0.6091 0.0750 0.1038 0.0913 0.1208 
 965 0.0904 0.1697 0.1248 0.0627 0.5525 
 966 0.1511 0.1603 0.1257 0.1047 0.4582 
 967 0.0201 0.6813 0.0424 0.0680 0.1883 
 968 0.3094 0.0580 0.1306 0.0381 0.4638 
 969 0.1415 0.2408 0.1127 0.3174 0.1876 
 970 0.0630 0.5082 0.0571 0.0685 0.3032 
 971 0.0542 0.0701 0.0970 0.0499 0.7288 
 972 0.2098 0.1297 0.0944 0.1477 0.4183 
 973 0.0612 0.1826 0.0892 0.0430 0.6240 
 974 0.5438 0.0611 0.1010 0.1024 0.1917 
 975 0.1392 0.2384 0.1133 0.3185 0.1905 
