   1 0.0078 0.0079 0.0277 0.0891 0.1863 0.2236 0.1287 0.3289 
   2 0.0048 0.0074 0.0153 0.0635 0.0967 0.1180 0.5832 0.1112 
   3 0.0102 0.0052 0.0321 0.0847 0.1400 0.3219 0.1234 0.2825 
   4 0.0156 0.0072 0.0332 0.0844 0.4294 0.0997 0.1446 0.1858 
   5 0.0058 0.0083 0.0162 0.0715 0.0989 0.1445 0.5494 0.1054 
   6 0.0082 0.0052 0.0184 0.0824 0.1191 0.5048 0.1734 0.0884 
   7 0.0086 0.0067 0.0252 0.3130 0.0987 0.2760 0.1676 0.1042 
   8 0.0518 0.0073 0.0350 0.1111 0.2950 0.2120 0.1197 0.1682 
   9 0.0152 0.0112 0.0188 0.0778 0.1303 0.2580 0.2998 0.1888 
  10 0.0120 0.0081 0.0202 0.1112 0.2331 0.3438 0.1561 0.1155 
  11 0.0058 0.0088 0.0255 0.2396 0.0886 0.3264 0.1543 0.1509 
  12 0.0070 0.0068 0.0159 0.0758 0.1555 0.1704 0.4464 0.1222 
  13 0.0094 0.0093 0.0207 0.1008 0.1448 0.2683 0.2815 0.1652 
  14 0.0049 0.0060 0.0368 0.0609 0.1458 0.1674 0.3307 0.2475 
  15 0.0074 0.0065 0.0507 0.1033 0.2524 0.1422 0.2593 0.1782 
  16 0.0059 0.0078 0.0243 0.0925 0.1096 0.4203 0.1188 0.2207 
  17 0.0176 0.0102 0.0234 0.0761 0.1405 0.3183 0.2295 0.1845 
  18 0.0146 0.0079 0.0448 0.0640 0.1611 0.2470 0.3067 0.1538 
  19 0.0072 0.0060 0.0181 0.0924 0.1284 0.4460 0.1825 0.1194 
  20 0.0067 0.0072 0.0368 0.1654 0.1481 0.1850 0.2851 0.1657 
  21 0.0060 0.0064 0.0238 0.0717 0.2197 0.1614 0.2287 0.2822 
  22 0.0121 0.0066 0.0185 0.0638 0.1483 0.4451 0.1486 0.1569 
  23 0.0109 0.0254 0.0370 0.0772 0.1987 0.1259 0.2182 0.3066 
  24 0.0065 0.0072 0.0254 0.0787 0.2022 0.2694 0.1220 0.2887 
  25 0.0073 0.0070 0.0395 0.1125 0.0795 0.2890 0.3609 0.1043 
  26 0.0125 0.0066 0.0280 0.0846 0.2129 0.2487 0.2478 0.1589 
  27 0.0084 0.0085 0.0215 0.0734 0.1410 0.3006 0.2143 0.2323 
  28 0.0065 0.0078 0.0240 0.1570 0.3157 0.1818 0.1685 0.1387 
  29 0.0050 0.0092 0.0162 0.1341 0.1079 0.1987 0.2762 0.2526 
  30 0.0065 0.0068 0.0212 0.0610 0.1155 0.4254 0.1657 0.1979 
  31 0.0292 0.0119 0.0192 0.1095 0.1870 0.1966 0.2293 0.2173 
  32 0.0065 0.0057 0.0322 0.0828 0.2175 0.2406 0.2527 0.1621 
  33 0.0066 0.0065 0.0240 0.1282 0.1405 0.2642 0.1402 0.2898 
  34 0.0099 0.0189 0.0347 0.2285 0.1592 0.3001 0.1513 0.0974 
  35 0.0174 0.0188 0.0147 0.0679 0.0873 0.2583 0.2218 0.3138 
  36 0.0053 0.0059 0.0733 0.0631 0.0786 0.1197 0.1089 0.5450 
  37 0.0109 0.0061 0.0169 0.0788 0.1843 0.1700 0.2327 0.3002 
  38 0.0059 0.0168 0.2633 0.1543 0.0727 0.1418 0.1520 0.1931 
  39 0.0098 0.0154 0.0381 0.1401 0.1066 0.2302 0.2223 0.2374 
  40 0.0048 0.0067 0.0228 0.0513 0.1002 0.1552 0.1345 0.5245 
  41 0.0094 0.0189 0.0278 0.1209 0.0646 0.1915 0.1123 0.4547 
  42 0.0052 0.0082 0.0493 0.0599 0.1463 0.1021 0.0898 0.5391 
  43 0.0099 0.0087 0.0153 0.0795 0.1037 0.1269 0.1919 0.4641 
  44 0.0106 0.0084 0.0135 0.0648 0.0663 0.2087 0.1978 0.4298 
  45 0.0058 0.0145 0.0586 0.0799 0.0689 0.1269 0.2710 0.3745 
  46 0.0162 0.0080 0.0198 0.0900 0.1034 0.3016 0.2565 0.2046 
  47 0.0326 0.0152 0.0148 0.0772 0.1316 0.3064 0.2047 0.2175 
  48 0.0141 0.0114 0.0178 0.0540 0.0722 0.1882 0.2032 0.4390 
  49 0.0121 0.0214 0.0213 0.0788 0.1050 0.2319 0.1833 0.3462 
  50 0.0167 0.0115 0.0197 0.1347 0.1292 0.3412 0.2008 0.1461 
  51 0.0046 0.0076 0.0487 0.0544 0.0642 0.0821 0.1071 0.6313 
  52 0.0132 0.0165 0.0234 0.1534 0.1164 0.2351 0.1589 0.2830 
  53 0.0103 0.0112 0.1260 0.1235 0.1224 0.2585 0.1199 0.2282 
  54 0.0116 0.0129 0.0123 0.0709 0.1369 0.1434 0.3338 0.2783 
  55 0.0082 0.0099 0.0155 0.0667 0.0974 0.1108 0.2821 0.4094 
  56 0.0091 0.0132 0.0309 0.0573 0.1095 0.2094 0.1864 0.3843 
  57 0.0263 0.0127 0.0218 0.1028 0.2714 0.2724 0.1625 0.1301 
  58 0.0061 0.0140 0.0259 0.0826 0.0949 0.1250 0.2201 0.4314 
  59 0.0063 0.0246 0.0798 0.0898 0.0930 0.1489 0.1901 0.3676 
  60 0.0048 0.0059 0.0291 0.0639 0.1268 0.0977 0.1163 0.5555 
  61 0.0047 0.0080 0.0130 0.0580 0.1612 0.0767 0.2809 0.3973 
  62 0.0159 0.0373 0.0193 0.0864 0.1342 0.2325 0.3257 0.1486 
  63 0.0049 0.0067 0.0236 0.1384 0.1276 0.1292 0.1997 0.3700 
  64 0.0080 0.0102 0.0387 0.0837 0.0860 0.3738 0.2396 0.1601 
  65 0.0067 0.0091 0.0189 0.2104 0.0762 0.1780 0.3925 0.1082 
  66 0.0058 0.0080 0.0186 0.1063 0.2314 0.1177 0.3120 0.2003 
  67 0.0074 0.0086 0.0132 0.0718 0.0824 0.1163 0.3120 0.3884 
  68 0.0079 0.0238 0.0833 0.0827 0.1073 0.1297 0.1705 0.3948 
  69 0.0109 0.0546 0.2158 0.1293 0.1514 0.1463 0.1468 0.1449 
  70 0.0048 0.0067 0.0417 0.1498 0.0961 0.1053 0.0966 0.4990 
  71 0.0062 0.0252 0.0694 0.0905 0.0650 0.1398 0.2239 0.3799 
  72 0.0076 0.0058 0.0300 0.0806 0.0762 0.3199 0.1266 0.3534 
  73 0.0060 0.0241 0.0229 0.0912 0.0765 0.1053 0.3510 0.3229 
  74 0.0051 0.0059 0.0687 0.0587 0.1035 0.1175 0.1062 0.5344 
  75 0.0054 0.0074 0.0458 0.0474 0.1180 0.0981 0.1074 0.5704 
  76 0.0070 0.0061 0.0185 0.1534 0.0925 0.1343 0.2410 0.3473 
  77 0.0050 0.0172 0.0783 0.1471 0.0654 0.1316 0.2172 0.3384 
  78 0.0057 0.0210 0.1990 0.1369 0.0670 0.1227 0.1532 0.2945 
  79 0.0060 0.0069 0.0265 0.1560 0.1078 0.2843 0.3026 0.1099 
  80 0.0061 0.0064 0.0182 0.1233 0.4486 0.1140 0.1437 0.1397 
  81 0.0067 0.0055 0.0208 0.1696 0.3817 0.1408 0.1727 0.1024 
  82 0.0058 0.0106 0.0191 0.0884 0.1513 0.1258 0.3000 0.2989 
  83 0.0059 0.0054 0.0443 0.1796 0.2863 0.1539 0.1771 0.1475 
  84 0.0056 0.0056 0.0260 0.1806 0.2605 0.1802 0.2214 0.1201 
  85 0.0057 0.0055 0.0530 0.0883 0.2993 0.2083 0.1923 0.1477 
  86 0.0081 0.0105 0.0199 0.0864 0.0983 0.1586 0.4097 0.2087 
  87 0.0064 0.0065 0.0421 0.3075 0.1198 0.1408 0.2116 0.1654 
  88 0.0062 0.0059 0.0200 0.1353 0.2474 0.1313 0.2493 0.2047 
  89 0.0070 0.0059 0.0190 0.1093 0.3313 0.1275 0.2499 0.1500 
  90 0.0055 0.0064 0.0230 0.2287 0.1238 0.1414 0.3551 0.1161 
  91 0.0055 0.0049 0.0476 0.0922 0.4005 0.1373 0.1437 0.1683 
  92 0.0060 0.0065 0.0219 0.1237 0.1513 0.1898 0.3457 0.1552 
  93 0.0055 0.0058 0.0151 0.0614 0.5513 0.0999 0.1169 0.1441 
  94 0.0050 0.0058 0.0644 0.4528 0.1041 0.1259 0.1067 0.1352 
  95 0.0055 0.0057 0.0204 0.2485 0.2052 0.1004 0.2610 0.1532 
  96 0.0051 0.0078 0.0149 0.0616 0.2023 0.0786 0.2509 0.3786 
  97 0.0068 0.0071 0.0622 0.0529 0.1421 0.1205 0.1499 0.4585 
  98 0.0046 0.0078 0.0172 0.0674 0.0924 0.1716 0.2789 0.3601 
  99 0.0057 0.0060 0.0236 0.1854 0.2405 0.1558 0.2763 0.1067 
 100 0.0063 0.0072 0.0138 0.0522 0.4393 0.0806 0.2167 0.1840 
 101 0.0077 0.0072 0.0433 0.1705 0.1414 0.1302 0.2475 0.2521 
 102 0.0066 0.0135 0.0389 0.1451 0.2982 0.1025 0.1498 0.2455 
 103 0.0060 0.0081 0.0161 0.1194 0.1978 0.0947 0.4500 0.1078 
 104 0.0056 0.0068 0.0162 0.3528 0.1438 0.1083 0.2829 0.0835 
 105 0.0071 0.0172 0.0147 0.1904 0.1905 0.0950 0.3776 0.1075 
 106 0.0055 0.0059 0.0316 0.3945 0.0611 0.1855 0.2113 0.1047 
 107 0.0080 0.0104 0.0165 0.2296 0.1841 0.1034 0.3334 0.1145 
 108 0.0047 0.0055 0.1994 0.0599 0.0974 0.0880 0.4243 0.1209 
 109 0.0068 0.1001 0.0489 0.2257 0.0673 0.1478 0.2888 0.1146 
 110 0.0060 0.0070 0.0284 0.4738 0.0694 0.1774 0.1324 0.1056 
 111 0.0066 0.0167 0.0162 0.4170 0.1000 0.0978 0.2493 0.0965 
 112 0.0049 0.1407 0.0252 0.4032 0.0717 0.1034 0.1101 0.1408 
 113 0.0070 0.0079 0.0342 0.0865 0.1202 0.1576 0.3908 0.1958 
 114 0.0048 0.0123 0.0154 0.3289 0.1730 0.1044 0.2759 0.0854 
 115 0.0068 0.0154 0.0213 0.2377 0.0926 0.1176 0.2511 0.2576 
 116 0.0066 0.0109 0.0510 0.2297 0.0631 0.1510 0.2621 0.2255 
 117 0.0088 0.0199 0.0273 0.3873 0.0795 0.1827 0.1413 0.1532 
 118 0.0051 0.0127 0.0218 0.1021 0.0903 0.0939 0.5662 0.1081 
 119 0.0048 0.0061 0.0353 0.1100 0.2078 0.0863 0.1949 0.3550 
 120 0.0061 0.0224 0.0210 0.2766 0.1138 0.1214 0.2577 0.1809 
 121 0.0252 0.0443 0.0271 0.2261 0.0740 0.1178 0.2322 0.2533 
 122 0.0046 0.0107 0.0260 0.3339 0.0871 0.1816 0.2529 0.1032 
 123 0.0061 0.0091 0.0319 0.3609 0.1191 0.1212 0.2241 0.1276 
 124 0.0140 0.0189 0.0283 0.2018 0.0791 0.2095 0.2562 0.1922 
 125 0.0064 0.0201 0.0450 0.1910 0.0782 0.2923 0.1275 0.2393 
 126 0.0045 0.0060 0.0325 0.2805 0.1071 0.1326 0.1872 0.2496 
 127 0.0065 0.0109 0.0149 0.4227 0.1035 0.0814 0.2530 0.1070 
 128 0.0048 0.0103 0.0136 0.0826 0.0880 0.1041 0.5822 0.1144 
 129 0.0073 0.0091 0.0160 0.1632 0.0781 0.0925 0.5382 0.0955 
 130 0.0076 0.0203 0.0169 0.2928 0.1763 0.1105 0.2928 0.0828 
 131 0.0113 0.0298 0.1557 0.2064 0.0683 0.1744 0.1760 0.1781 
 132 0.0054 0.0080 0.0251 0.2855 0.0701 0.1485 0.3561 0.1012 
 133 0.0091 0.0117 0.0227 0.2611 0.1125 0.1124 0.3573 0.1132 
 134 0.0046 0.0095 0.0197 0.5528 0.0546 0.1381 0.1379 0.0828 
 135 0.0069 0.0116 0.0212 0.0505 0.3327 0.0802 0.1527 0.3443 
 136 0.0066 0.0078 0.0164 0.0453 0.5669 0.1222 0.1110 0.1238 
 137 0.0059 0.0194 0.0170 0.0765 0.5571 0.0912 0.0941 0.1388 
 138 0.0056 0.0054 0.0222 0.0497 0.5843 0.0959 0.0907 0.1462 
 139 0.0053 0.0076 0.0190 0.0536 0.2701 0.1185 0.3054 0.2204 
 140 0.0061 0.0072 0.0239 0.0762 0.3208 0.1277 0.1740 0.2639 
 141 0.0067 0.0086 0.0241 0.0511 0.4610 0.1755 0.1325 0.1405 
 142 0.0061 0.0132 0.0195 0.0495 0.3364 0.0791 0.1640 0.3322 
 143 0.0049 0.0053 0.0142 0.0426 0.6301 0.0759 0.0866 0.1402 
 144 0.0057 0.0185 0.0160 0.0736 0.5605 0.0831 0.0941 0.1485 
 145 0.0081 0.0094 0.0228 0.0508 0.3584 0.1785 0.1536 0.2183 
 146 0.0087 0.0066 0.0239 0.0893 0.3670 0.1580 0.1567 0.1898 
 147 0.0056 0.0054 0.0148 0.0443 0.6530 0.0827 0.0819 0.1123 
 148 0.0060 0.0108 0.0159 0.0621 0.4209 0.1335 0.1799 0.1707 
 149 0.0067 0.0086 0.0222 0.0485 0.4422 0.0973 0.1113 0.2631 
 150 0.0071 0.0205 0.0160 0.1003 0.4346 0.1080 0.1600 0.1535 
 151 0.0061 0.0058 0.0147 0.0587 0.5358 0.0916 0.1231 0.1642 
 152 0.0063 0.0100 0.0339 0.0582 0.4033 0.1312 0.1578 0.1992 
 153 0.0054 0.0059 0.0209 0.0624 0.4546 0.1061 0.0990 0.2457 
 154 0.0086 0.0086 0.0169 0.0456 0.4704 0.1193 0.1526 0.1781 
 155 0.0057 0.0051 0.0133 0.0599 0.6050 0.0844 0.1194 0.1073 
 156 0.0047 0.0074 0.0137 0.0567 0.4468 0.0720 0.1236 0.2751 
 157 0.0050 0.0053 0.0189 0.1268 0.5187 0.0975 0.1181 0.1096 
 158 0.0079 0.0099 0.0258 0.0515 0.3949 0.1790 0.1252 0.2058 
 159 0.0063 0.0065 0.0155 0.0448 0.6438 0.0803 0.0950 0.1077 
 160 0.0070 0.0065 0.0160 0.0451 0.6358 0.0791 0.1095 0.1010 
 161 0.0055 0.0063 0.0224 0.0660 0.3440 0.1324 0.1230 0.3002 
 162 0.0117 0.0068 0.0222 0.0840 0.3470 0.1568 0.2098 0.1617 
 163 0.0049 0.0053 0.0136 0.0571 0.5683 0.0769 0.0982 0.1756 
 164 0.0110 0.0064 0.0186 0.0708 0.3854 0.1167 0.2756 0.1155 
 165 0.0068 0.0198 0.0162 0.1005 0.4649 0.0972 0.1303 0.1643 
 166 0.0062 0.0058 0.0556 0.1111 0.4092 0.0951 0.1567 0.1603 
 167 0.0160 0.0074 0.0191 0.0605 0.5202 0.1418 0.1475 0.0875 
 168 0.0062 0.0053 0.0549 0.0572 0.4664 0.1109 0.1051 0.1940 
 169 0.0092 0.0106 0.0799 0.0494 0.2949 0.2174 0.1148 0.2237 
 170 0.0052 0.0060 0.0152 0.0561 0.3176 0.0888 0.1411 0.3700 
 171 0.0061 0.0059 0.0396 0.0568 0.3962 0.1347 0.2018 0.1588 
 172 0.0058 0.0097 0.0570 0.0469 0.2838 0.1073 0.1025 0.3870 
 173 0.0060 0.0061 0.0139 0.0445 0.6090 0.0796 0.1354 0.1054 
 174 0.0060 0.0052 0.0154 0.0610 0.5839 0.0997 0.1220 0.1068 
 175 0.0063 0.0063 0.0146 0.0438 0.5186 0.1220 0.0997 0.1887 
 176 0.0060 0.0188 0.0167 0.0737 0.5602 0.0821 0.0940 0.1486 
 177 0.0060 0.0061 0.0312 0.1387 0.4096 0.1300 0.1297 0.1488 
 178 0.0064 0.0056 0.0153 0.0606 0.5128 0.1581 0.1429 0.0982 
 179 0.0053 0.0049 0.0141 0.0443 0.6554 0.0831 0.1012 0.0917 
 180 0.0107 0.0083 0.0244 0.0668 0.4206 0.1419 0.1249 0.2026 
 181 0.0073 0.0084 0.0206 0.0504 0.3907 0.1073 0.1570 0.2583 
 182 0.0078 0.0070 0.0149 0.0446 0.4935 0.0749 0.1680 0.1892 
 183 0.0055 0.0054 0.0140 0.0448 0.6117 0.0849 0.1083 0.1253 
 184 0.0074 0.0066 0.0197 0.0619 0.0988 0.1370 0.5469 0.1216 
 185 0.0045 0.0071 0.0133 0.0388 0.5134 0.0652 0.0861 0.2716 
 186 0.0066 0.0053 0.0136 0.0867 0.0909 0.1474 0.5284 0.1212 
 187 0.0049 0.0051 0.0159 0.0604 0.3189 0.1111 0.3652 0.1184 
 188 0.0065 0.0059 0.0125 0.0660 0.0734 0.1210 0.6147 0.1000 
 189 0.0056 0.0054 0.0553 0.0673 0.2633 0.2229 0.1485 0.2316 
 190 0.0046 0.0083 0.0125 0.0418 0.2491 0.0598 0.1885 0.4353 
 191 0.0048 0.0077 0.0133 0.0501 0.1613 0.0991 0.5702 0.0935 
 192 0.0049 0.0053 0.0150 0.0755 0.2730 0.1286 0.3689 0.1289 
 193 0.0052 0.0089 0.0171 0.0591 0.2442 0.1465 0.3325 0.1866 
 194 0.0055 0.0055 0.0160 0.0700 0.1883 0.1091 0.3232 0.2823 
 195 0.0052 0.0064 0.0127 0.0423 0.3512 0.0739 0.2640 0.2444 
 196 0.0045 0.0080 0.0167 0.0573 0.2372 0.0796 0.3255 0.2712 
 197 0.0073 0.0063 0.0155 0.0991 0.2099 0.2261 0.2757 0.1603 
 198 0.0048 0.0056 0.0216 0.0797 0.1895 0.1961 0.2940 0.2087 
 199 0.0052 0.0076 0.0198 0.0561 0.1352 0.0776 0.2049 0.4936 
 200 0.0048 0.0126 0.0292 0.0612 0.2262 0.1321 0.2885 0.2452 
 201 0.0049 0.0050 0.0126 0.0479 0.4577 0.0912 0.2393 0.1414 
 202 0.0048 0.0064 0.0125 0.0528 0.3088 0.0741 0.1441 0.3965 
 203 0.0048 0.0078 0.0130 0.0471 0.4351 0.0751 0.2948 0.1224 
 204 0.0051 0.0072 0.0127 0.0447 0.2077 0.0702 0.4233 0.2291 
 205 0.0051 0.0064 0.0216 0.0564 0.1706 0.0925 0.4391 0.2083 
 206 0.0059 0.0059 0.0127 0.0444 0.2125 0.0883 0.4830 0.1474 
 207 0.0050 0.0085 0.0126 0.0560 0.1205 0.0771 0.4853 0.2350 
 208 0.0050 0.0062 0.0126 0.0494 0.3232 0.0802 0.3899 0.1335 
 209 0.0048 0.0086 0.0135 0.0537 0.2046 0.1114 0.4473 0.1561 
 210 0.0048 0.0058 0.0123 0.0528 0.2302 0.0852 0.4700 0.1389 
 211 0.0065 0.0150 0.0128 0.0691 0.1848 0.0745 0.3233 0.3140 
 212 0.0048 0.0065 0.0145 0.0432 0.3985 0.1138 0.1480 0.2708 
 213 0.0046 0.0070 0.0187 0.0925 0.1162 0.1009 0.2826 0.3774 
 214 0.0049 0.0071 0.0128 0.0486 0.4333 0.0855 0.2073 0.2005 
 215 0.0046 0.0080 0.0202 0.0560 0.1421 0.0815 0.5735 0.1141 
 216 0.0083 0.0067 0.0182 0.0707 0.1233 0.1836 0.4259 0.1630 
 217 0.0049 0.0059 0.0188 0.0484 0.3931 0.0940 0.2238 0.2110 
 218 0.0052 0.0064 0.0198 0.0627 0.2002 0.0948 0.4831 0.1278 
 219 0.0107 0.0054 0.0288 0.0636 0.2752 0.1888 0.2704 0.1571 
 220 0.0048 0.0067 0.0126 0.0480 0.1593 0.0770 0.5835 0.1082 
 221 0.0047 0.0068 0.0124 0.0410 0.3188 0.0669 0.1118 0.4376 
 222 0.0088 0.0055 0.0181 0.0716 0.1774 0.2430 0.3136 0.1620 
 223 0.0051 0.0051 0.0193 0.0655 0.3680 0.1372 0.2556 0.1441 
 224 0.0059 0.0060 0.0127 0.0466 0.3352 0.0882 0.3619 0.1436 
 225 0.0051 0.0064 0.0159 0.0540 0.2060 0.0907 0.3843 0.2375 
 226 0.0068 0.0081 0.1176 0.0673 0.2105 0.1335 0.3058 0.1502 
 227 0.0051 0.0064 0.0128 0.0592 0.2196 0.0761 0.2514 0.3694 
 228 0.0053 0.0096 0.0131 0.0398 0.3180 0.0683 0.2123 0.3336 
 229 0.0053 0.0061 0.0127 0.0512 0.3679 0.0919 0.3525 0.1125 
 230 0.0051 0.0073 0.0125 0.0485 0.2940 0.0797 0.4266 0.1263 
 231 0.0050 0.0068 0.0137 0.0469 0.3414 0.1247 0.3541 0.1073 
 232 0.0056 0.0070 0.0226 0.0795 0.1753 0.1156 0.2309 0.3635 
 233 0.0050 0.0061 0.0125 0.0488 0.5083 0.0873 0.2032 0.1289 
 234 0.0045 0.0058 0.0160 0.0659 0.2444 0.1695 0.3761 0.1178 
 235 0.0056 0.0058 0.0233 0.0601 0.3029 0.1217 0.2680 0.2127 
 236 0.0050 0.0067 0.0161 0.0566 0.3759 0.1131 0.2870 0.1395 
 237 0.0049 0.0096 0.0135 0.0501 0.1370 0.0856 0.4569 0.2424 
 238 0.0046 0.0059 0.0125 0.0619 0.3911 0.1020 0.2128 0.2092 
 239 0.0051 0.0063 0.0128 0.0417 0.3518 0.0738 0.2658 0.2428 
 240 0.0047 0.0060 0.0127 0.0618 0.3911 0.1025 0.2134 0.2078 
 241 0.0061 0.0067 0.0165 0.0493 0.3783 0.0858 0.1816 0.2756 
 242 0.0058 0.0069 0.0301 0.0591 0.2373 0.1551 0.3092 0.1965 
 243 0.0047 0.0098 0.0125 0.0468 0.2575 0.0695 0.3341 0.2652 
 244 0.0051 0.0077 0.0126 0.0464 0.3749 0.0802 0.3386 0.1344 
 245 0.0048 0.0050 0.0127 0.0539 0.4706 0.0811 0.1351 0.2367 
 246 0.0053 0.0058 0.0188 0.0481 0.3927 0.0940 0.2225 0.2128 
 247 0.0044 0.0057 0.0249 0.1361 0.0825 0.1316 0.4462 0.1685 
 248 0.0045 0.0069 0.0144 0.0602 0.0989 0.0909 0.5941 0.1301 
 249 0.0052 0.0075 0.0127 0.0528 0.3457 0.0862 0.2982 0.1918 
 250 0.0049 0.0066 0.0155 0.0598 0.2966 0.1074 0.3808 0.1284 
 251 0.0054 0.0100 0.0494 0.0768 0.1770 0.1856 0.3366 0.1592 
 252 0.0052 0.0053 0.0160 0.0566 0.2736 0.1079 0.3076 0.2279 
 253 0.0052 0.0058 0.0282 0.0878 0.1117 0.1226 0.3115 0.3272 
 254 0.0079 0.0055 0.0150 0.0620 0.2024 0.1840 0.3742 0.1491 
 255 0.0049 0.0070 0.0140 0.0561 0.2689 0.1406 0.3664 0.1421 
 256 0.0054 0.0070 0.0151 0.0537 0.2907 0.0965 0.2674 0.2643 
 257 0.0103 0.0085 0.0169 0.0638 0.2130 0.1003 0.4239 0.1633 
 258 0.0042 0.0075 0.0174 0.0669 0.1760 0.1184 0.3959 0.2137 
 259 0.0053 0.0064 0.0150 0.0542 0.1804 0.0974 0.4892 0.1521 
 260 0.0079 0.0055 0.0153 0.0684 0.3166 0.2053 0.2424 0.1386 
 261 0.0050 0.0053 0.0167 0.0517 0.3430 0.1059 0.2151 0.2573 
 262 0.0049 0.0068 0.0171 0.0412 0.3056 0.0678 0.1700 0.3866 
 263 0.0074 0.0070 0.0123 0.0514 0.1282 0.1056 0.5527 0.1355 
 264 0.0105 0.0066 0.0185 0.0686 0.0759 0.3402 0.3553 0.1245 
 265 0.0051 0.0053 0.0235 0.0583 0.2761 0.1257 0.3801 0.1259 
 266 0.0047 0.0065 0.0126 0.0414 0.4178 0.0676 0.1253 0.3242 
 267 0.0048 0.0082 0.0136 0.0605 0.2475 0.1304 0.3190 0.2160 
 268 0.0045 0.0079 0.0170 0.0561 0.2376 0.0793 0.3319 0.2658 
 269 0.0050 0.0056 0.0396 0.0656 0.2861 0.2280 0.2439 0.1262 
 270 0.0074 0.0068 0.0148 0.0709 0.1326 0.1552 0.4791 0.1333 
 271 0.0051 0.0081 0.0199 0.0662 0.1692 0.1021 0.4808 0.1486 
 272 0.0064 0.0116 0.1131 0.0701 0.1786 0.1057 0.3501 0.1644 
 273 0.0363 0.0215 0.0333 0.0936 0.2570 0.1590 0.2607 0.1387 
 274 0.0055 0.0065 0.0290 0.0653 0.1979 0.1282 0.4282 0.1394 
 275 0.0098 0.0117 0.0410 0.0588 0.2352 0.1304 0.3856 0.1275 
 276 0.0071 0.0112 0.0749 0.0743 0.1213 0.1006 0.3153 0.2953 
 277 0.0053 0.0052 0.0190 0.0630 0.3122 0.1526 0.2887 0.1541 
 278 0.0044 0.0083 0.0210 0.0541 0.1765 0.0821 0.5189 0.1346 
 279 0.0054 0.0063 0.0193 0.0623 0.2445 0.1241 0.3744 0.1636 
 280 0.0054 0.0059 0.0357 0.0598 0.2008 0.1678 0.2990 0.2256 
 281 0.0055 0.0063 0.0182 0.0767 0.1974 0.1179 0.4353 0.1427 
 282 0.0047 0.0053 0.0159 0.0598 0.4443 0.1343 0.2152 0.1205 
 283 0.0050 0.0058 0.0129 0.0578 0.4708 0.0917 0.2142 0.1418 
 284 0.0045 0.0076 0.0170 0.0746 0.2908 0.1181 0.3408 0.1468 
 285 0.0046 0.0085 0.0216 0.0642 0.0705 0.1070 0.5562 0.1673 
 286 0.0052 0.0076 0.0123 0.0459 0.3748 0.0806 0.3382 0.1353 
 287 0.0059 0.0052 0.0300 0.0814 0.2575 0.1517 0.3330 0.1352 
 288 0.0063 0.0079 0.0798 0.0616 0.1745 0.1063 0.4420 0.1216 
 289 0.0076 0.0103 0.0514 0.0776 0.1450 0.1084 0.4725 0.1272 
 290 0.0087 0.0131 0.0168 0.0572 0.1250 0.1849 0.2674 0.3271 
 291 0.0052 0.0080 0.0198 0.0660 0.1691 0.1014 0.4822 0.1482 
 292 0.0054 0.0056 0.0340 0.0546 0.1994 0.1320 0.1955 0.3734 
 293 0.0062 0.0106 0.0176 0.0611 0.1073 0.2596 0.2481 0.2895 
 294 0.0089 0.0079 0.0163 0.0533 0.1035 0.1010 0.4864 0.2227 
 295 0.0064 0.0150 0.0627 0.0761 0.1500 0.1168 0.2770 0.2961 
 296 0.0049 0.0080 0.0188 0.0632 0.1705 0.0781 0.5218 0.1347 
 297 0.0059 0.0059 0.0324 0.0631 0.1483 0.1777 0.3764 0.1903 
 298 0.0052 0.0053 0.0157 0.0642 0.3635 0.1329 0.2984 0.1148 
 299 0.0090 0.0059 0.0126 0.0549 0.1502 0.1386 0.5068 0.1220 
 300 0.0052 0.0080 0.0175 0.0519 0.0959 0.0991 0.5357 0.1867 
 301 0.0076 0.0070 0.0220 0.0615 0.1351 0.1699 0.4649 0.1321 
 302 0.0084 0.0112 0.0179 0.0533 0.1207 0.0978 0.4477 0.2429 
 303 0.0054 0.0073 0.0179 0.0522 0.3028 0.1199 0.2819 0.2126 
 304 0.0080 0.0065 0.0136 0.0947 0.3685 0.2307 0.1571 0.1209 
 305 0.0052 0.0082 0.0190 0.0430 0.2853 0.0762 0.3294 0.2337 
 306 0.0056 0.0056 0.0236 0.0544 0.3665 0.1134 0.2037 0.2272 
 307 0.0060 0.0065 0.0190 0.0622 0.2279 0.1247 0.3676 0.1860 
 308 0.0048 0.0052 0.0170 0.0515 0.3421 0.1059 0.2149 0.2585 
 309 0.0191 0.0310 0.0236 0.0697 0.1559 0.0870 0.5039 0.1099 
 310 0.0048 0.0072 0.0126 0.0467 0.3103 0.0811 0.2973 0.2400 
 311 0.0052 0.0070 0.0127 0.0495 0.2957 0.0805 0.4223 0.1272 
 312 0.0043 0.0072 0.0124 0.0549 0.1565 0.0735 0.5677 0.1235 
 313 0.0050 0.0075 0.0149 0.0513 0.0914 0.0734 0.5092 0.2472 
 314 0.0051 0.0075 0.0173 0.0423 0.5852 0.0739 0.0801 0.1886 
 315 0.0047 0.0050 0.0316 0.0526 0.5436 0.0883 0.0854 0.1887 
 316 0.0081 0.0070 0.0549 0.0585 0.5635 0.1047 0.0919 0.1113 
 317 0.0055 0.0072 0.0185 0.0440 0.6582 0.0779 0.0796 0.1092 
 318 0.0053 0.0062 0.0191 0.0445 0.6827 0.0835 0.0789 0.0798 
 319 0.0056 0.0052 0.0142 0.0432 0.6435 0.0757 0.0888 0.1239 
 320 0.0052 0.0072 0.0172 0.0427 0.5831 0.0740 0.0810 0.1897 
 321 0.0055 0.0071 0.0192 0.0451 0.6564 0.0850 0.0794 0.1023 
 322 0.0085 0.0081 0.0484 0.0567 0.5213 0.0952 0.0946 0.1672 
 323 0.0135 0.0052 0.0155 0.0451 0.6659 0.0838 0.0821 0.0889 
 324 0.0054 0.0070 0.0195 0.0447 0.6557 0.0850 0.0798 0.1029 
 325 0.0055 0.0064 0.0532 0.0559 0.5935 0.0978 0.0861 0.1015 
 326 0.0143 0.0114 0.0811 0.0581 0.5478 0.0957 0.0850 0.1065 
 327 0.0055 0.0070 0.0181 0.0440 0.6589 0.0779 0.0802 0.1084 
 328 0.0051 0.0058 0.0356 0.0549 0.5497 0.0958 0.0950 0.1582 
 329 0.0051 0.0048 0.0147 0.0442 0.6788 0.0814 0.0787 0.0923 
 330 0.0053 0.0068 0.0180 0.0438 0.6586 0.0782 0.0804 0.1090 
 331 0.0051 0.0047 0.0145 0.0438 0.6804 0.0805 0.0840 0.0870 
 332 0.0195 0.0078 0.0641 0.0575 0.5604 0.1031 0.0842 0.1035 
 333 0.0126 0.0082 0.0521 0.0577 0.5600 0.0942 0.0936 0.1217 
 334 0.0050 0.0058 0.0353 0.0551 0.5505 0.0947 0.0959 0.1576 
 335 0.0049 0.0056 0.0333 0.0536 0.5610 0.0876 0.0865 0.1676 
 336 0.0177 0.0077 0.0207 0.0450 0.6092 0.0830 0.0780 0.1386 
 337 0.0055 0.0079 0.0533 0.0556 0.5550 0.0980 0.0877 0.1371 
 338 0.0061 0.0067 0.0202 0.0456 0.6754 0.0856 0.0797 0.0807 
 339 0.0052 0.0050 0.0148 0.0434 0.6782 0.0818 0.0850 0.0868 
 340 0.0051 0.0048 0.0140 0.0424 0.6830 0.0752 0.0849 0.0906 
 341 0.0151 0.0078 0.0200 0.0467 0.6449 0.0829 0.0886 0.0939 
 342 0.0056 0.0069 0.0181 0.0432 0.6595 0.0788 0.0801 0.1078 
 343 0.0126 0.0062 0.0327 0.0521 0.4632 0.0884 0.0821 0.2627 
 344 0.0052 0.0047 0.0149 0.0441 0.6881 0.0806 0.0783 0.0842 
 345 0.0054 0.0073 0.0181 0.0443 0.6576 0.0779 0.0800 0.1093 
 346 0.0054 0.0061 0.0180 0.0440 0.6860 0.0771 0.0792 0.0843 
 347 0.0051 0.0047 0.0140 0.0428 0.6916 0.0753 0.0781 0.0885 
 348 0.0047 0.0056 0.0269 0.0500 0.4693 0.0784 0.0847 0.2805 
 349 0.0055 0.0071 0.0178 0.0439 0.6572 0.0788 0.0798 0.1098 
 350 0.0052 0.0049 0.0141 0.0429 0.6162 0.0772 0.0889 0.1505 
 351 0.0051 0.0054 0.0330 0.0538 0.5624 0.0877 0.0870 0.1655 
 352 0.0055 0.0074 0.0474 0.0537 0.5601 0.0899 0.0871 0.1488 
 353 0.0174 0.0077 0.0204 0.0447 0.6118 0.0820 0.0777 0.1385 
 354 0.0073 0.0062 0.0159 0.0452 0.6697 0.0841 0.0830 0.0886 
 355 0.0054 0.0064 0.0186 0.0451 0.6814 0.0844 0.0791 0.0796 
 356 0.0044 0.0055 0.0255 0.0487 0.4152 0.0776 0.0858 0.3372 
 357 0.0049 0.0057 0.0579 0.0642 0.4123 0.2309 0.1116 0.1125 
 358 0.0061 0.0054 0.0406 0.0562 0.5939 0.0985 0.0862 0.1130 
 359 0.0059 0.0052 0.0154 0.0442 0.6743 0.0828 0.0849 0.0874 
 360 0.0053 0.0062 0.0178 0.0429 0.6871 0.0775 0.0791 0.0841 
 361 0.0051 0.0067 0.0573 0.0642 0.3472 0.2314 0.1155 0.1725 
 362 0.0055 0.0078 0.0788 0.1399 0.1150 0.2059 0.3020 0.1451 
 363 0.0077 0.0092 0.0409 0.1895 0.0800 0.2799 0.2582 0.1347 
 364 0.0210 0.0124 0.0248 0.0772 0.2374 0.2713 0.1700 0.1859 
 365 0.0178 0.0193 0.0500 0.0965 0.0919 0.4242 0.1623 0.1379 
 366 0.0064 0.0114 0.0446 0.0615 0.1355 0.2544 0.1982 0.2879 
 367 0.0051 0.0061 0.0454 0.4816 0.0659 0.1825 0.1249 0.0884 
 368 0.0056 0.0062 0.0219 0.1104 0.1064 0.1815 0.4561 0.1118 
 369 0.0088 0.0154 0.0240 0.0655 0.1433 0.2083 0.1566 0.3780 
 370 0.0162 0.0152 0.0260 0.1515 0.1168 0.1590 0.3841 0.1314 
 371 0.0136 0.0138 0.0214 0.0760 0.1431 0.2758 0.2862 0.1701 
 372 0.0495 0.0361 0.0291 0.1113 0.1288 0.1150 0.4019 0.1283 
 373 0.0064 0.0090 0.0200 0.2517 0.1526 0.2283 0.1601 0.1719 
 374 0.0076 0.0184 0.0544 0.1052 0.2377 0.2494 0.1660 0.1614 
 375 0.0192 0.0115 0.0243 0.1500 0.0796 0.3782 0.2414 0.0956 
 376 0.1106 0.0087 0.0401 0.1362 0.0735 0.4171 0.1085 0.1052 
 377 0.0079 0.0094 0.0578 0.0803 0.1162 0.2112 0.4005 0.1168 
 378 0.0056 0.0092 0.0198 0.3398 0.2456 0.1058 0.1569 0.1172 
 379 0.1924 0.0132 0.0375 0.1586 0.0646 0.3085 0.1183 0.1068 
 380 0.0135 0.0113 0.1135 0.0557 0.1573 0.2641 0.1287 0.2560 
 381 0.0106 0.0089 0.0238 0.0497 0.1140 0.4033 0.0902 0.2995 
 382 0.0053 0.0062 0.0266 0.1621 0.0974 0.4275 0.1881 0.0867 
 383 0.0222 0.0116 0.1651 0.0552 0.1982 0.2932 0.1565 0.0980 
 384 0.0720 0.0219 0.0338 0.1190 0.1554 0.3602 0.1362 0.1013 
 385 0.0080 0.1882 0.0208 0.0835 0.2200 0.2279 0.1580 0.0935 
 386 0.0046 0.0063 0.0379 0.2054 0.0827 0.3562 0.1858 0.1211 
 387 0.0052 0.0067 0.0310 0.1847 0.1019 0.3766 0.1689 0.1250 
 388 0.0174 0.0252 0.0301 0.1030 0.2386 0.2703 0.2078 0.1076 
 389 0.0107 0.0446 0.0217 0.0713 0.0999 0.1139 0.4594 0.1785 
 390 0.0198 0.0203 0.0693 0.2848 0.0724 0.1798 0.1261 0.2276 
 391 0.0165 0.0469 0.0332 0.1782 0.1149 0.1516 0.2043 0.2543 
 392 0.0088 0.0057 0.0268 0.1379 0.1553 0.3691 0.1659 0.1305 
 393 0.0086 0.0081 0.1110 0.0769 0.1255 0.2804 0.0993 0.2902 
 394 0.0053 0.0056 0.0519 0.2016 0.2829 0.1671 0.1727 0.1128 
 395 0.0044 0.0060 0.0852 0.1253 0.0906 0.1578 0.3091 0.2216 
 396 0.0063 0.0058 0.0175 0.1679 0.0680 0.3864 0.2506 0.0975 
 397 0.0973 0.0058 0.0160 0.0628 0.1769 0.2087 0.2596 0.1728 
 398 0.0446 0.0064 0.1324 0.2759 0.0733 0.2131 0.1289 0.1254 
 399 0.0050 0.0105 0.0498 0.4122 0.0931 0.1168 0.1597 0.1530 
 400 0.0075 0.0075 0.0221 0.2328 0.1085 0.3505 0.1029 0.1681 
 401 0.0049 0.0073 0.0241 0.3438 0.1151 0.1254 0.1517 0.2278 
 402 0.0074 0.0076 0.0197 0.1436 0.1170 0.2621 0.1988 0.2436 
 403 0.0086 0.0178 0.0319 0.1036 0.3349 0.1708 0.1715 0.1608 
 404 0.0077 0.0111 0.0183 0.0882 0.1242 0.3296 0.2622 0.1588 
 405 0.0050 0.0059 0.0571 0.0920 0.1194 0.2717 0.2485 0.2004 
 406 0.0047 0.0059 0.2641 0.0589 0.1323 0.1051 0.1419 0.2870 
 407 0.0046 0.0059 0.0841 0.0925 0.0668 0.4902 0.1409 0.1150 
 408 0.0044 0.0058 0.0165 0.2909 0.0615 0.1007 0.2945 0.2257 
 409 0.0119 0.0114 0.0623 0.0733 0.1316 0.1302 0.1031 0.4761 
 410 0.0874 0.0098 0.0494 0.2139 0.1190 0.2260 0.1309 0.1637 
 411 0.0208 0.0066 0.0213 0.0998 0.1678 0.3857 0.1192 0.1789 
 412 0.0055 0.0069 0.0223 0.1384 0.0983 0.2614 0.3604 0.1068 
 413 0.0052 0.0057 0.0229 0.1728 0.2174 0.1722 0.3084 0.0954 
 414 0.0046 0.0100 0.0169 0.1942 0.0742 0.2478 0.3661 0.0862 
 415 0.0061 0.0069 0.0457 0.1375 0.0838 0.3540 0.1490 0.2169 
 416 0.0065 0.0166 0.0206 0.1987 0.1052 0.2640 0.1200 0.2685 
 417 0.0065 0.0063 0.1835 0.1621 0.0790 0.2898 0.1514 0.1214 
 418 0.0074 0.0059 0.0209 0.3128 0.0803 0.2673 0.2141 0.0914 
 419 0.0119 0.0205 0.0326 0.1309 0.1824 0.2332 0.1576 0.2310 
 420 0.0044 0.0067 0.0210 0.3241 0.0693 0.1190 0.1365 0.3190 
 421 0.0073 0.0067 0.0741 0.1944 0.0819 0.2337 0.2624 0.1396 
 422 0.0068 0.0070 0.0862 0.0771 0.0884 0.1750 0.3235 0.2359 
 423 0.0091 0.0063 0.0578 0.1350 0.1168 0.2841 0.2625 0.1283 
 424 0.0076 0.0168 0.0764 0.2740 0.1132 0.1344 0.1672 0.2104 
 425 0.0229 0.0344 0.0267 0.1057 0.1468 0.3316 0.2008 0.1311 
 426 0.0369 0.0280 0.0730 0.2388 0.1500 0.1781 0.1629 0.1323 
 427 0.0052 0.0063 0.1433 0.2281 0.1702 0.2399 0.1001 0.1068 
 428 0.0230 0.0073 0.1709 0.0769 0.1629 0.1479 0.1614 0.2498 
 429 0.0065 0.0054 0.0362 0.2729 0.0658 0.3918 0.1334 0.0881 
 430 0.0056 0.0072 0.1553 0.1098 0.0768 0.3022 0.1755 0.1677 
 431 0.0100 0.0128 0.0424 0.2099 0.1425 0.1485 0.3239 0.1099 
 432 0.0059 0.0064 0.0220 0.1353 0.1136 0.1961 0.3934 0.1273 
 433 0.0089 0.0059 0.0179 0.0831 0.2677 0.1324 0.3103 0.1737 
 434 0.0058 0.0079 0.0212 0.0698 0.1351 0.2962 0.2446 0.2195 
 435 0.0049 0.0055 0.3016 0.1485 0.0708 0.2057 0.1519 0.1111 
 436 0.0079 0.0077 0.2723 0.2042 0.0973 0.1895 0.0680 0.1530 
 437 0.0085 0.0052 0.0438 0.0819 0.0796 0.5179 0.1644 0.0989 
 438 0.0057 0.0066 0.2441 0.1353 0.0917 0.1039 0.0952 0.3174 
 439 0.0057 0.0065 0.2602 0.1490 0.0888 0.2464 0.0849 0.1585 
 440 0.0041 0.0059 0.2955 0.2104 0.0598 0.2262 0.1029 0.0952 
 441 0.0056 0.0071 0.0836 0.1172 0.1266 0.3193 0.1256 0.2150 
 442 0.0063 0.0162 0.0238 0.1570 0.0744 0.3729 0.1838 0.1657 
 443 0.0046 0.0084 0.0512 0.3765 0.0636 0.1265 0.1096 0.2597 
 444 0.0064 0.0153 0.0495 0.1518 0.0743 0.3613 0.1665 0.1749 
 445 0.0501 0.0075 0.0528 0.0737 0.0977 0.1846 0.0932 0.4406 
 446 0.0512 0.0068 0.1545 0.3265 0.0759 0.1749 0.0801 0.1301 
 447 0.0065 0.0220 0.2222 0.1096 0.1161 0.1787 0.1227 0.2222 
 448 0.0055 0.0061 0.0759 0.1288 0.0813 0.3846 0.1736 0.1443 
 449 0.0055 0.0061 0.0735 0.1101 0.1152 0.3488 0.1548 0.1861 
 450 0.0083 0.0069 0.0228 0.1156 0.1164 0.5138 0.0978 0.1182 
 451 0.0053 0.0062 0.0432 0.2940 0.0623 0.1662 0.3232 0.0995 
 452 0.0063 0.0058 0.0382 0.1727 0.1141 0.4545 0.0936 0.1147 
 453 0.0044 0.0077 0.0238 0.1096 0.0771 0.1071 0.1250 0.5453 
 454 0.0051 0.0059 0.1005 0.1441 0.1363 0.3403 0.1362 0.1317 
 455 0.0046 0.0063 0.3222 0.1410 0.0664 0.1599 0.0925 0.2071 
 456 0.0062 0.0080 0.0813 0.1605 0.0668 0.2881 0.1363 0.2528 
 457 0.0067 0.0054 0.0867 0.0800 0.0835 0.4851 0.1340 0.1186 
 458 0.0528 0.0075 0.0900 0.1698 0.0843 0.3114 0.0978 0.1864 
 459 0.0052 0.0067 0.0953 0.2802 0.1222 0.1912 0.0837 0.2155 
 460 0.0047 0.0062 0.0766 0.4287 0.0728 0.1849 0.0892 0.1369 
 461 0.0067 0.0061 0.0242 0.5005 0.0755 0.2020 0.0890 0.0962 
 462 0.0091 0.0367 0.0390 0.1676 0.0562 0.2989 0.2024 0.1901 
 463 0.0044 0.0061 0.2315 0.0721 0.0820 0.1100 0.1292 0.3647 
 464 0.0043 0.0056 0.0809 0.3781 0.0664 0.1528 0.1069 0.2048 
 465 0.0077 0.0071 0.0450 0.2808 0.0800 0.2002 0.1708 0.2084 
 466 0.0044 0.0054 0.0830 0.2303 0.0667 0.1565 0.1553 0.2985 
 467 0.0059 0.0079 0.0507 0.1690 0.0939 0.2189 0.1578 0.2959 
 468 0.0058 0.0058 0.2993 0.0668 0.0664 0.2690 0.1171 0.1698 
 469 0.0049 0.0064 0.4637 0.0872 0.0722 0.1649 0.0845 0.1162 
 470 0.0050 0.0051 0.3560 0.2098 0.0718 0.1480 0.1059 0.0984 
 471 0.0062 0.0093 0.0281 0.2020 0.0785 0.2417 0.1647 0.2694 
 472 0.0067 0.0077 0.0277 0.1128 0.0712 0.3053 0.1792 0.2895 
 473 0.0056 0.0057 0.0897 0.0870 0.1138 0.2940 0.2333 0.1709 
 474 0.0053 0.0060 0.0344 0.1692 0.0991 0.3799 0.0924 0.2137 
 475 0.0059 0.0062 0.0450 0.2629 0.1189 0.1980 0.1384 0.2248 
 476 0.0082 0.0062 0.0428 0.1572 0.0744 0.4184 0.0863 0.2064 
 477 0.0074 0.0111 0.0565 0.2729 0.0986 0.1692 0.1456 0.2387 
 478 0.0068 0.0107 0.0335 0.5563 0.0696 0.1123 0.1113 0.0994 
 479 0.0049 0.0059 0.1265 0.2057 0.0714 0.3746 0.1027 0.1083 
 480 0.0063 0.0053 0.0880 0.1241 0.0787 0.5000 0.0918 0.1057 
 481 0.0055 0.0091 0.0277 0.1062 0.0771 0.3286 0.2948 0.1509 
 482 0.0064 0.0054 0.0451 0.2502 0.0710 0.4325 0.0951 0.0943 
 483 0.0064 0.0061 0.3144 0.1692 0.0894 0.1881 0.0883 0.1380 
 484 0.0056 0.0089 0.2457 0.0871 0.0773 0.1501 0.1322 0.2930 
 485 0.0052 0.0054 0.4912 0.1386 0.0701 0.1084 0.0815 0.0996 
 486 0.0087 0.0187 0.0197 0.1351 0.1038 0.1719 0.3367 0.2053 
 487 0.0104 0.0140 0.0215 0.0863 0.1924 0.2164 0.2560 0.2030 
 488 0.0083 0.0319 0.0218 0.1315 0.1639 0.1380 0.3802 0.1243 
 489 0.0087 0.0090 0.0147 0.0546 0.1433 0.2429 0.2674 0.2594 
 490 0.0064 0.0098 0.0225 0.2430 0.0706 0.1997 0.2428 0.2053 
 491 0.0071 0.0216 0.0158 0.0595 0.1639 0.1364 0.3849 0.2109 
 492 0.0052 0.0191 0.0180 0.1812 0.2468 0.1176 0.1498 0.2622 
 493 0.0116 0.0227 0.0160 0.0728 0.1379 0.1630 0.4650 0.1110 
 494 0.0302 0.0214 0.0242 0.0868 0.1515 0.1642 0.2846 0.2372 
 495 0.0313 0.0760 0.0183 0.2068 0.1855 0.1196 0.1504 0.2120 
 496 0.0057 0.0057 0.0198 0.0742 0.2189 0.1354 0.2087 0.3317 
 497 0.0158 0.0410 0.0164 0.0556 0.1780 0.1671 0.4138 0.1123 
 498 0.0094 0.0325 0.0218 0.1168 0.0870 0.2069 0.3029 0.2227 
 499 0.0211 0.0100 0.0192 0.0603 0.2730 0.1603 0.2651 0.1911 
 500 0.0160 0.0077 0.0280 0.0684 0.1245 0.2503 0.3747 0.1303 
 501 0.0112 0.0079 0.0214 0.1123 0.2205 0.2504 0.1846 0.1915 
 502 0.0083 0.0154 0.0193 0.1692 0.2621 0.1862 0.1747 0.1647 
 503 0.0077 0.0062 0.0275 0.0860 0.0963 0.3815 0.2694 0.1254 
 504 0.0082 0.0418 0.0214 0.1834 0.0979 0.1381 0.2867 0.2225 
 505 0.0078 0.0103 0.0218 0.0792 0.1380 0.1054 0.3312 0.3062 
 506 0.0070 0.0176 0.0157 0.1805 0.2264 0.1441 0.2099 0.1989 
 507 0.0077 0.0056 0.0148 0.0466 0.3773 0.0860 0.1443 0.3176 
 508 0.0138 0.0102 0.0147 0.0547 0.3575 0.0767 0.1900 0.2824 
 509 0.0074 0.0082 0.0200 0.0738 0.2133 0.1082 0.2932 0.2758 
 510 0.0236 0.0075 0.0155 0.0824 0.2949 0.2149 0.1920 0.1693 
 511 0.0116 0.0147 0.0564 0.2088 0.1036 0.2269 0.1702 0.2078 
 512 0.0076 0.0089 0.0225 0.1964 0.0805 0.4083 0.1696 0.1061 
 513 0.0084 0.2626 0.0129 0.0810 0.1093 0.0693 0.3001 0.1564 
 514 0.0071 0.0068 0.0208 0.2873 0.1360 0.1198 0.2771 0.1451 
 515 0.0123 0.0090 0.0633 0.0841 0.2097 0.2335 0.1690 0.2191 
 516 0.0088 0.0085 0.0225 0.1416 0.1145 0.1028 0.3700 0.2312 
 517 0.0069 0.0068 0.0644 0.1356 0.1832 0.1213 0.2059 0.2759 
 518 0.0657 0.0064 0.0153 0.0680 0.2663 0.2364 0.2320 0.1099 
 519 0.0057 0.0104 0.0264 0.3017 0.1301 0.1333 0.1911 0.2014 
 520 0.0070 0.0064 0.2016 0.0564 0.2517 0.0910 0.1321 0.2538 
 521 0.0054 0.0066 0.0173 0.1247 0.3380 0.1081 0.2674 0.1325 
 522 0.0261 0.0087 0.0369 0.0969 0.1146 0.2983 0.1803 0.2383 
 523 0.0073 0.0067 0.0382 0.1114 0.1726 0.0869 0.1550 0.4219 
 524 0.0076 0.0056 0.2609 0.0890 0.1541 0.1191 0.2261 0.1376 
 525 0.0850 0.0063 0.0522 0.0659 0.2308 0.1621 0.1626 0.2350 
 526 0.0051 0.0056 0.2981 0.0527 0.1080 0.0877 0.1363 0.3065 
 527 0.0701 0.0093 0.0169 0.1521 0.1175 0.2888 0.2257 0.1195 
 528 0.0046 0.0054 0.0136 0.0641 0.4339 0.1013 0.2419 0.1352 
 529 0.0780 0.0115 0.0152 0.0794 0.1957 0.1332 0.3505 0.1366 
 530 0.0070 0.0084 0.0353 0.0927 0.1412 0.2981 0.1614 0.2560 
 531 0.0068 0.0066 0.0466 0.0959 0.3586 0.1702 0.1218 0.1934 
 532 0.0189 0.0088 0.0151 0.0834 0.3130 0.1520 0.2890 0.1198 
 533 0.0632 0.0068 0.0457 0.0798 0.1292 0.1937 0.2946 0.1868 
 534 0.0719 0.0143 0.0166 0.0879 0.1775 0.0721 0.2921 0.2677 
 535 0.0055 0.0064 0.0476 0.1660 0.1025 0.1234 0.1523 0.3964 
 536 0.0071 0.0081 0.0521 0.0875 0.1533 0.1637 0.1758 0.3523 
 537 0.0061 0.0083 0.0172 0.0717 0.1544 0.1184 0.1326 0.4912 
 538 0.0049 0.0064 0.0299 0.0688 0.1606 0.1209 0.2479 0.3607 
 539 0.0048 0.0060 0.0129 0.0497 0.4206 0.0970 0.1456 0.2633 
 540 0.0064 0.0072 0.0461 0.0654 0.2178 0.1493 0.2649 0.2428 
 541 0.0076 0.0118 0.0234 0.0897 0.3363 0.1541 0.1353 0.2418 
 542 0.0054 0.0102 0.0417 0.0618 0.0796 0.1465 0.1959 0.4589 
 543 0.0074 0.0141 0.0466 0.1606 0.2138 0.0974 0.1684 0.2918 
 544 0.0045 0.0067 0.0292 0.0730 0.1166 0.1236 0.1341 0.5123 
 545 0.0048 0.0092 0.1190 0.0890 0.0709 0.1159 0.1598 0.4314 
 546 0.0048 0.0107 0.0177 0.0623 0.1320 0.1336 0.2433 0.3955 
 547 0.0047 0.0078 0.0340 0.0719 0.1071 0.0802 0.0967 0.5975 
 548 0.0052 0.0064 0.0155 0.0596 0.2948 0.1085 0.3794 0.1306 
 549 0.0069 0.0068 0.0528 0.0626 0.1853 0.1175 0.0828 0.4853 
 550 0.0045 0.0086 0.1614 0.1611 0.0870 0.1201 0.1185 0.3388 
 551 0.0072 0.0067 0.0261 0.0772 0.3027 0.1213 0.0959 0.3628 
 552 0.0056 0.0060 0.0171 0.0544 0.1745 0.1341 0.2334 0.3748 
 553 0.0074 0.0144 0.0335 0.0944 0.1863 0.0767 0.1270 0.4604 
 554 0.0106 0.0096 0.0310 0.0947 0.1763 0.2260 0.2491 0.2027 
 555 0.0061 0.0184 0.0212 0.0718 0.2523 0.1076 0.1803 0.3422 
 556 0.0054 0.0068 0.0170 0.0689 0.1348 0.1326 0.2290 0.4056 
 557 0.0048 0.0076 0.1511 0.1534 0.1274 0.1374 0.1223 0.2959 
 558 0.0065 0.0053 0.0521 0.2557 0.0735 0.4317 0.0837 0.0914 
 559 0.0057 0.0065 0.0170 0.1333 0.0875 0.1548 0.4126 0.1825 
 560 0.0047 0.0108 0.0803 0.4207 0.0570 0.1594 0.1602 0.1070 
 561 0.0057 0.0095 0.0353 0.1592 0.0744 0.2902 0.2584 0.1673 
 562 0.0057 0.0102 0.0494 0.1999 0.0575 0.2053 0.3434 0.1285 
 563 0.0083 0.0167 0.0338 0.2868 0.1483 0.1287 0.1108 0.2666 
 564 0.0078 0.0078 0.0325 0.0744 0.1068 0.1310 0.4979 0.1417 
 565 0.0052 0.0056 0.1152 0.0778 0.0798 0.4775 0.1197 0.1191 
 566 0.0041 0.0055 0.0476 0.4887 0.0609 0.1825 0.1224 0.0882 
 567 0.0053 0.0072 0.0258 0.0752 0.0738 0.1177 0.5811 0.1139 
 568 0.0055 0.0057 0.0436 0.1855 0.0986 0.1705 0.2988 0.1919 
 569 0.0072 0.0066 0.0592 0.1465 0.1130 0.2870 0.1887 0.1919 
 570 0.0074 0.0052 0.0504 0.1461 0.0659 0.4953 0.1517 0.0780 
 571 0.0050 0.0059 0.0488 0.3809 0.0951 0.1150 0.2440 0.1052 
 572 0.0041 0.0096 0.0400 0.0601 0.1646 0.1678 0.1284 0.4254 
 573 0.0061 0.0066 0.1920 0.0632 0.1000 0.1029 0.4301 0.0990 
 574 0.0071 0.0071 0.0409 0.0716 0.1731 0.3803 0.1447 0.1752 
 575 0.0055 0.0062 0.0287 0.2555 0.1417 0.1650 0.2045 0.1929 
 576 0.0054 0.0116 0.0476 0.3607 0.0639 0.2408 0.1870 0.0831 
 577 0.0079 0.0070 0.0223 0.0824 0.1519 0.3960 0.1484 0.1840 
 578 0.0054 0.0142 0.0867 0.2374 0.0906 0.1946 0.2411 0.1299 
 579 0.0055 0.0152 0.0319 0.1144 0.0844 0.3317 0.2797 0.1372 
 580 0.0053 0.0060 0.0390 0.0870 0.1144 0.4516 0.1579 0.1388 
 581 0.0054 0.0062 0.0585 0.1694 0.1020 0.3762 0.1566 0.1257 
 582 0.0060 0.0063 0.0640 0.2309 0.0623 0.3333 0.1299 0.1672 
 583 0.0499 0.0080 0.0434 0.3440 0.0943 0.1607 0.2007 0.0990 
 584 0.0063 0.0068 0.0347 0.2960 0.0734 0.2799 0.2105 0.0925 
 585 0.0059 0.0153 0.0534 0.2400 0.0769 0.2791 0.1953 0.1341 
 586 0.0049 0.0066 0.0178 0.3623 0.0953 0.1154 0.2071 0.1906 
 587 0.0084 0.0079 0.0191 0.0894 0.0632 0.3407 0.3014 0.1699 
 588 0.0062 0.0093 0.0138 0.0504 0.0815 0.0698 0.5764 0.1927 
 589 0.0059 0.0068 0.1813 0.1200 0.0722 0.2624 0.1899 0.1615 
 590 0.0064 0.0075 0.0161 0.1932 0.0818 0.1763 0.4170 0.1017 
 591 0.0054 0.0063 0.0248 0.2593 0.0993 0.1618 0.3302 0.1129 
 592 0.0044 0.0061 0.0492 0.2159 0.0699 0.1569 0.3155 0.1823 
 593 0.0052 0.0061 0.0750 0.1700 0.1149 0.1830 0.2863 0.1595 
 594 0.0438 0.0096 0.0300 0.1536 0.1550 0.1632 0.3236 0.1212 
 595 0.0076 0.0179 0.0167 0.1149 0.0658 0.4087 0.2829 0.0854 
 596 0.0043 0.0070 0.1605 0.0767 0.1167 0.1154 0.3873 0.1321 
 597 0.0077 0.0085 0.0352 0.3455 0.2521 0.0833 0.1452 0.1225 
 598 0.0068 0.0050 0.0653 0.1332 0.0708 0.5341 0.1014 0.0835 
 599 0.0058 0.0054 0.0346 0.3241 0.0622 0.1856 0.2552 0.1271 
 600 0.0046 0.0064 0.0358 0.0764 0.1145 0.3936 0.1481 0.2206 
 601 0.0045 0.0064 0.0325 0.2329 0.0593 0.3125 0.1744 0.1775 
 602 0.0067 0.0083 0.0222 0.0951 0.1707 0.1602 0.3729 0.1639 
 603 0.0054 0.0066 0.0181 0.0820 0.1655 0.1510 0.4267 0.1447 
 604 0.0109 0.0133 0.1096 0.0700 0.1380 0.2898 0.2201 0.1482 
 605 0.0055 0.0081 0.0383 0.1016 0.0974 0.2318 0.3337 0.1836 
 606 0.0091 0.0074 0.0290 0.0841 0.1646 0.2252 0.2730 0.2075 
 607 0.0066 0.0077 0.0317 0.0818 0.2674 0.2957 0.1911 0.1181 
 608 0.0057 0.0055 0.0336 0.1589 0.3861 0.1509 0.1075 0.1518 
 609 0.0083 0.0079 0.0327 0.0964 0.1035 0.3882 0.1495 0.2135 
 610 0.0054 0.0084 0.2543 0.0689 0.0953 0.1877 0.1840 0.1960 
 611 0.0068 0.0066 0.0233 0.1171 0.1657 0.1390 0.2980 0.2435 
 612 0.0132 0.0067 0.1105 0.0734 0.0789 0.4060 0.1074 0.2038 
 613 0.0361 0.0083 0.0430 0.0892 0.1099 0.2833 0.1997 0.2305 
 614 0.0066 0.0084 0.0280 0.0628 0.0777 0.5337 0.1639 0.1189 
 615 0.0057 0.0060 0.0809 0.0614 0.1311 0.3809 0.1714 0.1626 
 616 0.0050 0.0059 0.0192 0.0871 0.2015 0.3442 0.2323 0.1048 
 617 0.0163 0.0293 0.0542 0.0820 0.0853 0.3435 0.2476 0.1417 
 618 0.0108 0.0179 0.1304 0.0666 0.2172 0.2222 0.1824 0.1524 
 619 0.0044 0.0058 0.0649 0.1461 0.1697 0.1702 0.2330 0.2060 
 620 0.0044 0.0073 0.0425 0.1915 0.0574 0.1273 0.4199 0.1497 
 621 0.0081 0.0069 0.0314 0.2040 0.0881 0.3523 0.2013 0.1080 
 622 0.0134 0.0392 0.0693 0.0668 0.1399 0.2376 0.2864 0.1474 
 623 0.0048 0.0062 0.0389 0.1269 0.0890 0.1948 0.4038 0.1355 
 624 0.0089 0.0073 0.1130 0.1160 0.2312 0.2472 0.1402 0.1362 
 625 0.0200 0.0280 0.0437 0.1034 0.1883 0.3279 0.1629 0.1257 
 626 0.0287 0.0075 0.0704 0.0482 0.2491 0.1283 0.1048 0.3631 
 627 0.0044 0.0074 0.0238 0.0990 0.1036 0.2878 0.2762 0.1977 
 628 0.0051 0.0093 0.0236 0.1689 0.1218 0.1997 0.3434 0.1282 
 629 0.0058 0.0074 0.0194 0.1248 0.1343 0.2938 0.2723 0.1422 
 630 0.0139 0.0120 0.0384 0.1312 0.1031 0.3876 0.1708 0.1430 
 631 0.0055 0.0061 0.0253 0.0838 0.1141 0.4006 0.2463 0.1184 
 632 0.0053 0.0078 0.0237 0.0627 0.2285 0.1675 0.2875 0.2169 
 633 0.0065 0.0092 0.0514 0.1342 0.1758 0.3303 0.1515 0.1411 
 634 0.0059 0.0062 0.0264 0.1209 0.2041 0.2256 0.1967 0.2142 
 635 0.0053 0.0060 0.0265 0.0607 0.3511 0.2027 0.1459 0.2018 
 636 0.0075 0.0069 0.0347 0.1226 0.2332 0.2961 0.1536 0.1455 
 637 0.0055 0.0083 0.0260 0.0901 0.1072 0.1630 0.1668 0.4331 
 638 0.0067 0.0067 0.0234 0.0921 0.1760 0.2337 0.3302 0.1312 
 639 0.0061 0.0088 0.0387 0.0663 0.1510 0.3770 0.2125 0.1396 
 640 0.0060 0.0125 0.0234 0.2548 0.1253 0.2609 0.2178 0.0993 
 641 0.0093 0.0075 0.0234 0.0772 0.1281 0.2820 0.3498 0.1227 
 642 0.0056 0.0066 0.0226 0.0655 0.2567 0.1354 0.1458 0.3618 
 643 0.0056 0.0066 0.0152 0.0777 0.4791 0.1231 0.1246 0.1681 
 644 0.0057 0.0069 0.0179 0.0965 0.4094 0.1135 0.1507 0.1994 
 645 0.0123 0.0093 0.1231 0.0466 0.3856 0.1191 0.1186 0.1854 
