   1 0.0215 0.0694 0.0355 0.2907 0.2115 0.3714 
   2 0.0320 0.0152 0.5904 0.0931 0.1843 0.0850 
   3 0.0091 0.0527 0.0530 0.4631 0.1632 0.2589 
   4 0.0156 0.0292 0.0373 0.0970 0.1618 0.6592 
   5 0.1189 0.0227 0.2561 0.1665 0.3215 0.1143 
   6 0.0101 0.0166 0.0491 0.6786 0.1542 0.0914 
   7 0.0211 0.0136 0.0221 0.2455 0.6017 0.0960 
   8 0.0172 0.0264 0.0342 0.2934 0.2143 0.4145 
   9 0.0303 0.0300 0.1885 0.3123 0.2495 0.1893 
  10 0.0225 0.0139 0.0340 0.3262 0.3275 0.2758 
  11 0.0190 0.0150 0.0241 0.2303 0.6157 0.0959 
  12 0.0483 0.0242 0.2718 0.1625 0.3363 0.1569 
  13 0.0384 0.0232 0.0846 0.2479 0.4235 0.1823 
  14 0.0166 0.0684 0.2206 0.2113 0.2320 0.2512 
  15 0.0200 0.0272 0.0668 0.1837 0.3235 0.3788 
  16 0.0227 0.0311 0.0284 0.4917 0.2719 0.1541 
  17 0.0511 0.0427 0.0759 0.4189 0.2564 0.1548 
  18 0.0196 0.0258 0.2152 0.4054 0.1502 0.1839 
  19 0.0179 0.0154 0.0840 0.5140 0.2424 0.1263 
  20 0.0314 0.0291 0.0723 0.2347 0.4602 0.1723 
  21 0.0171 0.0503 0.1134 0.1893 0.2230 0.4070 
  22 0.0139 0.0237 0.0494 0.5891 0.1546 0.1692 
  23 0.0509 0.0862 0.1274 0.1407 0.1987 0.3962 
  24 0.0192 0.0313 0.0422 0.3413 0.2146 0.3513 
  25 0.0299 0.0207 0.0520 0.3414 0.4795 0.0765 
  26 0.0316 0.0275 0.0805 0.3874 0.2222 0.2508 
  27 0.0425 0.0580 0.0468 0.3373 0.2959 0.2194 
  28 0.0143 0.0218 0.0554 0.2112 0.2682 0.4290 
  29 0.0301 0.0304 0.0824 0.1405 0.5637 0.1529 
  30 0.0157 0.0348 0.0691 0.5961 0.1467 0.1376 
  31 0.0376 0.0424 0.0886 0.1994 0.3670 0.2649 
  32 0.0146 0.0281 0.1610 0.2944 0.2146 0.2874 
  33 0.0124 0.0519 0.0473 0.3531 0.2682 0.2671 
  34 0.0651 0.0186 0.0265 0.3443 0.4007 0.1448 
  35 0.0679 0.1317 0.1504 0.3225 0.1977 0.1298 
  36 0.0110 0.3846 0.0577 0.2596 0.1556 0.1315 
  37 0.0128 0.0364 0.1352 0.1419 0.3149 0.3588 
  38 0.0253 0.0805 0.0515 0.5562 0.2088 0.0777 
  39 0.0282 0.0921 0.0690 0.3608 0.3262 0.1236 
  40 0.0180 0.3038 0.0975 0.1965 0.1220 0.2621 
  41 0.0262 0.4068 0.0311 0.2459 0.1999 0.0901 
  42 0.0183 0.2506 0.0244 0.1501 0.1364 0.4202 
  43 0.0180 0.2796 0.0820 0.0959 0.3086 0.2159 
  44 0.0132 0.4669 0.0655 0.2159 0.1625 0.0760 
  45 0.0303 0.2290 0.1532 0.2601 0.2434 0.0840 
  46 0.0244 0.0824 0.0784 0.3812 0.3231 0.1105 
  47 0.0394 0.0410 0.1195 0.3420 0.2725 0.1856 
  48 0.0237 0.4535 0.1196 0.2258 0.0962 0.0813 
  49 0.0526 0.1240 0.0628 0.2866 0.3052 0.1688 
  50 0.0218 0.0414 0.0559 0.3513 0.3779 0.1518 
  51 0.0096 0.7211 0.0341 0.0751 0.0931 0.0670 
  52 0.0362 0.0989 0.0307 0.3309 0.3413 0.1620 
  53 0.0119 0.0517 0.0373 0.5647 0.1890 0.1454 
  54 0.0370 0.0507 0.4127 0.1062 0.2338 0.1595 
  55 0.0229 0.2504 0.2962 0.1003 0.1941 0.1360 
  56 0.0566 0.1468 0.1553 0.3530 0.1174 0.1709 
  57 0.0541 0.0162 0.0427 0.2805 0.2665 0.3400 
  58 0.0330 0.1784 0.1338 0.1897 0.2938 0.1713 
  59 0.0808 0.1840 0.0646 0.3348 0.2078 0.1280 
  60 0.0096 0.3851 0.0690 0.1287 0.1564 0.2512 
  61 0.0172 0.1711 0.4266 0.0551 0.1646 0.1654 
  62 0.2919 0.0253 0.0951 0.2774 0.1952 0.1151 
  63 0.0141 0.0911 0.0794 0.1271 0.4485 0.2399 
  64 0.0257 0.0217 0.0811 0.6148 0.1703 0.0865 
  65 0.0186 0.0216 0.0760 0.1159 0.7017 0.0661 
  66 0.0152 0.0334 0.2641 0.0895 0.3302 0.2676 
  67 0.0210 0.1925 0.3249 0.0847 0.2729 0.1040 
  68 0.0563 0.2095 0.0563 0.3054 0.2109 0.1617 
  69 0.0849 0.1102 0.0381 0.3688 0.1944 0.2036 
  70 0.0109 0.3603 0.0328 0.1296 0.2830 0.1835 
  71 0.0477 0.3706 0.0791 0.2110 0.2236 0.0679 
  72 0.0106 0.1228 0.0537 0.4172 0.2811 0.1145 
  73 0.0673 0.1574 0.2389 0.1066 0.3378 0.0920 
  74 0.0118 0.2344 0.0604 0.3266 0.1308 0.2359 
  75 0.0173 0.2722 0.0730 0.1864 0.0959 0.3552 
  76 0.0100 0.1322 0.1038 0.0993 0.5222 0.1325 
  77 0.0304 0.3669 0.0513 0.2126 0.2610 0.0777 
  78 0.0343 0.2943 0.0519 0.3397 0.1891 0.0907 
  79 0.0156 0.0123 0.0549 0.1817 0.6280 0.1075 
  80 0.0114 0.0147 0.0911 0.1030 0.2259 0.5540 
  81 0.0102 0.0119 0.1124 0.1385 0.3092 0.4177 
  82 0.0317 0.0480 0.0885 0.0948 0.4837 0.2532 
  83 0.0088 0.0249 0.1082 0.2040 0.3227 0.3315 
  84 0.0099 0.0152 0.0708 0.1367 0.4682 0.2992 
  85 0.0108 0.0209 0.0787 0.2616 0.2414 0.3866 
  86 0.0315 0.0490 0.3669 0.1533 0.3027 0.0966 
  87 0.0116 0.0221 0.0450 0.1242 0.6751 0.1220 
  88 0.0122 0.0176 0.0609 0.0979 0.4112 0.4002 
  89 0.0103 0.0145 0.1284 0.0957 0.3082 0.4429 
  90 0.0122 0.0141 0.0554 0.0874 0.7104 0.1204 
  91 0.0085 0.0240 0.0535 0.1619 0.1870 0.5651 
  92 0.0150 0.0162 0.0725 0.1441 0.5514 0.2008 
  93 0.0099 0.0146 0.0337 0.0675 0.1064 0.7678 
  94 0.0086 0.0271 0.0255 0.1854 0.6560 0.0974 
  95 0.0099 0.0160 0.0530 0.0689 0.5951 0.2572 
  96 0.0137 0.2097 0.1683 0.0596 0.2082 0.3406 
  97 0.0178 0.1616 0.1055 0.2597 0.1230 0.3324 
  98 0.0252 0.1545 0.1310 0.1845 0.2890 0.2157 
  99 0.0104 0.0135 0.0915 0.1098 0.5157 0.2592 
 100 0.0145 0.0191 0.2208 0.0605 0.1073 0.5777 
 101 0.0130 0.0335 0.0613 0.1129 0.5635 0.2158 
 102 0.0225 0.0532 0.0411 0.1060 0.3345 0.4428 
 103 0.0131 0.0207 0.4152 0.0671 0.3369 0.1470 
 104 0.0162 0.0249 0.0493 0.0811 0.6859 0.1427 
 105 0.0405 0.0252 0.0796 0.0628 0.5762 0.2157 
 106 0.0113 0.0251 0.0323 0.1835 0.6935 0.0544 
 107 0.0193 0.0224 0.2060 0.0690 0.5196 0.1637 
 108 0.0115 0.2040 0.3618 0.1940 0.1462 0.0824 
 109 0.1814 0.0425 0.0604 0.2179 0.4403 0.0574 
 110 0.0121 0.0192 0.0284 0.1680 0.7096 0.0627 
 111 0.0364 0.0182 0.0594 0.0628 0.7464 0.0768 
 112 0.2095 0.0321 0.0258 0.0929 0.5777 0.0619 
 113 0.0190 0.0411 0.3604 0.1786 0.2617 0.1391 
 114 0.0295 0.0188 0.0538 0.0741 0.6519 0.1720 
 115 0.0519 0.0985 0.0413 0.0935 0.6034 0.1114 
 116 0.0212 0.1086 0.0605 0.2282 0.5195 0.0621 
 117 0.0371 0.0344 0.0249 0.1422 0.6717 0.0897 
 118 0.0536 0.0248 0.3613 0.0880 0.3953 0.0771 
 119 0.0090 0.2360 0.0785 0.0811 0.2569 0.3385 
 120 0.0787 0.0375 0.0550 0.0940 0.6183 0.1166 
 121 0.0837 0.1787 0.0366 0.0930 0.5256 0.0823 
 122 0.0235 0.0203 0.0460 0.1563 0.6780 0.0760 
 123 0.0149 0.0289 0.0671 0.1022 0.6838 0.1031 
 124 0.0314 0.0880 0.0798 0.2446 0.4772 0.0790 
 125 0.0527 0.0679 0.0271 0.4107 0.3391 0.1025 
 126 0.0109 0.0731 0.0554 0.1223 0.6166 0.1216 
 127 0.0240 0.0213 0.0712 0.0575 0.7419 0.0841 
 128 0.0435 0.0260 0.2927 0.0781 0.4724 0.0874 
 129 0.0234 0.0232 0.1580 0.0642 0.6604 0.0708 
 130 0.0483 0.0154 0.1095 0.0821 0.5851 0.1597 
 131 0.0343 0.1556 0.0515 0.2870 0.4053 0.0663 
 132 0.0176 0.0257 0.0939 0.1309 0.6710 0.0608 
 133 0.0184 0.0315 0.1757 0.0734 0.5991 0.1018 
 134 0.0194 0.0154 0.0292 0.1131 0.7770 0.0459 
 135 0.0565 0.0880 0.0682 0.0725 0.1153 0.5995 
 136 0.0295 0.0148 0.0360 0.0935 0.0747 0.7514 
 137 0.0272 0.0138 0.0281 0.0625 0.1303 0.7382 
 138 0.0099 0.0224 0.0292 0.0763 0.0776 0.7846 
 139 0.0204 0.0491 0.3619 0.1078 0.1175 0.3434 
 140 0.0130 0.0466 0.0528 0.1164 0.2308 0.5405 
 141 0.0240 0.0215 0.0446 0.1529 0.0873 0.6696 
 142 0.0356 0.1173 0.1066 0.0688 0.1122 0.5595 
 143 0.0093 0.0147 0.0336 0.0535 0.0698 0.8191 
 144 0.0262 0.0159 0.0311 0.0557 0.1281 0.7430 
 145 0.0464 0.0282 0.0507 0.1734 0.0955 0.6057 
 146 0.0181 0.0303 0.0276 0.1431 0.2225 0.5584 
 147 0.0109 0.0126 0.0260 0.0607 0.0703 0.8195 
 148 0.0298 0.0403 0.0675 0.0996 0.1686 0.5941 
 149 0.0178 0.0352 0.0445 0.0828 0.0801 0.7396 
 150 0.0327 0.0178 0.0484 0.0739 0.2182 0.6090 
 151 0.0116 0.0166 0.0399 0.0614 0.1057 0.7648 
 152 0.0344 0.0775 0.0584 0.1377 0.1370 0.5550 
 153 0.0108 0.0347 0.0260 0.0882 0.1083 0.7320 
 154 0.0293 0.0243 0.0509 0.0866 0.0806 0.7284 
 155 0.0096 0.0166 0.0360 0.0576 0.0966 0.7836 
 156 0.0176 0.0687 0.0596 0.0490 0.1300 0.6751 
 157 0.0085 0.0158 0.0293 0.0727 0.2183 0.6553 
 158 0.0451 0.0219 0.0347 0.1654 0.0880 0.6449 
 159 0.0153 0.0127 0.0318 0.0581 0.0685 0.8136 
 160 0.0172 0.0128 0.0380 0.0594 0.0708 0.8019 
 161 0.0121 0.0245 0.0320 0.1072 0.1340 0.6901 
 162 0.0241 0.0341 0.0390 0.1552 0.2398 0.5078 
 163 0.0095 0.0250 0.0310 0.0523 0.0900 0.7922 
 164 0.0167 0.0199 0.0607 0.0944 0.2372 0.5711 
 165 0.0324 0.0175 0.0365 0.0630 0.1966 0.6540 
 166 0.0094 0.0441 0.0499 0.1056 0.2394 0.5515 
 167 0.0310 0.0209 0.0233 0.1356 0.1336 0.6556 
 168 0.0111 0.0390 0.0299 0.1228 0.0996 0.6976 
 169 0.0476 0.0353 0.0307 0.4031 0.0811 0.4022 
 170 0.0099 0.0418 0.0621 0.0617 0.1298 0.6946 
 171 0.0156 0.0311 0.0529 0.1364 0.1502 0.6138 
 172 0.0189 0.1232 0.0438 0.1967 0.0797 0.5378 
 173 0.0155 0.0149 0.0618 0.0601 0.0750 0.7727 
 174 0.0107 0.0127 0.0323 0.0673 0.1045 0.7724 
 175 0.0148 0.0197 0.0342 0.0874 0.0731 0.7708 
 176 0.0268 0.0159 0.0319 0.0555 0.1277 0.7422 
 177 0.0115 0.0227 0.0271 0.1194 0.2536 0.5657 
 178 0.0145 0.0139 0.0421 0.1160 0.1140 0.6995 
 179 0.0087 0.0133 0.0418 0.0594 0.0737 0.8032 
 180 0.0230 0.0340 0.0270 0.1431 0.1493 0.6236 
 181 0.0237 0.0305 0.0605 0.0972 0.0929 0.6952 
 182 0.0224 0.0204 0.0564 0.0537 0.0804 0.7666 
 183 0.0108 0.0156 0.0462 0.0625 0.0768 0.7880 
 184 0.0149 0.0144 0.6928 0.1005 0.1056 0.0719 
 185 0.0189 0.0815 0.0611 0.0488 0.0701 0.7195 
 186 0.0107 0.0180 0.4728 0.1040 0.3102 0.0842 
 187 0.0095 0.0199 0.5725 0.0806 0.1041 0.2133 
 188 0.0109 0.0166 0.6528 0.0780 0.1797 0.0619 
 189 0.0103 0.0322 0.2462 0.3116 0.1243 0.2753 
 190 0.0176 0.1629 0.4485 0.0419 0.0810 0.2481 
 191 0.0153 0.0132 0.7264 0.0681 0.0991 0.0779 
 192 0.0108 0.0162 0.4776 0.0830 0.1766 0.2358 
 193 0.0261 0.0278 0.3751 0.1335 0.1783 0.2593 
 194 0.0121 0.0341 0.2610 0.0855 0.2507 0.3566 
 195 0.0093 0.0268 0.6327 0.0493 0.0725 0.2094 
 196 0.0146 0.0535 0.6075 0.0541 0.1097 0.1606 
 197 0.0165 0.0422 0.2761 0.2093 0.2539 0.2020 
 198 0.0121 0.0324 0.2293 0.1741 0.3307 0.2213 
 199 0.0213 0.0923 0.3779 0.0797 0.1386 0.2902 
 200 0.0307 0.0508 0.5582 0.1108 0.1102 0.1393 
 201 0.0104 0.0232 0.4088 0.0600 0.0902 0.4073 
 202 0.0141 0.0465 0.1190 0.0517 0.1184 0.6502 
 203 0.0143 0.0204 0.4731 0.0522 0.0732 0.3667 
 204 0.0102 0.0232 0.7433 0.0453 0.0724 0.1055 
 205 0.0110 0.0237 0.7242 0.0636 0.0907 0.0868 
 206 0.0105 0.0185 0.7169 0.0511 0.0782 0.1247 
 207 0.0209 0.0278 0.6678 0.0498 0.1173 0.1163 
 208 0.0131 0.0273 0.6030 0.0516 0.0895 0.2155 
 209 0.0204 0.0215 0.6323 0.0759 0.1198 0.1301 
 210 0.0102 0.0180 0.6982 0.0530 0.1008 0.1199 
 211 0.1548 0.1389 0.1486 0.0601 0.2086 0.2891 
 212 0.0140 0.0350 0.1825 0.0842 0.1037 0.5807 
 213 0.0134 0.1228 0.2125 0.0896 0.3498 0.2119 
 214 0.0199 0.0276 0.3162 0.0612 0.0889 0.4862 
 215 0.0140 0.0202 0.7479 0.0576 0.0945 0.0657 
 216 0.0195 0.0229 0.4814 0.1637 0.1838 0.1287 
 217 0.0112 0.0260 0.5340 0.0676 0.0762 0.2850 
 218 0.0112 0.0146 0.7119 0.0673 0.1011 0.0938 
 219 0.0125 0.0197 0.3662 0.2108 0.1356 0.2552 
 220 0.0105 0.0156 0.7702 0.0481 0.0807 0.0749 
 221 0.0134 0.0593 0.0857 0.0496 0.0695 0.7226 
 222 0.0129 0.0209 0.3769 0.2135 0.1965 0.1794 
 223 0.0106 0.0255 0.3070 0.1307 0.1469 0.3794 
 224 0.0125 0.0176 0.5458 0.0549 0.0837 0.2855 
 225 0.0113 0.0259 0.6964 0.0572 0.0907 0.1186 
 226 0.0142 0.0188 0.5564 0.1711 0.1047 0.1347 
 227 0.0120 0.0766 0.3646 0.0563 0.1462 0.3442 
 228 0.0185 0.0792 0.5526 0.0491 0.0753 0.2253 
 229 0.0100 0.0135 0.5940 0.0551 0.0799 0.2475 
 230 0.0125 0.0145 0.6602 0.0479 0.0754 0.1896 
 231 0.0145 0.0137 0.6345 0.0767 0.0895 0.1711 
 232 0.0172 0.0478 0.1969 0.1299 0.2086 0.3996 
 233 0.0173 0.0203 0.2691 0.0632 0.0879 0.5422 
 234 0.0154 0.0169 0.4737 0.1207 0.1918 0.1815 
 235 0.0118 0.0305 0.4476 0.1171 0.1191 0.2740 
 236 0.0170 0.0191 0.4751 0.0762 0.1031 0.3095 
 237 0.0265 0.0278 0.6397 0.0619 0.1226 0.1216 
 238 0.0131 0.0274 0.2273 0.0731 0.1430 0.5160 
 239 0.0092 0.0270 0.6322 0.0486 0.0724 0.2106 
 240 0.0132 0.0267 0.2330 0.0730 0.1404 0.5136 
 241 0.0139 0.0318 0.1571 0.0681 0.1048 0.6242 
 242 0.0109 0.0195 0.6234 0.1292 0.0966 0.1204 
 243 0.0192 0.0579 0.6284 0.0450 0.0832 0.1664 
 244 0.0148 0.0173 0.5916 0.0488 0.0745 0.2529 
 245 0.0088 0.0310 0.0915 0.0555 0.1046 0.7084 
 246 0.0112 0.0259 0.5388 0.0659 0.0754 0.2828 
 247 0.0108 0.0379 0.2593 0.1157 0.4896 0.0867 
 248 0.0205 0.0244 0.6609 0.0628 0.1540 0.0774 
 249 0.0154 0.0221 0.4815 0.0566 0.0925 0.3319 
 250 0.0145 0.0161 0.5849 0.0682 0.1020 0.2143 
 251 0.0257 0.0286 0.4659 0.2089 0.1556 0.1153 
 252 0.0092 0.0244 0.6325 0.0671 0.1000 0.1668 
 253 0.0132 0.0515 0.3475 0.1297 0.2966 0.1615 
 254 0.0132 0.0196 0.5938 0.1122 0.1283 0.1328 
 255 0.0151 0.0202 0.5550 0.0939 0.1357 0.1802 
 256 0.0168 0.0330 0.4234 0.0767 0.1140 0.3361 
 257 0.0207 0.0283 0.5083 0.0816 0.1649 0.1963 
 258 0.0169 0.0620 0.4476 0.0850 0.2515 0.1370 
 259 0.0158 0.0183 0.6113 0.0669 0.1097 0.1780 
 260 0.0154 0.0187 0.3398 0.1580 0.1507 0.3175 
 261 0.0100 0.0365 0.5023 0.0709 0.1020 0.2784 
 262 0.0129 0.0596 0.5093 0.0529 0.0713 0.2940 
 263 0.0144 0.0175 0.7299 0.0638 0.0903 0.0841 
 264 0.0200 0.0307 0.2730 0.4260 0.1759 0.0743 
 265 0.0101 0.0171 0.6738 0.0816 0.0945 0.1228 
 266 0.0131 0.0434 0.1432 0.0489 0.0735 0.6780 
 267 0.0316 0.0259 0.3757 0.0942 0.1813 0.2912 
 268 0.0143 0.0533 0.6024 0.0543 0.1104 0.1654 
 269 0.0123 0.0167 0.4867 0.2090 0.1111 0.1642 
 270 0.0179 0.0188 0.5444 0.1273 0.1723 0.1193 
 271 0.0174 0.0345 0.5817 0.0881 0.1663 0.1120 
 272 0.0186 0.0288 0.6003 0.1286 0.1156 0.1081 
 273 0.0293 0.0259 0.4401 0.1445 0.1516 0.2087 
 274 0.0138 0.0188 0.5766 0.1274 0.1328 0.1305 
 275 0.0171 0.0168 0.6813 0.0898 0.0842 0.1108 
 276 0.0279 0.0410 0.5071 0.1284 0.1403 0.1551 
 277 0.0111 0.0190 0.4357 0.1227 0.1454 0.2661 
 278 0.0152 0.0264 0.7319 0.0569 0.0928 0.0769 
 279 0.0145 0.0203 0.5373 0.1037 0.1343 0.1899 
 280 0.0136 0.0331 0.4966 0.1776 0.1111 0.1680 
 281 0.0133 0.0222 0.5171 0.1054 0.1937 0.1482 
 282 0.0126 0.0176 0.3392 0.0985 0.1162 0.4159 
 283 0.0110 0.0212 0.2746 0.0674 0.1082 0.5176 
 284 0.0190 0.0279 0.3600 0.0853 0.2157 0.2921 
 285 0.0208 0.0637 0.5822 0.0992 0.1683 0.0659 
 286 0.0144 0.0173 0.5932 0.0489 0.0734 0.2528 
 287 0.0095 0.0181 0.4601 0.1645 0.1664 0.1814 
 288 0.0119 0.0150 0.7373 0.0817 0.0787 0.0753 
 289 0.0147 0.0261 0.6550 0.0846 0.1346 0.0850 
 290 0.0400 0.1082 0.3088 0.2152 0.1285 0.1992 
 291 0.0180 0.0348 0.5769 0.0885 0.1682 0.1135 
 292 0.0121 0.0764 0.4118 0.1589 0.1077 0.2331 
 293 0.0370 0.1378 0.1616 0.3061 0.2180 0.1395 
 294 0.0122 0.0209 0.7380 0.0668 0.0839 0.0782 
 295 0.0340 0.0558 0.3517 0.1690 0.1746 0.2149 
 296 0.0131 0.0195 0.7261 0.0576 0.1048 0.0789 
 297 0.0125 0.0254 0.5529 0.1738 0.1193 0.1162 
 298 0.0110 0.0146 0.4825 0.0857 0.1189 0.2873 
 299 0.0102 0.0143 0.7161 0.0754 0.0957 0.0882 
 300 0.0157 0.0313 0.6729 0.0872 0.1020 0.0909 
 301 0.0191 0.0160 0.5993 0.1477 0.1140 0.1038 
 302 0.0187 0.0354 0.6871 0.0707 0.0935 0.0946 
 303 0.0149 0.0294 0.4197 0.0971 0.1029 0.3360 
 304 0.0205 0.0185 0.0928 0.2167 0.2130 0.4386 
 305 0.0120 0.0229 0.6766 0.0558 0.0711 0.1615 
 306 0.0115 0.0267 0.3684 0.1124 0.0970 0.3840 
 307 0.0227 0.0232 0.3391 0.1170 0.1565 0.3415 
 308 0.0099 0.0364 0.5040 0.0721 0.1005 0.2771 
 309 0.0153 0.0206 0.7457 0.0504 0.0991 0.0689 
 310 0.0148 0.0321 0.5980 0.0517 0.0814 0.2220 
 311 0.0118 0.0146 0.6559 0.0491 0.0764 0.1921 
 312 0.0109 0.0207 0.7344 0.0470 0.1082 0.0788 
 313 0.0150 0.0528 0.6969 0.0509 0.1038 0.0806 
 314 0.0101 0.0247 0.0350 0.0556 0.0665 0.8081 
 315 0.0090 0.0338 0.0281 0.0801 0.0817 0.7673 
 316 0.0104 0.0243 0.0329 0.1084 0.0870 0.7370 
 317 0.0102 0.0143 0.0286 0.0590 0.0672 0.8207 
 318 0.0097 0.0115 0.0245 0.0647 0.0669 0.8227 
 319 0.0106 0.0148 0.0351 0.0552 0.0698 0.8145 
 320 0.0099 0.0242 0.0347 0.0556 0.0665 0.8090 
 321 0.0106 0.0132 0.0259 0.0664 0.0685 0.8153 
 322 0.0112 0.0372 0.0392 0.0944 0.0893 0.7286 
 323 0.0092 0.0119 0.0275 0.0615 0.0685 0.8213 
 324 0.0109 0.0132 0.0256 0.0658 0.0685 0.8160 
 325 0.0098 0.0193 0.0238 0.1004 0.0826 0.7641 
 326 0.0129 0.0239 0.0264 0.1028 0.0824 0.7515 
 327 0.0102 0.0142 0.0286 0.0594 0.0670 0.8206 
 328 0.0095 0.0247 0.0292 0.0878 0.0895 0.7592 
 329 0.0089 0.0114 0.0246 0.0581 0.0681 0.8288 
 330 0.0104 0.0141 0.0279 0.0591 0.0680 0.8205 
 331 0.0088 0.0115 0.0288 0.0579 0.0688 0.8242 
 332 0.0111 0.0195 0.0233 0.1143 0.0838 0.7479 
 333 0.0116 0.0253 0.0309 0.0878 0.0862 0.7583 
 334 0.0094 0.0247 0.0289 0.0884 0.0901 0.7584 
 335 0.0098 0.0269 0.0266 0.0777 0.0847 0.7744 
 336 0.0112 0.0179 0.0289 0.0667 0.0676 0.8076 
 337 0.0105 0.0241 0.0252 0.1039 0.0858 0.7506 
 338 0.0103 0.0115 0.0244 0.0678 0.0682 0.8177 
 339 0.0087 0.0115 0.0279 0.0587 0.0687 0.8246 
 340 0.0087 0.0124 0.0308 0.0519 0.0672 0.8290 
 341 0.0131 0.0135 0.0328 0.0600 0.0696 0.8110 
 342 0.0101 0.0142 0.0279 0.0595 0.0677 0.8206 
 343 0.0100 0.0469 0.0286 0.0865 0.0854 0.7425 
 344 0.0087 0.0110 0.0241 0.0566 0.0670 0.8326 
 345 0.0100 0.0144 0.0284 0.0588 0.0678 0.8206 
 346 0.0093 0.0124 0.0274 0.0576 0.0654 0.8278 
 347 0.0087 0.0121 0.0268 0.0527 0.0656 0.8340 
 348 0.0094 0.0560 0.0338 0.0713 0.0831 0.7465 
 349 0.0104 0.0142 0.0283 0.0586 0.0671 0.8214 
 350 0.0096 0.0178 0.0362 0.0559 0.0686 0.8118 
 351 0.0093 0.0269 0.0271 0.0775 0.0853 0.7738 
 352 0.0104 0.0280 0.0273 0.0886 0.0849 0.7609 
 353 0.0109 0.0182 0.0291 0.0677 0.0667 0.8074 
 354 0.0101 0.0116 0.0273 0.0590 0.0681 0.8239 
 355 0.0098 0.0117 0.0245 0.0646 0.0663 0.8231 
 356 0.0095 0.0585 0.0335 0.0702 0.0838 0.7444 
 357 0.0136 0.0202 0.0388 0.2710 0.1405 0.5158 
 358 0.0096 0.0193 0.0235 0.0910 0.0838 0.7728 
 359 0.0095 0.0117 0.0283 0.0601 0.0692 0.8213 
 360 0.0097 0.0124 0.0262 0.0574 0.0654 0.8288 
 361 0.0149 0.0276 0.0444 0.2751 0.1510 0.4869 
 362 0.0147 0.0275 0.1984 0.3035 0.3455 0.1104 
 363 0.0144 0.0338 0.0767 0.3338 0.4605 0.0807 
 364 0.0380 0.0240 0.0563 0.3110 0.1986 0.3721 
 365 0.0831 0.0279 0.0577 0.5660 0.1753 0.0900 
 366 0.0289 0.1307 0.1264 0.3592 0.1576 0.1972 
 367 0.0107 0.0161 0.0276 0.1950 0.6950 0.0556 
 368 0.0157 0.0141 0.0846 0.1293 0.6497 0.1066 
 369 0.0243 0.1082 0.0760 0.2113 0.2030 0.3772 
 370 0.0289 0.0211 0.2226 0.1186 0.4849 0.1239 
 371 0.0364 0.0296 0.2896 0.2431 0.2398 0.1615 
 372 0.0734 0.0253 0.3943 0.1025 0.2654 0.1392 
 373 0.0212 0.0206 0.0643 0.2140 0.4948 0.1851 
 374 0.0468 0.0201 0.0752 0.2976 0.2293 0.3310 
 375 0.0262 0.0178 0.0759 0.3091 0.4976 0.0734 
 376 0.0158 0.0168 0.0216 0.7076 0.1729 0.0652 
 377 0.0237 0.0340 0.1092 0.3087 0.4098 0.1148 
 378 0.0142 0.0180 0.0522 0.0843 0.5792 0.2519 
 379 0.0276 0.0260 0.0339 0.6804 0.1730 0.0590 
 380 0.0173 0.0598 0.0746 0.5475 0.1074 0.1933 
 381 0.0145 0.0744 0.0437 0.5821 0.0969 0.1884 
 382 0.0148 0.0136 0.0449 0.3727 0.4670 0.0871 
 383 0.0231 0.0212 0.0842 0.6258 0.0862 0.1596 
 384 0.0539 0.0251 0.0896 0.4699 0.2108 0.1507 
 385 0.4547 0.0123 0.0390 0.1485 0.1336 0.2119 
 386 0.0119 0.0195 0.0425 0.3308 0.5147 0.0805 
 387 0.0193 0.0259 0.0352 0.3541 0.4675 0.0979 
 388 0.0714 0.0160 0.0865 0.2346 0.3094 0.2820 
 389 0.3077 0.0729 0.2140 0.0995 0.2128 0.0932 
 390 0.0225 0.1479 0.0711 0.2231 0.4590 0.0764 
 391 0.1799 0.0625 0.0602 0.1659 0.3804 0.1511 
 392 0.0115 0.0254 0.0650 0.5078 0.2354 0.1548 
 393 0.0133 0.0981 0.0299 0.6177 0.1113 0.1296 
 394 0.0100 0.0203 0.0589 0.2156 0.3852 0.3101 
 395 0.0118 0.1411 0.1512 0.2610 0.3401 0.0949 
 396 0.0129 0.0155 0.0498 0.2949 0.5664 0.0606 
 397 0.0278 0.0232 0.3196 0.2790 0.1561 0.1943 
 398 0.0122 0.0259 0.0248 0.5506 0.3212 0.0653 
 399 0.0199 0.0346 0.0667 0.1795 0.6131 0.0862 
 400 0.0152 0.0214 0.0285 0.3622 0.4497 0.1231 
 401 0.0125 0.0635 0.0367 0.1105 0.6521 0.1248 
 402 0.0250 0.0839 0.0793 0.2513 0.4152 0.1452 
 403 0.0478 0.0231 0.0660 0.1673 0.2458 0.4500 
 404 0.0334 0.0210 0.1118 0.3941 0.2705 0.1692 
 405 0.0138 0.0333 0.0926 0.4198 0.2844 0.1561 
 406 0.0098 0.4206 0.0558 0.2497 0.0985 0.1656 
 407 0.0106 0.0178 0.0316 0.7083 0.1704 0.0613 
 408 0.0092 0.0656 0.0688 0.0669 0.7291 0.0604 
 409 0.0155 0.2313 0.0339 0.2131 0.1493 0.3568 
 410 0.0379 0.0348 0.0473 0.4160 0.3200 0.1440 
 411 0.0136 0.0710 0.0367 0.4756 0.1937 0.2094 
 412 0.0149 0.0133 0.0789 0.1732 0.6208 0.0990 
 413 0.0102 0.0159 0.0889 0.1280 0.5325 0.2245 
 414 0.0436 0.0146 0.0957 0.1841 0.5956 0.0664 
 415 0.0131 0.0581 0.0456 0.5746 0.2122 0.0965 
 416 0.0449 0.0535 0.0612 0.3215 0.3643 0.1545 
 417 0.0109 0.0208 0.0390 0.6067 0.2481 0.0744 
 418 0.0113 0.0130 0.0396 0.1968 0.6715 0.0678 
 419 0.0481 0.0516 0.0583 0.2269 0.3368 0.2783 
 420 0.0103 0.1556 0.0403 0.1146 0.5957 0.0835 
 421 0.0112 0.0228 0.0545 0.3313 0.4895 0.0907 
 422 0.0163 0.0991 0.1882 0.3820 0.2104 0.1041 
 423 0.0160 0.0296 0.0861 0.4907 0.2646 0.1131 
 424 0.0265 0.1255 0.0288 0.1439 0.5511 0.1243 
 425 0.1994 0.0228 0.0699 0.3185 0.2415 0.1479 
 426 0.0697 0.0230 0.0414 0.2446 0.4607 0.1606 
 427 0.0101 0.0285 0.0237 0.4939 0.2641 0.1796 
 428 0.0211 0.0785 0.0697 0.3976 0.1627 0.2705 
 429 0.0089 0.0148 0.0320 0.5125 0.3756 0.0562 
 430 0.0107 0.0294 0.0409 0.6335 0.2126 0.0729 
 431 0.0280 0.0209 0.1195 0.2017 0.5003 0.1295 
 432 0.0134 0.0165 0.0588 0.1369 0.6556 0.1187 
 433 0.0221 0.0303 0.0668 0.1145 0.3506 0.4157 
 434 0.0246 0.0298 0.0967 0.3201 0.3048 0.2239 
 435 0.0085 0.0339 0.0241 0.5890 0.2817 0.0628 
 436 0.0107 0.0473 0.0178 0.5780 0.2371 0.1091 
 437 0.0099 0.0179 0.0336 0.7028 0.1677 0.0681 
 438 0.0100 0.2497 0.0239 0.2720 0.3114 0.1330 
 439 0.0097 0.0233 0.0188 0.7124 0.1527 0.0831 
 440 0.0102 0.0294 0.0239 0.6982 0.1870 0.0513 
 441 0.0130 0.0254 0.0294 0.4965 0.2654 0.1703 
 442 0.0315 0.0350 0.0322 0.4319 0.3926 0.0767 
 443 0.0136 0.1292 0.0298 0.1741 0.5893 0.0640 
 444 0.0286 0.0512 0.0304 0.5230 0.2916 0.0753 
 445 0.0166 0.1143 0.0340 0.4631 0.1423 0.2297 
 446 0.0149 0.0253 0.0176 0.5011 0.3675 0.0736 
 447 0.0377 0.0850 0.0255 0.4845 0.2194 0.1480 
 448 0.0119 0.0263 0.0314 0.5452 0.3092 0.0760 
 449 0.0134 0.0268 0.0361 0.5436 0.2593 0.1208 
 450 0.0149 0.0136 0.0244 0.6145 0.2102 0.1225 
 451 0.0132 0.0263 0.0343 0.1486 0.7246 0.0531 
 452 0.0114 0.0145 0.0262 0.6423 0.2056 0.1000 
 453 0.0172 0.3121 0.0480 0.1153 0.3689 0.1384 
 454 0.0123 0.0223 0.0410 0.5433 0.2404 0.1406 
 455 0.0101 0.1169 0.0222 0.4731 0.3040 0.0737 
 456 0.0134 0.1432 0.0356 0.4685 0.2723 0.0669 
 457 0.0101 0.0186 0.0252 0.7216 0.1502 0.0744 
 458 0.0140 0.0215 0.0229 0.6779 0.1785 0.0852 
 459 0.0108 0.0406 0.0184 0.3482 0.3991 0.1829 
 460 0.0098 0.0312 0.0195 0.3790 0.4904 0.0701 
 461 0.0104 0.0142 0.0187 0.2318 0.6538 0.0710 
 462 0.0595 0.0762 0.0538 0.4375 0.3216 0.0514 
 463 0.0099 0.4444 0.0504 0.2231 0.1693 0.1029 
 464 0.0092 0.0710 0.0244 0.2647 0.5620 0.0688 
 465 0.0120 0.0403 0.0257 0.1895 0.6461 0.0865 
 466 0.0092 0.1740 0.0347 0.2019 0.5080 0.0723 
 467 0.0134 0.0650 0.0515 0.4030 0.3453 0.1219 
 468 0.0089 0.0814 0.0293 0.6777 0.1347 0.0680 
 469 0.0093 0.0293 0.0168 0.7542 0.1191 0.0713 
 470 0.0083 0.0299 0.0206 0.5840 0.2924 0.0647 
 471 0.0487 0.1373 0.0820 0.3611 0.2861 0.0848 
 472 0.0169 0.0710 0.0372 0.3703 0.4111 0.0935 
 473 0.0122 0.0329 0.0563 0.4707 0.2988 0.1291 
 474 0.0118 0.0367 0.0379 0.5686 0.2329 0.1121 
 475 0.0114 0.0292 0.0269 0.1930 0.5973 0.1422 
 476 0.0100 0.0372 0.0260 0.6626 0.1792 0.0850 
 477 0.0196 0.0478 0.0201 0.1754 0.6121 0.1250 
 478 0.0197 0.0211 0.0172 0.1305 0.7481 0.0634 
 479 0.0102 0.0215 0.0203 0.5792 0.3070 0.0619 
 480 0.0088 0.0164 0.0217 0.7512 0.1321 0.0697 
 481 0.0423 0.0298 0.1101 0.4490 0.2878 0.0810 
 482 0.0087 0.0151 0.0208 0.6124 0.2811 0.0619 
 483 0.0110 0.0318 0.0200 0.6003 0.2494 0.0875 
 484 0.0148 0.2043 0.0362 0.4119 0.2387 0.0941 
 485 0.0097 0.0596 0.0201 0.6274 0.2142 0.0690 
 486 0.1741 0.0910 0.1072 0.1732 0.3257 0.1288 
 487 0.1210 0.0427 0.0461 0.2411 0.2573 0.2919 
 488 0.1707 0.0339 0.0742 0.1343 0.3899 0.1970 
 489 0.0901 0.0859 0.0931 0.2474 0.1829 0.3006 
 490 0.0304 0.0601 0.0415 0.1634 0.6313 0.0733 
 491 0.2033 0.0261 0.1837 0.1217 0.1915 0.2736 
 492 0.0385 0.0556 0.0617 0.0911 0.3776 0.3754 
 493 0.3549 0.0381 0.1074 0.1533 0.2029 0.1433 
 494 0.1579 0.0429 0.1185 0.2581 0.2075 0.2152 
 495 0.1576 0.0592 0.0263 0.1083 0.4034 0.2451 
 496 0.0127 0.0377 0.0944 0.1160 0.2402 0.4989 
 497 0.4683 0.0167 0.0743 0.0984 0.1295 0.2127 
 498 0.2562 0.0699 0.0423 0.1372 0.3512 0.1433 
 499 0.1101 0.0381 0.0550 0.1688 0.1705 0.4575 
 500 0.0632 0.0342 0.1935 0.4054 0.1737 0.1300 
 501 0.0299 0.0218 0.0818 0.2810 0.2605 0.3250 
 502 0.0579 0.0153 0.0398 0.1515 0.3780 0.3575 
 503 0.0192 0.0249 0.0676 0.5379 0.2619 0.0884 
 504 0.0630 0.0409 0.0321 0.0878 0.6706 0.1056 
 505 0.0866 0.0697 0.2405 0.1406 0.2424 0.2201 
 506 0.0719 0.0202 0.0921 0.1296 0.3735 0.3127 
 507 0.0113 0.0363 0.0689 0.0642 0.0904 0.7290 
 508 0.0460 0.0805 0.0391 0.0685 0.1245 0.6415 
 509 0.0388 0.0381 0.2191 0.1057 0.2111 0.3871 
 510 0.0439 0.0267 0.0608 0.2606 0.2231 0.3849 
 511 0.0457 0.0367 0.1181 0.4332 0.2490 0.1174 
 512 0.0357 0.0177 0.0695 0.5405 0.2634 0.0732 
 513 0.6459 0.0331 0.0587 0.0421 0.1170 0.1033 
 514 0.0179 0.0207 0.0492 0.0888 0.6744 0.1489 
 515 0.0291 0.0819 0.0504 0.3748 0.2007 0.2631 
 516 0.0175 0.0535 0.0595 0.0822 0.6531 0.1341 
 517 0.0136 0.1330 0.0500 0.1826 0.3516 0.2692 
 518 0.0512 0.0176 0.1834 0.2992 0.1471 0.3015 
 519 0.0172 0.0253 0.0332 0.0925 0.6861 0.1456 
 520 0.0120 0.2011 0.0452 0.2336 0.1136 0.3944 
 521 0.0128 0.0276 0.1374 0.0855 0.3265 0.4102 
 522 0.0237 0.1971 0.0446 0.4402 0.1863 0.1081 
 523 0.0127 0.2565 0.0418 0.0887 0.2644 0.3359 
 524 0.0121 0.0994 0.0558 0.4168 0.2392 0.1767 
 525 0.0258 0.0426 0.0646 0.3603 0.1333 0.3734 
 526 0.0088 0.4670 0.0479 0.2198 0.1147 0.1418 
 527 0.1291 0.0170 0.0459 0.3467 0.3393 0.1220 
 528 0.0115 0.0283 0.1723 0.0782 0.1591 0.5506 
 529 0.0608 0.0257 0.2374 0.1624 0.3040 0.2097 
 530 0.0337 0.0731 0.0492 0.4773 0.1887 0.1781 
 531 0.0172 0.0464 0.0324 0.2380 0.1839 0.4822 
 532 0.0360 0.0523 0.0777 0.1883 0.2835 0.3622 
 533 0.0356 0.0555 0.1328 0.4254 0.1930 0.1576 
 534 0.1231 0.0952 0.1991 0.0759 0.2608 0.2458 
 535 0.0106 0.2311 0.0511 0.1546 0.4028 0.1497 
 536 0.0172 0.1060 0.1266 0.2789 0.1997 0.2717 
 537 0.0204 0.1428 0.0899 0.1159 0.1654 0.4657 
 538 0.0136 0.0991 0.2234 0.1541 0.1887 0.3211 
 539 0.0137 0.0310 0.1311 0.0750 0.0959 0.6534 
 540 0.0161 0.0891 0.1845 0.1986 0.1795 0.3323 
 541 0.0175 0.0414 0.1268 0.1406 0.1679 0.5058 
 542 0.0250 0.3199 0.1627 0.2459 0.1281 0.1184 
 543 0.0174 0.1903 0.1112 0.0901 0.3235 0.2675 
 544 0.0150 0.3790 0.0729 0.1449 0.1890 0.1991 
 545 0.0133 0.5652 0.0408 0.1447 0.1627 0.0733 
 546 0.0395 0.1272 0.2579 0.1466 0.1645 0.2642 
 547 0.0116 0.5285 0.0329 0.0758 0.1404 0.2108 
 548 0.0145 0.0155 0.5878 0.0681 0.1015 0.2126 
 549 0.0121 0.1635 0.0277 0.1961 0.1080 0.4925 
 550 0.0142 0.4117 0.0375 0.2139 0.2148 0.1078 
 551 0.0120 0.0400 0.0331 0.1133 0.1524 0.6492 
 552 0.0135 0.0746 0.3861 0.1253 0.1303 0.2701 
 553 0.0139 0.4387 0.0988 0.0587 0.1487 0.2411 
 554 0.0198 0.0557 0.1516 0.2662 0.2640 0.2427 
 555 0.0554 0.0781 0.0888 0.1134 0.1625 0.5018 
 556 0.0155 0.0774 0.2225 0.1373 0.2237 0.3236 
 557 0.0129 0.2684 0.0351 0.2598 0.2458 0.1780 
 558 0.0089 0.0140 0.0175 0.6234 0.2714 0.0648 
 559 0.0142 0.0309 0.2248 0.0975 0.5283 0.1043 
 560 0.0137 0.0310 0.0369 0.2748 0.5943 0.0492 
 561 0.0183 0.0371 0.0377 0.2314 0.6079 0.0677 
 562 0.0243 0.0553 0.0613 0.1980 0.6114 0.0498 
 563 0.0216 0.0398 0.0194 0.1126 0.5490 0.2576 
 564 0.0173 0.0588 0.3482 0.1512 0.3154 0.1092 
 565 0.0101 0.0167 0.0252 0.7241 0.1494 0.0745 
 566 0.0123 0.0198 0.0272 0.2345 0.6539 0.0523 
 567 0.0309 0.0323 0.3364 0.1348 0.3935 0.0721 
 568 0.0096 0.0421 0.0625 0.1446 0.6345 0.1067 
 569 0.0155 0.1120 0.0509 0.3420 0.3657 0.1139 
 570 0.0094 0.0148 0.0356 0.6386 0.2479 0.0537 
 571 0.0100 0.0200 0.0404 0.1088 0.7411 0.0797 
 572 0.0228 0.3146 0.0778 0.1728 0.1538 0.2582 
 573 0.0155 0.0541 0.2457 0.2795 0.2932 0.1120 
 574 0.0180 0.0285 0.0493 0.4792 0.1945 0.2304 
 575 0.0105 0.0272 0.0530 0.1376 0.5913 0.1805 
 576 0.0256 0.0154 0.0259 0.2020 0.6780 0.0530 
 577 0.0170 0.0221 0.0479 0.3903 0.3056 0.2171 
 578 0.0177 0.0278 0.0461 0.2007 0.6220 0.0856 
 579 0.0430 0.0294 0.0893 0.2791 0.4817 0.0775 
 580 0.0131 0.0183 0.0438 0.5131 0.2782 0.1336 
 581 0.0114 0.0187 0.0336 0.3876 0.4449 0.1039 
 582 0.0101 0.0437 0.0349 0.4462 0.4040 0.0612 
 583 0.0257 0.0204 0.0493 0.1793 0.6432 0.0821 
 584 0.0146 0.0149 0.0239 0.1988 0.6848 0.0630 
 585 0.0211 0.0231 0.0365 0.2741 0.5734 0.0718 
 586 0.0122 0.0234 0.0673 0.0834 0.7134 0.1003 
 587 0.0174 0.0498 0.0996 0.3565 0.4171 0.0596 
 588 0.0354 0.1415 0.5245 0.0583 0.1633 0.0770 
 589 0.0124 0.0924 0.0441 0.5271 0.2578 0.0662 
 590 0.0265 0.0204 0.0800 0.1087 0.6893 0.0751 
 591 0.0107 0.0157 0.0395 0.1015 0.7438 0.0888 
 592 0.0111 0.0697 0.1184 0.1739 0.5583 0.0687 
 593 0.0106 0.0322 0.0727 0.2272 0.5315 0.1257 
 594 0.0490 0.0208 0.0535 0.1122 0.5835 0.1809 
 595 0.1651 0.0133 0.1027 0.3774 0.2837 0.0578 
 596 0.0233 0.0982 0.2052 0.2639 0.2830 0.1264 
 597 0.0138 0.0436 0.0452 0.0720 0.5614 0.2640 
 598 0.0087 0.0147 0.0204 0.7274 0.1704 0.0584 
 599 0.0096 0.0376 0.0498 0.1740 0.6747 0.0542 
 600 0.0155 0.0358 0.0566 0.4575 0.2665 0.1680 
 601 0.0115 0.0390 0.0449 0.2630 0.5838 0.0578 
 602 0.0357 0.0182 0.1541 0.1604 0.3511 0.2805 
 603 0.0205 0.0196 0.1714 0.1240 0.4379 0.2266 
 604 0.0432 0.0257 0.0598 0.5416 0.1597 0.1700 
 605 0.0184 0.0411 0.0658 0.2117 0.5601 0.1029 
 606 0.0170 0.0354 0.2159 0.2296 0.2724 0.2297 
 607 0.0220 0.0151 0.1119 0.3353 0.1982 0.3175 
 608 0.0105 0.0221 0.0395 0.1962 0.2332 0.4986 
 609 0.0205 0.0356 0.0286 0.4484 0.3304 0.1364 
 610 0.0198 0.0933 0.0501 0.5286 0.2052 0.1030 
 611 0.0198 0.0344 0.0754 0.1236 0.4900 0.2567 
 612 0.0121 0.0400 0.0299 0.6846 0.1463 0.0871 
 613 0.0449 0.0529 0.0886 0.3906 0.2757 0.1472 
 614 0.0270 0.0179 0.0606 0.7138 0.1062 0.0744 
 615 0.0130 0.0212 0.0660 0.6558 0.1191 0.1250 
 616 0.0165 0.0145 0.1330 0.3409 0.2718 0.2233 
 617 0.1661 0.0475 0.0564 0.4199 0.2270 0.0831 
 618 0.0437 0.0397 0.0684 0.5073 0.1143 0.2266 
 619 0.0099 0.0651 0.1175 0.1978 0.4159 0.1936 
 620 0.0127 0.0730 0.2020 0.1311 0.5298 0.0514 
 621 0.0186 0.0135 0.0232 0.2608 0.6003 0.0836 
 622 0.1257 0.0448 0.2161 0.3355 0.1403 0.1376 
 623 0.0156 0.0257 0.0965 0.2063 0.5645 0.0915 
 624 0.0121 0.0266 0.0389 0.5465 0.1629 0.2130 
 625 0.0471 0.0185 0.0530 0.4275 0.2440 0.2099 
 626 0.0124 0.1351 0.0602 0.2501 0.0962 0.4461 
 627 0.0214 0.0299 0.1060 0.2251 0.4841 0.1336 
 628 0.0529 0.0211 0.2877 0.1793 0.3469 0.1122 
 629 0.0289 0.0171 0.1182 0.2838 0.4022 0.1498 
 630 0.0226 0.0297 0.0598 0.4960 0.2859 0.1061 
 631 0.0148 0.0166 0.1763 0.4446 0.2366 0.1111 
 632 0.0287 0.0310 0.2658 0.1857 0.1476 0.3411 
 633 0.0325 0.0189 0.0566 0.4752 0.2063 0.2105 
 634 0.0151 0.0402 0.1993 0.2226 0.2637 0.2591 
 635 0.0140 0.0218 0.0934 0.2032 0.1605 0.5071 
 636 0.0133 0.0237 0.0428 0.3692 0.2707 0.2803 
 637 0.0316 0.1405 0.1194 0.2266 0.2604 0.2214 
 638 0.0182 0.0174 0.1137 0.2349 0.4045 0.2113 
 639 0.0377 0.0210 0.0916 0.4997 0.1592 0.1908 
 640 0.0397 0.0124 0.0386 0.1918 0.6005 0.1169 
 641 0.0314 0.0196 0.1636 0.3535 0.2783 0.1536 
 642 0.0134 0.0445 0.0483 0.1130 0.1882 0.5927 
 643 0.0102 0.0178 0.0403 0.0818 0.1306 0.7192 
 644 0.0147 0.0210 0.0475 0.0884 0.2106 0.6179 
 645 0.0276 0.0311 0.0384 0.3154 0.0750 0.5126 
 646 0.0387 0.0612 0.0898 0.1371 0.4267 0.2465 
 647 0.0418 0.0328 0.0509 0.0994 0.2882 0.4868 
 648 0.1746 0.0579 0.1850 0.1682 0.1233 0.2911 
 649 0.0153 0.0759 0.3329 0.0743 0.2500 0.2516 
 650 0.0162 0.0382 0.1009 0.0855 0.4624 0.2968 
 651 0.1251 0.0160 0.1466 0.1054 0.2072 0.3998 
 652 0.0131 0.0224 0.0603 0.0901 0.2048 0.6092 
 653 0.1229 0.0475 0.0643 0.1469 0.1209 0.4976 
 654 0.0463 0.0747 0.0598 0.1030 0.1516 0.5647 
 655 0.0100 0.0234 0.0400 0.0826 0.3261 0.5179 
 656 0.0948 0.0791 0.1180 0.1321 0.1873 0.3888 
 657 0.0424 0.0225 0.0484 0.3358 0.2356 0.3153 
 658 0.0112 0.0559 0.0502 0.1267 0.4444 0.3116 
 659 0.0382 0.0597 0.0488 0.1451 0.1691 0.5390 
 660 0.0117 0.0333 0.1353 0.0776 0.1552 0.5869 
 661 0.0148 0.1112 0.0912 0.1078 0.1311 0.5439 
 662 0.0190 0.1627 0.3124 0.0636 0.2607 0.1816 
 663 0.0108 0.0227 0.2157 0.1111 0.1721 0.4675 
 664 0.0129 0.0435 0.0355 0.1454 0.4197 0.3429 
 665 0.0134 0.0839 0.3447 0.0799 0.2273 0.2509 
 666 0.0110 0.0425 0.1008 0.1090 0.1882 0.5485 
 667 0.2179 0.0384 0.0523 0.1130 0.3917 0.1868 
 668 0.0131 0.0432 0.0673 0.1409 0.2436 0.4919 
 669 0.0419 0.0439 0.2771 0.1188 0.1992 0.3192 
 670 0.0090 0.0182 0.0608 0.0615 0.0876 0.7629 
 671 0.0106 0.0255 0.0787 0.0704 0.1480 0.6667 
 672 0.0091 0.0388 0.0254 0.0890 0.1817 0.6559 
 673 0.0098 0.0117 0.0273 0.0642 0.0693 0.8177 
 674 0.0144 0.0242 0.0619 0.1014 0.1036 0.6946 
 675 0.0271 0.0151 0.0306 0.0560 0.1261 0.7452 
 676 0.0096 0.0130 0.0255 0.0592 0.0696 0.8231 
 677 0.0094 0.0687 0.0749 0.0519 0.0807 0.7143 
 678 0.0101 0.0119 0.0280 0.0625 0.0761 0.8114 
 679 0.0136 0.0117 0.0404 0.1084 0.1005 0.7254 
 680 0.0207 0.0180 0.0293 0.0908 0.0803 0.7609 
 681 0.0387 0.2464 0.0365 0.1788 0.1244 0.3753 
 682 0.0112 0.0191 0.0239 0.0893 0.0803 0.7761 
 683 0.0092 0.0224 0.0396 0.0558 0.0818 0.7913 
 684 0.0108 0.0134 0.0290 0.0621 0.0772 0.8075 
 685 0.0095 0.0143 0.0285 0.0538 0.0679 0.8261 
 686 0.0111 0.0656 0.0496 0.0836 0.0984 0.6917 
 687 0.0095 0.0351 0.0961 0.0650 0.1363 0.6580 
 688 0.0100 0.0155 0.0340 0.0666 0.1070 0.7668 
 689 0.0092 0.0136 0.0257 0.0564 0.0671 0.8280 
 690 0.0098 0.0131 0.0257 0.0587 0.0698 0.8229 
 691 0.0139 0.0184 0.0377 0.0950 0.0960 0.7390 
 692 0.0128 0.0128 0.0320 0.0767 0.1041 0.7616 
 693 0.0102 0.0157 0.0276 0.0787 0.1204 0.7474 
 694 0.0086 0.0158 0.0282 0.0499 0.0654 0.8320 
 695 0.0092 0.0348 0.0228 0.0770 0.0820 0.7742 
 696 0.0102 0.0152 0.0346 0.0656 0.1089 0.7655 
 697 0.0100 0.0179 0.0362 0.0579 0.0695 0.8086 
 698 0.0093 0.0139 0.0304 0.0589 0.0714 0.8162 
 699 0.0091 0.0896 0.0338 0.0691 0.0807 0.7177 
 700 0.0128 0.0750 0.0452 0.0789 0.1120 0.6761 
 701 0.0221 0.0277 0.0401 0.1157 0.0993 0.6951 
 702 0.0117 0.0375 0.0375 0.0977 0.1260 0.6896 
 703 0.0108 0.0209 0.0284 0.0911 0.0833 0.7655 
 704 0.0092 0.0223 0.0423 0.0611 0.1003 0.7648 
 705 0.0307 0.2310 0.0476 0.1061 0.1202 0.4644 
 706 0.0118 0.0295 0.0260 0.0829 0.0781 0.7717 
 707 0.0113 0.0235 0.0367 0.0602 0.0711 0.7973 
 708 0.0150 0.0147 0.0334 0.0570 0.0711 0.8087 
 709 0.0100 0.0438 0.0293 0.0587 0.0749 0.7832 
 710 0.0093 0.0164 0.0241 0.0536 0.0653 0.8313 
 711 0.0121 0.0478 0.0412 0.0768 0.0811 0.7410 
 712 0.0138 0.0421 0.0475 0.0494 0.0661 0.7811 
 713 0.0098 0.0176 0.0391 0.0592 0.1056 0.7687 
 714 0.0293 0.0148 0.0462 0.1059 0.1015 0.7023 
 715 0.0090 0.0321 0.0334 0.0502 0.0655 0.8098 
 716 0.0108 0.0271 0.0222 0.0785 0.0755 0.7858 
 717 0.0088 0.0226 0.0268 0.0511 0.0648 0.8258 
 718 0.0227 0.0289 0.0442 0.0809 0.0842 0.7391 
 719 0.0093 0.0309 0.0333 0.0501 0.0715 0.8049 
 720 0.0203 0.0160 0.0826 0.2628 0.5254 0.0928 
 721 0.0162 0.0236 0.0477 0.2169 0.1256 0.5700 
 722 0.0181 0.0346 0.0701 0.5017 0.2197 0.1559 
 723 0.0159 0.0143 0.0888 0.5803 0.1730 0.1277 
 724 0.0142 0.0187 0.0733 0.5166 0.1398 0.2374 
 725 0.0153 0.0232 0.1318 0.1689 0.3493 0.3114 
 726 0.0157 0.0418 0.1158 0.4749 0.1713 0.1805 
 727 0.0199 0.1523 0.0815 0.2385 0.1792 0.3286 
 728 0.0125 0.0205 0.0280 0.7955 0.0925 0.0511 
 729 0.0108 0.0147 0.0307 0.7694 0.1177 0.0568 
 730 0.0359 0.0155 0.1097 0.4314 0.3211 0.0865 
 731 0.0136 0.0213 0.0290 0.6389 0.1699 0.1272 
 732 0.0157 0.0142 0.0920 0.5796 0.1725 0.1259 
 733 0.0134 0.0130 0.0318 0.7212 0.1429 0.0776 
 734 0.0130 0.0145 0.0352 0.6639 0.2179 0.0555 
 735 0.0107 0.0112 0.0271 0.7604 0.1034 0.0871 
 736 0.0121 0.0189 0.0381 0.4907 0.3348 0.1054 
 737 0.0336 0.0474 0.0786 0.4636 0.2655 0.1113 
 738 0.0270 0.0150 0.0680 0.5659 0.2270 0.0971 
 739 0.0113 0.0129 0.0280 0.7329 0.1440 0.0708 
 740 0.0752 0.0184 0.0522 0.0957 0.1053 0.6532 
 741 0.0747 0.0290 0.0445 0.1480 0.1497 0.5541 
 742 0.0121 0.0161 0.0269 0.1341 0.6133 0.1974 
 743 0.0265 0.0155 0.2068 0.1812 0.3969 0.1730 
 744 0.0177 0.0835 0.2099 0.0862 0.4228 0.1799 
 745 0.0250 0.0487 0.0341 0.1121 0.7037 0.0764 
 746 0.0133 0.0210 0.1648 0.2223 0.2795 0.2992 
 747 0.0154 0.0215 0.1662 0.1361 0.5081 0.1527 
 748 0.0102 0.0130 0.0915 0.0900 0.3284 0.4668 
 749 0.0149 0.0314 0.1847 0.1203 0.4019 0.2468 
 750 0.0175 0.0177 0.3820 0.1364 0.2985 0.1479 
 751 0.0116 0.0142 0.1797 0.0991 0.2728 0.4225 
 752 0.0121 0.0186 0.2027 0.1596 0.4405 0.1665 
 753 0.0151 0.0238 0.1845 0.2450 0.2578 0.2738 
 754 0.0604 0.0242 0.0275 0.1691 0.2228 0.4958 
 755 0.0280 0.0137 0.2622 0.1772 0.2463 0.2726 
 756 0.0160 0.0161 0.2441 0.0747 0.4245 0.2246 
 757 0.0120 0.0155 0.0967 0.1215 0.4983 0.2560 
 758 0.0329 0.0242 0.0536 0.0798 0.7280 0.0815 
 759 0.0250 0.0313 0.0428 0.2110 0.1660 0.5239 
 760 0.0438 0.0182 0.0943 0.3023 0.3367 0.2047 
 761 0.0174 0.0177 0.1112 0.3488 0.1382 0.3667 
 762 0.0341 0.0122 0.0510 0.4307 0.3627 0.1092 
 763 0.0151 0.0244 0.1821 0.2447 0.2593 0.2744 
 764 0.0249 0.0146 0.1661 0.1293 0.4781 0.1870 
 765 0.0334 0.0142 0.3066 0.3421 0.1948 0.1089 
 766 0.0177 0.0125 0.2113 0.1121 0.3178 0.3286 
 767 0.0132 0.0175 0.0883 0.1109 0.4634 0.3067 
 768 0.0383 0.0130 0.0554 0.4600 0.3227 0.1105 
 769 0.0191 0.0200 0.0392 0.3856 0.1965 0.3396 
 770 0.0199 0.0148 0.0849 0.3497 0.4342 0.0964 
 771 0.0397 0.1364 0.1581 0.0776 0.2663 0.3219 
 772 0.0327 0.0561 0.0449 0.1141 0.4095 0.3427 
 773 0.0380 0.0140 0.3764 0.1241 0.2966 0.1508 
 774 0.0173 0.0174 0.1778 0.1279 0.1703 0.4894 
 775 0.0125 0.0137 0.0262 0.4547 0.3158 0.1772 
 776 0.0104 0.0181 0.0810 0.1010 0.6832 0.1062 
 777 0.0131 0.0448 0.1343 0.1445 0.4457 0.2176 
 778 0.0137 0.0252 0.3590 0.1019 0.2337 0.2666 
 779 0.0324 0.0160 0.1296 0.1115 0.4579 0.2526 
 780 0.0153 0.0130 0.1152 0.1127 0.2968 0.4470 
 781 0.0160 0.0291 0.6339 0.0601 0.0982 0.1627 
 782 0.0338 0.0155 0.1315 0.1124 0.4542 0.2526 
 783 0.0135 0.0142 0.1403 0.1503 0.3923 0.2895 
 784 0.0168 0.0171 0.0590 0.1538 0.5945 0.1588 
 785 0.0336 0.0208 0.0522 0.1379 0.4755 0.2799 
 786 0.0149 0.0164 0.0820 0.1164 0.3139 0.4564 
 787 0.0124 0.0231 0.1621 0.0672 0.2406 0.4947 
 788 0.0393 0.0347 0.0442 0.1805 0.5093 0.1920 
 789 0.0153 0.0151 0.0367 0.1445 0.6141 0.1742 
 790 0.0225 0.0144 0.0820 0.2184 0.2588 0.4039 
 791 0.0106 0.0156 0.0656 0.1281 0.5298 0.2502 
 792 0.0435 0.0409 0.1195 0.0685 0.2441 0.4835 
 793 0.0125 0.0425 0.0646 0.1987 0.1515 0.5302 
 794 0.0234 0.0213 0.0676 0.1768 0.4315 0.2795 
 795 0.0127 0.0213 0.0667 0.1993 0.1392 0.5608 
 796 0.0139 0.0244 0.0360 0.0875 0.5401 0.2980 
 797 0.0110 0.0310 0.1210 0.1249 0.1320 0.5800 
 798 0.0126 0.1651 0.0476 0.4174 0.2924 0.0650 
 799 0.0584 0.0261 0.0465 0.1111 0.6095 0.1483 
 800 0.0163 0.0674 0.0455 0.0560 0.1941 0.6207 
 801 0.0129 0.1508 0.0548 0.3862 0.2792 0.1161 
 802 0.0165 0.1527 0.1064 0.2228 0.1941 0.3075 
 803 0.0426 0.0366 0.0320 0.1420 0.1860 0.5608 
 804 0.1019 0.1083 0.1437 0.1777 0.2659 0.2025 
 805 0.0111 0.0213 0.0317 0.0704 0.1252 0.7405 
 806 0.0320 0.3020 0.0936 0.2900 0.1428 0.1396 
 807 0.0106 0.0398 0.1110 0.0927 0.0924 0.6535 
 808 0.0104 0.0984 0.1219 0.0990 0.1897 0.4806 
 809 0.0109 0.4314 0.0757 0.1867 0.1837 0.1117 
 810 0.0197 0.0244 0.1020 0.2975 0.2633 0.2930 
 811 0.0445 0.1441 0.0370 0.1186 0.1429 0.5129 
 812 0.0139 0.6431 0.0489 0.0792 0.1547 0.0601 
 813 0.0135 0.1531 0.0270 0.3427 0.3855 0.0781 
 814 0.0236 0.1582 0.2337 0.0905 0.3668 0.1273 
 815 0.0166 0.3658 0.0311 0.2201 0.1458 0.2207 
 816 0.0168 0.1136 0.0519 0.1502 0.2710 0.3965 
 817 0.0157 0.1531 0.1075 0.2233 0.1945 0.3059 
 818 0.0302 0.0277 0.0221 0.1424 0.6166 0.1610 
 819 0.4326 0.0194 0.0402 0.0712 0.1692 0.2673 
 820 0.0955 0.0319 0.1074 0.0865 0.4366 0.2421 
 821 0.0816 0.0141 0.0286 0.1699 0.5060 0.1998 
 822 0.6384 0.0159 0.0296 0.1456 0.1164 0.0539 
 823 0.0157 0.0166 0.0289 0.3001 0.3343 0.3044 
 824 0.0502 0.0179 0.1126 0.1458 0.4263 0.2472 
 825 0.0551 0.0197 0.0434 0.2554 0.5044 0.1219 
 826 0.0162 0.0151 0.0605 0.0961 0.7270 0.0852 
 827 0.0166 0.0145 0.0425 0.4068 0.4043 0.1154 
 828 0.0233 0.0140 0.1172 0.5483 0.1499 0.1473 
 829 0.0347 0.0472 0.0419 0.4132 0.2748 0.1882 
 830 0.0757 0.0130 0.0261 0.5036 0.3023 0.0792 
 831 0.3626 0.0183 0.0709 0.2546 0.1253 0.1684 
 832 0.0731 0.0801 0.0228 0.1945 0.3884 0.2411 
 833 0.0123 0.0477 0.0190 0.2491 0.4152 0.2566 
