   1 0.0113 0.0149 0.0804 0.0520 0.1744 0.3046 0.3624 
   2 0.0060 0.0213 0.0191 0.5989 0.1456 0.1154 0.0938 
   3 0.0175 0.0074 0.0646 0.0689 0.1361 0.4465 0.2591 
   4 0.0198 0.0129 0.0398 0.0599 0.1496 0.1232 0.5949 
   5 0.0112 0.0530 0.0253 0.3623 0.2443 0.1871 0.1169 
   6 0.0142 0.0087 0.0213 0.0741 0.1421 0.6278 0.1119 
   7 0.0133 0.0149 0.0183 0.0384 0.5028 0.3065 0.1058 
   8 0.0702 0.0121 0.0359 0.0512 0.1737 0.2827 0.3741 
   9 0.0537 0.0231 0.0349 0.2148 0.1827 0.2949 0.1959 
  10 0.0180 0.0156 0.0182 0.0557 0.2450 0.3717 0.2757 
  11 0.0065 0.0178 0.0196 0.0418 0.5071 0.3015 0.1058 
  12 0.0117 0.0243 0.0274 0.3290 0.2638 0.1813 0.1625 
  13 0.0192 0.0275 0.0318 0.1292 0.3202 0.2845 0.1876 
  14 0.0067 0.0114 0.0767 0.2774 0.1475 0.2507 0.2296 
  15 0.0108 0.0142 0.0352 0.1035 0.2525 0.2164 0.3674 
  16 0.0069 0.0193 0.0380 0.0468 0.1897 0.5371 0.1622 
  17 0.0548 0.0274 0.0554 0.1062 0.2041 0.3883 0.1638 
  18 0.0370 0.0128 0.0350 0.2407 0.1132 0.3626 0.1986 
  19 0.0119 0.0131 0.0196 0.1156 0.1971 0.5003 0.1425 
  20 0.0100 0.0229 0.0354 0.1103 0.3686 0.2620 0.1908 
  21 0.0083 0.0125 0.0584 0.1587 0.1609 0.2160 0.3853 
  22 0.0225 0.0111 0.0309 0.0736 0.1355 0.5371 0.1893 
  23 0.0160 0.0394 0.0890 0.1538 0.1511 0.1749 0.3758 
  24 0.0087 0.0163 0.0390 0.0636 0.1670 0.3610 0.3445 
  25 0.0130 0.0199 0.0269 0.0918 0.3612 0.4040 0.0833 
  26 0.0290 0.0165 0.0336 0.1142 0.1884 0.3439 0.2743 
  27 0.0148 0.0277 0.0663 0.0778 0.2118 0.3807 0.2208 
  28 0.0094 0.0109 0.0280 0.0826 0.2129 0.2443 0.4118 
  29 0.0064 0.0286 0.0359 0.1347 0.4347 0.1948 0.1649 
  30 0.0089 0.0142 0.0422 0.0991 0.1234 0.5567 0.1554 
  31 0.0386 0.0272 0.0521 0.1229 0.3119 0.1990 0.2482 
  32 0.0090 0.0105 0.0329 0.1748 0.1509 0.3330 0.2887 
  33 0.0088 0.0105 0.0561 0.0686 0.2059 0.3763 0.2738 
  34 0.0139 0.0473 0.0235 0.0442 0.3006 0.4114 0.1591 
  35 0.0401 0.0439 0.1292 0.1906 0.1604 0.2987 0.1371 
  36 0.0071 0.0097 0.3484 0.0800 0.1285 0.2906 0.1359 
  37 0.0178 0.0098 0.0449 0.1866 0.2258 0.1762 0.3389 
  38 0.0064 0.0260 0.0858 0.0717 0.1747 0.5482 0.0872 
  39 0.0113 0.0241 0.0964 0.1010 0.2585 0.3744 0.1343 
  40 0.0065 0.0170 0.3004 0.1167 0.0967 0.2284 0.2342 
  41 0.0112 0.0264 0.3854 0.0473 0.1708 0.2649 0.0939 
  42 0.0069 0.0190 0.2338 0.0392 0.1181 0.1820 0.4010 
  43 0.0152 0.0153 0.2896 0.1243 0.2307 0.1283 0.1967 
  44 0.0176 0.0120 0.4260 0.0973 0.1394 0.2217 0.0860 
  45 0.0083 0.0260 0.2127 0.1997 0.1855 0.2748 0.0930 
  46 0.0352 0.0170 0.0897 0.1202 0.2562 0.3549 0.1267 
  47 0.1014 0.0250 0.0509 0.1510 0.2016 0.2885 0.1816 
  48 0.0223 0.0205 0.4059 0.1546 0.0865 0.2158 0.0945 
  49 0.0183 0.0438 0.1319 0.1020 0.2315 0.2982 0.1742 
  50 0.0305 0.0190 0.0471 0.0854 0.3060 0.3635 0.1485 
  51 0.0049 0.0100 0.6638 0.0532 0.0878 0.1036 0.0768 
  52 0.0200 0.0298 0.1098 0.0517 0.2795 0.3285 0.1807 
  53 0.0095 0.0130 0.0593 0.0570 0.1539 0.5505 0.1567 
  54 0.0205 0.0258 0.0656 0.4154 0.1759 0.1277 0.1690 
  55 0.0130 0.0186 0.2415 0.3107 0.1538 0.1215 0.1410 
  56 0.0156 0.0469 0.1390 0.1944 0.0996 0.3225 0.1820 
  57 0.0557 0.0270 0.0218 0.0653 0.2193 0.2800 0.3310 
  58 0.0086 0.0283 0.1782 0.1704 0.2135 0.2243 0.1766 
  59 0.0089 0.0753 0.1595 0.0993 0.1692 0.3437 0.1440 
  60 0.0064 0.0094 0.3705 0.0905 0.1320 0.1556 0.2357 
  61 0.0060 0.0158 0.1955 0.3961 0.1357 0.0759 0.1751 
  62 0.0458 0.1849 0.0330 0.1527 0.1668 0.2739 0.1429 
  63 0.0064 0.0132 0.0991 0.1223 0.3330 0.1773 0.2488 
  64 0.0107 0.0189 0.0267 0.1196 0.1471 0.5767 0.1002 
  65 0.0084 0.0160 0.0267 0.1277 0.5690 0.1727 0.0796 
  66 0.0073 0.0144 0.0389 0.2941 0.2578 0.1245 0.2629 
  67 0.0119 0.0164 0.2144 0.3335 0.1980 0.1138 0.1120 
  68 0.0116 0.0507 0.1889 0.0919 0.1676 0.3166 0.1727 
  69 0.0121 0.0867 0.1091 0.0581 0.1532 0.3867 0.1941 
  70 0.0058 0.0105 0.3493 0.0488 0.2305 0.1692 0.1857 
  71 0.0073 0.0509 0.2994 0.1245 0.1805 0.2593 0.0782 
  72 0.0096 0.0091 0.1338 0.0771 0.2199 0.4302 0.1203 
  73 0.0075 0.0673 0.1457 0.3064 0.2345 0.1387 0.0997 
  74 0.0079 0.0108 0.2300 0.0835 0.1096 0.3205 0.2376 
  75 0.0085 0.0159 0.2556 0.1007 0.0855 0.1985 0.3352 
  76 0.0087 0.0090 0.1561 0.1456 0.3969 0.1414 0.1424 
  77 0.0059 0.0326 0.2979 0.0819 0.2247 0.2663 0.0907 
  78 0.0063 0.0373 0.2536 0.0727 0.1618 0.3705 0.0978 
  79 0.0079 0.0141 0.0175 0.0984 0.4624 0.2776 0.1222 
  80 0.0095 0.0098 0.0199 0.1092 0.1900 0.1275 0.5342 
  81 0.0101 0.0084 0.0158 0.1247 0.2616 0.1671 0.4123 
  82 0.0074 0.0307 0.0581 0.1540 0.3623 0.1315 0.2559 
  83 0.0072 0.0080 0.0314 0.1274 0.2503 0.2579 0.3177 
  84 0.0067 0.0088 0.0205 0.0967 0.3699 0.2013 0.2961 
  85 0.0075 0.0090 0.0273 0.1043 0.1764 0.3147 0.3607 
  86 0.0111 0.0206 0.0564 0.3913 0.2254 0.1873 0.1078 
  87 0.0079 0.0108 0.0314 0.0742 0.5632 0.1798 0.1327 
  88 0.0080 0.0104 0.0229 0.0971 0.3363 0.1329 0.3925 
  89 0.0118 0.0088 0.0198 0.1594 0.2508 0.1290 0.4204 
  90 0.0068 0.0104 0.0189 0.0953 0.5942 0.1340 0.1404 
  91 0.0073 0.0075 0.0309 0.0699 0.1530 0.2035 0.5278 
  92 0.0085 0.0131 0.0205 0.1248 0.4257 0.1980 0.2094 
  93 0.0062 0.0090 0.0199 0.0536 0.0973 0.0922 0.7218 
  94 0.0059 0.0080 0.0360 0.0408 0.5376 0.2628 0.1088 
  95 0.0074 0.0089 0.0205 0.0814 0.5107 0.0993 0.2717 
  96 0.0062 0.0134 0.2038 0.2162 0.1650 0.0823 0.3130 
  97 0.0101 0.0158 0.1520 0.1416 0.1058 0.2634 0.3113 
  98 0.0058 0.0239 0.1445 0.1895 0.1992 0.2302 0.2070 
  99 0.0073 0.0090 0.0181 0.1247 0.4176 0.1632 0.2601 
 100 0.0090 0.0121 0.0244 0.2332 0.0930 0.0785 0.5498 
 101 0.0107 0.0120 0.0457 0.1013 0.4545 0.1602 0.2157 
 102 0.0080 0.0206 0.0703 0.0659 0.2717 0.1454 0.4181 
 103 0.0085 0.0113 0.0249 0.4349 0.2680 0.0961 0.1563 
 104 0.0072 0.0131 0.0268 0.0798 0.6070 0.1170 0.1491 
 105 0.0088 0.0364 0.0290 0.1338 0.4874 0.0901 0.2146 
 106 0.0065 0.0097 0.0306 0.0542 0.5842 0.2504 0.0644 
 107 0.0117 0.0186 0.0279 0.2410 0.4350 0.0980 0.1679 
 108 0.0056 0.0092 0.1641 0.3873 0.1175 0.2248 0.0914 
 109 0.0080 0.1649 0.0468 0.0892 0.3578 0.2658 0.0674 
 110 0.0080 0.0119 0.0243 0.0453 0.5995 0.2385 0.0725 
 111 0.0068 0.0310 0.0228 0.0919 0.6689 0.0879 0.0908 
 112 0.0055 0.2337 0.0413 0.0413 0.4688 0.1361 0.0734 
 113 0.0112 0.0153 0.0459 0.3731 0.1939 0.2127 0.1480 
 114 0.0056 0.0262 0.0219 0.0898 0.5646 0.1113 0.1805 
 115 0.0151 0.0428 0.1131 0.0672 0.5149 0.1231 0.1238 
 116 0.0085 0.0164 0.1160 0.0844 0.4331 0.2690 0.0725 
 117 0.0171 0.0359 0.0424 0.0417 0.5566 0.2051 0.1012 
 118 0.0062 0.0397 0.0281 0.4126 0.3140 0.1116 0.0878 
 119 0.0055 0.0088 0.2455 0.1048 0.2099 0.1122 0.3133 
 120 0.0102 0.0655 0.0510 0.0972 0.5010 0.1372 0.1379 
 121 0.0832 0.0646 0.1794 0.0587 0.3982 0.1312 0.0848 
 122 0.0052 0.0218 0.0252 0.0800 0.5316 0.2461 0.0902 
 123 0.0074 0.0142 0.0361 0.1027 0.5731 0.1474 0.1190 
 124 0.0226 0.0299 0.0916 0.1153 0.3923 0.2596 0.0886 
 125 0.0100 0.0479 0.0744 0.0428 0.2514 0.4614 0.1121 
 126 0.0048 0.0099 0.0894 0.0853 0.4926 0.1790 0.1391 
 127 0.0095 0.0221 0.0268 0.1080 0.6543 0.0822 0.0971 
 128 0.0057 0.0327 0.0289 0.3932 0.3387 0.1056 0.0952 
 129 0.0121 0.0184 0.0283 0.2467 0.5223 0.0919 0.0803 
 130 0.0119 0.0459 0.0201 0.1441 0.4958 0.1184 0.1639 
 131 0.0202 0.0400 0.1344 0.0729 0.3219 0.3360 0.0747 
 132 0.0077 0.0148 0.0310 0.1635 0.5118 0.2002 0.0709 
 133 0.0107 0.0157 0.0366 0.2298 0.4846 0.1065 0.1161 
 134 0.0053 0.0183 0.0204 0.0479 0.6877 0.1655 0.0549 
 135 0.0097 0.0421 0.0982 0.1026 0.0986 0.0932 0.5555 
 136 0.0093 0.0205 0.0195 0.0562 0.0686 0.1210 0.7048 
 137 0.0069 0.0269 0.0190 0.0420 0.1233 0.0839 0.6981 
 138 0.0074 0.0086 0.0288 0.0450 0.0704 0.0965 0.7434 
 139 0.0063 0.0162 0.0487 0.3810 0.0955 0.1292 0.3230 
 140 0.0069 0.0112 0.0530 0.0833 0.1810 0.1531 0.5114 
 141 0.0089 0.0190 0.0262 0.0683 0.0762 0.1887 0.6126 
 142 0.0078 0.0307 0.1203 0.1472 0.0946 0.0888 0.5106 
 143 0.0059 0.0084 0.0197 0.0476 0.0661 0.0714 0.7809 
 144 0.0067 0.0262 0.0210 0.0448 0.1217 0.0753 0.7043 
 145 0.0110 0.0316 0.0356 0.0824 0.0807 0.2019 0.5569 
 146 0.0150 0.0123 0.0347 0.0466 0.1839 0.1807 0.5267 
 147 0.0072 0.0089 0.0170 0.0395 0.0660 0.0786 0.7828 
 148 0.0081 0.0273 0.0495 0.1060 0.1349 0.1356 0.5387 
 149 0.0074 0.0149 0.0439 0.0686 0.0734 0.1066 0.6851 
 150 0.0087 0.0318 0.0235 0.0740 0.1920 0.1003 0.5697 
 151 0.0074 0.0096 0.0228 0.0613 0.0976 0.0845 0.7167 
 152 0.0086 0.0288 0.0910 0.0866 0.1089 0.1734 0.5027 
 153 0.0064 0.0094 0.0460 0.0416 0.0952 0.1157 0.6857 
 154 0.0108 0.0195 0.0323 0.0781 0.0714 0.1151 0.6728 
 155 0.0075 0.0081 0.0216 0.0552 0.0914 0.0780 0.7382 
 156 0.0056 0.0160 0.0791 0.0850 0.1153 0.0689 0.6301 
 157 0.0056 0.0078 0.0200 0.0448 0.1875 0.1053 0.6289 
 158 0.0106 0.0291 0.0295 0.0552 0.0776 0.1953 0.6027 
 159 0.0076 0.0122 0.0165 0.0483 0.0650 0.0769 0.7735 
 160 0.0091 0.0130 0.0171 0.0582 0.0672 0.0782 0.7572 
 161 0.0063 0.0103 0.0310 0.0520 0.1143 0.1440 0.6421 
 162 0.0251 0.0147 0.0389 0.0678 0.1912 0.1822 0.4800 
 163 0.0060 0.0083 0.0312 0.0474 0.0855 0.0718 0.7498 
 164 0.0170 0.0112 0.0251 0.1038 0.1812 0.1244 0.5372 
 165 0.0084 0.0317 0.0234 0.0550 0.1792 0.0870 0.6154 
 166 0.0065 0.0081 0.0540 0.0740 0.1987 0.1456 0.5132 
 167 0.0432 0.0158 0.0255 0.0402 0.1120 0.1556 0.6078 
 168 0.0071 0.0093 0.0483 0.0466 0.0896 0.1540 0.6452 
 169 0.0126 0.0333 0.0420 0.0503 0.0724 0.3799 0.4094 
 170 0.0062 0.0099 0.0546 0.0967 0.1181 0.0849 0.6296 
 171 0.0082 0.0110 0.0380 0.0888 0.1197 0.1795 0.5548 
 172 0.0067 0.0171 0.1241 0.0657 0.0718 0.2075 0.5071 
 173 0.0086 0.0119 0.0192 0.0914 0.0698 0.0781 0.7211 
 174 0.0076 0.0089 0.0170 0.0528 0.0962 0.0929 0.7246 
 175 0.0084 0.0123 0.0278 0.0508 0.0676 0.1130 0.7202 
 176 0.0068 0.0265 0.0206 0.0453 0.1221 0.0751 0.7037 
 177 0.0077 0.0098 0.0277 0.0446 0.2084 0.1598 0.5420 
 178 0.0099 0.0118 0.0180 0.0638 0.0999 0.1550 0.6416 
 179 0.0065 0.0076 0.0173 0.0597 0.0686 0.0797 0.7606 
 180 0.0184 0.0150 0.0403 0.0439 0.1273 0.1626 0.5925 
 181 0.0093 0.0172 0.0381 0.0941 0.0808 0.1223 0.6381 
 182 0.0109 0.0137 0.0267 0.0892 0.0735 0.0715 0.7146 
 183 0.0078 0.0090 0.0208 0.0666 0.0711 0.0834 0.7413 
 184 0.0097 0.0112 0.0194 0.6460 0.0981 0.1301 0.0854 
 185 0.0062 0.0164 0.1001 0.0704 0.0642 0.0642 0.6784 
 186 0.0107 0.0086 0.0224 0.5030 0.2236 0.1380 0.0936 
 187 0.0063 0.0083 0.0244 0.4987 0.1002 0.1056 0.2564 
 188 0.0089 0.0088 0.0211 0.6427 0.1427 0.1044 0.0714 
 189 0.0065 0.0091 0.0418 0.2167 0.1005 0.3299 0.2956 
 190 0.0051 0.0156 0.1756 0.4109 0.0739 0.0572 0.2617 
 191 0.0054 0.0130 0.0175 0.6922 0.0875 0.0891 0.0953 
 192 0.0064 0.0093 0.0201 0.4230 0.1526 0.1163 0.2724 
 193 0.0068 0.0209 0.0329 0.3833 0.1368 0.1610 0.2583 
 194 0.0095 0.0096 0.0411 0.2922 0.1828 0.1131 0.3517 
 195 0.0059 0.0082 0.0381 0.5413 0.0696 0.0664 0.2707 
 196 0.0050 0.0139 0.0613 0.5624 0.0961 0.0745 0.1868 
 197 0.0114 0.0123 0.0454 0.2690 0.2127 0.2314 0.2177 
 198 0.0060 0.0102 0.0409 0.2465 0.2454 0.2274 0.2237 
 199 0.0072 0.0186 0.0996 0.3762 0.1202 0.0974 0.2807 
 200 0.0051 0.0292 0.0615 0.5117 0.0879 0.1408 0.1638 
 201 0.0059 0.0090 0.0287 0.3629 0.0831 0.0793 0.4310 
 202 0.0058 0.0126 0.0587 0.1416 0.1092 0.0700 0.6021 
 203 0.0057 0.0130 0.0242 0.4150 0.0692 0.0692 0.4036 
 204 0.0054 0.0088 0.0315 0.6867 0.0690 0.0618 0.1369 
 205 0.0054 0.0098 0.0336 0.6647 0.0877 0.0878 0.1110 
 206 0.0065 0.0088 0.0236 0.6634 0.0728 0.0707 0.1542 
 207 0.0054 0.0183 0.0343 0.6366 0.1067 0.0682 0.1304 
 208 0.0055 0.0110 0.0305 0.5539 0.0843 0.0710 0.2438 
 209 0.0056 0.0182 0.0274 0.5998 0.1002 0.0996 0.1493 
 210 0.0051 0.0089 0.0232 0.6533 0.0906 0.0731 0.1459 
 211 0.0112 0.1042 0.1161 0.2141 0.1820 0.0762 0.2961 
 212 0.0058 0.0121 0.0460 0.1882 0.0897 0.1092 0.5490 
 213 0.0064 0.0123 0.1336 0.2486 0.2540 0.1231 0.2220 
 214 0.0059 0.0162 0.0319 0.2887 0.0786 0.0806 0.4981 
 215 0.0050 0.0135 0.0258 0.7057 0.0895 0.0791 0.0814 
 216 0.0123 0.0129 0.0258 0.4675 0.1510 0.1922 0.1382 
 217 0.0061 0.0100 0.0331 0.4508 0.0717 0.0909 0.3374 
 218 0.0064 0.0095 0.0191 0.6589 0.0945 0.0925 0.1190 
 219 0.0159 0.0088 0.0259 0.3375 0.1156 0.2247 0.2717 
 220 0.0052 0.0097 0.0205 0.7282 0.0766 0.0671 0.0925 
 221 0.0057 0.0128 0.0754 0.1025 0.0654 0.0662 0.6719 
 222 0.0131 0.0097 0.0260 0.3584 0.1590 0.2407 0.1931 
 223 0.0064 0.0088 0.0310 0.2835 0.1284 0.1492 0.3926 
 224 0.0071 0.0098 0.0227 0.4847 0.0742 0.0739 0.3275 
 225 0.0056 0.0096 0.0340 0.6360 0.0875 0.0788 0.1485 
 226 0.0078 0.0126 0.0249 0.4808 0.0959 0.2177 0.1603 
 227 0.0068 0.0111 0.0926 0.3544 0.1266 0.0719 0.3367 
 228 0.0067 0.0158 0.1111 0.4550 0.0695 0.0653 0.2767 
 229 0.0066 0.0088 0.0179 0.5086 0.0762 0.0749 0.3070 
 230 0.0060 0.0110 0.0194 0.5845 0.0717 0.0678 0.2395 
 231 0.0061 0.0116 0.0184 0.5685 0.0791 0.1015 0.2148 
 232 0.0092 0.0140 0.0563 0.2089 0.1649 0.1588 0.3880 
 233 0.0061 0.0138 0.0235 0.2545 0.0786 0.0812 0.5423 
 234 0.0054 0.0123 0.0213 0.4561 0.1494 0.1581 0.1973 
 235 0.0069 0.0099 0.0378 0.3927 0.1050 0.1430 0.3046 
 236 0.0059 0.0144 0.0231 0.4023 0.0928 0.1041 0.3576 
 237 0.0055 0.0193 0.0365 0.6185 0.1047 0.0817 0.1338 
 238 0.0058 0.0115 0.0319 0.2366 0.1168 0.0959 0.5015 
 239 0.0060 0.0082 0.0380 0.5427 0.0688 0.0667 0.2696 
 240 0.0057 0.0117 0.0317 0.2343 0.1178 0.0959 0.5030 
 241 0.0080 0.0118 0.0403 0.1960 0.0959 0.0892 0.5588 
 242 0.0064 0.0092 0.0287 0.5531 0.0812 0.1623 0.1591 
 243 0.0050 0.0187 0.0658 0.5807 0.0765 0.0612 0.1920 
 244 0.0058 0.0123 0.0215 0.5160 0.0694 0.0671 0.3079 
 245 0.0056 0.0078 0.0402 0.1121 0.0943 0.0778 0.6622 
 246 0.0059 0.0100 0.0335 0.4500 0.0712 0.0895 0.3399 
 247 0.0053 0.0097 0.0447 0.3204 0.3557 0.1665 0.0977 
 248 0.0052 0.0146 0.0280 0.6463 0.1318 0.0848 0.0892 
 249 0.0064 0.0139 0.0266 0.4255 0.0841 0.0760 0.3675 
 250 0.0063 0.0122 0.0204 0.5078 0.0961 0.0955 0.2616 
 251 0.0062 0.0222 0.0345 0.4345 0.1227 0.2459 0.1340 
 252 0.0059 0.0078 0.0335 0.5500 0.0956 0.0924 0.2148 
 253 0.0063 0.0111 0.0581 0.3631 0.2331 0.1589 0.1694 
 254 0.0103 0.0092 0.0253 0.5359 0.1143 0.1455 0.1596 
 255 0.0063 0.0126 0.0261 0.5085 0.1144 0.1226 0.2095 
 256 0.0066 0.0142 0.0389 0.4065 0.1001 0.0974 0.3363 
 257 0.0231 0.0149 0.0333 0.4838 0.1385 0.1040 0.2024 
 258 0.0050 0.0141 0.0681 0.4626 0.1904 0.1150 0.1449 
 259 0.0073 0.0123 0.0227 0.5576 0.0993 0.0907 0.2102 
 260 0.0126 0.0103 0.0225 0.2873 0.1291 0.1904 0.3477 
 261 0.0056 0.0084 0.0480 0.4224 0.0938 0.0951 0.3267 
 262 0.0056 0.0116 0.0766 0.4312 0.0655 0.0721 0.3374 
 263 0.0086 0.0110 0.0225 0.6855 0.0826 0.0871 0.1027 
 264 0.0191 0.0145 0.0322 0.3021 0.1511 0.3969 0.0841 
 265 0.0055 0.0085 0.0227 0.6002 0.0893 0.1130 0.1609 
 266 0.0055 0.0121 0.0536 0.1468 0.0668 0.0664 0.6488 
 267 0.0061 0.0234 0.0315 0.3938 0.1421 0.1155 0.2877 
 268 0.0049 0.0139 0.0620 0.5614 0.0963 0.0751 0.1864 
 269 0.0060 0.0107 0.0227 0.4047 0.0932 0.2545 0.2083 
 270 0.0109 0.0124 0.0235 0.5348 0.1385 0.1526 0.1273 
 271 0.0058 0.0155 0.0392 0.5485 0.1462 0.1139 0.1309 
 272 0.0069 0.0184 0.0370 0.5352 0.1028 0.1705 0.1292 
 273 0.0440 0.0299 0.0307 0.3617 0.1392 0.1702 0.2244 
 274 0.0066 0.0114 0.0242 0.5308 0.1180 0.1573 0.1516 
 275 0.0073 0.0169 0.0223 0.6177 0.0794 0.1204 0.1359 
 276 0.0076 0.0271 0.0503 0.4654 0.1260 0.1606 0.1628 
 277 0.0072 0.0093 0.0245 0.3831 0.1273 0.1527 0.2959 
 278 0.0048 0.0142 0.0320 0.6858 0.0868 0.0791 0.0973 
 279 0.0069 0.0119 0.0249 0.4980 0.1182 0.1303 0.2098 
 280 0.0063 0.0109 0.0386 0.4431 0.0962 0.2079 0.1969 
 281 0.0072 0.0109 0.0272 0.4917 0.1656 0.1341 0.1633 
 282 0.0058 0.0104 0.0217 0.2739 0.1052 0.1286 0.4544 
 283 0.0068 0.0096 0.0259 0.2494 0.0965 0.0860 0.5259 
 284 0.0053 0.0162 0.0338 0.3533 0.1677 0.1183 0.3054 
 285 0.0054 0.0181 0.0601 0.5778 0.1387 0.1245 0.0754 
 286 0.0055 0.0124 0.0216 0.5150 0.0688 0.0682 0.3084 
 287 0.0079 0.0082 0.0237 0.4028 0.1469 0.1957 0.2147 
 288 0.0059 0.0112 0.0209 0.6678 0.0777 0.1199 0.0966 
 289 0.0084 0.0146 0.0344 0.6028 0.1245 0.1145 0.1007 
 290 0.0151 0.0353 0.0998 0.3138 0.1058 0.2150 0.2152 
 291 0.0061 0.0153 0.0390 0.5482 0.1461 0.1130 0.1323 
 292 0.0061 0.0097 0.0899 0.3600 0.0928 0.1825 0.2590 
 293 0.0084 0.0325 0.1214 0.2168 0.1575 0.3180 0.1453 
 294 0.0103 0.0098 0.0305 0.6845 0.0792 0.0894 0.0963 
 295 0.0080 0.0291 0.0607 0.3524 0.1506 0.1879 0.2113 
 296 0.0054 0.0119 0.0242 0.6822 0.0973 0.0803 0.0988 
 297 0.0070 0.0102 0.0301 0.5044 0.1009 0.2074 0.1399 
 298 0.0066 0.0092 0.0184 0.4115 0.1072 0.1134 0.3336 
 299 0.0115 0.0084 0.0189 0.6611 0.0882 0.1016 0.1103 
 300 0.0057 0.0137 0.0364 0.6479 0.0864 0.1092 0.1006 
 301 0.0099 0.0137 0.0211 0.5596 0.0999 0.1768 0.1189 
 302 0.0090 0.0144 0.0494 0.6432 0.0836 0.0929 0.1075 
 303 0.0066 0.0121 0.0346 0.3778 0.0867 0.1174 0.3648 
 304 0.0130 0.0144 0.0218 0.1087 0.1710 0.2399 0.4312 
 305 0.0056 0.0104 0.0322 0.6174 0.0654 0.0755 0.1936 
 306 0.0073 0.0101 0.0330 0.3224 0.0858 0.1326 0.4089 
 307 0.0092 0.0148 0.0266 0.3414 0.1251 0.1411 0.3419 
 308 0.0057 0.0084 0.0487 0.4220 0.0940 0.0951 0.3261 
 309 0.0105 0.0172 0.0279 0.6924 0.0936 0.0714 0.0870 
 310 0.0055 0.0138 0.0390 0.5416 0.0755 0.0700 0.2545 
 311 0.0059 0.0109 0.0187 0.5850 0.0716 0.0680 0.2399 
 312 0.0048 0.0104 0.0258 0.7017 0.0960 0.0653 0.0960 
 313 0.0057 0.0121 0.0639 0.6626 0.0932 0.0695 0.0930 
 314 0.0055 0.0096 0.0329 0.0493 0.0633 0.0742 0.7652 
 315 0.0053 0.0080 0.0478 0.0431 0.0760 0.1073 0.7125 
 316 0.0093 0.0100 0.0325 0.0465 0.0819 0.1426 0.6772 
 317 0.0064 0.0097 0.0192 0.0418 0.0655 0.0780 0.7793 
 318 0.0062 0.0088 0.0148 0.0377 0.0640 0.0861 0.7825 
 319 0.0068 0.0089 0.0203 0.0494 0.0657 0.0722 0.7767 
 320 0.0055 0.0099 0.0327 0.0482 0.0632 0.0741 0.7664 
 321 0.0062 0.0099 0.0177 0.0396 0.0656 0.0875 0.7735 
 322 0.0089 0.0109 0.0506 0.0539 0.0837 0.1255 0.6665 
 323 0.0174 0.0077 0.0161 0.0408 0.0657 0.0788 0.7735 
 324 0.0064 0.0098 0.0174 0.0389 0.0653 0.0875 0.7747 
 325 0.0058 0.0091 0.0256 0.0372 0.0759 0.1377 0.7086 
 326 0.0147 0.0133 0.0323 0.0398 0.0786 0.1360 0.6853 
 327 0.0065 0.0098 0.0196 0.0418 0.0649 0.0781 0.7793 
 328 0.0058 0.0087 0.0334 0.0455 0.0817 0.1208 0.7042 
 329 0.0062 0.0076 0.0153 0.0367 0.0645 0.0766 0.7931 
 330 0.0062 0.0098 0.0191 0.0414 0.0650 0.0788 0.7798 
 331 0.0060 0.0075 0.0154 0.0423 0.0647 0.0772 0.7869 
 332 0.0228 0.0104 0.0273 0.0370 0.0796 0.1444 0.6785 
 333 0.0137 0.0111 0.0346 0.0448 0.0812 0.1172 0.6974 
 334 0.0057 0.0087 0.0338 0.0449 0.0820 0.1221 0.7027 
 335 0.0059 0.0084 0.0375 0.0412 0.0785 0.1072 0.7213 
 336 0.0181 0.0101 0.0253 0.0422 0.0646 0.0845 0.7552 
 337 0.0059 0.0108 0.0317 0.0392 0.0781 0.1418 0.6925 
 338 0.0073 0.0093 0.0150 0.0379 0.0647 0.0891 0.7767 
 339 0.0060 0.0076 0.0153 0.0422 0.0649 0.0779 0.7861 
 340 0.0061 0.0073 0.0166 0.0447 0.0644 0.0701 0.7908 
 341 0.0178 0.0114 0.0183 0.0471 0.0671 0.0786 0.7597 
 342 0.0063 0.0097 0.0192 0.0409 0.0648 0.0788 0.7803 
 343 0.0137 0.0094 0.0685 0.0426 0.0789 0.1101 0.6768 
 344 0.0063 0.0077 0.0148 0.0369 0.0637 0.0766 0.7940 
 345 0.0061 0.0097 0.0191 0.0426 0.0645 0.0782 0.7798 
 346 0.0060 0.0088 0.0162 0.0403 0.0631 0.0779 0.7876 
 347 0.0063 0.0074 0.0160 0.0398 0.0636 0.0698 0.7971 
 348 0.0052 0.0087 0.0751 0.0483 0.0754 0.0960 0.6913 
 349 0.0062 0.0095 0.0192 0.0410 0.0651 0.0777 0.7812 
 350 0.0059 0.0079 0.0244 0.0534 0.0652 0.0730 0.7701 
 351 0.0057 0.0084 0.0373 0.0412 0.0781 0.1056 0.7237 
 352 0.0059 0.0100 0.0381 0.0422 0.0782 0.1201 0.7056 
 353 0.0185 0.0100 0.0250 0.0425 0.0653 0.0846 0.7541 
 354 0.0089 0.0088 0.0154 0.0413 0.0657 0.0792 0.7807 
 355 0.0063 0.0090 0.0152 0.0376 0.0641 0.0869 0.7809 
 356 0.0049 0.0086 0.0797 0.0483 0.0767 0.0959 0.6860 
 357 0.0058 0.0110 0.0262 0.0554 0.1049 0.3134 0.4833 
 358 0.0067 0.0086 0.0254 0.0364 0.0783 0.1234 0.7211 
 359 0.0068 0.0077 0.0152 0.0428 0.0655 0.0787 0.7832 
 360 0.0064 0.0086 0.0165 0.0403 0.0627 0.0777 0.7878 
 361 0.0055 0.0130 0.0359 0.0633 0.1101 0.3223 0.4499 
 362 0.0071 0.0121 0.0319 0.2345 0.2125 0.3800 0.1219 
 363 0.0094 0.0137 0.0371 0.1100 0.3382 0.4018 0.0898 
 364 0.0367 0.0329 0.0315 0.0859 0.1719 0.2855 0.3556 
 365 0.0278 0.0616 0.0320 0.0837 0.1453 0.5449 0.1046 
 366 0.0072 0.0258 0.1240 0.1566 0.1195 0.3728 0.1941 
 367 0.0061 0.0099 0.0210 0.0442 0.5657 0.2867 0.0663 
 368 0.0076 0.0133 0.0190 0.1477 0.5036 0.1887 0.1201 
 369 0.0115 0.0237 0.1265 0.1052 0.1525 0.2504 0.3302 
 370 0.0239 0.0256 0.0261 0.2439 0.3971 0.1530 0.1305 
 371 0.0160 0.0282 0.0346 0.3064 0.1674 0.2815 0.1660 
 372 0.0901 0.0518 0.0283 0.3456 0.2248 0.1190 0.1403 
 373 0.0097 0.0201 0.0267 0.0930 0.3950 0.2660 0.1896 
 374 0.0081 0.0415 0.0260 0.0990 0.1671 0.3454 0.3129 
 375 0.0353 0.0200 0.0216 0.1040 0.3770 0.3606 0.0815 
 376 0.1240 0.0106 0.0232 0.0364 0.1702 0.5594 0.0762 
 377 0.0089 0.0198 0.0397 0.1770 0.2807 0.3494 0.1245 
 378 0.0061 0.0139 0.0242 0.0762 0.5034 0.1214 0.2547 
 379 0.2341 0.0140 0.0309 0.0474 0.1833 0.4217 0.0686 
 380 0.0160 0.0166 0.0686 0.0962 0.0953 0.4989 0.2085 
 381 0.0132 0.0135 0.0877 0.0604 0.0865 0.5356 0.2030 
 382 0.0062 0.0123 0.0174 0.0698 0.2895 0.5055 0.0993 
 383 0.0244 0.0203 0.0264 0.1088 0.0802 0.5571 0.1829 
 384 0.1399 0.0312 0.0270 0.0833 0.1774 0.3891 0.1520 
 385 0.0090 0.3766 0.0164 0.0625 0.1121 0.1891 0.2344 
 386 0.0052 0.0111 0.0248 0.0686 0.3247 0.4735 0.0921 
 387 0.0060 0.0153 0.0315 0.0565 0.3318 0.4478 0.1111 
 388 0.0244 0.0519 0.0200 0.1080 0.2450 0.2811 0.2696 
 389 0.0131 0.2228 0.0694 0.2892 0.1833 0.1220 0.1002 
 390 0.0253 0.0227 0.1356 0.0770 0.3863 0.2659 0.0871 
 391 0.0195 0.1516 0.0676 0.0896 0.3231 0.1878 0.1608 
 392 0.0124 0.0089 0.0301 0.0888 0.1990 0.4883 0.1725 
 393 0.0119 0.0119 0.1118 0.0446 0.1053 0.5639 0.1506 
 394 0.0063 0.0087 0.0270 0.0811 0.2920 0.2842 0.3008 
 395 0.0055 0.0098 0.1152 0.2001 0.2626 0.3007 0.1060 
 396 0.0084 0.0108 0.0195 0.0810 0.4293 0.3811 0.0700 
 397 0.1611 0.0093 0.0284 0.2930 0.1270 0.1827 0.1984 
 398 0.0440 0.0078 0.0345 0.0401 0.2997 0.4990 0.0747 
 399 0.0053 0.0221 0.0418 0.0891 0.5170 0.2241 0.1005 
 400 0.0100 0.0135 0.0286 0.0451 0.3182 0.4479 0.1367 
 401 0.0056 0.0125 0.0748 0.0589 0.5411 0.1654 0.1417 
 402 0.0128 0.0215 0.0940 0.1028 0.3411 0.2804 0.1473 
 403 0.0118 0.0360 0.0291 0.0889 0.2056 0.1888 0.4398 
 404 0.0147 0.0248 0.0257 0.1465 0.2041 0.4024 0.1819 
 405 0.0064 0.0113 0.0403 0.1278 0.1879 0.4662 0.1601 
 406 0.0054 0.0096 0.3307 0.0793 0.0883 0.2982 0.1884 
 407 0.0058 0.0094 0.0221 0.0510 0.1380 0.7030 0.0707 
 408 0.0049 0.0086 0.0769 0.1057 0.6379 0.0972 0.0689 
 409 0.0169 0.0168 0.1985 0.0519 0.1237 0.2444 0.3478 
 410 0.1080 0.0156 0.0431 0.0644 0.2886 0.3363 0.1440 
 411 0.0529 0.0110 0.0786 0.0505 0.1641 0.4431 0.1998 
 412 0.0077 0.0138 0.0182 0.1409 0.4421 0.2673 0.1100 
 413 0.0059 0.0095 0.0208 0.1228 0.4164 0.1984 0.2261 
 414 0.0060 0.0394 0.0191 0.1633 0.4266 0.2704 0.0752 
 415 0.0067 0.0123 0.0660 0.0684 0.1752 0.5630 0.1083 
 416 0.0091 0.0416 0.0679 0.0820 0.2687 0.3681 0.1627 
 417 0.0084 0.0098 0.0271 0.0583 0.1900 0.6227 0.0837 
 418 0.0113 0.0094 0.0172 0.0643 0.5517 0.2660 0.0801 
 419 0.0151 0.0394 0.0519 0.0771 0.2592 0.2764 0.2809 
 420 0.0047 0.0110 0.1708 0.0630 0.4905 0.1662 0.0938 
 421 0.0099 0.0102 0.0275 0.0871 0.3755 0.3949 0.0950 
 422 0.0097 0.0126 0.0901 0.2324 0.1691 0.3745 0.1116 
 423 0.0147 0.0120 0.0373 0.1232 0.2090 0.4672 0.1367 
 424 0.0120 0.0229 0.1380 0.0464 0.4526 0.1919 0.1361 
 425 0.0378 0.1056 0.0271 0.1044 0.2110 0.3484 0.1657 
 426 0.0440 0.0477 0.0297 0.0634 0.3818 0.2689 0.1645 
 427 0.0062 0.0089 0.0301 0.0380 0.2009 0.5330 0.1829 
 428 0.0345 0.0125 0.0864 0.0948 0.1331 0.3920 0.2468 
 429 0.0080 0.0082 0.0193 0.0512 0.2961 0.5515 0.0659 
 430 0.0076 0.0094 0.0360 0.0636 0.1708 0.6304 0.0822 
 431 0.0135 0.0196 0.0256 0.1561 0.4011 0.2391 0.1450 
 432 0.0079 0.0119 0.0215 0.1077 0.5212 0.1980 0.1319 
 433 0.0246 0.0130 0.0351 0.1091 0.2637 0.1467 0.4078 
 434 0.0094 0.0193 0.0368 0.1442 0.1914 0.3836 0.2153 
 435 0.0058 0.0076 0.0395 0.0405 0.2248 0.6087 0.0730 
 436 0.0077 0.0106 0.0629 0.0284 0.2175 0.5524 0.1205 
 437 0.0110 0.0081 0.0225 0.0526 0.1455 0.6816 0.0786 
 438 0.0070 0.0101 0.2397 0.0381 0.2629 0.3044 0.1377 
 439 0.0059 0.0089 0.0299 0.0299 0.1402 0.6911 0.0941 
 440 0.0047 0.0096 0.0340 0.0369 0.1530 0.7015 0.0604 
 441 0.0067 0.0111 0.0320 0.0445 0.1846 0.5509 0.1702 
 442 0.0078 0.0306 0.0417 0.0557 0.3013 0.4750 0.0880 
 443 0.0050 0.0139 0.1511 0.0461 0.4823 0.2283 0.0731 
 444 0.0067 0.0271 0.0581 0.0507 0.2232 0.5483 0.0859 
 445 0.0557 0.0099 0.1376 0.0482 0.1284 0.3964 0.2238 
 446 0.0544 0.0091 0.0328 0.0280 0.3445 0.4468 0.0845 
 447 0.0071 0.0341 0.0913 0.0421 0.1736 0.4890 0.1629 
 448 0.0061 0.0104 0.0329 0.0509 0.2294 0.5847 0.0857 
 449 0.0069 0.0112 0.0333 0.0572 0.1920 0.5637 0.1357 
 450 0.0120 0.0121 0.0183 0.0381 0.1860 0.5974 0.1361 
 451 0.0062 0.0113 0.0328 0.0578 0.6215 0.2086 0.0619 
 452 0.0075 0.0099 0.0193 0.0400 0.1723 0.6319 0.1191 
 453 0.0058 0.0184 0.3128 0.0728 0.2977 0.1541 0.1385 
 454 0.0058 0.0102 0.0275 0.0590 0.1605 0.5925 0.1445 
 455 0.0054 0.0098 0.1196 0.0340 0.2528 0.4952 0.0833 
 456 0.0065 0.0124 0.1531 0.0548 0.2257 0.4706 0.0769 
 457 0.0073 0.0087 0.0246 0.0412 0.1312 0.7008 0.0862 
 458 0.0497 0.0097 0.0295 0.0368 0.1709 0.6077 0.0959 
 459 0.0058 0.0101 0.0457 0.0281 0.3022 0.4152 0.1928 
 460 0.0052 0.0095 0.0378 0.0308 0.3806 0.4557 0.0805 
 461 0.0081 0.0093 0.0178 0.0302 0.5456 0.3085 0.0805 
 462 0.0107 0.0593 0.0840 0.0818 0.2529 0.4519 0.0593 
 463 0.0050 0.0094 0.3939 0.0722 0.1399 0.2691 0.1106 
 464 0.0046 0.0086 0.0870 0.0377 0.4470 0.3361 0.0791 
 465 0.0087 0.0101 0.0509 0.0433 0.5375 0.2526 0.0969 
 466 0.0049 0.0086 0.1806 0.0545 0.4057 0.2636 0.0821 
 467 0.0072 0.0127 0.0761 0.0745 0.2451 0.4581 0.1264 
 468 0.0056 0.0081 0.0956 0.0439 0.1185 0.6504 0.0779 
 469 0.0055 0.0087 0.0382 0.0273 0.1093 0.7305 0.0806 
 470 0.0052 0.0074 0.0344 0.0328 0.2430 0.6016 0.0756 
 471 0.0085 0.0402 0.1315 0.1074 0.2398 0.3781 0.0945 
 472 0.0090 0.0141 0.0827 0.0607 0.2999 0.4311 0.1024 
 473 0.0068 0.0098 0.0386 0.0860 0.2053 0.5177 0.1358 
 474 0.0065 0.0103 0.0466 0.0530 0.1868 0.5693 0.1275 
 475 0.0070 0.0103 0.0375 0.0458 0.4869 0.2517 0.1607 
 476 0.0090 0.0085 0.0509 0.0388 0.1600 0.6356 0.0973 
 477 0.0079 0.0189 0.0635 0.0347 0.5078 0.2324 0.1348 
 478 0.0080 0.0177 0.0275 0.0298 0.6672 0.1761 0.0738 
 479 0.0053 0.0092 0.0261 0.0323 0.2165 0.6388 0.0717 
 480 0.0066 0.0079 0.0218 0.0345 0.1161 0.7325 0.0805 
 481 0.0076 0.0328 0.0328 0.1592 0.2260 0.4516 0.0899 
 482 0.0068 0.0079 0.0192 0.0327 0.2218 0.6397 0.0719 
 483 0.0069 0.0098 0.0382 0.0311 0.2285 0.5875 0.0979 
 484 0.0065 0.0140 0.1949 0.0568 0.1953 0.4320 0.1005 
 485 0.0065 0.0091 0.0662 0.0316 0.1988 0.6093 0.0786 
 486 0.0206 0.1044 0.0953 0.1758 0.2548 0.2118 0.1373 
 487 0.0229 0.0780 0.0510 0.0815 0.2242 0.2627 0.2796 
 488 0.0159 0.1103 0.0371 0.1190 0.3597 0.1558 0.2023 
 489 0.0223 0.0436 0.0931 0.1420 0.1404 0.2739 0.2846 
 490 0.0089 0.0270 0.0753 0.0692 0.5172 0.2200 0.0825 
 491 0.0116 0.1038 0.0308 0.2878 0.1484 0.1527 0.2648 
 492 0.0060 0.0364 0.0608 0.0757 0.3350 0.1153 0.3708 
 493 0.0374 0.2240 0.0425 0.1770 0.1853 0.1810 0.1528 
 494 0.0989 0.0613 0.0501 0.1637 0.1729 0.2318 0.2212 
 495 0.0480 0.0968 0.0736 0.0415 0.3688 0.1216 0.2497 
 496 0.0085 0.0095 0.0456 0.1299 0.1805 0.1501 0.4759 
 497 0.0500 0.2552 0.0238 0.1589 0.1192 0.1509 0.2420 
 498 0.0143 0.1870 0.0809 0.0850 0.2846 0.1968 0.1514 
 499 0.0924 0.0397 0.0439 0.0927 0.1318 0.1769 0.4227 
 500 0.0467 0.0256 0.0390 0.2359 0.1414 0.3734 0.1380 
 501 0.0207 0.0194 0.0250 0.1041 0.2100 0.2957 0.3251 
 502 0.0108 0.0414 0.0193 0.0593 0.3337 0.1782 0.3574 
 503 0.0118 0.0133 0.0290 0.0986 0.2254 0.5197 0.1023 
 504 0.0100 0.0660 0.0521 0.0593 0.5718 0.1236 0.1173 
 505 0.0179 0.0503 0.0675 0.2909 0.2015 0.1444 0.2275 
 506 0.0089 0.0554 0.0258 0.1301 0.3107 0.1542 0.3149 
 507 0.0100 0.0089 0.0484 0.0972 0.0804 0.0834 0.6717 
 508 0.0376 0.0242 0.0852 0.0669 0.1083 0.0813 0.5965 
 509 0.0105 0.0250 0.0455 0.2585 0.1734 0.1234 0.3638 
 510 0.0832 0.0192 0.0324 0.0877 0.1780 0.2251 0.3744 
 511 0.0142 0.0401 0.0415 0.1375 0.2136 0.4233 0.1298 
 512 0.0114 0.0277 0.0207 0.0974 0.2169 0.5387 0.0871 
 513 0.0093 0.5752 0.0410 0.0954 0.1050 0.0588 0.1152 
 514 0.0098 0.0147 0.0286 0.0842 0.5759 0.1218 0.1650 
 515 0.0190 0.0191 0.0938 0.0755 0.1621 0.3558 0.2748 
 516 0.0111 0.0148 0.0631 0.1048 0.5502 0.1088 0.1471 
 517 0.0091 0.0117 0.1488 0.0791 0.2581 0.2224 0.2708 
 518 0.1182 0.0160 0.0216 0.2029 0.1214 0.2392 0.2806 
 519 0.0064 0.0172 0.0336 0.0567 0.5946 0.1284 0.1633 
 520 0.0092 0.0100 0.2046 0.0684 0.0957 0.2406 0.3716 
 521 0.0070 0.0115 0.0321 0.1790 0.2597 0.1215 0.3891 
 522 0.0617 0.0162 0.2012 0.0669 0.1541 0.3792 0.1208 
 523 0.0101 0.0103 0.2845 0.0661 0.2018 0.1182 0.3092 
 524 0.0108 0.0101 0.1063 0.0858 0.1832 0.4133 0.1906 
 525 0.1274 0.0102 0.0595 0.0905 0.1120 0.2730 0.3274 
 526 0.0069 0.0080 0.4211 0.0728 0.0999 0.2451 0.1461 
 527 0.1230 0.0364 0.0212 0.0736 0.3171 0.2954 0.1332 
 528 0.0058 0.0100 0.0323 0.2037 0.1302 0.1020 0.5161 
 529 0.1141 0.0177 0.0311 0.2746 0.2267 0.1388 0.1969 
 530 0.0101 0.0295 0.0790 0.0737 0.1450 0.4665 0.1962 
 531 0.0086 0.0132 0.0501 0.0503 0.1455 0.2707 0.4616 
 532 0.0546 0.0180 0.0562 0.1190 0.2174 0.1895 0.3454 
 533 0.0895 0.0133 0.0748 0.1767 0.1549 0.3293 0.1616 
 534 0.0904 0.0296 0.1147 0.2386 0.2231 0.0742 0.2294 
 535 0.0065 0.0102 0.2370 0.0795 0.3102 0.2010 0.1555 
 536 0.0105 0.0156 0.1002 0.1383 0.1712 0.2853 0.2789 
 537 0.0081 0.0208 0.1455 0.1160 0.1434 0.1392 0.4269 
 538 0.0067 0.0119 0.0997 0.2368 0.1368 0.1902 0.3180 
 539 0.0060 0.0118 0.0357 0.1383 0.0836 0.0952 0.6293 
 540 0.0075 0.0134 0.0900 0.2317 0.1280 0.2295 0.2999 
 541 0.0086 0.0158 0.0551 0.1311 0.1446 0.1707 0.4740 
 542 0.0068 0.0245 0.2472 0.2123 0.1101 0.2716 0.1275 
 543 0.0081 0.0182 0.2124 0.1325 0.2594 0.1217 0.2477 
 544 0.0054 0.0134 0.3524 0.1036 0.1468 0.1811 0.1973 
 545 0.0056 0.0143 0.4839 0.0691 0.1552 0.1882 0.0836 
 546 0.0062 0.0343 0.1146 0.2986 0.1263 0.1782 0.2417 
 547 0.0059 0.0119 0.4905 0.0484 0.1244 0.1016 0.2173 
 548 0.0060 0.0123 0.0205 0.5106 0.0962 0.0948 0.2596 
 549 0.0088 0.0120 0.1609 0.0407 0.1060 0.2100 0.4617 
 550 0.0049 0.0160 0.3575 0.0575 0.1823 0.2584 0.1234 
 551 0.0087 0.0115 0.0511 0.0492 0.1408 0.1411 0.5976 
 552 0.0069 0.0114 0.0793 0.3771 0.1059 0.1484 0.2710 
 553 0.0074 0.0168 0.4265 0.1085 0.1320 0.0799 0.2290 
 554 0.0135 0.0151 0.0636 0.1843 0.1856 0.3089 0.2290 
 555 0.0077 0.0493 0.0872 0.1237 0.1295 0.1421 0.4604 
 556 0.0072 0.0140 0.0814 0.2708 0.1592 0.1680 0.2993 
 557 0.0055 0.0139 0.2116 0.0517 0.2093 0.3126 0.1953 
 558 0.0068 0.0077 0.0180 0.0288 0.2162 0.6475 0.0751 
 559 0.0083 0.0116 0.0382 0.3143 0.3775 0.1370 0.1130 
 560 0.0058 0.0151 0.0326 0.0582 0.5089 0.3212 0.0582 
 561 0.0062 0.0180 0.0464 0.0667 0.4688 0.3153 0.0786 
 562 0.0076 0.0217 0.0662 0.1054 0.4837 0.2575 0.0580 
 563 0.0099 0.0213 0.0479 0.0309 0.4679 0.1540 0.2682 
 564 0.0109 0.0127 0.0689 0.4057 0.1970 0.1888 0.1160 
 565 0.0061 0.0087 0.0212 0.0413 0.1232 0.7154 0.0842 
 566 0.0047 0.0122 0.0248 0.0435 0.5237 0.3293 0.0618 
 567 0.0103 0.0203 0.0398 0.4204 0.2641 0.1674 0.0777 
 568 0.0063 0.0085 0.0510 0.1061 0.4923 0.2152 0.1206 
 569 0.0092 0.0121 0.1208 0.0716 0.2435 0.4228 0.1200 
 570 0.0104 0.0080 0.0197 0.0544 0.1900 0.6551 0.0624 
 571 0.0058 0.0094 0.0272 0.0687 0.6359 0.1590 0.0942 
 572 0.0046 0.0218 0.3172 0.0981 0.1088 0.2113 0.2381 
 573 0.0103 0.0104 0.0586 0.3080 0.1814 0.3121 0.1192 
 574 0.0088 0.0143 0.0371 0.0734 0.1284 0.5132 0.2249 
 575 0.0071 0.0098 0.0329 0.0781 0.4697 0.2007 0.2017 
 576 0.0062 0.0248 0.0207 0.0460 0.5459 0.2947 0.0617 
 577 0.0116 0.0136 0.0291 0.0759 0.1959 0.4556 0.2184 
 578 0.0063 0.0191 0.0353 0.0752 0.4742 0.2934 0.0965 
 579 0.0067 0.0400 0.0361 0.1534 0.2800 0.3958 0.0880 
 580 0.0071 0.0109 0.0225 0.0666 0.1791 0.5730 0.1407 
 581 0.0060 0.0098 0.0242 0.0542 0.2803 0.5116 0.1139 
 582 0.0071 0.0087 0.0551 0.0525 0.3321 0.4731 0.0714 
 583 0.0606 0.0123 0.0276 0.0765 0.4967 0.2346 0.0916 
 584 0.0079 0.0121 0.0198 0.0420 0.5628 0.2824 0.0730 
 585 0.0080 0.0218 0.0293 0.0585 0.4433 0.3573 0.0819 
 586 0.0061 0.0106 0.0327 0.1035 0.6160 0.1160 0.1152 
 587 0.0136 0.0146 0.0615 0.1479 0.3124 0.3813 0.0688 
 588 0.0104 0.0201 0.1169 0.5654 0.1266 0.0742 0.0865 
 589 0.0059 0.0102 0.0980 0.0684 0.1970 0.5445 0.0760 
 590 0.0080 0.0190 0.0246 0.1313 0.5825 0.1481 0.0865 
 591 0.0060 0.0099 0.0211 0.0706 0.6379 0.1511 0.1034 
 592 0.0051 0.0106 0.0767 0.1674 0.4192 0.2428 0.0783 
 593 0.0071 0.0094 0.0419 0.1157 0.3679 0.3177 0.1403 
 594 0.0514 0.0189 0.0285 0.1014 0.4489 0.1620 0.1890 
 595 0.0138 0.1020 0.0170 0.1515 0.2205 0.4278 0.0673 
 596 0.0051 0.0178 0.0905 0.2636 0.2053 0.2882 0.1295 
 597 0.0087 0.0123 0.0519 0.0671 0.4947 0.1014 0.2639 
 598 0.0080 0.0076 0.0193 0.0332 0.1444 0.7186 0.0688 
 599 0.0070 0.0085 0.0459 0.0789 0.5543 0.2420 0.0635 
 600 0.0054 0.0124 0.0455 0.0807 0.1667 0.5190 0.1703 
 601 0.0053 0.0112 0.0492 0.0711 0.4135 0.3817 0.0681 
 602 0.0107 0.0252 0.0223 0.2134 0.2759 0.1912 0.2612 
 603 0.0069 0.0157 0.0239 0.2533 0.3111 0.1641 0.2251 
 604 0.0220 0.0303 0.0304 0.0961 0.1337 0.5141 0.1733 
 605 0.0067 0.0170 0.0532 0.1205 0.3911 0.2975 0.1141 
 606 0.0154 0.0132 0.0409 0.2334 0.2109 0.2598 0.2263 
 607 0.0097 0.0172 0.0192 0.1361 0.1476 0.3656 0.3047 
 608 0.0069 0.0086 0.0275 0.0535 0.1973 0.2206 0.4855 
 609 0.0124 0.0170 0.0459 0.0500 0.2258 0.5017 0.1472 
 610 0.0069 0.0164 0.0961 0.0797 0.1645 0.5223 0.1141 
 611 0.0096 0.0145 0.0437 0.1185 0.3904 0.1537 0.2697 
 612 0.0149 0.0107 0.0506 0.0470 0.1234 0.6524 0.1011 
 613 0.0407 0.0204 0.0681 0.1283 0.2033 0.3881 0.1511 
 614 0.0089 0.0229 0.0223 0.0946 0.0936 0.6703 0.0875 
 615 0.0070 0.0101 0.0261 0.0951 0.1051 0.6104 0.1462 
 616 0.0069 0.0140 0.0182 0.1556 0.1933 0.3980 0.2139 
 617 0.0174 0.1180 0.0559 0.0906 0.1750 0.4514 0.0916 
 618 0.0161 0.0345 0.0466 0.1006 0.0999 0.4578 0.2445 
 619 0.0050 0.0091 0.0793 0.1355 0.3093 0.2654 0.1965 
 620 0.0052 0.0117 0.0800 0.2719 0.3783 0.1928 0.0600 
 621 0.0105 0.0147 0.0180 0.0418 0.4813 0.3381 0.0956 
 622 0.0154 0.1072 0.0452 0.2421 0.1176 0.3281 0.1443 
 623 0.0059 0.0137 0.0337 0.1544 0.4119 0.2768 0.1038 
 624 0.0108 0.0106 0.0314 0.0604 0.1424 0.5137 0.2307 
 625 0.0303 0.0440 0.0237 0.0768 0.2062 0.3966 0.2223 
 626 0.0315 0.0098 0.1520 0.0794 0.0886 0.2306 0.4080 
 627 0.0054 0.0181 0.0391 0.1715 0.3090 0.3152 0.1418 
 628 0.0061 0.0378 0.0252 0.3166 0.2614 0.2291 0.1239 
 629 0.0080 0.0206 0.0212 0.1522 0.3335 0.3015 0.1631 
 630 0.0194 0.0196 0.0350 0.0784 0.2414 0.4885 0.1178 
 631 0.0079 0.0117 0.0210 0.1969 0.1614 0.4791 0.1220 
 632 0.0066 0.0199 0.0339 0.2737 0.1147 0.2081 0.3431 
 633 0.0083 0.0235 0.0226 0.0829 0.1496 0.4953 0.2179 
 634 0.0079 0.0111 0.0491 0.2133 0.1847 0.2716 0.2622 
 635 0.0068 0.0106 0.0287 0.1084 0.1305 0.2312 0.4838 
 636 0.0102 0.0113 0.0282 0.0611 0.2251 0.3806 0.2837 
 637 0.0090 0.0250 0.1348 0.1516 0.2097 0.2500 0.2199 
 638 0.0095 0.0143 0.0216 0.1583 0.3164 0.2651 0.2148 
 639 0.0081 0.0267 0.0247 0.1285 0.1166 0.5054 0.1900 
 640 0.0070 0.0355 0.0168 0.0671 0.4526 0.2868 0.1342 
 641 0.0166 0.0183 0.0241 0.2119 0.2063 0.3659 0.1568 
 642 0.0071 0.0117 0.0561 0.0802 0.1524 0.1515 0.5409 
 643 0.0064 0.0095 0.0238 0.0611 0.1197 0.1148 0.6647 
 644 0.0069 0.0125 0.0277 0.0692 0.1869 0.1162 0.5805 
 645 0.0174 0.0197 0.0375 0.0597 0.0707 0.2852 0.5098 
 646 0.0085 0.0331 0.0705 0.1592 0.2903 0.1910 0.2474 
 647 0.0150 0.0343 0.0425 0.0898 0.2237 0.1342 0.4604 
 648 0.1993 0.0380 0.0697 0.2241 0.1022 0.1277 0.2390 
 649 0.0174 0.0126 0.0765 0.3898 0.1790 0.0991 0.2257 
 650 0.0068 0.0143 0.0467 0.1705 0.3451 0.1186 0.2979 
 651 0.0236 0.0600 0.0204 0.2256 0.1476 0.1486 0.3741 
 652 0.0081 0.0107 0.0281 0.0896 0.1650 0.1202 0.5783 
 653 0.0952 0.0355 0.0618 0.0994 0.1067 0.1435 0.4580 
 654 0.0106 0.0371 0.0908 0.0941 0.1239 0.1281 0.5154 
 655 0.0060 0.0092 0.0292 0.0625 0.2753 0.1183 0.4995 
 656 0.0322 0.0568 0.0891 0.1639 0.1455 0.1486 0.3638 
 657 0.1137 0.0127 0.0300 0.0779 0.1906 0.2698 0.3053 
 658 0.0194 0.0095 0.0652 0.0821 0.3637 0.1652 0.2948 
 659 0.0271 0.0242 0.0645 0.0777 0.1421 0.1629 0.5014 
 660 0.0225 0.0098 0.0426 0.1813 0.1331 0.0968 0.5138 
 661 0.0130 0.0139 0.1227 0.1068 0.1117 0.1289 0.5029 
 662 0.0159 0.0161 0.1470 0.3763 0.1884 0.0853 0.1711 
 663 0.0068 0.0094 0.0277 0.2244 0.1439 0.1343 0.4534 
 664 0.0082 0.0124 0.0558 0.0624 0.3257 0.2094 0.3262 
 665 0.0063 0.0112 0.0746 0.4015 0.1582 0.1043 0.2440 
 666 0.0074 0.0096 0.0486 0.1539 0.1485 0.1480 0.4840 
 667 0.0341 0.1622 0.0494 0.1044 0.2971 0.1469 0.2058 
 668 0.0074 0.0121 0.0513 0.1047 0.1837 0.1847 0.4561 
 669 0.0795 0.0138 0.0495 0.3068 0.1544 0.1121 0.2839 
 670 0.0063 0.0077 0.0245 0.0859 0.0817 0.0807 0.7132 
 671 0.0068 0.0095 0.0334 0.1167 0.1283 0.0969 0.6083 
 672 0.0052 0.0082 0.0496 0.0379 0.1533 0.1238 0.6219 
 673 0.0203 0.0080 0.0161 0.0408 0.0668 0.0811 0.7670 
 674 0.0057 0.0124 0.0324 0.0864 0.0900 0.1315 0.6416 
 675 0.0067 0.0262 0.0207 0.0447 0.1199 0.0745 0.7073 
 676 0.0060 0.0084 0.0177 0.0383 0.0650 0.0789 0.7856 
 677 0.0053 0.0085 0.0928 0.0937 0.0751 0.0693 0.6554 
 678 0.0434 0.0086 0.0161 0.0409 0.0729 0.0796 0.7385 
 679 0.0064 0.0111 0.0157 0.0612 0.0894 0.1398 0.6764 
 680 0.0082 0.0150 0.0238 0.0476 0.0720 0.1114 0.7219 
 681 0.0076 0.0296 0.2544 0.0561 0.0972 0.2086 0.3466 
 682 0.0060 0.0092 0.0253 0.0371 0.0743 0.1165 0.7316 
 683 0.0058 0.0081 0.0308 0.0608 0.0774 0.0742 0.7430 
 684 0.0317 0.0095 0.0192 0.0425 0.0735 0.0798 0.7439 
 685 0.0058 0.0081 0.0192 0.0409 0.0651 0.0713 0.7897 
 686 0.0067 0.0101 0.0849 0.0737 0.0900 0.1080 0.6266 
 687 0.0061 0.0085 0.0436 0.1377 0.1196 0.0909 0.5936 
 688 0.0062 0.0092 0.0211 0.0554 0.0987 0.0936 0.7159 
 689 0.0062 0.0082 0.0183 0.0388 0.0628 0.0733 0.7924 
 690 0.0060 0.0083 0.0171 0.0382 0.0655 0.0792 0.7857 
 691 0.0062 0.0135 0.0252 0.0577 0.0861 0.1255 0.6858 
 692 0.0327 0.0098 0.0176 0.0502 0.0991 0.0953 0.6952 
 693 0.0059 0.0094 0.0201 0.0438 0.1119 0.1126 0.6963 
 694 0.0053 0.0076 0.0209 0.0406 0.0623 0.0661 0.7971 
 695 0.0057 0.0086 0.0493 0.0357 0.0752 0.1053 0.7203 
 696 0.0060 0.0090 0.0206 0.0540 0.0983 0.0921 0.7200 
 697 0.0068 0.0085 0.0242 0.0523 0.0657 0.0764 0.7662 
 698 0.0059 0.0081 0.0183 0.0446 0.0669 0.0781 0.7781 
 699 0.0049 0.0085 0.1158 0.0477 0.0737 0.0936 0.6557 
 700 0.0068 0.0122 0.0935 0.0591 0.1022 0.1035 0.6227 
 701 0.0687 0.0107 0.0415 0.0560 0.0876 0.1325 0.6030 
 702 0.0066 0.0102 0.0457 0.0579 0.1080 0.1344 0.6372 
 703 0.0061 0.0092 0.0268 0.0440 0.0749 0.1170 0.7220 
 704 0.0054 0.0081 0.0283 0.0625 0.0929 0.0852 0.7175 
 705 0.0262 0.0208 0.2449 0.0662 0.0988 0.1259 0.4171 
 706 0.0073 0.0106 0.0378 0.0407 0.0718 0.1039 0.7278 
 707 0.0175 0.0093 0.0329 0.0532 0.0672 0.0757 0.7443 
 708 0.0068 0.0126 0.0194 0.0501 0.0660 0.0765 0.7685 
 709 0.0051 0.0098 0.0606 0.0418 0.0720 0.0794 0.7313 
 710 0.0060 0.0084 0.0227 0.0361 0.0625 0.0705 0.7938 
 711 0.0063 0.0100 0.0609 0.0592 0.0739 0.0960 0.6938 
 712 0.0056 0.0126 0.0545 0.0652 0.0635 0.0661 0.7325 
 713 0.0061 0.0084 0.0225 0.0592 0.0971 0.0827 0.7240 
 714 0.0075 0.0227 0.0203 0.0745 0.0896 0.1363 0.6491 
 715 0.0051 0.0084 0.0440 0.0477 0.0628 0.0669 0.7651 
 716 0.0062 0.0097 0.0363 0.0350 0.0694 0.1006 0.7427 
 717 0.0050 0.0080 0.0304 0.0386 0.0607 0.0683 0.7891 
 718 0.0086 0.0174 0.0365 0.0690 0.0771 0.1007 0.6907 
 719 0.0079 0.0091 0.0444 0.0459 0.0675 0.0672 0.7579 
 720 0.0056 0.0185 0.0203 0.1371 0.3524 0.3630 0.1031 
 721 0.0063 0.0151 0.0320 0.0673 0.0956 0.2520 0.5317 
 722 0.0075 0.0154 0.0423 0.0960 0.1426 0.5372 0.1590 
 723 0.0095 0.0115 0.0178 0.1098 0.1293 0.5822 0.1400 
 724 0.0147 0.0108 0.0215 0.0891 0.1225 0.4969 0.2445 
 725 0.0136 0.0109 0.0272 0.1864 0.2456 0.2186 0.2978 
 726 0.0126 0.0114 0.0427 0.1491 0.1374 0.4671 0.1798 
 727 0.0145 0.0132 0.1576 0.1038 0.1356 0.2682 0.3072 
