   1 0.0063 0.0110 0.0137 0.0672 0.1134 0.2412 0.2328 0.1806 0.1338 
   2 0.0047 0.0042 0.0163 0.0854 0.0760 0.1023 0.0921 0.2372 0.3819 
   3 0.0078 0.0051 0.0085 0.0644 0.0880 0.2056 0.1946 0.2783 0.1478 
   4 0.0143 0.0178 0.0124 0.0756 0.2795 0.2141 0.1209 0.1159 0.1494 
   5 0.0057 0.0079 0.0177 0.0909 0.0802 0.0877 0.1016 0.2796 0.3286 
   6 0.0061 0.0050 0.0088 0.0767 0.1010 0.0725 0.1298 0.4877 0.1125 
   7 0.0073 0.0050 0.0114 0.2763 0.0696 0.0977 0.1708 0.2599 0.1021 
   8 0.0217 0.1337 0.0120 0.0795 0.1166 0.1709 0.1490 0.2031 0.1135 
   9 0.0102 0.0053 0.0182 0.0891 0.0848 0.1772 0.1308 0.2714 0.2132 
  10 0.0077 0.1047 0.0129 0.0877 0.1014 0.1132 0.1546 0.3176 0.1001 
  11 0.0052 0.0049 0.0188 0.1674 0.0621 0.1088 0.3104 0.2202 0.1023 
  12 0.0053 0.0043 0.0127 0.0963 0.1215 0.1006 0.0922 0.2776 0.2895 
  13 0.0068 0.0050 0.0163 0.1067 0.0878 0.1557 0.1095 0.3333 0.1790 
  14 0.0044 0.0154 0.0099 0.0493 0.0974 0.1304 0.1640 0.1970 0.3321 
  15 0.0064 0.0059 0.0115 0.0888 0.1885 0.1601 0.1761 0.1567 0.2060 
  16 0.0052 0.0045 0.0160 0.0770 0.0742 0.1549 0.2496 0.3056 0.1130 
  17 0.0096 0.0051 0.0153 0.0664 0.1008 0.1145 0.1083 0.3838 0.1963 
  18 0.0110 0.0060 0.0120 0.0577 0.1377 0.1166 0.1938 0.2297 0.2355 
  19 0.0056 0.0042 0.0112 0.0843 0.0896 0.1108 0.1283 0.4446 0.1213 
  20 0.0059 0.0047 0.0144 0.1442 0.1208 0.1062 0.1891 0.1930 0.2217 
  21 0.0052 0.0089 0.0108 0.0596 0.1692 0.1564 0.1760 0.1614 0.2525 
  22 0.0079 0.0046 0.0108 0.0573 0.0911 0.1591 0.1218 0.4278 0.1196 
  23 0.0088 0.0138 0.0274 0.0655 0.1004 0.2815 0.1274 0.1439 0.2313 
  24 0.0052 0.0045 0.0145 0.0656 0.1202 0.2537 0.2196 0.1974 0.1192 
  25 0.0058 0.0056 0.0125 0.1223 0.0597 0.0777 0.1486 0.3957 0.1721 
  26 0.0086 0.0046 0.0113 0.0775 0.1636 0.1382 0.1521 0.2606 0.1836 
  27 0.0066 0.0049 0.0149 0.0687 0.1102 0.1349 0.1552 0.3078 0.1969 
  28 0.0060 0.0321 0.0119 0.0966 0.2327 0.1286 0.2030 0.1500 0.1390 
  29 0.0044 0.0040 0.0196 0.1471 0.0723 0.1603 0.1390 0.2280 0.2252 
  30 0.0055 0.0042 0.0121 0.0576 0.0766 0.1540 0.1680 0.3642 0.1578 
  31 0.0145 0.1107 0.0175 0.1082 0.0808 0.1104 0.1301 0.2126 0.2152 
  32 0.0055 0.0108 0.0094 0.0648 0.1323 0.1664 0.1295 0.3027 0.1786 
  33 0.0057 0.0042 0.0116 0.1043 0.0832 0.2373 0.2133 0.1950 0.1455 
  34 0.0070 0.1146 0.0249 0.1575 0.0747 0.0792 0.1719 0.2779 0.0923 
  35 0.0127 0.0042 0.0271 0.0654 0.0620 0.1364 0.1038 0.2876 0.3007 
  36 0.0048 0.0075 0.0119 0.0568 0.0600 0.1721 0.3610 0.1077 0.2182 
  37 0.0079 0.0050 0.0104 0.0723 0.1061 0.2628 0.1052 0.2088 0.2215 
  38 0.0058 0.0045 0.0267 0.1095 0.0522 0.1003 0.4270 0.1211 0.1529 
  39 0.0083 0.0048 0.0244 0.1133 0.0848 0.1059 0.2638 0.1714 0.2233 
  40 0.0046 0.0048 0.0123 0.0489 0.0710 0.3125 0.1399 0.1686 0.2373 
  41 0.0081 0.0086 0.0340 0.0972 0.0495 0.2186 0.2618 0.1475 0.1747 
  42 0.0049 0.0046 0.0206 0.0553 0.0766 0.3972 0.2285 0.0829 0.1293 
  43 0.0085 0.0109 0.0192 0.0785 0.0709 0.2610 0.1001 0.1643 0.2866 
  44 0.0081 0.0044 0.0166 0.0639 0.0493 0.1842 0.0930 0.2213 0.3593 
  45 0.0056 0.0043 0.0248 0.0816 0.0528 0.1227 0.2681 0.1329 0.3072 
  46 0.0111 0.0044 0.0142 0.0826 0.0845 0.0840 0.1389 0.3114 0.2690 
  47 0.0165 0.0115 0.0230 0.0771 0.0866 0.1642 0.0991 0.3454 0.1764 
  48 0.0099 0.0042 0.0211 0.0512 0.0516 0.1777 0.0915 0.2039 0.3889 
  49 0.0107 0.0050 0.0407 0.0749 0.0760 0.1707 0.1856 0.1811 0.2553 
  50 0.0119 0.0358 0.0182 0.1205 0.0892 0.0729 0.1521 0.3265 0.1728 
  51 0.0047 0.0077 0.0203 0.0529 0.0499 0.2166 0.2663 0.0823 0.2992 
  52 0.0101 0.0044 0.0273 0.1146 0.0945 0.1347 0.2621 0.1777 0.1747 
  53 0.0080 0.0123 0.0179 0.0833 0.0805 0.1329 0.3665 0.1617 0.1370 
  54 0.0084 0.0051 0.0208 0.0778 0.0862 0.1655 0.0774 0.2335 0.3254 
  55 0.0072 0.0044 0.0158 0.0625 0.0691 0.1298 0.0897 0.1560 0.4656 
  56 0.0075 0.0042 0.0249 0.0531 0.0795 0.1757 0.1569 0.1770 0.3212 
  57 0.0157 0.0121 0.0200 0.0803 0.1969 0.1314 0.1257 0.3183 0.0997 
  58 0.0056 0.0047 0.0253 0.0757 0.0683 0.1870 0.1885 0.1415 0.3033 
  59 0.0060 0.0043 0.0509 0.0814 0.0697 0.1544 0.2735 0.1254 0.2344 
  60 0.0051 0.0117 0.0121 0.0598 0.1174 0.1928 0.2123 0.1070 0.2819 
  61 0.0042 0.0048 0.0126 0.0592 0.0985 0.1698 0.0802 0.0998 0.4709 
  62 0.0134 0.0045 0.0686 0.0924 0.1133 0.1009 0.1382 0.2364 0.2324 
  63 0.0044 0.0044 0.0121 0.1164 0.0857 0.2307 0.1826 0.1233 0.2405 
  64 0.0071 0.0043 0.0185 0.0783 0.0636 0.1050 0.2225 0.3148 0.1859 
  65 0.0060 0.0045 0.0159 0.2256 0.0580 0.0807 0.1340 0.2562 0.2192 
  66 0.0052 0.0119 0.0149 0.1089 0.1345 0.1927 0.1235 0.1356 0.2727 
  67 0.0057 0.0044 0.0136 0.0713 0.0597 0.1202 0.0793 0.1773 0.4684 
  68 0.0071 0.0050 0.0454 0.0732 0.0808 0.1716 0.2877 0.1104 0.2188 
  69 0.0069 0.2309 0.0361 0.0691 0.0646 0.0747 0.2768 0.1237 0.1171 
  70 0.0047 0.0111 0.0138 0.0948 0.0726 0.2248 0.3139 0.0911 0.1733 
  71 0.0058 0.0072 0.0477 0.0838 0.0504 0.0924 0.2805 0.1220 0.3103 
  72 0.0063 0.0077 0.0105 0.0673 0.0563 0.1332 0.3071 0.2125 0.1991 
  73 0.0059 0.0084 0.0495 0.0943 0.0571 0.1080 0.1355 0.1338 0.4074 
  74 0.0045 0.0042 0.0111 0.0525 0.0748 0.2568 0.3040 0.1046 0.1875 
  75 0.0056 0.0093 0.0146 0.0451 0.0853 0.3100 0.2283 0.0934 0.2082 
  76 0.0061 0.0046 0.0109 0.1395 0.0658 0.1495 0.1404 0.1669 0.3163 
  77 0.0049 0.0043 0.0311 0.1203 0.0478 0.1692 0.3069 0.1202 0.1953 
  78 0.0055 0.0046 0.0348 0.1037 0.0481 0.1745 0.3628 0.1131 0.1528 
  79 0.0051 0.0049 0.0126 0.1536 0.0754 0.1157 0.1746 0.3148 0.1431 
  80 0.0052 0.0051 0.0103 0.1042 0.2253 0.3002 0.1072 0.1242 0.1184 
  81 0.0055 0.0056 0.0091 0.1410 0.2317 0.2057 0.1393 0.1491 0.1130 
  82 0.0053 0.0048 0.0236 0.0924 0.0994 0.1973 0.1275 0.1532 0.2965 
  83 0.0050 0.0064 0.0088 0.1092 0.1751 0.1712 0.2302 0.1360 0.1581 
  84 0.0049 0.0052 0.0098 0.1320 0.1670 0.1638 0.2249 0.1681 0.1243 
  85 0.0050 0.0058 0.0093 0.0633 0.1791 0.1848 0.2321 0.1867 0.1339 
  86 0.0071 0.0046 0.0171 0.0876 0.0776 0.0875 0.1111 0.2491 0.3584 
  87 0.0056 0.0126 0.0117 0.2228 0.0821 0.1253 0.2339 0.1494 0.1565 
  88 0.0052 0.0051 0.0108 0.1318 0.1296 0.2777 0.1380 0.1402 0.1617 
  89 0.0055 0.0131 0.0097 0.1082 0.1667 0.2774 0.1278 0.1524 0.1391 
  90 0.0050 0.0050 0.0121 0.2485 0.0943 0.1274 0.1709 0.1762 0.1606 
  91 0.0051 0.0060 0.0085 0.0652 0.2048 0.2717 0.1912 0.1242 0.1233 
  92 0.0051 0.0050 0.0121 0.1291 0.1049 0.1671 0.1686 0.2227 0.1853 
  93 0.0051 0.0252 0.0104 0.0557 0.3425 0.2353 0.1009 0.1132 0.1116 
  94 0.0050 0.0057 0.0095 0.2550 0.0754 0.0990 0.3406 0.1047 0.1053 
  95 0.0050 0.0050 0.0105 0.2566 0.1219 0.2102 0.1378 0.1130 0.1400 
  96 0.0047 0.0051 0.0140 0.0634 0.1014 0.2938 0.0919 0.0926 0.3332 
  97 0.0056 0.0045 0.0137 0.0467 0.0955 0.2384 0.2531 0.1019 0.2406 
  98 0.0041 0.0042 0.0146 0.0661 0.0612 0.2503 0.1435 0.2164 0.2395 
  99 0.0050 0.0051 0.0100 0.1631 0.1593 0.1594 0.1903 0.1795 0.1283 
 100 0.0054 0.0047 0.0119 0.0538 0.2008 0.3480 0.0755 0.1094 0.1905 
 101 0.0065 0.0489 0.0127 0.1473 0.0872 0.1783 0.1948 0.1480 0.1763 
 102 0.0062 0.0065 0.0215 0.1084 0.1571 0.2654 0.1781 0.1040 0.1528 
 103 0.0054 0.0298 0.0137 0.1608 0.1347 0.1139 0.1079 0.1294 0.3044 
 104 0.0051 0.0095 0.0113 0.3704 0.1240 0.0591 0.1157 0.1336 0.1713 
 105 0.0059 0.0250 0.0293 0.2700 0.1555 0.0803 0.0942 0.1219 0.2179 
 106 0.0047 0.0040 0.0104 0.2928 0.0475 0.0681 0.2524 0.1716 0.1485 
 107 0.0063 0.0150 0.0162 0.2549 0.1317 0.1073 0.1033 0.1233 0.2421 
 108 0.0043 0.0062 0.0092 0.0580 0.0716 0.0700 0.2152 0.1136 0.4518 
 109 0.0064 0.0092 0.1272 0.1623 0.0520 0.0627 0.2446 0.1541 0.1815 
 110 0.0048 0.0068 0.0129 0.3401 0.0493 0.0755 0.2602 0.1461 0.1042 
 111 0.0056 0.0064 0.0215 0.4344 0.0859 0.0700 0.0889 0.1213 0.1659 
 112 0.0047 0.0048 0.1715 0.2890 0.0560 0.0742 0.1671 0.1031 0.1297 
 113 0.0059 0.0100 0.0143 0.0929 0.0903 0.1107 0.1587 0.1791 0.3380 
 114 0.0046 0.0102 0.0196 0.3457 0.1537 0.0665 0.1104 0.1308 0.1586 
 115 0.0057 0.0055 0.0233 0.2603 0.0648 0.1448 0.1148 0.1391 0.2417 
 116 0.0065 0.0044 0.0184 0.1727 0.0474 0.0795 0.2914 0.1484 0.2314 
 117 0.0073 0.0096 0.0350 0.2974 0.0518 0.1187 0.2225 0.1581 0.0996 
 118 0.0053 0.0046 0.0257 0.1724 0.0778 0.0762 0.0996 0.1524 0.3861 
 119 0.0044 0.0059 0.0101 0.0888 0.1027 0.2956 0.1705 0.0919 0.2302 
 120 0.0057 0.0065 0.0311 0.2490 0.0806 0.1164 0.1282 0.1417 0.2407 
 121 0.0132 0.0157 0.0587 0.2352 0.0518 0.1143 0.1491 0.1270 0.2351 
 122 0.0044 0.0091 0.0187 0.2432 0.0681 0.0747 0.2348 0.1893 0.1576 
 123 0.0048 0.0087 0.0140 0.3105 0.0925 0.0850 0.1758 0.1226 0.1862 
 124 0.0097 0.0059 0.0296 0.1701 0.0663 0.0724 0.2334 0.1505 0.2621 
 125 0.0059 0.0063 0.0373 0.1079 0.0530 0.1308 0.3580 0.1912 0.1096 
 126 0.0040 0.0044 0.0100 0.1642 0.0891 0.0986 0.2888 0.1131 0.2278 
 127 0.0054 0.0048 0.0169 0.4263 0.0867 0.0720 0.0864 0.0991 0.2025 
 128 0.0047 0.0042 0.0226 0.1291 0.0729 0.0790 0.0926 0.1737 0.4211 
 129 0.0062 0.0215 0.0166 0.2734 0.0594 0.0699 0.0978 0.1326 0.3225 
 130 0.0062 0.0127 0.0311 0.3039 0.1314 0.0920 0.1194 0.1432 0.1602 
 131 0.0097 0.0205 0.0336 0.1705 0.0510 0.0743 0.3290 0.1350 0.1764 
 132 0.0052 0.0091 0.0132 0.2466 0.0553 0.0640 0.1991 0.1677 0.2397 
 133 0.0086 0.0137 0.0149 0.2669 0.0915 0.0850 0.1144 0.1338 0.2711 
 134 0.0041 0.0039 0.0177 0.4629 0.0428 0.0604 0.1714 0.1373 0.0995 
 135 0.0065 0.0046 0.0243 0.0458 0.2679 0.1869 0.1212 0.0844 0.2584 
 136 0.0062 0.0091 0.0138 0.0429 0.3987 0.1794 0.0893 0.1502 0.1105 
 137 0.0051 0.0117 0.0280 0.0663 0.2745 0.3310 0.0927 0.1050 0.0858 
 138 0.0047 0.0049 0.0094 0.0431 0.5170 0.1133 0.1139 0.0898 0.1039 
 139 0.0047 0.0090 0.0126 0.0486 0.2114 0.1169 0.1112 0.1286 0.3571 
 140 0.0054 0.0130 0.0123 0.0653 0.2311 0.1900 0.1698 0.1262 0.1869 
 141 0.0061 0.0255 0.0139 0.0441 0.3640 0.1101 0.1315 0.1724 0.1324 
 142 0.0057 0.0127 0.0226 0.0452 0.2533 0.1570 0.1093 0.0842 0.3100 
 143 0.0044 0.0046 0.0090 0.0413 0.3743 0.3018 0.0767 0.0871 0.1008 
 144 0.0052 0.0053 0.0278 0.0661 0.3249 0.2968 0.0852 0.0934 0.0954 
 145 0.0070 0.0101 0.0169 0.0447 0.2538 0.1830 0.1305 0.1869 0.1672 
 146 0.0076 0.0103 0.0115 0.0766 0.2607 0.1885 0.1618 0.1563 0.1266 
 147 0.0052 0.0081 0.0096 0.0422 0.4349 0.2329 0.0824 0.0993 0.0855 
 148 0.0056 0.0368 0.0194 0.0608 0.2883 0.1403 0.0974 0.1556 0.1958 
 149 0.0056 0.1810 0.0132 0.0421 0.1585 0.1873 0.1287 0.0994 0.1843 
 150 0.0064 0.0121 0.0327 0.0912 0.2865 0.2055 0.1054 0.1280 0.1321 
 151 0.0052 0.0046 0.0105 0.0555 0.3790 0.2206 0.0935 0.1026 0.1284 
 152 0.0057 0.0151 0.0172 0.0491 0.2991 0.1345 0.1260 0.1447 0.2085 
 153 0.0047 0.0097 0.0102 0.0529 0.3899 0.1498 0.1534 0.1003 0.1292 
 154 0.0061 0.2455 0.0123 0.0430 0.1396 0.1355 0.0894 0.1496 0.1791 
 155 0.0049 0.0050 0.0089 0.0578 0.5261 0.1041 0.0857 0.0967 0.1109 
 156 0.0045 0.0048 0.0143 0.0568 0.3501 0.1957 0.0874 0.0822 0.2043 
 157 0.0046 0.0093 0.0090 0.0996 0.3899 0.1595 0.1372 0.0981 0.0927 
 158 0.0073 0.0102 0.0165 0.0442 0.2703 0.2036 0.1400 0.1762 0.1317 
 159 0.0062 0.0975 0.0116 0.0433 0.3092 0.2560 0.0839 0.0963 0.0960 
 160 0.0072 0.0890 0.0119 0.0434 0.4014 0.1516 0.0849 0.0988 0.1118 
 161 0.0047 0.0099 0.0110 0.0536 0.1541 0.3822 0.1484 0.1190 0.1171 
 162 0.0088 0.0098 0.0119 0.0760 0.2910 0.1171 0.1539 0.1653 0.1664 
 163 0.0044 0.0048 0.0091 0.0541 0.4922 0.1307 0.0898 0.0864 0.1285 
 164 0.0088 0.1576 0.0101 0.0687 0.1859 0.1330 0.1204 0.1433 0.1720 
 165 0.0061 0.0053 0.0333 0.0911 0.3314 0.2062 0.1014 0.1074 0.1178 
 166 0.0051 0.1471 0.0088 0.0783 0.1887 0.1520 0.1731 0.0891 0.1578 
 167 0.0094 0.3000 0.0095 0.0567 0.1863 0.0874 0.0868 0.1678 0.0958 
 168 0.0051 0.0056 0.0094 0.0447 0.3943 0.1297 0.1897 0.0992 0.1224 
 169 0.0077 0.0097 0.0185 0.0438 0.2137 0.1629 0.2575 0.1655 0.1208 
 170 0.0047 0.0048 0.0099 0.0521 0.1179 0.4762 0.0887 0.0950 0.1507 
 171 0.0055 0.0086 0.0100 0.0472 0.3143 0.1360 0.1509 0.1489 0.1785 
 172 0.0055 0.0290 0.0157 0.0415 0.1853 0.2157 0.2355 0.0946 0.1771 
 173 0.0055 0.0079 0.0105 0.0431 0.5049 0.1177 0.0792 0.0998 0.1314 
 174 0.0053 0.0083 0.0092 0.0568 0.4648 0.1367 0.1009 0.1172 0.1008 
 175 0.0056 0.0050 0.0104 0.0427 0.2825 0.3271 0.0782 0.1489 0.0996 
 176 0.0054 0.0056 0.0281 0.0664 0.3220 0.2991 0.0845 0.0930 0.0959 
 177 0.0054 0.0091 0.0100 0.0887 0.3368 0.1186 0.2215 0.1050 0.1049 
 178 0.0055 0.0100 0.0096 0.0569 0.4198 0.1050 0.0978 0.1863 0.1092 
 179 0.0046 0.0162 0.0084 0.0434 0.5299 0.1168 0.0791 0.1014 0.1001 
 180 0.0090 0.0317 0.0136 0.0592 0.2574 0.2242 0.1352 0.1425 0.1272 
 181 0.0063 0.0094 0.0149 0.0432 0.2693 0.2288 0.1240 0.1131 0.1909 
 182 0.0070 0.0060 0.0126 0.0432 0.3343 0.2216 0.0812 0.0917 0.2023 
 183 0.0051 0.0083 0.0095 0.0437 0.4297 0.2008 0.0806 0.1041 0.1180 
 184 0.0066 0.0042 0.0112 0.0681 0.0757 0.0988 0.0870 0.2678 0.3805 
 185 0.0044 0.0046 0.0121 0.0388 0.4161 0.1743 0.0696 0.0784 0.2016 
 186 0.0057 0.0044 0.0093 0.1122 0.0705 0.1045 0.0958 0.2674 0.3302 
 187 0.0043 0.0055 0.0092 0.0707 0.2456 0.1217 0.0828 0.1628 0.2975 
 188 0.0057 0.0045 0.0105 0.0889 0.0581 0.0795 0.0790 0.2534 0.4205 
 189 0.0048 0.0050 0.0088 0.0527 0.1551 0.2015 0.1742 0.2044 0.1935 
 190 0.0040 0.0040 0.0139 0.0408 0.1567 0.1539 0.0670 0.0710 0.4886 
 191 0.0047 0.0046 0.0142 0.0627 0.1153 0.1086 0.0840 0.2124 0.3936 
 192 0.0043 0.0045 0.0097 0.0909 0.1523 0.2200 0.0939 0.2053 0.2191 
 193 0.0048 0.0045 0.0149 0.0603 0.1362 0.1930 0.1072 0.2098 0.2694 
 194 0.0049 0.0060 0.0094 0.0746 0.0995 0.2869 0.0981 0.1528 0.2677 
 195 0.0045 0.0048 0.0094 0.0421 0.2396 0.1668 0.0708 0.0941 0.3679 
 196 0.0041 0.0044 0.0132 0.0571 0.1468 0.1394 0.0790 0.0936 0.4625 
 197 0.0059 0.0049 0.0112 0.0970 0.1847 0.0868 0.1009 0.2530 0.2556 
 198 0.0043 0.0048 0.0100 0.0737 0.1142 0.1666 0.1646 0.2349 0.2269 
 199 0.0049 0.0043 0.0138 0.0577 0.0900 0.2254 0.0949 0.0980 0.4110 
 200 0.0044 0.0045 0.0175 0.0497 0.1439 0.1201 0.1011 0.1326 0.4262 
 201 0.0044 0.0044 0.0087 0.0499 0.3684 0.1217 0.0701 0.1146 0.2579 
 202 0.0040 0.0044 0.0114 0.0558 0.1912 0.3171 0.0715 0.0898 0.2548 
 203 0.0046 0.0048 0.0122 0.0497 0.3496 0.1246 0.0677 0.1006 0.2862 
 204 0.0045 0.0047 0.0111 0.0481 0.1269 0.1525 0.0702 0.0964 0.4856 
 205 0.0046 0.0045 0.0103 0.0590 0.1081 0.1298 0.0984 0.1329 0.4525 
 206 0.0049 0.0056 0.0097 0.0472 0.1478 0.1280 0.0686 0.1196 0.4686 
 207 0.0043 0.0040 0.0146 0.0658 0.0748 0.1331 0.0692 0.1107 0.5236 
 208 0.0044 0.0044 0.0108 0.0524 0.2592 0.0943 0.0737 0.1103 0.3905 
 209 0.0046 0.0044 0.0152 0.0628 0.1188 0.1579 0.0862 0.2033 0.3468 
 210 0.0043 0.0046 0.0103 0.0582 0.1620 0.1273 0.0764 0.1177 0.4393 
 211 0.0054 0.0040 0.0265 0.0778 0.1235 0.1857 0.0672 0.0966 0.4132 
 212 0.0043 0.0045 0.0109 0.0426 0.2549 0.2444 0.0885 0.1368 0.2131 
 213 0.0043 0.0046 0.0132 0.0865 0.0865 0.1956 0.1470 0.1117 0.3505 
 214 0.0045 0.0042 0.0125 0.0490 0.2505 0.2462 0.0697 0.1082 0.2552 
 215 0.0044 0.0044 0.0136 0.0671 0.0992 0.0927 0.0879 0.1253 0.5054 
 216 0.0065 0.0044 0.0114 0.0681 0.0869 0.1281 0.0983 0.2712 0.3250 
 217 0.0042 0.0046 0.0099 0.0475 0.2481 0.1968 0.0790 0.1159 0.2939 
 218 0.0047 0.0047 0.0112 0.0755 0.1327 0.1388 0.1002 0.1455 0.3867 
 219 0.0076 0.0050 0.0090 0.0574 0.2064 0.1381 0.1095 0.2458 0.2213 
 220 0.0042 0.0046 0.0116 0.0587 0.1092 0.1108 0.0718 0.1234 0.5057 
 221 0.0045 0.0041 0.0117 0.0397 0.1240 0.4919 0.0708 0.0814 0.1719 
 222 0.0062 0.0047 0.0090 0.0671 0.1126 0.1554 0.0970 0.3106 0.2376 
 223 0.0047 0.0054 0.0088 0.0655 0.2750 0.1446 0.1012 0.1600 0.2347 
 224 0.0049 0.0058 0.0099 0.0490 0.2142 0.1897 0.0691 0.1237 0.3337 
 225 0.0046 0.0045 0.0106 0.0556 0.1267 0.1625 0.0861 0.1242 0.4252 
 226 0.0065 0.0054 0.0131 0.0628 0.1325 0.1473 0.1837 0.1695 0.2793 
 227 0.0045 0.0055 0.0111 0.0641 0.1716 0.1757 0.0714 0.0958 0.4003 
 228 0.0043 0.0048 0.0118 0.0397 0.2237 0.1543 0.0676 0.0852 0.4084 
 229 0.0048 0.0049 0.0104 0.0613 0.2173 0.2193 0.0703 0.1536 0.2581 
 230 0.0049 0.0046 0.0127 0.0581 0.1756 0.2001 0.0695 0.1310 0.3435 
 231 0.0045 0.0047 0.0114 0.0504 0.2601 0.1279 0.0807 0.1983 0.2620 
 232 0.0053 0.0044 0.0123 0.0688 0.1081 0.2935 0.1530 0.1250 0.2295 
 233 0.0046 0.0042 0.0112 0.0498 0.3963 0.1420 0.0704 0.1138 0.2076 
 234 0.0041 0.0045 0.0103 0.0695 0.1887 0.1242 0.1072 0.2501 0.2415 
 235 0.0047 0.0046 0.0103 0.0592 0.1605 0.2282 0.1046 0.1522 0.2758 
 236 0.0047 0.0043 0.0115 0.0568 0.2512 0.1787 0.0859 0.1508 0.2561 
 237 0.0044 0.0042 0.0157 0.0530 0.0993 0.1045 0.0818 0.1294 0.5077 
 238 0.0043 0.0045 0.0105 0.0622 0.2195 0.2645 0.0790 0.1251 0.2304 
 239 0.0045 0.0048 0.0094 0.0422 0.2383 0.1659 0.0715 0.0943 0.3691 
 240 0.0041 0.0044 0.0104 0.0627 0.2225 0.2609 0.0792 0.1246 0.2312 
 241 0.0056 0.0048 0.0119 0.0473 0.1857 0.3268 0.0897 0.0998 0.2284 
 242 0.0048 0.0054 0.0103 0.0527 0.1495 0.1608 0.1081 0.1858 0.3227 
 243 0.0040 0.0042 0.0148 0.0465 0.1580 0.1336 0.0658 0.0827 0.4904 
 244 0.0045 0.0045 0.0126 0.0491 0.2504 0.1740 0.0690 0.1127 0.3232 
 245 0.0042 0.0047 0.0088 0.0528 0.3572 0.1967 0.0849 0.0971 0.1936 
 246 0.0044 0.0046 0.0098 0.0479 0.2498 0.1961 0.0786 0.1167 0.2922 
 247 0.0040 0.0042 0.0102 0.1414 0.0650 0.1003 0.1722 0.1492 0.3535 
 248 0.0043 0.0040 0.0129 0.0730 0.0744 0.0798 0.0835 0.1327 0.5354 
 249 0.0047 0.0042 0.0125 0.0587 0.1637 0.2889 0.0702 0.1282 0.2689 
 250 0.0048 0.0044 0.0115 0.0692 0.1724 0.2089 0.0837 0.1760 0.2690 
 251 0.0048 0.0044 0.0164 0.0634 0.1167 0.1172 0.1482 0.1906 0.3384 
 252 0.0045 0.0049 0.0088 0.0587 0.1630 0.2059 0.0881 0.1431 0.3229 
 253 0.0045 0.0043 0.0106 0.0871 0.0789 0.1564 0.1395 0.1446 0.3740 
 254 0.0058 0.0044 0.0092 0.0621 0.1471 0.1183 0.0811 0.2652 0.3069 
 255 0.0044 0.0047 0.0116 0.0671 0.1494 0.1835 0.0870 0.2495 0.2428 
 256 0.0047 0.0042 0.0122 0.0526 0.1497 0.2522 0.0831 0.1171 0.3240 
 257 0.0085 0.0076 0.0146 0.0701 0.1258 0.1882 0.0922 0.1388 0.3542 
 258 0.0041 0.0046 0.0132 0.0669 0.1249 0.1022 0.1174 0.1561 0.4106 
 259 0.0052 0.0051 0.0116 0.0643 0.1092 0.1896 0.0829 0.1616 0.3705 
 260 0.0056 0.0045 0.0091 0.0630 0.2160 0.1694 0.0822 0.2725 0.1777 
 261 0.0041 0.0047 0.0088 0.0487 0.2313 0.1779 0.0908 0.1198 0.3141 
 262 0.0044 0.0043 0.0114 0.0405 0.1880 0.2021 0.0772 0.0838 0.3881 
 263 0.0068 0.0043 0.0120 0.0544 0.0992 0.0914 0.0686 0.1843 0.4789 
 264 0.0075 0.0040 0.0114 0.0695 0.0566 0.0820 0.1103 0.3901 0.2687 
 265 0.0043 0.0048 0.0093 0.0614 0.1982 0.1190 0.1035 0.1760 0.3236 
 266 0.0044 0.0044 0.0114 0.0408 0.2405 0.3014 0.0718 0.0825 0.2428 
 267 0.0044 0.0044 0.0148 0.0665 0.1643 0.1715 0.0814 0.1832 0.3096 
 268 0.0041 0.0044 0.0128 0.0565 0.1489 0.1390 0.0801 0.0935 0.4607 
 269 0.0044 0.0045 0.0092 0.0555 0.2064 0.1188 0.1256 0.2439 0.2317 
 270 0.0063 0.0087 0.0118 0.0736 0.1000 0.1067 0.0973 0.2522 0.3434 
 271 0.0048 0.0043 0.0136 0.0689 0.1120 0.1168 0.1049 0.1323 0.4424 
 272 0.0065 0.0053 0.0172 0.0650 0.1184 0.1200 0.1697 0.1301 0.3678 
 273 0.0241 0.0420 0.0230 0.0866 0.1546 0.1669 0.1276 0.1792 0.1960 
 274 0.0048 0.0047 0.0114 0.0663 0.1262 0.1380 0.1263 0.1776 0.3447 
 275 0.0091 0.0252 0.0166 0.0584 0.1576 0.1228 0.1110 0.1835 0.3159 
 276 0.0061 0.0051 0.0187 0.0739 0.0786 0.1581 0.1440 0.1263 0.3893 
 277 0.0048 0.0046 0.0091 0.0637 0.1843 0.2037 0.1012 0.1852 0.2432 
 278 0.0042 0.0044 0.0131 0.0572 0.1256 0.0864 0.0885 0.1099 0.5107 
 279 0.0049 0.0044 0.0111 0.0614 0.1495 0.1765 0.1026 0.1615 0.3280 
 280 0.0047 0.0045 0.0099 0.0531 0.1495 0.1372 0.1386 0.1728 0.3297 
 281 0.0049 0.0047 0.0111 0.0818 0.1261 0.1445 0.1217 0.1554 0.3497 
 282 0.0042 0.0044 0.0091 0.0588 0.3011 0.1845 0.0879 0.1671 0.1827 
 283 0.0044 0.0050 0.0097 0.0643 0.3078 0.2191 0.0697 0.1288 0.1911 
 284 0.0042 0.0093 0.0139 0.0776 0.1849 0.1699 0.1018 0.1566 0.2817 
 285 0.0043 0.0041 0.0143 0.0659 0.0541 0.0742 0.1142 0.1290 0.5399 
 286 0.0045 0.0044 0.0126 0.0487 0.2523 0.1716 0.0693 0.1124 0.3242 
 287 0.0048 0.0048 0.0089 0.0825 0.1591 0.1615 0.1441 0.1918 0.2425 
 288 0.0060 0.0057 0.0129 0.0670 0.1153 0.1233 0.1419 0.1692 0.3589 
 289 0.0071 0.0087 0.0155 0.0946 0.0983 0.1227 0.1052 0.1583 0.3897 
 290 0.0068 0.0041 0.0232 0.0562 0.0820 0.1933 0.1099 0.1790 0.3455 
 291 0.0046 0.0044 0.0140 0.0695 0.1137 0.1167 0.1054 0.1336 0.4381 
 292 0.0046 0.0047 0.0094 0.0469 0.1495 0.1679 0.1467 0.1310 0.3394 
 293 0.0053 0.0040 0.0199 0.0575 0.0804 0.1074 0.1443 0.2264 0.3549 
 294 0.0072 0.0047 0.0118 0.0557 0.0752 0.1058 0.0762 0.1797 0.4838 
 295 0.0060 0.0132 0.0224 0.0733 0.1005 0.1314 0.1456 0.1421 0.3655 
 296 0.0047 0.0045 0.0135 0.0750 0.1193 0.1084 0.0926 0.1119 0.4701 
 297 0.0048 0.0047 0.0100 0.0634 0.1020 0.1467 0.1370 0.2142 0.3172 
 298 0.0044 0.0045 0.0092 0.0723 0.2023 0.2289 0.0850 0.2047 0.1886 
 299 0.0068 0.0048 0.0103 0.0638 0.1039 0.1207 0.0694 0.2561 0.3641 
 300 0.0046 0.0043 0.0130 0.0527 0.0711 0.1065 0.0949 0.1239 0.5290 
 301 0.0063 0.0083 0.0118 0.0587 0.0997 0.1030 0.0989 0.2807 0.3326 
 302 0.0070 0.0095 0.0151 0.0511 0.0866 0.0890 0.0797 0.1538 0.5081 
 303 0.0047 0.0045 0.0116 0.0496 0.2034 0.2047 0.0999 0.1356 0.2859 
 304 0.0059 0.0083 0.0119 0.0843 0.2774 0.1298 0.0957 0.2685 0.1181 
 305 0.0046 0.0100 0.0119 0.0421 0.1776 0.1513 0.0844 0.1005 0.4177 
 306 0.0047 0.0045 0.0098 0.0530 0.1885 0.2764 0.0960 0.1351 0.2320 
 307 0.0056 0.0052 0.0114 0.0615 0.1242 0.2375 0.1014 0.1663 0.2868 
 308 0.0042 0.0046 0.0089 0.0484 0.2323 0.1770 0.0895 0.1194 0.3157 
 309 0.0169 0.0278 0.0330 0.0899 0.1134 0.1058 0.0819 0.1338 0.3977 
 310 0.0043 0.0042 0.0119 0.0468 0.1851 0.1715 0.0694 0.1006 0.4062 
 311 0.0048 0.0047 0.0127 0.0579 0.1769 0.2000 0.0701 0.1327 0.3402 
 312 0.0042 0.0047 0.0123 0.0687 0.1079 0.1100 0.0717 0.1064 0.5142 
 313 0.0043 0.0046 0.0122 0.0528 0.0641 0.0883 0.0782 0.0962 0.5993 
 314 0.0046 0.0263 0.0122 0.0415 0.4187 0.1983 0.0844 0.0878 0.1261 
 315 0.0044 0.0294 0.0088 0.0436 0.4074 0.1575 0.1305 0.0960 0.1225 
 316 0.0072 0.0705 0.0102 0.0470 0.4078 0.1155 0.1397 0.1088 0.0933 
 317 0.0051 0.0245 0.0118 0.0425 0.4852 0.1646 0.0834 0.0920 0.0909 
 318 0.0050 0.0542 0.0099 0.0427 0.5184 0.1084 0.0863 0.0993 0.0757 
 319 0.0050 0.0045 0.0095 0.0415 0.4721 0.1994 0.0776 0.0895 0.1009 
 320 0.0049 0.0261 0.0121 0.0414 0.4180 0.1985 0.0840 0.0876 0.1275 
 321 0.0051 0.0682 0.0117 0.0432 0.4168 0.1824 0.0880 0.1004 0.0843 
 322 0.0075 0.0296 0.0123 0.0476 0.3681 0.1807 0.1333 0.0992 0.1216 
 323 0.0137 0.0234 0.0088 0.0440 0.5037 0.1388 0.0825 0.1016 0.0834 
 324 0.0053 0.0678 0.0117 0.0430 0.4168 0.1813 0.0883 0.1005 0.0852 
 325 0.0052 0.0947 0.0100 0.0453 0.4125 0.1054 0.1359 0.1032 0.0879 
 326 0.0065 0.3409 0.0099 0.0450 0.1700 0.1291 0.1144 0.0990 0.0853 
 327 0.0051 0.0236 0.0120 0.0429 0.4913 0.1591 0.0830 0.0922 0.0907 
 328 0.0048 0.0366 0.0098 0.0449 0.3440 0.2129 0.1317 0.1024 0.1130 
 329 0.0045 0.0081 0.0083 0.0421 0.4966 0.1861 0.0812 0.0969 0.0761 
 330 0.0051 0.0240 0.0118 0.0429 0.4868 0.1630 0.0835 0.0916 0.0913 
 331 0.0046 0.0153 0.0082 0.0424 0.5449 0.1238 0.0825 0.0954 0.0827 
 332 0.0084 0.3287 0.0095 0.0459 0.1747 0.1297 0.1158 0.1019 0.0854 
 333 0.0070 0.2482 0.0094 0.0453 0.2153 0.1625 0.1142 0.0975 0.1007 
 334 0.0048 0.0342 0.0098 0.0450 0.3457 0.2116 0.1329 0.1015 0.1145 
 335 0.0047 0.0132 0.0096 0.0449 0.3914 0.2098 0.1218 0.0932 0.1114 
 336 0.0086 0.2738 0.0093 0.0426 0.2094 0.1722 0.0849 0.0970 0.1022 
 337 0.0049 0.1161 0.0121 0.0455 0.3047 0.1799 0.1345 0.1028 0.0996 
 338 0.0051 0.2678 0.0091 0.0434 0.2731 0.1359 0.0856 0.1021 0.0778 
 339 0.0047 0.0153 0.0083 0.0423 0.5461 0.1232 0.0814 0.0960 0.0827 
 340 0.0045 0.0075 0.0082 0.0417 0.5680 0.1180 0.0765 0.0885 0.0871 
 341 0.0103 0.1265 0.0102 0.0438 0.3789 0.1648 0.0816 0.0969 0.0870 
 342 0.0052 0.0240 0.0120 0.0434 0.4890 0.1609 0.0824 0.0923 0.0908 
 343 0.0119 0.0484 0.0108 0.0448 0.2367 0.2995 0.1212 0.0969 0.1299 
 344 0.0045 0.0153 0.0085 0.0419 0.5463 0.1316 0.0811 0.0952 0.0756 
 345 0.0052 0.0247 0.0116 0.0429 0.4874 0.1614 0.0830 0.0928 0.0908 
 346 0.0050 0.0194 0.0099 0.0424 0.5679 0.1030 0.0818 0.0908 0.0799 
 347 0.0046 0.0072 0.0083 0.0417 0.5704 0.1241 0.0765 0.0885 0.0787 
 348 0.0045 0.0127 0.0099 0.0430 0.3271 0.2452 0.1174 0.0871 0.1531 
 349 0.0052 0.0247 0.0118 0.0428 0.4857 0.1633 0.0840 0.0912 0.0912 
 350 0.0046 0.0077 0.0085 0.0410 0.4907 0.1538 0.0840 0.0923 0.1173 
 351 0.0048 0.0128 0.0097 0.0451 0.3947 0.2072 0.1213 0.0930 0.1115 
 352 0.0049 0.0433 0.0125 0.0456 0.3906 0.1612 0.1315 0.0964 0.1140 
 353 0.0088 0.2713 0.0096 0.0419 0.2105 0.1724 0.0849 0.0978 0.1029 
 354 0.0069 0.0308 0.0102 0.0442 0.4933 0.1518 0.0842 0.1001 0.0785 
 355 0.0050 0.0533 0.0100 0.0427 0.5201 0.1078 0.0869 0.0987 0.0755 
 356 0.0040 0.0054 0.0095 0.0424 0.2240 0.3666 0.1129 0.0853 0.1499 
 357 0.0046 0.0058 0.0095 0.0471 0.3315 0.1061 0.1965 0.1950 0.1039 
 358 0.0050 0.2202 0.0087 0.0448 0.2489 0.1673 0.1184 0.1003 0.0865 
 359 0.0050 0.1621 0.0084 0.0430 0.3503 0.1624 0.0836 0.0995 0.0857 
 360 0.0050 0.0200 0.0101 0.0423 0.5674 0.1018 0.0814 0.0916 0.0804 
 361 0.0046 0.0058 0.0114 0.0484 0.2259 0.1857 0.1966 0.1939 0.1277 
 362 0.0054 0.0120 0.0118 0.0891 0.0873 0.0947 0.3090 0.1639 0.2268 
 363 0.0070 0.0073 0.0140 0.1447 0.0628 0.0879 0.2556 0.2484 0.1723 
 364 0.0150 0.0095 0.0185 0.0767 0.1482 0.1972 0.1069 0.2882 0.1399 
 365 0.0157 0.0089 0.0306 0.0713 0.0702 0.0953 0.2795 0.2936 0.1348 
 366 0.0062 0.0077 0.0180 0.0526 0.1010 0.1327 0.1748 0.2339 0.2731 
 367 0.0048 0.0045 0.0110 0.3126 0.0516 0.0677 0.3006 0.1516 0.0956 
 368 0.0053 0.0051 0.0122 0.1482 0.0759 0.1137 0.1479 0.2948 0.1970 
 369 0.0068 0.0134 0.0219 0.0599 0.0851 0.2852 0.1093 0.2543 0.1642 
 370 0.0116 0.0222 0.0205 0.1980 0.0769 0.1270 0.1192 0.2179 0.2068 
 371 0.0094 0.0219 0.0187 0.0681 0.0893 0.1342 0.1002 0.3705 0.1875 
 372 0.0392 0.0262 0.0395 0.1416 0.1006 0.1309 0.1141 0.1606 0.2472 
 373 0.0053 0.0050 0.0156 0.2146 0.0926 0.1652 0.1503 0.2150 0.1364 
 374 0.0062 0.0062 0.0255 0.0851 0.1115 0.2482 0.1499 0.2396 0.1278 
 375 0.0138 0.0087 0.0170 0.1358 0.0602 0.0802 0.1461 0.4267 0.1115 
 376 0.1133 0.0068 0.0133 0.0924 0.0560 0.0809 0.3077 0.2424 0.0872 
 377 0.0070 0.0157 0.0167 0.0781 0.0895 0.0840 0.2389 0.2230 0.2471 
 378 0.0056 0.0127 0.0158 0.2787 0.1671 0.1219 0.1490 0.1096 0.1398 
 379 0.1873 0.0088 0.0164 0.1163 0.0508 0.0744 0.2299 0.2093 0.1068 
 380 0.0104 0.0118 0.0166 0.0509 0.1053 0.1926 0.2932 0.1890 0.1302 
 381 0.0091 0.0061 0.0150 0.0460 0.0807 0.2159 0.1732 0.3157 0.1382 
 382 0.0047 0.0080 0.0102 0.1198 0.0693 0.0756 0.1767 0.4304 0.1053 
 383 0.0106 0.2015 0.0128 0.0528 0.0856 0.0841 0.2175 0.2239 0.1112 
 384 0.0429 0.0635 0.0219 0.0958 0.1072 0.1006 0.1408 0.3308 0.0965 
 385 0.0059 0.1103 0.1629 0.0689 0.1041 0.0955 0.0984 0.2463 0.1077 
 386 0.0042 0.0043 0.0107 0.1238 0.0619 0.0859 0.3235 0.2563 0.1296 
 387 0.0048 0.0046 0.0126 0.1274 0.0904 0.0719 0.3017 0.2601 0.1266 
 388 0.0144 0.0110 0.0314 0.0902 0.1493 0.1560 0.1514 0.2912 0.1050 
 389 0.0097 0.0206 0.0619 0.0836 0.0683 0.0865 0.0908 0.1736 0.4050 
 390 0.0194 0.0199 0.0238 0.1617 0.0565 0.0969 0.3486 0.1305 0.1428 
 391 0.0121 0.0116 0.0702 0.1595 0.0771 0.1551 0.1566 0.1584 0.1994 
 392 0.0076 0.0048 0.0097 0.1020 0.1309 0.1020 0.2612 0.2375 0.1443 
 393 0.0074 0.0072 0.0127 0.0544 0.0942 0.1367 0.4248 0.1515 0.1110 
 394 0.0047 0.0136 0.0090 0.1134 0.1740 0.1358 0.2814 0.1444 0.1238 
 395 0.0041 0.0039 0.0100 0.1004 0.0744 0.0791 0.3015 0.1159 0.3106 
 396 0.0050 0.0039 0.0110 0.1498 0.0505 0.0717 0.1699 0.4115 0.1267 
 397 0.0619 0.0050 0.0097 0.0609 0.1155 0.1607 0.0859 0.2752 0.2252 
 398 0.0397 0.0048 0.0097 0.1373 0.0542 0.0736 0.4570 0.1241 0.0997 
 399 0.0046 0.0107 0.0184 0.3266 0.0640 0.0935 0.2012 0.1200 0.1609 
 400 0.0062 0.0044 0.0135 0.1625 0.0704 0.1399 0.2088 0.2913 0.1031 
 401 0.0047 0.0044 0.0138 0.2149 0.0909 0.1115 0.2735 0.1054 0.1810 
 402 0.0059 0.0055 0.0143 0.1391 0.0876 0.1165 0.1627 0.2500 0.2184 
 403 0.0066 0.0057 0.0292 0.0824 0.2773 0.1383 0.1637 0.1559 0.1409 
 404 0.0066 0.0043 0.0194 0.0919 0.0797 0.1625 0.1413 0.3438 0.1505 
 405 0.0044 0.0049 0.0102 0.0675 0.0846 0.1297 0.2756 0.2293 0.1938 
 406 0.0042 0.0045 0.0105 0.0539 0.0851 0.1934 0.3580 0.1060 0.1845 
 407 0.0043 0.0039 0.0100 0.0761 0.0502 0.0756 0.4055 0.2651 0.1092 
 408 0.0040 0.0040 0.0108 0.2770 0.0470 0.0732 0.1627 0.1037 0.3176 
 409 0.0090 0.0082 0.0162 0.0634 0.0734 0.3694 0.2485 0.1059 0.1060 
 410 0.0782 0.0089 0.0159 0.1456 0.0959 0.1087 0.2512 0.1610 0.1347 
 411 0.0135 0.0205 0.0103 0.0864 0.1177 0.1015 0.1531 0.3449 0.1520 
 412 0.0050 0.0051 0.0122 0.1472 0.0721 0.1032 0.1544 0.3299 0.1710 
 413 0.0047 0.0117 0.0102 0.1440 0.1528 0.1111 0.2275 0.1936 0.1444 
 414 0.0043 0.0088 0.0179 0.2236 0.0592 0.0607 0.1375 0.3109 0.1771 
 415 0.0054 0.0042 0.0122 0.0929 0.0584 0.1187 0.3038 0.2300 0.1745 
 416 0.0055 0.0047 0.0316 0.1404 0.0740 0.1718 0.2152 0.2111 0.1458 
 417 0.0054 0.0059 0.0107 0.0958 0.0559 0.0949 0.4307 0.1891 0.1114 
 418 0.0062 0.0044 0.0101 0.2586 0.0581 0.0814 0.1756 0.2981 0.1075 
 419 0.0100 0.0089 0.0277 0.1021 0.1363 0.1671 0.2348 0.1687 0.1444 
 420 0.0041 0.0039 0.0133 0.2013 0.0521 0.1148 0.2826 0.1050 0.2229 
 421 0.0058 0.0060 0.0116 0.1478 0.0570 0.1067 0.3333 0.1841 0.1477 
 422 0.0057 0.0046 0.0118 0.0643 0.0671 0.1007 0.3251 0.1284 0.2923 
 423 0.0074 0.0047 0.0107 0.1048 0.1021 0.0828 0.2565 0.2408 0.1902 
 424 0.0079 0.0079 0.0295 0.1832 0.0882 0.1206 0.2760 0.1237 0.1630 
 425 0.0189 0.0079 0.0445 0.0866 0.1207 0.0963 0.1521 0.3326 0.1405 
 426 0.0287 0.0326 0.0309 0.1718 0.0916 0.1261 0.2153 0.1703 0.1328 
 427 0.0047 0.0095 0.0094 0.1065 0.1399 0.0681 0.4546 0.1214 0.0858 
 428 0.0202 0.0066 0.0115 0.0588 0.1260 0.1421 0.3596 0.1086 0.1667 
 429 0.0055 0.0042 0.0094 0.1749 0.0508 0.0691 0.3302 0.2575 0.0983 
 430 0.0046 0.0050 0.0107 0.0716 0.0554 0.0836 0.4833 0.1730 0.1129 
 431 0.0095 0.0127 0.0201 0.2016 0.1127 0.1003 0.1627 0.2067 0.1737 
 432 0.0052 0.0052 0.0121 0.1515 0.0802 0.1216 0.1850 0.2466 0.1926 
 433 0.0077 0.0065 0.0107 0.0898 0.1636 0.2197 0.1077 0.1732 0.2211 
 434 0.0051 0.0050 0.0134 0.0653 0.0870 0.1787 0.1520 0.3262 0.1673 
 435 0.0044 0.0044 0.0088 0.0808 0.0527 0.0685 0.5583 0.1241 0.0979 
 436 0.0070 0.0056 0.0123 0.1430 0.0643 0.1225 0.4386 0.1218 0.0851 
 437 0.0068 0.0050 0.0089 0.0642 0.0592 0.0768 0.2092 0.4594 0.1105 
 438 0.0054 0.0064 0.0120 0.0998 0.0644 0.1613 0.4333 0.0825 0.1349 
 439 0.0046 0.0045 0.0095 0.0680 0.0598 0.0887 0.5751 0.1132 0.0766 
 440 0.0039 0.0041 0.0101 0.1088 0.0471 0.0612 0.5051 0.1596 0.1001 
 441 0.0047 0.0057 0.0114 0.0593 0.0832 0.1331 0.4458 0.1598 0.0971 
 442 0.0055 0.0039 0.0268 0.1320 0.0524 0.1016 0.2486 0.2893 0.1399 
 443 0.0045 0.0048 0.0164 0.2304 0.0490 0.0786 0.3249 0.1024 0.1890 
 444 0.0058 0.0045 0.0257 0.1033 0.0521 0.0950 0.3162 0.2560 0.1413 
 445 0.0415 0.0053 0.0125 0.0566 0.0707 0.2103 0.3624 0.1235 0.1171 
 446 0.0477 0.0062 0.0111 0.1766 0.0564 0.0860 0.4366 0.1072 0.0722 
 447 0.0056 0.0048 0.0320 0.0714 0.0779 0.1405 0.4208 0.1344 0.1127 
 448 0.0046 0.0048 0.0105 0.0771 0.0582 0.0837 0.4235 0.2193 0.1183 
 449 0.0048 0.0048 0.0112 0.0672 0.0782 0.1173 0.3923 0.2010 0.1232 
 450 0.0068 0.0054 0.0139 0.0816 0.0846 0.1199 0.2489 0.3651 0.0737 
 451 0.0049 0.0045 0.0117 0.2742 0.0474 0.0626 0.2182 0.1988 0.1777 
 452 0.0054 0.0048 0.0103 0.1056 0.0869 0.1150 0.3481 0.2383 0.0855 
 453 0.0044 0.0051 0.0200 0.1004 0.0588 0.1720 0.2404 0.1065 0.2924 
 454 0.0045 0.0110 0.0097 0.0761 0.0919 0.1012 0.3823 0.2031 0.1201 
 455 0.0043 0.0054 0.0107 0.0932 0.0495 0.0861 0.5438 0.1106 0.0964 
 456 0.0053 0.0045 0.0132 0.0868 0.0498 0.0791 0.4150 0.1535 0.1928 
 457 0.0055 0.0046 0.0094 0.0577 0.0590 0.0874 0.3973 0.2806 0.0985 
 458 0.0446 0.0053 0.0115 0.0862 0.0597 0.0976 0.4662 0.1412 0.0876 
 459 0.0042 0.0049 0.0109 0.0896 0.0775 0.1412 0.4970 0.1013 0.0735 
 460 0.0042 0.0045 0.0108 0.1283 0.0532 0.0717 0.5404 0.1052 0.0816 
 461 0.0062 0.0045 0.0115 0.2730 0.0560 0.0789 0.3178 0.1802 0.0718 
 462 0.0073 0.0055 0.0553 0.0956 0.0444 0.0624 0.3383 0.2177 0.1736 
 463 0.0040 0.0054 0.0106 0.0519 0.0615 0.1123 0.4227 0.0986 0.2329 
 464 0.0040 0.0043 0.0097 0.1365 0.0491 0.0766 0.4985 0.1039 0.1173 
 465 0.0068 0.0051 0.0121 0.1508 0.0572 0.1016 0.3805 0.1351 0.1508 
 466 0.0040 0.0041 0.0098 0.1074 0.0501 0.0863 0.4324 0.1055 0.2003 
 467 0.0049 0.0059 0.0129 0.0731 0.0697 0.1096 0.4241 0.1539 0.1459 
 468 0.0047 0.0043 0.0094 0.0522 0.0491 0.0769 0.5073 0.1766 0.1194 
 469 0.0041 0.0045 0.0095 0.0516 0.0532 0.0720 0.6322 0.1021 0.0708 
 470 0.0043 0.0043 0.0085 0.1009 0.0531 0.0698 0.5735 0.1013 0.0844 
 471 0.0053 0.0041 0.0177 0.1352 0.0578 0.0927 0.2437 0.1837 0.2598 
 472 0.0056 0.0046 0.0143 0.0845 0.0527 0.1105 0.3260 0.2328 0.1690 
 473 0.0047 0.0052 0.0100 0.0619 0.0781 0.1149 0.3372 0.2313 0.1568 
 474 0.0046 0.0045 0.0106 0.1004 0.0756 0.1272 0.3465 0.2129 0.1175 
 475 0.0049 0.0046 0.0112 0.1477 0.0789 0.1560 0.3455 0.1248 0.1263 
 476 0.0066 0.0050 0.0104 0.0863 0.0539 0.1002 0.3598 0.2755 0.1023 
 477 0.0064 0.0058 0.0217 0.1711 0.0653 0.1385 0.3178 0.1429 0.1304 
 478 0.0068 0.0056 0.0223 0.3631 0.0536 0.0722 0.2716 0.1108 0.0941 
 479 0.0043 0.0044 0.0100 0.0877 0.0529 0.0684 0.5158 0.1728 0.0837 
 480 0.0054 0.0045 0.0089 0.0742 0.0573 0.0823 0.4329 0.2472 0.0873 
 481 0.0049 0.0041 0.0184 0.0886 0.0574 0.0851 0.2395 0.2974 0.2046 
 482 0.0055 0.0042 0.0089 0.1302 0.0535 0.0736 0.4250 0.2158 0.0831 
 483 0.0056 0.0061 0.0103 0.1073 0.0604 0.0990 0.5156 0.1171 0.0785 
 484 0.0049 0.0049 0.0153 0.0586 0.0561 0.0898 0.4944 0.0952 0.1809 
 485 0.0050 0.0059 0.0096 0.1059 0.0538 0.0755 0.5655 0.0977 0.0812 
 486 0.0076 0.0056 0.0259 0.1224 0.0696 0.1066 0.1118 0.2000 0.3505 
 487 0.0080 0.0063 0.0261 0.0931 0.1472 0.1314 0.1134 0.2694 0.2051 
 488 0.0074 0.0063 0.0570 0.1537 0.1541 0.0772 0.1172 0.1939 0.2331 
 489 0.0069 0.0059 0.0144 0.0582 0.0757 0.2442 0.0797 0.3276 0.1875 
 490 0.0057 0.0043 0.0174 0.2232 0.0544 0.0797 0.1443 0.2094 0.2615 
 491 0.0069 0.0052 0.0401 0.0628 0.1003 0.1971 0.0960 0.2106 0.2810 
 492 0.0047 0.0059 0.0364 0.1713 0.2186 0.1414 0.1177 0.1181 0.1858 
 493 0.0088 0.0063 0.0395 0.0974 0.1281 0.0636 0.0810 0.2593 0.3159 
 494 0.0206 0.0050 0.0338 0.0822 0.0980 0.1801 0.1085 0.2393 0.2327 
 495 0.0194 0.0065 0.0903 0.1940 0.1620 0.1207 0.0964 0.1599 0.1508 
 496 0.0049 0.0057 0.0093 0.0661 0.1058 0.3418 0.1212 0.1450 0.2002 
 497 0.0140 0.0091 0.0663 0.0609 0.1541 0.1064 0.0897 0.2596 0.2399 
 498 0.0084 0.0066 0.0484 0.1250 0.0546 0.1945 0.1033 0.2755 0.1837 
 499 0.0161 0.0070 0.0169 0.0610 0.1806 0.1810 0.0975 0.2158 0.2240 
 500 0.0105 0.0049 0.0129 0.0652 0.1021 0.0825 0.1066 0.3509 0.2645 
 501 0.0087 0.0047 0.0150 0.0910 0.1264 0.2093 0.1430 0.2658 0.1362 
 502 0.0067 0.0047 0.0293 0.1578 0.1432 0.2299 0.1345 0.1827 0.1113 
 503 0.0059 0.0043 0.0108 0.0796 0.0685 0.0962 0.1767 0.3973 0.1606 
 504 0.0074 0.0052 0.0814 0.1956 0.0659 0.1256 0.1340 0.1686 0.2163 
 505 0.0067 0.0044 0.0193 0.0892 0.0860 0.1982 0.0945 0.1420 0.3598 
 506 0.0057 0.0047 0.0287 0.1762 0.1274 0.2261 0.0992 0.1627 0.1694 
 507 0.0060 0.0056 0.0097 0.0444 0.2190 0.3178 0.0840 0.1017 0.2119 
 508 0.0120 0.0077 0.0165 0.0567 0.2386 0.2879 0.0753 0.1025 0.2028 
 509 0.0062 0.0046 0.0148 0.0727 0.1596 0.1666 0.1086 0.1345 0.3325 
 510 0.0128 0.0045 0.0128 0.0774 0.1817 0.1990 0.0819 0.2887 0.1413 
 511 0.0087 0.0048 0.0244 0.1522 0.0683 0.1283 0.1980 0.2405 0.1748 
 512 0.0063 0.0041 0.0160 0.1498 0.0586 0.0775 0.1700 0.3848 0.1330 
 513 0.0064 0.0058 0.2943 0.0932 0.0850 0.0964 0.0653 0.0896 0.2641 
 514 0.0066 0.0088 0.0132 0.2727 0.1176 0.0967 0.1618 0.1399 0.1827 
 515 0.0092 0.0053 0.0157 0.0600 0.1846 0.0969 0.2882 0.1445 0.1956 
 516 0.0078 0.0052 0.0149 0.1846 0.0741 0.1536 0.1168 0.1304 0.3125 
 517 0.0063 0.0056 0.0115 0.0847 0.1426 0.1430 0.2802 0.1102 0.2159 
 518 0.0501 0.0056 0.0110 0.0665 0.1988 0.1159 0.0921 0.2973 0.1628 
 519 0.0053 0.0047 0.0194 0.2726 0.0861 0.1542 0.1784 0.1337 0.1455 
 520 0.0063 0.0061 0.0108 0.0474 0.1791 0.1802 0.2885 0.0971 0.1846 
 521 0.0048 0.1132 0.0105 0.1220 0.1605 0.1443 0.1109 0.1218 0.2120 
 522 0.0180 0.0061 0.0137 0.0748 0.0964 0.0767 0.1726 0.2699 0.2720 
 523 0.0068 0.0161 0.0116 0.0828 0.1310 0.1867 0.2073 0.0941 0.2637 
 524 0.0064 0.0057 0.0094 0.0669 0.1310 0.0936 0.3920 0.1179 0.1771 
 525 0.0664 0.0067 0.0106 0.0504 0.1738 0.1576 0.2034 0.1487 0.1825 
 526 0.0046 0.0052 0.0102 0.0476 0.0744 0.1469 0.3929 0.0864 0.2319 
 527 0.0550 0.0048 0.0183 0.1568 0.0975 0.0867 0.1205 0.3162 0.1443 
 528 0.0043 0.0101 0.0099 0.0679 0.3606 0.1117 0.0839 0.1252 0.2264 
 529 0.0636 0.0063 0.0187 0.0884 0.1295 0.1511 0.1098 0.1833 0.2493 
 530 0.0058 0.0048 0.0168 0.0726 0.1101 0.1212 0.2198 0.2550 0.1938 
 531 0.0059 0.0103 0.0118 0.0621 0.2937 0.1043 0.2609 0.1274 0.1236 
 532 0.0126 0.0189 0.0132 0.0851 0.2610 0.0804 0.0833 0.2386 0.2069 
 533 0.0524 0.0057 0.0112 0.0614 0.1066 0.0977 0.1880 0.1999 0.2772 
 534 0.0616 0.0057 0.0204 0.0929 0.1515 0.0942 0.0776 0.0876 0.4085 
 535 0.0047 0.0051 0.0122 0.1009 0.0759 0.1500 0.3069 0.1001 0.2443 
 536 0.0057 0.0060 0.0137 0.0977 0.0909 0.2725 0.2075 0.1538 0.1523 
 537 0.0050 0.0135 0.0150 0.0768 0.0832 0.4246 0.1036 0.1297 0.1487 
 538 0.0042 0.0051 0.0109 0.0613 0.0973 0.2676 0.1390 0.1424 0.2722 
 539 0.0041 0.0043 0.0100 0.0498 0.1488 0.4487 0.0707 0.1194 0.1442 
 540 0.0048 0.1222 0.0104 0.0509 0.0908 0.1199 0.1493 0.1335 0.3182 
 541 0.0067 0.0429 0.0175 0.0621 0.2049 0.2044 0.1617 0.1493 0.1504 
 542 0.0050 0.0044 0.0199 0.0535 0.0606 0.1358 0.2727 0.1188 0.3292 
 543 0.0072 0.0752 0.0223 0.1102 0.1335 0.1300 0.1704 0.0985 0.2527 
 544 0.0041 0.0098 0.0138 0.0600 0.0800 0.1679 0.2251 0.1122 0.3269 
 545 0.0051 0.0058 0.0198 0.0899 0.0537 0.1181 0.3076 0.0983 0.3018 
 546 0.0048 0.0100 0.0225 0.0528 0.0894 0.1766 0.1634 0.1332 0.3474 
 547 0.0050 0.0072 0.0185 0.0715 0.0806 0.2974 0.1869 0.0862 0.2467 
 548 0.0048 0.0044 0.0119 0.0688 0.1709 0.2127 0.0848 0.1767 0.2651 
 549 0.0055 0.0062 0.0120 0.0600 0.0864 0.4325 0.2126 0.0951 0.0897 
 550 0.0040 0.0046 0.0162 0.1028 0.0593 0.2111 0.3378 0.1078 0.1564 
 551 0.0058 0.0065 0.0115 0.0682 0.1257 0.4374 0.1333 0.1093 0.1024 
 552 0.0046 0.0047 0.0107 0.0507 0.1090 0.2355 0.1064 0.1405 0.3379 
 553 0.0076 0.0264 0.0269 0.0872 0.1174 0.2018 0.1261 0.0866 0.3200 
 554 0.0065 0.1470 0.0130 0.0650 0.0740 0.0988 0.1457 0.2231 0.2268 
 555 0.0056 0.0127 0.0284 0.0668 0.1084 0.3707 0.1024 0.1360 0.1689 
 556 0.0049 0.0101 0.0125 0.0671 0.0845 0.2647 0.1232 0.1488 0.2842 
 557 0.0045 0.0133 0.0136 0.1124 0.0829 0.1763 0.3546 0.1115 0.1309 
 558 0.0054 0.0042 0.0091 0.1237 0.0543 0.0759 0.4533 0.2005 0.0737 
 559 0.0054 0.0066 0.0109 0.1429 0.0639 0.1138 0.1171 0.2315 0.3080 
 560 0.0044 0.0042 0.0180 0.3193 0.0448 0.0628 0.3121 0.1212 0.1132 
 561 0.0051 0.0045 0.0191 0.1135 0.0548 0.0789 0.3421 0.1978 0.1843 
 562 0.0053 0.0049 0.0187 0.1795 0.0452 0.0618 0.1979 0.2293 0.2574 
 563 0.0071 0.0050 0.0292 0.2010 0.0829 0.2492 0.2139 0.1129 0.0990 
 564 0.0076 0.0153 0.0129 0.0667 0.0859 0.0824 0.1249 0.1940 0.4103 
 565 0.0046 0.0043 0.0093 0.0604 0.0577 0.0871 0.4500 0.2349 0.0917 
 566 0.0040 0.0044 0.0109 0.3100 0.0468 0.0625 0.2794 0.1676 0.1146 
 567 0.0052 0.0046 0.0139 0.0976 0.0586 0.0787 0.1068 0.2196 0.4150 
 568 0.0048 0.0050 0.0096 0.1259 0.0716 0.1136 0.2964 0.1410 0.2320 
 569 0.0064 0.0138 0.0105 0.0954 0.0818 0.0845 0.2257 0.2865 0.1954 
 570 0.0060 0.0049 0.0088 0.1029 0.0510 0.0621 0.2324 0.4361 0.0958 
 571 0.0047 0.0058 0.0100 0.3013 0.0718 0.0898 0.2214 0.1331 0.1621 
 572 0.0041 0.0053 0.0187 0.0474 0.0875 0.2729 0.1631 0.1542 0.2469 
 573 0.0065 0.0095 0.0118 0.0678 0.0785 0.0992 0.2671 0.1644 0.2952 
 574 0.0056 0.0117 0.0117 0.0521 0.1021 0.1466 0.1707 0.3651 0.1343 
 575 0.0046 0.0046 0.0110 0.1856 0.0908 0.1703 0.2519 0.1445 0.1364 
 576 0.0050 0.0050 0.0223 0.2614 0.0498 0.0628 0.2559 0.2317 0.1060 
 577 0.0059 0.0048 0.0123 0.0655 0.0884 0.1754 0.1397 0.3864 0.1217 
 578 0.0049 0.0062 0.0246 0.1566 0.0688 0.0932 0.3165 0.1878 0.1414 
 579 0.0050 0.0100 0.0264 0.0855 0.0654 0.0736 0.2831 0.2376 0.2135 
