   1 0.0085 0.0141 0.0173 0.1635 0.2571 0.3049 0.1366 0.0980 
   2 0.0048 0.0082 0.0244 0.0699 0.1138 0.0689 0.1268 0.5833 
   3 0.0119 0.0184 0.0100 0.1226 0.3233 0.2565 0.1431 0.1140 
   4 0.0160 0.0192 0.0164 0.4294 0.0960 0.1528 0.1451 0.1250 
   5 0.0070 0.0091 0.0385 0.0774 0.1619 0.0730 0.1650 0.4681 
   6 0.0079 0.0092 0.0112 0.0893 0.5452 0.0593 0.1570 0.1208 
   7 0.0094 0.0115 0.0180 0.0798 0.2423 0.0733 0.4755 0.0902 
   8 0.0561 0.0211 0.0151 0.2816 0.1997 0.1424 0.1840 0.0998 
   9 0.0198 0.0115 0.0300 0.1116 0.2659 0.1570 0.1368 0.2675 
  10 0.0140 0.0110 0.0189 0.2042 0.3378 0.0828 0.2133 0.1180 
  11 0.0063 0.0125 0.0233 0.0727 0.2870 0.1074 0.3973 0.0935 
  12 0.0074 0.0086 0.0247 0.1181 0.1868 0.0821 0.1683 0.4040 
  13 0.0099 0.0101 0.0276 0.1193 0.2703 0.1134 0.2313 0.2181 
  14 0.0053 0.0213 0.0138 0.1115 0.1625 0.1730 0.1245 0.3881 
  15 0.0084 0.0308 0.0176 0.2335 0.1425 0.1360 0.2061 0.2251 
  16 0.0064 0.0115 0.0213 0.0925 0.4283 0.1676 0.1793 0.0931 
  17 0.0195 0.0138 0.0314 0.1151 0.3479 0.1416 0.1590 0.1718 
  18 0.0178 0.0275 0.0141 0.1278 0.2695 0.1190 0.1134 0.3108 
  19 0.0080 0.0096 0.0159 0.1034 0.4427 0.0801 0.1826 0.1577 
  20 0.0075 0.0207 0.0266 0.1308 0.1712 0.1246 0.3027 0.2159 
  21 0.0068 0.0126 0.0155 0.1827 0.1690 0.2171 0.1239 0.2723 
  22 0.0114 0.0095 0.0136 0.1213 0.4919 0.1046 0.1218 0.1258 
  23 0.0120 0.0240 0.0418 0.1789 0.1185 0.2687 0.1255 0.2305 
  24 0.0069 0.0127 0.0182 0.1836 0.3071 0.2103 0.1457 0.1155 
  25 0.0087 0.0203 0.0222 0.0641 0.2967 0.0755 0.3256 0.1869 
  26 0.0144 0.0150 0.0189 0.1803 0.2986 0.1142 0.1536 0.2050 
  27 0.0092 0.0106 0.0253 0.1212 0.3313 0.1808 0.1593 0.1622 
  28 0.0076 0.0122 0.0143 0.2751 0.2030 0.1107 0.2086 0.1685 
  29 0.0053 0.0086 0.0335 0.0944 0.1771 0.1766 0.2744 0.2301 
  30 0.0064 0.0108 0.0162 0.0937 0.4834 0.1270 0.1140 0.1484 
  31 0.0275 0.0104 0.0309 0.1629 0.2137 0.1453 0.2166 0.1927 
  32 0.0071 0.0193 0.0131 0.1904 0.2255 0.1315 0.1652 0.2478 
  33 0.0073 0.0113 0.0140 0.1219 0.2390 0.2731 0.2147 0.1185 
  34 0.0107 0.0168 0.0471 0.1380 0.2241 0.0747 0.4021 0.0865 
  35 0.0199 0.0085 0.0392 0.0728 0.2761 0.2301 0.1177 0.2358 
  36 0.0058 0.0454 0.0114 0.0648 0.1303 0.5255 0.1009 0.1158 
  37 0.0130 0.0092 0.0128 0.1585 0.1606 0.2181 0.1453 0.2825 
  38 0.0064 0.2297 0.0375 0.0602 0.1339 0.1654 0.2462 0.1207 
  39 0.0112 0.0210 0.0285 0.0893 0.2217 0.1885 0.2486 0.1912 
  40 0.0054 0.0137 0.0166 0.0890 0.1572 0.4756 0.0920 0.1505 
  41 0.0101 0.0160 0.0291 0.0538 0.1761 0.4467 0.1750 0.0932 
  42 0.0057 0.0240 0.0155 0.1281 0.1023 0.5605 0.0920 0.0719 
  43 0.0112 0.0083 0.0174 0.0888 0.1107 0.4185 0.1458 0.1992 
  44 0.0116 0.0075 0.0157 0.0553 0.1999 0.3877 0.1209 0.2014 
  45 0.0067 0.0368 0.0295 0.0560 0.1520 0.3083 0.1400 0.2707 
  46 0.0197 0.0111 0.0205 0.0857 0.3041 0.1570 0.1760 0.2260 
  47 0.0321 0.0081 0.0285 0.1059 0.3305 0.1541 0.1288 0.2120 
  48 0.0142 0.0114 0.0235 0.0607 0.1872 0.3578 0.0940 0.2511 
  49 0.0136 0.0119 0.0431 0.0906 0.2449 0.2950 0.1282 0.1727 
  50 0.0198 0.0115 0.0235 0.1174 0.3179 0.1076 0.2437 0.1585 
  51 0.0046 0.0285 0.0144 0.0519 0.0794 0.6286 0.0842 0.1084 
  52 0.0147 0.0114 0.0335 0.1019 0.2257 0.2477 0.2523 0.1128 
  53 0.0116 0.0870 0.0172 0.1100 0.2556 0.1983 0.2106 0.1098 
  54 0.0122 0.0067 0.0279 0.1098 0.1429 0.1774 0.1265 0.3966 
  55 0.0093 0.0089 0.0211 0.0804 0.1021 0.2895 0.1222 0.3665 
  56 0.0092 0.0208 0.0353 0.0950 0.2318 0.2963 0.0924 0.2193 
  57 0.0308 0.0119 0.0314 0.2441 0.2913 0.0900 0.1737 0.1269 
  58 0.0069 0.0165 0.0317 0.0808 0.1324 0.3491 0.1499 0.2326 
  59 0.0069 0.0535 0.0680 0.0786 0.1683 0.3281 0.1365 0.1600 
  60 0.0054 0.0179 0.0119 0.1072 0.0959 0.5243 0.1045 0.1328 
  61 0.0049 0.0076 0.0187 0.1158 0.0673 0.2926 0.0957 0.3973 
  62 0.0172 0.0101 0.1282 0.1070 0.2556 0.1038 0.1401 0.2381 
  63 0.0051 0.0112 0.0149 0.1098 0.1110 0.3292 0.2371 0.1816 
  64 0.0088 0.0241 0.0254 0.0685 0.4092 0.1102 0.1372 0.2167 
  65 0.0073 0.0094 0.0217 0.0597 0.1373 0.0804 0.4334 0.2510 
  66 0.0063 0.0102 0.0171 0.1718 0.1012 0.1377 0.1754 0.3802 
  67 0.0082 0.0075 0.0198 0.0661 0.1023 0.3086 0.1343 0.3532 
  68 0.0091 0.0540 0.0496 0.0910 0.1521 0.3665 0.1280 0.1498 
  69 0.0109 0.2000 0.0949 0.1279 0.1527 0.1365 0.1604 0.1167 
  70 0.0050 0.0184 0.0126 0.0773 0.0843 0.5156 0.2042 0.0826 
  71 0.0067 0.0475 0.0594 0.0523 0.1519 0.3225 0.1477 0.2120 
  72 0.0078 0.0171 0.0116 0.0627 0.3347 0.3089 0.1346 0.1227 
  73 0.0064 0.0142 0.0636 0.0607 0.1007 0.2350 0.1573 0.3621 
  74 0.0055 0.0438 0.0121 0.0869 0.1322 0.5151 0.0933 0.1112 
  75 0.0064 0.0234 0.0159 0.0991 0.1110 0.5439 0.0758 0.1246 
  76 0.0074 0.0087 0.0118 0.0771 0.1020 0.2815 0.2847 0.2268 
  77 0.0053 0.0443 0.0347 0.0543 0.1310 0.3230 0.2465 0.1609 
  78 0.0066 0.1609 0.0413 0.0574 0.1140 0.2864 0.2118 0.1217 
  79 0.0064 0.0122 0.0166 0.0884 0.2325 0.0755 0.3719 0.1965 
  80 0.0065 0.0098 0.0123 0.4318 0.1071 0.0960 0.1755 0.1610 
  81 0.0068 0.0104 0.0109 0.3479 0.1349 0.0696 0.2397 0.1797 
  82 0.0063 0.0099 0.0308 0.1338 0.1191 0.2219 0.1926 0.2856 
  83 0.0062 0.0222 0.0106 0.2291 0.1328 0.1039 0.2779 0.2173 
  84 0.0060 0.0112 0.0118 0.2241 0.1311 0.0832 0.3511 0.1814 
  85 0.0063 0.0281 0.0121 0.2607 0.2013 0.1043 0.1915 0.1957 
  86 0.0088 0.0118 0.0262 0.0756 0.1475 0.1277 0.1668 0.4355 
  87 0.0068 0.0205 0.0144 0.0973 0.1217 0.1150 0.4678 0.1566 
  88 0.0072 0.0102 0.0140 0.2310 0.1217 0.1620 0.2422 0.2117 
  89 0.0089 0.0102 0.0116 0.2835 0.1170 0.1085 0.1837 0.2766 
  90 0.0061 0.0102 0.0142 0.1049 0.1082 0.0833 0.4622 0.2110 
  91 0.0062 0.0265 0.0103 0.3894 0.1286 0.1333 0.1635 0.1423 
  92 0.0069 0.0106 0.0159 0.1303 0.1800 0.1073 0.2815 0.2675 
  93 0.0060 0.0083 0.0127 0.5591 0.0949 0.1041 0.0991 0.1158 
  94 0.0052 0.0306 0.0103 0.0810 0.1106 0.1012 0.5772 0.0839 
  95 0.0060 0.0094 0.0128 0.1923 0.0809 0.1241 0.4020 0.1725 
  96 0.0055 0.0077 0.0161 0.1705 0.0702 0.2873 0.1073 0.3353 
  97 0.0075 0.0335 0.0161 0.1222 0.1520 0.3976 0.0865 0.1846 
  98 0.0046 0.0092 0.0204 0.0818 0.1770 0.2921 0.1483 0.2664 
  99 0.0057 0.0098 0.0119 0.2055 0.1168 0.0732 0.3635 0.2135 
 100 0.0064 0.0073 0.0146 0.3923 0.0750 0.1280 0.0847 0.2918 
 101 0.0090 0.0240 0.0155 0.1195 0.1193 0.1942 0.3092 0.2092 
 102 0.0069 0.0177 0.0274 0.2839 0.0871 0.2125 0.2316 0.1328 
 103 0.0071 0.0081 0.0156 0.1288 0.0758 0.0741 0.2197 0.4708 
 104 0.0061 0.0080 0.0167 0.1202 0.0889 0.0603 0.5238 0.1760 
 105 0.0083 0.0075 0.0518 0.1552 0.0792 0.0810 0.3256 0.2914 
 106 0.0056 0.0138 0.0129 0.0484 0.1439 0.0759 0.5872 0.1122 
 107 0.0088 0.0088 0.0265 0.1293 0.0806 0.0776 0.3363 0.3321 
 108 0.0046 0.1891 0.0122 0.0721 0.0791 0.0830 0.1099 0.4501 
 109 0.0072 0.0300 0.1682 0.0527 0.1323 0.0884 0.3430 0.1783 
 110 0.0069 0.0143 0.0164 0.0542 0.1419 0.0799 0.5976 0.0889 
 111 0.0073 0.0092 0.0438 0.0788 0.0810 0.0687 0.5356 0.1755 
 112 0.0051 0.0133 0.2240 0.0554 0.0895 0.1004 0.4328 0.0796 
 113 0.0081 0.0209 0.0194 0.0933 0.1526 0.1294 0.1554 0.4209 
 114 0.0050 0.0074 0.0323 0.1464 0.0857 0.0591 0.4784 0.1857 
 115 0.0078 0.0115 0.0498 0.0779 0.0976 0.2360 0.3849 0.1346 
 116 0.0077 0.0296 0.0240 0.0508 0.1320 0.1850 0.4007 0.1703 
 117 0.0112 0.0142 0.0508 0.0673 0.1468 0.1335 0.4909 0.0851 
 118 0.0057 0.0135 0.0501 0.0693 0.0909 0.0693 0.1984 0.5028 
 119 0.0048 0.0157 0.0112 0.1867 0.0713 0.3066 0.1977 0.2060 
 120 0.0076 0.0111 0.0732 0.0962 0.0981 0.1484 0.3800 0.1855 
 121 0.0346 0.0148 0.1136 0.0595 0.0974 0.2309 0.3275 0.1217 
 122 0.0048 0.0119 0.0254 0.0688 0.1502 0.0729 0.5095 0.1564 
 123 0.0070 0.0160 0.0201 0.0926 0.1013 0.0941 0.4904 0.1787 
 124 0.0158 0.0159 0.0454 0.0626 0.1974 0.1680 0.2906 0.2042 
 125 0.0067 0.0259 0.0509 0.0650 0.2880 0.2222 0.2545 0.0868 
 126 0.0045 0.0147 0.0122 0.0885 0.1085 0.1950 0.4168 0.1598 
 127 0.0079 0.0085 0.0343 0.0820 0.0687 0.0755 0.5290 0.1941 
 128 0.0055 0.0075 0.0379 0.0680 0.1013 0.0766 0.1738 0.5294 
 129 0.0100 0.0080 0.0234 0.0615 0.0793 0.0752 0.3359 0.4068 
 130 0.0086 0.0085 0.0601 0.1374 0.0887 0.0578 0.4187 0.2202 
 131 0.0137 0.1097 0.0458 0.0544 0.1666 0.1733 0.3166 0.1199 
 132 0.0060 0.0110 0.0163 0.0543 0.1233 0.0744 0.4607 0.2538 
 133 0.0102 0.0132 0.0198 0.0878 0.0860 0.0823 0.3764 0.3244 
 134 0.0049 0.0100 0.0238 0.0432 0.1150 0.0607 0.6517 0.0906 
 135 0.0079 0.0117 0.0322 0.3197 0.0829 0.2850 0.0833 0.1775 
 136 0.0075 0.0085 0.0226 0.5624 0.1265 0.0845 0.0761 0.1117 
 137 0.0062 0.0091 0.0384 0.5766 0.0854 0.0926 0.1110 0.0807 
 138 0.0057 0.0120 0.0113 0.5859 0.1027 0.1126 0.0816 0.0882 
 139 0.0054 0.0110 0.0182 0.1955 0.1172 0.1348 0.0869 0.4311 
 140 0.0064 0.0128 0.0146 0.3241 0.1356 0.1968 0.1432 0.1665 
 141 0.0070 0.0125 0.0210 0.4393 0.1967 0.1021 0.0885 0.1329 
 142 0.0067 0.0110 0.0278 0.3166 0.0800 0.2615 0.0826 0.2137 
 143 0.0051 0.0076 0.0109 0.6507 0.0719 0.0978 0.0676 0.0885 
 144 0.0062 0.0083 0.0389 0.5786 0.0774 0.0999 0.1060 0.0847 
 145 0.0089 0.0120 0.0315 0.3221 0.2110 0.1563 0.0897 0.1685 
 146 0.0116 0.0127 0.0155 0.3587 0.1654 0.1639 0.1547 0.1175 
 147 0.0059 0.0079 0.0119 0.6697 0.0808 0.0778 0.0692 0.0768 
 148 0.0071 0.0084 0.0272 0.4077 0.1265 0.1282 0.1144 0.1804 
 149 0.0077 0.0127 0.0184 0.4406 0.1047 0.2111 0.0773 0.1276 
 150 0.0083 0.0086 0.0475 0.4120 0.1005 0.1066 0.1556 0.1609 
 151 0.0070 0.0077 0.0132 0.5409 0.0845 0.1170 0.0956 0.1341 
 152 0.0069 0.0187 0.0274 0.3855 0.1294 0.1597 0.1093 0.1631 
 153 0.0058 0.0108 0.0130 0.4594 0.1067 0.2144 0.0992 0.0907 
 154 0.0101 0.0090 0.0218 0.4684 0.1228 0.1274 0.0756 0.1649 
 155 0.0063 0.0075 0.0111 0.6045 0.0768 0.0799 0.0974 0.1166 
 156 0.0049 0.0074 0.0172 0.4505 0.0640 0.2335 0.0901 0.1323 
 157 0.0053 0.0086 0.0105 0.5193 0.0764 0.0863 0.1989 0.0946 
 158 0.0086 0.0131 0.0307 0.3775 0.2097 0.1511 0.0877 0.1215 
 159 0.0065 0.0083 0.0151 0.6535 0.0784 0.0762 0.0700 0.0921 
 160 0.0081 0.0085 0.0156 0.6350 0.0787 0.0688 0.0709 0.1143 
 161 0.0059 0.0118 0.0134 0.3370 0.1367 0.2635 0.1113 0.1205 
 162 0.0153 0.0116 0.0171 0.3236 0.1688 0.1304 0.1530 0.1802 
 163 0.0055 0.0074 0.0113 0.5835 0.0698 0.1356 0.0880 0.0990 
 164 0.0145 0.0096 0.0138 0.3786 0.1206 0.0831 0.1331 0.2467 
 165 0.0077 0.0091 0.0471 0.4690 0.0873 0.1117 0.1487 0.1196 
 166 0.0064 0.0248 0.0110 0.3938 0.0808 0.1377 0.1949 0.1506 
 167 0.0209 0.0101 0.0178 0.5216 0.1521 0.0674 0.1072 0.1029 
 168 0.0064 0.0318 0.0118 0.4667 0.1141 0.1674 0.0994 0.1025 
 169 0.0102 0.0360 0.0301 0.2605 0.3058 0.1724 0.0816 0.1035 
 170 0.0059 0.0082 0.0125 0.3204 0.0836 0.2990 0.0925 0.1781 
 171 0.0069 0.0225 0.0138 0.3777 0.1328 0.1204 0.1180 0.2078 
 172 0.0064 0.0311 0.0184 0.2744 0.1302 0.3532 0.0735 0.1127 
 173 0.0070 0.0074 0.0146 0.5820 0.0771 0.0708 0.0725 0.1686 
 174 0.0065 0.0079 0.0117 0.5854 0.0944 0.0765 0.0994 0.1181 
 175 0.0067 0.0078 0.0143 0.5478 0.1213 0.1303 0.0744 0.0974 
 176 0.0060 0.0089 0.0382 0.5784 0.0773 0.1023 0.1055 0.0834 
 177 0.0069 0.0143 0.0132 0.4030 0.1116 0.1237 0.2242 0.1031 
 178 0.0071 0.0080 0.0141 0.5009 0.1563 0.0695 0.1078 0.1363 
 179 0.0056 0.0076 0.0102 0.6525 0.0799 0.0637 0.0722 0.1082 
 180 0.0119 0.0132 0.0168 0.4230 0.1590 0.1620 0.1141 0.1000 
 181 0.0078 0.0114 0.0219 0.3570 0.1196 0.1921 0.0845 0.2057 
 182 0.0090 0.0082 0.0172 0.4765 0.0730 0.1308 0.0719 0.2134 
 183 0.0061 0.0076 0.0118 0.6062 0.0843 0.0863 0.0728 0.1250 
 184 0.0077 0.0107 0.0153 0.0691 0.1257 0.0692 0.1110 0.5913 
 185 0.0047 0.0078 0.0172 0.5208 0.0604 0.2282 0.0604 0.1005 
 186 0.0073 0.0072 0.0116 0.0677 0.1322 0.0781 0.1688 0.5271 
 187 0.0051 0.0085 0.0113 0.2461 0.1058 0.0749 0.0977 0.4506 
 188 0.0073 0.0068 0.0121 0.0552 0.1076 0.0652 0.1280 0.6178 
 189 0.0056 0.0334 0.0110 0.2181 0.2282 0.1488 0.1187 0.2361 
 190 0.0044 0.0067 0.0190 0.1836 0.0541 0.2686 0.0652 0.3983 
 191 0.0047 0.0072 0.0163 0.0897 0.0901 0.0564 0.0905 0.6450 
 192 0.0051 0.0082 0.0128 0.2138 0.1092 0.0950 0.1307 0.4252 
 193 0.0055 0.0090 0.0233 0.1817 0.1408 0.1106 0.1178 0.4114 
 194 0.0062 0.0089 0.0127 0.1701 0.0988 0.2266 0.1223 0.3543 
 195 0.0051 0.0068 0.0111 0.2437 0.0705 0.1357 0.0659 0.4613 
 196 0.0045 0.0089 0.0177 0.1533 0.0652 0.1428 0.0857 0.5218 
 197 0.0077 0.0085 0.0156 0.1704 0.2187 0.1124 0.1726 0.2942 
 198 0.0053 0.0114 0.0131 0.1428 0.1845 0.1319 0.1761 0.3349 
 199 0.0056 0.0121 0.0212 0.1185 0.0770 0.3426 0.0947 0.3284 
 200 0.0049 0.0160 0.0303 0.1475 0.1101 0.1256 0.1033 0.4623 
 201 0.0048 0.0068 0.0116 0.3825 0.0813 0.0850 0.0751 0.3530 
 202 0.0051 0.0068 0.0159 0.3036 0.0718 0.3142 0.0876 0.1949 
 203 0.0048 0.0069 0.0154 0.3608 0.0674 0.0859 0.0725 0.3864 
 204 0.0050 0.0067 0.0125 0.1150 0.0609 0.1115 0.0683 0.6201 
 205 0.0048 0.0108 0.0134 0.0976 0.0794 0.0983 0.0892 0.6064 
 206 0.0057 0.0066 0.0118 0.1361 0.0797 0.0795 0.0690 0.6115 
 207 0.0048 0.0066 0.0220 0.0845 0.0679 0.1216 0.0897 0.6028 
 208 0.0049 0.0067 0.0145 0.2228 0.0701 0.0725 0.0793 0.5292 
 209 0.0049 0.0071 0.0212 0.1243 0.0989 0.0857 0.0978 0.5601 
 210 0.0048 0.0067 0.0119 0.1290 0.0712 0.0786 0.0818 0.6160 
 211 0.0072 0.0071 0.0718 0.1640 0.0710 0.2623 0.1203 0.2962 
 212 0.0049 0.0075 0.0147 0.3713 0.1116 0.1805 0.0810 0.2286 
 213 0.0054 0.0098 0.0143 0.0955 0.0914 0.3332 0.1578 0.2926 
 214 0.0052 0.0066 0.0188 0.3771 0.0765 0.1329 0.0763 0.3066 
 215 0.0044 0.0102 0.0178 0.0794 0.0720 0.0635 0.0930 0.6597 
 216 0.0091 0.0107 0.0164 0.0935 0.1763 0.0978 0.1300 0.4662 
 217 0.0051 0.0100 0.0133 0.3091 0.0854 0.1165 0.0738 0.3868 
 218 0.0051 0.0096 0.0136 0.1103 0.0808 0.0679 0.0989 0.6138 
 219 0.0112 0.0172 0.0116 0.2132 0.1870 0.0931 0.1114 0.3553 
 220 0.0048 0.0065 0.0131 0.0858 0.0674 0.0608 0.0776 0.6840 
 221 0.0050 0.0067 0.0150 0.3208 0.0626 0.3624 0.0649 0.1627 
 222 0.0089 0.0101 0.0122 0.1369 0.2433 0.1006 0.1308 0.3572 
 223 0.0053 0.0113 0.0115 0.3177 0.1338 0.0937 0.1103 0.3164 
 224 0.0059 0.0067 0.0126 0.2645 0.0798 0.0996 0.0719 0.4591 
 225 0.0049 0.0083 0.0129 0.1193 0.0773 0.1187 0.0831 0.5756 
 226 0.0069 0.0802 0.0178 0.1390 0.1211 0.0835 0.1080 0.4434 
 227 0.0052 0.0069 0.0142 0.1977 0.0729 0.2558 0.0948 0.3525 
 228 0.0052 0.0079 0.0190 0.2409 0.0654 0.2396 0.0616 0.3604 
 229 0.0053 0.0070 0.0121 0.2895 0.0829 0.0794 0.0791 0.4448 
 230 0.0052 0.0067 0.0146 0.2095 0.0687 0.0870 0.0770 0.5314 
 231 0.0050 0.0071 0.0142 0.2272 0.1156 0.0661 0.0824 0.4824 
 232 0.0066 0.0121 0.0152 0.1565 0.1175 0.3031 0.1329 0.2562 
 233 0.0051 0.0068 0.0165 0.4549 0.0766 0.0851 0.0776 0.2774 
 234 0.0048 0.0083 0.0154 0.1629 0.1462 0.0738 0.1277 0.4609 
 235 0.0057 0.0137 0.0129 0.2475 0.1184 0.1196 0.1016 0.3805 
 236 0.0049 0.0086 0.0172 0.3013 0.0985 0.0934 0.0922 0.3839 
 237 0.0047 0.0071 0.0229 0.0919 0.0803 0.1264 0.0882 0.5786 
 238 0.0050 0.0067 0.0147 0.3464 0.0876 0.1508 0.1002 0.2886 
 239 0.0050 0.0067 0.0109 0.2449 0.0700 0.1352 0.0655 0.4618 
 240 0.0049 0.0068 0.0144 0.3441 0.0881 0.1520 0.0990 0.2906 
 241 0.0070 0.0094 0.0146 0.3307 0.0854 0.1769 0.0832 0.2928 
 242 0.0058 0.0153 0.0114 0.1543 0.1448 0.1041 0.0974 0.4668 
 243 0.0043 0.0067 0.0222 0.1613 0.0590 0.1390 0.0714 0.5362 
 244 0.0051 0.0066 0.0162 0.2733 0.0686 0.0915 0.0709 0.4677 
 245 0.0051 0.0069 0.0109 0.4507 0.0731 0.1770 0.0872 0.1890 
 246 0.0052 0.0101 0.0130 0.3114 0.0857 0.1158 0.0744 0.3844 
 247 0.0047 0.0122 0.0125 0.0643 0.1107 0.1240 0.2738 0.3979 
 248 0.0046 0.0079 0.0186 0.0706 0.0824 0.0760 0.1103 0.6298 
 249 0.0053 0.0068 0.0177 0.2759 0.0745 0.1276 0.0826 0.4097 
 250 0.0053 0.0085 0.0157 0.2221 0.0947 0.0897 0.0981 0.4659 
 251 0.0052 0.0296 0.0246 0.1156 0.1650 0.0894 0.1414 0.4291 
 252 0.0052 0.0083 0.0107 0.1883 0.0980 0.1247 0.0878 0.4770 
 253 0.0053 0.0172 0.0145 0.0910 0.1132 0.2111 0.1570 0.3906 
 254 0.0078 0.0083 0.0123 0.1394 0.1707 0.0871 0.1082 0.4662 
 255 0.0049 0.0072 0.0160 0.1901 0.1339 0.0854 0.1092 0.4533 
 256 0.0057 0.0085 0.0173 0.2196 0.0898 0.1517 0.0857 0.4217 
 257 0.0146 0.0097 0.0179 0.1413 0.0945 0.0955 0.1079 0.5186 
 258 0.0044 0.0087 0.0178 0.1128 0.1020 0.1252 0.1345 0.4945 
 259 0.0057 0.0080 0.0156 0.1429 0.0879 0.1047 0.0912 0.5440 
 260 0.0082 0.0085 0.0134 0.2808 0.1943 0.0994 0.1213 0.2740 
 261 0.0051 0.0087 0.0110 0.2638 0.0964 0.1540 0.0827 0.3783 
 262 0.0049 0.0098 0.0150 0.2356 0.0626 0.2275 0.0650 0.3797 
 263 0.0075 0.0066 0.0149 0.0843 0.0935 0.0752 0.0862 0.6318 
 264 0.0108 0.0104 0.0165 0.0591 0.3578 0.0789 0.1304 0.3362 
 265 0.0050 0.0122 0.0119 0.1802 0.1136 0.0699 0.0956 0.5117 
 266 0.0050 0.0066 0.0145 0.3932 0.0637 0.2446 0.0659 0.2064 
 267 0.0052 0.0072 0.0241 0.1975 0.1255 0.1304 0.1129 0.3971 
 268 0.0047 0.0089 0.0179 0.1543 0.0649 0.1436 0.0871 0.5187 
 269 0.0051 0.0214 0.0129 0.2061 0.2112 0.0738 0.1145 0.3549 
 270 0.0081 0.0079 0.0155 0.0920 0.1441 0.0783 0.1262 0.5280 
 271 0.0054 0.0110 0.0193 0.1084 0.0956 0.0891 0.1190 0.5523 
 272 0.0065 0.0785 0.0249 0.1147 0.0955 0.0917 0.1089 0.4794 
 273 0.0367 0.0248 0.0340 0.1920 0.1477 0.0912 0.1416 0.3320 
 274 0.0056 0.0168 0.0149 0.1267 0.1212 0.0778 0.1171 0.5200 
 275 0.0081 0.0235 0.0228 0.1393 0.1144 0.0702 0.0903 0.5315 
 276 0.0071 0.0535 0.0301 0.0996 0.0945 0.1688 0.1167 0.4298 
 277 0.0057 0.0106 0.0117 0.2396 0.1487 0.0936 0.1069 0.3831 
 278 0.0045 0.0107 0.0182 0.0970 0.0713 0.0706 0.0888 0.6388 
 279 0.0056 0.0109 0.0149 0.1617 0.1146 0.0925 0.1043 0.4955 
 280 0.0053 0.0201 0.0137 0.1443 0.1753 0.1315 0.0967 0.4132 
 281 0.0056 0.0100 0.0142 0.1292 0.1133 0.0821 0.1366 0.5090 
 282 0.0047 0.0087 0.0128 0.3985 0.1249 0.0831 0.0995 0.2677 
 283 0.0051 0.0069 0.0126 0.4432 0.0821 0.1002 0.0940 0.2558 
 284 0.0048 0.0090 0.0191 0.2353 0.1023 0.1096 0.1276 0.3923 
 285 0.0044 0.0123 0.0209 0.0529 0.1052 0.1100 0.1172 0.5771 
 286 0.0050 0.0066 0.0159 0.2716 0.0696 0.0910 0.0717 0.4686 
 287 0.0060 0.0158 0.0112 0.1897 0.1542 0.0784 0.1391 0.4056 
 288 0.0063 0.0450 0.0161 0.0956 0.0890 0.0657 0.0925 0.5898 
 289 0.0090 0.0328 0.0202 0.0891 0.0909 0.0800 0.1242 0.5538 
 290 0.0088 0.0096 0.0297 0.1054 0.1874 0.2605 0.0920 0.3067 
 291 0.0052 0.0108 0.0194 0.1073 0.0959 0.0887 0.1181 0.5546 
 292 0.0055 0.0208 0.0121 0.1575 0.1403 0.2533 0.0888 0.3217 
 293 0.0065 0.0095 0.0282 0.0860 0.2643 0.2165 0.1124 0.2765 
 294 0.0089 0.0087 0.0134 0.0709 0.0887 0.1098 0.0862 0.6134 
 295 0.0068 0.0431 0.0333 0.1296 0.1181 0.1831 0.1287 0.3572 
 296 0.0048 0.0096 0.0165 0.0945 0.0685 0.0711 0.0983 0.6367 
 297 0.0058 0.0191 0.0127 0.1044 0.1787 0.1107 0.1061 0.4625 
 298 0.0054 0.0086 0.0125 0.3078 0.1221 0.0796 0.1090 0.3549 
 299 0.0093 0.0068 0.0117 0.0991 0.1257 0.0712 0.0929 0.5833 
 300 0.0049 0.0098 0.0157 0.0680 0.0958 0.1139 0.0852 0.6068 
 301 0.0077 0.0121 0.0167 0.0916 0.1548 0.0733 0.1092 0.5347 
 302 0.0080 0.0094 0.0185 0.0819 0.0870 0.1243 0.0858 0.5851 
 303 0.0056 0.0100 0.0143 0.2441 0.1212 0.1599 0.0834 0.3616 
 304 0.0081 0.0073 0.0165 0.3460 0.2185 0.0900 0.1609 0.1527 
 305 0.0050 0.0095 0.0136 0.1620 0.0685 0.1130 0.0671 0.5612 
 306 0.0059 0.0137 0.0133 0.3220 0.1096 0.1318 0.0876 0.3162 
 307 0.0069 0.0109 0.0167 0.1956 0.1208 0.1336 0.1071 0.4084 
 308 0.0050 0.0087 0.0112 0.2646 0.0959 0.1515 0.0832 0.3799 
 309 0.0160 0.0155 0.0296 0.0897 0.0726 0.0717 0.1003 0.6045 
 310 0.0047 0.0067 0.0171 0.2027 0.0694 0.1235 0.0709 0.5050 
 311 0.0052 0.0067 0.0149 0.2081 0.0692 0.0864 0.0755 0.5340 
 312 0.0043 0.0066 0.0139 0.0864 0.0618 0.0726 0.0863 0.6682 
 313 0.0051 0.0080 0.0162 0.0653 0.0647 0.1304 0.0813 0.6290 
 314 0.0052 0.0099 0.0127 0.6131 0.0707 0.1359 0.0658 0.0868 
 315 0.0051 0.0180 0.0107 0.5603 0.0821 0.1542 0.0857 0.0840 
 316 0.0082 0.0340 0.0123 0.5730 0.1042 0.0860 0.0966 0.0857 
 317 0.0055 0.0099 0.0122 0.6790 0.0745 0.0755 0.0680 0.0754 
 318 0.0052 0.0102 0.0113 0.6965 0.0801 0.0562 0.0696 0.0710 
 319 0.0058 0.0078 0.0116 0.6566 0.0719 0.0859 0.0677 0.0926 
 320 0.0049 0.0101 0.0128 0.6145 0.0705 0.1352 0.0657 0.0863 
 321 0.0056 0.0102 0.0126 0.6732 0.0823 0.0719 0.0702 0.0740 
 322 0.0085 0.0310 0.0143 0.5342 0.0924 0.1328 0.0921 0.0948 
 323 0.0129 0.0085 0.0102 0.6808 0.0794 0.0617 0.0693 0.0771 
 324 0.0056 0.0105 0.0125 0.6731 0.0828 0.0714 0.0700 0.0742 
 325 0.0056 0.0335 0.0116 0.6086 0.0920 0.0793 0.0934 0.0760 
 326 0.0133 0.0621 0.0150 0.5695 0.0906 0.0824 0.0915 0.0757 
 327 0.0054 0.0103 0.0126 0.6770 0.0747 0.0759 0.0681 0.0761 
 328 0.0055 0.0205 0.0115 0.5632 0.0899 0.1234 0.0925 0.0935 
 329 0.0051 0.0079 0.0100 0.6930 0.0784 0.0664 0.0682 0.0710 
 330 0.0056 0.0097 0.0121 0.6801 0.0740 0.0751 0.0682 0.0752 
 331 0.0052 0.0079 0.0100 0.6889 0.0774 0.0604 0.0691 0.0811 
 332 0.0189 0.0430 0.0128 0.5811 0.0985 0.0800 0.0932 0.0725 
 333 0.0129 0.0363 0.0132 0.5765 0.0885 0.0942 0.0926 0.0859 
 334 0.0054 0.0206 0.0113 0.5646 0.0904 0.1217 0.0929 0.0930 
 335 0.0054 0.0188 0.0114 0.5821 0.0803 0.1329 0.0880 0.0810 
 336 0.0153 0.0114 0.0124 0.6363 0.0809 0.0985 0.0676 0.0776 
 337 0.0057 0.0333 0.0134 0.5742 0.0948 0.1053 0.0927 0.0805 
 338 0.0062 0.0112 0.0116 0.6895 0.0833 0.0564 0.0707 0.0711 
 339 0.0051 0.0080 0.0101 0.6888 0.0777 0.0605 0.0692 0.0806 
 340 0.0052 0.0076 0.0099 0.6930 0.0702 0.0637 0.0675 0.0828 
 341 0.0151 0.0117 0.0133 0.6611 0.0794 0.0661 0.0698 0.0835 
 342 0.0055 0.0099 0.0123 0.6794 0.0742 0.0751 0.0679 0.0757 
 343 0.0124 0.0189 0.0122 0.4808 0.0838 0.2256 0.0836 0.0826 
 344 0.0053 0.0080 0.0100 0.7007 0.0779 0.0597 0.0685 0.0699 
 345 0.0053 0.0101 0.0121 0.6785 0.0737 0.0752 0.0679 0.0771 
 346 0.0055 0.0100 0.0112 0.7018 0.0729 0.0577 0.0672 0.0737 
 347 0.0050 0.0076 0.0100 0.7054 0.0708 0.0620 0.0668 0.0724 
 348 0.0048 0.0152 0.0116 0.4883 0.0723 0.2383 0.0802 0.0893 
 349 0.0053 0.0098 0.0123 0.6801 0.0741 0.0753 0.0674 0.0757 
 350 0.0053 0.0076 0.0106 0.6309 0.0739 0.1071 0.0668 0.0978 
 351 0.0053 0.0187 0.0116 0.5817 0.0811 0.1321 0.0885 0.0811 
 352 0.0057 0.0301 0.0131 0.5795 0.0842 0.1158 0.0894 0.0822 
 353 0.0156 0.0121 0.0124 0.6346 0.0795 0.0990 0.0680 0.0788 
 354 0.0079 0.0091 0.0117 0.6792 0.0818 0.0627 0.0700 0.0776 
 355 0.0054 0.0105 0.0113 0.6956 0.0804 0.0562 0.0696 0.0710 
 356 0.0044 0.0142 0.0111 0.4236 0.0720 0.3041 0.0793 0.0912 
 357 0.0054 0.0318 0.0129 0.4019 0.2197 0.0821 0.1401 0.1060 
 358 0.0060 0.0233 0.0107 0.6098 0.0948 0.0870 0.0938 0.0746 
 359 0.0060 0.0084 0.0105 0.6844 0.0797 0.0602 0.0699 0.0810 
 360 0.0054 0.0097 0.0109 0.7028 0.0729 0.0577 0.0677 0.0729 
 361 0.0054 0.0300 0.0155 0.3373 0.2241 0.1281 0.1386 0.1209 
 362 0.0062 0.0376 0.0135 0.0862 0.1735 0.1055 0.2773 0.3002 
 363 0.0082 0.0205 0.0180 0.0634 0.2219 0.0988 0.3894 0.1798 
 364 0.0178 0.0120 0.0318 0.2102 0.3040 0.1278 0.1519 0.1446 
 365 0.0188 0.0311 0.0456 0.0719 0.4354 0.0943 0.1728 0.1301 
 366 0.0063 0.0265 0.0261 0.1140 0.2660 0.2241 0.1193 0.2176 
 367 0.0051 0.0203 0.0125 0.0524 0.1398 0.0659 0.6186 0.0855 
 368 0.0062 0.0111 0.0169 0.0888 0.1803 0.0756 0.3141 0.3070 
 369 0.0097 0.0132 0.0266 0.1375 0.2012 0.3266 0.1333 0.1518 
 370 0.0196 0.0167 0.0359 0.0944 0.1471 0.0944 0.2748 0.3171 
 371 0.0136 0.0119 0.0298 0.1105 0.2596 0.1117 0.1490 0.3138 
 372 0.0554 0.0217 0.0496 0.1011 0.1107 0.0870 0.1805 0.3941 
 373 0.0070 0.0100 0.0213 0.1318 0.2057 0.1196 0.3607 0.1439 
 374 0.0079 0.0328 0.0440 0.2167 0.2333 0.1179 0.1807 0.1667 
 375 0.0222 0.0155 0.0232 0.0643 0.3262 0.0693 0.3146 0.1646 
 376 0.1271 0.0195 0.0144 0.0585 0.3817 0.0803 0.2436 0.0749 
 377 0.0076 0.0248 0.0221 0.0911 0.2615 0.0832 0.1819 0.3278 
 378 0.0061 0.0110 0.0183 0.2075 0.0957 0.0819 0.4264 0.1532 
 379 0.2195 0.0215 0.0173 0.0518 0.2759 0.0854 0.2413 0.0873 
 380 0.0123 0.0596 0.0188 0.1257 0.3697 0.1870 0.0966 0.1304 
 381 0.0091 0.0126 0.0152 0.0950 0.4572 0.2371 0.0837 0.0900 
 382 0.0055 0.0122 0.0148 0.0782 0.3009 0.0611 0.3996 0.1277 
 383 0.0170 0.0810 0.0214 0.1457 0.4457 0.0673 0.0894 0.1323 
 384 0.0767 0.0267 0.0283 0.1242 0.3812 0.0736 0.1755 0.1138 
 385 0.0075 0.0104 0.2799 0.1887 0.2196 0.0609 0.1209 0.1121 
 386 0.0047 0.0155 0.0137 0.0655 0.2479 0.0853 0.4421 0.1252 
 387 0.0054 0.0139 0.0176 0.0841 0.2896 0.0936 0.3839 0.1120 
 388 0.0191 0.0175 0.0489 0.2079 0.2651 0.0743 0.1947 0.1724 
 389 0.0111 0.0116 0.1655 0.0733 0.1120 0.1136 0.1380 0.3749 
 390 0.0234 0.0517 0.0262 0.0592 0.1482 0.2134 0.3717 0.1062 
 391 0.0152 0.0220 0.1327 0.1000 0.1354 0.1973 0.2426 0.1548 
 392 0.0085 0.0122 0.0114 0.1231 0.3983 0.0865 0.2110 0.1490 
 393 0.0084 0.0525 0.0137 0.0961 0.3836 0.2547 0.1090 0.0820 
 394 0.0054 0.0253 0.0112 0.2472 0.1514 0.0783 0.3257 0.1554 
 395 0.0048 0.0417 0.0131 0.0709 0.1613 0.1950 0.2309 0.2824 
 396 0.0065 0.0088 0.0149 0.0545 0.3154 0.0656 0.3825 0.1518 
 397 0.1063 0.0089 0.0125 0.1373 0.2094 0.1066 0.1073 0.3117 
 398 0.0482 0.0594 0.0109 0.0580 0.2341 0.1017 0.4019 0.0857 
 399 0.0055 0.0313 0.0266 0.0760 0.0954 0.1151 0.5045 0.1455 
 400 0.0088 0.0115 0.0162 0.0929 0.2954 0.1256 0.3592 0.0906 
 401 0.0053 0.0112 0.0157 0.0971 0.1040 0.1817 0.4597 0.1253 
 402 0.0078 0.0099 0.0207 0.0952 0.2569 0.1882 0.2707 0.1505 
 403 0.0092 0.0176 0.0461 0.3083 0.1854 0.1115 0.1649 0.1570 
 404 0.0092 0.0101 0.0281 0.1103 0.3487 0.1278 0.1532 0.2125 
 405 0.0054 0.0313 0.0143 0.0987 0.2777 0.1461 0.2040 0.2225 
 406 0.0045 0.2306 0.0134 0.1075 0.1057 0.2903 0.0990 0.1491 
 407 0.0048 0.0325 0.0128 0.0530 0.5409 0.0825 0.1731 0.1005 
 408 0.0045 0.0079 0.0127 0.0481 0.0790 0.1653 0.4542 0.2283 
 409 0.0149 0.0338 0.0166 0.1138 0.1413 0.4837 0.1055 0.0905 
 410 0.1018 0.0292 0.0192 0.0975 0.2203 0.1308 0.2845 0.1167 
 411 0.0258 0.0121 0.0129 0.1529 0.3842 0.1543 0.1653 0.0925 
 412 0.0061 0.0107 0.0169 0.0787 0.2192 0.0722 0.3409 0.2553 
 413 0.0054 0.0095 0.0122 0.1725 0.1317 0.0643 0.3785 0.2260 
 414 0.0048 0.0082 0.0336 0.0582 0.1934 0.0594 0.4123 0.2302 
 415 0.0063 0.0238 0.0149 0.0695 0.3673 0.1638 0.2272 0.1271 
 416 0.0065 0.0111 0.0364 0.0900 0.2623 0.2145 0.2661 0.1131 
 417 0.0071 0.1256 0.0132 0.0646 0.2846 0.0971 0.2959 0.1119 
 418 0.0081 0.0107 0.0129 0.0649 0.2139 0.0638 0.4954 0.1303 
 419 0.0124 0.0200 0.0365 0.1655 0.2232 0.2044 0.2037 0.1342 
 420 0.0047 0.0100 0.0129 0.0564 0.0960 0.2746 0.4303 0.1151 
 421 0.0083 0.0428 0.0144 0.0675 0.2237 0.1043 0.3630 0.1761 
 422 0.0070 0.0450 0.0142 0.0680 0.2312 0.1669 0.1403 0.3275 
 423 0.0102 0.0284 0.0149 0.0979 0.2697 0.1050 0.2700 0.2038 
 424 0.0094 0.0367 0.0347 0.0966 0.1136 0.1972 0.4089 0.1028 
 425 0.0247 0.0157 0.0746 0.1236 0.3259 0.0911 0.1873 0.1571 
 426 0.0361 0.0506 0.0497 0.1251 0.1740 0.0974 0.3424 0.1246 
 427 0.0056 0.0659 0.0115 0.1471 0.2493 0.0907 0.3460 0.0839 
 428 0.0264 0.1183 0.0148 0.1327 0.1815 0.2209 0.1324 0.1730 
 429 0.0068 0.0160 0.0106 0.0515 0.3327 0.0647 0.4243 0.0934 
 430 0.0062 0.0758 0.0133 0.0599 0.3736 0.1395 0.2056 0.1261 
 431 0.0118 0.0247 0.0269 0.1143 0.1267 0.0782 0.3571 0.2603 
 432 0.0067 0.0107 0.0153 0.0935 0.1865 0.0863 0.3486 0.2525 
 433 0.0134 0.0102 0.0159 0.2530 0.1310 0.1547 0.1631 0.2587 
 434 0.0067 0.0106 0.0202 0.1142 0.3153 0.1552 0.1550 0.2228 
 435 0.0052 0.1409 0.0104 0.0575 0.2352 0.0980 0.3612 0.0916 
 436 0.0085 0.2579 0.0137 0.0837 0.1988 0.1348 0.2440 0.0586 
 437 0.0085 0.0231 0.0108 0.0626 0.5335 0.0700 0.1795 0.1119 
 438 0.0060 0.1232 0.0119 0.0762 0.1095 0.3882 0.2085 0.0766 
 439 0.0058 0.1662 0.0125 0.0710 0.3294 0.1411 0.2092 0.0648 
 440 0.0045 0.2605 0.0144 0.0483 0.1937 0.0742 0.3263 0.0782 
 441 0.0062 0.0386 0.0140 0.1067 0.3415 0.1764 0.2221 0.0946 
 442 0.0070 0.0106 0.0342 0.0610 0.3344 0.1221 0.3166 0.1141 
 443 0.0046 0.0296 0.0178 0.0512 0.1145 0.2325 0.4569 0.0928 
 444 0.0065 0.0218 0.0323 0.0608 0.3317 0.1349 0.3087 0.1034 
 445 0.0517 0.0248 0.0124 0.0784 0.2028 0.4447 0.1049 0.0803 
 446 0.0585 0.0825 0.0123 0.0620 0.2051 0.1219 0.3981 0.0596 
 447 0.0068 0.1779 0.0482 0.1018 0.1767 0.2024 0.1946 0.0916 
 448 0.0056 0.0362 0.0139 0.0655 0.3700 0.1050 0.2912 0.1127 
 449 0.0061 0.0378 0.0149 0.0944 0.3574 0.1456 0.2229 0.1209 
 450 0.0087 0.0117 0.0156 0.0943 0.5288 0.0845 0.1859 0.0705 
 451 0.0056 0.0161 0.0153 0.0490 0.1197 0.0673 0.5978 0.1292 
 452 0.0064 0.0189 0.0126 0.0891 0.4645 0.0805 0.2521 0.0759 
 453 0.0048 0.0123 0.0186 0.0633 0.0957 0.5255 0.1642 0.1156 
 454 0.0052 0.0514 0.0127 0.1069 0.3371 0.1005 0.2632 0.1229 
 455 0.0048 0.1792 0.0129 0.0548 0.1777 0.2275 0.2737 0.0694 
 456 0.0062 0.0445 0.0160 0.0544 0.2873 0.2220 0.2602 0.1095 
 457 0.0064 0.0410 0.0112 0.0682 0.5352 0.0853 0.1629 0.0897 
 458 0.0525 0.0407 0.0129 0.0664 0.3899 0.1496 0.2114 0.0765 
 459 0.0054 0.0442 0.0130 0.1061 0.1658 0.2333 0.3726 0.0596 
 460 0.0050 0.0366 0.0125 0.0585 0.1628 0.1225 0.5363 0.0658 
 461 0.0075 0.0122 0.0126 0.0615 0.1659 0.0774 0.6008 0.0622 
 462 0.0092 0.0236 0.0654 0.0449 0.3117 0.1828 0.2173 0.1450 
 463 0.0046 0.1884 0.0119 0.0658 0.1075 0.3699 0.1204 0.1314 
 464 0.0045 0.0339 0.0114 0.0551 0.1262 0.1763 0.5150 0.0775 
 465 0.0081 0.0202 0.0139 0.0641 0.1722 0.1937 0.4192 0.1085 
 466 0.0046 0.0366 0.0118 0.0543 0.1257 0.2711 0.3811 0.1148 
 467 0.0061 0.0267 0.0161 0.0755 0.2223 0.2841 0.2336 0.1356 
 468 0.0057 0.2568 0.0111 0.0544 0.2941 0.1442 0.1372 0.0965 
 469 0.0050 0.4203 0.0131 0.0593 0.1913 0.1000 0.1497 0.0615 
 470 0.0049 0.2138 0.0100 0.0597 0.1727 0.0907 0.3768 0.0713 
 471 0.0065 0.0153 0.0307 0.0627 0.2430 0.2234 0.2732 0.1452 
 472 0.0073 0.0135 0.0187 0.0583 0.3152 0.2447 0.2188 0.1235 
 473 0.0061 0.0460 0.0128 0.0936 0.3228 0.1217 0.2200 0.1770 
 474 0.0054 0.0173 0.0132 0.0815 0.3868 0.1646 0.2437 0.0875 
 475 0.0062 0.0206 0.0134 0.1024 0.1656 0.1970 0.3950 0.0998 
 476 0.0084 0.0243 0.0121 0.0622 0.4240 0.1776 0.2196 0.0718 
 477 0.0073 0.0217 0.0241 0.0839 0.1373 0.2022 0.4435 0.0802 
 478 0.0072 0.0164 0.0242 0.0567 0.1004 0.0830 0.6453 0.0668 
 479 0.0050 0.0524 0.0126 0.0568 0.2814 0.0860 0.4355 0.0704 
 480 0.0062 0.0487 0.0105 0.0635 0.5166 0.0804 0.2019 0.0723 
 481 0.0055 0.0136 0.0304 0.0606 0.3526 0.0961 0.2229 0.2182 
 482 0.0066 0.0204 0.0105 0.0564 0.3780 0.0700 0.3882 0.0699 
 483 0.0067 0.2263 0.0127 0.0740 0.2395 0.1289 0.2442 0.0678 
 484 0.0057 0.1644 0.0174 0.0643 0.1843 0.3137 0.1419 0.1082 
 485 0.0055 0.4794 0.0115 0.0567 0.1069 0.0835 0.1913 0.0653 
 486 0.0108 0.0102 0.0688 0.0861 0.1642 0.1479 0.2198 0.2922 
 487 0.0117 0.0108 0.0612 0.1658 0.2459 0.1490 0.1880 0.1677 
 488 0.0096 0.0115 0.1211 0.1462 0.1461 0.0887 0.2515 0.2253 
 489 0.0110 0.0079 0.0318 0.1306 0.2766 0.2074 0.1114 0.2234 
 490 0.0072 0.0110 0.0329 0.0566 0.1670 0.1644 0.4083 0.1526 
 491 0.0084 0.0086 0.0752 0.1348 0.1388 0.1304 0.1131 0.3908 
 492 0.0053 0.0098 0.0570 0.2383 0.1108 0.2143 0.2395 0.1250 
 493 0.0139 0.0088 0.1660 0.1171 0.1780 0.0814 0.1576 0.2773 
 494 0.0428 0.0158 0.0582 0.1295 0.1732 0.1680 0.1496 0.2629 
 495 0.0351 0.0105 0.1621 0.1643 0.1141 0.1784 0.2416 0.0939 
 496 0.0067 0.0115 0.0124 0.2062 0.1274 0.2908 0.1287 0.2163 
 497 0.0201 0.0086 0.1818 0.1559 0.1655 0.0765 0.1021 0.2896 
 498 0.0116 0.0115 0.1177 0.0785 0.1856 0.1830 0.2167 0.1954 
 499 0.0350 0.0103 0.0380 0.2471 0.1812 0.1414 0.1151 0.2318 
 500 0.0210 0.0172 0.0251 0.0978 0.2810 0.0857 0.1387 0.3336 
 501 0.0125 0.0114 0.0212 0.2008 0.2474 0.1487 0.1923 0.1657 
 502 0.0084 0.0104 0.0481 0.2536 0.1892 0.1238 0.2460 0.1204 
 503 0.0076 0.0129 0.0159 0.0718 0.4465 0.0805 0.1912 0.1736 
 504 0.0091 0.0109 0.1214 0.0790 0.1243 0.1604 0.3430 0.1518 
 505 0.0090 0.0136 0.0410 0.1224 0.1094 0.2206 0.1432 0.3408 
 506 0.0072 0.0084 0.0550 0.2078 0.1442 0.1318 0.2427 0.2029 
 507 0.0083 0.0080 0.0123 0.3742 0.0865 0.2370 0.0753 0.1985 
 508 0.0205 0.0079 0.0252 0.3673 0.0768 0.2425 0.0915 0.1683 
 509 0.0079 0.0114 0.0261 0.1787 0.1069 0.1841 0.1280 0.3569 
 510 0.0297 0.0085 0.0226 0.2765 0.2346 0.1245 0.1496 0.1540 
 511 0.0126 0.0377 0.0405 0.0854 0.2066 0.1426 0.2882 0.1864 
 512 0.0078 0.0119 0.0258 0.0622 0.3622 0.0711 0.3145 0.1445 
 513 0.0065 0.0069 0.4970 0.0906 0.0568 0.0991 0.0883 0.1548 
 514 0.0080 0.0099 0.0189 0.1189 0.0970 0.1021 0.4598 0.1854 
 515 0.0142 0.0362 0.0205 0.1909 0.2509 0.1919 0.1449 0.1507 
 516 0.0106 0.0120 0.0227 0.0944 0.1030 0.1789 0.2857 0.2927 
 517 0.0078 0.0263 0.0139 0.1622 0.1092 0.2407 0.2687 0.1712 
 518 0.0742 0.0082 0.0180 0.2132 0.2283 0.0729 0.1223 0.2629 
 519 0.0062 0.0120 0.0251 0.1131 0.1029 0.1500 0.4627 0.1281 
 520 0.0078 0.1690 0.0134 0.2232 0.0917 0.2463 0.1005 0.1480 
 521 0.0058 0.0086 0.0146 0.3012 0.0893 0.0995 0.2154 0.2656 
 522 0.0335 0.0210 0.0199 0.0935 0.2960 0.2199 0.1734 0.1428 
 523 0.0087 0.0173 0.0136 0.1523 0.0723 0.4101 0.1772 0.1485 
 524 0.0085 0.2272 0.0127 0.1294 0.1225 0.1104 0.1902 0.1990 
 525 0.0978 0.0307 0.0132 0.1922 0.1757 0.1911 0.1177 0.1816 
 526 0.0054 0.2712 0.0109 0.0887 0.0887 0.2881 0.0885 0.1585 
 527 0.0803 0.0092 0.0387 0.0968 0.2794 0.0836 0.2659 0.1460 
 528 0.0050 0.0074 0.0125 0.4004 0.0898 0.0945 0.1067 0.2838 
 529 0.0886 0.0082 0.0227 0.1361 0.1292 0.0856 0.1414 0.3881 
 530 0.0074 0.0196 0.0300 0.1183 0.3075 0.2064 0.1705 0.1404 
 531 0.0075 0.0276 0.0164 0.3417 0.1716 0.1627 0.1597 0.1129 
 532 0.0238 0.0082 0.0223 0.2982 0.1579 0.0881 0.1788 0.2228 
 533 0.0691 0.0268 0.0161 0.1034 0.2088 0.1365 0.1578 0.2815 
 534 0.0797 0.0097 0.0365 0.1416 0.0660 0.1876 0.1283 0.3508 
 535 0.0053 0.0211 0.0128 0.0841 0.1017 0.3752 0.2592 0.1406 
 536 0.0069 0.0252 0.0171 0.1297 0.1940 0.3211 0.1300 0.1761 
 537 0.0067 0.0097 0.0188 0.1404 0.1266 0.4384 0.1066 0.1528 
 538 0.0051 0.0172 0.0146 0.1366 0.1127 0.3149 0.1211 0.2779 
 539 0.0049 0.0069 0.0140 0.4354 0.0921 0.1854 0.0805 0.1808 
 540 0.0067 0.0302 0.0157 0.1777 0.1553 0.1855 0.1163 0.3126 
 541 0.0078 0.0133 0.0209 0.3023 0.1641 0.1989 0.1198 0.1729 
 542 0.0056 0.0213 0.0231 0.0626 0.1725 0.3861 0.0949 0.2339 
 543 0.0077 0.0279 0.0263 0.1769 0.0880 0.2636 0.2042 0.2053 
 544 0.0048 0.0157 0.0151 0.0952 0.1193 0.4790 0.1182 0.1527 
 545 0.0052 0.0676 0.0208 0.0564 0.1218 0.4435 0.1352 0.1495 
 546 0.0053 0.0093 0.0274 0.1012 0.1385 0.3016 0.0973 0.3194 
 547 0.0050 0.0176 0.0149 0.0876 0.0729 0.6110 0.1029 0.0881 
 548 0.0054 0.0083 0.0159 0.2205 0.0941 0.0889 0.0972 0.4697 
 549 0.0070 0.0250 0.0129 0.1693 0.1401 0.4808 0.0887 0.0763 
 550 0.0045 0.1127 0.0190 0.0730 0.1076 0.3443 0.2330 0.1059 
 551 0.0077 0.0136 0.0137 0.2897 0.1346 0.3322 0.1149 0.0936 
 552 0.0057 0.0097 0.0137 0.1407 0.1390 0.2458 0.0894 0.3560 
 553 0.0073 0.0189 0.0248 0.1580 0.0667 0.4337 0.1205 0.1701 
 554 0.0118 0.0186 0.0193 0.1407 0.2251 0.1611 0.1631 0.2602 
 555 0.0067 0.0124 0.0451 0.2363 0.0986 0.2846 0.1131 0.2032 
 556 0.0058 0.0096 0.0155 0.1065 0.1257 0.3102 0.1171 0.3097 
 557 0.0048 0.0687 0.0164 0.1008 0.1374 0.3389 0.2325 0.1007 
 558 0.0064 0.0234 0.0103 0.0592 0.3830 0.0695 0.3877 0.0604 
 559 0.0065 0.0089 0.0147 0.0676 0.1336 0.1154 0.2400 0.4134 
 560 0.0048 0.0400 0.0215 0.0449 0.1594 0.0874 0.5363 0.1057 
 561 0.0060 0.0172 0.0240 0.0596 0.2533 0.1207 0.3616 0.1576 
 562 0.0063 0.0251 0.0281 0.0453 0.1740 0.1012 0.4192 0.2009 
 563 0.0091 0.0156 0.0322 0.1358 0.1084 0.2508 0.3789 0.0691 
 564 0.0090 0.0189 0.0146 0.0828 0.1239 0.1050 0.1577 0.4881 
 565 0.0056 0.0466 0.0115 0.0633 0.5546 0.0855 0.1462 0.0866 
 566 0.0043 0.0208 0.0137 0.0486 0.1294 0.0642 0.6382 0.0807 
 567 0.0064 0.0150 0.0212 0.0578 0.1177 0.0851 0.1910 0.5058 
 568 0.0058 0.0186 0.0111 0.0786 0.1412 0.1487 0.3724 0.2237 
 569 0.0077 0.0249 0.0142 0.0912 0.2221 0.1691 0.3402 0.1306 
 570 0.0087 0.0239 0.0107 0.0518 0.4028 0.0584 0.3461 0.0976 
 571 0.0051 0.0198 0.0120 0.0755 0.0898 0.0726 0.5842 0.1410 
 572 0.0042 0.0211 0.0214 0.1476 0.1488 0.3731 0.1288 0.1550 
 573 0.0072 0.1721 0.0130 0.0807 0.1043 0.0791 0.1449 0.3988 
 574 0.0076 0.0219 0.0162 0.1469 0.3725 0.1332 0.1626 0.1392 
 575 0.0059 0.0132 0.0127 0.1235 0.1285 0.1710 0.3982 0.1470 
 576 0.0051 0.0189 0.0275 0.0504 0.1509 0.0578 0.5994 0.0900 
 577 0.0091 0.0115 0.0164 0.1315 0.3745 0.1314 0.1865 0.1391 
 578 0.0055 0.0348 0.0260 0.0710 0.1517 0.0942 0.4767 0.1401 
 579 0.0060 0.0160 0.0340 0.0652 0.2997 0.1011 0.2445 0.2336 
 580 0.0060 0.0192 0.0131 0.0934 0.4523 0.0960 0.1878 0.1321 
 581 0.0053 0.0223 0.0130 0.0813 0.2819 0.0923 0.3963 0.1077 
 582 0.0063 0.0294 0.0118 0.0506 0.2817 0.1401 0.3867 0.0933 
 583 0.0516 0.0208 0.0159 0.0740 0.1170 0.0716 0.5143 0.1348 
 584 0.0071 0.0140 0.0154 0.0571 0.1798 0.0642 0.5653 0.0971 
 585 0.0064 0.0243 0.0317 0.0613 0.2336 0.0943 0.4295 0.1189 
 586 0.0053 0.0096 0.0150 0.0774 0.1028 0.1337 0.4695 0.1866 
 587 0.0092 0.0101 0.0184 0.0507 0.3336 0.1242 0.2091 0.2446 
 588 0.0070 0.0075 0.0200 0.0598 0.0646 0.1155 0.0879 0.6376 
 589 0.0062 0.1402 0.0155 0.0582 0.2259 0.1289 0.2812 0.1439 
 590 0.0068 0.0085 0.0250 0.0685 0.1548 0.0737 0.3978 0.2650 
 591 0.0055 0.0105 0.0137 0.0791 0.1186 0.0748 0.5348 0.1630 
 592 0.0045 0.0231 0.0136 0.0557 0.1204 0.1464 0.3805 0.2558 
 593 0.0056 0.0284 0.0120 0.0949 0.1480 0.1236 0.3846 0.2030 
 594 0.0548 0.0133 0.0231 0.1339 0.1286 0.0917 0.3246 0.2300 
 595 0.0082 0.0092 0.0729 0.0518 0.3746 0.0568 0.2353 0.1913 
 596 0.0045 0.1376 0.0204 0.0907 0.1100 0.1028 0.1727 0.3613 
 597 0.0083 0.0201 0.0161 0.2240 0.0702 0.0943 0.4363 0.1306 
 598 0.0078 0.0291 0.0106 0.0570 0.4582 0.0627 0.3039 0.0706 
 599 0.0059 0.0158 0.0115 0.0488 0.1275 0.0927 0.5337 0.1640 
 600 0.0047 0.0178 0.0149 0.0941 0.3964 0.1677 0.1632 0.1412 
 601 0.0045 0.0150 0.0145 0.0476 0.2072 0.1362 0.4526 0.1225 
 602 0.0076 0.0116 0.0237 0.1436 0.1656 0.1048 0.1997 0.3434 
 603 0.0060 0.0097 0.0182 0.1337 0.1477 0.0968 0.1850 0.4029 
 604 0.0130 0.0504 0.0322 0.1052 0.3983 0.1036 0.1286 0.1687 
 605 0.0061 0.0187 0.0201 0.0785 0.2348 0.1321 0.2581 0.2515 
 606 0.0101 0.0161 0.0172 0.1318 0.2445 0.1421 0.1489 0.2895 
 607 0.0069 0.0155 0.0184 0.2201 0.2883 0.0756 0.1672 0.2080 
 608 0.0057 0.0169 0.0111 0.3711 0.1612 0.1158 0.2150 0.1032 
 609 0.0092 0.0162 0.0192 0.0869 0.3869 0.1657 0.2062 0.1097 
 610 0.0061 0.1685 0.0190 0.0793 0.2453 0.1829 0.1462 0.1527 
 611 0.0078 0.0126 0.0189 0.1538 0.1376 0.1787 0.2379 0.2527 
 612 0.0128 0.0496 0.0138 0.0646 0.4792 0.1621 0.1297 0.0883 
 613 0.0372 0.0229 0.0210 0.0892 0.2692 0.1704 0.1973 0.1929 
 614 0.0062 0.0143 0.0223 0.0597 0.5773 0.0753 0.1104 0.1346 
 615 0.0056 0.0338 0.0132 0.1000 0.4838 0.1080 0.1083 0.1474 
 616 0.0054 0.0096 0.0160 0.1595 0.3294 0.0704 0.1869 0.2228 
 617 0.0146 0.0301 0.1022 0.0695 0.3413 0.1096 0.1763 0.1564 
 618 0.0119 0.0672 0.0301 0.1747 0.3270 0.1164 0.1090 0.1637 
 619 0.0047 0.0261 0.0119 0.1362 0.1301 0.1487 0.3310 0.2113 
 620 0.0046 0.0199 0.0146 0.0452 0.1020 0.1164 0.3596 0.3378 
 621 0.0089 0.0133 0.0176 0.0714 0.2867 0.0747 0.4270 0.1004 
 622 0.0136 0.0527 0.0761 0.1129 0.2604 0.0992 0.1198 0.2654 
 623 0.0050 0.0191 0.0166 0.0730 0.1820 0.0931 0.3428 0.2683 
 624 0.0089 0.0483 0.0129 0.1795 0.3660 0.0942 0.1743 0.1158 
 625 0.0159 0.0229 0.0487 0.1525 0.3698 0.0833 0.1792 0.1277 
 626 0.0280 0.0394 0.0126 0.2279 0.1719 0.3290 0.0746 0.1166 
 627 0.0047 0.0122 0.0198 0.0836 0.2562 0.1339 0.2277 0.2618 
 628 0.0051 0.0117 0.0299 0.0913 0.1659 0.0791 0.2689 0.3482 
 629 0.0058 0.0101 0.0243 0.1105 0.2934 0.0932 0.2491 0.2135 
 630 0.0136 0.0216 0.0210 0.0832 0.4039 0.0979 0.2350 0.1240 
 631 0.0056 0.0127 0.0141 0.0869 0.4048 0.0764 0.1736 0.2260 
 632 0.0054 0.0134 0.0206 0.1888 0.1716 0.1613 0.1083 0.3306 
 633 0.0068 0.0250 0.0219 0.1405 0.3524 0.0961 0.2112 0.1460 
 634 0.0061 0.0136 0.0129 0.1604 0.2063 0.1428 0.1883 0.2695 
 635 0.0057 0.0137 0.0128 0.3357 0.2118 0.1397 0.1159 0.1647 
 636 0.0080 0.0184 0.0143 0.2136 0.3173 0.0993 0.2135 0.1156 
 637 0.0063 0.0148 0.0227 0.0896 0.1763 0.3741 0.1448 0.1714 
 638 0.0067 0.0119 0.0168 0.1434 0.2577 0.0837 0.2224 0.2573 
 639 0.0063 0.0186 0.0223 0.1163 0.4131 0.0907 0.1299 0.2028 
 640 0.0064 0.0114 0.0340 0.1026 0.2208 0.0680 0.4087 0.1480 
 641 0.0110 0.0127 0.0190 0.1041 0.3057 0.0790 0.1815 0.2871 
 642 0.0067 0.0122 0.0141 0.2414 0.1436 0.3109 0.1139 0.1573 
 643 0.0064 0.0077 0.0138 0.4685 0.1180 0.1387 0.1199 0.1270 
 644 0.0059 0.0099 0.0162 0.4158 0.1113 0.1452 0.1588 0.1370 
 645 0.0119 0.0621 0.0222 0.3631 0.1947 0.1482 0.0734 0.1244 
