   1 0.0085 0.0131 0.0575 0.0921 0.2713 0.1560 0.1127 0.2889 
   2 0.0052 0.0069 0.0125 0.0401 0.0937 0.1153 0.5826 0.1436 
   3 0.0097 0.0158 0.0360 0.0553 0.2589 0.1229 0.1148 0.3866 
   4 0.0116 0.0166 0.0240 0.3329 0.2216 0.1364 0.1308 0.1260 
   5 0.0077 0.0075 0.0140 0.0489 0.0820 0.1370 0.5185 0.1845 
   6 0.0076 0.0079 0.0152 0.0681 0.0780 0.1229 0.1218 0.5787 
   7 0.0083 0.0104 0.0126 0.0478 0.0938 0.3973 0.1026 0.3272 
   8 0.0370 0.0178 0.0233 0.2239 0.1771 0.1624 0.1007 0.2578 
   9 0.0145 0.0093 0.0196 0.0494 0.2010 0.1353 0.2734 0.2974 
  10 0.0122 0.0092 0.0130 0.1828 0.1122 0.1823 0.1143 0.3740 
  11 0.0054 0.0105 0.0150 0.0402 0.1037 0.4013 0.0997 0.3242 
  12 0.0070 0.0074 0.0162 0.0711 0.1257 0.1497 0.4135 0.2093 
  13 0.0097 0.0087 0.0198 0.0534 0.1736 0.1964 0.2289 0.3096 
  14 0.0055 0.0169 0.0420 0.0834 0.1484 0.1089 0.3748 0.2201 
  15 0.0073 0.0266 0.0198 0.1274 0.2266 0.1826 0.2209 0.1888 
  16 0.0056 0.0101 0.0248 0.0447 0.1594 0.1581 0.1016 0.4955 
  17 0.0166 0.0107 0.0373 0.0642 0.1427 0.1591 0.2090 0.3603 
  18 0.0184 0.0210 0.0254 0.0826 0.1445 0.0998 0.2939 0.3145 
  19 0.0070 0.0083 0.0132 0.0560 0.1284 0.1562 0.1526 0.4782 
  20 0.0071 0.0191 0.0200 0.0756 0.1371 0.2725 0.2401 0.2286 
  21 0.0065 0.0110 0.0335 0.1268 0.2120 0.1170 0.2751 0.2181 
  22 0.0101 0.0082 0.0187 0.0523 0.1763 0.1077 0.1233 0.5034 
  23 0.0168 0.0231 0.0406 0.0714 0.3412 0.1310 0.2184 0.1575 
  24 0.0057 0.0105 0.0225 0.0653 0.3159 0.1411 0.1126 0.3265 
  25 0.0077 0.0159 0.0191 0.0404 0.0756 0.2378 0.2173 0.3862 
  26 0.0122 0.0128 0.0195 0.1004 0.1914 0.1382 0.2188 0.3068 
  27 0.0083 0.0090 0.0395 0.0643 0.1666 0.1391 0.1932 0.3800 
  28 0.0068 0.0103 0.0221 0.2747 0.1342 0.1909 0.1401 0.2211 
  29 0.0048 0.0073 0.0188 0.0417 0.1749 0.2673 0.2603 0.2249 
  30 0.0062 0.0090 0.0244 0.0432 0.1613 0.1047 0.1516 0.4996 
  31 0.0243 0.0083 0.0345 0.1581 0.1150 0.2131 0.2184 0.2283 
  32 0.0070 0.0154 0.0194 0.1012 0.2041 0.1323 0.2164 0.3041 
  33 0.0063 0.0096 0.0232 0.0463 0.2848 0.1856 0.1231 0.3211 
  34 0.0147 0.0133 0.0178 0.1401 0.0740 0.3376 0.0991 0.3034 
  35 0.0296 0.0071 0.0529 0.0371 0.1612 0.1280 0.3069 0.2772 
  36 0.0056 0.0686 0.1644 0.0390 0.2081 0.1191 0.1644 0.2308 
  37 0.0088 0.0083 0.0227 0.0617 0.3254 0.1365 0.2374 0.1992 
  38 0.0073 0.2440 0.0346 0.0306 0.1064 0.2537 0.1389 0.1846 
  39 0.0119 0.0190 0.0461 0.0485 0.1365 0.2352 0.2254 0.2774 
  40 0.0053 0.0142 0.0977 0.0466 0.3484 0.0893 0.1870 0.2115 
  41 0.0118 0.0168 0.1969 0.0311 0.1800 0.2070 0.1283 0.2280 
  42 0.0061 0.0329 0.0990 0.0498 0.4323 0.1104 0.1028 0.1667 
  43 0.0096 0.0075 0.1101 0.0479 0.2568 0.1654 0.2543 0.1486 
  44 0.0113 0.0063 0.2060 0.0295 0.1485 0.1224 0.2432 0.2328 
  45 0.0080 0.0401 0.1119 0.0312 0.1313 0.1479 0.3243 0.2053 
  46 0.0171 0.0091 0.0438 0.0555 0.0995 0.1692 0.2609 0.3449 
  47 0.0428 0.0073 0.0312 0.0564 0.1820 0.1507 0.2087 0.3209 
  48 0.0177 0.0101 0.1600 0.0312 0.1688 0.0886 0.3191 0.2045 
  49 0.0164 0.0110 0.0546 0.0454 0.1930 0.1693 0.2433 0.2670 
  50 0.0166 0.0099 0.0277 0.0973 0.0727 0.2266 0.1699 0.3791 
  51 0.0048 0.0293 0.4423 0.0305 0.1249 0.1017 0.1463 0.1201 
  52 0.0170 0.0093 0.0618 0.0571 0.1691 0.2576 0.1435 0.2844 
  53 0.0093 0.0850 0.0359 0.0632 0.1586 0.1817 0.1217 0.3447 
  54 0.0157 0.0059 0.0395 0.0545 0.2060 0.1374 0.3831 0.1580 
  55 0.0092 0.0075 0.0829 0.0422 0.1620 0.1216 0.4398 0.1347 
  56 0.0103 0.0190 0.0490 0.0467 0.2130 0.0953 0.3117 0.2550 
  57 0.0321 0.0106 0.0152 0.1647 0.1795 0.1784 0.1271 0.2925 
  58 0.0076 0.0170 0.0597 0.0410 0.2402 0.1640 0.3000 0.1706 
  59 0.0093 0.0670 0.0746 0.0434 0.1768 0.1699 0.2369 0.2222 
  60 0.0052 0.0222 0.1499 0.0835 0.2687 0.1259 0.1877 0.1570 
  61 0.0051 0.0063 0.1029 0.0570 0.2148 0.1099 0.4122 0.0918 
  62 0.0409 0.0087 0.0229 0.0680 0.1171 0.1487 0.3333 0.2604 
  63 0.0048 0.0104 0.0398 0.0532 0.2663 0.2418 0.2075 0.1762 
  64 0.0103 0.0229 0.0169 0.0377 0.1140 0.1420 0.2356 0.4205 
  65 0.0076 0.0083 0.0175 0.0364 0.0793 0.4003 0.2514 0.1993 
  66 0.0058 0.0088 0.0208 0.0931 0.2307 0.1789 0.3192 0.1427 
  67 0.0080 0.0064 0.1108 0.0368 0.1376 0.1438 0.4205 0.1360 
  68 0.0104 0.0667 0.0894 0.0497 0.1995 0.1554 0.2238 0.2050 
  69 0.0185 0.1476 0.0995 0.1587 0.0781 0.1953 0.1245 0.1777 
  70 0.0048 0.0202 0.1357 0.0482 0.2740 0.2534 0.1063 0.1573 
  71 0.0084 0.0501 0.1388 0.0313 0.0971 0.1735 0.2975 0.2032 
  72 0.0071 0.0154 0.0714 0.0388 0.1483 0.1606 0.1558 0.4025 
  73 0.0079 0.0135 0.0595 0.0365 0.1173 0.1804 0.4541 0.1307 
  74 0.0052 0.0674 0.0909 0.0451 0.3263 0.1001 0.1462 0.2188 
  75 0.0066 0.0350 0.0958 0.0507 0.4044 0.0789 0.1545 0.1741 
  76 0.0063 0.0078 0.0667 0.0407 0.1722 0.2779 0.2605 0.1679 
  77 0.0066 0.0481 0.1285 0.0280 0.1510 0.2436 0.1930 0.2014 
  78 0.0077 0.1904 0.0832 0.0283 0.1617 0.2259 0.1409 0.1619 
  79 0.0057 0.0102 0.0121 0.0487 0.1162 0.2784 0.1953 0.3335 
  80 0.0061 0.0082 0.0138 0.1204 0.4353 0.1561 0.1265 0.1336 
  81 0.0060 0.0093 0.0115 0.1486 0.2975 0.2077 0.1395 0.1799 
  82 0.0055 0.0084 0.0247 0.0588 0.2269 0.1925 0.3332 0.1500 
  83 0.0052 0.0195 0.0208 0.1154 0.2382 0.2142 0.1664 0.2203 
  84 0.0051 0.0093 0.0132 0.1108 0.2155 0.2701 0.1505 0.2254 
  85 0.0053 0.0209 0.0182 0.1195 0.2586 0.1446 0.1516 0.2812 
  86 0.0103 0.0102 0.0306 0.0466 0.1056 0.1635 0.4557 0.1775 
  87 0.0061 0.0190 0.0205 0.0580 0.1272 0.4257 0.1551 0.1884 
  88 0.0055 0.0087 0.0132 0.0769 0.3376 0.2116 0.1862 0.1602 
  89 0.0068 0.0088 0.0128 0.1183 0.3440 0.1648 0.1876 0.1568 
  90 0.0053 0.0088 0.0122 0.0579 0.1327 0.4021 0.2078 0.1731 
  91 0.0053 0.0215 0.0197 0.1262 0.3950 0.1345 0.1168 0.1811 
  92 0.0058 0.0093 0.0129 0.0652 0.1832 0.2337 0.2477 0.2422 
  93 0.0057 0.0074 0.0152 0.3456 0.2959 0.0962 0.1126 0.1213 
  94 0.0050 0.0293 0.0241 0.0493 0.1076 0.5049 0.0881 0.1918 
  95 0.0051 0.0085 0.0128 0.0757 0.2485 0.3639 0.1620 0.1235 
  96 0.0051 0.0069 0.0610 0.0613 0.3275 0.1165 0.3251 0.0965 
  97 0.0070 0.0415 0.0596 0.0530 0.3205 0.0866 0.2175 0.2144 
  98 0.0046 0.0079 0.0471 0.0364 0.2580 0.1303 0.2752 0.2405 
  99 0.0052 0.0089 0.0123 0.1044 0.1977 0.2982 0.1771 0.1962 
 100 0.0063 0.0064 0.0148 0.0929 0.4894 0.0799 0.2168 0.0934 
 101 0.0074 0.0229 0.0275 0.0777 0.2011 0.2976 0.1901 0.1757 
 102 0.0075 0.0160 0.0381 0.1027 0.3392 0.2491 0.1252 0.1223 
 103 0.0074 0.0070 0.0179 0.1128 0.1152 0.2180 0.4045 0.1173 
 104 0.0060 0.0071 0.0173 0.1215 0.0567 0.4667 0.1895 0.1353 
 105 0.0090 0.0063 0.0188 0.1688 0.0750 0.3610 0.2564 0.1047 
 106 0.0053 0.0118 0.0192 0.0291 0.0660 0.4873 0.1346 0.2465 
 107 0.0072 0.0076 0.0206 0.1007 0.1134 0.3407 0.2925 0.1172 
 108 0.0047 0.1671 0.0513 0.0492 0.0792 0.1003 0.4343 0.1139 
 109 0.0266 0.0254 0.0233 0.0366 0.0634 0.4338 0.2141 0.1767 
 110 0.0056 0.0128 0.0170 0.0331 0.0722 0.5431 0.0958 0.2205 
 111 0.0080 0.0086 0.0177 0.0531 0.0773 0.5373 0.1904 0.1076 
 112 0.0125 0.0111 0.0372 0.0357 0.0739 0.6089 0.1018 0.1188 
 113 0.0071 0.0194 0.0271 0.0600 0.1330 0.1509 0.4053 0.1972 
 114 0.0060 0.0064 0.0143 0.1493 0.0636 0.4564 0.1862 0.1177 
 115 0.0073 0.0091 0.0675 0.0466 0.1291 0.4251 0.1811 0.1342 
 116 0.0080 0.0287 0.0550 0.0305 0.0892 0.3838 0.2154 0.1893 
 117 0.0096 0.0117 0.0324 0.0373 0.1017 0.5256 0.0929 0.1887 
 118 0.0068 0.0124 0.0165 0.0437 0.0798 0.2082 0.5236 0.1090 
 119 0.0047 0.0142 0.0954 0.0667 0.3245 0.1964 0.1799 0.1183 
 120 0.0082 0.0087 0.0298 0.0610 0.1197 0.4107 0.2316 0.1304 
 121 0.0210 0.0119 0.1416 0.0364 0.0917 0.4037 0.1571 0.1365 
 122 0.0060 0.0101 0.0169 0.0485 0.0723 0.4458 0.1767 0.2237 
 123 0.0061 0.0132 0.0255 0.0627 0.0976 0.4663 0.1780 0.1506 
 124 0.0118 0.0121 0.0729 0.0423 0.0790 0.3255 0.2174 0.2391 
 125 0.0082 0.0217 0.0674 0.0366 0.1171 0.3187 0.0979 0.3323 
 126 0.0044 0.0121 0.0517 0.0567 0.1309 0.3911 0.1764 0.1767 
 127 0.0059 0.0068 0.0187 0.0525 0.0816 0.5227 0.2144 0.0974 
 128 0.0060 0.0065 0.0171 0.0419 0.0811 0.1804 0.5469 0.1200 
 129 0.0100 0.0070 0.0182 0.0450 0.0652 0.3307 0.4088 0.1150 
 130 0.0090 0.0070 0.0145 0.1017 0.0985 0.4202 0.2232 0.1258 
 131 0.0115 0.0770 0.1011 0.0360 0.0727 0.3262 0.1320 0.2434 
 132 0.0076 0.0095 0.0198 0.0377 0.0612 0.3719 0.2840 0.2083 
 133 0.0098 0.0113 0.0249 0.0642 0.0948 0.3519 0.3128 0.1303 
 134 0.0055 0.0087 0.0148 0.0266 0.0554 0.6293 0.1008 0.1590 
 135 0.0087 0.0105 0.0485 0.1454 0.3505 0.0906 0.2419 0.1038 
 136 0.0090 0.0077 0.0155 0.3558 0.2683 0.0725 0.1243 0.1468 
 137 0.0059 0.0079 0.0145 0.2109 0.4400 0.1281 0.0845 0.1082 
 138 0.0057 0.0101 0.0240 0.5236 0.1486 0.0766 0.0888 0.1226 
 139 0.0059 0.0091 0.0278 0.1901 0.1293 0.0843 0.4095 0.1439 
 140 0.0061 0.0110 0.0332 0.1972 0.2630 0.1373 0.1754 0.1768 
 141 0.0075 0.0106 0.0197 0.4180 0.1214 0.0782 0.1382 0.2064 
 142 0.0072 0.0097 0.0614 0.2086 0.2421 0.0867 0.2805 0.1038 
 143 0.0049 0.0066 0.0146 0.1767 0.5556 0.0672 0.0873 0.0870 
 144 0.0054 0.0076 0.0162 0.1618 0.5133 0.1204 0.0847 0.0907 
 145 0.0106 0.0100 0.0255 0.1992 0.2577 0.0799 0.1873 0.2297 
 146 0.0100 0.0109 0.0207 0.2624 0.2185 0.1470 0.1258 0.2046 
 147 0.0062 0.0072 0.0141 0.3693 0.3489 0.0700 0.0816 0.1027 
 148 0.0066 0.0071 0.0319 0.3353 0.1551 0.1132 0.2009 0.1499 
 149 0.0080 0.0113 0.0356 0.3792 0.2100 0.0787 0.1482 0.1290 
 150 0.0076 0.0076 0.0176 0.2252 0.2911 0.1738 0.1503 0.1267 
 151 0.0060 0.0069 0.0156 0.2138 0.4358 0.0909 0.1265 0.1046 
 152 0.0074 0.0154 0.0607 0.2975 0.1749 0.1025 0.1791 0.1625 
 153 0.0053 0.0100 0.0390 0.4239 0.1762 0.1044 0.0995 0.1417 
 154 0.0097 0.0074 0.0243 0.4516 0.1394 0.0711 0.1686 0.1280 
 155 0.0052 0.0065 0.0152 0.5384 0.1310 0.0939 0.1084 0.1014 
 156 0.0053 0.0068 0.0465 0.3170 0.2720 0.1058 0.1601 0.0866 
 157 0.0050 0.0078 0.0129 0.3993 0.1902 0.1764 0.0897 0.1187 
 158 0.0109 0.0109 0.0222 0.2194 0.2893 0.0812 0.1398 0.2264 
 159 0.0076 0.0074 0.0123 0.4627 0.2490 0.0686 0.0968 0.0955 
 160 0.0085 0.0075 0.0122 0.5148 0.1729 0.0692 0.1183 0.0966 
 161 0.0055 0.0100 0.0186 0.1111 0.4720 0.1021 0.1136 0.1671 
 162 0.0120 0.0100 0.0227 0.2882 0.1352 0.1409 0.1807 0.2102 
 163 0.0050 0.0065 0.0258 0.5020 0.1752 0.0925 0.1000 0.0929 
 164 0.0100 0.0083 0.0147 0.3519 0.1306 0.1218 0.2154 0.1474 
 165 0.0069 0.0074 0.0173 0.1977 0.3785 0.1668 0.1193 0.1061 
 166 0.0057 0.0206 0.0321 0.3531 0.1523 0.1800 0.1318 0.1245 
 167 0.0138 0.0083 0.0166 0.5392 0.0816 0.0953 0.1027 0.1426 
 168 0.0060 0.0264 0.0330 0.3812 0.1989 0.0946 0.1032 0.1568 
 169 0.0120 0.0330 0.0340 0.1587 0.2250 0.0769 0.1254 0.3350 
 170 0.0048 0.0068 0.0225 0.0662 0.5717 0.0904 0.1384 0.0991 
 171 0.0060 0.0174 0.0245 0.3255 0.1678 0.1001 0.1788 0.1799 
 172 0.0074 0.0341 0.0865 0.1881 0.2801 0.0758 0.1422 0.1857 
 173 0.0072 0.0065 0.0132 0.4935 0.1554 0.0687 0.1584 0.0972 
 174 0.0059 0.0070 0.0118 0.4803 0.1703 0.0948 0.1087 0.1212 
 175 0.0070 0.0068 0.0198 0.1917 0.4604 0.0687 0.0957 0.1499 
 176 0.0056 0.0073 0.0161 0.1625 0.5105 0.1222 0.0855 0.0902 
 177 0.0061 0.0120 0.0181 0.3548 0.1426 0.1969 0.1000 0.1694 
 178 0.0063 0.0067 0.0130 0.4624 0.1185 0.0931 0.1221 0.1779 
 179 0.0052 0.0065 0.0129 0.5691 0.1350 0.0686 0.1006 0.1021 
 180 0.0120 0.0113 0.0293 0.2691 0.2675 0.1118 0.1161 0.1830 
 181 0.0088 0.0098 0.0242 0.1749 0.3490 0.0801 0.2117 0.1415 
 182 0.0090 0.0071 0.0175 0.1938 0.4044 0.0717 0.2071 0.0893 
 183 0.0060 0.0067 0.0160 0.3386 0.3359 0.0710 0.1199 0.1059 
 184 0.0084 0.0102 0.0136 0.0403 0.0977 0.1006 0.5630 0.1662 
 185 0.0051 0.0068 0.0739 0.3652 0.2831 0.0691 0.1206 0.0762 
 186 0.0072 0.0067 0.0147 0.0405 0.1015 0.1562 0.4812 0.1921 
 187 0.0050 0.0076 0.0184 0.1892 0.1673 0.0993 0.3791 0.1340 
 188 0.0077 0.0061 0.0146 0.0341 0.0752 0.1211 0.5878 0.1534 
 189 0.0052 0.0295 0.0259 0.0961 0.2957 0.0997 0.1828 0.2651 
 190 0.0050 0.0059 0.0799 0.0871 0.2597 0.0700 0.4230 0.0694 
 191 0.0057 0.0059 0.0129 0.0599 0.1096 0.0848 0.6012 0.1200 
 192 0.0051 0.0075 0.0128 0.0854 0.2710 0.1265 0.3397 0.1520 
 193 0.0055 0.0076 0.0179 0.0705 0.2435 0.1068 0.3733 0.1750 
 194 0.0056 0.0076 0.0224 0.0690 0.3264 0.1175 0.3187 0.1329 
 195 0.0056 0.0060 0.0304 0.1396 0.2875 0.0676 0.3771 0.0863 
 196 0.0046 0.0084 0.0291 0.0797 0.2000 0.0900 0.5010 0.0872 
 197 0.0072 0.0071 0.0287 0.1380 0.1219 0.1650 0.2825 0.2496 
 198 0.0049 0.0092 0.0243 0.0731 0.2051 0.1550 0.2787 0.2498 
 199 0.0056 0.0112 0.0324 0.0503 0.3295 0.0983 0.3775 0.0952 
 200 0.0053 0.0140 0.0332 0.0762 0.1724 0.0910 0.4651 0.1428 
 201 0.0048 0.0061 0.0193 0.3252 0.1681 0.0770 0.2963 0.1032 
 202 0.0047 0.0058 0.0290 0.0908 0.5026 0.0914 0.1913 0.0844 
 203 0.0059 0.0060 0.0167 0.2407 0.2063 0.0696 0.3687 0.0862 
 204 0.0059 0.0059 0.0235 0.0684 0.1838 0.0708 0.5611 0.0808 
 205 0.0051 0.0106 0.0245 0.0615 0.1515 0.0888 0.5490 0.1089 
 206 0.0062 0.0059 0.0173 0.0899 0.1592 0.0697 0.5517 0.1002 
 207 0.0050 0.0057 0.0197 0.0417 0.1451 0.0910 0.6040 0.0877 
 208 0.0050 0.0059 0.0198 0.2121 0.1116 0.0798 0.4731 0.0927 
 209 0.0053 0.0062 0.0176 0.0617 0.1743 0.0927 0.5111 0.1311 
 210 0.0050 0.0060 0.0161 0.0845 0.1566 0.0838 0.5524 0.0956 
 211 0.0076 0.0061 0.0362 0.0683 0.2514 0.1216 0.4246 0.0840 
 212 0.0047 0.0063 0.0299 0.1295 0.4285 0.0771 0.1921 0.1319 
 213 0.0052 0.0092 0.0514 0.0524 0.2479 0.1633 0.3346 0.1361 
 214 0.0051 0.0060 0.0177 0.1073 0.4139 0.0738 0.2812 0.0951 
 215 0.0049 0.0099 0.0170 0.0549 0.0950 0.0914 0.6307 0.0961 
 216 0.0084 0.0095 0.0159 0.0486 0.1395 0.1217 0.4398 0.2166 
 217 0.0050 0.0095 0.0201 0.1249 0.3500 0.0743 0.3109 0.1052 
 218 0.0056 0.0095 0.0137 0.0692 0.1535 0.0958 0.5375 0.1152 
 219 0.0100 0.0158 0.0168 0.1217 0.2270 0.1017 0.2832 0.2239 
 220 0.0054 0.0058 0.0144 0.0582 0.1121 0.0772 0.6372 0.0897 
 221 0.0049 0.0059 0.0276 0.0620 0.6226 0.0636 0.1359 0.0775 
 222 0.0079 0.0091 0.0168 0.0716 0.1904 0.1223 0.3041 0.2778 
 223 0.0048 0.0097 0.0200 0.2125 0.2147 0.1080 0.2647 0.1656 
 224 0.0062 0.0058 0.0150 0.1226 0.2723 0.0713 0.4082 0.0985 
 225 0.0051 0.0076 0.0247 0.0690 0.2004 0.0866 0.5043 0.1024 
 226 0.0069 0.0951 0.0158 0.0753 0.1827 0.0991 0.3744 0.1508 
 227 0.0049 0.0061 0.0514 0.1194 0.2718 0.1003 0.3568 0.0893 
 228 0.0063 0.0066 0.0794 0.1381 0.2655 0.0699 0.3547 0.0794 
 229 0.0063 0.0059 0.0126 0.1184 0.3028 0.0797 0.3687 0.1057 
 230 0.0062 0.0060 0.0126 0.0882 0.2512 0.0745 0.4700 0.0913 
 231 0.0060 0.0062 0.0137 0.1479 0.1949 0.0783 0.4096 0.1434 
 232 0.0065 0.0107 0.0280 0.0595 0.3877 0.1212 0.2338 0.1527 
 233 0.0057 0.0061 0.0148 0.3251 0.2162 0.0746 0.2590 0.0985 
 234 0.0046 0.0072 0.0145 0.1030 0.1695 0.1163 0.3871 0.1977 
 235 0.0052 0.0123 0.0200 0.0869 0.3262 0.0968 0.3093 0.1434 
 236 0.0054 0.0074 0.0148 0.1268 0.2874 0.0885 0.3451 0.1247 
 237 0.0056 0.0060 0.0235 0.0530 0.1295 0.0851 0.5976 0.0995 
 238 0.0044 0.0058 0.0175 0.1031 0.4165 0.0960 0.2424 0.1143 
 239 0.0059 0.0058 0.0305 0.1395 0.2856 0.0676 0.3784 0.0867 
 240 0.0045 0.0060 0.0180 0.1020 0.4148 0.0954 0.2471 0.1122 
 241 0.0059 0.0078 0.0205 0.0921 0.4722 0.0799 0.2210 0.1005 
 242 0.0064 0.0140 0.0228 0.0899 0.2191 0.0848 0.3819 0.1810 
 243 0.0049 0.0059 0.0332 0.0832 0.1930 0.0741 0.5295 0.0761 
 244 0.0060 0.0059 0.0145 0.1235 0.2686 0.0696 0.4232 0.0886 
 245 0.0046 0.0058 0.0262 0.3037 0.3077 0.0863 0.1681 0.0976 
 246 0.0049 0.0092 0.0206 0.1266 0.3488 0.0732 0.3112 0.1055 
 247 0.0046 0.0100 0.0236 0.0391 0.1046 0.2459 0.3949 0.1773 
 248 0.0047 0.0069 0.0173 0.0430 0.0846 0.1053 0.6319 0.1065 
 249 0.0056 0.0058 0.0154 0.0767 0.3804 0.0823 0.3357 0.0981 
 250 0.0055 0.0073 0.0131 0.0877 0.2688 0.0947 0.3982 0.1248 
 251 0.0058 0.0252 0.0194 0.0687 0.1387 0.1176 0.4112 0.2134 
 252 0.0052 0.0077 0.0265 0.0982 0.2819 0.0934 0.3626 0.1245 
 253 0.0051 0.0159 0.0247 0.0482 0.1967 0.1551 0.4065 0.1479 
 254 0.0081 0.0072 0.0188 0.0870 0.1630 0.1049 0.4013 0.2098 
 255 0.0053 0.0062 0.0170 0.0844 0.2346 0.1040 0.3745 0.1739 
 256 0.0056 0.0072 0.0203 0.0759 0.3410 0.0851 0.3542 0.1107 
 257 0.0117 0.0085 0.0185 0.0735 0.2128 0.1049 0.4501 0.1199 
 258 0.0044 0.0073 0.0403 0.0766 0.1285 0.1315 0.4731 0.1382 
 259 0.0060 0.0073 0.0136 0.0622 0.2050 0.0882 0.5023 0.1154 
 260 0.0077 0.0073 0.0150 0.1212 0.2709 0.1093 0.2387 0.2299 
 261 0.0050 0.0078 0.0342 0.1377 0.3113 0.0859 0.2986 0.1197 
 262 0.0052 0.0093 0.0367 0.0893 0.3849 0.0655 0.3290 0.0801 
 263 0.0094 0.0059 0.0161 0.0514 0.1020 0.0835 0.6095 0.1222 
 264 0.0119 0.0087 0.0173 0.0339 0.0830 0.1169 0.3416 0.3868 
 265 0.0050 0.0120 0.0171 0.1193 0.1748 0.0941 0.4288 0.1488 
 266 0.0050 0.0059 0.0288 0.1025 0.5299 0.0655 0.1843 0.0781 
 267 0.0052 0.0063 0.0190 0.0862 0.2459 0.1090 0.3819 0.1466 
 268 0.0046 0.0084 0.0293 0.0785 0.2029 0.0905 0.4979 0.0879 
 269 0.0052 0.0196 0.0168 0.1302 0.1867 0.0960 0.2877 0.2579 
 270 0.0089 0.0070 0.0153 0.0618 0.1055 0.1146 0.4957 0.1912 
 271 0.0054 0.0098 0.0217 0.0661 0.1310 0.1173 0.5253 0.1234 
 272 0.0069 0.0891 0.0202 0.0694 0.1396 0.1069 0.4470 0.1209 
 273 0.0287 0.0247 0.0233 0.1169 0.2125 0.1280 0.2798 0.1861 
 274 0.0053 0.0156 0.0149 0.0712 0.1664 0.1073 0.4625 0.1568 
 275 0.0094 0.0248 0.0184 0.1137 0.1311 0.0865 0.4698 0.1464 
 276 0.0069 0.0626 0.0219 0.0449 0.1873 0.1139 0.4468 0.1156 
 277 0.0050 0.0092 0.0162 0.1127 0.2783 0.1058 0.2981 0.1748 
 278 0.0049 0.0099 0.0210 0.0699 0.1042 0.0874 0.6080 0.0946 
 279 0.0054 0.0096 0.0155 0.0808 0.2188 0.1011 0.4254 0.1435 
 280 0.0053 0.0180 0.0230 0.0858 0.2015 0.0922 0.3756 0.1987 
 281 0.0056 0.0087 0.0170 0.0726 0.1666 0.1286 0.4490 0.1519 
 282 0.0049 0.0077 0.0147 0.1761 0.3200 0.0928 0.2301 0.1536 
 283 0.0050 0.0061 0.0180 0.1963 0.3535 0.0892 0.2223 0.1096 
 284 0.0049 0.0079 0.0186 0.1350 0.2046 0.1296 0.3603 0.1391 
 285 0.0050 0.0104 0.0314 0.0323 0.0763 0.1112 0.5997 0.1336 
 286 0.0063 0.0058 0.0142 0.1225 0.2699 0.0699 0.4232 0.0881 
 287 0.0057 0.0156 0.0160 0.0992 0.2147 0.1273 0.3212 0.2004 
 288 0.0065 0.0552 0.0150 0.0634 0.1306 0.0911 0.5192 0.1190 
 289 0.0082 0.0279 0.0229 0.0605 0.1253 0.1252 0.5034 0.1266 
 290 0.0103 0.0082 0.0375 0.0448 0.2374 0.0922 0.3594 0.2101 
 291 0.0054 0.0098 0.0217 0.0655 0.1306 0.1161 0.5269 0.1240 
 292 0.0051 0.0201 0.0476 0.0871 0.2858 0.0880 0.3017 0.1646 
 293 0.0070 0.0081 0.0509 0.0461 0.1343 0.1140 0.3452 0.2943 
 294 0.0108 0.0083 0.0218 0.0419 0.1206 0.0834 0.5955 0.1177 
 295 0.0074 0.0451 0.0301 0.0873 0.1610 0.1280 0.3951 0.1460 
 296 0.0051 0.0092 0.0164 0.0633 0.1197 0.0976 0.5936 0.0950 
 297 0.0056 0.0174 0.0188 0.0598 0.1774 0.0996 0.4070 0.2143 
 298 0.0052 0.0075 0.0126 0.1144 0.3206 0.1038 0.2803 0.1557 
 299 0.0105 0.0061 0.0147 0.0610 0.1369 0.0919 0.5160 0.1629 
 300 0.0057 0.0084 0.0214 0.0396 0.1144 0.0828 0.6068 0.1209 
 301 0.0088 0.0114 0.0140 0.0607 0.1045 0.0978 0.5041 0.1986 
 302 0.0101 0.0089 0.0304 0.0575 0.0984 0.0849 0.5964 0.1135 
 303 0.0062 0.0082 0.0203 0.1060 0.3152 0.0805 0.3256 0.1381 
 304 0.0083 0.0065 0.0142 0.2740 0.1541 0.1424 0.1425 0.2578 
 305 0.0064 0.0088 0.0228 0.1134 0.1915 0.0672 0.4999 0.0900 
 306 0.0052 0.0120 0.0169 0.0947 0.4149 0.0834 0.2433 0.1295 
 307 0.0061 0.0096 0.0142 0.0716 0.2831 0.0990 0.3681 0.1483 
 308 0.0050 0.0080 0.0340 0.1386 0.3102 0.0855 0.3006 0.1182 
 309 0.0187 0.0156 0.0282 0.0738 0.1072 0.1039 0.5540 0.0986 
 310 0.0049 0.0059 0.0236 0.0907 0.2666 0.0738 0.4465 0.0880 
 311 0.0062 0.0059 0.0127 0.0864 0.2540 0.0742 0.4707 0.0899 
 312 0.0049 0.0058 0.0168 0.0604 0.1144 0.0907 0.6228 0.0841 
 313 0.0050 0.0069 0.0340 0.0403 0.0987 0.0828 0.6475 0.0848 
 314 0.0052 0.0087 0.0320 0.4274 0.2770 0.0688 0.0910 0.0899 
 315 0.0048 0.0152 0.0382 0.4919 0.1679 0.0836 0.0865 0.1119 
 316 0.0070 0.0263 0.0214 0.5335 0.1161 0.0864 0.0789 0.1304 
 317 0.0057 0.0090 0.0167 0.5018 0.2228 0.0703 0.0802 0.0934 
 318 0.0054 0.0085 0.0117 0.6283 0.1095 0.0678 0.0698 0.0991 
 319 0.0060 0.0069 0.0153 0.2923 0.4272 0.0682 0.0950 0.0890 
 320 0.0054 0.0089 0.0324 0.4321 0.2720 0.0688 0.0917 0.0888 
 321 0.0057 0.0098 0.0151 0.5180 0.2014 0.0707 0.0771 0.1023 
 322 0.0070 0.0249 0.0380 0.3716 0.2567 0.0893 0.0932 0.1193 
 323 0.0098 0.0080 0.0117 0.5792 0.1487 0.0683 0.0765 0.0980 
 324 0.0056 0.0091 0.0154 0.5207 0.1992 0.0701 0.0779 0.1020 
 325 0.0052 0.0237 0.0192 0.5651 0.1053 0.0842 0.0734 0.1239 
 326 0.0088 0.0402 0.0218 0.5412 0.1120 0.0853 0.0729 0.1178 
 327 0.0058 0.0092 0.0163 0.4955 0.2288 0.0700 0.0808 0.0935 
 328 0.0053 0.0173 0.0263 0.3783 0.2675 0.0883 0.0943 0.1227 
 329 0.0050 0.0072 0.0118 0.5201 0.2208 0.0679 0.0704 0.0968 
 330 0.0057 0.0094 0.0164 0.4972 0.2253 0.0702 0.0809 0.0949 
 331 0.0050 0.0070 0.0116 0.5917 0.1408 0.0680 0.0788 0.0971 
 332 0.0118 0.0287 0.0200 0.5487 0.1100 0.0860 0.0717 0.1232 
 333 0.0088 0.0271 0.0220 0.5089 0.1479 0.0856 0.0828 0.1168 
 334 0.0054 0.0173 0.0252 0.3803 0.2668 0.0876 0.0942 0.1232 
 335 0.0052 0.0162 0.0283 0.3547 0.3135 0.0861 0.0851 0.1109 
 336 0.0108 0.0097 0.0226 0.5694 0.1436 0.0690 0.0792 0.0956 
 337 0.0054 0.0260 0.0273 0.4538 0.1901 0.0883 0.0830 0.1261 
 338 0.0059 0.0091 0.0114 0.6257 0.1099 0.0685 0.0697 0.0998 
 339 0.0051 0.0072 0.0114 0.5926 0.1410 0.0679 0.0776 0.0972 
 340 0.0051 0.0069 0.0123 0.5789 0.1576 0.0675 0.0815 0.0902 
 341 0.0112 0.0100 0.0134 0.5440 0.1766 0.0683 0.0804 0.0961 
 342 0.0054 0.0089 0.0167 0.4991 0.2259 0.0697 0.0804 0.0939 
 343 0.0110 0.0178 0.0535 0.3012 0.3336 0.0847 0.0869 0.1112 
 344 0.0050 0.0069 0.0113 0.6040 0.1377 0.0672 0.0700 0.0980 
 345 0.0056 0.0091 0.0169 0.5001 0.2239 0.0700 0.0806 0.0939 
 346 0.0052 0.0084 0.0124 0.6227 0.1191 0.0674 0.0721 0.0928 
 347 0.0049 0.0068 0.0122 0.5908 0.1543 0.0665 0.0730 0.0916 
 348 0.0049 0.0145 0.0589 0.2876 0.3567 0.0823 0.0955 0.0996 
 349 0.0055 0.0091 0.0169 0.5002 0.2246 0.0696 0.0801 0.0939 
 350 0.0052 0.0067 0.0201 0.5070 0.2039 0.0679 0.0967 0.0925 
 351 0.0051 0.0159 0.0294 0.3507 0.3168 0.0847 0.0855 0.1118 
 352 0.0055 0.0248 0.0309 0.4375 0.2122 0.0870 0.0872 0.1149 
 353 0.0110 0.0091 0.0225 0.5673 0.1453 0.0694 0.0794 0.0959 
 354 0.0063 0.0077 0.0120 0.5866 0.1469 0.0692 0.0721 0.0992 
 355 0.0055 0.0087 0.0116 0.6275 0.1094 0.0680 0.0700 0.0994 
 356 0.0043 0.0134 0.0500 0.1179 0.5469 0.0796 0.0918 0.0960 
 357 0.0049 0.0224 0.0200 0.3284 0.1337 0.1048 0.0976 0.2883 
 358 0.0054 0.0178 0.0181 0.5405 0.1357 0.0850 0.0747 0.1229 
 359 0.0054 0.0074 0.0112 0.5875 0.1428 0.0679 0.0784 0.0994 
 360 0.0054 0.0082 0.0126 0.6226 0.1171 0.0678 0.0725 0.0939 
 361 0.0050 0.0216 0.0285 0.1348 0.3023 0.1082 0.1152 0.2845 
 362 0.0067 0.0319 0.0204 0.0628 0.1009 0.1964 0.2909 0.2899 
 363 0.0075 0.0164 0.0236 0.0410 0.0897 0.2696 0.1811 0.3713 
 364 0.0149 0.0114 0.0199 0.1174 0.2359 0.1397 0.1508 0.3099 
 365 0.0216 0.0263 0.0235 0.0442 0.1017 0.1421 0.1558 0.4847 
 366 0.0069 0.0212 0.0819 0.0607 0.1724 0.1078 0.2309 0.3182 
 367 0.0050 0.0179 0.0162 0.0324 0.0663 0.5201 0.0920 0.2500 
 368 0.0056 0.0096 0.0126 0.0484 0.1160 0.2653 0.3021 0.2405 
 369 0.0096 0.0126 0.0656 0.0725 0.3026 0.1231 0.1637 0.2502 
 370 0.0149 0.0161 0.0181 0.0584 0.1291 0.2771 0.2955 0.1907 
 371 0.0131 0.0112 0.0253 0.0675 0.1373 0.1302 0.2962 0.3191 
 372 0.0520 0.0235 0.0233 0.0692 0.1358 0.1708 0.3813 0.1442 
 373 0.0063 0.0085 0.0176 0.0549 0.1843 0.3212 0.1421 0.2651 
 374 0.0091 0.0233 0.0167 0.0669 0.2968 0.1687 0.1542 0.2643 
 375 0.0185 0.0144 0.0169 0.0395 0.0816 0.2425 0.1580 0.4286 
 376 0.0875 0.0154 0.0176 0.0356 0.0781 0.1761 0.0794 0.5103 
 377 0.0069 0.0178 0.0219 0.0723 0.0840 0.1595 0.3170 0.3206 
 378 0.0059 0.0093 0.0173 0.1460 0.1340 0.4179 0.1348 0.1347 
 379 0.1769 0.0208 0.0224 0.0331 0.0726 0.1949 0.0940 0.3854 
 380 0.0104 0.0558 0.0523 0.0625 0.2070 0.0893 0.1260 0.3967 
 381 0.0093 0.0113 0.0587 0.0475 0.2286 0.0829 0.1011 0.4606 
 382 0.0054 0.0098 0.0124 0.0522 0.0759 0.2381 0.1254 0.4807 
 383 0.0177 0.0653 0.0234 0.1768 0.0812 0.0817 0.1305 0.4235 
 384 0.0659 0.0275 0.0232 0.1027 0.1091 0.1599 0.1095 0.4022 
 385 0.0539 0.0087 0.0125 0.1911 0.0971 0.2372 0.1521 0.2475 
 386 0.0043 0.0119 0.0163 0.0390 0.0881 0.2725 0.1296 0.4383 
 387 0.0051 0.0108 0.0223 0.0584 0.0835 0.2699 0.1202 0.4298 
 388 0.0205 0.0166 0.0152 0.1158 0.1898 0.1955 0.1566 0.2899 
 389 0.0136 0.0109 0.0395 0.0476 0.0870 0.1317 0.5402 0.1295 
 390 0.0175 0.0472 0.0942 0.0394 0.1003 0.3516 0.1159 0.2339 
 391 0.0218 0.0226 0.0379 0.0494 0.1775 0.3228 0.1963 0.1716 
 392 0.0077 0.0103 0.0216 0.0779 0.1251 0.1691 0.1418 0.4465 
 393 0.0084 0.0472 0.1266 0.0594 0.1441 0.1127 0.0821 0.4196 
 394 0.0056 0.0210 0.0182 0.1599 0.1578 0.2547 0.1339 0.2491 
 395 0.0045 0.0343 0.0582 0.0461 0.0992 0.2021 0.2986 0.2569 
 396 0.0059 0.0074 0.0133 0.0309 0.0701 0.2744 0.1531 0.4450 
 397 0.0782 0.0078 0.0175 0.0728 0.2005 0.1040 0.2656 0.2536 
 398 0.0309 0.0427 0.0246 0.0348 0.0760 0.2949 0.0899 0.4063 
 399 0.0054 0.0339 0.0234 0.0439 0.0920 0.4907 0.1655 0.1451 
 400 0.0067 0.0095 0.0190 0.0400 0.1455 0.2798 0.0926 0.4070 
 401 0.0049 0.0096 0.0444 0.0509 0.1364 0.4442 0.1406 0.1691 
 402 0.0072 0.0083 0.0626 0.0557 0.1308 0.2448 0.1728 0.3177 
 403 0.0081 0.0135 0.0213 0.1923 0.2320 0.1781 0.1539 0.2008 
 404 0.0113 0.0089 0.0149 0.0475 0.1823 0.1597 0.2130 0.3624 
 405 0.0049 0.0234 0.0241 0.0542 0.1521 0.1529 0.2068 0.3816 
 406 0.0045 0.2248 0.0862 0.0475 0.2354 0.0932 0.1553 0.1530 
 407 0.0046 0.0235 0.0171 0.0306 0.0725 0.1262 0.1005 0.6248 
 408 0.0043 0.0069 0.0449 0.0296 0.0776 0.4541 0.2570 0.1256 
 409 0.0110 0.0450 0.0845 0.0452 0.3992 0.1072 0.0930 0.2150 
 410 0.0712 0.0233 0.0299 0.0607 0.1272 0.2500 0.1219 0.3159 
 411 0.0190 0.0108 0.0602 0.1154 0.1032 0.1396 0.1028 0.4490 
 412 0.0054 0.0091 0.0126 0.0459 0.1030 0.2479 0.2518 0.3242 
 413 0.0051 0.0085 0.0139 0.1276 0.1231 0.2878 0.1943 0.2397 
 414 0.0063 0.0068 0.0136 0.0440 0.0571 0.3182 0.2628 0.2912 
 415 0.0058 0.0182 0.0401 0.0341 0.1239 0.1837 0.1366 0.4576 
 416 0.0090 0.0095 0.0475 0.0430 0.1894 0.2745 0.1250 0.3022 
 417 0.0062 0.0956 0.0223 0.0359 0.0998 0.2033 0.1090 0.4280 
 418 0.0073 0.0090 0.0125 0.0361 0.0809 0.4078 0.1301 0.3163 
 419 0.0153 0.0168 0.0371 0.0831 0.2316 0.2007 0.1386 0.2767 
 420 0.0043 0.0089 0.0881 0.0314 0.1216 0.4269 0.1474 0.1713 
 421 0.0070 0.0338 0.0193 0.0367 0.1143 0.2818 0.1726 0.3345 
 422 0.0066 0.0373 0.0439 0.0402 0.1077 0.1200 0.3304 0.3138 
 423 0.0102 0.0211 0.0252 0.0649 0.1032 0.1996 0.2076 0.3681 
 424 0.0075 0.0296 0.0983 0.0566 0.1196 0.4081 0.1127 0.1676 
 425 0.0419 0.0146 0.0235 0.0730 0.1267 0.1744 0.1865 0.3594 
 426 0.0423 0.0424 0.0206 0.0824 0.1281 0.3402 0.1240 0.2200 
 427 0.0052 0.0402 0.0246 0.1409 0.0678 0.2327 0.0777 0.4109 
 428 0.0184 0.1090 0.0545 0.0749 0.2145 0.1140 0.1551 0.2595 
 429 0.0060 0.0125 0.0144 0.0315 0.0670 0.2871 0.0958 0.4856 
 430 0.0059 0.0522 0.0400 0.0365 0.0858 0.1659 0.1146 0.4991 
 431 0.0133 0.0244 0.0146 0.0836 0.1100 0.3360 0.2445 0.1736 
 432 0.0055 0.0091 0.0137 0.0519 0.1229 0.2810 0.2515 0.2643 
 433 0.0102 0.0090 0.0192 0.1117 0.2831 0.1475 0.2556 0.1636 
 434 0.0059 0.0090 0.0230 0.0555 0.1940 0.1262 0.2079 0.3785 
 435 0.0046 0.0892 0.0298 0.0344 0.0721 0.2373 0.0958 0.4368 
 436 0.0077 0.2246 0.0440 0.0393 0.1283 0.2418 0.0634 0.2509 
 437 0.0072 0.0171 0.0167 0.0367 0.0764 0.1318 0.1088 0.6053 
 438 0.0052 0.1409 0.1225 0.0413 0.1617 0.2534 0.0891 0.1859 
 439 0.0055 0.1238 0.0322 0.0400 0.1003 0.1921 0.0676 0.4385 
 440 0.0043 0.2150 0.0290 0.0290 0.0614 0.2473 0.0841 0.3298 
 441 0.0054 0.0310 0.0292 0.0592 0.1584 0.1910 0.0919 0.4340 
 442 0.0076 0.0091 0.0253 0.0307 0.0989 0.2820 0.1370 0.4094 
 443 0.0048 0.0258 0.1023 0.0314 0.0812 0.4711 0.1104 0.1728 
 444 0.0072 0.0166 0.0392 0.0315 0.0961 0.2599 0.1246 0.4249 
 445 0.0358 0.0269 0.0924 0.0467 0.2462 0.1205 0.0923 0.3392 
 446 0.0383 0.0696 0.0243 0.0367 0.0864 0.3623 0.0626 0.3198 
 447 0.0080 0.1506 0.0595 0.0476 0.1714 0.2203 0.1102 0.2325 
 448 0.0049 0.0269 0.0227 0.0371 0.0851 0.2076 0.1147 0.5009 
 449 0.0052 0.0299 0.0228 0.0506 0.1368 0.1787 0.1242 0.4517 
 450 0.0081 0.0105 0.0152 0.0537 0.1183 0.1832 0.0728 0.5383 
 451 0.0054 0.0150 0.0206 0.0297 0.0610 0.4894 0.1644 0.2145 
 452 0.0057 0.0154 0.0154 0.0493 0.1114 0.1937 0.0764 0.5328 
 453 0.0048 0.0125 0.1777 0.0377 0.1781 0.2682 0.1687 0.1523 
 454 0.0052 0.0369 0.0211 0.0713 0.1088 0.1732 0.1137 0.4698 
 455 0.0047 0.1435 0.0828 0.0333 0.0927 0.2706 0.0779 0.2946 
 456 0.0064 0.0335 0.0978 0.0327 0.0858 0.2426 0.1332 0.3680 
 457 0.0056 0.0286 0.0188 0.0379 0.0882 0.1293 0.0920 0.5995 
 458 0.0342 0.0313 0.0280 0.0389 0.0990 0.1873 0.0783 0.5030 
 459 0.0048 0.0385 0.0334 0.0546 0.1791 0.3593 0.0630 0.2673 
 460 0.0046 0.0290 0.0317 0.0360 0.0796 0.4728 0.0705 0.2758 
 461 0.0061 0.0110 0.0145 0.0363 0.0766 0.5386 0.0655 0.2514 
 462 0.0135 0.0176 0.1084 0.0287 0.0596 0.2882 0.1584 0.3256 
 463 0.0045 0.1293 0.2591 0.0421 0.1258 0.1366 0.1417 0.1609 
 464 0.0044 0.0292 0.0555 0.0327 0.0885 0.4756 0.0895 0.2246 
 465 0.0067 0.0177 0.0362 0.0383 0.1044 0.4395 0.1156 0.2416 
 466 0.0044 0.0316 0.1054 0.0330 0.0975 0.3810 0.1340 0.2132 
 467 0.0058 0.0248 0.0868 0.0478 0.1271 0.2508 0.1336 0.3233 
 468 0.0056 0.1920 0.0771 0.0323 0.0839 0.1246 0.1057 0.3788 
 469 0.0047 0.3749 0.0305 0.0364 0.0779 0.1453 0.0651 0.2653 
 470 0.0046 0.1599 0.0252 0.0347 0.0749 0.2999 0.0761 0.3247 
 471 0.0074 0.0135 0.0835 0.0356 0.1025 0.2467 0.1991 0.3117 
 472 0.0067 0.0114 0.0617 0.0345 0.1155 0.2253 0.1447 0.4002 
 473 0.0052 0.0322 0.0250 0.0516 0.1259 0.1592 0.1678 0.4330 
 474 0.0054 0.0143 0.0351 0.0446 0.1358 0.2034 0.0927 0.4689 
 475 0.0051 0.0175 0.0245 0.0536 0.1701 0.3831 0.1072 0.2389 
 476 0.0077 0.0189 0.0477 0.0365 0.1064 0.2055 0.0800 0.4974 
 477 0.0064 0.0190 0.0393 0.0420 0.1382 0.4615 0.0948 0.1986 
 478 0.0071 0.0145 0.0208 0.0352 0.0684 0.6399 0.0755 0.1386 
 479 0.0045 0.0347 0.0202 0.0340 0.0720 0.2723 0.0738 0.4884 
 480 0.0056 0.0337 0.0184 0.0365 0.0828 0.1462 0.0733 0.6035 
 481 0.0062 0.0117 0.0188 0.0341 0.0891 0.1812 0.2549 0.4040 
 482 0.0056 0.0149 0.0144 0.0335 0.0725 0.2579 0.0721 0.5291 
 483 0.0060 0.1862 0.0267 0.0402 0.1028 0.2357 0.0696 0.3328 
 484 0.0055 0.1528 0.1396 0.0405 0.1015 0.1766 0.1263 0.2572 
 485 0.0049 0.4498 0.0245 0.0341 0.0734 0.1869 0.0689 0.1575 
 486 0.0116 0.0092 0.0361 0.0468 0.1146 0.1921 0.3788 0.2109 
 487 0.0112 0.0092 0.0285 0.1072 0.1629 0.1667 0.2415 0.2727 
 488 0.0094 0.0094 0.0229 0.1118 0.0975 0.2840 0.3002 0.1648 
 489 0.0096 0.0066 0.0375 0.0546 0.2616 0.0994 0.2432 0.2875 
 490 0.0068 0.0096 0.0436 0.0373 0.0796 0.3870 0.2056 0.2305 
 491 0.0106 0.0074 0.0168 0.0543 0.2100 0.1154 0.4317 0.1538 
 492 0.0053 0.0082 0.0424 0.1651 0.2123 0.2979 0.1407 0.1280 
 493 0.0140 0.0073 0.0259 0.0984 0.0733 0.1424 0.4416 0.1972 
 494 0.0512 0.0142 0.0209 0.0525 0.2280 0.1513 0.3017 0.1803 
 495 0.0397 0.0090 0.0589 0.1190 0.1573 0.3676 0.1218 0.1268 
 496 0.0054 0.0095 0.0227 0.0756 0.4061 0.1204 0.2027 0.1575 
 497 0.0316 0.0078 0.0170 0.1047 0.1171 0.1124 0.4099 0.1996 
 498 0.0159 0.0101 0.0404 0.0351 0.1911 0.2364 0.2487 0.2222 
 499 0.0298 0.0087 0.0235 0.1274 0.2377 0.1023 0.2674 0.2033 
 500 0.0186 0.0152 0.0210 0.0639 0.1009 0.1138 0.3575 0.3092 
 501 0.0109 0.0099 0.0145 0.0710 0.2750 0.1701 0.1637 0.2848 
 502 0.0089 0.0092 0.0125 0.0865 0.2893 0.2795 0.1251 0.1891 
 503 0.0074 0.0112 0.0185 0.0416 0.0980 0.1556 0.1886 0.4791 
 504 0.0073 0.0087 0.0311 0.0393 0.1248 0.4369 0.2005 0.1513 
 505 0.0085 0.0119 0.0225 0.0501 0.2328 0.1352 0.4128 0.1263 
 506 0.0081 0.0071 0.0156 0.0717 0.2795 0.2644 0.2024 0.1513 
 507 0.0070 0.0069 0.0265 0.1262 0.4929 0.0724 0.1687 0.0994 
 508 0.0187 0.0069 0.0449 0.1673 0.3776 0.0893 0.1995 0.0959 
 509 0.0077 0.0097 0.0225 0.0888 0.2413 0.1227 0.3785 0.1288 
 510 0.0240 0.0074 0.0197 0.1079 0.2849 0.1375 0.1692 0.2496 
 511 0.0137 0.0406 0.0238 0.0391 0.1464 0.2618 0.2128 0.2617 
 512 0.0089 0.0104 0.0135 0.0345 0.0825 0.2319 0.1606 0.4578 
 513 0.0185 0.0070 0.0464 0.0546 0.1149 0.2550 0.4264 0.0771 
 514 0.0070 0.0088 0.0173 0.0816 0.1117 0.4172 0.2025 0.1539 
 515 0.0133 0.0313 0.0565 0.1327 0.1519 0.1394 0.1759 0.2991 
 516 0.0080 0.0113 0.0296 0.0441 0.1648 0.3005 0.3112 0.1304 
 517 0.0069 0.0240 0.0677 0.0888 0.2046 0.2258 0.1889 0.1933 
 518 0.0552 0.0072 0.0149 0.1484 0.1563 0.1027 0.2284 0.2869 
 519 0.0052 0.0102 0.0192 0.0495 0.1723 0.4540 0.1396 0.1500 
 520 0.0066 0.1461 0.0874 0.1086 0.2788 0.0913 0.1519 0.1293 
 521 0.0060 0.0072 0.0191 0.2743 0.1297 0.2018 0.2310 0.1309 
 522 0.0249 0.0159 0.1462 0.0667 0.0899 0.1409 0.1631 0.3524 
 523 0.0078 0.0167 0.1293 0.1045 0.2486 0.1935 0.1756 0.1239 
 524 0.0073 0.1882 0.0546 0.0890 0.1211 0.1488 0.1974 0.1936 
 525 0.0628 0.0267 0.0343 0.1179 0.2333 0.1020 0.1723 0.2507 
 526 0.0050 0.2436 0.1351 0.0466 0.1806 0.0883 0.1716 0.1292 
 527 0.0647 0.0080 0.0140 0.0673 0.0963 0.2328 0.1734 0.3435 
 528 0.0046 0.0062 0.0194 0.3820 0.1166 0.1052 0.2497 0.1163 
 529 0.0776 0.0074 0.0185 0.0832 0.1687 0.1467 0.3314 0.1664 
 530 0.0076 0.0161 0.0512 0.0680 0.1530 0.1451 0.1635 0.3954 
 531 0.0064 0.0227 0.0336 0.3095 0.1273 0.1448 0.1131 0.2427 
 532 0.0188 0.0069 0.0322 0.2672 0.0921 0.1470 0.2491 0.1866 
 533 0.0525 0.0212 0.0380 0.0694 0.1190 0.1243 0.2829 0.2928 
 534 0.0707 0.0084 0.0484 0.1005 0.1363 0.1460 0.4020 0.0878 
 535 0.0050 0.0205 0.0965 0.0464 0.1891 0.2773 0.1779 0.1873 
 536 0.0064 0.0302 0.0515 0.0523 0.3038 0.1478 0.1570 0.2509 
 537 0.0063 0.0092 0.0478 0.0546 0.4665 0.1304 0.1396 0.1456 
 538 0.0050 0.0170 0.0401 0.0546 0.3426 0.1175 0.2534 0.1699 
 539 0.0046 0.0059 0.0170 0.0736 0.5629 0.0779 0.1487 0.1095 
 540 0.0071 0.0242 0.0494 0.1782 0.1302 0.1067 0.3031 0.2011 
 541 0.0075 0.0113 0.0523 0.2378 0.2252 0.1346 0.1450 0.1863 
 542 0.0062 0.0220 0.1447 0.0360 0.1500 0.1048 0.2943 0.2420 
 543 0.0075 0.0227 0.1436 0.1479 0.1381 0.2349 0.1841 0.1212 
 544 0.0051 0.0153 0.1814 0.0632 0.1983 0.1384 0.2124 0.1859 
 545 0.0054 0.0692 0.2730 0.0327 0.1057 0.1706 0.1726 0.1709 
 546 0.0062 0.0085 0.0690 0.0634 0.1943 0.1139 0.3637 0.1809 
 547 0.0051 0.0213 0.2493 0.0524 0.2954 0.1458 0.1212 0.1094 
 548 0.0055 0.0075 0.0128 0.0884 0.2697 0.0941 0.3968 0.1251 
 549 0.0062 0.0370 0.0671 0.0536 0.4742 0.1025 0.0755 0.1838 
 550 0.0045 0.0902 0.1661 0.0362 0.1878 0.2215 0.1251 0.1686 
 551 0.0061 0.0123 0.0257 0.0740 0.5293 0.1239 0.0875 0.1411 
 552 0.0051 0.0083 0.0334 0.0602 0.3110 0.0898 0.3282 0.1642 
 553 0.0068 0.0165 0.2734 0.0887 0.2045 0.1507 0.1681 0.0914 
 554 0.0115 0.0143 0.0513 0.1556 0.0989 0.1602 0.2390 0.2692 
 555 0.0086 0.0119 0.0368 0.0686 0.4380 0.1306 0.1778 0.1277 
 556 0.0052 0.0087 0.0295 0.0533 0.3206 0.1153 0.2904 0.1770 
 557 0.0052 0.0723 0.1017 0.0615 0.1811 0.2344 0.1062 0.2376 
 558 0.0056 0.0178 0.0136 0.0343 0.0758 0.2614 0.0637 0.5279 
 559 0.0061 0.0078 0.0243 0.0424 0.1136 0.2217 0.4029 0.1812 
 560 0.0047 0.0316 0.0254 0.0276 0.0608 0.4771 0.1132 0.2597 
 561 0.0053 0.0143 0.0273 0.0346 0.0789 0.3127 0.1803 0.3465 
 562 0.0066 0.0212 0.0433 0.0281 0.0596 0.3562 0.2388 0.2462 
 563 0.0073 0.0130 0.0255 0.0488 0.2773 0.4005 0.0775 0.1502 
 564 0.0102 0.0159 0.0392 0.0635 0.0831 0.1408 0.4661 0.1812 
 565 0.0048 0.0328 0.0165 0.0354 0.0834 0.1135 0.0866 0.6269 
 566 0.0042 0.0195 0.0169 0.0296 0.0596 0.5308 0.0939 0.2454 
 567 0.0069 0.0127 0.0215 0.0346 0.0772 0.1558 0.5314 0.1599 
 568 0.0050 0.0161 0.0274 0.0471 0.1231 0.3185 0.2268 0.2361 
 569 0.0071 0.0188 0.0899 0.0689 0.0895 0.2252 0.1384 0.3621 
 570 0.0072 0.0171 0.0152 0.0323 0.0615 0.1964 0.0966 0.5737 
 571 0.0048 0.0191 0.0174 0.0465 0.0889 0.5203 0.1509 0.1521 
 572 0.0047 0.0157 0.1794 0.0595 0.2633 0.1083 0.1650 0.2040 
 573 0.0077 0.1480 0.0307 0.0529 0.0980 0.1260 0.3815 0.1551 
 574 0.0070 0.0162 0.0273 0.0767 0.1637 0.1159 0.1335 0.4598 
 575 0.0052 0.0117 0.0184 0.0562 0.2053 0.3512 0.1421 0.2098 
 576 0.0060 0.0169 0.0152 0.0315 0.0600 0.5142 0.1050 0.2512 
 577 0.0070 0.0090 0.0179 0.0528 0.2027 0.1375 0.1290 0.4440 
 578 0.0051 0.0254 0.0255 0.0450 0.0958 0.4031 0.1469 0.2531 
 579 0.0075 0.0125 0.0246 0.0456 0.0707 0.1945 0.2558 0.3887 
 580 0.0053 0.0142 0.0153 0.0505 0.1269 0.1366 0.1234 0.5280 
 581 0.0049 0.0165 0.0163 0.0475 0.1058 0.2397 0.1080 0.4613 
 582 0.0060 0.0222 0.0466 0.0311 0.0805 0.3225 0.1041 0.3871 
 583 0.0448 0.0190 0.0201 0.0509 0.0845 0.4262 0.1389 0.2157 
 584 0.0060 0.0125 0.0139 0.0341 0.0716 0.4327 0.1153 0.3139 
 585 0.0055 0.0204 0.0222 0.0364 0.0863 0.3723 0.1207 0.3362 
 586 0.0050 0.0085 0.0223 0.0427 0.1304 0.4643 0.1878 0.1389 
 587 0.0091 0.0087 0.0370 0.0304 0.0745 0.1958 0.2590 0.3855 
 588 0.0083 0.0063 0.0432 0.0418 0.0694 0.0838 0.6633 0.0840 
 589 0.0060 0.0957 0.0882 0.0401 0.0669 0.2091 0.1524 0.3416 
 590 0.0062 0.0074 0.0171 0.0410 0.0749 0.3527 0.3031 0.1976 
 591 0.0050 0.0093 0.0142 0.0472 0.0969 0.4424 0.1797 0.2053 
 592 0.0045 0.0202 0.0421 0.0344 0.0858 0.3387 0.2685 0.2059 
 593 0.0052 0.0229 0.0260 0.0569 0.1339 0.2787 0.1985 0.2778 
 594 0.0395 0.0116 0.0183 0.1019 0.1272 0.2757 0.2258 0.2000 
 595 0.0137 0.0076 0.0125 0.0307 0.0663 0.2060 0.2400 0.4231 
 596 0.0044 0.1143 0.0441 0.0572 0.0965 0.1509 0.3792 0.1534 
 597 0.0071 0.0176 0.0325 0.2161 0.0918 0.4058 0.1239 0.1052 
 598 0.0062 0.0217 0.0153 0.0338 0.0652 0.1722 0.0717 0.6140 
 599 0.0055 0.0145 0.0287 0.0302 0.0653 0.4525 0.1692 0.2341 
 600 0.0049 0.0131 0.0307 0.0606 0.1398 0.1322 0.1459 0.4728 
 601 0.0044 0.0111 0.0366 0.0291 0.0776 0.3409 0.1368 0.3635 
 602 0.0070 0.0098 0.0134 0.0686 0.1957 0.1712 0.3292 0.2051 
 603 0.0050 0.0083 0.0149 0.0778 0.1551 0.1656 0.3816 0.1916 
 604 0.0136 0.0393 0.0239 0.0734 0.1140 0.1183 0.1809 0.4367 
 605 0.0055 0.0155 0.0273 0.0462 0.1102 0.2158 0.2668 0.3126 
 606 0.0083 0.0134 0.0252 0.0740 0.2070 0.1534 0.2503 0.2684 
 607 0.0068 0.0121 0.0133 0.1033 0.2150 0.1206 0.1782 0.3508 
 608 0.0055 0.0136 0.0211 0.2602 0.2102 0.1833 0.1008 0.2053 
 609 0.0079 0.0125 0.0278 0.0401 0.1606 0.1658 0.1227 0.4625 
 610 0.0058 0.1324 0.0516 0.0470 0.1094 0.1349 0.1775 0.3414 
 611 0.0071 0.0109 0.0242 0.0826 0.2009 0.2314 0.2682 0.1745 
 612 0.0110 0.0378 0.0443 0.0405 0.1006 0.1148 0.0974 0.5536 
 613 0.0320 0.0167 0.0431 0.0619 0.1152 0.1565 0.2184 0.3562 
 614 0.0078 0.0115 0.0150 0.0342 0.0859 0.0959 0.1624 0.5874 
 615 0.0052 0.0275 0.0190 0.0537 0.1401 0.0971 0.1423 0.5151 
 616 0.0049 0.0080 0.0125 0.0917 0.1525 0.1409 0.1795 0.4100 
 617 0.0220 0.0228 0.0423 0.0527 0.0729 0.1765 0.2137 0.3972 
 618 0.0146 0.0542 0.0368 0.1811 0.1000 0.0949 0.1768 0.3414 
 619 0.0043 0.0211 0.0449 0.0765 0.1662 0.2633 0.1890 0.2347 
 620 0.0051 0.0166 0.0451 0.0286 0.0633 0.3144 0.3530 0.1739 
 621 0.0075 0.0118 0.0128 0.0390 0.0936 0.3312 0.1173 0.3867 
 622 0.0180 0.0485 0.0341 0.0925 0.0981 0.1105 0.3104 0.2880 
 623 0.0048 0.0162 0.0198 0.0419 0.0974 0.2600 0.2860 0.2737 
 624 0.0083 0.0367 0.0260 0.1740 0.0983 0.1405 0.1096 0.4065 
 625 0.0150 0.0194 0.0197 0.1262 0.1322 0.1907 0.1233 0.3735 
 626 0.0210 0.0444 0.1026 0.1988 0.2198 0.0802 0.1324 0.2008 
 627 0.0048 0.0091 0.0251 0.0549 0.1109 0.1839 0.2796 0.3317 
 628 0.0053 0.0100 0.0156 0.0547 0.0995 0.2161 0.3698 0.2289 
 629 0.0056 0.0089 0.0132 0.0569 0.1427 0.2288 0.2192 0.3247 
 630 0.0125 0.0194 0.0250 0.0496 0.1122 0.1915 0.1237 0.4660 
 631 0.0056 0.0098 0.0152 0.0507 0.1146 0.1274 0.2012 0.4755 
 632 0.0060 0.0110 0.0186 0.0941 0.2446 0.0978 0.3226 0.2052 
 633 0.0073 0.0193 0.0157 0.0858 0.1450 0.1589 0.1516 0.4163 
 634 0.0060 0.0109 0.0335 0.1017 0.1920 0.1516 0.2403 0.2640 
 635 0.0050 0.0106 0.0188 0.1161 0.3779 0.1050 0.1352 0.2315 
 636 0.0069 0.0160 0.0193 0.1528 0.1269 0.1833 0.1157 0.3790 
 637 0.0062 0.0133 0.0604 0.0507 0.2383 0.1665 0.2385 0.2261 
 638 0.0059 0.0105 0.0138 0.0759 0.1671 0.1894 0.2411 0.2963 
 639 0.0074 0.0144 0.0168 0.0738 0.1237 0.1020 0.2094 0.4526 
 640 0.0079 0.0102 0.0122 0.0681 0.0970 0.3588 0.1581 0.2876 
 641 0.0100 0.0107 0.0140 0.0549 0.1291 0.1386 0.2789 0.3637 
 642 0.0059 0.0105 0.0288 0.1054 0.3964 0.1162 0.1611 0.1757 
 643 0.0057 0.0066 0.0192 0.3757 0.2113 0.1206 0.1120 0.1488 
 644 0.0058 0.0081 0.0209 0.3132 0.2157 0.1570 0.1423 0.1369 
 645 0.0134 0.0559 0.0267 0.2012 0.2696 0.0731 0.1391 0.2211 
