   1 0.2484 0.0994 0.2862 0.3660 
   2 0.0492 0.0283 0.0698 0.8526 
   3 0.5254 0.0757 0.2029 0.1960 
   4 0.0534 0.0482 0.6837 0.2147 
   5 0.0574 0.0306 0.0578 0.8542 
   6 0.7498 0.0174 0.0522 0.1806 
   7 0.1347 0.0136 0.0471 0.8046 
   8 0.2480 0.0327 0.3671 0.3521 
   9 0.3300 0.0476 0.1376 0.4848 
  10 0.2700 0.0156 0.1702 0.5442 
  11 0.2097 0.0171 0.0493 0.7239 
  12 0.0704 0.0313 0.1030 0.7954 
  13 0.1121 0.0244 0.0994 0.7641 
  14 0.1266 0.1630 0.1687 0.5417 
  15 0.1032 0.0442 0.2357 0.6169 
  16 0.5042 0.0326 0.0858 0.3775 
  17 0.2086 0.0358 0.0903 0.6653 
  18 0.4168 0.0314 0.2140 0.3378 
  19 0.4114 0.0190 0.0768 0.4928 
  20 0.1269 0.0465 0.0804 0.7463 
  21 0.1527 0.1143 0.3242 0.4088 
  22 0.6960 0.0262 0.0960 0.1818 
  23 0.0692 0.2550 0.2734 0.4023 
  24 0.3374 0.0434 0.2753 0.3439 
  25 0.1403 0.0220 0.0393 0.7985 
  26 0.2360 0.0449 0.1758 0.5433 
  27 0.2028 0.0648 0.1324 0.6000 
  28 0.1801 0.0277 0.3294 0.4629 
  29 0.0827 0.0454 0.0784 0.7935 
  30 0.7149 0.0421 0.0776 0.1655 
  31 0.1401 0.0465 0.1708 0.6426 
  32 0.1999 0.0569 0.2252 0.5180 
  33 0.4492 0.1143 0.1912 0.2453 
  34 0.3622 0.0193 0.0750 0.5435 
  35 0.3401 0.1971 0.0776 0.3852 
  36 0.2058 0.6020 0.0660 0.1263 
  37 0.0965 0.0640 0.3144 0.5251 
  38 0.6790 0.1230 0.0384 0.1597 
  39 0.4826 0.1178 0.0703 0.3294 
  40 0.1154 0.5134 0.2112 0.1599 
  41 0.2907 0.5133 0.0480 0.1480 
  42 0.1385 0.4221 0.3112 0.1283 
  43 0.0737 0.4476 0.1350 0.3437 
  44 0.2365 0.5834 0.0396 0.1405 
  45 0.2736 0.3627 0.0470 0.3166 
  46 0.4554 0.0966 0.0521 0.3958 
  47 0.3690 0.0471 0.1258 0.4581 
  48 0.2230 0.6211 0.0407 0.1152 
  49 0.3312 0.1740 0.0921 0.4027 
  50 0.4483 0.0561 0.1159 0.3796 
  51 0.0454 0.8506 0.0332 0.0708 
  52 0.5092 0.1095 0.0775 0.3039 
  53 0.7434 0.0532 0.0774 0.1261 
  54 0.0710 0.0986 0.1517 0.6787 
  55 0.0680 0.5025 0.0722 0.3572 
  56 0.3252 0.3845 0.1017 0.1887 
  57 0.1848 0.0185 0.2171 0.5796 
  58 0.1326 0.3604 0.0948 0.4121 
  59 0.3118 0.3419 0.0685 0.2779 
  60 0.0785 0.6138 0.1574 0.1503 
  61 0.0342 0.4939 0.1735 0.2984 
  62 0.2948 0.0433 0.0747 0.5872 
  63 0.1158 0.2642 0.1482 0.4718 
  64 0.6733 0.0325 0.0519 0.2423 
  65 0.0881 0.0285 0.0342 0.8493 
  66 0.0534 0.1079 0.2663 0.5725 
  67 0.0612 0.3125 0.0699 0.5564 
  68 0.2993 0.3350 0.0887 0.2770 
  69 0.4373 0.1404 0.1471 0.2752 
  70 0.1095 0.5891 0.0814 0.2199 
  71 0.1633 0.5737 0.0328 0.2302 
  72 0.5278 0.1589 0.0641 0.2491 
  73 0.0635 0.2934 0.0511 0.5920 
  74 0.3055 0.4281 0.1384 0.1281 
  75 0.1076 0.6029 0.1774 0.1121 
  76 0.0953 0.2509 0.0750 0.5788 
  77 0.1867 0.5647 0.0388 0.2098 
  78 0.2854 0.5178 0.0448 0.1520 
  79 0.1091 0.0141 0.0547 0.8222 
  80 0.0755 0.0170 0.6473 0.2602 
  81 0.1025 0.0145 0.4597 0.4234 
  82 0.0541 0.0745 0.1438 0.7276 
  83 0.1850 0.0408 0.3445 0.4296 
  84 0.1235 0.0244 0.2557 0.5964 
  85 0.1919 0.0334 0.4098 0.3649 
  86 0.1124 0.1102 0.0679 0.7096 
  87 0.0966 0.0277 0.0617 0.8140 
  88 0.0556 0.0281 0.2746 0.6417 
  89 0.0585 0.0220 0.4805 0.4391 
  90 0.0585 0.0157 0.0617 0.8641 
  91 0.1096 0.0351 0.6347 0.2206 
  92 0.0777 0.0209 0.1028 0.7986 
  93 0.0381 0.0173 0.8418 0.1027 
  94 0.4702 0.0284 0.0531 0.4483 
  95 0.0458 0.0214 0.1368 0.7961 
  96 0.0362 0.5164 0.2441 0.2032 
  97 0.2022 0.3562 0.2583 0.1834 
  98 0.1240 0.4091 0.1283 0.3385 
  99 0.0828 0.0188 0.2191 0.6793 
 100 0.0319 0.0270 0.7940 0.1471 
 101 0.0653 0.0505 0.1075 0.7767 
 102 0.0962 0.0931 0.4107 0.3999 
 103 0.0419 0.0489 0.2258 0.6834 
 104 0.0602 0.0447 0.0780 0.8171 
 105 0.0356 0.0454 0.1385 0.7805 
 106 0.2498 0.0319 0.0273 0.6911 
 107 0.0473 0.0467 0.1414 0.7646 
 108 0.0934 0.6421 0.0451 0.2194 
 109 0.1255 0.0395 0.0287 0.8063 
 110 0.2676 0.0223 0.0340 0.6762 
 111 0.0459 0.0223 0.0370 0.8948 
 112 0.1179 0.0314 0.0291 0.8216 
 113 0.1257 0.1282 0.1099 0.6362 
 114 0.0508 0.0319 0.0975 0.8197 
 115 0.0538 0.1358 0.0513 0.7591 
 116 0.2066 0.1344 0.0318 0.6272 
 117 0.1443 0.0368 0.0450 0.7739 
 118 0.0488 0.0511 0.0472 0.8529 
 119 0.0552 0.5298 0.2232 0.1918 
 120 0.0638 0.0414 0.0512 0.8436 
 121 0.0607 0.1719 0.0425 0.7249 
 122 0.1841 0.0269 0.0370 0.7521 
 123 0.0994 0.0358 0.0550 0.8099 
 124 0.3545 0.0987 0.0477 0.4991 
 125 0.4954 0.0730 0.0524 0.3792 
 126 0.1838 0.1154 0.0663 0.6345 
 127 0.0468 0.0242 0.0425 0.8865 
 128 0.0395 0.0474 0.0501 0.8630 
 129 0.0337 0.0310 0.0399 0.8954 
 130 0.0538 0.0244 0.1038 0.8180 
 131 0.4011 0.1591 0.0393 0.4005 
 132 0.1100 0.0318 0.0329 0.8253 
 133 0.0589 0.0523 0.0592 0.8295 
 134 0.1852 0.0165 0.0230 0.7753 
 135 0.0438 0.1622 0.5913 0.2027 
 136 0.0426 0.0165 0.8399 0.1010 
 137 0.0359 0.0151 0.8022 0.1469 
 138 0.0442 0.0242 0.8554 0.0762 
 139 0.0604 0.2196 0.4761 0.2438 
 140 0.1015 0.0837 0.5452 0.2696 
 141 0.0757 0.0266 0.7814 0.1162 
 142 0.0383 0.2016 0.6011 0.1590 
 143 0.0277 0.0160 0.8898 0.0665 
 144 0.0318 0.0170 0.8138 0.1375 
 145 0.0927 0.0402 0.6846 0.1825 
 146 0.0828 0.0503 0.5368 0.3301 
 147 0.0316 0.0133 0.8850 0.0701 
 148 0.0518 0.0524 0.6696 0.2262 
 149 0.0502 0.0407 0.8165 0.0926 
 150 0.0444 0.0238 0.6491 0.2827 
 151 0.0354 0.0204 0.8370 0.1072 
 152 0.0723 0.1009 0.6099 0.2169 
 153 0.0617 0.0469 0.7829 0.1085 
 154 0.0403 0.0290 0.8154 0.1153 
 155 0.0322 0.0192 0.8575 0.0910 
 156 0.0298 0.1096 0.7218 0.1387 
 157 0.0652 0.0253 0.6948 0.2147 
 158 0.0908 0.0296 0.7153 0.1643 
 159 0.0295 0.0140 0.8817 0.0748 
 160 0.0307 0.0144 0.8724 0.0825 
 161 0.0739 0.0391 0.7278 0.1592 
 162 0.0902 0.0592 0.4642 0.3864 
 163 0.0306 0.0274 0.8595 0.0825 
 164 0.0626 0.0306 0.4617 0.4451 
 165 0.0384 0.0213 0.7032 0.2371 
 166 0.0912 0.0627 0.5904 0.2557 
 167 0.0566 0.0235 0.6889 0.2310 
 168 0.0834 0.0492 0.7600 0.1074 
 169 0.4081 0.0539 0.3876 0.1504 
 170 0.0344 0.0593 0.7845 0.1218 
 171 0.0789 0.0492 0.6412 0.2307 
 172 0.1756 0.1974 0.5386 0.0885 
 173 0.0286 0.0185 0.8667 0.0862 
 174 0.0369 0.0151 0.8450 0.1031 
 175 0.0395 0.0211 0.8607 0.0786 
 176 0.0320 0.0165 0.8141 0.1374 
 177 0.1252 0.0371 0.5434 0.2943 
 178 0.0575 0.0167 0.7904 0.1353 
 179 0.0295 0.0144 0.8875 0.0686 
 180 0.0817 0.0438 0.6568 0.2177 
 181 0.0552 0.0491 0.7530 0.1427 
 182 0.0278 0.0316 0.8214 0.1192 
 183 0.0312 0.0173 0.8729 0.0786 
 184 0.0912 0.0574 0.0837 0.7677 
 185 0.0266 0.0837 0.8090 0.0806 
 186 0.0631 0.0331 0.0652 0.8386 
 187 0.0677 0.0539 0.4631 0.4153 
 188 0.0495 0.0336 0.0492 0.8677 
 189 0.2976 0.0674 0.3965 0.2385 
 190 0.0223 0.6013 0.2753 0.1011 
 191 0.0449 0.0398 0.1840 0.7313 
 192 0.0684 0.0378 0.3719 0.5219 
 193 0.0843 0.1030 0.3257 0.4870 
 194 0.0566 0.0900 0.3016 0.5518 
 195 0.0273 0.0631 0.7899 0.1197 
 196 0.0361 0.4980 0.2548 0.2111 
 197 0.1401 0.0604 0.1761 0.6233 
 198 0.1395 0.0829 0.2128 0.5648 
 199 0.0397 0.4351 0.2584 0.2667 
 200 0.0819 0.3977 0.2164 0.3039 
 201 0.0371 0.0554 0.7707 0.1367 
 202 0.0279 0.1017 0.7093 0.1612 
 203 0.0323 0.0419 0.7738 0.1520 
 204 0.0294 0.1158 0.5548 0.3000 
 205 0.0630 0.2632 0.2003 0.4736 
 206 0.0361 0.0860 0.4911 0.3867 
 207 0.0335 0.1648 0.1542 0.6475 
 208 0.0386 0.2646 0.4274 0.2694 
 209 0.0568 0.0845 0.2542 0.6045 
 210 0.0388 0.0907 0.4956 0.3749 
 211 0.0277 0.4028 0.1631 0.4064 
 212 0.0497 0.0491 0.7730 0.1282 
 213 0.0593 0.2426 0.1420 0.5561 
 214 0.0347 0.0747 0.7606 0.1301 
 215 0.0474 0.2389 0.1097 0.6040 
 216 0.0925 0.0619 0.1115 0.7341 
 217 0.0508 0.0913 0.7188 0.1391 
 218 0.0632 0.0810 0.3055 0.5502 
 219 0.1851 0.0410 0.3654 0.4084 
 220 0.0337 0.0940 0.2099 0.6624 
 221 0.0252 0.1122 0.7881 0.0744 
 222 0.1582 0.0430 0.1879 0.6110 
 223 0.0913 0.0603 0.5518 0.2966 
 224 0.0359 0.0409 0.6837 0.2394 
 225 0.0474 0.1771 0.3593 0.4163 
 226 0.2322 0.2355 0.2503 0.2820 
 227 0.0330 0.1852 0.4590 0.3228 
 228 0.0269 0.1689 0.6653 0.1389 
 229 0.0423 0.0235 0.6769 0.2574 
 230 0.0358 0.0377 0.5978 0.3287 
 231 0.0607 0.0284 0.6230 0.2879 
 232 0.0802 0.1011 0.3869 0.4318 
 233 0.0338 0.0423 0.8030 0.1209 
 234 0.0972 0.0450 0.3123 0.5454 
 235 0.1000 0.1565 0.4641 0.2793 
 236 0.0653 0.0676 0.5759 0.2913 
 237 0.0368 0.1047 0.2593 0.5992 
 238 0.0444 0.0675 0.7058 0.1823 
 239 0.0279 0.0659 0.7869 0.1193 
 240 0.0436 0.0677 0.7114 0.1773 
 241 0.0334 0.0535 0.7843 0.1288 
 242 0.1159 0.0560 0.4534 0.3747 
 243 0.0261 0.5291 0.2780 0.1668 
 244 0.0333 0.0428 0.7398 0.1842 
 245 0.0311 0.0500 0.8184 0.1005 
 246 0.0496 0.0903 0.7210 0.1391 
 247 0.0852 0.0824 0.0545 0.7779 
 248 0.0398 0.1573 0.0693 0.7337 
 249 0.0390 0.0616 0.6627 0.2367 
 250 0.0592 0.0468 0.4450 0.4489 
 251 0.1353 0.1566 0.1569 0.5512 
 252 0.0617 0.0827 0.5069 0.3487 
 253 0.0834 0.1784 0.1236 0.6146 
 254 0.1087 0.0592 0.2307 0.6014 
 255 0.0838 0.0482 0.3502 0.5178 
 256 0.0427 0.1458 0.5999 0.2115 
 257 0.0455 0.1724 0.2817 0.5004 
 258 0.0608 0.2630 0.1457 0.5305 
 259 0.0445 0.0680 0.2164 0.6712 
 260 0.1338 0.0339 0.4070 0.4252 
 261 0.0597 0.1186 0.6118 0.2099 
 262 0.0310 0.2555 0.6175 0.0960 
 263 0.0464 0.0791 0.1995 0.6750 
 264 0.4358 0.0682 0.0475 0.4485 
 265 0.1148 0.1277 0.3446 0.4129 
 266 0.0255 0.0829 0.8111 0.0804 
 267 0.0568 0.0602 0.3780 0.5050 
 268 0.0359 0.5062 0.2519 0.2061 
 269 0.2401 0.0546 0.3710 0.3342 
 270 0.0713 0.0518 0.1271 0.7498 
 271 0.0495 0.2972 0.1304 0.5230 
 272 0.1193 0.4691 0.1332 0.2785 
 273 0.1292 0.1692 0.4096 0.2920 
 274 0.1047 0.1593 0.2119 0.5242 
 275 0.1366 0.1987 0.3317 0.3331 
 276 0.0978 0.4622 0.1109 0.3291 
 277 0.0949 0.0585 0.4909 0.3558 
 278 0.0439 0.4715 0.1250 0.3596 
 279 0.0703 0.1069 0.3713 0.4515 
 280 0.1927 0.1597 0.2881 0.3595 
 281 0.0593 0.1061 0.2145 0.6201 
 282 0.0793 0.0380 0.6464 0.2363 
 283 0.0406 0.0318 0.7631 0.1645 
 284 0.0583 0.1094 0.3452 0.4871 
 285 0.0555 0.2467 0.0408 0.6571 
 286 0.0335 0.0426 0.7399 0.1840 
 287 0.1519 0.0683 0.3163 0.4635 
 288 0.1714 0.2186 0.2006 0.4094 
 289 0.1015 0.2053 0.1730 0.5202 
 290 0.2110 0.3278 0.1482 0.3131 
 291 0.0486 0.2925 0.1305 0.5283 
 292 0.1411 0.2798 0.3510 0.2281 
 293 0.3384 0.2569 0.0877 0.3170 
 294 0.0612 0.1140 0.1828 0.6421 
 295 0.1223 0.2292 0.2078 0.4407 
 296 0.0448 0.1723 0.1929 0.5900 
 297 0.2146 0.0791 0.1751 0.5312 
 298 0.0756 0.0292 0.5315 0.3637 
 299 0.0601 0.0318 0.1865 0.7215 
 300 0.0502 0.1176 0.1454 0.6869 
 301 0.1375 0.0694 0.1320 0.6611 
 302 0.0551 0.2487 0.1582 0.5380 
 303 0.0650 0.0535 0.6652 0.2162 
 304 0.1416 0.0275 0.4669 0.3641 
 305 0.0365 0.1084 0.6989 0.1562 
 306 0.0684 0.0769 0.6991 0.1557 
 307 0.0645 0.0858 0.3116 0.5381 
 308 0.0602 0.1169 0.6149 0.2080 
 309 0.0534 0.2316 0.1871 0.5279 
 310 0.0330 0.1979 0.5930 0.1761 
 311 0.0350 0.0360 0.5953 0.3337 
 312 0.0309 0.1136 0.1994 0.6561 
 313 0.0338 0.3906 0.0785 0.4971 
 314 0.0301 0.0234 0.8861 0.0604 
 315 0.0457 0.0368 0.8430 0.0744 
 316 0.0549 0.0244 0.8434 0.0773 
 317 0.0305 0.0143 0.8936 0.0616 
 318 0.0328 0.0119 0.8953 0.0599 
 319 0.0287 0.0157 0.8868 0.0688 
 320 0.0297 0.0238 0.8854 0.0612 
 321 0.0348 0.0130 0.8891 0.0630 
 322 0.0499 0.0370 0.8333 0.0797 
 323 0.0313 0.0117 0.8929 0.0640 
 324 0.0343 0.0132 0.8885 0.0640 
 325 0.0574 0.0203 0.8479 0.0745 
 326 0.0567 0.0213 0.8529 0.0691 
 327 0.0315 0.0143 0.8930 0.0611 
 328 0.0493 0.0277 0.8386 0.0844 
 329 0.0289 0.0121 0.8950 0.0639 
 330 0.0307 0.0139 0.8940 0.0613 
 331 0.0290 0.0120 0.8949 0.0641 
 332 0.0666 0.0189 0.8384 0.0760 
 333 0.0483 0.0231 0.8527 0.0759 
 334 0.0503 0.0280 0.8346 0.0870 
 335 0.0438 0.0282 0.8506 0.0774 
 336 0.0368 0.0168 0.8856 0.0608 
 337 0.0590 0.0251 0.8375 0.0785 
 338 0.0343 0.0108 0.8930 0.0619 
 339 0.0291 0.0118 0.8952 0.0638 
 340 0.0265 0.0130 0.8984 0.0621 
 341 0.0297 0.0128 0.8921 0.0655 
 342 0.0308 0.0143 0.8935 0.0614 
 343 0.0522 0.0486 0.8208 0.0784 
 344 0.0297 0.0115 0.8968 0.0620 
 345 0.0313 0.0140 0.8929 0.0618 
 346 0.0300 0.0122 0.8984 0.0594 
 347 0.0269 0.0124 0.9010 0.0596 
 348 0.0411 0.0585 0.8247 0.0757 
 349 0.0307 0.0147 0.8942 0.0605 
 350 0.0293 0.0191 0.8846 0.0670 
 351 0.0439 0.0288 0.8492 0.0781 
 352 0.0517 0.0292 0.8440 0.0751 
 353 0.0366 0.0166 0.8861 0.0607 
 354 0.0299 0.0118 0.8945 0.0637 
 355 0.0338 0.0117 0.8936 0.0608 
 356 0.0412 0.0753 0.8050 0.0785 
 357 0.2317 0.0257 0.5492 0.1934 
 358 0.0511 0.0199 0.8502 0.0787 
 359 0.0299 0.0117 0.8924 0.0660 
 360 0.0293 0.0127 0.8989 0.0591 
 361 0.2379 0.0385 0.4908 0.2329 
 362 0.2491 0.0435 0.0919 0.6155 
 363 0.5084 0.0532 0.0477 0.3908 
 364 0.2309 0.0305 0.3663 0.3723 
 365 0.5387 0.0362 0.0557 0.3694 
 366 0.3567 0.2688 0.1455 0.2290 
 367 0.3634 0.0164 0.0279 0.5923 
 368 0.0701 0.0172 0.0510 0.8617 
 369 0.1972 0.1800 0.3677 0.2552 
 370 0.0809 0.0535 0.0781 0.7875 
 371 0.2818 0.0691 0.1464 0.5026 
 372 0.0783 0.0651 0.1383 0.7183 
 373 0.1542 0.0225 0.0964 0.7269 
 374 0.2856 0.0347 0.3457 0.3340 
 375 0.3272 0.0205 0.0413 0.6110 
 376 0.8404 0.0147 0.0316 0.1133 
 377 0.3228 0.0499 0.0700 0.5574 
 378 0.0874 0.0243 0.1782 0.7100 
 379 0.8474 0.0210 0.0289 0.1027 
 380 0.6769 0.0667 0.1381 0.1184 
 381 0.7395 0.0581 0.1078 0.0946 
 382 0.3853 0.0162 0.0452 0.5533 
 383 0.7500 0.0230 0.1243 0.1027 
 384 0.5886 0.0279 0.1023 0.2811 
 385 0.1031 0.0133 0.1540 0.7296 
 386 0.4402 0.0249 0.0439 0.4911 
 387 0.3924 0.0271 0.0505 0.5299 
 388 0.1836 0.0243 0.2707 0.5215 
 389 0.0619 0.2534 0.0620 0.6227 
 390 0.4574 0.2157 0.0406 0.2864 
 391 0.1204 0.1144 0.0889 0.6763 
 392 0.6487 0.0283 0.0940 0.2290 
 393 0.7883 0.0564 0.0617 0.0936 
 394 0.2067 0.0309 0.2625 0.4999 
 395 0.2707 0.3427 0.0569 0.3297 
 396 0.2738 0.0183 0.0314 0.6765 
 397 0.1762 0.0384 0.2074 0.5780 
 398 0.7578 0.0224 0.0311 0.1887 
 399 0.2271 0.0819 0.0427 0.6483 
 400 0.4959 0.0221 0.0605 0.4215 
 401 0.1849 0.0844 0.0648 0.6659 
 402 0.1633 0.1099 0.0768 0.6500 
 403 0.1231 0.0304 0.3812 0.4653 
 404 0.4000 0.0310 0.1052 0.4638 
 405 0.3559 0.0623 0.1039 0.4779 
 406 0.1548 0.6756 0.0820 0.0876 
 407 0.8046 0.0183 0.0314 0.1458 
 408 0.0564 0.1210 0.0317 0.7908 
 409 0.1942 0.4215 0.2506 0.1337 
 410 0.5366 0.0354 0.0891 0.3389 
 411 0.6028 0.0744 0.1605 0.1623 
 412 0.0976 0.0150 0.0493 0.8381 
 413 0.1048 0.0268 0.1671 0.7014 
 414 0.0813 0.0167 0.0358 0.8661 
 415 0.7286 0.0607 0.0485 0.1621 
 416 0.3926 0.0487 0.0849 0.4739 
 417 0.7374 0.0199 0.0403 0.2024 
 418 0.2179 0.0142 0.0339 0.7339 
 419 0.2173 0.1163 0.1877 0.4787 
 420 0.2224 0.2266 0.0421 0.5089 
 421 0.4778 0.0271 0.0521 0.4430 
 422 0.3471 0.2215 0.0659 0.3655 
 423 0.6024 0.0359 0.0661 0.2955 
 424 0.1329 0.1330 0.0647 0.6694 
 425 0.2517 0.0391 0.0978 0.6114 
 426 0.1655 0.0249 0.0780 0.7317 
 427 0.6938 0.0314 0.1172 0.1575 
 428 0.4130 0.1206 0.1916 0.2749 
 429 0.7503 0.0142 0.0284 0.2072 
 430 0.7706 0.0219 0.0378 0.1698 
 431 0.1143 0.0253 0.0682 0.7921 
 432 0.0798 0.0207 0.0597 0.8399 
 433 0.0535 0.0527 0.2677 0.6260 
 434 0.2184 0.0396 0.1579 0.5840 
 435 0.7866 0.0261 0.0302 0.1570 
 436 0.8237 0.0281 0.0504 0.0977 
 437 0.7937 0.0178 0.0348 0.1537 
 438 0.4109 0.2902 0.0745 0.2244 
 439 0.8478 0.0175 0.0381 0.0966 
 440 0.8330 0.0227 0.0246 0.1197 
 441 0.5956 0.0284 0.1023 0.2737 
 442 0.6337 0.0357 0.0362 0.2944 
 443 0.3865 0.1216 0.0327 0.4591 
 444 0.7053 0.0480 0.0354 0.2113 
 445 0.5529 0.1368 0.1460 0.1643 
 446 0.7278 0.0221 0.0351 0.2150 
 447 0.5837 0.0831 0.0785 0.2547 
 448 0.6130 0.0295 0.0381 0.3193 
 449 0.5629 0.0328 0.0699 0.3344 
 450 0.6799 0.0129 0.0617 0.2455 
 451 0.1095 0.0338 0.0272 0.8295 
 452 0.7441 0.0148 0.0503 0.1908 
 453 0.0866 0.5034 0.0705 0.3395 
 454 0.6145 0.0281 0.0826 0.2748 
 455 0.7129 0.0823 0.0352 0.1697 
 456 0.6424 0.1240 0.0321 0.2016 
 457 0.8189 0.0186 0.0364 0.1260 
 458 0.8135 0.0178 0.0410 0.1277 
 459 0.5367 0.0464 0.1077 0.3092 
 460 0.7171 0.0236 0.0330 0.2264 
 461 0.5622 0.0140 0.0333 0.3905 
 462 0.6492 0.0474 0.0266 0.2769 
 463 0.2315 0.5668 0.0549 0.1468 
 464 0.5952 0.0620 0.0318 0.3111 
 465 0.2658 0.0487 0.0474 0.6381 
 466 0.3017 0.2484 0.0370 0.4128 
 467 0.6230 0.0563 0.0739 0.2469 
 468 0.8232 0.0486 0.0307 0.0976 
 469 0.8663 0.0186 0.0319 0.0831 
 470 0.8153 0.0216 0.0294 0.1337 
 471 0.3083 0.2085 0.0435 0.4397 
 472 0.4103 0.0787 0.0482 0.4628 
 473 0.4620 0.0491 0.0744 0.4145 
 474 0.7205 0.0311 0.0543 0.1941 
 475 0.2912 0.0398 0.0756 0.5935 
 476 0.8282 0.0257 0.0390 0.1071 
 477 0.1810 0.0575 0.0660 0.6955 
 478 0.1537 0.0214 0.0320 0.7929 
 479 0.7570 0.0188 0.0298 0.1943 
 480 0.8542 0.0157 0.0341 0.0960 
 481 0.2744 0.0442 0.0415 0.6398 
 482 0.8256 0.0141 0.0297 0.1306 
 483 0.7741 0.0259 0.0403 0.1596 
 484 0.5332 0.1980 0.0497 0.2192 
 485 0.7942 0.0402 0.0326 0.1331 
 486 0.0696 0.1043 0.0595 0.7666 
 487 0.0871 0.0453 0.1579 0.7097 
 488 0.0486 0.0301 0.0826 0.8387 
 489 0.1101 0.1521 0.2862 0.4515 
 490 0.0882 0.0541 0.0357 0.8220 
 491 0.0551 0.0616 0.1866 0.6967 
 492 0.0564 0.0768 0.2629 0.6039 
 493 0.0538 0.0389 0.0775 0.8298 
 494 0.0963 0.0640 0.1355 0.7042 
 495 0.0638 0.0499 0.1262 0.7601 
 496 0.0782 0.1061 0.4121 0.4036 
 497 0.0510 0.0246 0.1387 0.7857 
 498 0.0813 0.1408 0.1057 0.6722 
 499 0.0657 0.0558 0.3311 0.5473 
 500 0.1618 0.0501 0.0836 0.7045 
 501 0.1394 0.0312 0.1933 0.6362 
 502 0.0774 0.0194 0.2121 0.6911 
 503 0.3798 0.0337 0.0510 0.5355 
 504 0.0473 0.0408 0.0508 0.8611 
 505 0.0588 0.2133 0.1352 0.5927 
 506 0.0725 0.0299 0.2069 0.6907 
 507 0.0350 0.0564 0.7944 0.1141 
 508 0.0316 0.1400 0.6180 0.2104 
 509 0.0545 0.0982 0.2796 0.5677 
 510 0.1477 0.0366 0.3324 0.4833 
 511 0.4484 0.0749 0.0689 0.4078 
 512 0.4050 0.0195 0.0385 0.5370 
 513 0.0253 0.0804 0.0670 0.8273 
 514 0.0591 0.0322 0.0633 0.8454 
 515 0.4377 0.0963 0.1716 0.2943 
 516 0.0460 0.0723 0.0687 0.8130 
 517 0.1820 0.2618 0.1529 0.4033 
 518 0.1672 0.0295 0.3547 0.4485 
 519 0.0726 0.0335 0.0702 0.8237 
 520 0.1901 0.3588 0.3051 0.1460 
 521 0.0691 0.0633 0.4557 0.4119 
 522 0.4990 0.2192 0.0556 0.2261 
 523 0.0604 0.5193 0.1613 0.2590 
 524 0.4436 0.1507 0.1038 0.3019 
 525 0.2772 0.0671 0.3255 0.3302 
 526 0.2123 0.5971 0.0815 0.1090 
 527 0.1495 0.0193 0.0592 0.7720 
 528 0.0464 0.0617 0.7056 0.1863 
 529 0.0686 0.0435 0.1848 0.7030 
 530 0.4386 0.1134 0.1115 0.3365 
 531 0.2111 0.0749 0.4538 0.2601 
 532 0.1042 0.0732 0.3203 0.5023 
 533 0.3103 0.1159 0.0978 0.4760 
 534 0.0385 0.1534 0.1483 0.6598 
 535 0.1512 0.3942 0.0833 0.3712 
 536 0.2851 0.2121 0.2279 0.2749 
 537 0.0636 0.3674 0.3881 0.1810 
 538 0.1011 0.2609 0.3097 0.3284 
 539 0.0365 0.0496 0.8147 0.0992 
 540 0.1302 0.2125 0.3545 0.3028 
 541 0.1141 0.0646 0.5989 0.2224 
 542 0.1627 0.6308 0.0624 0.1442 
 543 0.0577 0.3833 0.1983 0.3607 
 544 0.0896 0.6087 0.1067 0.1950 
 545 0.1045 0.7327 0.0375 0.1253 
 546 0.0885 0.3810 0.2242 0.3063 
 547 0.0446 0.7407 0.0962 0.1185 
 548 0.0592 0.0465 0.4447 0.4496 
 549 0.1806 0.2668 0.4433 0.1093 
 550 0.2246 0.5342 0.0620 0.1792 
 551 0.0810 0.0640 0.6668 0.1883 
 552 0.0886 0.2704 0.3850 0.2560 
 553 0.0304 0.7056 0.1404 0.1237 
 554 0.2307 0.0827 0.2044 0.4822 
 555 0.0609 0.2347 0.4649 0.2396 
 556 0.0821 0.3325 0.2429 0.3425 
 557 0.2400 0.4842 0.0904 0.1855 
 558 0.8360 0.0125 0.0303 0.1213 
 559 0.0661 0.0448 0.0581 0.8310 
 560 0.4809 0.0272 0.0258 0.4661 
 561 0.2345 0.0440 0.0342 0.6872 
 562 0.1564 0.0581 0.0260 0.7596 
 563 0.1065 0.0554 0.1445 0.6936 
 564 0.0724 0.0978 0.0749 0.7549 
 565 0.8221 0.0167 0.0365 0.1248 
 566 0.3094 0.0243 0.0260 0.6404 
 567 0.0556 0.0330 0.0448 0.8666 
 568 0.1561 0.0768 0.0590 0.7081 
 569 0.3702 0.1408 0.0599 0.4290 
 570 0.7856 0.0136 0.0280 0.1729 
 571 0.1044 0.0243 0.0406 0.8306 
 572 0.1334 0.5016 0.1676 0.1973 
 573 0.1723 0.0812 0.0713 0.6751 
 574 0.4579 0.0370 0.1513 0.3539 
 575 0.1278 0.0396 0.0934 0.7392 
 576 0.1720 0.0156 0.0258 0.7866 
 577 0.3563 0.0282 0.1279 0.4877 
 578 0.2087 0.0319 0.0457 0.7137 
 579 0.1972 0.0297 0.0448 0.7283 
 580 0.5233 0.0226 0.0767 0.3774 
 581 0.5128 0.0230 0.0556 0.4086 
 582 0.7282 0.0307 0.0304 0.2107 
 583 0.1644 0.0210 0.0419 0.7727 
 584 0.1497 0.0166 0.0310 0.8026 
 585 0.2686 0.0242 0.0382 0.6690 
 586 0.0743 0.0282 0.0523 0.8452 
 587 0.4408 0.0544 0.0312 0.4736 
 588 0.0279 0.4117 0.0581 0.5023 
 589 0.6567 0.0770 0.0326 0.2338 
 590 0.0590 0.0232 0.0370 0.8808 
 591 0.0795 0.0201 0.0448 0.8556 
 592 0.1668 0.1230 0.0384 0.6717 
 593 0.2287 0.0409 0.0749 0.6555 
 594 0.0636 0.0235 0.0790 0.8339 
 595 0.1868 0.0146 0.0293 0.7693 
 596 0.1737 0.2330 0.0713 0.5220 
 597 0.0675 0.0809 0.1798 0.6718 
 598 0.8454 0.0135 0.0280 0.1131 
 599 0.2148 0.0515 0.0297 0.7041 
 600 0.4861 0.0447 0.0935 0.3757 
 601 0.4308 0.0372 0.0298 0.5022 
 602 0.0634 0.0249 0.1415 0.7703 
 603 0.0616 0.0296 0.1286 0.7802 
 604 0.5017 0.0389 0.1122 0.3472 
 605 0.1743 0.0557 0.0527 0.7173 
 606 0.1568 0.0629 0.1918 0.5885 
 607 0.2001 0.0225 0.3044 0.4730 
 608 0.2010 0.0246 0.4653 0.3092 
 609 0.4056 0.0412 0.0710 0.4822 
 610 0.5963 0.1039 0.0558 0.2440 
 611 0.0772 0.0581 0.1199 0.7447 
 612 0.8152 0.0290 0.0405 0.1153 
 613 0.2470 0.0667 0.0757 0.6106 
 614 0.7356 0.0264 0.0462 0.1918 
 615 0.7342 0.0270 0.0823 0.1564 
 616 0.1922 0.0232 0.2139 0.5707 
 617 0.3362 0.0533 0.0459 0.5646 
 618 0.5175 0.0665 0.1865 0.2294 
 619 0.1997 0.1711 0.1482 0.4810 
 620 0.0974 0.1046 0.0310 0.7669 
 621 0.1609 0.0140 0.0417 0.7834 
 622 0.4071 0.1243 0.1424 0.3262 
 623 0.1217 0.0400 0.0470 0.7913 
 624 0.6907 0.0238 0.1290 0.1566 
 625 0.4643 0.0205 0.1569 0.3583 
 626 0.2838 0.1457 0.4565 0.1140 
 627 0.1398 0.0418 0.0672 0.7512 
 628 0.0838 0.0333 0.0649 0.8180 
 629 0.1446 0.0222 0.0819 0.7513 
 630 0.5835 0.0329 0.0577 0.3258 
 631 0.3941 0.0218 0.0796 0.5045 
 632 0.1167 0.1037 0.3349 0.4447 
 633 0.3893 0.0251 0.1282 0.4574 
 634 0.1794 0.0658 0.2026 0.5522 
 635 0.1494 0.0308 0.5686 0.2512 
 636 0.4095 0.0303 0.2374 0.3228 
 637 0.1521 0.2652 0.1210 0.4617 
 638 0.1237 0.0224 0.1166 0.7373 
 639 0.3526 0.0321 0.1235 0.4918 
 640 0.1184 0.0147 0.0524 0.8146 
 641 0.1609 0.0257 0.0764 0.7370 
 642 0.0845 0.0699 0.6019 0.2438 
 643 0.0513 0.0227 0.8036 0.1224 
 644 0.0527 0.0276 0.6366 0.2831 
 645 0.3066 0.0460 0.5403 0.1072 
 646 0.0942 0.1043 0.1415 0.6600 
 647 0.0661 0.0648 0.3682 0.5009 
 648 0.1151 0.1327 0.3486 0.4035 
 649 0.0468 0.3120 0.2058 0.4354 
 650 0.0508 0.0741 0.1773 0.6978 
 651 0.0504 0.0196 0.4633 0.4667 
 652 0.0648 0.0396 0.6188 0.2769 
 653 0.0899 0.0828 0.4229 0.4043 
 654 0.0694 0.1195 0.5814 0.2297 
 655 0.0815 0.0423 0.5279 0.3484 
 656 0.0825 0.1358 0.2785 0.5033 
 657 0.2432 0.0304 0.1951 0.5313 
 658 0.1406 0.1155 0.2388 0.5051 
 659 0.0773 0.0966 0.5406 0.2855 
 660 0.0441 0.0509 0.7316 0.1734 
 661 0.0802 0.1875 0.5814 0.1509 
 662 0.0376 0.4910 0.1122 0.3593 
 663 0.0700 0.0391 0.6249 0.2661 
 664 0.2010 0.0607 0.2577 0.4805 
 665 0.0467 0.3364 0.1589 0.4580 
 666 0.0705 0.0844 0.6110 0.2340 
 667 0.0649 0.0406 0.0838 0.8106 
 668 0.1226 0.0840 0.4896 0.3038 
 669 0.0582 0.0856 0.3581 0.4980 
 670 0.0310 0.0204 0.8640 0.0846 
 671 0.0396 0.0374 0.7676 0.1553 
 672 0.0827 0.0626 0.6852 0.1695 
 673 0.0326 0.0122 0.8874 0.0677 
 674 0.0576 0.0283 0.7931 0.1210 
 675 0.0320 0.0169 0.8114 0.1397 
 676 0.0309 0.0140 0.8882 0.0670 
 677 0.0274 0.0830 0.8146 0.0750 
 678 0.0324 0.0117 0.8843 0.0715 
 679 0.0576 0.0130 0.8142 0.1152 
 680 0.0522 0.0222 0.8267 0.0989 
 681 0.1366 0.3236 0.3105 0.2294 
 682 0.0556 0.0220 0.8380 0.0843 
 683 0.0301 0.0221 0.8704 0.0774 
 684 0.0322 0.0140 0.8777 0.0761 
 685 0.0277 0.0155 0.8929 0.0638 
 686 0.0499 0.0792 0.7714 0.0995 
 687 0.0367 0.0523 0.7649 0.1460 
 688 0.0375 0.0198 0.8339 0.1088 
 689 0.0289 0.0140 0.8912 0.0659 
 690 0.0305 0.0140 0.8882 0.0673 
 691 0.0506 0.0217 0.8223 0.1054 
 692 0.0439 0.0145 0.8332 0.1084 
 693 0.0505 0.0183 0.8192 0.1120 
 694 0.0255 0.0158 0.8967 0.0620 
 695 0.0432 0.0395 0.8442 0.0731 
 696 0.0372 0.0192 0.8372 0.1063 
 697 0.0301 0.0184 0.8815 0.0700 
 698 0.0303 0.0151 0.8851 0.0696 
 699 0.0390 0.1338 0.7536 0.0736 
 700 0.0780 0.0562 0.7737 0.0920 
 701 0.0671 0.0329 0.7720 0.1281 
 702 0.0706 0.0526 0.7323 0.1444 
 703 0.0547 0.0238 0.8333 0.0882 
 704 0.0344 0.0289 0.8409 0.0958 
 705 0.0717 0.3363 0.4408 0.1512 
 706 0.0486 0.0333 0.8390 0.0791 
 707 0.0323 0.0232 0.8738 0.0706 
 708 0.0293 0.0176 0.8768 0.0763 
 709 0.0336 0.0443 0.8549 0.0672 
 710 0.0267 0.0172 0.8953 0.0608 
 711 0.0463 0.0566 0.8098 0.0874 
 712 0.0253 0.0667 0.8389 0.0690 
 713 0.0347 0.0218 0.8424 0.1012 
 714 0.0559 0.0189 0.7809 0.1442 
 715 0.0262 0.0361 0.8775 0.0603 
 716 0.0468 0.0310 0.8500 0.0722 
 717 0.0274 0.0214 0.8916 0.0596 
 718 0.0463 0.0411 0.7990 0.1135 
 719 0.0262 0.0316 0.8779 0.0643 
 720 0.1536 0.0208 0.0455 0.7801 
 721 0.1648 0.0310 0.6246 0.1796 
 722 0.4821 0.0489 0.0933 0.3756 
 723 0.5399 0.0178 0.0838 0.3585 
 724 0.6054 0.0266 0.2142 0.1538 
 725 0.1170 0.0405 0.2618 0.5807 
 726 0.5479 0.0765 0.1410 0.2345 
 727 0.1878 0.2499 0.2680 0.2943 
 728 0.8736 0.0173 0.0259 0.0832 
 729 0.8437 0.0149 0.0289 0.1124 
 730 0.4076 0.0175 0.0603 0.5145 
 731 0.7551 0.0216 0.0642 0.1591 
 732 0.5362 0.0180 0.0840 0.3618 
 733 0.8131 0.0132 0.0399 0.1339 
 734 0.8075 0.0145 0.0278 0.1502 
 735 0.8330 0.0116 0.0478 0.1076 
 736 0.5445 0.0218 0.0565 0.3772 
 737 0.4651 0.0581 0.0623 0.4146 
 738 0.4475 0.0191 0.0537 0.4797 
 739 0.8240 0.0134 0.0361 0.1266 
 740 0.0490 0.0198 0.7437 0.1876 
 741 0.0994 0.0394 0.5631 0.2982 
 742 0.1258 0.0181 0.1691 0.6870 
 743 0.0947 0.0178 0.1024 0.7851 
 744 0.0592 0.2512 0.1274 0.5621 
 745 0.0899 0.0442 0.0402 0.8257 
 746 0.1407 0.0261 0.2513 0.5819 
 747 0.0617 0.0260 0.0775 0.8347 
 748 0.0560 0.0163 0.5235 0.4042 
 749 0.0728 0.0538 0.1978 0.6756 
 750 0.0682 0.0251 0.1562 0.7505 
 751 0.0692 0.0187 0.5269 0.3851 
 752 0.0873 0.0254 0.1073 0.7800 
 753 0.1794 0.0302 0.2846 0.5058 
 754 0.0886 0.0260 0.4360 0.4494 
 755 0.0951 0.0160 0.2055 0.6833 
 756 0.0492 0.0206 0.3082 0.6220 
 757 0.0677 0.0182 0.1576 0.7566 
 758 0.0455 0.0237 0.0381 0.8927 
 759 0.1351 0.0471 0.5530 0.2648 
 760 0.2121 0.0201 0.1440 0.6238 
 761 0.3799 0.0219 0.3726 0.2255 
 762 0.4315 0.0121 0.0613 0.4952 
 763 0.1742 0.0303 0.2861 0.5093 
 764 0.0629 0.0157 0.0917 0.8297 
 765 0.3355 0.0165 0.0956 0.5525 
 766 0.0669 0.0137 0.4043 0.5151 
 767 0.1020 0.0264 0.2579 0.6138 
 768 0.4543 0.0124 0.0623 0.4710 
 769 0.4440 0.0241 0.2644 0.2675 
 770 0.4017 0.0165 0.0541 0.5277 
 771 0.0439 0.2853 0.2106 0.4602 
 772 0.1100 0.0699 0.3180 0.5021 
 773 0.0577 0.0153 0.1147 0.8123 
 774 0.0829 0.0210 0.5825 0.3136 
 775 0.6019 0.0157 0.0986 0.2838 
 776 0.0734 0.0200 0.0610 0.8456 
 777 0.1049 0.0766 0.1359 0.6826 
 778 0.0712 0.0521 0.2646 0.6121 
 779 0.0526 0.0172 0.1332 0.7970 
 780 0.0711 0.0166 0.4550 0.4573 
 781 0.0489 0.1225 0.3730 0.4557 
 782 0.0524 0.0170 0.1303 0.8002 
 783 0.1081 0.0170 0.2891 0.5857 
 784 0.1519 0.0203 0.0770 0.7509 
 785 0.0701 0.0220 0.1583 0.7496 
 786 0.0811 0.0180 0.5077 0.3932 
 787 0.0374 0.0395 0.5157 0.4073 
 788 0.1187 0.0358 0.0928 0.7526 
 789 0.1495 0.0164 0.0847 0.7493 
 790 0.1279 0.0156 0.3059 0.5505 
 791 0.0912 0.0207 0.1423 0.7458 
 792 0.0396 0.0606 0.5217 0.3781 
 793 0.1655 0.0870 0.5008 0.2467 
 794 0.1072 0.0301 0.1653 0.6974 
 795 0.1463 0.0327 0.5953 0.2257 
 796 0.0725 0.0391 0.1718 0.7165 
 797 0.0642 0.0489 0.7324 0.1545 
 798 0.5982 0.1691 0.0329 0.1999 
 799 0.0847 0.0360 0.0779 0.8014 
 800 0.0323 0.1688 0.5707 0.2282 
 801 0.6123 0.1224 0.0670 0.1983 
 802 0.3531 0.1589 0.2701 0.2179 
 803 0.1107 0.0666 0.4743 0.3484 
 804 0.1186 0.2674 0.1438 0.4702 
 805 0.0459 0.0261 0.8109 0.1171 
 806 0.2581 0.4577 0.0981 0.1860 
 807 0.0428 0.0518 0.7991 0.1064 
 808 0.0615 0.2118 0.4943 0.2324 
 809 0.1166 0.7111 0.0525 0.1198 
 810 0.1960 0.0353 0.2316 0.5371 
 811 0.0861 0.2911 0.4193 0.2035 
 812 0.0450 0.8105 0.0292 0.1152 
 813 0.6147 0.1089 0.0382 0.2382 
 814 0.0466 0.4200 0.0643 0.4691 
 815 0.2166 0.5172 0.1459 0.1203 
 816 0.2326 0.1383 0.3658 0.2633 
 817 0.3500 0.1530 0.2762 0.2208 
 818 0.1252 0.0349 0.0721 0.7678 
 819 0.0367 0.0340 0.1395 0.7898 
 820 0.0556 0.0796 0.1858 0.6790 
 821 0.1256 0.0146 0.0910 0.7688 
 822 0.1626 0.0301 0.0312 0.7760 
 823 0.3941 0.0182 0.2371 0.3506 
 824 0.0745 0.0183 0.1674 0.7399 
 825 0.2132 0.0268 0.0600 0.6999 
 826 0.0617 0.0191 0.0427 0.8764 
 827 0.3213 0.0164 0.0607 0.6015 
 828 0.4232 0.0179 0.1141 0.4448 
 829 0.5103 0.0570 0.1023 0.3305 
 830 0.2471 0.0131 0.0410 0.6989 
 831 0.1751 0.0292 0.1430 0.6527 
 832 0.1794 0.1054 0.1359 0.5792 
 833 0.3906 0.0579 0.1648 0.3868 
 834 0.2469 0.0298 0.1369 0.5864 
 835 0.0620 0.0304 0.0398 0.8677 
 836 0.0726 0.1199 0.0798 0.7276 
 837 0.3748 0.0320 0.2987 0.2946 
 838 0.0548 0.1241 0.0430 0.7781 
 839 0.1624 0.0141 0.0630 0.7605 
 840 0.0620 0.1389 0.1873 0.6119 
 841 0.0495 0.0660 0.1062 0.7784 
 842 0.0678 0.0149 0.0312 0.8861 
 843 0.0737 0.1211 0.3705 0.4347 
 844 0.1336 0.0480 0.1624 0.6561 
 845 0.0755 0.0131 0.0418 0.8695 
 846 0.0576 0.0239 0.1012 0.8173 
 847 0.0374 0.0146 0.2015 0.7465 
 848 0.0411 0.0306 0.0874 0.8409 
 849 0.0883 0.0179 0.0589 0.8348 
 850 0.1493 0.0192 0.0565 0.7750 
 851 0.0492 0.0170 0.0514 0.8824 
 852 0.1790 0.0141 0.5480 0.2589 
 853 0.1829 0.0351 0.0492 0.7327 
 854 0.2549 0.0152 0.2488 0.4811 
 855 0.0602 0.0205 0.0851 0.8341 
 856 0.0628 0.0180 0.1285 0.7907 
 857 0.0820 0.1399 0.0633 0.7149 
 858 0.0709 0.0198 0.0490 0.8603 
 859 0.1879 0.0142 0.0515 0.7463 
 860 0.0519 0.0267 0.0444 0.8769 
 861 0.0419 0.0751 0.4417 0.4413 
 862 0.8539 0.0251 0.0336 0.0875 
 863 0.7631 0.0271 0.0892 0.1206 
 864 0.8473 0.0135 0.0568 0.0824 
 865 0.8155 0.0184 0.0261 0.1399 
 866 0.3248 0.0213 0.0474 0.6066 
 867 0.8268 0.0216 0.0569 0.0947 
 868 0.6891 0.0340 0.0512 0.2257 
 869 0.3607 0.0180 0.0517 0.5696 
 870 0.5972 0.1019 0.0345 0.2664 
 871 0.7463 0.0247 0.0307 0.1983 
 872 0.8244 0.0136 0.0416 0.1204 
 873 0.8332 0.0168 0.0461 0.1039 
 874 0.8406 0.0245 0.0293 0.1057 
 875 0.3971 0.0566 0.0562 0.4902 
 876 0.1139 0.0533 0.0386 0.7942 
 877 0.8626 0.0149 0.0393 0.0831 
 878 0.3302 0.0366 0.0761 0.5571 
 879 0.8240 0.0132 0.0563 0.1065 
 880 0.4309 0.1155 0.0424 0.4111 
 881 0.7988 0.0173 0.0516 0.1323 
 882 0.8340 0.0114 0.0480 0.1067 
 883 0.1120 0.0550 0.0550 0.7780 
 884 0.8191 0.0160 0.0258 0.1391 
 885 0.5338 0.1531 0.0811 0.2319 
 886 0.5588 0.0197 0.0709 0.3506 
 887 0.8067 0.0158 0.0311 0.1464 
 888 0.4332 0.1566 0.1272 0.2830 
 889 0.8391 0.0202 0.0260 0.1147 
 890 0.4516 0.0495 0.0282 0.4707 
 891 0.0637 0.0356 0.0456 0.8552 
 892 0.0675 0.0307 0.0546 0.8471 
 893 0.1213 0.1479 0.0783 0.6526 
 894 0.2347 0.0159 0.0307 0.7187 
 895 0.7616 0.0200 0.0324 0.1860 
 896 0.0478 0.0450 0.0808 0.8264 
 897 0.0492 0.0247 0.0483 0.8778 
 898 0.2763 0.0348 0.0902 0.5987 
 899 0.1439 0.0161 0.0257 0.8143 
 900 0.0592 0.0344 0.0387 0.8677 
 901 0.0754 0.0197 0.0422 0.8627 
 902 0.0629 0.1484 0.0638 0.7249 
 903 0.5152 0.0271 0.0422 0.4154 
 904 0.3388 0.0341 0.0907 0.5364 
 905 0.5163 0.0148 0.0305 0.4384 
 906 0.2171 0.0641 0.0554 0.6635 
 907 0.1220 0.0169 0.0618 0.7993 
 908 0.1357 0.0148 0.0506 0.7989 
 909 0.2025 0.1099 0.0605 0.6270 
 910 0.0793 0.0757 0.0555 0.7895 
 911 0.6195 0.0194 0.0268 0.3343 
 912 0.1949 0.0221 0.0335 0.7495 
 913 0.2928 0.0351 0.0293 0.6429 
 914 0.1849 0.0229 0.1641 0.6281 
 915 0.1972 0.0437 0.0251 0.7340 
 916 0.1132 0.0205 0.0364 0.8299 
 917 0.1510 0.0284 0.0374 0.7831 
 918 0.3407 0.0296 0.1479 0.4818 
 919 0.4726 0.0218 0.0812 0.4245 
 920 0.1089 0.0176 0.0561 0.8173 
 921 0.0858 0.2555 0.3025 0.3562 
 922 0.0593 0.4587 0.0587 0.4233 
 923 0.0475 0.1453 0.1313 0.6758 
 924 0.0462 0.3759 0.0561 0.5219 
 925 0.0672 0.2751 0.1018 0.5558 
 926 0.0292 0.7605 0.0720 0.1383 
 927 0.0457 0.7005 0.1090 0.1448 
 928 0.0330 0.3177 0.3972 0.2522 
 929 0.0338 0.6770 0.0521 0.2371 
 930 0.0583 0.4772 0.1062 0.3582 
 931 0.0682 0.7870 0.0821 0.0628 
 932 0.0321 0.8064 0.0335 0.1280 
 933 0.0416 0.1859 0.5787 0.1938 
 934 0.0328 0.2864 0.0433 0.6374 
 935 0.0491 0.7960 0.0509 0.1040 
 936 0.0313 0.8616 0.0283 0.0788 
 937 0.0311 0.8536 0.0443 0.0710 
 938 0.0246 0.7531 0.1279 0.0944 
 939 0.0353 0.7476 0.1416 0.0754 
 940 0.0451 0.6647 0.1048 0.1853 
 941 0.0493 0.7745 0.0316 0.1446 
 942 0.0862 0.1716 0.3354 0.4068 
 943 0.0280 0.8050 0.1086 0.0584 
 944 0.0484 0.7454 0.1087 0.0975 
 945 0.0614 0.3384 0.1224 0.4779 
 946 0.0346 0.7872 0.0489 0.1293 
 947 0.0265 0.8082 0.0925 0.0728 
 948 0.0932 0.7878 0.0272 0.0918 
 949 0.1140 0.7197 0.0291 0.1372 
 950 0.0232 0.8384 0.0572 0.0813 
 951 0.0727 0.5213 0.1775 0.2286 
 952 0.0530 0.6597 0.0703 0.2170 
 953 0.0964 0.6053 0.0629 0.2353 
 954 0.0572 0.8207 0.0351 0.0871 
 955 0.0441 0.0513 0.8194 0.0853 
 956 0.0347 0.0916 0.7627 0.1109 
 957 0.1004 0.0604 0.5022 0.3369 
 958 0.0848 0.0479 0.1007 0.7667 
 959 0.0553 0.0814 0.3753 0.4880 
 960 0.3023 0.0326 0.1259 0.5393 
 961 0.0275 0.0152 0.8933 0.0640 
 962 0.0278 0.1508 0.1013 0.7200 
 963 0.0849 0.0531 0.0895 0.7725 
 964 0.1024 0.0169 0.1503 0.7305 
 965 0.0442 0.0410 0.4065 0.5083 
 966 0.0867 0.0742 0.2515 0.5876 
 967 0.0500 0.0404 0.8279 0.0817 
 968 0.0321 0.0698 0.1425 0.7556 
 969 0.2529 0.0203 0.3268 0.4001 
 970 0.0472 0.0245 0.7793 0.1490 
 971 0.0441 0.1205 0.1990 0.6364 
 972 0.1275 0.0510 0.3013 0.5202 
 973 0.0348 0.2003 0.3846 0.3803 
 974 0.0816 0.0298 0.1182 0.7703 
 975 0.2529 0.0207 0.3280 0.3985 
 976 0.0434 0.1195 0.1970 0.6401 
 977 0.1120 0.0162 0.4013 0.4706 
 978 0.0437 0.0772 0.3086 0.5705 
 979 0.0582 0.0402 0.1072 0.7945 
 980 0.0548 0.0678 0.4491 0.4283 
 981 0.0956 0.0732 0.2914 0.5398 
 982 0.0932 0.0336 0.0588 0.8144 
 983 0.3004 0.0679 0.0668 0.5649 
 984 0.1753 0.0244 0.6583 0.1420 
 985 0.0530 0.0391 0.2224 0.6855 
 986 0.0870 0.0224 0.1044 0.7862 
 987 0.0605 0.0288 0.0435 0.8672 
 988 0.2990 0.0143 0.0307 0.6560 
 989 0.1143 0.0765 0.6656 0.1437 
 990 0.1716 0.0167 0.1265 0.6852 
 991 0.0808 0.0523 0.1771 0.6898 
 992 0.0369 0.0545 0.0477 0.8609 
 993 0.3598 0.0399 0.0767 0.5236 
 994 0.0641 0.1970 0.3104 0.4284 
 995 0.0248 0.0228 0.8807 0.0718 
 996 0.1692 0.0187 0.0607 0.7514 
 997 0.0369 0.0858 0.1227 0.7546 
 998 0.0742 0.0811 0.0572 0.7875 
 999 0.0635 0.0255 0.2356 0.6755 
1000 0.0737 0.0629 0.0503 0.8130 
1001 0.1556 0.0160 0.0750 0.7533 
1002 0.1115 0.0183 0.0306 0.8396 
1003 0.0609 0.0466 0.1352 0.7572 
1004 0.0423 0.0358 0.0909 0.8309 
1005 0.0599 0.0278 0.0553 0.8570 
1006 0.0861 0.3312 0.1742 0.4086 
1007 0.0631 0.1513 0.3720 0.4137 
1008 0.0543 0.1320 0.5167 0.2969 
1009 0.1552 0.2376 0.1706 0.4366 
1010 0.0767 0.0769 0.2211 0.6253 
1011 0.0801 0.0433 0.5181 0.3585 
1012 0.0571 0.6678 0.0601 0.2150 
1013 0.0615 0.1983 0.1367 0.6035 
1014 0.0867 0.0297 0.0539 0.8298 
1015 0.0437 0.0801 0.0885 0.7877 
1016 0.0523 0.0173 0.0492 0.8812 
1017 0.0479 0.0500 0.2312 0.6709 
1018 0.0610 0.0400 0.2322 0.6668 
1019 0.1193 0.0894 0.1858 0.6055 
1020 0.0355 0.0336 0.8267 0.1042 
1021 0.0464 0.2853 0.4928 0.1755 
1022 0.0594 0.0661 0.1845 0.6900 
1023 0.1996 0.0349 0.0791 0.6864 
1024 0.1748 0.0728 0.0553 0.6970 
1025 0.0592 0.0202 0.1090 0.8116 
1026 0.5665 0.0674 0.2446 0.1215 
1027 0.3787 0.3583 0.1364 0.1266 
1028 0.5143 0.0337 0.1493 0.3026 
1029 0.1200 0.1096 0.2380 0.5324 
1030 0.0912 0.0808 0.5404 0.2876 
1031 0.3996 0.1290 0.2928 0.1786 
1032 0.2321 0.1244 0.3953 0.2482 
1033 0.3454 0.0814 0.3244 0.2488 
1034 0.1147 0.1104 0.2567 0.5182 
1035 0.0792 0.0195 0.7475 0.1538 
1036 0.1635 0.2279 0.3787 0.2299 
1037 0.0544 0.0733 0.5882 0.2841 
1038 0.2653 0.0319 0.5132 0.1895 
1039 0.1188 0.3757 0.2845 0.2210 
1040 0.5579 0.0847 0.2272 0.1302 
1041 0.5124 0.0741 0.2146 0.1990 
1042 0.1769 0.0592 0.4864 0.2775 
1043 0.3659 0.0246 0.3473 0.2622 
1044 0.2890 0.0549 0.2076 0.4485 
1045 0.6156 0.0213 0.2378 0.1253 
1046 0.1469 0.1382 0.4494 0.2655 
1047 0.0765 0.0411 0.7327 0.1498 
1048 0.1583 0.0202 0.1162 0.7054 
1049 0.0737 0.0217 0.0735 0.8310 
1050 0.2112 0.0175 0.0284 0.7430 
1051 0.1078 0.0187 0.0316 0.8419 
1052 0.1468 0.0328 0.0462 0.7742 
1053 0.1473 0.0183 0.0527 0.7817 
1054 0.1097 0.0227 0.0557 0.8118 
1055 0.0461 0.0201 0.0407 0.8932 
1056 0.0701 0.0219 0.0436 0.8644 
1057 0.6305 0.0570 0.0356 0.2769 
1058 0.1301 0.0191 0.0328 0.8180 
1059 0.2668 0.0227 0.0655 0.6450 
1060 0.1658 0.0382 0.1096 0.6864 
1061 0.0429 0.0307 0.0364 0.8899 
1062 0.1705 0.0210 0.0369 0.7716 
1063 0.0416 0.0935 0.1068 0.7581 
1064 0.1231 0.0288 0.0452 0.8029 
1065 0.0810 0.0500 0.0676 0.8014 
1066 0.0516 0.0257 0.0767 0.8460 
1067 0.1720 0.0194 0.0369 0.7717 
1068 0.1568 0.0388 0.3154 0.4890 
1069 0.0579 0.0163 0.0273 0.8984 
1070 0.0933 0.0268 0.0412 0.8387 
1071 0.1106 0.0333 0.1297 0.7264 
1072 0.0656 0.0316 0.0694 0.8333 
1073 0.1548 0.0173 0.0472 0.7806 
1074 0.2006 0.0285 0.1051 0.6658 
1075 0.1428 0.0322 0.0628 0.7622 
1076 0.1185 0.0188 0.0741 0.7885 
1077 0.6864 0.0221 0.0371 0.2545 
1078 0.0665 0.0306 0.0547 0.8482 
1079 0.1537 0.0262 0.0419 0.7783 
1080 0.1002 0.0445 0.1810 0.6743 
1081 0.1745 0.0147 0.0322 0.7786 
1082 0.2151 0.0688 0.0854 0.6307 
1083 0.0719 0.0230 0.0633 0.8419 
1084 0.1038 0.1516 0.1415 0.6031 
1085 0.0855 0.0163 0.0245 0.8736 
1086 0.0376 0.0339 0.0363 0.8923 
1087 0.0836 0.0190 0.0245 0.8730 
1088 0.0680 0.0208 0.0268 0.8844 
1089 0.2033 0.0139 0.0289 0.7540 
1090 0.1439 0.0186 0.0381 0.7994 
1091 0.0849 0.0242 0.0573 0.8335 
1092 0.1698 0.0233 0.0339 0.7730 
1093 0.0581 0.0353 0.1064 0.8001 
1094 0.5503 0.0245 0.1020 0.3232 
1095 0.6389 0.0179 0.0339 0.3093 
1096 0.1244 0.0221 0.0774 0.7761 
1097 0.5720 0.0188 0.0268 0.3824 
1098 0.0443 0.1277 0.0334 0.7947 
1099 0.0483 0.2955 0.1015 0.5546 
1100 0.0995 0.0188 0.0320 0.8497 
1101 0.0717 0.0193 0.0285 0.8805 
1102 0.1758 0.0236 0.0403 0.7604 
1103 0.0782 0.0165 0.0630 0.8422 
1104 0.0643 0.0458 0.0386 0.8514 
1105 0.0743 0.0251 0.0405 0.8602 
1106 0.1138 0.0315 0.1250 0.7297 
1107 0.1520 0.0156 0.0609 0.7714 
1108 0.6488 0.0167 0.0459 0.2886 
1109 0.4607 0.0205 0.0399 0.4789 
1110 0.0527 0.0908 0.5362 0.3203 
1111 0.0329 0.2177 0.4567 0.2927 
1112 0.1987 0.0510 0.6770 0.0733 
1113 0.1451 0.4209 0.2391 0.1948 
1114 0.3554 0.1000 0.2780 0.2666 
1115 0.0661 0.7004 0.1362 0.0974 
1116 0.0649 0.0328 0.7974 0.1049 
1117 0.5100 0.0696 0.1907 0.2297 
1118 0.0658 0.0468 0.8035 0.0839 
1119 0.3090 0.3872 0.1647 0.1390 
1120 0.0922 0.5477 0.2498 0.1104 
1121 0.3507 0.0374 0.5053 0.1067 
1122 0.1937 0.0249 0.4344 0.3470 
1123 0.2066 0.0434 0.2288 0.5213 
1124 0.0681 0.0450 0.8033 0.0837 
1125 0.1231 0.0507 0.5210 0.3052 
1126 0.3461 0.0423 0.4749 0.1367 
1127 0.2134 0.1623 0.5035 0.1208 
1128 0.0475 0.1905 0.6342 0.1278 
1129 0.1881 0.2535 0.2164 0.3419 
1130 0.1326 0.1389 0.2458 0.4827 
1131 0.6138 0.0499 0.1539 0.1824 
1132 0.1302 0.5349 0.2471 0.0879 
1133 0.0975 0.0237 0.7333 0.1455 
1134 0.0436 0.0664 0.7997 0.0903 
1135 0.2580 0.1190 0.1080 0.5150 
1136 0.5962 0.1733 0.1026 0.1280 
1137 0.0658 0.0542 0.6453 0.2348 
1138 0.1501 0.1433 0.3492 0.3574 
1139 0.0520 0.0779 0.7799 0.0903 
1140 0.2221 0.0360 0.3787 0.3632 
1141 0.2250 0.1087 0.2630 0.4033 
1142 0.5955 0.0919 0.1227 0.1899 
1143 0.1059 0.0247 0.4084 0.4611 
1144 0.1241 0.4572 0.2988 0.1199 
1145 0.3381 0.3702 0.1494 0.1424 
1146 0.3731 0.0268 0.4407 0.1594 
1147 0.1512 0.1089 0.1116 0.6283 
1148 0.7766 0.0202 0.0661 0.1372 
1149 0.1472 0.1302 0.5102 0.2124 
1150 0.0988 0.3600 0.2519 0.2892 
1151 0.1992 0.0514 0.6556 0.0938 
1152 0.3250 0.1301 0.2095 0.3354 
1153 0.5474 0.1870 0.0866 0.1789 
1154 0.3317 0.0416 0.3815 0.2452 
1155 0.1938 0.3429 0.2967 0.1666 
1156 0.0711 0.4854 0.3471 0.0963 
1157 0.4928 0.2031 0.2098 0.0943 
1158 0.1557 0.1273 0.5949 0.1222 
1159 0.0828 0.0261 0.0382 0.8529 
1160 0.0865 0.0376 0.0397 0.8362 
1161 0.0388 0.0359 0.0615 0.8638 
1162 0.1217 0.2748 0.1501 0.4534 
1163 0.0650 0.0274 0.5744 0.3332 
1164 0.1922 0.0683 0.1836 0.5559 
1165 0.0585 0.0187 0.0482 0.8747 
1166 0.0475 0.0298 0.3129 0.6098 
1167 0.0853 0.0153 0.0354 0.8640 
1168 0.1484 0.0373 0.0617 0.7526 
1169 0.0756 0.0247 0.0968 0.8029 
1170 0.4707 0.0456 0.0542 0.4294 
1171 0.1892 0.0191 0.1139 0.6778 
1172 0.1183 0.0146 0.0568 0.8103 
1173 0.0745 0.0276 0.0630 0.8349 
1174 0.0506 0.0171 0.0376 0.8948 
1175 0.0907 0.0607 0.0483 0.8003 
1176 0.0885 0.0279 0.1571 0.7264 
