   1 0.1368 0.2061 0.2691 0.3880 
   2 0.0208 0.8222 0.0438 0.1132 
   3 0.0977 0.1533 0.1787 0.5703 
   4 0.0534 0.1718 0.6474 0.1274 
   5 0.0253 0.7862 0.0420 0.1465 
   6 0.0176 0.1056 0.0509 0.8259 
   7 0.0161 0.2149 0.0385 0.7305 
   8 0.0406 0.2045 0.3670 0.3879 
   9 0.0458 0.4755 0.0888 0.3900 
  10 0.0171 0.2840 0.1646 0.5344 
  11 0.0205 0.2192 0.0399 0.7204 
  12 0.0294 0.7057 0.0755 0.1895 
  13 0.0290 0.3734 0.0806 0.5169 
  14 0.1437 0.4853 0.1396 0.2314 
  15 0.0488 0.4974 0.2004 0.2534 
  16 0.0382 0.1327 0.0740 0.7551 
  17 0.0363 0.4767 0.0753 0.4117 
  18 0.0320 0.3182 0.1358 0.5141 
  19 0.0198 0.2785 0.0676 0.6341 
  20 0.0576 0.4954 0.0717 0.3752 
  21 0.1115 0.3792 0.2644 0.2449 
  22 0.0268 0.1237 0.0999 0.7495 
  23 0.2319 0.3963 0.2259 0.1459 
  24 0.0553 0.1865 0.2662 0.4921 
  25 0.0217 0.3446 0.0320 0.6016 
  26 0.0446 0.4271 0.1542 0.3741 
  27 0.0710 0.2837 0.1179 0.5274 
  28 0.0327 0.2522 0.3349 0.3801 
  29 0.0594 0.5741 0.0642 0.3023 
  30 0.0442 0.1153 0.0759 0.7646 
  31 0.0544 0.3715 0.1413 0.4328 
  32 0.0578 0.4299 0.1875 0.3249 
  33 0.1432 0.1850 0.1656 0.5062 
  34 0.0193 0.1767 0.0707 0.7334 
  35 0.1667 0.3732 0.0618 0.3983 
  36 0.6266 0.0770 0.0536 0.2428 
  37 0.0605 0.5549 0.2156 0.1690 
  38 0.1353 0.0911 0.0340 0.7395 
  39 0.1023 0.1869 0.0599 0.6509 
  40 0.5186 0.1040 0.1828 0.1947 
  41 0.5178 0.0775 0.0401 0.3647 
  42 0.5043 0.0934 0.2462 0.1561 
  43 0.4637 0.2784 0.1002 0.1577 
  44 0.5602 0.1126 0.0342 0.2930 
  45 0.3140 0.2225 0.0399 0.4236 
  46 0.0733 0.2838 0.0461 0.5967 
  47 0.0491 0.3564 0.0983 0.4962 
  48 0.5862 0.1009 0.0386 0.2743 
  49 0.1684 0.3479 0.0754 0.4083 
  50 0.0444 0.1670 0.1005 0.6882 
  51 0.8503 0.0493 0.0281 0.0722 
  52 0.1165 0.1800 0.0776 0.6259 
  53 0.0587 0.0757 0.0788 0.7867 
  54 0.0796 0.6714 0.1078 0.1412 
  55 0.3743 0.4410 0.0617 0.1230 
  56 0.3252 0.1964 0.0874 0.3910 
  57 0.0194 0.4046 0.1925 0.3835 
  58 0.3450 0.2938 0.0829 0.2783 
  59 0.3380 0.2019 0.0579 0.4022 
  60 0.6457 0.0892 0.1253 0.1398 
  61 0.3223 0.4645 0.1357 0.0775 
  62 0.0344 0.5065 0.0592 0.3999 
  63 0.2811 0.3692 0.1173 0.2324 
  64 0.0326 0.1812 0.0456 0.7406 
  65 0.0293 0.6714 0.0291 0.2702 
  66 0.0609 0.6932 0.1396 0.1063 
  67 0.2448 0.5670 0.0522 0.1359 
  68 0.3399 0.2045 0.0753 0.3804 
  69 0.1646 0.1271 0.1345 0.5739 
  70 0.6737 0.1054 0.0597 0.1612 
  71 0.5207 0.1553 0.0281 0.2959 
  72 0.1707 0.1594 0.0524 0.6174 
  73 0.2519 0.5050 0.0419 0.2012 
  74 0.5069 0.0942 0.1187 0.2802 
  75 0.6621 0.1022 0.1240 0.1117 
  76 0.2582 0.4453 0.0599 0.2366 
  77 0.5501 0.1268 0.0348 0.2883 
  78 0.5241 0.0890 0.0388 0.3481 
  79 0.0159 0.3398 0.0479 0.5965 
  80 0.0170 0.1763 0.6054 0.2013 
  81 0.0144 0.2728 0.4069 0.3058 
  82 0.0762 0.6692 0.1087 0.1458 
  83 0.0373 0.2186 0.3247 0.4194 
  84 0.0228 0.4543 0.2124 0.3105 
  85 0.0330 0.2592 0.3653 0.3425 
  86 0.0822 0.5922 0.0555 0.2700 
  87 0.0318 0.2977 0.0577 0.6128 
  88 0.0297 0.6180 0.2002 0.1521 
  89 0.0210 0.5651 0.2921 0.1218 
  90 0.0178 0.6819 0.0500 0.2503 
  91 0.0364 0.1676 0.5902 0.2057 
  92 0.0230 0.6206 0.0861 0.2703 
  93 0.0185 0.0792 0.8299 0.0723 
  94 0.0235 0.0730 0.0444 0.8591 
  95 0.0232 0.7336 0.0975 0.1457 
  96 0.4508 0.2543 0.2229 0.0720 
  97 0.4162 0.1887 0.1922 0.2029 
  98 0.3996 0.2357 0.1084 0.2563 
  99 0.0177 0.5775 0.1585 0.2463 
 100 0.0260 0.2317 0.6747 0.0676 
 101 0.0678 0.5958 0.0885 0.2479 
 102 0.0973 0.3333 0.3721 0.1974 
 103 0.0279 0.7918 0.0981 0.0822 
 104 0.0523 0.4965 0.0674 0.3838 
 105 0.0356 0.7926 0.0861 0.0857 
 106 0.0296 0.1605 0.0230 0.7869 
 107 0.0301 0.7574 0.0831 0.1294 
 108 0.5160 0.2352 0.0425 0.2062 
 109 0.0364 0.4062 0.0241 0.5334 
 110 0.0237 0.2424 0.0326 0.7013 
 111 0.0259 0.5900 0.0353 0.3488 
 112 0.0338 0.1608 0.0280 0.7774 
 113 0.0967 0.5894 0.0784 0.2355 
 114 0.0341 0.5604 0.0845 0.3210 
 115 0.1553 0.6142 0.0421 0.1884 
 116 0.1190 0.2672 0.0269 0.5869 
 117 0.0515 0.4734 0.0419 0.4331 
 118 0.0349 0.7970 0.0368 0.1314 
 119 0.5103 0.1609 0.2158 0.1130 
 120 0.0442 0.6453 0.0445 0.2660 
 121 0.1848 0.6184 0.0340 0.1628 
 122 0.0259 0.2470 0.0335 0.6936 
 123 0.0367 0.5134 0.0515 0.3984 
 124 0.1010 0.3715 0.0379 0.4896 
 125 0.0942 0.1397 0.0495 0.7167 
 126 0.1156 0.2221 0.0645 0.5979 
 127 0.0324 0.4194 0.0425 0.5057 
 128 0.0341 0.8367 0.0360 0.0932 
 129 0.0228 0.8606 0.0278 0.0888 
 130 0.0209 0.6666 0.0737 0.2388 
 131 0.1765 0.3125 0.0323 0.4787 
 132 0.0303 0.3542 0.0275 0.5880 
 133 0.0434 0.7352 0.0465 0.1750 
 134 0.0151 0.1481 0.0196 0.8172 
 135 0.1649 0.2452 0.5067 0.0833 
 136 0.0159 0.0829 0.8306 0.0705 
 137 0.0157 0.1365 0.7761 0.0716 
 138 0.0254 0.0559 0.8494 0.0693 
 139 0.1814 0.3554 0.3554 0.1078 
 140 0.0855 0.1854 0.5299 0.1992 
 141 0.0272 0.0855 0.7646 0.1226 
 142 0.2016 0.1717 0.5487 0.0780 
 143 0.0173 0.0554 0.8797 0.0476 
 144 0.0174 0.1321 0.7862 0.0642 
 145 0.0404 0.1572 0.6515 0.1509 
 146 0.0589 0.2401 0.5045 0.1964 
 147 0.0139 0.0540 0.8792 0.0529 
 148 0.0536 0.2003 0.6251 0.1211 
 149 0.0425 0.0730 0.8071 0.0774 
 150 0.0235 0.3243 0.5558 0.0964 
 151 0.0224 0.1015 0.8104 0.0657 
 152 0.0990 0.1798 0.5783 0.1429 
 153 0.0483 0.0771 0.7712 0.1034 
 154 0.0272 0.1037 0.7995 0.0696 
 155 0.0198 0.0774 0.8400 0.0628 
 156 0.1142 0.1387 0.6824 0.0647 
 157 0.0267 0.1591 0.6715 0.1427 
 158 0.0313 0.1223 0.7048 0.1416 
 159 0.0145 0.0640 0.8700 0.0514 
 160 0.0143 0.0758 0.8572 0.0526 
 161 0.0452 0.1297 0.6963 0.1288 
 162 0.0574 0.3174 0.4176 0.2077 
 163 0.0269 0.0659 0.8498 0.0574 
 164 0.0272 0.4596 0.3938 0.1195 
 165 0.0237 0.2611 0.6294 0.0857 
 166 0.0696 0.2011 0.5619 0.1674 
 167 0.0228 0.1626 0.6884 0.1261 
 168 0.0524 0.0730 0.7588 0.1159 
 169 0.0681 0.1218 0.4202 0.3899 
 170 0.0728 0.1299 0.7318 0.0655 
 171 0.0515 0.2054 0.6060 0.1371 
 172 0.2277 0.0719 0.5300 0.1704 
 173 0.0175 0.0848 0.8447 0.0529 
 174 0.0151 0.0904 0.8246 0.0698 
 175 0.0217 0.0578 0.8542 0.0663 
 176 0.0172 0.1343 0.7843 0.0642 
 177 0.0423 0.1974 0.5261 0.2341 
 178 0.0175 0.1088 0.7652 0.1085 
 179 0.0144 0.0549 0.8787 0.0520 
 180 0.0467 0.1390 0.6462 0.1680 
 181 0.0502 0.1542 0.7024 0.0931 
 182 0.0312 0.1711 0.7469 0.0509 
 183 0.0178 0.0695 0.8568 0.0559 
 184 0.0330 0.7528 0.0515 0.1627 
 185 0.0912 0.0713 0.7885 0.0490 
 186 0.0255 0.7887 0.0420 0.1438 
 187 0.0362 0.5491 0.3064 0.1083 
 188 0.0228 0.8351 0.0326 0.1095 
 189 0.0585 0.1426 0.3674 0.4315 
 190 0.4985 0.1856 0.2708 0.0451 
 191 0.0211 0.8117 0.0828 0.0844 
 192 0.0274 0.6453 0.2114 0.1159 
 193 0.0617 0.5573 0.2287 0.1522 
 194 0.0668 0.6593 0.1757 0.0982 
 195 0.0620 0.2268 0.6568 0.0544 
 196 0.3291 0.3704 0.2193 0.0811 
 197 0.0661 0.5455 0.1347 0.2537 
 198 0.0639 0.4994 0.1638 0.2729 
 199 0.3897 0.3228 0.1975 0.0900 
 200 0.2705 0.3252 0.2037 0.2006 
 201 0.0543 0.1889 0.6854 0.0713 
 202 0.1287 0.1784 0.6256 0.0673 
 203 0.0367 0.2786 0.6202 0.0645 
 204 0.0613 0.6346 0.2470 0.0571 
 205 0.1091 0.6457 0.1288 0.1165 
 206 0.0454 0.6902 0.1989 0.0654 
 207 0.0758 0.7816 0.0776 0.0649 
 208 0.1386 0.4458 0.3429 0.0727 
 209 0.0434 0.7064 0.1428 0.1075 
 210 0.0436 0.6627 0.2253 0.0684 
 211 0.2643 0.5593 0.1137 0.0627 
 212 0.0464 0.1136 0.7474 0.0926 
 213 0.2132 0.5437 0.0939 0.1492 
 214 0.0624 0.1906 0.6764 0.0706 
 215 0.0655 0.7822 0.0619 0.0904 
 216 0.0389 0.7505 0.0663 0.1444 
 217 0.0817 0.1709 0.6477 0.0997 
 218 0.0380 0.7007 0.1490 0.1124 
 219 0.0379 0.4091 0.2750 0.2780 
 220 0.0302 0.8245 0.0836 0.0617 
 221 0.1082 0.0702 0.7751 0.0464 
 222 0.0339 0.6185 0.1234 0.2242 
 223 0.0518 0.3683 0.4405 0.1394 
 224 0.0344 0.4730 0.4261 0.0665 
 225 0.0810 0.6481 0.1928 0.0780 
 226 0.1178 0.3584 0.2000 0.3237 
 227 0.1762 0.4244 0.3204 0.0790 
 228 0.1529 0.2528 0.5403 0.0540 
 229 0.0204 0.4510 0.4454 0.0831 
 230 0.0246 0.6311 0.2798 0.0646 
 231 0.0231 0.4318 0.4285 0.1167 
 232 0.0990 0.4688 0.2691 0.1632 
 233 0.0415 0.1590 0.7316 0.0678 
 234 0.0307 0.5961 0.2018 0.1714 
 235 0.1109 0.3126 0.3944 0.1820 
 236 0.0462 0.4310 0.4160 0.1068 
 237 0.0703 0.7230 0.1279 0.0788 
 238 0.0657 0.2284 0.6126 0.0934 
 239 0.0616 0.2213 0.6628 0.0543 
 240 0.0640 0.2329 0.6124 0.0907 
 241 0.0560 0.1977 0.6858 0.0605 
 242 0.0438 0.3359 0.3321 0.2882 
 243 0.3074 0.4028 0.2361 0.0538 
 244 0.0350 0.3854 0.5142 0.0655 
 245 0.0508 0.0934 0.7926 0.0633 
 246 0.0824 0.1720 0.6454 0.1001 
 247 0.0675 0.6779 0.0398 0.2148 
 248 0.0653 0.8057 0.0456 0.0834 
 249 0.0458 0.4173 0.4598 0.0772 
 250 0.0285 0.6406 0.2388 0.0921 
 251 0.0901 0.4719 0.1211 0.3169 
 252 0.0609 0.5040 0.3326 0.1025 
 253 0.1530 0.5513 0.0911 0.2046 
 254 0.0403 0.6555 0.1439 0.1603 
 255 0.0354 0.5513 0.2449 0.1683 
 256 0.1022 0.3879 0.4323 0.0776 
 257 0.0572 0.7336 0.1353 0.0739 
 258 0.1485 0.6049 0.1110 0.1356 
 259 0.0332 0.8019 0.0937 0.0712 
 260 0.0324 0.4742 0.2958 0.1976 
 261 0.0992 0.2900 0.5128 0.0981 
 262 0.2011 0.1235 0.6170 0.0584 
 263 0.0364 0.8060 0.0805 0.0771 
 264 0.0469 0.4320 0.0353 0.4858 
 265 0.0680 0.4894 0.2537 0.1889 
 266 0.0727 0.0867 0.7925 0.0481 
 267 0.0584 0.5353 0.2663 0.1399 
 268 0.3349 0.3649 0.2197 0.0804 
 269 0.0408 0.2263 0.3269 0.4060 
 270 0.0343 0.7611 0.0719 0.1327 
 271 0.0905 0.7476 0.0776 0.0843 
 272 0.2374 0.4138 0.1185 0.2304 
 273 0.1144 0.3625 0.3349 0.1882 
 274 0.0672 0.6339 0.1361 0.1628 
 275 0.0821 0.5335 0.2175 0.1668 
 276 0.3262 0.3502 0.0931 0.2305 
 277 0.0420 0.4772 0.3420 0.1388 
 278 0.1664 0.6512 0.0933 0.0891 
 279 0.0510 0.6501 0.2002 0.0986 
 280 0.1261 0.3605 0.2187 0.2947 
 281 0.0506 0.7203 0.1183 0.1109 
 282 0.0317 0.2736 0.5557 0.1390 
 283 0.0303 0.2153 0.6618 0.0927 
 284 0.0585 0.6187 0.2167 0.1062 
 285 0.1162 0.7303 0.0316 0.1220 
 286 0.0338 0.3851 0.5149 0.0663 
 287 0.0456 0.4401 0.2384 0.2759 
 288 0.0854 0.5226 0.1301 0.2619 
 289 0.0897 0.5958 0.1192 0.1953 
 290 0.2360 0.3818 0.1025 0.2797 
 291 0.0916 0.7453 0.0771 0.0859 
 292 0.2609 0.2215 0.3029 0.2146 
 293 0.2119 0.2603 0.0721 0.4557 
 294 0.0639 0.7433 0.0839 0.1089 
 295 0.1743 0.3799 0.1708 0.2750 
 296 0.0589 0.7607 0.0942 0.0862 
 297 0.0596 0.4793 0.1214 0.3397 
 298 0.0229 0.4597 0.3840 0.1334 
 299 0.0225 0.7845 0.0874 0.1056 
 300 0.0557 0.7837 0.0646 0.0960 
 301 0.0417 0.6678 0.0828 0.2077 
 302 0.1213 0.6891 0.0864 0.1032 
 303 0.0534 0.3238 0.5015 0.1213 
 304 0.0337 0.2784 0.4162 0.2717 
 305 0.0772 0.3218 0.5284 0.0726 
 306 0.0678 0.1833 0.6216 0.1273 
 307 0.0485 0.6977 0.1610 0.0928 
 308 0.1039 0.2860 0.5125 0.0976 
 309 0.0672 0.7635 0.0875 0.0818 
 310 0.1386 0.3502 0.4465 0.0647 
 311 0.0244 0.6297 0.2805 0.0655 
 312 0.0372 0.8230 0.0808 0.0590 
 313 0.1445 0.7445 0.0487 0.0622 
 314 0.0230 0.0446 0.8820 0.0503 
 315 0.0339 0.0502 0.8430 0.0729 
 316 0.0242 0.0509 0.8413 0.0837 
 317 0.0140 0.0455 0.8883 0.0522 
 318 0.0116 0.0428 0.8921 0.0535 
 319 0.0162 0.0588 0.8760 0.0489 
 320 0.0225 0.0443 0.8836 0.0496 
 321 0.0132 0.0462 0.8849 0.0557 
 322 0.0350 0.0531 0.8308 0.0810 
 323 0.0122 0.0486 0.8869 0.0524 
 324 0.0134 0.0455 0.8851 0.0561 
 325 0.0201 0.0477 0.8492 0.0829 
 326 0.0215 0.0460 0.8542 0.0784 
 327 0.0145 0.0454 0.8889 0.0512 
 328 0.0271 0.0591 0.8341 0.0797 
 329 0.0123 0.0490 0.8882 0.0505 
 330 0.0148 0.0454 0.8882 0.0517 
 331 0.0124 0.0485 0.8885 0.0505 
 332 0.0191 0.0481 0.8417 0.0911 
 333 0.0239 0.0509 0.8519 0.0733 
 334 0.0278 0.0590 0.8351 0.0781 
 335 0.0275 0.0529 0.8475 0.0720 
 336 0.0165 0.0440 0.8830 0.0565 
 337 0.0244 0.0503 0.8378 0.0875 
 338 0.0115 0.0452 0.8866 0.0567 
 339 0.0123 0.0489 0.8892 0.0496 
 340 0.0131 0.0477 0.8927 0.0465 
 341 0.0129 0.0518 0.8863 0.0490 
 342 0.0146 0.0450 0.8882 0.0523 
 343 0.0466 0.0532 0.8206 0.0796 
 344 0.0118 0.0459 0.8926 0.0496 
 345 0.0145 0.0451 0.8887 0.0517 
 346 0.0126 0.0431 0.8942 0.0501 
 347 0.0126 0.0454 0.8949 0.0472 
 348 0.0560 0.0523 0.8241 0.0675 
 349 0.0148 0.0452 0.8879 0.0521 
 350 0.0198 0.0534 0.8769 0.0499 
 351 0.0278 0.0530 0.8478 0.0714 
 352 0.0266 0.0495 0.8439 0.0800 
 353 0.0168 0.0442 0.8824 0.0566 
 354 0.0120 0.0512 0.8859 0.0508 
 355 0.0115 0.0440 0.8918 0.0527 
 356 0.0740 0.0569 0.8015 0.0676 
 357 0.0231 0.0802 0.5458 0.3509 
 358 0.0196 0.0516 0.8495 0.0793 
 359 0.0118 0.0496 0.8867 0.0519 
 360 0.0124 0.0434 0.8940 0.0502 
 361 0.0342 0.1009 0.4891 0.3758 
 362 0.0358 0.2497 0.0690 0.6455 
 363 0.0412 0.1580 0.0371 0.7637 
 364 0.0311 0.2086 0.3277 0.4326 
 365 0.0403 0.1747 0.0526 0.7324 
 366 0.2479 0.1515 0.1185 0.4820 
 367 0.0156 0.1083 0.0233 0.8528 
 368 0.0175 0.6881 0.0428 0.2516 
 369 0.1952 0.1535 0.3179 0.3333 
 370 0.0348 0.7702 0.0500 0.1450 
 371 0.0528 0.4619 0.1042 0.3810 
 372 0.0471 0.7227 0.0876 0.1426 
 373 0.0267 0.1993 0.0789 0.6951 
 374 0.0293 0.1864 0.3043 0.4800 
 375 0.0213 0.3172 0.0360 0.6256 
 376 0.0161 0.0725 0.0284 0.8831 
 377 0.0401 0.3691 0.0561 0.5346 
 378 0.0278 0.2338 0.1954 0.5430 
 379 0.0256 0.0782 0.0267 0.8694 
 380 0.1158 0.1119 0.1597 0.6125 
 381 0.0815 0.0704 0.1140 0.7341 
 382 0.0159 0.1434 0.0381 0.8027 
 383 0.0324 0.0992 0.1626 0.7058 
 384 0.0355 0.2367 0.1092 0.6186 
 385 0.0146 0.3590 0.1381 0.4883 
 386 0.0228 0.1210 0.0359 0.8203 
 387 0.0280 0.1502 0.0434 0.7785 
 388 0.0215 0.4719 0.2155 0.2911 
 389 0.1380 0.6903 0.0468 0.1250 
 390 0.2420 0.1734 0.0375 0.5471 
 391 0.1467 0.4462 0.0757 0.3314 
 392 0.0266 0.1109 0.0823 0.7802 
 393 0.1532 0.0739 0.0783 0.6946 
 394 0.0268 0.2087 0.2564 0.5082 
 395 0.3217 0.2736 0.0446 0.3601 
 396 0.0190 0.2343 0.0257 0.7209 
 397 0.0307 0.6508 0.1258 0.1927 
 398 0.0238 0.0903 0.0271 0.8589 
 399 0.0597 0.1730 0.0370 0.7303 
 400 0.0253 0.0954 0.0551 0.8242 
 401 0.1039 0.1955 0.0618 0.6387 
 402 0.1223 0.3183 0.0596 0.4998 
 403 0.0319 0.4295 0.3186 0.2199 
 404 0.0326 0.3979 0.0836 0.4859 
 405 0.0592 0.2337 0.0863 0.6208 
 406 0.7382 0.0650 0.0578 0.1391 
 407 0.0202 0.0700 0.0273 0.8826 
 408 0.1684 0.5625 0.0261 0.2430 
 409 0.5242 0.0953 0.1889 0.1916 
 410 0.0348 0.1466 0.0762 0.7424 
 411 0.0830 0.1015 0.1588 0.6567 
 412 0.0169 0.3886 0.0430 0.5514 
 413 0.0234 0.5260 0.1347 0.3159 
 414 0.0186 0.4772 0.0302 0.4740 
 415 0.0628 0.0811 0.0440 0.8121 
 416 0.0541 0.1209 0.0695 0.7555 
 417 0.0195 0.0740 0.0347 0.8719 
 418 0.0143 0.2151 0.0287 0.7419 
 419 0.1484 0.3590 0.1582 0.3344 
 420 0.2373 0.1282 0.0362 0.5982 
 421 0.0239 0.1696 0.0375 0.7690 
 422 0.2025 0.3293 0.0492 0.4191 
 423 0.0375 0.2135 0.0592 0.6897 
 424 0.1650 0.3705 0.0609 0.4036 
 425 0.0379 0.4709 0.0828 0.4084 
 426 0.0262 0.2785 0.0714 0.6239 
 427 0.0363 0.0706 0.1134 0.7797 
 428 0.1564 0.2607 0.1427 0.4402 
 429 0.0140 0.0752 0.0238 0.8870 
 430 0.0288 0.0831 0.0323 0.8559 
 431 0.0222 0.6072 0.0567 0.3139 
 432 0.0225 0.5765 0.0518 0.3493 
 433 0.0423 0.6773 0.1741 0.1063 
 434 0.0409 0.3156 0.1252 0.5182 
 435 0.0312 0.0744 0.0270 0.8674 
 436 0.0365 0.0451 0.0466 0.8719 
 437 0.0181 0.0924 0.0308 0.8588 
 438 0.4352 0.1205 0.0622 0.3821 
 439 0.0251 0.0529 0.0380 0.8840 
 440 0.0254 0.0495 0.0222 0.9028 
 441 0.0311 0.1041 0.0832 0.7815 
 442 0.0382 0.1320 0.0324 0.7974 
 443 0.1089 0.0778 0.0265 0.7868 
 444 0.0467 0.0965 0.0318 0.8250 
 445 0.2619 0.1423 0.1182 0.4776 
 446 0.0281 0.0962 0.0310 0.8448 
 447 0.1059 0.1218 0.0752 0.6970 
 448 0.0294 0.1140 0.0333 0.8233 
 449 0.0393 0.1523 0.0639 0.7445 
 450 0.0148 0.1014 0.0617 0.8220 
 451 0.0366 0.3118 0.0230 0.6286 
 452 0.0159 0.0676 0.0501 0.8664 
 453 0.6311 0.1450 0.0514 0.1724 
 454 0.0255 0.0870 0.0653 0.8222 
 455 0.1282 0.0822 0.0308 0.7588 
 456 0.1024 0.0868 0.0283 0.7825 
 457 0.0207 0.0750 0.0345 0.8698 
 458 0.0240 0.0765 0.0384 0.8611 
 459 0.0804 0.1218 0.1124 0.6854 
 460 0.0262 0.0608 0.0288 0.8842 
 461 0.0149 0.0798 0.0289 0.8764 
 462 0.0494 0.1153 0.0218 0.8135 
 463 0.6176 0.0900 0.0443 0.2481 
 464 0.0593 0.0733 0.0285 0.8390 
 465 0.0783 0.2899 0.0424 0.5894 
 466 0.3052 0.1636 0.0321 0.4992 
 467 0.0720 0.0982 0.0556 0.7742 
 468 0.0605 0.0583 0.0278 0.8534 
 469 0.0314 0.0474 0.0313 0.8900 
 470 0.0251 0.0611 0.0275 0.8863 
 471 0.2168 0.1762 0.0368 0.5702 
 472 0.0836 0.1601 0.0407 0.7156 
 473 0.0438 0.1753 0.0596 0.7214 
 474 0.0338 0.0673 0.0516 0.8473 
 475 0.0591 0.3233 0.0717 0.5459 
 476 0.0314 0.0566 0.0367 0.8753 
 477 0.0762 0.2030 0.0574 0.6635 
 478 0.0231 0.1542 0.0266 0.7961 
 479 0.0198 0.0626 0.0264 0.8912 
 480 0.0171 0.0517 0.0323 0.8989 
 481 0.0460 0.3393 0.0367 0.5780 
 482 0.0150 0.0569 0.0266 0.9015 
 483 0.0390 0.0786 0.0371 0.8454 
 484 0.2916 0.1317 0.0443 0.5324 
 485 0.0626 0.0651 0.0286 0.8437 
 486 0.0977 0.6053 0.0527 0.2443 
 487 0.0526 0.5030 0.1494 0.2950 
 488 0.0278 0.7762 0.0648 0.1312 
 489 0.1576 0.3555 0.2532 0.2336 
 490 0.0742 0.3554 0.0301 0.5403 
 491 0.0412 0.7483 0.1116 0.0989 
 492 0.1117 0.5282 0.2036 0.1566 
 493 0.0346 0.7426 0.0637 0.1591 
 494 0.0507 0.6429 0.1038 0.2026 
 495 0.0527 0.6558 0.1101 0.1813 
 496 0.0960 0.4603 0.3111 0.1326 
 497 0.0188 0.7806 0.0913 0.1093 
 498 0.1513 0.4358 0.0924 0.3204 
 499 0.0446 0.5574 0.2641 0.1339 
 500 0.0403 0.5282 0.0700 0.3615 
 501 0.0340 0.5600 0.1513 0.2547 
 502 0.0241 0.5904 0.1687 0.2168 
 503 0.0291 0.2434 0.0427 0.6847 
 504 0.0435 0.7588 0.0428 0.1549 
 505 0.1578 0.6087 0.0978 0.1357 
 506 0.0338 0.4940 0.1762 0.2959 
 507 0.0588 0.1309 0.7474 0.0629 
 508 0.1394 0.2302 0.5625 0.0679 
 509 0.0748 0.6367 0.1783 0.1102 
 510 0.0359 0.4058 0.2854 0.2729 
 511 0.0654 0.1801 0.0601 0.6944 
 512 0.0221 0.1557 0.0351 0.7871 
 513 0.0454 0.8566 0.0445 0.0534 
 514 0.0411 0.6167 0.0561 0.2861 
 515 0.0941 0.2122 0.1590 0.5347 
 516 0.0644 0.7606 0.0538 0.1212 
 517 0.2811 0.2338 0.1415 0.3435 
 518 0.0237 0.5146 0.2391 0.2226 
 519 0.0427 0.5603 0.0641 0.3330 
 520 0.3962 0.1120 0.2709 0.2209 
 521 0.0546 0.4448 0.3551 0.1455 
 522 0.2060 0.1550 0.0500 0.5889 
 523 0.5471 0.1845 0.1463 0.1221 
 524 0.1390 0.1736 0.0879 0.5996 
 525 0.0769 0.3219 0.2680 0.3332 
 526 0.6952 0.0766 0.0606 0.1676 
 527 0.0202 0.5105 0.0517 0.4177 
 528 0.0567 0.2232 0.6263 0.0939 
 529 0.0266 0.7700 0.1005 0.1030 
 530 0.1286 0.1634 0.1071 0.6009 
 531 0.0941 0.1426 0.4513 0.3120 
 532 0.0706 0.4030 0.2913 0.2351 
 533 0.1061 0.3877 0.0777 0.4285 
 534 0.0860 0.7552 0.0890 0.0697 
 535 0.4972 0.1832 0.0668 0.2527 
 536 0.2602 0.2466 0.1640 0.3292 
 537 0.4813 0.1524 0.2603 0.1060 
 538 0.2530 0.3233 0.2288 0.1949 
 539 0.0494 0.0988 0.7773 0.0745 
 540 0.2147 0.2775 0.2924 0.2154 
 541 0.0734 0.1711 0.5697 0.1858 
 542 0.6659 0.1216 0.0490 0.1635 
 543 0.3869 0.2934 0.1758 0.1439 
 544 0.6617 0.1196 0.0829 0.1357 
 545 0.7651 0.0816 0.0303 0.1231 
 546 0.3851 0.3032 0.1601 0.1516 
 547 0.7733 0.0783 0.0733 0.0751 
 548 0.0292 0.6358 0.2429 0.0921 
 549 0.4104 0.0794 0.3485 0.1617 
 550 0.5424 0.0684 0.0561 0.3331 
 551 0.0978 0.1469 0.6208 0.1346 
 552 0.2699 0.3066 0.2807 0.1428 
 553 0.6966 0.1035 0.1391 0.0609 
 554 0.0994 0.3345 0.1677 0.3983 
 555 0.2396 0.2320 0.4096 0.1188 
 556 0.3229 0.3707 0.1609 0.1454 
 557 0.5736 0.1063 0.0708 0.2493 
 558 0.0134 0.0539 0.0277 0.9050 
 559 0.0401 0.7092 0.0460 0.2048 
 560 0.0215 0.1587 0.0214 0.7983 
 561 0.0478 0.2713 0.0294 0.6516 
 562 0.0521 0.2998 0.0214 0.6267 
 563 0.0847 0.4603 0.1336 0.3214 
 564 0.0757 0.6964 0.0526 0.1753 
 565 0.0188 0.0697 0.0331 0.8784 
 566 0.0215 0.0936 0.0219 0.8629 
 567 0.0349 0.7447 0.0356 0.1848 
 568 0.0859 0.4778 0.0507 0.3856 
 569 0.1341 0.1784 0.0514 0.6361 
 570 0.0134 0.0741 0.0235 0.8890 
 571 0.0266 0.3175 0.0374 0.6185 
 572 0.4635 0.0975 0.1823 0.2567 
 573 0.0679 0.5158 0.0544 0.3619 
 574 0.0374 0.1305 0.1285 0.7036 
 575 0.0518 0.4999 0.0872 0.3612 
 576 0.0162 0.1706 0.0218 0.7914 
 577 0.0293 0.1745 0.1093 0.6869 
 578 0.0314 0.3281 0.0392 0.6013 
 579 0.0311 0.2666 0.0364 0.6659 
 580 0.0210 0.1333 0.0593 0.7864 
 581 0.0212 0.1156 0.0453 0.8180 
 582 0.0311 0.0758 0.0259 0.8671 
 583 0.0215 0.4049 0.0370 0.5366 
 584 0.0181 0.2061 0.0265 0.7493 
 585 0.0238 0.2353 0.0308 0.7100 
 586 0.0335 0.2556 0.0492 0.6617 
 587 0.0437 0.2506 0.0257 0.6800 
 588 0.1578 0.7436 0.0385 0.0601 
 589 0.0707 0.0969 0.0286 0.8038 
 590 0.0247 0.6317 0.0320 0.3116 
 591 0.0232 0.5193 0.0401 0.4174 
 592 0.1360 0.4055 0.0329 0.4255 
 593 0.0433 0.2910 0.0670 0.5988 
 594 0.0212 0.7776 0.0592 0.1420 
 595 0.0156 0.3286 0.0260 0.6298 
 596 0.1865 0.3340 0.0653 0.4143 
 597 0.0993 0.3160 0.1949 0.3897 
 598 0.0146 0.0567 0.0256 0.9032 
 599 0.0689 0.2958 0.0258 0.6095 
 600 0.0418 0.1322 0.0774 0.7486 
 601 0.0349 0.1123 0.0250 0.8277 
 602 0.0241 0.7014 0.1020 0.1725 
 603 0.0291 0.7085 0.0953 0.1671 
 604 0.0444 0.3358 0.0840 0.5358 
 605 0.0568 0.4237 0.0459 0.4736 
 606 0.0569 0.5846 0.1275 0.2310 
 607 0.0203 0.2761 0.2768 0.4268 
 608 0.0258 0.1206 0.4653 0.3883 
 609 0.0417 0.1406 0.0610 0.7566 
 610 0.1148 0.1485 0.0490 0.6877 
 611 0.0587 0.6309 0.1000 0.2105 
 612 0.0344 0.0675 0.0379 0.8602 
 613 0.0601 0.2303 0.0647 0.6449 
 614 0.0246 0.1229 0.0381 0.8144 
 615 0.0368 0.1339 0.0811 0.7483 
 616 0.0208 0.3834 0.1788 0.4171 
 617 0.0447 0.2367 0.0379 0.6807 
 618 0.0837 0.1919 0.1783 0.5461 
 619 0.1297 0.3009 0.1397 0.4297 
 620 0.1115 0.5147 0.0255 0.3482 
 621 0.0158 0.2060 0.0339 0.7442 
 622 0.1045 0.2764 0.1313 0.4878 
 623 0.0421 0.4051 0.0417 0.5111 
 624 0.0290 0.0888 0.1400 0.7422 
 625 0.0217 0.2400 0.1379 0.6004 
 626 0.2017 0.1006 0.4612 0.2365 
 627 0.0443 0.3104 0.0611 0.5842 
 628 0.0387 0.4449 0.0651 0.4513 
 629 0.0245 0.4782 0.0680 0.4293 
 630 0.0406 0.1564 0.0565 0.7465 
 631 0.0200 0.1822 0.0603 0.7375 
 632 0.0855 0.5089 0.2269 0.1787 
 633 0.0256 0.1702 0.1113 0.6929 
 634 0.0735 0.2746 0.2085 0.4433 
 635 0.0289 0.2112 0.5307 0.2291 
 636 0.0327 0.1566 0.2313 0.5794 
 637 0.2966 0.3674 0.0940 0.2420 
 638 0.0221 0.5193 0.0949 0.3637 
 639 0.0301 0.2388 0.1022 0.6289 
 640 0.0162 0.2614 0.0496 0.6728 
 641 0.0241 0.5599 0.0641 0.3519 
 642 0.0842 0.2283 0.5401 0.1473 
 643 0.0259 0.0959 0.7820 0.0962 
 644 0.0292 0.2072 0.6027 0.1610 
 645 0.0598 0.1034 0.5790 0.2579 
 646 0.1064 0.5787 0.1148 0.2001 
 647 0.0853 0.5101 0.2726 0.1320 
 648 0.0919 0.4699 0.2760 0.1622 
 649 0.1687 0.6140 0.1362 0.0811 
 650 0.0693 0.6746 0.1337 0.1223 
 651 0.0181 0.4856 0.3824 0.1139 
 652 0.0345 0.2664 0.5675 0.1317 
 653 0.0752 0.4975 0.2928 0.1345 
 654 0.1537 0.2140 0.5117 0.1206 
 655 0.0416 0.2436 0.5104 0.2045 
 656 0.1109 0.5319 0.2095 0.1478 
 657 0.0295 0.4548 0.1621 0.3536 
 658 0.1269 0.3913 0.2073 0.2744 
 659 0.0966 0.2218 0.5193 0.1623 
 660 0.0531 0.2435 0.6213 0.0821 
 661 0.1608 0.1252 0.5855 0.1285 
 662 0.2740 0.5750 0.0810 0.0700 
 663 0.0364 0.2976 0.5303 0.1357 
 664 0.0897 0.2786 0.2417 0.3900 
 665 0.2109 0.5746 0.1196 0.0950 
 666 0.0965 0.2630 0.5107 0.1297 
 667 0.0399 0.7432 0.0669 0.1500 
 668 0.0819 0.2195 0.4582 0.2404 
 669 0.0464 0.6857 0.1854 0.0825 
 670 0.0215 0.0842 0.8416 0.0528 
 671 0.0384 0.1950 0.6902 0.0764 
 672 0.0652 0.1028 0.6794 0.1526 
 673 0.0124 0.0543 0.8794 0.0539 
 674 0.0285 0.0993 0.7722 0.1001 
 675 0.0172 0.1345 0.7844 0.0639 
 676 0.0146 0.0521 0.8818 0.0515 
 677 0.0925 0.0733 0.7866 0.0476 
 678 0.0122 0.0596 0.8748 0.0533 
 679 0.0132 0.0864 0.8035 0.0968 
 680 0.0232 0.0781 0.8175 0.0813 
 681 0.3324 0.1452 0.2933 0.2291 
 682 0.0251 0.0602 0.8308 0.0839 
 683 0.0246 0.0685 0.8566 0.0503 
 684 0.0148 0.0638 0.8687 0.0527 
 685 0.0157 0.0504 0.8856 0.0483 
 686 0.1082 0.0900 0.7237 0.0782 
 687 0.0555 0.1737 0.6994 0.0714 
 688 0.0207 0.0931 0.8142 0.0720 
 689 0.0151 0.0506 0.8846 0.0497 
 690 0.0144 0.0513 0.8824 0.0520 
 691 0.0221 0.0789 0.8117 0.0873 
 692 0.0149 0.0921 0.8159 0.0771 
 693 0.0202 0.0818 0.8079 0.0901 
 694 0.0159 0.0476 0.8915 0.0450 
 695 0.0410 0.0502 0.8402 0.0686 
 696 0.0210 0.0966 0.8107 0.0717 
 697 0.0185 0.0547 0.8745 0.0523 
 698 0.0159 0.0566 0.8763 0.0512 
 699 0.1310 0.0550 0.7516 0.0624 
 700 0.0829 0.0567 0.7524 0.1081 
 701 0.0355 0.1359 0.7388 0.0899 
 702 0.0627 0.1105 0.7074 0.1194 
 703 0.0275 0.0667 0.8206 0.0852 
 704 0.0296 0.0836 0.8208 0.0660 
 705 0.3345 0.1480 0.4005 0.1170 
 706 0.0376 0.0585 0.8297 0.0742 
 707 0.0236 0.0584 0.8647 0.0532 
 708 0.0174 0.0656 0.8664 0.0506 
 709 0.0557 0.0475 0.8409 0.0559 
 710 0.0180 0.0461 0.8896 0.0463 
 711 0.0628 0.0694 0.7935 0.0744 
 712 0.0651 0.0604 0.8294 0.0451 
 713 0.0246 0.0937 0.8165 0.0653 
 714 0.0191 0.1318 0.7505 0.0986 
 715 0.0385 0.0480 0.8678 0.0457 
 716 0.0350 0.0519 0.8424 0.0707 
 717 0.0228 0.0451 0.8852 0.0468 
 718 0.0447 0.1112 0.7666 0.0775 
 719 0.0324 0.0528 0.8686 0.0462 
 720 0.0215 0.2912 0.0408 0.6465 
 721 0.0299 0.0788 0.6168 0.2746 
 722 0.0447 0.1342 0.0768 0.7443 
 723 0.0167 0.1476 0.0651 0.7705 
 724 0.0256 0.0872 0.2008 0.6865 
 725 0.0359 0.4776 0.2212 0.2654 
 726 0.0622 0.1607 0.1263 0.6509 
 727 0.2499 0.1938 0.2450 0.3114 
 728 0.0198 0.0554 0.0233 0.9015 
 729 0.0155 0.0653 0.0256 0.8935 
 730 0.0163 0.2598 0.0435 0.6804 
 731 0.0226 0.0867 0.0558 0.8349 
 732 0.0167 0.1451 0.0684 0.7698 
 733 0.0138 0.0897 0.0353 0.8611 
 734 0.0143 0.0819 0.0240 0.8798 
 735 0.0123 0.0698 0.0469 0.8709 
 736 0.0200 0.1078 0.0464 0.8258 
 737 0.0458 0.2071 0.0503 0.6968 
 738 0.0171 0.1987 0.0420 0.7423 
 739 0.0140 0.0809 0.0322 0.8729 
 740 0.0207 0.2940 0.6176 0.0677 
 741 0.0421 0.3292 0.4878 0.1409 
 742 0.0201 0.4150 0.1610 0.4040 
 743 0.0160 0.7600 0.0641 0.1598 
 744 0.1462 0.6751 0.0743 0.1044 
 745 0.0511 0.6597 0.0334 0.2559 
 746 0.0246 0.6041 0.1692 0.2021 
 747 0.0239 0.7541 0.0550 0.1670 
 748 0.0167 0.4964 0.3595 0.1275 
 749 0.0354 0.7528 0.0961 0.1156 
 750 0.0188 0.7993 0.0699 0.1120 
 751 0.0173 0.4226 0.4231 0.1371 
 752 0.0217 0.7418 0.0697 0.1668 
 753 0.0273 0.5620 0.1785 0.2322 
 754 0.0315 0.3490 0.4064 0.2131 
 755 0.0143 0.7301 0.1119 0.1436 
 756 0.0182 0.7172 0.1607 0.1040 
 757 0.0177 0.7378 0.0986 0.1459 
 758 0.0216 0.8428 0.0294 0.1061 
 759 0.0520 0.1871 0.5172 0.2437 
 760 0.0181 0.6687 0.0866 0.2267 
 761 0.0219 0.2301 0.3168 0.4313 
 762 0.0121 0.4829 0.0460 0.4591 
 763 0.0275 0.5558 0.1849 0.2318 
 764 0.0149 0.7963 0.0543 0.1345 
 765 0.0148 0.5802 0.0526 0.3524 
 766 0.0134 0.5430 0.2971 0.1464 
 767 0.0264 0.5274 0.1959 0.2503 
 768 0.0127 0.4866 0.0455 0.4552 
 769 0.0249 0.2736 0.2324 0.4690 
 770 0.0160 0.4273 0.0439 0.5127 
 771 0.2032 0.5914 0.1287 0.0767 
 772 0.0787 0.4109 0.2833 0.2270 
 773 0.0142 0.8347 0.0553 0.0958 
 774 0.0214 0.3763 0.4468 0.1555 
 775 0.0167 0.1833 0.0992 0.7008 
 776 0.0185 0.7625 0.0445 0.1745 
 777 0.0717 0.6102 0.1059 0.2121 
 778 0.0454 0.6615 0.1557 0.1374 
 779 0.0146 0.8262 0.0677 0.0915 
 780 0.0154 0.5659 0.2922 0.1264 
 781 0.0627 0.7041 0.1587 0.0745 
 782 0.0148 0.8248 0.0695 0.0910 
 783 0.0163 0.5342 0.2317 0.2177 
 784 0.0227 0.4746 0.0701 0.4325 
 785 0.0220 0.7056 0.1132 0.1591 
 786 0.0188 0.3757 0.4310 0.1746 
 787 0.0366 0.6193 0.2714 0.0728 
 788 0.0384 0.6548 0.0731 0.2337 
 789 0.0192 0.4026 0.0810 0.4971 
 790 0.0156 0.5845 0.1993 0.2007 
 791 0.0220 0.6383 0.1124 0.2273 
 792 0.0517 0.4752 0.3950 0.0780 
 793 0.1123 0.2314 0.4332 0.2231 
 794 0.0470 0.4438 0.1461 0.3631 
 795 0.0374 0.1994 0.5474 0.2158 
 796 0.0604 0.5304 0.1610 0.2482 
 797 0.0488 0.1513 0.6776 0.1223 
 798 0.1432 0.0812 0.0282 0.7474 
 799 0.0489 0.4072 0.0734 0.4705 
 800 0.2188 0.2290 0.4759 0.0763 
 801 0.1463 0.0923 0.0550 0.7063 
 802 0.2359 0.1198 0.2223 0.4219 
 803 0.0998 0.2738 0.4089 0.2175 
 804 0.2511 0.3545 0.1209 0.2736 
 805 0.0313 0.0888 0.7939 0.0861 
 806 0.5151 0.1333 0.0739 0.2776 
 807 0.0539 0.0874 0.7734 0.0852 
 808 0.1927 0.2393 0.4528 0.1152 
 809 0.7149 0.0851 0.0436 0.1564 
 810 0.0393 0.3013 0.1869 0.4724 
 811 0.3252 0.1512 0.3792 0.1444 
 812 0.8144 0.0745 0.0253 0.0857 
 813 0.1148 0.0851 0.0328 0.7672 
 814 0.3985 0.4083 0.0524 0.1408 
 815 0.6370 0.0762 0.1024 0.1845 
 816 0.2327 0.1336 0.2905 0.3431 
 817 0.2340 0.1182 0.2260 0.4219 
 818 0.0605 0.3536 0.0797 0.5062 
 819 0.0273 0.8067 0.0959 0.0701 
 820 0.0600 0.6646 0.1304 0.1450 
 821 0.0146 0.6792 0.0722 0.2340 
 822 0.0260 0.5748 0.0268 0.3723 
 823 0.0183 0.2891 0.2214 0.4711 
 824 0.0188 0.6443 0.1300 0.2070 
 825 0.0265 0.4536 0.0499 0.4700 
 826 0.0192 0.7402 0.0358 0.2048 
 827 0.0164 0.2220 0.0517 0.7099 
 828 0.0165 0.2391 0.0906 0.6538 
 829 0.0504 0.2113 0.0929 0.6453 
 830 0.0134 0.2782 0.0348 0.6736 
 831 0.0280 0.5320 0.1194 0.3207 
 832 0.1579 0.2911 0.1239 0.4271 
 833 0.0953 0.1373 0.1713 0.5961 
 834 0.0301 0.3496 0.1230 0.4973 
 835 0.0425 0.6666 0.0360 0.2549 
 836 0.1163 0.6656 0.0604 0.1577 
 837 0.0329 0.2267 0.2551 0.4853 
 838 0.0955 0.7450 0.0323 0.1272 
 839 0.0146 0.5370 0.0581 0.3903 
 840 0.1107 0.6117 0.1398 0.1377 
 841 0.0507 0.7640 0.0760 0.1093 
 842 0.0154 0.7194 0.0274 0.2378 
 843 0.0754 0.5880 0.2257 0.1110 
 844 0.0524 0.5583 0.1273 0.2619 
 845 0.0143 0.7235 0.0341 0.2281 
 846 0.0223 0.7839 0.0723 0.1214 
 847 0.0139 0.8095 0.1079 0.0688 
 848 0.0274 0.8223 0.0569 0.0934 
 849 0.0187 0.6736 0.0507 0.2571 
 850 0.0222 0.3326 0.0535 0.5917 
 851 0.0177 0.7774 0.0421 0.1628 
 852 0.0145 0.1832 0.5165 0.2858 
 853 0.0407 0.5404 0.0423 0.3765 
 854 0.0170 0.3493 0.2304 0.4032 
 855 0.0208 0.7299 0.0704 0.1789 
 856 0.0178 0.7023 0.0992 0.1807 
 857 0.0674 0.7714 0.0465 0.1147 
 858 0.0179 0.7737 0.0394 0.1690 
 859 0.0151 0.2468 0.0435 0.6946 
 860 0.0296 0.7186 0.0390 0.2128 
 861 0.0614 0.5187 0.3290 0.0909 
 862 0.0362 0.0588 0.0347 0.8704 
 863 0.0310 0.0840 0.0900 0.7950 
 864 0.0151 0.0554 0.0647 0.8648 
 865 0.0200 0.0654 0.0228 0.8918 
 866 0.0196 0.1877 0.0393 0.7533 
 867 0.0280 0.0661 0.0576 0.8484 
 868 0.0343 0.1432 0.0430 0.7795 
 869 0.0174 0.1634 0.0414 0.7777 
 870 0.0986 0.1775 0.0294 0.6945 
 871 0.0268 0.0952 0.0269 0.8510 
 872 0.0146 0.0738 0.0376 0.8740 
 873 0.0208 0.0651 0.0464 0.8677 
 874 0.0284 0.0616 0.0264 0.8835 
 875 0.0480 0.1884 0.0447 0.7190 
 876 0.0660 0.3374 0.0357 0.5609 
 877 0.0180 0.0499 0.0395 0.8926 
 878 0.0340 0.2329 0.0652 0.6678 
 879 0.0147 0.0684 0.0576 0.8593 
 880 0.0920 0.1354 0.0355 0.7371 
 881 0.0195 0.0799 0.0512 0.8494 
 882 0.0120 0.0699 0.0477 0.8704 
 883 0.0464 0.6818 0.0431 0.2287 
 884 0.0166 0.0672 0.0226 0.8937 
 885 0.1295 0.1560 0.0681 0.6464 
 886 0.0190 0.1384 0.0625 0.7801 
 887 0.0163 0.0715 0.0269 0.8852 
 888 0.1079 0.2472 0.1049 0.5400 
 889 0.0229 0.0543 0.0228 0.9000 
 890 0.0316 0.1193 0.0233 0.8258 
 891 0.0427 0.6095 0.0399 0.3078 
 892 0.0336 0.6822 0.0433 0.2410 
 893 0.2140 0.4022 0.0678 0.3161 
 894 0.0168 0.2389 0.0260 0.7183 
 895 0.0219 0.0928 0.0282 0.8570 
 896 0.0470 0.7440 0.0660 0.1430 
 897 0.0210 0.8215 0.0372 0.1203 
 898 0.0407 0.2758 0.0883 0.5952 
 899 0.0172 0.3097 0.0219 0.6512 
 900 0.0421 0.6257 0.0347 0.2975 
 901 0.0217 0.6008 0.0366 0.3409 
 902 0.1275 0.6305 0.0513 0.1906 
 903 0.0282 0.1363 0.0366 0.7989 
 904 0.0341 0.3175 0.0759 0.5725 
 905 0.0147 0.1012 0.0261 0.8580 
 906 0.0795 0.3643 0.0534 0.5027 
 907 0.0214 0.3193 0.0603 0.5990 
 908 0.0165 0.3216 0.0461 0.6157 
 909 0.1195 0.2288 0.0528 0.5988 
 910 0.0919 0.5510 0.0505 0.3067 
 911 0.0186 0.0846 0.0228 0.8740 
 912 0.0236 0.2432 0.0276 0.7056 
 913 0.0398 0.1741 0.0258 0.7603 
 914 0.0245 0.4594 0.1472 0.3689 
 915 0.0306 0.2173 0.0217 0.7304 
 916 0.0224 0.5502 0.0344 0.3930 
 917 0.0353 0.4802 0.0329 0.4516 
 918 0.0358 0.1995 0.1244 0.6403 
 919 0.0205 0.1160 0.0654 0.7980 
 920 0.0209 0.2822 0.0514 0.6455 
 921 0.2677 0.3132 0.2528 0.1664 
 922 0.4052 0.4033 0.0492 0.1423 
 923 0.0647 0.7847 0.0706 0.0800 
 924 0.2513 0.6017 0.0443 0.1027 
 925 0.2068 0.5678 0.0772 0.1482 
 926 0.7778 0.1054 0.0557 0.0611 
 927 0.7126 0.1126 0.0879 0.0870 
 928 0.1778 0.5118 0.2491 0.0613 
 929 0.5051 0.3831 0.0422 0.0695 
 930 0.4122 0.3792 0.0827 0.1258 
 931 0.8169 0.0475 0.0625 0.0731 
 932 0.8120 0.0908 0.0292 0.0680 
 933 0.2008 0.2307 0.4850 0.0836 
 934 0.1314 0.7636 0.0327 0.0722 
 935 0.7827 0.0915 0.0432 0.0826 
 936 0.8521 0.0620 0.0245 0.0614 
 937 0.8435 0.0603 0.0399 0.0563 
 938 0.7053 0.1231 0.1240 0.0476 
 939 0.7021 0.0744 0.1591 0.0644 
 940 0.6453 0.1753 0.0893 0.0900 
 941 0.7665 0.0979 0.0267 0.1089 
 942 0.1357 0.4566 0.2587 0.1490 
 943 0.7700 0.0509 0.1289 0.0502 
 944 0.7655 0.0748 0.0828 0.0769 
 945 0.1970 0.6019 0.0834 0.1177 
 946 0.7597 0.1229 0.0442 0.0732 
 947 0.7824 0.0574 0.1081 0.0521 
 948 0.7826 0.0680 0.0242 0.1253 
 949 0.7105 0.0873 0.0250 0.1772 
 950 0.8348 0.0639 0.0532 0.0481 
 951 0.4467 0.2664 0.1592 0.1278 
 952 0.5539 0.2627 0.0625 0.1210 
 953 0.5862 0.1636 0.0525 0.1977 
 954 0.8257 0.0532 0.0303 0.0908 
 955 0.0595 0.0672 0.8045 0.0689 
 956 0.0909 0.1130 0.7318 0.0643 
 957 0.0758 0.3321 0.4259 0.1661 
 958 0.0456 0.6824 0.0811 0.1908 
 959 0.0971 0.4483 0.3066 0.1480 
 960 0.0400 0.2457 0.1172 0.5971 
 961 0.0155 0.0502 0.8863 0.0481 
 962 0.0813 0.7924 0.0651 0.0612 
 963 0.0621 0.6344 0.0744 0.2292 
 964 0.0178 0.5197 0.1345 0.3280 
 965 0.0426 0.5695 0.2876 0.1003 
 966 0.0686 0.5769 0.1877 0.1668 
 967 0.0444 0.0607 0.8185 0.0764 
 968 0.0459 0.7971 0.0866 0.0704 
 969 0.0185 0.2467 0.2975 0.4373 
 970 0.0239 0.1544 0.7352 0.0865 
 971 0.0929 0.6942 0.1166 0.0963 
 972 0.0551 0.4496 0.2576 0.2377 
 973 0.1872 0.4411 0.2917 0.0800 
 974 0.0254 0.7306 0.0871 0.1569 
 975 0.0185 0.2406 0.3036 0.4372 
 976 0.0880 0.6949 0.1169 0.1002 
 977 0.0163 0.4504 0.3208 0.2125 
 978 0.0743 0.6215 0.1985 0.1058 
 979 0.0348 0.7548 0.0740 0.1364 
 980 0.0770 0.4612 0.3306 0.1312 
 981 0.0523 0.5456 0.2100 0.1922 
 982 0.0385 0.4277 0.0537 0.4800 
 983 0.0737 0.2959 0.0557 0.5746 
 984 0.0271 0.1183 0.6614 0.1931 
 985 0.0551 0.6324 0.1636 0.1488 
 986 0.0223 0.6425 0.0845 0.2508 
 987 0.0223 0.8016 0.0327 0.1434 
 988 0.0142 0.1107 0.0257 0.8493 
 989 0.0887 0.1248 0.6185 0.1680 
 990 0.0195 0.3844 0.1106 0.4855 
 991 0.0477 0.5892 0.1398 0.2233 
 992 0.0319 0.8580 0.0320 0.0782 
 993 0.0447 0.2385 0.0665 0.6503 
 994 0.1329 0.5211 0.2192 0.1268 
 995 0.0230 0.0761 0.8530 0.0480 
 996 0.0203 0.2709 0.0541 0.6546 
 997 0.0677 0.7654 0.0839 0.0830 
 998 0.1180 0.5176 0.0508 0.3136 
 999 0.0320 0.5927 0.1821 0.1933 
1000 0.0601 0.6852 0.0421 0.2127 
1001 0.0168 0.3290 0.0638 0.5904 
1002 0.0214 0.3491 0.0271 0.6024 
1003 0.0336 0.7643 0.0758 0.1263 
1004 0.0451 0.7327 0.0687 0.1535 
1005 0.0255 0.7896 0.0416 0.1433 
1006 0.2434 0.4175 0.1441 0.1949 
1007 0.1287 0.4793 0.2712 0.1208 
1008 0.1022 0.4363 0.3602 0.1014 
1009 0.2955 0.2991 0.1426 0.2628 
1010 0.0377 0.7007 0.1301 0.1315 
1011 0.0372 0.4609 0.3592 0.1427 
1012 0.5657 0.2534 0.0535 0.1274 
1013 0.1443 0.6267 0.0973 0.1317 
1014 0.0309 0.7030 0.0443 0.2218 
1015 0.0414 0.8181 0.0486 0.0919 
1016 0.0179 0.7429 0.0382 0.2009 
1017 0.0401 0.7168 0.1326 0.1104 
1018 0.0275 0.7224 0.1321 0.1180 
1019 0.0831 0.4154 0.1520 0.3496 
1020 0.0364 0.1182 0.7822 0.0632 
1021 0.1979 0.2282 0.4791 0.0948 
1022 0.0860 0.5570 0.1527 0.2043 
1023 0.0384 0.2062 0.0606 0.6949 
1024 0.0770 0.2301 0.0456 0.6473 
1025 0.0256 0.7050 0.0837 0.1857 
1026 0.0750 0.0827 0.2497 0.5926 
1027 0.3854 0.0978 0.1274 0.3894 
1028 0.0344 0.1103 0.1369 0.7185 
1029 0.1371 0.1645 0.2230 0.4755 
1030 0.0745 0.2917 0.4691 0.1647 
1031 0.1530 0.0741 0.2705 0.5024 
1032 0.1441 0.1379 0.3728 0.3452 
1033 0.0813 0.1179 0.3078 0.4930 
1034 0.1389 0.2223 0.2283 0.4104 
1035 0.0201 0.1122 0.7272 0.1404 
1036 0.2418 0.1498 0.3455 0.2628 
1037 0.0790 0.2478 0.5268 0.1464 
1038 0.0394 0.1387 0.5339 0.2881 
1039 0.4139 0.1334 0.2628 0.1899 
1040 0.0935 0.0925 0.2198 0.5943 
1041 0.0894 0.0764 0.2133 0.6209 
1042 0.0559 0.2466 0.4636 0.2340 
1043 0.0238 0.1916 0.2989 0.4858 
1044 0.0720 0.2682 0.1970 0.4629 
1045 0.0239 0.1040 0.2637 0.6083 
1046 0.1753 0.1630 0.4214 0.2403 
1047 0.0399 0.1137 0.7113 0.1350 
1048 0.0201 0.4214 0.0927 0.4659 
1049 0.0239 0.6458 0.0634 0.2670 
1050 0.0187 0.1534 0.0230 0.8048 
1051 0.0222 0.3532 0.0269 0.5977 
1052 0.0416 0.2022 0.0406 0.7156 
1053 0.0246 0.3226 0.0550 0.5977 
1054 0.0263 0.2886 0.0468 0.6384 
1055 0.0235 0.7865 0.0331 0.1568 
1056 0.0259 0.5111 0.0394 0.4237 
1057 0.0454 0.1207 0.0287 0.8052 
1058 0.0225 0.3188 0.0306 0.6282 
1059 0.0243 0.2105 0.0598 0.7054 
1060 0.0558 0.3084 0.1077 0.5280 
1061 0.0451 0.7640 0.0304 0.1605 
1062 0.0245 0.2106 0.0354 0.7296 
1063 0.0777 0.7484 0.0722 0.1018 
1064 0.0401 0.3477 0.0442 0.5680 
1065 0.0737 0.6184 0.0602 0.2477 
1066 0.0330 0.7500 0.0631 0.1539 
1067 0.0196 0.3689 0.0317 0.5798 
1068 0.0358 0.2063 0.3027 0.4552 
1069 0.0214 0.1999 0.0276 0.7510 
1070 0.0258 0.6117 0.0345 0.3280 
1071 0.0493 0.3211 0.1155 0.5141 
1072 0.0405 0.6930 0.0563 0.2102 
1073 0.0221 0.2815 0.0416 0.6547 
1074 0.0322 0.2969 0.0975 0.5734 
1075 0.0463 0.4498 0.0633 0.4405 
1076 0.0211 0.5367 0.0691 0.3731 
1077 0.0188 0.0897 0.0302 0.8613 
1078 0.0334 0.6771 0.0444 0.2451 
1079 0.0426 0.2491 0.0390 0.6693 
1080 0.0330 0.6197 0.1294 0.2179 
1081 0.0158 0.1422 0.0267 0.8153 
1082 0.0876 0.3215 0.0850 0.5059 
1083 0.0240 0.7039 0.0527 0.2194 
1084 0.2592 0.2955 0.1202 0.3251 
1085 0.0193 0.4207 0.0211 0.5389 
1086 0.0387 0.8157 0.0296 0.1160 
1087 0.0246 0.4211 0.0213 0.5330 
1088 0.0221 0.7122 0.0237 0.2419 
1089 0.0181 0.1852 0.0247 0.7719 
1090 0.0244 0.3019 0.0327 0.6410 
1091 0.0280 0.4085 0.0472 0.5164 
1092 0.0240 0.1418 0.0327 0.8015 
1093 0.0417 0.6069 0.0848 0.2666 
1094 0.0237 0.1852 0.0861 0.7049 
1095 0.0165 0.1134 0.0275 0.8426 
1096 0.0293 0.1899 0.0888 0.6920 
1097 0.0190 0.1661 0.0227 0.7922 
1098 0.0926 0.7822 0.0267 0.0985 
1099 0.3335 0.4783 0.0741 0.1142 
1100 0.0282 0.2882 0.0281 0.6554 
1101 0.0294 0.3357 0.0246 0.6104 
1102 0.0224 0.3904 0.0340 0.5533 
1103 0.0167 0.6696 0.0533 0.2603 
1104 0.0790 0.4281 0.0365 0.4564 
1105 0.0244 0.6286 0.0355 0.3115 
1106 0.0475 0.2244 0.1180 0.6101 
1107 0.0175 0.1189 0.0495 0.8141 
1108 0.0159 0.0768 0.0391 0.8681 
1109 0.0228 0.2283 0.0349 0.7140 
1110 0.0740 0.4173 0.4054 0.1033 
1111 0.2718 0.2838 0.3649 0.0796 
1112 0.0665 0.0560 0.6895 0.1880 
1113 0.4913 0.2127 0.1641 0.1318 
1114 0.1312 0.0999 0.2599 0.5090 
1115 0.7477 0.0627 0.1007 0.0889 
1116 0.0407 0.0815 0.7796 0.0982 
1117 0.1011 0.2157 0.1741 0.5091 
1118 0.0611 0.0547 0.7889 0.0953 
1119 0.4768 0.0954 0.1300 0.2978 
1120 0.6109 0.1158 0.1817 0.0916 
1121 0.0516 0.0829 0.5142 0.3513 
1122 0.0275 0.2357 0.3934 0.3435 
1123 0.0518 0.3154 0.2104 0.4223 
1124 0.0635 0.0540 0.7882 0.0943 
1125 0.0660 0.2313 0.4770 0.2257 
1126 0.0561 0.1098 0.4629 0.3712 
1127 0.2275 0.1142 0.4590 0.1992 
1128 0.2371 0.1309 0.5559 0.0762 
1129 0.2453 0.1846 0.2076 0.3625 
1130 0.1979 0.2970 0.2120 0.2931 
1131 0.0615 0.1104 0.1357 0.6924 
1132 0.6283 0.0648 0.1880 0.1189 
1133 0.0252 0.0998 0.7238 0.1511 
1134 0.0779 0.0745 0.7782 0.0694 
1135 0.1707 0.2511 0.0889 0.4893 
1136 0.2209 0.0691 0.0872 0.6227 
1137 0.0693 0.2747 0.5395 0.1165 
1138 0.1918 0.2255 0.3190 0.2637 
1139 0.0775 0.0645 0.7768 0.0812 
1140 0.0317 0.2511 0.3348 0.3824 
1141 0.0891 0.0802 0.2882 0.5425 
1142 0.0896 0.0753 0.1143 0.7207 
1143 0.0219 0.4517 0.3293 0.1971 
1144 0.4386 0.0996 0.2950 0.1667 
1145 0.4111 0.1177 0.1443 0.3270 
1146 0.0286 0.0921 0.4714 0.4079 
1147 0.1530 0.3768 0.1051 0.3651 
1148 0.0210 0.0607 0.0558 0.8625 
1149 0.1044 0.2790 0.4408 0.1758 
1150 0.3405 0.1442 0.2672 0.2481 
1151 0.0512 0.0595 0.7012 0.1880 
1152 0.1460 0.1288 0.2104 0.5148 
1153 0.2946 0.1479 0.0837 0.4739 
1154 0.0522 0.2048 0.3516 0.3913 
1155 0.2988 0.0873 0.3169 0.2971 
1156 0.4404 0.0758 0.3692 0.1146 
1157 0.2993 0.0567 0.2180 0.4259 
1158 0.1149 0.0771 0.5879 0.2201 
1159 0.0293 0.3518 0.0352 0.5837 
1160 0.0378 0.5787 0.0327 0.3508 
1161 0.0273 0.8453 0.0426 0.0849 
1162 0.2810 0.3250 0.1259 0.2682 
1163 0.0250 0.3242 0.4637 0.1871 
1164 0.0474 0.4349 0.1473 0.3704 
1165 0.0192 0.7150 0.0398 0.2260 
1166 0.0222 0.7380 0.1482 0.0916 
1167 0.0180 0.5315 0.0307 0.4199 
1168 0.0374 0.3946 0.0543 0.5137 
1169 0.0217 0.7053 0.0695 0.2035 
1170 0.0334 0.1175 0.0424 0.8066 
1171 0.0195 0.4345 0.0977 0.4484 
1172 0.0152 0.4252 0.0470 0.5127 
1173 0.0274 0.6039 0.0533 0.3154 
1174 0.0171 0.6901 0.0314 0.2615 
1175 0.0667 0.6098 0.0415 0.2821 
1176 0.0222 0.5707 0.1065 0.3007 
