   1 0.0060 0.0128 0.0329 0.0628 0.2409 0.0881 0.2271 0.1179 0.2114 
   2 0.0043 0.0045 0.0193 0.0282 0.0846 0.4240 0.0860 0.1445 0.2046 
   3 0.0064 0.0054 0.0239 0.0571 0.2065 0.1150 0.1882 0.0953 0.3021 
   4 0.0123 0.0220 0.1737 0.0477 0.2127 0.1561 0.1223 0.1169 0.1363 
   5 0.0061 0.0076 0.0210 0.0344 0.0824 0.2944 0.0926 0.1756 0.2860 
   6 0.0053 0.0053 0.0370 0.0295 0.0820 0.0937 0.1138 0.1236 0.5099 
   7 0.0062 0.0053 0.0212 0.0260 0.0909 0.0829 0.1643 0.3359 0.2674 
   8 0.0194 0.1369 0.0350 0.0343 0.1809 0.1098 0.1432 0.1186 0.2220 
   9 0.0083 0.0053 0.0247 0.0347 0.1582 0.2291 0.1313 0.1528 0.2557 
  10 0.0076 0.1152 0.0272 0.0226 0.1118 0.1128 0.1438 0.1579 0.3010 
  11 0.0046 0.0051 0.0194 0.0245 0.0924 0.0882 0.2576 0.3012 0.2070 
  12 0.0053 0.0048 0.0378 0.0372 0.1212 0.2321 0.0844 0.1921 0.2851 
  13 0.0061 0.0060 0.0233 0.0418 0.1429 0.1570 0.1062 0.1910 0.3257 
  14 0.0045 0.0152 0.0255 0.0789 0.1147 0.2909 0.1639 0.0862 0.2203 
  15 0.0058 0.0069 0.0465 0.0400 0.1882 0.2105 0.1765 0.1414 0.1841 
  16 0.0044 0.0050 0.0198 0.0375 0.1281 0.1003 0.2346 0.1385 0.3316 
  17 0.0078 0.0059 0.0278 0.0702 0.1242 0.1152 0.0972 0.1353 0.4164 
  18 0.0087 0.0064 0.0351 0.0378 0.1189 0.2810 0.1931 0.0848 0.2342 
  19 0.0050 0.0048 0.0241 0.0236 0.1160 0.1256 0.1191 0.1433 0.4387 
  20 0.0056 0.0055 0.0330 0.0370 0.1219 0.1899 0.1801 0.2180 0.2091 
  21 0.0051 0.0098 0.0431 0.0546 0.1635 0.2685 0.1811 0.0981 0.1764 
  22 0.0065 0.0054 0.0221 0.0376 0.1589 0.1068 0.1142 0.1016 0.4469 
  23 0.0106 0.0150 0.0275 0.0743 0.2557 0.2167 0.1291 0.1100 0.1612 
  24 0.0047 0.0054 0.0271 0.0360 0.2554 0.1170 0.2132 0.1159 0.2253 
  25 0.0056 0.0061 0.0190 0.0384 0.0685 0.1276 0.1317 0.2053 0.3977 
  26 0.0074 0.0049 0.0417 0.0357 0.1764 0.1476 0.1394 0.1252 0.3217 
  27 0.0061 0.0051 0.0322 0.0650 0.1361 0.1383 0.1448 0.1303 0.3422 
  28 0.0060 0.0314 0.1118 0.0399 0.1420 0.1553 0.1979 0.1301 0.1858 
  29 0.0042 0.0045 0.0186 0.0357 0.1351 0.2111 0.1277 0.2640 0.1991 
  30 0.0049 0.0047 0.0201 0.0449 0.1416 0.1272 0.1534 0.1065 0.3968 
  31 0.0121 0.1197 0.0253 0.0628 0.1036 0.1479 0.1200 0.2011 0.2076 
  32 0.0049 0.0120 0.0326 0.0352 0.1788 0.1971 0.1272 0.1000 0.3121 
  33 0.0051 0.0045 0.0228 0.0374 0.2193 0.1394 0.2180 0.1521 0.2013 
  34 0.0077 0.1190 0.0277 0.0283 0.0798 0.0780 0.1434 0.2612 0.2551 
  35 0.0123 0.0047 0.0169 0.1293 0.1164 0.1901 0.0967 0.1376 0.2960 
  36 0.0046 0.0071 0.0170 0.1029 0.1182 0.1514 0.3856 0.0929 0.1202 
  37 0.0066 0.0057 0.0246 0.0449 0.1997 0.2774 0.1086 0.1195 0.2128 
  38 0.0060 0.0047 0.0161 0.0422 0.0859 0.1193 0.4129 0.1932 0.1197 
  39 0.0079 0.0050 0.0276 0.0702 0.1080 0.1549 0.2370 0.2146 0.1748 
  40 0.0043 0.0055 0.0204 0.1661 0.1896 0.1864 0.1433 0.0849 0.1995 
  41 0.0082 0.0068 0.0158 0.1986 0.1179 0.1036 0.2215 0.1712 0.1563 
  42 0.0050 0.0050 0.0263 0.0793 0.3508 0.0967 0.2368 0.1080 0.0921 
  43 0.0073 0.0093 0.0224 0.1824 0.1560 0.2262 0.0974 0.1338 0.1652 
  44 0.0070 0.0044 0.0158 0.2903 0.0945 0.1556 0.0903 0.1208 0.2212 
  45 0.0060 0.0047 0.0156 0.0953 0.0968 0.2046 0.2747 0.1761 0.1263 
  46 0.0099 0.0046 0.0283 0.0934 0.0925 0.1572 0.1314 0.1594 0.3233 
  47 0.0144 0.0105 0.0240 0.0569 0.1350 0.1822 0.0911 0.1460 0.3399 
  48 0.0081 0.0043 0.0161 0.3037 0.1013 0.1724 0.0876 0.0870 0.2194 
  49 0.0100 0.0053 0.0215 0.0917 0.1350 0.1938 0.1696 0.1766 0.1965 
  50 0.0096 0.0483 0.0279 0.0472 0.0831 0.1331 0.1396 0.1943 0.3170 
  51 0.0044 0.0062 0.0161 0.3086 0.1000 0.1342 0.2501 0.0920 0.0884 
  52 0.0099 0.0046 0.0274 0.0880 0.1395 0.1064 0.2235 0.2148 0.1859 
  53 0.0068 0.0189 0.0213 0.0482 0.1110 0.1123 0.3835 0.1196 0.1784 
  54 0.0085 0.0058 0.0232 0.0961 0.1572 0.2625 0.0744 0.1620 0.2104 
  55 0.0065 0.0048 0.0195 0.2208 0.1138 0.2658 0.0897 0.1124 0.1667 
  56 0.0075 0.0046 0.0247 0.1065 0.1538 0.2307 0.1549 0.0970 0.2203 
  57 0.0143 0.0130 0.0582 0.0287 0.1823 0.1092 0.1115 0.1420 0.3408 
  58 0.0062 0.0053 0.0190 0.1134 0.1512 0.1984 0.1927 0.1680 0.1459 
  59 0.0066 0.0049 0.0232 0.0757 0.1357 0.1585 0.2689 0.1950 0.1314 
  60 0.0046 0.0097 0.0414 0.1816 0.1505 0.1742 0.2130 0.0967 0.1283 
  61 0.0041 0.0058 0.0239 0.1935 0.1449 0.3256 0.0797 0.1234 0.0990 
  62 0.0169 0.0048 0.0407 0.0518 0.1162 0.2020 0.1250 0.1901 0.2527 
  63 0.0042 0.0050 0.0272 0.0640 0.1775 0.2203 0.1941 0.1762 0.1316 
  64 0.0068 0.0045 0.0185 0.0303 0.0907 0.1681 0.2022 0.1556 0.3233 
  65 0.0057 0.0047 0.0188 0.0362 0.0729 0.1718 0.1130 0.3712 0.2055 
  66 0.0051 0.0106 0.0322 0.0380 0.1476 0.3646 0.1184 0.1573 0.1262 
  67 0.0054 0.0049 0.0176 0.2173 0.0966 0.2558 0.0799 0.1518 0.1708 
  68 0.0078 0.0053 0.0267 0.0848 0.1419 0.1600 0.2894 0.1649 0.1192 
  69 0.0087 0.2219 0.0248 0.0480 0.0692 0.1013 0.2589 0.1391 0.1282 
  70 0.0044 0.0106 0.0210 0.1144 0.1558 0.1398 0.3226 0.1316 0.0998 
  71 0.0065 0.0064 0.0163 0.1036 0.0742 0.2042 0.2733 0.1897 0.1258 
  72 0.0056 0.0071 0.0177 0.0875 0.0955 0.1384 0.2888 0.1202 0.2391 
  73 0.0065 0.0074 0.0182 0.1031 0.0862 0.3113 0.1322 0.2064 0.1286 
  74 0.0043 0.0048 0.0230 0.0784 0.1978 0.1408 0.3427 0.0891 0.1191 
  75 0.0055 0.0093 0.0210 0.0886 0.2128 0.2267 0.2513 0.0738 0.1110 
  76 0.0053 0.0050 0.0196 0.1232 0.1176 0.2129 0.1441 0.2098 0.1623 
  77 0.0054 0.0045 0.0150 0.0969 0.1224 0.1335 0.2863 0.2237 0.1122 
  78 0.0061 0.0047 0.0156 0.0799 0.1280 0.1191 0.3516 0.1840 0.1110 
  79 0.0047 0.0058 0.0222 0.0248 0.1005 0.1633 0.1711 0.2390 0.2688 
  80 0.0048 0.0066 0.0391 0.0270 0.3945 0.1605 0.1095 0.1358 0.1222 
  81 0.0049 0.0074 0.0501 0.0227 0.2899 0.1681 0.1445 0.1661 0.1464 
  82 0.0047 0.0055 0.0251 0.0582 0.1677 0.2734 0.1208 0.1920 0.1525 
  83 0.0045 0.0082 0.0391 0.0348 0.1824 0.2130 0.2453 0.1285 0.1442 
  84 0.0045 0.0066 0.0422 0.0251 0.1837 0.1748 0.2168 0.1846 0.1619 
  85 0.0045 0.0081 0.0404 0.0328 0.2140 0.1693 0.2220 0.1015 0.2075 
  86 0.0069 0.0052 0.0267 0.0787 0.0953 0.2574 0.1111 0.1899 0.2288 
  87 0.0054 0.0129 0.0241 0.0398 0.1056 0.1592 0.2437 0.2604 0.1488 
  88 0.0048 0.0059 0.0319 0.0275 0.2600 0.2014 0.1399 0.1889 0.1396 
  89 0.0056 0.0137 0.0385 0.0247 0.2320 0.2755 0.1308 0.1434 0.1360 
  90 0.0048 0.0056 0.0267 0.0253 0.1154 0.1888 0.1635 0.3223 0.1477 
  91 0.0044 0.0075 0.0420 0.0342 0.3428 0.1411 0.1948 0.0948 0.1385 
  92 0.0049 0.0057 0.0264 0.0277 0.1395 0.2224 0.1628 0.2032 0.2074 
  93 0.0048 0.0626 0.0571 0.0277 0.3800 0.1566 0.1012 0.0926 0.1174 
  94 0.0046 0.0066 0.0236 0.0341 0.0916 0.0933 0.4102 0.2227 0.1132 
  95 0.0046 0.0056 0.0342 0.0253 0.2131 0.1729 0.1403 0.2969 0.1072 
  96 0.0044 0.0061 0.0279 0.1364 0.2197 0.3006 0.0894 0.1193 0.0961 
  97 0.0056 0.0051 0.0219 0.0632 0.1828 0.2545 0.2667 0.0806 0.1197 
  98 0.0040 0.0048 0.0174 0.0850 0.1831 0.2116 0.1436 0.1349 0.2156 
  99 0.0046 0.0066 0.0416 0.0236 0.1749 0.1898 0.1820 0.2238 0.1531 
 100 0.0051 0.0058 0.0346 0.0320 0.3677 0.2919 0.0752 0.0807 0.1070 
 101 0.0060 0.0394 0.0260 0.0461 0.1232 0.2197 0.2002 0.1907 0.1486 
 102 0.0063 0.0084 0.0451 0.0689 0.2764 0.1404 0.1609 0.1850 0.1086 
 103 0.0051 0.0245 0.0327 0.0302 0.0901 0.4263 0.1026 0.1844 0.1041 
 104 0.0052 0.0119 0.0662 0.0325 0.0574 0.1649 0.1155 0.4185 0.1278 
 105 0.0065 0.0250 0.0783 0.0348 0.0674 0.2493 0.0849 0.3489 0.1049 
 106 0.0045 0.0041 0.0159 0.0348 0.0621 0.0967 0.2419 0.3665 0.1736 
 107 0.0054 0.0161 0.0352 0.0365 0.0967 0.2998 0.1007 0.2964 0.1132 
 108 0.0044 0.0066 0.0265 0.1096 0.0724 0.3298 0.2129 0.1032 0.1346 
 109 0.0103 0.0094 0.0182 0.0422 0.0576 0.1164 0.2078 0.3901 0.1480 
 110 0.0048 0.0068 0.0168 0.0268 0.0650 0.0915 0.2624 0.3801 0.1459 
 111 0.0066 0.0075 0.0335 0.0321 0.0775 0.1451 0.0864 0.5014 0.1099 
 112 0.0062 0.0053 0.0191 0.0582 0.0711 0.0846 0.1496 0.5007 0.1051 
 113 0.0053 0.0085 0.0295 0.0447 0.0968 0.3214 0.1624 0.1504 0.1809 
 114 0.0048 0.0137 0.0799 0.0279 0.0669 0.1784 0.1020 0.4152 0.1113 
 115 0.0057 0.0054 0.0267 0.1166 0.1069 0.1064 0.1036 0.3880 0.1406 
 116 0.0064 0.0046 0.0159 0.0862 0.0705 0.1088 0.2675 0.2959 0.1444 
 117 0.0068 0.0091 0.0193 0.0464 0.0903 0.0797 0.1904 0.4167 0.1412 
 118 0.0053 0.0049 0.0268 0.0405 0.0802 0.2963 0.0923 0.3165 0.1373 
 119 0.0042 0.0074 0.0301 0.1477 0.2284 0.1926 0.1628 0.1303 0.0964 
 120 0.0063 0.0065 0.0313 0.0704 0.1097 0.1530 0.1093 0.3816 0.1319 
 121 0.0095 0.0094 0.0188 0.1715 0.0748 0.1025 0.1311 0.3557 0.1267 
 122 0.0046 0.0105 0.0215 0.0308 0.0709 0.1400 0.2091 0.3491 0.1636 
 123 0.0050 0.0079 0.0341 0.0410 0.0874 0.1636 0.1799 0.3544 0.1267 
 124 0.0087 0.0053 0.0265 0.0742 0.0685 0.1761 0.2059 0.2722 0.1627 
 125 0.0063 0.0068 0.0184 0.0595 0.0995 0.0826 0.3073 0.2247 0.1950 
 126 0.0040 0.0048 0.0316 0.0771 0.1069 0.1441 0.2879 0.2292 0.1145 
 127 0.0048 0.0052 0.0304 0.0363 0.0769 0.1770 0.0928 0.4802 0.0965 
 128 0.0048 0.0047 0.0243 0.0414 0.0779 0.3339 0.0830 0.2874 0.1425 
 129 0.0067 0.0163 0.0197 0.0378 0.0585 0.3057 0.0932 0.3418 0.1203 
 130 0.0059 0.0165 0.0382 0.0285 0.1033 0.1827 0.1058 0.4003 0.1187 
 131 0.0100 0.0158 0.0197 0.0760 0.0629 0.1090 0.3146 0.2566 0.1354 
 132 0.0054 0.0089 0.0183 0.0371 0.0585 0.2098 0.2010 0.3060 0.1549 
 133 0.0092 0.0121 0.0360 0.0457 0.0842 0.2674 0.1187 0.2967 0.1299 
 134 0.0044 0.0043 0.0152 0.0249 0.0547 0.0844 0.1594 0.5320 0.1207 
 135 0.0066 0.0053 0.0658 0.0943 0.2928 0.2325 0.1164 0.0854 0.1009 
 136 0.0067 0.0142 0.0827 0.0321 0.3388 0.1594 0.0872 0.0718 0.2071 
 137 0.0050 0.0176 0.0501 0.0270 0.4742 0.1026 0.0872 0.1221 0.1141 
 138 0.0045 0.0056 0.4274 0.0351 0.1388 0.0978 0.1134 0.0699 0.1075 
 139 0.0045 0.0105 0.0650 0.0428 0.0949 0.4632 0.1123 0.0771 0.1297 
 140 0.0053 0.0242 0.0533 0.0554 0.2812 0.1618 0.1667 0.1208 0.1312 
 141 0.0065 0.0796 0.1541 0.0356 0.1265 0.1767 0.1270 0.0718 0.2222 
 142 0.0062 0.0226 0.0610 0.1094 0.2381 0.2751 0.1089 0.0818 0.0969 
 143 0.0042 0.0055 0.0580 0.0281 0.5577 0.1105 0.0739 0.0689 0.0934 
 144 0.0046 0.0065 0.0589 0.0306 0.5031 0.0999 0.0768 0.1227 0.0969 
 145 0.0070 0.0120 0.0524 0.0491 0.2151 0.2104 0.1276 0.0736 0.2528 
 146 0.0080 0.0138 0.1266 0.0356 0.2115 0.1313 0.1637 0.1300 0.1795 
 147 0.0050 0.0141 0.0928 0.0257 0.4901 0.1048 0.0819 0.0699 0.1158 
 148 0.0056 0.0867 0.0706 0.0566 0.1949 0.2114 0.0932 0.1073 0.1738 
 149 0.0054 0.2223 0.0285 0.0598 0.1914 0.1745 0.1311 0.0711 0.1159 
 150 0.0062 0.0167 0.0651 0.0322 0.2779 0.2094 0.1004 0.1594 0.1327 
 151 0.0051 0.0058 0.0774 0.0312 0.4189 0.1707 0.0908 0.0931 0.1070 
 152 0.0060 0.0211 0.0912 0.0915 0.1990 0.1987 0.1180 0.0858 0.1889 
 153 0.0048 0.0115 0.2994 0.0555 0.1556 0.1109 0.1577 0.0887 0.1158 
 154 0.0065 0.2763 0.0296 0.0570 0.1334 0.1652 0.0859 0.0704 0.1756 
 155 0.0044 0.0057 0.4360 0.0271 0.1245 0.1272 0.0839 0.0908 0.1003 
 156 0.0045 0.0058 0.2139 0.0802 0.2553 0.1611 0.0859 0.1073 0.0860 
 157 0.0046 0.0152 0.2099 0.0237 0.2354 0.1365 0.1376 0.1368 0.1003 
 158 0.0077 0.0129 0.0548 0.0431 0.2682 0.1561 0.1335 0.0740 0.2497 
 159 0.0064 0.1366 0.0623 0.0256 0.3887 0.1219 0.0798 0.0698 0.1089 
 160 0.0084 0.1370 0.0848 0.0265 0.2925 0.1795 0.0843 0.0711 0.1158 
 161 0.0046 0.0116 0.0328 0.0325 0.3857 0.1453 0.1611 0.0915 0.1349 
 162 0.0091 0.0118 0.1504 0.0395 0.1256 0.1859 0.1541 0.1243 0.1992 
 163 0.0044 0.0057 0.3910 0.0466 0.1711 0.1100 0.0902 0.0900 0.0909 
 164 0.0096 0.1661 0.0499 0.0337 0.1543 0.2053 0.1126 0.1176 0.1510 
 165 0.0057 0.0065 0.0789 0.0327 0.3643 0.1433 0.0921 0.1666 0.1099 
 166 0.0050 0.1862 0.0459 0.0454 0.1595 0.1793 0.1687 0.1130 0.0970 
 167 0.0086 0.3257 0.0674 0.0352 0.1068 0.0769 0.0790 0.0897 0.2108 
 168 0.0051 0.0074 0.2261 0.0456 0.1900 0.1345 0.1920 0.0759 0.1233 
 169 0.0083 0.0112 0.0471 0.0412 0.2073 0.1317 0.2509 0.0728 0.2295 
 170 0.0045 0.0060 0.0282 0.0492 0.4132 0.2093 0.0915 0.0964 0.1016 
 171 0.0054 0.0105 0.1520 0.0487 0.1603 0.2167 0.1478 0.0849 0.1737 
 172 0.0058 0.0472 0.0342 0.0702 0.2656 0.1562 0.2409 0.0700 0.1100 
 173 0.0060 0.0128 0.2280 0.0274 0.1822 0.2749 0.0806 0.0692 0.1190 
 174 0.0054 0.0143 0.2444 0.0231 0.2167 0.1713 0.1033 0.0935 0.1279 
 175 0.0052 0.0065 0.0604 0.0368 0.4447 0.1158 0.0757 0.0695 0.1856 
 176 0.0047 0.0065 0.0575 0.0300 0.5061 0.0994 0.0768 0.1230 0.0960 
 177 0.0054 0.0131 0.2020 0.0278 0.1436 0.1401 0.2240 0.1275 0.1165 
 178 0.0054 0.0162 0.2454 0.0243 0.1345 0.1788 0.0951 0.0899 0.2106 
 179 0.0048 0.0665 0.2541 0.0250 0.2150 0.1648 0.0806 0.0698 0.1194 
 180 0.0082 0.0574 0.0479 0.0459 0.3297 0.1019 0.1323 0.0995 0.1773 
 181 0.0067 0.0111 0.0481 0.0453 0.2739 0.2734 0.1290 0.0727 0.1398 
 182 0.0072 0.0063 0.0644 0.0444 0.3598 0.2589 0.0798 0.0735 0.1057 
 183 0.0050 0.0138 0.0835 0.0293 0.4069 0.1845 0.0833 0.0704 0.1232 
 184 0.0055 0.0044 0.0192 0.0296 0.0839 0.4232 0.0852 0.1042 0.2447 
 185 0.0042 0.0065 0.2095 0.1142 0.3029 0.1372 0.0669 0.0714 0.0871 
 186 0.0052 0.0047 0.0193 0.0298 0.0802 0.3921 0.0932 0.1578 0.2178 
 187 0.0041 0.0068 0.0927 0.0355 0.1527 0.3616 0.0789 0.1037 0.1641 
 188 0.0054 0.0046 0.0171 0.0304 0.0661 0.4685 0.0759 0.1396 0.1924 
 189 0.0042 0.0067 0.0378 0.0501 0.2261 0.1883 0.1755 0.0840 0.2271 
 190 0.0041 0.0047 0.0359 0.1563 0.1645 0.4193 0.0670 0.0717 0.0765 
 191 0.0044 0.0051 0.0232 0.0280 0.0927 0.5112 0.0775 0.1020 0.1560 
 192 0.0041 0.0053 0.0323 0.0246 0.2141 0.3391 0.0897 0.1297 0.1611 
 193 0.0047 0.0052 0.0262 0.0421 0.1946 0.3071 0.1012 0.1117 0.2072 
 194 0.0048 0.0060 0.0326 0.0520 0.2448 0.2901 0.1019 0.1192 0.1486 
 195 0.0043 0.0059 0.0516 0.0533 0.2074 0.4436 0.0696 0.0682 0.0961 
 196 0.0038 0.0050 0.0335 0.0597 0.1375 0.4937 0.0774 0.0968 0.0926 
 197 0.0052 0.0056 0.0863 0.0485 0.1121 0.2258 0.0937 0.1560 0.2668 
 198 0.0040 0.0060 0.0287 0.0508 0.1631 0.2163 0.1615 0.1405 0.2291 
 199 0.0048 0.0048 0.0215 0.0875 0.1887 0.3833 0.1019 0.0985 0.1091 
 200 0.0043 0.0050 0.0337 0.0751 0.1302 0.4305 0.0994 0.0864 0.1355 
 201 0.0041 0.0059 0.1600 0.0338 0.1554 0.3821 0.0667 0.0781 0.1141 
 202 0.0039 0.0050 0.0398 0.0687 0.3899 0.2275 0.0720 0.0976 0.0956 
 203 0.0044 0.0057 0.1269 0.0339 0.2052 0.3857 0.0645 0.0743 0.0995 
 204 0.0041 0.0051 0.0253 0.0472 0.1199 0.5687 0.0693 0.0721 0.0883 
 205 0.0042 0.0054 0.0240 0.0578 0.1120 0.4668 0.1022 0.0973 0.1302 
 206 0.0044 0.0058 0.0367 0.0346 0.1279 0.5372 0.0643 0.0749 0.1142 
 207 0.0040 0.0046 0.0186 0.0433 0.1050 0.5531 0.0657 0.1045 0.1012 
 208 0.0043 0.0055 0.0921 0.0418 0.0983 0.4975 0.0692 0.0868 0.1045 
 209 0.0043 0.0052 0.0237 0.0391 0.1374 0.4286 0.0807 0.1083 0.1726 
 210 0.0039 0.0051 0.0331 0.0302 0.1089 0.5607 0.0709 0.0879 0.0994 
 211 0.0064 0.0044 0.0400 0.1186 0.2170 0.2615 0.0658 0.1722 0.1141 
 212 0.0037 0.0056 0.0504 0.0595 0.3502 0.2207 0.0856 0.0772 0.1472 
 213 0.0043 0.0051 0.0257 0.0887 0.1726 0.2924 0.1589 0.1423 0.1101 
 214 0.0043 0.0049 0.0424 0.0369 0.3266 0.3324 0.0673 0.0780 0.1070 
 215 0.0045 0.0050 0.0232 0.0446 0.0813 0.5183 0.0857 0.1156 0.1218 
 216 0.0057 0.0047 0.0212 0.0350 0.1075 0.3484 0.0952 0.1096 0.2726 
 217 0.0039 0.0054 0.0477 0.0401 0.2613 0.3718 0.0754 0.0762 0.1183 
 218 0.0044 0.0053 0.0259 0.0283 0.1099 0.5080 0.0943 0.1004 0.1235 
 219 0.0064 0.0061 0.0538 0.0343 0.1765 0.2638 0.1035 0.0910 0.2646 
 220 0.0041 0.0050 0.0220 0.0313 0.0877 0.5895 0.0676 0.0892 0.1037 
 221 0.0043 0.0050 0.0264 0.0677 0.4840 0.1857 0.0714 0.0661 0.0895 
 222 0.0051 0.0053 0.0273 0.0334 0.1437 0.2664 0.0926 0.1101 0.3161 
 223 0.0042 0.0068 0.1022 0.0384 0.2013 0.2653 0.0967 0.1034 0.1818 
 224 0.0047 0.0059 0.0486 0.0306 0.2332 0.4232 0.0658 0.0743 0.1137 
 225 0.0041 0.0053 0.0260 0.0520 0.1301 0.4912 0.0850 0.0874 0.1190 
 226 0.0057 0.0067 0.0293 0.0324 0.1373 0.3369 0.1793 0.0950 0.1773 
 227 0.0042 0.0064 0.0602 0.1112 0.1918 0.3456 0.0706 0.1051 0.1050 
 228 0.0046 0.0062 0.0546 0.1426 0.2139 0.3467 0.0656 0.0746 0.0912 
 229 0.0042 0.0056 0.0412 0.0238 0.2601 0.3943 0.0665 0.0837 0.1205 
 230 0.0046 0.0053 0.0317 0.0256 0.1925 0.4915 0.0653 0.0804 0.1032 
 231 0.0044 0.0059 0.0551 0.0265 0.1760 0.4039 0.0740 0.0836 0.1707 
 232 0.0050 0.0052 0.0262 0.0537 0.2772 0.2334 0.1632 0.1045 0.1316 
 233 0.0046 0.0055 0.1531 0.0305 0.2094 0.3448 0.0671 0.0759 0.1091 
 234 0.0038 0.0052 0.0443 0.0281 0.1411 0.3446 0.0983 0.1211 0.2135 
 235 0.0043 0.0060 0.0324 0.0438 0.2510 0.2990 0.1033 0.1002 0.1600 
 236 0.0043 0.0050 0.0504 0.0306 0.2483 0.3464 0.0810 0.0908 0.1431 
 237 0.0043 0.0047 0.0262 0.0557 0.1054 0.5056 0.0794 0.0958 0.1230 
 238 0.0038 0.0050 0.0413 0.0342 0.3180 0.3042 0.0772 0.1001 0.1162 
 239 0.0041 0.0060 0.0513 0.0544 0.2068 0.4432 0.0692 0.0688 0.0962 
 240 0.0039 0.0049 0.0416 0.0339 0.3197 0.3045 0.0773 0.0987 0.1154 
 241 0.0052 0.0059 0.0329 0.0454 0.3036 0.3242 0.0911 0.0799 0.1119 
 242 0.0046 0.0065 0.0332 0.0433 0.1606 0.3967 0.1099 0.0777 0.1675 
 243 0.0041 0.0048 0.0330 0.0708 0.1362 0.5210 0.0637 0.0811 0.0852 
 244 0.0043 0.0050 0.0455 0.0289 0.2204 0.4564 0.0655 0.0743 0.0997 
 245 0.0040 0.0059 0.1588 0.0473 0.2560 0.2587 0.0855 0.0854 0.0984 
 246 0.0039 0.0055 0.0484 0.0402 0.2592 0.3723 0.0753 0.0765 0.1186 
 247 0.0039 0.0046 0.0193 0.0386 0.0783 0.3468 0.1786 0.1925 0.1375 
 248 0.0040 0.0045 0.0231 0.0460 0.0771 0.4932 0.0812 0.1378 0.1332 
 249 0.0044 0.0050 0.0288 0.0321 0.2782 0.3878 0.0675 0.0848 0.1114 
 250 0.0044 0.0051 0.0335 0.0269 0.2136 0.3879 0.0800 0.1002 0.1485 
 251 0.0050 0.0055 0.0282 0.0475 0.1133 0.3421 0.1427 0.1102 0.2056 
 252 0.0041 0.0061 0.0364 0.0497 0.1975 0.3865 0.0878 0.0911 0.1410 
 253 0.0042 0.0053 0.0214 0.0560 0.1286 0.3337 0.1511 0.1497 0.1499 
 254 0.0052 0.0051 0.0390 0.0367 0.1317 0.3412 0.0771 0.1020 0.2619 
 255 0.0040 0.0059 0.0310 0.0356 0.1945 0.3169 0.0826 0.1177 0.2118 
 256 0.0043 0.0051 0.0274 0.0423 0.2217 0.4110 0.0825 0.0858 0.1199 
 257 0.0090 0.0068 0.0284 0.0449 0.1458 0.4233 0.0897 0.1118 0.1403 
 258 0.0039 0.0056 0.0388 0.0978 0.1149 0.3209 0.1138 0.1497 0.1546 
 259 0.0049 0.0050 0.0256 0.0305 0.1634 0.4482 0.0789 0.0972 0.1463 
 260 0.0051 0.0050 0.0534 0.0289 0.2490 0.2105 0.0786 0.1007 0.2688 
 261 0.0038 0.0058 0.0552 0.0641 0.2296 0.3395 0.0879 0.0826 0.1315 
 262 0.0042 0.0052 0.0344 0.0826 0.2255 0.4134 0.0782 0.0671 0.0895 
 263 0.0059 0.0045 0.0256 0.0339 0.0873 0.5260 0.0653 0.0858 0.1656 
 264 0.0066 0.0044 0.0167 0.0424 0.0725 0.2313 0.1030 0.1214 0.4016 
 265 0.0040 0.0060 0.0512 0.0361 0.1542 0.3698 0.0968 0.1042 0.1777 
 266 0.0042 0.0050 0.0405 0.0646 0.4063 0.2511 0.0713 0.0674 0.0897 
 267 0.0041 0.0051 0.0377 0.0408 0.1997 0.3354 0.0767 0.1238 0.1768 
 268 0.0039 0.0049 0.0335 0.0585 0.1372 0.4945 0.0766 0.0985 0.0924 
 269 0.0041 0.0061 0.0573 0.0321 0.1598 0.2835 0.1191 0.0897 0.2484 
 270 0.0059 0.0082 0.0229 0.0332 0.0874 0.4137 0.0919 0.1070 0.2297 
 271 0.0050 0.0052 0.0271 0.0573 0.1084 0.4206 0.1010 0.1328 0.1426 
 272 0.0059 0.0063 0.0290 0.0508 0.1134 0.3759 0.1703 0.1078 0.1407 
 273 0.0226 0.0399 0.0428 0.0392 0.1670 0.2659 0.1255 0.1166 0.1806 
 274 0.0047 0.0054 0.0271 0.0344 0.1302 0.3824 0.1209 0.1122 0.1828 
 275 0.0073 0.0249 0.0364 0.0348 0.1093 0.4252 0.1014 0.0881 0.1725 
 276 0.0059 0.0057 0.0203 0.0519 0.1319 0.3822 0.1506 0.1175 0.1340 
 277 0.0044 0.0059 0.0389 0.0315 0.2155 0.3139 0.0969 0.1023 0.1907 
 278 0.0042 0.0051 0.0331 0.0561 0.0901 0.5014 0.0857 0.1074 0.1170 
 279 0.0045 0.0053 0.0294 0.0322 0.1535 0.4132 0.0997 0.1005 0.1618 
 280 0.0042 0.0052 0.0408 0.0406 0.1540 0.3300 0.1400 0.0895 0.1958 
 281 0.0046 0.0053 0.0271 0.0381 0.1284 0.3987 0.1177 0.1285 0.1516 
 282 0.0040 0.0054 0.0676 0.0277 0.3149 0.2392 0.0829 0.0945 0.1637 
 283 0.0040 0.0062 0.0872 0.0338 0.3401 0.2420 0.0678 0.0920 0.1270 
 284 0.0043 0.0100 0.0436 0.0352 0.1875 0.3531 0.0953 0.1294 0.1416 
 285 0.0043 0.0045 0.0176 0.0723 0.0665 0.4433 0.1224 0.1296 0.1395 
 286 0.0044 0.0048 0.0459 0.0287 0.2180 0.4597 0.0655 0.0738 0.0993 
 287 0.0048 0.0065 0.0377 0.0325 0.1819 0.2808 0.1375 0.1245 0.1939 
 288 0.0051 0.0062 0.0257 0.0308 0.1020 0.4494 0.1362 0.0949 0.1497 
 289 0.0072 0.0100 0.0271 0.0461 0.0949 0.4281 0.1036 0.1417 0.1412 
 290 0.0068 0.0044 0.0225 0.0728 0.1790 0.3160 0.1099 0.0998 0.1888 
 291 0.0047 0.0052 0.0267 0.0566 0.1085 0.4222 0.1027 0.1326 0.1408 
 292 0.0043 0.0055 0.0423 0.0785 0.1944 0.2810 0.1564 0.0807 0.1570 
 293 0.0051 0.0044 0.0251 0.0859 0.1084 0.2681 0.1368 0.1232 0.2431 
 294 0.0063 0.0048 0.0191 0.0487 0.0930 0.5071 0.0765 0.0834 0.1610 
 295 0.0064 0.0243 0.0244 0.0757 0.1209 0.3052 0.1554 0.1255 0.1623 
 296 0.0044 0.0049 0.0251 0.0385 0.0926 0.5348 0.0887 0.1074 0.1036 
 297 0.0044 0.0054 0.0267 0.0337 0.1284 0.3482 0.1389 0.0981 0.2162 
 298 0.0041 0.0055 0.0418 0.0244 0.2800 0.2793 0.0815 0.1063 0.1771 
 299 0.0057 0.0055 0.0255 0.0280 0.1077 0.4553 0.0662 0.0941 0.2121 
 300 0.0043 0.0045 0.0185 0.0382 0.0850 0.5487 0.1011 0.0823 0.1175 
 301 0.0057 0.0083 0.0233 0.0306 0.0885 0.3896 0.0927 0.0917 0.2697 
 302 0.0071 0.0091 0.0226 0.0743 0.0832 0.4946 0.0783 0.0825 0.1483 
 303 0.0043 0.0055 0.0478 0.0346 0.2583 0.3362 0.1004 0.0796 0.1331 
 304 0.0057 0.0109 0.1311 0.0253 0.1711 0.1708 0.0934 0.1280 0.2637 
 305 0.0045 0.0102 0.0301 0.0455 0.1320 0.5327 0.0813 0.0662 0.0974 
 306 0.0043 0.0056 0.0345 0.0350 0.3098 0.2900 0.0935 0.0837 0.1436 
 307 0.0052 0.0053 0.0283 0.0327 0.2245 0.3326 0.0981 0.0974 0.1759 
 308 0.0040 0.0059 0.0555 0.0630 0.2294 0.3404 0.0879 0.0835 0.1304 
 309 0.0150 0.0228 0.0348 0.0446 0.0862 0.4965 0.0768 0.1185 0.1049 
 310 0.0040 0.0048 0.0346 0.0460 0.1683 0.5034 0.0662 0.0755 0.0972 
 311 0.0045 0.0051 0.0314 0.0259 0.1931 0.4907 0.0657 0.0796 0.1041 
 312 0.0039 0.0048 0.0238 0.0352 0.0849 0.5888 0.0679 0.1015 0.0893 
 313 0.0045 0.0049 0.0194 0.0936 0.0809 0.5208 0.0809 0.0920 0.1030 
 314 0.0047 0.0930 0.0757 0.0543 0.4145 0.1112 0.0814 0.0701 0.0952 
 315 0.0043 0.0928 0.1974 0.0578 0.2315 0.1095 0.1250 0.0711 0.1105 
 316 0.0061 0.1956 0.1833 0.0325 0.1566 0.1033 0.1264 0.0740 0.1222 
 317 0.0051 0.1006 0.0947 0.0319 0.4082 0.1034 0.0822 0.0717 0.1022 
 318 0.0048 0.2352 0.1879 0.0226 0.1868 0.0933 0.0841 0.0704 0.1149 
 319 0.0047 0.0057 0.0929 0.0285 0.5034 0.1225 0.0747 0.0694 0.0981 
 320 0.0047 0.0916 0.0749 0.0533 0.4166 0.1111 0.0815 0.0702 0.0962 
 321 0.0048 0.2193 0.0569 0.0279 0.3289 0.0958 0.0846 0.0710 0.1109 
 322 0.0069 0.0693 0.0932 0.0560 0.3428 0.1164 0.1262 0.0765 0.1129 
 323 0.0104 0.0673 0.2586 0.0238 0.2647 0.1082 0.0807 0.0708 0.1155 
 324 0.0047 0.2179 0.0558 0.0279 0.3290 0.0968 0.0853 0.0713 0.1113 
 325 0.0047 0.2943 0.1319 0.0286 0.1401 0.0960 0.1176 0.0734 0.1134 
 326 0.0049 0.4329 0.0315 0.0270 0.1379 0.0849 0.1036 0.0719 0.1053 
 327 0.0049 0.1009 0.0982 0.0317 0.4048 0.1017 0.0826 0.0729 0.1023 
 328 0.0046 0.0903 0.0560 0.0393 0.3631 0.1264 0.1293 0.0737 0.1172 
 329 0.0045 0.0157 0.2574 0.0223 0.3389 0.0973 0.0824 0.0691 0.1124 
 330 0.0052 0.1005 0.0982 0.0320 0.4058 0.1019 0.0823 0.0724 0.1017 
 331 0.0048 0.0644 0.2608 0.0227 0.2646 0.1177 0.0828 0.0700 0.1121 
 332 0.0062 0.4222 0.0331 0.0271 0.1404 0.0850 0.1040 0.0732 0.1088 
 333 0.0054 0.3252 0.0394 0.0289 0.2005 0.1121 0.1092 0.0735 0.1057 
 334 0.0046 0.0920 0.0569 0.0398 0.3627 0.1262 0.1282 0.0732 0.1166 
 335 0.0046 0.0287 0.0871 0.0470 0.4365 0.1006 0.1168 0.0737 0.1049 
 336 0.0061 0.3686 0.0371 0.0368 0.2039 0.0929 0.0819 0.0686 0.1041 
 337 0.0043 0.2669 0.0413 0.0389 0.2453 0.0999 0.1184 0.0734 0.1117 
 338 0.0045 0.3960 0.0450 0.0221 0.1856 0.0856 0.0813 0.0700 0.1100 
 339 0.0048 0.0646 0.2606 0.0227 0.2624 0.1183 0.0837 0.0698 0.1132 
 340 0.0047 0.0204 0.3074 0.0245 0.2821 0.1130 0.0771 0.0706 0.1001 
 341 0.0094 0.1688 0.0986 0.0243 0.3287 0.1121 0.0793 0.0710 0.1079 
 342 0.0052 0.1027 0.0945 0.0318 0.4056 0.1023 0.0825 0.0727 0.1027 
 343 0.0102 0.0749 0.0547 0.0742 0.3913 0.0968 0.1145 0.0726 0.1107 
 344 0.0048 0.0618 0.2919 0.0223 0.2589 0.0949 0.0820 0.0701 0.1132 
 345 0.0051 0.1017 0.0933 0.0318 0.4089 0.1024 0.0824 0.0721 0.1022 
 346 0.0050 0.1069 0.2865 0.0253 0.2163 0.0974 0.0826 0.0718 0.1082 
 347 0.0045 0.0185 0.3448 0.0238 0.2680 0.0922 0.0759 0.0702 0.1021 
 348 0.0042 0.0249 0.0707 0.0855 0.4286 0.1074 0.1102 0.0717 0.0969 
 349 0.0051 0.1030 0.0938 0.0310 0.4066 0.1033 0.0827 0.0722 0.1024 
 350 0.0047 0.0139 0.2478 0.0379 0.2857 0.1474 0.0856 0.0682 0.1089 
 351 0.0046 0.0283 0.0871 0.0471 0.4364 0.1008 0.1176 0.0734 0.1046 
 352 0.0051 0.1391 0.0749 0.0492 0.3166 0.1109 0.1217 0.0757 0.1067 
 353 0.0064 0.3674 0.0377 0.0376 0.2025 0.0941 0.0815 0.0685 0.1043 
 354 0.0059 0.0448 0.3211 0.0236 0.2284 0.1019 0.0843 0.0715 0.1184 
 355 0.0049 0.2382 0.1880 0.0224 0.1853 0.0925 0.0854 0.0702 0.1131 
 356 0.0038 0.0065 0.0475 0.0822 0.4802 0.1049 0.1093 0.0706 0.0949 
 357 0.0043 0.0086 0.1953 0.0346 0.1494 0.1198 0.1814 0.0840 0.2225 
 358 0.0044 0.3148 0.0514 0.0279 0.2211 0.0879 0.1086 0.0722 0.1117 
 359 0.0046 0.2713 0.0587 0.0226 0.2721 0.1101 0.0813 0.0697 0.1096 
 360 0.0052 0.1033 0.2915 0.0253 0.2141 0.0972 0.0833 0.0719 0.1081 
 361 0.0043 0.0076 0.0501 0.0477 0.2772 0.1295 0.1836 0.0851 0.2148 
 362 0.0050 0.0112 0.0248 0.0310 0.0804 0.2685 0.3136 0.1152 0.1503 
 363 0.0065 0.0075 0.0214 0.0355 0.0752 0.1673 0.2546 0.1951 0.2368 
 364 0.0100 0.0100 0.0517 0.0420 0.1944 0.1386 0.0999 0.1302 0.3232 
 365 0.0151 0.0095 0.0231 0.0374 0.0861 0.1253 0.2549 0.1178 0.3307 
 366 0.0056 0.0076 0.0303 0.0970 0.1324 0.2016 0.1662 0.0954 0.2639 
 367 0.0047 0.0048 0.0178 0.0260 0.0622 0.0890 0.3189 0.3273 0.1493 
 368 0.0047 0.0057 0.0223 0.0274 0.1010 0.1982 0.1339 0.2697 0.2370 
 369 0.0063 0.0233 0.0215 0.1121 0.2122 0.1439 0.1116 0.1095 0.2596 
 370 0.0108 0.0183 0.0258 0.0336 0.1021 0.2262 0.1162 0.2710 0.1959 
 371 0.0088 0.0215 0.0252 0.0417 0.1144 0.2316 0.0988 0.1197 0.3382 
 372 0.0367 0.0267 0.0355 0.0414 0.1081 0.3212 0.1131 0.1670 0.1504 
 373 0.0051 0.0058 0.0246 0.0334 0.1550 0.1436 0.1572 0.2688 0.2064 
 374 0.0070 0.0082 0.0275 0.0314 0.2372 0.1535 0.1537 0.1655 0.2160 
 375 0.0135 0.0097 0.0217 0.0266 0.0741 0.1256 0.1395 0.2175 0.3717 
 376 0.0887 0.0071 0.0200 0.0273 0.0720 0.0788 0.2928 0.1393 0.2738 
 377 0.0064 0.0149 0.0318 0.0476 0.0806 0.2230 0.2137 0.1627 0.2193 
 378 0.0054 0.0187 0.0491 0.0333 0.1463 0.1574 0.1670 0.3074 0.1154 
 379 0.1673 0.0092 0.0191 0.0310 0.0667 0.0945 0.2277 0.1581 0.2264 
 380 0.0088 0.0123 0.0303 0.0478 0.1728 0.1308 0.2956 0.0835 0.2181 
 381 0.0074 0.0065 0.0218 0.0823 0.1789 0.0997 0.1610 0.0784 0.3640 
 382 0.0045 0.0088 0.0224 0.0234 0.0748 0.1114 0.1718 0.1868 0.3961 
 383 0.0094 0.1983 0.0293 0.0265 0.0846 0.1209 0.2131 0.0873 0.2306 
 384 0.0367 0.0687 0.0422 0.0299 0.1044 0.1027 0.1363 0.1325 0.3466 
 385 0.0122 0.1462 0.0289 0.0253 0.0979 0.1123 0.0911 0.2404 0.2458 
 386 0.0040 0.0048 0.0190 0.0283 0.0771 0.1255 0.3147 0.1836 0.2430 
 387 0.0045 0.0049 0.0346 0.0342 0.0782 0.1059 0.2635 0.2048 0.2693 
 388 0.0143 0.0148 0.0505 0.0263 0.1753 0.1324 0.1336 0.1861 0.2668 
 389 0.0123 0.0173 0.0219 0.1090 0.0815 0.2998 0.0836 0.1839 0.1905 
 390 0.0190 0.0178 0.0235 0.0731 0.0802 0.0996 0.3544 0.1982 0.1340 
 391 0.0141 0.0133 0.0227 0.0594 0.1437 0.1548 0.1462 0.2877 0.1580 
 392 0.0058 0.0056 0.0435 0.0377 0.1260 0.1282 0.2453 0.1463 0.2616 
 393 0.0071 0.0083 0.0294 0.0649 0.1324 0.0842 0.4047 0.0891 0.1798 
 394 0.0047 0.0219 0.0448 0.0338 0.1668 0.1463 0.2804 0.1487 0.1526 
 395 0.0038 0.0042 0.0260 0.0461 0.0772 0.2699 0.3002 0.1556 0.1170 
 396 0.0047 0.0042 0.0159 0.0254 0.0671 0.1137 0.1538 0.2632 0.3521 
 397 0.0459 0.0060 0.0288 0.0341 0.1476 0.2616 0.0845 0.0975 0.2940 
 398 0.0342 0.0054 0.0184 0.0287 0.0681 0.0840 0.4642 0.1682 0.1287 
 399 0.0045 0.0102 0.0188 0.0386 0.0813 0.1498 0.2269 0.3523 0.1175 
 400 0.0054 0.0051 0.0185 0.0322 0.1228 0.0971 0.2219 0.2133 0.2836 
 401 0.0043 0.0049 0.0279 0.0606 0.1123 0.1319 0.2741 0.2779 0.1061 
 402 0.0056 0.0064 0.0266 0.0948 0.1082 0.1317 0.1541 0.2146 0.2579 
 403 0.0062 0.0069 0.0946 0.0364 0.2210 0.1511 0.1460 0.1526 0.1852 
 404 0.0066 0.0046 0.0230 0.0262 0.1533 0.1651 0.1334 0.1815 0.3062 
 405 0.0041 0.0057 0.0222 0.0379 0.1156 0.1840 0.2684 0.1127 0.2492 
 406 0.0038 0.0049 0.0230 0.0644 0.1810 0.1597 0.3619 0.0846 0.1167 
 407 0.0039 0.0043 0.0156 0.0242 0.0684 0.1030 0.3947 0.1257 0.2602 
 408 0.0038 0.0044 0.0158 0.0847 0.0630 0.1996 0.1684 0.3596 0.1008 
 409 0.0103 0.0086 0.0230 0.0584 0.3096 0.1053 0.2720 0.0974 0.1154 
 410 0.0681 0.0094 0.0343 0.0405 0.1065 0.1249 0.2593 0.1870 0.1700 
 411 0.0113 0.0349 0.0332 0.0791 0.1153 0.0921 0.1515 0.1276 0.3549 
 412 0.0044 0.0057 0.0211 0.0262 0.0871 0.2077 0.1581 0.2200 0.2697 
 413 0.0045 0.0154 0.0440 0.0279 0.1216 0.1974 0.2099 0.2066 0.1726 
 414 0.0044 0.0090 0.0201 0.0248 0.0558 0.2075 0.1245 0.2989 0.2550 
 415 0.0048 0.0050 0.0160 0.0591 0.1016 0.1233 0.2893 0.1428 0.2582 
 416 0.0059 0.0053 0.0205 0.0658 0.1564 0.1108 0.2076 0.2275 0.2002 
 417 0.0051 0.0064 0.0178 0.0298 0.0779 0.1082 0.4444 0.1311 0.1792 
 418 0.0056 0.0050 0.0181 0.0237 0.0780 0.1035 0.1644 0.3550 0.2465 
 419 0.0119 0.0089 0.0478 0.0414 0.1911 0.1314 0.2288 0.1654 0.1733 
 420 0.0038 0.0043 0.0160 0.1016 0.0887 0.1275 0.3022 0.2497 0.1062 
 421 0.0054 0.0063 0.0179 0.0301 0.0843 0.1432 0.3392 0.2121 0.1615 
 422 0.0055 0.0051 0.0190 0.0526 0.0811 0.2685 0.3230 0.1043 0.1409 
 423 0.0065 0.0050 0.0314 0.0363 0.0906 0.1822 0.2490 0.1450 0.2540 
 424 0.0071 0.0070 0.0335 0.1215 0.1025 0.0921 0.2401 0.2600 0.1363 
 425 0.0228 0.0085 0.0411 0.0387 0.1197 0.1339 0.1348 0.1522 0.3482 
 426 0.0277 0.0375 0.0320 0.0389 0.1142 0.1183 0.2093 0.2349 0.1872 
 427 0.0047 0.0118 0.0789 0.0257 0.0641 0.0995 0.4675 0.1262 0.1217 
 428 0.0167 0.0069 0.0389 0.0454 0.1486 0.1682 0.3664 0.0896 0.1193 
 429 0.0051 0.0047 0.0171 0.0243 0.0623 0.0971 0.3389 0.2032 0.2473 
 430 0.0045 0.0056 0.0175 0.0288 0.0718 0.1112 0.4751 0.1155 0.1700 
 431 0.0090 0.0138 0.0336 0.0295 0.1005 0.1939 0.1476 0.2726 0.1995 
 432 0.0045 0.0057 0.0227 0.0302 0.1046 0.1865 0.1698 0.2545 0.2214 
 433 0.0084 0.0063 0.0573 0.0466 0.2482 0.1816 0.1037 0.1535 0.1944 
 434 0.0047 0.0059 0.0228 0.0411 0.1379 0.1941 0.1491 0.1155 0.3289 
 435 0.0041 0.0049 0.0179 0.0314 0.0659 0.0795 0.5399 0.1228 0.1335 
 436 0.0060 0.0057 0.0186 0.0460 0.1112 0.0669 0.4548 0.1470 0.1438 
 437 0.0056 0.0056 0.0184 0.0324 0.0742 0.0887 0.1799 0.1103 0.4850 
 438 0.0049 0.0065 0.0191 0.0772 0.1139 0.1011 0.4453 0.1396 0.0925 
 439 0.0041 0.0054 0.0182 0.0260 0.0845 0.0669 0.5667 0.1012 0.1270 
 440 0.0037 0.0044 0.0158 0.0315 0.0585 0.0811 0.4897 0.1459 0.1695 
 441 0.0045 0.0068 0.0238 0.0319 0.1215 0.0912 0.4316 0.1026 0.1860 
 442 0.0058 0.0043 0.0155 0.0421 0.0887 0.1001 0.2067 0.2675 0.2693 
 443 0.0042 0.0051 0.0164 0.1055 0.0688 0.0906 0.3360 0.2599 0.1134 
 444 0.0059 0.0048 0.0158 0.0567 0.0853 0.0920 0.2600 0.2134 0.2662 
 445 0.0347 0.0055 0.0232 0.0491 0.1727 0.0980 0.3864 0.0952 0.1353 
 446 0.0416 0.0065 0.0194 0.0250 0.0762 0.0651 0.4629 0.1882 0.1151 
 447 0.0062 0.0056 0.0214 0.0542 0.1343 0.0931 0.3782 0.1553 0.1517 
 448 0.0043 0.0053 0.0180 0.0345 0.0782 0.0930 0.3805 0.1410 0.2453 
 449 0.0045 0.0054 0.0215 0.0321 0.1097 0.1114 0.3624 0.1179 0.2349 
 450 0.0057 0.0058 0.0255 0.0230 0.1216 0.0692 0.2155 0.1501 0.3837 
 451 0.0046 0.0048 0.0161 0.0423 0.0596 0.1041 0.1951 0.3807 0.1927 
 452 0.0047 0.0056 0.0246 0.0249 0.1169 0.0791 0.3340 0.1452 0.2649 
 453 0.0041 0.0055 0.0170 0.1733 0.1135 0.1598 0.2282 0.1827 0.1161 
 454 0.0046 0.0136 0.0250 0.0329 0.0951 0.1206 0.3751 0.1060 0.2272 
 455 0.0041 0.0057 0.0170 0.0497 0.0745 0.0660 0.5256 0.1347 0.1228 
 456 0.0052 0.0048 0.0165 0.1135 0.0736 0.0902 0.3655 0.1501 0.1806 
 457 0.0050 0.0053 0.0184 0.0322 0.0847 0.0780 0.3317 0.1047 0.3399 
 458 0.0367 0.0055 0.0186 0.0260 0.0821 0.0842 0.4761 0.1201 0.1506 
 459 0.0042 0.0055 0.0252 0.0283 0.1489 0.0619 0.4759 0.1382 0.1119 
 460 0.0041 0.0050 0.0180 0.0286 0.0672 0.0692 0.5330 0.1600 0.1148 
 461 0.0057 0.0049 0.0190 0.0220 0.0755 0.0642 0.3069 0.3229 0.1790 
 462 0.0086 0.0057 0.0162 0.0571 0.0558 0.1183 0.3002 0.2228 0.2152 
 463 0.0039 0.0058 0.0203 0.1417 0.0860 0.1427 0.3955 0.0917 0.1125 
 464 0.0036 0.0047 0.0162 0.0562 0.0722 0.0717 0.4776 0.1881 0.1097 
 465 0.0058 0.0052 0.0194 0.0493 0.0802 0.1005 0.3446 0.2497 0.1452 
 466 0.0037 0.0048 0.0167 0.1018 0.0744 0.1056 0.4000 0.1786 0.1144 
 467 0.0045 0.0064 0.0209 0.0381 0.0939 0.1333 0.4229 0.1159 0.1641 
 468 0.0046 0.0048 0.0166 0.0680 0.0727 0.0745 0.4488 0.0943 0.2158 
 469 0.0040 0.0051 0.0181 0.0276 0.0706 0.0608 0.6125 0.0861 0.1151 
 470 0.0041 0.0049 0.0178 0.0285 0.0693 0.0675 0.5594 0.1383 0.1100 
 471 0.0056 0.0047 0.0174 0.1101 0.0813 0.1412 0.2309 0.1909 0.2179 
 472 0.0055 0.0049 0.0168 0.0671 0.0861 0.1000 0.3058 0.1606 0.2533 
 473 0.0045 0.0064 0.0223 0.0406 0.1032 0.1297 0.3125 0.1125 0.2683 
 474 0.0044 0.0051 0.0223 0.0438 0.1220 0.0881 0.3445 0.1367 0.2331 
 475 0.0046 0.0051 0.0289 0.0389 0.1271 0.1051 0.3315 0.2239 0.1348 
 476 0.0059 0.0056 0.0172 0.0494 0.0879 0.0726 0.3358 0.1278 0.2978 
 477 0.0061 0.0062 0.0192 0.0600 0.1177 0.0798 0.2816 0.2761 0.1533 
 478 0.0062 0.0061 0.0186 0.0345 0.0677 0.0667 0.2508 0.4357 0.1137 
 479 0.0040 0.0047 0.0176 0.0273 0.0665 0.0695 0.4880 0.1337 0.1887 
 480 0.0050 0.0053 0.0178 0.0284 0.0765 0.0756 0.4035 0.1039 0.2839 
 481 0.0050 0.0043 0.0169 0.0366 0.0776 0.1632 0.2094 0.1685 0.3185 
 482 0.0049 0.0047 0.0178 0.0239 0.0674 0.0737 0.4199 0.1606 0.2271 
 483 0.0048 0.0063 0.0185 0.0285 0.0878 0.0687 0.5180 0.1374 0.1300 
 484 0.0046 0.0055 0.0188 0.0837 0.0770 0.1166 0.4684 0.1169 0.1085 
 485 0.0044 0.0061 0.0185 0.0328 0.0679 0.0684 0.5714 0.1241 0.1064 
 486 0.0090 0.0055 0.0201 0.1111 0.0971 0.2245 0.1030 0.1911 0.2387 
 487 0.0082 0.0059 0.0444 0.0705 0.1384 0.1413 0.0987 0.1584 0.3342 
 488 0.0080 0.0061 0.0745 0.0566 0.0935 0.1623 0.0955 0.2850 0.2184 
 489 0.0065 0.0058 0.0214 0.0838 0.1991 0.1462 0.0738 0.1007 0.3627 
 490 0.0053 0.0047 0.0184 0.0933 0.0715 0.1201 0.1352 0.3330 0.2184 
 491 0.0081 0.0057 0.0222 0.0423 0.1753 0.3112 0.0873 0.1373 0.2105 
 492 0.0043 0.0061 0.1023 0.0717 0.1999 0.1183 0.1025 0.2678 0.1270 
 493 0.0090 0.0058 0.0644 0.0701 0.0767 0.1975 0.0713 0.2000 0.3052 
 494 0.0218 0.0054 0.0224 0.0538 0.1761 0.1975 0.1027 0.1556 0.2648 
 495 0.0187 0.0061 0.0618 0.1000 0.1581 0.0830 0.0823 0.3237 0.1665 
 496 0.0051 0.0063 0.0325 0.0541 0.3089 0.1955 0.1268 0.1112 0.1595 
 497 0.0169 0.0090 0.0474 0.0483 0.1174 0.2543 0.0781 0.1406 0.2882 
 498 0.0105 0.0059 0.0168 0.0887 0.1508 0.1310 0.0920 0.2441 0.2601 
 499 0.0160 0.0067 0.0394 0.0634 0.2043 0.1920 0.0926 0.0991 0.2865 
 500 0.0096 0.0052 0.0332 0.0491 0.0901 0.2065 0.0986 0.1057 0.4020 
 501 0.0076 0.0051 0.0288 0.0279 0.2305 0.1469 0.1346 0.1376 0.2809 
 502 0.0061 0.0056 0.0345 0.0241 0.2738 0.1050 0.1138 0.2686 0.1686 
 503 0.0053 0.0048 0.0200 0.0359 0.0916 0.1100 0.1549 0.1490 0.4285 
 504 0.0063 0.0051 0.0190 0.0637 0.1065 0.1263 0.1127 0.4046 0.1559 
 505 0.0069 0.0047 0.0248 0.0697 0.1782 0.2731 0.0966 0.1689 0.1771 
 506 0.0054 0.0056 0.0277 0.0319 0.2448 0.1751 0.0925 0.2666 0.1504 
 507 0.0058 0.0062 0.0423 0.0650 0.3937 0.2125 0.0845 0.0725 0.1175 
 508 0.0123 0.0067 0.0903 0.1279 0.3203 0.1473 0.0733 0.0906 0.1312 
 509 0.0061 0.0050 0.0361 0.0559 0.1927 0.3220 0.1083 0.1223 0.1517 
 510 0.0096 0.0050 0.0434 0.0388 0.2635 0.1137 0.0795 0.1216 0.3248 
 511 0.0078 0.0050 0.0179 0.0428 0.1158 0.1640 0.2076 0.1910 0.2480 
 512 0.0057 0.0043 0.0168 0.0266 0.0735 0.1231 0.1658 0.1955 0.3887 
 513 0.0103 0.0063 0.0328 0.1202 0.1031 0.2320 0.0619 0.3377 0.0957 
 514 0.0060 0.0082 0.0387 0.0341 0.1037 0.1938 0.1620 0.3135 0.1398 
 515 0.0089 0.0059 0.0690 0.0778 0.1460 0.1471 0.2570 0.1078 0.1804 
 516 0.0069 0.0054 0.0200 0.0781 0.1258 0.1998 0.1108 0.3133 0.1399 
 517 0.0055 0.0064 0.0388 0.0840 0.1569 0.1715 0.2840 0.1240 0.1289 
 518 0.0385 0.0065 0.0543 0.0266 0.1397 0.2461 0.0872 0.0989 0.3022 
 519 0.0049 0.0050 0.0233 0.0368 0.1443 0.1324 0.1635 0.3593 0.1306 
 520 0.0054 0.0063 0.0455 0.0883 0.2036 0.1790 0.2806 0.0753 0.1158 
 521 0.0046 0.1264 0.0504 0.0340 0.1330 0.2675 0.1100 0.1623 0.1119 
 522 0.0129 0.0060 0.0333 0.1738 0.0829 0.1187 0.1508 0.1117 0.3100 
 523 0.0066 0.0118 0.0378 0.1813 0.1708 0.1729 0.1973 0.1138 0.1076 
 524 0.0059 0.0066 0.0425 0.0602 0.1082 0.1572 0.3821 0.1005 0.1368 
 525 0.0516 0.0075 0.0467 0.0482 0.1652 0.1981 0.2095 0.0783 0.1949 
 526 0.0043 0.0054 0.0212 0.1029 0.1118 0.1869 0.3942 0.0764 0.0969 
 527 0.0438 0.0052 0.0308 0.0267 0.0909 0.1370 0.1106 0.2313 0.3237 
 528 0.0041 0.0117 0.2545 0.0359 0.1090 0.2832 0.0803 0.1018 0.1196 
 529 0.0591 0.0077 0.0332 0.0382 0.1286 0.2980 0.1001 0.1658 0.1692 
 530 0.0051 0.0054 0.0286 0.0631 0.1232 0.1458 0.2045 0.1165 0.3078 
 531 0.0056 0.0143 0.1550 0.0389 0.1224 0.1498 0.2577 0.0996 0.1567 
 532 0.0106 0.0138 0.1789 0.0656 0.0991 0.1492 0.0806 0.1431 0.2591 
 533 0.0419 0.0063 0.0314 0.0577 0.1013 0.2274 0.1885 0.1010 0.2446 
 534 0.0577 0.0059 0.0595 0.1121 0.1248 0.3082 0.0779 0.1570 0.0969 
 535 0.0043 0.0054 0.0211 0.0920 0.1146 0.1926 0.3180 0.1428 0.1092 
 536 0.0052 0.0065 0.0257 0.0413 0.2406 0.1631 0.2203 0.1436 0.1536 
 537 0.0058 0.0153 0.0249 0.0763 0.3112 0.1851 0.1157 0.1204 0.1453 
 538 0.0041 0.0059 0.0240 0.0604 0.2345 0.2703 0.1532 0.0982 0.1496 
 539 0.0039 0.0051 0.0299 0.0346 0.4804 0.1770 0.0684 0.0809 0.1197 
 540 0.0046 0.1260 0.0241 0.0589 0.0951 0.3036 0.1586 0.0847 0.1443 
 541 0.0063 0.0532 0.0735 0.0545 0.2155 0.1690 0.1631 0.1003 0.1646 
 542 0.0049 0.0047 0.0168 0.0763 0.0984 0.2957 0.2789 0.0935 0.1308 
 543 0.0069 0.0722 0.0508 0.1457 0.1177 0.1857 0.1696 0.1444 0.1069 
 544 0.0040 0.0106 0.0211 0.1592 0.1257 0.2229 0.2279 0.1012 0.1275 
 545 0.0047 0.0057 0.0164 0.1600 0.0837 0.1693 0.2993 0.1490 0.1118 
 546 0.0048 0.0100 0.0218 0.0750 0.1219 0.3628 0.1680 0.0941 0.1414 
 547 0.0048 0.0070 0.0251 0.2455 0.2176 0.1169 0.1731 0.1120 0.0980 
 548 0.0044 0.0051 0.0324 0.0265 0.2164 0.3845 0.0803 0.1004 0.1500 
 549 0.0051 0.0070 0.0253 0.0496 0.3871 0.0872 0.2333 0.0956 0.1098 
 550 0.0039 0.0048 0.0177 0.1185 0.1541 0.1243 0.3194 0.1430 0.1141 
 551 0.0058 0.0075 0.0322 0.0420 0.4157 0.1045 0.1514 0.1090 0.1320 
 552 0.0041 0.0051 0.0259 0.0593 0.1909 0.3635 0.1119 0.0837 0.1555 
 553 0.0069 0.0222 0.0400 0.2652 0.1516 0.1861 0.1176 0.1164 0.0940 
 554 0.0062 0.1480 0.0213 0.0536 0.0765 0.2157 0.1402 0.1114 0.2272 
 555 0.0065 0.0147 0.0265 0.0688 0.3178 0.2074 0.0960 0.1264 0.1358 
 556 0.0044 0.0084 0.0205 0.0483 0.1529 0.3896 0.1307 0.1014 0.1439 
 557 0.0045 0.0128 0.0252 0.0534 0.1567 0.1170 0.3671 0.1461 0.1174 
 558 0.0050 0.0047 0.0179 0.0221 0.0724 0.0640 0.4415 0.1580 0.2142 
 559 0.0050 0.0068 0.0197 0.0562 0.0912 0.2953 0.1174 0.2074 0.2009 
 560 0.0040 0.0044 0.0153 0.0255 0.0562 0.1084 0.3149 0.3594 0.1119 
 561 0.0047 0.0048 0.0183 0.0481 0.0709 0.1184 0.2842 0.2492 0.2013 
 562 0.0055 0.0050 0.0154 0.0718 0.0560 0.1329 0.1787 0.3060 0.2287 
 563 0.0064 0.0053 0.0231 0.0423 0.2337 0.0725 0.1990 0.2970 0.1208 
 564 0.0066 0.0152 0.0248 0.0803 0.0742 0.3733 0.1229 0.1133 0.1893 
 565 0.0044 0.0048 0.0178 0.0237 0.0774 0.0863 0.4337 0.1052 0.2467 
 566 0.0038 0.0047 0.0158 0.0298 0.0584 0.0899 0.2841 0.3442 0.1694 
 567 0.0056 0.0055 0.0175 0.0446 0.0711 0.3445 0.1089 0.1879 0.2144 
 568 0.0043 0.0055 0.0222 0.0482 0.0915 0.1956 0.2899 0.1962 0.1465 
 569 0.0057 0.0157 0.0270 0.1092 0.0799 0.1110 0.2117 0.1368 0.3029 
 570 0.0056 0.0052 0.0172 0.0268 0.0595 0.0892 0.2202 0.1475 0.4287 
 571 0.0044 0.0066 0.0228 0.0368 0.0870 0.1345 0.2271 0.3502 0.1307 
 572 0.0039 0.0066 0.0264 0.2331 0.1931 0.1430 0.1403 0.0860 0.1676 
 573 0.0060 0.0092 0.0239 0.0557 0.0883 0.2967 0.2512 0.1112 0.1576 
 574 0.0050 0.0132 0.0248 0.0453 0.1342 0.1337 0.1654 0.0860 0.3924 
 575 0.0043 0.0049 0.0280 0.0278 0.1615 0.1473 0.2513 0.2388 0.1361 
 576 0.0048 0.0057 0.0173 0.0276 0.0587 0.0855 0.2204 0.3800 0.2000 
 577 0.0054 0.0057 0.0220 0.0342 0.1574 0.1301 0.1431 0.1136 0.3885 
 578 0.0047 0.0071 0.0222 0.0374 0.0817 0.1309 0.2836 0.2459 0.1866 
 579 0.0056 0.0098 0.0209 0.0401 0.0654 0.2140 0.2631 0.1604 0.2207 
