   1 0.0246 0.0663 0.0555 0.3465 0.1733 0.3338 
   2 0.4535 0.0196 0.1212 0.0840 0.1976 0.1241 
   3 0.0358 0.0557 0.0247 0.2404 0.1460 0.4974 
   4 0.0249 0.0362 0.0396 0.6174 0.1647 0.1173 
   5 0.1101 0.0249 0.3392 0.0995 0.2523 0.1740 
   6 0.0323 0.0186 0.0300 0.0896 0.1235 0.7060 
   7 0.0150 0.0161 0.0790 0.0864 0.4698 0.3337 
   8 0.0254 0.0290 0.0434 0.3940 0.1834 0.3248 
   9 0.1341 0.0322 0.0735 0.1738 0.2342 0.3522 
  10 0.0221 0.0154 0.0810 0.2413 0.2421 0.3981 
  11 0.0164 0.0165 0.0707 0.0885 0.4796 0.3283 
  12 0.1614 0.0283 0.1801 0.1495 0.2953 0.1854 
  13 0.0519 0.0279 0.1317 0.1574 0.3186 0.3125 
  14 0.1237 0.0845 0.0519 0.2413 0.2253 0.2733 
  15 0.0407 0.0315 0.0739 0.3399 0.2965 0.2175 
  16 0.0186 0.0323 0.0683 0.1323 0.1659 0.5826 
  17 0.0461 0.0426 0.1792 0.1402 0.1969 0.3950 
  18 0.1787 0.0292 0.0576 0.1815 0.1323 0.4208 
  19 0.0614 0.0175 0.0649 0.1184 0.1830 0.5549 
  20 0.0449 0.0332 0.1139 0.1562 0.3779 0.2740 
  21 0.0682 0.0577 0.0541 0.3861 0.1836 0.2504 
  22 0.0316 0.0269 0.0424 0.1585 0.1226 0.6180 
  23 0.0834 0.1044 0.0938 0.3627 0.1851 0.1706 
  24 0.0286 0.0335 0.0625 0.3143 0.1530 0.4081 
  25 0.0340 0.0236 0.1078 0.0682 0.3695 0.3969 
  26 0.0536 0.0309 0.1193 0.2413 0.1802 0.3747 
  27 0.0289 0.0632 0.1479 0.1838 0.2009 0.3752 
  28 0.0363 0.0245 0.0373 0.4018 0.2337 0.2664 
  29 0.0486 0.0348 0.1089 0.1376 0.4699 0.2003 
  30 0.0440 0.0398 0.0443 0.1268 0.1137 0.6314 
  31 0.0586 0.0489 0.0973 0.2359 0.3189 0.2404 
  32 0.1059 0.0309 0.0425 0.2770 0.1922 0.3514 
  33 0.0328 0.0560 0.0314 0.2444 0.2215 0.4140 
  34 0.0173 0.0201 0.1201 0.1309 0.2831 0.4285 
  35 0.0910 0.1560 0.1640 0.1138 0.1567 0.3184 
  36 0.0384 0.3639 0.0279 0.1153 0.1248 0.3296 
  37 0.0885 0.0487 0.0421 0.3364 0.2981 0.1863 
  38 0.0357 0.0663 0.0548 0.0695 0.1502 0.6235 
  39 0.0434 0.0931 0.0747 0.1149 0.2403 0.4337 
  40 0.0612 0.3537 0.0459 0.2076 0.0916 0.2399 
  41 0.0206 0.3918 0.0482 0.0821 0.1536 0.3037 
  42 0.0162 0.2394 0.0429 0.3943 0.1151 0.1920 
  43 0.0466 0.3235 0.0460 0.1786 0.2734 0.1318 
  44 0.0373 0.4788 0.0307 0.0680 0.1386 0.2466 
  45 0.1018 0.2233 0.0740 0.0781 0.1857 0.3372 
  46 0.0428 0.0895 0.0749 0.1056 0.2613 0.4260 
  47 0.0842 0.0475 0.0965 0.1690 0.2352 0.3676 
  48 0.0768 0.4836 0.0487 0.0715 0.0816 0.2378 
  49 0.0367 0.1331 0.1294 0.1503 0.2402 0.3102 
  50 0.0345 0.0477 0.0501 0.1415 0.3159 0.4103 
  51 0.0229 0.7108 0.0223 0.0612 0.0809 0.1019 
  52 0.0196 0.0991 0.0900 0.1486 0.2428 0.4000 
  53 0.0252 0.0495 0.0271 0.1308 0.1401 0.6273 
  54 0.3126 0.0725 0.1051 0.1559 0.2160 0.1379 
  55 0.1658 0.3454 0.0690 0.1165 0.1752 0.1282 
  56 0.1027 0.1726 0.1231 0.1515 0.0953 0.3548 
  57 0.0282 0.0190 0.1688 0.2991 0.1911 0.2937 
  58 0.0804 0.2104 0.0923 0.1489 0.2064 0.2616 
  59 0.0401 0.1672 0.1577 0.1138 0.1505 0.3706 
  60 0.0462 0.4009 0.0264 0.2167 0.1316 0.1781 
  61 0.3326 0.2249 0.0418 0.1611 0.1616 0.0780 
  62 0.0513 0.0270 0.4058 0.0952 0.1399 0.2809 
  63 0.0532 0.0984 0.0374 0.2216 0.4006 0.1889 
  64 0.0585 0.0248 0.0737 0.0821 0.1341 0.6268 
  65 0.0489 0.0242 0.0574 0.0625 0.6389 0.1682 
  66 0.1841 0.0415 0.0444 0.2562 0.3493 0.1245 
  67 0.2080 0.2443 0.0575 0.0970 0.2690 0.1242 
  68 0.0361 0.1967 0.1211 0.1453 0.1583 0.3424 
  69 0.0265 0.0972 0.1025 0.1867 0.1576 0.4294 
  70 0.0233 0.3236 0.0276 0.1694 0.2632 0.1930 
  71 0.0488 0.3542 0.0937 0.0621 0.1707 0.2706 
  72 0.0360 0.1219 0.0294 0.1010 0.2380 0.4737 
  73 0.1589 0.1862 0.1434 0.0832 0.2737 0.1547 
  74 0.0414 0.2214 0.0313 0.2136 0.1078 0.3845 
  75 0.0498 0.3053 0.0461 0.3091 0.0855 0.2041 
  76 0.0623 0.1530 0.0287 0.1197 0.4899 0.1464 
  77 0.0340 0.3364 0.0637 0.0752 0.1989 0.2917 
  78 0.0366 0.2608 0.0573 0.0875 0.1403 0.4175 
  79 0.0364 0.0146 0.0569 0.0978 0.4974 0.2968 
  80 0.0771 0.0171 0.0330 0.5367 0.1949 0.1412 
  81 0.0931 0.0137 0.0294 0.4014 0.2708 0.1917 
  82 0.0464 0.0580 0.1088 0.2189 0.4404 0.1274 
  83 0.0846 0.0282 0.0239 0.3122 0.2751 0.2761 
  84 0.0504 0.0174 0.0290 0.2869 0.4037 0.2126 
  85 0.0570 0.0231 0.0328 0.3613 0.1896 0.3362 
  86 0.2590 0.0690 0.1017 0.0967 0.2542 0.2196 
  87 0.0297 0.0264 0.0333 0.1083 0.6191 0.1832 
  88 0.0388 0.0209 0.0375 0.3536 0.4196 0.1297 
  89 0.0962 0.0167 0.0310 0.4158 0.3065 0.1339 
  90 0.0346 0.0158 0.0388 0.1089 0.6747 0.1273 
  91 0.0383 0.0270 0.0240 0.5382 0.1647 0.2078 
  92 0.0416 0.0193 0.0561 0.1767 0.5074 0.1990 
  93 0.0237 0.0170 0.0277 0.7493 0.0941 0.0883 
  94 0.0178 0.0292 0.0222 0.0882 0.5311 0.3115 
  95 0.0346 0.0179 0.0289 0.2174 0.6043 0.0969 
  96 0.1012 0.2615 0.0349 0.3207 0.2002 0.0816 
  97 0.0754 0.1830 0.0568 0.3022 0.1105 0.2721 
  98 0.0724 0.1884 0.0643 0.1875 0.2224 0.2650 
  99 0.0687 0.0150 0.0316 0.2484 0.4664 0.1700 
 100 0.1950 0.0237 0.0412 0.5603 0.1016 0.0782 
 101 0.0380 0.0374 0.0367 0.1727 0.5657 0.1496 
 102 0.0303 0.0593 0.0537 0.4208 0.2929 0.1431 
 103 0.3581 0.0224 0.0299 0.1437 0.3512 0.0947 
 104 0.0290 0.0280 0.0390 0.1335 0.6604 0.1101 
 105 0.0448 0.0286 0.0790 0.1972 0.5668 0.0835 
 106 0.0221 0.0275 0.0327 0.0515 0.5752 0.2910 
 107 0.1448 0.0250 0.0422 0.1647 0.5293 0.0939 
 108 0.2642 0.2397 0.0345 0.0810 0.1521 0.2285 
 109 0.0359 0.0425 0.2889 0.0535 0.2889 0.2903 
 110 0.0195 0.0202 0.0308 0.0593 0.5971 0.2731 
 111 0.0387 0.0202 0.0717 0.0697 0.7154 0.0844 
 112 0.0176 0.0363 0.2718 0.0573 0.4585 0.1584 
 113 0.2824 0.0518 0.0501 0.1321 0.2390 0.2446 
 114 0.0325 0.0228 0.0715 0.1599 0.6042 0.1091 
 115 0.0249 0.0963 0.1011 0.0966 0.5646 0.1165 
 116 0.0369 0.1085 0.0632 0.0578 0.4028 0.3308 
 117 0.0177 0.0355 0.0842 0.0817 0.5675 0.2134 
 118 0.2485 0.0321 0.1563 0.0751 0.3669 0.1210 
 119 0.0558 0.2507 0.0223 0.3187 0.2397 0.1127 
 120 0.0301 0.0404 0.1541 0.1013 0.5444 0.1297 
 121 0.0236 0.1676 0.1252 0.0740 0.4845 0.1251 
 122 0.0302 0.0232 0.0660 0.0707 0.5343 0.2756 
 123 0.0460 0.0324 0.0348 0.0948 0.6401 0.1519 
 124 0.0536 0.0791 0.0581 0.0741 0.4449 0.2901 
 125 0.0189 0.0636 0.1046 0.0943 0.2269 0.4916 
 126 0.0387 0.0815 0.0303 0.1149 0.5276 0.2070 
 127 0.0436 0.0236 0.0500 0.0766 0.7248 0.0814 
 128 0.1652 0.0346 0.1371 0.0848 0.4777 0.1006 
 129 0.0947 0.0244 0.0477 0.0642 0.6854 0.0835 
 130 0.0751 0.0180 0.1043 0.1577 0.5200 0.1248 
 131 0.0369 0.1261 0.0574 0.0621 0.3602 0.3573 
 132 0.0661 0.0285 0.0441 0.0576 0.6015 0.2022 
 133 0.1142 0.0335 0.0406 0.0929 0.6200 0.0988 
 134 0.0213 0.0177 0.0494 0.0435 0.6724 0.1959 
 135 0.0405 0.1037 0.1560 0.5157 0.0948 0.0893 
 136 0.0261 0.0173 0.0834 0.7015 0.0626 0.1090 
 137 0.0209 0.0160 0.0579 0.7101 0.1147 0.0803 
 138 0.0210 0.0257 0.0257 0.7651 0.0661 0.0963 
 139 0.2835 0.0655 0.0578 0.3490 0.1096 0.1346 
 140 0.0345 0.0550 0.0411 0.5142 0.1894 0.1657 
 141 0.0313 0.0252 0.0632 0.6328 0.0718 0.1757 
 142 0.0685 0.1455 0.0832 0.5199 0.0965 0.0864 
 143 0.0255 0.0173 0.0238 0.8047 0.0617 0.0670 
 144 0.0244 0.0180 0.0586 0.7150 0.1133 0.0707 
 145 0.0349 0.0352 0.1328 0.5242 0.0783 0.1945 
 146 0.0182 0.0332 0.0556 0.5313 0.1857 0.1761 
 147 0.0182 0.0147 0.0286 0.8027 0.0610 0.0748 
 148 0.0412 0.0491 0.0781 0.5626 0.1403 0.1288 
 149 0.0317 0.0414 0.0422 0.7112 0.0693 0.1041 
 150 0.0337 0.0209 0.0758 0.5778 0.1935 0.0984 
 151 0.0275 0.0205 0.0336 0.7453 0.0928 0.0803 
 152 0.0382 0.0904 0.0833 0.5124 0.1104 0.1653 
 153 0.0170 0.0403 0.0288 0.7045 0.0919 0.1175 
 154 0.0336 0.0305 0.0710 0.6914 0.0691 0.1044 
 155 0.0253 0.0195 0.0251 0.7672 0.0881 0.0748 
 156 0.0410 0.0835 0.0406 0.6475 0.1209 0.0665 
 157 0.0205 0.0171 0.0228 0.6394 0.1951 0.1051 
 158 0.0228 0.0266 0.1398 0.5557 0.0721 0.1829 
 159 0.0225 0.0146 0.0358 0.7962 0.0605 0.0703 
 160 0.0292 0.0148 0.0449 0.7766 0.0620 0.0726 
 161 0.0216 0.0292 0.0334 0.6545 0.1160 0.1453 
 162 0.0237 0.0373 0.0740 0.4811 0.1951 0.1888 
 163 0.0221 0.0284 0.0245 0.7759 0.0798 0.0692 
 164 0.0350 0.0242 0.0621 0.5325 0.2173 0.1289 
 165 0.0265 0.0199 0.0798 0.6199 0.1708 0.0832 
 166 0.0363 0.0456 0.0233 0.5324 0.2243 0.1382 
 167 0.0152 0.0233 0.0849 0.6263 0.1083 0.1420 
 168 0.0212 0.0430 0.0316 0.6680 0.0836 0.1527 
 169 0.0201 0.0383 0.1377 0.3545 0.0661 0.3833 
 170 0.0446 0.0522 0.0282 0.6734 0.1211 0.0806 
 171 0.0339 0.0374 0.0490 0.5728 0.1339 0.1730 
 172 0.0309 0.1278 0.0472 0.5111 0.0682 0.2148 
 173 0.0453 0.0178 0.0392 0.7578 0.0670 0.0729 
 174 0.0221 0.0146 0.0300 0.7545 0.0908 0.0881 
 175 0.0262 0.0240 0.0366 0.7459 0.0611 0.1062 
 176 0.0241 0.0181 0.0590 0.7149 0.1126 0.0713 
 177 0.0178 0.0248 0.0330 0.5411 0.2093 0.1740 
 178 0.0281 0.0164 0.0427 0.6705 0.0951 0.1472 
 179 0.0310 0.0151 0.0218 0.7902 0.0665 0.0754 
 180 0.0180 0.0358 0.0649 0.5987 0.1215 0.1611 
 181 0.0424 0.0379 0.0690 0.6512 0.0799 0.1195 
 182 0.0382 0.0258 0.0702 0.7258 0.0732 0.0668 
 183 0.0334 0.0181 0.0281 0.7731 0.0690 0.0783 
 184 0.6614 0.0172 0.0399 0.0670 0.0919 0.1225 
 185 0.0461 0.0947 0.0403 0.6954 0.0621 0.0613 
 186 0.3542 0.0219 0.0331 0.0848 0.3557 0.1503 
 187 0.5446 0.0227 0.0260 0.2067 0.1002 0.0999 
 188 0.5949 0.0200 0.0303 0.0589 0.1870 0.1091 
 189 0.2214 0.0347 0.0275 0.2617 0.0952 0.3595 
 190 0.3599 0.2323 0.0384 0.2399 0.0750 0.0545 
 191 0.6866 0.0162 0.0423 0.0711 0.0906 0.0932 
 192 0.4265 0.0189 0.0305 0.2308 0.1784 0.1149 
 193 0.2925 0.0364 0.0919 0.2479 0.1526 0.1788 
 194 0.1722 0.0418 0.0373 0.3452 0.2831 0.1203 
 195 0.6285 0.0315 0.0222 0.1881 0.0676 0.0620 
 196 0.5320 0.0810 0.0389 0.1634 0.1090 0.0757 
 197 0.2212 0.0450 0.0553 0.2004 0.2350 0.2432 
 198 0.1616 0.0396 0.0386 0.2190 0.2812 0.2598 
 199 0.2883 0.1417 0.0684 0.2647 0.1353 0.1016 
 200 0.5022 0.0733 0.0662 0.1365 0.0835 0.1383 
 201 0.3829 0.0296 0.0275 0.4005 0.0848 0.0747 
 202 0.0844 0.0635 0.0393 0.6238 0.1214 0.0677 
 203 0.4607 0.0236 0.0355 0.3480 0.0675 0.0647 
 204 0.7277 0.0272 0.0241 0.0981 0.0657 0.0572 
 205 0.6987 0.0288 0.0279 0.0806 0.0829 0.0811 
 206 0.6877 0.0232 0.0286 0.1203 0.0762 0.0641 
 207 0.5796 0.0421 0.0617 0.1176 0.1335 0.0655 
 208 0.5669 0.0356 0.0333 0.2121 0.0855 0.0666 
 209 0.5612 0.0280 0.0616 0.1261 0.1151 0.1079 
 210 0.6750 0.0210 0.0259 0.1101 0.0973 0.0707 
 211 0.0734 0.1425 0.2590 0.2627 0.1918 0.0707 
 212 0.1457 0.0438 0.0389 0.5632 0.0926 0.1159 
 213 0.1348 0.1475 0.0346 0.1924 0.3592 0.1314 
 214 0.2743 0.0340 0.0493 0.4832 0.0818 0.0773 
 215 0.7147 0.0254 0.0363 0.0605 0.0893 0.0738 
 216 0.4012 0.0299 0.0718 0.1268 0.1771 0.1932 
 217 0.5185 0.0317 0.0286 0.2698 0.0677 0.0836 
 218 0.6789 0.0170 0.0295 0.0871 0.0962 0.0913 
 219 0.3123 0.0236 0.0425 0.2521 0.1205 0.2490 
 220 0.7541 0.0187 0.0254 0.0676 0.0732 0.0610 
 221 0.0650 0.0784 0.0308 0.7003 0.0628 0.0628 
 222 0.3136 0.0258 0.0436 0.1723 0.1913 0.2534 
 223 0.2670 0.0291 0.0319 0.3741 0.1419 0.1561 
 224 0.5159 0.0216 0.0322 0.2790 0.0833 0.0680 
 225 0.6785 0.0297 0.0285 0.1066 0.0837 0.0731 
 226 0.5447 0.0198 0.0376 0.1208 0.0905 0.1865 
 227 0.2840 0.1025 0.0346 0.3390 0.1663 0.0737 
 228 0.5208 0.1000 0.0418 0.2066 0.0694 0.0613 
 229 0.6034 0.0156 0.0238 0.2180 0.0716 0.0676 
 230 0.6523 0.0167 0.0283 0.1725 0.0690 0.0612 
 231 0.6050 0.0162 0.0400 0.1563 0.0816 0.1010 
 232 0.1549 0.0573 0.0521 0.3722 0.1876 0.1759 
 233 0.2357 0.0248 0.0435 0.5384 0.0795 0.0780 
 234 0.3767 0.0203 0.0518 0.1934 0.1836 0.1742 
 235 0.4043 0.0388 0.0338 0.2637 0.1068 0.1526 
 236 0.4464 0.0225 0.0483 0.2936 0.0941 0.0951 
 237 0.5450 0.0370 0.0850 0.1207 0.1283 0.0839 
 238 0.1804 0.0350 0.0373 0.5143 0.1338 0.0991 
 239 0.6308 0.0314 0.0222 0.1875 0.0658 0.0622 
 240 0.1814 0.0336 0.0374 0.5142 0.1346 0.0987 
 241 0.1256 0.0420 0.0391 0.6098 0.0995 0.0840 
 242 0.6193 0.0224 0.0248 0.1049 0.0728 0.1559 
 243 0.5610 0.0878 0.0480 0.1639 0.0811 0.0583 
 244 0.5865 0.0198 0.0331 0.2319 0.0676 0.0612 
 245 0.0673 0.0389 0.0231 0.6985 0.0970 0.0752 
 246 0.5214 0.0319 0.0286 0.2668 0.0684 0.0830 
 247 0.1853 0.0432 0.0302 0.0832 0.4872 0.1707 
 248 0.5568 0.0368 0.0685 0.0779 0.1776 0.0824 
 249 0.4575 0.0271 0.0392 0.3182 0.0870 0.0710 
 250 0.5666 0.0181 0.0377 0.1978 0.0943 0.0855 
 251 0.4193 0.0359 0.0722 0.1104 0.1180 0.2441 
 252 0.6171 0.0285 0.0236 0.1547 0.0918 0.0843 
 253 0.2474 0.0675 0.0457 0.1541 0.3035 0.1819 
 254 0.5428 0.0238 0.0381 0.1310 0.1244 0.1399 
 255 0.4896 0.0252 0.0451 0.1770 0.1285 0.1346 
 256 0.3830 0.0453 0.0469 0.3222 0.1070 0.0956 
 257 0.4651 0.0345 0.0573 0.1776 0.1645 0.1010 
 258 0.3188 0.0873 0.0523 0.1480 0.2638 0.1299 
 259 0.5444 0.0236 0.0499 0.1782 0.1188 0.0851 
 260 0.2796 0.0213 0.0459 0.3185 0.1413 0.1935 
 261 0.4866 0.0412 0.0268 0.2631 0.0940 0.0884 
 262 0.4683 0.0790 0.0325 0.2887 0.0634 0.0682 
 263 0.6988 0.0205 0.0383 0.0807 0.0809 0.0808 
 264 0.2192 0.0402 0.0700 0.0733 0.1695 0.4278 
 265 0.6573 0.0202 0.0274 0.1098 0.0837 0.1015 
 266 0.1152 0.0560 0.0332 0.6675 0.0660 0.0621 
 267 0.2463 0.0347 0.1075 0.3027 0.1823 0.1265 
 268 0.5275 0.0843 0.0394 0.1649 0.1093 0.0746 
 269 0.4698 0.0191 0.0325 0.1528 0.0838 0.2420 
 270 0.4304 0.0259 0.0633 0.1272 0.1848 0.1684 
 271 0.5038 0.0478 0.0582 0.1114 0.1656 0.1132 
 272 0.5638 0.0338 0.0503 0.0999 0.1028 0.1494 
 273 0.4172 0.0297 0.0582 0.1869 0.1381 0.1699 
 274 0.5380 0.0236 0.0426 0.1203 0.1190 0.1565 
 275 0.6444 0.0187 0.0408 0.1077 0.0777 0.1108 
 276 0.4244 0.0583 0.0845 0.1437 0.1338 0.1552 
 277 0.3995 0.0230 0.0332 0.2578 0.1365 0.1501 
 278 0.6940 0.0338 0.0402 0.0717 0.0875 0.0728 
 279 0.4972 0.0245 0.0455 0.1800 0.1242 0.1285 
 280 0.4564 0.0387 0.0378 0.1602 0.0952 0.2117 
 281 0.4520 0.0286 0.0417 0.1435 0.1930 0.1411 
 282 0.3143 0.0201 0.0355 0.4038 0.1057 0.1205 
 283 0.2455 0.0245 0.0286 0.5095 0.1052 0.0867 
 284 0.2408 0.0373 0.0573 0.3069 0.2342 0.1236 
 285 0.4930 0.0862 0.0623 0.0620 0.1681 0.1284 
 286 0.5904 0.0193 0.0328 0.2285 0.0678 0.0612 
 287 0.4121 0.0221 0.0286 0.1697 0.1516 0.2159 
 288 0.7220 0.0165 0.0282 0.0688 0.0690 0.0955 
 289 0.6174 0.0320 0.0351 0.0765 0.1290 0.1100 
 290 0.2325 0.1325 0.0925 0.1862 0.1204 0.2360 
 291 0.5102 0.0476 0.0568 0.1090 0.1638 0.1127 
 292 0.3638 0.0867 0.0326 0.2268 0.0938 0.1963 
 293 0.0897 0.1593 0.0946 0.1272 0.1772 0.3520 
 294 0.7161 0.0250 0.0296 0.0728 0.0744 0.0822 
 295 0.2744 0.0766 0.0864 0.1939 0.1648 0.2039 
 296 0.6862 0.0242 0.0337 0.0733 0.1036 0.0790 
 297 0.5172 0.0280 0.0341 0.1081 0.0991 0.2134 
 298 0.4699 0.0165 0.0296 0.2675 0.1105 0.1060 
 299 0.6934 0.0167 0.0275 0.0832 0.0857 0.0935 
 300 0.6472 0.0361 0.0377 0.0832 0.0858 0.1100 
 301 0.5187 0.0208 0.0639 0.1057 0.1047 0.1862 
 302 0.6234 0.0498 0.0498 0.0945 0.0888 0.0937 
 303 0.4021 0.0342 0.0370 0.3157 0.0909 0.1202 
 304 0.0634 0.0208 0.0568 0.4310 0.1745 0.2534 
 305 0.6480 0.0265 0.0291 0.1584 0.0656 0.0724 
 306 0.3441 0.0321 0.0325 0.3696 0.0870 0.1348 
 307 0.2561 0.0293 0.0821 0.3347 0.1578 0.1400 
 308 0.4774 0.0423 0.0265 0.2682 0.0960 0.0896 
 309 0.7207 0.0245 0.0298 0.0645 0.0941 0.0665 
 310 0.5577 0.0431 0.0384 0.2198 0.0753 0.0657 
 311 0.6518 0.0173 0.0281 0.1719 0.0699 0.0609 
 312 0.6978 0.0270 0.0281 0.0750 0.1091 0.0631 
 313 0.6045 0.0872 0.0434 0.0805 0.1173 0.0670 
 314 0.0268 0.0280 0.0227 0.7936 0.0585 0.0705 
 315 0.0204 0.0400 0.0215 0.7446 0.0722 0.1014 
 316 0.0253 0.0270 0.0241 0.7152 0.0766 0.1317 
 317 0.0212 0.0166 0.0241 0.8057 0.0594 0.0730 
 318 0.0179 0.0129 0.0223 0.8099 0.0580 0.0790 
 319 0.0255 0.0173 0.0284 0.8000 0.0614 0.0674 
 320 0.0270 0.0273 0.0229 0.7940 0.0587 0.0702 
 321 0.0186 0.0151 0.0246 0.7999 0.0600 0.0819 
 322 0.0319 0.0428 0.0273 0.7030 0.0785 0.1165 
 323 0.0202 0.0135 0.0244 0.8071 0.0606 0.0742 
 324 0.0186 0.0150 0.0239 0.8010 0.0595 0.0819 
 325 0.0176 0.0224 0.0232 0.7416 0.0713 0.1239 
 326 0.0204 0.0270 0.0253 0.7322 0.0722 0.1229 
 327 0.0206 0.0167 0.0246 0.8054 0.0593 0.0733 
 328 0.0207 0.0275 0.0243 0.7358 0.0786 0.1131 
 329 0.0177 0.0129 0.0223 0.8158 0.0592 0.0722 
 330 0.0216 0.0165 0.0242 0.8054 0.0587 0.0736 
 331 0.0207 0.0134 0.0228 0.8122 0.0597 0.0712 
 332 0.0170 0.0229 0.0253 0.7261 0.0729 0.1359 
 333 0.0232 0.0289 0.0259 0.7378 0.0761 0.1081 
 334 0.0208 0.0288 0.0248 0.7340 0.0789 0.1127 
 335 0.0198 0.0318 0.0237 0.7510 0.0735 0.1001 
 336 0.0215 0.0203 0.0233 0.7942 0.0586 0.0820 
 337 0.0179 0.0270 0.0247 0.7270 0.0742 0.1292 
 338 0.0184 0.0130 0.0239 0.8036 0.0585 0.0826 
 339 0.0205 0.0134 0.0225 0.8120 0.0602 0.0715 
 340 0.0243 0.0143 0.0231 0.8138 0.0593 0.0652 
 341 0.0255 0.0156 0.0296 0.7957 0.0612 0.0724 
 342 0.0208 0.0167 0.0244 0.8069 0.0590 0.0723 
 343 0.0207 0.0550 0.0246 0.7167 0.0753 0.1077 
 344 0.0176 0.0128 0.0222 0.8162 0.0589 0.0723 
 345 0.0207 0.0164 0.0248 0.8064 0.0584 0.0733 
 346 0.0205 0.0144 0.0229 0.8130 0.0575 0.0717 
 347 0.0204 0.0138 0.0222 0.8204 0.0578 0.0654 
 348 0.0252 0.0624 0.0226 0.7246 0.0733 0.0919 
 349 0.0212 0.0164 0.0245 0.8060 0.0587 0.0732 
 350 0.0262 0.0210 0.0249 0.7970 0.0606 0.0703 
 351 0.0198 0.0312 0.0239 0.7502 0.0750 0.0999 
 352 0.0207 0.0327 0.0242 0.7367 0.0740 0.1117 
 353 0.0216 0.0210 0.0237 0.7923 0.0594 0.0821 
 354 0.0201 0.0131 0.0243 0.8095 0.0600 0.0729 
 355 0.0182 0.0129 0.0221 0.8079 0.0583 0.0805 
 356 0.0261 0.0691 0.0231 0.7167 0.0738 0.0913 
 357 0.0277 0.0231 0.0357 0.4915 0.0984 0.3236 
 358 0.0167 0.0210 0.0237 0.7515 0.0745 0.1126 
 359 0.0208 0.0130 0.0238 0.8075 0.0610 0.0739 
 360 0.0201 0.0144 0.0222 0.8143 0.0574 0.0716 
 361 0.0337 0.0318 0.0423 0.4552 0.1055 0.3314 
 362 0.1531 0.0281 0.0370 0.1037 0.2421 0.4360 
 363 0.0483 0.0331 0.0325 0.0723 0.3456 0.4682 
 364 0.0373 0.0291 0.1124 0.3186 0.1677 0.3349 
 365 0.0450 0.0307 0.1762 0.0849 0.1240 0.5391 
 366 0.0845 0.1390 0.0632 0.1780 0.1255 0.4098 
 367 0.0199 0.0176 0.0274 0.0530 0.5341 0.3481 
 368 0.0530 0.0170 0.0624 0.0963 0.5852 0.1860 
 369 0.0451 0.1366 0.0524 0.3270 0.1601 0.2789 
 370 0.1542 0.0253 0.0698 0.1094 0.4892 0.1521 
 371 0.1806 0.0378 0.0929 0.1544 0.2006 0.3337 
 372 0.3226 0.0296 0.1277 0.1264 0.2706 0.1231 
 373 0.0455 0.0240 0.0659 0.1626 0.3871 0.3150 
 374 0.0554 0.0230 0.1011 0.3111 0.1456 0.3638 
 375 0.0566 0.0187 0.0670 0.0672 0.3853 0.4052 
 376 0.0149 0.0177 0.0375 0.0612 0.1308 0.7380 
 377 0.0579 0.0407 0.0716 0.1029 0.3485 0.3784 
 378 0.0363 0.0210 0.0362 0.2429 0.5363 0.1274 
 379 0.0269 0.0272 0.0502 0.0560 0.1369 0.7029 
 380 0.0617 0.0613 0.0406 0.1812 0.0891 0.5660 
 381 0.0298 0.0722 0.0333 0.1717 0.0796 0.6134 
 382 0.0282 0.0153 0.0413 0.0789 0.2900 0.5463 
 383 0.0732 0.0236 0.0451 0.1606 0.0770 0.6204 
 384 0.0777 0.0264 0.0959 0.1480 0.1769 0.4751 
 385 0.0248 0.0141 0.4983 0.1945 0.0969 0.1714 
 386 0.0287 0.0216 0.0316 0.0732 0.3117 0.5332 
 387 0.0241 0.0280 0.0593 0.0919 0.3054 0.4913 
 388 0.0657 0.0180 0.1572 0.2641 0.2215 0.2736 
 389 0.1125 0.0837 0.4241 0.0848 0.1773 0.1176 
 390 0.0585 0.1287 0.0402 0.0725 0.3750 0.3251 
 391 0.0397 0.0666 0.2960 0.1274 0.2807 0.1896 
 392 0.0450 0.0288 0.0339 0.1505 0.1816 0.5601 
 393 0.0225 0.0927 0.0314 0.1222 0.0935 0.6377 
 394 0.0429 0.0235 0.0292 0.2929 0.3020 0.3096 
 395 0.1100 0.1280 0.0324 0.0917 0.3172 0.3208 
 396 0.0311 0.0176 0.0427 0.0567 0.4087 0.4433 
 397 0.2679 0.0291 0.0902 0.1856 0.1474 0.2798 
 398 0.0166 0.0257 0.0336 0.0595 0.2296 0.6350 
 399 0.0427 0.0361 0.0464 0.0808 0.5419 0.2522 
 400 0.0187 0.0250 0.0413 0.1104 0.2699 0.5347 
 401 0.0249 0.0706 0.0372 0.1180 0.5584 0.1910 
 402 0.0446 0.0936 0.0775 0.1268 0.3430 0.3145 
 403 0.0470 0.0266 0.1258 0.4107 0.1886 0.2013 
 404 0.0759 0.0230 0.0873 0.1562 0.2226 0.4351 
 405 0.0620 0.0355 0.0413 0.1381 0.2081 0.5149 
 406 0.0399 0.3842 0.0244 0.1630 0.0905 0.2979 
 407 0.0209 0.0183 0.0286 0.0566 0.1208 0.7548 
 408 0.0393 0.0663 0.0229 0.0556 0.7194 0.0966 
 409 0.0245 0.2172 0.0325 0.3366 0.1306 0.2586 
 410 0.0350 0.0366 0.0894 0.1328 0.2332 0.4730 
 411 0.0223 0.0789 0.0331 0.1961 0.1564 0.5132 
 412 0.0523 0.0163 0.0517 0.0890 0.5105 0.2802 
 413 0.0575 0.0188 0.0301 0.2178 0.4735 0.2023 
 414 0.0660 0.0169 0.1170 0.0596 0.4782 0.2623 
 415 0.0297 0.0596 0.0333 0.0868 0.1554 0.6352 
 416 0.0434 0.0566 0.0928 0.1317 0.2152 0.4603 
 417 0.0273 0.0219 0.0270 0.0679 0.1635 0.6924 
 418 0.0286 0.0145 0.0380 0.0644 0.5435 0.3110 
 419 0.0406 0.0537 0.0975 0.2547 0.2708 0.2827 
 420 0.0263 0.1656 0.0258 0.0774 0.5040 0.2009 
 421 0.0367 0.0240 0.0317 0.0775 0.3675 0.4625 
 422 0.1285 0.1175 0.0517 0.1026 0.1940 0.4057 
 423 0.0612 0.0320 0.0460 0.1137 0.2157 0.5314 
 424 0.0200 0.1183 0.0609 0.1143 0.4919 0.1946 
 425 0.0412 0.0233 0.3853 0.1192 0.1548 0.2762 
 426 0.0283 0.0251 0.1349 0.1402 0.3832 0.2883 
 427 0.0159 0.0277 0.0235 0.1699 0.1744 0.5887 
 428 0.0473 0.0796 0.0663 0.2362 0.1410 0.4296 
 429 0.0229 0.0161 0.0228 0.0533 0.2527 0.6322 
 430 0.0276 0.0263 0.0280 0.0653 0.1537 0.6991 
 431 0.0771 0.0232 0.0845 0.1210 0.4315 0.2627 
 432 0.0344 0.0191 0.0471 0.1065 0.5921 0.2009 
 433 0.0377 0.0336 0.0716 0.3825 0.3402 0.1344 
 434 0.0624 0.0346 0.0791 0.1863 0.2067 0.4308 
 435 0.0163 0.0306 0.0228 0.0575 0.1968 0.6760 
 436 0.0125 0.0468 0.0249 0.0976 0.1717 0.6465 
 437 0.0215 0.0195 0.0281 0.0642 0.1354 0.7313 
 438 0.0169 0.2062 0.0262 0.1206 0.2805 0.3495 
 439 0.0134 0.0222 0.0241 0.0765 0.1154 0.7484 
 440 0.0167 0.0278 0.0250 0.0482 0.1275 0.7547 
 441 0.0191 0.0264 0.0335 0.1435 0.1699 0.6076 
 442 0.0204 0.0371 0.0766 0.0699 0.2608 0.5351 
 443 0.0204 0.1327 0.0331 0.0595 0.4722 0.2821 
 444 0.0194 0.0506 0.0657 0.0681 0.1966 0.5997 
 445 0.0233 0.1018 0.0414 0.2046 0.1215 0.5075 
 446 0.0127 0.0249 0.0389 0.0704 0.2858 0.5673 
 447 0.0169 0.0781 0.0973 0.1320 0.1484 0.5274 
 448 0.0209 0.0279 0.0363 0.0695 0.2058 0.6394 
 449 0.0248 0.0278 0.0422 0.1139 0.1865 0.6048 
 450 0.0175 0.0145 0.0473 0.1127 0.1498 0.6583 
 451 0.0217 0.0298 0.0383 0.0499 0.6533 0.2070 
 452 0.0190 0.0159 0.0310 0.0918 0.1331 0.7092 
 453 0.0310 0.3152 0.0457 0.1208 0.3278 0.1594 
 454 0.0262 0.0242 0.0313 0.1211 0.1528 0.6443 
 455 0.0155 0.0907 0.0257 0.0670 0.2335 0.5676 
 456 0.0232 0.1411 0.0354 0.0609 0.2050 0.5343 
 457 0.0164 0.0209 0.0297 0.0698 0.1150 0.7481 
 458 0.0158 0.0214 0.0373 0.0777 0.1311 0.7168 
 459 0.0133 0.0353 0.0272 0.1651 0.2951 0.4640 
 460 0.0133 0.0284 0.0249 0.0644 0.3212 0.5478 
 461 0.0129 0.0145 0.0290 0.0661 0.4860 0.3914 
 462 0.0370 0.0625 0.0988 0.0480 0.2278 0.5258 
 463 0.0366 0.3950 0.0251 0.0948 0.1510 0.2975 
 464 0.0170 0.0675 0.0244 0.0628 0.3977 0.4307 
 465 0.0179 0.0401 0.0345 0.0823 0.5475 0.2776 
 466 0.0247 0.1586 0.0267 0.0674 0.4274 0.2953 
 467 0.0351 0.0522 0.0315 0.1046 0.2264 0.5502 
 468 0.0187 0.0740 0.0237 0.0609 0.1047 0.7181 
 469 0.0116 0.0279 0.0224 0.0653 0.0923 0.7804 
 470 0.0137 0.0271 0.0221 0.0600 0.2017 0.6754 
 471 0.0527 0.1450 0.1173 0.0761 0.2063 0.4026 
 472 0.0247 0.0667 0.0489 0.0822 0.2850 0.4926 
 473 0.0347 0.0339 0.0373 0.1121 0.2114 0.5706 
 474 0.0265 0.0362 0.0298 0.0987 0.1482 0.6606 
 475 0.0187 0.0315 0.0359 0.1323 0.5091 0.2726 
 476 0.0179 0.0363 0.0245 0.0768 0.1296 0.7148 
 477 0.0133 0.0493 0.0582 0.1127 0.5156 0.2510 
 478 0.0121 0.0226 0.0515 0.0600 0.6608 0.1931 
 479 0.0140 0.0213 0.0270 0.0577 0.1812 0.6989 
 480 0.0156 0.0182 0.0229 0.0644 0.0992 0.7797 
 481 0.0704 0.0344 0.1464 0.0752 0.2053 0.4683 
 482 0.0139 0.0161 0.0214 0.0582 0.1846 0.7058 
 483 0.0141 0.0313 0.0288 0.0811 0.2005 0.6443 
 484 0.0245 0.1787 0.0391 0.0846 0.2058 0.4672 
 485 0.0142 0.0515 0.0235 0.0647 0.1805 0.6657 
 486 0.0472 0.0887 0.3454 0.1014 0.2358 0.1815 
 487 0.0240 0.0423 0.3181 0.2223 0.1739 0.2193 
 488 0.0382 0.0339 0.3626 0.1551 0.2705 0.1397 
 489 0.0530 0.0996 0.2035 0.2602 0.1361 0.2476 
 490 0.0262 0.0672 0.0951 0.0673 0.5132 0.2311 
 491 0.0790 0.0308 0.4279 0.2141 0.1305 0.1177 
 492 0.0424 0.0564 0.0849 0.3518 0.3484 0.1162 
 493 0.0510 0.0362 0.5197 0.1149 0.1399 0.1384 
 494 0.0700 0.0437 0.3739 0.1678 0.1320 0.2126 
 495 0.0176 0.0638 0.2962 0.2091 0.2907 0.1226 
 496 0.0577 0.0457 0.0376 0.4708 0.2353 0.1530 
 497 0.0356 0.0192 0.6155 0.1466 0.0903 0.0928 
 498 0.0251 0.0825 0.3555 0.1283 0.2363 0.1723 
 499 0.0289 0.0409 0.3157 0.3318 0.1297 0.1530 
 500 0.1307 0.0404 0.2242 0.1137 0.1324 0.3586 
 501 0.0573 0.0242 0.1061 0.3060 0.2154 0.2910 
 502 0.0263 0.0170 0.1772 0.3232 0.2858 0.1705 
 503 0.0438 0.0272 0.0685 0.0820 0.2043 0.5742 
 504 0.0195 0.0444 0.1817 0.0939 0.5423 0.1181 
 505 0.1409 0.0816 0.2405 0.1827 0.1959 0.1585 
 506 0.0585 0.0239 0.1882 0.2763 0.2927 0.1603 
 507 0.0478 0.0455 0.0313 0.7098 0.0841 0.0815 
 508 0.0239 0.0918 0.1056 0.5926 0.1085 0.0776 
 509 0.1351 0.0493 0.1364 0.3533 0.2000 0.1259 
 510 0.0404 0.0298 0.1399 0.3534 0.1748 0.2618 
 511 0.0894 0.0402 0.1163 0.1076 0.1834 0.4631 
 512 0.0524 0.0203 0.1037 0.0706 0.1785 0.5745 
 513 0.0397 0.0448 0.6432 0.0986 0.1193 0.0544 
 514 0.0298 0.0247 0.0504 0.1370 0.6337 0.1243 
 515 0.0300 0.0861 0.0870 0.2392 0.1640 0.3936 
 516 0.0344 0.0590 0.0563 0.1216 0.6242 0.1046 
 517 0.0319 0.1420 0.0384 0.2455 0.2837 0.2585 
 518 0.1383 0.0205 0.1394 0.2864 0.1212 0.2943 
 519 0.0214 0.0287 0.0525 0.1311 0.6343 0.1320 
 520 0.0311 0.2057 0.0321 0.3648 0.0997 0.2666 
 521 0.0981 0.0302 0.0303 0.4010 0.3217 0.1188 
 522 0.0259 0.2024 0.0599 0.1027 0.1529 0.4561 
 523 0.0257 0.2834 0.0343 0.2914 0.2413 0.1238 
 524 0.0334 0.0960 0.0363 0.1639 0.1887 0.4816 
 525 0.0447 0.0510 0.0777 0.3417 0.1161 0.3689 
 526 0.0335 0.4461 0.0232 0.1285 0.1063 0.2624 
 527 0.0285 0.0190 0.3382 0.0988 0.2277 0.2878 
 528 0.1162 0.0356 0.0313 0.5517 0.1604 0.1048 
 529 0.1710 0.0321 0.1565 0.2081 0.2624 0.1699 
 530 0.0318 0.0779 0.0889 0.1608 0.1302 0.5104 
 531 0.0216 0.0456 0.0462 0.4590 0.1407 0.2870 
 532 0.0447 0.0588 0.1150 0.3413 0.2298 0.2103 
 533 0.0825 0.0704 0.1006 0.1466 0.1578 0.4421 
 534 0.0989 0.1169 0.2439 0.2134 0.2462 0.0807 
 535 0.0352 0.2181 0.0291 0.1366 0.3656 0.2153 
 536 0.1003 0.0963 0.0395 0.2537 0.1826 0.3277 
 537 0.0684 0.1653 0.0442 0.4256 0.1521 0.1444 
 538 0.1785 0.1109 0.0366 0.3018 0.1693 0.2029 
 539 0.1014 0.0376 0.0325 0.6449 0.0868 0.0968 
 540 0.1346 0.1053 0.0401 0.3111 0.1667 0.2421 
 541 0.1028 0.0418 0.0369 0.4873 0.1496 0.1816 
 542 0.1209 0.3277 0.0563 0.1091 0.1120 0.2740 
 543 0.0821 0.1916 0.0345 0.2493 0.3202 0.1222 
 544 0.0467 0.3820 0.0402 0.1825 0.1603 0.1884 
 545 0.0290 0.5323 0.0319 0.0688 0.1520 0.1861 
 546 0.1790 0.1561 0.0891 0.2422 0.1451 0.1884 
 547 0.0219 0.5247 0.0280 0.1909 0.1325 0.1020 
 548 0.5641 0.0183 0.0373 0.1974 0.0963 0.0866 
 549 0.0203 0.1567 0.0286 0.4669 0.1010 0.2266 
 550 0.0261 0.3824 0.0332 0.1053 0.1666 0.2864 
 551 0.0242 0.0456 0.0314 0.6096 0.1417 0.1475 
 552 0.3213 0.0953 0.0363 0.2646 0.1226 0.1598 
 553 0.0785 0.4409 0.0279 0.2271 0.1489 0.0767 
 554 0.1012 0.0631 0.0456 0.2215 0.2399 0.3287 
 555 0.0650 0.0964 0.1009 0.4727 0.1322 0.1328 
 556 0.1533 0.1010 0.0428 0.2977 0.2156 0.1897 
 557 0.0239 0.2092 0.0287 0.1691 0.2330 0.3361 
 558 0.0123 0.0147 0.0218 0.0603 0.1702 0.7207 
 559 0.1349 0.0373 0.0417 0.0986 0.5420 0.1455 
 560 0.0268 0.0266 0.0315 0.0463 0.4957 0.3732 
 561 0.0234 0.0438 0.0637 0.0640 0.4542 0.3510 
 562 0.0416 0.0617 0.0664 0.0465 0.5118 0.2722 
 563 0.0130 0.0422 0.0599 0.2315 0.4859 0.1675 
 564 0.2440 0.0771 0.0507 0.1031 0.3407 0.1845 
 565 0.0171 0.0173 0.0283 0.0676 0.1071 0.7626 
 566 0.0190 0.0214 0.0337 0.0495 0.5076 0.3688 
 567 0.2487 0.0358 0.0917 0.0669 0.3908 0.1662 
 568 0.0402 0.0455 0.0277 0.0963 0.5722 0.2181 
 569 0.0291 0.1154 0.0422 0.1006 0.2749 0.4379 
 570 0.0244 0.0158 0.0244 0.0503 0.1745 0.7106 
 571 0.0271 0.0227 0.0284 0.0739 0.6902 0.1577 
 572 0.0552 0.3424 0.0423 0.2323 0.1053 0.2225 
 573 0.1725 0.0594 0.0519 0.1016 0.2975 0.3170 
 574 0.0299 0.0337 0.0468 0.2010 0.1302 0.5584 
 575 0.0355 0.0277 0.0305 0.1616 0.5351 0.2096 
 576 0.0185 0.0174 0.0784 0.0490 0.5131 0.3235 
 577 0.0305 0.0258 0.0521 0.1882 0.1966 0.5067 
 578 0.0326 0.0286 0.0462 0.0771 0.5065 0.3090 
 579 0.0653 0.0335 0.1138 0.0717 0.3138 0.4019 
 580 0.0275 0.0197 0.0373 0.1150 0.1736 0.6269 
 581 0.0222 0.0203 0.0313 0.0922 0.2675 0.5665 
 582 0.0244 0.0413 0.0242 0.0555 0.3010 0.5536 
 583 0.0368 0.0228 0.0674 0.0752 0.5438 0.2541 
 584 0.0156 0.0169 0.0486 0.0588 0.5580 0.3020 
 585 0.0255 0.0246 0.0592 0.0662 0.4283 0.3963 
 586 0.0470 0.0276 0.0334 0.0912 0.6752 0.1256 
 587 0.0586 0.0583 0.0531 0.0557 0.3417 0.4327 
 588 0.3531 0.2088 0.1008 0.0792 0.1838 0.0742 
 589 0.0268 0.0805 0.0322 0.0607 0.1854 0.6143 
 590 0.0472 0.0229 0.0860 0.0703 0.6291 0.1444 
 591 0.0238 0.0178 0.0329 0.0806 0.6933 0.1516 
 592 0.0910 0.0691 0.0313 0.0651 0.4915 0.2521 
 593 0.0536 0.0346 0.0309 0.1153 0.4229 0.3427 
 594 0.0314 0.0235 0.1506 0.1504 0.4968 0.1473 
 595 0.0610 0.0151 0.3434 0.0510 0.1674 0.3622 
 596 0.1313 0.1033 0.0700 0.1176 0.2782 0.2995 
 597 0.0308 0.0483 0.0296 0.2444 0.5520 0.0949 
 598 0.0144 0.0163 0.0223 0.0553 0.1251 0.7666 
 599 0.0345 0.0399 0.0258 0.0510 0.6006 0.2483 
 600 0.0331 0.0385 0.0423 0.1427 0.1633 0.5801 
 601 0.0324 0.0383 0.0300 0.0540 0.3773 0.4680 
 602 0.0870 0.0223 0.1450 0.2343 0.3184 0.1929 
 603 0.0923 0.0237 0.0846 0.2104 0.4240 0.1649 
 604 0.0426 0.0298 0.1134 0.1588 0.1373 0.5181 
 605 0.0399 0.0512 0.0669 0.0938 0.4320 0.3161 
 606 0.1638 0.0397 0.0466 0.2149 0.2580 0.2770 
 607 0.0849 0.0178 0.0686 0.3010 0.1369 0.3907 
 608 0.0276 0.0245 0.0300 0.4738 0.1836 0.2607 
 609 0.0183 0.0399 0.0664 0.1210 0.2074 0.5471 
 610 0.0312 0.0896 0.0566 0.0937 0.1702 0.5586 
 611 0.0426 0.0428 0.0779 0.2323 0.4393 0.1652 
 612 0.0196 0.0375 0.0324 0.0805 0.1059 0.7241 
 613 0.0501 0.0629 0.1118 0.1281 0.2097 0.4374 
 614 0.0492 0.0232 0.0835 0.0738 0.0832 0.6871 
 615 0.0501 0.0232 0.0386 0.1215 0.1004 0.6662 
 616 0.0942 0.0170 0.0527 0.2113 0.1943 0.4305 
 617 0.0321 0.0506 0.2768 0.0730 0.1475 0.4200 
 618 0.0476 0.0458 0.1048 0.2215 0.0955 0.4848 
 619 0.0879 0.0666 0.0272 0.1859 0.3374 0.2950 
 620 0.1792 0.0698 0.0309 0.0491 0.4733 0.1978 
 621 0.0153 0.0157 0.0723 0.0777 0.4450 0.3741 
 622 0.1794 0.0505 0.1842 0.1292 0.1099 0.3468 
 623 0.0554 0.0314 0.0497 0.0832 0.4968 0.2836 
 624 0.0268 0.0261 0.0309 0.2037 0.1282 0.5843 
 625 0.0370 0.0206 0.0962 0.1885 0.1924 0.4653 
 626 0.0461 0.1349 0.0317 0.4287 0.0894 0.2693 
 627 0.0596 0.0376 0.0657 0.1229 0.3714 0.3428 
 628 0.1980 0.0268 0.1474 0.1085 0.2815 0.2376 
 629 0.0758 0.0194 0.1117 0.1364 0.3305 0.3262 
 630 0.0437 0.0319 0.0549 0.0949 0.2004 0.5742 
 631 0.1199 0.0186 0.0401 0.1018 0.1617 0.5579 
 632 0.1966 0.0360 0.0836 0.3346 0.1302 0.2190 
 633 0.0395 0.0215 0.0945 0.1903 0.1362 0.5179 
 634 0.1469 0.0529 0.0409 0.2524 0.2066 0.3002 
 635 0.0703 0.0247 0.0444 0.4817 0.1290 0.2499 
 636 0.0290 0.0250 0.0402 0.2660 0.2008 0.4391 
 637 0.0852 0.1486 0.0913 0.1979 0.2196 0.2574 
 638 0.0660 0.0205 0.0747 0.1914 0.3560 0.2914 
 639 0.0599 0.0247 0.1126 0.1694 0.1125 0.5209 
 640 0.0237 0.0149 0.1236 0.1053 0.4366 0.2960 
 641 0.1000 0.0243 0.1270 0.1388 0.2216 0.3883 
 642 0.0326 0.0522 0.0387 0.5532 0.1692 0.1542 
 643 0.0275 0.0204 0.0261 0.6957 0.1185 0.1117 
 644 0.0293 0.0246 0.0416 0.5818 0.2044 0.1184 
 645 0.0274 0.0354 0.0779 0.4911 0.0662 0.3021 
 646 0.0512 0.0789 0.1190 0.2232 0.3360 0.1917 
 647 0.0315 0.0402 0.0960 0.4431 0.2566 0.1326 
 648 0.1189 0.0691 0.2763 0.2731 0.1047 0.1578 
 649 0.2041 0.1206 0.0448 0.2421 0.2857 0.1028 
 650 0.0531 0.0477 0.0582 0.2674 0.4589 0.1147 
 651 0.0927 0.0192 0.2637 0.3577 0.1506 0.1161 
 652 0.0387 0.0264 0.0461 0.5890 0.1730 0.1267 
 653 0.0364 0.0488 0.2522 0.4256 0.0972 0.1398 
 654 0.0429 0.0922 0.1003 0.5246 0.1185 0.1215 
 655 0.0260 0.0265 0.0275 0.5034 0.2936 0.1230 
 656 0.0642 0.0877 0.2305 0.3160 0.1463 0.1553 
 657 0.0285 0.0253 0.1479 0.2737 0.1763 0.3483 
 658 0.0330 0.0608 0.0316 0.2883 0.4071 0.1791 
 659 0.0315 0.0665 0.1071 0.4997 0.1344 0.1608 
 660 0.0992 0.0415 0.0326 0.5767 0.1517 0.0983 
 661 0.0649 0.1298 0.0366 0.5192 0.1100 0.1395 
 662 0.1614 0.2433 0.0500 0.1637 0.2962 0.0853 
 663 0.1504 0.0269 0.0308 0.4718 0.1737 0.1465 
 664 0.0249 0.0449 0.0323 0.3062 0.3712 0.2206 
 665 0.1839 0.1267 0.0421 0.2520 0.2788 0.1165 
 666 0.0655 0.0534 0.0316 0.5266 0.1737 0.1492 
 667 0.0267 0.0384 0.4148 0.1468 0.2372 0.1360 
 668 0.0404 0.0509 0.0381 0.4619 0.2055 0.2032 
 669 0.1820 0.0541 0.1148 0.3200 0.1982 0.1309 
 670 0.0434 0.0215 0.0242 0.7555 0.0810 0.0744 
 671 0.0537 0.0311 0.0308 0.6515 0.1414 0.0916 
 672 0.0185 0.0416 0.0225 0.6331 0.1594 0.1249 
 673 0.0218 0.0138 0.0245 0.7992 0.0628 0.0780 
 674 0.0429 0.0285 0.0407 0.6639 0.0898 0.1342 
 675 0.0244 0.0178 0.0579 0.7162 0.1130 0.0706 
 676 0.0185 0.0150 0.0238 0.8085 0.0615 0.0727 
 677 0.0581 0.0812 0.0235 0.6963 0.0741 0.0670 
 678 0.0213 0.0135 0.0247 0.7940 0.0706 0.0760 
 679 0.0274 0.0135 0.0397 0.6970 0.0851 0.1374 
 680 0.0207 0.0215 0.0543 0.7275 0.0675 0.1085 
 681 0.0221 0.2529 0.0943 0.3193 0.0953 0.2160 
 682 0.0169 0.0222 0.0288 0.7474 0.0685 0.1162 
 683 0.0282 0.0262 0.0233 0.7772 0.0758 0.0694 
 684 0.0215 0.0157 0.0261 0.7887 0.0714 0.0767 
 685 0.0207 0.0165 0.0237 0.8112 0.0609 0.0670 
 686 0.0360 0.0797 0.0294 0.6601 0.0885 0.1063 
 687 0.0647 0.0414 0.0257 0.6472 0.1349 0.0860 
 688 0.0240 0.0179 0.0275 0.7454 0.0965 0.0887 
 689 0.0181 0.0155 0.0249 0.8148 0.0596 0.0672 
 690 0.0184 0.0152 0.0241 0.8075 0.0617 0.0731 
 691 0.0263 0.0219 0.0408 0.7041 0.0829 0.1238 
 692 0.0220 0.0146 0.0350 0.7379 0.0948 0.0957 
 693 0.0191 0.0170 0.0264 0.7237 0.1069 0.1069 
 694 0.0210 0.0178 0.0217 0.8195 0.0583 0.0617 
 695 0.0168 0.0410 0.0229 0.7498 0.0710 0.0985 
 696 0.0237 0.0176 0.0278 0.7456 0.0965 0.0887 
 697 0.0260 0.0208 0.0253 0.7942 0.0613 0.0725 
 698 0.0220 0.0154 0.0244 0.8011 0.0629 0.0742 
 699 0.0256 0.1054 0.0215 0.6867 0.0709 0.0899 
 700 0.0381 0.0664 0.0283 0.6573 0.0948 0.1151 
 701 0.0309 0.0323 0.0531 0.6627 0.0895 0.1315 
 702 0.0264 0.0411 0.0299 0.6576 0.1090 0.1361 
 703 0.0197 0.0236 0.0289 0.7411 0.0713 0.1154 
 704 0.0293 0.0256 0.0238 0.7487 0.0913 0.0813 
 705 0.0308 0.2475 0.0620 0.4269 0.1021 0.1308 
 706 0.0185 0.0332 0.0314 0.7495 0.0657 0.1018 
 707 0.0276 0.0268 0.0289 0.7788 0.0633 0.0746 
 708 0.0241 0.0173 0.0388 0.7872 0.0620 0.0705 
 709 0.0219 0.0499 0.0227 0.7626 0.0651 0.0778 
 710 0.0172 0.0192 0.0226 0.8181 0.0574 0.0655 
 711 0.0301 0.0567 0.0332 0.7106 0.0697 0.0996 
 712 0.0374 0.0525 0.0321 0.7578 0.0592 0.0610 
 713 0.0286 0.0207 0.0277 0.7498 0.0947 0.0784 
 714 0.0314 0.0180 0.0811 0.6574 0.0849 0.1271 
 715 0.0257 0.0371 0.0216 0.7938 0.0582 0.0637 
 716 0.0160 0.0313 0.0264 0.7619 0.0642 0.1003 
 717 0.0189 0.0252 0.0207 0.8128 0.0574 0.0649 
 718 0.0321 0.0353 0.0717 0.6911 0.0714 0.0984 
 719 0.0251 0.0358 0.0218 0.7876 0.0659 0.0638 
 720 0.0515 0.0183 0.0708 0.0857 0.3914 0.3824 
 721 0.0349 0.0293 0.0393 0.5423 0.0891 0.2651 
 722 0.0428 0.0402 0.0492 0.1353 0.1430 0.5896 
 723 0.0589 0.0161 0.0460 0.1147 0.1263 0.6381 
 724 0.0555 0.0226 0.0358 0.2345 0.1071 0.5445 
 725 0.0788 0.0292 0.0552 0.3036 0.2912 0.2421 
 726 0.0739 0.0491 0.0439 0.1755 0.1417 0.5159 
 727 0.0484 0.1773 0.0526 0.2962 0.1429 0.2827 
 728 0.0202 0.0222 0.0288 0.0485 0.0795 0.8008 
 729 0.0216 0.0163 0.0285 0.0529 0.0922 0.7885 
 730 0.0789 0.0168 0.0858 0.0789 0.2447 0.4949 
 731 0.0192 0.0232 0.0373 0.1112 0.1198 0.6894 
 732 0.0580 0.0159 0.0458 0.1134 0.1231 0.6438 
 733 0.0206 0.0148 0.0341 0.0715 0.1147 0.7443 
 734 0.0228 0.0158 0.0314 0.0516 0.1657 0.7127 
 735 0.0202 0.0130 0.0295 0.0858 0.0843 0.7672 
 736 0.0244 0.0197 0.0313 0.0936 0.2115 0.6195 
 737 0.0427 0.0522 0.0813 0.0980 0.2132 0.5125 
 738 0.0422 0.0178 0.0801 0.0866 0.1546 0.6187 
 739 0.0195 0.0147 0.0321 0.0671 0.1148 0.7519 
 740 0.0458 0.0212 0.1462 0.5930 0.0927 0.1012 
 741 0.0340 0.0347 0.1491 0.5083 0.1194 0.1544 
 742 0.0181 0.0174 0.0312 0.1834 0.5742 0.1757 
 743 0.1479 0.0185 0.0822 0.1560 0.3795 0.2159 
 744 0.1351 0.0977 0.0448 0.1632 0.4442 0.1151 
 745 0.0226 0.0510 0.0687 0.0694 0.6368 0.1514 
 746 0.1205 0.0245 0.0392 0.2790 0.2804 0.2565 
 747 0.1052 0.0229 0.0476 0.1356 0.5091 0.1796 
 748 0.0657 0.0149 0.0282 0.4399 0.3250 0.1264 
 749 0.1114 0.0401 0.0455 0.2192 0.4307 0.1533 
 750 0.3280 0.0207 0.0546 0.1354 0.2909 0.1703 
 751 0.1394 0.0160 0.0315 0.4102 0.2691 0.1339 
 752 0.1399 0.0223 0.0444 0.1561 0.4313 0.2060 
 753 0.1374 0.0284 0.0437 0.2607 0.2471 0.2827 
 754 0.0186 0.0252 0.1534 0.4713 0.1596 0.1718 
 755 0.2024 0.0161 0.0875 0.2444 0.2401 0.2095 
 756 0.2229 0.0172 0.0314 0.2054 0.4216 0.1015 
 757 0.0639 0.0176 0.0339 0.2225 0.4965 0.1656 
 758 0.0314 0.0252 0.0936 0.0714 0.6791 0.0994 
 759 0.0283 0.0404 0.0737 0.4817 0.1273 0.2486 
 760 0.0689 0.0209 0.1073 0.1781 0.3041 0.3207 
 761 0.0810 0.0212 0.0550 0.3583 0.1210 0.3636 
 762 0.0373 0.0139 0.0844 0.1005 0.3240 0.4399 
 763 0.1390 0.0289 0.0440 0.2577 0.2469 0.2835 
 764 0.1053 0.0173 0.0738 0.1547 0.4742 0.1747 
 765 0.2615 0.0162 0.0878 0.1029 0.1857 0.3460 
 766 0.1751 0.0148 0.0482 0.3059 0.3102 0.1458 
 767 0.0640 0.0192 0.0360 0.3027 0.4154 0.1628 
 768 0.0420 0.0142 0.0977 0.1016 0.2891 0.4553 
 769 0.0252 0.0228 0.0510 0.3163 0.1784 0.4063 
 770 0.0551 0.0164 0.0499 0.0951 0.3919 0.3917 
 771 0.0923 0.1845 0.0988 0.2643 0.2575 0.1026 
 772 0.0309 0.0663 0.0753 0.3150 0.3510 0.1615 
 773 0.3148 0.0162 0.0836 0.1348 0.3064 0.1443 
 774 0.1313 0.0200 0.0559 0.4813 0.1526 0.1590 
 775 0.0174 0.0154 0.0414 0.1780 0.2442 0.5036 
 776 0.0510 0.0194 0.0284 0.0930 0.6705 0.1377 
 777 0.0832 0.0571 0.0424 0.2030 0.4129 0.2014 
 778 0.2755 0.0304 0.0440 0.2610 0.2411 0.1479 
 779 0.0780 0.0182 0.0874 0.2080 0.4774 0.1310 
 780 0.0843 0.0149 0.0471 0.4317 0.2756 0.1463 
 781 0.5824 0.0415 0.0389 0.1610 0.0994 0.0768 
 782 0.0774 0.0186 0.0881 0.2039 0.4802 0.1317 
 783 0.0960 0.0161 0.0387 0.2705 0.3772 0.2015 
 784 0.0402 0.0189 0.0496 0.1510 0.5021 0.2382 
 785 0.0335 0.0243 0.1154 0.2493 0.4079 0.1696 
 786 0.0558 0.0194 0.0430 0.4305 0.2890 0.1623 
 787 0.1050 0.0288 0.0353 0.4632 0.2768 0.0909 
 788 0.0286 0.0371 0.1082 0.1656 0.4568 0.2037 
 789 0.0264 0.0164 0.0463 0.1654 0.5232 0.2224 
 790 0.0590 0.0168 0.0690 0.3553 0.2384 0.2615 
 791 0.0461 0.0174 0.0319 0.2221 0.5044 0.1781 
 792 0.0789 0.0539 0.1117 0.4380 0.2265 0.0911 
 793 0.0457 0.0480 0.0360 0.4973 0.1322 0.2407 
 794 0.0451 0.0222 0.0606 0.2509 0.3918 0.2296 
 795 0.0464 0.0225 0.0356 0.5424 0.1169 0.2361 
 796 0.0238 0.0249 0.0390 0.2623 0.5273 0.1227 
 797 0.0926 0.0367 0.0300 0.5601 0.1160 0.1645 
 798 0.0318 0.1451 0.0311 0.0597 0.2188 0.5134 
 799 0.0301 0.0301 0.1448 0.1341 0.4917 0.1692 
 800 0.0288 0.0903 0.0383 0.5655 0.2026 0.0744 
 801 0.0384 0.1225 0.0318 0.1115 0.2074 0.4885 
 802 0.0894 0.1210 0.0369 0.2824 0.1540 0.3163 
 803 0.0218 0.0460 0.0974 0.5081 0.1507 0.1759 
 804 0.0860 0.1199 0.1747 0.1893 0.1948 0.2352 
 805 0.0233 0.0242 0.0289 0.7165 0.1103 0.0968 
 806 0.0732 0.2819 0.0647 0.1338 0.1208 0.3256 
 807 0.0914 0.0515 0.0294 0.6271 0.0847 0.1159 
 808 0.0896 0.1180 0.0314 0.4611 0.1735 0.1264 
 809 0.0527 0.3967 0.0276 0.1109 0.1538 0.2583 
 810 0.0698 0.0267 0.0635 0.2607 0.2303 0.3489 
 811 0.0241 0.1667 0.0839 0.4726 0.1083 0.1444 
 812 0.0316 0.6361 0.0335 0.0568 0.1331 0.1090 
 813 0.0182 0.1336 0.0340 0.0700 0.2744 0.4698 
 814 0.1387 0.2029 0.0666 0.1105 0.3536 0.1278 
 815 0.0211 0.3464 0.0336 0.1979 0.1201 0.2809 
 816 0.0370 0.1014 0.0420 0.3594 0.2151 0.2452 
 817 0.0871 0.1201 0.0387 0.2845 0.1551 0.3146 
 818 0.0147 0.0275 0.0703 0.1389 0.5485 0.2001 
 819 0.0254 0.0231 0.5451 0.1933 0.1334 0.0796 
 820 0.0873 0.0375 0.1262 0.2321 0.3938 0.1231 
 821 0.0196 0.0158 0.1864 0.1678 0.4176 0.1927 
 822 0.0192 0.0189 0.6637 0.0508 0.0881 0.1594 
 823 0.0203 0.0176 0.0306 0.2743 0.3383 0.3189 
 824 0.0775 0.0203 0.1516 0.2201 0.3429 0.1876 
 825 0.0263 0.0215 0.1247 0.1035 0.4268 0.2973 
 826 0.0360 0.0171 0.0398 0.0740 0.7032 0.1299 
 827 0.0266 0.0163 0.0485 0.1012 0.2712 0.5363 
 828 0.0759 0.0159 0.0754 0.1346 0.1147 0.5835 
 829 0.0244 0.0514 0.0906 0.1638 0.2148 0.4550 
 830 0.0169 0.0141 0.2494 0.0716 0.1878 0.4602 
 831 0.0393 0.0202 0.5098 0.1310 0.0872 0.2125 
 832 0.0151 0.0832 0.1737 0.2103 0.2718 0.2459 
 833 0.0133 0.0447 0.0320 0.2352 0.3276 0.3472 
