   1 0.0054 0.0058 0.0143 0.0715 0.0719 0.0827 0.0944 0.2031 0.1255 0.3255 
   2 0.0041 0.0039 0.0063 0.0358 0.0840 0.3525 0.1660 0.1060 0.1413 0.1001 
   3 0.0060 0.0046 0.0067 0.0821 0.0853 0.1137 0.0584 0.1963 0.2855 0.1614 
   4 0.0121 0.0180 0.0224 0.0609 0.0897 0.1178 0.0825 0.3626 0.1326 0.1015 
   5 0.0048 0.0045 0.0105 0.0377 0.0878 0.1991 0.2639 0.1048 0.1742 0.1127 
   6 0.0065 0.0042 0.0091 0.0354 0.1046 0.1060 0.0745 0.1397 0.3494 0.1705 
   7 0.0055 0.0040 0.0072 0.0319 0.2785 0.0788 0.1269 0.1035 0.1811 0.1825 
   8 0.0177 0.0210 0.1135 0.0469 0.0937 0.1029 0.0745 0.1979 0.2055 0.1265 
   9 0.0079 0.0145 0.0067 0.0457 0.0889 0.2250 0.1144 0.1555 0.1809 0.1604 
  10 0.0067 0.0060 0.1075 0.0306 0.0979 0.1041 0.1120 0.1296 0.2119 0.1938 
  11 0.0043 0.0036 0.0067 0.0310 0.1436 0.0816 0.1559 0.0969 0.1445 0.3320 
  12 0.0051 0.0042 0.0064 0.0401 0.0951 0.1945 0.1956 0.1663 0.1737 0.1190 
  13 0.0063 0.0047 0.0076 0.0476 0.1276 0.1575 0.1345 0.1524 0.1916 0.1702 
  14 0.0041 0.0053 0.0197 0.0999 0.0598 0.2526 0.0811 0.1342 0.2012 0.1423 
  15 0.0052 0.0042 0.0087 0.0528 0.1024 0.1503 0.1163 0.2423 0.1784 0.1393 
  16 0.0044 0.0037 0.0068 0.0490 0.0919 0.0917 0.1171 0.1173 0.2006 0.3176 
  17 0.0087 0.0065 0.0077 0.0669 0.0767 0.1140 0.1415 0.1599 0.2736 0.1446 
  18 0.0087 0.0058 0.0081 0.0546 0.0696 0.2424 0.0724 0.1650 0.2009 0.1725 
  19 0.0056 0.0039 0.0062 0.0318 0.0944 0.1296 0.1098 0.1454 0.3018 0.1716 
  20 0.0047 0.0040 0.0066 0.0476 0.1356 0.1375 0.1783 0.1543 0.1965 0.1350 
  21 0.0047 0.0045 0.0130 0.0739 0.0715 0.1959 0.0964 0.2020 0.1237 0.2145 
  22 0.0076 0.0040 0.0072 0.0473 0.0725 0.1115 0.0777 0.1666 0.3038 0.2019 
  23 0.0078 0.0110 0.0152 0.0985 0.0745 0.2070 0.0901 0.2271 0.1568 0.1120 
  24 0.0047 0.0036 0.0070 0.0498 0.0756 0.1088 0.0936 0.2071 0.1241 0.3256 
  25 0.0052 0.0046 0.0076 0.0423 0.1326 0.1295 0.1413 0.0876 0.3236 0.1257 
  26 0.0068 0.0044 0.0065 0.0443 0.0868 0.1313 0.1375 0.2110 0.1784 0.1930 
  27 0.0056 0.0044 0.0071 0.0691 0.0817 0.1189 0.1490 0.1485 0.2064 0.2093 
  28 0.0052 0.0067 0.0572 0.0438 0.1178 0.1443 0.0654 0.2195 0.1324 0.2077 
  29 0.0040 0.0037 0.0060 0.0467 0.1309 0.1763 0.2038 0.1264 0.1420 0.1602 
  30 0.0052 0.0039 0.0063 0.0566 0.0689 0.1323 0.0956 0.1328 0.2342 0.2643 
  31 0.0125 0.0217 0.0992 0.0641 0.1138 0.1420 0.1321 0.1128 0.1199 0.1820 
  32 0.0046 0.0048 0.0137 0.0479 0.0706 0.1746 0.0755 0.2081 0.2956 0.1046 
  33 0.0049 0.0041 0.0059 0.0645 0.1222 0.1277 0.0788 0.1972 0.2192 0.1754 
  34 0.0062 0.0083 0.1030 0.0378 0.1372 0.0717 0.1528 0.1030 0.2726 0.1074 
  35 0.0105 0.0052 0.0060 0.1192 0.0697 0.1759 0.1719 0.1095 0.2002 0.1317 
  36 0.0046 0.0044 0.0089 0.1684 0.0706 0.1366 0.0666 0.1008 0.1008 0.3385 
  37 0.0064 0.0041 0.0076 0.0623 0.0839 0.2609 0.0763 0.1897 0.1701 0.1386 
  38 0.0054 0.0053 0.0065 0.0867 0.1273 0.1149 0.1312 0.0878 0.1609 0.2740 
  39 0.0069 0.0048 0.0069 0.0919 0.1275 0.1351 0.1381 0.1233 0.1747 0.1907 
  40 0.0039 0.0044 0.0070 0.2486 0.0615 0.1639 0.0803 0.1309 0.1496 0.1500 
  41 0.0069 0.0060 0.0085 0.2783 0.1074 0.0892 0.1060 0.0891 0.1566 0.1519 
  42 0.0045 0.0044 0.0067 0.1438 0.0653 0.0795 0.0889 0.2763 0.0788 0.2518 
  43 0.0069 0.0056 0.0121 0.2436 0.0885 0.1794 0.0814 0.1347 0.1427 0.1051 
  44 0.0067 0.0044 0.0057 0.2956 0.0769 0.1523 0.0762 0.0883 0.1950 0.0989 
  45 0.0049 0.0046 0.0060 0.1196 0.0837 0.2043 0.1335 0.0874 0.0836 0.2725 
  46 0.0084 0.0046 0.0061 0.0974 0.0986 0.1292 0.1243 0.1206 0.2755 0.1353 
  47 0.0179 0.0069 0.0139 0.0700 0.0829 0.1863 0.1197 0.1462 0.2099 0.1464 
  48 0.0075 0.0048 0.0058 0.3020 0.0613 0.1539 0.0884 0.0975 0.1917 0.0871 
  49 0.0077 0.0043 0.0068 0.1055 0.0737 0.1480 0.1835 0.1298 0.1396 0.2010 
  50 0.0091 0.0069 0.0518 0.0615 0.1392 0.1160 0.1007 0.1000 0.2772 0.1375 
  51 0.0040 0.0044 0.0078 0.3870 0.0649 0.1103 0.0666 0.0838 0.0798 0.1912 
  52 0.0079 0.0048 0.0062 0.1060 0.1313 0.0897 0.1521 0.1371 0.1578 0.2071 
  53 0.0072 0.0052 0.0250 0.0809 0.1142 0.1079 0.0671 0.1124 0.2477 0.2325 
  54 0.0081 0.0052 0.0076 0.0983 0.0788 0.2910 0.1269 0.1489 0.1238 0.1114 
  55 0.0060 0.0043 0.0065 0.2008 0.0750 0.2515 0.1036 0.1196 0.1344 0.0984 
  56 0.0062 0.0048 0.0059 0.1299 0.0639 0.1724 0.1318 0.1490 0.1886 0.1475 
  57 0.0139 0.0059 0.0164 0.0402 0.0850 0.0931 0.1471 0.2454 0.1956 0.1573 
  58 0.0048 0.0042 0.0067 0.1457 0.0799 0.1781 0.1488 0.1217 0.0975 0.2125 
  59 0.0049 0.0049 0.0062 0.1050 0.0751 0.1283 0.2028 0.1275 0.1046 0.2408 
  60 0.0043 0.0047 0.0145 0.2310 0.0782 0.1492 0.0659 0.1596 0.1065 0.1861 
  61 0.0038 0.0047 0.0072 0.1793 0.0699 0.3293 0.0886 0.1456 0.0740 0.0975 
  62 0.0092 0.0058 0.0061 0.0506 0.0954 0.1356 0.2669 0.1419 0.1427 0.1458 
  63 0.0039 0.0042 0.0066 0.0955 0.1389 0.2023 0.0814 0.1678 0.1360 0.1634 
  64 0.0062 0.0042 0.0058 0.0452 0.0786 0.1533 0.1630 0.0984 0.2403 0.2049 
  65 0.0057 0.0042 0.0065 0.0462 0.1878 0.1863 0.1501 0.0876 0.2167 0.1090 
  66 0.0048 0.0062 0.0139 0.0564 0.1152 0.2954 0.1040 0.1759 0.1057 0.1225 
  67 0.0053 0.0054 0.0065 0.1917 0.0847 0.2871 0.0953 0.0996 0.1250 0.0995 
  68 0.0060 0.0050 0.0070 0.1223 0.0764 0.1292 0.1538 0.1411 0.0959 0.2633 
  69 0.0062 0.0133 0.2113 0.0805 0.0679 0.0881 0.1274 0.0837 0.1486 0.1730 
  70 0.0043 0.0065 0.0131 0.2011 0.1376 0.1186 0.0741 0.1289 0.1280 0.1878 
  71 0.0052 0.0051 0.0088 0.1524 0.0828 0.1590 0.1761 0.0797 0.1052 0.2258 
  72 0.0056 0.0046 0.0093 0.1079 0.0802 0.1259 0.0756 0.0917 0.1852 0.3140 
  73 0.0052 0.0053 0.0099 0.1356 0.0905 0.2489 0.1937 0.0894 0.0937 0.1278 
  74 0.0041 0.0040 0.0063 0.1333 0.0669 0.1363 0.0671 0.1554 0.1024 0.3243 
  75 0.0052 0.0060 0.0116 0.1268 0.0566 0.1883 0.0858 0.1606 0.0829 0.2761 
  76 0.0050 0.0042 0.0065 0.1438 0.1534 0.2142 0.0704 0.1136 0.1686 0.1205 
  77 0.0045 0.0049 0.0058 0.1702 0.1299 0.1254 0.1402 0.0944 0.1128 0.2120 
  78 0.0054 0.0064 0.0067 0.1805 0.1175 0.1112 0.1279 0.0944 0.1342 0.2157 
  79 0.0045 0.0040 0.0075 0.0321 0.1769 0.1599 0.1094 0.1140 0.1726 0.2190 
  80 0.0048 0.0039 0.0085 0.0387 0.1212 0.1618 0.0641 0.3778 0.0914 0.1278 
  81 0.0050 0.0042 0.0090 0.0313 0.1627 0.1612 0.0620 0.3113 0.0952 0.1582 
  82 0.0045 0.0040 0.0075 0.0741 0.1007 0.1951 0.1766 0.1731 0.1213 0.1430 
  83 0.0045 0.0041 0.0097 0.0529 0.1606 0.1793 0.0574 0.2249 0.1530 0.1535 
  84 0.0042 0.0040 0.0083 0.0353 0.1706 0.1475 0.0730 0.2226 0.1573 0.1772 
  85 0.0043 0.0040 0.0099 0.0476 0.0856 0.1461 0.0703 0.2489 0.1877 0.1955 
  86 0.0064 0.0050 0.0066 0.0861 0.0889 0.2403 0.1588 0.1167 0.1726 0.1187 
  87 0.0049 0.0050 0.0161 0.0582 0.2709 0.1389 0.0811 0.1209 0.1336 0.1703 
  88 0.0047 0.0039 0.0075 0.0381 0.1497 0.1758 0.0940 0.2594 0.1021 0.1648 
  89 0.0051 0.0059 0.0184 0.0354 0.1162 0.2517 0.0720 0.2379 0.0954 0.1621 
  90 0.0044 0.0040 0.0073 0.0343 0.2546 0.1714 0.1033 0.1347 0.1318 0.1541 
  91 0.0044 0.0039 0.0093 0.0517 0.0901 0.1270 0.0585 0.3580 0.1388 0.1582 
  92 0.0045 0.0039 0.0075 0.0366 0.1404 0.1882 0.1174 0.1543 0.1374 0.2097 
  93 0.0044 0.0042 0.0619 0.0400 0.0666 0.1302 0.0749 0.3915 0.0915 0.1349 
  94 0.0045 0.0041 0.0087 0.0561 0.3455 0.0859 0.0547 0.1103 0.1407 0.1895 
  95 0.0045 0.0041 0.0072 0.0358 0.2691 0.1576 0.0792 0.2252 0.0948 0.1224 
  96 0.0044 0.0041 0.0081 0.1783 0.0758 0.2514 0.0845 0.2093 0.0818 0.1022 
  97 0.0047 0.0037 0.0067 0.0808 0.0587 0.2088 0.0886 0.1634 0.0876 0.2971 
  98 0.0038 0.0042 0.0062 0.1332 0.0794 0.2028 0.1148 0.1349 0.1376 0.1832 
  99 0.0043 0.0041 0.0085 0.0325 0.1901 0.1728 0.0777 0.2104 0.1383 0.1613 
 100 0.0047 0.0039 0.0076 0.0444 0.0617 0.2578 0.0734 0.3756 0.0796 0.0913 
 101 0.0059 0.0089 0.0443 0.0693 0.1692 0.1878 0.0884 0.1283 0.1297 0.1683 
 102 0.0055 0.0050 0.0097 0.0985 0.1134 0.1238 0.1089 0.2904 0.1317 0.1131 
 103 0.0045 0.0117 0.0282 0.0399 0.1340 0.3806 0.0724 0.1246 0.1151 0.0889 
 104 0.0046 0.0060 0.0170 0.0369 0.3548 0.1265 0.1081 0.1256 0.1241 0.0963 
 105 0.0051 0.0145 0.0358 0.0445 0.1790 0.2003 0.1877 0.1432 0.1031 0.0868 
 106 0.0042 0.0038 0.0056 0.0429 0.3365 0.0978 0.0943 0.0735 0.1715 0.1699 
 107 0.0054 0.0163 0.0203 0.0448 0.2136 0.2605 0.0963 0.1352 0.1156 0.0921 
 108 0.0040 0.0051 0.0082 0.1275 0.0707 0.2939 0.0737 0.1017 0.2083 0.1068 
 109 0.0051 0.0051 0.0115 0.0554 0.1476 0.1106 0.2807 0.0722 0.1509 0.1608 
 110 0.0045 0.0076 0.0085 0.0370 0.3538 0.0879 0.0911 0.0764 0.1536 0.1796 
 111 0.0062 0.0088 0.0088 0.0389 0.3232 0.1326 0.1784 0.1094 0.1086 0.0851 
 112 0.0044 0.0059 0.0069 0.0653 0.2877 0.0804 0.2452 0.0828 0.0982 0.1232 
 113 0.0048 0.0094 0.0111 0.0596 0.0905 0.2883 0.1063 0.1175 0.1506 0.1619 
 114 0.0045 0.0059 0.0193 0.0352 0.2876 0.1390 0.1601 0.1468 0.1057 0.0959 
 115 0.0051 0.0127 0.0070 0.1112 0.2263 0.1029 0.1717 0.1195 0.1513 0.0924 
 116 0.0054 0.0049 0.0060 0.1074 0.1854 0.1117 0.1535 0.0774 0.1510 0.1974 
 117 0.0060 0.0182 0.0108 0.0558 0.2356 0.0788 0.1859 0.0905 0.1399 0.1786 
 118 0.0047 0.0098 0.0065 0.0499 0.1169 0.2440 0.2584 0.1073 0.1099 0.0926 
 119 0.0041 0.0041 0.0093 0.2079 0.1086 0.1725 0.0584 0.2140 0.1182 0.1029 
 120 0.0049 0.0079 0.0090 0.0744 0.2192 0.1447 0.1867 0.1282 0.1306 0.0945 
 121 0.0079 0.0887 0.0105 0.1272 0.1816 0.0966 0.1625 0.0796 0.1264 0.1190 
 122 0.0043 0.0045 0.0129 0.0414 0.2506 0.1288 0.1518 0.0887 0.1491 0.1679 
 123 0.0047 0.0196 0.0103 0.0524 0.2892 0.1429 0.0953 0.1178 0.1379 0.1299 
 124 0.0078 0.0393 0.0072 0.0769 0.1487 0.1622 0.1172 0.0913 0.1747 0.1747 
 125 0.0049 0.0077 0.0082 0.0785 0.1001 0.0783 0.1821 0.0942 0.1683 0.2777 
 126 0.0038 0.0041 0.0067 0.0940 0.2280 0.1323 0.0789 0.1301 0.1218 0.2004 
 127 0.0049 0.0101 0.0071 0.0417 0.3808 0.1555 0.1137 0.1121 0.0966 0.0776 
 128 0.0042 0.0039 0.0061 0.0464 0.0981 0.2907 0.2505 0.1026 0.1004 0.0972 
 129 0.0058 0.0138 0.0203 0.0446 0.2239 0.2853 0.1219 0.0764 0.1210 0.0870 
 130 0.0053 0.0118 0.0198 0.0350 0.2423 0.1552 0.1785 0.1421 0.1118 0.0982 
 131 0.0079 0.0387 0.0145 0.0865 0.1695 0.1034 0.1176 0.0736 0.1526 0.2356 
 132 0.0045 0.0062 0.0115 0.0452 0.2820 0.1959 0.0930 0.0741 0.1389 0.1488 
 133 0.0074 0.0154 0.0132 0.0503 0.2380 0.2456 0.0836 0.1149 0.1374 0.0942 
 134 0.0040 0.0041 0.0057 0.0328 0.4313 0.0873 0.1247 0.0660 0.1100 0.1340 
 135 0.0054 0.0040 0.0072 0.0992 0.0545 0.1354 0.1439 0.3428 0.0749 0.1328 
 136 0.0053 0.0043 0.0181 0.0395 0.0521 0.1127 0.1132 0.4145 0.1289 0.1114 
 137 0.0047 0.0047 0.0180 0.0379 0.0619 0.0922 0.1094 0.4648 0.0856 0.1210 
 138 0.0046 0.0041 0.0092 0.0479 0.0554 0.0892 0.0574 0.5173 0.0813 0.1336 
 139 0.0041 0.0048 0.0153 0.0570 0.0562 0.3432 0.0937 0.1950 0.0963 0.1345 
 140 0.0047 0.0041 0.0297 0.0678 0.0796 0.1415 0.0916 0.2710 0.0917 0.2183 
 141 0.0058 0.0056 0.0985 0.0454 0.0566 0.1314 0.0954 0.2600 0.1408 0.1604 
 142 0.0053 0.0046 0.0275 0.1230 0.0560 0.1861 0.1115 0.2850 0.0769 0.1240 
 143 0.0039 0.0033 0.0073 0.0381 0.0496 0.0969 0.0593 0.5696 0.0747 0.0974 
 144 0.0043 0.0040 0.0083 0.0389 0.0608 0.0892 0.1071 0.5056 0.0767 0.1052 
 145 0.0058 0.0045 0.0168 0.0592 0.0565 0.1478 0.1297 0.2596 0.1453 0.1747 
 146 0.0061 0.0055 0.0169 0.0435 0.0861 0.0980 0.1022 0.3160 0.1150 0.2107 
 147 0.0046 0.0038 0.0151 0.0353 0.0506 0.0876 0.0633 0.5458 0.0827 0.1111 
 148 0.0049 0.0049 0.0941 0.0694 0.0703 0.1554 0.1110 0.2476 0.1355 0.1069 
 149 0.0047 0.0046 0.2027 0.0761 0.0521 0.1448 0.0878 0.1801 0.0811 0.1660 
 150 0.0053 0.0052 0.0179 0.0430 0.0813 0.1504 0.1400 0.3265 0.1009 0.1294 
 151 0.0048 0.0035 0.0072 0.0407 0.0651 0.1266 0.0792 0.4723 0.0840 0.1165 
 152 0.0051 0.0051 0.0242 0.1041 0.0593 0.1261 0.1054 0.2975 0.1731 0.1003 
 153 0.0044 0.0052 0.0210 0.0682 0.0652 0.0938 0.0707 0.4051 0.0883 0.1781 
 154 0.0051 0.0055 0.2653 0.0621 0.0517 0.1446 0.0947 0.1462 0.1163 0.1084 
 155 0.0047 0.0043 0.0096 0.0357 0.0707 0.1099 0.0622 0.5255 0.0849 0.0923 
 156 0.0039 0.0043 0.0075 0.0920 0.0655 0.1199 0.0881 0.4492 0.0746 0.0948 
 157 0.0043 0.0044 0.0190 0.0329 0.1173 0.1037 0.0629 0.4320 0.1091 0.1144 
 158 0.0057 0.0045 0.0167 0.0529 0.0541 0.1120 0.1373 0.2903 0.1375 0.1890 
 159 0.0050 0.0051 0.1269 0.0336 0.0513 0.0999 0.0744 0.4227 0.0808 0.1002 
 160 0.0057 0.0052 0.1279 0.0331 0.0522 0.1216 0.0879 0.3827 0.0811 0.1027 
 161 0.0041 0.0041 0.0145 0.0533 0.0664 0.1256 0.0790 0.3321 0.0962 0.2248 
 162 0.0075 0.0060 0.0170 0.0465 0.0889 0.1268 0.1124 0.2781 0.1211 0.1956 
 163 0.0040 0.0041 0.0088 0.0544 0.0641 0.0972 0.0643 0.5293 0.0765 0.0973 
 164 0.0067 0.0064 0.1631 0.0398 0.0795 0.1689 0.0948 0.1969 0.0980 0.1457 
 165 0.0052 0.0042 0.0082 0.0418 0.0778 0.1112 0.1430 0.4033 0.0866 0.1188 
 166 0.0045 0.0055 0.1691 0.0646 0.0957 0.1549 0.0586 0.2055 0.1310 0.1107 
 167 0.0072 0.0063 0.3408 0.0365 0.0660 0.0732 0.0791 0.1539 0.1350 0.1021 
 168 0.0048 0.0042 0.0094 0.0674 0.0567 0.0961 0.0691 0.4142 0.1152 0.1628 
 169 0.0059 0.0045 0.0142 0.0488 0.0528 0.0915 0.1355 0.2214 0.1262 0.2993 
 170 0.0042 0.0038 0.0079 0.0904 0.0653 0.1951 0.0735 0.3531 0.0850 0.1218 
 171 0.0048 0.0053 0.0144 0.0611 0.0573 0.1605 0.0786 0.3339 0.1546 0.1295 
 172 0.0047 0.0051 0.0496 0.0930 0.0502 0.1258 0.0905 0.2227 0.0781 0.2803 
 173 0.0052 0.0043 0.0174 0.0352 0.0531 0.1576 0.0782 0.4679 0.0855 0.0955 
 174 0.0048 0.0042 0.0178 0.0310 0.0662 0.1171 0.0747 0.4656 0.0931 0.1255 
 175 0.0050 0.0041 0.0087 0.0591 0.0530 0.1029 0.0703 0.4703 0.1271 0.0994 
 176 0.0046 0.0042 0.0082 0.0394 0.0605 0.0898 0.1079 0.5035 0.0776 0.1044 
 177 0.0050 0.0048 0.0185 0.0418 0.1166 0.1041 0.0755 0.3309 0.1147 0.1882 
 178 0.0051 0.0050 0.0231 0.0329 0.0682 0.1321 0.0832 0.3745 0.1573 0.1188 
 179 0.0046 0.0043 0.0685 0.0331 0.0530 0.1248 0.0552 0.4683 0.0866 0.1015 
 180 0.0067 0.0051 0.0606 0.0579 0.0676 0.0924 0.0972 0.2978 0.1055 0.2092 
 181 0.0053 0.0044 0.0144 0.0620 0.0558 0.1798 0.1024 0.3140 0.0923 0.1696 
 182 0.0056 0.0041 0.0088 0.0534 0.0514 0.1848 0.0937 0.4229 0.0768 0.0984 
 183 0.0048 0.0040 0.0156 0.0403 0.0528 0.1358 0.0638 0.4879 0.0878 0.1072 
 184 0.0053 0.0041 0.0061 0.0394 0.0719 0.3992 0.0908 0.1043 0.1917 0.0872 
 185 0.0041 0.0052 0.0078 0.1122 0.0452 0.1069 0.0720 0.4986 0.0662 0.0817 
 186 0.0050 0.0041 0.0064 0.0385 0.1146 0.4010 0.0730 0.0974 0.1535 0.1066 
 187 0.0040 0.0040 0.0097 0.0413 0.0710 0.3466 0.0684 0.2504 0.1150 0.0897 
 188 0.0049 0.0041 0.0062 0.0379 0.0867 0.4804 0.0710 0.0806 0.1429 0.0854 
 189 0.0044 0.0039 0.0083 0.0706 0.0670 0.1846 0.0609 0.2343 0.1932 0.1729 
 190 0.0039 0.0037 0.0066 0.1707 0.0494 0.3215 0.0849 0.2189 0.0662 0.0743 
 191 0.0038 0.0039 0.0067 0.0342 0.0636 0.4666 0.0976 0.1213 0.1096 0.0926 
 192 0.0040 0.0040 0.0068 0.0349 0.0880 0.3190 0.0820 0.2338 0.1270 0.1006 
 193 0.0043 0.0038 0.0069 0.0516 0.0699 0.2586 0.1350 0.2045 0.1363 0.1291 
 194 0.0042 0.0052 0.0079 0.0696 0.0830 0.3003 0.0722 0.2309 0.1110 0.1157 
 195 0.0040 0.0041 0.0074 0.0655 0.0491 0.3972 0.0550 0.2559 0.0728 0.0889 
 196 0.0038 0.0037 0.0066 0.0892 0.0640 0.3799 0.0937 0.1909 0.0883 0.0799 
 197 0.0055 0.0045 0.0083 0.0505 0.1005 0.2173 0.0974 0.2103 0.1956 0.1101 
 198 0.0039 0.0039 0.0077 0.0629 0.0887 0.2087 0.0925 0.1702 0.1654 0.1962 
 199 0.0045 0.0040 0.0067 0.1181 0.0708 0.3106 0.1087 0.1732 0.0908 0.1126 
 200 0.0040 0.0042 0.0070 0.0950 0.0621 0.3130 0.1082 0.1856 0.1308 0.0899 
 201 0.0040 0.0039 0.0078 0.0440 0.0541 0.3017 0.0654 0.3508 0.0859 0.0822 
 202 0.0039 0.0040 0.0068 0.0907 0.0674 0.1960 0.0844 0.3768 0.0748 0.0953 
 203 0.0039 0.0044 0.0081 0.0392 0.0537 0.3143 0.0728 0.3529 0.0804 0.0702 
 204 0.0039 0.0039 0.0067 0.0581 0.0521 0.5152 0.0626 0.1472 0.0704 0.0799 
 205 0.0040 0.0039 0.0070 0.0692 0.0677 0.4286 0.0798 0.1334 0.1025 0.1039 
 206 0.0043 0.0042 0.0074 0.0424 0.0511 0.5047 0.0625 0.1608 0.0802 0.0825 
 207 0.0038 0.0037 0.0060 0.0542 0.0688 0.4804 0.1086 0.1171 0.0787 0.0787 
 208 0.0039 0.0041 0.0079 0.0485 0.0591 0.3871 0.0854 0.2411 0.0823 0.0807 
 209 0.0040 0.0039 0.0068 0.0478 0.0667 0.3836 0.1164 0.1567 0.1128 0.1013 
 210 0.0038 0.0038 0.0065 0.0392 0.0600 0.4959 0.0682 0.1578 0.0833 0.0815 
 211 0.0048 0.0050 0.0058 0.0917 0.0840 0.1608 0.2392 0.2455 0.0893 0.0738 
 212 0.0040 0.0037 0.0073 0.0789 0.0505 0.1874 0.0739 0.3692 0.1046 0.1206 
 213 0.0040 0.0046 0.0066 0.1257 0.1091 0.2573 0.0828 0.1654 0.0826 0.1620 
 214 0.0039 0.0036 0.0064 0.0484 0.0538 0.2526 0.0893 0.3767 0.0860 0.0792 
 215 0.0039 0.0040 0.0067 0.0570 0.0728 0.4431 0.1114 0.1120 0.1063 0.0829 
 216 0.0055 0.0038 0.0063 0.0449 0.0734 0.3167 0.1041 0.1281 0.2115 0.1058 
 217 0.0042 0.0036 0.0069 0.0560 0.0535 0.3149 0.0689 0.3074 0.0964 0.0881 
 218 0.0041 0.0040 0.0067 0.0385 0.0790 0.4574 0.0754 0.1439 0.0923 0.0988 
 219 0.0062 0.0041 0.0079 0.0449 0.0658 0.2316 0.0671 0.2466 0.2086 0.1174 
 220 0.0037 0.0037 0.0066 0.0380 0.0600 0.5433 0.0735 0.1155 0.0783 0.0774 
 221 0.0040 0.0040 0.0067 0.1263 0.0492 0.1705 0.0699 0.4113 0.0728 0.0853 
 222 0.0057 0.0038 0.0071 0.0425 0.0735 0.2716 0.0775 0.1679 0.2281 0.1224 
 223 0.0042 0.0039 0.0096 0.0450 0.0702 0.2439 0.0740 0.3057 0.1359 0.1078 
 224 0.0041 0.0046 0.0079 0.0394 0.0527 0.3889 0.0635 0.2734 0.0838 0.0817 
 225 0.0038 0.0039 0.0067 0.0636 0.0606 0.4393 0.0757 0.1574 0.0931 0.0960 
 226 0.0053 0.0048 0.0084 0.0511 0.0705 0.2857 0.0959 0.1671 0.1869 0.1244 
 227 0.0041 0.0043 0.0089 0.1101 0.0742 0.3253 0.0733 0.2365 0.0752 0.0882 
 228 0.0042 0.0055 0.0075 0.1358 0.0460 0.3153 0.0734 0.2603 0.0672 0.0849 
 229 0.0042 0.0043 0.0071 0.0330 0.0598 0.3780 0.0604 0.2842 0.0865 0.0824 
 230 0.0040 0.0042 0.0067 0.0349 0.0573 0.4359 0.0730 0.2283 0.0807 0.0751 
 231 0.0039 0.0042 0.0075 0.0346 0.0533 0.3499 0.0800 0.2483 0.1182 0.1001 
 232 0.0045 0.0043 0.0066 0.0750 0.0831 0.2195 0.0856 0.2355 0.0839 0.2020 
 233 0.0041 0.0039 0.0071 0.0381 0.0548 0.2245 0.0836 0.4208 0.0870 0.0761 
 234 0.0038 0.0036 0.0070 0.0366 0.0719 0.2796 0.1091 0.2030 0.1687 0.1167 
 235 0.0044 0.0037 0.0077 0.0600 0.0694 0.2892 0.0762 0.2482 0.1173 0.1240 
 236 0.0039 0.0038 0.0064 0.0382 0.0614 0.2594 0.1002 0.3215 0.1164 0.0889 
 237 0.0040 0.0042 0.0063 0.0646 0.0602 0.4114 0.1217 0.1378 0.0919 0.0981 
 238 0.0038 0.0037 0.0066 0.0467 0.0681 0.2533 0.0811 0.3493 0.0965 0.0909 
 239 0.0041 0.0042 0.0075 0.0657 0.0486 0.3999 0.0554 0.2527 0.0721 0.0897 
 240 0.0038 0.0037 0.0064 0.0480 0.0679 0.2497 0.0817 0.3500 0.0969 0.0919 
 241 0.0048 0.0037 0.0077 0.0607 0.0586 0.2734 0.0798 0.3111 0.0871 0.1130 
 242 0.0044 0.0048 0.0078 0.0575 0.0634 0.3881 0.0530 0.1751 0.1251 0.1209 
 243 0.0039 0.0038 0.0064 0.0920 0.0531 0.3923 0.1041 0.1994 0.0747 0.0703 
 244 0.0040 0.0041 0.0067 0.0378 0.0520 0.3727 0.0776 0.2887 0.0812 0.0752 
 245 0.0038 0.0042 0.0075 0.0605 0.0630 0.1869 0.0627 0.4305 0.0809 0.1000 
 246 0.0041 0.0037 0.0070 0.0562 0.0533 0.3134 0.0688 0.3097 0.0950 0.0888 
 247 0.0037 0.0038 0.0064 0.0537 0.1503 0.3326 0.0777 0.0913 0.1410 0.1394 
 248 0.0038 0.0035 0.0059 0.0501 0.0818 0.4116 0.1422 0.1077 0.1025 0.0909 
 249 0.0040 0.0039 0.0065 0.0459 0.0609 0.3399 0.0832 0.2914 0.0846 0.0797 
 250 0.0041 0.0039 0.0067 0.0355 0.0691 0.3376 0.0927 0.2471 0.1143 0.0890 
 251 0.0044 0.0039 0.0072 0.0614 0.0758 0.2588 0.1209 0.1507 0.2028 0.1141 
 252 0.0042 0.0040 0.0075 0.0624 0.0631 0.3757 0.0627 0.2101 0.1001 0.1102 
 253 0.0040 0.0040 0.0067 0.0788 0.1011 0.2952 0.1022 0.1294 0.1321 0.1465 
 254 0.0056 0.0040 0.0066 0.0452 0.0660 0.3280 0.0772 0.1803 0.1894 0.0978 
 255 0.0041 0.0040 0.0074 0.0456 0.0710 0.3253 0.0912 0.2061 0.1250 0.1203 
 256 0.0042 0.0037 0.0068 0.0576 0.0591 0.3520 0.0905 0.2329 0.0951 0.0980 
 257 0.0060 0.0178 0.0089 0.0510 0.0760 0.3705 0.0986 0.1639 0.1041 0.1032 
 258 0.0038 0.0042 0.0071 0.1043 0.0792 0.2615 0.1256 0.1613 0.1290 0.1240 
 259 0.0044 0.0045 0.0072 0.0396 0.0664 0.4101 0.0912 0.1807 0.1080 0.0880 
 260 0.0052 0.0040 0.0067 0.0373 0.0683 0.1918 0.0774 0.3063 0.2075 0.0956 
 261 0.0039 0.0037 0.0072 0.0749 0.0571 0.2989 0.0667 0.2811 0.0974 0.1091 
 262 0.0040 0.0038 0.0067 0.1096 0.0485 0.3251 0.0723 0.2663 0.0768 0.0870 
 263 0.0054 0.0042 0.0060 0.0420 0.0593 0.4781 0.0800 0.1232 0.1275 0.0743 
 264 0.0064 0.0040 0.0059 0.0462 0.0787 0.2351 0.1090 0.0874 0.3086 0.1186 
 265 0.0041 0.0038 0.0073 0.0468 0.0683 0.3386 0.0791 0.2133 0.1300 0.1088 
 266 0.0040 0.0038 0.0064 0.0867 0.0491 0.2021 0.0725 0.4167 0.0723 0.0864 
 267 0.0041 0.0038 0.0067 0.0514 0.0699 0.2674 0.1350 0.2349 0.1187 0.1080 
 268 0.0037 0.0038 0.0067 0.0890 0.0638 0.3791 0.0947 0.1911 0.0879 0.0804 
 269 0.0041 0.0039 0.0076 0.0424 0.0664 0.2484 0.0712 0.2308 0.2054 0.1198 
 270 0.0057 0.0048 0.0116 0.0413 0.0834 0.3733 0.0916 0.1181 0.1599 0.1102 
 271 0.0042 0.0039 0.0070 0.0655 0.0788 0.3449 0.1336 0.1423 0.1179 0.1020 
 272 0.0053 0.0052 0.0083 0.0767 0.0730 0.2838 0.1213 0.1497 0.1665 0.1102 
 273 0.0186 0.0300 0.0306 0.0430 0.0979 0.2289 0.1022 0.1885 0.1221 0.1381 
 274 0.0042 0.0037 0.0071 0.0451 0.0760 0.3367 0.1044 0.1584 0.1456 0.1188 
 275 0.0073 0.0094 0.0267 0.0446 0.0629 0.3442 0.0992 0.1546 0.1468 0.1044 
 276 0.0050 0.0051 0.0073 0.0810 0.0835 0.3017 0.1334 0.1329 0.1347 0.1152 
 277 0.0043 0.0036 0.0076 0.0415 0.0678 0.2955 0.0765 0.2432 0.1364 0.1237 
 278 0.0039 0.0039 0.0064 0.0693 0.0670 0.3902 0.1248 0.1435 0.1081 0.0828 
 279 0.0043 0.0037 0.0067 0.0431 0.0678 0.3521 0.0984 0.1876 0.1274 0.1089 
 280 0.0042 0.0039 0.0068 0.0584 0.0619 0.2977 0.0824 0.1857 0.1381 0.1610 
 281 0.0043 0.0038 0.0071 0.0452 0.0964 0.3610 0.0926 0.1552 0.1030 0.1314 
 282 0.0040 0.0036 0.0069 0.0360 0.0636 0.2030 0.0771 0.3819 0.1266 0.0974 
 283 0.0042 0.0041 0.0082 0.0433 0.0672 0.2303 0.0632 0.4108 0.0906 0.0780 
 284 0.0038 0.0045 0.0132 0.0510 0.0786 0.2583 0.1186 0.2427 0.1298 0.0994 
 285 0.0041 0.0040 0.0060 0.0800 0.0787 0.3877 0.1309 0.0815 0.1043 0.1229 
 286 0.0041 0.0042 0.0067 0.0376 0.0525 0.3740 0.0777 0.2874 0.0811 0.0748 
 287 0.0042 0.0040 0.0077 0.0439 0.0972 0.2842 0.0719 0.2031 0.1258 0.1579 
 288 0.0048 0.0052 0.0079 0.0465 0.0700 0.4039 0.0861 0.1300 0.1463 0.0994 
 289 0.0067 0.0084 0.0108 0.0652 0.0901 0.3723 0.0977 0.1167 0.1417 0.0904 
 290 0.0062 0.0048 0.0060 0.0988 0.0669 0.2535 0.1234 0.1711 0.1469 0.1224 
 291 0.0042 0.0037 0.0068 0.0654 0.0787 0.3455 0.1346 0.1411 0.1184 0.1016 
 292 0.0042 0.0040 0.0070 0.1072 0.0567 0.2528 0.0695 0.2058 0.1149 0.1779 
 293 0.0050 0.0040 0.0058 0.1008 0.0680 0.1946 0.1464 0.1259 0.1943 0.1552 
 294 0.0055 0.0049 0.0064 0.0617 0.0612 0.4804 0.0667 0.1059 0.1250 0.0823 
 295 0.0052 0.0054 0.0281 0.0923 0.0868 0.2490 0.1288 0.1252 0.1423 0.1369 
 296 0.0041 0.0040 0.0068 0.0536 0.0816 0.4548 0.0931 0.1298 0.0850 0.0873 
 297 0.0043 0.0040 0.0069 0.0492 0.0690 0.3527 0.0760 0.1373 0.1376 0.1631 
 298 0.0041 0.0039 0.0070 0.0333 0.0724 0.2788 0.0739 0.3033 0.1255 0.0979 
 299 0.0060 0.0044 0.0068 0.0357 0.0639 0.4657 0.0623 0.1301 0.1399 0.0852 
 300 0.0038 0.0038 0.0060 0.0494 0.0583 0.5024 0.0787 0.0983 0.0836 0.1157 
 301 0.0052 0.0044 0.0115 0.0411 0.0644 0.3345 0.0994 0.1196 0.2224 0.0975 
 302 0.0061 0.0061 0.0127 0.0960 0.0577 0.4154 0.0856 0.1100 0.1284 0.0819 
 303 0.0042 0.0045 0.0068 0.0490 0.0559 0.3087 0.0703 0.2751 0.0926 0.1329 
 304 0.0059 0.0054 0.0148 0.0331 0.0916 0.1391 0.0897 0.3170 0.1849 0.1185 
 305 0.0040 0.0047 0.0138 0.0611 0.0493 0.4532 0.0673 0.1749 0.0812 0.0904 
 306 0.0043 0.0037 0.0074 0.0537 0.0596 0.2683 0.0710 0.3064 0.1147 0.1108 
 307 0.0045 0.0046 0.0078 0.0444 0.0683 0.2957 0.1022 0.2310 0.1321 0.1094 
 308 0.0040 0.0037 0.0072 0.0757 0.0567 0.2981 0.0663 0.2814 0.0981 0.1087 
 309 0.0125 0.0284 0.0198 0.0539 0.0796 0.4317 0.0888 0.1145 0.0908 0.0800 
 310 0.0040 0.0036 0.0065 0.0584 0.0519 0.4052 0.0856 0.2260 0.0800 0.0788 
 311 0.0040 0.0041 0.0067 0.0349 0.0572 0.4374 0.0727 0.2274 0.0810 0.0747 
 312 0.0037 0.0039 0.0067 0.0471 0.0652 0.5294 0.0776 0.1150 0.0781 0.0734 
 313 0.0040 0.0043 0.0068 0.1035 0.0615 0.4606 0.0916 0.0989 0.0867 0.0822 
 314 0.0046 0.0044 0.0949 0.0736 0.0506 0.1037 0.0611 0.4213 0.0783 0.1075 
 315 0.0041 0.0050 0.0867 0.0769 0.0536 0.0906 0.0561 0.4094 0.1077 0.1099 
 316 0.0061 0.0074 0.1954 0.0450 0.0577 0.0881 0.0591 0.3072 0.1174 0.1166 
 317 0.0050 0.0043 0.1017 0.0416 0.0515 0.0921 0.0624 0.4530 0.0825 0.1058 
 318 0.0045 0.0043 0.2292 0.0298 0.0513 0.0821 0.0557 0.3505 0.0849 0.1076 
 319 0.0044 0.0033 0.0075 0.0385 0.0488 0.0982 0.0640 0.5629 0.0748 0.0977 
 320 0.0046 0.0044 0.0952 0.0736 0.0499 0.1034 0.0605 0.4230 0.0784 0.1070 
 321 0.0046 0.0038 0.1985 0.0387 0.0515 0.0906 0.0614 0.3498 0.0849 0.1162 
 322 0.0067 0.0070 0.0684 0.0739 0.0583 0.1009 0.0640 0.3911 0.1130 0.1168 
 323 0.0119 0.0118 0.0667 0.0317 0.0523 0.0906 0.0570 0.4924 0.0849 0.1007 
 324 0.0045 0.0040 0.2014 0.0390 0.0513 0.0895 0.0607 0.3461 0.0855 0.1179 
 325 0.0046 0.0044 0.2718 0.0398 0.0551 0.0817 0.0566 0.2662 0.1100 0.1098 
 326 0.0052 0.0046 0.3790 0.0389 0.0552 0.0809 0.0561 0.1703 0.1026 0.1072 
 327 0.0050 0.0042 0.1023 0.0409 0.0519 0.0928 0.0614 0.4524 0.0823 0.1066 
 328 0.0042 0.0042 0.0819 0.0612 0.0558 0.1078 0.0640 0.3857 0.1162 0.1189 
 329 0.0040 0.0040 0.0167 0.0300 0.0504 0.0811 0.0556 0.5736 0.0810 0.1037 
 330 0.0050 0.0041 0.1028 0.0417 0.0510 0.0925 0.0616 0.4525 0.0816 0.1072 
 331 0.0045 0.0041 0.0653 0.0303 0.0504 0.0944 0.0578 0.5063 0.0810 0.1059 
 332 0.0063 0.0067 0.3688 0.0385 0.0560 0.0811 0.0564 0.1721 0.1055 0.1085 
 333 0.0056 0.0058 0.2809 0.0435 0.0552 0.1008 0.0595 0.2371 0.1034 0.1083 
 334 0.0046 0.0042 0.0836 0.0592 0.0554 0.1078 0.0635 0.3857 0.1165 0.1196 
 335 0.0045 0.0041 0.0305 0.0651 0.0555 0.0876 0.0603 0.4802 0.1079 0.1044 
 336 0.0069 0.0073 0.3247 0.0503 0.0505 0.0935 0.0551 0.2199 0.0811 0.1106 
 337 0.0042 0.0039 0.2402 0.0574 0.0553 0.0906 0.0624 0.2573 0.1100 0.1187 
 338 0.0046 0.0039 0.3533 0.0296 0.0510 0.0838 0.0550 0.2264 0.0832 0.1094 
 339 0.0043 0.0041 0.0664 0.0301 0.0508 0.0941 0.0573 0.5056 0.0818 0.1056 
 340 0.0046 0.0037 0.0237 0.0319 0.0498 0.0914 0.0562 0.5706 0.0744 0.0937 
 341 0.0087 0.0080 0.1474 0.0326 0.0523 0.0957 0.0634 0.4088 0.0793 0.1038 
 342 0.0051 0.0041 0.1032 0.0417 0.0508 0.0916 0.0614 0.4538 0.0823 0.1061 
 343 0.0098 0.0141 0.0665 0.1123 0.0550 0.0939 0.0613 0.3680 0.1101 0.1090 
 344 0.0043 0.0040 0.0639 0.0300 0.0508 0.0810 0.0556 0.5245 0.0816 0.1043 
 345 0.0050 0.0041 0.1021 0.0411 0.0515 0.0921 0.0616 0.4535 0.0821 0.1068 
 346 0.0051 0.0042 0.1178 0.0324 0.0508 0.0856 0.0576 0.4657 0.0818 0.0990 
 347 0.0042 0.0040 0.0228 0.0310 0.0497 0.0802 0.0552 0.5855 0.0752 0.0921 
 348 0.0039 0.0043 0.0264 0.1171 0.0527 0.0968 0.0592 0.4398 0.0985 0.1012 
 349 0.0050 0.0043 0.1021 0.0413 0.0515 0.0912 0.0616 0.4543 0.0822 0.1065 
 350 0.0044 0.0043 0.0158 0.0482 0.0483 0.1060 0.0611 0.5268 0.0785 0.1067 
 351 0.0044 0.0040 0.0292 0.0635 0.0553 0.0879 0.0605 0.4818 0.1090 0.1043 
 352 0.0047 0.0046 0.1289 0.0658 0.0557 0.0960 0.0640 0.3580 0.1109 0.1112 
 353 0.0067 0.0074 0.3264 0.0501 0.0504 0.0937 0.0551 0.2188 0.0802 0.1113 
 354 0.0065 0.0077 0.0702 0.0322 0.0530 0.0884 0.0589 0.4879 0.0843 0.1109 
 355 0.0048 0.0041 0.2263 0.0299 0.0513 0.0819 0.0558 0.3536 0.0850 0.1075 
 356 0.0036 0.0038 0.0079 0.1182 0.0523 0.0971 0.0586 0.4597 0.0978 0.1011 
 357 0.0042 0.0043 0.0110 0.0444 0.0604 0.0941 0.0685 0.3512 0.2148 0.1472 
 358 0.0041 0.0042 0.2735 0.0409 0.0557 0.0812 0.0572 0.2670 0.1058 0.1105 
 359 0.0046 0.0037 0.2403 0.0312 0.0509 0.1003 0.0581 0.3195 0.0814 0.1099 
 360 0.0051 0.0043 0.1203 0.0330 0.0513 0.0845 0.0574 0.4629 0.0810 0.1003 
 361 0.0040 0.0037 0.0090 0.0606 0.0606 0.1046 0.0755 0.3106 0.2127 0.1586 
 362 0.0047 0.0055 0.0157 0.0485 0.1226 0.2446 0.0619 0.1018 0.1891 0.2057 
 363 0.0064 0.0071 0.0087 0.0495 0.1811 0.1564 0.0807 0.0884 0.2269 0.1948 
 364 0.0133 0.0096 0.0131 0.0514 0.0866 0.1218 0.1228 0.2196 0.2128 0.1491 
 365 0.0122 0.0097 0.0101 0.0413 0.0897 0.1074 0.1411 0.0988 0.2011 0.2887 
 366 0.0056 0.0060 0.0090 0.1172 0.0625 0.1712 0.0996 0.1468 0.2232 0.1589 
 367 0.0045 0.0065 0.0064 0.0350 0.3833 0.0840 0.0676 0.0775 0.1504 0.1847 
 368 0.0044 0.0040 0.0076 0.0347 0.1475 0.2024 0.1470 0.1153 0.1555 0.1815 
 369 0.0059 0.0056 0.0256 0.1697 0.0701 0.1426 0.0840 0.1523 0.2113 0.1327 
 370 0.0094 0.0244 0.0182 0.0403 0.1529 0.2019 0.1486 0.1109 0.1625 0.1308 
 371 0.0086 0.0094 0.0217 0.0529 0.0776 0.2072 0.1077 0.1257 0.2601 0.1291 
 372 0.0272 0.0283 0.0234 0.0430 0.1407 0.2670 0.1177 0.1263 0.0967 0.1296 
 373 0.0050 0.0039 0.0075 0.0427 0.2417 0.1380 0.0925 0.1573 0.1291 0.1822 
 374 0.0057 0.0066 0.0100 0.0465 0.0881 0.1389 0.1559 0.2087 0.1900 0.1497 
 375 0.0131 0.0093 0.0107 0.0329 0.1562 0.1368 0.1055 0.0898 0.2714 0.1742 
 376 0.0936 0.0075 0.0087 0.0387 0.1196 0.0757 0.0681 0.0855 0.2659 0.2367 
 377 0.0058 0.0075 0.0199 0.0569 0.0925 0.1772 0.1373 0.1088 0.1714 0.2228 
 378 0.0048 0.0047 0.0219 0.0469 0.2832 0.1243 0.0913 0.1929 0.0926 0.1374 
 379 0.1584 0.0163 0.0093 0.0416 0.1365 0.0905 0.0712 0.0773 0.2308 0.1681 
 380 0.0093 0.0083 0.0122 0.0624 0.0622 0.1188 0.0702 0.1478 0.1319 0.3769 
 381 0.0086 0.0065 0.0080 0.0972 0.0563 0.0964 0.0697 0.1438 0.2309 0.2828 
 382 0.0038 0.0040 0.0117 0.0311 0.1229 0.1028 0.0824 0.0951 0.4156 0.1306 
 383 0.0097 0.0186 0.1628 0.0346 0.0600 0.1184 0.0777 0.1048 0.1516 0.2618 
 384 0.0391 0.0288 0.0545 0.0356 0.1064 0.1004 0.0870 0.1365 0.2260 0.1858 
 385 0.0056 0.0066 0.1253 0.0315 0.0665 0.0949 0.2744 0.1262 0.1374 0.1317 
 386 0.0037 0.0039 0.0064 0.0394 0.1750 0.1175 0.0778 0.0913 0.2467 0.2383 
 387 0.0044 0.0041 0.0068 0.0424 0.1548 0.0950 0.1115 0.1114 0.2518 0.2180 
 388 0.0120 0.0095 0.0162 0.0339 0.0877 0.1175 0.1751 0.2041 0.1650 0.1791 
 389 0.0086 0.0112 0.0190 0.0766 0.0830 0.1687 0.3119 0.0969 0.1280 0.0960 
 390 0.0155 0.0261 0.0151 0.0848 0.2107 0.0944 0.0812 0.0864 0.1456 0.2401 
 391 0.0100 0.0104 0.0120 0.0720 0.1137 0.1192 0.2742 0.1288 0.1347 0.1251 
 392 0.0065 0.0042 0.0071 0.0448 0.1385 0.1184 0.0669 0.1599 0.1578 0.2960 
 393 0.0063 0.0055 0.0090 0.0691 0.0654 0.0803 0.0626 0.1198 0.1147 0.4674 
 394 0.0043 0.0044 0.0241 0.0472 0.1654 0.1263 0.0684 0.2112 0.1472 0.2015 
 395 0.0039 0.0039 0.0058 0.0645 0.1244 0.2407 0.0833 0.1060 0.1353 0.2322 
 396 0.0048 0.0038 0.0057 0.0333 0.1871 0.1252 0.1137 0.0804 0.2505 0.1955 
 397 0.0572 0.0050 0.0076 0.0449 0.0691 0.2655 0.0703 0.1705 0.1950 0.1150 
 398 0.0332 0.0048 0.0070 0.0400 0.2287 0.0830 0.0607 0.0837 0.1242 0.3347 
 399 0.0044 0.0054 0.0129 0.0561 0.3301 0.1248 0.1091 0.0938 0.1393 0.1242 
 400 0.0053 0.0038 0.0065 0.0434 0.2053 0.0927 0.0818 0.1226 0.2327 0.2058 
 401 0.0040 0.0037 0.0064 0.0731 0.2869 0.1151 0.0857 0.1339 0.0984 0.1927 
 402 0.0057 0.0046 0.0081 0.0944 0.1578 0.1233 0.1087 0.1251 0.1398 0.2324 
 403 0.0059 0.0047 0.0083 0.0451 0.0749 0.1225 0.1389 0.2895 0.1180 0.1922 
 404 0.0060 0.0047 0.0061 0.0388 0.0915 0.1690 0.1666 0.1515 0.1966 0.1691 
 405 0.0038 0.0037 0.0073 0.0585 0.0880 0.1679 0.0870 0.1261 0.2166 0.2410 
 406 0.0041 0.0047 0.0065 0.1618 0.0658 0.1384 0.0650 0.1703 0.1683 0.2152 
 407 0.0038 0.0034 0.0057 0.0331 0.0981 0.1015 0.0799 0.0780 0.1898 0.4066 
 408 0.0037 0.0039 0.0058 0.0899 0.3293 0.1944 0.0792 0.0744 0.0917 0.1275 
 409 0.0078 0.0131 0.0095 0.1156 0.0751 0.0997 0.0688 0.2277 0.0902 0.2925 
 410 0.0667 0.0095 0.0101 0.0506 0.1751 0.1110 0.0863 0.1256 0.1283 0.2370 
 411 0.0119 0.0059 0.0377 0.0847 0.1119 0.0907 0.0641 0.1337 0.2725 0.1868 
 412 0.0045 0.0040 0.0074 0.0338 0.1772 0.1989 0.1015 0.1056 0.1763 0.1909 
 413 0.0042 0.0047 0.0191 0.0366 0.1843 0.1683 0.0791 0.1681 0.1560 0.1797 
 414 0.0039 0.0058 0.0122 0.0315 0.1935 0.1856 0.1485 0.0747 0.2295 0.1147 
 415 0.0047 0.0038 0.0063 0.0838 0.1279 0.1167 0.0816 0.0994 0.2590 0.2168 
 416 0.0051 0.0047 0.0067 0.0774 0.1623 0.1127 0.1257 0.1286 0.1118 0.2649 
 417 0.0053 0.0060 0.0091 0.0506 0.1507 0.1084 0.0667 0.0875 0.2171 0.2986 
 418 0.0054 0.0040 0.0064 0.0303 0.2927 0.1143 0.0897 0.0920 0.1909 0.1742 
 419 0.0084 0.0114 0.0101 0.0511 0.1133 0.1162 0.1069 0.2060 0.1254 0.2511 
 420 0.0038 0.0039 0.0058 0.1293 0.2877 0.1184 0.0718 0.0882 0.1015 0.1896 
 421 0.0054 0.0061 0.0085 0.0432 0.1870 0.1486 0.0818 0.0886 0.1246 0.3061 
 422 0.0050 0.0039 0.0067 0.0599 0.0851 0.2365 0.0813 0.0952 0.0924 0.3338 
 423 0.0060 0.0045 0.0063 0.0528 0.1201 0.1502 0.0847 0.1306 0.3019 0.1429 
 424 0.0062 0.0090 0.0088 0.1253 0.1649 0.0849 0.1297 0.1284 0.1845 0.1584 
 425 0.0139 0.0118 0.0096 0.0385 0.0902 0.1073 0.1828 0.1509 0.2277 0.1672 
 426 0.0211 0.0252 0.0303 0.0479 0.1817 0.1048 0.1131 0.1303 0.1923 0.1532 
 427 0.0045 0.0054 0.0183 0.0365 0.1845 0.0807 0.0560 0.1417 0.1449 0.3275 
 428 0.0160 0.0063 0.0091 0.0738 0.0769 0.1385 0.0734 0.1667 0.1189 0.3205 
 429 0.0049 0.0040 0.0062 0.0345 0.2454 0.0953 0.0590 0.0776 0.2705 0.2026 
 430 0.0044 0.0043 0.0077 0.0481 0.0933 0.1121 0.0639 0.0827 0.1489 0.4346 
 431 0.0075 0.0145 0.0176 0.0434 0.1611 0.1543 0.1339 0.1350 0.2226 0.1101 
 432 0.0045 0.0039 0.0073 0.0379 0.1685 0.1718 0.1207 0.1192 0.1407 0.2255 
 433 0.0063 0.0058 0.0087 0.0513 0.1010 0.1690 0.1068 0.2870 0.1412 0.1228 
 434 0.0047 0.0042 0.0081 0.0556 0.0803 0.1938 0.1028 0.1340 0.1983 0.2182 
 435 0.0041 0.0038 0.0067 0.0519 0.1429 0.0785 0.0632 0.0822 0.1830 0.3838 
 436 0.0056 0.0046 0.0074 0.0875 0.1887 0.0624 0.0589 0.1142 0.2406 0.2302 
 437 0.0055 0.0037 0.0068 0.0395 0.0796 0.0928 0.0731 0.0925 0.4403 0.1663 
 438 0.0049 0.0049 0.0088 0.1361 0.1377 0.0906 0.0669 0.1116 0.1269 0.3116 
 439 0.0040 0.0036 0.0076 0.0425 0.1030 0.0638 0.0610 0.0929 0.1537 0.4680 
 440 0.0037 0.0038 0.0061 0.0528 0.1610 0.0746 0.0718 0.0733 0.3299 0.2230 
 441 0.0042 0.0039 0.0093 0.0500 0.0767 0.0831 0.0710 0.1235 0.1628 0.4156 
 442 0.0053 0.0040 0.0057 0.0548 0.1368 0.0945 0.1767 0.0872 0.2305 0.2045 
 443 0.0040 0.0044 0.0064 0.1492 0.2764 0.0820 0.0856 0.0787 0.1319 0.1814 
 444 0.0050 0.0039 0.0061 0.0753 0.1134 0.0851 0.1548 0.0869 0.2834 0.1861 
 445 0.0315 0.0057 0.0072 0.0691 0.0687 0.0931 0.0612 0.1480 0.1007 0.4148 
 446 0.0391 0.0051 0.0080 0.0364 0.2496 0.0626 0.0627 0.0877 0.1117 0.3372 
 447 0.0052 0.0043 0.0074 0.0998 0.0795 0.0786 0.1640 0.1321 0.1832 0.2460 
 448 0.0042 0.0036 0.0070 0.0500 0.1056 0.0904 0.0926 0.0915 0.2222 0.3329 
 449 0.0042 0.0037 0.0072 0.0501 0.0892 0.1016 0.0935 0.1217 0.2231 0.3056 
 450 0.0059 0.0039 0.0077 0.0295 0.0889 0.0689 0.0893 0.1275 0.2419 0.3365 
 451 0.0042 0.0040 0.0062 0.0484 0.2902 0.1011 0.1193 0.0738 0.2226 0.1301 
 452 0.0048 0.0035 0.0069 0.0331 0.1503 0.0779 0.0690 0.1218 0.1752 0.3576 
 453 0.0039 0.0043 0.0070 0.1921 0.1128 0.1425 0.1113 0.1024 0.1099 0.2136 
 454 0.0042 0.0042 0.0166 0.0495 0.1155 0.1069 0.0648 0.1174 0.2627 0.2583 
 455 0.0041 0.0045 0.0080 0.0913 0.1292 0.0652 0.0704 0.0828 0.1891 0.3553 
 456 0.0047 0.0043 0.0064 0.1465 0.1264 0.0835 0.0875 0.0829 0.2242 0.2337 
 457 0.0047 0.0034 0.0070 0.0448 0.0740 0.0779 0.0784 0.0962 0.3025 0.3112 
 458 0.0333 0.0046 0.0073 0.0356 0.1164 0.0800 0.0614 0.0894 0.1132 0.4588 
 459 0.0042 0.0041 0.0079 0.0491 0.1422 0.0602 0.0703 0.1558 0.1789 0.3274 
 460 0.0042 0.0038 0.0073 0.0467 0.2315 0.0666 0.0644 0.0833 0.1822 0.3100 
 461 0.0052 0.0039 0.0068 0.0299 0.3043 0.0629 0.0733 0.0881 0.1956 0.2301 
 462 0.0068 0.0073 0.0075 0.0703 0.0896 0.1111 0.1799 0.0681 0.2095 0.2500 
 463 0.0038 0.0043 0.0078 0.2220 0.0686 0.1270 0.0623 0.0946 0.1652 0.2445 
 464 0.0038 0.0040 0.0063 0.0905 0.2530 0.0725 0.0708 0.0834 0.1626 0.2531 
 465 0.0055 0.0044 0.0069 0.0579 0.1785 0.1018 0.0925 0.0896 0.1518 0.3112 
 466 0.0037 0.0038 0.0063 0.1437 0.1681 0.1065 0.0778 0.0834 0.1595 0.2472 
 467 0.0045 0.0054 0.0087 0.0582 0.0898 0.1250 0.0727 0.1008 0.1649 0.3700 
 468 0.0043 0.0040 0.0065 0.1083 0.0701 0.0760 0.0694 0.0826 0.3142 0.2646 
 469 0.0041 0.0040 0.0075 0.0574 0.0706 0.0593 0.0589 0.0854 0.1821 0.4708 
 470 0.0041 0.0036 0.0069 0.0478 0.1906 0.0663 0.0609 0.0857 0.1780 0.3561 
 471 0.0050 0.0041 0.0062 0.1072 0.1645 0.1228 0.1416 0.0907 0.1522 0.2059 
 472 0.0049 0.0043 0.0065 0.0718 0.0943 0.0964 0.1086 0.0849 0.1683 0.3602 
 473 0.0042 0.0036 0.0084 0.0603 0.0826 0.1245 0.0828 0.1175 0.2341 0.2819 
 474 0.0043 0.0038 0.0065 0.0561 0.1416 0.0867 0.0683 0.1150 0.1627 0.3551 
 475 0.0044 0.0043 0.0068 0.0523 0.1918 0.1049 0.0866 0.1381 0.1403 0.2705 
 476 0.0052 0.0043 0.0071 0.0657 0.1074 0.0726 0.0626 0.0924 0.3325 0.2503 
 477 0.0052 0.0046 0.0078 0.0717 0.1766 0.0720 0.1335 0.1146 0.1940 0.2200 
 478 0.0058 0.0048 0.0078 0.0441 0.3609 0.0625 0.1267 0.0831 0.1294 0.1749 
 479 0.0040 0.0037 0.0067 0.0425 0.1391 0.0669 0.0714 0.0825 0.3120 0.2712 
 480 0.0046 0.0036 0.0069 0.0412 0.1107 0.0736 0.0585 0.0909 0.3452 0.2649 
 481 0.0044 0.0038 0.0057 0.0417 0.1025 0.1443 0.1904 0.0879 0.1755 0.2438 
 482 0.0049 0.0039 0.0061 0.0344 0.2017 0.0711 0.0584 0.0829 0.2941 0.2425 
 483 0.0048 0.0045 0.0085 0.0485 0.1495 0.0654 0.0681 0.0962 0.1587 0.3956 
 484 0.0045 0.0039 0.0077 0.1180 0.0703 0.0998 0.0882 0.0890 0.1295 0.3892 
 485 0.0048 0.0051 0.0087 0.0723 0.1538 0.0676 0.0605 0.0844 0.2112 0.3316 
 486 0.0060 0.0059 0.0078 0.0922 0.1345 0.1761 0.2031 0.1079 0.1703 0.0962 
 487 0.0061 0.0045 0.0100 0.0577 0.0943 0.1041 0.2210 0.1843 0.1943 0.1236 
 488 0.0059 0.0050 0.0095 0.0447 0.1030 0.1135 0.3008 0.1680 0.1406 0.1090 
 489 0.0062 0.0063 0.0091 0.1081 0.0650 0.1619 0.1309 0.1816 0.2194 0.1115 
 490 0.0047 0.0044 0.0062 0.0942 0.2222 0.1061 0.1698 0.0829 0.1870 0.1223 
 491 0.0049 0.0046 0.0078 0.0521 0.0591 0.2367 0.2477 0.1647 0.1106 0.1117 
 492 0.0046 0.0054 0.0085 0.0705 0.1281 0.1092 0.1691 0.2853 0.0990 0.1204 
 493 0.0061 0.0112 0.0090 0.0470 0.0836 0.1286 0.3209 0.1397 0.1707 0.0831 
 494 0.0125 0.0051 0.0069 0.0624 0.0784 0.1513 0.2245 0.1673 0.1736 0.1178 
 495 0.0121 0.0185 0.0089 0.0896 0.1167 0.0725 0.2594 0.1938 0.1328 0.0957 
 496 0.0045 0.0049 0.0085 0.0752 0.0814 0.1984 0.0750 0.2775 0.1266 0.1480 
 497 0.0080 0.0130 0.0121 0.0426 0.0554 0.1726 0.3014 0.1630 0.1314 0.1005 
 498 0.0063 0.0180 0.0078 0.1079 0.0982 0.1218 0.2427 0.1208 0.1666 0.1099 
 499 0.0103 0.0061 0.0098 0.0622 0.0733 0.1558 0.1688 0.2329 0.1620 0.1187 
 500 0.0086 0.0050 0.0071 0.0514 0.0750 0.1733 0.1339 0.1334 0.3081 0.1041 
 501 0.0068 0.0044 0.0070 0.0366 0.1028 0.1298 0.1195 0.2387 0.2032 0.1513 
 502 0.0053 0.0039 0.0073 0.0319 0.1120 0.0929 0.2118 0.2717 0.1053 0.1578 
 503 0.0053 0.0040 0.0065 0.0433 0.0979 0.1236 0.1315 0.1074 0.2282 0.2523 
 504 0.0055 0.0046 0.0069 0.0650 0.1321 0.1038 0.3088 0.1098 0.1269 0.1368 
 505 0.0057 0.0051 0.0061 0.0753 0.0970 0.2110 0.1943 0.1699 0.1302 0.1054 
 506 0.0051 0.0041 0.0072 0.0435 0.1415 0.1542 0.1945 0.2257 0.1020 0.1223 
 507 0.0053 0.0045 0.0086 0.0888 0.0546 0.1996 0.0660 0.3721 0.0854 0.1150 
 508 0.0085 0.0074 0.0110 0.1104 0.0677 0.1243 0.1050 0.3934 0.0887 0.0835 
 509 0.0052 0.0042 0.0067 0.0678 0.0826 0.2187 0.1550 0.2269 0.1106 0.1223 
 510 0.0094 0.0052 0.0065 0.0472 0.0856 0.1079 0.1108 0.3002 0.2190 0.1083 
 511 0.0071 0.0051 0.0066 0.0564 0.1682 0.1401 0.1336 0.1168 0.2225 0.1436 
 512 0.0053 0.0038 0.0058 0.0322 0.1748 0.1156 0.1247 0.0909 0.3043 0.1426 
 513 0.0052 0.0156 0.0075 0.0728 0.0650 0.1236 0.4462 0.1261 0.0702 0.0679 
 514 0.0055 0.0047 0.0110 0.0468 0.2869 0.1411 0.1117 0.1433 0.1236 0.1254 
 515 0.0073 0.0044 0.0076 0.0971 0.0800 0.1004 0.1059 0.2179 0.1735 0.2059 
 516 0.0065 0.0097 0.0071 0.0829 0.1834 0.1885 0.1538 0.1246 0.1064 0.1372 
 517 0.0054 0.0044 0.0085 0.1280 0.1278 0.1363 0.0736 0.1895 0.1563 0.1701 
 518 0.0442 0.0053 0.0086 0.0357 0.0777 0.2058 0.0941 0.2106 0.2132 0.1049 
 519 0.0045 0.0074 0.0068 0.0504 0.2598 0.1105 0.1351 0.1475 0.1305 0.1474 
 520 0.0053 0.0046 0.0084 0.1602 0.0642 0.1326 0.0665 0.2400 0.1570 0.1613 
 521 0.0043 0.0061 0.1197 0.0473 0.1240 0.2359 0.0686 0.1813 0.1226 0.0903 
 522 0.0117 0.0052 0.0076 0.1675 0.0994 0.0947 0.0808 0.1266 0.2803 0.1260 
 523 0.0056 0.0058 0.0155 0.2373 0.1059 0.1337 0.0671 0.1881 0.1269 0.1143 
 524 0.0058 0.0049 0.0085 0.1093 0.1068 0.1314 0.0703 0.1566 0.1832 0.2232 
 525 0.0511 0.0053 0.0096 0.0740 0.0688 0.1539 0.0699 0.2202 0.1651 0.1822 
 526 0.0046 0.0041 0.0073 0.2133 0.0620 0.1527 0.0562 0.1203 0.1335 0.2460 
