   1 0.0053 0.0076 0.0140 0.0435 0.0882 0.1147 0.1562 0.1095 0.1176 0.3434 
   2 0.0038 0.0051 0.0194 0.3469 0.0635 0.0734 0.0901 0.1395 0.1462 0.1121 
   3 0.0055 0.0096 0.0103 0.0560 0.1042 0.0861 0.1834 0.1115 0.2823 0.1512 
   4 0.0116 0.0112 0.0145 0.0644 0.0842 0.2649 0.2050 0.1235 0.1262 0.0947 
   5 0.0053 0.0053 0.0295 0.1768 0.0799 0.0923 0.0869 0.1808 0.2081 0.1352 
   6 0.0061 0.0060 0.0111 0.0665 0.0602 0.1208 0.0741 0.1570 0.3206 0.1777 
   7 0.0055 0.0070 0.0144 0.0446 0.0495 0.0757 0.0905 0.3489 0.1844 0.1797 
   8 0.0242 0.0117 0.0136 0.0569 0.0654 0.1911 0.1568 0.1239 0.2278 0.1286 
   9 0.0081 0.0073 0.0238 0.1673 0.0658 0.0804 0.1558 0.1337 0.1866 0.1711 
  10 0.0071 0.0064 0.0139 0.0556 0.0467 0.1776 0.0983 0.1391 0.2268 0.2286 
  11 0.0041 0.0070 0.0166 0.0483 0.0462 0.0642 0.0871 0.2326 0.1405 0.3535 
  12 0.0050 0.0052 0.0188 0.1463 0.0829 0.1226 0.1101 0.1914 0.1828 0.1349 
  13 0.0060 0.0055 0.0208 0.0894 0.0777 0.0904 0.1431 0.2099 0.1770 0.1802 
  14 0.0042 0.0091 0.0120 0.1095 0.1691 0.1227 0.1186 0.0949 0.2127 0.1473 
  15 0.0050 0.0131 0.0145 0.0900 0.0873 0.1790 0.1543 0.1563 0.1702 0.1303 
  16 0.0042 0.0067 0.0153 0.0457 0.0662 0.0764 0.1179 0.1319 0.2012 0.3345 
  17 0.0083 0.0068 0.0224 0.0674 0.1160 0.1094 0.1173 0.1220 0.2722 0.1582 
  18 0.0077 0.0127 0.0122 0.1975 0.0769 0.1304 0.1030 0.0958 0.1948 0.1690 
  19 0.0050 0.0059 0.0127 0.0864 0.0498 0.0948 0.1117 0.1443 0.2981 0.1912 
  20 0.0046 0.0109 0.0168 0.1008 0.0761 0.1218 0.1054 0.2276 0.2006 0.1354 
  21 0.0044 0.0068 0.0119 0.0914 0.1150 0.1821 0.1261 0.1058 0.1249 0.2316 
  22 0.0071 0.0056 0.0125 0.0567 0.0715 0.0931 0.1479 0.1127 0.2839 0.2090 
  23 0.0074 0.0144 0.0279 0.1099 0.1185 0.1027 0.2515 0.1058 0.1583 0.1036 
  24 0.0044 0.0065 0.0137 0.0541 0.0698 0.1055 0.1864 0.1119 0.1120 0.3356 
  25 0.0053 0.0086 0.0167 0.0858 0.0667 0.0664 0.0745 0.2216 0.3297 0.1246 
  26 0.0067 0.0080 0.0147 0.0928 0.0722 0.1578 0.1243 0.1442 0.1722 0.2070 
  27 0.0053 0.0061 0.0172 0.0585 0.1134 0.1052 0.1204 0.1312 0.2177 0.2249 
  28 0.0050 0.0063 0.0129 0.0706 0.0675 0.2615 0.1015 0.1449 0.1230 0.2068 
  29 0.0038 0.0053 0.0204 0.1009 0.0782 0.0729 0.1425 0.2413 0.1547 0.1801 
  30 0.0050 0.0063 0.0134 0.0744 0.0823 0.0767 0.1233 0.1156 0.2186 0.2843 
  31 0.0178 0.0067 0.0207 0.0719 0.1122 0.1461 0.0973 0.1959 0.1208 0.2105 
  32 0.0044 0.0084 0.0110 0.1086 0.0667 0.1331 0.1541 0.0993 0.3114 0.1031 
  33 0.0047 0.0069 0.0122 0.0675 0.0771 0.0800 0.2063 0.1606 0.2225 0.1621 
  34 0.0070 0.0084 0.0285 0.0464 0.0489 0.1394 0.0735 0.1927 0.3358 0.1193 
  35 0.0102 0.0056 0.0339 0.0896 0.2049 0.0641 0.1091 0.1118 0.2156 0.1550 
  36 0.0043 0.0299 0.0121 0.0683 0.1948 0.0620 0.1108 0.1005 0.0947 0.3224 
  37 0.0059 0.0058 0.0119 0.1194 0.1094 0.1040 0.2162 0.1142 0.1710 0.1421 
  38 0.0052 0.1589 0.0253 0.0706 0.0812 0.0550 0.0871 0.1950 0.1302 0.1915 
  39 0.0069 0.0116 0.0225 0.0738 0.1495 0.0823 0.0974 0.1903 0.1695 0.1961 
  40 0.0039 0.0094 0.0129 0.0828 0.2352 0.0766 0.1891 0.0880 0.1455 0.1566 
  41 0.0066 0.0105 0.0251 0.0516 0.2443 0.0529 0.1203 0.1553 0.1640 0.1693 
  42 0.0042 0.0180 0.0190 0.0433 0.1089 0.0783 0.3245 0.0987 0.0764 0.2287 
  43 0.0068 0.0055 0.0170 0.0845 0.2645 0.0763 0.1671 0.1213 0.1469 0.1101 
  44 0.0061 0.0047 0.0145 0.0689 0.3394 0.0522 0.1032 0.1100 0.1987 0.1023 
  45 0.0047 0.0204 0.0218 0.1167 0.1625 0.0553 0.0919 0.1343 0.0858 0.3067 
  46 0.0079 0.0062 0.0162 0.0668 0.1661 0.0931 0.0788 0.1513 0.2783 0.1353 
  47 0.0154 0.0057 0.0253 0.1109 0.0970 0.0933 0.1331 0.1245 0.2149 0.1799 
  48 0.0076 0.0066 0.0187 0.0821 0.3673 0.0545 0.1041 0.0857 0.1860 0.0875 
  49 0.0077 0.0071 0.0344 0.0722 0.1709 0.0773 0.1275 0.1288 0.1450 0.2289 
  50 0.0094 0.0070 0.0197 0.0704 0.0936 0.1084 0.0660 0.1973 0.2844 0.1438 
  51 0.0041 0.0245 0.0146 0.0590 0.3627 0.0536 0.1066 0.0946 0.0780 0.2022 
  52 0.0075 0.0069 0.0243 0.0446 0.1392 0.0956 0.1055 0.1902 0.1653 0.2209 
  53 0.0070 0.0388 0.0159 0.0613 0.1012 0.0924 0.1161 0.1519 0.2197 0.1957 
  54 0.0079 0.0047 0.0251 0.1637 0.1693 0.0897 0.1386 0.1278 0.1325 0.1405 
  55 0.0058 0.0055 0.0182 0.1038 0.3531 0.0701 0.1057 0.1033 0.1358 0.0986 
  56 0.0060 0.0125 0.0265 0.1203 0.1931 0.0787 0.1475 0.0975 0.1747 0.1432 
  57 0.0116 0.0071 0.0232 0.0574 0.0565 0.2006 0.1267 0.1263 0.2054 0.1851 
  58 0.0051 0.0105 0.0231 0.0872 0.2048 0.0712 0.1323 0.1298 0.0978 0.2382 
  59 0.0051 0.0369 0.0449 0.0891 0.1339 0.0716 0.1292 0.1385 0.1100 0.2409 
  60 0.0042 0.0122 0.0120 0.0711 0.2935 0.1116 0.1176 0.1067 0.0962 0.1750 
  61 0.0038 0.0051 0.0149 0.1686 0.2737 0.0921 0.1409 0.1124 0.0779 0.1106 
  62 0.0109 0.0065 0.0711 0.1304 0.0863 0.1153 0.0963 0.1586 0.1520 0.1726 
  63 0.0037 0.0069 0.0133 0.1079 0.1268 0.0870 0.1794 0.1875 0.1361 0.1514 
  64 0.0058 0.0147 0.0197 0.1221 0.0691 0.0650 0.0909 0.1308 0.2464 0.2355 
  65 0.0054 0.0059 0.0185 0.1245 0.0802 0.0630 0.0727 0.2761 0.2352 0.1186 
  66 0.0045 0.0061 0.0176 0.1603 0.0978 0.1287 0.1629 0.1859 0.1102 0.1261 
  67 0.0054 0.0048 0.0159 0.1538 0.2858 0.0640 0.0999 0.1248 0.1349 0.1106 
  68 0.0061 0.0310 0.0377 0.0727 0.1553 0.0794 0.1402 0.1242 0.0936 0.2600 
  69 0.0092 0.0971 0.0451 0.0657 0.0830 0.1427 0.0680 0.1121 0.1724 0.2045 
  70 0.0042 0.0136 0.0135 0.0518 0.2144 0.0778 0.1537 0.1790 0.1259 0.1659 
  71 0.0055 0.0264 0.0393 0.1049 0.1943 0.0548 0.0757 0.1461 0.1106 0.2424 
  72 0.0051 0.0094 0.0111 0.0637 0.1424 0.0604 0.0901 0.1171 0.1813 0.3194 
  73 0.0055 0.0094 0.0439 0.1848 0.1924 0.0623 0.0881 0.1617 0.1011 0.1510 
  74 0.0040 0.0303 0.0118 0.0689 0.1504 0.0757 0.1840 0.0938 0.0929 0.2879 
  75 0.0049 0.0169 0.0161 0.0781 0.1628 0.0884 0.2105 0.0798 0.0808 0.2618 
  76 0.0050 0.0056 0.0119 0.0860 0.2294 0.0679 0.1129 0.1914 0.1740 0.1160 
  77 0.0044 0.0310 0.0251 0.0830 0.1431 0.0511 0.1217 0.2071 0.1144 0.2190 
  78 0.0051 0.1373 0.0284 0.0722 0.1079 0.0515 0.1276 0.1818 0.1208 0.1673 
  79 0.0043 0.0063 0.0145 0.0962 0.0507 0.0798 0.1029 0.2574 0.1670 0.2209 
  80 0.0046 0.0058 0.0115 0.0935 0.0558 0.1812 0.2845 0.1467 0.0873 0.1291 
  81 0.0045 0.0059 0.0103 0.0998 0.0473 0.1874 0.1971 0.1906 0.0906 0.1666 
  82 0.0045 0.0060 0.0267 0.0915 0.1448 0.0996 0.1745 0.1831 0.1235 0.1458 
  83 0.0043 0.0100 0.0103 0.0926 0.0816 0.1497 0.1643 0.1928 0.1505 0.1438 
  84 0.0041 0.0059 0.0113 0.0749 0.0556 0.1469 0.1569 0.2252 0.1516 0.1676 
  85 0.0044 0.0113 0.0112 0.0766 0.0722 0.1551 0.1775 0.1279 0.1798 0.1841 
  86 0.0062 0.0080 0.0210 0.1449 0.1680 0.0826 0.0887 0.1470 0.1885 0.1450 
  87 0.0046 0.0122 0.0133 0.0850 0.0823 0.0868 0.1046 0.3168 0.1320 0.1623 
  88 0.0043 0.0058 0.0128 0.0839 0.0614 0.1164 0.2498 0.2045 0.0986 0.1626 
  89 0.0048 0.0064 0.0110 0.1286 0.0520 0.1558 0.2253 0.1576 0.0928 0.1656 
  90 0.0042 0.0058 0.0137 0.1014 0.0559 0.0942 0.1149 0.3363 0.1243 0.1493 
  91 0.0043 0.0127 0.0098 0.0667 0.0720 0.1648 0.2729 0.1215 0.1310 0.1444 
  92 0.0043 0.0060 0.0144 0.0948 0.0639 0.1028 0.1481 0.2206 0.1329 0.2123 
  93 0.0043 0.0056 0.0119 0.0595 0.0585 0.3317 0.2064 0.0930 0.0918 0.1373 
  94 0.0044 0.0159 0.0107 0.0485 0.0769 0.0787 0.0908 0.3656 0.1388 0.1699 
  95 0.0042 0.0058 0.0120 0.0901 0.0537 0.1108 0.1967 0.3140 0.0926 0.1202 
  96 0.0042 0.0050 0.0150 0.1077 0.2358 0.1018 0.2208 0.1223 0.0805 0.1069 
  97 0.0049 0.0163 0.0149 0.1065 0.1333 0.0900 0.1750 0.0840 0.0838 0.2914 
  98 0.0038 0.0056 0.0152 0.1106 0.1315 0.0649 0.1807 0.1368 0.1454 0.2055 
  99 0.0043 0.0060 0.0115 0.1017 0.0493 0.1405 0.1464 0.2488 0.1337 0.1578 
 100 0.0046 0.0049 0.0140 0.1565 0.0688 0.1510 0.3361 0.0882 0.0791 0.0968 
 101 0.0058 0.0149 0.0150 0.1067 0.0965 0.1008 0.1431 0.2305 0.1238 0.1628 
 102 0.0053 0.0104 0.0230 0.0643 0.1172 0.1439 0.2292 0.1630 0.1364 0.1073 
 103 0.0047 0.0054 0.0145 0.2899 0.0644 0.1259 0.0929 0.1808 0.1264 0.0950 
 104 0.0042 0.0051 0.0133 0.0670 0.0622 0.1358 0.0566 0.4339 0.1244 0.0975 
 105 0.0055 0.0051 0.0347 0.1215 0.0748 0.1733 0.0723 0.2952 0.1173 0.1002 
 106 0.0042 0.0073 0.0118 0.0585 0.0652 0.0513 0.0621 0.4113 0.1618 0.1666 
 107 0.0060 0.0060 0.0237 0.1664 0.0785 0.1304 0.0927 0.2706 0.1276 0.0983 
 108 0.0040 0.0610 0.0112 0.1989 0.2051 0.0807 0.0726 0.1112 0.1697 0.0855 
 109 0.0058 0.0159 0.1134 0.0734 0.0901 0.0628 0.0581 0.2561 0.1461 0.1783 
 110 0.0044 0.0081 0.0144 0.0563 0.0515 0.0555 0.0686 0.4054 0.1548 0.1811 
 111 0.0063 0.0065 0.0293 0.0984 0.0666 0.0884 0.0737 0.4158 0.1209 0.0941 
 112 0.0044 0.0080 0.1529 0.0496 0.0863 0.0600 0.0665 0.3289 0.1087 0.1349 
 113 0.0048 0.0124 0.0151 0.2251 0.0996 0.0912 0.0980 0.1380 0.1434 0.1724 
 114 0.0042 0.0048 0.0220 0.0766 0.0565 0.1641 0.0631 0.3946 0.1123 0.1018 
 115 0.0050 0.0068 0.0323 0.0673 0.1423 0.0689 0.1205 0.3080 0.1574 0.0914 
 116 0.0055 0.0150 0.0199 0.0643 0.1581 0.0529 0.0693 0.2819 0.1413 0.1918 
 117 0.0059 0.0091 0.0337 0.0538 0.0607 0.0582 0.0977 0.3311 0.1512 0.1986 
 118 0.0050 0.0092 0.0322 0.2257 0.0977 0.0807 0.0774 0.2489 0.1161 0.1073 
 119 0.0039 0.0084 0.0112 0.0820 0.2151 0.1046 0.2140 0.1517 0.1180 0.0911 
 120 0.0053 0.0064 0.0404 0.0860 0.1167 0.0913 0.1123 0.2882 0.1535 0.0998 
 121 0.0100 0.0098 0.0804 0.0663 0.1672 0.0570 0.0877 0.2608 0.1372 0.1236 
 122 0.0041 0.0064 0.0192 0.0775 0.0618 0.0788 0.0666 0.3370 0.1598 0.1887 
 123 0.0049 0.0084 0.0163 0.0963 0.0839 0.0956 0.0812 0.3483 0.1376 0.1274 
 124 0.0085 0.0087 0.0333 0.1099 0.1275 0.0709 0.0653 0.2156 0.1782 0.1821 
 125 0.0051 0.0153 0.0301 0.0549 0.0741 0.0576 0.0957 0.1589 0.1896 0.3188 
 126 0.0036 0.0073 0.0111 0.0662 0.1500 0.0883 0.0907 0.2783 0.1182 0.1862 
 127 0.0050 0.0057 0.0255 0.1069 0.0773 0.0889 0.0759 0.4299 0.1035 0.0815 
 128 0.0044 0.0050 0.0260 0.2425 0.0994 0.0788 0.0787 0.2219 0.1180 0.1253 
 129 0.0058 0.0054 0.0207 0.2198 0.0758 0.0720 0.0638 0.3113 0.1297 0.0957 
 130 0.0059 0.0055 0.0426 0.0967 0.0585 0.1317 0.0856 0.3368 0.1283 0.1083 
 131 0.0089 0.0501 0.0352 0.0732 0.1066 0.0565 0.0673 0.2251 0.1615 0.2157 
 132 0.0046 0.0065 0.0145 0.1440 0.0689 0.0644 0.0578 0.3397 0.1425 0.1571 
 133 0.0075 0.0083 0.0170 0.1641 0.0908 0.0998 0.0889 0.2816 0.1450 0.0971 
 134 0.0040 0.0066 0.0180 0.0625 0.0458 0.0480 0.0546 0.4926 0.1167 0.1512 
 135 0.0054 0.0073 0.0253 0.0757 0.1869 0.2291 0.1801 0.0830 0.0736 0.1336 
 136 0.0053 0.0056 0.0173 0.0600 0.0628 0.3578 0.1820 0.0748 0.1178 0.1165 
 137 0.0046 0.0059 0.0324 0.0477 0.0516 0.2469 0.3021 0.0968 0.0839 0.1281 
 138 0.0043 0.0064 0.0104 0.0493 0.0681 0.4702 0.1079 0.0770 0.0757 0.1307 
 139 0.0044 0.0060 0.0145 0.2278 0.1054 0.2096 0.0953 0.0869 0.1008 0.1494 
 140 0.0045 0.0069 0.0126 0.0660 0.1042 0.2173 0.1548 0.1183 0.0871 0.2283 
 141 0.0050 0.0068 0.0153 0.0706 0.0676 0.3680 0.0947 0.0790 0.1264 0.1666 
 142 0.0048 0.0063 0.0242 0.0918 0.2162 0.2352 0.1406 0.0831 0.0744 0.1234 
 143 0.0039 0.0052 0.0104 0.0546 0.0597 0.2544 0.3662 0.0721 0.0724 0.1011 
 144 0.0044 0.0057 0.0317 0.0513 0.0587 0.2302 0.3351 0.0970 0.0752 0.1106 
 145 0.0055 0.0064 0.0192 0.0754 0.0917 0.2566 0.1506 0.0790 0.1353 0.1803 
 146 0.0060 0.0072 0.0135 0.0496 0.0651 0.2449 0.1594 0.1300 0.1119 0.2124 
 147 0.0044 0.0055 0.0111 0.0454 0.0515 0.3823 0.2333 0.0729 0.0794 0.1143 
 148 0.0048 0.0052 0.0212 0.0683 0.1134 0.3064 0.1257 0.1096 0.1343 0.1112 
 149 0.0049 0.0075 0.0153 0.0692 0.1121 0.3316 0.1255 0.0739 0.0806 0.1794 
 150 0.0052 0.0055 0.0370 0.0677 0.0651 0.2664 0.1832 0.1303 0.1002 0.1396 
 151 0.0044 0.0054 0.0116 0.0638 0.0675 0.2989 0.2488 0.0925 0.0847 0.1224 
 152 0.0049 0.0086 0.0192 0.0594 0.1560 0.2892 0.1244 0.0879 0.1578 0.0925 
 153 0.0041 0.0067 0.0109 0.0444 0.0941 0.3781 0.1142 0.0911 0.0839 0.1725 
 154 0.0057 0.0059 0.0158 0.0710 0.1082 0.3741 0.1148 0.0736 0.1148 0.1160 
 155 0.0044 0.0049 0.0103 0.0575 0.0571 0.4792 0.1105 0.0971 0.0848 0.0943 
 156 0.0039 0.0054 0.0154 0.0583 0.1445 0.2951 0.2055 0.0994 0.0762 0.0963 
 157 0.0040 0.0057 0.0103 0.0509 0.0477 0.3529 0.1641 0.1491 0.1068 0.1085 
 158 0.0053 0.0074 0.0198 0.0604 0.0785 0.2641 0.1673 0.0771 0.1282 0.1918 
 159 0.0049 0.0060 0.0139 0.0573 0.0491 0.3861 0.2214 0.0737 0.0806 0.1071 
 160 0.0052 0.0058 0.0137 0.0666 0.0529 0.4587 0.1357 0.0737 0.0796 0.1080 
 161 0.0041 0.0069 0.0116 0.0562 0.0669 0.1579 0.2928 0.0927 0.0933 0.2175 
 162 0.0066 0.0064 0.0137 0.0607 0.0764 0.2852 0.0982 0.1340 0.1169 0.2019 
 163 0.0039 0.0052 0.0105 0.0485 0.0869 0.4446 0.1298 0.0909 0.0779 0.1017 
 164 0.0061 0.0061 0.0118 0.0803 0.0710 0.3241 0.1159 0.1253 0.0976 0.1616 
 165 0.0050 0.0060 0.0364 0.0587 0.0653 0.2662 0.2207 0.1259 0.0878 0.1281 
 166 0.0046 0.0126 0.0107 0.0765 0.1022 0.3021 0.1190 0.1322 0.1381 0.1019 
 167 0.0082 0.0065 0.0139 0.0424 0.0631 0.4576 0.0812 0.1000 0.1272 0.1000 
 168 0.0045 0.0161 0.0106 0.0546 0.0924 0.3524 0.1246 0.0824 0.1098 0.1528 
 169 0.0060 0.0164 0.0201 0.0517 0.0710 0.2048 0.1325 0.0752 0.1231 0.2992 
 170 0.0041 0.0054 0.0111 0.0875 0.0954 0.1138 0.3885 0.0928 0.0814 0.1199 
 171 0.0046 0.0110 0.0117 0.0735 0.0956 0.2993 0.1359 0.0886 0.1535 0.1262 
 172 0.0046 0.0159 0.0169 0.0595 0.1272 0.1973 0.1490 0.0721 0.0778 0.2798 
 173 0.0047 0.0050 0.0131 0.0862 0.0597 0.4501 0.1227 0.0756 0.0832 0.0997 
 174 0.0045 0.0055 0.0104 0.0583 0.0474 0.4261 0.1317 0.0949 0.0918 0.1294 
 175 0.0049 0.0050 0.0125 0.0545 0.0680 0.2517 0.3086 0.0744 0.1181 0.1023 
 176 0.0046 0.0057 0.0325 0.0509 0.0589 0.2302 0.3344 0.0966 0.0759 0.1100 
 177 0.0045 0.0076 0.0110 0.0512 0.0573 0.3274 0.1043 0.1526 0.1098 0.1743 
 178 0.0047 0.0050 0.0109 0.0627 0.0503 0.4033 0.1020 0.0976 0.1411 0.1223 
 179 0.0041 0.0049 0.0100 0.0620 0.0504 0.4923 0.1152 0.0755 0.0827 0.1028 
 180 0.0066 0.0076 0.0154 0.0465 0.0828 0.2667 0.1632 0.1031 0.0984 0.2098 
 181 0.0052 0.0062 0.0171 0.0882 0.0991 0.2526 0.1897 0.0791 0.0878 0.1750 
 182 0.0053 0.0054 0.0156 0.0893 0.0978 0.2880 0.2449 0.0748 0.0756 0.1033 
 183 0.0046 0.0048 0.0112 0.0649 0.0632 0.3787 0.2020 0.0762 0.0839 0.1105 
 184 0.0049 0.0069 0.0132 0.3927 0.0660 0.0710 0.0849 0.0960 0.1739 0.0906 
 185 0.0039 0.0052 0.0145 0.0563 0.1615 0.3531 0.1855 0.0660 0.0668 0.0874 
 186 0.0048 0.0049 0.0111 0.3116 0.0688 0.0702 0.0874 0.1582 0.1614 0.1216 
 187 0.0038 0.0054 0.0106 0.2900 0.0718 0.2099 0.1045 0.1031 0.1062 0.0946 
 188 0.0047 0.0046 0.0110 0.4234 0.0646 0.0581 0.0695 0.1227 0.1441 0.0974 
 189 0.0042 0.0141 0.0107 0.1068 0.1092 0.1392 0.1761 0.0962 0.1748 0.1686 
 190 0.0038 0.0046 0.0168 0.1283 0.3462 0.1368 0.1475 0.0731 0.0668 0.0760 
 191 0.0039 0.0047 0.0150 0.4315 0.0571 0.0845 0.0876 0.1011 0.1098 0.1049 
 192 0.0037 0.0052 0.0110 0.2416 0.0528 0.1192 0.1971 0.1311 0.1312 0.1071 
 193 0.0042 0.0055 0.0191 0.1735 0.0957 0.1138 0.1817 0.1197 0.1426 0.1442 
 194 0.0044 0.0055 0.0116 0.1568 0.1017 0.1042 0.2533 0.1241 0.1145 0.1240 
 195 0.0042 0.0047 0.0105 0.2665 0.1319 0.1794 0.1590 0.0725 0.0724 0.0991 
 196 0.0037 0.0065 0.0165 0.2354 0.1842 0.1267 0.1439 0.1042 0.0933 0.0855 
 197 0.0052 0.0054 0.0128 0.1518 0.0971 0.1833 0.0861 0.1441 0.1925 0.1217 
 198 0.0039 0.0062 0.0120 0.0990 0.1063 0.1067 0.1443 0.1472 0.1639 0.2106 
 199 0.0043 0.0085 0.0177 0.1521 0.2291 0.0911 0.1982 0.1027 0.0864 0.1099 
 200 0.0041 0.0076 0.0237 0.2143 0.1927 0.1219 0.1209 0.0943 0.1317 0.0889 
 201 0.0039 0.0047 0.0105 0.2044 0.0805 0.3099 0.1201 0.0842 0.0903 0.0914 
 202 0.0038 0.0046 0.0135 0.0858 0.1514 0.1560 0.3158 0.0978 0.0734 0.0979 
 203 0.0040 0.0048 0.0135 0.2722 0.0700 0.2615 0.1419 0.0781 0.0808 0.0733 
 204 0.0038 0.0045 0.0119 0.4055 0.1164 0.0985 0.1224 0.0752 0.0722 0.0895 
 205 0.0042 0.0074 0.0127 0.3221 0.1367 0.0923 0.1116 0.1030 0.0976 0.1124 
 206 0.0042 0.0045 0.0108 0.4061 0.0829 0.1299 0.1133 0.0770 0.0804 0.0908 
 207 0.0038 0.0045 0.0188 0.3783 0.1129 0.0764 0.1271 0.1082 0.0821 0.0879 
 208 0.0038 0.0047 0.0131 0.2888 0.1039 0.2195 0.0930 0.0947 0.0867 0.0919 
 209 0.0041 0.0047 0.0185 0.2905 0.0887 0.0985 0.1421 0.1140 0.1198 0.1191 
 210 0.0037 0.0046 0.0110 0.4108 0.0717 0.1180 0.1090 0.0923 0.0874 0.0916 
 211 0.0053 0.0047 0.0461 0.1162 0.1972 0.1097 0.1987 0.1514 0.0947 0.0761 
 212 0.0039 0.0047 0.0128 0.0856 0.1312 0.2050 0.2424 0.0791 0.1035 0.1318 
 213 0.0040 0.0060 0.0146 0.1320 0.1776 0.0866 0.1671 0.1587 0.0832 0.1702 
 214 0.0040 0.0045 0.0154 0.1734 0.0874 0.1754 0.2801 0.0834 0.0908 0.0856 
 215 0.0038 0.0071 0.0174 0.4115 0.1046 0.0799 0.0795 0.1141 0.0977 0.0844 
 216 0.0053 0.0062 0.0141 0.2679 0.0830 0.0846 0.1108 0.1052 0.2098 0.1131 
 217 0.0039 0.0072 0.0118 0.2110 0.1025 0.1888 0.2057 0.0810 0.0937 0.0944 
 218 0.0040 0.0067 0.0125 0.3979 0.0651 0.0988 0.1082 0.1108 0.0889 0.1071 
 219 0.0063 0.0098 0.0109 0.1615 0.0820 0.1782 0.1475 0.0926 0.1880 0.1232 
 220 0.0039 0.0045 0.0118 0.4944 0.0664 0.0804 0.0851 0.0897 0.0784 0.0854 
 221 0.0039 0.0046 0.0137 0.0783 0.1254 0.1109 0.4325 0.0702 0.0722 0.0883 
 222 0.0053 0.0063 0.0111 0.1955 0.0752 0.1113 0.1355 0.1076 0.2214 0.1310 
 223 0.0042 0.0066 0.0108 0.1723 0.0817 0.2410 0.1322 0.1089 0.1303 0.1122 
 224 0.0042 0.0046 0.0112 0.2988 0.0671 0.1684 0.1934 0.0791 0.0847 0.0885 
 225 0.0040 0.0053 0.0122 0.3199 0.1282 0.1050 0.1346 0.0910 0.0935 0.1062 
 226 0.0050 0.0510 0.0149 0.2734 0.0711 0.1034 0.1265 0.1020 0.1403 0.1123 
 227 0.0042 0.0048 0.0135 0.1683 0.2245 0.1625 0.1439 0.1123 0.0725 0.0934 
 228 0.0041 0.0050 0.0148 0.2067 0.2146 0.1808 0.1462 0.0676 0.0673 0.0929 
 229 0.0041 0.0046 0.0107 0.3246 0.0491 0.1495 0.2015 0.0836 0.0843 0.0879 
 230 0.0039 0.0046 0.0125 0.3913 0.0526 0.1162 0.1771 0.0807 0.0805 0.0806 
 231 0.0040 0.0047 0.0126 0.2931 0.0576 0.1817 0.1309 0.0858 0.1173 0.1123 
 232 0.0045 0.0071 0.0138 0.1311 0.1052 0.1020 0.2363 0.1143 0.0798 0.2059 
 233 0.0041 0.0047 0.0135 0.1663 0.0662 0.3182 0.1673 0.0830 0.0934 0.0835 
 234 0.0036 0.0050 0.0123 0.1975 0.0648 0.1498 0.1284 0.1231 0.1831 0.1324 
 235 0.0043 0.0092 0.0120 0.1848 0.1023 0.1359 0.2070 0.1093 0.1087 0.1264 
 236 0.0039 0.0052 0.0137 0.2194 0.0682 0.1778 0.2021 0.0939 0.1190 0.0967 
 237 0.0039 0.0046 0.0197 0.3094 0.1453 0.0968 0.1103 0.1015 0.0969 0.1116 
 238 0.0038 0.0046 0.0122 0.1458 0.0794 0.1618 0.2855 0.1041 0.1049 0.0978 
 239 0.0040 0.0047 0.0107 0.2674 0.1311 0.1804 0.1579 0.0723 0.0723 0.0992 
 240 0.0037 0.0045 0.0121 0.1433 0.0787 0.1647 0.2845 0.1050 0.1042 0.0993 
 241 0.0044 0.0057 0.0139 0.1370 0.1104 0.1555 0.2882 0.0843 0.0844 0.1161 
 242 0.0043 0.0077 0.0109 0.3006 0.0954 0.1187 0.1334 0.0866 0.1177 0.1248 
 243 0.0039 0.0046 0.0196 0.2535 0.2102 0.1332 0.1355 0.0842 0.0798 0.0755 
 244 0.0039 0.0046 0.0133 0.3291 0.0629 0.1614 0.1844 0.0773 0.0825 0.0807 
 245 0.0038 0.0047 0.0103 0.0829 0.1043 0.3023 0.2095 0.0904 0.0838 0.1080 
 246 0.0040 0.0070 0.0121 0.2132 0.1008 0.1904 0.2044 0.0815 0.0926 0.0940 
 247 0.0037 0.0066 0.0112 0.2551 0.0886 0.0674 0.0827 0.2041 0.1399 0.1407 
 248 0.0038 0.0051 0.0163 0.3633 0.1128 0.0784 0.0789 0.1378 0.1041 0.0994 
 249 0.0040 0.0046 0.0150 0.2498 0.0707 0.1217 0.2695 0.0895 0.0885 0.0867 
 250 0.0040 0.0052 0.0138 0.3001 0.0559 0.1241 0.1905 0.0998 0.1124 0.0943 
 251 0.0042 0.0124 0.0213 0.2223 0.1131 0.0994 0.1070 0.1181 0.1919 0.1101 
 252 0.0042 0.0055 0.0103 0.2475 0.1139 0.1388 0.1639 0.0961 0.0971 0.1225 
 253 0.0040 0.0108 0.0133 0.1652 0.1508 0.0820 0.1407 0.1581 0.1278 0.1475 
 254 0.0052 0.0051 0.0110 0.2508 0.0847 0.1346 0.1162 0.0976 0.1869 0.1079 
 255 0.0040 0.0047 0.0142 0.2197 0.0755 0.1263 0.1674 0.1246 0.1264 0.1373 
 256 0.0042 0.0054 0.0150 0.2343 0.1061 0.1222 0.2200 0.0901 0.0988 0.1041 
 257 0.0062 0.0064 0.0178 0.2873 0.0980 0.1057 0.1486 0.1158 0.1032 0.1111 
 258 0.0037 0.0053 0.0159 0.1225 0.2120 0.1197 0.1031 0.1454 0.1371 0.1354 
 259 0.0042 0.0052 0.0135 0.3413 0.0662 0.0986 0.1702 0.0969 0.1102 0.0935 
 260 0.0050 0.0051 0.0114 0.1402 0.0619 0.1752 0.1916 0.0984 0.2077 0.1036 
 261 0.0039 0.0055 0.0103 0.1584 0.1510 0.1930 0.1717 0.0862 0.0986 0.1215 
 262 0.0039 0.0065 0.0133 0.1636 0.2190 0.1524 0.2046 0.0712 0.0746 0.0910 
 263 0.0051 0.0045 0.0130 0.4356 0.0783 0.0874 0.0854 0.0810 0.1287 0.0810 
 264 0.0063 0.0060 0.0144 0.1844 0.0909 0.0606 0.0777 0.1212 0.3090 0.1295 
 265 0.0040 0.0079 0.0109 0.2752 0.0839 0.1561 0.1182 0.1089 0.1197 0.1152 
 266 0.0039 0.0045 0.0136 0.0980 0.1466 0.1752 0.3238 0.0712 0.0730 0.0901 
 267 0.0040 0.0046 0.0188 0.1665 0.0991 0.1474 0.1825 0.1270 0.1269 0.1232 
 268 0.0038 0.0065 0.0168 0.2335 0.1822 0.1285 0.1443 0.1056 0.0936 0.0851 
 269 0.0042 0.0097 0.0109 0.2012 0.0707 0.1671 0.1230 0.0986 0.1906 0.1241 
 270 0.0053 0.0052 0.0143 0.2760 0.0822 0.1065 0.0932 0.1179 0.1703 0.1291 
 271 0.0041 0.0066 0.0186 0.2746 0.1397 0.0964 0.1034 0.1319 0.1189 0.1058 
 272 0.0051 0.0495 0.0223 0.2712 0.1118 0.0985 0.1067 0.1121 0.1268 0.0959 
 273 0.0181 0.0152 0.0257 0.1869 0.0694 0.1285 0.1519 0.1335 0.1234 0.1474 
 274 0.0043 0.0099 0.0136 0.2946 0.0817 0.1015 0.1203 0.1181 0.1334 0.1227 
 275 0.0068 0.0146 0.0175 0.3118 0.0707 0.1366 0.1005 0.0916 0.1391 0.1108 
 276 0.0051 0.0391 0.0233 0.2441 0.1241 0.0784 0.1475 0.1248 0.1078 0.1058 
 277 0.0041 0.0063 0.0106 0.2160 0.0707 0.1533 0.1709 0.1054 0.1334 0.1294 
 278 0.0039 0.0073 0.0176 0.3346 0.1477 0.1057 0.0870 0.1085 0.1019 0.0859 
 279 0.0041 0.0064 0.0134 0.2889 0.0783 0.1176 0.1461 0.1020 0.1273 0.1160 
 280 0.0041 0.0110 0.0116 0.2347 0.0988 0.1302 0.1227 0.0957 0.1244 0.1669 
 281 0.0043 0.0059 0.0134 0.2646 0.0891 0.1031 0.1224 0.1480 0.1034 0.1458 
 282 0.0038 0.0053 0.0108 0.1488 0.0587 0.2245 0.2167 0.0982 0.1279 0.1052 
 283 0.0043 0.0048 0.0117 0.1601 0.0691 0.2529 0.2250 0.0971 0.0911 0.0839 
 284 0.0039 0.0055 0.0174 0.1625 0.0872 0.1718 0.1637 0.1374 0.1430 0.1074 
 285 0.0040 0.0066 0.0181 0.3368 0.1535 0.0584 0.0669 0.1256 0.1007 0.1294 
 286 0.0040 0.0047 0.0133 0.3291 0.0637 0.1606 0.1849 0.0768 0.0821 0.0807 
 287 0.0044 0.0102 0.0107 0.1987 0.0757 0.1325 0.1437 0.1463 0.1142 0.1636 
 288 0.0046 0.0306 0.0138 0.4073 0.0626 0.0873 0.0947 0.0949 0.1123 0.0919 
 289 0.0061 0.0157 0.0181 0.3324 0.0929 0.0827 0.0951 0.1354 0.1292 0.0924 
 290 0.0060 0.0062 0.0252 0.1861 0.1463 0.0797 0.1732 0.1017 0.1480 0.1276 
 291 0.0041 0.0067 0.0186 0.2749 0.1381 0.0962 0.1034 0.1334 0.1178 0.1067 
 292 0.0042 0.0107 0.0110 0.1432 0.1823 0.1362 0.1427 0.0849 0.1039 0.1808 
 293 0.0048 0.0055 0.0205 0.1070 0.1853 0.0817 0.1020 0.1171 0.2086 0.1675 
 294 0.0055 0.0061 0.0129 0.4018 0.1155 0.0721 0.0955 0.0803 0.1206 0.0897 
 295 0.0055 0.0231 0.0254 0.1651 0.1633 0.1106 0.1196 0.1287 0.1266 0.1322 
 296 0.0040 0.0065 0.0173 0.3903 0.0984 0.0932 0.0936 0.1208 0.0827 0.0934 
 297 0.0040 0.0104 0.0111 0.3068 0.0734 0.0941 0.1115 0.1007 0.1185 0.1693 
 298 0.0041 0.0053 0.0109 0.2219 0.0504 0.1588 0.2148 0.1075 0.1212 0.1052 
 299 0.0056 0.0045 0.0109 0.4200 0.0582 0.0911 0.0986 0.0869 0.1311 0.0931 
 300 0.0038 0.0059 0.0130 0.4538 0.0799 0.0681 0.0852 0.0831 0.0816 0.1257 
 301 0.0051 0.0084 0.0145 0.2872 0.0741 0.1044 0.0912 0.0921 0.2170 0.1059 
 302 0.0056 0.0066 0.0184 0.2908 0.1949 0.0983 0.0845 0.0814 0.1306 0.0888 
 303 0.0041 0.0059 0.0119 0.2513 0.0717 0.1528 0.1923 0.0820 0.0896 0.1383 
 304 0.0054 0.0049 0.0129 0.0835 0.0492 0.2628 0.1328 0.1272 0.1904 0.1309 
 305 0.0042 0.0067 0.0130 0.3152 0.1222 0.1539 0.1278 0.0725 0.0817 0.1028 
 306 0.0040 0.0088 0.0118 0.1724 0.0863 0.1536 0.2550 0.0892 0.1083 0.1106 
 307 0.0047 0.0062 0.0146 0.2060 0.0741 0.1173 0.2255 0.1037 0.1355 0.1122 
 308 0.0038 0.0054 0.0102 0.1587 0.1502 0.1937 0.1715 0.0866 0.0991 0.1208 
 309 0.0105 0.0099 0.0243 0.4198 0.0767 0.0849 0.0846 0.1127 0.0915 0.0852 
 310 0.0038 0.0045 0.0148 0.2806 0.1257 0.1451 0.1733 0.0804 0.0846 0.0871 
 311 0.0038 0.0046 0.0127 0.3916 0.0532 0.1163 0.1761 0.0810 0.0808 0.0800 
 312 0.0036 0.0045 0.0140 0.4579 0.0845 0.0836 0.0872 0.1036 0.0817 0.0796 
 313 0.0042 0.0054 0.0158 0.2983 0.2441 0.0725 0.0882 0.0961 0.0875 0.0881 
 314 0.0042 0.0074 0.0129 0.0496 0.1000 0.3933 0.1794 0.0713 0.0747 0.1072 
 315 0.0039 0.0111 0.0101 0.0455 0.1023 0.4035 0.1346 0.0763 0.1082 0.1046 
 316 0.0063 0.0176 0.0123 0.0496 0.0640 0.4217 0.1063 0.0832 0.1250 0.1141 
 317 0.0045 0.0078 0.0125 0.0480 0.0576 0.4453 0.1688 0.0732 0.0762 0.1061 
 318 0.0043 0.0070 0.0110 0.0440 0.0423 0.5279 0.1030 0.0725 0.0807 0.1073 
 319 0.0044 0.0051 0.0111 0.0551 0.0611 0.3698 0.2424 0.0733 0.0731 0.1046 
 320 0.0044 0.0075 0.0132 0.0494 0.0995 0.3921 0.1804 0.0710 0.0745 0.1079 
 321 0.0045 0.0078 0.0131 0.0451 0.0525 0.4465 0.1576 0.0740 0.0821 0.1169 
 322 0.0061 0.0180 0.0137 0.0556 0.0969 0.3241 0.1810 0.0824 0.1118 0.1104 
 323 0.0106 0.0062 0.0107 0.0500 0.0461 0.4782 0.1372 0.0744 0.0819 0.1046 
 324 0.0045 0.0080 0.0128 0.0451 0.0520 0.4490 0.1579 0.0734 0.0815 0.1158 
 325 0.0044 0.0178 0.0114 0.0448 0.0600 0.4595 0.0972 0.0798 0.1205 0.1046 
 326 0.0104 0.0435 0.0145 0.0487 0.0619 0.4086 0.1102 0.0819 0.1175 0.1029 
 327 0.0045 0.0073 0.0126 0.0480 0.0580 0.4415 0.1717 0.0732 0.0768 0.1063 
 328 0.0042 0.0122 0.0114 0.0518 0.0822 0.3418 0.1880 0.0803 0.1160 0.1122 
 329 0.0040 0.0054 0.0100 0.0435 0.0429 0.4342 0.2025 0.0728 0.0783 0.1064 
 330 0.0046 0.0075 0.0128 0.0479 0.0576 0.4445 0.1695 0.0732 0.0759 0.1067 
 331 0.0040 0.0055 0.0099 0.0493 0.0448 0.5031 0.1243 0.0729 0.0785 0.1077 
 332 0.0134 0.0256 0.0124 0.0462 0.0608 0.4200 0.1094 0.0825 0.1278 0.1020 
 333 0.0093 0.0246 0.0128 0.0554 0.0680 0.3951 0.1345 0.0819 0.1143 0.1043 
 334 0.0040 0.0114 0.0111 0.0525 0.0814 0.3430 0.1871 0.0799 0.1167 0.1129 
 335 0.0043 0.0114 0.0115 0.0485 0.0861 0.3311 0.2223 0.0790 0.1065 0.0992 
 336 0.0132 0.0090 0.0126 0.0469 0.0745 0.4510 0.1259 0.0733 0.0828 0.1107 
 337 0.0046 0.0189 0.0135 0.0460 0.0763 0.3780 0.1485 0.0810 0.1208 0.1124 
 338 0.0048 0.0076 0.0111 0.0442 0.0426 0.5209 0.1046 0.0730 0.0809 0.1102 
 339 0.0040 0.0055 0.0098 0.0492 0.0443 0.5082 0.1217 0.0726 0.0775 0.1072 
 340 0.0039 0.0053 0.0097 0.0522 0.0484 0.5047 0.1296 0.0723 0.0740 0.0999 
 341 0.0099 0.0094 0.0128 0.0544 0.0481 0.4491 0.1539 0.0758 0.0787 0.1078 
 342 0.0045 0.0074 0.0129 0.0480 0.0582 0.4455 0.1672 0.0737 0.0768 0.1059 
 343 0.0105 0.0122 0.0126 0.0480 0.1320 0.2612 0.2338 0.0774 0.1107 0.1017 
 344 0.0041 0.0055 0.0098 0.0437 0.0424 0.5050 0.1319 0.0732 0.0779 0.1066 
 345 0.0044 0.0075 0.0129 0.0477 0.0578 0.4424 0.1712 0.0731 0.0770 0.1061 
 346 0.0045 0.0070 0.0108 0.0461 0.0466 0.5289 0.1076 0.0732 0.0757 0.0996 
 347 0.0041 0.0054 0.0099 0.0456 0.0460 0.5052 0.1388 0.0723 0.0741 0.0987 
 348 0.0039 0.0097 0.0116 0.0503 0.1483 0.2839 0.2219 0.0758 0.0967 0.0978 
 349 0.0046 0.0073 0.0124 0.0484 0.0577 0.4446 0.1697 0.0732 0.0763 0.1058 
 350 0.0041 0.0052 0.0100 0.0525 0.0753 0.4516 0.1415 0.0709 0.0762 0.1127 
 351 0.0042 0.0114 0.0114 0.0478 0.0864 0.3332 0.2197 0.0798 0.1062 0.0998 
 352 0.0044 0.0186 0.0137 0.0487 0.0872 0.3757 0.1588 0.0796 0.1112 0.1021 
 353 0.0135 0.0097 0.0125 0.0475 0.0738 0.4492 0.1268 0.0733 0.0828 0.1108 
 354 0.0056 0.0068 0.0118 0.0475 0.0440 0.4691 0.1495 0.0744 0.0803 0.1111 
 355 0.0043 0.0071 0.0109 0.0442 0.0427 0.5270 0.1025 0.0731 0.0806 0.1075 
 356 0.0037 0.0091 0.0106 0.0496 0.1395 0.1675 0.3568 0.0747 0.0948 0.0936 
 357 0.0040 0.0111 0.0111 0.0524 0.0635 0.2949 0.1135 0.0919 0.2197 0.1377 
 358 0.0046 0.0127 0.0106 0.0448 0.0597 0.4358 0.1279 0.0801 0.1191 0.1047 
 359 0.0045 0.0057 0.0100 0.0498 0.0443 0.4976 0.1250 0.0736 0.0792 0.1102 
 360 0.0044 0.0069 0.0110 0.0458 0.0461 0.5291 0.1073 0.0726 0.0763 0.1005 
 361 0.0039 0.0109 0.0123 0.0561 0.0884 0.1802 0.1953 0.0918 0.2131 0.1480 
 362 0.0046 0.0141 0.0122 0.1822 0.0737 0.0951 0.0825 0.1594 0.1812 0.1950 
 363 0.0062 0.0093 0.0148 0.0965 0.0703 0.0664 0.0783 0.2400 0.2247 0.1934 
 364 0.0126 0.0079 0.0231 0.0643 0.0792 0.1516 0.1803 0.1353 0.2000 0.1456 
 365 0.0119 0.0139 0.0285 0.0757 0.0647 0.0712 0.0857 0.1291 0.1967 0.3226 
 366 0.0052 0.0123 0.0183 0.1012 0.1568 0.0972 0.1190 0.0980 0.2325 0.1594 
 367 0.0043 0.0088 0.0121 0.0557 0.0500 0.0568 0.0639 0.4155 0.1499 0.1829 
 368 0.0042 0.0063 0.0143 0.1299 0.0590 0.0791 0.1022 0.2606 0.1501 0.1944 
 369 0.0056 0.0083 0.0194 0.0658 0.1469 0.0971 0.2068 0.1013 0.2151 0.1336 
 370 0.0089 0.0106 0.0246 0.1657 0.0627 0.0803 0.1110 0.2372 0.1642 0.1349 
 371 0.0078 0.0076 0.0203 0.1201 0.0784 0.0991 0.1187 0.1155 0.2871 0.1453 
 372 0.0270 0.0150 0.0374 0.2155 0.0729 0.0950 0.1173 0.1836 0.0950 0.1414 
 373 0.0049 0.0057 0.0166 0.0778 0.0629 0.0902 0.1411 0.2856 0.1238 0.1913 
 374 0.0057 0.0139 0.0283 0.0810 0.0584 0.1034 0.2239 0.1399 0.1927 0.1529 
 375 0.0121 0.0091 0.0178 0.0946 0.0481 0.0647 0.0773 0.2093 0.2750 0.1919 
 376 0.0831 0.0112 0.0144 0.0441 0.0524 0.0613 0.0750 0.1580 0.2699 0.2306 
 377 0.0059 0.0099 0.0199 0.0946 0.1060 0.1050 0.0803 0.1700 0.1791 0.2295 
 378 0.0045 0.0066 0.0163 0.0607 0.0700 0.1673 0.1121 0.3272 0.0942 0.1411 
 379 0.1455 0.0159 0.0171 0.0584 0.0567 0.0550 0.0688 0.1709 0.2452 0.1664 
 380 0.0082 0.0221 0.0157 0.0654 0.0783 0.0911 0.1376 0.0916 0.1170 0.3730 
 381 0.0079 0.0084 0.0153 0.0483 0.1151 0.0804 0.1467 0.0825 0.2133 0.2822 
 382 0.0039 0.0060 0.0118 0.0624 0.0464 0.0797 0.0711 0.1567 0.4364 0.1256 
 383 0.0132 0.0429 0.0174 0.0878 0.0507 0.1690 0.0781 0.0949 0.1629 0.2831 
 384 0.0420 0.0181 0.0224 0.0649 0.0515 0.1267 0.0990 0.1364 0.2247 0.2145 
 385 0.0063 0.0059 0.1694 0.0593 0.0490 0.1910 0.0869 0.1191 0.1512 0.1618 
 386 0.0037 0.0073 0.0120 0.0693 0.0585 0.0653 0.0781 0.2363 0.2426 0.2268 
 387 0.0044 0.0069 0.0132 0.0542 0.0660 0.0925 0.0727 0.2132 0.2530 0.2239 
 388 0.0116 0.0107 0.0320 0.0723 0.0492 0.1340 0.1478 0.1458 0.1835 0.2131 
 389 0.0088 0.0076 0.0988 0.1280 0.1674 0.0804 0.0826 0.1643 0.1511 0.1110 
 390 0.0162 0.0282 0.0209 0.0598 0.1070 0.0603 0.0813 0.2461 0.1449 0.2352 
 391 0.0102 0.0158 0.0635 0.0839 0.1002 0.0769 0.1370 0.2192 0.1517 0.1415 
 392 0.0062 0.0063 0.0102 0.0642 0.0735 0.1154 0.0959 0.1760 0.1431 0.3091 
 393 0.0061 0.0182 0.0120 0.0483 0.0766 0.0804 0.0924 0.0921 0.1022 0.4718 
 394 0.0042 0.0122 0.0106 0.0632 0.0720 0.1733 0.1258 0.2102 0.1408 0.1876 
 395 0.0038 0.0172 0.0111 0.1561 0.1105 0.0784 0.0769 0.1816 0.1395 0.2248 
 396 0.0045 0.0054 0.0124 0.0738 0.0514 0.0544 0.0680 0.2642 0.2539 0.2119 
 397 0.0490 0.0061 0.0118 0.1860 0.0762 0.1135 0.1396 0.0982 0.1958 0.1238 
 398 0.0317 0.0193 0.0111 0.0470 0.0571 0.0598 0.0712 0.2712 0.1267 0.3049 
 399 0.0045 0.0222 0.0196 0.0733 0.0761 0.0743 0.0848 0.3944 0.1317 0.1193 
 400 0.0051 0.0062 0.0137 0.0470 0.0598 0.0693 0.1224 0.2226 0.2462 0.2076 
 401 0.0040 0.0062 0.0130 0.0547 0.1134 0.0865 0.1012 0.3297 0.0973 0.1941 
 402 0.0051 0.0056 0.0157 0.0652 0.1238 0.0871 0.1000 0.2270 0.1231 0.2474 
 403 0.0055 0.0080 0.0321 0.0730 0.0692 0.2421 0.1290 0.1234 0.1109 0.2067 
 404 0.0059 0.0064 0.0203 0.1270 0.0521 0.0774 0.1425 0.1496 0.2150 0.2037 
 405 0.0038 0.0127 0.0120 0.1042 0.0871 0.0843 0.1122 0.1364 0.2138 0.2335 
 406 0.0038 0.1288 0.0120 0.0831 0.1276 0.0789 0.1745 0.0951 0.1472 0.1490 
 407 0.0036 0.0131 0.0113 0.0615 0.0475 0.0538 0.0676 0.1461 0.1924 0.4031 
 408 0.0037 0.0049 0.0119 0.0847 0.1628 0.0512 0.0656 0.3919 0.0921 0.1313 
 409 0.0080 0.0230 0.0158 0.0516 0.0783 0.0738 0.2935 0.0978 0.0876 0.2706 
 410 0.0602 0.0148 0.0149 0.0632 0.0713 0.0933 0.0980 0.2024 0.1264 0.2555 
 411 0.0099 0.0072 0.0118 0.0502 0.1037 0.1310 0.0875 0.1406 0.2696 0.1885 
 412 0.0043 0.0055 0.0144 0.1173 0.0550 0.0768 0.0951 0.2592 0.1753 0.1973 
 413 0.0041 0.0053 0.0113 0.0784 0.0590 0.1545 0.1021 0.2579 0.1487 0.1787 
 414 0.0040 0.0050 0.0200 0.1431 0.0491 0.0697 0.0574 0.2761 0.2524 0.1232 
 415 0.0044 0.0119 0.0129 0.0652 0.1119 0.0600 0.0996 0.1717 0.2570 0.2054 
 416 0.0049 0.0060 0.0237 0.0625 0.0946 0.0724 0.1163 0.2005 0.1113 0.3078 
 417 0.0050 0.0482 0.0121 0.0704 0.0623 0.0613 0.0927 0.1881 0.1866 0.2733 
 418 0.0054 0.0063 0.0114 0.0729 0.0462 0.0618 0.0774 0.3367 0.1944 0.1875 
 419 0.0084 0.0104 0.0218 0.0682 0.0702 0.1163 0.1601 0.1527 0.1222 0.2696 
 420 0.0038 0.0058 0.0127 0.0528 0.1735 0.0549 0.0874 0.3222 0.1027 0.1842 
 421 0.0055 0.0180 0.0122 0.0893 0.0584 0.0605 0.0997 0.2433 0.1062 0.3068 
 422 0.0047 0.0126 0.0134 0.1348 0.1160 0.0681 0.0851 0.1248 0.0895 0.3510 
 423 0.0056 0.0115 0.0119 0.1142 0.0764 0.1055 0.0795 0.1616 0.3030 0.1309 
 424 0.0061 0.0173 0.0353 0.0514 0.1415 0.0854 0.1041 0.2417 0.1739 0.1433 
 425 0.0150 0.0094 0.0420 0.0811 0.0651 0.1108 0.1057 0.1330 0.2365 0.2013 
 426 0.0234 0.0259 0.0339 0.0666 0.0712 0.1014 0.1170 0.2299 0.1911 0.1396 
 427 0.0042 0.0169 0.0104 0.0421 0.0494 0.1482 0.0643 0.2153 0.1527 0.2964 
 428 0.0137 0.0413 0.0127 0.0747 0.1064 0.1111 0.1348 0.1068 0.1109 0.2876 
 429 0.0047 0.0079 0.0105 0.0611 0.0487 0.0563 0.0652 0.2726 0.2779 0.1952 
 430 0.0044 0.0234 0.0112 0.0712 0.0627 0.0588 0.0703 0.1313 0.1443 0.4223 
 431 0.0080 0.0139 0.0234 0.1051 0.0715 0.1248 0.0939 0.2216 0.2255 0.1123 
 432 0.0042 0.0058 0.0140 0.0871 0.0660 0.0821 0.1092 0.2712 0.1324 0.2280 
 433 0.0064 0.0058 0.0137 0.0824 0.0870 0.1482 0.2341 0.1535 0.1414 0.1275 
 434 0.0045 0.0061 0.0154 0.1045 0.0770 0.0929 0.1396 0.1242 0.1992 0.2364 
 435 0.0042 0.0349 0.0106 0.0451 0.0715 0.0588 0.0680 0.2125 0.1677 0.3267 
 436 0.0059 0.1029 0.0126 0.0351 0.0850 0.0675 0.1094 0.1988 0.2096 0.1732 
 437 0.0051 0.0093 0.0104 0.0548 0.0612 0.0633 0.0768 0.1255 0.4308 0.1628 
 438 0.0047 0.0732 0.0129 0.0480 0.1303 0.0684 0.1158 0.1868 0.1185 0.2414 
 439 0.0041 0.0459 0.0107 0.0387 0.0545 0.0627 0.0795 0.1377 0.1489 0.4174 
 440 0.0037 0.0682 0.0118 0.0490 0.0657 0.0520 0.0600 0.2099 0.3070 0.1727 
 441 0.0042 0.0164 0.0117 0.0471 0.0671 0.0831 0.1054 0.1139 0.1567 0.3942 
 442 0.0052 0.0066 0.0251 0.0540 0.0777 0.0547 0.0851 0.2207 0.2465 0.2244 
 443 0.0039 0.0153 0.0151 0.0452 0.1787 0.0535 0.0676 0.3191 0.1307 0.1708 
 444 0.0049 0.0108 0.0242 0.0505 0.0984 0.0548 0.0818 0.1850 0.3011 0.1885 
 445 0.0290 0.0127 0.0120 0.0475 0.0785 0.0725 0.1506 0.0937 0.1001 0.4034 
 446 0.0365 0.0289 0.0118 0.0367 0.0463 0.0620 0.0784 0.2832 0.1159 0.3003 
 447 0.0050 0.0653 0.0292 0.0441 0.1040 0.0793 0.1229 0.1335 0.1763 0.2403 
 448 0.0041 0.0145 0.0120 0.0532 0.0744 0.0626 0.0774 0.1689 0.2089 0.3241 
 449 0.0041 0.0150 0.0121 0.0586 0.0729 0.0800 0.1046 0.1376 0.2143 0.3008 
 450 0.0055 0.0067 0.0129 0.0420 0.0406 0.0823 0.0970 0.1243 0.2245 0.3641 
 451 0.0042 0.0089 0.0143 0.0592 0.0761 0.0520 0.0598 0.4080 0.2037 0.1138 
 452 0.0045 0.0084 0.0111 0.0455 0.0472 0.0803 0.0938 0.1836 0.1619 0.3636 
 453 0.0039 0.0087 0.0182 0.0666 0.2412 0.0620 0.1084 0.1618 0.1082 0.2208 
 454 0.0043 0.0148 0.0112 0.0594 0.0705 0.0997 0.0893 0.1467 0.2662 0.2379 
 455 0.0041 0.0624 0.0122 0.0377 0.0981 0.0553 0.0757 0.1913 0.1790 0.2841 
 456 0.0046 0.0173 0.0141 0.0457 0.1884 0.0549 0.0711 0.1798 0.2173 0.2068 
 457 0.0047 0.0168 0.0106 0.0462 0.0648 0.0635 0.0814 0.1208 0.2898 0.3015 
 458 0.0314 0.0134 0.0115 0.0450 0.0483 0.0623 0.0792 0.1456 0.1141 0.4490 
 459 0.0041 0.0206 0.0121 0.0361 0.0573 0.0794 0.1353 0.1923 0.1715 0.2913 
 460 0.0042 0.0158 0.0117 0.0397 0.0621 0.0597 0.0696 0.2778 0.1796 0.2798 
 461 0.0051 0.0073 0.0126 0.0381 0.0410 0.0612 0.0726 0.3199 0.2114 0.2309 
 462 0.0067 0.0126 0.0416 0.0902 0.0912 0.0496 0.0548 0.1504 0.2278 0.2751 
 463 0.0038 0.0638 0.0119 0.0702 0.2354 0.0657 0.0839 0.0981 0.1515 0.2158 
 464 0.0036 0.0172 0.0108 0.0401 0.1200 0.0548 0.0728 0.3117 0.1545 0.2145 
 465 0.0052 0.0095 0.0129 0.0559 0.0815 0.0619 0.0804 0.2459 0.1409 0.3058 
 466 0.0038 0.0172 0.0110 0.0549 0.1853 0.0553 0.0744 0.2347 0.1504 0.2130 
 467 0.0043 0.0140 0.0125 0.0802 0.0786 0.0701 0.0866 0.1261 0.1632 0.3643 
 468 0.0043 0.0691 0.0108 0.0425 0.1317 0.0543 0.0717 0.1098 0.2895 0.2163 
 469 0.0039 0.1779 0.0114 0.0353 0.0542 0.0592 0.0687 0.1030 0.1350 0.3513 
 470 0.0039 0.0664 0.0099 0.0399 0.0631 0.0597 0.0712 0.2522 0.1560 0.2777 
 471 0.0048 0.0081 0.0190 0.0919 0.1390 0.0611 0.0809 0.2128 0.1543 0.2280 
 472 0.0046 0.0070 0.0139 0.0502 0.0988 0.0560 0.0780 0.1455 0.1644 0.3815 
 473 0.0041 0.0146 0.0114 0.0716 0.0910 0.0801 0.1011 0.1353 0.2207 0.2700 
 474 0.0040 0.0078 0.0112 0.0469 0.0771 0.0716 0.0947 0.1742 0.1542 0.3584 
 475 0.0042 0.0096 0.0118 0.0575 0.0708 0.0827 0.1286 0.2469 0.1320 0.2559 
 476 0.0052 0.0115 0.0114 0.0406 0.0829 0.0584 0.0833 0.1309 0.3439 0.2318 
 477 0.0051 0.0119 0.0218 0.0394 0.0939 0.0691 0.1130 0.2639 0.1843 0.1977 
 478 0.0054 0.0107 0.0231 0.0374 0.0606 0.0591 0.0670 0.4333 0.1314 0.1719 
 479 0.0041 0.0154 0.0119 0.0404 0.0579 0.0586 0.0686 0.1980 0.3098 0.2355 
 480 0.0047 0.0161 0.0102 0.0432 0.0572 0.0629 0.0783 0.1424 0.3480 0.2371 
 481 0.0043 0.0072 0.0202 0.1162 0.0730 0.0603 0.0776 0.1737 0.1767 0.2909 
 482 0.0046 0.0090 0.0102 0.0417 0.0492 0.0588 0.0705 0.2338 0.2984 0.2239 
 483 0.0048 0.0796 0.0112 0.0397 0.0565 0.0653 0.0870 0.1935 0.1458 0.3167 
 484 0.0043 0.0536 0.0156 0.0578 0.1462 0.0621 0.0764 0.1120 0.1218 0.3501 
 485 0.0045 0.2491 0.0110 0.0415 0.0604 0.0595 0.0709 0.1860 0.1359 0.1811 
 486 0.0064 0.0059 0.0378 0.1012 0.1918 0.0776 0.1031 0.1870 0.1915 0.0976 
 487 0.0068 0.0063 0.0382 0.0630 0.1228 0.1472 0.1200 0.1651 0.2021 0.1286 
 488 0.0063 0.0063 0.0796 0.0822 0.0990 0.1560 0.0804 0.2236 0.1451 0.1216 
 489 0.0058 0.0048 0.0192 0.0820 0.1151 0.0933 0.2109 0.1098 0.2401 0.1190 
 490 0.0044 0.0063 0.0213 0.0548 0.1540 0.0597 0.0715 0.3110 0.1978 0.1193 
 491 0.0058 0.0053 0.0485 0.1613 0.0946 0.1048 0.1844 0.1117 0.1415 0.1422 
 492 0.0043 0.0058 0.0401 0.0597 0.1179 0.1941 0.1379 0.2143 0.0952 0.1306 
 493 0.0076 0.0055 0.0796 0.1188 0.1183 0.1404 0.0678 0.1654 0.2065 0.0902 
 494 0.0143 0.0109 0.0465 0.1029 0.1176 0.0938 0.1711 0.1271 0.1811 0.1345 
 495 0.0142 0.0066 0.1152 0.0401 0.1348 0.1524 0.0989 0.1926 0.1416 0.1035 
 496 0.0042 0.0064 0.0110 0.0830 0.1021 0.1092 0.3011 0.1142 0.1250 0.1440 
 497 0.0104 0.0059 0.1032 0.1154 0.0861 0.1694 0.1156 0.0984 0.1653 0.1304 
 498 0.0078 0.0059 0.0518 0.0709 0.1145 0.0616 0.1607 0.1980 0.2034 0.1254 
 499 0.0107 0.0062 0.0247 0.0772 0.1189 0.1893 0.1768 0.1085 0.1646 0.1230 
 500 0.0085 0.0098 0.0187 0.1346 0.1079 0.1066 0.0904 0.1102 0.3011 0.1121 
 501 0.0068 0.0067 0.0169 0.0849 0.0583 0.1097 0.2093 0.1372 0.2036 0.1665 
 502 0.0055 0.0063 0.0288 0.0590 0.0489 0.1233 0.2167 0.2108 0.1083 0.1924 
 503 0.0051 0.0068 0.0138 0.0803 0.0701 0.0728 0.0860 0.1806 0.2080 0.2766 
 504 0.0056 0.0062 0.0865 0.0532 0.1160 0.0669 0.1080 0.2868 0.1295 0.1414 
 505 0.0055 0.0091 0.0291 0.1586 0.1387 0.0841 0.1849 0.1609 0.1229 0.1062 
 506 0.0050 0.0054 0.0330 0.0962 0.0690 0.1172 0.2031 0.2253 0.1095 0.1364 
 507 0.0051 0.0052 0.0115 0.0765 0.1386 0.2153 0.2713 0.0780 0.0830 0.1155 
 508 0.0082 0.0053 0.0211 0.0610 0.1602 0.2327 0.2448 0.0960 0.0855 0.0852 
 509 0.0052 0.0065 0.0195 0.1351 0.1359 0.1585 0.1657 0.1302 0.1115 0.1319 
 510 0.0090 0.0055 0.0167 0.0679 0.0715 0.1696 0.2006 0.1249 0.2211 0.1132 
 511 0.0078 0.0247 0.0272 0.1086 0.0833 0.0694 0.1194 0.2063 0.2097 0.1435 
 512 0.0056 0.0063 0.0193 0.0893 0.0546 0.0624 0.0777 0.2075 0.3202 0.1570 
 513 0.0051 0.0051 0.3363 0.1030 0.1079 0.0858 0.0904 0.1147 0.0780 0.0736 
 514 0.0051 0.0061 0.0152 0.0862 0.0724 0.1237 0.0898 0.3523 0.1260 0.1231 
 515 0.0070 0.0156 0.0166 0.0555 0.1503 0.1744 0.1023 0.1180 0.1656 0.1946 
 516 0.0062 0.0067 0.0188 0.0864 0.1562 0.0742 0.1303 0.2826 0.0995 0.1389 
 517 0.0052 0.0114 0.0127 0.0658 0.1781 0.1379 0.1251 0.1725 0.1442 0.1470 
 518 0.0375 0.0053 0.0132 0.1290 0.0575 0.1848 0.1162 0.1133 0.2312 0.1119 
 519 0.0046 0.0063 0.0200 0.0556 0.0778 0.0832 0.1399 0.3486 0.1228 0.1412 
 520 0.0053 0.0567 0.0121 0.0674 0.1823 0.1651 0.1581 0.0884 0.1366 0.1281 
 521 0.0046 0.0053 0.0119 0.1400 0.0751 0.2473 0.1124 0.1724 0.1345 0.0964 
 522 0.0113 0.0091 0.0154 0.0541 0.2020 0.1044 0.0740 0.1332 0.2765 0.1201 
 523 0.0056 0.0095 0.0131 0.0570 0.2793 0.1365 0.1341 0.1388 0.1268 0.0993 
 524 0.0055 0.0649 0.0114 0.0718 0.1428 0.1314 0.0915 0.1503 0.1508 0.1794 
 525 0.0448 0.0144 0.0122 0.0838 0.1101 0.1701 0.1404 0.0954 0.1583 0.1705 
 526 0.0043 0.1306 0.0112 0.0776 0.2104 0.0777 0.1165 0.0887 0.1096 0.1735 
