   1 0.0132 0.0093 0.0369 0.0839 0.1999 0.2044 0.1277 0.3248 
   2 0.0046 0.0061 0.0140 0.0680 0.0579 0.1694 0.5552 0.1248 
   3 0.0053 0.0101 0.0365 0.0599 0.1467 0.3468 0.1259 0.2687 
   4 0.0280 0.0162 0.0320 0.0786 0.0945 0.1372 0.1503 0.4632 
   5 0.0080 0.0079 0.0151 0.0789 0.0639 0.2171 0.4893 0.1197 
   6 0.0064 0.0081 0.0141 0.0634 0.0839 0.5530 0.1304 0.1408 
   7 0.0057 0.0091 0.0134 0.2728 0.1193 0.3303 0.1277 0.1217 
   8 0.1558 0.0272 0.0204 0.0762 0.1071 0.2516 0.1154 0.2464 
   9 0.0054 0.0163 0.0193 0.0914 0.0894 0.2865 0.2784 0.2133 
  10 0.1292 0.0106 0.0125 0.0907 0.1026 0.3550 0.1350 0.1643 
  11 0.0056 0.0068 0.0138 0.2414 0.2165 0.2584 0.1340 0.1235 
  12 0.0047 0.0078 0.0168 0.0901 0.0599 0.2419 0.3862 0.1927 
  13 0.0059 0.0095 0.0223 0.1000 0.0757 0.3423 0.2535 0.1908 
  14 0.0191 0.0061 0.0522 0.0499 0.1303 0.2090 0.3347 0.1987 
  15 0.0073 0.0085 0.0237 0.0917 0.1412 0.1812 0.2306 0.3157 
  16 0.0052 0.0074 0.0234 0.0839 0.1780 0.4036 0.1295 0.1689 
  17 0.0061 0.0158 0.0359 0.0810 0.0762 0.4079 0.1898 0.1872 
  18 0.0067 0.0168 0.0237 0.0507 0.1483 0.2650 0.2810 0.2079 
  19 0.0048 0.0074 0.0129 0.0786 0.0814 0.4914 0.1542 0.1693 
  20 0.0053 0.0079 0.0208 0.1414 0.1404 0.2316 0.2588 0.1939 
  21 0.0105 0.0071 0.0286 0.0590 0.1378 0.1739 0.2749 0.3082 
  22 0.0054 0.0115 0.0203 0.0548 0.0851 0.4763 0.1385 0.2081 
  23 0.0177 0.0162 0.0676 0.0827 0.1003 0.1675 0.2206 0.3274 
  24 0.0055 0.0073 0.0210 0.0706 0.1684 0.2517 0.1452 0.3302 
  25 0.0061 0.0077 0.0213 0.1124 0.0984 0.4359 0.2204 0.0979 
  26 0.0049 0.0120 0.0181 0.0727 0.1063 0.2887 0.2155 0.2819 
  27 0.0054 0.0092 0.0337 0.0724 0.1058 0.3546 0.2071 0.2119 
  28 0.0629 0.0080 0.0214 0.1089 0.1461 0.1866 0.1462 0.3199 
  29 0.0044 0.0065 0.0192 0.1503 0.0926 0.2246 0.3351 0.1674 
  30 0.0047 0.0076 0.0245 0.0550 0.1169 0.4262 0.1819 0.1832 
  31 0.1358 0.0162 0.0298 0.1015 0.0937 0.2104 0.2675 0.1450 
  32 0.0119 0.0071 0.0222 0.0619 0.0908 0.3413 0.1903 0.2745 
  33 0.0044 0.0074 0.0250 0.1042 0.1628 0.2695 0.1529 0.2739 
  34 0.1240 0.0114 0.0182 0.1824 0.1044 0.3435 0.1016 0.1146 
  35 0.0047 0.0230 0.0548 0.0731 0.0744 0.2852 0.3287 0.1560 
  36 0.0074 0.0064 0.0719 0.0578 0.3943 0.1232 0.1858 0.1532 
  37 0.0059 0.0101 0.0256 0.0726 0.0774 0.2270 0.2814 0.3001 
  38 0.0045 0.0087 0.0257 0.1357 0.4290 0.1287 0.1618 0.1058 
  39 0.0050 0.0124 0.0341 0.1339 0.2049 0.2121 0.2402 0.1575 
  40 0.0054 0.0065 0.1600 0.0515 0.1147 0.1992 0.2150 0.2477 
  41 0.0066 0.0129 0.2217 0.1171 0.1812 0.1892 0.1429 0.1283 
  42 0.0050 0.0077 0.0832 0.0695 0.2288 0.0937 0.1251 0.3870 
  43 0.0104 0.0112 0.1921 0.0795 0.0687 0.1842 0.2563 0.1977 
  44 0.0043 0.0108 0.2467 0.0645 0.0641 0.2433 0.2444 0.1219 
  45 0.0045 0.0088 0.0468 0.0843 0.2622 0.1215 0.3532 0.1187 
  46 0.0047 0.0164 0.0446 0.0843 0.1007 0.3450 0.2574 0.1469 
  47 0.0118 0.0299 0.0356 0.0812 0.0655 0.3596 0.2282 0.1882 
  48 0.0043 0.0150 0.2178 0.0491 0.0672 0.2189 0.2883 0.1394 
  49 0.0053 0.0177 0.0503 0.1040 0.1331 0.2129 0.2950 0.1817 
  50 0.0514 0.0149 0.0302 0.1150 0.0938 0.3851 0.1878 0.1218 
  51 0.0061 0.0062 0.3341 0.0549 0.2237 0.0900 0.1708 0.1143 
  52 0.0046 0.0162 0.0498 0.1376 0.2034 0.2252 0.1667 0.1965 
  53 0.0179 0.0104 0.0318 0.0823 0.3643 0.2173 0.1295 0.1465 
  54 0.0058 0.0137 0.0482 0.0789 0.0531 0.2029 0.3841 0.2133 
  55 0.0049 0.0104 0.0964 0.0632 0.0674 0.1596 0.4338 0.1643 
  56 0.0044 0.0127 0.0546 0.0584 0.1257 0.2160 0.3233 0.2049 
  57 0.0144 0.0280 0.0175 0.0958 0.0831 0.3385 0.1249 0.2977 
  58 0.0052 0.0092 0.0555 0.0899 0.1615 0.1424 0.3470 0.1893 
  59 0.0045 0.0123 0.0440 0.1199 0.2628 0.1301 0.2580 0.1683 
  60 0.0141 0.0063 0.1136 0.0611 0.1931 0.1305 0.2210 0.2602 
  61 0.0059 0.0057 0.1116 0.0638 0.0582 0.0960 0.4257 0.2331 
  62 0.0046 0.0281 0.0246 0.1019 0.0877 0.2485 0.3235 0.1812 
  63 0.0051 0.0060 0.0438 0.1187 0.1506 0.1611 0.2699 0.2448 
  64 0.0044 0.0103 0.0162 0.0897 0.1567 0.3542 0.2444 0.1240 
  65 0.0049 0.0083 0.0193 0.2196 0.0893 0.2707 0.2870 0.1009 
  66 0.0137 0.0067 0.0238 0.1024 0.0831 0.1376 0.3527 0.2801 
  67 0.0052 0.0084 0.1248 0.0773 0.0587 0.1757 0.4161 0.1337 
  68 0.0051 0.0136 0.0496 0.1003 0.2819 0.1173 0.2431 0.1892 
  69 0.2656 0.0116 0.0437 0.1033 0.2235 0.1322 0.1231 0.0970 
  70 0.0116 0.0059 0.0959 0.0982 0.3062 0.1176 0.1448 0.2198 
  71 0.0067 0.0115 0.0710 0.1081 0.2500 0.1270 0.3280 0.0977 
  72 0.0077 0.0080 0.0578 0.0698 0.2528 0.2813 0.1937 0.1289 
  73 0.0080 0.0110 0.0622 0.1068 0.0941 0.1277 0.4774 0.1128 
  74 0.0047 0.0062 0.0493 0.0541 0.3482 0.1194 0.1702 0.2479 
  75 0.0099 0.0080 0.0535 0.0464 0.2419 0.1003 0.2159 0.3242 
  76 0.0052 0.0075 0.0733 0.1264 0.1144 0.2015 0.3091 0.1627 
  77 0.0043 0.0092 0.0855 0.1354 0.2811 0.1265 0.2212 0.1368 
  78 0.0046 0.0105 0.0799 0.1273 0.3562 0.1195 0.1623 0.1397 
  79 0.0062 0.0066 0.0137 0.1382 0.1210 0.3431 0.2332 0.1380 
  80 0.0066 0.0067 0.0157 0.1000 0.0775 0.1428 0.1450 0.5056 
  81 0.0074 0.0069 0.0128 0.1231 0.1042 0.1762 0.1553 0.4142 
  82 0.0057 0.0073 0.0299 0.1050 0.0865 0.1501 0.3871 0.2284 
  83 0.0084 0.0062 0.0226 0.0953 0.1901 0.1905 0.1673 0.3196 
  84 0.0067 0.0061 0.0145 0.1236 0.1684 0.2135 0.1653 0.3019 
  85 0.0083 0.0061 0.0198 0.0620 0.1771 0.2334 0.1556 0.3377 
  86 0.0051 0.0103 0.0311 0.0963 0.0795 0.2216 0.4140 0.1420 
  87 0.0160 0.0071 0.0265 0.2047 0.1888 0.2047 0.2067 0.1456 
  88 0.0056 0.0064 0.0146 0.1251 0.0996 0.1514 0.2415 0.3557 
  89 0.0170 0.0075 0.0144 0.0946 0.0930 0.1554 0.2328 0.3854 
  90 0.0059 0.0063 0.0141 0.2200 0.1271 0.1928 0.2688 0.1650 
  91 0.0079 0.0061 0.0215 0.0615 0.1595 0.1510 0.1265 0.4659 
  92 0.0059 0.0067 0.0144 0.1169 0.1167 0.2287 0.3048 0.2060 
  93 0.0492 0.0064 0.0158 0.0576 0.0698 0.1139 0.1257 0.5617 
  94 0.0070 0.0061 0.0234 0.2537 0.3240 0.1494 0.1024 0.1340 
  95 0.0058 0.0063 0.0146 0.2375 0.1065 0.1317 0.2143 0.2832 
  96 0.0063 0.0065 0.0942 0.0623 0.0640 0.0943 0.3502 0.3221 
  97 0.0050 0.0078 0.0335 0.0464 0.2538 0.1083 0.2739 0.2713 
  98 0.0048 0.0064 0.0711 0.0643 0.1010 0.2182 0.3204 0.2138 
  99 0.0070 0.0063 0.0137 0.1481 0.1390 0.2107 0.1970 0.2782 
 100 0.0057 0.0071 0.0174 0.0478 0.0529 0.1022 0.2386 0.5282 
 101 0.0579 0.0084 0.0333 0.1334 0.1545 0.1773 0.2551 0.1801 
 102 0.0087 0.0089 0.0511 0.1331 0.1403 0.1242 0.1486 0.3852 
 103 0.0373 0.0076 0.0199 0.1398 0.0757 0.1316 0.3908 0.1974 
 104 0.0132 0.0067 0.0171 0.3163 0.0859 0.1644 0.2493 0.1471 
 105 0.0366 0.0096 0.0211 0.2872 0.0621 0.1143 0.2826 0.1864 
 106 0.0043 0.0061 0.0180 0.2545 0.2008 0.2553 0.1781 0.0829 
 107 0.0191 0.0085 0.0236 0.2601 0.0734 0.1350 0.2803 0.2000 
 108 0.0072 0.0053 0.0749 0.0551 0.1964 0.1259 0.4165 0.1188 
 109 0.0093 0.0284 0.0200 0.2977 0.1780 0.1595 0.2237 0.0834 
 110 0.0066 0.0066 0.0161 0.3657 0.1903 0.2077 0.1176 0.0895 
 111 0.0067 0.0077 0.0181 0.4870 0.0597 0.1181 0.1815 0.1212 
 112 0.0052 0.0286 0.0324 0.5136 0.1028 0.1123 0.1074 0.0977 
 113 0.0102 0.0083 0.0241 0.0972 0.1210 0.1855 0.3914 0.1623 
 114 0.0160 0.0068 0.0153 0.3461 0.0733 0.1387 0.2275 0.1763 
 115 0.0053 0.0089 0.0800 0.3318 0.0774 0.1596 0.1951 0.1420 
 116 0.0045 0.0092 0.0382 0.1898 0.2630 0.1662 0.2374 0.0918 
 117 0.0085 0.0110 0.0321 0.4247 0.1406 0.1708 0.1075 0.1048 
 118 0.0048 0.0075 0.0178 0.1653 0.0664 0.1209 0.5013 0.1160 
 119 0.0076 0.0056 0.1493 0.0789 0.1354 0.1116 0.2001 0.3114 
 120 0.0074 0.0098 0.0404 0.3359 0.0794 0.1518 0.2154 0.1599 
 121 0.0097 0.0207 0.1229 0.3490 0.0969 0.1426 0.1597 0.0985 
 122 0.0101 0.0070 0.0173 0.2623 0.1582 0.2285 0.2122 0.1045 
 123 0.0081 0.0069 0.0247 0.3439 0.1301 0.1518 0.1886 0.1458 
 124 0.0053 0.0143 0.0444 0.2356 0.1643 0.1893 0.2366 0.1103 
 125 0.0067 0.0107 0.0507 0.2004 0.2642 0.2329 0.1149 0.1195 
 126 0.0050 0.0051 0.0400 0.1724 0.2580 0.1471 0.2061 0.1661 
 127 0.0051 0.0070 0.0192 0.4738 0.0600 0.1061 0.2011 0.1276 
 128 0.0046 0.0068 0.0178 0.1193 0.0573 0.1319 0.5474 0.1148 
 129 0.0192 0.0091 0.0200 0.2313 0.0692 0.1301 0.4312 0.0898 
 130 0.0182 0.0099 0.0157 0.3394 0.0758 0.1465 0.2105 0.1840 
 131 0.0155 0.0140 0.0501 0.2269 0.3077 0.1519 0.1476 0.0863 
 132 0.0087 0.0070 0.0189 0.2000 0.1512 0.2099 0.3190 0.0852 
 133 0.0138 0.0108 0.0302 0.2687 0.0848 0.1516 0.2978 0.1424 
 134 0.0041 0.0061 0.0147 0.5068 0.1118 0.1639 0.1188 0.0737 
 135 0.0051 0.0102 0.0468 0.0530 0.0864 0.0883 0.2321 0.4781 
 136 0.0142 0.0089 0.0161 0.0428 0.0599 0.1638 0.1187 0.5755 
 137 0.0158 0.0091 0.0157 0.0951 0.0637 0.1015 0.0927 0.6064 
 138 0.0067 0.0063 0.0191 0.0418 0.0755 0.0968 0.0963 0.6576 
 139 0.0116 0.0065 0.0238 0.0461 0.0773 0.1252 0.4132 0.2964 
 140 0.0217 0.0069 0.0269 0.0675 0.1295 0.1348 0.2054 0.4072 
 141 0.0816 0.0086 0.0194 0.0435 0.0870 0.1992 0.1500 0.4107 
 142 0.0195 0.0094 0.0567 0.0498 0.0778 0.0885 0.2821 0.4161 
 143 0.0053 0.0054 0.0151 0.0413 0.0521 0.0835 0.0923 0.7050 
 144 0.0064 0.0084 0.0176 0.0958 0.0582 0.0901 0.0923 0.6311 
 145 0.0126 0.0102 0.0245 0.0442 0.0909 0.2137 0.1799 0.4239 
 146 0.0137 0.0101 0.0182 0.0799 0.1161 0.1750 0.1497 0.4373 
 147 0.0115 0.0063 0.0147 0.0420 0.0569 0.0968 0.0864 0.6854 
 148 0.0877 0.0085 0.0358 0.0663 0.0656 0.1719 0.2032 0.3609 
 149 0.2334 0.0074 0.0308 0.0430 0.1000 0.1028 0.1793 0.3032 
 150 0.0163 0.0108 0.0180 0.1231 0.0719 0.1263 0.1558 0.4777 
 151 0.0055 0.0065 0.0161 0.0562 0.0627 0.1020 0.1304 0.6205 
 152 0.0237 0.0087 0.0694 0.0543 0.0903 0.1826 0.1716 0.3994 
 153 0.0154 0.0061 0.0265 0.0552 0.1079 0.1135 0.1125 0.5630 
 154 0.3206 0.0088 0.0292 0.0427 0.0629 0.1451 0.1711 0.2196 
 155 0.0072 0.0062 0.0151 0.0536 0.0574 0.0982 0.1163 0.6461 
 156 0.0057 0.0060 0.0447 0.0662 0.0599 0.0829 0.1676 0.5670 
 157 0.0149 0.0056 0.0136 0.0999 0.1009 0.1158 0.1041 0.5452 
 158 0.0134 0.0105 0.0216 0.0457 0.0972 0.2019 0.1413 0.4683 
 159 0.1469 0.0078 0.0135 0.0423 0.0570 0.0932 0.1035 0.5358 
 160 0.1481 0.0103 0.0136 0.0426 0.0572 0.0944 0.1275 0.5063 
 161 0.0110 0.0063 0.0196 0.0596 0.1169 0.1357 0.1388 0.5121 
 162 0.0133 0.0134 0.0196 0.0720 0.1065 0.1835 0.2029 0.3887 
 163 0.0063 0.0056 0.0212 0.0535 0.0596 0.0857 0.1041 0.6639 
 164 0.2065 0.0122 0.0161 0.0638 0.0834 0.1387 0.2214 0.2579 
 165 0.0065 0.0101 0.0176 0.1310 0.0682 0.1039 0.1224 0.5403 
 166 0.2214 0.0062 0.0306 0.0767 0.1371 0.1049 0.1517 0.2714 
 167 0.4242 0.0115 0.0161 0.0556 0.0574 0.1761 0.0929 0.1662 
 168 0.0078 0.0069 0.0297 0.0457 0.1459 0.1147 0.1083 0.5409 
 169 0.0116 0.0122 0.0216 0.0448 0.2366 0.1896 0.1281 0.3555 
 170 0.0059 0.0063 0.0358 0.0572 0.0665 0.1017 0.1876 0.5391 
 171 0.0121 0.0070 0.0299 0.0494 0.1144 0.1635 0.1784 0.4453 
 172 0.0379 0.0077 0.0378 0.0428 0.2297 0.0951 0.1581 0.3910 
 173 0.0129 0.0077 0.0141 0.0411 0.0541 0.0971 0.1502 0.6229 
 174 0.0143 0.0066 0.0127 0.0554 0.0686 0.1146 0.1194 0.6083 
 175 0.0065 0.0072 0.0244 0.0408 0.0530 0.1551 0.0978 0.6153 
 176 0.0065 0.0090 0.0175 0.0950 0.0578 0.0901 0.0917 0.6324 
 177 0.0150 0.0075 0.0164 0.0930 0.1684 0.1317 0.1200 0.4479 
 178 0.0185 0.0079 0.0135 0.0527 0.0646 0.2107 0.1282 0.5039 
 179 0.0584 0.0060 0.0136 0.0404 0.0541 0.1003 0.1093 0.6179 
 180 0.0495 0.0121 0.0247 0.0623 0.0999 0.1584 0.1341 0.4591 
 181 0.0108 0.0089 0.0231 0.0437 0.0894 0.1192 0.2071 0.4979 
 182 0.0066 0.0091 0.0209 0.0431 0.0544 0.0870 0.1864 0.5925 
 183 0.0117 0.0066 0.0161 0.0415 0.0555 0.1020 0.1207 0.6459 
 184 0.0046 0.0085 0.0149 0.0589 0.0602 0.2342 0.4877 0.1308 
 185 0.0059 0.0058 0.0664 0.0459 0.0490 0.0749 0.1174 0.6345 
 186 0.0049 0.0073 0.0162 0.0822 0.0616 0.2414 0.4622 0.1240 
 187 0.0079 0.0056 0.0181 0.0578 0.0558 0.1500 0.3543 0.3505 
 188 0.0048 0.0078 0.0158 0.0670 0.0513 0.2082 0.5481 0.0968 
 189 0.0068 0.0060 0.0277 0.0506 0.1550 0.2281 0.1779 0.3481 
 190 0.0049 0.0061 0.0909 0.0428 0.0481 0.0699 0.3905 0.3468 
 191 0.0058 0.0060 0.0144 0.0492 0.0523 0.1406 0.5504 0.1813 
 192 0.0054 0.0055 0.0140 0.0747 0.0626 0.1811 0.3240 0.3327 
 193 0.0054 0.0064 0.0202 0.0559 0.0710 0.1851 0.3568 0.2991 
 194 0.0062 0.0064 0.0293 0.0681 0.0726 0.1463 0.3368 0.3340 
 195 0.0062 0.0059 0.0305 0.0401 0.0502 0.0865 0.3540 0.4267 
 196 0.0052 0.0056 0.0349 0.0580 0.0565 0.0926 0.4634 0.2838 
 197 0.0064 0.0073 0.0213 0.0885 0.0662 0.2817 0.2735 0.2551 
 198 0.0060 0.0057 0.0248 0.0706 0.1230 0.2360 0.2814 0.2523 
 199 0.0050 0.0067 0.0401 0.0580 0.0771 0.0963 0.4432 0.2737 
 200 0.0055 0.0067 0.0410 0.0519 0.0762 0.1440 0.4124 0.2624 
 201 0.0060 0.0053 0.0197 0.0463 0.0471 0.1068 0.2715 0.4974 
 202 0.0050 0.0057 0.0356 0.0595 0.0504 0.0854 0.2193 0.5392 
 203 0.0060 0.0061 0.0162 0.0453 0.0450 0.0929 0.3262 0.4623 
 204 0.0060 0.0064 0.0260 0.0421 0.0494 0.0838 0.5342 0.2521 
 205 0.0059 0.0057 0.0263 0.0501 0.0739 0.1144 0.5116 0.2122 
 206 0.0066 0.0068 0.0195 0.0430 0.0459 0.1060 0.5198 0.2524 
 207 0.0046 0.0057 0.0228 0.0564 0.0463 0.0946 0.6129 0.1569 
 208 0.0065 0.0056 0.0207 0.0461 0.0487 0.0986 0.4353 0.3385 
 209 0.0055 0.0060 0.0197 0.0520 0.0552 0.1523 0.4746 0.2347 
 210 0.0055 0.0054 0.0178 0.0526 0.0496 0.1032 0.5088 0.2572 
 211 0.0044 0.0095 0.0424 0.0881 0.0456 0.0934 0.4124 0.3042 
 212 0.0054 0.0052 0.0307 0.0428 0.0619 0.1333 0.1823 0.5384 
 213 0.0048 0.0061 0.0505 0.0804 0.1144 0.1168 0.3900 0.2369 
 214 0.0048 0.0060 0.0188 0.0469 0.0471 0.1027 0.2520 0.5218 
 215 0.0057 0.0057 0.0200 0.0565 0.0595 0.1088 0.5835 0.1602 
 216 0.0049 0.0091 0.0177 0.0641 0.0667 0.2614 0.4042 0.1719 
 217 0.0056 0.0056 0.0223 0.0457 0.0583 0.1121 0.2900 0.4604 
 218 0.0057 0.0059 0.0154 0.0562 0.0670 0.1223 0.5029 0.2247 
 219 0.0063 0.0101 0.0178 0.0547 0.0813 0.2554 0.2440 0.3304 
 220 0.0058 0.0060 0.0161 0.0463 0.0469 0.0983 0.5996 0.1809 
 221 0.0047 0.0061 0.0474 0.0391 0.0511 0.0798 0.1541 0.6178 
 222 0.0056 0.0084 0.0179 0.0628 0.0674 0.3152 0.2890 0.2336 
 223 0.0076 0.0055 0.0195 0.0608 0.0687 0.1638 0.2584 0.4156 
 224 0.0066 0.0067 0.0172 0.0447 0.0458 0.1076 0.3737 0.3977 
 225 0.0055 0.0059 0.0274 0.0485 0.0610 0.1091 0.4790 0.2636 
 226 0.0072 0.0084 0.0183 0.0584 0.1662 0.1614 0.3336 0.2466 
 227 0.0071 0.0056 0.0475 0.0588 0.0510 0.0916 0.3868 0.3518 
 228 0.0062 0.0070 0.0850 0.0449 0.0488 0.0809 0.3264 0.4007 
 229 0.0060 0.0065 0.0138 0.0502 0.0463 0.1220 0.3472 0.4080 
 230 0.0052 0.0067 0.0141 0.0471 0.0459 0.1041 0.4372 0.3397 
 231 0.0060 0.0061 0.0146 0.0468 0.0518 0.1602 0.3533 0.3611 
 232 0.0050 0.0069 0.0285 0.0635 0.1247 0.1308 0.2825 0.3580 
 233 0.0052 0.0058 0.0159 0.0471 0.0465 0.1044 0.2237 0.5514 
 234 0.0056 0.0054 0.0152 0.0661 0.0674 0.2257 0.3285 0.2862 
 235 0.0059 0.0064 0.0223 0.0532 0.0801 0.1463 0.3147 0.3712 
 236 0.0049 0.0059 0.0156 0.0541 0.0586 0.1390 0.2890 0.4329 
 237 0.0048 0.0064 0.0250 0.0507 0.0545 0.1058 0.5727 0.1801 
 238 0.0050 0.0053 0.0191 0.0612 0.0537 0.1239 0.2407 0.4911 
 239 0.0059 0.0058 0.0307 0.0403 0.0499 0.0867 0.3527 0.4281 
 240 0.0050 0.0053 0.0188 0.0612 0.0537 0.1222 0.2428 0.4909 
 241 0.0058 0.0068 0.0248 0.0463 0.0643 0.0985 0.2546 0.4989 
 242 0.0072 0.0065 0.0257 0.0466 0.0862 0.1795 0.3598 0.2886 
 243 0.0050 0.0062 0.0391 0.0473 0.0450 0.0795 0.4823 0.2957 
 244 0.0052 0.0062 0.0156 0.0448 0.0458 0.0979 0.3717 0.4129 
 245 0.0055 0.0050 0.0239 0.0514 0.0588 0.0945 0.1644 0.5965 
 246 0.0055 0.0055 0.0216 0.0457 0.0576 0.1121 0.2910 0.4609 
 247 0.0048 0.0053 0.0224 0.1146 0.1296 0.1678 0.4380 0.1176 
 248 0.0044 0.0054 0.0187 0.0618 0.0543 0.1131 0.6195 0.1228 
 249 0.0049 0.0062 0.0179 0.0508 0.0475 0.1119 0.3338 0.4270 
 250 0.0052 0.0061 0.0143 0.0579 0.0556 0.1489 0.3583 0.3537 
 251 0.0061 0.0070 0.0247 0.0642 0.1101 0.2110 0.3719 0.2050 
 252 0.0060 0.0056 0.0280 0.0521 0.0635 0.1307 0.3621 0.3519 
 253 0.0051 0.0058 0.0264 0.0849 0.1132 0.1415 0.4404 0.1828 
 254 0.0053 0.0081 0.0201 0.0579 0.0546 0.2580 0.3462 0.2497 
 255 0.0058 0.0057 0.0193 0.0555 0.0574 0.2028 0.3498 0.3036 
 256 0.0052 0.0064 0.0231 0.0504 0.0582 0.1124 0.3651 0.3792 
 257 0.0081 0.0133 0.0216 0.0627 0.0641 0.1265 0.4416 0.2622 
 258 0.0058 0.0055 0.0423 0.0681 0.0795 0.1457 0.4391 0.2141 
 259 0.0056 0.0067 0.0168 0.0542 0.0542 0.1339 0.4749 0.2538 
 260 0.0051 0.0076 0.0154 0.0602 0.0548 0.2762 0.1935 0.3872 
 261 0.0057 0.0053 0.0332 0.0482 0.0658 0.1171 0.2843 0.4405 
 262 0.0051 0.0061 0.0414 0.0396 0.0605 0.0814 0.3158 0.4500 
 263 0.0046 0.0095 0.0183 0.0508 0.0455 0.1638 0.5497 0.1579 
 264 0.0042 0.0111 0.0182 0.0609 0.0733 0.3954 0.3334 0.1033 
 265 0.0058 0.0057 0.0178 0.0541 0.0727 0.1604 0.3794 0.3041 
 266 0.0049 0.0057 0.0324 0.0402 0.0509 0.0794 0.1796 0.6070 
 267 0.0050 0.0060 0.0211 0.0659 0.0533 0.1592 0.3710 0.3185 
 268 0.0053 0.0055 0.0342 0.0583 0.0560 0.0930 0.4665 0.2811 
 269 0.0061 0.0057 0.0177 0.0540 0.0931 0.2613 0.2431 0.3190 
 270 0.0093 0.0089 0.0175 0.0616 0.0626 0.2310 0.4516 0.1573 
 271 0.0055 0.0059 0.0244 0.0652 0.0712 0.1255 0.5041 0.1983 
 272 0.0074 0.0081 0.0272 0.0643 0.1502 0.1286 0.4075 0.2066 
 273 0.0592 0.0303 0.0272 0.0762 0.0942 0.1824 0.2613 0.2692 
 274 0.0059 0.0063 0.0166 0.0591 0.0897 0.1629 0.4278 0.2316 
 275 0.0354 0.0112 0.0209 0.0537 0.0801 0.1625 0.4059 0.2302 
 276 0.0059 0.0084 0.0281 0.0695 0.1316 0.1200 0.4572 0.1793 
 277 0.0060 0.0059 0.0178 0.0591 0.0704 0.1786 0.2921 0.3701 
 278 0.0053 0.0056 0.0235 0.0542 0.0609 0.1031 0.5533 0.1940 
 279 0.0055 0.0062 0.0172 0.0572 0.0698 0.1502 0.4007 0.2930 
 280 0.0052 0.0062 0.0215 0.0527 0.1066 0.1810 0.3551 0.2717 
 281 0.0057 0.0061 0.0182 0.0654 0.0804 0.1439 0.4471 0.2331 
 282 0.0053 0.0051 0.0149 0.0567 0.0590 0.1616 0.2036 0.4939 
 283 0.0064 0.0056 0.0182 0.0553 0.0469 0.1211 0.2174 0.5290 
 284 0.0115 0.0056 0.0210 0.0776 0.0660 0.1474 0.3462 0.3247 
 285 0.0044 0.0058 0.0282 0.0577 0.0814 0.1216 0.6071 0.0939 
 286 0.0051 0.0060 0.0155 0.0444 0.0456 0.0975 0.3733 0.4125 
 287 0.0066 0.0062 0.0164 0.0661 0.1049 0.1894 0.3147 0.2956 
 288 0.0072 0.0071 0.0179 0.0556 0.1195 0.1411 0.4535 0.1980 
 289 0.0124 0.0092 0.0393 0.0814 0.0793 0.1484 0.4627 0.1674 
 290 0.0044 0.0114 0.0409 0.0555 0.0782 0.1930 0.3790 0.2377 
 291 0.0058 0.0062 0.0242 0.0643 0.0717 0.1257 0.5041 0.1980 
 292 0.0054 0.0059 0.0395 0.0470 0.1295 0.1417 0.2967 0.3343 
 293 0.0044 0.0082 0.0444 0.0657 0.0943 0.2571 0.3641 0.1619 
 294 0.0049 0.0105 0.0245 0.0488 0.0558 0.1591 0.5502 0.1462 
 295 0.0248 0.0089 0.0379 0.0739 0.1312 0.1415 0.4034 0.1785 
 296 0.0056 0.0061 0.0201 0.0598 0.0624 0.0991 0.5567 0.1903 
 297 0.0056 0.0062 0.0186 0.0546 0.1022 0.2056 0.4034 0.2038 
 298 0.0055 0.0058 0.0139 0.0617 0.0566 0.1810 0.2615 0.4140 
 299 0.0055 0.0104 0.0163 0.0537 0.0463 0.2191 0.4661 0.1826 
 300 0.0046 0.0063 0.0202 0.0454 0.0686 0.1099 0.6146 0.1305 
 301 0.0091 0.0089 0.0159 0.0547 0.0679 0.2594 0.4259 0.1580 
 302 0.0098 0.0107 0.0355 0.0501 0.0581 0.1449 0.5478 0.1430 
 303 0.0054 0.0066 0.0194 0.0472 0.0700 0.1313 0.3171 0.4030 
 304 0.0106 0.0083 0.0136 0.0783 0.0629 0.2866 0.1440 0.3959 
 305 0.0116 0.0064 0.0248 0.0396 0.0631 0.0912 0.4544 0.3090 
 306 0.0056 0.0062 0.0204 0.0505 0.0717 0.1349 0.2546 0.4562 
 307 0.0060 0.0073 0.0170 0.0584 0.0687 0.1562 0.3553 0.3312 
 308 0.0056 0.0053 0.0330 0.0475 0.0656 0.1174 0.2830 0.4425 
 309 0.0353 0.0208 0.0377 0.0738 0.0572 0.1118 0.4979 0.1655 
 310 0.0048 0.0056 0.0254 0.0448 0.0466 0.0940 0.4111 0.3676 
 311 0.0052 0.0064 0.0142 0.0471 0.0456 0.1027 0.4395 0.3394 
 312 0.0057 0.0054 0.0195 0.0574 0.0471 0.0921 0.5940 0.1787 
 313 0.0052 0.0060 0.0432 0.0493 0.0550 0.0880 0.6284 0.1249 
 314 0.0843 0.0064 0.0316 0.0429 0.0620 0.0863 0.0984 0.5882 
 315 0.0814 0.0055 0.0365 0.0435 0.0950 0.1038 0.0924 0.5419 
 316 0.2499 0.0078 0.0217 0.0467 0.0955 0.1148 0.0869 0.3767 
 317 0.0943 0.0071 0.0180 0.0440 0.0620 0.0928 0.0895 0.5922 
 318 0.2601 0.0066 0.0127 0.0424 0.0596 0.0986 0.0809 0.4391 
 319 0.0053 0.0065 0.0156 0.0414 0.0517 0.0854 0.0962 0.6978 
 320 0.0819 0.0064 0.0315 0.0429 0.0621 0.0862 0.0980 0.5910 
 321 0.2115 0.0067 0.0170 0.0442 0.0630 0.0992 0.0875 0.4709 
 322 0.0730 0.0086 0.0430 0.0498 0.1028 0.1112 0.0996 0.5119 
 323 0.0713 0.0170 0.0134 0.0435 0.0568 0.1001 0.0855 0.6124 
 324 0.2137 0.0067 0.0165 0.0435 0.0629 0.1003 0.0868 0.4695 
 325 0.3375 0.0059 0.0181 0.0447 0.0862 0.1056 0.0828 0.3191 
 326 0.4788 0.0061 0.0167 0.0449 0.0776 0.1021 0.0814 0.1924 
 327 0.0941 0.0070 0.0182 0.0443 0.0612 0.0926 0.0894 0.5932 
 328 0.0803 0.0060 0.0270 0.0462 0.0995 0.1127 0.1042 0.5241 
 329 0.0129 0.0056 0.0124 0.0414 0.0551 0.0940 0.0791 0.6995 
 330 0.0966 0.0074 0.0181 0.0438 0.0614 0.0927 0.0879 0.5920 
 331 0.0540 0.0059 0.0124 0.0413 0.0553 0.0933 0.0887 0.6491 
 332 0.4664 0.0078 0.0165 0.0450 0.0794 0.1055 0.0816 0.1979 
 333 0.3573 0.0067 0.0185 0.0452 0.0818 0.1008 0.0990 0.2906 
 334 0.0797 0.0059 0.0269 0.0463 0.1001 0.1129 0.1026 0.5257 
 335 0.0253 0.0059 0.0317 0.0465 0.0927 0.1033 0.0898 0.6048 
 336 0.3985 0.0081 0.0223 0.0415 0.0597 0.0946 0.0900 0.2853 
 337 0.2786 0.0064 0.0270 0.0469 0.0929 0.1084 0.0910 0.3487 
 338 0.4311 0.0064 0.0124 0.0420 0.0580 0.1006 0.0798 0.2698 
 339 0.0526 0.0060 0.0123 0.0413 0.0552 0.0939 0.0890 0.6498 
 340 0.0175 0.0056 0.0132 0.0410 0.0512 0.0838 0.0879 0.6999 
 341 0.1966 0.0113 0.0139 0.0422 0.0553 0.0934 0.0919 0.4954 
 342 0.0921 0.0072 0.0179 0.0439 0.0614 0.0924 0.0890 0.5962 
 343 0.0751 0.0129 0.0582 0.0462 0.0962 0.1099 0.0954 0.5060 
 344 0.0563 0.0060 0.0125 0.0416 0.0550 0.0940 0.0795 0.6550 
 345 0.0962 0.0071 0.0179 0.0440 0.0616 0.0920 0.0886 0.5925 
 346 0.1183 0.0069 0.0145 0.0435 0.0590 0.0911 0.0836 0.5832 
 347 0.0168 0.0058 0.0131 0.0408 0.0514 0.0844 0.0791 0.7086 
 348 0.0210 0.0053 0.0600 0.0448 0.0896 0.0957 0.0992 0.5844 
 349 0.0952 0.0072 0.0178 0.0441 0.0616 0.0927 0.0894 0.5919 
 350 0.0123 0.0059 0.0189 0.0398 0.0557 0.0888 0.0992 0.6793 
 351 0.0244 0.0059 0.0311 0.0461 0.0931 0.1045 0.0903 0.6046 
 352 0.1367 0.0067 0.0340 0.0479 0.0988 0.1051 0.0969 0.4740 
 353 0.3975 0.0083 0.0218 0.0415 0.0615 0.0942 0.0914 0.2838 
 354 0.0791 0.0090 0.0140 0.0431 0.0577 0.0986 0.0844 0.6139 
 355 0.2602 0.0065 0.0128 0.0424 0.0593 0.0980 0.0791 0.4419 
 356 0.0068 0.0051 0.0589 0.0446 0.0902 0.0953 0.0965 0.6025 
 357 0.0089 0.0056 0.0211 0.0491 0.1420 0.2404 0.1018 0.4310 
 358 0.3421 0.0058 0.0176 0.0454 0.0819 0.1071 0.0828 0.3174 
 359 0.2867 0.0061 0.0123 0.0423 0.0566 0.0979 0.0929 0.4052 
 360 0.1145 0.0067 0.0146 0.0431 0.0602 0.0911 0.0842 0.5857 
 361 0.0075 0.0058 0.0297 0.0510 0.1454 0.2423 0.1140 0.4043 
 362 0.0135 0.0064 0.0190 0.0805 0.2595 0.2112 0.2770 0.1328 
 363 0.0075 0.0083 0.0258 0.1226 0.1800 0.3444 0.2048 0.1067 
 364 0.0111 0.0196 0.0250 0.0825 0.0749 0.3274 0.1695 0.2899 
 365 0.0095 0.0215 0.0212 0.0721 0.2068 0.3705 0.1729 0.1253 
 366 0.0075 0.0080 0.0796 0.0552 0.1256 0.2938 0.2285 0.2017 
 367 0.0047 0.0060 0.0153 0.2920 0.2511 0.2290 0.1154 0.0866 
 368 0.0059 0.0069 0.0141 0.1248 0.1002 0.2562 0.3538 0.1382 
 369 0.0222 0.0108 0.1209 0.0645 0.0833 0.2765 0.1716 0.2502 
 370 0.0231 0.0161 0.0217 0.2002 0.0848 0.2133 0.2982 0.1425 
 371 0.0250 0.0129 0.0304 0.0696 0.0701 0.3682 0.2544 0.1694 
 372 0.0335 0.0491 0.0275 0.1070 0.0830 0.1451 0.3974 0.1574 
 373 0.0059 0.0076 0.0199 0.1973 0.1049 0.2795 0.1813 0.2035 
 374 0.0092 0.0104 0.0243 0.1079 0.1287 0.2617 0.1638 0.2940 
 375 0.0095 0.0178 0.0162 0.1215 0.0994 0.4727 0.1622 0.1007 
 376 0.0067 0.1009 0.0168 0.0891 0.2259 0.3704 0.0931 0.0970 
 377 0.0193 0.0083 0.0236 0.0778 0.1878 0.2221 0.3359 0.1253 
 378 0.0206 0.0071 0.0200 0.3199 0.1045 0.1279 0.1470 0.2530 
 379 0.0094 0.1727 0.0213 0.1147 0.1709 0.3118 0.1106 0.0886 
 380 0.0130 0.0137 0.0360 0.0495 0.2900 0.2135 0.1460 0.2383 
 381 0.0065 0.0120 0.0598 0.0474 0.1352 0.3875 0.1226 0.2290 
 382 0.0095 0.0056 0.0136 0.1104 0.1093 0.5153 0.1267 0.1095 
 383 0.2242 0.0129 0.0165 0.0501 0.2080 0.2250 0.1379 0.1254 
 384 0.0803 0.0550 0.0200 0.0897 0.1010 0.3843 0.1144 0.1553 
 385 0.1591 0.0367 0.0139 0.1726 0.0663 0.2562 0.1459 0.1492 
 386 0.0051 0.0053 0.0169 0.1161 0.2263 0.3684 0.1525 0.1094 
 387 0.0051 0.0062 0.0191 0.1317 0.1999 0.3681 0.1390 0.1309 
 388 0.0177 0.0221 0.0166 0.1236 0.1042 0.2975 0.1552 0.2630 
 389 0.0189 0.0173 0.0485 0.0860 0.0597 0.1463 0.5090 0.1145 
 390 0.0177 0.0197 0.0605 0.1656 0.3366 0.1671 0.1292 0.1036 
 391 0.0129 0.0251 0.0423 0.2191 0.1178 0.1741 0.2347 0.1740 
 392 0.0057 0.0091 0.0185 0.0872 0.1825 0.3301 0.1605 0.2064 
 393 0.0085 0.0106 0.0555 0.0592 0.4127 0.1755 0.0931 0.1848 
 394 0.0229 0.0058 0.0192 0.1027 0.2291 0.1988 0.1453 0.2761 
 395 0.0042 0.0050 0.0249 0.0914 0.2819 0.1320 0.3337 0.1269 
 396 0.0042 0.0064 0.0134 0.1268 0.1089 0.4714 0.1801 0.0888 
 397 0.0061 0.0820 0.0191 0.0549 0.0598 0.2787 0.2642 0.2351 
 398 0.0053 0.0362 0.0152 0.1150 0.4639 0.1645 0.1072 0.0927 
 399 0.0102 0.0066 0.0239 0.3292 0.1818 0.1479 0.1882 0.1122 
 400 0.0049 0.0082 0.0196 0.1538 0.1439 0.4012 0.1122 0.1561 
 401 0.0049 0.0063 0.0326 0.2238 0.2314 0.1478 0.1854 0.1678 
 402 0.0069 0.0088 0.0727 0.1333 0.1116 0.2998 0.2067 0.1604 
 403 0.0068 0.0113 0.0199 0.1141 0.1137 0.1706 0.1521 0.4114 
 404 0.0045 0.0106 0.0151 0.1026 0.0922 0.3497 0.2266 0.1986 
 405 0.0058 0.0055 0.0237 0.0648 0.2153 0.2875 0.2277 0.1698 
 406 0.0049 0.0052 0.0574 0.0519 0.3554 0.1198 0.1686 0.2367 
 407 0.0043 0.0056 0.0139 0.0707 0.3525 0.3284 0.1334 0.0911 
 408 0.0043 0.0051 0.0388 0.2204 0.1382 0.1253 0.3794 0.0885 
 409 0.0086 0.0134 0.0671 0.0666 0.2622 0.1196 0.1164 0.3460 
 410 0.0090 0.0735 0.0290 0.1485 0.1997 0.2388 0.1424 0.1592 
 411 0.0341 0.0184 0.0662 0.0793 0.1049 0.4168 0.1099 0.1704 
 412 0.0059 0.0061 0.0145 0.1199 0.1058 0.3332 0.2899 0.1246 
 413 0.0172 0.0058 0.0157 0.1208 0.1633 0.2389 0.2138 0.2246 
 414 0.0093 0.0064 0.0140 0.1885 0.0874 0.3371 0.2733 0.0839 
 415 0.0046 0.0070 0.0375 0.0874 0.2269 0.3440 0.1641 0.1285 
 416 0.0051 0.0107 0.0433 0.1642 0.1580 0.2702 0.1559 0.1926 
 417 0.0064 0.0068 0.0212 0.0820 0.3973 0.2535 0.1317 0.1011 
 418 0.0050 0.0080 0.0125 0.2174 0.1209 0.3783 0.1566 0.1013 
 419 0.0095 0.0158 0.0275 0.1147 0.1859 0.2091 0.1624 0.2753 
 420 0.0042 0.0056 0.0621 0.1909 0.2749 0.1480 0.1970 0.1174 
 421 0.0068 0.0071 0.0184 0.1136 0.3052 0.2194 0.2236 0.1059 
 422 0.0050 0.0075 0.0231 0.0535 0.2985 0.1311 0.3576 0.1237 
 423 0.0049 0.0096 0.0229 0.0893 0.1876 0.3260 0.2052 0.1545 
 424 0.0074 0.0110 0.0906 0.2448 0.2070 0.1562 0.1285 0.1546 
 425 0.0093 0.0343 0.0211 0.0974 0.1053 0.3628 0.1802 0.1895 
 426 0.0397 0.0334 0.0248 0.2222 0.1628 0.2188 0.1400 0.1583 
 427 0.0150 0.0058 0.0148 0.0973 0.4363 0.1651 0.0926 0.1731 
 428 0.0067 0.0218 0.0276 0.0559 0.3571 0.1210 0.1694 0.2406 
 429 0.0046 0.0067 0.0145 0.1417 0.2268 0.4048 0.1136 0.0871 
 430 0.0057 0.0064 0.0182 0.0678 0.4653 0.1964 0.1408 0.0994 
 431 0.0152 0.0125 0.0165 0.2221 0.1219 0.2169 0.2270 0.1678 
 432 0.0058 0.0068 0.0151 0.1251 0.1266 0.2497 0.3236 0.1474 
 433 0.0069 0.0104 0.0215 0.0860 0.0734 0.1769 0.2571 0.3679 
 434 0.0061 0.0072 0.0253 0.0650 0.1063 0.3637 0.2314 0.1950 
 435 0.0049 0.0051 0.0172 0.0700 0.5557 0.1511 0.1065 0.0896 
 436 0.0056 0.0080 0.0363 0.1515 0.4253 0.1666 0.0736 0.1330 
 437 0.0054 0.0079 0.0170 0.0587 0.1395 0.5516 0.1192 0.1006 
 438 0.0068 0.0064 0.0605 0.1001 0.4739 0.0938 0.1169 0.1416 
 439 0.0053 0.0056 0.0152 0.0733 0.5764 0.1373 0.0765 0.1103 
 440 0.0045 0.0049 0.0212 0.1062 0.4503 0.2351 0.0988 0.0790 
 441 0.0077 0.0062 0.0209 0.0692 0.4094 0.2100 0.1069 0.1699 
 442 0.0041 0.0091 0.0247 0.1572 0.1648 0.3597 0.1715 0.1089 
 443 0.0051 0.0063 0.0780 0.2665 0.2869 0.1350 0.1301 0.0922 
 444 0.0047 0.0094 0.0361 0.1236 0.2212 0.3510 0.1485 0.1055 
 445 0.0056 0.0412 0.0315 0.0645 0.3869 0.1442 0.1085 0.2176 
 446 0.0065 0.0420 0.0151 0.1760 0.4551 0.1351 0.0729 0.0974 
 447 0.0054 0.0098 0.0386 0.1022 0.3831 0.1638 0.1286 0.1685 
 448 0.0055 0.0059 0.0191 0.0761 0.3467 0.3015 0.1394 0.1060 
 449 0.0056 0.0062 0.0188 0.0711 0.3220 0.2805 0.1415 0.1543 
 450 0.0063 0.0093 0.0134 0.1032 0.1728 0.4476 0.0840 0.1635 
 451 0.0049 0.0065 0.0224 0.2308 0.1690 0.2567 0.2294 0.0803 
 452 0.0055 0.0067 0.0140 0.1010 0.2515 0.3727 0.0913 0.1573 
 453 0.0056 0.0066 0.1323 0.1328 0.2047 0.1277 0.2380 0.1524 
 454 0.0140 0.0057 0.0209 0.0733 0.2908 0.3195 0.1242 0.1516 
 455 0.0055 0.0053 0.0324 0.0928 0.5660 0.1252 0.0816 0.0911 
 456 0.0048 0.0071 0.0685 0.0989 0.3568 0.2224 0.1476 0.0939 
 457 0.0054 0.0070 0.0176 0.0579 0.3013 0.3937 0.1081 0.1090 
 458 0.0058 0.0436 0.0156 0.0911 0.4573 0.1800 0.0946 0.1120 
 459 0.0058 0.0056 0.0197 0.1134 0.4704 0.1324 0.0716 0.1812 
 460 0.0053 0.0053 0.0184 0.1469 0.5051 0.1475 0.0794 0.0921 
 461 0.0052 0.0077 0.0126 0.3360 0.2213 0.2410 0.0763 0.0999 
 462 0.0059 0.0155 0.0424 0.1717 0.2578 0.2505 0.1818 0.0744 
 463 0.0063 0.0053 0.1220 0.0583 0.3978 0.1130 0.1680 0.1293 
 464 0.0045 0.0049 0.0316 0.1366 0.4924 0.1386 0.0998 0.0915 
 465 0.0056 0.0086 0.0277 0.1868 0.3320 0.1688 0.1592 0.1112 
 466 0.0046 0.0050 0.0559 0.1030 0.4341 0.1336 0.1663 0.0974 
 467 0.0071 0.0065 0.0290 0.0913 0.3866 0.1873 0.1570 0.1354 
 468 0.0046 0.0058 0.0392 0.0522 0.4754 0.2271 0.1041 0.0915 
 469 0.0051 0.0052 0.0168 0.0544 0.6408 0.1151 0.0714 0.0911 
 470 0.0048 0.0053 0.0156 0.0923 0.5837 0.1232 0.0844 0.0906 
 471 0.0047 0.0087 0.0824 0.1413 0.1715 0.2651 0.2102 0.1162 
 472 0.0052 0.0081 0.0373 0.1039 0.2797 0.2765 0.1738 0.1157 
 473 0.0066 0.0060 0.0234 0.0603 0.2749 0.3000 0.1803 0.1485 
 474 0.0052 0.0061 0.0266 0.0979 0.2776 0.3138 0.1086 0.1641 
 475 0.0054 0.0063 0.0225 0.1625 0.3101 0.1727 0.1431 0.1773 
 476 0.0055 0.0092 0.0340 0.0983 0.2851 0.3673 0.0860 0.1146 
 477 0.0064 0.0085 0.0382 0.2409 0.2586 0.1782 0.1275 0.1417 
 478 0.0061 0.0088 0.0204 0.4595 0.1922 0.1298 0.0920 0.0912 
 479 0.0049 0.0054 0.0174 0.0896 0.4299 0.2766 0.0858 0.0904 
 480 0.0052 0.0068 0.0171 0.0711 0.3106 0.4006 0.0848 0.1038 
 481 0.0042 0.0068 0.0169 0.0851 0.1612 0.3247 0.2927 0.1085 
 482 0.0048 0.0066 0.0140 0.1216 0.3082 0.3668 0.0848 0.0932 
 483 0.0063 0.0065 0.0172 0.1080 0.5315 0.1416 0.0779 0.1110 
 484 0.0056 0.0066 0.0515 0.0722 0.4939 0.1062 0.1611 0.1027 
 485 0.0059 0.0057 0.0219 0.0963 0.5924 0.1103 0.0767 0.0908 
 486 0.0059 0.0132 0.0505 0.1251 0.0741 0.2355 0.3580 0.1378 
 487 0.0075 0.0131 0.0267 0.0937 0.0759 0.2913 0.2467 0.2451 
 488 0.0079 0.0136 0.0205 0.1947 0.0752 0.1851 0.3011 0.2017 
 489 0.0066 0.0102 0.0681 0.0557 0.0530 0.3285 0.2192 0.2588 
 490 0.0049 0.0081 0.0476 0.2442 0.1036 0.2523 0.2397 0.0997 
 491 0.0060 0.0120 0.0215 0.0735 0.0623 0.1691 0.4225 0.2329 
 492 0.0067 0.0081 0.0313 0.2238 0.0794 0.1238 0.1610 0.3659 
 493 0.0079 0.0164 0.0237 0.1087 0.0521 0.2585 0.3729 0.1599 
 494 0.0055 0.0386 0.0233 0.0954 0.0795 0.2272 0.2994 0.2309 
 495 0.0068 0.0333 0.0455 0.3072 0.0646 0.1500 0.1190 0.2736 
 496 0.0067 0.0066 0.0310 0.0679 0.0946 0.1587 0.2237 0.4108 
 497 0.0101 0.0325 0.0219 0.0862 0.0574 0.2394 0.3351 0.2173 
 498 0.0063 0.0165 0.0765 0.1570 0.0697 0.2636 0.2388 0.1715 
 499 0.0080 0.0295 0.0288 0.0595 0.0676 0.2245 0.2429 0.3393 
 500 0.0055 0.0167 0.0203 0.0619 0.0757 0.3621 0.2994 0.1583 
 501 0.0052 0.0118 0.0142 0.0887 0.0967 0.2979 0.1706 0.3150 
 502 0.0057 0.0102 0.0130 0.2052 0.0874 0.1810 0.1512 0.3463 
 503 0.0049 0.0078 0.0174 0.0740 0.1211 0.4413 0.2044 0.1292 
 504 0.0054 0.0146 0.0355 0.3028 0.0886 0.1646 0.2528 0.1358 
 505 0.0045 0.0102 0.0270 0.0857 0.0708 0.1392 0.4358 0.2269 
 506 0.0054 0.0092 0.0181 0.2108 0.0662 0.1603 0.2163 0.3137 
 507 0.0067 0.0076 0.0357 0.0430 0.0612 0.0983 0.1783 0.5692 
 508 0.0080 0.0181 0.0534 0.0540 0.0510 0.1017 0.1898 0.5240 
 509 0.0049 0.0082 0.0248 0.0719 0.0800 0.1281 0.3663 0.3158 
 510 0.0047 0.0203 0.0209 0.0750 0.0564 0.3043 0.1505 0.3678 
 511 0.0052 0.0134 0.0241 0.1439 0.1677 0.2867 0.2048 0.1542 
 512 0.0043 0.0088 0.0138 0.1270 0.1040 0.4758 0.1610 0.1055 
 513 0.0063 0.0506 0.0594 0.2743 0.0436 0.0827 0.3288 0.1542 
 514 0.0097 0.0087 0.0214 0.2375 0.1200 0.1765 0.2533 0.1729 
 515 0.0061 0.0133 0.0473 0.0685 0.2203 0.1991 0.1797 0.2657 
 516 0.0057 0.0098 0.0317 0.1687 0.0884 0.1310 0.4000 0.1647 
 517 0.0064 0.0074 0.0586 0.0770 0.2523 0.1476 0.1927 0.2580 
 518 0.0071 0.0592 0.0154 0.0584 0.0608 0.3203 0.1921 0.2867 
 519 0.0051 0.0073 0.0208 0.2999 0.1353 0.1544 0.1882 0.1890 
 520 0.0067 0.0074 0.0771 0.0466 0.2571 0.1118 0.1529 0.3404 
 521 0.1512 0.0063 0.0227 0.1092 0.0804 0.1394 0.2480 0.2428 
 522 0.0060 0.0250 0.1644 0.0698 0.1087 0.3392 0.1446 0.1422 
 523 0.0160 0.0083 0.1848 0.0781 0.1605 0.1153 0.1680 0.2690 
 524 0.0066 0.0079 0.0387 0.0573 0.3724 0.1400 0.1824 0.1947 
 525 0.0080 0.0704 0.0313 0.0491 0.1697 0.1979 0.1714 0.3022 
 526 0.0054 0.0056 0.0821 0.0454 0.4006 0.0953 0.1965 0.1691 
 527 0.0051 0.0690 0.0148 0.1498 0.0775 0.3513 0.1888 0.1437 
 528 0.0193 0.0054 0.0200 0.0599 0.0561 0.1270 0.2568 0.4554 
 529 0.0086 0.0719 0.0196 0.0839 0.0723 0.1696 0.3431 0.2309 
 530 0.0053 0.0085 0.0443 0.0707 0.1534 0.3512 0.1697 0.1968 
 531 0.0163 0.0076 0.0246 0.0637 0.2079 0.1681 0.1308 0.3811 
 532 0.0398 0.0214 0.0268 0.0753 0.0581 0.2526 0.2312 0.2948 
 533 0.0065 0.0574 0.0349 0.0560 0.1501 0.2528 0.2721 0.1702 
 534 0.0060 0.0654 0.0556 0.1071 0.0583 0.0929 0.3745 0.2403 
 535 0.0055 0.0061 0.0687 0.0977 0.2875 0.1354 0.2255 0.1736 
 536 0.0066 0.0080 0.0329 0.0977 0.2094 0.1587 0.1928 0.2940 
 537 0.0178 0.0092 0.0909 0.0896 0.0877 0.1451 0.1751 0.3846 
 538 0.0060 0.0058 0.0473 0.0586 0.1176 0.1668 0.2863 0.3117 
 539 0.0050 0.0057 0.0255 0.0485 0.0471 0.1165 0.1588 0.5927 
 540 0.1480 0.0062 0.0398 0.0502 0.1206 0.1531 0.3256 0.1566 
 541 0.0767 0.0089 0.0382 0.0793 0.1257 0.1545 0.1445 0.3722 
 542 0.0047 0.0073 0.0476 0.0577 0.2644 0.1237 0.3524 0.1422 
 543 0.1015 0.0088 0.1451 0.1207 0.1315 0.1085 0.1828 0.2013 
 544 0.0106 0.0060 0.1229 0.0628 0.1908 0.1399 0.2666 0.2004 
 545 0.0058 0.0066 0.1465 0.0972 0.2956 0.1128 0.2265 0.1089 
 546 0.0124 0.0074 0.0471 0.0638 0.1296 0.1380 0.3949 0.2069 
 547 0.0071 0.0067 0.2727 0.0810 0.1452 0.0976 0.1336 0.2561 
 548 0.0052 0.0063 0.0141 0.0571 0.0559 0.1485 0.3605 0.3525 
 549 0.0074 0.0078 0.0555 0.0667 0.2286 0.1047 0.0917 0.4376 
 550 0.0049 0.0058 0.1516 0.1111 0.2641 0.1409 0.1472 0.1744 
 551 0.0083 0.0083 0.0305 0.0827 0.1266 0.1272 0.1074 0.5090 
 552 0.0054 0.0062 0.0358 0.0490 0.0792 0.1522 0.3727 0.2996 
 553 0.0265 0.0085 0.3175 0.0874 0.0875 0.0905 0.1575 0.2244 
 554 0.1797 0.0092 0.0385 0.0722 0.1039 0.2486 0.2260 0.1219 
 555 0.0170 0.0103 0.0695 0.0828 0.0714 0.1395 0.1925 0.4170 
 556 0.0104 0.0064 0.0323 0.0646 0.0944 0.1592 0.3750 0.2577 
 557 0.0134 0.0060 0.0488 0.1156 0.3564 0.1310 0.1253 0.2035 
 558 0.0046 0.0064 0.0130 0.1244 0.3407 0.3390 0.0754 0.0966 
 559 0.0070 0.0070 0.0315 0.1301 0.0823 0.2128 0.4004 0.1289 
 560 0.0043 0.0061 0.0155 0.3122 0.2891 0.1516 0.1449 0.0763 
 561 0.0049 0.0070 0.0244 0.1293 0.2472 0.2563 0.2325 0.0984 
 562 0.0050 0.0075 0.0442 0.1833 0.1386 0.2836 0.2622 0.0756 
 563 0.0054 0.0108 0.0267 0.2868 0.1734 0.1364 0.1003 0.2602 
 564 0.0183 0.0102 0.0461 0.0633 0.0940 0.2110 0.4361 0.1210 
 565 0.0048 0.0059 0.0138 0.0604 0.4135 0.2886 0.1074 0.1056 
 566 0.0046 0.0049 0.0180 0.3049 0.2060 0.2647 0.1171 0.0798 
 567 0.0054 0.0068 0.0236 0.0814 0.0797 0.1938 0.5119 0.0974 
 568 0.0058 0.0058 0.0257 0.1146 0.2518 0.1812 0.2787 0.1363 
 569 0.0170 0.0075 0.1044 0.0879 0.1485 0.3853 0.1244 0.1250 
 570 0.0052 0.0071 0.0166 0.0853 0.1424 0.5610 0.0991 0.0833 
 571 0.0068 0.0057 0.0212 0.2716 0.1939 0.1795 0.2021 0.1193 
 572 0.0065 0.0057 0.2641 0.0491 0.1053 0.1837 0.1452 0.2405 
 573 0.0105 0.0080 0.0392 0.0590 0.2333 0.1554 0.3669 0.1277 
 574 0.0146 0.0072 0.0320 0.0523 0.1160 0.4409 0.1341 0.2027 
 575 0.0049 0.0060 0.0164 0.1738 0.2026 0.1916 0.1851 0.2196 
 576 0.0054 0.0072 0.0167 0.2875 0.1670 0.3014 0.1345 0.0803 
 577 0.0056 0.0079 0.0206 0.0671 0.0988 0.4451 0.1431 0.2118 
 578 0.0071 0.0074 0.0256 0.1864 0.2439 0.2462 0.1664 0.1170 
 579 0.0105 0.0084 0.0226 0.0921 0.1881 0.2960 0.2826 0.0998 
 580 0.0060 0.0060 0.0159 0.0662 0.1977 0.4146 0.1421 0.1515 
 581 0.0058 0.0058 0.0164 0.0962 0.2772 0.3424 0.1256 0.1306 
 582 0.0051 0.0067 0.0378 0.1450 0.2871 0.3119 0.1156 0.0908 
 583 0.0108 0.0478 0.0225 0.1996 0.1506 0.3100 0.1451 0.1137 
 584 0.0049 0.0073 0.0148 0.2277 0.1529 0.3479 0.1494 0.0951 
 585 0.0061 0.0081 0.0204 0.1813 0.2530 0.2782 0.1526 0.1004 
 586 0.0055 0.0060 0.0260 0.3495 0.0941 0.1479 0.2267 0.1444 
 587 0.0045 0.0089 0.0380 0.0903 0.0956 0.3957 0.2763 0.0907 
 588 0.0100 0.0079 0.0494 0.0488 0.0529 0.0855 0.6464 0.0991 
 589 0.0099 0.0064 0.0515 0.0750 0.3071 0.3128 0.1473 0.0901 
 590 0.0045 0.0070 0.0169 0.2477 0.0671 0.2431 0.3053 0.1085 
 591 0.0059 0.0063 0.0159 0.2125 0.1659 0.2165 0.2493 0.1277 
 592 0.0047 0.0053 0.0319 0.1315 0.2214 0.1873 0.3201 0.0979 
 593 0.0068 0.0059 0.0239 0.0918 0.2759 0.2173 0.2244 0.1539 
 594 0.0142 0.0439 0.0226 0.1460 0.1335 0.2130 0.2293 0.1975 
 595 0.0041 0.0111 0.0126 0.1091 0.0667 0.4960 0.2124 0.0881 
 596 0.0058 0.0054 0.0471 0.0809 0.1855 0.1714 0.3566 0.1472 
 597 0.0193 0.0087 0.0396 0.2942 0.1116 0.1161 0.1443 0.2661 
 598 0.0050 0.0068 0.0160 0.0778 0.1836 0.5415 0.0792 0.0900 
 599 0.0048 0.0064 0.0292 0.1843 0.1854 0.2905 0.2165 0.0828 
 600 0.0109 0.0055 0.0282 0.0623 0.2194 0.3454 0.1646 0.1638 
 601 0.0043 0.0052 0.0281 0.1327 0.2719 0.3044 0.1664 0.0870 
 602 0.0059 0.0082 0.0149 0.0876 0.1014 0.1933 0.3612 0.2275 
 603 0.0058 0.0062 0.0160 0.0908 0.0810 0.1970 0.3876 0.2156 
 604 0.0280 0.0136 0.0176 0.0692 0.2986 0.2207 0.1972 0.1551 
 605 0.0059 0.0066 0.0273 0.0897 0.1921 0.2407 0.3071 0.1305 
 606 0.0131 0.0099 0.0257 0.0885 0.1151 0.2438 0.2763 0.2275 
 607 0.0069 0.0075 0.0147 0.0593 0.1300 0.3025 0.1745 0.3046 
 608 0.0076 0.0060 0.0177 0.0971 0.1687 0.1422 0.1094 0.4513 
 609 0.0049 0.0087 0.0268 0.0805 0.1788 0.3853 0.1525 0.1624 
 610 0.0054 0.0064 0.0325 0.0627 0.4250 0.1568 0.1846 0.1266 
 611 0.0054 0.0078 0.0246 0.1173 0.1203 0.1649 0.3078 0.2519 
 612 0.0092 0.0125 0.0246 0.0599 0.4133 0.2611 0.1108 0.1087 
 613 0.0166 0.0318 0.0488 0.0711 0.1414 0.3206 0.2289 0.1407 
 614 0.0042 0.0083 0.0158 0.0521 0.1239 0.5172 0.1692 0.1093 
 615 0.0051 0.0064 0.0150 0.0549 0.2714 0.2923 0.1690 0.1859 
 616 0.0066 0.0055 0.0144 0.0752 0.0858 0.4159 0.1731 0.2235 
 617 0.0131 0.0193 0.0470 0.0968 0.1208 0.4025 0.2032 0.0973 
 618 0.0922 0.0138 0.0199 0.0503 0.2859 0.1539 0.1828 0.2013 
 619 0.0076 0.0050 0.0436 0.0855 0.2545 0.2052 0.1819 0.2167 
 620 0.0049 0.0056 0.0334 0.1221 0.1949 0.1570 0.4057 0.0766 
 621 0.0054 0.0086 0.0139 0.1774 0.1480 0.3785 0.1532 0.1151 
 622 0.0390 0.0200 0.0318 0.0652 0.1364 0.2534 0.3049 0.1493 
 623 0.0059 0.0054 0.0230 0.1084 0.1429 0.2724 0.3262 0.1157 
 624 0.1463 0.0084 0.0165 0.0680 0.3082 0.1685 0.1254 0.1587 
 625 0.0336 0.0209 0.0197 0.1117 0.1399 0.3315 0.1355 0.2073 
 626 0.1373 0.0184 0.0454 0.0438 0.2325 0.1101 0.1659 0.2465 
 627 0.0103 0.0055 0.0263 0.0878 0.1128 0.3163 0.3020 0.1390 
 628 0.0047 0.0065 0.0171 0.1313 0.0892 0.2472 0.3536 0.1504 
 629 0.0049 0.0066 0.0136 0.1271 0.0901 0.3236 0.2542 0.1799 
 630 0.0103 0.0142 0.0211 0.0893 0.2297 0.3352 0.1559 0.1443 
 631 0.0057 0.0060 0.0161 0.0629 0.1113 0.4462 0.2049 0.1468 
 632 0.0091 0.0064 0.0184 0.0540 0.0963 0.1837 0.3179 0.3142 
 633 0.0128 0.0083 0.0162 0.0798 0.2210 0.2950 0.1595 0.2075 
 634 0.0078 0.0065 0.0383 0.0817 0.1161 0.2442 0.2212 0.2842 
 635 0.0060 0.0057 0.0200 0.0552 0.1048 0.2113 0.1414 0.4556 
 636 0.0295 0.0086 0.0165 0.0823 0.2121 0.2595 0.1436 0.2481 
 637 0.0046 0.0073 0.0456 0.0762 0.1838 0.1719 0.2907 0.2198 
 638 0.0067 0.0071 0.0154 0.0916 0.1002 0.2884 0.2722 0.2184 
 639 0.0117 0.0077 0.0173 0.0504 0.1548 0.3649 0.2132 0.1800 
 640 0.0139 0.0083 0.0137 0.2357 0.1102 0.3005 0.1765 0.1412 
 641 0.0056 0.0103 0.0154 0.0637 0.0919 0.3874 0.2602 0.1654 
 642 0.0128 0.0069 0.0316 0.0623 0.1268 0.1420 0.2076 0.4101 
 643 0.0203 0.0064 0.0166 0.0703 0.1004 0.1259 0.1236 0.5364 
 644 0.0540 0.0067 0.0231 0.0919 0.0852 0.1276 0.1668 0.4447 
 645 0.0134 0.0128 0.0179 0.0434 0.2425 0.1015 0.1395 0.4291 
