   1 0.0109 0.0145 0.0585 0.0635 0.1662 0.3221 0.3643 
   2 0.0058 0.0188 0.0144 0.6193 0.1280 0.1248 0.0889 
   3 0.0163 0.0074 0.0486 0.0789 0.1262 0.4612 0.2614 
   4 0.0197 0.0123 0.0315 0.0742 0.1466 0.1314 0.5843 
   5 0.0101 0.0414 0.0185 0.4273 0.2048 0.1904 0.1075 
   6 0.0132 0.0083 0.0165 0.0853 0.1225 0.6435 0.1106 
   7 0.0133 0.0144 0.0138 0.0492 0.4664 0.3400 0.1029 
   8 0.0730 0.0114 0.0279 0.0584 0.1646 0.2952 0.3694 
   9 0.0464 0.0229 0.0248 0.2295 0.1688 0.3141 0.1935 
  10 0.0185 0.0158 0.0140 0.0687 0.2106 0.4125 0.2600 
  11 0.0068 0.0173 0.0144 0.0525 0.4773 0.3283 0.1035 
  12 0.0114 0.0206 0.0204 0.3900 0.2216 0.1880 0.1480 
  13 0.0176 0.0247 0.0242 0.1709 0.2661 0.3221 0.1745 
  14 0.0068 0.0104 0.0608 0.3255 0.1288 0.2592 0.2084 
  15 0.0108 0.0137 0.0265 0.1285 0.2413 0.2268 0.3523 
  16 0.0069 0.0190 0.0290 0.0590 0.1623 0.5719 0.1520 
  17 0.0497 0.0244 0.0434 0.1369 0.1875 0.3999 0.1582 
  18 0.0336 0.0124 0.0286 0.2604 0.1001 0.3761 0.1889 
  19 0.0113 0.0123 0.0146 0.1255 0.1697 0.5275 0.1391 
  20 0.0100 0.0207 0.0263 0.1340 0.3464 0.2792 0.1834 
  21 0.0080 0.0126 0.0414 0.1949 0.1387 0.2358 0.3686 
  22 0.0222 0.0109 0.0226 0.0894 0.1149 0.5585 0.1815 
  23 0.0150 0.0398 0.0729 0.1783 0.1375 0.1843 0.3723 
  24 0.0084 0.0166 0.0293 0.0782 0.1463 0.3895 0.3317 
  25 0.0126 0.0185 0.0217 0.1156 0.3195 0.4322 0.0799 
  26 0.0263 0.0155 0.0251 0.1413 0.1663 0.3590 0.2666 
  27 0.0134 0.0259 0.0520 0.1073 0.1776 0.4167 0.2070 
  28 0.0096 0.0110 0.0215 0.1002 0.1967 0.2600 0.4009 
  29 0.0065 0.0282 0.0259 0.1718 0.3904 0.2208 0.1565 
  30 0.0090 0.0138 0.0309 0.1166 0.1048 0.5749 0.1500 
  31 0.0394 0.0256 0.0389 0.1495 0.2874 0.2242 0.2350 
  32 0.0084 0.0099 0.0249 0.1817 0.1402 0.3466 0.2882 
  33 0.0086 0.0109 0.0392 0.0814 0.1914 0.3974 0.2711 
  34 0.0142 0.0466 0.0191 0.0523 0.2793 0.4367 0.1517 
  35 0.0347 0.0412 0.0930 0.2431 0.1400 0.3149 0.1331 
  36 0.0070 0.0103 0.2933 0.1028 0.1194 0.3297 0.1375 
  37 0.0174 0.0100 0.0336 0.2260 0.1991 0.1955 0.3183 
  38 0.0065 0.0262 0.0673 0.0855 0.1583 0.5707 0.0854 
  39 0.0105 0.0243 0.0716 0.1285 0.2285 0.4040 0.1325 
  40 0.0066 0.0176 0.2460 0.1458 0.0874 0.2518 0.2448 
  41 0.0102 0.0278 0.3525 0.0613 0.1597 0.2925 0.0959 
  42 0.0077 0.0216 0.1961 0.0524 0.1120 0.1992 0.4111 
  43 0.0150 0.0166 0.2461 0.1633 0.2129 0.1435 0.2027 
  44 0.0165 0.0128 0.3915 0.1240 0.1304 0.2383 0.0866 
  45 0.0079 0.0275 0.1622 0.2414 0.1534 0.3139 0.0937 
  46 0.0327 0.0177 0.0656 0.1554 0.2316 0.3733 0.1237 
  47 0.0870 0.0245 0.0410 0.1816 0.1750 0.3168 0.1741 
  48 0.0228 0.0216 0.3612 0.1933 0.0795 0.2235 0.0981 
  49 0.0167 0.0461 0.0992 0.1391 0.2130 0.3169 0.1690 
  50 0.0290 0.0186 0.0360 0.1054 0.2779 0.3874 0.1457 
  51 0.0048 0.0108 0.6362 0.0663 0.0854 0.1188 0.0778 
  52 0.0172 0.0293 0.0857 0.0695 0.2563 0.3621 0.1799 
  53 0.0090 0.0130 0.0460 0.0683 0.1411 0.5712 0.1513 
  54 0.0182 0.0229 0.0496 0.4559 0.1492 0.1400 0.1641 
  55 0.0117 0.0178 0.1726 0.3889 0.1392 0.1311 0.1386 
  56 0.0150 0.0473 0.1018 0.2298 0.0917 0.3347 0.1796 
  57 0.0588 0.0263 0.0169 0.0823 0.1888 0.3079 0.3190 
  58 0.0079 0.0289 0.1273 0.2259 0.1821 0.2533 0.1747 
  59 0.0082 0.0779 0.1235 0.1281 0.1520 0.3691 0.1411 
  60 0.0065 0.0096 0.2956 0.1215 0.1243 0.1906 0.2518 
  61 0.0060 0.0159 0.1477 0.4575 0.1210 0.0840 0.1678 
  62 0.0397 0.1707 0.0252 0.1899 0.1464 0.2884 0.1396 
  63 0.0061 0.0132 0.0717 0.1502 0.3161 0.2005 0.2422 
  64 0.0101 0.0198 0.0199 0.1378 0.1304 0.5851 0.0969 
  65 0.0081 0.0152 0.0205 0.1547 0.5256 0.1997 0.0761 
  66 0.0067 0.0137 0.0280 0.3379 0.2301 0.1347 0.2489 
  67 0.0112 0.0170 0.1604 0.4028 0.1729 0.1255 0.1102 
  68 0.0111 0.0518 0.1513 0.1231 0.1522 0.3397 0.1708 
  69 0.0119 0.0875 0.1032 0.0674 0.1482 0.3920 0.1899 
  70 0.0058 0.0113 0.2772 0.0631 0.2447 0.1973 0.2006 
  71 0.0070 0.0549 0.2484 0.1595 0.1652 0.2885 0.0764 
  72 0.0092 0.0090 0.1029 0.1004 0.2057 0.4556 0.1173 
  73 0.0071 0.0680 0.1089 0.3627 0.1978 0.1581 0.0973 
  74 0.0077 0.0112 0.1770 0.1054 0.1021 0.3538 0.2429 
  75 0.0084 0.0158 0.1962 0.1282 0.0798 0.2229 0.3487 
  76 0.0086 0.0087 0.1191 0.1847 0.3755 0.1635 0.1400 
  77 0.0057 0.0379 0.2536 0.1035 0.2007 0.3040 0.0945 
  78 0.0064 0.0412 0.2224 0.0864 0.1485 0.3940 0.1011 
  79 0.0077 0.0141 0.0134 0.1281 0.3796 0.3395 0.1176 
  80 0.0090 0.0096 0.0155 0.1211 0.1716 0.1457 0.5275 
  81 0.0105 0.0086 0.0128 0.1389 0.2309 0.1927 0.4057 
  82 0.0072 0.0285 0.0406 0.2149 0.3234 0.1489 0.2365 
  83 0.0074 0.0077 0.0252 0.1466 0.2232 0.2810 0.3088 
  84 0.0066 0.0089 0.0152 0.1157 0.3327 0.2336 0.2873 
  85 0.0074 0.0088 0.0215 0.1209 0.1557 0.3384 0.3474 
  86 0.0107 0.0206 0.0400 0.4332 0.1879 0.2035 0.1040 
  87 0.0077 0.0104 0.0252 0.0934 0.5236 0.2093 0.1304 
  88 0.0077 0.0106 0.0166 0.1234 0.3128 0.1503 0.3786 
  89 0.0105 0.0086 0.0144 0.1895 0.2209 0.1467 0.4094 
  90 0.0067 0.0106 0.0142 0.1232 0.5539 0.1568 0.1345 
  91 0.0074 0.0073 0.0243 0.0812 0.1401 0.2203 0.5193 
  92 0.0085 0.0123 0.0155 0.1657 0.3718 0.2291 0.1972 
  93 0.0064 0.0094 0.0153 0.0653 0.0875 0.1027 0.7135 
  94 0.0057 0.0081 0.0292 0.0497 0.5114 0.2874 0.1084 
  95 0.0072 0.0087 0.0155 0.0999 0.4961 0.1128 0.2598 
  96 0.0062 0.0148 0.1568 0.2746 0.1477 0.0909 0.3091 
  97 0.0097 0.0156 0.1139 0.1822 0.0965 0.2855 0.2965 
  98 0.0057 0.0250 0.1125 0.2338 0.1584 0.2581 0.2064 
  99 0.0072 0.0088 0.0140 0.1493 0.3752 0.1935 0.2521 
 100 0.0083 0.0117 0.0185 0.2499 0.0832 0.0858 0.5425 
 101 0.0101 0.0116 0.0362 0.1288 0.4256 0.1828 0.2049 
 102 0.0080 0.0199 0.0561 0.0801 0.2633 0.1587 0.4139 
 103 0.0082 0.0118 0.0195 0.4475 0.2501 0.1073 0.1556 
 104 0.0068 0.0124 0.0211 0.1076 0.5766 0.1316 0.1438 
 105 0.0093 0.0355 0.0216 0.1658 0.4621 0.1004 0.2053 
 106 0.0064 0.0099 0.0229 0.0669 0.5366 0.2945 0.0628 
 107 0.0109 0.0178 0.0222 0.2587 0.4216 0.1065 0.1625 
 108 0.0053 0.0087 0.1455 0.4137 0.1045 0.2341 0.0883 
 109 0.0086 0.1672 0.0348 0.1069 0.3166 0.3000 0.0659 
 110 0.0077 0.0117 0.0186 0.0529 0.5660 0.2715 0.0716 
 111 0.0066 0.0308 0.0181 0.1086 0.6490 0.0986 0.0883 
 112 0.0055 0.2418 0.0320 0.0499 0.4498 0.1496 0.0713 
 113 0.0105 0.0158 0.0347 0.3937 0.1743 0.2277 0.1432 
 114 0.0056 0.0272 0.0170 0.1179 0.5316 0.1265 0.1741 
 115 0.0143 0.0363 0.0836 0.0831 0.5324 0.1315 0.1187 
 116 0.0083 0.0168 0.0865 0.1062 0.3969 0.3144 0.0709 
 117 0.0144 0.0374 0.0325 0.0491 0.5423 0.2271 0.0972 
 118 0.0063 0.0351 0.0202 0.4549 0.2787 0.1204 0.0843 
 119 0.0054 0.0089 0.2284 0.1254 0.1973 0.1264 0.3081 
 120 0.0096 0.0573 0.0376 0.1255 0.4861 0.1522 0.1317 
 121 0.0723 0.0604 0.1478 0.0730 0.4196 0.1428 0.0840 
 122 0.0051 0.0225 0.0197 0.1022 0.4663 0.2960 0.0883 
 123 0.0071 0.0141 0.0284 0.1159 0.5519 0.1656 0.1171 
 124 0.0207 0.0277 0.0714 0.1348 0.3904 0.2691 0.0860 
 125 0.0099 0.0479 0.0590 0.0505 0.2440 0.4790 0.1097 
 126 0.0049 0.0096 0.0674 0.1068 0.4617 0.2106 0.1391 
 127 0.0091 0.0201 0.0197 0.1283 0.6388 0.0905 0.0935 
 128 0.0057 0.0302 0.0205 0.4617 0.2771 0.1147 0.0900 
 129 0.0117 0.0168 0.0215 0.2880 0.4817 0.1032 0.0772 
 130 0.0113 0.0419 0.0160 0.1707 0.4630 0.1373 0.1598 
 131 0.0197 0.0396 0.1139 0.0819 0.3230 0.3501 0.0718 
 132 0.0071 0.0148 0.0246 0.1984 0.4531 0.2326 0.0693 
 133 0.0108 0.0153 0.0273 0.2503 0.4681 0.1162 0.1119 
 134 0.0053 0.0186 0.0159 0.0582 0.6552 0.1929 0.0539 
 135 0.0092 0.0398 0.0754 0.1355 0.0906 0.1030 0.5464 
 136 0.0093 0.0195 0.0150 0.0675 0.0627 0.1294 0.6965 
 137 0.0071 0.0271 0.0147 0.0501 0.1142 0.0913 0.6956 
 138 0.0071 0.0082 0.0230 0.0535 0.0648 0.1040 0.7395 
 139 0.0064 0.0161 0.0348 0.4202 0.0833 0.1382 0.3011 
 140 0.0068 0.0112 0.0407 0.1053 0.1577 0.1744 0.5040 
 141 0.0089 0.0182 0.0203 0.0832 0.0675 0.2016 0.6003 
 142 0.0076 0.0296 0.0925 0.1873 0.0868 0.0975 0.4987 
 143 0.0058 0.0078 0.0159 0.0558 0.0610 0.0760 0.7776 
 144 0.0068 0.0269 0.0164 0.0520 0.1158 0.0814 0.7007 
 145 0.0118 0.0294 0.0273 0.1034 0.0724 0.2182 0.5375 
 146 0.0154 0.0125 0.0263 0.0614 0.1669 0.1983 0.5193 
 147 0.0069 0.0086 0.0136 0.0469 0.0607 0.0851 0.7783 
 148 0.0081 0.0280 0.0381 0.1310 0.1215 0.1500 0.5232 
 149 0.0076 0.0146 0.0329 0.0801 0.0671 0.1147 0.6831 
 150 0.0098 0.0321 0.0183 0.0908 0.1811 0.1106 0.5574 
 151 0.0074 0.0092 0.0167 0.0757 0.0882 0.0929 0.7099 
 152 0.0087 0.0270 0.0771 0.1115 0.1004 0.1865 0.4888 
 153 0.0063 0.0095 0.0338 0.0528 0.0884 0.1270 0.6823 
 154 0.0121 0.0186 0.0249 0.0959 0.0645 0.1222 0.6618 
 155 0.0069 0.0078 0.0166 0.0681 0.0841 0.0865 0.7300 
 156 0.0056 0.0164 0.0594 0.1052 0.1099 0.0766 0.6268 
 157 0.0058 0.0078 0.0151 0.0551 0.1770 0.1169 0.6224 
 158 0.0107 0.0277 0.0225 0.0687 0.0699 0.2077 0.5928 
 159 0.0077 0.0117 0.0125 0.0565 0.0603 0.0834 0.7679 
 160 0.0094 0.0123 0.0131 0.0692 0.0613 0.0844 0.7503 
 161 0.0064 0.0101 0.0232 0.0646 0.1037 0.1579 0.6341 
 162 0.0247 0.0140 0.0297 0.0906 0.1695 0.2031 0.4685 
 163 0.0060 0.0081 0.0243 0.0570 0.0783 0.0785 0.7477 
 164 0.0190 0.0106 0.0188 0.1363 0.1556 0.1389 0.5208 
 165 0.0087 0.0300 0.0179 0.0680 0.1706 0.0960 0.6088 
 166 0.0066 0.0082 0.0440 0.0870 0.1933 0.1562 0.5046 
 167 0.0458 0.0147 0.0203 0.0533 0.1018 0.1674 0.5966 
 168 0.0070 0.0090 0.0385 0.0561 0.0802 0.1646 0.6446 
 169 0.0127 0.0314 0.0330 0.0639 0.0661 0.3886 0.4043 
 170 0.0063 0.0097 0.0410 0.1161 0.1083 0.0939 0.6247 
 171 0.0080 0.0107 0.0314 0.1126 0.1076 0.1953 0.5345 
 172 0.0069 0.0171 0.0985 0.0786 0.0652 0.2226 0.5111 
 173 0.0083 0.0114 0.0147 0.1057 0.0631 0.0854 0.7115 
 174 0.0074 0.0083 0.0130 0.0646 0.0859 0.1016 0.7191 
 175 0.0084 0.0119 0.0219 0.0598 0.0618 0.1233 0.7128 
 176 0.0067 0.0264 0.0165 0.0532 0.1163 0.0821 0.6988 
 177 0.0073 0.0095 0.0212 0.0556 0.1900 0.1795 0.5370 
 178 0.0095 0.0111 0.0143 0.0794 0.0886 0.1701 0.6271 
 179 0.0065 0.0073 0.0137 0.0693 0.0622 0.0866 0.7544 
 180 0.0174 0.0143 0.0322 0.0572 0.1153 0.1773 0.5862 
 181 0.0091 0.0178 0.0295 0.1203 0.0734 0.1303 0.6198 
 182 0.0104 0.0138 0.0204 0.1149 0.0665 0.0768 0.6972 
 183 0.0074 0.0087 0.0161 0.0788 0.0638 0.0894 0.7358 
 184 0.0094 0.0109 0.0153 0.6436 0.0894 0.1456 0.0857 
 185 0.0059 0.0155 0.0802 0.0827 0.0610 0.0693 0.6853 
 186 0.0107 0.0085 0.0171 0.5209 0.1934 0.1587 0.0908 
 187 0.0065 0.0080 0.0195 0.4952 0.0932 0.1148 0.2628 
 188 0.0089 0.0089 0.0161 0.6529 0.1255 0.1190 0.0687 
 189 0.0063 0.0086 0.0339 0.2167 0.0891 0.3485 0.2968 
 190 0.0050 0.0152 0.1286 0.4684 0.0688 0.0617 0.2522 
 191 0.0054 0.0122 0.0138 0.7005 0.0761 0.0960 0.0960 
 192 0.0061 0.0092 0.0153 0.4243 0.1382 0.1308 0.2761 
 193 0.0066 0.0198 0.0236 0.4172 0.1155 0.1727 0.2446 
 194 0.0086 0.0093 0.0298 0.3266 0.1601 0.1238 0.3418 
 195 0.0059 0.0080 0.0312 0.5375 0.0639 0.0728 0.2807 
 196 0.0048 0.0135 0.0442 0.5883 0.0865 0.0825 0.1802 
 197 0.0108 0.0124 0.0338 0.2797 0.1992 0.2493 0.2147 
 198 0.0060 0.0096 0.0298 0.2888 0.2027 0.2501 0.2129 
 199 0.0071 0.0175 0.0630 0.4316 0.1096 0.1066 0.2646 
 200 0.0049 0.0267 0.0473 0.5276 0.0765 0.1545 0.1625 
 201 0.0060 0.0086 0.0224 0.3711 0.0759 0.0862 0.4298 
 202 0.0054 0.0124 0.0425 0.1690 0.1018 0.0757 0.5931 
 203 0.0056 0.0120 0.0183 0.4160 0.0641 0.0744 0.4097 
 204 0.0055 0.0091 0.0254 0.6901 0.0644 0.0673 0.1381 
 205 0.0054 0.0094 0.0263 0.6704 0.0796 0.0968 0.1120 
 206 0.0065 0.0083 0.0187 0.6706 0.0655 0.0775 0.1529 
 207 0.0056 0.0166 0.0251 0.6638 0.0936 0.0743 0.1211 
 208 0.0054 0.0106 0.0235 0.5687 0.0752 0.0772 0.2394 
 209 0.0056 0.0167 0.0202 0.6212 0.0861 0.1065 0.1437 
 210 0.0052 0.0086 0.0176 0.6605 0.0822 0.0795 0.1465 
 211 0.0107 0.0868 0.0739 0.2798 0.1750 0.0810 0.2929 
 212 0.0059 0.0115 0.0352 0.2113 0.0798 0.1223 0.5340 
 213 0.0066 0.0123 0.0950 0.2991 0.2244 0.1404 0.2221 
 214 0.0059 0.0149 0.0229 0.3000 0.0724 0.0872 0.4966 
 215 0.0049 0.0123 0.0198 0.7107 0.0822 0.0877 0.0824 
 216 0.0124 0.0120 0.0197 0.4793 0.1338 0.2069 0.1358 
 217 0.0061 0.0095 0.0267 0.4535 0.0655 0.0972 0.3415 
 218 0.0059 0.0094 0.0148 0.6611 0.0850 0.1022 0.1216 
 219 0.0162 0.0085 0.0199 0.3482 0.1021 0.2393 0.2658 
 220 0.0050 0.0094 0.0154 0.7313 0.0693 0.0743 0.0953 
 221 0.0058 0.0125 0.0557 0.1174 0.0603 0.0719 0.6764 
 222 0.0138 0.0088 0.0198 0.3713 0.1433 0.2537 0.1892 
 223 0.0063 0.0085 0.0231 0.2951 0.1166 0.1614 0.3891 
 224 0.0073 0.0092 0.0174 0.4900 0.0674 0.0806 0.3281 
 225 0.0054 0.0097 0.0270 0.6420 0.0798 0.0870 0.1491 
 226 0.0075 0.0128 0.0205 0.4722 0.0873 0.2370 0.1628 
 227 0.0061 0.0107 0.0686 0.3951 0.1142 0.0780 0.3272 
 228 0.0064 0.0160 0.0899 0.4707 0.0648 0.0705 0.2818 
 229 0.0068 0.0088 0.0139 0.4992 0.0699 0.0824 0.3189 
 230 0.0061 0.0109 0.0152 0.5779 0.0672 0.0747 0.2479 
 231 0.0059 0.0105 0.0145 0.5684 0.0713 0.1094 0.2200 
 232 0.0088 0.0131 0.0409 0.2386 0.1420 0.1756 0.3809 
 233 0.0061 0.0131 0.0175 0.2657 0.0718 0.0870 0.5387 
 234 0.0053 0.0117 0.0164 0.4795 0.1281 0.1695 0.1895 
 235 0.0070 0.0097 0.0279 0.4070 0.0930 0.1538 0.3016 
 236 0.0057 0.0140 0.0172 0.4053 0.0864 0.1123 0.3591 
 237 0.0056 0.0180 0.0271 0.6456 0.0907 0.0864 0.1266 
 238 0.0058 0.0115 0.0229 0.2514 0.1056 0.1055 0.4973 
 239 0.0056 0.0080 0.0313 0.5428 0.0642 0.0728 0.2752 
 240 0.0054 0.0111 0.0222 0.2533 0.1051 0.1056 0.4973 
 241 0.0080 0.0112 0.0307 0.2277 0.0874 0.0974 0.5377 
 242 0.0064 0.0091 0.0238 0.5428 0.0717 0.1802 0.1659 
 243 0.0048 0.0172 0.0466 0.6063 0.0709 0.0673 0.1869 
 244 0.0056 0.0119 0.0167 0.5107 0.0652 0.0744 0.3155 
 245 0.0055 0.0078 0.0292 0.1280 0.0874 0.0842 0.6578 
 246 0.0058 0.0100 0.0256 0.4458 0.0653 0.0996 0.3480 
 247 0.0053 0.0097 0.0334 0.3521 0.3150 0.1900 0.0946 
 248 0.0051 0.0146 0.0203 0.6640 0.1181 0.0918 0.0861 
 249 0.0066 0.0130 0.0198 0.4275 0.0781 0.0838 0.3712 
 250 0.0064 0.0118 0.0149 0.4985 0.0906 0.1067 0.2711 
 251 0.0060 0.0211 0.0254 0.4476 0.1043 0.2629 0.1327 
 252 0.0062 0.0077 0.0272 0.5450 0.0887 0.1018 0.2234 
 253 0.0065 0.0107 0.0372 0.4067 0.2082 0.1701 0.1605 
 254 0.0103 0.0093 0.0196 0.5323 0.1070 0.1620 0.1595 
 255 0.0062 0.0124 0.0198 0.5233 0.0975 0.1342 0.2066 
 256 0.0065 0.0135 0.0289 0.4328 0.0900 0.1032 0.3251 
 257 0.0225 0.0138 0.0241 0.5015 0.1272 0.1112 0.1996 
 258 0.0049 0.0134 0.0494 0.5121 0.1570 0.1263 0.1370 
 259 0.0074 0.0119 0.0169 0.5637 0.0919 0.0995 0.2087 
 260 0.0120 0.0101 0.0169 0.2862 0.1161 0.2081 0.3506 
 261 0.0057 0.0084 0.0375 0.4252 0.0885 0.1025 0.3323 
 262 0.0053 0.0112 0.0574 0.4598 0.0603 0.0773 0.3287 
 263 0.0091 0.0108 0.0172 0.6932 0.0763 0.0944 0.0990 
 264 0.0183 0.0134 0.0235 0.3241 0.1337 0.4058 0.0812 
 265 0.0059 0.0088 0.0182 0.5884 0.0818 0.1273 0.1697 
 266 0.0057 0.0113 0.0393 0.1650 0.0622 0.0718 0.6447 
 267 0.0060 0.0208 0.0231 0.4353 0.1239 0.1247 0.2662 
 268 0.0049 0.0132 0.0429 0.5865 0.0863 0.0820 0.1844 
 269 0.0057 0.0099 0.0177 0.3940 0.0817 0.2758 0.2153 
 270 0.0106 0.0124 0.0173 0.5499 0.1215 0.1650 0.1232 
 271 0.0058 0.0145 0.0286 0.5705 0.1289 0.1229 0.1289 
 272 0.0070 0.0174 0.0298 0.5367 0.0963 0.1831 0.1297 
 273 0.0460 0.0286 0.0254 0.3639 0.1264 0.1824 0.2272 
 274 0.0063 0.0111 0.0185 0.5393 0.1049 0.1675 0.1524 
 275 0.0078 0.0162 0.0186 0.6096 0.0734 0.1326 0.1419 
 276 0.0076 0.0248 0.0369 0.4905 0.1128 0.1724 0.1551 
 277 0.0070 0.0090 0.0192 0.3878 0.1163 0.1628 0.2980 
 278 0.0047 0.0135 0.0251 0.6912 0.0792 0.0867 0.0996 
 279 0.0067 0.0117 0.0189 0.5093 0.1090 0.1359 0.2086 
 280 0.0062 0.0107 0.0291 0.4554 0.0859 0.2182 0.1945 
 281 0.0069 0.0105 0.0203 0.5135 0.1444 0.1444 0.1600 
 282 0.0056 0.0098 0.0164 0.2756 0.0959 0.1387 0.4580 
 283 0.0067 0.0094 0.0195 0.2534 0.0888 0.0950 0.5272 
 284 0.0052 0.0157 0.0245 0.3714 0.1526 0.1267 0.3039 
 285 0.0051 0.0173 0.0464 0.6069 0.1162 0.1363 0.0718 
 286 0.0058 0.0124 0.0164 0.5081 0.0643 0.0744 0.3185 
 287 0.0072 0.0079 0.0184 0.4130 0.1251 0.2162 0.2123 
 288 0.0058 0.0112 0.0174 0.6552 0.0718 0.1369 0.1016 
 289 0.0080 0.0147 0.0289 0.6019 0.1149 0.1282 0.1033 
 290 0.0129 0.0338 0.0716 0.3447 0.0952 0.2282 0.2137 
 291 0.0059 0.0143 0.0273 0.5717 0.1298 0.1218 0.1292 
 292 0.0062 0.0094 0.0670 0.3785 0.0844 0.1957 0.2588 
 293 0.0085 0.0304 0.0856 0.2698 0.1344 0.3314 0.1399 
 294 0.0106 0.0092 0.0244 0.6887 0.0731 0.0994 0.0945 
 295 0.0077 0.0275 0.0428 0.3863 0.1374 0.1970 0.2013 
 296 0.0054 0.0118 0.0194 0.6907 0.0872 0.0862 0.0993 
 297 0.0069 0.0097 0.0239 0.5034 0.0922 0.2243 0.1396 
 298 0.0068 0.0093 0.0146 0.3888 0.1030 0.1294 0.3482 
 299 0.0118 0.0086 0.0151 0.6565 0.0829 0.1149 0.1103 
 300 0.0059 0.0129 0.0274 0.6613 0.0778 0.1170 0.0976 
 301 0.0092 0.0130 0.0159 0.5654 0.0908 0.1902 0.1155 
 302 0.0089 0.0138 0.0362 0.6581 0.0759 0.1023 0.1047 
 303 0.0064 0.0121 0.0252 0.3835 0.0769 0.1289 0.3669 
 304 0.0120 0.0137 0.0165 0.1203 0.1528 0.2606 0.4241 
 305 0.0054 0.0102 0.0247 0.6204 0.0601 0.0819 0.1973 
 306 0.0073 0.0099 0.0250 0.3290 0.0783 0.1427 0.4078 
 307 0.0086 0.0138 0.0184 0.3683 0.1135 0.1475 0.3299 
 308 0.0057 0.0082 0.0383 0.4253 0.0868 0.1031 0.3326 
 309 0.0111 0.0185 0.0236 0.6909 0.0873 0.0796 0.0890 
 310 0.0053 0.0128 0.0289 0.5586 0.0694 0.0755 0.2496 
 311 0.0060 0.0104 0.0145 0.5798 0.0665 0.0745 0.2482 
 312 0.0049 0.0098 0.0194 0.7095 0.0877 0.0720 0.0967 
 313 0.0055 0.0118 0.0454 0.6863 0.0843 0.0759 0.0908 
 314 0.0054 0.0097 0.0267 0.0570 0.0589 0.0794 0.7628 
 315 0.0052 0.0077 0.0390 0.0497 0.0699 0.1158 0.7128 
 316 0.0091 0.0094 0.0272 0.0553 0.0746 0.1508 0.6736 
 317 0.0060 0.0095 0.0152 0.0496 0.0592 0.0843 0.7762 
 318 0.0065 0.0087 0.0119 0.0446 0.0582 0.0914 0.7787 
 319 0.0069 0.0084 0.0153 0.0579 0.0612 0.0774 0.7728 
 320 0.0056 0.0095 0.0263 0.0573 0.0582 0.0794 0.7636 
 321 0.0060 0.0098 0.0139 0.0465 0.0603 0.0949 0.7685 
 322 0.0092 0.0106 0.0431 0.0629 0.0766 0.1331 0.6645 
 323 0.0180 0.0078 0.0130 0.0478 0.0602 0.0834 0.7699 
 324 0.0066 0.0097 0.0140 0.0460 0.0598 0.0953 0.7686 
 325 0.0060 0.0089 0.0222 0.0445 0.0718 0.1436 0.7030 
 326 0.0153 0.0135 0.0283 0.0449 0.0735 0.1422 0.6823 
 327 0.0064 0.0096 0.0155 0.0489 0.0591 0.0847 0.7758 
 328 0.0057 0.0084 0.0273 0.0530 0.0744 0.1295 0.7017 
 329 0.0060 0.0075 0.0119 0.0438 0.0589 0.0831 0.7887 
 330 0.0060 0.0100 0.0155 0.0479 0.0590 0.0846 0.7769 
 331 0.0060 0.0073 0.0121 0.0496 0.0592 0.0836 0.7821 
 332 0.0220 0.0101 0.0234 0.0423 0.0746 0.1512 0.6764 
 333 0.0147 0.0104 0.0290 0.0516 0.0755 0.1264 0.6924 
 334 0.0056 0.0083 0.0278 0.0534 0.0748 0.1308 0.6994 
 335 0.0057 0.0085 0.0309 0.0494 0.0726 0.1143 0.7186 
 336 0.0192 0.0098 0.0198 0.0483 0.0604 0.0906 0.7518 
 337 0.0060 0.0106 0.0264 0.0461 0.0722 0.1483 0.6904 
 338 0.0073 0.0096 0.0122 0.0436 0.0589 0.0944 0.7741 
 339 0.0062 0.0076 0.0120 0.0500 0.0601 0.0832 0.7809 
 340 0.0060 0.0074 0.0132 0.0524 0.0591 0.0751 0.7867 
 341 0.0196 0.0110 0.0148 0.0533 0.0623 0.0837 0.7553 
 342 0.0062 0.0096 0.0151 0.0493 0.0588 0.0850 0.7760 
 343 0.0139 0.0090 0.0556 0.0506 0.0746 0.1173 0.6790 
 344 0.0061 0.0074 0.0119 0.0439 0.0587 0.0819 0.7901 
 345 0.0063 0.0098 0.0153 0.0482 0.0599 0.0847 0.7758 
 346 0.0061 0.0088 0.0134 0.0462 0.0574 0.0837 0.7844 
 347 0.0060 0.0073 0.0128 0.0456 0.0584 0.0756 0.7941 
 348 0.0051 0.0085 0.0621 0.0562 0.0712 0.1032 0.6938 
 349 0.0064 0.0096 0.0153 0.0491 0.0590 0.0834 0.7772 
 350 0.0059 0.0079 0.0185 0.0610 0.0596 0.0795 0.7676 
 351 0.0057 0.0085 0.0314 0.0481 0.0737 0.1130 0.7196 
 352 0.0059 0.0104 0.0322 0.0491 0.0732 0.1267 0.7025 
 353 0.0183 0.0098 0.0200 0.0482 0.0604 0.0895 0.7537 
 354 0.0089 0.0088 0.0126 0.0490 0.0598 0.0854 0.7756 
 355 0.0062 0.0091 0.0120 0.0449 0.0582 0.0915 0.7781 
 356 0.0048 0.0083 0.0647 0.0560 0.0717 0.1025 0.6920 
 357 0.0057 0.0106 0.0215 0.0690 0.0906 0.3317 0.4710 
 358 0.0069 0.0082 0.0210 0.0435 0.0731 0.1318 0.7155 
 359 0.0068 0.0076 0.0119 0.0498 0.0594 0.0870 0.7774 
 360 0.0063 0.0089 0.0128 0.0467 0.0577 0.0821 0.7854 
 361 0.0055 0.0130 0.0295 0.0781 0.0950 0.3385 0.4404 
 362 0.0066 0.0114 0.0240 0.2526 0.1734 0.4160 0.1160 
 363 0.0093 0.0133 0.0290 0.1308 0.2828 0.4483 0.0866 
 364 0.0385 0.0335 0.0241 0.1084 0.1587 0.3034 0.3335 
 365 0.0286 0.0580 0.0255 0.1003 0.1251 0.5605 0.1019 
 366 0.0072 0.0246 0.1073 0.1820 0.1045 0.3870 0.1873 
 367 0.0059 0.0098 0.0168 0.0529 0.5155 0.3353 0.0638 
 368 0.0075 0.0129 0.0145 0.2002 0.4272 0.2214 0.1163 
 369 0.0111 0.0258 0.1056 0.1295 0.1314 0.2745 0.3221 
 370 0.0231 0.0237 0.0199 0.2625 0.3738 0.1695 0.1275 
 371 0.0152 0.0266 0.0272 0.3368 0.1404 0.2981 0.1557 
 372 0.0874 0.0498 0.0237 0.3771 0.2015 0.1279 0.1327 
 373 0.0093 0.0203 0.0203 0.1106 0.3537 0.3044 0.1815 
 374 0.0077 0.0404 0.0196 0.1178 0.1386 0.3718 0.3039 
 375 0.0373 0.0193 0.0171 0.1194 0.3167 0.4108 0.0794 
 376 0.1263 0.0107 0.0182 0.0435 0.1553 0.5720 0.0741 
 377 0.0092 0.0185 0.0307 0.2253 0.2283 0.3722 0.1158 
 378 0.0064 0.0133 0.0186 0.0916 0.4856 0.1358 0.2487 
 379 0.2361 0.0146 0.0239 0.0554 0.1674 0.4359 0.0667 
 380 0.0159 0.0171 0.0599 0.1142 0.0850 0.5066 0.2013 
 381 0.0136 0.0144 0.0711 0.0738 0.0794 0.5476 0.2002 
 382 0.0061 0.0115 0.0138 0.0810 0.2365 0.5551 0.0960 
 383 0.0275 0.0211 0.0229 0.1157 0.0734 0.5610 0.1783 
 384 0.1440 0.0299 0.0223 0.0883 0.1669 0.4000 0.1487 
 385 0.0087 0.3707 0.0127 0.0756 0.0961 0.2086 0.2276 
 386 0.0053 0.0107 0.0188 0.0822 0.2601 0.5342 0.0887 
 387 0.0062 0.0143 0.0242 0.0696 0.2884 0.4885 0.1088 
 388 0.0264 0.0507 0.0167 0.1264 0.2105 0.3075 0.2619 
 389 0.0120 0.1980 0.0512 0.3569 0.1582 0.1290 0.0947 
 390 0.0247 0.0229 0.1127 0.0853 0.3756 0.2932 0.0855 
 391 0.0196 0.1496 0.0511 0.1078 0.3083 0.2062 0.1573 
 392 0.0118 0.0088 0.0240 0.1052 0.1700 0.5108 0.1695 
 393 0.0114 0.0125 0.1014 0.0520 0.0995 0.5747 0.1484 
 394 0.0061 0.0084 0.0213 0.0970 0.2558 0.3210 0.2903 
 395 0.0050 0.0098 0.0840 0.2287 0.2421 0.3267 0.1037 
 396 0.0078 0.0109 0.0154 0.0983 0.3504 0.4492 0.0681 
 397 0.1627 0.0093 0.0216 0.3047 0.1151 0.1976 0.1891 
 398 0.0443 0.0081 0.0267 0.0485 0.2620 0.5383 0.0720 
 399 0.0054 0.0225 0.0327 0.1005 0.4993 0.2417 0.0980 
 400 0.0100 0.0139 0.0219 0.0546 0.2684 0.4999 0.1313 
 401 0.0054 0.0133 0.0573 0.0771 0.5078 0.1975 0.1415 
 402 0.0121 0.0218 0.0750 0.1366 0.3080 0.3073 0.1392 
 403 0.0123 0.0352 0.0231 0.1048 0.1869 0.2055 0.4323 
 404 0.0126 0.0238 0.0185 0.1644 0.1762 0.4254 0.1790 
 405 0.0063 0.0107 0.0303 0.1515 0.1577 0.4890 0.1545 
 406 0.0052 0.0096 0.2989 0.0929 0.0855 0.3119 0.1960 
 407 0.0053 0.0094 0.0171 0.0613 0.1177 0.7210 0.0682 
 408 0.0048 0.0086 0.0560 0.1307 0.6239 0.1093 0.0668 
 409 0.0174 0.0182 0.1653 0.0619 0.1145 0.2673 0.3555 
 410 0.1051 0.0167 0.0347 0.0760 0.2613 0.3646 0.1418 
 411 0.0470 0.0115 0.0664 0.0652 0.1459 0.4664 0.1975 
 412 0.0079 0.0136 0.0140 0.1834 0.3582 0.3179 0.1050 
 413 0.0059 0.0092 0.0164 0.1571 0.3635 0.2365 0.2114 
 414 0.0062 0.0357 0.0147 0.1918 0.3755 0.3039 0.0723 
 415 0.0065 0.0120 0.0520 0.0834 0.1537 0.5889 0.1035 
 416 0.0090 0.0425 0.0529 0.0968 0.2247 0.4157 0.1584 
 417 0.0076 0.0096 0.0216 0.0661 0.1575 0.6568 0.0808 
 418 0.0108 0.0095 0.0130 0.0779 0.4901 0.3210 0.0777 
 419 0.0156 0.0405 0.0391 0.0907 0.2429 0.2969 0.2743 
 420 0.0050 0.0113 0.1323 0.0808 0.4744 0.2016 0.0947 
 421 0.0089 0.0104 0.0216 0.1060 0.3111 0.4509 0.0913 
 422 0.0095 0.0126 0.0648 0.2795 0.1408 0.3877 0.1052 
 423 0.0142 0.0114 0.0298 0.1381 0.1904 0.4837 0.1325 
 424 0.0119 0.0221 0.1196 0.0571 0.4493 0.2071 0.1330 
 425 0.0385 0.1004 0.0212 0.1234 0.1870 0.3684 0.1610 
 426 0.0430 0.0473 0.0243 0.0754 0.3718 0.2766 0.1616 
 427 0.0062 0.0090 0.0231 0.0466 0.1760 0.5615 0.1776 
 428 0.0349 0.0127 0.0720 0.1149 0.1208 0.4059 0.2387 
 429 0.0074 0.0080 0.0153 0.0595 0.2490 0.5968 0.0640 
 430 0.0073 0.0094 0.0290 0.0723 0.1444 0.6577 0.0799 
 431 0.0138 0.0191 0.0193 0.1746 0.3734 0.2603 0.1395 
 432 0.0076 0.0122 0.0160 0.1508 0.4472 0.2371 0.1291 
 433 0.0225 0.0122 0.0261 0.1480 0.2383 0.1575 0.3954 
 434 0.0092 0.0183 0.0285 0.1749 0.1522 0.4176 0.1994 
 435 0.0054 0.0074 0.0316 0.0486 0.1946 0.6425 0.0699 
 436 0.0080 0.0108 0.0561 0.0346 0.2147 0.5570 0.1187 
 437 0.0111 0.0080 0.0179 0.0633 0.1257 0.6972 0.0768 
 438 0.0067 0.0096 0.2179 0.0465 0.2706 0.3140 0.1348 
 439 0.0058 0.0085 0.0243 0.0358 0.1320 0.6991 0.0945 
 440 0.0045 0.0096 0.0290 0.0436 0.1413 0.7124 0.0597 
 441 0.0063 0.0109 0.0249 0.0540 0.1616 0.5787 0.1636 
 442 0.0076 0.0304 0.0317 0.0718 0.2560 0.5173 0.0852 
 443 0.0049 0.0138 0.1278 0.0568 0.4808 0.2431 0.0729 
 444 0.0065 0.0271 0.0463 0.0624 0.1972 0.5764 0.0840 
 445 0.0538 0.0104 0.1015 0.0580 0.1252 0.4252 0.2259 
 446 0.0543 0.0091 0.0270 0.0337 0.3360 0.4583 0.0816 
 447 0.0072 0.0347 0.0774 0.0537 0.1573 0.5110 0.1588 
 448 0.0062 0.0101 0.0249 0.0610 0.1953 0.6196 0.0829 
 449 0.0070 0.0108 0.0254 0.0691 0.1708 0.5847 0.1323 
 450 0.0117 0.0117 0.0136 0.0442 0.1665 0.6186 0.1337 
 451 0.0063 0.0112 0.0254 0.0753 0.5900 0.2320 0.0599 
 452 0.0075 0.0097 0.0153 0.0475 0.1516 0.6527 0.1158 
 453 0.0057 0.0187 0.2418 0.0957 0.3238 0.1728 0.1415 
 454 0.0057 0.0098 0.0215 0.0696 0.1339 0.6204 0.1391 
 455 0.0052 0.0096 0.1058 0.0412 0.2495 0.5074 0.0813 
 456 0.0064 0.0126 0.1308 0.0693 0.2093 0.4948 0.0769 
 457 0.0072 0.0084 0.0195 0.0495 0.1133 0.7175 0.0846 
 458 0.0517 0.0102 0.0238 0.0447 0.1546 0.6207 0.0942 
 459 0.0057 0.0100 0.0336 0.0338 0.3043 0.4245 0.1881 
 460 0.0053 0.0092 0.0281 0.0371 0.3683 0.4739 0.0780 
 461 0.0080 0.0093 0.0141 0.0358 0.5242 0.3296 0.0791 
 462 0.0096 0.0594 0.0651 0.0948 0.2424 0.4706 0.0581 
 463 0.0049 0.0095 0.3694 0.0851 0.1368 0.2831 0.1112 
 464 0.0047 0.0087 0.0667 0.0461 0.4243 0.3725 0.0770 
 465 0.0081 0.0099 0.0372 0.0559 0.5188 0.2753 0.0946 
 466 0.0048 0.0089 0.1467 0.0678 0.4005 0.2900 0.0813 
 467 0.0069 0.0130 0.0550 0.0848 0.2291 0.4870 0.1241 
 468 0.0055 0.0081 0.0853 0.0532 0.1077 0.6636 0.0765 
 469 0.0053 0.0085 0.0329 0.0331 0.1005 0.7399 0.0798 
 470 0.0051 0.0073 0.0279 0.0392 0.2240 0.6232 0.0733 
 471 0.0087 0.0429 0.1056 0.1318 0.2133 0.4053 0.0924 
 472 0.0084 0.0139 0.0598 0.0774 0.2729 0.4677 0.0997 
 473 0.0064 0.0094 0.0304 0.1038 0.1642 0.5565 0.1293 
 474 0.0063 0.0102 0.0351 0.0611 0.1640 0.5973 0.1259 
 475 0.0069 0.0100 0.0282 0.0567 0.4681 0.2757 0.1542 
 476 0.0091 0.0087 0.0402 0.0459 0.1560 0.6446 0.0954 
 477 0.0080 0.0193 0.0469 0.0437 0.5012 0.2503 0.1306 
 478 0.0079 0.0169 0.0215 0.0362 0.6574 0.1881 0.0720 
 479 0.0051 0.0091 0.0204 0.0388 0.1882 0.6686 0.0699 
 480 0.0066 0.0079 0.0172 0.0411 0.1060 0.7427 0.0785 
 481 0.0073 0.0304 0.0232 0.1823 0.1896 0.4807 0.0866 
 482 0.0068 0.0077 0.0153 0.0396 0.1970 0.6626 0.0710 
 483 0.0071 0.0097 0.0318 0.0372 0.2203 0.5981 0.0958 
 484 0.0061 0.0136 0.1724 0.0709 0.1908 0.4478 0.0984 
 485 0.0064 0.0091 0.0638 0.0379 0.1993 0.6072 0.0763 
 486 0.0204 0.0876 0.0678 0.2338 0.2302 0.2293 0.1307 
 487 0.0215 0.0701 0.0369 0.1133 0.2056 0.2847 0.2680 
 488 0.0150 0.0960 0.0283 0.1563 0.3436 0.1677 0.1931 
 489 0.0208 0.0427 0.0746 0.1797 0.1199 0.2850 0.2773 
 490 0.0083 0.0242 0.0562 0.0894 0.5000 0.2416 0.0803 
 491 0.0114 0.0860 0.0226 0.3537 0.1238 0.1648 0.2377 
 492 0.0062 0.0343 0.0447 0.0884 0.3380 0.1231 0.3654 
 493 0.0360 0.1780 0.0328 0.2367 0.1744 0.1957 0.1464 
 494 0.0896 0.0562 0.0354 0.2051 0.1561 0.2462 0.2113 
 495 0.0481 0.0912 0.0574 0.0534 0.3635 0.1351 0.2512 
 496 0.0082 0.0094 0.0324 0.1572 0.1639 0.1638 0.4651 
 497 0.0522 0.2150 0.0183 0.2197 0.1069 0.1689 0.2189 
 498 0.0145 0.1883 0.0691 0.1192 0.2406 0.2220 0.1463 
 499 0.0919 0.0350 0.0334 0.1283 0.1176 0.1937 0.4000 
 500 0.0421 0.0224 0.0289 0.2724 0.1247 0.3783 0.1312 
 501 0.0193 0.0183 0.0178 0.1185 0.1961 0.3113 0.3187 
 502 0.0108 0.0392 0.0143 0.0734 0.3184 0.1965 0.3473 
 503 0.0121 0.0126 0.0228 0.1237 0.1850 0.5435 0.1003 
 504 0.0097 0.0711 0.0390 0.0792 0.5514 0.1391 0.1105 
 505 0.0170 0.0425 0.0434 0.3458 0.1836 0.1535 0.2142 
 506 0.0086 0.0548 0.0188 0.1573 0.2881 0.1708 0.3015 
 507 0.0099 0.0089 0.0369 0.1237 0.0737 0.0910 0.6559 
 508 0.0403 0.0230 0.0678 0.0908 0.0999 0.0892 0.5892 
 509 0.0100 0.0217 0.0300 0.3132 0.1580 0.1299 0.3371 
 510 0.0788 0.0184 0.0245 0.1094 0.1592 0.2440 0.3657 
 511 0.0136 0.0394 0.0312 0.1540 0.1931 0.4410 0.1277 
 512 0.0105 0.0258 0.0157 0.1110 0.1875 0.5656 0.0839 
 513 0.0090 0.5601 0.0330 0.1137 0.1042 0.0639 0.1161 
 514 0.0097 0.0140 0.0215 0.1114 0.5457 0.1387 0.1590 
 515 0.0186 0.0195 0.0779 0.0956 0.1500 0.3718 0.2667 
 516 0.0111 0.0141 0.0453 0.1464 0.5198 0.1200 0.1433 
 517 0.0094 0.0113 0.1207 0.1025 0.2370 0.2536 0.2655 
 518 0.1178 0.0151 0.0163 0.2202 0.1077 0.2530 0.2701 
 519 0.0061 0.0165 0.0253 0.0719 0.5793 0.1458 0.1552 
 520 0.0094 0.0100 0.1899 0.0866 0.0892 0.2499 0.3650 
 521 0.0072 0.0112 0.0238 0.1992 0.2444 0.1333 0.3808 
 522 0.0580 0.0161 0.1856 0.0867 0.1418 0.3941 0.1177 
 523 0.0102 0.0101 0.2504 0.0883 0.1994 0.1318 0.3098 
 524 0.0108 0.0098 0.0930 0.1062 0.1586 0.4367 0.1848 
 525 0.1217 0.0102 0.0488 0.1082 0.1019 0.2918 0.3175 
 526 0.0067 0.0077 0.4099 0.0888 0.0913 0.2512 0.1444 
 527 0.1217 0.0341 0.0160 0.0925 0.2876 0.3197 0.1284 
 528 0.0057 0.0100 0.0239 0.2293 0.1162 0.1094 0.5056 
 529 0.1110 0.0171 0.0231 0.3175 0.1907 0.1552 0.1853 
 530 0.0098 0.0281 0.0596 0.0892 0.1283 0.4958 0.1892 
 531 0.0088 0.0133 0.0391 0.0626 0.1359 0.2884 0.4519 
 532 0.0544 0.0175 0.0422 0.1526 0.1870 0.2073 0.3390 
 533 0.0913 0.0126 0.0563 0.2073 0.1320 0.3473 0.1532 
 534 0.0905 0.0271 0.0789 0.2949 0.2153 0.0803 0.2129 
 535 0.0062 0.0104 0.1938 0.1003 0.3037 0.2307 0.1548 
 536 0.0100 0.0157 0.0803 0.1473 0.1623 0.3055 0.2790 
 537 0.0083 0.0211 0.1192 0.1313 0.1385 0.1504 0.4312 
 538 0.0064 0.0121 0.0769 0.2550 0.1238 0.2086 0.3173 
 539 0.0058 0.0118 0.0272 0.1471 0.0771 0.1029 0.6281 
 540 0.0072 0.0125 0.0709 0.2580 0.1156 0.2469 0.2888 
 541 0.0084 0.0153 0.0421 0.1409 0.1391 0.1819 0.4723 
 542 0.0063 0.0259 0.1871 0.2545 0.1040 0.2970 0.1252 
 543 0.0075 0.0178 0.1956 0.1468 0.2619 0.1301 0.2403 
 544 0.0055 0.0143 0.2978 0.1327 0.1410 0.2086 0.2000 
 545 0.0058 0.0147 0.4548 0.0840 0.1532 0.2052 0.0823 
 546 0.0061 0.0348 0.0818 0.3364 0.1152 0.1913 0.2344 
 547 0.0056 0.0122 0.4551 0.0599 0.1275 0.1116 0.2280 
 548 0.0063 0.0115 0.0153 0.5004 0.0911 0.1052 0.2702 
 549 0.0085 0.0127 0.1434 0.0491 0.1014 0.2189 0.4660 
 550 0.0048 0.0173 0.3266 0.0688 0.1752 0.2816 0.1257 
 551 0.0092 0.0111 0.0402 0.0592 0.1373 0.1528 0.5902 
 552 0.0069 0.0116 0.0560 0.4126 0.0931 0.1596 0.2602 
 553 0.0071 0.0154 0.4115 0.1233 0.1352 0.0848 0.2226 
 554 0.0132 0.0149 0.0517 0.2033 0.1710 0.3257 0.2202 
 555 0.0077 0.0473 0.0719 0.1446 0.1196 0.1520 0.4568 
 556 0.0069 0.0142 0.0528 0.3213 0.1401 0.1835 0.2811 
 557 0.0052 0.0138 0.1838 0.0605 0.2112 0.3321 0.1933 
 558 0.0062 0.0077 0.0139 0.0339 0.1936 0.6697 0.0749 
 559 0.0078 0.0109 0.0282 0.3646 0.3228 0.1590 0.1066 
 560 0.0056 0.0154 0.0258 0.0684 0.4764 0.3516 0.0568 
 561 0.0067 0.0187 0.0348 0.0879 0.4044 0.3717 0.0759 
 562 0.0076 0.0204 0.0562 0.1301 0.4385 0.2904 0.0568 
 563 0.0099 0.0209 0.0367 0.0395 0.4608 0.1728 0.2593 
 564 0.0107 0.0116 0.0582 0.4380 0.1679 0.2034 0.1102 
 565 0.0060 0.0088 0.0167 0.0489 0.1035 0.7337 0.0824 
 566 0.0045 0.0121 0.0193 0.0524 0.4931 0.3585 0.0600 
 567 0.0092 0.0181 0.0309 0.4658 0.2208 0.1790 0.0762 
 568 0.0061 0.0083 0.0390 0.1348 0.4465 0.2494 0.1160 
 569 0.0089 0.0126 0.1066 0.0878 0.2158 0.4506 0.1177 
 570 0.0098 0.0077 0.0157 0.0611 0.1636 0.6816 0.0605 
 571 0.0056 0.0088 0.0217 0.0836 0.6113 0.1760 0.0930 
 572 0.0045 0.0219 0.3017 0.1168 0.0935 0.2268 0.2346 
 573 0.0099 0.0101 0.0524 0.3373 0.1488 0.3280 0.1134 
 574 0.0086 0.0137 0.0299 0.0884 0.1074 0.5374 0.2147 
 575 0.0070 0.0098 0.0237 0.0896 0.4450 0.2299 0.1950 
 576 0.0060 0.0245 0.0165 0.0562 0.4954 0.3417 0.0597 
 577 0.0111 0.0138 0.0218 0.0932 0.1551 0.4981 0.2068 
 578 0.0063 0.0189 0.0284 0.0898 0.4315 0.3301 0.0949 
 579 0.0072 0.0392 0.0280 0.1877 0.2138 0.4400 0.0841 
 580 0.0066 0.0103 0.0170 0.0799 0.1443 0.6085 0.1333 
 581 0.0059 0.0098 0.0183 0.0639 0.2288 0.5635 0.1099 
 582 0.0072 0.0091 0.0468 0.0608 0.3091 0.4971 0.0698 
 583 0.0593 0.0122 0.0224 0.0868 0.4690 0.2601 0.0901 
 584 0.0077 0.0125 0.0149 0.0539 0.5087 0.3312 0.0711 
 585 0.0078 0.0236 0.0233 0.0724 0.3909 0.4037 0.0783 
 586 0.0059 0.0106 0.0244 0.1239 0.5907 0.1322 0.1122 
 587 0.0131 0.0143 0.0467 0.1794 0.2643 0.4151 0.0672 
 588 0.0097 0.0171 0.0790 0.6313 0.1040 0.0782 0.0807 
 589 0.0059 0.0102 0.0848 0.0803 0.1745 0.5702 0.0741 
 590 0.0075 0.0188 0.0188 0.1663 0.5374 0.1679 0.0832 
 591 0.0062 0.0099 0.0162 0.0916 0.5953 0.1801 0.1007 
 592 0.0050 0.0103 0.0586 0.1846 0.3980 0.2670 0.0764 
 593 0.0073 0.0093 0.0327 0.1396 0.3099 0.3672 0.1342 
 594 0.0529 0.0185 0.0218 0.1322 0.4070 0.1850 0.1825 
 595 0.0128 0.0904 0.0131 0.1684 0.1782 0.4723 0.0648 
 596 0.0049 0.0168 0.0746 0.2952 0.1880 0.2971 0.1234 
 597 0.0083 0.0117 0.0429 0.0802 0.4913 0.1077 0.2580 
 598 0.0077 0.0075 0.0159 0.0394 0.1266 0.7359 0.0670 
 599 0.0067 0.0082 0.0367 0.0961 0.5218 0.2688 0.0617 
 600 0.0053 0.0119 0.0330 0.0975 0.1347 0.5551 0.1625 
 601 0.0052 0.0109 0.0394 0.0833 0.3441 0.4506 0.0666 
 602 0.0107 0.0223 0.0164 0.2696 0.2381 0.2097 0.2331 
 603 0.0069 0.0151 0.0175 0.3131 0.2638 0.1793 0.2044 
 604 0.0207 0.0307 0.0238 0.1181 0.1206 0.5220 0.1641 
 605 0.0067 0.0166 0.0405 0.1604 0.3150 0.3496 0.1112 
 606 0.0142 0.0127 0.0307 0.2542 0.1927 0.2741 0.2214 
 607 0.0088 0.0162 0.0146 0.1594 0.1204 0.3898 0.2907 
 608 0.0066 0.0088 0.0218 0.0651 0.1757 0.2450 0.4770 
 609 0.0115 0.0164 0.0354 0.0634 0.1859 0.5469 0.1405 
 610 0.0067 0.0165 0.0790 0.0973 0.1483 0.5414 0.1107 
 611 0.0091 0.0140 0.0305 0.1564 0.3576 0.1725 0.2599 
 612 0.0145 0.0104 0.0408 0.0551 0.1118 0.6693 0.0980 
 613 0.0391 0.0190 0.0523 0.1566 0.1794 0.4112 0.1424 
 614 0.0091 0.0226 0.0172 0.1091 0.0825 0.6730 0.0863 
 615 0.0073 0.0102 0.0205 0.1080 0.0935 0.6176 0.1428 
 616 0.0066 0.0129 0.0141 0.1747 0.1579 0.4273 0.2064 
 617 0.0179 0.1101 0.0455 0.1115 0.1504 0.4766 0.0880 
 618 0.0160 0.0343 0.0379 0.1208 0.0883 0.4648 0.2379 
 619 0.0048 0.0087 0.0628 0.1563 0.2786 0.2967 0.1920 
 620 0.0052 0.0117 0.0647 0.2964 0.3442 0.2192 0.0586 
 621 0.0104 0.0144 0.0140 0.0553 0.4164 0.3969 0.0926 
 622 0.0149 0.1058 0.0361 0.2631 0.1026 0.3379 0.1397 
 623 0.0059 0.0133 0.0256 0.1922 0.3580 0.3071 0.0979 
 624 0.0116 0.0102 0.0250 0.0704 0.1232 0.5363 0.2233 
 625 0.0317 0.0448 0.0201 0.0899 0.1877 0.4119 0.2139 
 626 0.0313 0.0099 0.1283 0.0936 0.0835 0.2462 0.4072 
 627 0.0053 0.0178 0.0283 0.2164 0.2489 0.3499 0.1332 
 628 0.0059 0.0335 0.0185 0.3481 0.2232 0.2544 0.1164 
 629 0.0078 0.0200 0.0155 0.1791 0.2961 0.3295 0.1520 
 630 0.0191 0.0188 0.0275 0.0906 0.2024 0.5284 0.1132 
 631 0.0072 0.0112 0.0164 0.2103 0.1275 0.5109 0.1165 
 632 0.0064 0.0194 0.0244 0.2961 0.0998 0.2226 0.3313 
 633 0.0080 0.0214 0.0170 0.0999 0.1288 0.5197 0.2052 
 634 0.0078 0.0102 0.0363 0.2438 0.1566 0.2948 0.2504 
 635 0.0066 0.0103 0.0212 0.1237 0.1161 0.2458 0.4764 
 636 0.0100 0.0112 0.0216 0.0738 0.1919 0.4146 0.2768 
 637 0.0089 0.0231 0.0959 0.1870 0.1992 0.2681 0.2177 
 638 0.0092 0.0132 0.0167 0.1942 0.2731 0.2919 0.2018 
 639 0.0079 0.0230 0.0188 0.1549 0.0967 0.5215 0.1770 
 640 0.0070 0.0366 0.0132 0.0886 0.3915 0.3327 0.1303 
 641 0.0167 0.0167 0.0175 0.2414 0.1718 0.3885 0.1473 
 642 0.0071 0.0118 0.0420 0.1047 0.1370 0.1726 0.5248 
 643 0.0065 0.0097 0.0176 0.0721 0.1110 0.1274 0.6556 
 644 0.0068 0.0127 0.0210 0.0900 0.1753 0.1260 0.5681 
 645 0.0172 0.0205 0.0307 0.0741 0.0647 0.2930 0.4998 
 646 0.0084 0.0324 0.0509 0.2216 0.2370 0.2189 0.2308 
 647 0.0138 0.0358 0.0307 0.1207 0.2028 0.1499 0.4464 
 648 0.1995 0.0378 0.0516 0.2497 0.0932 0.1345 0.2338 
 649 0.0168 0.0122 0.0527 0.4603 0.1470 0.1066 0.2044 
 650 0.0069 0.0144 0.0323 0.2285 0.3059 0.1350 0.2770 
 651 0.0213 0.0531 0.0159 0.2719 0.1225 0.1623 0.3529 
 652 0.0080 0.0104 0.0209 0.1140 0.1432 0.1349 0.5685 
 653 0.0962 0.0339 0.0469 0.1224 0.0986 0.1536 0.4483 
 654 0.0105 0.0400 0.0709 0.1201 0.1112 0.1377 0.5096 
 655 0.0060 0.0090 0.0220 0.0785 0.2552 0.1365 0.4929 
 656 0.0302 0.0508 0.0613 0.2106 0.1297 0.1640 0.3533 
 657 0.1120 0.0125 0.0223 0.1007 0.1599 0.3016 0.2911 
 658 0.0194 0.0091 0.0496 0.1064 0.3387 0.1889 0.2879 
 659 0.0250 0.0227 0.0492 0.0997 0.1283 0.1809 0.4942 
 660 0.0222 0.0099 0.0311 0.2194 0.1214 0.1061 0.4899 
 661 0.0127 0.0138 0.1001 0.1277 0.0984 0.1434 0.5038 
 662 0.0147 0.0158 0.0997 0.4622 0.1582 0.0919 0.1575 
 663 0.0068 0.0090 0.0210 0.2421 0.1283 0.1453 0.4475 
 664 0.0080 0.0128 0.0412 0.0758 0.3144 0.2315 0.3163 
 665 0.0063 0.0109 0.0494 0.4660 0.1293 0.1129 0.2253 
 666 0.0072 0.0093 0.0365 0.1948 0.1292 0.1607 0.4623 
 667 0.0326 0.1545 0.0381 0.1489 0.2594 0.1691 0.1974 
 668 0.0074 0.0122 0.0365 0.1363 0.1551 0.2111 0.4415 
 669 0.0790 0.0134 0.0361 0.3546 0.1331 0.1193 0.2644 
 670 0.0060 0.0076 0.0192 0.1006 0.0754 0.0865 0.7047 
 671 0.0065 0.0094 0.0254 0.1475 0.1167 0.1078 0.5866 
 672 0.0053 0.0082 0.0403 0.0444 0.1497 0.1325 0.6196 
 673 0.0208 0.0079 0.0129 0.0480 0.0623 0.0864 0.7617 
 674 0.0057 0.0124 0.0253 0.1049 0.0807 0.1455 0.6256 
 675 0.0071 0.0274 0.0162 0.0528 0.1158 0.0807 0.7000 
 676 0.0059 0.0082 0.0140 0.0457 0.0605 0.0848 0.7810 
 677 0.0054 0.0085 0.0737 0.1075 0.0704 0.0757 0.6587 
 678 0.0456 0.0088 0.0130 0.0468 0.0672 0.0862 0.7323 
 679 0.0065 0.0107 0.0125 0.0738 0.0795 0.1557 0.6613 
 680 0.0086 0.0156 0.0181 0.0587 0.0656 0.1203 0.7131 
 681 0.0077 0.0289 0.2280 0.0734 0.0912 0.2248 0.3460 
 682 0.0061 0.0095 0.0199 0.0449 0.0670 0.1257 0.7269 
 683 0.0058 0.0078 0.0244 0.0720 0.0722 0.0811 0.7368 
 684 0.0307 0.0090 0.0153 0.0486 0.0685 0.0851 0.7427 
 685 0.0058 0.0078 0.0151 0.0479 0.0594 0.0771 0.7870 
 686 0.0067 0.0105 0.0665 0.0905 0.0827 0.1162 0.6270 
 687 0.0060 0.0084 0.0325 0.1686 0.1096 0.0979 0.5770 
 688 0.0060 0.0091 0.0155 0.0662 0.0890 0.1032 0.7111 
 689 0.0063 0.0080 0.0150 0.0461 0.0579 0.0790 0.7878 
 690 0.0059 0.0080 0.0137 0.0454 0.0605 0.0845 0.7821 
 691 0.0062 0.0128 0.0206 0.0700 0.0786 0.1392 0.6727 
 692 0.0350 0.0095 0.0135 0.0613 0.0915 0.1055 0.6836 
 693 0.0061 0.0097 0.0148 0.0532 0.1045 0.1222 0.6894 
 694 0.0053 0.0073 0.0165 0.0476 0.0579 0.0711 0.7943 
 695 0.0055 0.0086 0.0397 0.0419 0.0706 0.1117 0.7221 
 696 0.0058 0.0088 0.0156 0.0656 0.0905 0.1025 0.7112 
 697 0.0073 0.0082 0.0189 0.0601 0.0598 0.0816 0.7642 
 698 0.0060 0.0080 0.0144 0.0524 0.0615 0.0846 0.7730 
 699 0.0049 0.0087 0.0937 0.0560 0.0694 0.0999 0.6674 
 700 0.0069 0.0123 0.0689 0.0672 0.0996 0.1116 0.6335 
 701 0.0673 0.0108 0.0336 0.0670 0.0831 0.1427 0.5955 
 702 0.0065 0.0101 0.0339 0.0714 0.0978 0.1463 0.6339 
 703 0.0062 0.0092 0.0207 0.0522 0.0687 0.1269 0.7161 
 704 0.0053 0.0080 0.0210 0.0747 0.0864 0.0936 0.7110 
 705 0.0274 0.0212 0.2275 0.0816 0.0928 0.1352 0.4144 
 706 0.0072 0.0106 0.0292 0.0490 0.0652 0.1137 0.7251 
 707 0.0181 0.0090 0.0258 0.0615 0.0625 0.0816 0.7415 
 708 0.0063 0.0127 0.0147 0.0600 0.0611 0.0829 0.7623 
 709 0.0050 0.0099 0.0471 0.0493 0.0666 0.0849 0.7372 
 710 0.0056 0.0082 0.0179 0.0419 0.0582 0.0767 0.7915 
 711 0.0064 0.0100 0.0474 0.0712 0.0674 0.1048 0.6928 
 712 0.0054 0.0121 0.0397 0.0769 0.0578 0.0715 0.7366 
 713 0.0060 0.0089 0.0171 0.0720 0.0883 0.0911 0.7166 
 714 0.0073 0.0220 0.0159 0.0935 0.0810 0.1511 0.6293 
 715 0.0051 0.0083 0.0337 0.0556 0.0585 0.0735 0.7654 
 716 0.0064 0.0095 0.0279 0.0416 0.0636 0.1100 0.7411 
 717 0.0049 0.0077 0.0242 0.0448 0.0572 0.0744 0.7867 
 718 0.0083 0.0165 0.0283 0.0836 0.0694 0.1109 0.6831 
 719 0.0076 0.0094 0.0352 0.0532 0.0625 0.0725 0.7597 
 720 0.0058 0.0180 0.0152 0.1657 0.2932 0.4016 0.1004 
 721 0.0066 0.0148 0.0272 0.0796 0.0808 0.2719 0.5191 
 722 0.0078 0.0152 0.0339 0.1085 0.1202 0.5627 0.1517 
 723 0.0091 0.0108 0.0137 0.1179 0.1096 0.6068 0.1322 
 724 0.0143 0.0102 0.0169 0.1002 0.1069 0.5105 0.2409 
 725 0.0127 0.0107 0.0204 0.2341 0.1966 0.2429 0.2826 
 726 0.0120 0.0108 0.0341 0.1735 0.1181 0.4770 0.1744 
 727 0.0143 0.0129 0.1425 0.1308 0.1172 0.2853 0.2969 
