   1 0.0980 0.2470 0.2739 0.3811 
   2 0.0298 0.0463 0.0613 0.8626 
   3 0.0802 0.5253 0.1874 0.2070 
   4 0.0518 0.0520 0.6668 0.2293 
   5 0.0313 0.0550 0.0535 0.8602 
   6 0.0186 0.7483 0.0501 0.1830 
   7 0.0141 0.1333 0.0443 0.8083 
   8 0.0336 0.2434 0.3497 0.3732 
   9 0.0479 0.3275 0.1281 0.4964 
  10 0.0157 0.2600 0.1601 0.5643 
  11 0.0165 0.2085 0.0464 0.7285 
  12 0.0320 0.0683 0.0945 0.8052 
  13 0.0252 0.1111 0.0942 0.7696 
  14 0.1631 0.1212 0.1568 0.5588 
  15 0.0455 0.0992 0.2162 0.6391 
  16 0.0335 0.5035 0.0805 0.3824 
  17 0.0353 0.1946 0.0851 0.6850 
  18 0.0342 0.4111 0.1891 0.3656 
  19 0.0187 0.3959 0.0745 0.5109 
  20 0.0477 0.1230 0.0736 0.7557 
  21 0.1165 0.1475 0.2991 0.4369 
  22 0.0269 0.6929 0.0917 0.1884 
  23 0.2648 0.0676 0.2541 0.4135 
  24 0.0427 0.3303 0.2645 0.3625 
  25 0.0219 0.1351 0.0369 0.8061 
  26 0.0443 0.2265 0.1678 0.5613 
  27 0.0654 0.1992 0.1233 0.6120 
  28 0.0278 0.1768 0.3115 0.4839 
  29 0.0462 0.0815 0.0724 0.7999 
  30 0.0435 0.7088 0.0744 0.1733 
  31 0.0484 0.1314 0.1599 0.6603 
  32 0.0593 0.1903 0.2114 0.5389 
  33 0.1191 0.4412 0.1781 0.2617 
  34 0.0198 0.3657 0.0692 0.5453 
  35 0.1966 0.3376 0.0714 0.3944 
  36 0.6016 0.2086 0.0606 0.1292 
  37 0.0675 0.0941 0.2852 0.5532 
  38 0.1209 0.6782 0.0368 0.1641 
  39 0.1136 0.4913 0.0646 0.3305 
  40 0.5306 0.1094 0.1882 0.1718 
  41 0.5098 0.2937 0.0455 0.1510 
  42 0.4339 0.1382 0.2986 0.1293 
  43 0.4569 0.0707 0.1194 0.3530 
  44 0.5812 0.2349 0.0365 0.1474 
  45 0.3546 0.2814 0.0431 0.3209 
  46 0.0942 0.4602 0.0480 0.3976 
  47 0.0499 0.3631 0.1118 0.4752 
  48 0.6218 0.2227 0.0372 0.1183 
  49 0.1658 0.3270 0.0901 0.4171 
  50 0.0562 0.4515 0.1098 0.3825 
  51 0.8497 0.0476 0.0308 0.0719 
  52 0.1041 0.5155 0.0734 0.3069 
  53 0.0517 0.7453 0.0738 0.1293 
  54 0.1006 0.0703 0.1383 0.6908 
  55 0.4933 0.0662 0.0668 0.3737 
  56 0.3956 0.3243 0.0925 0.1877 
  57 0.0182 0.1752 0.1981 0.6086 
  58 0.3605 0.1262 0.0885 0.4249 
  59 0.3365 0.3209 0.0605 0.2820 
  60 0.6275 0.0746 0.1439 0.1540 
  61 0.4985 0.0339 0.1569 0.3107 
  62 0.0430 0.2936 0.0709 0.5925 
  63 0.2711 0.1119 0.1376 0.4795 
  64 0.0344 0.6687 0.0478 0.2491 
  65 0.0285 0.0866 0.0318 0.8530 
  66 0.1125 0.0521 0.2404 0.5950 
  67 0.3097 0.0592 0.0628 0.5683 
  68 0.3261 0.3054 0.0846 0.2838 
  69 0.1329 0.4402 0.1433 0.2837 
  70 0.5891 0.1081 0.0741 0.2287 
  71 0.5650 0.1660 0.0313 0.2376 
  72 0.1535 0.5287 0.0569 0.2608 
  73 0.2861 0.0617 0.0466 0.6056 
  74 0.4267 0.3126 0.1294 0.1313 
  75 0.6157 0.1053 0.1643 0.1146 
  76 0.2488 0.0950 0.0681 0.5881 
  77 0.5655 0.1856 0.0360 0.2129 
  78 0.5114 0.2919 0.0412 0.1554 
  79 0.0142 0.1052 0.0494 0.8312 
  80 0.0174 0.0738 0.6329 0.2760 
  81 0.0151 0.1012 0.4439 0.4398 
  82 0.0760 0.0527 0.1319 0.7394 
  83 0.0435 0.1772 0.3238 0.4555 
  84 0.0258 0.1157 0.2363 0.6222 
  85 0.0338 0.1824 0.3876 0.3962 
  86 0.1113 0.1089 0.0627 0.7171 
  87 0.0275 0.0906 0.0579 0.8240 
  88 0.0286 0.0541 0.2523 0.6650 
  89 0.0235 0.0558 0.4471 0.4735 
  90 0.0169 0.0564 0.0556 0.8711 
  91 0.0370 0.1103 0.6138 0.2389 
  92 0.0211 0.0738 0.0958 0.8093 
  93 0.0179 0.0378 0.8396 0.1047 
  94 0.0285 0.4660 0.0510 0.4545 
  95 0.0228 0.0433 0.1267 0.8072 
  96 0.5352 0.0353 0.2249 0.2046 
  97 0.3645 0.2010 0.2423 0.1923 
  98 0.4129 0.1231 0.1185 0.3455 
  99 0.0200 0.0785 0.1977 0.7038 
 100 0.0300 0.0305 0.7824 0.1572 
 101 0.0498 0.0632 0.0937 0.7933 
 102 0.0966 0.0907 0.3960 0.4167 
 103 0.0504 0.0389 0.2009 0.7099 
 104 0.0443 0.0567 0.0703 0.8287 
 105 0.0448 0.0351 0.1278 0.7923 
 106 0.0328 0.2536 0.0256 0.6880 
 107 0.0492 0.0486 0.1292 0.7729 
 108 0.6416 0.0899 0.0409 0.2277 
 109 0.0392 0.1199 0.0271 0.8138 
 110 0.0217 0.2651 0.0320 0.6812 
 111 0.0219 0.0463 0.0347 0.8971 
 112 0.0306 0.1212 0.0278 0.8204 
 113 0.1274 0.1203 0.0985 0.6539 
 114 0.0321 0.0498 0.0896 0.8285 
 115 0.1342 0.0527 0.0478 0.7652 
 116 0.1251 0.2023 0.0298 0.6428 
 117 0.0372 0.1457 0.0423 0.7749 
 118 0.0505 0.0480 0.0449 0.8566 
 119 0.5382 0.0542 0.2101 0.1975 
 120 0.0410 0.0630 0.0471 0.8488 
 121 0.1613 0.0616 0.0403 0.7369 
 122 0.0271 0.1822 0.0346 0.7561 
 123 0.0372 0.0968 0.0505 0.8155 
 124 0.0975 0.3573 0.0438 0.5015 
 125 0.0691 0.5006 0.0500 0.3803 
 126 0.1143 0.1826 0.0617 0.6414 
 127 0.0248 0.0472 0.0396 0.8884 
 128 0.0492 0.0385 0.0458 0.8665 
 129 0.0292 0.0336 0.0367 0.9004 
 130 0.0254 0.0550 0.0931 0.8265 
 131 0.1532 0.4079 0.0367 0.4023 
 132 0.0327 0.1068 0.0314 0.8290 
 133 0.0531 0.0575 0.0554 0.8340 
 134 0.0164 0.1884 0.0214 0.7738 
 135 0.1722 0.0428 0.5743 0.2107 
 136 0.0173 0.0408 0.8379 0.1040 
 137 0.0155 0.0345 0.7990 0.1510 
 138 0.0252 0.0438 0.8527 0.0784 
 139 0.2321 0.0597 0.4422 0.2660 
 140 0.0827 0.0980 0.5375 0.2818 
 141 0.0260 0.0740 0.7751 0.1249 
 142 0.2083 0.0382 0.5901 0.1633 
 143 0.0160 0.0270 0.8887 0.0684 
 144 0.0170 0.0318 0.8075 0.1438 
 145 0.0423 0.0922 0.6629 0.2026 
 146 0.0501 0.0838 0.5294 0.3367 
 147 0.0137 0.0305 0.8845 0.0713 
 148 0.0556 0.0512 0.6586 0.2346 
 149 0.0427 0.0475 0.8121 0.0976 
 150 0.0242 0.0435 0.6344 0.2978 
 151 0.0216 0.0345 0.8308 0.1131 
 152 0.1068 0.0702 0.5907 0.2323 
 153 0.0478 0.0619 0.7769 0.1134 
 154 0.0307 0.0396 0.8081 0.1217 
 155 0.0196 0.0312 0.8546 0.0946 
 156 0.1164 0.0292 0.7097 0.1447 
 157 0.0243 0.0660 0.6889 0.2208 
 158 0.0310 0.0892 0.7055 0.1743 
 159 0.0142 0.0283 0.8801 0.0774 
 160 0.0149 0.0292 0.8705 0.0855 
 161 0.0396 0.0733 0.7206 0.1666 
 162 0.0596 0.0882 0.4521 0.4001 
 163 0.0278 0.0297 0.8565 0.0860 
 164 0.0319 0.0592 0.4416 0.4673 
 165 0.0220 0.0384 0.6924 0.2472 
 166 0.0653 0.0894 0.5794 0.2658 
 167 0.0228 0.0553 0.6847 0.2371 
 168 0.0515 0.0811 0.7521 0.1153 
 169 0.0537 0.4054 0.3840 0.1568 
 170 0.0662 0.0337 0.7705 0.1296 
 171 0.0518 0.0764 0.6236 0.2482 
 172 0.1967 0.1758 0.5343 0.0931 
 173 0.0193 0.0286 0.8630 0.0891 
 174 0.0154 0.0376 0.8386 0.1085 
 175 0.0208 0.0387 0.8598 0.0807 
 176 0.0168 0.0312 0.8078 0.1442 
 177 0.0368 0.1226 0.5343 0.3063 
 178 0.0169 0.0564 0.7857 0.1410 
 179 0.0148 0.0288 0.8847 0.0717 
 180 0.0449 0.0790 0.6529 0.2232 
 181 0.0501 0.0549 0.7400 0.1550 
 182 0.0336 0.0274 0.8145 0.1244 
 183 0.0174 0.0311 0.8695 0.0819 
 184 0.0609 0.0933 0.0768 0.7690 
 185 0.0924 0.0260 0.8018 0.0797 
 186 0.0346 0.0614 0.0593 0.8447 
 187 0.0594 0.0648 0.4368 0.4390 
 188 0.0345 0.0466 0.0440 0.8749 
 189 0.0775 0.2891 0.3743 0.2591 
 190 0.6249 0.0219 0.2475 0.1056 
 191 0.0426 0.0432 0.1641 0.7501 
 192 0.0422 0.0644 0.3466 0.5468 
 193 0.1107 0.0807 0.3006 0.5080 
 194 0.0978 0.0530 0.2822 0.5671 
 195 0.0744 0.0270 0.7682 0.1304 
 196 0.5241 0.0346 0.2280 0.2134 
 197 0.0642 0.1332 0.1632 0.6393 
 198 0.0864 0.1278 0.1950 0.5908 
 199 0.4570 0.0396 0.2300 0.2734 
 200 0.4232 0.0796 0.1875 0.3098 
 201 0.0620 0.0366 0.7570 0.1444 
 202 0.1176 0.0283 0.6767 0.1775 
 203 0.0501 0.0312 0.7556 0.1631 
 204 0.1374 0.0282 0.5061 0.3283 
 205 0.2729 0.0590 0.1798 0.4883 
 206 0.1010 0.0357 0.4379 0.4253 
 207 0.1698 0.0318 0.1342 0.6642 
 208 0.2817 0.0372 0.4043 0.2768 
 209 0.0980 0.0534 0.2261 0.6225 
 210 0.1053 0.0378 0.4469 0.4100 
 211 0.4143 0.0271 0.1520 0.4066 
 212 0.0521 0.0496 0.7593 0.1390 
 213 0.2463 0.0571 0.1249 0.5717 
 214 0.0797 0.0349 0.7428 0.1426 
 215 0.2411 0.0461 0.0974 0.6154 
 216 0.0649 0.0873 0.0983 0.7495 
 217 0.1127 0.0498 0.6890 0.1485 
 218 0.0939 0.0593 0.2665 0.5803 
 219 0.0443 0.1770 0.3376 0.4411 
 220 0.1056 0.0332 0.1874 0.6739 
 221 0.1267 0.0252 0.7722 0.0759 
 222 0.0441 0.1497 0.1684 0.6378 
 223 0.0657 0.0892 0.5276 0.3175 
 224 0.0486 0.0349 0.6566 0.2599 
 225 0.1949 0.0454 0.3253 0.4344 
 226 0.2477 0.2189 0.2253 0.3081 
 227 0.2088 0.0326 0.4205 0.3381 
 228 0.1916 0.0270 0.6389 0.1426 
 229 0.0278 0.0407 0.6522 0.2793 
 230 0.0453 0.0348 0.5565 0.3634 
 231 0.0311 0.0592 0.5971 0.3126 
 232 0.1050 0.0772 0.3594 0.4584 
 233 0.0492 0.0340 0.7863 0.1306 
 234 0.0485 0.0930 0.2874 0.5711 
 235 0.1775 0.0956 0.4328 0.2942 
 236 0.0758 0.0637 0.5516 0.3089 
 237 0.1130 0.0356 0.2255 0.6258 
 238 0.0786 0.0444 0.6869 0.1901 
 239 0.0770 0.0272 0.7688 0.1269 
 240 0.0759 0.0446 0.6884 0.1911 
 241 0.0603 0.0336 0.7684 0.1376 
 242 0.0684 0.1151 0.4182 0.3983 
 243 0.5482 0.0259 0.2524 0.1736 
 244 0.0512 0.0332 0.7168 0.1988 
 245 0.0525 0.0309 0.8127 0.1039 
 246 0.1128 0.0499 0.6939 0.1435 
 247 0.0852 0.0805 0.0497 0.7845 
 248 0.1590 0.0383 0.0625 0.7403 
 249 0.0734 0.0377 0.6319 0.2569 
 250 0.0552 0.0563 0.4124 0.4760 
 251 0.1650 0.1308 0.1395 0.5647 
 252 0.1008 0.0601 0.4724 0.3667 
 253 0.1807 0.0770 0.1070 0.6353 
 254 0.0621 0.1051 0.2142 0.6185 
 255 0.0536 0.0791 0.3273 0.5399 
 256 0.1661 0.0411 0.5634 0.2294 
 257 0.1891 0.0429 0.2521 0.5160 
 258 0.2677 0.0604 0.1333 0.5386 
 259 0.0724 0.0420 0.1920 0.6936 
 260 0.0369 0.1259 0.3815 0.4557 
 261 0.1290 0.0586 0.5897 0.2227 
 262 0.2875 0.0306 0.5814 0.1005 
 263 0.0888 0.0443 0.1738 0.6931 
 264 0.0698 0.4323 0.0432 0.4547 
 265 0.1413 0.1081 0.3166 0.4339 
 266 0.0855 0.0254 0.8056 0.0836 
 267 0.0675 0.0549 0.3486 0.5290 
 268 0.5165 0.0348 0.2317 0.2171 
 269 0.0613 0.2350 0.3524 0.3513 
 270 0.0520 0.0685 0.1149 0.7645 
 271 0.3016 0.0485 0.1167 0.5331 
 272 0.4741 0.1156 0.1221 0.2882 
 273 0.1899 0.1220 0.3829 0.3052 
 274 0.1692 0.1004 0.1903 0.5401 
 275 0.2132 0.1335 0.2998 0.3536 
 276 0.4705 0.0927 0.0991 0.3378 
 277 0.0622 0.0914 0.4622 0.3842 
 278 0.4682 0.0438 0.1154 0.3727 
 279 0.1181 0.0671 0.3367 0.4781 
 280 0.1644 0.1851 0.2677 0.3827 
 281 0.1130 0.0579 0.1940 0.6351 
 282 0.0397 0.0785 0.6295 0.2523 
 283 0.0368 0.0405 0.7429 0.1799 
 284 0.1077 0.0558 0.3239 0.5126 
 285 0.2372 0.0532 0.0373 0.6723 
 286 0.0518 0.0332 0.7170 0.1980 
 287 0.0751 0.1464 0.2912 0.4873 
 288 0.2391 0.1559 0.1737 0.4313 
 289 0.2269 0.0984 0.1531 0.5216 
 290 0.3423 0.2071 0.1305 0.3201 
 291 0.2900 0.0494 0.1190 0.5416 
 292 0.2982 0.1347 0.3304 0.2367 
 293 0.2561 0.3363 0.0807 0.3268 
 294 0.1204 0.0564 0.1555 0.6677 
 295 0.2286 0.1182 0.1956 0.4575 
 296 0.1825 0.0425 0.1673 0.6077 
 297 0.0871 0.2018 0.1585 0.5526 
 298 0.0307 0.0747 0.5082 0.3865 
 299 0.0354 0.0580 0.1598 0.7468 
 300 0.1256 0.0481 0.1271 0.6991 
 301 0.0684 0.1285 0.1165 0.6866 
 302 0.2521 0.0544 0.1372 0.5563 
 303 0.0647 0.0620 0.6358 0.2375 
 304 0.0293 0.1406 0.4493 0.3807 
 305 0.1261 0.0356 0.6724 0.1659 
 306 0.0879 0.0689 0.6741 0.1691 
 307 0.0919 0.0596 0.2860 0.5625 
 308 0.1298 0.0596 0.5907 0.2200 
 309 0.2560 0.0530 0.1672 0.5239 
 310 0.2322 0.0328 0.5482 0.1869 
 311 0.0446 0.0343 0.5642 0.3570 
 312 0.1260 0.0298 0.1743 0.6700 
 313 0.3951 0.0321 0.0680 0.5048 
 314 0.0242 0.0297 0.8846 0.0615 
 315 0.0366 0.0447 0.8418 0.0768 
 316 0.0250 0.0537 0.8398 0.0815 
 317 0.0144 0.0302 0.8933 0.0621 
 318 0.0115 0.0322 0.8939 0.0625 
 319 0.0158 0.0274 0.8851 0.0717 
 320 0.0237 0.0288 0.8859 0.0616 
 321 0.0136 0.0332 0.8884 0.0648 
 322 0.0374 0.0494 0.8318 0.0814 
 323 0.0124 0.0304 0.8922 0.0650 
 324 0.0135 0.0340 0.8875 0.0650 
 325 0.0206 0.0547 0.8483 0.0764 
 326 0.0214 0.0559 0.8507 0.0720 
 327 0.0146 0.0301 0.8926 0.0628 
 328 0.0286 0.0497 0.8327 0.0890 
 329 0.0119 0.0282 0.8949 0.0650 
 330 0.0142 0.0302 0.8934 0.0621 
 331 0.0123 0.0282 0.8933 0.0662 
 332 0.0187 0.0663 0.8363 0.0787 
 333 0.0238 0.0459 0.8519 0.0783 
 334 0.0284 0.0487 0.8348 0.0881 
 335 0.0299 0.0440 0.8455 0.0807 
 336 0.0164 0.0356 0.8856 0.0625 
 337 0.0250 0.0599 0.8344 0.0807 
 338 0.0116 0.0341 0.8905 0.0638 
 339 0.0123 0.0286 0.8927 0.0664 
 340 0.0130 0.0263 0.8973 0.0634 
 341 0.0132 0.0292 0.8908 0.0668 
 342 0.0144 0.0302 0.8935 0.0620 
 343 0.0477 0.0522 0.8207 0.0793 
 344 0.0117 0.0291 0.8958 0.0634 
 345 0.0146 0.0304 0.8932 0.0618 
 346 0.0127 0.0289 0.8981 0.0603 
 347 0.0125 0.0265 0.8995 0.0615 
 348 0.0610 0.0418 0.8206 0.0766 
 349 0.0145 0.0301 0.8926 0.0629 
 350 0.0193 0.0284 0.8822 0.0700 
 351 0.0290 0.0435 0.8482 0.0793 
 352 0.0289 0.0508 0.8426 0.0777 
 353 0.0166 0.0356 0.8843 0.0634 
 354 0.0119 0.0292 0.8936 0.0653 
 355 0.0118 0.0321 0.8945 0.0616 
 356 0.0783 0.0403 0.8000 0.0814 
 357 0.0258 0.2307 0.5415 0.2020 
 358 0.0200 0.0504 0.8476 0.0819 
 359 0.0122 0.0293 0.8911 0.0674 
 360 0.0132 0.0293 0.8973 0.0602 
 361 0.0396 0.2340 0.4804 0.2460 
 362 0.0448 0.2426 0.0853 0.6273 
 363 0.0513 0.5092 0.0449 0.3946 
 364 0.0317 0.2273 0.3474 0.3936 
 365 0.0368 0.5347 0.0532 0.3753 
 366 0.2657 0.3577 0.1384 0.2382 
 367 0.0159 0.3661 0.0266 0.5914 
 368 0.0170 0.0684 0.0495 0.8651 
 369 0.1866 0.1961 0.3498 0.2676 
 370 0.0555 0.0786 0.0701 0.7959 
 371 0.0743 0.2694 0.1324 0.5239 
 372 0.0671 0.0774 0.1278 0.7276 
 373 0.0232 0.1485 0.0874 0.7410 
 374 0.0364 0.2830 0.3339 0.3468 
 375 0.0201 0.3284 0.0398 0.6117 
 376 0.0146 0.8427 0.0294 0.1133 
 377 0.0501 0.3131 0.0660 0.5708 
 378 0.0244 0.0844 0.1645 0.7267 
 379 0.0210 0.8474 0.0268 0.1048 
 380 0.0690 0.6778 0.1302 0.1230 
 381 0.0592 0.7398 0.1020 0.0990 
 382 0.0164 0.3836 0.0420 0.5579 
 383 0.0244 0.7513 0.1182 0.1061 
 384 0.0287 0.5855 0.0986 0.2873 
 385 0.0138 0.0981 0.1400 0.7480 
 386 0.0251 0.4284 0.0412 0.5053 
 387 0.0257 0.3943 0.0477 0.5323 
 388 0.0259 0.1783 0.2543 0.5415 
 389 0.2595 0.0611 0.0580 0.6214 
 390 0.2068 0.4695 0.0390 0.2847 
 391 0.1156 0.1187 0.0837 0.6820 
 392 0.0278 0.6533 0.0868 0.2322 
 393 0.0551 0.7878 0.0611 0.0959 
 394 0.0333 0.1961 0.2434 0.5272 
 395 0.3377 0.2707 0.0526 0.3390 
 396 0.0186 0.2776 0.0292 0.6746 
 397 0.0410 0.1672 0.1898 0.6020 
 398 0.0224 0.7575 0.0291 0.1910 
 399 0.0828 0.2217 0.0397 0.6557 
 400 0.0240 0.4937 0.0578 0.4245 
 401 0.0832 0.1789 0.0599 0.6780 
 402 0.1080 0.1523 0.0689 0.6708 
 403 0.0305 0.1198 0.3634 0.4863 
 404 0.0330 0.3942 0.0978 0.4750 
 405 0.0613 0.3430 0.0942 0.5015 
 406 0.6693 0.1637 0.0764 0.0906 
 407 0.0184 0.8038 0.0298 0.1481 
 408 0.1207 0.0558 0.0292 0.7943 
 409 0.4273 0.1969 0.2391 0.1367 
 410 0.0361 0.5287 0.0845 0.3507 
 411 0.0745 0.6068 0.1542 0.1646 
 412 0.0161 0.0936 0.0452 0.8451 
 413 0.0268 0.0965 0.1540 0.7228 
 414 0.0165 0.0808 0.0327 0.8701 
 415 0.0619 0.7263 0.0456 0.1662 
 416 0.0501 0.3867 0.0784 0.4848 
 417 0.0194 0.7402 0.0377 0.2026 
 418 0.0138 0.2150 0.0317 0.7395 
 419 0.1169 0.2182 0.1784 0.4865 
 420 0.2253 0.2251 0.0397 0.5100 
 421 0.0272 0.4821 0.0494 0.4413 
 422 0.2218 0.3394 0.0597 0.3792 
 423 0.0378 0.6013 0.0616 0.2993 
 424 0.1325 0.1297 0.0597 0.6781 
 425 0.0380 0.2528 0.0942 0.6151 
 426 0.0255 0.1629 0.0729 0.7386 
 427 0.0312 0.6983 0.1144 0.1560 
 428 0.1236 0.4129 0.1777 0.2858 
 429 0.0141 0.7518 0.0268 0.2072 
 430 0.0234 0.7638 0.0367 0.1761 
 431 0.0243 0.1105 0.0633 0.8018 
 432 0.0206 0.0807 0.0543 0.8444 
 433 0.0515 0.0528 0.2535 0.6422 
 434 0.0395 0.2111 0.1432 0.6062 
 435 0.0272 0.7789 0.0286 0.1653 
 436 0.0275 0.8262 0.0471 0.0993 
 437 0.0180 0.7882 0.0327 0.1610 
 438 0.2816 0.4155 0.0694 0.2335 
 439 0.0176 0.8477 0.0368 0.0979 
 440 0.0229 0.8341 0.0236 0.1194 
 441 0.0285 0.5897 0.0948 0.2870 
 442 0.0369 0.6335 0.0350 0.2946 
 443 0.1241 0.3948 0.0300 0.4510 
 444 0.0450 0.7053 0.0345 0.2153 
 445 0.1353 0.5548 0.1364 0.1734 
 446 0.0214 0.7319 0.0331 0.2136 
 447 0.0791 0.5862 0.0746 0.2601 
 448 0.0302 0.6103 0.0357 0.3238 
 449 0.0344 0.5487 0.0646 0.3523 
 450 0.0130 0.6763 0.0591 0.2517 
 451 0.0340 0.1099 0.0256 0.8305 
 452 0.0147 0.7432 0.0488 0.1933 
 453 0.4934 0.0883 0.0663 0.3519 
 454 0.0282 0.6093 0.0779 0.2846 
 455 0.0765 0.7198 0.0336 0.1701 
 456 0.1211 0.6432 0.0305 0.2053 
 457 0.0185 0.8166 0.0344 0.1305 
 458 0.0181 0.8159 0.0384 0.1276 
 459 0.0443 0.5378 0.1021 0.3158 
 460 0.0219 0.7350 0.0306 0.2125 
 461 0.0135 0.5733 0.0312 0.3820 
 462 0.0466 0.6503 0.0243 0.2788 
 463 0.5662 0.2280 0.0518 0.1540 
 464 0.0598 0.5997 0.0306 0.3100 
 465 0.0481 0.2616 0.0439 0.6464 
 466 0.2397 0.3081 0.0354 0.4167 
 467 0.0581 0.6257 0.0684 0.2478 
 468 0.0477 0.8242 0.0287 0.0994 
 469 0.0177 0.8673 0.0307 0.0844 
 470 0.0217 0.8170 0.0281 0.1332 
 471 0.2067 0.3042 0.0392 0.4498 
 472 0.0757 0.4018 0.0447 0.4777 
 473 0.0491 0.4502 0.0681 0.4326 
 474 0.0309 0.7175 0.0510 0.2005 
 475 0.0400 0.2840 0.0708 0.6052 
 476 0.0254 0.8287 0.0363 0.1097 
 477 0.0550 0.1786 0.0615 0.7049 
 478 0.0214 0.1540 0.0304 0.7943 
 479 0.0186 0.7632 0.0276 0.1905 
 480 0.0157 0.8526 0.0328 0.0989 
 481 0.0455 0.2709 0.0381 0.6455 
 482 0.0141 0.8282 0.0278 0.1299 
 483 0.0257 0.7750 0.0389 0.1604 
 484 0.1921 0.5391 0.0458 0.2229 
 485 0.0388 0.7991 0.0308 0.1313 
 486 0.1022 0.0681 0.0570 0.7728 
 487 0.0454 0.0839 0.1483 0.7224 
 488 0.0301 0.0484 0.0761 0.8455 
 489 0.1586 0.1076 0.2680 0.4659 
 490 0.0557 0.0872 0.0335 0.8236 
 491 0.0628 0.0528 0.1704 0.7140 
 492 0.0749 0.0549 0.2485 0.6218 
 493 0.0391 0.0515 0.0726 0.8368 
 494 0.0653 0.0959 0.1234 0.7154 
 495 0.0504 0.0648 0.1213 0.7635 
 496 0.1081 0.0763 0.3884 0.4273 
 497 0.0255 0.0491 0.1290 0.7964 
 498 0.1449 0.0815 0.1001 0.6735 
 499 0.0548 0.0630 0.3154 0.5668 
 500 0.0497 0.1559 0.0769 0.7175 
 501 0.0320 0.1338 0.1782 0.6560 
 502 0.0191 0.0751 0.1935 0.7123 
 503 0.0334 0.3671 0.0482 0.5513 
 504 0.0407 0.0471 0.0485 0.8636 
 505 0.2178 0.0563 0.1266 0.5994 
 506 0.0308 0.0705 0.1922 0.7065 
 507 0.0587 0.0343 0.7902 0.1169 
 508 0.1519 0.0306 0.6009 0.2166 
 509 0.0995 0.0535 0.2499 0.5972 
 510 0.0374 0.1487 0.3151 0.4989 
 511 0.0783 0.4377 0.0628 0.4212 
 512 0.0207 0.3995 0.0362 0.5435 
 513 0.0796 0.0247 0.0625 0.8332 
 514 0.0318 0.0580 0.0572 0.8530 
 515 0.0983 0.4323 0.1640 0.3054 
 516 0.0733 0.0452 0.0637 0.8178 
 517 0.2632 0.1748 0.1432 0.4188 
 518 0.0317 0.1577 0.3340 0.4766 
 519 0.0316 0.0709 0.0651 0.8323 
 520 0.3616 0.1919 0.2922 0.1543 
 521 0.0668 0.0667 0.4329 0.4336 
 522 0.2176 0.4999 0.0510 0.2315 
 523 0.5119 0.0594 0.1527 0.2760 
 524 0.1558 0.4303 0.0943 0.3196 
 525 0.0682 0.2687 0.3076 0.3555 
 526 0.5936 0.2196 0.0774 0.1094 
 527 0.0192 0.1439 0.0544 0.7825 
 528 0.0648 0.0468 0.6848 0.2037 
 529 0.0456 0.0676 0.1717 0.7151 
 530 0.1186 0.4289 0.1036 0.3490 
 531 0.0765 0.2037 0.4463 0.2735 
 532 0.0713 0.1021 0.3096 0.5169 
 533 0.1180 0.2904 0.0900 0.5015 
 534 0.1470 0.0375 0.1377 0.6777 
 535 0.3794 0.1550 0.0785 0.3870 
 536 0.2152 0.2857 0.2103 0.2888 
 537 0.4005 0.0643 0.3507 0.1845 
 538 0.2801 0.0956 0.2821 0.3422 
 539 0.0552 0.0371 0.8029 0.1049 
 540 0.2210 0.1266 0.3224 0.3300 
 541 0.0661 0.1126 0.5842 0.2370 
 542 0.6313 0.1585 0.0592 0.1510 
 543 0.3820 0.0566 0.1821 0.3793 
 544 0.6126 0.0871 0.1005 0.1997 
 545 0.7342 0.1053 0.0347 0.1259 
 546 0.3924 0.0842 0.1986 0.3247 
 547 0.7411 0.0449 0.0906 0.1234 
 548 0.0531 0.0565 0.4106 0.4798 
 549 0.2817 0.1768 0.4281 0.1133 
 550 0.5414 0.2174 0.0582 0.1830 
 551 0.0655 0.0800 0.6612 0.1933 
 552 0.2903 0.0846 0.3562 0.2689 
 553 0.7100 0.0308 0.1312 0.1280 
 554 0.0834 0.2246 0.1821 0.5099 
 555 0.2534 0.0610 0.4411 0.2445 
 556 0.3534 0.0770 0.2132 0.3564 
 557 0.4714 0.2500 0.0856 0.1931 
 558 0.0123 0.8369 0.0288 0.1219 
 559 0.0465 0.0641 0.0537 0.8357 
 560 0.0269 0.4837 0.0248 0.4646 
 561 0.0426 0.2350 0.0329 0.6894 
 562 0.0574 0.1554 0.0247 0.7625 
 563 0.0558 0.1024 0.1343 0.7074 
 564 0.0988 0.0694 0.0660 0.7657 
 565 0.0154 0.8236 0.0345 0.1265 
 566 0.0239 0.3149 0.0246 0.6366 
 567 0.0347 0.0549 0.0425 0.8679 
 568 0.0746 0.1494 0.0541 0.7218 
 569 0.1377 0.3591 0.0549 0.4484 
 570 0.0140 0.7832 0.0259 0.1770 
 571 0.0248 0.0993 0.0373 0.8386 
 572 0.5107 0.1291 0.1550 0.2052 
 573 0.0825 0.1678 0.0657 0.6840 
 574 0.0390 0.4410 0.1440 0.3760 
 575 0.0398 0.1248 0.0854 0.7501 
 576 0.0160 0.1725 0.0244 0.7870 
 577 0.0279 0.3503 0.1202 0.5017 
 578 0.0317 0.1997 0.0420 0.7266 
 579 0.0297 0.1927 0.0418 0.7358 
 580 0.0235 0.5047 0.0717 0.4002 
 581 0.0227 0.4964 0.0523 0.4287 
 582 0.0296 0.7348 0.0285 0.2072 
 583 0.0208 0.1604 0.0394 0.7794 
 584 0.0165 0.1519 0.0302 0.8014 
 585 0.0241 0.2625 0.0360 0.6774 
 586 0.0287 0.0768 0.0481 0.8463 
 587 0.0522 0.4418 0.0286 0.4774 
 588 0.4076 0.0272 0.0528 0.5125 
 589 0.0740 0.6500 0.0309 0.2451 
 590 0.0236 0.0601 0.0348 0.8815 
 591 0.0203 0.0764 0.0417 0.8616 
 592 0.1201 0.1606 0.0357 0.6836 
 593 0.0416 0.2156 0.0705 0.6723 
 594 0.0232 0.0618 0.0727 0.8423 
 595 0.0150 0.1796 0.0278 0.7776 
 596 0.2320 0.1708 0.0649 0.5323 
 597 0.0811 0.0686 0.1734 0.6769 
 598 0.0138 0.8454 0.0269 0.1139 
 599 0.0532 0.2200 0.0274 0.6994 
 600 0.0452 0.4754 0.0876 0.3918 
 601 0.0371 0.4287 0.0283 0.5059 
 602 0.0255 0.0606 0.1270 0.7869 
 603 0.0305 0.0585 0.1199 0.7910 
 604 0.0392 0.4921 0.1032 0.3655 
 605 0.0593 0.1656 0.0482 0.7269 
 606 0.0627 0.1490 0.1728 0.6155 
 607 0.0233 0.1847 0.2833 0.5087 
 608 0.0250 0.1922 0.4535 0.3293 
 609 0.0410 0.3985 0.0671 0.4934 
 610 0.1041 0.5962 0.0516 0.2481 
 611 0.0581 0.0764 0.1125 0.7530 
 612 0.0288 0.8121 0.0387 0.1204 
 613 0.0658 0.2365 0.0686 0.6292 
 614 0.0276 0.7325 0.0440 0.1960 
 615 0.0280 0.7294 0.0797 0.1629 
 616 0.0246 0.1813 0.1988 0.5953 
 617 0.0530 0.3262 0.0418 0.5790 
 618 0.0687 0.5082 0.1798 0.2433 
 619 0.1664 0.1927 0.1385 0.5024 
 620 0.1108 0.0985 0.0296 0.7611 
 621 0.0146 0.1584 0.0390 0.7880 
 622 0.1202 0.4030 0.1370 0.3399 
 623 0.0410 0.1176 0.0436 0.7978 
 624 0.0250 0.6846 0.1241 0.1664 
 625 0.0217 0.4499 0.1508 0.3777 
 626 0.1481 0.2830 0.4467 0.1222 
 627 0.0409 0.1367 0.0618 0.7606 
 628 0.0344 0.0832 0.0586 0.8238 
 629 0.0230 0.1354 0.0761 0.7655 
 630 0.0345 0.5761 0.0549 0.3345 
 631 0.0227 0.3724 0.0736 0.5314 
 632 0.1089 0.1127 0.3074 0.4710 
 633 0.0259 0.3736 0.1176 0.4829 
 634 0.0676 0.1719 0.1885 0.5719 
 635 0.0321 0.1468 0.5495 0.2715 
 636 0.0294 0.3987 0.2339 0.3381 
 637 0.2701 0.1484 0.1116 0.4698 
 638 0.0219 0.1191 0.1074 0.7516 
 639 0.0311 0.3343 0.1131 0.5215 
 640 0.0146 0.1186 0.0489 0.8180 
 641 0.0262 0.1560 0.0701 0.7477 
 642 0.0728 0.0864 0.5842 0.2566 
 643 0.0224 0.0506 0.7993 0.1276 
 644 0.0283 0.0537 0.6182 0.2999 
 645 0.0467 0.3014 0.5402 0.1117 
 646 0.1091 0.0889 0.1330 0.6690 
 647 0.0676 0.0618 0.3383 0.5323 
 648 0.1407 0.1105 0.3309 0.4179 
 649 0.3178 0.0467 0.1923 0.4432 
 650 0.0747 0.0493 0.1607 0.7153 
 651 0.0202 0.0490 0.4577 0.4731 
 652 0.0389 0.0617 0.6098 0.2896 
 653 0.0862 0.0886 0.3969 0.4283 
 654 0.1276 0.0703 0.5662 0.2359 
 655 0.0424 0.0797 0.5226 0.3552 
 656 0.1402 0.0797 0.2620 0.5181 
 657 0.0292 0.2299 0.1841 0.5568 
 658 0.1137 0.1355 0.2272 0.5235 
 659 0.1007 0.0759 0.5279 0.2955 
 660 0.0562 0.0434 0.7140 0.1864 
 661 0.1947 0.0801 0.5714 0.1538 
 662 0.5003 0.0378 0.1044 0.3575 
 663 0.0408 0.0705 0.6038 0.2849 
 664 0.0599 0.1981 0.2445 0.4974 
 665 0.3269 0.0445 0.1444 0.4843 
 666 0.0869 0.0697 0.5926 0.2508 
 667 0.0433 0.0622 0.0803 0.8142 
 668 0.0846 0.1179 0.4825 0.3150 
 669 0.0876 0.0551 0.3270 0.5303 
 670 0.0202 0.0293 0.8626 0.0879 
 671 0.0392 0.0391 0.7552 0.1665 
 672 0.0640 0.0815 0.6802 0.1743 
 673 0.0125 0.0325 0.8852 0.0699 
 674 0.0291 0.0573 0.7844 0.1292 
 675 0.0176 0.0313 0.8095 0.1417 
 676 0.0143 0.0291 0.8866 0.0699 
 677 0.0923 0.0271 0.8015 0.0790 
 678 0.0118 0.0321 0.8817 0.0743 
 679 0.0133 0.0570 0.8106 0.1191 
 680 0.0234 0.0504 0.8236 0.1026 
 681 0.3256 0.1353 0.2920 0.2470 
 682 0.0227 0.0553 0.8359 0.0860 
 683 0.0235 0.0288 0.8668 0.0808 
 684 0.0142 0.0321 0.8775 0.0762 
 685 0.0154 0.0266 0.8924 0.0657 
 686 0.0895 0.0489 0.7575 0.1041 
 687 0.0532 0.0367 0.7533 0.1568 
 688 0.0195 0.0382 0.8297 0.1126 
 689 0.0140 0.0283 0.8905 0.0672 
 690 0.0140 0.0298 0.8873 0.0690 
 691 0.0216 0.0507 0.8182 0.1095 
 692 0.0147 0.0428 0.8301 0.1124 
 693 0.0188 0.0489 0.8156 0.1167 
 694 0.0165 0.0250 0.8953 0.0633 
 695 0.0407 0.0417 0.8405 0.0771 
 696 0.0203 0.0369 0.8303 0.1126 
 697 0.0188 0.0293 0.8798 0.0721 
 698 0.0153 0.0295 0.8842 0.0710 
 699 0.1445 0.0380 0.7407 0.0768 
 700 0.0557 0.0774 0.7746 0.0922 
 701 0.0337 0.0643 0.7601 0.1419 
 702 0.0551 0.0703 0.7272 0.1474 
 703 0.0243 0.0538 0.8299 0.0920 
 704 0.0284 0.0344 0.8383 0.0989 
 705 0.3444 0.0719 0.4240 0.1597 
 706 0.0362 0.0480 0.8347 0.0811 
 707 0.0230 0.0320 0.8727 0.0722 
 708 0.0180 0.0281 0.8757 0.0783 
 709 0.0478 0.0340 0.8498 0.0685 
 710 0.0178 0.0267 0.8943 0.0612 
 711 0.0615 0.0471 0.7998 0.0915 
 712 0.0683 0.0244 0.8361 0.0712 
 713 0.0219 0.0330 0.8386 0.1064 
 714 0.0195 0.0538 0.7742 0.1525 
 715 0.0365 0.0257 0.8754 0.0625 
 716 0.0322 0.0458 0.8474 0.0747 
 717 0.0226 0.0274 0.8882 0.0619 
 718 0.0433 0.0457 0.7913 0.1198 
 719 0.0340 0.0260 0.8734 0.0666 
 720 0.0204 0.1466 0.0419 0.7911 
 721 0.0328 0.1636 0.6162 0.1874 
 722 0.0519 0.4759 0.0877 0.3844 
 723 0.0192 0.5172 0.0783 0.3853 
 724 0.0268 0.6064 0.2080 0.1588 
 725 0.0416 0.1111 0.2442 0.6031 
 726 0.0772 0.5449 0.1346 0.2433 
 727 0.2518 0.1866 0.2539 0.3077 
 728 0.0165 0.8768 0.0242 0.0826 
 729 0.0146 0.8452 0.0269 0.1133 
 730 0.0174 0.3974 0.0564 0.5289 
 731 0.0212 0.7563 0.0589 0.1635 
 732 0.0189 0.5157 0.0786 0.3868 
 733 0.0134 0.8118 0.0383 0.1366 
 734 0.0148 0.8074 0.0261 0.1517 
 735 0.0117 0.8305 0.0448 0.1129 
 736 0.0217 0.5231 0.0544 0.4008 
 737 0.0564 0.4592 0.0581 0.4263 
 738 0.0188 0.4376 0.0496 0.4940 
 739 0.0134 0.8263 0.0340 0.1263 
 740 0.0209 0.0486 0.7309 0.1996 
 741 0.0402 0.0961 0.5504 0.3133 
 742 0.0180 0.1240 0.1651 0.6930 
 743 0.0185 0.0896 0.0912 0.8007 
 744 0.2549 0.0588 0.1136 0.5726 
 745 0.0433 0.0886 0.0371 0.8310 
 746 0.0264 0.1348 0.2385 0.6003 
 747 0.0265 0.0599 0.0727 0.8409 
 748 0.0172 0.0557 0.4973 0.4298 
 749 0.0545 0.0709 0.1799 0.6947 
 750 0.0259 0.0660 0.1350 0.7731 
 751 0.0196 0.0666 0.5085 0.4054 
 752 0.0263 0.0811 0.0968 0.7958 
 753 0.0314 0.1721 0.2658 0.5306 
 754 0.0270 0.0850 0.4255 0.4624 
 755 0.0164 0.0913 0.1842 0.7081 
 756 0.0218 0.0482 0.2895 0.6405 
 757 0.0183 0.0620 0.1394 0.7804 
 758 0.0232 0.0444 0.0348 0.8976 
 759 0.0502 0.1318 0.5385 0.2795 
 760 0.0205 0.2050 0.1325 0.6420 
 761 0.0223 0.3817 0.3591 0.2368 
 762 0.0120 0.4240 0.0539 0.5101 
 763 0.0321 0.1703 0.2634 0.5341 
 764 0.0157 0.0604 0.0833 0.8407 
 765 0.0172 0.3288 0.0871 0.5668 
 766 0.0137 0.0655 0.3949 0.5259 
 767 0.0271 0.1003 0.2430 0.6296 
 768 0.0121 0.4511 0.0558 0.4810 
 769 0.0239 0.4418 0.2515 0.2827 
 770 0.0169 0.4018 0.0483 0.5330 
 771 0.2854 0.0429 0.1910 0.4807 
 772 0.0709 0.1091 0.3049 0.5151 
 773 0.0168 0.0555 0.1050 0.8227 
 774 0.0220 0.0810 0.5582 0.3388 
 775 0.0157 0.5933 0.0958 0.2952 
 776 0.0207 0.0700 0.0564 0.8530 
 777 0.0797 0.1013 0.1282 0.6909 
 778 0.0556 0.0683 0.2395 0.6366 
 779 0.0175 0.0521 0.1207 0.8096 
 780 0.0166 0.0690 0.4304 0.4840 
 781 0.1411 0.0475 0.3325 0.4789 
 782 0.0175 0.0518 0.1200 0.8107 
 783 0.0174 0.1023 0.2759 0.6045 
 784 0.0194 0.1490 0.0718 0.7598 
 785 0.0218 0.0693 0.1476 0.7613 
 786 0.0188 0.0819 0.4930 0.4063 
 787 0.0414 0.0369 0.4871 0.4346 
 788 0.0351 0.1170 0.0893 0.7586 
 789 0.0163 0.1494 0.0785 0.7558 
 790 0.0160 0.1238 0.2779 0.5823 
 791 0.0213 0.0893 0.1336 0.7557 
 792 0.0607 0.0389 0.5014 0.3991 
 793 0.0934 0.1618 0.4806 0.2643 
 794 0.0300 0.1051 0.1506 0.7143 
 795 0.0344 0.1414 0.5774 0.2467 
 796 0.0381 0.0701 0.1609 0.7309 
 797 0.0562 0.0641 0.7155 0.1641 
 798 0.1610 0.6048 0.0308 0.2034 
 799 0.0365 0.0863 0.0708 0.8065 
 800 0.1822 0.0314 0.5440 0.2424 
 801 0.1161 0.6203 0.0618 0.2017 
 802 0.1495 0.3558 0.2646 0.2301 
 803 0.0721 0.1095 0.4453 0.3731 
 804 0.2678 0.1173 0.1305 0.4845 
 805 0.0274 0.0454 0.8061 0.1210 
 806 0.4444 0.2663 0.0953 0.1940 
 807 0.0582 0.0434 0.7857 0.1128 
 808 0.2249 0.0600 0.4698 0.2453 
 809 0.7035 0.1217 0.0499 0.1249 
 810 0.0361 0.1949 0.2098 0.5592 
 811 0.3003 0.0844 0.4027 0.2126 
 812 0.8116 0.0449 0.0283 0.1152 
 813 0.1066 0.6202 0.0352 0.2379 
 814 0.4312 0.0461 0.0564 0.4663 
 815 0.5165 0.2244 0.1370 0.1220 
 816 0.1357 0.2392 0.3508 0.2743 
 817 0.1504 0.3582 0.2621 0.2293 
 818 0.0331 0.1222 0.0668 0.7779 
 819 0.0341 0.0359 0.1349 0.7951 
 820 0.0812 0.0537 0.1724 0.6927 
 821 0.0148 0.1229 0.0862 0.7762 
 822 0.0291 0.1596 0.0294 0.7819 
 823 0.0182 0.3930 0.2306 0.3582 
 824 0.0181 0.0719 0.1556 0.7544 
 825 0.0269 0.2090 0.0569 0.7071 
 826 0.0190 0.0614 0.0401 0.8794 
 827 0.0164 0.3068 0.0563 0.6206 
 828 0.0189 0.4046 0.1044 0.4721 
 829 0.0576 0.5075 0.0971 0.3378 
 830 0.0132 0.2412 0.0385 0.7071 
 831 0.0310 0.1626 0.1306 0.6759 
 832 0.1027 0.1803 0.1320 0.5850 
 833 0.0567 0.3847 0.1575 0.4010 
 834 0.0299 0.2340 0.1268 0.6093 
 835 0.0308 0.0607 0.0380 0.8705 
 836 0.1232 0.0752 0.0751 0.7265 
 837 0.0305 0.3767 0.2852 0.3076 
 838 0.1260 0.0549 0.0405 0.7787 
 839 0.0141 0.1550 0.0572 0.7737 
 840 0.1376 0.0613 0.1724 0.6288 
 841 0.0654 0.0477 0.0979 0.7890 
 842 0.0150 0.0702 0.0297 0.8851 
 843 0.1306 0.0694 0.3453 0.4547 
 844 0.0454 0.1241 0.1463 0.6843 
 845 0.0135 0.0752 0.0384 0.8728 
 846 0.0237 0.0560 0.0959 0.8244 
 847 0.0153 0.0353 0.1813 0.7682 
 848 0.0310 0.0423 0.0796 0.8471 
 849 0.0176 0.0874 0.0559 0.8391 
 850 0.0202 0.1420 0.0517 0.7861 
 851 0.0164 0.0474 0.0473 0.8889 
 852 0.0147 0.1715 0.5346 0.2792 
 853 0.0330 0.1841 0.0471 0.7358 
 854 0.0155 0.2455 0.2399 0.4991 
 855 0.0190 0.0561 0.0782 0.8466 
 856 0.0181 0.0605 0.1198 0.8016 
 857 0.1371 0.0813 0.0587 0.7228 
 858 0.0200 0.0690 0.0462 0.8648 
 859 0.0144 0.1819 0.0484 0.7553 
 860 0.0269 0.0513 0.0423 0.8795 
 861 0.0757 0.0421 0.4259 0.4563 
 862 0.0246 0.8564 0.0317 0.0874 
 863 0.0273 0.7640 0.0838 0.1248 
 864 0.0135 0.8478 0.0552 0.0834 
 865 0.0184 0.8159 0.0246 0.1411 
 866 0.0211 0.3169 0.0434 0.6186 
 867 0.0214 0.8288 0.0516 0.0982 
 868 0.0337 0.6896 0.0481 0.2285 
 869 0.0188 0.3533 0.0476 0.5804 
 870 0.1023 0.5919 0.0316 0.2741 
 871 0.0236 0.7453 0.0288 0.2022 
 872 0.0139 0.8231 0.0391 0.1240 
 873 0.0167 0.8332 0.0437 0.1065 
 874 0.0241 0.8427 0.0277 0.1055 
 875 0.0589 0.3799 0.0520 0.5093 
 876 0.0523 0.1113 0.0364 0.8000 
 877 0.0156 0.8609 0.0371 0.0864 
 878 0.0379 0.3220 0.0703 0.5698 
 879 0.0136 0.8212 0.0547 0.1105 
 880 0.1147 0.4207 0.0395 0.4251 
 881 0.0166 0.8000 0.0498 0.1335 
 882 0.0116 0.8309 0.0451 0.1123 
 883 0.0549 0.1092 0.0519 0.7840 
 884 0.0159 0.8196 0.0244 0.1400 
 885 0.1488 0.5346 0.0754 0.2412 
 886 0.0197 0.5531 0.0675 0.3597 
 887 0.0159 0.8090 0.0290 0.1461 
 888 0.1605 0.4257 0.1197 0.2941 
 889 0.0199 0.8401 0.0237 0.1163 
 890 0.0484 0.4515 0.0264 0.4736 
 891 0.0351 0.0629 0.0427 0.8593 
 892 0.0304 0.0648 0.0500 0.8549 
 893 0.1460 0.1194 0.0731 0.6615 
 894 0.0156 0.2342 0.0290 0.7212 
 895 0.0209 0.7574 0.0308 0.1910 
 896 0.0465 0.0471 0.0727 0.8337 
 897 0.0238 0.0482 0.0446 0.8835 
 898 0.0344 0.2687 0.0870 0.6099 
 899 0.0161 0.1470 0.0242 0.8127 
 900 0.0325 0.0595 0.0360 0.8719 
 901 0.0192 0.0722 0.0392 0.8693 
 902 0.1459 0.0612 0.0586 0.7343 
 903 0.0276 0.5048 0.0403 0.4273 
 904 0.0346 0.3256 0.0848 0.5550 
 905 0.0148 0.5085 0.0290 0.4476 
 906 0.0651 0.2102 0.0510 0.6737 
 907 0.0170 0.1207 0.0588 0.8035 
 908 0.0149 0.1329 0.0469 0.8053 
 909 0.1049 0.2043 0.0571 0.6337 
 910 0.0743 0.0788 0.0524 0.7945 
 911 0.0194 0.6229 0.0255 0.3322 
 912 0.0213 0.1922 0.0314 0.7551 
 913 0.0361 0.2920 0.0281 0.6437 
 914 0.0222 0.1792 0.1542 0.6444 
 915 0.0431 0.2035 0.0238 0.7296 
 916 0.0206 0.1090 0.0339 0.8364 
 917 0.0273 0.1538 0.0347 0.7842 
 918 0.0307 0.3360 0.1373 0.4959 
 919 0.0228 0.4622 0.0768 0.4382 
 920 0.0182 0.1098 0.0533 0.8188 
 921 0.2708 0.0806 0.2821 0.3666 
 922 0.4695 0.0586 0.0548 0.4171 
 923 0.1502 0.0459 0.1158 0.6880 
 924 0.3645 0.0459 0.0531 0.5365 
 925 0.2848 0.0659 0.0910 0.5583 
 926 0.7648 0.0282 0.0662 0.1408 
 927 0.7036 0.0439 0.1047 0.1479 
 928 0.3413 0.0331 0.3618 0.2638 
 929 0.6756 0.0338 0.0482 0.2424 
 930 0.4650 0.0580 0.0968 0.3802 
 931 0.7920 0.0676 0.0751 0.0654 
 932 0.8034 0.0320 0.0321 0.1324 
 933 0.2080 0.0409 0.5483 0.2027 
 934 0.2871 0.0323 0.0398 0.6407 
 935 0.7992 0.0480 0.0472 0.1056 
 936 0.8598 0.0310 0.0270 0.0821 
 937 0.8556 0.0311 0.0407 0.0726 
 938 0.7602 0.0235 0.1184 0.0979 
 939 0.7537 0.0341 0.1340 0.0782 
 940 0.6660 0.0456 0.0952 0.1931 
 941 0.7757 0.0503 0.0289 0.1451 
 942 0.1750 0.0832 0.3118 0.4300 
 943 0.8085 0.0285 0.1020 0.0610 
 944 0.7522 0.0471 0.1001 0.1005 
 945 0.3431 0.0602 0.1132 0.4835 
 946 0.7887 0.0337 0.0461 0.1315 
 947 0.8111 0.0266 0.0876 0.0746 
 948 0.7908 0.0916 0.0260 0.0916 
 949 0.7087 0.1177 0.0271 0.1465 
 950 0.8402 0.0228 0.0548 0.0822 
 951 0.5254 0.0706 0.1617 0.2423 
 952 0.6609 0.0531 0.0621 0.2240 
 953 0.5994 0.0962 0.0579 0.2465 
 954 0.8210 0.0548 0.0332 0.0910 
 955 0.0548 0.0428 0.8147 0.0876 
 956 0.0976 0.0347 0.7517 0.1160 
 957 0.0659 0.0985 0.4790 0.3566 
 958 0.0484 0.0821 0.0950 0.7744 
 959 0.0904 0.0541 0.3530 0.5025 
 960 0.0323 0.3056 0.1197 0.5423 
 961 0.0156 0.0274 0.8900 0.0670 
 962 0.1490 0.0275 0.0930 0.7305 
 963 0.0526 0.0832 0.0858 0.7784 
 964 0.0176 0.0958 0.1393 0.7473 
 965 0.0442 0.0450 0.3772 0.5337 
 966 0.0734 0.0859 0.2362 0.6044 
 967 0.0435 0.0494 0.8243 0.0829 
 968 0.0707 0.0316 0.1338 0.7639 
 969 0.0206 0.2424 0.3096 0.4275 
 970 0.0269 0.0474 0.7685 0.1572 
 971 0.1247 0.0435 0.1777 0.6541 
 972 0.0524 0.1221 0.2879 0.5376 
 973 0.2204 0.0350 0.3552 0.3895 
 974 0.0316 0.0801 0.1083 0.7799 
 975 0.0215 0.2417 0.3100 0.4269 
 976 0.1250 0.0424 0.1791 0.6536 
 977 0.0184 0.1088 0.3804 0.4925 
 978 0.0815 0.0431 0.2833 0.5921 
 979 0.0407 0.0556 0.0988 0.8049 
 980 0.0738 0.0545 0.4130 0.4588 
 981 0.0784 0.0869 0.2668 0.5679 
 982 0.0336 0.0924 0.0541 0.8199 
 983 0.0660 0.2986 0.0630 0.5725 
 984 0.0250 0.1748 0.6550 0.1453 
 985 0.0406 0.0527 0.2068 0.6999 
 986 0.0234 0.0837 0.0951 0.7979 
 987 0.0284 0.0610 0.0403 0.8703 
 988 0.0146 0.3079 0.0289 0.6485 
 989 0.0863 0.1169 0.6361 0.1607 
 990 0.0165 0.1618 0.1192 0.7024 
 991 0.0511 0.0744 0.1600 0.7145 
 992 0.0532 0.0367 0.0452 0.8650 
 993 0.0404 0.3569 0.0719 0.5308 
 994 0.2026 0.0618 0.2891 0.4464 
 995 0.0233 0.0241 0.8775 0.0751 
 996 0.0184 0.1607 0.0559 0.7651 
 997 0.0897 0.0358 0.1119 0.7626 
 998 0.0765 0.0730 0.0551 0.7954 
 999 0.0252 0.0615 0.2167 0.6967 
1000 0.0627 0.0702 0.0465 0.8206 
1001 0.0161 0.1504 0.0687 0.7648 
1002 0.0190 0.1100 0.0297 0.8413 
1003 0.0490 0.0583 0.1174 0.7753 
1004 0.0352 0.0422 0.0838 0.8387 
1005 0.0283 0.0580 0.0505 0.8632 
1006 0.3365 0.0846 0.1568 0.4220 
1007 0.1557 0.0614 0.3378 0.4451 
1008 0.1492 0.0556 0.4856 0.3096 
1009 0.2250 0.1513 0.1617 0.4620 
1010 0.0824 0.0723 0.2002 0.6451 
1011 0.0495 0.0780 0.4833 0.3893 
1012 0.6661 0.0553 0.0566 0.2219 
1013 0.1991 0.0601 0.1249 0.6159 
1014 0.0306 0.0861 0.0502 0.8331 
1015 0.0821 0.0419 0.0761 0.8000 
1016 0.0181 0.0530 0.0459 0.8830 
1017 0.0526 0.0451 0.2061 0.6962 
1018 0.0415 0.0603 0.2125 0.6858 
1019 0.0900 0.1179 0.1740 0.6181 
1020 0.0356 0.0352 0.8186 0.1105 
1021 0.2973 0.0462 0.4711 0.1853 
1022 0.0645 0.0579 0.1694 0.7083 
1023 0.0350 0.1922 0.0737 0.6991 
1024 0.0746 0.1696 0.0500 0.7059 
1025 0.0204 0.0568 0.1020 0.8208 
1026 0.0645 0.5718 0.2343 0.1294 
1027 0.3649 0.3755 0.1283 0.1313 
1028 0.0333 0.5237 0.1402 0.3027 
1029 0.1159 0.1164 0.2231 0.5446 
1030 0.0870 0.0894 0.5122 0.3114 
1031 0.1346 0.3937 0.2862 0.1855 
1032 0.1347 0.2277 0.3783 0.2593 
1033 0.0862 0.3386 0.3075 0.2677 
1034 0.1146 0.1110 0.2402 0.5342 
1035 0.0208 0.0785 0.7347 0.1660 
1036 0.2268 0.1583 0.3653 0.2497 
1037 0.0791 0.0557 0.5621 0.3031 
1038 0.0322 0.2624 0.5059 0.1994 
1039 0.3862 0.1134 0.2735 0.2269 
1040 0.0871 0.5564 0.2198 0.1367 
1041 0.0747 0.5073 0.2107 0.2073 
1042 0.0614 0.1699 0.4814 0.2873 
1043 0.0249 0.3575 0.3381 0.2794 
1044 0.0550 0.2853 0.1929 0.4668 
1045 0.0218 0.6201 0.2284 0.1297 
1046 0.1455 0.1432 0.4329 0.2783 
1047 0.0427 0.0752 0.7234 0.1588 
1048 0.0208 0.1485 0.1058 0.7249 
1049 0.0218 0.0720 0.0692 0.8369 
1050 0.0180 0.2197 0.0263 0.7360 
1051 0.0193 0.1096 0.0293 0.8418 
1052 0.0319 0.1472 0.0422 0.7788 
1053 0.0182 0.1516 0.0489 0.7814 
1054 0.0219 0.1073 0.0520 0.8188 
1055 0.0194 0.0457 0.0386 0.8963 
1056 0.0217 0.0700 0.0417 0.8666 
1057 0.0588 0.6267 0.0330 0.2814 
1058 0.0200 0.1331 0.0316 0.8153 
1059 0.0222 0.2522 0.0622 0.6635 
1060 0.0363 0.1640 0.1009 0.6987 
1061 0.0312 0.0425 0.0344 0.8919 
1062 0.0219 0.1712 0.0351 0.7718 
1063 0.0945 0.0411 0.0956 0.7688 
1064 0.0297 0.1197 0.0416 0.8090 
1065 0.0498 0.0798 0.0629 0.8075 
1066 0.0254 0.0507 0.0730 0.8509 
1067 0.0189 0.1703 0.0351 0.7757 
1068 0.0405 0.1540 0.2969 0.5086 
1069 0.0164 0.0603 0.0259 0.8974 
1070 0.0260 0.0904 0.0381 0.8455 
1071 0.0339 0.1105 0.1186 0.7370 
1072 0.0323 0.0626 0.0638 0.8413 
1073 0.0168 0.1595 0.0437 0.7800 
1074 0.0288 0.1957 0.0977 0.6778 
1075 0.0325 0.1438 0.0584 0.7653 
1076 0.0192 0.1179 0.0703 0.7925 
1077 0.0217 0.6921 0.0356 0.2506 
1078 0.0322 0.0651 0.0510 0.8518 
1079 0.0246 0.1622 0.0399 0.7733 
1080 0.0462 0.0967 0.1690 0.6881 
1081 0.0146 0.1752 0.0307 0.7796 
1082 0.0677 0.2114 0.0786 0.6423 
1083 0.0231 0.0704 0.0589 0.8476 
1084 0.1406 0.1038 0.1317 0.6239 
1085 0.0167 0.0847 0.0231 0.8756 
1086 0.0321 0.0371 0.0342 0.8966 
1087 0.0195 0.0841 0.0230 0.8733 
1088 0.0212 0.0687 0.0252 0.8849 
1089 0.0137 0.2052 0.0272 0.7539 
1090 0.0190 0.1450 0.0362 0.7998 
1091 0.0234 0.0813 0.0514 0.8439 
1092 0.0222 0.1743 0.0319 0.7716 
1093 0.0365 0.0575 0.0963 0.8098 
1094 0.0250 0.5503 0.0949 0.3298 
1095 0.0182 0.6495 0.0323 0.3001 
1096 0.0226 0.1312 0.0726 0.7736 
1097 0.0188 0.5824 0.0251 0.3737 
1098 0.1238 0.0445 0.0309 0.8007 
1099 0.2816 0.0484 0.0920 0.5781 
1100 0.0177 0.0986 0.0306 0.8532 
1101 0.0191 0.0728 0.0265 0.8816 
1102 0.0240 0.1680 0.0374 0.7706 
1103 0.0169 0.0755 0.0603 0.8473 
1104 0.0445 0.0638 0.0366 0.8550 
1105 0.0231 0.0712 0.0373 0.8684 
1106 0.0315 0.1104 0.1143 0.7438 
1107 0.0159 0.1486 0.0564 0.7791 
1108 0.0166 0.6551 0.0432 0.2852 
1109 0.0211 0.4689 0.0386 0.4715 
1110 0.0985 0.0509 0.5088 0.3418 
1111 0.2276 0.0322 0.4357 0.3045 
1112 0.0502 0.1961 0.6785 0.0753 
1113 0.4324 0.1448 0.2215 0.2013 
1114 0.1004 0.3511 0.2729 0.2756 
1115 0.7111 0.0658 0.1205 0.1026 
1116 0.0348 0.0637 0.7945 0.1070 
1117 0.0740 0.5012 0.1829 0.2420 
1118 0.0456 0.0657 0.8010 0.0878 
1119 0.3961 0.3105 0.1494 0.1441 
1120 0.5730 0.0892 0.2255 0.1123 
1121 0.0382 0.3508 0.5007 0.1103 
1122 0.0253 0.1892 0.4131 0.3724 
1123 0.0432 0.2007 0.2129 0.5432 
1124 0.0456 0.0666 0.8014 0.0863 
1125 0.0511 0.1231 0.4949 0.3309 
1126 0.0437 0.3482 0.4650 0.1431 
1127 0.1729 0.2116 0.4903 0.1252 
1128 0.2046 0.0459 0.6146 0.1349 
1129 0.2589 0.1802 0.1999 0.3610 
1130 0.1397 0.1311 0.2269 0.5023 
1131 0.0495 0.6151 0.1481 0.1873 
1132 0.5499 0.1283 0.2302 0.0917 
1133 0.0244 0.0981 0.7287 0.1489 
1134 0.0685 0.0419 0.7956 0.0940 
1135 0.1165 0.2581 0.0986 0.5269 
1136 0.1736 0.5975 0.0986 0.1303 
1137 0.0544 0.0636 0.6343 0.2477 
1138 0.1410 0.1501 0.3388 0.3701 
1139 0.0802 0.0512 0.7747 0.0939 
1140 0.0374 0.2187 0.3541 0.3898 
1141 0.1116 0.2223 0.2512 0.4149 
1142 0.0873 0.5976 0.1175 0.1975 
1143 0.0253 0.1007 0.3907 0.4833 
1144 0.4678 0.1213 0.2855 0.1254 
1145 0.3629 0.3433 0.1448 0.1490 
1146 0.0272 0.3629 0.4448 0.1651 
1147 0.1077 0.1472 0.1062 0.6389 
1148 0.0220 0.7687 0.0651 0.1442 
1149 0.1303 0.1488 0.4960 0.2250 
1150 0.3702 0.0954 0.2353 0.2990 
1151 0.0536 0.2030 0.6457 0.0977 
1152 0.1330 0.3203 0.2042 0.3424 
1153 0.1914 0.5466 0.0803 0.1817 
1154 0.0439 0.3290 0.3620 0.2651 
1155 0.3583 0.1906 0.2791 0.1721 
1156 0.5031 0.0705 0.3225 0.1038 
1157 0.2090 0.4901 0.2057 0.0952 
1158 0.1337 0.1497 0.5856 0.1310 
1159 0.0282 0.0820 0.0361 0.8537 
1160 0.0394 0.0841 0.0362 0.8403 
1161 0.0350 0.0380 0.0576 0.8694 
1162 0.2735 0.1203 0.1366 0.4696 
1163 0.0301 0.0627 0.5489 0.3584 
1164 0.0693 0.1832 0.1679 0.5796 
1165 0.0190 0.0553 0.0442 0.8814 
1166 0.0317 0.0463 0.2802 0.6418 
1167 0.0155 0.0836 0.0338 0.8671 
1168 0.0365 0.1432 0.0565 0.7637 
1169 0.0247 0.0749 0.0874 0.8130 
1170 0.0449 0.4691 0.0485 0.4375 
1171 0.0194 0.1819 0.1036 0.6951 
1172 0.0143 0.1091 0.0531 0.8235 
1173 0.0279 0.0735 0.0567 0.8420 
1174 0.0178 0.0497 0.0346 0.8979 
1175 0.0577 0.0893 0.0461 0.8069 
1176 0.0292 0.0867 0.1411 0.7429 
