   1 0.3164 0.3738 0.3098 
   2 0.0448 0.9042 0.0510 
   3 0.6343 0.1789 0.1868 
   4 0.0366 0.1896 0.7738 
   5 0.0539 0.9040 0.0421 
   6 0.8425 0.1207 0.0368 
   7 0.1437 0.8206 0.0357 
   8 0.3050 0.3650 0.3301 
   9 0.4877 0.3923 0.1201 
  10 0.4435 0.4363 0.1202 
  11 0.2438 0.7178 0.0385 
  12 0.0683 0.8561 0.0756 
  13 0.1123 0.8167 0.0710 
  14 0.0913 0.7389 0.1698 
  15 0.0817 0.7065 0.2118 
  16 0.6561 0.2813 0.0627 
  17 0.2562 0.6710 0.0728 
  18 0.5715 0.2535 0.1750 
  19 0.5736 0.3720 0.0544 
  20 0.1107 0.8274 0.0619 
  21 0.1705 0.4444 0.3851 
  22 0.8091 0.1236 0.0672 
  23 0.0612 0.5866 0.3521 
  24 0.4813 0.2959 0.2229 
  25 0.1070 0.8633 0.0297 
  26 0.3115 0.5345 0.1540 
  27 0.2791 0.6104 0.1104 
  28 0.1811 0.5100 0.3089 
  29 0.0846 0.8569 0.0585 
  30 0.8258 0.1191 0.0550 
  31 0.1420 0.7216 0.1364 
  32 0.1831 0.6116 0.2052 
  33 0.5992 0.2201 0.1807 
  34 0.5339 0.4158 0.0503 
  35 0.5445 0.3737 0.0818 
  36 0.7067 0.1525 0.1408 
  37 0.1235 0.5659 0.3106 
  38 0.8488 0.1208 0.0304 
  39 0.6930 0.2511 0.0559 
  40 0.1407 0.2288 0.6305 
  41 0.6660 0.2164 0.1176 
  42 0.2123 0.1053 0.6824 
  43 0.0730 0.6682 0.2588 
  44 0.4436 0.4275 0.1289 
  45 0.6735 0.2727 0.0538 
  46 0.6559 0.2986 0.0454 
  47 0.6322 0.2780 0.0898 
  48 0.4496 0.3786 0.1718 
  49 0.5423 0.3577 0.1000 
  50 0.6662 0.2264 0.1074 
  51 0.4575 0.2394 0.3031 
  52 0.7225 0.2161 0.0614 
  53 0.8361 0.0996 0.0644 
  54 0.0944 0.7797 0.1259 
  55 0.0596 0.8253 0.1151 
  56 0.5981 0.2507 0.1512 
  57 0.3165 0.5146 0.1689 
  58 0.2145 0.6603 0.1253 
  59 0.6864 0.2392 0.0743 
  60 0.1517 0.3155 0.5329 
  61 0.0394 0.6448 0.3158 
  62 0.5295 0.4040 0.0665 
  63 0.1821 0.6248 0.1930 
  64 0.8076 0.1543 0.0381 
  65 0.1330 0.8406 0.0264 
  66 0.0493 0.6928 0.2579 
  67 0.0624 0.8574 0.0803 
  68 0.6580 0.2371 0.1049 
  69 0.4720 0.3605 0.1675 
  70 0.2235 0.5960 0.1805 
  71 0.6491 0.3040 0.0469 
  72 0.7684 0.1752 0.0564 
  73 0.0956 0.8487 0.0557 
  74 0.6292 0.1214 0.2494 
  75 0.2049 0.1267 0.6684 
  76 0.1102 0.8183 0.0715 
  77 0.6964 0.2361 0.0675 
  78 0.7863 0.1483 0.0654 
  79 0.1148 0.8452 0.0400 
  80 0.0884 0.2692 0.6424 
  81 0.1295 0.4411 0.4294 
  82 0.0491 0.8275 0.1234 
  83 0.1509 0.5428 0.3064 
  84 0.1189 0.6839 0.1972 
  85 0.1488 0.4518 0.3994 
  86 0.1271 0.8177 0.0552 
  87 0.0958 0.8530 0.0512 
  88 0.0524 0.6909 0.2567 
  89 0.0571 0.4771 0.4658 
  90 0.0576 0.8981 0.0443 
  91 0.0776 0.2022 0.7202 
  92 0.0768 0.8395 0.0838 
  93 0.0328 0.0760 0.8913 
  94 0.5576 0.3996 0.0428 
  95 0.0440 0.8543 0.1018 
  96 0.0394 0.4574 0.5032 
  97 0.3407 0.1663 0.4929 
  98 0.2024 0.6110 0.1866 
  99 0.0863 0.7631 0.1506 
 100 0.0281 0.1282 0.8437 
 101 0.0535 0.8532 0.0933 
 102 0.0993 0.4895 0.4112 
 103 0.0395 0.7854 0.1752 
 104 0.0548 0.8966 0.0486 
 105 0.0336 0.8783 0.0881 
 106 0.3625 0.6158 0.0217 
 107 0.0466 0.8652 0.0883 
 108 0.1154 0.8247 0.0599 
 109 0.1950 0.7834 0.0216 
 110 0.4106 0.5628 0.0266 
 111 0.0525 0.9212 0.0263 
 112 0.2345 0.7413 0.0243 
 113 0.1453 0.7498 0.1049 
 114 0.0523 0.8891 0.0586 
 115 0.0512 0.8994 0.0494 
 116 0.2676 0.7058 0.0266 
 117 0.2509 0.7111 0.0381 
 118 0.0418 0.9240 0.0342 
 119 0.0720 0.4614 0.4666 
 120 0.0669 0.8933 0.0398 
 121 0.0738 0.8832 0.0430 
 122 0.2976 0.6732 0.0291 
 123 0.1162 0.8416 0.0422 
 124 0.5595 0.4000 0.0405 
 125 0.6735 0.2799 0.0466 
 126 0.2511 0.6898 0.0592 
 127 0.0484 0.9227 0.0290 
 128 0.0406 0.9222 0.0372 
 129 0.0322 0.9381 0.0297 
 130 0.0554 0.8867 0.0579 
 131 0.5944 0.3663 0.0393 
 132 0.1655 0.8082 0.0263 
 133 0.0583 0.8992 0.0425 
 134 0.4241 0.5590 0.0169 
 135 0.0404 0.1681 0.7915 
 136 0.0371 0.0863 0.8766 
 137 0.0347 0.1209 0.8444 
 138 0.0347 0.0554 0.9099 
 139 0.0620 0.2600 0.6780 
 140 0.1069 0.2280 0.6650 
 141 0.0618 0.0864 0.8518 
 142 0.0359 0.1239 0.8403 
 143 0.0229 0.0522 0.9248 
 144 0.0302 0.1108 0.8590 
 145 0.0888 0.1718 0.7394 
 146 0.0888 0.3065 0.6047 
 147 0.0271 0.0538 0.9191 
 148 0.0468 0.1650 0.7882 
 149 0.0401 0.0678 0.8922 
 150 0.0457 0.2823 0.6719 
 151 0.0318 0.0896 0.8787 
 152 0.0562 0.2007 0.7431 
 153 0.0511 0.0791 0.8699 
 154 0.0324 0.0962 0.8714 
 155 0.0272 0.0682 0.9047 
 156 0.0266 0.0957 0.8777 
 157 0.0551 0.1720 0.7729 
 158 0.0911 0.1440 0.7649 
 159 0.0252 0.0563 0.9185 
 160 0.0268 0.0641 0.9091 
 161 0.0659 0.1345 0.7996 
 162 0.1044 0.3857 0.5099 
 163 0.0249 0.0605 0.9146 
 164 0.0614 0.4562 0.4824 
 165 0.0405 0.2253 0.7342 
 166 0.0730 0.2458 0.6812 
 167 0.0506 0.1893 0.7601 
 168 0.0568 0.0847 0.8584 
 169 0.4698 0.1109 0.4193 
 170 0.0315 0.0998 0.8687 
 171 0.0583 0.2461 0.6957 
 172 0.1545 0.0642 0.7814 
 173 0.0253 0.0663 0.9084 
 174 0.0327 0.0787 0.8887 
 175 0.0333 0.0625 0.9042 
 176 0.0308 0.1134 0.8557 
 177 0.1249 0.2599 0.6152 
 178 0.0497 0.1142 0.8361 
 179 0.0244 0.0515 0.9241 
 180 0.0821 0.1705 0.7473 
 181 0.0501 0.1250 0.8249 
 182 0.0237 0.1105 0.8658 
 183 0.0266 0.0617 0.9117 
 184 0.1033 0.8307 0.0661 
 185 0.0199 0.0530 0.9271 
 186 0.0852 0.8623 0.0525 
 187 0.0681 0.4596 0.4723 
 188 0.0610 0.9011 0.0379 
 189 0.2610 0.3350 0.4040 
 190 0.0228 0.1648 0.8123 
 191 0.0428 0.8294 0.1277 
 192 0.0674 0.5894 0.3433 
 193 0.0789 0.6317 0.2894 
 194 0.0539 0.6348 0.3114 
 195 0.0242 0.0993 0.8765 
 196 0.0426 0.4385 0.5189 
 197 0.2213 0.6358 0.1429 
 198 0.1146 0.7189 0.1665 
 199 0.0372 0.4766 0.4862 
 200 0.0756 0.6112 0.3132 
 201 0.0323 0.1075 0.8602 
 202 0.0234 0.1495 0.8272 
 203 0.0270 0.1268 0.8462 
 204 0.0287 0.3325 0.6388 
 205 0.0574 0.7515 0.1910 
 206 0.0344 0.4248 0.5409 
 207 0.0313 0.8232 0.1455 
 208 0.0418 0.3614 0.5968 
 209 0.0537 0.7512 0.1951 
 210 0.0387 0.4203 0.5410 
 211 0.0274 0.7545 0.2182 
 212 0.0442 0.1148 0.8410 
 213 0.0729 0.7310 0.1961 
 214 0.0304 0.1119 0.8577 
 215 0.0415 0.8732 0.0854 
 216 0.1135 0.7900 0.0965 
 217 0.0404 0.1283 0.8314 
 218 0.0563 0.6685 0.2752 
 219 0.2081 0.4557 0.3362 
 220 0.0336 0.7998 0.1666 
 221 0.0212 0.0577 0.9212 
 222 0.2121 0.6230 0.1650 
 223 0.0863 0.3055 0.6081 
 224 0.0310 0.2191 0.7499 
 225 0.0465 0.5380 0.4156 
 226 0.1955 0.5608 0.2437 
 227 0.0300 0.3951 0.5749 
 228 0.0223 0.1091 0.8686 
 229 0.0391 0.2297 0.7312 
 230 0.0339 0.3362 0.6299 
 231 0.0593 0.2981 0.6425 
 232 0.0877 0.4248 0.4874 
 233 0.0287 0.0945 0.8768 
 234 0.0899 0.6556 0.2545 
 235 0.0931 0.3629 0.5440 
 236 0.0582 0.2970 0.6448 
 237 0.0336 0.7210 0.2455 
 238 0.0386 0.1546 0.8068 
 239 0.0255 0.1025 0.8720 
 240 0.0394 0.1538 0.8068 
 241 0.0301 0.1169 0.8530 
 242 0.1146 0.4668 0.4186 
 243 0.0292 0.3247 0.6461 
 244 0.0293 0.1614 0.8093 
 245 0.0260 0.0769 0.8971 
 246 0.0406 0.1231 0.8363 
 247 0.1170 0.8337 0.0494 
 248 0.0366 0.9050 0.0584 
 249 0.0364 0.2236 0.7400 
 250 0.0562 0.5105 0.4333 
 251 0.1079 0.7639 0.1282 
 252 0.0616 0.3797 0.5587 
 253 0.0665 0.8179 0.1155 
 254 0.1324 0.6578 0.2098 
 255 0.0865 0.6078 0.3058 
 256 0.0397 0.2299 0.7304 
 257 0.0419 0.6980 0.2601 
 258 0.0533 0.8103 0.1363 
 259 0.0407 0.7685 0.1908 
 260 0.1484 0.4628 0.3888 
 261 0.0538 0.2011 0.7451 
 262 0.0266 0.0966 0.8767 
 263 0.0524 0.7542 0.1934 
 264 0.6556 0.3063 0.0382 
 265 0.1040 0.5623 0.3337 
 266 0.0219 0.0649 0.9132 
 267 0.0526 0.5948 0.3526 
 268 0.0434 0.4300 0.5266 
 269 0.2109 0.4518 0.3373 
 270 0.0921 0.7958 0.1121 
 271 0.0440 0.8433 0.1128 
 272 0.1210 0.7217 0.1573 
 273 0.1139 0.2827 0.6034 
 274 0.0867 0.7291 0.1842 
 275 0.1160 0.5153 0.3688 
 276 0.0977 0.7692 0.1331 
 277 0.0919 0.3854 0.5227 
 278 0.0438 0.8097 0.1465 
 279 0.0661 0.5559 0.3780 
 280 0.2199 0.4426 0.3375 
 281 0.0598 0.7511 0.1891 
 282 0.0694 0.2131 0.7175 
 283 0.0355 0.1327 0.8318 
 284 0.0583 0.5754 0.3663 
 285 0.0700 0.8909 0.0391 
 286 0.0293 0.1602 0.8104 
 287 0.1319 0.5676 0.3006 
 288 0.1283 0.7071 0.1647 
 289 0.1070 0.6895 0.2035 
 290 0.3585 0.3926 0.2489 
 291 0.0430 0.8430 0.1141 
 292 0.1608 0.3036 0.5356 
 293 0.5596 0.3347 0.1057 
 294 0.0636 0.7600 0.1764 
 295 0.0976 0.6488 0.2536 
 296 0.0397 0.7848 0.1755 
 297 0.2590 0.5714 0.1696 
 298 0.0763 0.3667 0.5570 
 299 0.0794 0.7543 0.1663 
 300 0.0583 0.7732 0.1685 
 301 0.1466 0.7454 0.1080 
 302 0.0556 0.7484 0.1960 
 303 0.0573 0.1805 0.7622 
 304 0.1919 0.3553 0.4528 
 305 0.0305 0.1584 0.8111 
 306 0.0551 0.1477 0.7971 
 307 0.0556 0.6288 0.3155 
 308 0.0544 0.2028 0.7429 
 309 0.0563 0.7455 0.1981 
 310 0.0311 0.1889 0.7800 
 311 0.0337 0.3356 0.6307 
 312 0.0300 0.7945 0.1755 
 313 0.0300 0.8717 0.0983 
 314 0.0241 0.0441 0.9318 
 315 0.0302 0.0554 0.9145 
 316 0.0359 0.0578 0.9062 
 317 0.0256 0.0451 0.9294 
 318 0.0267 0.0442 0.9291 
 319 0.0246 0.0540 0.9214 
 320 0.0244 0.0445 0.9311 
 321 0.0295 0.0476 0.9229 
 322 0.0343 0.0595 0.9062 
 323 0.0264 0.0484 0.9252 
 324 0.0282 0.0464 0.9254 
 325 0.0380 0.0556 0.9064 
 326 0.0366 0.0494 0.9140 
 327 0.0255 0.0465 0.9281 
 328 0.0345 0.0633 0.9022 
 329 0.0244 0.0477 0.9279 
 330 0.0259 0.0456 0.9285 
 331 0.0242 0.0474 0.9284 
 332 0.0462 0.0580 0.8958 
 333 0.0307 0.0542 0.9150 
 334 0.0344 0.0660 0.8996 
 335 0.0316 0.0583 0.9102 
 336 0.0296 0.0460 0.9244 
 337 0.0398 0.0595 0.9007 
 338 0.0283 0.0454 0.9263 
 339 0.0244 0.0475 0.9282 
 340 0.0224 0.0456 0.9321 
 341 0.0249 0.0482 0.9269 
 342 0.0251 0.0454 0.9295 
 343 0.0363 0.0611 0.9026 
 344 0.0241 0.0446 0.9313 
 345 0.0256 0.0451 0.9292 
 346 0.0240 0.0425 0.9335 
 347 0.0232 0.0442 0.9327 
 348 0.0298 0.0560 0.9142 
 349 0.0259 0.0456 0.9285 
 350 0.0238 0.0506 0.9256 
 351 0.0310 0.0578 0.9112 
 352 0.0346 0.0559 0.9095 
 353 0.0291 0.0450 0.9259 
 354 0.0249 0.0472 0.9279 
 355 0.0268 0.0445 0.9287 
 356 0.0296 0.0615 0.9089 
 357 0.2127 0.2370 0.5503 
 358 0.0355 0.0579 0.9066 
 359 0.0260 0.0498 0.9242 
 360 0.0243 0.0437 0.9320 
 361 0.2142 0.3242 0.4616 
 362 0.3141 0.6092 0.0767 
 363 0.6430 0.3165 0.0405 
 364 0.2385 0.4032 0.3583 
 365 0.7310 0.2311 0.0379 
 366 0.5337 0.2954 0.1709 
 367 0.5517 0.4279 0.0205 
 368 0.0685 0.8935 0.0380 
 369 0.2279 0.3128 0.4593 
 370 0.0675 0.8708 0.0616 
 371 0.3145 0.5685 0.1170 
 372 0.0845 0.7832 0.1322 
 373 0.1850 0.7504 0.0646 
 374 0.3141 0.3608 0.3251 
 375 0.5299 0.4400 0.0301 
 376 0.9080 0.0694 0.0225 
 377 0.4453 0.4939 0.0608 
 378 0.1040 0.7703 0.1257 
 379 0.9141 0.0650 0.0209 
 380 0.7802 0.0948 0.1250 
 381 0.8397 0.0757 0.0846 
 382 0.5052 0.4619 0.0330 
 383 0.8182 0.0789 0.1029 
 384 0.7255 0.2038 0.0706 
 385 0.1298 0.7659 0.1043 
 386 0.5558 0.4094 0.0348 
 387 0.5672 0.3963 0.0365 
 388 0.2022 0.5857 0.2121 
 389 0.0546 0.8881 0.0573 
 390 0.6604 0.3001 0.0395 
 391 0.1217 0.8076 0.0707 
 392 0.8029 0.1345 0.0625 
 393 0.8633 0.0618 0.0749 
 394 0.1763 0.6150 0.2087 
 395 0.6114 0.3206 0.0680 
 396 0.4716 0.5055 0.0230 
 397 0.2658 0.5507 0.1834 
 398 0.8686 0.1083 0.0230 
 399 0.1768 0.7931 0.0301 
 400 0.6764 0.2815 0.0421 
 401 0.3331 0.6157 0.0512 
 402 0.1263 0.7838 0.0899 
 403 0.1582 0.4530 0.3888 
 404 0.6032 0.3110 0.0858 
 405 0.3997 0.5055 0.0949 
 406 0.6209 0.1390 0.2401 
 407 0.8864 0.0904 0.0232 
 408 0.0569 0.9178 0.0254 
 409 0.3833 0.1219 0.4948 
 410 0.7312 0.2020 0.0668 
 411 0.6427 0.1243 0.2330 
 412 0.0993 0.8640 0.0367 
 413 0.0962 0.7925 0.1113 
 414 0.0891 0.8849 0.0260 
 415 0.8402 0.1230 0.0368 
 416 0.6195 0.3224 0.0581 
 417 0.8367 0.1318 0.0315 
 418 0.4401 0.5359 0.0240 
 419 0.3944 0.4246 0.1809 
 420 0.3971 0.5639 0.0390 
 421 0.6782 0.2835 0.0383 
 422 0.6390 0.2941 0.0669 
 423 0.7431 0.2094 0.0474 
 424 0.1630 0.7730 0.0640 
 425 0.4755 0.4551 0.0694 
 426 0.1429 0.8003 0.0568 
 427 0.8011 0.1132 0.0857 
 428 0.5285 0.2489 0.2227 
 429 0.8636 0.1160 0.0204 
 430 0.8623 0.1073 0.0304 
 431 0.1334 0.8191 0.0475 
 432 0.0787 0.8757 0.0455 
 433 0.0518 0.7040 0.2442 
 434 0.2930 0.5677 0.1393 
 435 0.8647 0.1116 0.0237 
 436 0.8908 0.0732 0.0360 
 437 0.8636 0.1105 0.0259 
 438 0.7279 0.1950 0.0771 
 439 0.9058 0.0651 0.0291 
 440 0.8803 0.0998 0.0198 
 441 0.6636 0.2445 0.0919 
 442 0.7989 0.1744 0.0267 
 443 0.5557 0.4163 0.0280 
 444 0.8268 0.1472 0.0260 
 445 0.7330 0.1197 0.1473 
 446 0.8616 0.1127 0.0257 
 447 0.6801 0.2588 0.0611 
 448 0.7092 0.2613 0.0295 
 449 0.6685 0.2793 0.0522 
 450 0.8126 0.1457 0.0417 
 451 0.0859 0.8931 0.0210 
 452 0.8413 0.1227 0.0360 
 453 0.1137 0.7794 0.1069 
 454 0.6767 0.2585 0.0649 
 455 0.8471 0.1223 0.0306 
 456 0.8163 0.1559 0.0278 
 457 0.8816 0.0912 0.0272 
 458 0.8943 0.0745 0.0312 
 459 0.6583 0.2593 0.0824 
 460 0.8256 0.1492 0.0252 
 461 0.7585 0.2182 0.0233 
 462 0.8363 0.1427 0.0210 
 463 0.5653 0.3260 0.1088 
 464 0.7055 0.2688 0.0257 
 465 0.4241 0.5373 0.0386 
 466 0.4876 0.4782 0.0342 
 467 0.7463 0.1881 0.0656 
 468 0.8909 0.0836 0.0255 
 469 0.9134 0.0611 0.0256 
 470 0.8850 0.0922 0.0228 
 471 0.4189 0.5230 0.0580 
 472 0.5255 0.4331 0.0414 
 473 0.4923 0.4458 0.0619 
 474 0.8160 0.1429 0.0411 
 475 0.5169 0.4245 0.0586 
 476 0.8890 0.0809 0.0301 
 477 0.1508 0.7970 0.0522 
 478 0.1485 0.8258 0.0257 
 479 0.8372 0.1411 0.0216 
 480 0.9041 0.0705 0.0254 
 481 0.4466 0.5213 0.0321 
 482 0.8937 0.0850 0.0213 
 483 0.8693 0.0996 0.0311 
 484 0.7996 0.1559 0.0445 
 485 0.8846 0.0892 0.0262 
 486 0.0572 0.8935 0.0494 
 487 0.0728 0.8125 0.1147 
 488 0.0439 0.8994 0.0566 
 489 0.0925 0.6591 0.2484 
 490 0.0781 0.8943 0.0277 
 491 0.0540 0.7985 0.1475 
 492 0.0545 0.7293 0.2162 
 493 0.0467 0.8988 0.0545 
 494 0.1183 0.7799 0.1018 
 495 0.0767 0.8407 0.0827 
 496 0.0690 0.4550 0.4759 
 497 0.0499 0.8547 0.0953 
 498 0.0715 0.8708 0.0577 
 499 0.0599 0.6401 0.3000 
 500 0.1830 0.7547 0.0623 
 501 0.2032 0.6370 0.1597 
 502 0.0898 0.7564 0.1538 
 503 0.4898 0.4703 0.0399 
 504 0.0451 0.9166 0.0383 
 505 0.0530 0.8172 0.1298 
 506 0.0786 0.7726 0.1488 
 507 0.0287 0.0985 0.8728 
 508 0.0286 0.2287 0.7427 
 509 0.0485 0.6782 0.2734 
 510 0.2212 0.4896 0.2892 
 511 0.5535 0.3968 0.0497 
 512 0.6136 0.3587 0.0277 
 513 0.0235 0.9171 0.0595 
 514 0.0600 0.8921 0.0479 
 515 0.5998 0.2263 0.1739 
 516 0.0426 0.9060 0.0514 
 517 0.2430 0.5870 0.1700 
 518 0.1628 0.5274 0.3098 
 519 0.0697 0.8827 0.0476 
 520 0.2219 0.2207 0.5573 
 521 0.0769 0.4284 0.4947 
 522 0.6419 0.2693 0.0888 
 523 0.0712 0.6003 0.3285 
 524 0.4773 0.4276 0.0951 
 525 0.3042 0.3497 0.3461 
 526 0.6900 0.1507 0.1593 
 527 0.1792 0.7760 0.0448 
 528 0.0418 0.1513 0.8069 
 529 0.0845 0.7854 0.1301 
 530 0.5603 0.3426 0.0971 
 531 0.2289 0.2707 0.5004 
 532 0.1380 0.5685 0.2935 
 533 0.3960 0.5151 0.0888 
 534 0.0362 0.8305 0.1333 
 535 0.2962 0.6056 0.0982 
 536 0.4658 0.2248 0.3094 
 537 0.0702 0.2153 0.7145 
 538 0.1114 0.4214 0.4671 
 539 0.0305 0.0765 0.8930 
 540 0.1438 0.3553 0.5010 
 541 0.0949 0.2159 0.6892 
 542 0.6261 0.2209 0.1530 
 543 0.0530 0.6315 0.3155 
 544 0.2373 0.5007 0.2620 
 545 0.5918 0.3336 0.0746 
 546 0.1343 0.4401 0.4257 
 547 0.0917 0.4190 0.4893 
 548 0.0577 0.5062 0.4361 
 549 0.2012 0.0818 0.7170 
 550 0.5786 0.2935 0.1279 
 551 0.0738 0.1359 0.7903 
 552 0.1056 0.3019 0.5924 
 553 0.0428 0.4195 0.5377 
 554 0.2886 0.4993 0.2120 
 555 0.0626 0.3031 0.6343 
 556 0.0910 0.5001 0.4090 
 557 0.6088 0.2386 0.1526 
 558 0.9025 0.0759 0.0215 
 559 0.0646 0.8912 0.0442 
 560 0.7128 0.2666 0.0206 
 561 0.4168 0.5556 0.0276 
 562 0.2072 0.7716 0.0212 
 563 0.1437 0.7388 0.1175 
 564 0.0740 0.8632 0.0628 
 565 0.8924 0.0803 0.0273 
 566 0.2812 0.6983 0.0206 
 567 0.0469 0.9183 0.0348 
 568 0.2196 0.7301 0.0504 
 569 0.3028 0.6223 0.0749 
 570 0.8703 0.1098 0.0199 
 571 0.0854 0.8846 0.0300 
 572 0.1408 0.4291 0.4301 
 573 0.0997 0.8426 0.0577 
 574 0.4935 0.3933 0.1133 
 575 0.2109 0.7124 0.0767 
 576 0.1753 0.8055 0.0192 
 577 0.4444 0.4620 0.0936 
 578 0.2476 0.7159 0.0365 
 579 0.3565 0.6064 0.0371 
 580 0.6166 0.3237 0.0597 
 581 0.6021 0.3545 0.0433 
 582 0.8400 0.1365 0.0235 
 583 0.2074 0.7608 0.0318 
 584 0.1446 0.8321 0.0233 
 585 0.4095 0.5606 0.0299 
 586 0.0768 0.8857 0.0375 
 587 0.6554 0.3197 0.0249 
 588 0.0264 0.9195 0.0540 
 589 0.6866 0.2868 0.0266 
 590 0.0608 0.9130 0.0262 
 591 0.0753 0.8928 0.0319 
 592 0.2666 0.7006 0.0328 
 593 0.2702 0.6640 0.0658 
 594 0.0604 0.8823 0.0574 
 595 0.3853 0.5926 0.0220 
 596 0.1091 0.8261 0.0648 
 597 0.0608 0.8049 0.1343 
 598 0.8985 0.0805 0.0209 
 599 0.3348 0.6424 0.0227 
 600 0.5712 0.3526 0.0762 
 601 0.5944 0.3821 0.0234 
 602 0.0602 0.8257 0.1142 
 603 0.0570 0.8437 0.0993 
 604 0.6418 0.2627 0.0955 
 605 0.2407 0.7141 0.0452 
 606 0.1981 0.6116 0.1903 
 607 0.1965 0.5691 0.2344 
 608 0.2500 0.2858 0.4642 
 609 0.5249 0.4223 0.0528 
 610 0.7754 0.1745 0.0501 
 611 0.0723 0.8310 0.0967 
 612 0.8860 0.0829 0.0311 
 613 0.1937 0.7465 0.0598 
 614 0.8479 0.1201 0.0320 
 615 0.8268 0.1114 0.0618 
 616 0.1712 0.6645 0.1643 
 617 0.4098 0.5524 0.0378 
 618 0.6824 0.1611 0.1565 
 619 0.1403 0.7409 0.1189 
 620 0.1527 0.8208 0.0265 
 621 0.1640 0.8047 0.0313 
 622 0.5621 0.3062 0.1318 
 623 0.0908 0.8728 0.0364 
 624 0.7946 0.1049 0.1004 
 625 0.6021 0.2777 0.1202 
 626 0.3208 0.0871 0.5921 
 627 0.1144 0.8326 0.0530 
 628 0.0800 0.8733 0.0467 
 629 0.1512 0.7863 0.0626 
 630 0.7380 0.2184 0.0435 
 631 0.5220 0.4154 0.0627 
 632 0.1262 0.4855 0.3884 
 633 0.5149 0.3878 0.0973 
 634 0.1585 0.6731 0.1684 
 635 0.1314 0.2754 0.5933 
 636 0.5420 0.2422 0.2158 
 637 0.2888 0.5667 0.1445 
 638 0.1136 0.7961 0.0904 
 639 0.4482 0.4559 0.0958 
 640 0.1346 0.8287 0.0367 
 641 0.2235 0.7171 0.0595 
 642 0.0953 0.2028 0.7019 
 643 0.0429 0.0899 0.8672 
 644 0.0453 0.2193 0.7354 
 645 0.3211 0.0842 0.5947 
 646 0.1359 0.7319 0.1322 
 647 0.0685 0.5736 0.3578 
 648 0.1551 0.3965 0.4484 
 649 0.0432 0.6987 0.2581 
 650 0.0505 0.7948 0.1547 
 651 0.0574 0.4768 0.4658 
 652 0.0621 0.2649 0.6730 
 653 0.1101 0.3737 0.5162 
 654 0.0884 0.2244 0.6872 
 655 0.0872 0.3275 0.5853 
 656 0.0975 0.5845 0.3180 
 657 0.3649 0.4636 0.1714 
 658 0.1811 0.5875 0.2314 
 659 0.0823 0.2608 0.6570 
 660 0.0410 0.1655 0.7935 
 661 0.0787 0.1397 0.7816 
 662 0.0344 0.8105 0.1552 
 663 0.0642 0.2230 0.7128 
 664 0.2935 0.4221 0.2844 
 665 0.0446 0.7758 0.1796 
 666 0.0688 0.1951 0.7361 
 667 0.0862 0.8414 0.0724 
 668 0.1338 0.2677 0.5985 
 669 0.0652 0.5668 0.3679 
 670 0.0265 0.0647 0.9088 
 671 0.0366 0.1386 0.8248 
 672 0.0596 0.1461 0.7943 
 673 0.0286 0.0519 0.9195 
 674 0.0518 0.1092 0.8391 
 675 0.0311 0.1145 0.8543 
 676 0.0261 0.0507 0.9232 
 677 0.0233 0.0598 0.9169 
 678 0.0278 0.0563 0.9159 
 679 0.0513 0.0956 0.8531 
 680 0.0423 0.0727 0.8850 
 681 0.1443 0.3048 0.5508 
 682 0.0461 0.0610 0.8929 
 683 0.0255 0.0578 0.9167 
 684 0.0278 0.0613 0.9109 
 685 0.0237 0.0482 0.9281 
 686 0.0435 0.0782 0.8783 
 687 0.0323 0.1285 0.8392 
 688 0.0333 0.0867 0.8800 
 689 0.0251 0.0504 0.9245 
 690 0.0256 0.0505 0.9239 
 691 0.0465 0.0900 0.8635 
 692 0.0395 0.0879 0.8727 
 693 0.0428 0.0819 0.8753 
 694 0.0216 0.0472 0.9312 
 695 0.0297 0.0569 0.9134 
 696 0.0334 0.0870 0.8796 
 697 0.0250 0.0516 0.9234 
 698 0.0265 0.0541 0.9193 
 699 0.0285 0.0592 0.9123 
 700 0.0716 0.0680 0.8604 
 701 0.0560 0.1237 0.8203 
 702 0.0587 0.1090 0.8323 
 703 0.0458 0.0673 0.8869 
 704 0.0291 0.0728 0.8981 
 705 0.0733 0.1497 0.7770 
 706 0.0414 0.0602 0.8984 
 707 0.0280 0.0564 0.9157 
 708 0.0249 0.0592 0.9159 
 709 0.0284 0.0502 0.9214 
 710 0.0231 0.0457 0.9312 
 711 0.0401 0.0673 0.8927 
 712 0.0209 0.0548 0.9243 
 713 0.0299 0.0841 0.8860 
 714 0.0544 0.1330 0.8126 
 715 0.0219 0.0470 0.9311 
 716 0.0376 0.0530 0.9094 
 717 0.0224 0.0457 0.9319 
 718 0.0413 0.0935 0.8652 
 719 0.0215 0.0506 0.9280 
 720 0.1420 0.8241 0.0339 
 721 0.1732 0.2008 0.6260 
 722 0.5159 0.4131 0.0710 
 723 0.6303 0.3089 0.0608 
 724 0.7312 0.1169 0.1519 
 725 0.1391 0.6561 0.2048 
 726 0.6761 0.2118 0.1121 
 727 0.1637 0.3581 0.4782 
 728 0.9168 0.0644 0.0188 
 729 0.8961 0.0826 0.0214 
 730 0.6138 0.3436 0.0426 
 731 0.8526 0.1064 0.0410 
 732 0.6217 0.3187 0.0597 
 733 0.8853 0.0871 0.0277 
 734 0.8803 0.0998 0.0199 
 735 0.8909 0.0765 0.0326 
 736 0.5846 0.3735 0.0419 
 737 0.5576 0.3907 0.0517 
 738 0.5912 0.3691 0.0397 
 739 0.8947 0.0802 0.0251 
 740 0.0547 0.1786 0.7666 
 741 0.1073 0.3457 0.5470 
 742 0.1790 0.6720 0.1490 
 743 0.1650 0.7527 0.0824 
 744 0.0629 0.7825 0.1545 
 745 0.1163 0.8542 0.0295 
 746 0.1834 0.5933 0.2234 
 747 0.0815 0.8617 0.0569 
 748 0.0604 0.4116 0.5280 
 749 0.0746 0.6892 0.2362 
 750 0.1054 0.7414 0.1533 
 751 0.0742 0.3576 0.5681 
 752 0.1260 0.7878 0.0861 
 753 0.2635 0.4463 0.2902 
 754 0.1256 0.4943 0.3801 
 755 0.1087 0.7347 0.1566 
 756 0.0480 0.7230 0.2290 
 757 0.0854 0.7922 0.1224 
 758 0.0442 0.9267 0.0291 
 759 0.1540 0.3170 0.5290 
 760 0.3587 0.5177 0.1236 
 761 0.5493 0.1706 0.2802 
 762 0.6536 0.3027 0.0437 
 763 0.2604 0.4488 0.2908 
 764 0.0731 0.8575 0.0694 
 765 0.5748 0.3525 0.0727 
 766 0.0897 0.4949 0.4154 
 767 0.1124 0.6755 0.2120 
 768 0.6719 0.2849 0.0433 
 769 0.5837 0.2180 0.1983 
 770 0.5849 0.3744 0.0406 
 771 0.0399 0.6658 0.2943 
 772 0.1358 0.5303 0.3340 
 773 0.0875 0.8191 0.0935 
 774 0.1053 0.3211 0.5736 
 775 0.7656 0.1696 0.0648 
 776 0.0978 0.8560 0.0461 
 777 0.1362 0.7453 0.1185 
 778 0.0835 0.6851 0.2314 
 779 0.0626 0.8213 0.1161 
 780 0.0715 0.5116 0.4169 
 781 0.0495 0.4900 0.4604 
 782 0.0629 0.8209 0.1162 
 783 0.1453 0.5744 0.2803 
 784 0.2471 0.6919 0.0610 
 785 0.0964 0.7886 0.1150 
 786 0.1056 0.3697 0.5247 
 787 0.0346 0.4541 0.5114 
 788 0.1995 0.7316 0.0690 
 789 0.2688 0.6632 0.0680 
 790 0.1430 0.5953 0.2617 
 791 0.1215 0.7701 0.1083 
 792 0.0389 0.3701 0.5910 
 793 0.1430 0.2478 0.6092 
 794 0.1282 0.7340 0.1379 
 795 0.1345 0.2016 0.6639 
 796 0.0716 0.7839 0.1445 
 797 0.0545 0.1453 0.8002 
 798 0.8265 0.1435 0.0300 
 799 0.1000 0.8407 0.0593 
 800 0.0265 0.2401 0.7335 
 801 0.8146 0.1292 0.0563 
 802 0.4818 0.1932 0.3250 
 803 0.1367 0.3490 0.5142 
 804 0.1799 0.6458 0.1743 
 805 0.0405 0.0898 0.8697 
 806 0.6019 0.1867 0.2114 
 807 0.0365 0.0875 0.8760 
 808 0.0593 0.3009 0.6398 
 809 0.6090 0.2108 0.1803 
 810 0.1721 0.5981 0.2299 
 811 0.1037 0.2326 0.6637 
 812 0.1633 0.7417 0.0951 
 813 0.8285 0.1375 0.0339 
 814 0.0473 0.8783 0.0744 
 815 0.4841 0.1007 0.4152 
 816 0.3324 0.2192 0.4484 
 817 0.4777 0.1948 0.3275 
 818 0.1261 0.8209 0.0530 
 819 0.0369 0.8662 0.0969 
 820 0.0568 0.8141 0.1291 
 821 0.1634 0.7740 0.0626 
 822 0.2777 0.6997 0.0226 
 823 0.5053 0.3079 0.1868 
 824 0.0994 0.7820 0.1187 
 825 0.2183 0.7374 0.0443 
 826 0.0535 0.9152 0.0313 
 827 0.4004 0.5542 0.0455 
 828 0.5025 0.4128 0.0847 
 829 0.7084 0.2113 0.0804 
 830 0.3773 0.5944 0.0283 
 831 0.2481 0.6316 0.1202 
 832 0.3034 0.5516 0.1450 
 833 0.5078 0.3575 0.1347 
 834 0.3483 0.5433 0.1084 
 835 0.0548 0.9132 0.0320 
 836 0.0791 0.8519 0.0690 
 837 0.5443 0.1915 0.2642 
 838 0.0625 0.9005 0.0370 
 839 0.2225 0.7322 0.0453 
 840 0.0522 0.7845 0.1633 
 841 0.0472 0.8540 0.0988 
 842 0.1005 0.8767 0.0228 
 843 0.0704 0.5199 0.4096 
 844 0.1436 0.7222 0.1342 
 845 0.0836 0.8881 0.0283 
 846 0.0653 0.8552 0.0795 
 847 0.0373 0.8224 0.1403 
 848 0.0393 0.8982 0.0624 
 849 0.1617 0.7981 0.0402 
 850 0.1162 0.8423 0.0415 
 851 0.0438 0.9201 0.0362 
 852 0.2319 0.2383 0.5298 
 853 0.2689 0.6935 0.0376 
 854 0.3999 0.4083 0.1918 
 855 0.0571 0.8812 0.0617 
 856 0.0697 0.8328 0.0975 
 857 0.1020 0.8402 0.0578 
 858 0.0897 0.8748 0.0355 
 859 0.1953 0.7643 0.0404 
 860 0.0477 0.9223 0.0300 
 861 0.0424 0.4981 0.4596 
 862 0.9107 0.0635 0.0258 
 863 0.8490 0.0886 0.0624 
 864 0.9016 0.0559 0.0425 
 865 0.8889 0.0914 0.0196 
 866 0.4340 0.5289 0.0371 
 867 0.8836 0.0723 0.0442 
 868 0.8241 0.1377 0.0382 
 869 0.4839 0.4771 0.0390 
 870 0.7790 0.1936 0.0274 
 871 0.8495 0.1271 0.0235 
 872 0.8795 0.0903 0.0302 
 873 0.8972 0.0690 0.0338 
 874 0.8971 0.0804 0.0225 
 875 0.4479 0.5049 0.0471 
 876 0.0910 0.8792 0.0298 
 877 0.9088 0.0606 0.0306 
 878 0.4418 0.4958 0.0624 
 879 0.8885 0.0730 0.0385 
 880 0.3809 0.5809 0.0382 
 881 0.8735 0.0866 0.0400 
 882 0.8918 0.0763 0.0319 
 883 0.1213 0.8341 0.0446 
 884 0.8886 0.0923 0.0191 
 885 0.7506 0.1704 0.0790 
 886 0.6620 0.2842 0.0538 
 887 0.8863 0.0910 0.0227 
 888 0.3806 0.4645 0.1550 
 889 0.8964 0.0837 0.0199 
 890 0.2960 0.6816 0.0224 
 891 0.0582 0.9079 0.0340 
 892 0.0706 0.8899 0.0395 
 893 0.2563 0.6709 0.0728 
 894 0.4476 0.5299 0.0225 
 895 0.8617 0.1140 0.0242 
 896 0.0457 0.8933 0.0610 
 897 0.0502 0.9153 0.0346 
 898 0.4652 0.4625 0.0723 
 899 0.3442 0.6370 0.0187 
 900 0.0559 0.9161 0.0280 
 901 0.0661 0.9037 0.0303 
 902 0.0494 0.8977 0.0529 
 903 0.6385 0.3295 0.0320 
 904 0.4312 0.4975 0.0713 
 905 0.6966 0.2814 0.0220 
 906 0.1654 0.7878 0.0468 
 907 0.1466 0.8090 0.0444 
 908 0.1419 0.8225 0.0357 
 909 0.1493 0.7982 0.0525 
 910 0.0659 0.8862 0.0478 
 911 0.7626 0.2178 0.0195 
 912 0.4180 0.5575 0.0244 
 913 0.4640 0.5117 0.0243 
 914 0.2664 0.5848 0.1488 
 915 0.1438 0.8369 0.0193 
 916 0.1810 0.7920 0.0269 
 917 0.2638 0.7069 0.0293 
 918 0.4743 0.4005 0.1252 
 919 0.6016 0.3359 0.0625 
 920 0.1331 0.8264 0.0405 
 921 0.0753 0.5185 0.4062 
 922 0.0967 0.8329 0.0704 
 923 0.0434 0.8343 0.1223 
 924 0.0399 0.9029 0.0572 
 925 0.0605 0.8361 0.1033 
 926 0.0292 0.5565 0.4143 
 927 0.0923 0.4223 0.4854 
 928 0.0335 0.3392 0.6273 
 929 0.0302 0.8533 0.1165 
 930 0.0566 0.7907 0.1526 
 931 0.3564 0.0982 0.5454 
 932 0.0394 0.8595 0.1011 
 933 0.0378 0.1901 0.7720 
 934 0.0299 0.9303 0.0398 
 935 0.0908 0.6023 0.3069 
 936 0.0849 0.7032 0.2120 
 937 0.0724 0.2429 0.6847 
 938 0.0285 0.3058 0.6657 
 939 0.0730 0.1854 0.7416 
 940 0.1057 0.6051 0.2892 
 941 0.1444 0.7737 0.0818 
 942 0.0710 0.5233 0.4058 
 943 0.0523 0.0913 0.8564 
 944 0.0642 0.2645 0.6714 
 945 0.0544 0.7941 0.1516 
 946 0.0576 0.7432 0.1991 
 947 0.0481 0.1964 0.7555 
 948 0.6699 0.2060 0.1241 
 949 0.4247 0.5065 0.0688 
 950 0.0323 0.2800 0.6876 
 951 0.0756 0.4382 0.4862 
 952 0.1001 0.5817 0.3182 
 953 0.1073 0.7428 0.1499 
 954 0.3604 0.3902 0.2494 
 955 0.0369 0.0617 0.9014 
 956 0.0267 0.0740 0.8993 
 957 0.1399 0.3307 0.5294 
 958 0.1189 0.8028 0.0783 
 959 0.0586 0.6355 0.3058 
 960 0.5301 0.3803 0.0896 
 961 0.0235 0.0484 0.9280 
 962 0.0293 0.8844 0.0863 
 963 0.1543 0.7688 0.0769 
 964 0.1026 0.7907 0.1067 
 965 0.0503 0.5907 0.3590 
 966 0.1205 0.6136 0.2659 
 967 0.0416 0.0597 0.8987 
 968 0.0350 0.8587 0.1063 
 969 0.2398 0.5057 0.2545 
 970 0.0453 0.1456 0.8090 
 971 0.0396 0.7306 0.2298 
 972 0.1760 0.5493 0.2747 
 973 0.0299 0.4073 0.5628 
 974 0.0815 0.8231 0.0954 
 975 0.2427 0.5035 0.2538 
 976 0.0406 0.7310 0.2284 
 977 0.1188 0.5328 0.3485 
 978 0.0394 0.5885 0.3721 
 979 0.0545 0.8591 0.0864 
 980 0.0405 0.5091 0.4505 
 981 0.0884 0.6762 0.2354 
 982 0.0915 0.8660 0.0425 
 983 0.3790 0.5650 0.0560 
 984 0.1968 0.1164 0.6868 
 985 0.0540 0.7746 0.1713 
 986 0.0795 0.8427 0.0778 
 987 0.0585 0.9089 0.0325 
 988 0.6397 0.3387 0.0216 
 989 0.0958 0.1276 0.7766 
 990 0.1865 0.7196 0.0939 
 991 0.0723 0.7856 0.1421 
 992 0.0361 0.9268 0.0371 
 993 0.5645 0.3823 0.0532 
 994 0.0631 0.5972 0.3396 
 995 0.0209 0.0558 0.9233 
 996 0.1545 0.8016 0.0439 
 997 0.0373 0.8717 0.0910 
 998 0.0643 0.8939 0.0418 
 999 0.0656 0.7538 0.1806 
1000 0.0631 0.8983 0.0385 
1001 0.1605 0.7884 0.0511 
1002 0.1181 0.8585 0.0235 
1003 0.0545 0.8279 0.1176 
1004 0.0398 0.8959 0.0643 
1005 0.0599 0.8998 0.0404 
1006 0.0766 0.7021 0.2213 
1007 0.0542 0.5352 0.4107 
1008 0.0535 0.3303 0.6162 
1009 0.2038 0.6005 0.1957 
1010 0.0675 0.7682 0.1642 
1011 0.0781 0.3511 0.5708 
1012 0.1087 0.7768 0.1145 
1013 0.0607 0.7950 0.1443 
1014 0.0954 0.8592 0.0454 
1015 0.0368 0.8946 0.0687 
1016 0.0529 0.9112 0.0358 
1017 0.0434 0.7460 0.2105 
1018 0.0652 0.7584 0.1764 
1019 0.1045 0.7329 0.1626 
1020 0.0312 0.0863 0.8825 
1021 0.0475 0.2337 0.7188 
1022 0.0538 0.7900 0.1562 
1023 0.1885 0.7566 0.0549 
1024 0.1577 0.7996 0.0427 
1025 0.0606 0.8570 0.0825 
1026 0.7031 0.0993 0.1977 
1027 0.6531 0.1634 0.1835 
1028 0.7137 0.1932 0.0931 
1029 0.1079 0.7289 0.1632 
1030 0.0946 0.3322 0.5732 
1031 0.4629 0.2381 0.2990 
1032 0.3471 0.2583 0.3946 
1033 0.4304 0.2479 0.3217 
1034 0.1003 0.7263 0.1733 
1035 0.0759 0.1473 0.7768 
1036 0.1496 0.2446 0.6058 
1037 0.0477 0.3048 0.6476 
1038 0.3777 0.1559 0.4664 
1039 0.1815 0.3050 0.5135 
1040 0.6929 0.1141 0.1930 
1041 0.7039 0.1599 0.1362 
1042 0.2262 0.2513 0.5225 
1043 0.4761 0.2309 0.2930 
1044 0.4501 0.3846 0.1653 
1045 0.7580 0.0872 0.1548 
1046 0.2113 0.2991 0.4896 
1047 0.0672 0.1473 0.7855 
1048 0.1349 0.7754 0.0897 
1049 0.0671 0.8795 0.0534 
1050 0.3229 0.6563 0.0209 
1051 0.1175 0.8596 0.0229 
1052 0.1526 0.8146 0.0328 
1053 0.1546 0.8081 0.0373 
1054 0.1143 0.8464 0.0393 
1055 0.0465 0.9225 0.0309 
1056 0.0746 0.8912 0.0342 
1057 0.7902 0.1806 0.0292 
1058 0.2896 0.6860 0.0244 
1059 0.3603 0.5945 0.0452 
1060 0.2570 0.6653 0.0777 
1061 0.0504 0.9228 0.0268 
1062 0.3467 0.6267 0.0266 
1063 0.0369 0.8744 0.0887 
1064 0.1792 0.7872 0.0336 
1065 0.1106 0.8377 0.0517 
1066 0.0502 0.8912 0.0586 
1067 0.2525 0.7217 0.0258 
1068 0.1333 0.6161 0.2506 
1069 0.0807 0.8995 0.0198 
1070 0.1331 0.8377 0.0292 
1071 0.1211 0.7894 0.0895 
1072 0.0908 0.8600 0.0491 
1073 0.2651 0.7018 0.0331 
1074 0.2918 0.6405 0.0677 
1075 0.2099 0.7434 0.0467 
1076 0.1760 0.7702 0.0538 
1077 0.8342 0.1404 0.0254 
1078 0.0726 0.8879 0.0395 
1079 0.2443 0.7230 0.0327 
1080 0.0887 0.7869 0.1244 
1081 0.1783 0.7980 0.0237 
1082 0.1488 0.7835 0.0677 
1083 0.1000 0.8546 0.0454 
1084 0.1011 0.7746 0.1242 
1085 0.0991 0.8831 0.0179 
1086 0.0385 0.9343 0.0272 
1087 0.0886 0.8933 0.0181 
1088 0.0693 0.9111 0.0196 
1089 0.4341 0.5449 0.0210 
1090 0.2428 0.7298 0.0274 
1091 0.0773 0.8845 0.0382 
1092 0.1829 0.7929 0.0241 
1093 0.0534 0.8814 0.0652 
1094 0.7330 0.1969 0.0702 
1095 0.8149 0.1619 0.0232 
1096 0.3030 0.6485 0.0486 
1097 0.7461 0.2343 0.0197 
1098 0.0400 0.9331 0.0269 
1099 0.0476 0.8347 0.1177 
1100 0.1200 0.8559 0.0242 
1101 0.0870 0.8914 0.0216 
1102 0.2017 0.7712 0.0271 
1103 0.1158 0.8365 0.0477 
1104 0.0649 0.9069 0.0282 
1105 0.0941 0.8769 0.0289 
1106 0.1304 0.7847 0.0849 
1107 0.1717 0.7869 0.0414 
1108 0.8159 0.1543 0.0298 
1109 0.7081 0.2630 0.0289 
1110 0.0491 0.3251 0.6258 
1111 0.0278 0.3381 0.6342 
1112 0.1300 0.0518 0.8182 
1113 0.2635 0.1759 0.5607 
1114 0.5026 0.2698 0.2275 
1115 0.1060 0.1402 0.7538 
1116 0.0535 0.0822 0.8644 
1117 0.6666 0.1488 0.1845 
1118 0.0547 0.0619 0.8834 
1119 0.5618 0.1410 0.2971 
1120 0.1389 0.0885 0.7726 
1121 0.3477 0.0853 0.5670 
1122 0.2362 0.3207 0.4431 
1123 0.2924 0.4666 0.2410 
1124 0.0533 0.0611 0.8856 
1125 0.1260 0.2488 0.6252 
1126 0.3480 0.1017 0.5503 
1127 0.2256 0.0893 0.6851 
1128 0.0413 0.1057 0.8529 
1129 0.2314 0.4795 0.2891 
1130 0.1971 0.5275 0.2754 
1131 0.7515 0.1282 0.1203 
1132 0.2176 0.0799 0.7025 
1133 0.0917 0.1181 0.7901 
1134 0.0361 0.0674 0.8964 
1135 0.4379 0.4296 0.1325 
1136 0.7877 0.1122 0.1001 
1137 0.0610 0.2220 0.7170 
1138 0.2365 0.3789 0.3846 
1139 0.0361 0.0756 0.8883 
1140 0.1708 0.4494 0.3798 
1141 0.2006 0.5596 0.2398 
1142 0.6814 0.2000 0.1186 
1143 0.1063 0.5165 0.3772 
1144 0.1443 0.2273 0.6284 
1145 0.4900 0.2378 0.2722 
1146 0.3688 0.1532 0.4780 
1147 0.2741 0.6300 0.0959 
1148 0.8277 0.1190 0.0533 
1149 0.1567 0.2112 0.6322 
1150 0.0979 0.4989 0.4033 
1151 0.1777 0.0853 0.7370 
1152 0.4162 0.4239 0.1598 
1153 0.7605 0.1540 0.0855 
1154 0.3065 0.2506 0.4429 
1155 0.1935 0.2885 0.5180 
1156 0.0819 0.1428 0.7753 
1157 0.6626 0.0940 0.2434 
1158 0.0892 0.1319 0.7789 
1159 0.0716 0.8999 0.0285 
1160 0.0698 0.9003 0.0299 
1161 0.0332 0.9204 0.0464 
1162 0.0897 0.7255 0.1848 
1163 0.0733 0.3499 0.5768 
1164 0.1386 0.7287 0.1327 
1165 0.0579 0.9060 0.0361 
1166 0.0495 0.6804 0.2701 
1167 0.1011 0.8724 0.0266 
1168 0.1084 0.8450 0.0466 
1169 0.1049 0.8202 0.0749 
1170 0.3132 0.6442 0.0426 
1171 0.2752 0.6361 0.0887 
1172 0.1260 0.8345 0.0396 
1173 0.0901 0.8626 0.0473 
1174 0.0540 0.9188 0.0273 
1175 0.0878 0.8742 0.0380 
1176 0.0749 0.8265 0.0985 
1177 0.8812 0.0955 0.0233 
1178 0.0611 0.9020 0.0368 
1179 0.3502 0.6264 0.0235 
1180 0.1025 0.8692 0.0284 
1181 0.0954 0.8544 0.0502 
1182 0.0527 0.9049 0.0424 
1183 0.2805 0.5877 0.1318 
1184 0.2568 0.7173 0.0259 
1185 0.3552 0.6024 0.0424 
1186 0.1965 0.7023 0.1012 
1187 0.3980 0.4683 0.1337 
1188 0.3844 0.5760 0.0396 
1189 0.0639 0.8437 0.0924 
1190 0.1102 0.8633 0.0265 
1191 0.3956 0.3823 0.2221 
1192 0.0389 0.9298 0.0313 
1193 0.1382 0.7318 0.1300 
1194 0.8809 0.0945 0.0246 
1195 0.0953 0.8777 0.0270 
1196 0.0688 0.8957 0.0355 
1197 0.2822 0.6933 0.0246 
1198 0.0482 0.9258 0.0260 
1199 0.1715 0.7806 0.0479 
1200 0.6732 0.2992 0.0276 
1201 0.0829 0.6632 0.2539 
1202 0.1140 0.7706 0.1154 
1203 0.0561 0.9155 0.0284 
1204 0.1459 0.7948 0.0594 
1205 0.1091 0.8556 0.0353 
1206 0.2592 0.0711 0.6697 
1207 0.4017 0.4563 0.1420 
1208 0.0255 0.2220 0.7525 
1209 0.0851 0.5803 0.3346 
1210 0.2483 0.5136 0.2381 
1211 0.1734 0.3306 0.4960 
1212 0.5749 0.1246 0.3005 
1213 0.0806 0.6535 0.2659 
1214 0.0860 0.5587 0.3553 
1215 0.0569 0.8298 0.1133 
1216 0.0535 0.8098 0.1367 
1217 0.6507 0.1213 0.2280 
1218 0.7358 0.1973 0.0669 
1219 0.2966 0.4695 0.2340 
1220 0.7376 0.1965 0.0659 
1221 0.0604 0.8093 0.1303 
1222 0.3009 0.3228 0.3763 
1223 0.8051 0.1201 0.0748 
1224 0.1149 0.7578 0.1273 
1225 0.6534 0.2331 0.1135 
1226 0.6632 0.1930 0.1438 
1227 0.1406 0.6779 0.1815 
1228 0.0573 0.5607 0.3820 
1229 0.0314 0.8816 0.0870 
1230 0.0657 0.2179 0.7164 
1231 0.0949 0.6022 0.3029 
1232 0.0352 0.9039 0.0609 
1233 0.2188 0.5582 0.2230 
1234 0.1204 0.4290 0.4506 
1235 0.0557 0.5165 0.4278 
1236 0.0250 0.7247 0.2503 
1237 0.0394 0.5775 0.3831 
1238 0.0374 0.4998 0.4629 
1239 0.0589 0.7684 0.1727 
1240 0.0310 0.7610 0.2080 
1241 0.0519 0.6681 0.2800 
1242 0.0325 0.3453 0.6221 
1243 0.1426 0.4719 0.3855 
1244 0.0282 0.2825 0.6893 
1245 0.0248 0.3393 0.6359 
1246 0.0955 0.5104 0.3940 
1247 0.0241 0.1786 0.7973 
1248 0.0412 0.4612 0.4976 
1249 0.1881 0.7029 0.1090 
1250 0.0359 0.8810 0.0831 
1251 0.0369 0.7941 0.1689 
1252 0.0294 0.9196 0.0510 
1253 0.0528 0.6238 0.3234 
1254 0.0373 0.9090 0.0538 
1255 0.0235 0.4574 0.5191 
1256 0.0515 0.2267 0.7217 
1257 0.0545 0.6435 0.3021 
1258 0.0317 0.9268 0.0415 
1259 0.0673 0.8501 0.0826 
1260 0.0318 0.5325 0.4357 
1261 0.0345 0.4405 0.5250 
1262 0.0374 0.7350 0.2276 
1263 0.0950 0.7646 0.1404 
1264 0.0384 0.8252 0.1365 
1265 0.0348 0.4659 0.4992 
1266 0.1430 0.5590 0.2980 
1267 0.0452 0.5613 0.3934 
1268 0.5962 0.3799 0.0240 
1269 0.6860 0.2875 0.0265 
1270 0.0651 0.8537 0.0812 
1271 0.2340 0.7315 0.0345 
1272 0.2370 0.7084 0.0546 
1273 0.0765 0.8748 0.0487 
1274 0.2960 0.6278 0.0762 
1275 0.1218 0.8447 0.0335 
1276 0.8243 0.1389 0.0367 
1277 0.2732 0.7029 0.0239 
1278 0.7303 0.0994 0.1702 
1279 0.4348 0.4812 0.0840 
1280 0.1433 0.7680 0.0887 
1281 0.1008 0.8686 0.0307 
1282 0.1903 0.7910 0.0187 
1283 0.0798 0.8811 0.0391 
1284 0.4875 0.3431 0.1694 
1285 0.0599 0.8973 0.0428 
1286 0.1305 0.8141 0.0553 
1287 0.2449 0.6330 0.1221 
1288 0.5345 0.3873 0.0781 
1289 0.1795 0.7938 0.0267 
1290 0.1480 0.7432 0.1088 
1291 0.0769 0.7950 0.1281 
1292 0.0802 0.8700 0.0498 
1293 0.4578 0.5074 0.0347 
1294 0.0580 0.8990 0.0430 
1295 0.3950 0.5824 0.0226 
1296 0.6703 0.2861 0.0436 
1297 0.1004 0.8076 0.0920 
1298 0.2537 0.7149 0.0314 
1299 0.0945 0.8742 0.0313 
1300 0.1080 0.4870 0.4050 
1301 0.0963 0.8725 0.0312 
1302 0.4461 0.4781 0.0758 
1303 0.2528 0.7010 0.0462 
1304 0.3474 0.5960 0.0566 
1305 0.2179 0.6702 0.1120 
1306 0.0979 0.8707 0.0314 
1307 0.1974 0.7578 0.0449 
1308 0.0634 0.8542 0.0823 
1309 0.0949 0.8703 0.0348 
1310 0.4465 0.5234 0.0301 
1311 0.5513 0.4254 0.0233 
1312 0.0807 0.8623 0.0570 
1313 0.0680 0.8955 0.0365 
1314 0.7851 0.1769 0.0380 
1315 0.1365 0.6050 0.2585 
1316 0.4534 0.5127 0.0339 
1317 0.0386 0.8483 0.1131 
1318 0.2319 0.7025 0.0656 
1319 0.0309 0.1041 0.8650 
1320 0.0690 0.8240 0.1069 
1321 0.3260 0.6451 0.0289 
1322 0.5810 0.3454 0.0736 
1323 0.1309 0.8372 0.0319 
1324 0.3810 0.4932 0.1258 
1325 0.0648 0.9169 0.0183 
1326 0.6697 0.3027 0.0275 
1327 0.0355 0.9117 0.0528 
1328 0.0445 0.9235 0.0320 
1329 0.0609 0.9010 0.0381 
1330 0.0934 0.8708 0.0358 
1331 0.0598 0.9094 0.0308 
1332 0.1208 0.7223 0.1569 
1333 0.0562 0.9046 0.0391 
1334 0.4257 0.5448 0.0295 
1335 0.0730 0.8265 0.1005 
1336 0.0574 0.1665 0.7761 
1337 0.0900 0.2255 0.6844 
1338 0.0753 0.8730 0.0517 
1339 0.0565 0.9059 0.0376 
1340 0.0461 0.9036 0.0503 
1341 0.2943 0.6230 0.0827 
1342 0.0387 0.8837 0.0776 
1343 0.0380 0.9169 0.0451 
1344 0.0931 0.4456 0.4613 
1345 0.2714 0.6990 0.0296 
1346 0.5833 0.3515 0.0652 
1347 0.0367 0.7827 0.1806 
1348 0.0590 0.8779 0.0632 
1349 0.0383 0.2173 0.7444 
1350 0.0581 0.6576 0.2842 
1351 0.0406 0.9269 0.0325 
1352 0.5251 0.4134 0.0614 
1353 0.0717 0.8987 0.0296 
1354 0.0577 0.8956 0.0467 
1355 0.0499 0.9319 0.0182 
1356 0.0876 0.8590 0.0534 
1357 0.0371 0.8571 0.1058 
1358 0.0280 0.9274 0.0446 
1359 0.0367 0.8950 0.0683 
1360 0.1887 0.4884 0.3229 
1361 0.1181 0.6787 0.2032 
1362 0.1240 0.7312 0.1448 
1363 0.1041 0.5845 0.3114 
1364 0.1557 0.6140 0.2303 
1365 0.2229 0.6929 0.0843 
1366 0.1456 0.7043 0.1502 
1367 0.0397 0.5212 0.4391 
1368 0.0440 0.3986 0.5574 
1369 0.0712 0.8725 0.0563 
1370 0.0286 0.7599 0.2115 
1371 0.3078 0.6301 0.0621 
1372 0.0393 0.2155 0.7452 
1373 0.0785 0.2320 0.6895 
1374 0.0331 0.8864 0.0806 
1375 0.0807 0.5168 0.4024 
1376 0.0573 0.5909 0.3517 
1377 0.1116 0.7599 0.1284 
1378 0.1232 0.4221 0.4547 
1379 0.0260 0.1148 0.8592 
1380 0.2510 0.6802 0.0688 
1381 0.2400 0.6677 0.0923 
1382 0.0523 0.2994 0.6483 
1383 0.5202 0.4472 0.0326 
1384 0.3125 0.6252 0.0623 
1385 0.0383 0.2134 0.7484 
1386 0.1324 0.7707 0.0969 
1387 0.0887 0.4496 0.4617 
1388 0.2553 0.6142 0.1304 
1389 0.0521 0.8558 0.0921 
1390 0.1072 0.7049 0.1879 
1391 0.1126 0.7245 0.1629 
1392 0.6061 0.2148 0.1792 
1393 0.1099 0.4079 0.4821 
1394 0.0408 0.7312 0.2280 
1395 0.2289 0.7134 0.0577 
1396 0.8086 0.1587 0.0326 
1397 0.1320 0.3823 0.4857 
1398 0.1548 0.4356 0.4096 
1399 0.5097 0.2685 0.2219 
1400 0.3375 0.5784 0.0841 
1401 0.8667 0.1032 0.0300 
1402 0.0819 0.2492 0.6690 
1403 0.1142 0.3748 0.5110 
1404 0.1041 0.5606 0.3354 
1405 0.7121 0.2302 0.0576 
1406 0.4242 0.1871 0.3888 
1407 0.4854 0.4560 0.0587 
1408 0.2348 0.6844 0.0808 
1409 0.5136 0.1543 0.3320 
1410 0.3194 0.5867 0.0939 
1411 0.6141 0.2978 0.0882 
1412 0.7189 0.2050 0.0760 
1413 0.1097 0.3425 0.5478 
1414 0.6611 0.1986 0.1403 
1415 0.7055 0.1503 0.1442 
1416 0.0762 0.2434 0.6804 
1417 0.3210 0.5847 0.0943 
1418 0.0523 0.6205 0.3272 
1419 0.0455 0.7239 0.2306 
1420 0.0508 0.8310 0.1182 
1421 0.0240 0.3965 0.5796 
1422 0.0276 0.6916 0.2808 
1423 0.0556 0.8932 0.0512 
1424 0.1446 0.8067 0.0487 
1425 0.0401 0.7655 0.1944 
1426 0.0422 0.8403 0.1175 
1427 0.1777 0.7862 0.0361 
1428 0.0306 0.8446 0.1248 
1429 0.0285 0.5485 0.4230 
1430 0.0353 0.7512 0.2135 
1431 0.0360 0.8548 0.1092 
1432 0.0818 0.7768 0.1414 
1433 0.0219 0.2331 0.7450 
1434 0.0268 0.5709 0.4023 
1435 0.0417 0.2302 0.7280 
1436 0.0438 0.5201 0.4361 
1437 0.0703 0.7783 0.1514 
1438 0.0489 0.9240 0.0272 
1439 0.0375 0.4926 0.4700 
1440 0.0256 0.6300 0.3444 
1441 0.0233 0.1016 0.8751 
1442 0.0290 0.7239 0.2471 
1443 0.0302 0.5316 0.4382 
1444 0.0446 0.8699 0.0856 
1445 0.0265 0.7492 0.2243 
1446 0.0299 0.6218 0.3483 
1447 0.0451 0.7923 0.1626 
1448 0.0250 0.8917 0.0833 
1449 0.0323 0.9231 0.0446 
1450 0.0417 0.8722 0.0861 
1451 0.0252 0.1442 0.8306 
1452 0.0594 0.8263 0.1143 
1453 0.0383 0.6056 0.3561 
1454 0.0558 0.8956 0.0485 
1455 0.1068 0.8058 0.0874 
1456 0.0518 0.8246 0.1236 
1457 0.0398 0.9120 0.0482 
1458 0.0487 0.8670 0.0843 
1459 0.0243 0.4086 0.5671 
1460 0.1416 0.7634 0.0950 
1461 0.5451 0.4224 0.0325 
1462 0.0451 0.8994 0.0555 
1463 0.0630 0.1299 0.8071 
1464 0.8871 0.0843 0.0286 
1465 0.7386 0.2279 0.0336 
1466 0.0529 0.9045 0.0426 
1467 0.7822 0.1679 0.0499 
1468 0.5513 0.4023 0.0463 
1469 0.4715 0.4510 0.0775 
1470 0.0682 0.4332 0.4986 
1471 0.3700 0.5025 0.1276 
1472 0.3113 0.6472 0.0414 
1473 0.2916 0.5615 0.1469 
1474 0.0498 0.8925 0.0577 
1475 0.4977 0.4158 0.0865 
1476 0.8922 0.0856 0.0221 
1477 0.0428 0.1546 0.8026 
1478 0.1321 0.3706 0.4972 
1479 0.2557 0.6964 0.0479 
1480 0.1031 0.8520 0.0449 
1481 0.8355 0.1335 0.0310 
