   1 0.0063 0.0062 0.0208 0.0449 0.0978 0.3818 0.1523 0.1761 0.1139 
   2 0.0060 0.0040 0.0135 0.0286 0.0777 0.0817 0.0972 0.1410 0.5503 
   3 0.0047 0.0074 0.0257 0.0626 0.0868 0.1887 0.1570 0.3496 0.1176 
   4 0.0060 0.0141 0.0290 0.0604 0.0978 0.1172 0.4042 0.1302 0.1412 
   5 0.0070 0.0048 0.0141 0.0319 0.0905 0.0861 0.1028 0.1850 0.4778 
   6 0.0048 0.0075 0.0159 0.0310 0.0990 0.0866 0.1443 0.4628 0.1481 
   7 0.0055 0.0062 0.0199 0.0271 0.3265 0.0994 0.1018 0.2892 0.1243 
   8 0.0069 0.0359 0.0289 0.0405 0.1029 0.1503 0.2705 0.2568 0.1073 
   9 0.0107 0.0103 0.0164 0.0355 0.0930 0.1881 0.1254 0.2495 0.2711 
  10 0.0068 0.0090 0.0165 0.0236 0.1137 0.1565 0.2130 0.3352 0.1258 
  11 0.0063 0.0048 0.0217 0.0244 0.2633 0.1918 0.0939 0.2648 0.1290 
  12 0.0058 0.0058 0.0136 0.0370 0.0981 0.1008 0.1572 0.1881 0.3937 
  13 0.0071 0.0075 0.0182 0.0422 0.1238 0.1570 0.1421 0.2570 0.2451 
  14 0.0051 0.0044 0.0277 0.1130 0.0671 0.1242 0.1586 0.2120 0.2879 
  15 0.0053 0.0060 0.0419 0.0499 0.1181 0.1167 0.2526 0.1842 0.2252 
  16 0.0059 0.0047 0.0202 0.0324 0.1086 0.2661 0.1074 0.3485 0.1062 
  17 0.0093 0.0123 0.0182 0.0763 0.0862 0.1271 0.1551 0.3389 0.1766 
  18 0.0074 0.0102 0.0377 0.0417 0.0744 0.1304 0.1630 0.2550 0.2802 
  19 0.0050 0.0062 0.0159 0.0243 0.1034 0.1400 0.1372 0.4037 0.1643 
  20 0.0058 0.0055 0.0325 0.0428 0.1807 0.1090 0.1591 0.2277 0.2370 
  21 0.0053 0.0050 0.0198 0.0542 0.0827 0.2248 0.2206 0.1673 0.2203 
  22 0.0054 0.0094 0.0157 0.0370 0.0771 0.1736 0.1511 0.3967 0.1341 
  23 0.0192 0.0091 0.0342 0.0967 0.0842 0.1788 0.2053 0.1626 0.2100 
  24 0.0054 0.0049 0.0190 0.0304 0.0894 0.3927 0.1625 0.1814 0.1142 
  25 0.0061 0.0060 0.0281 0.0414 0.1363 0.0768 0.0859 0.3756 0.2438 
  26 0.0057 0.0086 0.0230 0.0338 0.0991 0.1752 0.2073 0.2290 0.2184 
  27 0.0068 0.0062 0.0171 0.0574 0.0892 0.1918 0.1469 0.3133 0.1714 
  28 0.0065 0.0059 0.0205 0.0398 0.1533 0.1471 0.3005 0.1666 0.1597 
  29 0.0068 0.0042 0.0143 0.0369 0.1651 0.2011 0.1117 0.2057 0.2541 
  30 0.0056 0.0060 0.0181 0.0402 0.0782 0.2228 0.1177 0.3452 0.1664 
  31 0.0097 0.0240 0.0155 0.0689 0.1443 0.1724 0.1820 0.1786 0.2046 
  32 0.0050 0.0051 0.0249 0.0393 0.0758 0.1215 0.2111 0.3125 0.2049 
  33 0.0056 0.0054 0.0188 0.0369 0.1266 0.2522 0.1392 0.2862 0.1289 
  34 0.0142 0.0083 0.0239 0.0318 0.1810 0.0893 0.1590 0.3853 0.1072 
  35 0.0155 0.0136 0.0133 0.1091 0.0844 0.1772 0.0991 0.2651 0.2227 
  36 0.0052 0.0046 0.0607 0.0698 0.0761 0.4489 0.0869 0.1165 0.1312 
  37 0.0053 0.0076 0.0146 0.0505 0.0825 0.2338 0.1774 0.2035 0.2247 
  38 0.0113 0.0052 0.2273 0.0391 0.1727 0.1710 0.0778 0.1584 0.1372 
  39 0.0114 0.0082 0.0306 0.0760 0.1665 0.1500 0.1163 0.2450 0.1960 
  40 0.0057 0.0043 0.0221 0.1162 0.0640 0.3403 0.1132 0.1750 0.1592 
  41 0.0140 0.0075 0.0254 0.1380 0.1351 0.2802 0.0741 0.2115 0.1143 
  42 0.0079 0.0048 0.0306 0.0596 0.0784 0.4803 0.1387 0.0960 0.1038 
  43 0.0082 0.0078 0.0133 0.1724 0.0897 0.2252 0.1143 0.1684 0.2007 
  44 0.0074 0.0075 0.0116 0.2731 0.0781 0.1403 0.0744 0.2387 0.1689 
  45 0.0100 0.0051 0.0483 0.0694 0.1063 0.3022 0.0768 0.1143 0.2676 
  46 0.0073 0.0112 0.0169 0.1012 0.1078 0.0968 0.1172 0.3399 0.2018 
  47 0.0123 0.0229 0.0130 0.0498 0.0900 0.2092 0.1305 0.2765 0.1958 
  48 0.0107 0.0098 0.0161 0.2684 0.0619 0.1360 0.0825 0.2081 0.2065 
  49 0.0170 0.0102 0.0185 0.0808 0.1097 0.2442 0.1126 0.2142 0.1929 
  50 0.0103 0.0112 0.0175 0.0504 0.1488 0.0904 0.1311 0.3648 0.1754 
  51 0.0074 0.0044 0.0500 0.1973 0.0746 0.3549 0.0737 0.0940 0.1437 
  52 0.0122 0.0101 0.0185 0.0850 0.1778 0.1940 0.1293 0.2488 0.1242 
  53 0.0092 0.0077 0.0993 0.0485 0.1230 0.1874 0.1239 0.2825 0.1184 
  54 0.0105 0.0097 0.0112 0.0948 0.0884 0.1865 0.1391 0.1571 0.3027 
  55 0.0080 0.0074 0.0142 0.2254 0.0772 0.1369 0.1118 0.1517 0.2673 
  56 0.0120 0.0078 0.0308 0.0865 0.0726 0.2090 0.1259 0.2093 0.2462 
  57 0.0112 0.0181 0.0190 0.0293 0.1107 0.1494 0.2634 0.2630 0.1358 
  58 0.0103 0.0053 0.0249 0.0920 0.1090 0.2929 0.1052 0.1322 0.2282 
  59 0.0189 0.0058 0.0694 0.0611 0.1153 0.2858 0.1014 0.1324 0.2098 
  60 0.0055 0.0047 0.0315 0.1341 0.0823 0.3158 0.1569 0.1208 0.1484 
  61 0.0067 0.0041 0.0116 0.2263 0.0766 0.1261 0.1667 0.0972 0.2847 
  62 0.0285 0.0129 0.0172 0.0423 0.1191 0.1136 0.1446 0.2157 0.3062 
  63 0.0054 0.0044 0.0194 0.0660 0.1485 0.2509 0.1399 0.1715 0.1941 
  64 0.0087 0.0070 0.0343 0.0301 0.1056 0.1491 0.0911 0.3414 0.2327 
  65 0.0077 0.0059 0.0162 0.0420 0.2130 0.0809 0.0833 0.2776 0.2734 
  66 0.0071 0.0051 0.0160 0.0464 0.1288 0.1227 0.2217 0.1383 0.3139 
  67 0.0074 0.0061 0.0116 0.2271 0.0841 0.1302 0.0930 0.1607 0.2797 
  68 0.0171 0.0068 0.0689 0.0709 0.1070 0.3068 0.1135 0.1190 0.1899 
  69 0.0459 0.0110 0.1690 0.0574 0.1254 0.1571 0.1448 0.1514 0.1379 
  70 0.0057 0.0046 0.0376 0.1214 0.1583 0.3124 0.1120 0.1520 0.0960 
  71 0.0184 0.0055 0.0645 0.0821 0.1181 0.2483 0.0728 0.1328 0.2575 
  72 0.0050 0.0063 0.0262 0.0743 0.0986 0.2793 0.0848 0.2920 0.1336 
  73 0.0172 0.0054 0.0211 0.0873 0.1174 0.1772 0.0850 0.1179 0.3714 
  74 0.0050 0.0045 0.0569 0.0582 0.0705 0.4551 0.1101 0.1132 0.1265 
  75 0.0065 0.0051 0.0300 0.0535 0.0582 0.5001 0.1240 0.0936 0.1290 
  76 0.0053 0.0059 0.0151 0.1546 0.1503 0.1577 0.1043 0.2091 0.1977 
  77 0.0115 0.0047 0.0611 0.0689 0.1798 0.2669 0.0721 0.1425 0.1925 
  78 0.0143 0.0051 0.1774 0.0567 0.1555 0.2342 0.0745 0.1418 0.1405 
  79 0.0056 0.0049 0.0225 0.0268 0.1798 0.1057 0.1129 0.2907 0.2510 
  80 0.0051 0.0051 0.0157 0.0293 0.1285 0.1558 0.3939 0.1182 0.1484 
  81 0.0047 0.0053 0.0176 0.0242 0.1764 0.1182 0.3465 0.1375 0.1696 
  82 0.0086 0.0052 0.0162 0.0664 0.1195 0.1770 0.1586 0.1484 0.3000 
  83 0.0045 0.0049 0.0346 0.0454 0.1687 0.1028 0.2680 0.1931 0.1780 
  84 0.0047 0.0047 0.0200 0.0286 0.1826 0.1093 0.2510 0.2274 0.1716 
  85 0.0048 0.0050 0.0384 0.0397 0.0977 0.1204 0.2819 0.2426 0.1695 
  86 0.0087 0.0067 0.0176 0.0823 0.1043 0.1051 0.1121 0.2078 0.3555 
  87 0.0055 0.0056 0.0368 0.0483 0.3008 0.1211 0.1231 0.1700 0.1888 
  88 0.0051 0.0049 0.0168 0.0304 0.1576 0.1902 0.2263 0.1408 0.2279 
  89 0.0050 0.0058 0.0170 0.0268 0.1247 0.1590 0.2918 0.1375 0.2323 
  90 0.0053 0.0048 0.0178 0.0286 0.2669 0.1060 0.1306 0.1791 0.2609 
  91 0.0044 0.0048 0.0396 0.0414 0.0995 0.1345 0.3730 0.1667 0.1362 
  92 0.0053 0.0050 0.0177 0.0300 0.1532 0.1468 0.1523 0.2013 0.2885 
  93 0.0050 0.0048 0.0139 0.0285 0.0727 0.1513 0.4910 0.1147 0.1181 
  94 0.0048 0.0047 0.0554 0.0433 0.3990 0.1121 0.1111 0.1688 0.1008 
  95 0.0050 0.0048 0.0168 0.0287 0.2733 0.1379 0.2004 0.1281 0.2051 
  96 0.0069 0.0048 0.0131 0.1629 0.0823 0.1684 0.2016 0.0996 0.2604 
  97 0.0058 0.0053 0.0393 0.0463 0.0619 0.4293 0.1328 0.1027 0.1766 
  98 0.0061 0.0040 0.0147 0.0649 0.0857 0.2782 0.0988 0.1829 0.2647 
  99 0.0049 0.0046 0.0177 0.0263 0.2010 0.1018 0.2335 0.2014 0.2088 
 100 0.0060 0.0051 0.0122 0.0342 0.0617 0.1588 0.3898 0.0925 0.2397 
 101 0.0067 0.0065 0.0396 0.0583 0.1913 0.1721 0.1428 0.1584 0.2244 
 102 0.0103 0.0059 0.0316 0.0923 0.1502 0.1416 0.2948 0.1459 0.1273 
 103 0.0078 0.0054 0.0140 0.0394 0.1416 0.0792 0.1879 0.1407 0.3839 
 104 0.0059 0.0051 0.0136 0.0379 0.3591 0.0645 0.1453 0.1576 0.2110 
 105 0.0143 0.0063 0.0130 0.0447 0.2330 0.0803 0.1894 0.1310 0.2879 
 106 0.0050 0.0047 0.0241 0.0344 0.3730 0.0887 0.0683 0.2450 0.1568 
 107 0.0106 0.0060 0.0142 0.0554 0.2369 0.0791 0.1790 0.1435 0.2752 
 108 0.0049 0.0042 0.1429 0.1218 0.0722 0.0621 0.1015 0.1243 0.3661 
 109 0.0621 0.0062 0.0369 0.0428 0.2937 0.0917 0.0741 0.1852 0.2073 
 110 0.0062 0.0048 0.0241 0.0269 0.4238 0.1027 0.0750 0.2215 0.1149 
 111 0.0123 0.0063 0.0146 0.0376 0.4104 0.0661 0.1095 0.1307 0.2124 
 112 0.0780 0.0046 0.0210 0.0638 0.4291 0.0893 0.0803 0.1303 0.1035 
 113 0.0067 0.0056 0.0304 0.0464 0.1001 0.1344 0.1256 0.1738 0.3769 
 114 0.0089 0.0044 0.0128 0.0326 0.3491 0.0676 0.1756 0.1368 0.2122 
 115 0.0122 0.0056 0.0169 0.1501 0.2476 0.1000 0.1040 0.1808 0.1826 
 116 0.0085 0.0059 0.0414 0.0897 0.2688 0.1315 0.0711 0.1919 0.1913 
 117 0.0151 0.0070 0.0225 0.0417 0.3704 0.1406 0.0839 0.2054 0.1134 
 118 0.0110 0.0049 0.0192 0.0424 0.1561 0.0708 0.0995 0.1160 0.4801 
 119 0.0050 0.0043 0.0249 0.2207 0.1146 0.1389 0.2079 0.1267 0.1569 
 120 0.0183 0.0054 0.0164 0.0942 0.2777 0.0840 0.1288 0.1710 0.2042 
 121 0.0387 0.0127 0.0203 0.1865 0.2290 0.1110 0.0780 0.1672 0.1566 
 122 0.0086 0.0043 0.0203 0.0323 0.3250 0.0953 0.0942 0.2205 0.1995 
 123 0.0080 0.0052 0.0259 0.0463 0.3445 0.0935 0.1281 0.1596 0.1890 
 124 0.0165 0.0109 0.0214 0.0886 0.2160 0.1358 0.0870 0.2216 0.2020 
 125 0.0133 0.0054 0.0385 0.0510 0.2009 0.2309 0.0825 0.2644 0.1131 
 126 0.0051 0.0039 0.0259 0.0934 0.2828 0.1384 0.1233 0.1674 0.1597 
 127 0.0099 0.0056 0.0133 0.0491 0.4078 0.0679 0.1123 0.1127 0.2215 
 128 0.0078 0.0044 0.0123 0.0422 0.1181 0.0767 0.0956 0.1274 0.5155 
 129 0.0094 0.0061 0.0138 0.0430 0.2104 0.0728 0.0847 0.1425 0.4172 
 130 0.0185 0.0065 0.0140 0.0364 0.3073 0.0686 0.1772 0.1532 0.2182 
 131 0.0257 0.0095 0.1172 0.0782 0.2108 0.1383 0.0737 0.2020 0.1447 
 132 0.0071 0.0048 0.0195 0.0353 0.2872 0.0891 0.0760 0.1961 0.2849 
 133 0.0111 0.0081 0.0194 0.0584 0.2506 0.0727 0.1208 0.1584 0.3006 
 134 0.0073 0.0041 0.0172 0.0238 0.5282 0.0783 0.0611 0.1570 0.1230 
 135 0.0103 0.0062 0.0193 0.0860 0.0668 0.1977 0.3386 0.0911 0.1841 
 136 0.0068 0.0058 0.0145 0.0305 0.0554 0.1197 0.5135 0.1387 0.1152 
 137 0.0144 0.0051 0.0148 0.0282 0.0884 0.1818 0.4778 0.0996 0.0898 
 138 0.0047 0.0047 0.0186 0.0361 0.0599 0.1329 0.5511 0.0979 0.0941 
 139 0.0061 0.0044 0.0165 0.0471 0.0626 0.1569 0.2428 0.1212 0.3424 
 140 0.0059 0.0049 0.0197 0.0506 0.0958 0.2191 0.3040 0.1327 0.1671 
 141 0.0072 0.0059 0.0197 0.0324 0.0607 0.1424 0.4196 0.1745 0.1376 
 142 0.0105 0.0056 0.0178 0.0977 0.0642 0.1744 0.3278 0.0914 0.2107 
 143 0.0044 0.0043 0.0129 0.0299 0.0536 0.1472 0.5693 0.0848 0.0936 
 144 0.0141 0.0051 0.0143 0.0320 0.0879 0.1636 0.4994 0.0914 0.0922 
 145 0.0077 0.0066 0.0183 0.0409 0.0596 0.2090 0.3215 0.1777 0.1586 
 146 0.0057 0.0071 0.0192 0.0325 0.1019 0.2248 0.3170 0.1600 0.1318 
 147 0.0048 0.0048 0.0133 0.0266 0.0544 0.1311 0.5868 0.0926 0.0856 
 148 0.0094 0.0055 0.0137 0.0598 0.0795 0.1064 0.3899 0.1631 0.1727 
 149 0.0081 0.0059 0.0188 0.0488 0.0575 0.2319 0.4031 0.0996 0.1261 
 150 0.0155 0.0059 0.0134 0.0341 0.1141 0.1498 0.3932 0.1255 0.1485 
 151 0.0048 0.0051 0.0130 0.0320 0.0711 0.1436 0.4969 0.1060 0.1274 
 152 0.0083 0.0057 0.0254 0.1120 0.0678 0.0927 0.3776 0.1693 0.1412 
 153 0.0051 0.0046 0.0182 0.0506 0.0750 0.1934 0.4412 0.1143 0.0974 
 154 0.0092 0.0069 0.0147 0.0606 0.0554 0.1197 0.4414 0.1377 0.1545 
 155 0.0043 0.0048 0.0123 0.0301 0.0707 0.0835 0.5738 0.1025 0.1179 
 156 0.0066 0.0043 0.0126 0.0898 0.0780 0.1242 0.4575 0.0914 0.1356 
 157 0.0046 0.0046 0.0159 0.0261 0.1283 0.1058 0.4813 0.1331 0.1003 
 158 0.0079 0.0064 0.0204 0.0361 0.0607 0.2245 0.3501 0.1685 0.1253 
 159 0.0059 0.0055 0.0140 0.0244 0.0549 0.1184 0.5809 0.0925 0.1035 
 160 0.0062 0.0063 0.0142 0.0253 0.0551 0.1023 0.5762 0.0928 0.1216 
 161 0.0051 0.0046 0.0174 0.0307 0.0723 0.3685 0.2620 0.1219 0.1174 
 162 0.0058 0.0085 0.0179 0.0375 0.0979 0.1645 0.3219 0.1670 0.1790 
 163 0.0045 0.0044 0.0123 0.0483 0.0697 0.1060 0.5617 0.0944 0.0987 
 164 0.0058 0.0088 0.0162 0.0372 0.0892 0.1131 0.3629 0.1340 0.2329 
 165 0.0152 0.0056 0.0143 0.0339 0.1182 0.1447 0.4361 0.1121 0.1198 
 166 0.0053 0.0056 0.0392 0.0721 0.1122 0.1043 0.3816 0.1441 0.1356 
 167 0.0075 0.0131 0.0164 0.0402 0.0723 0.0813 0.4898 0.1641 0.1154 
 168 0.0048 0.0053 0.0463 0.0535 0.0681 0.1451 0.4422 0.1303 0.1045 
 169 0.0078 0.0070 0.0516 0.0313 0.0599 0.3064 0.2581 0.1664 0.1115 
 170 0.0052 0.0045 0.0132 0.0566 0.0685 0.2980 0.2940 0.1015 0.1585 
 171 0.0049 0.0052 0.0319 0.0621 0.0661 0.1030 0.3818 0.1703 0.1747 
 172 0.0076 0.0052 0.0345 0.0472 0.0550 0.3951 0.2508 0.0933 0.1114 
 173 0.0055 0.0050 0.0125 0.0281 0.0536 0.0921 0.5592 0.0935 0.1505 
 174 0.0046 0.0051 0.0138 0.0238 0.0726 0.1092 0.5353 0.1159 0.1196 
 175 0.0054 0.0055 0.0128 0.0412 0.0537 0.1837 0.4606 0.1356 0.1014 
 176 0.0146 0.0052 0.0144 0.0315 0.0877 0.1630 0.4992 0.0922 0.0924 
 177 0.0052 0.0052 0.0231 0.0301 0.1391 0.1512 0.3817 0.1550 0.1095 
 178 0.0050 0.0052 0.0134 0.0262 0.0704 0.0922 0.4723 0.1835 0.1318 
 179 0.0044 0.0048 0.0124 0.0255 0.0537 0.0934 0.6025 0.0941 0.1092 
 180 0.0066 0.0079 0.0192 0.0399 0.0803 0.2490 0.3499 0.1335 0.1136 
 181 0.0066 0.0060 0.0174 0.0406 0.0589 0.2449 0.3407 0.1082 0.1767 
 182 0.0063 0.0060 0.0139 0.0477 0.0557 0.1341 0.4620 0.0873 0.1870 
 183 0.0046 0.0050 0.0125 0.0310 0.0538 0.1294 0.5486 0.0962 0.1188 
 184 0.0056 0.0063 0.0168 0.0306 0.0685 0.0818 0.1011 0.1821 0.5071 
 185 0.0068 0.0042 0.0117 0.1233 0.0497 0.1172 0.5144 0.0769 0.0958 
 186 0.0047 0.0055 0.0121 0.0323 0.0969 0.0920 0.0968 0.1946 0.4653 
 187 0.0045 0.0044 0.0140 0.0377 0.0706 0.0854 0.3026 0.1229 0.3578 
 188 0.0052 0.0056 0.0115 0.0327 0.0786 0.0748 0.0786 0.1689 0.5440 
 189 0.0047 0.0048 0.0478 0.0601 0.0718 0.1512 0.2639 0.2230 0.1727 
 190 0.0072 0.0042 0.0111 0.2278 0.0525 0.1142 0.2540 0.0738 0.2551 
 191 0.0060 0.0040 0.0118 0.0286 0.0617 0.0724 0.1480 0.1183 0.5493 
 192 0.0046 0.0041 0.0133 0.0263 0.0860 0.1096 0.2517 0.1520 0.3524 
 193 0.0066 0.0046 0.0147 0.0433 0.0736 0.1357 0.2271 0.1644 0.3299 
 194 0.0049 0.0047 0.0139 0.0588 0.0825 0.1804 0.2054 0.1305 0.3188 
 195 0.0055 0.0045 0.0114 0.0755 0.0517 0.1300 0.3291 0.0833 0.3090 
 196 0.0068 0.0041 0.0150 0.0816 0.0706 0.1035 0.2296 0.0980 0.3907 
 197 0.0053 0.0062 0.0138 0.0496 0.1057 0.1082 0.2219 0.2393 0.2502 
 198 0.0047 0.0043 0.0183 0.0594 0.1009 0.1377 0.1907 0.2299 0.2541 
 199 0.0067 0.0047 0.0193 0.1022 0.0728 0.2276 0.1601 0.0952 0.3115 
 200 0.0090 0.0043 0.0247 0.0968 0.0656 0.0888 0.2165 0.1494 0.3449 
 201 0.0045 0.0044 0.0113 0.0428 0.0573 0.0950 0.4193 0.1004 0.2650 
 202 0.0054 0.0041 0.0113 0.0846 0.0708 0.2289 0.3276 0.0832 0.1840 
 203 0.0068 0.0043 0.0117 0.0331 0.0552 0.0802 0.4015 0.0898 0.3175 
 204 0.0060 0.0042 0.0112 0.0643 0.0548 0.1095 0.1938 0.0817 0.4743 
 205 0.0054 0.0043 0.0180 0.0704 0.0675 0.0974 0.1651 0.1081 0.4638 
 206 0.0053 0.0048 0.0110 0.0433 0.0540 0.0993 0.1946 0.0931 0.4946 
 207 0.0067 0.0041 0.0111 0.0514 0.0672 0.1240 0.1181 0.0889 0.5285 
 208 0.0054 0.0043 0.0116 0.0505 0.0617 0.0753 0.2966 0.0970 0.3976 
 209 0.0066 0.0042 0.0119 0.0414 0.0666 0.1069 0.1856 0.1277 0.4491 
 210 0.0050 0.0040 0.0112 0.0372 0.0635 0.0859 0.2093 0.1022 0.4817 
 211 0.0118 0.0053 0.0115 0.1036 0.0908 0.1317 0.2125 0.0947 0.3380 
 212 0.0050 0.0040 0.0123 0.0665 0.0543 0.1848 0.3892 0.1208 0.1631 
 213 0.0061 0.0044 0.0164 0.0839 0.1152 0.2278 0.1344 0.1131 0.2986 
 214 0.0060 0.0042 0.0113 0.0403 0.0575 0.1323 0.4025 0.1001 0.2458 
 215 0.0063 0.0040 0.0167 0.0463 0.0712 0.0626 0.1351 0.1033 0.5547 
 216 0.0057 0.0062 0.0160 0.0373 0.0756 0.1117 0.1282 0.2274 0.3918 
 217 0.0049 0.0043 0.0167 0.0468 0.0563 0.1297 0.3624 0.1033 0.2756 
 218 0.0051 0.0043 0.0162 0.0309 0.0728 0.0823 0.1804 0.1067 0.5014 
 219 0.0048 0.0082 0.0242 0.0376 0.0677 0.1195 0.2659 0.2083 0.2638 
 220 0.0056 0.0042 0.0113 0.0353 0.0594 0.0712 0.1458 0.0914 0.5758 
 221 0.0060 0.0042 0.0112 0.0794 0.0503 0.2825 0.3428 0.0812 0.1424 
 222 0.0049 0.0066 0.0158 0.0365 0.0759 0.1417 0.1737 0.2530 0.2918 
 223 0.0045 0.0045 0.0173 0.0423 0.0755 0.1043 0.3518 0.1481 0.2516 
 224 0.0056 0.0049 0.0113 0.0350 0.0550 0.1161 0.2998 0.0957 0.3767 
 225 0.0053 0.0043 0.0136 0.0676 0.0629 0.1145 0.1992 0.1046 0.4279 
 226 0.0067 0.0059 0.1039 0.0355 0.0734 0.0956 0.1964 0.1503 0.3322 
 227 0.0054 0.0047 0.0114 0.1286 0.0737 0.1660 0.2397 0.0835 0.2871 
 228 0.0084 0.0048 0.0117 0.1770 0.0498 0.1172 0.3100 0.0783 0.2428 
 229 0.0053 0.0045 0.0112 0.0260 0.0601 0.1092 0.3226 0.1008 0.3604 
 230 0.0061 0.0042 0.0113 0.0270 0.0580 0.0982 0.2627 0.0931 0.4394 
 231 0.0057 0.0044 0.0119 0.0291 0.0568 0.0942 0.3055 0.1326 0.3597 
 232 0.0059 0.0048 0.0188 0.0467 0.0916 0.3028 0.1785 0.1133 0.2377 
 233 0.0053 0.0043 0.0112 0.0310 0.0569 0.0922 0.4677 0.1016 0.2298 
 234 0.0048 0.0039 0.0139 0.0305 0.0776 0.0894 0.2331 0.2017 0.3451 
 235 0.0049 0.0048 0.0209 0.0503 0.0724 0.1496 0.2790 0.1280 0.2903 
 236 0.0052 0.0042 0.0135 0.0317 0.0648 0.0994 0.3448 0.1298 0.3066 
 237 0.0071 0.0042 0.0121 0.0684 0.0628 0.1142 0.1410 0.1006 0.4895 
 238 0.0050 0.0041 0.0114 0.0377 0.0717 0.1466 0.3693 0.1210 0.2332 
 239 0.0055 0.0044 0.0114 0.0766 0.0523 0.1310 0.3285 0.0839 0.3064 
 240 0.0049 0.0040 0.0113 0.0375 0.0708 0.1484 0.3699 0.1211 0.2321 
 241 0.0058 0.0054 0.0147 0.0535 0.0608 0.1879 0.3461 0.0994 0.2265 
 242 0.0057 0.0053 0.0263 0.0547 0.0645 0.1214 0.2261 0.1578 0.3383 
 243 0.0075 0.0040 0.0113 0.1020 0.0572 0.0964 0.2418 0.0836 0.3962 
 244 0.0063 0.0042 0.0114 0.0309 0.0545 0.0956 0.3319 0.0932 0.3721 
 245 0.0043 0.0041 0.0112 0.0521 0.0662 0.1422 0.4660 0.1001 0.1537 
 246 0.0051 0.0043 0.0171 0.0476 0.0562 0.1313 0.3613 0.1029 0.2741 
 247 0.0050 0.0038 0.0202 0.0438 0.1544 0.1200 0.0901 0.1787 0.3841 
 248 0.0053 0.0039 0.0127 0.0470 0.0760 0.0746 0.1014 0.1090 0.5701 
 249 0.0060 0.0043 0.0113 0.0352 0.0610 0.1412 0.3123 0.0996 0.3292 
 250 0.0053 0.0043 0.0132 0.0277 0.0684 0.1021 0.2678 0.1244 0.3867 
 251 0.0079 0.0047 0.0425 0.0515 0.0841 0.0782 0.1712 0.2088 0.3512 
 252 0.0045 0.0046 0.0140 0.0634 0.0669 0.1399 0.2615 0.1153 0.3299 
 253 0.0050 0.0045 0.0255 0.0662 0.1091 0.1706 0.1257 0.1425 0.3510 
 254 0.0048 0.0065 0.0133 0.0419 0.0674 0.1089 0.1982 0.2078 0.3513 
 255 0.0055 0.0045 0.0120 0.0384 0.0714 0.1261 0.2393 0.1486 0.3541 
 256 0.0059 0.0046 0.0136 0.0517 0.0628 0.1595 0.2702 0.1115 0.3203 
 257 0.0084 0.0077 0.0154 0.0493 0.0773 0.1017 0.1988 0.1203 0.4211 
 258 0.0061 0.0039 0.0144 0.1163 0.0911 0.0882 0.1772 0.1544 0.3484 
 259 0.0054 0.0045 0.0130 0.0324 0.0653 0.1120 0.1714 0.1142 0.4817 
 260 0.0047 0.0064 0.0135 0.0300 0.0700 0.1228 0.3004 0.2275 0.2247 
 261 0.0046 0.0044 0.0144 0.0832 0.0615 0.1377 0.3340 0.1139 0.2463 
 262 0.0059 0.0045 0.0159 0.1073 0.0511 0.1562 0.3198 0.0827 0.2566 
 263 0.0062 0.0062 0.0111 0.0390 0.0580 0.0818 0.1280 0.1410 0.5286 
 264 0.0059 0.0078 0.0159 0.0395 0.0794 0.0880 0.0827 0.3607 0.3201 
 265 0.0045 0.0046 0.0196 0.0398 0.0706 0.0862 0.2564 0.1357 0.3827 
 266 0.0058 0.0043 0.0113 0.0733 0.0514 0.1760 0.4331 0.0816 0.1634 
 267 0.0062 0.0045 0.0118 0.0463 0.0740 0.1540 0.2306 0.1334 0.3392 
 268 0.0066 0.0040 0.0151 0.0836 0.0694 0.1026 0.2300 0.0974 0.3912 
 269 0.0047 0.0046 0.0323 0.0366 0.0696 0.0886 0.2732 0.2287 0.2616 
 270 0.0058 0.0060 0.0128 0.0363 0.0767 0.0976 0.1311 0.1917 0.4420 
 271 0.0067 0.0045 0.0177 0.0609 0.0849 0.0795 0.1644 0.1277 0.4538 
 272 0.0086 0.0054 0.1009 0.0540 0.0798 0.0802 0.1707 0.1272 0.3731 
 273 0.0200 0.0243 0.0299 0.0435 0.1016 0.1129 0.2319 0.1628 0.2730 
 274 0.0054 0.0050 0.0249 0.0362 0.0799 0.0907 0.1845 0.1503 0.4232 
 275 0.0098 0.0080 0.0333 0.0386 0.0659 0.0872 0.2080 0.1442 0.4049 
 276 0.0086 0.0057 0.0735 0.0570 0.0846 0.1516 0.1281 0.1148 0.3760 
 277 0.0043 0.0046 0.0168 0.0368 0.0741 0.1263 0.2859 0.1581 0.2930 
 278 0.0066 0.0041 0.0178 0.0612 0.0683 0.0639 0.1662 0.1037 0.5082 
 279 0.0054 0.0046 0.0166 0.0368 0.0717 0.1077 0.2249 0.1418 0.3906 
 280 0.0048 0.0046 0.0287 0.0427 0.0690 0.1692 0.1906 0.1524 0.3380 
 281 0.0053 0.0047 0.0157 0.0409 0.0954 0.0976 0.1855 0.1332 0.4217 
 282 0.0045 0.0043 0.0141 0.0289 0.0678 0.1048 0.4093 0.1452 0.2211 
 283 0.0050 0.0044 0.0114 0.0345 0.0666 0.1194 0.4342 0.1029 0.2216 
 284 0.0064 0.0040 0.0141 0.0409 0.0889 0.0997 0.2747 0.1464 0.3249 
 285 0.0067 0.0040 0.0191 0.0628 0.0816 0.0985 0.0756 0.1208 0.5308 
 286 0.0063 0.0044 0.0112 0.0312 0.0553 0.0974 0.3320 0.0937 0.3686 
 287 0.0044 0.0051 0.0249 0.0356 0.0984 0.1097 0.2416 0.1540 0.3263 
 288 0.0065 0.0054 0.0680 0.0330 0.0686 0.0770 0.1593 0.1222 0.4599 
 289 0.0088 0.0070 0.0410 0.0529 0.0910 0.0717 0.1394 0.1347 0.4534 
 290 0.0113 0.0071 0.0152 0.0615 0.0706 0.2068 0.1327 0.1819 0.3129 
 291 0.0066 0.0044 0.0173 0.0613 0.0850 0.0803 0.1635 0.1283 0.4532 
 292 0.0049 0.0045 0.0301 0.0817 0.0648 0.2318 0.2071 0.1276 0.2475 
 293 0.0084 0.0054 0.0158 0.0816 0.0797 0.1599 0.1175 0.2613 0.2705 
 294 0.0064 0.0068 0.0148 0.0585 0.0597 0.1122 0.1098 0.1337 0.4981 
 295 0.0108 0.0058 0.0538 0.0788 0.0907 0.1396 0.1599 0.1346 0.3260 
 296 0.0065 0.0043 0.0158 0.0426 0.0759 0.0705 0.1574 0.0938 0.5332 
 297 0.0049 0.0047 0.0272 0.0342 0.0732 0.1699 0.1398 0.1528 0.3934 
 298 0.0045 0.0044 0.0139 0.0261 0.0741 0.1141 0.3275 0.1424 0.2929 
 299 0.0052 0.0073 0.0113 0.0317 0.0621 0.1048 0.1415 0.1589 0.4772 
 300 0.0064 0.0043 0.0157 0.0384 0.0622 0.1314 0.0966 0.1045 0.5406 
 301 0.0059 0.0061 0.0192 0.0323 0.0656 0.0912 0.1313 0.2108 0.4375 
 302 0.0095 0.0070 0.0156 0.0919 0.0595 0.0998 0.1247 0.1322 0.4598 
 303 0.0058 0.0046 0.0153 0.0341 0.0612 0.2001 0.2605 0.1140 0.3043 
 304 0.0055 0.0066 0.0118 0.0255 0.0943 0.1382 0.3342 0.2365 0.1474 
 305 0.0066 0.0045 0.0158 0.0607 0.0520 0.1199 0.2557 0.0886 0.3961 
 306 0.0048 0.0049 0.0208 0.0410 0.0637 0.1696 0.3344 0.1212 0.2395 
 307 0.0057 0.0050 0.0166 0.0353 0.0713 0.1388 0.2197 0.1435 0.3641 
 308 0.0045 0.0042 0.0146 0.0836 0.0612 0.1374 0.3347 0.1134 0.2464 
 309 0.0276 0.0153 0.0210 0.0515 0.0827 0.0718 0.1466 0.1064 0.4772 
 310 0.0059 0.0042 0.0110 0.0604 0.0549 0.1199 0.2836 0.0930 0.3671 
 311 0.0061 0.0043 0.0115 0.0271 0.0579 0.0991 0.2621 0.0926 0.4393 
 312 0.0062 0.0040 0.0110 0.0424 0.0679 0.0724 0.1458 0.0911 0.5592 
 313 0.0062 0.0041 0.0130 0.1240 0.0623 0.0885 0.0994 0.0908 0.5117 
 314 0.0060 0.0046 0.0163 0.0525 0.0525 0.1369 0.5599 0.0836 0.0877 
 315 0.0047 0.0042 0.0276 0.0687 0.0601 0.1091 0.5259 0.1135 0.0861 
 316 0.0066 0.0070 0.0441 0.0429 0.0666 0.0935 0.5165 0.1328 0.0900 
 317 0.0061 0.0047 0.0175 0.0296 0.0544 0.1097 0.6048 0.0885 0.0847 
 318 0.0054 0.0049 0.0177 0.0231 0.0548 0.0880 0.6297 0.0947 0.0815 
 319 0.0046 0.0048 0.0129 0.0299 0.0533 0.1231 0.5896 0.0858 0.0960 
 320 0.0063 0.0044 0.0163 0.0529 0.0528 0.1365 0.5583 0.0849 0.0876 
 321 0.0060 0.0050 0.0181 0.0269 0.0551 0.1176 0.5929 0.0944 0.0839 
 322 0.0070 0.0070 0.0417 0.0656 0.0653 0.1186 0.4795 0.1197 0.0956 
 323 0.0048 0.0126 0.0145 0.0247 0.0554 0.0947 0.6139 0.0929 0.0866 
 324 0.0064 0.0051 0.0185 0.0271 0.0549 0.1169 0.5926 0.0952 0.0834 
 325 0.0058 0.0050 0.0464 0.0367 0.0634 0.0824 0.5499 0.1263 0.0839 
 326 0.0122 0.0130 0.0735 0.0414 0.0657 0.0883 0.5001 0.1210 0.0847 
 327 0.0058 0.0049 0.0170 0.0301 0.0540 0.1099 0.6055 0.0885 0.0842 
 328 0.0050 0.0046 0.0313 0.0472 0.0629 0.1255 0.5031 0.1229 0.0974 
 329 0.0042 0.0044 0.0136 0.0229 0.0539 0.1089 0.6206 0.0910 0.0805 
 330 0.0060 0.0050 0.0173 0.0293 0.0544 0.1110 0.6033 0.0886 0.0851 
 331 0.0043 0.0046 0.0132 0.0227 0.0538 0.0952 0.6253 0.0919 0.0890 
 332 0.0077 0.0188 0.0564 0.0393 0.0652 0.0851 0.5160 0.1287 0.0829 
 333 0.0081 0.0120 0.0465 0.0446 0.0656 0.0975 0.5122 0.1197 0.0938 
 334 0.0052 0.0045 0.0307 0.0482 0.0625 0.1251 0.5045 0.1234 0.0959 
 335 0.0048 0.0044 0.0293 0.0541 0.0619 0.1138 0.5311 0.1130 0.0876 
 336 0.0076 0.0169 0.0196 0.0418 0.0550 0.1155 0.5678 0.0933 0.0826 
 337 0.0068 0.0050 0.0465 0.0464 0.0634 0.1102 0.5069 0.1272 0.0876 
 338 0.0063 0.0058 0.0187 0.0227 0.0559 0.0931 0.6201 0.0957 0.0816 
 339 0.0044 0.0047 0.0130 0.0233 0.0541 0.0960 0.6251 0.0915 0.0879 
 340 0.0044 0.0045 0.0130 0.0251 0.0532 0.0897 0.6353 0.0855 0.0894 
 341 0.0077 0.0131 0.0188 0.0271 0.0571 0.1069 0.5845 0.0914 0.0934 
 342 0.0063 0.0048 0.0176 0.0296 0.0545 0.1095 0.6039 0.0891 0.0847 
 343 0.0058 0.0114 0.0284 0.0975 0.0608 0.1460 0.4518 0.1135 0.0848 
 344 0.0044 0.0047 0.0133 0.0227 0.0538 0.0945 0.6336 0.0923 0.0809 
 345 0.0059 0.0048 0.0173 0.0293 0.0543 0.1103 0.6045 0.0882 0.0853 
 346 0.0053 0.0050 0.0170 0.0249 0.0544 0.0822 0.6404 0.0883 0.0825 
 347 0.0043 0.0043 0.0128 0.0246 0.0532 0.0890 0.6437 0.0859 0.0822 
 348 0.0050 0.0041 0.0243 0.1053 0.0589 0.1345 0.4747 0.1030 0.0902 
 349 0.0060 0.0052 0.0173 0.0300 0.0542 0.1089 0.6041 0.0890 0.0854 
 350 0.0043 0.0045 0.0126 0.0387 0.0523 0.1236 0.5819 0.0871 0.0949 
 351 0.0050 0.0045 0.0292 0.0546 0.0620 0.1137 0.5305 0.1129 0.0877 
 352 0.0063 0.0049 0.0434 0.0532 0.0629 0.1042 0.5210 0.1152 0.0887 
 353 0.0079 0.0172 0.0196 0.0412 0.0555 0.1139 0.5689 0.0928 0.0830 
 354 0.0061 0.0070 0.0151 0.0249 0.0555 0.1042 0.6061 0.0951 0.0860 
 355 0.0054 0.0048 0.0178 0.0229 0.0545 0.0881 0.6308 0.0943 0.0813 
 356 0.0047 0.0040 0.0236 0.1022 0.0588 0.1690 0.4453 0.1028 0.0896 
 357 0.0046 0.0044 0.0420 0.0389 0.0686 0.0849 0.3900 0.2631 0.1036 
 358 0.0051 0.0051 0.0335 0.0373 0.0637 0.0942 0.5499 0.1266 0.0845 
 359 0.0048 0.0052 0.0139 0.0231 0.0544 0.1003 0.6153 0.0934 0.0895 
 360 0.0054 0.0049 0.0171 0.0248 0.0545 0.0828 0.6393 0.0888 0.0824 
 361 0.0055 0.0044 0.0427 0.0526 0.0693 0.1221 0.3348 0.2585 0.1101 
 362 0.0067 0.0051 0.0563 0.0374 0.1296 0.1228 0.1163 0.2530 0.2728 
 363 0.0076 0.0069 0.0289 0.0391 0.1829 0.1147 0.0874 0.3249 0.2074 
 364 0.0101 0.0189 0.0206 0.0465 0.0967 0.1727 0.2271 0.2492 0.1584 
 365 0.0153 0.0144 0.0434 0.0334 0.1109 0.1560 0.0982 0.3647 0.1637 
 366 0.0088 0.0056 0.0359 0.1016 0.0700 0.1675 0.1438 0.2675 0.1993 
 367 0.0051 0.0047 0.0366 0.0263 0.4317 0.0885 0.0732 0.2235 0.1104 
 368 0.0050 0.0049 0.0185 0.0297 0.1543 0.1062 0.1112 0.2138 0.3564 
 369 0.0112 0.0069 0.0200 0.0915 0.0714 0.2636 0.1515 0.2402 0.1436 
 370 0.0134 0.0126 0.0234 0.0374 0.1733 0.1098 0.1193 0.1917 0.3191 
 371 0.0110 0.0102 0.0182 0.0440 0.0787 0.1474 0.1371 0.3102 0.2431 
 372 0.0287 0.0357 0.0258 0.0422 0.1263 0.1049 0.1287 0.1226 0.3852 
 373 0.0063 0.0058 0.0191 0.0341 0.2513 0.1733 0.1452 0.2052 0.1596 
 374 0.0133 0.0068 0.0472 0.0356 0.1119 0.1451 0.2215 0.2565 0.1621 
 375 0.0090 0.0152 0.0213 0.0275 0.1518 0.1006 0.0856 0.3983 0.1905 
 376 0.0080 0.0981 0.0317 0.0282 0.1318 0.1157 0.0798 0.4140 0.0929 
 377 0.0079 0.0072 0.0475 0.0507 0.1068 0.0967 0.1214 0.2366 0.3253 
 378 0.0071 0.0049 0.0179 0.0385 0.3404 0.0865 0.2378 0.1245 0.1424 
 379 0.0135 0.1695 0.0324 0.0314 0.1458 0.1021 0.0723 0.3269 0.1061 
 380 0.0080 0.0098 0.0684 0.0394 0.0663 0.3807 0.1312 0.1668 0.1294 
 381 0.0076 0.0092 0.0211 0.0595 0.0613 0.3154 0.1186 0.3115 0.0958 
 382 0.0050 0.0043 0.0192 0.0253 0.1186 0.0773 0.1031 0.5121 0.1351 
 383 0.0124 0.0195 0.1406 0.0284 0.0660 0.1704 0.1869 0.2107 0.1652 
 384 0.0211 0.0600 0.0303 0.0309 0.1190 0.1389 0.1593 0.3156 0.1248 
 385 0.1294 0.0079 0.0179 0.0276 0.1208 0.1085 0.2139 0.2184 0.1557 
 386 0.0050 0.0040 0.0279 0.0307 0.1801 0.1101 0.0891 0.4014 0.1516 
 387 0.0054 0.0046 0.0220 0.0349 0.1796 0.1088 0.1142 0.4023 0.1281 
 388 0.0194 0.0146 0.0254 0.0286 0.1240 0.1170 0.2266 0.2713 0.1731 
 389 0.0298 0.0093 0.0176 0.0894 0.0931 0.1029 0.1004 0.1416 0.4160 
 390 0.0169 0.0176 0.0510 0.0765 0.2597 0.1764 0.0807 0.2098 0.1114 
 391 0.0295 0.0135 0.0316 0.0640 0.2063 0.1728 0.1206 0.1746 0.1872 
 392 0.0051 0.0076 0.0218 0.0387 0.1671 0.1428 0.1681 0.2911 0.1576 
 393 0.0073 0.0069 0.0789 0.0530 0.0861 0.3896 0.1150 0.1631 0.1000 
 394 0.0047 0.0046 0.0396 0.0422 0.1975 0.0934 0.2665 0.2026 0.1487 
 395 0.0051 0.0041 0.0644 0.0528 0.1419 0.1753 0.1006 0.1724 0.2834 
 396 0.0047 0.0051 0.0151 0.0261 0.1851 0.0921 0.0739 0.4100 0.1880 
 397 0.0054 0.0710 0.0144 0.0394 0.0690 0.1485 0.1742 0.2230 0.2553 
 398 0.0056 0.0387 0.0988 0.0310 0.2760 0.1584 0.0794 0.2021 0.1100 
 399 0.0080 0.0047 0.0468 0.0430 0.3732 0.1145 0.0972 0.1563 0.1563 
 400 0.0056 0.0059 0.0193 0.0318 0.1934 0.1647 0.1078 0.3738 0.0977 
 401 0.0057 0.0042 0.0188 0.0616 0.3415 0.1594 0.1249 0.1474 0.1365 
 402 0.0063 0.0065 0.0166 0.0950 0.1826 0.1568 0.1273 0.2242 0.1846 
 403 0.0137 0.0070 0.0245 0.0360 0.1171 0.1717 0.3143 0.1568 0.1589 
 404 0.0092 0.0068 0.0165 0.0252 0.1099 0.1736 0.1193 0.3016 0.2378 
 405 0.0048 0.0044 0.0455 0.0449 0.1032 0.1619 0.1233 0.2920 0.2199 
 406 0.0051 0.0041 0.2238 0.0608 0.0682 0.2235 0.1349 0.1261 0.1535 
 407 0.0049 0.0044 0.0867 0.0246 0.1141 0.1745 0.0738 0.3774 0.1396 
 408 0.0046 0.0039 0.0135 0.1041 0.3327 0.1010 0.0692 0.1310 0.2399 
 409 0.0087 0.0087 0.0365 0.0401 0.0784 0.5004 0.1159 0.1119 0.0994 
 410 0.0083 0.0724 0.0411 0.0407 0.2111 0.1564 0.1259 0.2145 0.1296 
 411 0.0061 0.0136 0.0190 0.0796 0.1084 0.1031 0.1693 0.3912 0.1098 
 412 0.0053 0.0049 0.0191 0.0278 0.1570 0.0951 0.1033 0.2782 0.3092 
 413 0.0050 0.0044 0.0170 0.0324 0.1928 0.0846 0.2122 0.2336 0.2180 
 414 0.0082 0.0041 0.0138 0.0271 0.2082 0.0726 0.0790 0.3186 0.2683 
 415 0.0056 0.0052 0.0360 0.0629 0.1444 0.1579 0.0896 0.3594 0.1390 
 416 0.0110 0.0056 0.0198 0.0494 0.2117 0.2740 0.1063 0.2039 0.1183 
 417 0.0054 0.0053 0.1523 0.0340 0.1656 0.1246 0.0839 0.2893 0.1397 
 418 0.0049 0.0062 0.0176 0.0244 0.3034 0.0926 0.0856 0.3016 0.1637 
 419 0.0161 0.0105 0.0269 0.0376 0.1408 0.2390 0.1751 0.2044 0.1495 
 420 0.0054 0.0039 0.0174 0.0994 0.3202 0.1951 0.0784 0.1512 0.1289 
 421 0.0058 0.0061 0.0580 0.0324 0.2294 0.1537 0.0859 0.2098 0.2189 
 422 0.0059 0.0055 0.0640 0.0482 0.0974 0.2280 0.0926 0.1378 0.3206 
 423 0.0055 0.0069 0.0387 0.0414 0.1278 0.0938 0.1280 0.3504 0.2076 
 424 0.0144 0.0070 0.0527 0.1232 0.2514 0.1165 0.1189 0.1925 0.1233 
 425 0.0269 0.0182 0.0226 0.0347 0.1137 0.1220 0.1555 0.3297 0.1768 
 426 0.0224 0.0292 0.0642 0.0472 0.2302 0.1037 0.1477 0.2108 0.1445 
 427 0.0053 0.0047 0.1117 0.0276 0.2059 0.1447 0.1680 0.2403 0.0918 
 428 0.0060 0.0159 0.1349 0.0524 0.0915 0.2310 0.1605 0.1434 0.1643 
 429 0.0048 0.0053 0.0290 0.0251 0.2331 0.0868 0.0726 0.4254 0.1178 
 430 0.0055 0.0049 0.1177 0.0339 0.1264 0.2440 0.0816 0.2263 0.1599 
 431 0.0110 0.0091 0.0341 0.0352 0.2107 0.0903 0.1523 0.2214 0.2360 
 432 0.0050 0.0049 0.0181 0.0329 0.1833 0.1188 0.1182 0.2164 0.3024 
 433 0.0056 0.0071 0.0156 0.0465 0.1000 0.1307 0.2691 0.1664 0.2590 
 434 0.0062 0.0048 0.0173 0.0379 0.0840 0.2208 0.1309 0.2855 0.2126 
 435 0.0045 0.0045 0.2042 0.0385 0.1799 0.1278 0.0781 0.2402 0.1223 
 436 0.0061 0.0069 0.2291 0.0487 0.1970 0.1424 0.0997 0.2014 0.0687 
 437 0.0045 0.0065 0.0300 0.0341 0.0869 0.0824 0.0861 0.5407 0.1288 
 438 0.0056 0.0050 0.1712 0.0751 0.1530 0.2770 0.0945 0.1280 0.0906 
 439 0.0052 0.0048 0.2105 0.0283 0.1510 0.2355 0.0897 0.1937 0.0814 
 440 0.0049 0.0039 0.2465 0.0344 0.1925 0.0827 0.0670 0.2695 0.0987 
 441 0.0055 0.0049 0.0622 0.0372 0.1258 0.2677 0.1233 0.2630 0.1103 
 442 0.0110 0.0056 0.0188 0.0419 0.1806 0.1460 0.0782 0.3750 0.1429 
 443 0.0064 0.0042 0.0450 0.1232 0.3646 0.1220 0.0726 0.1584 0.1035 
 444 0.0105 0.0054 0.0327 0.0593 0.1568 0.1294 0.0793 0.4013 0.1253 
 445 0.0059 0.0388 0.0331 0.0365 0.0794 0.4838 0.0949 0.1344 0.0933 
 446 0.0058 0.0447 0.1100 0.0252 0.3044 0.1887 0.0821 0.1648 0.0743 
 447 0.0129 0.0058 0.1699 0.0556 0.1302 0.2210 0.1149 0.1821 0.1075 
 448 0.0049 0.0045 0.0541 0.0408 0.1533 0.1413 0.0884 0.3730 0.1398 
 449 0.0049 0.0047 0.0562 0.0365 0.1199 0.1913 0.1171 0.3363 0.1330 
 450 0.0057 0.0069 0.0201 0.0217 0.1256 0.2248 0.1229 0.3823 0.0900 
 451 0.0053 0.0047 0.0297 0.0490 0.3118 0.0675 0.0683 0.2615 0.2022 
 452 0.0046 0.0053 0.0382 0.0248 0.1873 0.1796 0.1233 0.3435 0.0933 
 453 0.0064 0.0042 0.0237 0.1567 0.1496 0.2971 0.0890 0.1328 0.1406 
 454 0.0050 0.0044 0.0749 0.0384 0.1295 0.1237 0.1342 0.3629 0.1270 
 455 0.0051 0.0042 0.2227 0.0606 0.1600 0.1897 0.0747 0.2013 0.0818 
 456 0.0064 0.0054 0.0606 0.1404 0.1780 0.1172 0.0760 0.3015 0.1146 
 457 0.0046 0.0053 0.0600 0.0356 0.0982 0.1235 0.0900 0.4698 0.1130 
 458 0.0062 0.0441 0.0619 0.0256 0.1679 0.3188 0.0874 0.1924 0.0956 
 459 0.0056 0.0045 0.0692 0.0337 0.2364 0.2457 0.1150 0.2165 0.0733 
 460 0.0054 0.0044 0.0621 0.0351 0.3646 0.1438 0.0795 0.2231 0.0821 
 461 0.0052 0.0060 0.0215 0.0221 0.4012 0.1162 0.0819 0.2675 0.0784 
 462 0.0322 0.0080 0.0337 0.0552 0.1740 0.1621 0.0627 0.2874 0.1847 
 463 0.0059 0.0041 0.1692 0.1620 0.0869 0.2150 0.0901 0.1329 0.1339 
 464 0.0048 0.0040 0.0593 0.0795 0.3571 0.1311 0.0755 0.1986 0.0901 
 465 0.0057 0.0060 0.0332 0.0447 0.2703 0.2074 0.0843 0.2156 0.1329 
 466 0.0046 0.0039 0.0585 0.1361 0.2416 0.1542 0.0762 0.2012 0.1237 
 467 0.0066 0.0049 0.0444 0.0454 0.1433 0.2886 0.0975 0.2161 0.1532 
 468 0.0051 0.0050 0.2134 0.0894 0.0858 0.1169 0.0753 0.3045 0.1046 
 469 0.0054 0.0044 0.3804 0.0272 0.1020 0.1643 0.0789 0.1574 0.0800 
 470 0.0043 0.0043 0.2656 0.0332 0.2352 0.1089 0.0792 0.1784 0.0909 
 471 0.0080 0.0057 0.0255 0.0955 0.2061 0.1519 0.0867 0.2424 0.1782 
 472 0.0062 0.0053 0.0217 0.0530 0.1308 0.2757 0.0786 0.2796 0.1490 
 473 0.0048 0.0047 0.0631 0.0492 0.1012 0.1451 0.1171 0.3265 0.1884 
 474 0.0049 0.0047 0.0318 0.0435 0.1788 0.2312 0.1083 0.3016 0.0951 
 475 0.0050 0.0048 0.0323 0.0388 0.2530 0.2191 0.1205 0.2078 0.1187 
 476 0.0055 0.0062 0.0350 0.0519 0.1424 0.1724 0.0847 0.4206 0.0813 
 477 0.0083 0.0059 0.0393 0.0621 0.2735 0.1867 0.1008 0.2167 0.1069 
 478 0.0083 0.0060 0.0297 0.0365 0.5199 0.0886 0.0764 0.1445 0.0901 
 479 0.0049 0.0044 0.0765 0.0322 0.1735 0.1029 0.0783 0.4412 0.0862 
 480 0.0048 0.0053 0.0676 0.0304 0.1225 0.1068 0.0863 0.4875 0.0887 
 481 0.0068 0.0048 0.0232 0.0328 0.1353 0.1458 0.0839 0.2995 0.2679 
 482 0.0045 0.0053 0.0360 0.0252 0.2079 0.0967 0.0778 0.4605 0.0862 
 483 0.0050 0.0051 0.2477 0.0292 0.1794 0.1798 0.0936 0.1772 0.0829 
 484 0.0075 0.0049 0.2013 0.0831 0.1093 0.2345 0.0832 0.1434 0.1327 
 485 0.0048 0.0046 0.4223 0.0308 0.1508 0.1011 0.0771 0.1280 0.0805 
 486 0.0134 0.0068 0.0166 0.1046 0.1451 0.1014 0.1106 0.2151 0.2863 
 487 0.0113 0.0083 0.0176 0.0623 0.1107 0.1310 0.2006 0.2495 0.2088 
 488 0.0255 0.0075 0.0179 0.0509 0.1743 0.0818 0.1787 0.1734 0.2899 
 489 0.0077 0.0071 0.0125 0.0793 0.0671 0.1986 0.1437 0.2577 0.2262 
 490 0.0078 0.0053 0.0181 0.1031 0.2681 0.0916 0.0794 0.2475 0.1792 
 491 0.0151 0.0063 0.0139 0.0432 0.0776 0.1588 0.1623 0.1500 0.3728 
 492 0.0146 0.0046 0.0151 0.0712 0.2096 0.1539 0.2691 0.1213 0.1405 
 493 0.0209 0.0090 0.0137 0.0699 0.0976 0.0669 0.1537 0.2179 0.3504 
 494 0.0176 0.0217 0.0227 0.0488 0.0978 0.1797 0.1526 0.1975 0.2617 
 495 0.0564 0.0211 0.0158 0.0923 0.2251 0.1264 0.2008 0.1567 0.1055 
 496 0.0048 0.0049 0.0174 0.0623 0.0850 0.2242 0.2393 0.1538 0.2083 
 497 0.0373 0.0134 0.0142 0.0499 0.0753 0.0896 0.1903 0.1993 0.3309 
 498 0.0231 0.0083 0.0186 0.0882 0.1441 0.1547 0.0937 0.2419 0.2275 
 499 0.0087 0.0146 0.0165 0.0619 0.0747 0.1391 0.2661 0.1922 0.2261 
 500 0.0071 0.0107 0.0235 0.0463 0.0759 0.0838 0.1356 0.3145 0.3025 
 501 0.0066 0.0081 0.0185 0.0272 0.1108 0.1946 0.2008 0.2626 0.1709 
 502 0.0100 0.0065 0.0173 0.0255 0.2000 0.2069 0.2245 0.1585 0.1509 
 503 0.0054 0.0063 0.0230 0.0349 0.1114 0.1491 0.1048 0.3392 0.2259 
 504 0.0308 0.0068 0.0172 0.0723 0.2521 0.1396 0.1009 0.1706 0.2097 
 505 0.0083 0.0065 0.0201 0.0593 0.0979 0.1721 0.1479 0.1268 0.3611 
 506 0.0110 0.0058 0.0136 0.0355 0.1996 0.1867 0.2037 0.1343 0.2098 
 507 0.0050 0.0059 0.0136 0.0784 0.0569 0.2118 0.3712 0.0946 0.1626 
 508 0.0089 0.0108 0.0131 0.1125 0.0655 0.1594 0.3588 0.0955 0.1756 
 509 0.0066 0.0058 0.0174 0.0631 0.0904 0.1489 0.2248 0.1247 0.3184 
 510 0.0064 0.0146 0.0138 0.0391 0.0852 0.1588 0.2772 0.2467 0.1581 
 511 0.0112 0.0096 0.0536 0.0401 0.1802 0.1602 0.1076 0.2574 0.1801 
 512 0.0071 0.0060 0.0200 0.0260 0.1709 0.0896 0.0868 0.4274 0.1663 
 513 0.1949 0.0075 0.0117 0.1042 0.1236 0.0762 0.1147 0.0854 0.2818 
 514 0.0060 0.0061 0.0170 0.0401 0.2955 0.1020 0.1477 0.1631 0.2225 
 515 0.0078 0.0092 0.0506 0.0882 0.1060 0.1222 0.2231 0.2399 0.1530 
 516 0.0072 0.0072 0.0187 0.0846 0.1980 0.1541 0.1157 0.1250 0.2894 
 517 0.0055 0.0060 0.0439 0.1195 0.1411 0.1522 0.1905 0.1782 0.1630 
 518 0.0060 0.0475 0.0132 0.0304 0.0758 0.0869 0.2551 0.2706 0.2145 
 519 0.0073 0.0048 0.0193 0.0424 0.3217 0.1671 0.1308 0.1581 0.1485 
 520 0.0052 0.0058 0.1541 0.0987 0.0658 0.1725 0.2436 0.1149 0.1394 
 521 0.0061 0.0051 0.0146 0.0434 0.1294 0.0986 0.3134 0.1551 0.2344 
 522 0.0070 0.0163 0.0249 0.1837 0.0967 0.0741 0.1257 0.3317 0.1400 
 523 0.0059 0.0062 0.0292 0.2564 0.1135 0.1407 0.1872 0.1307 0.1303 
 524 0.0050 0.0062 0.1955 0.0774 0.1088 0.1044 0.1598 0.1483 0.1946 
 525 0.0057 0.0610 0.0451 0.0584 0.0738 0.1724 0.2279 0.1896 0.1660 
 526 0.0048 0.0045 0.2469 0.0989 0.0634 0.2116 0.1136 0.1042 0.1520 
 527 0.0072 0.0537 0.0151 0.0285 0.1743 0.1003 0.1289 0.3090 0.1830 
 528 0.0048 0.0041 0.0119 0.0420 0.0742 0.0903 0.4101 0.1222 0.2403 
 529 0.0096 0.0615 0.0139 0.0441 0.1049 0.1038 0.1889 0.1503 0.3230 
 530 0.0065 0.0058 0.0289 0.0623 0.1017 0.1774 0.1464 0.3260 0.1450 
 531 0.0054 0.0054 0.0393 0.0460 0.1033 0.1726 0.3323 0.1813 0.1143 
 532 0.0076 0.0149 0.0133 0.0590 0.0929 0.0840 0.3010 0.2136 0.2138 
 533 0.0061 0.0488 0.0367 0.0699 0.0885 0.1176 0.1385 0.2306 0.2633 
 534 0.0108 0.0581 0.0144 0.1592 0.1123 0.0919 0.1962 0.0890 0.2680 
 535 0.0053 0.0046 0.0377 0.1195 0.1694 0.2269 0.1122 0.1734 0.1511 
 536 0.0057 0.0053 0.0302 0.0318 0.0961 0.4128 0.1201 0.1205 0.1775 
 537 0.0064 0.0053 0.0149 0.0501 0.0825 0.4353 0.1391 0.1178 0.1485 
 538 0.0053 0.0041 0.0295 0.0664 0.0783 0.2439 0.1675 0.1531 0.2519 
 539 0.0051 0.0043 0.0112 0.0416 0.0584 0.2359 0.3732 0.1072 0.1630 
 540 0.0065 0.0054 0.0382 0.0770 0.0713 0.1651 0.1996 0.1711 0.2658 
 541 0.0098 0.0070 0.0196 0.0535 0.0912 0.2352 0.2998 0.1421 0.1418 
 542 0.0068 0.0047 0.0297 0.0501 0.0693 0.3864 0.0841 0.1203 0.2485 
 543 0.0121 0.0066 0.0335 0.1977 0.1592 0.1109 0.2062 0.1192 0.1546 
 544 0.0056 0.0039 0.0266 0.1535 0.0859 0.3108 0.1213 0.1434 0.1489 
 545 0.0080 0.0045 0.1081 0.1533 0.1124 0.2322 0.0781 0.1306 0.1728 
 546 0.0079 0.0043 0.0144 0.0533 0.0693 0.3162 0.1245 0.1225 0.2876 
 547 0.0071 0.0047 0.0342 0.2248 0.0946 0.2865 0.1337 0.1061 0.1083 
 548 0.0052 0.0044 0.0134 0.0273 0.0688 0.1025 0.2697 0.1253 0.3834 
 549 0.0052 0.0050 0.0278 0.0345 0.0692 0.5472 0.1357 0.0923 0.0830 
 550 0.0065 0.0040 0.1199 0.1153 0.1632 0.2218 0.0950 0.1504 0.1239 
 551 0.0053 0.0057 0.0202 0.0346 0.0826 0.4277 0.2178 0.1085 0.0976 
 552 0.0049 0.0046 0.0148 0.0571 0.0640 0.2852 0.1617 0.1253 0.2825 
 553 0.0107 0.0067 0.0258 0.3216 0.1003 0.1257 0.1806 0.0968 0.1316 
 554 0.0085 0.0081 0.0249 0.0632 0.0886 0.1577 0.1632 0.2639 0.2220 
 555 0.0144 0.0056 0.0209 0.0839 0.0840 0.2191 0.2553 0.1376 0.1791 
 556 0.0057 0.0047 0.0152 0.0448 0.0791 0.3064 0.1360 0.1422 0.2658 
 557 0.0060 0.0044 0.1002 0.0555 0.1549 0.2754 0.1200 0.1729 0.1105 
 558 0.0045 0.0053 0.0419 0.0240 0.2182 0.1011 0.0810 0.4480 0.0760 
 559 0.0056 0.0051 0.0146 0.0656 0.1509 0.1108 0.0972 0.1798 0.3704 
 560 0.0090 0.0043 0.0630 0.0263 0.4088 0.1287 0.0640 0.1511 0.1448 
 561 0.0071 0.0048 0.0284 0.0478 0.2191 0.1343 0.0809 0.2787 0.1989 
 562 0.0081 0.0051 0.0380 0.0701 0.2236 0.0807 0.0637 0.2587 0.2522 
 563 0.0132 0.0065 0.0234 0.0386 0.2725 0.2700 0.1352 0.1528 0.0878 
 564 0.0075 0.0073 0.0260 0.0989 0.0816 0.0778 0.1151 0.1987 0.3871 
 565 0.0048 0.0044 0.1121 0.0248 0.0939 0.1934 0.0857 0.3679 0.1129 
 566 0.0050 0.0038 0.0398 0.0337 0.3875 0.0657 0.0685 0.2841 0.1118 
 567 0.0060 0.0049 0.0224 0.0480 0.0961 0.0746 0.0807 0.1750 0.4924 
 568 0.0047 0.0045 0.0311 0.0565 0.1995 0.1483 0.1046 0.2155 0.2352 
 569 0.0055 0.0059 0.0313 0.1253 0.1089 0.0816 0.1185 0.3968 0.1263 
 570 0.0047 0.0057 0.0300 0.0287 0.1091 0.0631 0.0725 0.5685 0.1178 
 571 0.0050 0.0046 0.0387 0.0447 0.3709 0.0758 0.1036 0.1710 0.1857 
 572 0.0072 0.0039 0.0280 0.2726 0.0653 0.1334 0.1672 0.1960 0.1263 
 573 0.0062 0.0054 0.1527 0.0635 0.0811 0.0783 0.1083 0.1431 0.3614 
 574 0.0056 0.0057 0.0294 0.0497 0.0676 0.1377 0.1649 0.4121 0.1272 
 575 0.0050 0.0045 0.0217 0.0285 0.2487 0.1965 0.1353 0.1902 0.1697 
 576 0.0086 0.0049 0.0351 0.0307 0.3332 0.0672 0.0706 0.3115 0.1381 
 577 0.0058 0.0059 0.0188 0.0351 0.0816 0.1719 0.1455 0.4010 0.1344 
 578 0.0117 0.0048 0.0563 0.0446 0.2273 0.1088 0.0979 0.2736 0.1751 
 579 0.0121 0.0050 0.0272 0.0394 0.1393 0.1269 0.0894 0.3124 0.2483 
