   1 0.3176 0.2749 0.4075 
   2 0.0450 0.0411 0.9139 
   3 0.6347 0.1668 0.1985 
   4 0.0369 0.7398 0.2232 
   5 0.0512 0.0355 0.9133 
   6 0.8462 0.0329 0.1210 
   7 0.1481 0.0312 0.8207 
   8 0.2941 0.3018 0.4041 
   9 0.4909 0.1028 0.4062 
  10 0.4517 0.1073 0.4410 
  11 0.2612 0.0343 0.7046 
  12 0.0667 0.0620 0.8713 
  13 0.1083 0.0592 0.8325 
  14 0.0851 0.1276 0.7873 
  15 0.0761 0.1730 0.7510 
  16 0.6649 0.0544 0.2808 
  17 0.2524 0.0620 0.6856 
  18 0.5868 0.1468 0.2664 
  19 0.5773 0.0460 0.3767 
  20 0.1117 0.0517 0.8366 
  21 0.1686 0.3189 0.5125 
  22 0.8124 0.0592 0.1285 
  23 0.0618 0.2911 0.6472 
  24 0.4836 0.2015 0.3150 
  25 0.1069 0.0257 0.8673 
  26 0.3058 0.1346 0.5596 
  27 0.2752 0.0925 0.6323 
  28 0.1740 0.2661 0.5598 
  29 0.0843 0.0469 0.8689 
  30 0.8266 0.0499 0.1236 
  31 0.1364 0.1120 0.7516 
  32 0.1737 0.1632 0.6631 
  33 0.5999 0.1676 0.2325 
  34 0.5517 0.0460 0.4023 
  35 0.5356 0.0658 0.3986 
  36 0.7145 0.1148 0.1706 
  37 0.1148 0.2544 0.6308 
  38 0.8518 0.0264 0.1218 
  39 0.6954 0.0476 0.2570 
  40 0.1418 0.5740 0.2842 
  41 0.6591 0.0968 0.2442 
  42 0.2146 0.6663 0.1190 
  43 0.0671 0.1878 0.7451 
  44 0.4282 0.1047 0.4671 
  45 0.6668 0.0483 0.2849 
  46 0.6591 0.0366 0.3043 
  47 0.6284 0.0759 0.2957 
  48 0.4336 0.1371 0.4293 
  49 0.5442 0.0815 0.3742 
  50 0.6806 0.0919 0.2274 
  51 0.4579 0.2515 0.2906 
  52 0.7201 0.0531 0.2268 
  53 0.8418 0.0574 0.1008 
  54 0.0905 0.1016 0.8079 
  55 0.0573 0.0818 0.8609 
  56 0.5999 0.1226 0.2775 
  57 0.3105 0.1425 0.5470 
  58 0.2004 0.0984 0.7012 
  59 0.6895 0.0635 0.2470 
  60 0.1503 0.4573 0.3924 
  61 0.0370 0.2311 0.7319 
  62 0.5360 0.0570 0.4070 
  63 0.1810 0.1571 0.6620 
  64 0.8050 0.0336 0.1614 
  65 0.1396 0.0220 0.8384 
  66 0.0463 0.1926 0.7611 
  67 0.0593 0.0621 0.8786 
  68 0.6538 0.0907 0.2555 
  69 0.4629 0.1524 0.3848 
  70 0.2071 0.1427 0.6502 
  71 0.6458 0.0379 0.3163 
  72 0.7684 0.0476 0.1840 
  73 0.0900 0.0437 0.8663 
  74 0.6351 0.2283 0.1365 
  75 0.1972 0.6554 0.1475 
  76 0.1079 0.0599 0.8322 
  77 0.6863 0.0582 0.2554 
  78 0.7830 0.0574 0.1596 
  79 0.1156 0.0347 0.8497 
  80 0.0911 0.6198 0.2892 
  81 0.1286 0.3895 0.4819 
  82 0.0453 0.0961 0.8586 
  83 0.1420 0.2617 0.5963 
  84 0.1091 0.1581 0.7327 
  85 0.1425 0.3387 0.5188 
  86 0.1246 0.0463 0.8292 
  87 0.0916 0.0408 0.8675 
  88 0.0501 0.2103 0.7396 
  89 0.0562 0.3936 0.5502 
  90 0.0595 0.0373 0.9031 
  91 0.0792 0.6759 0.2448 
  92 0.0725 0.0681 0.8594 
  93 0.0327 0.8879 0.0794 
  94 0.5761 0.0371 0.3867 
  95 0.0427 0.0840 0.8734 
  96 0.0389 0.4040 0.5570 
  97 0.3387 0.4687 0.1927 
  98 0.1882 0.1453 0.6665 
  99 0.0845 0.1235 0.7920 
 100 0.0290 0.8231 0.1479 
 101 0.0526 0.0710 0.8764 
 102 0.0941 0.3648 0.5411 
 103 0.0369 0.1276 0.8355 
 104 0.0542 0.0396 0.9062 
 105 0.0331 0.0701 0.8968 
 106 0.3937 0.0183 0.5880 
 107 0.0462 0.0734 0.8805 
 108 0.1025 0.0448 0.8527 
 109 0.2163 0.0187 0.7650 
 110 0.4380 0.0224 0.5396 
 111 0.0588 0.0231 0.9181 
 112 0.2726 0.0214 0.7060 
 113 0.1364 0.0837 0.7800 
 114 0.0524 0.0488 0.8988 
 115 0.0494 0.0401 0.9105 
 116 0.2687 0.0223 0.7090 
 117 0.2754 0.0333 0.6913 
 118 0.0426 0.0288 0.9285 
 119 0.0686 0.3791 0.5523 
 120 0.0691 0.0343 0.8966 
 121 0.0740 0.0345 0.8915 
 122 0.3039 0.0251 0.6709 
 123 0.1233 0.0351 0.8416 
 124 0.5655 0.0332 0.4014 
 125 0.6793 0.0401 0.2806 
 126 0.2558 0.0504 0.6938 
 127 0.0501 0.0253 0.9246 
 128 0.0404 0.0311 0.9285 
 129 0.0321 0.0243 0.9436 
 130 0.0576 0.0480 0.8944 
 131 0.6020 0.0335 0.3645 
 132 0.1831 0.0225 0.7944 
 133 0.0607 0.0362 0.9032 
 134 0.4916 0.0148 0.4936 
 135 0.0397 0.7604 0.1999 
 136 0.0363 0.8702 0.0935 
 137 0.0341 0.8425 0.1234 
 138 0.0335 0.9098 0.0566 
 139 0.0625 0.6115 0.3260 
 140 0.1153 0.6272 0.2576 
 141 0.0588 0.8506 0.0905 
 142 0.0371 0.8212 0.1417 
 143 0.0224 0.9241 0.0535 
 144 0.0297 0.8536 0.1167 
 145 0.0877 0.7191 0.1933 
 146 0.0921 0.5632 0.3447 
 147 0.0261 0.9201 0.0538 
 148 0.0472 0.7615 0.1914 
 149 0.0370 0.8921 0.0709 
 150 0.0454 0.6404 0.3142 
 151 0.0299 0.8758 0.0943 
 152 0.0567 0.6988 0.2445 
 153 0.0489 0.8688 0.0823 
 154 0.0316 0.8654 0.1029 
 155 0.0268 0.9021 0.0711 
 156 0.0261 0.8672 0.1067 
 157 0.0577 0.7505 0.1918 
 158 0.0886 0.7560 0.1555 
 159 0.0243 0.9184 0.0573 
 160 0.0250 0.9081 0.0669 
 161 0.0659 0.7917 0.1424 
 162 0.1063 0.4527 0.4410 
 163 0.0252 0.9111 0.0637 
 164 0.0606 0.4269 0.5125 
 165 0.0392 0.7234 0.2374 
 166 0.0739 0.6407 0.2854 
 167 0.0512 0.7357 0.2130 
 168 0.0570 0.8513 0.0917 
 169 0.4533 0.4314 0.1153 
 170 0.0303 0.8546 0.1151 
 171 0.0594 0.6451 0.2955 
 172 0.1452 0.7858 0.0690 
 173 0.0246 0.9020 0.0734 
 174 0.0317 0.8853 0.0830 
 175 0.0325 0.9005 0.0670 
 176 0.0298 0.8559 0.1143 
 177 0.1314 0.5813 0.2873 
 178 0.0466 0.8349 0.1184 
 179 0.0241 0.9230 0.0529 
 180 0.0840 0.7254 0.1907 
 181 0.0475 0.8195 0.1330 
 182 0.0238 0.8462 0.1299 
 183 0.0266 0.9073 0.0661 
 184 0.1015 0.0543 0.8442 
 185 0.0200 0.9225 0.0575 
 186 0.0883 0.0423 0.8694 
 187 0.0660 0.3984 0.5356 
 188 0.0618 0.0312 0.9070 
 189 0.2444 0.3603 0.3954 
 190 0.0229 0.7589 0.2183 
 191 0.0413 0.0968 0.8619 
 192 0.0623 0.2763 0.6614 
 193 0.0731 0.2324 0.6945 
 194 0.0501 0.2521 0.6978 
 195 0.0248 0.8538 0.1215 
 196 0.0418 0.4247 0.5335 
 197 0.2083 0.1176 0.6741 
 198 0.1067 0.1290 0.7643 
 199 0.0362 0.3881 0.5758 
 200 0.0666 0.2462 0.6872 
 201 0.0319 0.8447 0.1234 
 202 0.0226 0.7982 0.1792 
 203 0.0270 0.8221 0.1509 
 204 0.0283 0.5394 0.4323 
 205 0.0539 0.1428 0.8032 
 206 0.0335 0.4472 0.5193 
 207 0.0297 0.1092 0.8611 
 208 0.0412 0.5068 0.4520 
 209 0.0489 0.1477 0.8034 
 210 0.0372 0.4567 0.5061 
 211 0.0271 0.1697 0.8032 
 212 0.0436 0.8266 0.1297 
 213 0.0690 0.1479 0.7831 
 214 0.0299 0.8405 0.1296 
 215 0.0373 0.0644 0.8983 
 216 0.1041 0.0756 0.8204 
 217 0.0422 0.8049 0.1529 
 218 0.0517 0.2064 0.7420 
 219 0.1941 0.2796 0.5264 
 220 0.0314 0.1210 0.8475 
 221 0.0205 0.9162 0.0633 
 222 0.2033 0.1339 0.6627 
 223 0.0863 0.5440 0.3697 
 224 0.0313 0.7033 0.2654 
 225 0.0438 0.3180 0.6382 
 226 0.1714 0.1934 0.6352 
 227 0.0298 0.4860 0.4842 
 228 0.0226 0.8453 0.1320 
 229 0.0390 0.6802 0.2809 
 230 0.0337 0.5549 0.4114 
 231 0.0605 0.5864 0.3531 
 232 0.0866 0.4235 0.4899 
 233 0.0277 0.8673 0.1049 
 234 0.0823 0.2059 0.7118 
 235 0.0911 0.4667 0.4422 
 236 0.0578 0.5780 0.3642 
 237 0.0309 0.1816 0.7875 
 238 0.0385 0.7818 0.1796 
 239 0.0245 0.8572 0.1183 
 240 0.0400 0.7771 0.1829 
 241 0.0303 0.8328 0.1369 
 242 0.1080 0.3554 0.5365 
 243 0.0287 0.5443 0.4270 
 244 0.0296 0.7749 0.1954 
 245 0.0260 0.8909 0.0832 
 246 0.0423 0.8058 0.1519 
 247 0.1141 0.0400 0.8459 
 248 0.0362 0.0466 0.9172 
 249 0.0366 0.6883 0.2751 
 250 0.0538 0.3579 0.5883 
 251 0.0968 0.0988 0.8044 
 252 0.0611 0.4769 0.4620 
 253 0.0602 0.0856 0.8542 
 254 0.1324 0.1726 0.6951 
 255 0.0806 0.2456 0.6738 
 256 0.0404 0.6804 0.2792 
 257 0.0391 0.1954 0.7655 
 258 0.0495 0.1022 0.8483 
 259 0.0383 0.1446 0.8171 
 260 0.1490 0.3394 0.5116 
 261 0.0556 0.6909 0.2535 
 262 0.0270 0.8592 0.1137 
 263 0.0488 0.1449 0.8064 
 264 0.6473 0.0316 0.3211 
 265 0.0986 0.2690 0.6324 
 266 0.0211 0.9079 0.0710 
 267 0.0509 0.2883 0.6608 
 268 0.0415 0.4254 0.5332 
 269 0.1965 0.2930 0.5105 
 270 0.0838 0.0850 0.8312 
 271 0.0414 0.0846 0.8739 
 272 0.1090 0.1193 0.7717 
 273 0.1111 0.5487 0.3403 
 274 0.0815 0.1380 0.7805 
 275 0.1120 0.2931 0.5948 
 276 0.0885 0.1009 0.8106 
 277 0.0930 0.4516 0.4554 
 278 0.0405 0.1044 0.8551 
 279 0.0628 0.2977 0.6395 
 280 0.2110 0.2801 0.5089 
 281 0.0541 0.1417 0.8042 
 282 0.0723 0.6730 0.2547 
 283 0.0370 0.8060 0.1570 
 284 0.0542 0.2898 0.6560 
 285 0.0630 0.0312 0.9058 
 286 0.0297 0.7747 0.1956 
 287 0.1231 0.2375 0.6394 
 288 0.1159 0.1231 0.7610 
 289 0.1065 0.1613 0.7321 
 290 0.3594 0.1953 0.4453 
 291 0.0405 0.0874 0.8721 
 292 0.1601 0.4776 0.3623 
 293 0.5593 0.0862 0.3545 
 294 0.0579 0.1313 0.8108 
 295 0.0928 0.1950 0.7122 
 296 0.0362 0.1253 0.8385 
 297 0.2445 0.1337 0.6218 
 298 0.0771 0.4880 0.4349 
 299 0.0754 0.1220 0.8026 
 300 0.0580 0.1257 0.8163 
 301 0.1355 0.0875 0.7770 
 302 0.0527 0.1347 0.8126 
 303 0.0579 0.7247 0.2174 
 304 0.1963 0.4169 0.3869 
 305 0.0310 0.7652 0.2037 
 306 0.0566 0.7722 0.1712 
 307 0.0513 0.2452 0.7036 
 308 0.0565 0.6882 0.2554 
 309 0.0533 0.1480 0.7986 
 310 0.0310 0.7308 0.2382 
 311 0.0339 0.5538 0.4123 
 312 0.0287 0.1277 0.8436 
 313 0.0276 0.0689 0.9036 
 314 0.0235 0.9296 0.0469 
 315 0.0304 0.9109 0.0587 
 316 0.0342 0.9052 0.0606 
 317 0.0247 0.9282 0.0471 
 318 0.0248 0.9291 0.0461 
 319 0.0233 0.9209 0.0557 
 320 0.0236 0.9301 0.0463 
 321 0.0269 0.9251 0.0479 
 322 0.0340 0.9023 0.0637 
 323 0.0254 0.9254 0.0493 
 324 0.0272 0.9235 0.0493 
 325 0.0364 0.9069 0.0567 
 326 0.0356 0.9114 0.0530 
 327 0.0244 0.9282 0.0473 
 328 0.0354 0.8949 0.0697 
 329 0.0241 0.9274 0.0485 
 330 0.0245 0.9286 0.0470 
 331 0.0231 0.9283 0.0486 
 332 0.0447 0.8955 0.0598 
 333 0.0308 0.9130 0.0562 
 334 0.0330 0.8974 0.0695 
 335 0.0301 0.9095 0.0604 
 336 0.0286 0.9247 0.0467 
 337 0.0376 0.9004 0.0620 
 338 0.0269 0.9267 0.0464 
 339 0.0242 0.9269 0.0489 
 340 0.0214 0.9315 0.0471 
 341 0.0240 0.9281 0.0479 
 342 0.0247 0.9283 0.0470 
 343 0.0343 0.9018 0.0639 
 344 0.0235 0.9292 0.0472 
 345 0.0240 0.9289 0.0471 
 346 0.0230 0.9341 0.0430 
 347 0.0224 0.9334 0.0442 
 348 0.0294 0.9109 0.0596 
 349 0.0249 0.9288 0.0463 
 350 0.0240 0.9222 0.0538 
 351 0.0304 0.9100 0.0596 
 352 0.0344 0.9067 0.0588 
 353 0.0272 0.9263 0.0464 
 354 0.0238 0.9266 0.0496 
 355 0.0263 0.9280 0.0456 
 356 0.0287 0.9061 0.0652 
 357 0.2052 0.5329 0.2619 
 358 0.0344 0.9058 0.0597 
 359 0.0246 0.9257 0.0498 
 360 0.0237 0.9320 0.0444 
 361 0.2063 0.4330 0.3607 
 362 0.3134 0.0637 0.6228 
 363 0.6543 0.0341 0.3116 
 364 0.2375 0.3203 0.4422 
 365 0.7419 0.0342 0.2239 
 366 0.5274 0.1478 0.3249 
 367 0.6039 0.0175 0.3786 
 368 0.0688 0.0326 0.8986 
 369 0.2216 0.4121 0.3663 
 370 0.0640 0.0495 0.8866 
 371 0.2936 0.0942 0.6122 
 372 0.0840 0.1179 0.7982 
 373 0.1840 0.0546 0.7613 
 374 0.3152 0.3005 0.3844 
 375 0.5687 0.0277 0.4037 
 376 0.9101 0.0198 0.0700 
 377 0.4376 0.0508 0.5116 
 378 0.1062 0.1069 0.7870 
 379 0.9177 0.0183 0.0640 
 380 0.7736 0.1203 0.1060 
 381 0.8414 0.0782 0.0804 
 382 0.5283 0.0291 0.4426 
 383 0.8163 0.0981 0.0856 
 384 0.7439 0.0630 0.1931 
 385 0.1315 0.0915 0.7770 
 386 0.5613 0.0299 0.4087 
 387 0.5814 0.0309 0.3877 
 388 0.1998 0.1920 0.6082 
 389 0.0518 0.0476 0.9006 
 390 0.6679 0.0340 0.2981 
 391 0.1195 0.0647 0.8158 
 392 0.8062 0.0541 0.1397 
 393 0.8724 0.0630 0.0646 
 394 0.1717 0.1799 0.6484 
 395 0.6114 0.0566 0.3319 
 396 0.4893 0.0199 0.4908 
 397 0.2572 0.1504 0.5923 
 398 0.8735 0.0199 0.1066 
 399 0.1730 0.0263 0.8007 
 400 0.7063 0.0356 0.2580 
 401 0.3498 0.0447 0.6055 
 402 0.1148 0.0687 0.8165 
 403 0.1621 0.3526 0.4853 
 404 0.6039 0.0737 0.3224 
 405 0.3858 0.0792 0.5350 
 406 0.6227 0.2167 0.1606 
 407 0.8895 0.0204 0.0901 
 408 0.0569 0.0212 0.9219 
 409 0.3789 0.4880 0.1331 
 410 0.7408 0.0613 0.1978 
 411 0.6546 0.2086 0.1368 
 412 0.1002 0.0306 0.8691 
 413 0.0928 0.0903 0.8168 
 414 0.0903 0.0223 0.8875 
 415 0.8425 0.0325 0.1250 
 416 0.6228 0.0512 0.3261 
 417 0.8450 0.0280 0.1271 
 418 0.4813 0.0214 0.4974 
 419 0.3847 0.1630 0.4524 
 420 0.4024 0.0331 0.5645 
 421 0.6922 0.0335 0.2744 
 422 0.6377 0.0544 0.3079 
 423 0.7441 0.0417 0.2142 
 424 0.1692 0.0536 0.7772 
 425 0.4799 0.0612 0.4589 
 426 0.1425 0.0498 0.8077 
 427 0.8032 0.0795 0.1172 
 428 0.5248 0.2015 0.2737 
 429 0.8742 0.0180 0.1078 
 430 0.8663 0.0260 0.1077 
 431 0.1324 0.0399 0.8277 
 432 0.0796 0.0382 0.8822 
 433 0.0507 0.2002 0.7491 
 434 0.2883 0.1165 0.5952 
 435 0.8706 0.0201 0.1093 
 436 0.8936 0.0323 0.0741 
 437 0.8662 0.0220 0.1117 
 438 0.7291 0.0685 0.2024 
 439 0.9050 0.0266 0.0684 
 440 0.8848 0.0167 0.0985 
 441 0.6603 0.0821 0.2576 
 442 0.8039 0.0229 0.1732 
 443 0.5791 0.0239 0.3970 
 444 0.8313 0.0237 0.1450 
 445 0.7296 0.1376 0.1328 
 446 0.8679 0.0224 0.1096 
 447 0.6793 0.0532 0.2675 
 448 0.7084 0.0256 0.2659 
 449 0.6615 0.0449 0.2936 
 450 0.8121 0.0373 0.1505 
 451 0.0909 0.0177 0.8913 
 452 0.8454 0.0320 0.1226 
 453 0.1122 0.0866 0.8012 
 454 0.6751 0.0564 0.2685 
 455 0.8510 0.0254 0.1236 
 456 0.8190 0.0241 0.1568 
 457 0.8844 0.0237 0.0920 
 458 0.8955 0.0271 0.0774 
 459 0.6739 0.0734 0.2527 
 460 0.8301 0.0213 0.1485 
 461 0.7877 0.0203 0.1920 
 462 0.8446 0.0173 0.1381 
 463 0.5531 0.0886 0.3582 
 464 0.7212 0.0224 0.2564 
 465 0.4443 0.0327 0.5230 
 466 0.4935 0.0288 0.4778 
 467 0.7502 0.0570 0.1927 
 468 0.8945 0.0216 0.0839 
 469 0.9142 0.0237 0.0620 
 470 0.8856 0.0199 0.0944 
 471 0.4046 0.0468 0.5487 
 472 0.5300 0.0347 0.4353 
 473 0.4907 0.0525 0.4568 
 474 0.8239 0.0359 0.1401 
 475 0.5277 0.0503 0.4220 
 476 0.8917 0.0270 0.0812 
 477 0.1565 0.0450 0.7985 
 478 0.1607 0.0217 0.8176 
 479 0.8367 0.0195 0.1437 
 480 0.9081 0.0228 0.0691 
 481 0.4529 0.0277 0.5194 
 482 0.9000 0.0187 0.0813 
 483 0.8687 0.0290 0.1023 
 484 0.8007 0.0381 0.1612 
 485 0.8871 0.0230 0.0899 
 486 0.0563 0.0378 0.9059 
 487 0.0717 0.0968 0.8315 
 488 0.0433 0.0468 0.9099 
 489 0.0880 0.2011 0.7109 
 490 0.0806 0.0235 0.8959 
 491 0.0512 0.1137 0.8351 
 492 0.0533 0.1806 0.7661 
 493 0.0436 0.0450 0.9113 
 494 0.1176 0.0825 0.7999 
 495 0.0789 0.0711 0.8500 
 496 0.0670 0.4007 0.5322 
 497 0.0487 0.0805 0.8708 
 498 0.0670 0.0465 0.8865 
 499 0.0594 0.2470 0.6936 
 500 0.1801 0.0517 0.7682 
 501 0.1994 0.1367 0.6639 
 502 0.0915 0.1315 0.7770 
 503 0.4824 0.0341 0.4835 
 504 0.0447 0.0316 0.9237 
 505 0.0502 0.1023 0.8475 
 506 0.0771 0.1257 0.7973 
 507 0.0283 0.8576 0.1141 
 508 0.0287 0.6956 0.2757 
 509 0.0462 0.2163 0.7375 
 510 0.2175 0.2561 0.5264 
 511 0.5575 0.0411 0.4013 
 512 0.6361 0.0243 0.3395 
 513 0.0236 0.0477 0.9287 
 514 0.0598 0.0414 0.8989 
 515 0.6064 0.1489 0.2447 
 516 0.0409 0.0410 0.9181 
 517 0.2311 0.1370 0.6318 
 518 0.1561 0.2702 0.5737 
 519 0.0705 0.0407 0.8888 
 520 0.2223 0.5193 0.2584 
 521 0.0732 0.4426 0.4842 
 522 0.6415 0.0688 0.2897 
 523 0.0654 0.2512 0.6833 
 524 0.4662 0.0801 0.4537 
 525 0.2985 0.3114 0.3901 
 526 0.6870 0.1440 0.1690 
 527 0.1763 0.0390 0.7847 
 528 0.0419 0.7828 0.1752 
 529 0.0785 0.1036 0.8179 
 530 0.5483 0.0839 0.3678 
 531 0.2359 0.4639 0.3002 
 532 0.1366 0.2517 0.6117 
 533 0.3744 0.0730 0.5527 
 534 0.0351 0.1036 0.8613 
 535 0.2774 0.0818 0.6407 
 536 0.4741 0.2771 0.2488 
 537 0.0711 0.6484 0.2805 
 538 0.1119 0.3966 0.4916 
 539 0.0306 0.8853 0.0842 
 540 0.1414 0.4399 0.4187 
 541 0.0947 0.6496 0.2557 
 542 0.6245 0.1310 0.2444 
 543 0.0504 0.2326 0.7169 
 544 0.2217 0.2122 0.5661 
 545 0.5931 0.0591 0.3478 
 546 0.1317 0.3598 0.5085 
 547 0.0885 0.4019 0.5096 
 548 0.0544 0.3571 0.5885 
 549 0.2034 0.7044 0.0922 
 550 0.5589 0.1140 0.3270 
 551 0.0772 0.7661 0.1567 
 552 0.1067 0.5205 0.3728 
 553 0.0402 0.4327 0.5271 
 554 0.2841 0.1736 0.5423 
 555 0.0634 0.5706 0.3660 
 556 0.0903 0.3227 0.5870 
 557 0.6153 0.1322 0.2525 
 558 0.9062 0.0194 0.0744 
 559 0.0645 0.0360 0.8995 
 560 0.7420 0.0173 0.2408 
 561 0.4210 0.0239 0.5551 
 562 0.2210 0.0180 0.7610 
 563 0.1480 0.1041 0.7480 
 564 0.0722 0.0486 0.8792 
 565 0.8922 0.0235 0.0843 
 566 0.2962 0.0175 0.6863 
 567 0.0463 0.0283 0.9253 
 568 0.2267 0.0411 0.7322 
 569 0.2919 0.0599 0.6482 
 570 0.8739 0.0171 0.1090 
 571 0.0926 0.0252 0.8822 
 572 0.1269 0.3614 0.5118 
 573 0.0961 0.0444 0.8596 
 574 0.4822 0.0996 0.4183 
 575 0.2161 0.0659 0.7180 
 576 0.1948 0.0165 0.7887 
 577 0.4489 0.0813 0.4697 
 578 0.2579 0.0314 0.7108 
 579 0.3771 0.0314 0.5916 
 580 0.6212 0.0521 0.3267 
 581 0.6262 0.0371 0.3366 
 582 0.8499 0.0201 0.1300 
 583 0.2228 0.0266 0.7506 
 584 0.1540 0.0198 0.8262 
 585 0.4397 0.0254 0.5349 
 586 0.0837 0.0313 0.8849 
 587 0.6699 0.0209 0.3093 
 588 0.0253 0.0403 0.9344 
 589 0.6807 0.0232 0.2962 
 590 0.0643 0.0232 0.9125 
 591 0.0806 0.0286 0.8908 
 592 0.2714 0.0271 0.7015 
 593 0.2664 0.0533 0.6803 
 594 0.0596 0.0469 0.8935 
 595 0.4288 0.0191 0.5521 
 596 0.1020 0.0480 0.8500 
 597 0.0626 0.1147 0.8226 
 598 0.9025 0.0180 0.0796 
 599 0.3509 0.0191 0.6299 
 600 0.5654 0.0654 0.3692 
 601 0.6160 0.0198 0.3642 
 602 0.0581 0.0918 0.8501 
 603 0.0555 0.0810 0.8635 
 604 0.6477 0.0782 0.2741 
 605 0.2372 0.0388 0.7240 
 606 0.1901 0.1533 0.6566 
 607 0.1828 0.2001 0.6170 
 608 0.2468 0.4404 0.3128 
 609 0.5386 0.0460 0.4154 
 610 0.7767 0.0417 0.1816 
 611 0.0665 0.0815 0.8519 
 612 0.8872 0.0270 0.0858 
 613 0.1871 0.0489 0.7640 
 614 0.8556 0.0271 0.1173 
 615 0.8315 0.0534 0.1151 
 616 0.1680 0.1359 0.6961 
 617 0.4048 0.0318 0.5633 
 618 0.6796 0.1511 0.1693 
 619 0.1282 0.0946 0.7772 
 620 0.1611 0.0222 0.8166 
 621 0.1737 0.0278 0.7985 
 622 0.5650 0.1209 0.3141 
 623 0.0920 0.0313 0.8767 
 624 0.8016 0.0918 0.1066 
 625 0.6069 0.1086 0.2846 
 626 0.3022 0.6059 0.0919 
 627 0.1150 0.0420 0.8430 
 628 0.0832 0.0393 0.8775 
 629 0.1438 0.0512 0.8051 
 630 0.7402 0.0390 0.2208 
 631 0.5256 0.0545 0.4199 
 632 0.1212 0.3190 0.5598 
 633 0.5181 0.0879 0.3940 
 634 0.1529 0.1397 0.7074 
 635 0.1376 0.5526 0.3098 
 636 0.5514 0.1935 0.2551 
 637 0.2781 0.1173 0.6047 
 638 0.1083 0.0743 0.8174 
 639 0.4414 0.0815 0.4771 
 640 0.1381 0.0320 0.8299 
 641 0.2230 0.0514 0.7256 
 642 0.0908 0.6802 0.2290 
 643 0.0423 0.8619 0.0958 
 644 0.0446 0.6954 0.2599 
 645 0.2918 0.6219 0.0863 
 646 0.1330 0.1055 0.7615 
 647 0.0686 0.2978 0.6336 
 648 0.1530 0.4043 0.4427 
 649 0.0411 0.2019 0.7570 
 650 0.0461 0.1154 0.8385 
 651 0.0584 0.4359 0.5056 
 652 0.0661 0.6195 0.3144 
 653 0.1045 0.4633 0.4322 
 654 0.0868 0.6466 0.2666 
 655 0.0874 0.5533 0.3593 
 656 0.0942 0.2559 0.6499 
 657 0.3572 0.1482 0.4946 
 658 0.1737 0.1943 0.6319 
 659 0.0841 0.6222 0.2937 
 660 0.0404 0.7614 0.1982 
 661 0.0804 0.7547 0.1649 
 662 0.0323 0.1213 0.8464 
 663 0.0680 0.6570 0.2750 
 664 0.2889 0.2592 0.4519 
 665 0.0423 0.1318 0.8259 
 666 0.0714 0.6900 0.2385 
 667 0.0846 0.0595 0.8560 
 668 0.1401 0.5521 0.3079 
 669 0.0597 0.2974 0.6429 
 670 0.0255 0.9062 0.0683 
 671 0.0364 0.8053 0.1583 
 672 0.0619 0.7814 0.1567 
 673 0.0271 0.9188 0.0542 
 674 0.0499 0.8303 0.1197 
 675 0.0300 0.8510 0.1190 
 676 0.0250 0.9231 0.0519 
 677 0.0218 0.9134 0.0648 
 678 0.0277 0.9132 0.0590 
 679 0.0515 0.8448 0.1037 
 680 0.0427 0.8828 0.0744 
 681 0.1463 0.5047 0.3490 
 682 0.0433 0.8923 0.0644 
 683 0.0252 0.9118 0.0630 
 684 0.0268 0.9108 0.0624 
 685 0.0224 0.9270 0.0506 
 686 0.0419 0.8718 0.0864 
 687 0.0320 0.8218 0.1462 
 688 0.0321 0.8756 0.0923 
 689 0.0238 0.9237 0.0525 
 690 0.0250 0.9224 0.0526 
 691 0.0468 0.8541 0.0991 
 692 0.0392 0.8686 0.0922 
 693 0.0408 0.8723 0.0869 
 694 0.0204 0.9314 0.0481 
 695 0.0294 0.9106 0.0600 
 696 0.0330 0.8784 0.0886 
 697 0.0236 0.9228 0.0536 
 698 0.0249 0.9200 0.0551 
 699 0.0282 0.9073 0.0645 
 700 0.0675 0.8610 0.0715 
 701 0.0563 0.8102 0.1335 
 702 0.0604 0.8185 0.1211 
 703 0.0445 0.8837 0.0717 
 704 0.0277 0.8936 0.0788 
 705 0.0745 0.7370 0.1885 
 706 0.0386 0.8983 0.0631 
 707 0.0268 0.9126 0.0605 
 708 0.0241 0.9137 0.0622 
 709 0.0266 0.9212 0.0521 
 710 0.0225 0.9313 0.0462 
 711 0.0371 0.8929 0.0701 
 712 0.0207 0.9222 0.0571 
 713 0.0288 0.8869 0.0843 
 714 0.0529 0.7977 0.1494 
 715 0.0210 0.9292 0.0498 
 716 0.0362 0.9092 0.0546 
 717 0.0217 0.9303 0.0480 
 718 0.0393 0.8592 0.1015 
 719 0.0212 0.9253 0.0536 
 720 0.1466 0.0297 0.8238 
 721 0.1729 0.6114 0.2157 
 722 0.5101 0.0619 0.4280 
 723 0.6290 0.0530 0.3180 
 724 0.7317 0.1429 0.1254 
 725 0.1380 0.1734 0.6886 
 726 0.6750 0.0977 0.2273 
 727 0.1561 0.4097 0.4342 
 728 0.9204 0.0166 0.0630 
 729 0.8987 0.0185 0.0828 
 730 0.6382 0.0362 0.3256 
 731 0.8563 0.0368 0.1069 
 732 0.6300 0.0526 0.3174 
 733 0.8865 0.0246 0.0889 
 734 0.8873 0.0170 0.0957 
 735 0.8958 0.0289 0.0752 
 736 0.5816 0.0365 0.3819 
 737 0.5615 0.0450 0.3936 
 738 0.6067 0.0355 0.3578 
 739 0.8972 0.0224 0.0804 
 740 0.0535 0.7454 0.2011 
 741 0.1054 0.5130 0.3816 
 742 0.1906 0.1329 0.6765 
 743 0.1649 0.0687 0.7664 
 744 0.0591 0.1221 0.8188 
 745 0.1276 0.0263 0.8461 
 746 0.1797 0.1828 0.6375 
 747 0.0816 0.0487 0.8697 
 748 0.0587 0.4652 0.4761 
 749 0.0725 0.1792 0.7483 
 750 0.1029 0.1183 0.7788 
 751 0.0729 0.5206 0.4065 
 752 0.1212 0.0712 0.8076 
 753 0.2561 0.2428 0.5011 
 754 0.1256 0.3512 0.5232 
 755 0.1063 0.1248 0.7689 
 756 0.0482 0.1956 0.7562 
 757 0.0778 0.0976 0.8246 
 758 0.0437 0.0244 0.9319 
 759 0.1561 0.4915 0.3525 
 760 0.3581 0.1041 0.5379 
 761 0.5542 0.2633 0.1825 
 762 0.6704 0.0371 0.2924 
 763 0.2558 0.2403 0.5039 
 764 0.0748 0.0589 0.8662 
 765 0.5869 0.0623 0.3509 
 766 0.0928 0.3804 0.5268 
 767 0.1067 0.1749 0.7184 
 768 0.6811 0.0367 0.2822 
 769 0.5923 0.1851 0.2226 
 770 0.6052 0.0357 0.3591 
 771 0.0389 0.2226 0.7386 
 772 0.1372 0.3000 0.5628 
 773 0.0869 0.0781 0.8349 
 774 0.1057 0.5165 0.3778 
 775 0.7716 0.0584 0.1700 
 776 0.0966 0.0404 0.8631 
 777 0.1309 0.0954 0.7737 
 778 0.0814 0.1881 0.7305 
 779 0.0603 0.0962 0.8435 
 780 0.0723 0.3617 0.5660 
 781 0.0462 0.3649 0.5889 
 782 0.0604 0.0929 0.8468 
 783 0.1478 0.2485 0.6037 
 784 0.2551 0.0525 0.6923 
 785 0.0935 0.0986 0.8079 
 786 0.1092 0.4920 0.3988 
 787 0.0341 0.4397 0.5262 
 788 0.2034 0.0580 0.7386 
 789 0.2861 0.0585 0.6555 
 790 0.1406 0.2195 0.6399 
 791 0.1222 0.0930 0.7848 
 792 0.0376 0.5302 0.4322 
 793 0.1427 0.5545 0.3028 
 794 0.1237 0.1174 0.7589 
 795 0.1417 0.6220 0.2363 
 796 0.0689 0.1219 0.8091 
 797 0.0549 0.7835 0.1616 
 798 0.8324 0.0248 0.1428 
 799 0.1012 0.0499 0.8490 
 800 0.0270 0.6830 0.2900 
 801 0.8195 0.0480 0.1324 
 802 0.4845 0.2988 0.2168 
 803 0.1353 0.4492 0.4155 
 804 0.1685 0.1370 0.6945 
 805 0.0393 0.8637 0.0970 
 806 0.6083 0.1931 0.1986 
 807 0.0362 0.8599 0.1039 
 808 0.0600 0.5647 0.3753 
 809 0.6034 0.1640 0.2326 
 810 0.1648 0.1911 0.6441 
 811 0.1055 0.6297 0.2648 
 812 0.1412 0.0704 0.7884 
 813 0.8302 0.0292 0.1406 
 814 0.0452 0.0531 0.9017 
 815 0.4747 0.4151 0.1102 
 816 0.3409 0.4248 0.2342 
 817 0.4839 0.2975 0.2187 
 818 0.1290 0.0457 0.8253 
 819 0.0368 0.0837 0.8795 
 820 0.0561 0.1073 0.8366 
 821 0.1694 0.0545 0.7762 
 822 0.3081 0.0198 0.6721 
 823 0.5170 0.1696 0.3133 
 824 0.1029 0.1084 0.7887 
 825 0.2210 0.0382 0.7408 
 826 0.0539 0.0259 0.9201 
 827 0.4060 0.0390 0.5550 
 828 0.4973 0.0715 0.4313 
 829 0.7147 0.0694 0.2159 
 830 0.4037 0.0246 0.5717 
 831 0.2428 0.1038 0.6535 
 832 0.3108 0.1269 0.5623 
 833 0.5074 0.1189 0.3738 
 834 0.3414 0.0937 0.5648 
 835 0.0540 0.0268 0.9191 
 836 0.0788 0.0633 0.8579 
 837 0.5555 0.2445 0.2001 
 838 0.0652 0.0333 0.9015 
 839 0.2349 0.0385 0.7266 
 840 0.0472 0.1204 0.8324 
 841 0.0460 0.0791 0.8749 
 842 0.1148 0.0201 0.8652 
 843 0.0686 0.3448 0.5866 
 844 0.1384 0.1098 0.7518 
 845 0.0904 0.0240 0.8856 
 846 0.0666 0.0673 0.8661 
 847 0.0377 0.1164 0.8459 
 848 0.0381 0.0518 0.9101 
 849 0.1753 0.0364 0.7883 
 850 0.1187 0.0368 0.8445 
 851 0.0463 0.0306 0.9232 
 852 0.2350 0.5040 0.2610 
 853 0.2841 0.0329 0.6831 
 854 0.3989 0.1744 0.4267 
 855 0.0558 0.0520 0.8922 
 856 0.0690 0.0847 0.8463 
 857 0.1036 0.0505 0.8459 
 858 0.0913 0.0296 0.8791 
 859 0.2025 0.0335 0.7639 
 860 0.0470 0.0269 0.9260 
 861 0.0414 0.4053 0.5532 
 862 0.9115 0.0238 0.0648 
 863 0.8507 0.0580 0.0913 
 864 0.9039 0.0384 0.0577 
 865 0.8933 0.0172 0.0895 
 866 0.4457 0.0312 0.5231 
 867 0.8880 0.0383 0.0737 
 868 0.8323 0.0333 0.1344 
 869 0.5055 0.0339 0.4606 
 870 0.7825 0.0227 0.1948 
 871 0.8519 0.0204 0.1278 
 872 0.8836 0.0255 0.0909 
 873 0.8966 0.0317 0.0717 
 874 0.8990 0.0198 0.0811 
 875 0.4278 0.0401 0.5321 
 876 0.0894 0.0250 0.8856 
 877 0.9118 0.0272 0.0610 
 878 0.4391 0.0530 0.5080 
 879 0.8895 0.0360 0.0745 
 880 0.3827 0.0322 0.5851 
 881 0.8741 0.0348 0.0910 
 882 0.8953 0.0292 0.0755 
 883 0.1287 0.0410 0.8303 
 884 0.8925 0.0166 0.0909 
 885 0.7589 0.0677 0.1734 
 886 0.6535 0.0474 0.2991 
 887 0.8892 0.0199 0.0909 
 888 0.3684 0.1310 0.5006 
 889 0.9026 0.0173 0.0800 
 890 0.2973 0.0192 0.6835 
 891 0.0583 0.0293 0.9124 
 892 0.0723 0.0338 0.8939 
 893 0.2565 0.0596 0.6838 
 894 0.4960 0.0194 0.4845 
 895 0.8693 0.0212 0.1094 
 896 0.0439 0.0498 0.9063 
 897 0.0486 0.0298 0.9216 
 898 0.4597 0.0621 0.4782 
 899 0.4039 0.0161 0.5800 
 900 0.0596 0.0243 0.9161 
 901 0.0662 0.0256 0.9082 
 902 0.0474 0.0421 0.9105 
 903 0.6439 0.0279 0.3282 
 904 0.4295 0.0611 0.5094 
 905 0.7146 0.0190 0.2664 
 906 0.1657 0.0391 0.7952 
 907 0.1461 0.0391 0.8148 
 908 0.1496 0.0306 0.8198 
 909 0.1497 0.0410 0.8093 
 910 0.0639 0.0401 0.8960 
 911 0.7794 0.0171 0.2035 
 912 0.4487 0.0206 0.5308 
 913 0.4868 0.0207 0.4925 
 914 0.2753 0.1345 0.5902 
 915 0.1556 0.0169 0.8275 
 916 0.1943 0.0229 0.7828 
 917 0.2821 0.0255 0.6924 
 918 0.4709 0.1098 0.4193 
 919 0.5922 0.0546 0.3533 
 920 0.1378 0.0351 0.8271 
 921 0.0711 0.3318 0.5970 
 922 0.0941 0.0562 0.8497 
 923 0.0421 0.0959 0.8620 
 924 0.0398 0.0456 0.9146 
 925 0.0585 0.0797 0.8618 
 926 0.0281 0.3035 0.6684 
 927 0.0862 0.4096 0.5042 
 928 0.0326 0.5390 0.4284 
 929 0.0279 0.0844 0.8878 
 930 0.0544 0.1125 0.8332 
 931 0.3602 0.5311 0.1088 
 932 0.0368 0.0691 0.8941 
 933 0.0377 0.7296 0.2327 
 934 0.0282 0.0308 0.9410 
 935 0.0841 0.2143 0.7016 
 936 0.0753 0.1403 0.7845 
 937 0.0688 0.5922 0.3390 
 938 0.0287 0.5542 0.4171 
 939 0.0771 0.6715 0.2515 
 940 0.0980 0.2267 0.6753 
 941 0.1334 0.0631 0.8036 
 942 0.0699 0.3290 0.6011 
 943 0.0534 0.8339 0.1127 
 944 0.0641 0.5916 0.3443 
 945 0.0510 0.1066 0.8424 
 946 0.0534 0.1374 0.8092 
 947 0.0492 0.7008 0.2500 
 948 0.6680 0.0943 0.2377 
 949 0.3976 0.0534 0.5490 
 950 0.0341 0.5853 0.3806 
 951 0.0699 0.3782 0.5518 
 952 0.0903 0.2281 0.6816 
 953 0.0969 0.1044 0.7987 
 954 0.3436 0.2018 0.4546 
 955 0.0352 0.8994 0.0653 
 956 0.0262 0.8897 0.0841 
 957 0.1364 0.4863 0.3773 
 958 0.1225 0.0662 0.8113 
 959 0.0541 0.2527 0.6932 
 960 0.5426 0.0764 0.3810 
 961 0.0225 0.9276 0.0499 
 962 0.0286 0.0682 0.9031 
 963 0.1570 0.0663 0.7768 
 964 0.1029 0.0902 0.8070 
 965 0.0480 0.3033 0.6488 
 966 0.1170 0.2255 0.6575 
 967 0.0398 0.8955 0.0647 
 968 0.0328 0.0833 0.8838 
 969 0.2333 0.2249 0.5418 
 970 0.0436 0.7948 0.1616 
 971 0.0382 0.1772 0.7846 
 972 0.1619 0.2391 0.5990 
 973 0.0305 0.4851 0.4844 
 974 0.0775 0.0777 0.8448 
 975 0.2352 0.2271 0.5377 
 976 0.0379 0.1795 0.7827 
 977 0.1145 0.3020 0.5835 
 978 0.0383 0.3059 0.6558 
 979 0.0531 0.0687 0.8781 
 980 0.0397 0.3863 0.5740 
 981 0.0781 0.1858 0.7362 
 982 0.0911 0.0350 0.8739 
 983 0.3896 0.0477 0.5627 
 984 0.1949 0.6823 0.1228 
 985 0.0539 0.1410 0.8051 
 986 0.0791 0.0648 0.8561 
 987 0.0567 0.0269 0.9164 
 988 0.6911 0.0185 0.2905 
 989 0.0974 0.7534 0.1491 
 990 0.1786 0.0823 0.7390 
 991 0.0673 0.1053 0.8275 
 992 0.0346 0.0307 0.9347 
 993 0.5648 0.0460 0.3892 
 994 0.0598 0.2693 0.6709 
 995 0.0205 0.9204 0.0591 
 996 0.1585 0.0381 0.8034 
 997 0.0353 0.0752 0.8895 
 998 0.0649 0.0358 0.8993 
 999 0.0616 0.1449 0.7935 
1000 0.0610 0.0319 0.9071 
1001 0.1584 0.0443 0.7973 
1002 0.1296 0.0203 0.8502 
1003 0.0521 0.0871 0.8608 
1004 0.0383 0.0535 0.9082 
1005 0.0583 0.0334 0.9083 
1006 0.0717 0.1659 0.7625 
1007 0.0540 0.3239 0.6220 
1008 0.0534 0.5411 0.4055 
1009 0.1887 0.1621 0.6492 
1010 0.0656 0.1293 0.8052 
1011 0.0777 0.5017 0.4205 
1012 0.1013 0.0832 0.8155 
1013 0.0581 0.1081 0.8338 
1014 0.0895 0.0371 0.8734 
1015 0.0344 0.0540 0.9117 
1016 0.0538 0.0308 0.9155 
1017 0.0415 0.1631 0.7954 
1018 0.0626 0.1419 0.7955 
1019 0.1002 0.1295 0.7703 
1020 0.0300 0.8745 0.0955 
1021 0.0471 0.6447 0.3082 
1022 0.0522 0.1305 0.8173 
1023 0.1868 0.0468 0.7664 
1024 0.1555 0.0360 0.8085 
1025 0.0593 0.0682 0.8725 
1026 0.6993 0.1909 0.1098 
1027 0.6563 0.1618 0.1818 
1028 0.7155 0.0895 0.1950 
1029 0.1035 0.1314 0.7651 
1030 0.0990 0.5277 0.3733 
1031 0.4489 0.2762 0.2749 
1032 0.3454 0.3644 0.2902 
1033 0.4239 0.3103 0.2658 
1034 0.0923 0.1416 0.7661 
1035 0.0744 0.7566 0.1690 
1036 0.1483 0.5629 0.2889 
1037 0.0473 0.5780 0.3747 
1038 0.3706 0.4615 0.1678 
1039 0.1807 0.4668 0.3525 
1040 0.6974 0.1810 0.1216 
1041 0.7042 0.1258 0.1700 
1042 0.2256 0.4914 0.2830 
1043 0.4722 0.2764 0.2514 
1044 0.4503 0.1464 0.4033 
1045 0.7642 0.1421 0.0938 
1046 0.2032 0.4545 0.3423 
1047 0.0665 0.7641 0.1694 
1048 0.1306 0.0719 0.7974 
1049 0.0650 0.0446 0.8905 
1050 0.3724 0.0181 0.6095 
1051 0.1265 0.0200 0.8535 
1052 0.1539 0.0280 0.8180 
1053 0.1679 0.0328 0.7993 
1054 0.1204 0.0335 0.8461 
1055 0.0473 0.0268 0.9258 
1056 0.0754 0.0282 0.8964 
1057 0.7959 0.0240 0.1802 
1058 0.3272 0.0214 0.6514 
1059 0.3721 0.0405 0.5874 
1060 0.2628 0.0662 0.6711 
1061 0.0489 0.0236 0.9275 
1062 0.3757 0.0237 0.6006 
1063 0.0362 0.0710 0.8928 
1064 0.1882 0.0291 0.7827 
1065 0.1152 0.0439 0.8409 
1066 0.0489 0.0492 0.9019 
1067 0.2768 0.0222 0.7010 
1068 0.1308 0.2138 0.6553 
1069 0.0915 0.0173 0.8912 
1070 0.1375 0.0243 0.8383 
1071 0.1200 0.0721 0.8079 
1072 0.0935 0.0427 0.8638 
1073 0.2901 0.0281 0.6818 
1074 0.3025 0.0578 0.6397 
1075 0.2209 0.0399 0.7391 
1076 0.1878 0.0466 0.7656 
1077 0.8457 0.0216 0.1327 
1078 0.0719 0.0332 0.8950 
1079 0.2687 0.0286 0.7027 
1080 0.0874 0.1028 0.8098 
1081 0.1948 0.0204 0.7848 
1082 0.1478 0.0561 0.7961 
1083 0.1050 0.0382 0.8568 
1084 0.0980 0.0964 0.8056 
1085 0.1059 0.0156 0.8785 
1086 0.0390 0.0235 0.9375 
1087 0.0929 0.0158 0.8914 
1088 0.0725 0.0170 0.9105 
1089 0.4969 0.0183 0.4848 
1090 0.2675 0.0235 0.7090 
1091 0.0759 0.0332 0.8909 
1092 0.1981 0.0206 0.7813 
1093 0.0532 0.0511 0.8957 
1094 0.7415 0.0605 0.1980 
1095 0.8319 0.0199 0.1481 
1096 0.3323 0.0436 0.6241 
1097 0.7574 0.0173 0.2254 
1098 0.0412 0.0232 0.9356 
1099 0.0459 0.0891 0.8650 
1100 0.1262 0.0214 0.8524 
1101 0.0902 0.0182 0.8915 
1102 0.2166 0.0241 0.7594 
1103 0.1252 0.0417 0.8331 
1104 0.0687 0.0247 0.9066 
1105 0.0984 0.0248 0.8769 
1106 0.1304 0.0710 0.7986 
1107 0.1833 0.0360 0.7807 
1108 0.8339 0.0258 0.1403 
1109 0.7217 0.0252 0.2530 
1110 0.0485 0.5387 0.4129 
1111 0.0279 0.5639 0.4083 
1112 0.1155 0.8318 0.0528 
1113 0.2672 0.5273 0.2055 
1114 0.4855 0.2063 0.3082 
1115 0.1058 0.7205 0.1737 
1116 0.0508 0.8649 0.0844 
1117 0.6677 0.1694 0.1629 
1118 0.0514 0.8856 0.0630 
1119 0.5694 0.2765 0.1541 
1120 0.1331 0.7666 0.1003 
1121 0.3356 0.5725 0.0919 
1122 0.2386 0.4037 0.3577 
1123 0.2898 0.2086 0.5016 
1124 0.0530 0.8834 0.0636 
1125 0.1272 0.5923 0.2805 
1126 0.3383 0.5547 0.1070 
1127 0.2168 0.6888 0.0945 
1128 0.0394 0.8408 0.1198 
1129 0.2157 0.2433 0.5410 
1130 0.1963 0.2393 0.5644 
1131 0.7575 0.1114 0.1311 
1132 0.2096 0.7037 0.0867 
1133 0.0893 0.7789 0.1318 
1134 0.0342 0.8908 0.0750 
1135 0.4460 0.1107 0.4434 
1136 0.7967 0.0913 0.1120 
1137 0.0612 0.6809 0.2579 
1138 0.2313 0.3473 0.4213 
1139 0.0366 0.8824 0.0809 
1140 0.1638 0.3262 0.5100 
1141 0.1898 0.2063 0.6039 
1142 0.6849 0.1090 0.2060 
1143 0.1041 0.3202 0.5758 
1144 0.1465 0.5798 0.2737 
1145 0.4924 0.2457 0.2619 
1146 0.3603 0.4711 0.1686 
1147 0.2750 0.0852 0.6398 
1148 0.8351 0.0462 0.1186 
1149 0.1582 0.5903 0.2515 
1150 0.0944 0.3408 0.5648 
1151 0.1682 0.7423 0.0895 
1152 0.4104 0.1414 0.4482 
1153 0.7514 0.0784 0.1702 
1154 0.3056 0.4084 0.2861 
1155 0.1822 0.4738 0.3440 
1156 0.0788 0.7343 0.1869 
1157 0.6561 0.2413 0.1026 
1158 0.0899 0.7537 0.1564 
1159 0.0736 0.0247 0.9017 
1160 0.0695 0.0251 0.9054 
1161 0.0328 0.0376 0.9297 
1162 0.0830 0.1365 0.7805 
1163 0.0740 0.5308 0.3952 
1164 0.1274 0.1055 0.7671 
1165 0.0575 0.0299 0.9126 
1166 0.0479 0.2116 0.7405 
1167 0.1017 0.0233 0.8750 
1168 0.1086 0.0402 0.8511 
1169 0.1010 0.0598 0.8392 
1170 0.3135 0.0366 0.6498 
1171 0.2703 0.0785 0.6512 
1172 0.1223 0.0343 0.8435 
1173 0.0939 0.0378 0.8683 
1174 0.0544 0.0235 0.9221 
1175 0.0874 0.0338 0.8788 
1176 0.0734 0.0774 0.8492 
1177 0.8852 0.0206 0.0943 
1178 0.0616 0.0321 0.9063 
1179 0.3940 0.0210 0.5849 
1180 0.1030 0.0240 0.8730 
1181 0.0956 0.0412 0.8632 
1182 0.0521 0.0357 0.9121 
1183 0.2842 0.1159 0.5999 
1184 0.2616 0.0220 0.7163 
1185 0.3548 0.0365 0.6087 
1186 0.1899 0.0823 0.7277 
1187 0.4061 0.1149 0.4790 
1188 0.4070 0.0348 0.5582 
1189 0.0626 0.0696 0.8678 
1190 0.1121 0.0228 0.8651 
1191 0.3800 0.1993 0.4207 
1192 0.0363 0.0263 0.9374 
1193 0.1330 0.1070 0.7600 
1194 0.8797 0.0219 0.0984 
1195 0.0953 0.0231 0.8816 
1196 0.0700 0.0285 0.9015 
1197 0.2885 0.0206 0.6908 
1198 0.0497 0.0225 0.9278 
1199 0.1646 0.0384 0.7970 
1200 0.6834 0.0232 0.2935 
1201 0.0800 0.2059 0.7140 
1202 0.1136 0.0957 0.7907 
1203 0.0542 0.0230 0.9228 
1204 0.1398 0.0476 0.8126 
1205 0.1108 0.0304 0.8588 
1206 0.2610 0.6590 0.0800 
1207 0.3870 0.1195 0.4935 
1208 0.0256 0.6899 0.2845 
1209 0.0830 0.2786 0.6384 
1210 0.2383 0.1853 0.5764 
1211 0.1723 0.4454 0.3824 
1212 0.5869 0.2742 0.1389 
1213 0.0788 0.2262 0.6950 
1214 0.0837 0.3158 0.6004 
1215 0.0549 0.0883 0.8568 
1216 0.0504 0.1062 0.8434 
1217 0.6524 0.2152 0.1324 
1218 0.7398 0.0583 0.2019 
1219 0.2983 0.2077 0.4940 
1220 0.7333 0.0592 0.2075 
1221 0.0581 0.1034 0.8385 
1222 0.3048 0.3279 0.3674 
1223 0.8075 0.0676 0.1249 
1224 0.1002 0.0906 0.8092 
1225 0.6590 0.0923 0.2487 
1226 0.6632 0.1210 0.2157 
1227 0.1419 0.1455 0.7126 
1228 0.0540 0.3173 0.6288 
1229 0.0296 0.0655 0.9048 
1230 0.0673 0.6774 0.2553 
1231 0.0888 0.2380 0.6733 
1232 0.0330 0.0456 0.9214 
1233 0.2020 0.1707 0.6273 
1234 0.1137 0.3673 0.5190 
1235 0.0522 0.3172 0.6305 
1236 0.0239 0.1833 0.7928 
1237 0.0360 0.2728 0.6912 
1238 0.0345 0.3728 0.5927 
1239 0.0548 0.1254 0.8198 
1240 0.0291 0.1515 0.8195 
1241 0.0495 0.1942 0.7563 
1242 0.0333 0.5385 0.4282 
1243 0.1339 0.2982 0.5679 
1244 0.0276 0.5847 0.3878 
1245 0.0255 0.5500 0.4245 
1246 0.0942 0.3118 0.5940 
1247 0.0241 0.7534 0.2224 
1248 0.0404 0.4320 0.5276 
1249 0.1835 0.0914 0.7252 
1250 0.0341 0.0653 0.9006 
1251 0.0346 0.1169 0.8485 
1252 0.0292 0.0407 0.9301 
1253 0.0489 0.2398 0.7114 
1254 0.0348 0.0429 0.9223 
1255 0.0226 0.4219 0.5554 
1256 0.0511 0.6756 0.2733 
1257 0.0495 0.2213 0.7292 
1258 0.0309 0.0329 0.9362 
1259 0.0644 0.0594 0.8762 
1260 0.0314 0.3106 0.6580 
1261 0.0339 0.4559 0.5102 
1262 0.0364 0.1612 0.8024 
1263 0.0904 0.1046 0.8050 
1264 0.0362 0.0970 0.8668 
1265 0.0334 0.3905 0.5761 
1266 0.1400 0.2405 0.6195 
1267 0.0465 0.3253 0.6283 
1268 0.6281 0.0221 0.3498 
1269 0.7390 0.0230 0.2380 
1270 0.0673 0.0681 0.8646 
1271 0.2614 0.0306 0.7080 
1272 0.2412 0.0479 0.7109 
1273 0.0782 0.0421 0.8797 
1274 0.3166 0.0676 0.6158 
1275 0.1341 0.0291 0.8368 
1276 0.8349 0.0326 0.1325 
1277 0.2990 0.0208 0.6802 
1278 0.7361 0.1546 0.1093 
1279 0.4506 0.0736 0.4759 
1280 0.1470 0.0744 0.7786 
1281 0.1115 0.0268 0.8617 
1282 0.2000 0.0160 0.7840 
1283 0.0808 0.0342 0.8850 
1284 0.4943 0.1451 0.3606 
1285 0.0601 0.0348 0.9052 
1286 0.1327 0.0507 0.8167 
1287 0.2617 0.1100 0.6283 
1288 0.5339 0.0696 0.3965 
1289 0.2066 0.0239 0.7695 
1290 0.1524 0.0924 0.7551 
1291 0.0754 0.1007 0.8240 
1292 0.0808 0.0439 0.8752 
1293 0.4942 0.0298 0.4760 
1294 0.0611 0.0375 0.9014 
1295 0.4494 0.0201 0.5305 
1296 0.6930 0.0384 0.2685 
1297 0.0999 0.0756 0.8245 
1298 0.2716 0.0272 0.7013 
1299 0.1076 0.0278 0.8646 
1300 0.1036 0.3732 0.5232 
1301 0.1048 0.0267 0.8685 
1302 0.4706 0.0687 0.4607 
1303 0.2774 0.0413 0.6813 
1304 0.3755 0.0495 0.5750 
1305 0.2237 0.0995 0.6768 
1306 0.1023 0.0266 0.8711 
1307 0.2106 0.0394 0.7500 
1308 0.0634 0.0681 0.8685 
1309 0.1010 0.0289 0.8700 
1310 0.4857 0.0253 0.4890 
1311 0.5834 0.0201 0.3965 
1312 0.0786 0.0480 0.8734 
1313 0.0709 0.0309 0.8982 
1314 0.7923 0.0336 0.1741 
1315 0.1310 0.2244 0.6446 
1316 0.4690 0.0289 0.5022 
1317 0.0366 0.0983 0.8651 
1318 0.2395 0.0596 0.7009 
1319 0.0298 0.8547 0.1155 
1320 0.0689 0.0842 0.8468 
1321 0.3596 0.0249 0.6155 
1322 0.5785 0.0630 0.3585 
1323 0.1318 0.0282 0.8401 
1324 0.3705 0.1073 0.5222 
1325 0.0685 0.0155 0.9160 
1326 0.6764 0.0234 0.3002 
1327 0.0348 0.0411 0.9241 
1328 0.0451 0.0277 0.9272 
1329 0.0604 0.0319 0.9077 
1330 0.0991 0.0313 0.8696 
1331 0.0594 0.0259 0.9148 
1332 0.1166 0.1338 0.7496 
1333 0.0584 0.0337 0.9079 
1334 0.4305 0.0249 0.5446 
1335 0.0727 0.0889 0.8384 
1336 0.0579 0.7560 0.1862 
1337 0.0862 0.6735 0.2403 
1338 0.0787 0.0435 0.8778 
1339 0.0563 0.0313 0.9124 
1340 0.0470 0.0444 0.9086 
1341 0.2972 0.0689 0.6339 
1342 0.0372 0.0629 0.8999 
1343 0.0387 0.0362 0.9251 
1344 0.0901 0.3868 0.5231 
1345 0.2924 0.0263 0.6813 
1346 0.5816 0.0542 0.3642 
1347 0.0359 0.1412 0.8229 
1348 0.0577 0.0522 0.8901 
1349 0.0369 0.7255 0.2377 
1350 0.0548 0.2218 0.7234 
1351 0.0409 0.0272 0.9319 
1352 0.5178 0.0530 0.4292 
1353 0.0759 0.0248 0.8993 
1354 0.0578 0.0379 0.9043 
1355 0.0533 0.0158 0.9309 
1356 0.0872 0.0457 0.8671 
1357 0.0358 0.0793 0.8849 
1358 0.0283 0.0381 0.9336 
1359 0.0357 0.0548 0.9095 
1360 0.1874 0.2802 0.5324 
1361 0.1155 0.1699 0.7146 
1362 0.1140 0.1114 0.7746 
1363 0.0974 0.2502 0.6524 
1364 0.1525 0.1917 0.6557 
1365 0.2139 0.0698 0.7163 
1366 0.1366 0.1195 0.7438 
1367 0.0379 0.3442 0.6179 
1368 0.0407 0.4878 0.4715 
1369 0.0705 0.0450 0.8845 
1370 0.0265 0.1473 0.8262 
1371 0.3173 0.0546 0.6281 
1372 0.0380 0.6994 0.2625 
1373 0.0841 0.6530 0.2629 
1374 0.0338 0.0648 0.9014 
1375 0.0772 0.3577 0.5650 
1376 0.0552 0.2830 0.6619 
1377 0.1061 0.1029 0.7910 
1378 0.1192 0.4055 0.4754 
1379 0.0266 0.8408 0.1326 
1380 0.2330 0.0524 0.7146 
1381 0.2326 0.0720 0.6953 
1382 0.0556 0.5850 0.3594 
1383 0.5395 0.0276 0.4329 
1384 0.3155 0.0542 0.6302 
1385 0.0375 0.7033 0.2592 
1386 0.1233 0.0744 0.8023 
1387 0.0884 0.4040 0.5076 
1388 0.2433 0.1008 0.6559 
1389 0.0514 0.0748 0.8737 
1390 0.0983 0.1477 0.7541 
1391 0.1031 0.1249 0.7720 
1392 0.6062 0.1535 0.2402 
1393 0.1088 0.4220 0.4692 
1394 0.0404 0.1693 0.7903 
1395 0.2367 0.0490 0.7143 
1396 0.8160 0.0286 0.1554 
1397 0.1333 0.4359 0.4308 
1398 0.1546 0.3452 0.5002 
1399 0.5044 0.1944 0.3011 
1400 0.3297 0.0692 0.6010 
1401 0.8709 0.0253 0.1038 
1402 0.0855 0.6207 0.2938 
1403 0.1160 0.4448 0.4391 
1404 0.1005 0.2808 0.6186 
1405 0.7141 0.0503 0.2356 
1406 0.4234 0.3614 0.2152 
1407 0.4920 0.0510 0.4570 
1408 0.2289 0.0675 0.7036 
1409 0.5058 0.3203 0.1738 
1410 0.3209 0.0775 0.6016 
1411 0.6055 0.0733 0.3212 
1412 0.7238 0.0654 0.2109 
1413 0.1059 0.4936 0.4005 
1414 0.6556 0.1254 0.2190 
1415 0.7075 0.1281 0.1644 
1416 0.0789 0.6381 0.2829 
1417 0.3229 0.0784 0.5988 
1418 0.0504 0.2592 0.6904 
1419 0.0439 0.1841 0.7720 
1420 0.0491 0.1026 0.8483 
1421 0.0239 0.4881 0.4880 
1422 0.0272 0.2153 0.7575 
1423 0.0538 0.0440 0.9022 
1424 0.1485 0.0392 0.8123 
1425 0.0385 0.1580 0.8035 
1426 0.0414 0.0936 0.8650 
1427 0.1828 0.0315 0.7857 
1428 0.0296 0.1030 0.8674 
1429 0.0281 0.3717 0.6002 
1430 0.0352 0.1840 0.7808 
1431 0.0353 0.0856 0.8791 
1432 0.0819 0.1194 0.7987 
1433 0.0215 0.6939 0.2845 
1434 0.0262 0.3285 0.6453 
1435 0.0427 0.6767 0.2806 
1436 0.0408 0.3675 0.5917 
1437 0.0704 0.1295 0.8000 
1438 0.0519 0.0224 0.9257 
1439 0.0370 0.3952 0.5678 
1440 0.0246 0.2784 0.6970 
1441 0.0237 0.8608 0.1155 
1442 0.0275 0.1930 0.7795 
1443 0.0293 0.3718 0.5989 
1444 0.0422 0.0703 0.8875 
1445 0.0253 0.1772 0.7975 
1446 0.0298 0.2795 0.6907 
1447 0.0443 0.1363 0.8194 
1448 0.0247 0.0689 0.9063 
1449 0.0320 0.0370 0.9311 
1450 0.0420 0.0746 0.8834 
1451 0.0243 0.8003 0.1754 
1452 0.0536 0.0848 0.8616 
1453 0.0369 0.2936 0.6695 
1454 0.0550 0.0410 0.9040 
1455 0.1067 0.0696 0.8237 
1456 0.0492 0.1021 0.8487 
1457 0.0407 0.0390 0.9202 
1458 0.0472 0.0682 0.8846 
1459 0.0238 0.4872 0.4890 
1460 0.1347 0.0778 0.7876 
1461 0.5568 0.0277 0.4155 
1462 0.0434 0.0428 0.9138 
1463 0.0641 0.7814 0.1546 
1464 0.8920 0.0239 0.0842 
1465 0.7483 0.0293 0.2224 
1466 0.0526 0.0353 0.9121 
1467 0.7843 0.0434 0.1723 
1468 0.5506 0.0395 0.4099 
1469 0.4614 0.0681 0.4705 
1470 0.0652 0.3951 0.5397 
1471 0.3674 0.1114 0.5212 
1472 0.3116 0.0336 0.6548 
1473 0.2837 0.1270 0.5893 
1474 0.0499 0.0449 0.9052 
1475 0.4833 0.0725 0.4441 
1476 0.8950 0.0192 0.0858 
1477 0.0423 0.7774 0.1803 
1478 0.1264 0.4441 0.4295 
1479 0.2650 0.0431 0.6919 
1480 0.1045 0.0370 0.8584 
1481 0.8378 0.0282 0.1340 
