   1 0.2424 0.1227 0.2627 0.3721 
   2 0.6900 0.1747 0.0471 0.0882 
   3 0.1375 0.1247 0.1533 0.5845 
   4 0.1956 0.0813 0.6533 0.0698 
   5 0.7559 0.1006 0.0443 0.0991 
   6 0.1151 0.0331 0.0431 0.8087 
   7 0.7511 0.0224 0.0423 0.1842 
   8 0.2708 0.0478 0.3497 0.3318 
   9 0.3507 0.1425 0.0953 0.4116 
  10 0.3980 0.0274 0.1591 0.4156 
  11 0.6504 0.0252 0.0438 0.2806 
  12 0.6610 0.1369 0.0788 0.1232 
  13 0.6588 0.0645 0.0801 0.1966 
  14 0.3183 0.3908 0.1124 0.1786 
  15 0.5431 0.1037 0.2039 0.1493 
  16 0.2142 0.0432 0.0702 0.6724 
  17 0.4904 0.0824 0.0707 0.3564 
  18 0.2104 0.1492 0.1126 0.5279 
  19 0.2746 0.0466 0.0582 0.6205 
  20 0.6392 0.0991 0.0627 0.1990 
  21 0.2355 0.2672 0.2447 0.2525 
  22 0.1150 0.0448 0.0798 0.7603 
  23 0.3308 0.3712 0.2006 0.0974 
  24 0.1909 0.0759 0.2198 0.5135 
  25 0.7189 0.0420 0.0313 0.2078 
  26 0.3423 0.1213 0.1418 0.3946 
  27 0.4181 0.0944 0.1148 0.3727 
  28 0.3696 0.0533 0.3256 0.2514 
  29 0.6906 0.1037 0.0606 0.1451 
  30 0.0982 0.0757 0.0594 0.7667 
  31 0.5211 0.1011 0.1417 0.2360 
  32 0.3508 0.1776 0.1771 0.2945 
  33 0.1794 0.1455 0.1549 0.5201 
  34 0.3981 0.0262 0.0650 0.5106 
  35 0.2123 0.2624 0.0498 0.4755 
  36 0.0825 0.4291 0.0522 0.4362 
  37 0.4038 0.1744 0.2279 0.1939 
  38 0.1014 0.0913 0.0299 0.7774 
  39 0.1878 0.1265 0.0536 0.6321 
  40 0.0985 0.5991 0.1275 0.1749 
  41 0.1064 0.3971 0.0500 0.4465 
  42 0.1057 0.2428 0.4003 0.2512 
  43 0.2446 0.5344 0.0952 0.1258 
  44 0.0930 0.5831 0.0329 0.2910 
  45 0.1511 0.3745 0.0322 0.4422 
  46 0.2352 0.1134 0.0417 0.6097 
  47 0.2565 0.1084 0.0760 0.5592 
  48 0.0707 0.6372 0.0315 0.2605 
  49 0.2691 0.1935 0.0712 0.4662 
  50 0.2287 0.0693 0.1010 0.6010 
  51 0.0553 0.8041 0.0312 0.1094 
  52 0.1960 0.0859 0.0669 0.6511 
  53 0.0860 0.0572 0.0651 0.7917 
  54 0.3875 0.3676 0.0798 0.1651 
  55 0.2003 0.6418 0.0467 0.1113 
  56 0.1045 0.4255 0.0665 0.4035 
  57 0.4111 0.0374 0.1977 0.3539 
  58 0.2260 0.4520 0.0632 0.2588 
  59 0.1801 0.2428 0.0535 0.5236 
  60 0.0958 0.6452 0.1130 0.1460 
  61 0.0954 0.8033 0.0555 0.0459 
  62 0.3986 0.0943 0.0610 0.4462 
  63 0.3145 0.3503 0.1085 0.2267 
  64 0.1354 0.0659 0.0356 0.7630 
  65 0.7244 0.0597 0.0276 0.1884 
  66 0.3405 0.4205 0.1483 0.0907 
  67 0.2561 0.5925 0.0378 0.1135 
  68 0.1861 0.2324 0.0693 0.5122 
  69 0.1980 0.0799 0.1499 0.5723 
  70 0.1972 0.4737 0.0793 0.2498 
  71 0.1591 0.4336 0.0273 0.3800 
  72 0.1309 0.1406 0.0412 0.6873 
  73 0.2969 0.5392 0.0321 0.1318 
  74 0.0819 0.3417 0.1011 0.4753 
  75 0.0773 0.6229 0.1229 0.1769 
  76 0.3970 0.3449 0.0523 0.2058 
  77 0.1435 0.4111 0.0405 0.4048 
  78 0.1024 0.3659 0.0438 0.4878 
  79 0.7494 0.0305 0.0436 0.1765 
  80 0.2136 0.0595 0.5949 0.1320 
  81 0.3188 0.0552 0.4290 0.1971 
  82 0.6491 0.1459 0.1160 0.0890 
  83 0.2746 0.1472 0.2885 0.2898 
  84 0.4526 0.0723 0.2583 0.2168 
  85 0.2414 0.1034 0.3724 0.2828 
  86 0.4158 0.2765 0.0446 0.2631 
  87 0.7173 0.0563 0.0509 0.1755 
  88 0.6083 0.0690 0.2365 0.0862 
  89 0.3832 0.1112 0.4019 0.1038 
  90 0.8239 0.0347 0.0497 0.0917 
  91 0.1623 0.0910 0.5915 0.1552 
  92 0.7319 0.0513 0.0885 0.1282 
  93 0.0751 0.0332 0.8390 0.0527 
  94 0.2748 0.0360 0.0447 0.6445 
  95 0.7741 0.0465 0.1107 0.0687 
  96 0.1194 0.6898 0.1344 0.0564 
  97 0.1179 0.3992 0.1646 0.3183 
  98 0.1724 0.5633 0.0773 0.1870 
  99 0.5578 0.0677 0.2155 0.1590 
 100 0.1307 0.1841 0.6304 0.0547 
 101 0.6925 0.1152 0.0812 0.1111 
 102 0.3236 0.1507 0.3728 0.1529 
 103 0.4625 0.3418 0.1259 0.0698 
 104 0.7692 0.0728 0.0655 0.0924 
 105 0.7474 0.0905 0.1061 0.0559 
 106 0.4707 0.0465 0.0224 0.4604 
 107 0.6346 0.1663 0.1155 0.0836 
 108 0.1086 0.7527 0.0298 0.1089 
 109 0.6102 0.0642 0.0230 0.3026 
 110 0.5155 0.0333 0.0285 0.4227 
 111 0.8689 0.0363 0.0303 0.0644 
 112 0.7013 0.0407 0.0253 0.2327 
 113 0.3317 0.3904 0.0722 0.2057 
 114 0.7730 0.0580 0.0842 0.0848 
 115 0.7502 0.1291 0.0399 0.0808 
 116 0.3937 0.1442 0.0242 0.4379 
 117 0.6754 0.0426 0.0374 0.2446 
 118 0.6896 0.1849 0.0343 0.0912 
 119 0.1330 0.6381 0.1386 0.0903 
 120 0.8010 0.0608 0.0395 0.0987 
 121 0.7279 0.1338 0.0336 0.1046 
 122 0.5282 0.0469 0.0318 0.3931 
 123 0.7013 0.0687 0.0459 0.1842 
 124 0.3858 0.1061 0.0351 0.4729 
 125 0.2495 0.0614 0.0460 0.6431 
 126 0.4057 0.1554 0.0580 0.3809 
 127 0.8515 0.0436 0.0336 0.0713 
 128 0.7402 0.1521 0.0369 0.0708 
 129 0.8391 0.0786 0.0284 0.0539 
 130 0.7219 0.0743 0.1059 0.0979 
 131 0.3432 0.1189 0.0327 0.5052 
 132 0.6436 0.0793 0.0257 0.2514 
 133 0.7726 0.0935 0.0455 0.0884 
 134 0.5981 0.0258 0.0189 0.3573 
 135 0.1439 0.2477 0.5345 0.0739 
 136 0.0733 0.0315 0.8380 0.0572 
 137 0.1112 0.0266 0.8137 0.0486 
 138 0.0535 0.0381 0.8457 0.0626 
 139 0.1080 0.6168 0.1928 0.0824 
 140 0.1774 0.1189 0.5395 0.1642 
 141 0.0797 0.0471 0.7643 0.1090 
 142 0.1056 0.3105 0.5208 0.0631 
 143 0.0503 0.0326 0.8785 0.0386 
 144 0.1074 0.0311 0.8157 0.0459 
 145 0.1261 0.0744 0.6507 0.1488 
 146 0.2464 0.0696 0.5479 0.1361 
 147 0.0498 0.0235 0.8846 0.0422 
 148 0.1772 0.0959 0.6422 0.0847 
 149 0.0643 0.0707 0.7928 0.0722 
 150 0.2277 0.0504 0.6512 0.0707 
 151 0.0804 0.0402 0.8280 0.0513 
 152 0.1576 0.1566 0.5770 0.1089 
 153 0.0738 0.0566 0.7810 0.0885 
 154 0.0885 0.0515 0.8040 0.0560 
 155 0.0698 0.0358 0.8481 0.0463 
 156 0.1064 0.1794 0.6672 0.0471 
 157 0.1706 0.0403 0.6985 0.0906 
 158 0.1074 0.0481 0.7109 0.1335 
 159 0.0545 0.0260 0.8784 0.0411 
 160 0.0592 0.0294 0.8685 0.0429 
 161 0.1061 0.0594 0.7277 0.1067 
 162 0.2878 0.0950 0.4582 0.1590 
 163 0.0632 0.0456 0.8467 0.0445 
 164 0.3644 0.0595 0.4791 0.0970 
 165 0.1914 0.0396 0.7108 0.0581 
 166 0.1970 0.1134 0.5566 0.1330 
 167 0.1899 0.0322 0.7037 0.0742 
 168 0.0715 0.0670 0.7554 0.1061 
 169 0.1035 0.0560 0.3628 0.4778 
 170 0.1007 0.1779 0.6654 0.0560 
 171 0.1804 0.0958 0.6184 0.1054 
 172 0.0621 0.1750 0.5262 0.2367 
 173 0.0648 0.0459 0.8459 0.0433 
 174 0.0777 0.0289 0.8407 0.0526 
 175 0.0591 0.0387 0.8476 0.0546 
 176 0.1086 0.0304 0.8154 0.0457 
 177 0.2038 0.0501 0.5606 0.1854 
 178 0.1016 0.0328 0.7850 0.0806 
 179 0.0518 0.0307 0.8745 0.0430 
 180 0.1551 0.0604 0.6603 0.1242 
 181 0.0977 0.1073 0.7085 0.0865 
 182 0.0978 0.0672 0.7943 0.0407 
 183 0.0581 0.0379 0.8566 0.0474 
 184 0.3565 0.3978 0.0457 0.2000 
 185 0.0635 0.2330 0.6625 0.0410 
 186 0.6319 0.1693 0.0446 0.1541 
 187 0.1794 0.5399 0.1911 0.0896 
 188 0.5848 0.2709 0.0307 0.1136 
 189 0.1158 0.2955 0.2147 0.3740 
 190 0.0547 0.8233 0.0898 0.0322 
 191 0.2928 0.5549 0.0731 0.0792 
 192 0.3105 0.3677 0.2169 0.1049 
 193 0.2416 0.4437 0.1812 0.1334 
 194 0.3937 0.3345 0.1850 0.0867 
 195 0.0697 0.6511 0.2367 0.0426 
 196 0.0806 0.8003 0.0738 0.0452 
 197 0.3717 0.2288 0.1123 0.2873 
 198 0.3132 0.3021 0.1488 0.2359 
 199 0.1241 0.7296 0.0897 0.0566 
 200 0.1162 0.6967 0.0688 0.1183 
 201 0.0945 0.4128 0.4364 0.0563 
 202 0.1224 0.3650 0.4709 0.0417 
 203 0.1070 0.4890 0.3592 0.0448 
 204 0.0823 0.8065 0.0725 0.0388 
 205 0.1061 0.7745 0.0501 0.0693 
 206 0.1376 0.7020 0.1111 0.0493 
 207 0.2166 0.6871 0.0512 0.0451 
 208 0.0895 0.7301 0.1354 0.0450 
 209 0.2288 0.5813 0.0977 0.0922 
 210 0.1265 0.7211 0.1015 0.0509 
 211 0.3223 0.5227 0.1137 0.0412 
 212 0.0914 0.2349 0.5950 0.0786 
 213 0.2678 0.5559 0.0762 0.1001 
 214 0.0944 0.4300 0.4240 0.0516 
 215 0.1248 0.7808 0.0345 0.0598 
 216 0.4554 0.2785 0.0682 0.1980 
 217 0.0698 0.6209 0.2477 0.0616 
 218 0.1719 0.6668 0.0785 0.0828 
 219 0.2300 0.2103 0.2295 0.3303 
 220 0.1231 0.7826 0.0482 0.0462 
 221 0.0539 0.3569 0.5523 0.0369 
 222 0.3574 0.2110 0.1158 0.3158 
 223 0.1723 0.3652 0.3326 0.1299 
 224 0.1661 0.4810 0.3004 0.0525 
 225 0.1162 0.7472 0.0785 0.0582 
 226 0.1053 0.6389 0.0840 0.1718 
 227 0.1399 0.6691 0.1444 0.0466 
 228 0.0609 0.7473 0.1539 0.0378 
 229 0.1734 0.4502 0.3140 0.0625 
 230 0.1485 0.6351 0.1701 0.0464 
 231 0.1920 0.4007 0.3091 0.0982 
 232 0.2507 0.3799 0.2293 0.1402 
 233 0.1010 0.2703 0.5723 0.0564 
 234 0.3313 0.3048 0.2052 0.1587 
 235 0.1031 0.6027 0.1814 0.1129 
 236 0.1598 0.4645 0.2954 0.0803 
 237 0.2805 0.5774 0.0835 0.0586 
 238 0.1346 0.3581 0.4396 0.0677 
 239 0.0707 0.6536 0.2330 0.0427 
 240 0.1325 0.3563 0.4428 0.0684 
 241 0.1050 0.2505 0.5877 0.0568 
 242 0.1357 0.5779 0.1122 0.1742 
 243 0.0655 0.8256 0.0732 0.0357 
 244 0.1084 0.5823 0.2638 0.0455 
 245 0.0734 0.1622 0.7153 0.0492 
 246 0.0716 0.6108 0.2547 0.0629 
 247 0.4496 0.3275 0.0376 0.1854 
 248 0.3470 0.5516 0.0392 0.0622 
 249 0.1296 0.5545 0.2633 0.0527 
 250 0.2223 0.4995 0.1996 0.0786 
 251 0.2005 0.4962 0.0704 0.2329 
 252 0.1251 0.6436 0.1529 0.0785 
 253 0.3200 0.4961 0.0629 0.1210 
 254 0.3165 0.3525 0.1230 0.2080 
 255 0.2412 0.4392 0.1818 0.1379 
 256 0.1079 0.6249 0.2058 0.0614 
 257 0.2275 0.5872 0.1201 0.0651 
 258 0.2334 0.5930 0.0711 0.1025 
 259 0.3779 0.4526 0.1041 0.0654 
 260 0.3010 0.1782 0.3045 0.2164 
 261 0.0985 0.5868 0.2420 0.0726 
 262 0.0537 0.7534 0.1524 0.0405 
 263 0.2773 0.5688 0.0620 0.0919 
 264 0.2320 0.1455 0.0317 0.5908 
 265 0.1165 0.6592 0.1120 0.1122 
 266 0.0602 0.3102 0.5910 0.0386 
 267 0.3354 0.3601 0.2132 0.0913 
 268 0.0791 0.8033 0.0728 0.0447 
 269 0.1463 0.3570 0.1856 0.3111 
 270 0.5008 0.2514 0.0796 0.1681 
 271 0.1786 0.6895 0.0555 0.0765 
 272 0.0984 0.7437 0.0511 0.1068 
 273 0.1689 0.4909 0.1950 0.1452 
 274 0.1591 0.6305 0.0811 0.1293 
 275 0.1088 0.6860 0.0935 0.1116 
 276 0.1339 0.7193 0.0545 0.0923 
 277 0.1851 0.4153 0.2597 0.1399 
 278 0.0960 0.8068 0.0417 0.0555 
 279 0.1861 0.5766 0.1419 0.0954 
 280 0.1153 0.5922 0.1032 0.1893 
 281 0.2616 0.5262 0.1015 0.1107 
 282 0.1606 0.2606 0.4641 0.1146 
 283 0.1371 0.2721 0.5218 0.0691 
 284 0.2778 0.4227 0.2112 0.0883 
 285 0.2055 0.6795 0.0260 0.0890 
 286 0.1114 0.5702 0.2731 0.0454 
 287 0.1841 0.4338 0.1596 0.2225 
 288 0.1019 0.7452 0.0481 0.1049 
 289 0.1679 0.6458 0.0671 0.1191 
 290 0.1236 0.5701 0.0702 0.2361 
 291 0.1724 0.6930 0.0568 0.0778 
 292 0.0847 0.6640 0.1131 0.1382 
 293 0.1741 0.3372 0.0591 0.4296 
 294 0.1897 0.6588 0.0456 0.1059 
 295 0.2409 0.4652 0.1208 0.1731 
 296 0.1463 0.7405 0.0496 0.0636 
 297 0.1565 0.5189 0.0693 0.2553 
 298 0.2291 0.3158 0.3387 0.1164 
 299 0.3792 0.4089 0.0780 0.1339 
 300 0.1408 0.7524 0.0423 0.0645 
 301 0.3165 0.3417 0.0732 0.2686 
 302 0.1689 0.6802 0.0510 0.0998 
 303 0.1231 0.5162 0.2739 0.0868 
 304 0.2638 0.0832 0.4068 0.2462 
 305 0.0734 0.7416 0.1376 0.0475 
 306 0.0881 0.4981 0.3137 0.1001 
 307 0.3743 0.3459 0.1878 0.0919 
 308 0.0971 0.5890 0.2415 0.0724 
 309 0.1091 0.7976 0.0419 0.0515 
 310 0.0759 0.7396 0.1423 0.0422 
 311 0.1550 0.6204 0.1771 0.0475 
 312 0.1411 0.7659 0.0482 0.0448 
 313 0.1463 0.7741 0.0338 0.0458 
 314 0.0454 0.0419 0.8707 0.0420 
 315 0.0535 0.0525 0.8338 0.0603 
 316 0.0560 0.0413 0.8327 0.0700 
 317 0.0452 0.0239 0.8895 0.0414 
 318 0.0454 0.0204 0.8916 0.0426 
 319 0.0506 0.0301 0.8786 0.0407 
 320 0.0437 0.0428 0.8720 0.0415 
 321 0.0460 0.0224 0.8875 0.0441 
 322 0.0588 0.0603 0.8152 0.0656 
 323 0.0479 0.0219 0.8890 0.0412 
 324 0.0469 0.0227 0.8850 0.0453 
 325 0.0530 0.0297 0.8509 0.0665 
 326 0.0525 0.0286 0.8557 0.0632 
 327 0.0457 0.0246 0.8886 0.0412 
 328 0.0606 0.0427 0.8307 0.0660 
 329 0.0471 0.0218 0.8919 0.0393 
 330 0.0454 0.0249 0.8883 0.0414 
 331 0.0470 0.0225 0.8910 0.0395 
 332 0.0565 0.0263 0.8433 0.0739 
 333 0.0560 0.0345 0.8509 0.0586 
 334 0.0603 0.0430 0.8330 0.0638 
 335 0.0571 0.0421 0.8441 0.0568 
 336 0.0459 0.0284 0.8783 0.0474 
 337 0.0562 0.0343 0.8398 0.0698 
 338 0.0453 0.0192 0.8911 0.0444 
 339 0.0473 0.0223 0.8905 0.0399 
 340 0.0455 0.0244 0.8932 0.0369 
 341 0.0482 0.0228 0.8890 0.0400 
 342 0.0461 0.0248 0.8880 0.0412 
 343 0.0563 0.0650 0.8109 0.0678 
 344 0.0458 0.0203 0.8939 0.0400 
 345 0.0447 0.0243 0.8908 0.0403 
 346 0.0429 0.0222 0.8960 0.0390 
 347 0.0444 0.0224 0.8971 0.0361 
 348 0.0543 0.0828 0.8072 0.0557 
 349 0.0456 0.0249 0.8884 0.0411 
 350 0.0493 0.0389 0.8699 0.0419 
 351 0.0575 0.0406 0.8441 0.0578 
 352 0.0549 0.0394 0.8426 0.0631 
 353 0.0454 0.0292 0.8786 0.0469 
 354 0.0474 0.0213 0.8916 0.0397 
 355 0.0442 0.0201 0.8933 0.0424 
 356 0.0572 0.1232 0.7635 0.0561 
 357 0.1291 0.0517 0.5357 0.2836 
 358 0.0562 0.0288 0.8510 0.0639 
 359 0.0484 0.0220 0.8888 0.0408 
 360 0.0440 0.0215 0.8951 0.0393 
 361 0.1454 0.0781 0.4711 0.3054 
 362 0.3050 0.1472 0.0566 0.4913 
 363 0.2298 0.0734 0.0361 0.6607 
 364 0.3264 0.0617 0.3277 0.2842 
 365 0.2172 0.0521 0.0446 0.6862 
 366 0.1285 0.3450 0.0944 0.4321 
 367 0.3830 0.0258 0.0227 0.5685 
 368 0.8012 0.0398 0.0432 0.1158 
 369 0.1720 0.2471 0.2893 0.2915 
 370 0.6869 0.1446 0.0553 0.1132 
 371 0.3083 0.1874 0.0942 0.4102 
 372 0.6312 0.1745 0.0926 0.1017 
 373 0.6030 0.0551 0.0766 0.2653 
 374 0.2296 0.0852 0.3067 0.3785 
 375 0.4685 0.0360 0.0338 0.4617 
 376 0.0893 0.0206 0.0267 0.8634 
 377 0.3872 0.0890 0.0562 0.4676 
 378 0.5775 0.0615 0.1955 0.1656 
 379 0.0833 0.0283 0.0246 0.8638 
 380 0.0768 0.1188 0.1057 0.6987 
 381 0.0641 0.0798 0.0808 0.7754 
 382 0.3599 0.0301 0.0368 0.5733 
 383 0.0761 0.0499 0.1125 0.7615 
 384 0.2190 0.0465 0.0942 0.6403 
 385 0.6639 0.0276 0.1466 0.1619 
 386 0.2695 0.0418 0.0348 0.6539 
 387 0.3236 0.0380 0.0421 0.5962 
 388 0.4083 0.0633 0.2687 0.2596 
 389 0.4277 0.4464 0.0414 0.0845 
 390 0.2057 0.1662 0.0344 0.5937 
 391 0.6248 0.1373 0.0711 0.1668 
 392 0.1313 0.0511 0.0719 0.7457 
 393 0.0667 0.0620 0.0571 0.8142 
 394 0.3157 0.0819 0.2621 0.3402 
 395 0.2041 0.3342 0.0397 0.4219 
 396 0.4347 0.0344 0.0250 0.5059 
 397 0.3641 0.1589 0.1357 0.3413 
 398 0.1332 0.0265 0.0263 0.8139 
 399 0.5304 0.1115 0.0336 0.3245 
 400 0.2670 0.0321 0.0501 0.6508 
 401 0.4518 0.0923 0.0582 0.3978 
 402 0.4918 0.2042 0.0546 0.2494 
 403 0.3376 0.0719 0.3755 0.2150 
 404 0.3198 0.0847 0.0823 0.5132 
 405 0.2464 0.1372 0.0735 0.5429 
 406 0.0667 0.5439 0.0826 0.3067 
 407 0.0957 0.0288 0.0246 0.8509 
 408 0.6725 0.1900 0.0240 0.1135 
 409 0.1004 0.2694 0.3136 0.3167 
 410 0.2179 0.0459 0.0794 0.6568 
 411 0.1168 0.0976 0.1487 0.6370 
 412 0.7600 0.0377 0.0389 0.1635 
 413 0.5308 0.0865 0.1710 0.2117 
 414 0.7982 0.0382 0.0263 0.1373 
 415 0.0981 0.0792 0.0370 0.7857 
 416 0.2168 0.0813 0.0568 0.6451 
 417 0.1140 0.0322 0.0333 0.8205 
 418 0.5238 0.0265 0.0274 0.4224 
 419 0.3609 0.1227 0.1788 0.3376 
 420 0.3055 0.1809 0.0341 0.4796 
 421 0.2424 0.0438 0.0376 0.6763 
 422 0.1859 0.2702 0.0434 0.5004 
 423 0.1800 0.0780 0.0483 0.6936 
 424 0.6037 0.1078 0.0608 0.2278 
 425 0.4663 0.0572 0.0832 0.3933 
 426 0.6846 0.0395 0.0691 0.2068 
 427 0.1137 0.0382 0.1110 0.7371 
 428 0.1971 0.1398 0.1651 0.4980 
 429 0.1347 0.0242 0.0224 0.8187 
 430 0.1066 0.0325 0.0307 0.8302 
 431 0.6291 0.0637 0.0546 0.2526 
 432 0.7630 0.0458 0.0501 0.1412 
 433 0.5948 0.0930 0.2306 0.0816 
 434 0.3606 0.0907 0.1231 0.4255 
 435 0.1061 0.0314 0.0256 0.8368 
 436 0.0757 0.0307 0.0435 0.8501 
 437 0.1066 0.0279 0.0294 0.8360 
 438 0.1838 0.1191 0.0628 0.6343 
 439 0.0732 0.0220 0.0356 0.8692 
 440 0.0802 0.0297 0.0208 0.8693 
 441 0.1617 0.0362 0.0866 0.7154 
 442 0.1858 0.0454 0.0295 0.7393 
 443 0.2492 0.0981 0.0260 0.6268 
 444 0.1401 0.0488 0.0294 0.7818 
 445 0.1202 0.0953 0.1339 0.6505 
 446 0.1786 0.0222 0.0320 0.7672 
 447 0.1591 0.0680 0.0664 0.7066 
 448 0.1696 0.0398 0.0313 0.7593 
 449 0.1849 0.0496 0.0543 0.7112 
 450 0.1566 0.0207 0.0558 0.7669 
 451 0.7533 0.0503 0.0218 0.1746 
 452 0.1138 0.0252 0.0440 0.8170 
 453 0.3208 0.4419 0.0611 0.1763 
 454 0.1525 0.0438 0.0646 0.7392 
 455 0.1262 0.0482 0.0302 0.7954 
 456 0.1189 0.0946 0.0265 0.7600 
 457 0.0853 0.0272 0.0321 0.8554 
 458 0.0959 0.0238 0.0357 0.8446 
 459 0.2315 0.0394 0.1068 0.6223 
 460 0.1399 0.0249 0.0282 0.8070 
 461 0.2916 0.0182 0.0297 0.6605 
 462 0.1565 0.0545 0.0209 0.7681 
 463 0.1032 0.3785 0.0468 0.4715 
 464 0.1638 0.0500 0.0260 0.7602 
 465 0.4548 0.0508 0.0387 0.4558 
 466 0.2324 0.1644 0.0289 0.5743 
 467 0.1331 0.0602 0.0533 0.7533 
 468 0.0662 0.0480 0.0256 0.8601 
 469 0.0628 0.0215 0.0293 0.8864 
 470 0.0973 0.0252 0.0267 0.8509 
 471 0.2339 0.2564 0.0314 0.4783 
 472 0.2737 0.0772 0.0370 0.6121 
 473 0.2191 0.0750 0.0599 0.6460 
 474 0.1045 0.0446 0.0410 0.8099 
 475 0.3869 0.0492 0.0604 0.5035 
 476 0.0787 0.0316 0.0322 0.8575 
 477 0.6655 0.0457 0.0603 0.2285 
 478 0.7538 0.0247 0.0282 0.1933 
 479 0.1206 0.0245 0.0251 0.8297 
 480 0.0710 0.0235 0.0294 0.8761 
 481 0.3366 0.0918 0.0320 0.5395 
 482 0.0968 0.0208 0.0255 0.8569 
 483 0.1252 0.0275 0.0375 0.8098 
 484 0.1407 0.1070 0.0368 0.7156 
 485 0.1001 0.0313 0.0287 0.8399 
 486 0.6986 0.1441 0.0476 0.1097 
 487 0.6619 0.0676 0.1397 0.1308 
 488 0.8052 0.0529 0.0682 0.0737 
 489 0.3432 0.2928 0.1971 0.1669 
 490 0.7542 0.0738 0.0289 0.1431 
 491 0.5861 0.1824 0.1336 0.0980 
 492 0.5437 0.1501 0.2160 0.0903 
 493 0.7841 0.0739 0.0592 0.0829 
 494 0.5296 0.1619 0.0964 0.2122 
 495 0.7228 0.0574 0.1135 0.1063 
 496 0.3259 0.2201 0.3392 0.1149 
 497 0.7548 0.0499 0.1181 0.0771 
 498 0.6242 0.1628 0.0852 0.1278 
 499 0.5058 0.0871 0.3037 0.1034 
 500 0.4646 0.1357 0.0613 0.3384 
 501 0.5170 0.0676 0.1729 0.2425 
 502 0.6440 0.0406 0.1956 0.1198 
 503 0.2896 0.0738 0.0378 0.5988 
 504 0.8340 0.0504 0.0431 0.0725 
 505 0.3636 0.4679 0.0804 0.0881 
 506 0.6137 0.0906 0.1695 0.1262 
 507 0.0877 0.1552 0.7031 0.0539 
 508 0.1929 0.1589 0.5998 0.0484 
 509 0.4198 0.3023 0.1902 0.0878 
 510 0.3804 0.0814 0.2764 0.2618 
 511 0.2210 0.1188 0.0484 0.6118 
 512 0.3041 0.0405 0.0296 0.6258 
 513 0.7934 0.1171 0.0515 0.0380 
 514 0.7866 0.0587 0.0504 0.1042 
 515 0.1902 0.1128 0.1530 0.5440 
 516 0.7556 0.1183 0.0536 0.0725 
 517 0.2655 0.2554 0.1405 0.3386 
 518 0.3274 0.1082 0.3003 0.2641 
 519 0.7835 0.0479 0.0595 0.1092 
 520 0.1018 0.3526 0.2656 0.2800 
 521 0.3274 0.1857 0.3682 0.1187 
 522 0.1567 0.2198 0.0442 0.5792 
 523 0.2528 0.4684 0.1617 0.1170 
 524 0.1704 0.1520 0.0829 0.5947 
 525 0.2088 0.1203 0.2792 0.3917 
 526 0.0775 0.4402 0.0618 0.4205 
 527 0.7097 0.0338 0.0480 0.2085 
 528 0.1521 0.2465 0.5233 0.0781 
 529 0.5255 0.1705 0.1572 0.1469 
 530 0.1880 0.1223 0.0847 0.6050 
 531 0.1602 0.0919 0.4411 0.3068 
 532 0.4238 0.1014 0.2936 0.1812 
 533 0.2562 0.1987 0.0733 0.4718 
 534 0.5779 0.2518 0.1092 0.0611 
 535 0.2533 0.3463 0.0633 0.3371 
 536 0.1670 0.3568 0.1445 0.3318 
 537 0.1140 0.5914 0.2086 0.0860 
 538 0.1287 0.6443 0.1217 0.1054 
 539 0.0840 0.2436 0.6104 0.0620 
 540 0.1620 0.4192 0.2243 0.1944 
 541 0.1530 0.1535 0.5289 0.1646 
 542 0.1009 0.5258 0.0482 0.3251 
 543 0.2787 0.4679 0.1588 0.0945 
 544 0.1162 0.6487 0.0677 0.1674 
 545 0.1313 0.5494 0.0346 0.2847 
 546 0.1595 0.5648 0.1212 0.1544 
 547 0.1317 0.6559 0.1196 0.0927 
 548 0.2231 0.4953 0.2015 0.0801 
 549 0.0851 0.1878 0.4741 0.2531 
 550 0.1154 0.4168 0.0667 0.4011 
 551 0.1302 0.0844 0.6659 0.1195 
 552 0.0921 0.6976 0.1094 0.1009 
 553 0.1186 0.7117 0.1178 0.0520 
 554 0.3109 0.1468 0.1465 0.3958 
 555 0.1582 0.5206 0.2395 0.0817 
 556 0.1509 0.6487 0.0983 0.1021 
 557 0.1893 0.2514 0.1044 0.4549 
 558 0.0943 0.0186 0.0267 0.8603 
 559 0.7116 0.1235 0.0443 0.1207 
 560 0.3279 0.0346 0.0204 0.6171 
 561 0.4246 0.0601 0.0289 0.4864 
 562 0.5710 0.0975 0.0209 0.3106 
 563 0.6359 0.0505 0.1423 0.1713 
 564 0.4555 0.3396 0.0503 0.1547 
 565 0.0891 0.0248 0.0313 0.8547 
 566 0.5356 0.0362 0.0215 0.4066 
 567 0.6897 0.1887 0.0306 0.0910 
 568 0.4666 0.1307 0.0482 0.3544 
 569 0.2764 0.1703 0.0476 0.5058 
 570 0.1159 0.0239 0.0224 0.8378 
 571 0.7586 0.0455 0.0337 0.1622 
 572 0.1185 0.5934 0.1039 0.1842 
 573 0.4600 0.2485 0.0529 0.2386 
 574 0.2063 0.0645 0.1236 0.6056 
 575 0.5802 0.0787 0.0833 0.2579 
 576 0.7006 0.0256 0.0217 0.2521 
 577 0.3052 0.0504 0.1069 0.5375 
 578 0.5230 0.0541 0.0385 0.3844 
 579 0.4662 0.0720 0.0349 0.4269 
 580 0.2047 0.0379 0.0606 0.6969 
 581 0.2411 0.0345 0.0455 0.6789 
 582 0.1345 0.0416 0.0232 0.8007 
 583 0.6619 0.0370 0.0353 0.2657 
 584 0.7438 0.0246 0.0258 0.2057 
 585 0.4468 0.0380 0.0307 0.4845 
 586 0.7612 0.0639 0.0416 0.1334 
 587 0.2720 0.0866 0.0235 0.6180 
 588 0.1817 0.7439 0.0315 0.0429 
 589 0.1301 0.0733 0.0257 0.7708 
 590 0.8300 0.0480 0.0293 0.0927 
 591 0.8015 0.0364 0.0372 0.1249 
 592 0.3608 0.2573 0.0273 0.3546 
 593 0.4024 0.0937 0.0626 0.4413 
 594 0.8026 0.0376 0.0687 0.0911 
 595 0.5531 0.0341 0.0235 0.3892 
 596 0.3260 0.4246 0.0471 0.2023 
 597 0.6501 0.0959 0.1638 0.0902 
 598 0.0881 0.0204 0.0242 0.8673 
 599 0.4401 0.0787 0.0229 0.4583 
 600 0.1819 0.0689 0.0717 0.6775 
 601 0.2465 0.0526 0.0224 0.6784 
 602 0.6984 0.0775 0.1144 0.1097 
 603 0.6998 0.0917 0.1049 0.1036 
 604 0.2585 0.0594 0.0913 0.5908 
 605 0.4780 0.1030 0.0458 0.3732 
 606 0.3609 0.2356 0.1339 0.2696 
 607 0.2984 0.0791 0.2855 0.3370 
 608 0.1945 0.0508 0.4503 0.3044 
 609 0.2918 0.0517 0.0588 0.5977 
 610 0.1478 0.0952 0.0436 0.7134 
 611 0.6428 0.1203 0.1041 0.1329 
 612 0.0811 0.0343 0.0333 0.8514 
 613 0.4590 0.1189 0.0596 0.3624 
 614 0.1104 0.0467 0.0326 0.8104 
 615 0.0986 0.0596 0.0598 0.7819 
 616 0.3866 0.0902 0.1916 0.3316 
 617 0.3559 0.0718 0.0375 0.5348 
 618 0.1410 0.0812 0.1554 0.6223 
 619 0.2686 0.3330 0.1037 0.2947 
 620 0.3857 0.3780 0.0210 0.2154 
 621 0.7169 0.0234 0.0359 0.2239 
 622 0.2004 0.1962 0.1042 0.4991 
 623 0.6499 0.1048 0.0378 0.2075 
 624 0.1005 0.0361 0.1190 0.7443 
 625 0.2424 0.0386 0.1315 0.5875 
 626 0.0811 0.1707 0.3547 0.3935 
 627 0.5985 0.0966 0.0539 0.2510 
 628 0.6892 0.1067 0.0488 0.1553 
 629 0.6187 0.0709 0.0650 0.2455 
 630 0.1784 0.0517 0.0473 0.7226 
 631 0.2363 0.0671 0.0549 0.6418 
 632 0.2300 0.3921 0.2094 0.1685 
 633 0.2484 0.0489 0.1084 0.5944 
 634 0.3559 0.1981 0.1518 0.2942 
 635 0.1682 0.1089 0.5002 0.2227 
 636 0.1817 0.0474 0.2185 0.5525 
 637 0.2448 0.3748 0.0798 0.3006 
 638 0.6213 0.0653 0.1057 0.2077 
 639 0.2676 0.0684 0.0961 0.5680 
 640 0.7410 0.0263 0.0456 0.1870 
 641 0.5233 0.0679 0.0677 0.3411 
 642 0.1759 0.1349 0.5323 0.1568 
 643 0.0918 0.0403 0.7957 0.0722 
 644 0.2453 0.0632 0.6109 0.0807 
 645 0.0801 0.0582 0.5305 0.3312 
 646 0.4568 0.2060 0.1171 0.2201 
 647 0.4736 0.0879 0.3381 0.1004 
 648 0.2727 0.2419 0.2948 0.1905 
 649 0.2762 0.5143 0.1374 0.0721 
 650 0.5933 0.1736 0.1442 0.0889 
 651 0.4693 0.0552 0.3972 0.0783 
 652 0.1973 0.0790 0.6179 0.1059 
 653 0.2917 0.1386 0.4169 0.1528 
 654 0.1669 0.2719 0.4378 0.1234 
 655 0.2710 0.0651 0.5326 0.1314 
 656 0.3462 0.2518 0.2502 0.1518 
 657 0.3414 0.0510 0.1964 0.4111 
 658 0.3820 0.1495 0.2160 0.2526 
 659 0.2115 0.1375 0.5218 0.1292 
 660 0.1467 0.1843 0.5940 0.0750 
 661 0.0919 0.2577 0.5330 0.1174 
 662 0.2451 0.6161 0.0812 0.0576 
 663 0.1986 0.2091 0.4667 0.1255 
 664 0.3425 0.0681 0.2371 0.3523 
 665 0.2534 0.5842 0.0933 0.0691 
 666 0.1623 0.2286 0.4819 0.1271 
 667 0.7218 0.0663 0.0824 0.1295 
 668 0.1893 0.1367 0.4681 0.2058 
 669 0.3422 0.2820 0.2645 0.1114 
 670 0.0690 0.0593 0.8261 0.0457 
 671 0.1253 0.1224 0.6874 0.0649 
 672 0.1312 0.0695 0.6932 0.1060 
 673 0.0511 0.0225 0.8832 0.0432 
 674 0.0889 0.0819 0.7401 0.0891 
 675 0.1089 0.0305 0.8149 0.0458 
 676 0.0500 0.0245 0.8832 0.0423 
 677 0.0587 0.3035 0.5937 0.0440 
 678 0.0548 0.0205 0.8825 0.0422 
 679 0.0837 0.0270 0.8091 0.0802 
 680 0.0666 0.0360 0.8255 0.0719 
 681 0.1595 0.2900 0.3049 0.2456 
 682 0.0576 0.0332 0.8348 0.0743 
 683 0.0617 0.0527 0.8406 0.0450 
 684 0.0570 0.0240 0.8761 0.0428 
 685 0.0474 0.0275 0.8868 0.0383 
 686 0.0748 0.1942 0.6499 0.0811 
 687 0.1173 0.1740 0.6473 0.0614 
 688 0.0804 0.0373 0.8292 0.0530 
 689 0.0482 0.0251 0.8869 0.0398 
 690 0.0487 0.0249 0.8851 0.0413 
 691 0.0798 0.0455 0.8009 0.0738 
 692 0.0818 0.0261 0.8333 0.0588 
 693 0.0826 0.0282 0.8229 0.0663 
 694 0.0457 0.0289 0.8902 0.0352 
 695 0.0537 0.0529 0.8379 0.0555 
 696 0.0806 0.0374 0.8287 0.0533 
 697 0.0511 0.0360 0.8695 0.0434 
 698 0.0520 0.0289 0.8781 0.0409 
 699 0.0545 0.2154 0.6772 0.0529 
 700 0.0648 0.0721 0.7541 0.1091 
 701 0.0933 0.0533 0.7733 0.0801 
 702 0.0973 0.0831 0.7131 0.1065 
 703 0.0611 0.0403 0.8220 0.0766 
 704 0.0730 0.0598 0.8158 0.0515 
 705 0.1102 0.3294 0.4363 0.1241 
 706 0.0550 0.0480 0.8287 0.0683 
 707 0.0525 0.0462 0.8549 0.0464 
 708 0.0561 0.0330 0.8704 0.0404 
 709 0.0494 0.0644 0.8386 0.0476 
 710 0.0447 0.0286 0.8894 0.0374 
 711 0.0613 0.1189 0.7472 0.0726 
 712 0.0530 0.1574 0.7521 0.0375 
 713 0.0766 0.0448 0.8296 0.0490 
 714 0.1055 0.0421 0.7713 0.0811 
 715 0.0447 0.0732 0.8432 0.0388 
 716 0.0501 0.0406 0.8461 0.0632 
 717 0.0450 0.0382 0.8779 0.0389 
 718 0.0793 0.0766 0.7753 0.0688 
 719 0.0497 0.0591 0.8532 0.0381 
 720 0.6700 0.0490 0.0363 0.2447 
 721 0.1200 0.0750 0.5775 0.2275 
 722 0.2083 0.0856 0.0681 0.6380 
 723 0.1965 0.0416 0.0600 0.7019 
 724 0.1048 0.0578 0.1736 0.6637 
 725 0.4382 0.1027 0.2327 0.2264 
 726 0.1407 0.1358 0.1076 0.6159 
 727 0.1928 0.3546 0.1976 0.2549 
 728 0.0634 0.0265 0.0215 0.8886 
 729 0.0819 0.0259 0.0236 0.8687 
 730 0.3457 0.0430 0.0409 0.5704 
 731 0.1128 0.0313 0.0510 0.8048 
 732 0.2031 0.0436 0.0608 0.6924 
 733 0.1002 0.0233 0.0334 0.8431 
 734 0.1114 0.0249 0.0224 0.8412 
 735 0.0807 0.0215 0.0409 0.8569 
 736 0.2355 0.0342 0.0457 0.6846 
 737 0.2665 0.0767 0.0495 0.6073 
 738 0.2916 0.0374 0.0412 0.6298 
 739 0.0937 0.0215 0.0307 0.8541 
 740 0.1466 0.0387 0.7485 0.0661 
 741 0.2333 0.0683 0.5667 0.1317 
 742 0.6434 0.0249 0.1563 0.1754 
 743 0.6975 0.0487 0.0808 0.1730 
 744 0.4427 0.3748 0.0812 0.1013 
 745 0.7547 0.0578 0.0318 0.1556 
 746 0.4635 0.0788 0.2032 0.2544 
 747 0.7490 0.0773 0.0582 0.1155 
 748 0.3758 0.0500 0.4772 0.0970 
 749 0.5892 0.1421 0.1441 0.1246 
 750 0.6419 0.1201 0.0916 0.1464 
 751 0.3424 0.0650 0.4763 0.1163 
 752 0.6457 0.0874 0.0788 0.1880 
 753 0.3583 0.0955 0.2094 0.3367 
 754 0.3849 0.0439 0.4272 0.1440 
 755 0.6163 0.0473 0.1762 0.1601 
 756 0.5830 0.0929 0.2489 0.0751 
 757 0.7222 0.0453 0.1205 0.1120 
 758 0.8638 0.0397 0.0295 0.0670 
 759 0.2057 0.0747 0.5116 0.2080 
 760 0.5223 0.0388 0.1261 0.3127 
 761 0.1592 0.0629 0.2852 0.4926 
 762 0.4408 0.0228 0.0519 0.4845 
 763 0.3577 0.0965 0.2082 0.3377 
 764 0.7861 0.0362 0.0745 0.1032 
 765 0.4261 0.0636 0.0599 0.4504 
 766 0.5286 0.0428 0.3192 0.1094 
 767 0.4888 0.0771 0.2498 0.1843 
 768 0.4211 0.0238 0.0514 0.5037 
 769 0.2279 0.0378 0.2461 0.4882 
 770 0.4352 0.0334 0.0425 0.4889 
 771 0.3654 0.4292 0.1346 0.0708 
 772 0.4298 0.0848 0.3062 0.1791 
 773 0.7793 0.0501 0.0763 0.0943 
 774 0.2686 0.0849 0.4847 0.1617 
 775 0.2192 0.0250 0.0875 0.6683 
 776 0.7812 0.0430 0.0478 0.1280 
 777 0.4894 0.1795 0.1058 0.2253 
 778 0.4553 0.2522 0.1614 0.1312 
 779 0.7800 0.0359 0.1058 0.0783 
 780 0.4051 0.0525 0.4298 0.1126 
 781 0.1891 0.6182 0.1264 0.0663 
 782 0.7834 0.0357 0.1058 0.0752 
 783 0.5281 0.0413 0.2546 0.1760 
 784 0.6330 0.0355 0.0644 0.2671 
 785 0.7146 0.0386 0.1311 0.1157 
 786 0.3566 0.0403 0.4630 0.1401 
 787 0.4180 0.1288 0.3928 0.0604 
 788 0.6886 0.0483 0.0825 0.1806 
 789 0.6285 0.0275 0.0756 0.2684 
 790 0.4863 0.0350 0.2874 0.1914 
 791 0.6737 0.0467 0.1248 0.1549 
 792 0.3467 0.1398 0.4495 0.0640 
 793 0.1518 0.2360 0.3828 0.2295 
 794 0.6169 0.0689 0.1359 0.1783 
 795 0.1513 0.0900 0.5445 0.2142 
 796 0.6940 0.0499 0.1582 0.0978 
 797 0.1150 0.1908 0.5685 0.1258 
 798 0.1186 0.1148 0.0252 0.7414 
 799 0.7365 0.0558 0.0649 0.1428 
 800 0.2068 0.2349 0.5106 0.0477 
 801 0.1191 0.0934 0.0507 0.7368 
 802 0.1209 0.1885 0.1928 0.4977 
 803 0.2460 0.1250 0.4305 0.1985 
 804 0.3052 0.3395 0.1085 0.2468 
 805 0.0866 0.0405 0.8093 0.0636 
 806 0.1384 0.3108 0.1028 0.4480 
 807 0.0789 0.2132 0.6232 0.0847 
 808 0.1344 0.4383 0.3346 0.0928 
 809 0.0866 0.6194 0.0481 0.2459 
 810 0.4052 0.1026 0.1755 0.3168 
 811 0.1469 0.3056 0.4053 0.1421 
 812 0.0921 0.7917 0.0264 0.0897 
 813 0.1424 0.0669 0.0309 0.7598 
 814 0.2650 0.6164 0.0418 0.0768 
 815 0.0905 0.2840 0.2298 0.3956 
 816 0.1665 0.1161 0.3422 0.3752 
 817 0.1202 0.1888 0.1964 0.4947 
 818 0.7368 0.0350 0.0626 0.1657 
 819 0.7627 0.0557 0.1263 0.0553 
 820 0.5971 0.1527 0.1626 0.0876 
 821 0.7377 0.0220 0.0821 0.1582 
 822 0.6925 0.0404 0.0255 0.2416 
 823 0.3357 0.0253 0.2267 0.4123 
 824 0.6959 0.0456 0.1329 0.1256 
 825 0.6643 0.0385 0.0483 0.2488 
 826 0.8411 0.0356 0.0343 0.0891 
 827 0.4328 0.0295 0.0512 0.4865 
 828 0.2575 0.0447 0.0846 0.6133 
 829 0.2243 0.0668 0.0858 0.6231 
 830 0.5706 0.0213 0.0344 0.3737 
 831 0.4547 0.0730 0.1261 0.3461 
 832 0.4785 0.0768 0.1410 0.3037 
 833 0.3066 0.0453 0.1714 0.4767 
 834 0.3972 0.0534 0.1224 0.4270 
 835 0.8444 0.0383 0.0334 0.0839 
 836 0.7855 0.0587 0.0663 0.0895 
 837 0.2344 0.0662 0.2307 0.4687 
 838 0.8235 0.0687 0.0344 0.0734 
 839 0.6885 0.0236 0.0547 0.2332 
 840 0.4855 0.2708 0.1405 0.1032 
 841 0.7663 0.0721 0.0875 0.0741 
 842 0.8429 0.0241 0.0262 0.1068 
 843 0.3041 0.3542 0.2444 0.0974 
 844 0.5446 0.0795 0.1555 0.2204 
 845 0.8456 0.0192 0.0352 0.1000 
 846 0.8082 0.0314 0.0804 0.0801 
 847 0.7465 0.0345 0.1626 0.0565 
 848 0.8192 0.0494 0.0705 0.0609 
 849 0.7559 0.0309 0.0518 0.1614 
 850 0.7301 0.0287 0.0512 0.1900 
 851 0.8575 0.0278 0.0428 0.0718 
 852 0.1822 0.0300 0.5240 0.2637 
 853 0.7389 0.0285 0.0409 0.1918 
 854 0.3441 0.0288 0.2406 0.3865 
 855 0.8004 0.0369 0.0695 0.0932 
 856 0.7491 0.0377 0.1100 0.1032 
 857 0.7296 0.1175 0.0515 0.1015 
 858 0.8197 0.0324 0.0379 0.1100 
 859 0.6809 0.0242 0.0462 0.2487 
 860 0.8388 0.0430 0.0380 0.0802 
 861 0.4093 0.1125 0.4115 0.0668 
 862 0.0719 0.0305 0.0318 0.8659 
 863 0.0805 0.0461 0.0685 0.8049 
 864 0.0597 0.0229 0.0519 0.8655 
 865 0.1002 0.0261 0.0215 0.8522 
 866 0.3592 0.0483 0.0358 0.5566 
 867 0.0636 0.0390 0.0434 0.8540 
 868 0.1295 0.0503 0.0365 0.7837 
 869 0.3338 0.0389 0.0411 0.5862 
 870 0.1390 0.1154 0.0247 0.7209 
 871 0.1336 0.0302 0.0263 0.8099 
 872 0.0907 0.0232 0.0353 0.8507 
 873 0.0740 0.0255 0.0411 0.8594 
 874 0.0732 0.0321 0.0250 0.8698 
 875 0.2408 0.1085 0.0424 0.6082 
 876 0.7229 0.0730 0.0322 0.1719 
 877 0.0615 0.0238 0.0356 0.8791 
 878 0.2812 0.0844 0.0578 0.5767 
 879 0.0741 0.0241 0.0483 0.8535 
 880 0.2599 0.1245 0.0312 0.5844 
 881 0.0873 0.0310 0.0426 0.8390 
 882 0.0795 0.0214 0.0416 0.8575 
 883 0.7651 0.0684 0.0437 0.1228 
 884 0.0990 0.0251 0.0213 0.8546 
 885 0.1406 0.1433 0.0639 0.6522 
 886 0.2117 0.0333 0.0587 0.6963 
 887 0.0947 0.0261 0.0249 0.8543 
 888 0.1819 0.2907 0.0962 0.4312 
 889 0.0808 0.0268 0.0207 0.8716 
 890 0.4070 0.0611 0.0230 0.5088 
 891 0.7972 0.0591 0.0372 0.1065 
 892 0.7498 0.0869 0.0415 0.1218 
 893 0.4895 0.1670 0.0639 0.2796 
 894 0.5659 0.0211 0.0266 0.3864 
 895 0.1394 0.0308 0.0270 0.8027 
 896 0.7861 0.0690 0.0679 0.0771 
 897 0.8320 0.0480 0.0393 0.0807 
 898 0.3476 0.0681 0.0734 0.5110 
 899 0.6916 0.0214 0.0226 0.2644 
 900 0.8277 0.0469 0.0322 0.0933 
 901 0.8169 0.0342 0.0350 0.1140 
 902 0.4872 0.3707 0.0436 0.0985 
 903 0.2354 0.0394 0.0326 0.6927 
 904 0.3077 0.0901 0.0669 0.5353 
 905 0.2596 0.0251 0.0243 0.6910 
 906 0.5598 0.0879 0.0470 0.3053 
 907 0.7340 0.0299 0.0557 0.1805 
 908 0.7257 0.0283 0.0430 0.2031 
 909 0.5383 0.1203 0.0502 0.2913 
 910 0.7531 0.0901 0.0441 0.1127 
 911 0.1835 0.0278 0.0217 0.7670 
 912 0.6062 0.0286 0.0280 0.3372 
 913 0.4570 0.0436 0.0243 0.4752 
 914 0.4853 0.0361 0.1708 0.3077 
 915 0.6908 0.0392 0.0216 0.2485 
 916 0.7415 0.0367 0.0295 0.1924 
 917 0.6647 0.0369 0.0312 0.2671 
 918 0.3051 0.0505 0.1286 0.5158 
 919 0.2226 0.0396 0.0655 0.6723 
 920 0.7646 0.0274 0.0478 0.1603 
 921 0.3218 0.2951 0.2584 0.1247 
 922 0.2245 0.6357 0.0389 0.1009 
 923 0.3261 0.5361 0.0644 0.0734 
 924 0.3448 0.5398 0.0379 0.0775 
 925 0.3752 0.4510 0.0677 0.1061 
 926 0.1261 0.7653 0.0641 0.0444 
 927 0.1128 0.7217 0.0895 0.0760 
 928 0.1289 0.6840 0.1412 0.0459 
 929 0.1693 0.7454 0.0384 0.0468 
 930 0.2454 0.5925 0.0673 0.0948 
 931 0.0506 0.6830 0.0974 0.1690 
 932 0.1281 0.7902 0.0299 0.0519 
 933 0.1579 0.3868 0.3922 0.0631 
 934 0.2528 0.6722 0.0258 0.0493 
 935 0.0752 0.8083 0.0397 0.0768 
 936 0.0643 0.8582 0.0251 0.0523 
 937 0.0530 0.8574 0.0415 0.0481 
 938 0.0632 0.8246 0.0768 0.0354 
 939 0.0489 0.8320 0.0711 0.0480 
 940 0.1079 0.7443 0.0647 0.0832 
 941 0.1339 0.7316 0.0287 0.1058 
 942 0.2738 0.3990 0.2204 0.1068 
 943 0.0447 0.8426 0.0679 0.0448 
 944 0.0618 0.8272 0.0534 0.0576 
 945 0.1849 0.6834 0.0556 0.0761 
 946 0.1022 0.8032 0.0388 0.0558 
 947 0.0631 0.8307 0.0609 0.0452 
 948 0.0608 0.7396 0.0223 0.1773 
 949 0.0959 0.6648 0.0233 0.2160 
 950 0.0625 0.8575 0.0450 0.0351 
 951 0.1163 0.7156 0.0765 0.0916 
 952 0.0819 0.8267 0.0312 0.0601 
 953 0.1752 0.6436 0.0509 0.1302 
 954 0.0730 0.7672 0.0333 0.1265 
 955 0.0590 0.0670 0.8120 0.0620 
 956 0.0968 0.1720 0.6771 0.0540 
 957 0.2376 0.1612 0.4117 0.1895 
 958 0.6329 0.0997 0.0817 0.1857 
 959 0.3909 0.2739 0.2429 0.0922 
 960 0.3512 0.0393 0.1125 0.4971 
 961 0.0477 0.0273 0.8866 0.0384 
 962 0.6510 0.2287 0.0735 0.0468 
 963 0.6468 0.0811 0.0836 0.1885 
 964 0.6589 0.0423 0.1384 0.1604 
 965 0.4676 0.1330 0.3202 0.0792 
 966 0.4770 0.1163 0.2426 0.1641 
 967 0.0574 0.0582 0.8122 0.0722 
 968 0.6860 0.1586 0.1010 0.0544 
 969 0.2546 0.0598 0.3214 0.3641 
 970 0.1123 0.0689 0.7461 0.0726 
 971 0.4758 0.3350 0.1227 0.0665 
 972 0.3584 0.1107 0.2849 0.2460 
 973 0.3388 0.2829 0.3223 0.0560 
 974 0.7067 0.0632 0.1008 0.1293 
 975 0.2536 0.0601 0.3209 0.3654 
 976 0.4752 0.3374 0.1199 0.0675 
 977 0.3628 0.0526 0.4022 0.1824 
 978 0.5150 0.1862 0.2281 0.0707 
 979 0.6296 0.1925 0.0766 0.1013 
 980 0.4300 0.1291 0.3645 0.0764 
 981 0.3036 0.3442 0.1911 0.1610 
 982 0.7203 0.0705 0.0465 0.1627 
 983 0.3982 0.0807 0.0572 0.4640 
 984 0.1088 0.0389 0.6610 0.1913 
 985 0.6738 0.0574 0.1882 0.0806 
 986 0.7178 0.0572 0.0860 0.1390 
 987 0.7292 0.1198 0.0336 0.1173 
 988 0.4169 0.0214 0.0262 0.5354 
 989 0.0936 0.2651 0.4330 0.2083 
 990 0.5975 0.0377 0.1163 0.2484 
 991 0.4875 0.2455 0.1261 0.1409 
 992 0.6113 0.2957 0.0313 0.0617 
 993 0.2624 0.0668 0.0581 0.6127 
 994 0.2398 0.5106 0.1522 0.0974 
 995 0.0650 0.1201 0.7763 0.0386 
 996 0.6592 0.0383 0.0518 0.2507 
 997 0.6552 0.1882 0.0913 0.0653 
 998 0.7214 0.1039 0.0486 0.1262 
 999 0.6451 0.0592 0.1943 0.1014 
1000 0.6999 0.1264 0.0409 0.1329 
1001 0.6353 0.0427 0.0636 0.2584 
1002 0.7747 0.0292 0.0260 0.1701 
1003 0.5234 0.2711 0.0823 0.1232 
1004 0.8211 0.0428 0.0727 0.0633 
1005 0.7589 0.0895 0.0448 0.1068 
1006 0.1692 0.6317 0.0760 0.1232 
1007 0.2811 0.3728 0.2434 0.1027 
1008 0.1558 0.5496 0.2128 0.0819 
1009 0.2869 0.3019 0.1446 0.2666 
1010 0.2775 0.4793 0.1142 0.1290 
1011 0.2153 0.3564 0.2891 0.1392 
1012 0.0986 0.7735 0.0402 0.0878 
1013 0.2821 0.5312 0.0631 0.1236 
1014 0.7067 0.0898 0.0433 0.1601 
1015 0.3477 0.5476 0.0425 0.0622 
1016 0.8314 0.0409 0.0389 0.0887 
1017 0.5597 0.2070 0.1555 0.0778 
1018 0.4992 0.2020 0.1746 0.1241 
1019 0.4799 0.1936 0.1417 0.1848 
1020 0.0865 0.1309 0.7215 0.0611 
1021 0.0727 0.6832 0.1895 0.0546 
1022 0.6416 0.1079 0.1569 0.0936 
1023 0.5218 0.0888 0.0590 0.3304 
1024 0.4813 0.1631 0.0388 0.3167 
1025 0.7909 0.0336 0.0876 0.0880 
1026 0.0785 0.0904 0.1929 0.6383 
1027 0.0838 0.3616 0.1153 0.4392 
1028 0.2110 0.0428 0.1308 0.6154 
1029 0.4575 0.1625 0.1950 0.1850 
1030 0.2132 0.1982 0.4239 0.1647 
1031 0.1113 0.1356 0.2717 0.4814 
1032 0.1533 0.1814 0.3109 0.3543 
1033 0.1747 0.1199 0.2608 0.4445 
1034 0.4378 0.1811 0.1997 0.1815 
1035 0.1136 0.0513 0.7159 0.1193 
1036 0.1381 0.3707 0.2430 0.2482 
1037 0.2526 0.2126 0.4440 0.0908 
1038 0.1368 0.0524 0.4824 0.3285 
1039 0.1501 0.3802 0.2589 0.2108 
1040 0.0826 0.1337 0.1570 0.6266 
1041 0.1470 0.0724 0.2083 0.5723 
1042 0.2020 0.0922 0.4732 0.2326 
1043 0.1787 0.0658 0.2559 0.4996 
1044 0.2650 0.0927 0.1673 0.4750 
1045 0.0920 0.0359 0.2092 0.6629 
1046 0.1825 0.1535 0.4141 0.2499 
1047 0.1104 0.1375 0.6310 0.1210 
1048 0.5837 0.0655 0.0939 0.2570 
1049 0.7715 0.0475 0.0636 0.1175 
1050 0.6339 0.0246 0.0227 0.3189 
1051 0.7720 0.0296 0.0261 0.1722 
1052 0.6829 0.0461 0.0378 0.2331 
1053 0.7279 0.0263 0.0473 0.1985 
1054 0.7410 0.0358 0.0475 0.1756 
1055 0.8693 0.0286 0.0334 0.0686 
1056 0.8051 0.0453 0.0347 0.1149 
1057 0.1571 0.0672 0.0273 0.7484 
1058 0.6519 0.0382 0.0276 0.2824 
1059 0.5347 0.0287 0.0584 0.3782 
1060 0.6121 0.0389 0.1012 0.2478 
1061 0.8640 0.0395 0.0303 0.0662 
1062 0.5928 0.0362 0.0313 0.3397 
1063 0.7594 0.1012 0.0784 0.0610 
1064 0.7141 0.0428 0.0367 0.2064 
1065 0.7551 0.0548 0.0569 0.1332 
1066 0.8364 0.0282 0.0677 0.0677 
1067 0.6414 0.0325 0.0302 0.2959 
1068 0.3666 0.0954 0.2858 0.2522 
1069 0.8608 0.0256 0.0220 0.0916 
1070 0.7205 0.0538 0.0328 0.1929 
1071 0.6743 0.0435 0.1161 0.1662 
1072 0.7910 0.0434 0.0572 0.1084 
1073 0.7166 0.0223 0.0408 0.2203 
1074 0.5181 0.0451 0.0954 0.3414 
1075 0.6721 0.0459 0.0531 0.2289 
1076 0.7076 0.0314 0.0644 0.1966 
1077 0.1639 0.0353 0.0280 0.7729 
1078 0.7487 0.0871 0.0417 0.1224 
1079 0.7198 0.0275 0.0366 0.2161 
1080 0.4910 0.1599 0.1636 0.1855 
1081 0.7315 0.0208 0.0274 0.2203 
1082 0.5947 0.0632 0.0752 0.2670 
1083 0.7877 0.0403 0.0530 0.1190 
1084 0.5729 0.1306 0.1268 0.1697 
1085 0.8194 0.0278 0.0200 0.1328 
1086 0.8723 0.0420 0.0293 0.0564 
1087 0.8216 0.0305 0.0200 0.1278 
1088 0.8421 0.0315 0.0217 0.1047 
1089 0.6633 0.0187 0.0246 0.2934 
1090 0.7320 0.0263 0.0327 0.2090 
1091 0.7847 0.0372 0.0476 0.1305 
1092 0.6973 0.0296 0.0285 0.2446 
1093 0.7646 0.0552 0.0902 0.0899 
1094 0.2134 0.0504 0.0800 0.6561 
1095 0.2100 0.0289 0.0265 0.7346 
1096 0.6723 0.0315 0.0700 0.2262 
1097 0.3107 0.0260 0.0217 0.6416 
1098 0.7571 0.1464 0.0263 0.0702 
1099 0.4897 0.3467 0.0784 0.0852 
1100 0.8133 0.0236 0.0270 0.1361 
1101 0.8319 0.0281 0.0233 0.1167 
1102 0.6403 0.0399 0.0316 0.2882 
1103 0.7758 0.0338 0.0520 0.1383 
1104 0.8183 0.0505 0.0326 0.0986 
1105 0.7864 0.0476 0.0323 0.1338 
1106 0.6858 0.0401 0.1126 0.1615 
1107 0.7228 0.0236 0.0538 0.1998 
1108 0.2256 0.0242 0.0373 0.7129 
1109 0.3855 0.0270 0.0337 0.5539 
1110 0.2210 0.2783 0.4073 0.0934 
1111 0.2670 0.2638 0.4204 0.0488 
1112 0.0514 0.0514 0.6818 0.2155 
1113 0.1535 0.3592 0.2401 0.2472 
1114 0.1766 0.0819 0.2822 0.4594 
1115 0.0780 0.6200 0.1613 0.1407 
1116 0.0724 0.0654 0.7680 0.0942 
1117 0.1318 0.1172 0.1171 0.6339 
1118 0.0571 0.0459 0.8112 0.0858 
1119 0.0890 0.3251 0.1361 0.4499 
1120 0.0782 0.4938 0.2730 0.1551 
1121 0.0742 0.0559 0.4833 0.3866 
1122 0.2159 0.0647 0.3968 0.3226 
1123 0.3259 0.0793 0.2182 0.3767 
1124 0.0571 0.0455 0.8117 0.0857 
1125 0.2117 0.0786 0.5150 0.1947 
1126 0.0962 0.0614 0.4472 0.3953 
1127 0.0867 0.2381 0.3786 0.2965 
1128 0.0921 0.3680 0.4613 0.0786 
1129 0.1651 0.4070 0.1335 0.2944 
1130 0.3225 0.2123 0.2131 0.2521 
1131 0.1245 0.0553 0.1303 0.6899 
1132 0.0656 0.4277 0.2792 0.2275 
1133 0.0959 0.0470 0.7212 0.1359 
1134 0.0629 0.0991 0.7758 0.0621 
1135 0.3165 0.1227 0.0916 0.4693 
1136 0.0811 0.1357 0.0831 0.7001 
1137 0.1626 0.0864 0.6519 0.0990 
1138 0.2275 0.1659 0.3169 0.2897 
1139 0.0678 0.1413 0.7202 0.0708 
1140 0.2452 0.1078 0.3252 0.3217 
1141 0.2854 0.1531 0.2363 0.3252 
1142 0.1330 0.0811 0.1014 0.6845 
1143 0.3350 0.0697 0.4174 0.1780 
1144 0.0893 0.5199 0.2346 0.1563 
1145 0.1067 0.3221 0.1254 0.4458 
1146 0.1259 0.0345 0.4683 0.3712 
1147 0.4712 0.1019 0.1062 0.3207 
1148 0.0956 0.0279 0.0563 0.8201 
1149 0.1437 0.3188 0.3490 0.1884 
1150 0.2027 0.4783 0.1609 0.1581 
1151 0.0694 0.0523 0.6787 0.1997 
1152 0.2424 0.1054 0.2084 0.4438 
1153 0.1156 0.1957 0.0616 0.6271 
1154 0.1949 0.0810 0.3468 0.3773 
1155 0.1115 0.4431 0.2030 0.2424 
1156 0.0704 0.5641 0.2586 0.1069 
1157 0.0721 0.1509 0.2505 0.5265 
1158 0.0837 0.1311 0.5801 0.2050 
1159 0.7763 0.0525 0.0309 0.1403 
1160 0.6631 0.1490 0.0307 0.1572 
1161 0.7856 0.1038 0.0485 0.0621 
1162 0.3332 0.3878 0.1090 0.1700 
1163 0.2529 0.2861 0.3369 0.1241 
1164 0.2736 0.3014 0.1307 0.2944 
1165 0.8086 0.0489 0.0394 0.1032 
1166 0.5056 0.1741 0.2296 0.0906 
1167 0.7973 0.0308 0.0293 0.1427 
1168 0.6406 0.0797 0.0528 0.2269 
1169 0.6573 0.1029 0.0700 0.1699 
1170 0.3524 0.0667 0.0425 0.5384 
1171 0.5163 0.0441 0.0961 0.3435 
1172 0.6989 0.0466 0.0458 0.2087 
1173 0.7361 0.0663 0.0488 0.1488 
1174 0.8404 0.0443 0.0288 0.0865 
1175 0.7586 0.0713 0.0399 0.1303 
1176 0.4535 0.2542 0.0995 0.1928 
