   1 0.1028 0.2548 0.2753 0.3671 
   2 0.0317 0.0527 0.0527 0.8629 
   3 0.0815 0.1753 0.5409 0.2023 
   4 0.0554 0.6475 0.0569 0.2402 
   5 0.0306 0.0463 0.0619 0.8612 
   6 0.0188 0.0455 0.7643 0.1715 
   7 0.0141 0.0405 0.1536 0.7918 
   8 0.0341 0.3389 0.2624 0.3646 
   9 0.0495 0.1095 0.3422 0.4987 
  10 0.0160 0.1461 0.2960 0.5419 
  11 0.0179 0.0428 0.2390 0.7002 
  12 0.0339 0.0824 0.0751 0.8086 
  13 0.0254 0.0842 0.1242 0.7661 
  14 0.1618 0.1359 0.1285 0.5738 
  15 0.0479 0.1918 0.1089 0.6514 
  16 0.0332 0.0730 0.5606 0.3333 
  17 0.0361 0.0754 0.2222 0.6663 
  18 0.0366 0.1699 0.4300 0.3635 
  19 0.0197 0.0661 0.4489 0.4652 
  20 0.0472 0.0673 0.1369 0.7485 
  21 0.1187 0.2765 0.1660 0.4388 
  22 0.0269 0.0858 0.7063 0.1811 
  23 0.2775 0.2251 0.0726 0.4248 
  24 0.0468 0.2417 0.3744 0.3372 
  25 0.0214 0.0327 0.1515 0.7945 
  26 0.0480 0.1540 0.2557 0.5422 
  27 0.0676 0.1124 0.2346 0.5854 
  28 0.0296 0.2914 0.1903 0.4888 
  29 0.0489 0.0640 0.0902 0.7968 
  30 0.0450 0.0680 0.7269 0.1601 
  31 0.0485 0.1425 0.1491 0.6600 
  32 0.0585 0.1926 0.2002 0.5486 
  33 0.1240 0.1665 0.4617 0.2478 
  34 0.0190 0.0637 0.4176 0.4997 
  35 0.2031 0.0633 0.3620 0.3716 
  36 0.6014 0.0532 0.2209 0.1245 
  37 0.0712 0.2601 0.1039 0.5648 
  38 0.1208 0.0322 0.6931 0.1539 
  39 0.1123 0.0591 0.5140 0.3146 
  40 0.5483 0.1655 0.1222 0.1640 
  41 0.5088 0.0408 0.3113 0.1391 
  42 0.4430 0.2782 0.1487 0.1301 
  43 0.4768 0.1015 0.0828 0.3389 
  44 0.5819 0.0337 0.2502 0.1342 
  45 0.3495 0.0391 0.3052 0.3063 
  46 0.0917 0.0441 0.4932 0.3711 
  47 0.0507 0.1025 0.3966 0.4502 
  48 0.6177 0.0348 0.2342 0.1133 
  49 0.1785 0.0769 0.3517 0.3930 
  50 0.0583 0.0995 0.4877 0.3546 
  51 0.8476 0.0290 0.0517 0.0716 
  52 0.1029 0.0682 0.5475 0.2814 
  53 0.0538 0.0685 0.7561 0.1216 
  54 0.1110 0.1224 0.0811 0.6855 
  55 0.4950 0.0579 0.0738 0.3732 
  56 0.3872 0.0830 0.3388 0.1910 
  57 0.0194 0.1857 0.2045 0.5905 
  58 0.3675 0.0778 0.1510 0.4038 
  59 0.3307 0.0561 0.3407 0.2724 
  60 0.6408 0.1245 0.0830 0.1517 
  61 0.5097 0.1328 0.0380 0.3195 
  62 0.0448 0.0627 0.3187 0.5738 
  63 0.2729 0.1248 0.1297 0.4726 
  64 0.0346 0.0437 0.6895 0.2322 
  65 0.0279 0.0287 0.1002 0.8432 
  66 0.1192 0.1996 0.0555 0.6258 
  67 0.3100 0.0548 0.0677 0.5676 
  68 0.3281 0.0732 0.3242 0.2745 
  69 0.1258 0.1339 0.4759 0.2644 
  70 0.5893 0.0656 0.1244 0.2207 
  71 0.5514 0.0283 0.1892 0.2312 
  72 0.1518 0.0514 0.5579 0.2389 
  73 0.2855 0.0405 0.0709 0.6031 
  74 0.4412 0.1159 0.3153 0.1276 
  75 0.6330 0.1417 0.1093 0.1160 
  76 0.2521 0.0604 0.1113 0.5762 
  77 0.5466 0.0337 0.2138 0.2059 
  78 0.4995 0.0393 0.3154 0.1458 
  79 0.0144 0.0452 0.1201 0.8202 
  80 0.0191 0.6202 0.0850 0.2758 
  81 0.0160 0.4187 0.1109 0.4544 
  82 0.0775 0.1144 0.0576 0.7505 
  83 0.0464 0.2989 0.1936 0.4611 
  84 0.0266 0.2138 0.1322 0.6274 
  85 0.0363 0.3567 0.2015 0.4055 
  86 0.1058 0.0564 0.1255 0.7123 
  87 0.0292 0.0506 0.1056 0.8145 
  88 0.0306 0.2234 0.0593 0.6867 
  89 0.0257 0.3997 0.0626 0.5121 
  90 0.0173 0.0490 0.0628 0.8708 
  91 0.0396 0.5914 0.1209 0.2481 
  92 0.0219 0.0834 0.0811 0.8135 
  93 0.0191 0.8376 0.0411 0.1022 
  94 0.0284 0.0458 0.5366 0.3891 
  95 0.0225 0.1124 0.0487 0.8163 
  96 0.5570 0.1968 0.0389 0.2074 
  97 0.3792 0.2192 0.2085 0.1930 
  98 0.4361 0.1033 0.1356 0.3250 
  99 0.0201 0.1764 0.0884 0.7152 
 100 0.0354 0.7597 0.0338 0.1711 
 101 0.0523 0.0796 0.0689 0.7992 
 102 0.1043 0.3736 0.1063 0.4158 
 103 0.0522 0.1669 0.0427 0.7381 
 104 0.0413 0.0635 0.0648 0.8304 
 105 0.0418 0.1087 0.0388 0.8107 
 106 0.0325 0.0237 0.3127 0.6311 
 107 0.0452 0.1094 0.0511 0.7943 
 108 0.6319 0.0376 0.0993 0.2312 
 109 0.0392 0.0242 0.1504 0.7861 
 110 0.0220 0.0289 0.3117 0.6374 
 111 0.0213 0.0317 0.0538 0.8932 
 112 0.0316 0.0258 0.1671 0.7755 
 113 0.1269 0.0842 0.1358 0.6531 
 114 0.0305 0.0796 0.0592 0.8306 
 115 0.1276 0.0437 0.0618 0.7669 
 116 0.1234 0.0275 0.2417 0.6075 
 117 0.0381 0.0384 0.1816 0.7419 
 118 0.0495 0.0383 0.0521 0.8601 
 119 0.5653 0.1853 0.0578 0.1916 
 120 0.0404 0.0428 0.0733 0.8435 
 121 0.1569 0.0367 0.0705 0.7359 
 122 0.0274 0.0326 0.2216 0.7184 
 123 0.0367 0.0462 0.1140 0.8031 
 124 0.0942 0.0398 0.3877 0.4783 
 125 0.0694 0.0452 0.5513 0.3340 
 126 0.1154 0.0583 0.2217 0.6046 
 127 0.0242 0.0347 0.0544 0.8867 
 128 0.0498 0.0415 0.0446 0.8641 
 129 0.0285 0.0320 0.0374 0.9020 
 130 0.0247 0.0815 0.0628 0.8310 
 131 0.1452 0.0338 0.4231 0.3979 
 132 0.0326 0.0283 0.1293 0.8099 
 133 0.0492 0.0513 0.0662 0.8333 
 134 0.0166 0.0201 0.2529 0.7104 
 135 0.1869 0.5392 0.0482 0.2257 
 136 0.0174 0.8335 0.0451 0.1040 
 137 0.0157 0.7968 0.0376 0.1499 
 138 0.0247 0.8495 0.0480 0.0778 
 139 0.2583 0.3976 0.0666 0.2775 
 140 0.0895 0.5282 0.1095 0.2729 
 141 0.0276 0.7697 0.0818 0.1209 
 142 0.2293 0.5593 0.0430 0.1683 
 143 0.0171 0.8851 0.0289 0.0689 
 144 0.0180 0.8035 0.0346 0.1439 
 145 0.0455 0.6504 0.1006 0.2035 
 146 0.0523 0.5138 0.0980 0.3360 
 147 0.0142 0.8820 0.0339 0.0699 
 148 0.0574 0.6386 0.0575 0.2466 
 149 0.0457 0.8071 0.0514 0.0958 
 150 0.0252 0.6164 0.0495 0.3089 
 151 0.0235 0.8235 0.0387 0.1142 
 152 0.1114 0.5673 0.0792 0.2422 
 153 0.0482 0.7737 0.0675 0.1106 
 154 0.0315 0.8007 0.0431 0.1247 
 155 0.0210 0.8503 0.0343 0.0944 
 156 0.1265 0.6933 0.0329 0.1473 
 157 0.0246 0.6822 0.0726 0.2207 
 158 0.0315 0.6955 0.1009 0.1721 
 159 0.0147 0.8790 0.0304 0.0759 
 160 0.0153 0.8697 0.0310 0.0841 
 161 0.0423 0.7038 0.0807 0.1732 
 162 0.0603 0.4325 0.1015 0.4057 
 163 0.0288 0.8548 0.0327 0.0838 
 164 0.0316 0.4180 0.0666 0.4838 
 165 0.0229 0.6808 0.0440 0.2523 
 166 0.0672 0.5621 0.0953 0.2754 
 167 0.0223 0.6795 0.0607 0.2375 
 168 0.0516 0.7505 0.0871 0.1108 
 169 0.0538 0.3670 0.4234 0.1559 
 170 0.0765 0.7587 0.0380 0.1268 
 171 0.0543 0.6042 0.0850 0.2565 
 172 0.2059 0.5222 0.1804 0.0916 
 173 0.0201 0.8582 0.0314 0.0903 
 174 0.0164 0.8351 0.0407 0.1079 
 175 0.0229 0.8570 0.0407 0.0794 
 176 0.0180 0.8045 0.0348 0.1427 
 177 0.0381 0.5232 0.1391 0.2996 
 178 0.0180 0.7777 0.0614 0.1429 
 179 0.0149 0.8829 0.0315 0.0708 
 180 0.0460 0.6492 0.0927 0.2121 
 181 0.0555 0.7312 0.0590 0.1543 
 182 0.0348 0.8067 0.0289 0.1296 
 183 0.0179 0.8655 0.0344 0.0822 
 184 0.0622 0.0656 0.1009 0.7713 
 185 0.0993 0.7894 0.0289 0.0824 
 186 0.0349 0.0506 0.0701 0.8444 
 187 0.0717 0.3946 0.0705 0.4632 
 188 0.0368 0.0384 0.0543 0.8705 
 189 0.0817 0.3527 0.3070 0.2587 
 190 0.6631 0.2085 0.0236 0.1047 
 191 0.0492 0.1338 0.0454 0.7716 
 192 0.0461 0.3103 0.0703 0.5733 
 193 0.1213 0.2634 0.0867 0.5286 
 194 0.0992 0.2368 0.0583 0.6057 
 195 0.0937 0.7388 0.0299 0.1376 
 196 0.5422 0.1960 0.0384 0.2233 
 197 0.0655 0.1490 0.1535 0.6320 
 198 0.0909 0.1703 0.1396 0.5992 
 199 0.4780 0.1971 0.0431 0.2818 
 200 0.4188 0.1692 0.0851 0.3269 
 201 0.0751 0.7309 0.0409 0.1531 
 202 0.1345 0.6469 0.0304 0.1882 
 203 0.0590 0.7281 0.0344 0.1784 
 204 0.1631 0.4406 0.0314 0.3648 
 205 0.2740 0.1464 0.0645 0.5152 
 206 0.1201 0.3741 0.0392 0.4667 
 207 0.1831 0.1101 0.0351 0.6717 
 208 0.3019 0.3692 0.0395 0.2894 
 209 0.1009 0.1963 0.0598 0.6430 
 210 0.1211 0.3879 0.0410 0.4500 
 211 0.4030 0.1349 0.0294 0.4326 
 212 0.0584 0.7472 0.0559 0.1386 
 213 0.2471 0.1088 0.0660 0.5780 
 214 0.0927 0.7212 0.0382 0.1479 
 215 0.2341 0.0792 0.0498 0.6368 
 216 0.0643 0.0862 0.0947 0.7548 
 217 0.1330 0.6557 0.0565 0.1548 
 218 0.1051 0.2184 0.0614 0.6151 
 219 0.0495 0.3026 0.1964 0.4514 
 220 0.1125 0.1501 0.0351 0.7023 
 221 0.1489 0.7478 0.0267 0.0765 
 222 0.0468 0.1514 0.1682 0.6337 
 223 0.0737 0.4982 0.0960 0.3321 
 224 0.0587 0.6156 0.0388 0.2869 
 225 0.2032 0.2821 0.0484 0.4663 
 226 0.2624 0.1968 0.2239 0.3169 
 227 0.2363 0.3665 0.0361 0.3610 
 228 0.2173 0.6008 0.0292 0.1527 
 229 0.0321 0.6146 0.0439 0.3095 
 230 0.0575 0.4970 0.0384 0.4071 
 231 0.0363 0.5573 0.0669 0.3395 
 232 0.1199 0.3203 0.0883 0.4715 
 233 0.0537 0.7717 0.0375 0.1371 
 234 0.0533 0.2549 0.0998 0.5920 
 235 0.1916 0.3992 0.1052 0.3040 
 236 0.0880 0.5153 0.0690 0.3277 
 237 0.1218 0.1827 0.0394 0.6560 
 238 0.0858 0.6653 0.0504 0.1985 
 239 0.0923 0.7428 0.0300 0.1349 
 240 0.0906 0.6595 0.0501 0.1998 
 241 0.0713 0.7445 0.0363 0.1479 
 242 0.0835 0.3721 0.1242 0.4201 
 243 0.5653 0.2214 0.0281 0.1851 
 244 0.0642 0.6790 0.0363 0.2205 
 245 0.0620 0.7976 0.0341 0.1063 
 246 0.1328 0.6553 0.0569 0.1550 
 247 0.0861 0.0441 0.0975 0.7723 
 248 0.1484 0.0545 0.0429 0.7543 
 249 0.0859 0.5911 0.0417 0.2812 
 250 0.0595 0.3719 0.0598 0.5088 
 251 0.1597 0.1202 0.1387 0.5813 
 252 0.1137 0.4303 0.0662 0.3898 
 253 0.1810 0.0922 0.0878 0.6390 
 254 0.0674 0.1899 0.1132 0.6296 
 255 0.0623 0.2956 0.0886 0.5535 
 256 0.1898 0.5157 0.0470 0.2474 
 257 0.1934 0.2147 0.0476 0.5443 
 258 0.2525 0.1184 0.0659 0.5632 
 259 0.0761 0.1596 0.0453 0.7190 
 260 0.0381 0.3562 0.1371 0.4686 
 261 0.1514 0.5527 0.0635 0.2323 
 262 0.3363 0.5274 0.0330 0.1033 
 263 0.0907 0.1451 0.0498 0.7145 
 264 0.0668 0.0385 0.4569 0.4378 
 265 0.1503 0.2852 0.1164 0.4482 
 266 0.1000 0.7877 0.0278 0.0844 
 267 0.0761 0.3072 0.0613 0.5554 
 268 0.5444 0.1945 0.0384 0.2228 
 269 0.0685 0.3235 0.2475 0.3606 
 270 0.0527 0.0959 0.0776 0.7738 
 271 0.2815 0.1001 0.0523 0.5661 
 272 0.4695 0.1067 0.1204 0.3034 
 273 0.2018 0.3464 0.1318 0.3201 
 274 0.1669 0.1642 0.1045 0.5643 
 275 0.2151 0.2696 0.1379 0.3774 
 276 0.4668 0.0869 0.1006 0.3457 
 277 0.0713 0.4261 0.0998 0.4029 
 278 0.4502 0.0992 0.0480 0.4026 
 279 0.1283 0.2982 0.0702 0.5032 
 280 0.1819 0.2337 0.2027 0.3817 
 281 0.1181 0.1658 0.0645 0.6516 
 282 0.0450 0.6089 0.0869 0.2592 
 283 0.0436 0.7221 0.0459 0.1885 
 284 0.1114 0.2897 0.0602 0.5388 
 285 0.2310 0.0338 0.0622 0.6729 
 286 0.0632 0.6854 0.0367 0.2148 
 287 0.0830 0.2589 0.1590 0.4992 
 288 0.2360 0.1478 0.1603 0.4559 
 289 0.2195 0.1333 0.1071 0.5400 
 290 0.3388 0.1163 0.2222 0.3228 
 291 0.2792 0.1002 0.0520 0.5686 
 292 0.3155 0.2906 0.1499 0.2440 
 293 0.2515 0.0728 0.3571 0.3186 
 294 0.1350 0.1222 0.0630 0.6798 
 295 0.2318 0.1680 0.1302 0.4700 
 296 0.1782 0.1349 0.0450 0.6418 
 297 0.0958 0.1345 0.2213 0.5484 
 298 0.0356 0.4774 0.0808 0.4063 
 299 0.0405 0.1347 0.0640 0.7608 
 300 0.1365 0.1044 0.0533 0.7058 
 301 0.0726 0.0985 0.1379 0.6910 
 302 0.2499 0.1128 0.0592 0.5781 
 303 0.0789 0.5996 0.0703 0.2512 
 304 0.0318 0.4347 0.1600 0.3734 
 305 0.1540 0.6125 0.0399 0.1936 
 306 0.1057 0.6437 0.0765 0.1741 
 307 0.0918 0.2452 0.0639 0.5992 
 308 0.1455 0.5578 0.0647 0.2321 
 309 0.2455 0.1409 0.0546 0.5590 
 310 0.2663 0.4973 0.0362 0.2002 
 311 0.0543 0.4986 0.0380 0.4091 
 312 0.1325 0.1377 0.0317 0.6982 
 313 0.3838 0.0580 0.0357 0.5224 
 314 0.0246 0.8836 0.0317 0.0601 
 315 0.0376 0.8391 0.0487 0.0747 
 316 0.0265 0.8362 0.0584 0.0789 
 317 0.0149 0.8907 0.0325 0.0620 
 318 0.0119 0.8930 0.0346 0.0605 
 319 0.0167 0.8829 0.0296 0.0709 
 320 0.0245 0.8842 0.0311 0.0602 
 321 0.0137 0.8882 0.0354 0.0627 
 322 0.0403 0.8278 0.0527 0.0792 
 323 0.0128 0.8895 0.0327 0.0649 
 324 0.0141 0.8864 0.0358 0.0637 
 325 0.0212 0.8463 0.0589 0.0736 
 326 0.0224 0.8485 0.0583 0.0708 
 327 0.0146 0.8918 0.0322 0.0614 
 328 0.0285 0.8328 0.0526 0.0861 
 329 0.0127 0.8911 0.0316 0.0645 
 330 0.0148 0.8912 0.0326 0.0614 
 331 0.0125 0.8933 0.0306 0.0636 
 332 0.0196 0.8333 0.0700 0.0772 
 333 0.0248 0.8486 0.0495 0.0771 
 334 0.0291 0.8334 0.0520 0.0855 
 335 0.0307 0.8451 0.0468 0.0774 
 336 0.0172 0.8842 0.0374 0.0612 
 337 0.0262 0.8356 0.0614 0.0768 
 338 0.0114 0.8913 0.0356 0.0617 
 339 0.0124 0.8924 0.0308 0.0644 
 340 0.0138 0.8961 0.0277 0.0624 
 341 0.0133 0.8898 0.0318 0.0651 
 342 0.0149 0.8902 0.0329 0.0620 
 343 0.0501 0.8147 0.0561 0.0791 
 344 0.0118 0.8948 0.0309 0.0625 
 345 0.0149 0.8911 0.0327 0.0612 
 346 0.0132 0.8971 0.0308 0.0589 
 347 0.0129 0.8991 0.0286 0.0594 
 348 0.0609 0.8183 0.0449 0.0759 
 349 0.0151 0.8920 0.0320 0.0608 
 350 0.0202 0.8803 0.0313 0.0682 
 351 0.0294 0.8451 0.0471 0.0784 
 352 0.0298 0.8418 0.0537 0.0748 
 353 0.0175 0.8836 0.0381 0.0608 
 354 0.0126 0.8922 0.0316 0.0636 
 355 0.0121 0.8928 0.0347 0.0604 
 356 0.0857 0.7906 0.0440 0.0796 
 357 0.0277 0.5329 0.2433 0.1961 
 358 0.0197 0.8466 0.0532 0.0805 
 359 0.0124 0.8892 0.0323 0.0662 
 360 0.0127 0.8971 0.0314 0.0588 
 361 0.0425 0.4687 0.2501 0.2387 
 362 0.0467 0.0750 0.2738 0.6044 
 363 0.0509 0.0407 0.5450 0.3635 
 364 0.0322 0.3262 0.2406 0.4010 
 365 0.0359 0.0480 0.5775 0.3386 
 366 0.2741 0.1211 0.3758 0.2290 
 367 0.0162 0.0239 0.4515 0.5085 
 368 0.0179 0.0437 0.0757 0.8627 
 369 0.2003 0.3231 0.2240 0.2526 
 370 0.0552 0.0609 0.0840 0.7999 
 371 0.0719 0.1177 0.2888 0.5217 
 372 0.0715 0.1115 0.0808 0.7362 
 373 0.0242 0.0794 0.1732 0.7232 
 374 0.0382 0.3183 0.3064 0.3371 
 375 0.0202 0.0361 0.3660 0.5777 
 376 0.0151 0.0272 0.8467 0.1110 
 377 0.0491 0.0579 0.3410 0.5519 
 378 0.0250 0.1472 0.1008 0.7270 
 379 0.0206 0.0250 0.8545 0.0998 
 380 0.0742 0.1215 0.6831 0.1211 
 381 0.0626 0.0923 0.7495 0.0957 
 382 0.0165 0.0394 0.4408 0.5032 
 383 0.0247 0.1118 0.7566 0.1069 
 384 0.0289 0.0923 0.6083 0.2705 
 385 0.0141 0.1330 0.1124 0.7405 
 386 0.0246 0.0375 0.4955 0.4423 
 387 0.0265 0.0430 0.4506 0.4798 
 388 0.0262 0.2363 0.1892 0.5484 
 389 0.2340 0.0516 0.0657 0.6486 
 390 0.1948 0.0358 0.5008 0.2686 
 391 0.1161 0.0765 0.1340 0.6734 
 392 0.0288 0.0788 0.6780 0.2144 
 393 0.0578 0.0563 0.7951 0.0907 
 394 0.0326 0.2260 0.2215 0.5199 
 395 0.3105 0.0494 0.3003 0.3399 
 396 0.0184 0.0263 0.3335 0.6218 
 397 0.0447 0.1699 0.1840 0.6014 
 398 0.0219 0.0262 0.7810 0.1709 
 399 0.0796 0.0355 0.2486 0.6364 
 400 0.0231 0.0530 0.5688 0.3551 
 401 0.0830 0.0580 0.2332 0.6259 
 402 0.1146 0.0613 0.1727 0.6514 
 403 0.0334 0.3484 0.1346 0.4837 
 404 0.0333 0.0885 0.4204 0.4577 
 405 0.0632 0.0856 0.3844 0.4668 
 406 0.6818 0.0689 0.1617 0.0876 
 407 0.0177 0.0265 0.8222 0.1336 
 408 0.1145 0.0265 0.0636 0.7953 
 409 0.4456 0.2225 0.1995 0.1324 
 410 0.0354 0.0772 0.5782 0.3092 
 411 0.0755 0.1461 0.6218 0.1566 
 412 0.0162 0.0408 0.1049 0.8381 
 413 0.0271 0.1353 0.1104 0.7272 
 414 0.0167 0.0294 0.0934 0.8606 
 415 0.0623 0.0405 0.7458 0.1515 
 416 0.0501 0.0690 0.4568 0.4241 
 417 0.0196 0.0343 0.7655 0.1806 
 418 0.0145 0.0298 0.2673 0.6884 
 419 0.1181 0.1675 0.2391 0.4753 
 420 0.2158 0.0366 0.2745 0.4731 
 421 0.0267 0.0427 0.5393 0.3913 
 422 0.2232 0.0524 0.3604 0.3640 
 423 0.0382 0.0562 0.6166 0.2890 
 424 0.1338 0.0564 0.1548 0.6551 
 425 0.0398 0.0852 0.2804 0.5945 
 426 0.0252 0.0656 0.1751 0.7342 
 427 0.0317 0.1084 0.7099 0.1499 
 428 0.1242 0.1600 0.4259 0.2899 
 429 0.0144 0.0246 0.7763 0.1847 
 430 0.0226 0.0329 0.7831 0.1613 
 431 0.0246 0.0556 0.1332 0.7865 
 432 0.0217 0.0499 0.0915 0.8369 
 433 0.0531 0.2278 0.0566 0.6625 
 434 0.0431 0.1290 0.2435 0.5845 
 435 0.0278 0.0265 0.7955 0.1503 
 436 0.0305 0.0428 0.8371 0.0896 
 437 0.0179 0.0299 0.8014 0.1509 
 438 0.2846 0.0625 0.4341 0.2188 
 439 0.0178 0.0342 0.8567 0.0912 
 440 0.0229 0.0218 0.8453 0.1100 
 441 0.0287 0.0845 0.6315 0.2553 
 442 0.0368 0.0315 0.6654 0.2662 
 443 0.1137 0.0281 0.4655 0.3927 
 444 0.0443 0.0316 0.7315 0.1926 
 445 0.1383 0.1281 0.5632 0.1704 
 446 0.0224 0.0311 0.7484 0.1981 
 447 0.0839 0.0688 0.6076 0.2398 
 448 0.0288 0.0329 0.6551 0.2833 
 449 0.0347 0.0600 0.5927 0.3126 
 450 0.0129 0.0544 0.7144 0.2183 
 451 0.0336 0.0234 0.1288 0.8142 
 452 0.0153 0.0449 0.7742 0.1655 
 453 0.4955 0.0593 0.1001 0.3452 
 454 0.0280 0.0724 0.6411 0.2586 
 455 0.0763 0.0301 0.7340 0.1596 
 456 0.1178 0.0274 0.6690 0.1858 
 457 0.0191 0.0317 0.8275 0.1218 
 458 0.0175 0.0360 0.8267 0.1197 
 459 0.0464 0.0994 0.5681 0.2861 
 460 0.0221 0.0278 0.7601 0.1900 
 461 0.0132 0.0290 0.6357 0.3221 
 462 0.0449 0.0221 0.6870 0.2459 
 463 0.5433 0.0474 0.2606 0.1487 
 464 0.0551 0.0276 0.6661 0.2513 
 465 0.0496 0.0410 0.3157 0.5937 
 466 0.2320 0.0322 0.3584 0.3774 
 467 0.0526 0.0611 0.6667 0.2196 
 468 0.0467 0.0265 0.8307 0.0961 
 469 0.0190 0.0288 0.8722 0.0801 
 470 0.0218 0.0261 0.8248 0.1274 
 471 0.2099 0.0358 0.3421 0.4122 
 472 0.0734 0.0398 0.4649 0.4219 
 473 0.0493 0.0633 0.4888 0.3987 
 474 0.0299 0.0468 0.7486 0.1746 
 475 0.0409 0.0658 0.3380 0.5553 
 476 0.0264 0.0337 0.8381 0.1018 
 477 0.0571 0.0559 0.2054 0.6816 
 478 0.0220 0.0279 0.1830 0.7671 
 479 0.0183 0.0261 0.7878 0.1677 
 480 0.0153 0.0298 0.8637 0.0913 
 481 0.0447 0.0351 0.3197 0.6005 
 482 0.0145 0.0258 0.8396 0.1200 
 483 0.0266 0.0352 0.7856 0.1526 
 484 0.1846 0.0407 0.5595 0.2151 
 485 0.0377 0.0281 0.8098 0.1244 
 486 0.0998 0.0498 0.0743 0.7761 
 487 0.0461 0.1361 0.0923 0.7255 
 488 0.0295 0.0672 0.0510 0.8522 
 489 0.1718 0.2458 0.1191 0.4632 
 490 0.0537 0.0300 0.1035 0.8128 
 491 0.0649 0.1490 0.0584 0.7278 
 492 0.0791 0.2287 0.0613 0.6310 
 493 0.0370 0.0638 0.0567 0.8425 
 494 0.0665 0.1114 0.1063 0.7158 
 495 0.0507 0.1095 0.0762 0.7636 
 496 0.1144 0.3536 0.0828 0.4493 
 497 0.0250 0.1121 0.0531 0.8098 
 498 0.1482 0.0909 0.0953 0.6657 
 499 0.0553 0.2882 0.0707 0.5859 
 500 0.0515 0.0694 0.1751 0.7040 
 501 0.0324 0.1654 0.1471 0.6551 
 502 0.0207 0.1799 0.0845 0.7149 
 503 0.0336 0.0431 0.4231 0.5002 
 504 0.0404 0.0439 0.0532 0.8625 
 505 0.2184 0.1083 0.0624 0.6109 
 506 0.0319 0.1738 0.0812 0.7131 
 507 0.0681 0.7691 0.0377 0.1251 
 508 0.1601 0.5827 0.0343 0.2230 
 509 0.1037 0.2211 0.0571 0.6181 
 510 0.0371 0.2985 0.1665 0.4980 
 511 0.0743 0.0562 0.4822 0.3872 
 512 0.0207 0.0331 0.4558 0.4904 
 513 0.0764 0.0561 0.0272 0.8402 
 514 0.0324 0.0521 0.0653 0.8502 
 515 0.0959 0.1476 0.4576 0.2990 
 516 0.0747 0.0586 0.0514 0.8153 
 517 0.2699 0.1358 0.2026 0.3918 
 518 0.0316 0.3007 0.1679 0.4998 
 519 0.0328 0.0612 0.0824 0.8236 
 520 0.3784 0.2695 0.2002 0.1519 
 521 0.0672 0.4049 0.0744 0.4535 
 522 0.2137 0.0465 0.5176 0.2222 
 523 0.5298 0.1330 0.0653 0.2719 
 524 0.1416 0.0848 0.4741 0.2994 
 525 0.0712 0.2827 0.2922 0.3539 
 526 0.6062 0.0683 0.2173 0.1082 
 527 0.0192 0.0488 0.1629 0.7691 
 528 0.0687 0.6667 0.0513 0.2133 
 529 0.0461 0.1489 0.0741 0.7310 
 530 0.1158 0.0948 0.4688 0.3205 
 531 0.0777 0.4369 0.2260 0.2593 
 532 0.0704 0.2997 0.1171 0.5128 
 533 0.1168 0.0791 0.3308 0.4732 
 534 0.1445 0.1188 0.0414 0.6953 
 535 0.3922 0.0684 0.1729 0.3664 
 536 0.2391 0.1875 0.2916 0.2817 
 537 0.4631 0.2908 0.0667 0.1793 
 538 0.3062 0.2449 0.1025 0.3465 
 539 0.0630 0.7882 0.0413 0.1076 
 540 0.2256 0.2960 0.1419 0.3365 
 541 0.0698 0.5668 0.1242 0.2392 
 542 0.6211 0.0537 0.1730 0.1521 
 543 0.3796 0.1614 0.0645 0.3945 
 544 0.6174 0.0884 0.1002 0.1940 
 545 0.7314 0.0319 0.1123 0.1243 
 546 0.3995 0.1756 0.0962 0.3287 
 547 0.7528 0.0790 0.0482 0.1200 
 548 0.0626 0.3683 0.0612 0.5079 
 549 0.3208 0.3901 0.1789 0.1102 
 550 0.5373 0.0524 0.2401 0.1702 
 551 0.0723 0.6399 0.0902 0.1976 
 552 0.3293 0.3063 0.0949 0.2696 
 553 0.7290 0.1148 0.0324 0.1239 
 554 0.0854 0.1655 0.2509 0.4982 
 555 0.2998 0.3934 0.0657 0.2410 
 556 0.3858 0.1765 0.0839 0.3539 
 557 0.4728 0.0793 0.2620 0.1859 
 558 0.0126 0.0262 0.8480 0.1132 
 559 0.0456 0.0473 0.0726 0.8345 
 560 0.0252 0.0222 0.5295 0.4231 
 561 0.0435 0.0297 0.2810 0.6458 
 562 0.0569 0.0220 0.1861 0.7351 
 563 0.0576 0.1270 0.1234 0.6920 
 564 0.0941 0.0590 0.0766 0.7704 
 565 0.0162 0.0322 0.8312 0.1204 
 566 0.0255 0.0226 0.3582 0.5937 
 567 0.0371 0.0371 0.0600 0.8658 
 568 0.0759 0.0488 0.1794 0.6960 
 569 0.1349 0.0515 0.3965 0.4172 
 570 0.0138 0.0237 0.8028 0.1597 
 571 0.0249 0.0344 0.1184 0.8223 
 572 0.5297 0.1354 0.1395 0.1954 
 573 0.0868 0.0577 0.1833 0.6722 
 574 0.0393 0.1313 0.4775 0.3519 
 575 0.0408 0.0791 0.1461 0.7339 
 576 0.0160 0.0223 0.2017 0.7600 
 577 0.0303 0.1064 0.3885 0.4748 
 578 0.0321 0.0382 0.2390 0.6907 
 579 0.0301 0.0376 0.2311 0.7012 
 580 0.0233 0.0655 0.5558 0.3554 
 581 0.0231 0.0466 0.5528 0.3775 
 582 0.0301 0.0255 0.7605 0.1839 
 583 0.0214 0.0349 0.1885 0.7553 
 584 0.0165 0.0266 0.1776 0.7793 
 585 0.0248 0.0327 0.3191 0.6234 
 586 0.0295 0.0431 0.0889 0.8385 
 587 0.0501 0.0259 0.4827 0.4413 
 588 0.3764 0.0455 0.0306 0.5476 
 589 0.0688 0.0278 0.6952 0.2081 
 590 0.0239 0.0314 0.0664 0.8783 
 591 0.0203 0.0372 0.0888 0.8537 
 592 0.1186 0.0322 0.1940 0.6552 
 593 0.0438 0.0625 0.2510 0.6428 
 594 0.0232 0.0640 0.0680 0.8449 
 595 0.0152 0.0249 0.2173 0.7426 
 596 0.2294 0.0584 0.1819 0.5302 
 597 0.0802 0.1590 0.0756 0.6853 
 598 0.0136 0.0245 0.8562 0.1057 
 599 0.0542 0.0247 0.2682 0.6529 
 600 0.0436 0.0783 0.5258 0.3523 
 601 0.0369 0.0250 0.4980 0.4400 
 602 0.0267 0.1095 0.0677 0.7961 
 603 0.0306 0.1027 0.0649 0.8018 
 604 0.0389 0.0905 0.5070 0.3636 
 605 0.0573 0.0441 0.1989 0.6997 
 606 0.0662 0.1496 0.1665 0.6177 
 607 0.0244 0.2590 0.2053 0.5113 
 608 0.0271 0.4398 0.2223 0.3108 
 609 0.0427 0.0606 0.4627 0.4340 
 610 0.0976 0.0470 0.6138 0.2415 
 611 0.0586 0.1020 0.0830 0.7564 
 612 0.0273 0.0355 0.8238 0.1133 
 613 0.0674 0.0606 0.2547 0.6173 
 614 0.0266 0.0397 0.7498 0.1839 
 615 0.0301 0.0701 0.7398 0.1600 
 616 0.0253 0.1740 0.1950 0.6057 
 617 0.0529 0.0380 0.3674 0.5417 
 618 0.0665 0.1652 0.5279 0.2404 
 619 0.1640 0.1240 0.2103 0.5017 
 620 0.1117 0.0263 0.1193 0.7428 
 621 0.0146 0.0364 0.1814 0.7676 
 622 0.1217 0.1275 0.4203 0.3306 
 623 0.0424 0.0397 0.1316 0.7864 
 624 0.0250 0.1156 0.7020 0.1574 
 625 0.0215 0.1383 0.4821 0.3581 
 626 0.1557 0.4242 0.2957 0.1244 
 627 0.0421 0.0549 0.1528 0.7502 
 628 0.0348 0.0515 0.0932 0.8205 
 629 0.0233 0.0675 0.1523 0.7569 
 630 0.0341 0.0504 0.6274 0.2881 
 631 0.0232 0.0666 0.4245 0.4856 
 632 0.1187 0.2764 0.1203 0.4846 
 633 0.0270 0.1139 0.4267 0.4323 
 634 0.0753 0.1722 0.1939 0.5586 
 635 0.0333 0.5303 0.1638 0.2727 
 636 0.0304 0.2213 0.4453 0.3030 
 637 0.2689 0.0993 0.1766 0.4553 
 638 0.0228 0.0958 0.1294 0.7520 
 639 0.0333 0.1032 0.3764 0.4871 
 640 0.0146 0.0449 0.1347 0.8058 
 641 0.0264 0.0646 0.1787 0.7303 
 642 0.0765 0.5600 0.0962 0.2673 
 643 0.0237 0.7930 0.0545 0.1288 
 644 0.0301 0.6023 0.0585 0.3091 
 645 0.0486 0.5344 0.3057 0.1113 
 646 0.1074 0.1167 0.1049 0.6710 
 647 0.0727 0.3139 0.0705 0.5428 
 648 0.1341 0.3112 0.1215 0.4332 
 649 0.3192 0.1685 0.0503 0.4621 
 650 0.0749 0.1427 0.0555 0.7268 
 651 0.0206 0.4269 0.0535 0.4990 
 652 0.0402 0.5938 0.0700 0.2960 
 653 0.0874 0.3664 0.0967 0.4495 
 654 0.1500 0.5348 0.0781 0.2371 
 655 0.0448 0.5137 0.0898 0.3517 
 656 0.1380 0.2416 0.0895 0.5309 
 657 0.0295 0.1675 0.2661 0.5369 
 658 0.1168 0.2065 0.1524 0.5243 
 659 0.1063 0.5176 0.0868 0.2893 
 660 0.0621 0.6880 0.0471 0.2028 
 661 0.1940 0.5682 0.0891 0.1488 
 662 0.4854 0.0919 0.0405 0.3822 
 663 0.0462 0.5734 0.0781 0.3024 
 664 0.0604 0.2297 0.2298 0.4801 
 665 0.3209 0.1284 0.0510 0.4996 
 666 0.0976 0.5606 0.0773 0.2645 
 667 0.0423 0.0716 0.0714 0.8147 
 668 0.0894 0.4696 0.1304 0.3105 
 669 0.0900 0.2848 0.0596 0.5656 
 670 0.0218 0.8560 0.0323 0.0900 
 671 0.0415 0.7392 0.0433 0.1759 
 672 0.0667 0.6730 0.0874 0.1729 
 673 0.0128 0.8836 0.0344 0.0692 
 674 0.0315 0.7730 0.0646 0.1309 
 675 0.0179 0.8045 0.0349 0.1427 
 676 0.0147 0.8853 0.0317 0.0682 
 677 0.1110 0.7814 0.0296 0.0780 
 678 0.0124 0.8790 0.0341 0.0745 
 679 0.0139 0.8017 0.0612 0.1231 
 680 0.0231 0.8247 0.0550 0.0971 
 681 0.3302 0.2789 0.1510 0.2399 
 682 0.0239 0.8336 0.0590 0.0835 
 683 0.0243 0.8656 0.0306 0.0794 
 684 0.0146 0.8761 0.0332 0.0760 
 685 0.0160 0.8909 0.0286 0.0644 
 686 0.1062 0.7350 0.0532 0.1056 
 687 0.0601 0.7413 0.0403 0.1583 
 688 0.0204 0.8271 0.0404 0.1121 
 689 0.0146 0.8882 0.0305 0.0666 
 690 0.0144 0.8867 0.0316 0.0672 
 691 0.0238 0.8098 0.0560 0.1103 
 692 0.0157 0.8224 0.0473 0.1147 
 693 0.0186 0.8147 0.0540 0.1128 
 694 0.0170 0.8938 0.0271 0.0620 
 695 0.0466 0.8332 0.0455 0.0747 
 696 0.0208 0.8268 0.0402 0.1123 
 697 0.0187 0.8777 0.0322 0.0714 
 698 0.0156 0.8830 0.0320 0.0695 
 699 0.1653 0.7178 0.0403 0.0765 
 700 0.0573 0.7673 0.0849 0.0905 
 701 0.0348 0.7581 0.0697 0.1373 
 702 0.0570 0.7149 0.0768 0.1514 
 703 0.0257 0.8254 0.0579 0.0910 
 704 0.0307 0.8310 0.0382 0.1001 
 705 0.3454 0.4085 0.0818 0.1644 
 706 0.0367 0.8316 0.0511 0.0806 
 707 0.0253 0.8682 0.0341 0.0723 
 708 0.0189 0.8729 0.0308 0.0774 
 709 0.0488 0.8479 0.0364 0.0668 
 710 0.0180 0.8923 0.0288 0.0608 
 711 0.0665 0.7934 0.0512 0.0889 
 712 0.0754 0.8259 0.0270 0.0717 
 713 0.0240 0.8336 0.0364 0.1059 
 714 0.0202 0.7606 0.0602 0.1591 
 715 0.0418 0.8681 0.0276 0.0626 
 716 0.0349 0.8432 0.0499 0.0719 
 717 0.0230 0.8870 0.0295 0.0605 
 718 0.0472 0.7847 0.0489 0.1193 
 719 0.0352 0.8709 0.0276 0.0662 
 720 0.0215 0.0383 0.1710 0.7692 
 721 0.0348 0.6095 0.1796 0.1762 
 722 0.0520 0.0807 0.5205 0.3468 
 723 0.0191 0.0707 0.5603 0.3499 
 724 0.0284 0.1961 0.6198 0.1556 
 725 0.0429 0.2258 0.1264 0.6049 
 726 0.0785 0.1242 0.5592 0.2381 
 727 0.2650 0.2268 0.1952 0.3129 
 728 0.0174 0.0223 0.8798 0.0805 
 729 0.0148 0.0249 0.8521 0.1082 
 730 0.0177 0.0501 0.4346 0.4976 
 731 0.0219 0.0532 0.7739 0.1510 
 732 0.0183 0.0711 0.5553 0.3552 
 733 0.0136 0.0348 0.8222 0.1295 
 734 0.0150 0.0237 0.8183 0.1430 
 735 0.0121 0.0417 0.8360 0.1102 
 736 0.0218 0.0495 0.5727 0.3560 
 737 0.0552 0.0525 0.4868 0.4055 
 738 0.0194 0.0453 0.4881 0.4472 
 739 0.0134 0.0308 0.8378 0.1180 
 740 0.0220 0.7177 0.0511 0.2092 
 741 0.0432 0.5327 0.1021 0.3219 
 742 0.0183 0.1561 0.1486 0.6769 
 743 0.0191 0.0812 0.0959 0.8038 
 744 0.2438 0.0995 0.0641 0.5926 
 745 0.0443 0.0335 0.1036 0.8186 
 746 0.0276 0.2061 0.1476 0.6187 
 747 0.0269 0.0623 0.0680 0.8428 
 748 0.0180 0.4580 0.0633 0.4607 
 749 0.0561 0.1516 0.0746 0.7177 
 750 0.0276 0.1160 0.0725 0.7839 
 751 0.0205 0.4837 0.0738 0.4219 
 752 0.0271 0.0835 0.0928 0.7966 
 753 0.0328 0.2349 0.1880 0.5443 
 754 0.0275 0.4176 0.0979 0.4570 
 755 0.0167 0.1601 0.0966 0.7265 
 756 0.0229 0.2520 0.0515 0.6735 
 757 0.0201 0.1190 0.0693 0.7916 
 758 0.0235 0.0312 0.0479 0.8974 
 759 0.0564 0.5152 0.1528 0.2756 
 760 0.0208 0.1205 0.2188 0.6398 
 761 0.0252 0.3325 0.4048 0.2375 
 762 0.0125 0.0503 0.4410 0.4962 
 763 0.0327 0.2401 0.1872 0.5400 
 764 0.0166 0.0721 0.0664 0.8450 
 765 0.0172 0.0756 0.3451 0.5621 
 766 0.0149 0.3620 0.0738 0.5493 
 767 0.0288 0.2204 0.1106 0.6402 
 768 0.0128 0.0522 0.4672 0.4678 
 769 0.0247 0.2401 0.4550 0.2802 
 770 0.0166 0.0457 0.4334 0.5043 
 771 0.2941 0.1614 0.0471 0.4974 
 772 0.0721 0.2936 0.1241 0.5102 
 773 0.0166 0.0873 0.0603 0.8358 
 774 0.0235 0.5246 0.0908 0.3610 
 775 0.0160 0.0862 0.6239 0.2739 
 776 0.0205 0.0503 0.0821 0.8471 
 777 0.0818 0.1134 0.1153 0.6896 
 778 0.0618 0.2070 0.0772 0.6539 
 779 0.0172 0.1019 0.0564 0.8244 
 780 0.0179 0.3998 0.0744 0.5079 
 781 0.1485 0.2870 0.0521 0.5124 
 782 0.0171 0.1005 0.0548 0.8276 
 783 0.0173 0.2605 0.1167 0.6055 
 784 0.0206 0.0659 0.1760 0.7375 
 785 0.0224 0.1370 0.0763 0.7643 
 786 0.0190 0.4762 0.0921 0.4127 
 787 0.0459 0.4276 0.0407 0.4858 
 788 0.0358 0.0799 0.1331 0.7512 
 789 0.0170 0.0724 0.1768 0.7338 
 790 0.0164 0.2463 0.1342 0.6031 
 791 0.0210 0.1202 0.0997 0.7591 
 792 0.0686 0.4681 0.0432 0.4201 
 793 0.1030 0.4492 0.1780 0.2698 
 794 0.0317 0.1365 0.1163 0.7155 
 795 0.0350 0.5598 0.1604 0.2449 
 796 0.0394 0.1481 0.0768 0.7356 
 797 0.0628 0.6846 0.0752 0.1774 
 798 0.1514 0.0278 0.6358 0.1851 
 799 0.0362 0.0649 0.0999 0.7990 
 800 0.2057 0.5047 0.0348 0.2547 
 801 0.1150 0.0572 0.6450 0.1828 
 802 0.1553 0.2415 0.3922 0.2110 
 803 0.0849 0.4114 0.1270 0.3768 
 804 0.2552 0.1193 0.1355 0.4901 
 805 0.0298 0.8015 0.0500 0.1187 
 806 0.4415 0.0872 0.2798 0.1915 
 807 0.0699 0.7635 0.0477 0.1189 
 808 0.2341 0.4481 0.0666 0.2512 
 809 0.7004 0.0471 0.1334 0.1190 
 810 0.0400 0.1853 0.2118 0.5629 
 811 0.3216 0.3778 0.0943 0.2062 
 812 0.8114 0.0255 0.0498 0.1132 
 813 0.0997 0.0318 0.6527 0.2158 
 814 0.4258 0.0504 0.0505 0.4733 
 815 0.5303 0.1300 0.2220 0.1177 
 816 0.1416 0.3325 0.2723 0.2536 
 817 0.1528 0.2434 0.3890 0.2148 
 818 0.0340 0.0601 0.1409 0.7650 
 819 0.0367 0.1204 0.0398 0.8031 
 820 0.0798 0.1535 0.0601 0.7065 
 821 0.0145 0.0788 0.1370 0.7697 
 822 0.0286 0.0264 0.1839 0.7611 
 823 0.0180 0.2179 0.4095 0.3545 
 824 0.0187 0.1434 0.0821 0.7557 
 825 0.0277 0.0504 0.2221 0.6998 
 826 0.0192 0.0362 0.0673 0.8773 
 827 0.0169 0.0525 0.3576 0.5730 
 828 0.0186 0.0943 0.4412 0.4459 
 829 0.0562 0.0867 0.5333 0.3239 
 830 0.0131 0.0351 0.2879 0.6638 
 831 0.0314 0.1195 0.1894 0.6598 
 832 0.1085 0.1220 0.2153 0.5542 
 833 0.0582 0.1529 0.4310 0.3580 
 834 0.0306 0.1161 0.2761 0.5772 
 835 0.0314 0.0333 0.0678 0.8674 
 836 0.1189 0.0677 0.0828 0.7306 
 837 0.0323 0.2728 0.3968 0.2980 
 838 0.1205 0.0369 0.0624 0.7802 
 839 0.0140 0.0539 0.1804 0.7518 
 840 0.1316 0.1524 0.0655 0.6505 
 841 0.0660 0.0877 0.0532 0.7931 
 842 0.0149 0.0274 0.0814 0.8763 
 843 0.1306 0.3113 0.0751 0.4829 
 844 0.0454 0.1340 0.1414 0.6792 
 845 0.0130 0.0351 0.0847 0.8671 
 846 0.0234 0.0879 0.0616 0.8271 
 847 0.0162 0.1585 0.0397 0.7855 
 848 0.0304 0.0712 0.0447 0.8537 
 849 0.0179 0.0523 0.1045 0.8253 
 850 0.0196 0.0482 0.1577 0.7745 
 851 0.0169 0.0417 0.0519 0.8895 
 852 0.0154 0.5139 0.1947 0.2759 
 853 0.0323 0.0435 0.2063 0.7179 
 854 0.0160 0.2212 0.2741 0.4886 
 855 0.0197 0.0684 0.0622 0.8497 
 856 0.0188 0.1049 0.0655 0.8108 
 857 0.1196 0.0566 0.0862 0.7376 
 858 0.0198 0.0416 0.0791 0.8595 
 859 0.0147 0.0437 0.2029 0.7387 
 860 0.0274 0.0385 0.0576 0.8765 
 861 0.0759 0.4002 0.0470 0.4768 
 862 0.0250 0.0304 0.8596 0.0849 
 863 0.0284 0.0769 0.7740 0.1208 
 864 0.0142 0.0517 0.8544 0.0797 
 865 0.0183 0.0222 0.8318 0.1277 
 866 0.0210 0.0400 0.3617 0.5773 
 867 0.0231 0.0485 0.8322 0.0963 
 868 0.0329 0.0433 0.7049 0.2189 
 869 0.0188 0.0433 0.4132 0.5247 
 870 0.0969 0.0289 0.6225 0.2517 
 871 0.0247 0.0268 0.7613 0.1872 
 872 0.0137 0.0353 0.8313 0.1197 
 873 0.0169 0.0410 0.8419 0.1003 
 874 0.0245 0.0260 0.8484 0.1012 
 875 0.0608 0.0468 0.4313 0.4612 
 876 0.0521 0.0330 0.1247 0.7902 
 877 0.0161 0.0346 0.8679 0.0814 
 878 0.0376 0.0625 0.3630 0.5369 
 879 0.0136 0.0510 0.8300 0.1053 
 880 0.1095 0.0359 0.4703 0.3843 
 881 0.0175 0.0450 0.8071 0.1303 
 882 0.0121 0.0425 0.8376 0.1078 
 883 0.0545 0.0469 0.1163 0.7823 
 884 0.0161 0.0219 0.8326 0.1294 
 885 0.1476 0.0682 0.5560 0.2282 
 886 0.0204 0.0613 0.5960 0.3223 
 887 0.0160 0.0266 0.8216 0.1358 
 888 0.1586 0.1052 0.4341 0.3020 
 889 0.0198 0.0220 0.8469 0.1113 
 890 0.0459 0.0239 0.4747 0.4555 
 891 0.0352 0.0382 0.0717 0.8548 
 892 0.0314 0.0453 0.0756 0.8476 
 893 0.1510 0.0672 0.1513 0.6306 
 894 0.0158 0.0269 0.3037 0.6537 
 895 0.0202 0.0280 0.7751 0.1767 
 896 0.0453 0.0665 0.0525 0.8357 
 897 0.0237 0.0405 0.0543 0.8816 
 898 0.0366 0.0788 0.3144 0.5701 
 899 0.0158 0.0223 0.1926 0.7693 
 900 0.0337 0.0337 0.0699 0.8627 
 901 0.0203 0.0354 0.0837 0.8606 
 902 0.1428 0.0502 0.0666 0.7404 
 903 0.0273 0.0362 0.5629 0.3737 
 904 0.0366 0.0769 0.3618 0.5247 
 905 0.0148 0.0263 0.5739 0.3850 
 906 0.0632 0.0470 0.2350 0.6548 
 907 0.0173 0.0534 0.1395 0.7898 
 908 0.0148 0.0426 0.1533 0.7892 
 909 0.1031 0.0497 0.2211 0.6261 
 910 0.0734 0.0473 0.0903 0.7890 
 911 0.0190 0.0232 0.6828 0.2750 
 912 0.0217 0.0282 0.2359 0.7142 
 913 0.0355 0.0256 0.3491 0.5898 
 914 0.0232 0.1437 0.2089 0.6242 
 915 0.0425 0.0219 0.2356 0.7000 
 916 0.0201 0.0318 0.1265 0.8216 
 917 0.0275 0.0316 0.1843 0.7567 
 918 0.0329 0.1271 0.3750 0.4650 
 919 0.0228 0.0683 0.5215 0.3874 
 920 0.0181 0.0469 0.1269 0.8082 
 921 0.2827 0.2582 0.0886 0.3704 
 922 0.4638 0.0497 0.0661 0.4203 
 923 0.1535 0.0981 0.0501 0.6984 
 924 0.3433 0.0468 0.0518 0.5581 
 925 0.2701 0.0821 0.0735 0.5743 
 926 0.7669 0.0597 0.0311 0.1423 
 927 0.7150 0.0899 0.0491 0.1460 
 928 0.3553 0.3209 0.0353 0.2885 
 929 0.6581 0.0436 0.0375 0.2608 
 930 0.4659 0.0852 0.0644 0.3845 
 931 0.8003 0.0677 0.0688 0.0632 
 932 0.8040 0.0292 0.0341 0.1328 
 933 0.2366 0.5060 0.0462 0.2112 
 934 0.2669 0.0362 0.0354 0.6615 
 935 0.8040 0.0421 0.0504 0.1035 
 936 0.8601 0.0246 0.0340 0.0812 
 937 0.8588 0.0376 0.0331 0.0706 
 938 0.7656 0.1064 0.0254 0.1026 
 939 0.7624 0.1242 0.0368 0.0766 
 940 0.6700 0.0885 0.0510 0.1904 
 941 0.7723 0.0269 0.0571 0.1436 
 942 0.1786 0.2848 0.0912 0.4454 
 943 0.8179 0.0921 0.0305 0.0595 
 944 0.7711 0.0858 0.0481 0.0951 
 945 0.3275 0.0963 0.0645 0.5117 
 946 0.7824 0.0423 0.0387 0.1366 
 947 0.8194 0.0773 0.0291 0.0742 
 948 0.7811 0.0241 0.1016 0.0932 
 949 0.7030 0.0245 0.1326 0.1399 
 950 0.8451 0.0486 0.0248 0.0815 
 951 0.5365 0.1410 0.0771 0.2454 
 952 0.6550 0.0561 0.0580 0.2309 
 953 0.6032 0.0535 0.1023 0.2410 
 954 0.8194 0.0310 0.0626 0.0869 
 955 0.0631 0.8040 0.0465 0.0864 
 956 0.1013 0.7413 0.0366 0.1207 
 957 0.0725 0.4609 0.1112 0.3554 
 958 0.0509 0.0868 0.0957 0.7666 
 959 0.1063 0.3258 0.0608 0.5071 
 960 0.0333 0.1083 0.3594 0.4990 
 961 0.0164 0.8882 0.0299 0.0656 
 962 0.1464 0.0807 0.0305 0.7423 
 963 0.0538 0.0783 0.1005 0.7674 
 964 0.0181 0.1268 0.1063 0.7488 
 965 0.0477 0.3439 0.0493 0.5590 
 966 0.0769 0.2161 0.0936 0.6134 
 967 0.0459 0.8176 0.0538 0.0826 
 968 0.0726 0.1152 0.0351 0.7771 
 969 0.0219 0.2917 0.2548 0.4316 
 970 0.0277 0.7532 0.0531 0.1661 
 971 0.1279 0.1525 0.0463 0.6732 
 972 0.0566 0.2635 0.1411 0.5388 
 973 0.2272 0.3218 0.0379 0.4131 
 974 0.0322 0.0980 0.0901 0.7797 
 975 0.0216 0.2896 0.2584 0.4305 
 976 0.1281 0.1539 0.0475 0.6705 
 977 0.0176 0.3592 0.1188 0.5044 
 978 0.0861 0.2492 0.0483 0.6165 
 979 0.0408 0.0846 0.0614 0.8131 
 980 0.0793 0.3718 0.0574 0.4915 
 981 0.0811 0.2381 0.0981 0.5827 
 982 0.0339 0.0488 0.1041 0.8132 
 983 0.0644 0.0555 0.3297 0.5505 
 984 0.0255 0.6539 0.1760 0.1445 
 985 0.0424 0.1822 0.0574 0.7180 
 986 0.0238 0.0823 0.0909 0.8030 
 987 0.0293 0.0354 0.0663 0.8690 
 988 0.0149 0.0265 0.3961 0.5626 
 989 0.1039 0.6036 0.1296 0.1629 
 990 0.0179 0.1101 0.1779 0.6940 
 991 0.0566 0.1450 0.0831 0.7154 
 992 0.0554 0.0383 0.0404 0.8659 
 993 0.0413 0.0656 0.4083 0.4847 
 994 0.2159 0.2557 0.0665 0.4619 
 995 0.0259 0.8718 0.0265 0.0758 
 996 0.0191 0.0519 0.1823 0.7468 
 997 0.0931 0.0993 0.0413 0.7663 
 998 0.0779 0.0489 0.0827 0.7905 
 999 0.0261 0.1952 0.0681 0.7106 
1000 0.0600 0.0409 0.0801 0.8190 
1001 0.0167 0.0607 0.1668 0.7557 
1002 0.0191 0.0267 0.1269 0.8274 
1003 0.0495 0.0960 0.0641 0.7905 
1004 0.0343 0.0746 0.0471 0.8439 
1005 0.0285 0.0449 0.0646 0.8621 
1006 0.3391 0.1387 0.0909 0.4314 
1007 0.1668 0.2929 0.0686 0.4717 
1008 0.1697 0.4386 0.0599 0.3318 
1009 0.2352 0.1464 0.1662 0.4521 
1010 0.0852 0.1738 0.0759 0.6651 
1011 0.0581 0.4473 0.0867 0.4079 
1012 0.6708 0.0493 0.0613 0.2186 
1013 0.1999 0.1074 0.0658 0.6268 
1014 0.0309 0.0448 0.0966 0.8276 
1015 0.0856 0.0651 0.0436 0.8058 
1016 0.0180 0.0408 0.0587 0.8825 
1017 0.0518 0.1775 0.0486 0.7221 
1018 0.0445 0.1819 0.0635 0.7101 
1019 0.0925 0.1536 0.1316 0.6223 
1020 0.0408 0.8074 0.0377 0.1140 
1021 0.3283 0.4303 0.0483 0.1931 
1022 0.0682 0.1500 0.0640 0.7178 
1023 0.0358 0.0652 0.2168 0.6822 
1024 0.0758 0.0455 0.1948 0.6840 
1025 0.0215 0.0884 0.0642 0.8259 
1026 0.0677 0.2206 0.5881 0.1235 
1027 0.3803 0.1173 0.3813 0.1211 
1028 0.0336 0.1333 0.5569 0.2762 
1029 0.1240 0.2088 0.1342 0.5330 
1030 0.0925 0.4890 0.1018 0.3167 
1031 0.1475 0.2639 0.4168 0.1717 
1032 0.1408 0.3612 0.2532 0.2448 
1033 0.0888 0.2946 0.3627 0.2539 
1034 0.1292 0.2181 0.1233 0.5293 
1035 0.0223 0.7236 0.0883 0.1658 
1036 0.2487 0.3301 0.1771 0.2442 
1037 0.0904 0.5355 0.0598 0.3144 
1038 0.0321 0.5026 0.2749 0.1905 
1039 0.4006 0.2546 0.1296 0.2152 
1040 0.0909 0.1980 0.5785 0.1327 
1041 0.0786 0.2024 0.5318 0.1873 
1042 0.0629 0.4642 0.1877 0.2853 
1043 0.0274 0.3071 0.3898 0.2756 
1044 0.0560 0.1815 0.3247 0.4377 
1045 0.0217 0.2158 0.6345 0.1280 
1046 0.1539 0.4191 0.1654 0.2615 
1047 0.0476 0.7033 0.0863 0.1628 
1048 0.0208 0.0941 0.1621 0.7230 
1049 0.0223 0.0617 0.0798 0.8361 
1050 0.0181 0.0239 0.2696 0.6884 
1051 0.0183 0.0266 0.1282 0.8268 
1052 0.0342 0.0392 0.1752 0.7515 
1053 0.0183 0.0457 0.1792 0.7568 
1054 0.0219 0.0472 0.1259 0.8049 
1055 0.0187 0.0352 0.0511 0.8949 
1056 0.0226 0.0375 0.0814 0.8585 
1057 0.0543 0.0295 0.6633 0.2529 
1058 0.0199 0.0284 0.1656 0.7862 
1059 0.0232 0.0567 0.3068 0.6133 
1060 0.0348 0.0928 0.1953 0.6771 
1061 0.0299 0.0311 0.0479 0.8911 
1062 0.0224 0.0320 0.2240 0.7216 
1063 0.0908 0.0829 0.0459 0.7804 
1064 0.0296 0.0380 0.1413 0.7912 
1065 0.0507 0.0572 0.0925 0.7995 
1066 0.0266 0.0654 0.0575 0.8505 
1067 0.0190 0.0314 0.2028 0.7467 
1068 0.0421 0.2775 0.1769 0.5035 
1069 0.0162 0.0240 0.0778 0.8821 
1070 0.0258 0.0341 0.1070 0.8331 
1071 0.0330 0.1076 0.1228 0.7366 
1072 0.0334 0.0578 0.0769 0.8320 
1073 0.0171 0.0406 0.1899 0.7524 
1074 0.0283 0.0879 0.2282 0.6555 
1075 0.0326 0.0532 0.1695 0.7447 
1076 0.0200 0.0619 0.1367 0.7815 
1077 0.0208 0.0320 0.7268 0.2204 
1078 0.0314 0.0456 0.0755 0.8474 
1079 0.0251 0.0380 0.1994 0.7375 
1080 0.0474 0.1487 0.1059 0.6980 
1081 0.0146 0.0278 0.2055 0.7521 
1082 0.0649 0.0713 0.2350 0.6288 
1083 0.0234 0.0533 0.0826 0.8407 
1084 0.1405 0.1202 0.1173 0.6220 
1085 0.0168 0.0214 0.1001 0.8616 
1086 0.0316 0.0312 0.0409 0.8963 
1087 0.0190 0.0212 0.0984 0.8614 
1088 0.0212 0.0229 0.0818 0.8741 
1089 0.0144 0.0248 0.2682 0.6926 
1090 0.0196 0.0325 0.1761 0.7718 
1091 0.0225 0.0474 0.0919 0.8382 
1092 0.0223 0.0293 0.2073 0.7411 
1093 0.0338 0.0855 0.0639 0.8168 
1094 0.0255 0.0892 0.5792 0.3061 
1095 0.0180 0.0291 0.6858 0.2671 
1096 0.0223 0.0655 0.1678 0.7444 
1097 0.0191 0.0231 0.6139 0.3439 
1098 0.1134 0.0273 0.0495 0.8099 
1099 0.2923 0.0814 0.0528 0.5735 
1100 0.0185 0.0274 0.1165 0.8376 
1101 0.0205 0.0243 0.0869 0.8684 
1102 0.0232 0.0337 0.2030 0.7401 
1103 0.0171 0.0563 0.0891 0.8374 
1104 0.0445 0.0334 0.0739 0.8482 
1105 0.0232 0.0342 0.0848 0.8578 
1106 0.0316 0.1027 0.1304 0.7353 
1107 0.0154 0.0515 0.1715 0.7616 
1108 0.0163 0.0399 0.6941 0.2498 
1109 0.0205 0.0347 0.5076 0.4373 
1110 0.1123 0.4659 0.0580 0.3638 
1111 0.2470 0.4034 0.0352 0.3144 
1112 0.0528 0.6721 0.1990 0.0761 
1113 0.4570 0.1944 0.1468 0.2019 
1114 0.1073 0.2574 0.3823 0.2530 
1115 0.7227 0.1105 0.0718 0.0950 
1116 0.0395 0.7840 0.0690 0.1075 
1117 0.0744 0.1641 0.5203 0.2411 
1118 0.0488 0.7966 0.0707 0.0840 
1119 0.3992 0.1368 0.3237 0.1403 
1120 0.6031 0.1962 0.0869 0.1139 
1121 0.0388 0.4891 0.3626 0.1095 
1122 0.0284 0.3853 0.2132 0.3732 
1123 0.0465 0.1951 0.2342 0.5242 
1124 0.0499 0.7965 0.0695 0.0841 
1125 0.0543 0.4755 0.1378 0.3324 
1126 0.0440 0.4496 0.3616 0.1448 
1127 0.1833 0.4706 0.2191 0.1271 
1128 0.2327 0.5838 0.0501 0.1334 
1129 0.2757 0.1813 0.2018 0.3413 
1130 0.1493 0.2082 0.1487 0.4937 
1131 0.0504 0.1367 0.6346 0.1784 
1132 0.5635 0.2169 0.1303 0.0893 
1133 0.0247 0.7214 0.1059 0.1480 
1134 0.0771 0.7858 0.0464 0.0908 
1135 0.1128 0.0891 0.3059 0.4922 
1136 0.1753 0.0879 0.6142 0.1226 
1137 0.0656 0.6003 0.0736 0.2605 
1138 0.1483 0.3218 0.1727 0.3572 
1139 0.0884 0.7627 0.0546 0.0943 
1140 0.0390 0.3313 0.2334 0.3963 
1141 0.1148 0.2398 0.2602 0.3853 
1142 0.0923 0.1086 0.6191 0.1800 
1143 0.0265 0.3656 0.1112 0.4967 
1144 0.4775 0.2658 0.1283 0.1284 
1145 0.3603 0.1342 0.3528 0.1526 
1146 0.0271 0.4377 0.3730 0.1623 
1147 0.1132 0.0963 0.1768 0.6138 
1148 0.0206 0.0585 0.7913 0.1295 
1149 0.1473 0.4633 0.1521 0.2373 
1150 0.3808 0.2147 0.1074 0.2971 
1151 0.0553 0.6481 0.2005 0.0961 
1152 0.1386 0.1920 0.3516 0.3178 
1153 0.1976 0.0725 0.5535 0.1764 
1154 0.0474 0.3390 0.3423 0.2713 
1155 0.3766 0.2554 0.1991 0.1689 
1156 0.5204 0.3033 0.0741 0.1022 
1157 0.2205 0.1978 0.4869 0.0948 
1158 0.1347 0.5734 0.1602 0.1318 
1159 0.0281 0.0325 0.0939 0.8455 
1160 0.0414 0.0328 0.0981 0.8276 
1161 0.0343 0.0501 0.0406 0.8750 
1162 0.2872 0.1219 0.1282 0.4627 
1163 0.0344 0.5182 0.0700 0.3774 
1164 0.0706 0.1494 0.1991 0.5809 
1165 0.0190 0.0398 0.0620 0.8792 
1166 0.0332 0.2393 0.0504 0.6770 
1167 0.0159 0.0308 0.0966 0.8567 
1168 0.0375 0.0519 0.1536 0.7571 
1169 0.0264 0.0786 0.0847 0.8103 
1170 0.0462 0.0454 0.4880 0.4204 
1171 0.0203 0.0940 0.2089 0.6769 
1172 0.0158 0.0467 0.1289 0.8086 
1173 0.0282 0.0501 0.0844 0.8374 
1174 0.0173 0.0317 0.0563 0.8948 
1175 0.0569 0.0433 0.1011 0.7986 
1176 0.0332 0.1187 0.0908 0.7573 
