   1 0.0271 0.0204 0.0703 0.1842 0.1786 0.1346 0.3848 
   2 0.0110 0.0066 0.0426 0.0456 0.1193 0.6362 0.1388 
   3 0.0299 0.0081 0.0520 0.1366 0.3569 0.1073 0.3092 
   4 0.0274 0.0632 0.0666 0.0671 0.1152 0.1243 0.5363 
   5 0.0114 0.0107 0.0478 0.0504 0.1612 0.5957 0.1229 
   6 0.0115 0.0086 0.0400 0.0795 0.6020 0.1382 0.1201 
   7 0.0102 0.0097 0.2741 0.1251 0.2884 0.1696 0.1229 
   8 0.0172 0.2030 0.0729 0.0794 0.2525 0.1164 0.2587 
   9 0.0154 0.0068 0.0655 0.0948 0.2730 0.2939 0.2506 
  10 0.0091 0.1802 0.0664 0.0923 0.3165 0.1786 0.1568 
  11 0.0094 0.0092 0.1875 0.2689 0.1813 0.2142 0.1295 
  12 0.0137 0.0068 0.0552 0.0472 0.2099 0.4544 0.2128 
  13 0.0178 0.0086 0.0717 0.0715 0.3268 0.2916 0.2120 
  14 0.0577 0.0413 0.0390 0.1139 0.1949 0.2933 0.2599 
  15 0.0211 0.0132 0.0807 0.1112 0.1652 0.2417 0.3668 
  16 0.0184 0.0081 0.0544 0.2262 0.3302 0.1735 0.1892 
  17 0.0262 0.0082 0.0519 0.0591 0.4540 0.2115 0.1892 
  18 0.0201 0.0100 0.0369 0.1388 0.2914 0.2548 0.2480 
  19 0.0097 0.0070 0.0531 0.0696 0.5170 0.1815 0.1621 
  20 0.0187 0.0081 0.1072 0.1148 0.2031 0.3552 0.1930 
  21 0.0226 0.0157 0.0433 0.1274 0.1342 0.2523 0.4044 
  22 0.0173 0.0080 0.0346 0.0832 0.5016 0.1433 0.2121 
  23 0.0755 0.0347 0.0812 0.0840 0.1440 0.1868 0.3938 
  24 0.0163 0.0082 0.0436 0.1747 0.1953 0.1709 0.3909 
  25 0.0180 0.0095 0.0801 0.0803 0.4298 0.2873 0.0950 
  26 0.0155 0.0075 0.0495 0.0877 0.3131 0.2337 0.2931 
  27 0.0317 0.0077 0.0475 0.1029 0.3127 0.2485 0.2491 
  28 0.0149 0.1185 0.1268 0.1279 0.1575 0.1128 0.3417 
  29 0.0152 0.0064 0.0802 0.0834 0.1413 0.4893 0.1842 
  30 0.0235 0.0070 0.0325 0.1394 0.4104 0.1924 0.1948 
  31 0.0261 0.1689 0.0546 0.0800 0.1618 0.3551 0.1535 
  32 0.0185 0.0202 0.0584 0.0697 0.3612 0.1612 0.3108 
  33 0.0216 0.0063 0.0836 0.2103 0.2088 0.1510 0.3184 
  34 0.0142 0.1418 0.1630 0.1024 0.3229 0.1527 0.1031 
  35 0.0560 0.0065 0.0407 0.0746 0.2686 0.3676 0.1859 
  36 0.0863 0.0107 0.0378 0.4446 0.0812 0.1447 0.1948 
  37 0.0219 0.0098 0.0602 0.0613 0.1858 0.2357 0.4253 
  38 0.0248 0.0062 0.0759 0.5370 0.0843 0.1630 0.1086 
  39 0.0374 0.0066 0.0722 0.2848 0.1506 0.2744 0.1740 
  40 0.1535 0.0086 0.0341 0.1034 0.1553 0.1550 0.3901 
  41 0.2465 0.0085 0.0733 0.2405 0.1339 0.1468 0.1505 
  42 0.0754 0.0077 0.0419 0.2420 0.0587 0.1227 0.4515 
  43 0.2310 0.0159 0.0716 0.0561 0.1394 0.2430 0.2430 
  44 0.3390 0.0055 0.0437 0.0625 0.2181 0.2050 0.1262 
  45 0.0538 0.0060 0.0425 0.3117 0.0771 0.3706 0.1383 
  46 0.0444 0.0063 0.0548 0.1050 0.3389 0.3106 0.1400 
  47 0.0331 0.0169 0.0512 0.0605 0.3704 0.2511 0.2168 
  48 0.3318 0.0056 0.0326 0.0581 0.2118 0.2114 0.1488 
  49 0.0447 0.0074 0.0514 0.1608 0.1632 0.3629 0.2095 
  50 0.0278 0.0823 0.1013 0.1036 0.3532 0.2228 0.1090 
  51 0.4727 0.0075 0.0359 0.1847 0.0567 0.1246 0.1178 
  52 0.0428 0.0063 0.0720 0.3046 0.1570 0.2174 0.1999 
  53 0.0294 0.0270 0.0584 0.4652 0.1562 0.1089 0.1550 
  54 0.0432 0.0090 0.0476 0.0445 0.1638 0.4185 0.2733 
  55 0.1403 0.0074 0.0470 0.0529 0.1213 0.4264 0.2046 
  56 0.0675 0.0063 0.0374 0.1311 0.2054 0.2983 0.2540 
  57 0.0134 0.0274 0.0718 0.0701 0.3658 0.1569 0.2947 
  58 0.0581 0.0080 0.0464 0.1712 0.0923 0.3751 0.2490 
  59 0.0492 0.0062 0.0627 0.3030 0.0890 0.3016 0.1884 
  60 0.1291 0.0210 0.0443 0.1666 0.0911 0.1642 0.3837 
  61 0.1071 0.0097 0.0396 0.0508 0.0620 0.4092 0.3215 
  62 0.0180 0.0058 0.0501 0.0973 0.2187 0.4369 0.1732 
  63 0.0463 0.0076 0.1023 0.1487 0.1044 0.2745 0.3161 
  64 0.0130 0.0062 0.0506 0.1844 0.3405 0.2700 0.1352 
  65 0.0169 0.0070 0.1684 0.0832 0.1907 0.4345 0.0993 
  66 0.0217 0.0276 0.0840 0.0749 0.0930 0.3575 0.3414 
  67 0.1230 0.0072 0.0552 0.0499 0.1287 0.4643 0.1718 
  68 0.0535 0.0069 0.0538 0.3212 0.0789 0.2624 0.2232 
  69 0.0451 0.3301 0.0783 0.2306 0.0989 0.1263 0.0907 
  70 0.1147 0.0170 0.0876 0.2932 0.0792 0.1363 0.2720 
  71 0.1055 0.0088 0.0571 0.2820 0.0816 0.3608 0.1043 
  72 0.0510 0.0121 0.0456 0.3365 0.2006 0.2024 0.1519 
  73 0.0710 0.0108 0.0585 0.0845 0.0809 0.5640 0.1304 
  74 0.0466 0.0067 0.0358 0.3758 0.0799 0.1254 0.3298 
  75 0.0508 0.0131 0.0294 0.2322 0.0660 0.1443 0.4643 
  76 0.1005 0.0078 0.1169 0.1027 0.1433 0.3308 0.1980 
  77 0.1200 0.0056 0.0699 0.3324 0.0781 0.2455 0.1485 
  78 0.0965 0.0060 0.0725 0.4276 0.0788 0.1626 0.1559 
  79 0.0098 0.0102 0.1133 0.1448 0.2608 0.3165 0.1448 
  80 0.0113 0.0118 0.0939 0.0720 0.1046 0.1188 0.5877 
  81 0.0094 0.0140 0.1248 0.1038 0.1334 0.1430 0.4716 
  82 0.0247 0.0094 0.0641 0.0729 0.0970 0.4583 0.2736 
  83 0.0199 0.0161 0.1134 0.1839 0.1495 0.1279 0.3893 
  84 0.0116 0.0140 0.1087 0.1844 0.1470 0.1909 0.3434 
  85 0.0175 0.0199 0.0486 0.1718 0.2022 0.1498 0.3902 
  86 0.0335 0.0073 0.0616 0.0715 0.1767 0.4786 0.1708 
  87 0.0220 0.0300 0.2681 0.1683 0.1362 0.2199 0.1556 
  88 0.0114 0.0096 0.1072 0.0890 0.0988 0.2491 0.4348 
  89 0.0101 0.0361 0.0772 0.0866 0.1041 0.2200 0.4659 
  90 0.0105 0.0100 0.1779 0.1218 0.1215 0.3902 0.1681 
  91 0.0191 0.0159 0.0565 0.1413 0.1211 0.1086 0.5376 
  92 0.0112 0.0103 0.0846 0.1095 0.1602 0.3833 0.2410 
  93 0.0113 0.1287 0.0370 0.0560 0.0713 0.1026 0.5931 
  94 0.0220 0.0109 0.3651 0.2845 0.0951 0.0889 0.1335 
  95 0.0107 0.0094 0.2400 0.0915 0.0801 0.2548 0.3135 
  96 0.1218 0.0104 0.0392 0.0543 0.0594 0.3133 0.4017 
  97 0.0351 0.0076 0.0296 0.2460 0.0733 0.2127 0.3959 
  98 0.0775 0.0071 0.0382 0.1055 0.1433 0.3658 0.2625 
  99 0.0103 0.0145 0.1240 0.1467 0.1401 0.2532 0.3112 
 100 0.0131 0.0085 0.0350 0.0401 0.0702 0.1715 0.6616 
 101 0.0268 0.1210 0.1358 0.1233 0.1211 0.2712 0.2008 
 102 0.0473 0.0168 0.1154 0.1273 0.0890 0.1552 0.4491 
 103 0.0185 0.0708 0.1317 0.0621 0.0860 0.3878 0.2430 
 104 0.0175 0.0245 0.3206 0.0818 0.1043 0.3042 0.1471 
 105 0.0179 0.0742 0.2305 0.0522 0.0719 0.3595 0.1939 
 106 0.0176 0.0058 0.2362 0.2504 0.1690 0.2425 0.0785 
 107 0.0216 0.0345 0.2854 0.0649 0.0872 0.2726 0.2338 
 108 0.2225 0.0109 0.0435 0.1424 0.1132 0.3363 0.1313 
 109 0.0186 0.0113 0.1455 0.1713 0.1151 0.4587 0.0796 
 110 0.0129 0.0089 0.4168 0.2186 0.1242 0.1336 0.0850 
 111 0.0140 0.0077 0.5531 0.0491 0.0704 0.1935 0.1122 
 112 0.0266 0.0069 0.5398 0.1066 0.0714 0.1537 0.0950 
 113 0.0247 0.0144 0.0818 0.1128 0.1534 0.4017 0.2112 
 114 0.0135 0.0335 0.3060 0.0770 0.0855 0.3124 0.1720 
 115 0.0599 0.0068 0.3717 0.0620 0.1036 0.2506 0.1455 
 116 0.0406 0.0061 0.1091 0.2912 0.1133 0.3464 0.0934 
 117 0.0205 0.0109 0.4519 0.1605 0.1087 0.1480 0.0995 
 118 0.0159 0.0067 0.0800 0.0527 0.0798 0.6433 0.1214 
 119 0.2294 0.0142 0.0596 0.1114 0.0710 0.1629 0.3515 
 120 0.0306 0.0110 0.3533 0.0774 0.1022 0.2633 0.1623 
 121 0.1180 0.0112 0.3841 0.0887 0.0955 0.2022 0.1004 
 122 0.0147 0.0142 0.2218 0.2094 0.1373 0.3019 0.1006 
 123 0.0224 0.0099 0.4281 0.1155 0.0939 0.1823 0.1479 
 124 0.0491 0.0067 0.2115 0.1944 0.1462 0.2677 0.1244 
 125 0.0352 0.0101 0.1860 0.3261 0.1680 0.1504 0.1243 
 126 0.0398 0.0074 0.1489 0.3136 0.0853 0.2204 0.1847 
 127 0.0158 0.0070 0.5663 0.0453 0.0653 0.1734 0.1268 
 128 0.0150 0.0064 0.0552 0.0458 0.0777 0.6800 0.1199 
 129 0.0182 0.0227 0.2076 0.0539 0.0847 0.5195 0.0933 
 130 0.0137 0.0331 0.3019 0.0815 0.0953 0.2875 0.1870 
 131 0.0458 0.0169 0.2409 0.3537 0.0987 0.1604 0.0837 
 132 0.0171 0.0108 0.1855 0.1668 0.1370 0.3977 0.0851 
 133 0.0300 0.0171 0.3773 0.0699 0.0932 0.2589 0.1537 
 134 0.0116 0.0053 0.5148 0.1402 0.0973 0.1617 0.0692 
 135 0.0425 0.0077 0.0327 0.0652 0.0585 0.2153 0.5780 
 136 0.0115 0.0277 0.0280 0.0469 0.1257 0.0996 0.6605 
 137 0.0111 0.0312 0.0698 0.0515 0.0682 0.0972 0.6708 
 138 0.0147 0.0108 0.0268 0.0547 0.0647 0.0759 0.7524 
 139 0.0229 0.0218 0.0319 0.0641 0.0943 0.3366 0.4285 
 140 0.0250 0.0453 0.0409 0.1275 0.0828 0.2103 0.4682 
 141 0.0151 0.1819 0.0288 0.0729 0.1477 0.1260 0.4276 
 142 0.0620 0.0316 0.0321 0.0603 0.0571 0.2335 0.5235 
 143 0.0109 0.0089 0.0269 0.0388 0.0555 0.0716 0.7874 
 144 0.0119 0.0109 0.0679 0.0460 0.0586 0.0953 0.7094 
 145 0.0186 0.0199 0.0298 0.0748 0.1708 0.1468 0.5393 
 146 0.0157 0.0269 0.0583 0.0965 0.1300 0.1614 0.5112 
 147 0.0100 0.0218 0.0278 0.0436 0.0676 0.0720 0.7573 
 148 0.0337 0.1930 0.0457 0.0551 0.1179 0.1942 0.3604 
 149 0.0243 0.3111 0.0268 0.0792 0.0644 0.1395 0.3547 
 150 0.0134 0.0285 0.0928 0.0589 0.0824 0.1638 0.5602 
 151 0.0119 0.0095 0.0361 0.0496 0.0652 0.1033 0.7243 
 152 0.0786 0.0552 0.0395 0.0702 0.1552 0.1554 0.4459 
 153 0.0186 0.0295 0.0349 0.0861 0.0729 0.0960 0.6620 
 154 0.0227 0.4433 0.0268 0.0478 0.0954 0.1307 0.2334 
 155 0.0114 0.0124 0.0359 0.0440 0.0627 0.0892 0.7444 
 156 0.0381 0.0098 0.0424 0.0491 0.0506 0.1495 0.6605 
 157 0.0109 0.0393 0.0874 0.0921 0.0725 0.0992 0.5986 
 158 0.0153 0.0231 0.0293 0.0790 0.1610 0.1245 0.5678 
 159 0.0094 0.2235 0.0277 0.0425 0.0612 0.0826 0.5530 
 160 0.0095 0.2293 0.0264 0.0421 0.0645 0.1026 0.5258 
 161 0.0139 0.0194 0.0390 0.0977 0.0844 0.1183 0.6274 
 162 0.0177 0.0255 0.0524 0.0885 0.1450 0.2131 0.4578 
 163 0.0143 0.0114 0.0333 0.0461 0.0544 0.0818 0.7587 
 164 0.0134 0.3155 0.0385 0.0708 0.0937 0.2241 0.2439 
 165 0.0131 0.0110 0.0923 0.0570 0.0673 0.1343 0.6251 
 166 0.0293 0.3533 0.0615 0.0956 0.0692 0.1300 0.2610 
 167 0.0132 0.5524 0.0360 0.0410 0.1408 0.0854 0.1312 
 168 0.0286 0.0156 0.0332 0.1163 0.0875 0.0908 0.6280 
 169 0.0169 0.0193 0.0281 0.2489 0.1554 0.1205 0.4110 
 170 0.0244 0.0093 0.0357 0.0510 0.0628 0.1309 0.6860 
 171 0.0284 0.0347 0.0350 0.0931 0.1348 0.1512 0.5226 
 172 0.0328 0.0614 0.0268 0.2244 0.0623 0.1217 0.4705 
 173 0.0106 0.0251 0.0272 0.0408 0.0669 0.1071 0.7223 
 174 0.0092 0.0364 0.0364 0.0543 0.0746 0.0989 0.6902 
 175 0.0176 0.0108 0.0263 0.0404 0.1171 0.0770 0.7108 
 176 0.0118 0.0111 0.0683 0.0454 0.0598 0.0952 0.7084 
 177 0.0132 0.0341 0.0756 0.1619 0.0866 0.1218 0.5069 
 178 0.0104 0.0463 0.0368 0.0534 0.1621 0.1107 0.5802 
 179 0.0104 0.1554 0.0275 0.0412 0.0675 0.0815 0.6164 
 180 0.0218 0.1063 0.0426 0.0782 0.1272 0.1345 0.4894 
 181 0.0173 0.0161 0.0289 0.0682 0.0804 0.1448 0.6444 
 182 0.0154 0.0104 0.0278 0.0399 0.0584 0.1267 0.7213 
 183 0.0116 0.0193 0.0273 0.0414 0.0704 0.0876 0.7423 
 184 0.0135 0.0066 0.0456 0.0476 0.2403 0.4771 0.1693 
 185 0.0422 0.0091 0.0275 0.0366 0.0491 0.0887 0.7468 
 186 0.0144 0.0069 0.0711 0.0519 0.1986 0.5112 0.1460 
 187 0.0155 0.0128 0.0444 0.0453 0.1335 0.3120 0.4365 
 188 0.0150 0.0070 0.0514 0.0420 0.1572 0.6199 0.1074 
 189 0.0230 0.0109 0.0389 0.1434 0.2226 0.1222 0.4390 
 190 0.1253 0.0073 0.0276 0.0363 0.0458 0.2566 0.5011 
 191 0.0123 0.0106 0.0309 0.0428 0.1001 0.5752 0.2282 
 192 0.0107 0.0087 0.0625 0.0549 0.1396 0.3156 0.4081 
 193 0.0180 0.0096 0.0347 0.0637 0.1328 0.3787 0.3625 
 194 0.0229 0.0097 0.0584 0.0631 0.1093 0.2978 0.4387 
 195 0.0262 0.0086 0.0263 0.0379 0.0581 0.1999 0.6429 
 196 0.0478 0.0078 0.0425 0.0480 0.0691 0.3802 0.4045 
 197 0.0192 0.0087 0.0655 0.0519 0.2693 0.2970 0.2884 
 198 0.0215 0.0115 0.0441 0.1318 0.1629 0.3222 0.3060 
 199 0.0406 0.0072 0.0404 0.0575 0.0675 0.3135 0.4734 
 200 0.0616 0.0081 0.0417 0.0756 0.1255 0.3264 0.3612 
 201 0.0180 0.0101 0.0327 0.0377 0.0806 0.1856 0.6353 
 202 0.0248 0.0067 0.0394 0.0381 0.0545 0.1476 0.6889 
 203 0.0132 0.0089 0.0332 0.0358 0.0715 0.2348 0.6024 
 204 0.0245 0.0084 0.0296 0.0385 0.0610 0.4184 0.4196 
 205 0.0274 0.0097 0.0342 0.0665 0.0905 0.4691 0.3026 
 206 0.0214 0.0102 0.0312 0.0362 0.0834 0.4228 0.3947 
 207 0.0217 0.0063 0.0385 0.0368 0.0668 0.6059 0.2239 
 208 0.0231 0.0111 0.0298 0.0409 0.0691 0.3803 0.4457 
 209 0.0175 0.0094 0.0323 0.0475 0.1097 0.4868 0.2968 
 210 0.0161 0.0091 0.0377 0.0415 0.0764 0.4294 0.3899 
 211 0.0454 0.0058 0.0585 0.0359 0.0657 0.4369 0.3518 
 212 0.0231 0.0083 0.0262 0.0518 0.0985 0.1370 0.6552 
 213 0.0453 0.0069 0.0608 0.1055 0.0738 0.4026 0.3051 
 214 0.0162 0.0070 0.0336 0.0378 0.0762 0.1776 0.6515 
 215 0.0217 0.0100 0.0368 0.0499 0.0810 0.5987 0.2019 
 216 0.0158 0.0073 0.0506 0.0513 0.2408 0.4151 0.2192 
 217 0.0210 0.0081 0.0324 0.0447 0.0946 0.1803 0.6190 
 218 0.0141 0.0094 0.0436 0.0578 0.1046 0.4476 0.3228 
 219 0.0151 0.0090 0.0443 0.0597 0.2679 0.1759 0.4281 
 220 0.0153 0.0102 0.0303 0.0379 0.0702 0.5948 0.2412 
 221 0.0313 0.0065 0.0251 0.0373 0.0509 0.0961 0.7528 
 222 0.0163 0.0089 0.0489 0.0523 0.3266 0.2605 0.2866 
 223 0.0161 0.0132 0.0447 0.0576 0.1440 0.2191 0.5054 
 224 0.0151 0.0100 0.0338 0.0368 0.0853 0.2694 0.5494 
 225 0.0254 0.0089 0.0360 0.0500 0.0823 0.4025 0.3948 
 226 0.0183 0.0134 0.0465 0.1609 0.1624 0.2745 0.3240 
 227 0.0431 0.0096 0.0426 0.0383 0.0650 0.2971 0.5044 
 228 0.0657 0.0092 0.0277 0.0363 0.0527 0.2198 0.5886 
 229 0.0108 0.0092 0.0381 0.0371 0.0994 0.2830 0.5223 
 230 0.0112 0.0083 0.0358 0.0367 0.0810 0.3683 0.4587 
 231 0.0119 0.0098 0.0317 0.0437 0.1351 0.2935 0.4744 
 232 0.0199 0.0077 0.0462 0.1134 0.0876 0.2596 0.4656 
 233 0.0134 0.0086 0.0332 0.0374 0.0768 0.1656 0.6651 
 234 0.0126 0.0091 0.0462 0.0639 0.1805 0.3354 0.3523 
 235 0.0236 0.0103 0.0354 0.0699 0.1248 0.2667 0.4693 
 236 0.0131 0.0074 0.0417 0.0487 0.1122 0.2471 0.5297 
 237 0.0217 0.0068 0.0325 0.0438 0.0727 0.5458 0.2768 
 238 0.0155 0.0074 0.0444 0.0459 0.0872 0.1881 0.6115 
 239 0.0278 0.0088 0.0264 0.0376 0.0578 0.2008 0.6408 
 240 0.0155 0.0075 0.0458 0.0459 0.0868 0.1850 0.6136 
 241 0.0184 0.0093 0.0301 0.0470 0.0645 0.1571 0.6736 
 242 0.0226 0.0110 0.0368 0.0849 0.1716 0.2475 0.4256 
 243 0.0538 0.0077 0.0322 0.0351 0.0562 0.3968 0.4184 
 244 0.0126 0.0077 0.0324 0.0363 0.0737 0.2735 0.5637 
 245 0.0174 0.0087 0.0334 0.0459 0.0584 0.1089 0.7273 
 246 0.0211 0.0082 0.0326 0.0444 0.0947 0.1788 0.6202 
 247 0.0222 0.0065 0.0894 0.1134 0.1067 0.5274 0.1343 
 248 0.0178 0.0061 0.0396 0.0437 0.0761 0.6731 0.1437 
 249 0.0147 0.0075 0.0390 0.0389 0.0838 0.2685 0.5476 
 250 0.0112 0.0081 0.0450 0.0463 0.1217 0.3320 0.4357 
 251 0.0265 0.0108 0.0517 0.1118 0.1924 0.3508 0.2560 
 252 0.0235 0.0091 0.0388 0.0529 0.1023 0.2876 0.4858 
 253 0.0242 0.0082 0.0634 0.0962 0.1088 0.4312 0.2680 
 254 0.0190 0.0078 0.0477 0.0426 0.2530 0.3001 0.3299 
 255 0.0167 0.0103 0.0347 0.0511 0.1572 0.3663 0.3637 
 256 0.0216 0.0083 0.0355 0.0462 0.0849 0.2723 0.5312 
 257 0.0228 0.0150 0.0503 0.0522 0.0952 0.4119 0.3526 
 258 0.0460 0.0096 0.0409 0.0721 0.0910 0.4782 0.2622 
 259 0.0138 0.0087 0.0428 0.0445 0.1084 0.4484 0.3334 
 260 0.0124 0.0071 0.0528 0.0441 0.2695 0.1688 0.4455 
 261 0.0283 0.0083 0.0347 0.0544 0.0880 0.1957 0.5906 
 262 0.0363 0.0071 0.0256 0.0446 0.0564 0.1509 0.6791 
 263 0.0170 0.0071 0.0398 0.0352 0.1374 0.5316 0.2320 
 264 0.0168 0.0059 0.0391 0.0666 0.3974 0.3655 0.1088 
 265 0.0182 0.0097 0.0370 0.0647 0.1418 0.3423 0.3863 
 266 0.0219 0.0067 0.0256 0.0378 0.0508 0.1063 0.7509 
 267 0.0178 0.0076 0.0430 0.0436 0.1247 0.3512 0.4122 
 268 0.0470 0.0081 0.0430 0.0485 0.0687 0.3800 0.4047 
 269 0.0165 0.0095 0.0416 0.0872 0.2738 0.1759 0.3954 
 270 0.0153 0.0142 0.0513 0.0499 0.2020 0.4656 0.2017 
 271 0.0250 0.0103 0.0408 0.0562 0.0845 0.5459 0.2373 
 272 0.0343 0.0133 0.0492 0.1435 0.1135 0.3842 0.2619 
 273 0.0251 0.1152 0.0667 0.0907 0.1500 0.2462 0.3060 
 274 0.0162 0.0107 0.0391 0.0794 0.1388 0.4184 0.2974 
 275 0.0226 0.0613 0.0412 0.0693 0.1689 0.3315 0.3052 
 276 0.0337 0.0093 0.0555 0.1222 0.1046 0.4189 0.2559 
 277 0.0152 0.0105 0.0437 0.0591 0.1535 0.2527 0.4653 
 278 0.0297 0.0092 0.0350 0.0500 0.0760 0.5493 0.2507 
 279 0.0153 0.0096 0.0419 0.0575 0.1182 0.3643 0.3932 
 280 0.0215 0.0077 0.0378 0.0927 0.1716 0.2874 0.3814 
 281 0.0169 0.0109 0.0451 0.0700 0.0986 0.4662 0.2923 
 282 0.0120 0.0080 0.0430 0.0508 0.1357 0.1753 0.5752 
 283 0.0143 0.0092 0.0409 0.0379 0.0945 0.1783 0.6250 
 284 0.0181 0.0186 0.0597 0.0571 0.1056 0.3554 0.3856 
 285 0.0289 0.0059 0.0364 0.0648 0.0778 0.6844 0.1018 
 286 0.0125 0.0076 0.0321 0.0362 0.0744 0.2721 0.5651 
 287 0.0164 0.0127 0.0465 0.1007 0.1643 0.2999 0.3595 
 288 0.0182 0.0133 0.0447 0.1168 0.1446 0.3928 0.2697 
 289 0.0429 0.0345 0.0677 0.0663 0.1315 0.4564 0.2008 
 290 0.0393 0.0058 0.0384 0.0819 0.1709 0.3693 0.2943 
 291 0.0261 0.0105 0.0404 0.0564 0.0851 0.5439 0.2376 
 292 0.0378 0.0076 0.0333 0.1101 0.1161 0.2024 0.4928 
 293 0.0511 0.0057 0.0401 0.1095 0.2122 0.3919 0.1894 
 294 0.0244 0.0073 0.0382 0.0452 0.1440 0.5043 0.2366 
 295 0.0399 0.0469 0.0562 0.1139 0.1156 0.3991 0.2286 
 296 0.0205 0.0092 0.0417 0.0512 0.0751 0.5446 0.2577 
 297 0.0174 0.0082 0.0394 0.0879 0.2097 0.3691 0.2684 
 298 0.0107 0.0088 0.0489 0.0485 0.1570 0.2392 0.4870 
 299 0.0137 0.0086 0.0421 0.0366 0.2099 0.4459 0.2432 
 300 0.0185 0.0067 0.0311 0.0541 0.0792 0.6324 0.1781 
 301 0.0140 0.0138 0.0433 0.0537 0.2834 0.3793 0.2125 
 302 0.0442 0.0148 0.0393 0.0470 0.1249 0.5119 0.2179 
 303 0.0162 0.0075 0.0340 0.0562 0.1001 0.2424 0.5437 
 304 0.0107 0.0191 0.0662 0.0519 0.2672 0.1532 0.4316 
 305 0.0229 0.0188 0.0265 0.0488 0.0695 0.2759 0.5376 
 306 0.0188 0.0090 0.0358 0.0558 0.1182 0.1673 0.5951 
 307 0.0145 0.0098 0.0458 0.0567 0.1299 0.3254 0.4178 
 308 0.0283 0.0086 0.0344 0.0549 0.0890 0.1949 0.5898 
 309 0.0446 0.0648 0.0633 0.0493 0.0871 0.4951 0.1958 
 310 0.0256 0.0076 0.0314 0.0378 0.0696 0.2884 0.5395 
 311 0.0112 0.0084 0.0349 0.0369 0.0814 0.3695 0.4578 
 312 0.0190 0.0098 0.0395 0.0382 0.0625 0.5913 0.2397 
 313 0.0577 0.0081 0.0341 0.0428 0.0618 0.6277 0.1678 
 314 0.0241 0.1867 0.0271 0.0466 0.0571 0.0767 0.5816 
 315 0.0274 0.2507 0.0309 0.0658 0.0681 0.0724 0.4846 
 316 0.0138 0.5607 0.0299 0.0556 0.0677 0.0661 0.2062 
 317 0.0139 0.2255 0.0287 0.0455 0.0621 0.0744 0.5499 
 318 0.0090 0.5309 0.0265 0.0424 0.0624 0.0637 0.2651 
 319 0.0110 0.0091 0.0267 0.0395 0.0580 0.0747 0.7809 
 320 0.0246 0.1842 0.0276 0.0471 0.0566 0.0767 0.5831 
 321 0.0126 0.4168 0.0273 0.0452 0.0652 0.0697 0.3632 
 322 0.0370 0.2078 0.0348 0.0694 0.0761 0.0794 0.4954 
 323 0.0096 0.2329 0.0275 0.0413 0.0739 0.0703 0.5444 
 324 0.0122 0.4159 0.0278 0.0450 0.0651 0.0700 0.3639 
 325 0.0121 0.5935 0.0290 0.0526 0.0645 0.0643 0.1841 
 326 0.0118 0.6468 0.0288 0.0508 0.0619 0.0636 0.1363 
 327 0.0138 0.2268 0.0288 0.0455 0.0614 0.0740 0.5496 
 328 0.0212 0.2249 0.0328 0.0688 0.0766 0.0814 0.4944 
 329 0.0090 0.0318 0.0271 0.0420 0.0633 0.0653 0.7616 
 330 0.0140 0.2277 0.0285 0.0460 0.0608 0.0740 0.5490 
 331 0.0089 0.1959 0.0266 0.0417 0.0626 0.0715 0.5928 
 332 0.0116 0.6415 0.0282 0.0512 0.0652 0.0634 0.1388 
 333 0.0134 0.5288 0.0289 0.0527 0.0656 0.0782 0.2323 
 334 0.0212 0.2235 0.0321 0.0687 0.0764 0.0818 0.4964 
 335 0.0274 0.0724 0.0346 0.0702 0.0742 0.0740 0.6473 
 336 0.0163 0.5525 0.0259 0.0446 0.0611 0.0691 0.2305 
 337 0.0193 0.4907 0.0307 0.0599 0.0677 0.0720 0.2597 
 338 0.0085 0.6083 0.0264 0.0413 0.0630 0.0632 0.1893 
 339 0.0090 0.1911 0.0266 0.0415 0.0630 0.0714 0.5975 
 340 0.0101 0.0519 0.0268 0.0388 0.0555 0.0705 0.7463 
 341 0.0102 0.3022 0.0274 0.0413 0.0660 0.0753 0.4776 
 342 0.0140 0.2293 0.0287 0.0463 0.0611 0.0733 0.5474 
 343 0.0470 0.1905 0.0330 0.0673 0.0817 0.0740 0.5064 
 344 0.0090 0.1902 0.0270 0.0418 0.0633 0.0650 0.6037 
 345 0.0138 0.2285 0.0287 0.0467 0.0614 0.0732 0.5477 
 346 0.0108 0.3062 0.0278 0.0433 0.0605 0.0700 0.4812 
 347 0.0096 0.0503 0.0268 0.0387 0.0563 0.0646 0.7536 
 348 0.0510 0.0550 0.0323 0.0683 0.0670 0.0754 0.6511 
 349 0.0142 0.2280 0.0284 0.0464 0.0615 0.0735 0.5480 
 350 0.0127 0.0250 0.0259 0.0417 0.0596 0.0758 0.7595 
 351 0.0278 0.0722 0.0341 0.0688 0.0749 0.0738 0.6483 
 352 0.0277 0.3093 0.0325 0.0643 0.0672 0.0793 0.4197 
 353 0.0166 0.5531 0.0260 0.0457 0.0607 0.0695 0.2284 
 354 0.0098 0.2135 0.0280 0.0430 0.0666 0.0669 0.5723 
 355 0.0089 0.5288 0.0266 0.0425 0.0633 0.0640 0.2659 
 356 0.0510 0.0119 0.0326 0.0703 0.0666 0.0741 0.6934 
 357 0.0175 0.0247 0.0357 0.1459 0.2112 0.0919 0.4731 
 358 0.0123 0.5168 0.0298 0.0544 0.0683 0.0662 0.2521 
 359 0.0090 0.4506 0.0266 0.0413 0.0643 0.0745 0.3338 
 360 0.0108 0.3055 0.0278 0.0437 0.0607 0.0706 0.4809 
 361 0.0244 0.0159 0.0374 0.1543 0.2101 0.0997 0.4581 
 362 0.0175 0.0224 0.0726 0.2953 0.1632 0.2565 0.1723 
 363 0.0245 0.0106 0.1149 0.2159 0.2856 0.2369 0.1117 
 364 0.0191 0.0160 0.0552 0.0589 0.3524 0.1704 0.3280 
 365 0.0166 0.0116 0.0497 0.2528 0.3321 0.2101 0.1272 
 366 0.1042 0.0109 0.0387 0.1141 0.2886 0.1991 0.2444 
 367 0.0118 0.0063 0.3253 0.3159 0.1313 0.1281 0.0814 
 368 0.0104 0.0097 0.0720 0.0925 0.1593 0.5141 0.1420 
 369 0.1110 0.0398 0.0486 0.0805 0.2495 0.1611 0.3096 
 370 0.0178 0.0401 0.2063 0.0759 0.1586 0.3506 0.1506 
 371 0.0278 0.0378 0.0573 0.0639 0.3700 0.2456 0.1976 
 372 0.0254 0.0485 0.1047 0.0760 0.1161 0.4427 0.1865 
 373 0.0145 0.0083 0.2056 0.1171 0.2195 0.2023 0.2327 
 374 0.0184 0.0280 0.0794 0.1601 0.2082 0.1755 0.3305 
 375 0.0126 0.0119 0.1029 0.0992 0.4479 0.2291 0.0964 
 376 0.0131 0.0086 0.0654 0.2621 0.4677 0.0903 0.0928 
 377 0.0212 0.0318 0.0497 0.2022 0.1615 0.4042 0.1294 
 378 0.0161 0.0483 0.3748 0.0911 0.0757 0.1435 0.2505 
 379 0.0205 0.0121 0.0925 0.2092 0.4819 0.1005 0.0833 
 380 0.0360 0.0188 0.0325 0.3300 0.1800 0.1252 0.2775 
 381 0.0533 0.0088 0.0293 0.1420 0.3976 0.1021 0.2669 
 382 0.0104 0.0150 0.1140 0.1183 0.4941 0.1439 0.1043 
 383 0.0156 0.2656 0.0325 0.2387 0.2021 0.1252 0.1202 
 384 0.0167 0.0995 0.0895 0.0933 0.4287 0.1250 0.1474 
 385 0.0102 0.2086 0.0894 0.0660 0.2201 0.2708 0.1349 
 386 0.0137 0.0076 0.1038 0.3317 0.2518 0.1786 0.1129 
 387 0.0161 0.0069 0.1004 0.2570 0.2812 0.2037 0.1347 
 388 0.0125 0.0397 0.0798 0.1147 0.2522 0.2184 0.2827 
 389 0.0538 0.0244 0.0533 0.0501 0.1083 0.5894 0.1206 
 390 0.0603 0.0213 0.1527 0.4164 0.1067 0.1413 0.1014 
 391 0.0408 0.0196 0.1543 0.1054 0.1374 0.3614 0.1811 
 392 0.0167 0.0080 0.0646 0.2564 0.2733 0.1576 0.2234 
 393 0.0421 0.0128 0.0445 0.4835 0.1386 0.0822 0.1963 
 394 0.0172 0.0658 0.0950 0.2586 0.1407 0.1425 0.2802 
 395 0.0308 0.0057 0.0675 0.3044 0.0847 0.3546 0.1523 
 396 0.0106 0.0062 0.0881 0.1220 0.3864 0.3014 0.0851 
 397 0.0176 0.0087 0.0387 0.0444 0.3974 0.1998 0.2933 
 398 0.0127 0.0076 0.0836 0.5488 0.1589 0.1021 0.0863 
 399 0.0211 0.0131 0.3804 0.1828 0.0915 0.1957 0.1154 
 400 0.0149 0.0074 0.1780 0.1783 0.3374 0.1174 0.1666 
 401 0.0339 0.0063 0.1842 0.2933 0.0821 0.2214 0.1787 
 402 0.0627 0.0100 0.0977 0.1057 0.2492 0.2936 0.1810 
 403 0.0155 0.0100 0.0849 0.0999 0.1333 0.1876 0.4688 
 404 0.0113 0.0063 0.0618 0.1070 0.3055 0.2896 0.2185 
 405 0.0230 0.0099 0.0499 0.2204 0.2587 0.2428 0.1953 
 406 0.1069 0.0065 0.0387 0.3551 0.0890 0.1268 0.2770 
 407 0.0107 0.0060 0.0472 0.5027 0.2088 0.1364 0.0883 
 408 0.0416 0.0056 0.1540 0.1284 0.0705 0.5067 0.0931 
 409 0.0583 0.0112 0.0541 0.2883 0.0745 0.0969 0.4167 
 410 0.0255 0.0204 0.1354 0.2078 0.2926 0.1457 0.1727 
 411 0.0547 0.0638 0.0720 0.1111 0.4180 0.1105 0.1698 
 412 0.0105 0.0091 0.1022 0.1218 0.2576 0.3642 0.1346 
 413 0.0132 0.0398 0.0930 0.1920 0.1458 0.2751 0.2411 
 414 0.0109 0.0123 0.1379 0.0832 0.2436 0.4280 0.0841 
 415 0.0390 0.0068 0.0638 0.3288 0.2745 0.1552 0.1320 
 416 0.0317 0.0072 0.1216 0.2324 0.2001 0.1872 0.2198 
 417 0.0163 0.0120 0.0641 0.4987 0.1745 0.1363 0.0979 
 418 0.0093 0.0072 0.2058 0.1445 0.3014 0.2346 0.0971 
 419 0.0241 0.0123 0.0930 0.2058 0.1435 0.2055 0.3159 
 420 0.0703 0.0055 0.1546 0.3577 0.0799 0.2040 0.1278 
 421 0.0142 0.0121 0.0712 0.3784 0.1326 0.2860 0.1055 
 422 0.0265 0.0065 0.0350 0.3363 0.0881 0.3624 0.1452 
 423 0.0211 0.0065 0.0710 0.1981 0.3357 0.2167 0.1509 
 424 0.0990 0.0093 0.3084 0.1720 0.1090 0.1507 0.1517 
 425 0.0174 0.0130 0.0740 0.0963 0.3458 0.2612 0.1922 
 426 0.0191 0.0781 0.2765 0.1281 0.2011 0.1456 0.1514 
 427 0.0125 0.0297 0.0811 0.5323 0.0915 0.0793 0.1737 
 428 0.0275 0.0096 0.0413 0.3722 0.0867 0.1393 0.3235 
 429 0.0107 0.0061 0.1392 0.3662 0.2798 0.1157 0.0823 
 430 0.0141 0.0081 0.0497 0.5563 0.1354 0.1361 0.1003 
 431 0.0137 0.0218 0.2212 0.0971 0.1887 0.2757 0.1817 
 432 0.0118 0.0100 0.0809 0.1266 0.1577 0.4534 0.1595 
 433 0.0190 0.0101 0.0747 0.0607 0.1435 0.2601 0.4319 
 434 0.0206 0.0098 0.0437 0.1091 0.3090 0.2601 0.2476 
 435 0.0155 0.0066 0.0447 0.6563 0.0906 0.1050 0.0813 
 436 0.0341 0.0087 0.1549 0.4933 0.1172 0.0640 0.1279 
 437 0.0146 0.0078 0.0397 0.1306 0.5867 0.1285 0.0921 
 438 0.0707 0.0112 0.0780 0.5083 0.0624 0.1097 0.1597 
 439 0.0114 0.0081 0.0557 0.6625 0.0908 0.0694 0.1021 
 440 0.0186 0.0059 0.0853 0.5605 0.1615 0.0963 0.0720 
 441 0.0153 0.0150 0.0550 0.4721 0.1526 0.1074 0.1826 
 442 0.0216 0.0059 0.0808 0.2746 0.2529 0.2583 0.1059 
 443 0.0827 0.0066 0.2997 0.2991 0.0848 0.1350 0.0922 
 444 0.0370 0.0063 0.0685 0.3354 0.2557 0.1971 0.1001 
 445 0.0232 0.0081 0.0474 0.4238 0.1536 0.0892 0.2548 
 446 0.0115 0.0102 0.1548 0.5288 0.1355 0.0695 0.0896 
 447 0.0392 0.0084 0.0542 0.4335 0.1215 0.1639 0.1792 
 448 0.0164 0.0079 0.0477 0.4320 0.2173 0.1772 0.1014 
 449 0.0154 0.0085 0.0493 0.3485 0.2444 0.1706 0.1633 
 450 0.0093 0.0106 0.0859 0.1771 0.4610 0.0969 0.1591 
 451 0.0245 0.0068 0.1856 0.1684 0.1863 0.3529 0.0756 
 452 0.0104 0.0085 0.0830 0.3367 0.3097 0.0930 0.1586 
 453 0.1406 0.0093 0.1200 0.1858 0.0860 0.2520 0.2062 
 454 0.0177 0.0262 0.0729 0.3503 0.2633 0.1073 0.1624 
 455 0.0266 0.0076 0.0666 0.6509 0.0824 0.0800 0.0859 
 456 0.0683 0.0067 0.0609 0.4837 0.1424 0.1504 0.0877 
 457 0.0141 0.0081 0.0353 0.4038 0.3190 0.1183 0.1015 
 458 0.0111 0.0091 0.0708 0.5282 0.1882 0.0813 0.1113 
 459 0.0142 0.0085 0.1138 0.5202 0.0857 0.0737 0.1838 
 460 0.0147 0.0072 0.1586 0.5605 0.0942 0.0786 0.0862 
 461 0.0089 0.0075 0.4599 0.2021 0.1494 0.0813 0.0908 
 462 0.0297 0.0072 0.1370 0.3505 0.1794 0.2260 0.0702 
 463 0.1888 0.0098 0.0506 0.3727 0.0852 0.1381 0.1548 
 464 0.0258 0.0064 0.0957 0.6050 0.0793 0.1037 0.0842 
 465 0.0250 0.0086 0.1724 0.3593 0.1160 0.1978 0.1209 
 466 0.0646 0.0068 0.0698 0.4789 0.0822 0.1978 0.0998 
 467 0.0225 0.0122 0.0992 0.4418 0.1364 0.1372 0.1506 
 468 0.0385 0.0064 0.0308 0.5884 0.1531 0.0987 0.0842 
 469 0.0134 0.0075 0.0366 0.7165 0.0763 0.0655 0.0842 
 470 0.0128 0.0071 0.0641 0.6774 0.0779 0.0812 0.0796 
 471 0.0748 0.0067 0.1191 0.2061 0.2037 0.2638 0.1258 
 472 0.0295 0.0074 0.0766 0.3402 0.2116 0.2068 0.1279 
 473 0.0233 0.0121 0.0415 0.3079 0.2486 0.2088 0.1578 
 474 0.0194 0.0076 0.0750 0.3820 0.2373 0.1037 0.1750 
 475 0.0171 0.0078 0.1242 0.3612 0.1083 0.1833 0.1981 
 476 0.0236 0.0085 0.1044 0.3246 0.3424 0.0786 0.1179 
 477 0.0343 0.0111 0.2498 0.2459 0.1431 0.1656 0.1502 
 478 0.0152 0.0084 0.5660 0.1413 0.0832 0.1023 0.0836 
 479 0.0136 0.0067 0.0665 0.5581 0.1824 0.0913 0.0815 
 480 0.0130 0.0073 0.0562 0.4280 0.3215 0.0761 0.0979 
 481 0.0136 0.0060 0.0469 0.1696 0.2145 0.4438 0.1057 
 482 0.0105 0.0064 0.1019 0.4919 0.2241 0.0803 0.0849 
 483 0.0136 0.0108 0.0861 0.6163 0.0948 0.0745 0.1040 
 484 0.0525 0.0090 0.0500 0.5412 0.0714 0.1687 0.1073 
 485 0.0198 0.0089 0.0813 0.6608 0.0748 0.0697 0.0847 
 486 0.0612 0.0091 0.1100 0.0685 0.2091 0.3893 0.1528 
 487 0.0223 0.0131 0.0585 0.0601 0.2746 0.2961 0.2754 
 488 0.0155 0.0111 0.1148 0.0580 0.1397 0.4583 0.2026 
 489 0.0707 0.0102 0.0359 0.0436 0.3380 0.2014 0.3001 
 490 0.0441 0.0068 0.2277 0.1052 0.1998 0.3133 0.1032 
 491 0.0178 0.0100 0.0403 0.0518 0.1195 0.4786 0.2820 
 492 0.0225 0.0088 0.1817 0.0648 0.0856 0.2250 0.4117 
 493 0.0193 0.0102 0.0607 0.0401 0.2306 0.4744 0.1647 
 494 0.0198 0.0080 0.0644 0.0606 0.2320 0.3315 0.2837 
 495 0.0355 0.0098 0.2904 0.0538 0.1331 0.1837 0.2937 
 496 0.0231 0.0110 0.0550 0.0871 0.1164 0.1902 0.5173 
 497 0.0165 0.0168 0.0463 0.0469 0.1945 0.4366 0.2424 
 498 0.0786 0.0086 0.1012 0.0752 0.2227 0.3262 0.1875 
 499 0.0262 0.0131 0.0420 0.0514 0.2202 0.2362 0.4109 
 500 0.0189 0.0072 0.0448 0.0556 0.4103 0.2747 0.1885 
 501 0.0106 0.0076 0.0778 0.0816 0.2694 0.1991 0.3539 
 502 0.0092 0.0086 0.1313 0.0805 0.1368 0.2576 0.3759 
 503 0.0154 0.0070 0.0416 0.1197 0.4241 0.2659 0.1263 
 504 0.0281 0.0078 0.1841 0.0792 0.1107 0.4492 0.1410 
 505 0.0269 0.0065 0.0593 0.0559 0.1174 0.4486 0.2854 
 506 0.0138 0.0089 0.1788 0.0626 0.1266 0.2464 0.3629 
 507 0.0270 0.0100 0.0287 0.0452 0.0674 0.1111 0.7105 
 508 0.0556 0.0118 0.0390 0.0374 0.0819 0.1596 0.6148 
 509 0.0193 0.0075 0.0520 0.0624 0.0949 0.3524 0.4115 
 510 0.0175 0.0071 0.0561 0.0447 0.3463 0.1437 0.3846 
 511 0.0207 0.0070 0.1491 0.1712 0.2645 0.2155 0.1721 
 512 0.0104 0.0059 0.1250 0.1136 0.4661 0.1752 0.1038 
 513 0.0476 0.0085 0.1806 0.0345 0.0542 0.5123 0.1624 
 514 0.0188 0.0140 0.2476 0.1062 0.1136 0.3239 0.1759 
 515 0.0457 0.0091 0.0475 0.2445 0.1750 0.1955 0.2827 
 516 0.0318 0.0084 0.1033 0.0714 0.0879 0.5138 0.1834 
 517 0.0899 0.0102 0.0645 0.2468 0.1098 0.1897 0.2892 
 518 0.0123 0.0117 0.0416 0.0474 0.4105 0.1471 0.3295 
 519 0.0165 0.0074 0.2456 0.1301 0.1034 0.2964 0.2005 
 520 0.1297 0.0104 0.0348 0.2067 0.0924 0.1121 0.4140 
 521 0.0214 0.2114 0.0977 0.0711 0.0934 0.2389 0.2660 
 522 0.1801 0.0083 0.0590 0.0961 0.3812 0.1434 0.1319 
 523 0.2481 0.0275 0.0729 0.1218 0.0817 0.1365 0.3114 
 524 0.0620 0.0105 0.0434 0.3798 0.1197 0.1727 0.2117 
 525 0.0302 0.0129 0.0372 0.1194 0.2954 0.1304 0.3746 
 526 0.1688 0.0080 0.0318 0.3628 0.0688 0.1430 0.2167 
 527 0.0112 0.0073 0.0959 0.0635 0.4318 0.2520 0.1384 
 528 0.0170 0.0406 0.0452 0.0479 0.0940 0.2043 0.5510 
 529 0.0181 0.0174 0.0498 0.0648 0.2007 0.3638 0.2854 
 530 0.0484 0.0075 0.0510 0.1461 0.3515 0.1864 0.2091 
 531 0.0233 0.0354 0.0493 0.1887 0.1348 0.1396 0.4288 
 532 0.0295 0.0545 0.0537 0.0464 0.2618 0.2546 0.2995 
 533 0.0404 0.0096 0.0389 0.1189 0.3732 0.2358 0.1832 
 534 0.0599 0.0084 0.0835 0.0445 0.1132 0.3903 0.3001 
 535 0.1010 0.0081 0.0851 0.2622 0.0946 0.2290 0.2199 
 536 0.0312 0.0098 0.0770 0.2329 0.1190 0.1787 0.3515 
 537 0.0783 0.0250 0.0692 0.0759 0.1047 0.1442 0.5028 
 538 0.0501 0.0093 0.0496 0.1029 0.1427 0.2424 0.4030 
 539 0.0198 0.0074 0.0338 0.0381 0.0855 0.1203 0.6952 
 540 0.0507 0.2062 0.0371 0.0995 0.1234 0.2797 0.2033 
 541 0.0260 0.1503 0.0757 0.1031 0.1162 0.1152 0.4136 
 542 0.0613 0.0065 0.0420 0.2894 0.0917 0.3057 0.2033 
 543 0.1576 0.1908 0.1193 0.1035 0.0718 0.1583 0.1987 
 544 0.1523 0.0160 0.0434 0.1727 0.0968 0.2486 0.2702 
 545 0.2644 0.0082 0.0654 0.2779 0.0771 0.1949 0.1121 
 546 0.0447 0.0186 0.0480 0.1131 0.1013 0.3358 0.3385 
 547 0.3355 0.0111 0.0649 0.1140 0.0648 0.1124 0.2973 
 548 0.0111 0.0079 0.0450 0.0463 0.1216 0.3315 0.4367 
 549 0.0488 0.0108 0.0462 0.2286 0.0681 0.0774 0.5201 
 550 0.2166 0.0063 0.0966 0.2568 0.1015 0.1361 0.1861 
 551 0.0237 0.0146 0.0631 0.1050 0.0853 0.0929 0.6154 
 552 0.0403 0.0075 0.0341 0.0663 0.1202 0.2808 0.4509 
 553 0.4162 0.0488 0.0750 0.0578 0.0575 0.1080 0.2368 
 554 0.0367 0.2458 0.0762 0.0809 0.2249 0.1951 0.1403 
 555 0.0646 0.0287 0.0582 0.0618 0.1103 0.1850 0.4913 
 556 0.0321 0.0157 0.0498 0.0875 0.1208 0.2987 0.3955 
 557 0.0595 0.0192 0.1097 0.3928 0.0888 0.1095 0.2206 
 558 0.0094 0.0065 0.0977 0.5336 0.1955 0.0712 0.0861 
 559 0.0286 0.0112 0.1197 0.0902 0.1552 0.4363 0.1590 
 560 0.0130 0.0054 0.3062 0.3575 0.0843 0.1615 0.0722 
 561 0.0191 0.0072 0.0658 0.2939 0.1482 0.3720 0.0939 
 562 0.0457 0.0065 0.1502 0.1515 0.2194 0.3558 0.0709 
 563 0.0229 0.0083 0.2875 0.1745 0.0923 0.1313 0.2833 
 564 0.0582 0.0310 0.0545 0.0730 0.1803 0.4677 0.1354 
 565 0.0103 0.0071 0.0395 0.5489 0.1866 0.1052 0.1025 
 566 0.0145 0.0062 0.4028 0.2087 0.1661 0.1281 0.0736 
 567 0.0230 0.0081 0.0562 0.0639 0.1609 0.5852 0.1027 
 568 0.0262 0.0094 0.0877 0.2700 0.1097 0.3416 0.1554 
 569 0.1036 0.0290 0.0992 0.1265 0.3854 0.1305 0.1257 
 570 0.0127 0.0069 0.0753 0.1422 0.5870 0.1010 0.0749 
 571 0.0192 0.0113 0.3214 0.1749 0.1148 0.2462 0.1121 
 572 0.3118 0.0108 0.0337 0.1076 0.1462 0.1231 0.2668 
 573 0.0574 0.0255 0.0439 0.2047 0.1345 0.3936 0.1404 
 574 0.0267 0.0267 0.0423 0.1008 0.4652 0.1149 0.2234 
 575 0.0128 0.0070 0.1590 0.2125 0.1191 0.2449 0.2447 
 576 0.0130 0.0072 0.2508 0.2034 0.2219 0.2301 0.0737 
 577 0.0161 0.0095 0.0538 0.1000 0.4398 0.1369 0.2438 
 578 0.0227 0.0106 0.1802 0.2579 0.1809 0.2284 0.1193 
 579 0.0169 0.0139 0.0590 0.2402 0.1939 0.3738 0.1023 
 580 0.0123 0.0096 0.0493 0.2672 0.3455 0.1510 0.1651 
 581 0.0133 0.0094 0.0808 0.3850 0.2390 0.1353 0.1371 
 582 0.0283 0.0065 0.1159 0.4298 0.2135 0.1205 0.0854 
 583 0.0178 0.0166 0.2722 0.1056 0.3413 0.1379 0.1085 
 584 0.0121 0.0072 0.2244 0.1753 0.2753 0.2159 0.0898 
 585 0.0168 0.0086 0.1348 0.3036 0.1936 0.2438 0.0988 
 586 0.0189 0.0084 0.4133 0.0830 0.0926 0.2172 0.1666 
 587 0.0327 0.0060 0.0530 0.1075 0.3499 0.3618 0.0891 
 588 0.0749 0.0140 0.0316 0.0425 0.0591 0.6639 0.1139 
 589 0.0694 0.0136 0.0572 0.3022 0.2938 0.1778 0.0859 
 590 0.0141 0.0060 0.2013 0.0645 0.1723 0.4356 0.1061 
 591 0.0133 0.0092 0.1667 0.1737 0.1321 0.3761 0.1289 
 592 0.0387 0.0065 0.1077 0.2058 0.1297 0.4077 0.1041 
 593 0.0230 0.0109 0.0858 0.2859 0.1678 0.2518 0.1747 
 594 0.0178 0.0281 0.1134 0.1166 0.2075 0.3085 0.2082 
 595 0.0092 0.0056 0.0645 0.0651 0.4600 0.3154 0.0802 
 596 0.0759 0.0094 0.0653 0.1522 0.1543 0.3788 0.1641 
 597 0.0353 0.0281 0.4052 0.0752 0.0681 0.1115 0.2766 
 598 0.0126 0.0076 0.0657 0.1898 0.5661 0.0772 0.0810 
 599 0.0336 0.0067 0.1876 0.1767 0.2150 0.2991 0.0812 
 600 0.0209 0.0190 0.0441 0.3038 0.2604 0.1661 0.1857 
 601 0.0203 0.0055 0.0957 0.4072 0.1753 0.2105 0.0856 
 602 0.0112 0.0095 0.0596 0.0862 0.1364 0.4257 0.2714 
 603 0.0122 0.0085 0.0608 0.0691 0.1346 0.4560 0.2589 
 604 0.0142 0.0419 0.0499 0.3387 0.1717 0.2155 0.1682 
 605 0.0232 0.0092 0.0540 0.2077 0.1544 0.4155 0.1359 
 606 0.0238 0.0218 0.0702 0.0997 0.2136 0.2851 0.2858 
 607 0.0110 0.0136 0.0448 0.1475 0.2647 0.1663 0.3520 
 608 0.0133 0.0130 0.0894 0.1718 0.1040 0.0978 0.5107 
 609 0.0241 0.0078 0.0570 0.2248 0.3347 0.1752 0.1764 
 610 0.0340 0.0079 0.0398 0.4683 0.1158 0.2026 0.1317 
 611 0.0191 0.0090 0.0725 0.1092 0.1137 0.3993 0.2772 
 612 0.0182 0.0141 0.0381 0.5198 0.2009 0.1029 0.1059 
 613 0.0461 0.0251 0.0572 0.1144 0.3845 0.2073 0.1654 
 614 0.0121 0.0059 0.0340 0.1493 0.5198 0.1678 0.1112 
 615 0.0126 0.0073 0.0348 0.3150 0.2597 0.1675 0.2031 
 616 0.0109 0.0142 0.0562 0.0888 0.3806 0.1945 0.2547 
 617 0.0433 0.0195 0.0544 0.1080 0.4130 0.2696 0.0924 
 618 0.0158 0.1151 0.0322 0.3109 0.1191 0.1850 0.2218 
 619 0.0519 0.0155 0.0688 0.2708 0.1512 0.2002 0.2416 
 620 0.0434 0.0067 0.0852 0.1779 0.0968 0.5115 0.0785 
 621 0.0105 0.0084 0.1388 0.1807 0.3169 0.2313 0.1134 
 622 0.0339 0.0513 0.0442 0.1400 0.2180 0.3556 0.1570 
 623 0.0226 0.0104 0.0797 0.1369 0.2073 0.4232 0.1199 
 624 0.0143 0.1866 0.0450 0.3693 0.1200 0.1121 0.1528 
 625 0.0150 0.0415 0.0820 0.1242 0.3615 0.1691 0.2067 
 626 0.0457 0.1919 0.0273 0.2207 0.0810 0.1278 0.3054 
 627 0.0213 0.0162 0.0703 0.1345 0.2509 0.3437 0.1631 
 628 0.0147 0.0069 0.1448 0.0950 0.2002 0.3597 0.1787 
 629 0.0104 0.0074 0.0743 0.0779 0.2750 0.3672 0.1878 
 630 0.0186 0.0139 0.0543 0.2912 0.2648 0.2095 0.1477 
 631 0.0129 0.0083 0.0459 0.1239 0.4397 0.2136 0.1556 
 632 0.0147 0.0137 0.0400 0.0838 0.1489 0.2997 0.3991 
 633 0.0120 0.0219 0.0708 0.2721 0.2410 0.1524 0.2298 
 634 0.0363 0.0126 0.0872 0.1290 0.2133 0.1590 0.3626 
 635 0.0141 0.0112 0.0359 0.0973 0.1767 0.1418 0.5231 
 636 0.0136 0.0590 0.0525 0.2333 0.2052 0.1900 0.2464 
 637 0.0378 0.0067 0.0500 0.1667 0.1163 0.3338 0.2886 
 638 0.0121 0.0115 0.0555 0.0897 0.2339 0.3538 0.2434 
 639 0.0131 0.0186 0.0367 0.1752 0.3376 0.2129 0.2059 
 640 0.0098 0.0225 0.2479 0.1310 0.2234 0.2227 0.1427 
 641 0.0121 0.0091 0.0452 0.0795 0.3672 0.3156 0.1712 
 642 0.0233 0.0220 0.0401 0.1062 0.0887 0.1667 0.5530 
 643 0.0111 0.0456 0.0531 0.0780 0.0774 0.0968 0.6380 
 644 0.0162 0.1133 0.0699 0.0719 0.0860 0.1620 0.4807 
 645 0.0145 0.0233 0.0280 0.2485 0.0752 0.1150 0.4954 
 646 0.0285 0.0207 0.0458 0.1088 0.0946 0.4550 0.2467 
 647 0.0201 0.0159 0.0964 0.0861 0.0904 0.2087 0.4825 
 648 0.0400 0.1120 0.0382 0.0623 0.2041 0.3198 0.2237 
 649 0.0645 0.0280 0.0432 0.0642 0.0796 0.4431 0.2774 
 650 0.0214 0.0231 0.0569 0.0735 0.0840 0.4477 0.2934 
 651 0.0137 0.1175 0.0489 0.0469 0.1397 0.3307 0.3026 
 652 0.0147 0.0275 0.0398 0.0793 0.0903 0.1981 0.5503 
 653 0.0264 0.0263 0.0385 0.0827 0.1563 0.2106 0.4593 
 654 0.0394 0.0092 0.0383 0.0646 0.0791 0.1885 0.5809 
 655 0.0199 0.1852 0.0840 0.1254 0.0770 0.1706 0.3379 
 656 0.0329 0.0212 0.0391 0.0988 0.0930 0.3552 0.3598 
 657 0.0146 0.0289 0.0416 0.1423 0.2841 0.2024 0.2860 
 658 0.0340 0.0608 0.0812 0.2013 0.1078 0.2372 0.2778 
 659 0.0291 0.0364 0.0446 0.0831 0.1157 0.2125 0.4787 
 660 0.0234 0.0318 0.0407 0.0540 0.0985 0.1765 0.5751 
 661 0.0695 0.0971 0.0307 0.1079 0.0807 0.1610 0.4532 
 662 0.1247 0.0238 0.0453 0.0577 0.0659 0.4833 0.1994 
 663 0.0166 0.0319 0.0497 0.0595 0.1233 0.2055 0.5134 
 664 0.0237 0.2500 0.0961 0.2399 0.0734 0.1493 0.1677 
 665 0.0441 0.0369 0.0405 0.0512 0.0909 0.4703 0.2661 
 666 0.0208 0.0305 0.0379 0.0894 0.0887 0.2146 0.5181 
 667 0.0223 0.0221 0.0646 0.0914 0.0917 0.5174 0.1904 
 668 0.0268 0.1218 0.0401 0.1329 0.1022 0.2399 0.3362 
 669 0.0310 0.0415 0.0447 0.0554 0.1531 0.3084 0.3659 
 670 0.0128 0.0375 0.0272 0.0437 0.0631 0.1011 0.7146 
 671 0.0160 0.0269 0.0380 0.0579 0.0724 0.1585 0.6302 
 672 0.0327 0.0136 0.0767 0.1179 0.0727 0.0757 0.6107 
 673 0.0093 0.2683 0.0274 0.0415 0.0692 0.0697 0.5145 
 674 0.0169 0.0217 0.0273 0.0626 0.1119 0.1190 0.6407 
 675 0.0124 0.0107 0.0677 0.0459 0.0588 0.0952 0.7093 
 676 0.0102 0.0213 0.0279 0.0434 0.0640 0.0688 0.7644 
 677 0.0406 0.0080 0.0252 0.0395 0.0525 0.0938 0.7404 
 678 0.0096 0.3460 0.0323 0.0412 0.0706 0.0644 0.4359 
 679 0.0091 0.0469 0.0275 0.0592 0.1246 0.1059 0.6268 
 680 0.0119 0.0248 0.0288 0.0692 0.0757 0.0985 0.6913 
 681 0.1890 0.0293 0.0363 0.1178 0.1529 0.1491 0.3256 
 682 0.0135 0.0191 0.0290 0.0725 0.0767 0.0756 0.7137 
 683 0.0154 0.0305 0.0278 0.0422 0.0604 0.0868 0.7368 
 684 0.0121 0.0503 0.0357 0.0444 0.0853 0.0684 0.7039 
 685 0.0107 0.0089 0.0270 0.0395 0.0558 0.0666 0.7916 
 686 0.0348 0.0087 0.0274 0.0646 0.0669 0.1063 0.6912 
 687 0.0194 0.0316 0.0374 0.0504 0.0688 0.1586 0.6337 
 688 0.0107 0.0227 0.0372 0.0551 0.0709 0.0991 0.7043 
 689 0.0109 0.0268 0.0268 0.0414 0.0619 0.0701 0.7620 
 690 0.0103 0.0219 0.0279 0.0430 0.0642 0.0681 0.7647 
 691 0.0152 0.0106 0.0269 0.0566 0.1065 0.1016 0.6826 
 692 0.0095 0.2775 0.0373 0.0527 0.0844 0.1029 0.4357 
 693 0.0095 0.0569 0.0525 0.0822 0.0723 0.0848 0.6418 
 694 0.0113 0.0098 0.0262 0.0369 0.0520 0.0657 0.7980 
 695 0.0366 0.0150 0.0345 0.0702 0.0739 0.0671 0.7027 
 696 0.0106 0.0222 0.0376 0.0556 0.0718 0.0990 0.7032 
 697 0.0138 0.2170 0.0265 0.0426 0.0618 0.0804 0.5578 
 698 0.0105 0.0222 0.0274 0.0431 0.0641 0.0733 0.7594 
 699 0.0737 0.0114 0.0310 0.0686 0.0652 0.0738 0.6763 
 700 0.0253 0.0143 0.0568 0.1168 0.0572 0.0744 0.6553 
 701 0.0251 0.1305 0.0356 0.0736 0.1477 0.0861 0.5014 
 702 0.0205 0.1834 0.0372 0.1016 0.0759 0.1207 0.4608 
 703 0.0136 0.0192 0.0281 0.0720 0.0747 0.0844 0.7080 
 704 0.0133 0.0252 0.0349 0.0540 0.0643 0.0976 0.7106 
 705 0.1610 0.1382 0.0372 0.1120 0.0849 0.1342 0.3325 
 706 0.0193 0.0081 0.0271 0.0626 0.0677 0.0779 0.7373 
 707 0.0190 0.0269 0.0278 0.0438 0.0801 0.0786 0.7238 
 708 0.0109 0.0186 0.0278 0.0434 0.0603 0.0840 0.7550 
 709 0.0254 0.0097 0.0328 0.0561 0.0527 0.0647 0.7585 
 710 0.0137 0.0092 0.0261 0.0389 0.0558 0.0624 0.7939 
 711 0.0248 0.0073 0.0262 0.0615 0.0601 0.0902 0.7299 
 712 0.0241 0.0075 0.0251 0.0393 0.0494 0.0833 0.7714 
 713 0.0114 0.0090 0.0363 0.0495 0.0619 0.0967 0.7353 
 714 0.0115 0.0243 0.0287 0.0629 0.1160 0.1330 0.6236 
 715 0.0214 0.0076 0.0249 0.0380 0.0512 0.0687 0.7882 
 716 0.0190 0.0083 0.0274 0.0629 0.0637 0.0685 0.7502 
 717 0.0160 0.0217 0.0263 0.0410 0.0550 0.0649 0.7750 
 718 0.0161 0.0076 0.0280 0.0629 0.0638 0.1158 0.7058 
 719 0.0245 0.0099 0.0286 0.0401 0.0526 0.0661 0.7783 
 720 0.0115 0.0077 0.0895 0.1068 0.3468 0.3138 0.1240 
 721 0.0207 0.0104 0.0306 0.0846 0.2114 0.0940 0.5484 
 722 0.0300 0.0092 0.0471 0.0927 0.5101 0.1290 0.1819 
 723 0.0105 0.0083 0.0396 0.0633 0.6186 0.1140 0.1456 
 724 0.0125 0.0097 0.0655 0.0648 0.4894 0.0910 0.2671 
 725 0.0154 0.0137 0.0481 0.0658 0.2454 0.2807 0.3308 
 726 0.0290 0.0118 0.0374 0.0753 0.4527 0.1869 0.2068 
 727 0.1341 0.0194 0.0436 0.0668 0.2768 0.1266 0.3328 
