   1 0.0082 0.0076 0.0191 0.1776 0.2427 0.1498 0.2642 0.1309 
   2 0.0045 0.0081 0.0115 0.0341 0.1182 0.1286 0.1167 0.5782 
   3 0.0094 0.0053 0.0247 0.1214 0.3069 0.1561 0.2304 0.1457 
   4 0.0161 0.0079 0.0264 0.0613 0.1028 0.1484 0.4808 0.1563 
   5 0.0063 0.0096 0.0123 0.0348 0.1580 0.1492 0.1190 0.5109 
   6 0.0070 0.0054 0.0135 0.0355 0.4750 0.1709 0.1367 0.1559 
   7 0.0075 0.0070 0.0163 0.0346 0.2287 0.4514 0.1202 0.1343 
   8 0.0587 0.0078 0.0262 0.0649 0.1991 0.1897 0.3304 0.1232 
   9 0.0133 0.0124 0.0145 0.0695 0.2505 0.1448 0.1865 0.3084 
  10 0.0257 0.0079 0.0147 0.0388 0.3051 0.2184 0.2446 0.1449 
  11 0.0054 0.0089 0.0178 0.0539 0.2626 0.4042 0.1157 0.1316 
  12 0.0062 0.0075 0.0117 0.0376 0.1839 0.1516 0.1795 0.4220 
  13 0.0082 0.0101 0.0148 0.0492 0.2497 0.2125 0.1813 0.2742 
  14 0.0066 0.0062 0.0268 0.0914 0.1624 0.1263 0.1935 0.3867 
  15 0.0069 0.0068 0.0388 0.0520 0.1367 0.1967 0.3103 0.2518 
  16 0.0055 0.0084 0.0174 0.0864 0.3945 0.2009 0.1537 0.1332 
  17 0.0144 0.0119 0.0169 0.0731 0.3316 0.1528 0.1730 0.2262 
  18 0.0127 0.0075 0.0346 0.0631 0.2489 0.1231 0.1964 0.3139 
  19 0.0060 0.0062 0.0134 0.0385 0.4094 0.1875 0.1586 0.1804 
  20 0.0059 0.0077 0.0278 0.0549 0.1638 0.2868 0.1896 0.2634 
  21 0.0063 0.0063 0.0171 0.1046 0.1582 0.1351 0.2859 0.2866 
  22 0.0092 0.0068 0.0131 0.0512 0.4378 0.1310 0.1860 0.1648 
  23 0.0114 0.0254 0.0317 0.1116 0.1238 0.1364 0.3068 0.2528 
  24 0.0060 0.0082 0.0182 0.0850 0.2782 0.1648 0.2926 0.1472 
  25 0.0072 0.0076 0.0272 0.0408 0.2914 0.2675 0.0985 0.2599 
  26 0.0095 0.0068 0.0199 0.0510 0.2614 0.1550 0.2573 0.2393 
  27 0.0076 0.0088 0.0153 0.0896 0.3096 0.1558 0.1856 0.2276 
  28 0.0137 0.0072 0.0166 0.0583 0.1730 0.2207 0.3456 0.1649 
  29 0.0046 0.0099 0.0120 0.0682 0.1682 0.2633 0.1577 0.3162 
  30 0.0054 0.0073 0.0155 0.0714 0.4258 0.1257 0.1544 0.1946 
  31 0.0397 0.0115 0.0133 0.0802 0.1969 0.2070 0.2085 0.2429 
  32 0.0070 0.0058 0.0244 0.0571 0.2271 0.1620 0.2737 0.2428 
  33 0.0065 0.0071 0.0172 0.1134 0.2309 0.2305 0.2356 0.1589 
  34 0.0244 0.0179 0.0220 0.0440 0.2255 0.3792 0.1695 0.1175 
  35 0.0141 0.0177 0.0114 0.1267 0.2569 0.1199 0.1297 0.3235 
  36 0.0056 0.0061 0.0547 0.4054 0.1292 0.1188 0.1193 0.1609 
  37 0.0094 0.0067 0.0130 0.0752 0.1629 0.1498 0.2684 0.3147 
  38 0.0060 0.0169 0.2337 0.1123 0.1208 0.2464 0.0992 0.1649 
  39 0.0091 0.0151 0.0267 0.1094 0.1991 0.2465 0.1428 0.2513 
  40 0.0050 0.0075 0.0186 0.3413 0.1600 0.1007 0.1642 0.2027 
  41 0.0085 0.0174 0.0199 0.3847 0.1640 0.1830 0.0933 0.1293 
  42 0.0056 0.0097 0.0353 0.3361 0.1060 0.1117 0.2857 0.1099 
  43 0.0103 0.0104 0.0117 0.2612 0.1187 0.1516 0.1732 0.2628 
  44 0.0093 0.0088 0.0099 0.3109 0.1901 0.1208 0.1006 0.2495 
  45 0.0057 0.0138 0.0422 0.2429 0.1238 0.1426 0.0982 0.3308 
  46 0.0143 0.0085 0.0147 0.0948 0.2795 0.1704 0.1366 0.2812 
  47 0.0240 0.0152 0.0110 0.0806 0.3134 0.1371 0.1704 0.2483 
  48 0.0117 0.0133 0.0143 0.2742 0.1790 0.0957 0.1122 0.2996 
  49 0.0108 0.0215 0.0169 0.1444 0.2344 0.1408 0.1607 0.2704 
  50 0.0195 0.0119 0.0156 0.0682 0.2994 0.2362 0.1482 0.2010 
  51 0.0045 0.0070 0.0297 0.5608 0.0770 0.0930 0.0885 0.1395 
  52 0.0114 0.0157 0.0159 0.1625 0.2049 0.2584 0.1686 0.1626 
  53 0.0107 0.0112 0.1017 0.1118 0.2358 0.2181 0.1635 0.1473 
  54 0.0099 0.0130 0.0092 0.0978 0.1417 0.1279 0.1883 0.4122 
  55 0.0079 0.0102 0.0122 0.1651 0.1051 0.1224 0.1442 0.4329 
  56 0.0081 0.0145 0.0270 0.1467 0.2234 0.1011 0.1728 0.3064 
  57 0.0202 0.0135 0.0158 0.0439 0.2724 0.1811 0.3067 0.1464 
  58 0.0061 0.0143 0.0222 0.2022 0.1247 0.1551 0.1502 0.3252 
  59 0.0064 0.0266 0.0674 0.2136 0.1516 0.1522 0.1423 0.2399 
  60 0.0059 0.0063 0.0254 0.3633 0.1001 0.1226 0.1930 0.1834 
  61 0.0046 0.0093 0.0098 0.2029 0.0699 0.1045 0.2091 0.3900 
  62 0.0134 0.0363 0.0145 0.0570 0.2302 0.1522 0.1665 0.3299 
  63 0.0048 0.0073 0.0173 0.1528 0.1128 0.2463 0.2084 0.2503 
  64 0.0071 0.0102 0.0308 0.0556 0.3624 0.1508 0.1147 0.2684 
  65 0.0065 0.0099 0.0135 0.0436 0.1397 0.3812 0.0961 0.3094 
  66 0.0064 0.0086 0.0137 0.0615 0.1015 0.1811 0.2819 0.3454 
  67 0.0071 0.0097 0.0097 0.2100 0.1044 0.1323 0.1165 0.4102 
  68 0.0075 0.0244 0.0707 0.2193 0.1402 0.1422 0.1671 0.2287 
  69 0.0454 0.0431 0.1674 0.1278 0.1433 0.1701 0.1583 0.1447 
  70 0.0056 0.0070 0.0274 0.3550 0.0883 0.2264 0.1678 0.1225 
  71 0.0063 0.0224 0.0497 0.2703 0.1304 0.1523 0.0871 0.2815 
  72 0.0074 0.0061 0.0227 0.2034 0.3242 0.1520 0.1117 0.1726 
  73 0.0064 0.0243 0.0176 0.1527 0.0962 0.1567 0.1043 0.4417 
  74 0.0050 0.0064 0.0591 0.3378 0.1350 0.1105 0.1836 0.1627 
  75 0.0065 0.0087 0.0365 0.3257 0.1148 0.0889 0.2341 0.1849 
  76 0.0066 0.0069 0.0127 0.1715 0.1057 0.2699 0.1377 0.2892 
  77 0.0052 0.0165 0.0489 0.2730 0.1092 0.2352 0.0951 0.2168 
  78 0.0058 0.0208 0.1593 0.2331 0.1047 0.2121 0.1025 0.1617 
  79 0.0057 0.0072 0.0176 0.0347 0.2161 0.3467 0.1371 0.2350 
  80 0.0057 0.0063 0.0131 0.0409 0.0975 0.1842 0.4939 0.1584 
  81 0.0059 0.0057 0.0144 0.0328 0.1189 0.2486 0.4087 0.1650 
  82 0.0057 0.0121 0.0144 0.0760 0.1170 0.1798 0.2124 0.3827 
  83 0.0056 0.0054 0.0294 0.0497 0.1207 0.2793 0.3208 0.1890 
  84 0.0055 0.0058 0.0160 0.0382 0.1311 0.3318 0.2971 0.1746 
  85 0.0056 0.0056 0.0361 0.0489 0.1874 0.1923 0.3392 0.1850 
  86 0.0078 0.0108 0.0150 0.0761 0.1452 0.1595 0.1240 0.4617 
  87 0.0073 0.0069 0.0289 0.0563 0.1149 0.4451 0.1493 0.1912 
  88 0.0060 0.0064 0.0138 0.0465 0.1145 0.2355 0.3348 0.2427 
  89 0.0082 0.0062 0.0138 0.0417 0.1087 0.1949 0.3930 0.2334 
  90 0.0055 0.0068 0.0147 0.0364 0.1067 0.4186 0.1608 0.2505 
  91 0.0055 0.0053 0.0342 0.0549 0.1217 0.1695 0.4638 0.1451 
  92 0.0057 0.0069 0.0152 0.0401 0.1671 0.2586 0.1974 0.3090 
  93 0.0076 0.0063 0.0113 0.0450 0.0950 0.1068 0.5978 0.1301 
  94 0.0054 0.0059 0.0409 0.0565 0.1047 0.5502 0.1299 0.1065 
  95 0.0051 0.0062 0.0133 0.0428 0.0790 0.3778 0.2708 0.2050 
  96 0.0052 0.0085 0.0109 0.1563 0.0720 0.1130 0.2909 0.3432 
  97 0.0063 0.0083 0.0558 0.1866 0.1503 0.0988 0.2338 0.2601 
  98 0.0047 0.0088 0.0129 0.1741 0.1613 0.1482 0.1600 0.3300 
  99 0.0057 0.0058 0.0148 0.0353 0.1127 0.3487 0.2752 0.2019 
 100 0.0055 0.0071 0.0103 0.0481 0.0760 0.0920 0.4999 0.2612 
 101 0.0136 0.0080 0.0322 0.0808 0.1152 0.3098 0.2025 0.2380 
 102 0.0065 0.0136 0.0268 0.0997 0.0879 0.2322 0.3715 0.1618 
 103 0.0094 0.0089 0.0115 0.0452 0.0806 0.2247 0.2158 0.4039 
 104 0.0063 0.0071 0.0113 0.0359 0.0885 0.4708 0.1561 0.2239 
 105 0.0108 0.0205 0.0108 0.0451 0.0828 0.3080 0.2071 0.3150 
 106 0.0052 0.0058 0.0194 0.0461 0.1336 0.5445 0.0799 0.1655 
 107 0.0092 0.0119 0.0125 0.0484 0.0855 0.3241 0.2009 0.3074 
 108 0.0048 0.0056 0.1798 0.0578 0.0820 0.1117 0.1164 0.4420 
 109 0.0076 0.0962 0.0336 0.0547 0.1243 0.3586 0.0845 0.2406 
 110 0.0062 0.0075 0.0193 0.0472 0.1346 0.5789 0.0883 0.1180 
 111 0.0070 0.0188 0.0127 0.0404 0.0871 0.4874 0.1205 0.2260 
 112 0.0051 0.1532 0.0176 0.0747 0.0907 0.4547 0.0908 0.1131 
 113 0.0072 0.0082 0.0266 0.0719 0.1495 0.1632 0.1521 0.4213 
 114 0.0062 0.0130 0.0105 0.0341 0.0849 0.4438 0.1852 0.2223 
 115 0.0069 0.0175 0.0148 0.1484 0.1045 0.3594 0.1346 0.2140 
 116 0.0068 0.0111 0.0363 0.1224 0.1219 0.3659 0.0862 0.2494 
 117 0.0098 0.0217 0.0196 0.0865 0.1440 0.4911 0.1104 0.1169 
 118 0.0053 0.0148 0.0173 0.0384 0.0917 0.1783 0.1094 0.5448 
 119 0.0051 0.0062 0.0221 0.1894 0.0727 0.1976 0.2947 0.2122 
 120 0.0066 0.0263 0.0144 0.0769 0.0994 0.3725 0.1537 0.2501 
 121 0.0240 0.0478 0.0178 0.1994 0.1018 0.3234 0.0977 0.1881 
 122 0.0053 0.0104 0.0161 0.0440 0.1338 0.4787 0.1069 0.2048 
 123 0.0064 0.0090 0.0207 0.0556 0.1013 0.4555 0.1434 0.2081 
 124 0.0120 0.0198 0.0183 0.1360 0.1892 0.2731 0.0987 0.2529 
 125 0.0065 0.0179 0.0306 0.1762 0.2569 0.2816 0.1072 0.1230 
 126 0.0044 0.0061 0.0196 0.1245 0.1007 0.3947 0.1490 0.2011 
 127 0.0068 0.0133 0.0112 0.0428 0.0721 0.4832 0.1227 0.2478 
 128 0.0048 0.0113 0.0103 0.0406 0.0983 0.1579 0.1082 0.5686 
 129 0.0100 0.0110 0.0113 0.0428 0.0841 0.2999 0.0970 0.4441 
 130 0.0091 0.0235 0.0116 0.0347 0.0904 0.4086 0.1921 0.2301 
 131 0.0131 0.0258 0.0979 0.1642 0.1515 0.3068 0.0863 0.1544 
 132 0.0062 0.0079 0.0155 0.0458 0.1144 0.4203 0.0869 0.3029 
 133 0.0109 0.0124 0.0176 0.0484 0.0927 0.3516 0.1410 0.3254 
 134 0.0045 0.0100 0.0137 0.0391 0.1076 0.6317 0.0702 0.1231 
 135 0.0064 0.0141 0.0166 0.1183 0.0835 0.0933 0.4325 0.2354 
 136 0.0066 0.0085 0.0124 0.0401 0.1389 0.0842 0.5797 0.1295 
 137 0.0063 0.0213 0.0125 0.0423 0.0911 0.1252 0.6040 0.0972 
 138 0.0057 0.0056 0.0155 0.0564 0.0954 0.0880 0.6280 0.1054 
 139 0.0058 0.0074 0.0142 0.0672 0.1151 0.0957 0.2872 0.4074 
 140 0.0070 0.0070 0.0174 0.0903 0.1196 0.1501 0.3986 0.2099 
 141 0.0125 0.0085 0.0168 0.0511 0.1924 0.0963 0.4678 0.1547 
 142 0.0068 0.0140 0.0146 0.1241 0.0806 0.0896 0.4008 0.2695 
 143 0.0049 0.0055 0.0107 0.0421 0.0746 0.0755 0.6836 0.1031 
 144 0.0058 0.0209 0.0119 0.0446 0.0805 0.1210 0.6146 0.1006 
 145 0.0080 0.0100 0.0162 0.0707 0.2003 0.0974 0.4069 0.1905 
 146 0.0092 0.0068 0.0170 0.0613 0.1558 0.1611 0.4313 0.1575 
 147 0.0057 0.0058 0.0113 0.0378 0.0848 0.0787 0.6829 0.0931 
 148 0.0126 0.0119 0.0119 0.0688 0.1368 0.1171 0.4332 0.2076 
 149 0.0318 0.0087 0.0171 0.1020 0.1019 0.0872 0.4945 0.1567 
 150 0.0079 0.0219 0.0115 0.0491 0.0993 0.1717 0.4750 0.1635 
 151 0.0057 0.0060 0.0107 0.0481 0.0839 0.1022 0.5977 0.1456 
 152 0.0075 0.0111 0.0254 0.0967 0.1391 0.1119 0.4251 0.1833 
 153 0.0064 0.0060 0.0155 0.1078 0.1046 0.1102 0.5330 0.1165 
 154 0.0445 0.0093 0.0131 0.0608 0.1352 0.0822 0.4735 0.1814 
 155 0.0057 0.0055 0.0101 0.0398 0.0773 0.1013 0.6332 0.1272 
 156 0.0048 0.0084 0.0104 0.1145 0.0680 0.0979 0.5296 0.1665 
 157 0.0060 0.0054 0.0127 0.0396 0.0782 0.1995 0.5505 0.1079 
 158 0.0078 0.0106 0.0184 0.0648 0.2041 0.0969 0.4482 0.1492 
 159 0.0208 0.0070 0.0118 0.0350 0.0823 0.0793 0.6550 0.1088 
 160 0.0217 0.0072 0.0119 0.0335 0.0820 0.0794 0.6350 0.1292 
 161 0.0063 0.0066 0.0172 0.0867 0.1324 0.1241 0.4809 0.1459 
 162 0.0112 0.0071 0.0161 0.0572 0.1545 0.1552 0.3854 0.2132 
 163 0.0049 0.0055 0.0102 0.0673 0.0711 0.0940 0.6332 0.1139 
 164 0.0334 0.0064 0.0135 0.0382 0.1102 0.1351 0.4118 0.2514 
 165 0.0069 0.0222 0.0121 0.0495 0.0887 0.1617 0.5236 0.1352 
 166 0.0287 0.0061 0.0350 0.0715 0.0837 0.1898 0.4244 0.1609 
 167 0.0636 0.0077 0.0146 0.0349 0.1682 0.1083 0.4761 0.1265 
 168 0.0060 0.0057 0.0410 0.0803 0.1099 0.1081 0.5254 0.1237 
 169 0.0084 0.0107 0.0543 0.0941 0.2717 0.0924 0.3360 0.1324 
 170 0.0055 0.0064 0.0114 0.1053 0.0846 0.1022 0.4866 0.1981 
 171 0.0065 0.0061 0.0297 0.0529 0.1321 0.1185 0.4469 0.2073 
 172 0.0099 0.0094 0.0422 0.2159 0.1232 0.0834 0.3669 0.1492 
 173 0.0066 0.0066 0.0106 0.0346 0.0801 0.0796 0.6195 0.1624 
 174 0.0068 0.0054 0.0112 0.0357 0.0936 0.1054 0.6141 0.1278 
 175 0.0063 0.0067 0.0107 0.0584 0.1336 0.0817 0.5941 0.1086 
 176 0.0057 0.0211 0.0121 0.0450 0.0797 0.1209 0.6152 0.1004 
 177 0.0072 0.0063 0.0192 0.0556 0.1049 0.2280 0.4541 0.1247 
 178 0.0075 0.0058 0.0114 0.0357 0.1647 0.1128 0.5207 0.1415 
 179 0.0081 0.0052 0.0105 0.0334 0.0838 0.0801 0.6626 0.1162 
 180 0.0122 0.0081 0.0181 0.0678 0.1537 0.1208 0.4807 0.1386 
 181 0.0074 0.0084 0.0154 0.0746 0.1132 0.0922 0.4731 0.2156 
 182 0.0070 0.0077 0.0112 0.0465 0.0743 0.0782 0.5653 0.2096 
 183 0.0063 0.0058 0.0106 0.0405 0.0863 0.0799 0.6410 0.1296 
 184 0.0067 0.0067 0.0147 0.0375 0.1375 0.1200 0.1192 0.5577 
 185 0.0045 0.0086 0.0104 0.1376 0.0649 0.0685 0.5872 0.1183 
 186 0.0065 0.0053 0.0100 0.0407 0.1356 0.1751 0.1152 0.5116 
 187 0.0050 0.0054 0.0121 0.0414 0.1111 0.1084 0.3366 0.3799 
 188 0.0064 0.0061 0.0092 0.0379 0.1152 0.1357 0.0922 0.5971 
 189 0.0052 0.0056 0.0447 0.0797 0.2142 0.1252 0.3193 0.2062 
 190 0.0045 0.0093 0.0094 0.1526 0.0574 0.0723 0.3077 0.3867 
 191 0.0049 0.0078 0.0098 0.0330 0.0973 0.1006 0.1730 0.5736 
 192 0.0047 0.0056 0.0113 0.0409 0.1165 0.1449 0.3161 0.3601 
 193 0.0051 0.0087 0.0122 0.0507 0.1360 0.1228 0.2816 0.3830 
 194 0.0056 0.0061 0.0120 0.0811 0.1023 0.1300 0.2997 0.3632 
 195 0.0048 0.0061 0.0095 0.0736 0.0736 0.0729 0.3867 0.3727 
 196 0.0045 0.0081 0.0127 0.0778 0.0705 0.0942 0.2604 0.4718 
 197 0.0066 0.0065 0.0120 0.0586 0.2147 0.1681 0.2362 0.2975 
 198 0.0048 0.0059 0.0154 0.0714 0.1760 0.1772 0.2341 0.3151 
 199 0.0052 0.0090 0.0168 0.1256 0.0812 0.1032 0.2237 0.4352 
 200 0.0049 0.0113 0.0218 0.0749 0.1118 0.1090 0.2447 0.4216 
 201 0.0047 0.0054 0.0094 0.0444 0.0863 0.0840 0.4697 0.2960 
 202 0.0046 0.0072 0.0095 0.1039 0.0733 0.0968 0.4726 0.2323 
 203 0.0048 0.0076 0.0096 0.0410 0.0710 0.0795 0.4433 0.3431 
 204 0.0050 0.0066 0.0095 0.0624 0.0650 0.0782 0.2292 0.5441 
 205 0.0046 0.0063 0.0160 0.0620 0.0848 0.1002 0.1942 0.5319 
 206 0.0056 0.0058 0.0093 0.0407 0.0879 0.0771 0.2320 0.5416 
 207 0.0044 0.0089 0.0094 0.0546 0.0709 0.0949 0.1442 0.6127 
 208 0.0047 0.0064 0.0094 0.0426 0.0744 0.0872 0.3230 0.4523 
 209 0.0046 0.0086 0.0101 0.0456 0.1041 0.1073 0.2205 0.4993 
 210 0.0046 0.0058 0.0093 0.0435 0.0781 0.0932 0.2387 0.5268 
 211 0.0060 0.0174 0.0097 0.0860 0.0716 0.1147 0.2737 0.4210 
 212 0.0044 0.0064 0.0104 0.0850 0.1140 0.0870 0.4861 0.2067 
 213 0.0047 0.0074 0.0140 0.1717 0.0900 0.1656 0.1935 0.3531 
 214 0.0046 0.0073 0.0096 0.0531 0.0813 0.0846 0.4858 0.2737 
 215 0.0046 0.0078 0.0146 0.0405 0.0778 0.1033 0.1535 0.5980 
 216 0.0071 0.0067 0.0140 0.0446 0.1821 0.1314 0.1532 0.4609 
 217 0.0046 0.0059 0.0142 0.0566 0.0905 0.0820 0.4266 0.3196 
 218 0.0049 0.0062 0.0144 0.0371 0.0860 0.1137 0.2104 0.5274 
 219 0.0089 0.0056 0.0221 0.0438 0.1930 0.1156 0.3026 0.3084 
 220 0.0045 0.0068 0.0094 0.0362 0.0721 0.0885 0.1708 0.6116 
 221 0.0047 0.0076 0.0094 0.1417 0.0673 0.0726 0.5280 0.1687 
 222 0.0073 0.0056 0.0138 0.0460 0.2423 0.1323 0.2133 0.3394 
 223 0.0051 0.0054 0.0154 0.0469 0.1345 0.1142 0.3962 0.2823 
 224 0.0056 0.0059 0.0093 0.0409 0.0861 0.0806 0.3742 0.3973 
 225 0.0048 0.0066 0.0115 0.0670 0.0842 0.0935 0.2378 0.4948 
 226 0.0063 0.0078 0.1032 0.0444 0.1262 0.1149 0.2321 0.3650 
 227 0.0050 0.0070 0.0096 0.1129 0.0738 0.0987 0.3121 0.3809 
 228 0.0049 0.0102 0.0103 0.1499 0.0692 0.0691 0.3643 0.3220 
 229 0.0051 0.0064 0.0093 0.0354 0.0880 0.0923 0.3900 0.3735 
 230 0.0050 0.0072 0.0093 0.0376 0.0751 0.0871 0.3209 0.4578 
 231 0.0049 0.0073 0.0097 0.0355 0.1228 0.0918 0.3437 0.3843 
 232 0.0055 0.0073 0.0172 0.1193 0.1131 0.1449 0.3001 0.2926 
 233 0.0048 0.0067 0.0093 0.0399 0.0820 0.0842 0.5260 0.2472 
 234 0.0044 0.0061 0.0119 0.0389 0.1597 0.1350 0.2654 0.3786 
 235 0.0054 0.0061 0.0180 0.0587 0.1154 0.1075 0.3478 0.3410 
 236 0.0046 0.0069 0.0121 0.0408 0.1070 0.1001 0.4067 0.3218 
 237 0.0045 0.0089 0.0097 0.0622 0.0826 0.0919 0.1592 0.5809 
 238 0.0045 0.0061 0.0095 0.0589 0.0912 0.1085 0.4590 0.2622 
 239 0.0050 0.0061 0.0094 0.0735 0.0736 0.0731 0.3861 0.3731 
 240 0.0047 0.0063 0.0095 0.0581 0.0908 0.1075 0.4570 0.2660 
 241 0.0057 0.0074 0.0124 0.0648 0.0850 0.0886 0.4591 0.2770 
 242 0.0057 0.0065 0.0218 0.0628 0.1412 0.1099 0.2666 0.3856 
 243 0.0043 0.0094 0.0091 0.0735 0.0634 0.0780 0.2747 0.4876 
 244 0.0049 0.0074 0.0096 0.0401 0.0749 0.0800 0.3854 0.3977 
 245 0.0048 0.0053 0.0092 0.0784 0.0763 0.0947 0.5521 0.1793 
 246 0.0046 0.0061 0.0144 0.0569 0.0902 0.0828 0.4274 0.3174 
 247 0.0043 0.0059 0.0168 0.0653 0.1062 0.2630 0.1091 0.4294 
 248 0.0044 0.0072 0.0109 0.0409 0.0860 0.1088 0.1153 0.6264 
 249 0.0050 0.0079 0.0095 0.0502 0.0795 0.0931 0.3971 0.3578 
 250 0.0050 0.0068 0.0117 0.0385 0.1038 0.1097 0.3291 0.3953 
 251 0.0050 0.0098 0.0374 0.0511 0.1637 0.1423 0.1965 0.3942 
 252 0.0050 0.0054 0.0118 0.0688 0.1029 0.0995 0.3196 0.3870 
 253 0.0050 0.0061 0.0216 0.0852 0.1134 0.1546 0.1619 0.4521 
 254 0.0066 0.0057 0.0114 0.0446 0.1857 0.1134 0.2231 0.4093 
 255 0.0049 0.0069 0.0102 0.0440 0.1359 0.1207 0.2912 0.3862 
 256 0.0051 0.0072 0.0112 0.0624 0.0911 0.0933 0.3465 0.3832 
 257 0.0099 0.0090 0.0129 0.0466 0.0960 0.1142 0.2433 0.4682 
 258 0.0045 0.0078 0.0122 0.0830 0.1058 0.1365 0.1990 0.4513 
 259 0.0055 0.0066 0.0114 0.0420 0.0939 0.1021 0.2328 0.5057 
 260 0.0067 0.0057 0.0116 0.0418 0.2018 0.1242 0.3619 0.2463 
 261 0.0047 0.0053 0.0122 0.0812 0.1011 0.0901 0.3967 0.3085 
 262 0.0047 0.0071 0.0136 0.1139 0.0673 0.0722 0.3852 0.3360 
 263 0.0068 0.0071 0.0095 0.0417 0.1046 0.0934 0.1413 0.5956 
 264 0.0087 0.0068 0.0136 0.0429 0.3344 0.1300 0.0974 0.3662 
 265 0.0048 0.0054 0.0177 0.0409 0.1223 0.1070 0.2852 0.4168 
 266 0.0046 0.0071 0.0096 0.0952 0.0659 0.0735 0.5453 0.1988 
 267 0.0048 0.0082 0.0099 0.0513 0.1290 0.1145 0.2919 0.3904 
 268 0.0045 0.0080 0.0125 0.0777 0.0702 0.0953 0.2619 0.4699 
 269 0.0048 0.0058 0.0288 0.0420 0.2118 0.1224 0.2989 0.2855 
 270 0.0075 0.0072 0.0109 0.0408 0.1505 0.1346 0.1510 0.4974 
 271 0.0050 0.0081 0.0145 0.0501 0.0960 0.1212 0.1892 0.5157 
 272 0.0060 0.0107 0.1015 0.0546 0.0993 0.1138 0.1962 0.4179 
 273 0.0345 0.0221 0.0295 0.0521 0.1485 0.1547 0.2756 0.2832 
 274 0.0051 0.0064 0.0212 0.0409 0.1227 0.1236 0.2189 0.4612 
 275 0.0111 0.0114 0.0337 0.0450 0.1296 0.1032 0.2378 0.4283 
 276 0.0063 0.0120 0.0708 0.0718 0.0962 0.1196 0.1641 0.4591 
 277 0.0051 0.0054 0.0143 0.0442 0.1495 0.1145 0.3447 0.3224 
 278 0.0045 0.0078 0.0157 0.0457 0.0771 0.0964 0.1829 0.5699 
 279 0.0051 0.0064 0.0145 0.0443 0.1189 0.1115 0.2726 0.4267 
 280 0.0048 0.0060 0.0266 0.0653 0.1684 0.1064 0.2367 0.3858 
 281 0.0049 0.0062 0.0133 0.0431 0.1077 0.1422 0.2207 0.4618 
 282 0.0045 0.0055 0.0120 0.0385 0.1279 0.1063 0.4730 0.2324 
 283 0.0048 0.0059 0.0095 0.0469 0.0850 0.1008 0.5089 0.2381 
 284 0.0052 0.0079 0.0122 0.0515 0.1081 0.1345 0.3236 0.3569 
 285 0.0044 0.0087 0.0157 0.0648 0.0976 0.1206 0.0896 0.5985 
 286 0.0049 0.0074 0.0095 0.0400 0.0758 0.0800 0.3877 0.3947 
 287 0.0055 0.0053 0.0212 0.0417 0.1427 0.1509 0.2836 0.3492 
 288 0.0058 0.0078 0.0667 0.0404 0.0987 0.1066 0.1859 0.4882 
 289 0.0084 0.0106 0.0466 0.0509 0.0970 0.1352 0.1629 0.4884 
 290 0.0075 0.0133 0.0133 0.1228 0.1806 0.0981 0.1985 0.3658 
 291 0.0048 0.0077 0.0147 0.0492 0.0962 0.1213 0.1898 0.5162 
 292 0.0051 0.0058 0.0283 0.1305 0.1400 0.0970 0.2744 0.3189 
 293 0.0057 0.0107 0.0130 0.1200 0.2465 0.1154 0.1418 0.3469 
 294 0.0076 0.0073 0.0121 0.0627 0.0989 0.0957 0.1280 0.5878 
 295 0.0077 0.0140 0.0505 0.0852 0.1156 0.1304 0.1928 0.4037 
 296 0.0047 0.0080 0.0140 0.0426 0.0723 0.1110 0.1825 0.5647 
 297 0.0053 0.0059 0.0250 0.0557 0.1768 0.1166 0.1800 0.4346 
 298 0.0052 0.0055 0.0120 0.0363 0.1279 0.1200 0.3973 0.2958 
 299 0.0075 0.0060 0.0096 0.0371 0.1438 0.1042 0.1700 0.5217 
 300 0.0047 0.0074 0.0128 0.0582 0.0936 0.0944 0.1191 0.6100 
 301 0.0076 0.0069 0.0168 0.0387 0.1694 0.1153 0.1511 0.4942 
 302 0.0078 0.0102 0.0134 0.0755 0.0955 0.0936 0.1384 0.5657 
 303 0.0052 0.0069 0.0133 0.0637 0.1201 0.0934 0.3621 0.3354 
 304 0.0075 0.0066 0.0102 0.0417 0.2122 0.1659 0.3967 0.1592 
 305 0.0055 0.0072 0.0136 0.0646 0.0746 0.0757 0.2951 0.4637 
 306 0.0054 0.0061 0.0190 0.0565 0.1102 0.0949 0.4268 0.2813 
 307 0.0056 0.0068 0.0146 0.0446 0.1233 0.1115 0.3052 0.3885 
 308 0.0048 0.0055 0.0123 0.0803 0.1013 0.0896 0.3966 0.3096 
 309 0.0217 0.0289 0.0205 0.0527 0.0804 0.1158 0.1668 0.5132 
 310 0.0044 0.0071 0.0093 0.0607 0.0750 0.0796 0.3316 0.4323 
 311 0.0049 0.0072 0.0097 0.0380 0.0748 0.0870 0.3181 0.4602 
 312 0.0045 0.0073 0.0092 0.0433 0.0669 0.0961 0.1700 0.6027 
 313 0.0049 0.0071 0.0110 0.0726 0.0683 0.0877 0.1163 0.6319 
 314 0.0093 0.0075 0.0139 0.0727 0.0740 0.0735 0.6476 0.1015 
 315 0.0098 0.0054 0.0239 0.0864 0.0848 0.0934 0.5959 0.1004 
 316 0.0246 0.0073 0.0441 0.0501 0.1054 0.1038 0.5652 0.0995 
 317 0.0093 0.0074 0.0148 0.0400 0.0791 0.0767 0.6801 0.0926 
 318 0.0185 0.0066 0.0153 0.0307 0.0861 0.0783 0.6782 0.0862 
 319 0.0051 0.0055 0.0107 0.0401 0.0757 0.0759 0.6801 0.1068 
 320 0.0087 0.0077 0.0140 0.0726 0.0746 0.0733 0.6464 0.1028 
 321 0.0176 0.0074 0.0158 0.0379 0.0886 0.0794 0.6631 0.0903 
 322 0.0122 0.0082 0.0399 0.0745 0.0943 0.1001 0.5603 0.1105 
 323 0.0156 0.0055 0.0122 0.0327 0.0870 0.0775 0.6775 0.0920 
 324 0.0174 0.0076 0.0156 0.0381 0.0885 0.0794 0.6618 0.0916 
 325 0.0274 0.0067 0.0434 0.0454 0.0964 0.1002 0.5888 0.0917 
 326 0.0646 0.0111 0.0721 0.0489 0.0962 0.0988 0.5162 0.0921 
 327 0.0096 0.0071 0.0150 0.0397 0.0787 0.0767 0.6800 0.0932 
 328 0.0095 0.0060 0.0270 0.0608 0.0931 0.1009 0.5926 0.1101 
 329 0.0055 0.0052 0.0111 0.0326 0.0832 0.0776 0.6995 0.0853 
 330 0.0093 0.0075 0.0151 0.0395 0.0790 0.0762 0.6797 0.0939 
 331 0.0073 0.0050 0.0110 0.0307 0.0818 0.0768 0.6924 0.0950 
 332 0.0692 0.0080 0.0535 0.0460 0.1037 0.1000 0.5293 0.0903 
 333 0.0490 0.0084 0.0455 0.0516 0.0922 0.1000 0.5494 0.1040 
 334 0.0096 0.0059 0.0279 0.0601 0.0944 0.1005 0.5904 0.1112 
 335 0.0060 0.0060 0.0257 0.0648 0.0849 0.0968 0.6146 0.1012 
 336 0.0573 0.0075 0.0169 0.0552 0.0883 0.0766 0.6050 0.0933 
 337 0.0225 0.0080 0.0432 0.0590 0.0987 0.1008 0.5690 0.0989 
 338 0.0476 0.0070 0.0161 0.0317 0.0907 0.0800 0.6405 0.0865 
 339 0.0076 0.0051 0.0114 0.0314 0.0826 0.0778 0.6909 0.0931 
 340 0.0055 0.0050 0.0108 0.0327 0.0731 0.0750 0.7015 0.0964 
 341 0.0355 0.0085 0.0170 0.0352 0.0860 0.0797 0.6393 0.0987 
 342 0.0098 0.0075 0.0151 0.0396 0.0783 0.0766 0.6807 0.0924 
 343 0.0164 0.0066 0.0255 0.1234 0.0908 0.0920 0.5438 0.1014 
 344 0.0078 0.0052 0.0112 0.0310 0.0831 0.0771 0.6983 0.0864 
 345 0.0089 0.0072 0.0150 0.0402 0.0789 0.0761 0.6806 0.0931 
 346 0.0094 0.0066 0.0150 0.0326 0.0768 0.0759 0.6950 0.0888 
 347 0.0058 0.0053 0.0106 0.0321 0.0748 0.0754 0.7085 0.0875 
 348 0.0055 0.0058 0.0210 0.1288 0.0775 0.0893 0.5639 0.1082 
 349 0.0093 0.0073 0.0149 0.0394 0.0788 0.0767 0.6802 0.0934 
 350 0.0055 0.0052 0.0104 0.0523 0.0772 0.0748 0.6666 0.1080 
 351 0.0060 0.0060 0.0259 0.0654 0.0848 0.0968 0.6149 0.1001 
 352 0.0115 0.0078 0.0411 0.0641 0.0875 0.0964 0.5905 0.1011 
 353 0.0569 0.0083 0.0164 0.0555 0.0877 0.0766 0.6059 0.0926 
 354 0.0133 0.0068 0.0129 0.0328 0.0863 0.0795 0.6772 0.0912 
 355 0.0185 0.0065 0.0156 0.0308 0.0871 0.0787 0.6766 0.0862 
 356 0.0044 0.0055 0.0208 0.1431 0.0768 0.0881 0.5541 0.1072 
 357 0.0054 0.0059 0.0422 0.0465 0.2085 0.1404 0.4329 0.1182 
 358 0.0397 0.0058 0.0287 0.0472 0.0964 0.1014 0.5889 0.0919 
 359 0.0321 0.0055 0.0117 0.0314 0.0859 0.0787 0.6588 0.0958 
 360 0.0098 0.0064 0.0148 0.0322 0.0782 0.0756 0.6946 0.0884 
 361 0.0052 0.0068 0.0406 0.0647 0.2097 0.1422 0.3992 0.1316 
 362 0.0068 0.0077 0.0494 0.0591 0.1603 0.2732 0.1370 0.3065 
 363 0.0081 0.0095 0.0257 0.0627 0.2058 0.3676 0.1022 0.2185 
 364 0.0159 0.0132 0.0168 0.0539 0.2980 0.1498 0.2690 0.1834 
 365 0.0163 0.0186 0.0361 0.0554 0.3947 0.1909 0.1159 0.1721 
 366 0.0065 0.0107 0.0335 0.1439 0.2517 0.1243 0.1793 0.2502 
 367 0.0050 0.0063 0.0268 0.0399 0.1311 0.5947 0.0841 0.1123 
 368 0.0056 0.0069 0.0157 0.0352 0.1678 0.2681 0.1360 0.3648 
 369 0.0091 0.0144 0.0173 0.1976 0.1982 0.1364 0.2345 0.1926 
 370 0.0183 0.0175 0.0215 0.0475 0.1525 0.2628 0.1468 0.3332 
 371 0.0152 0.0138 0.0162 0.0625 0.2603 0.1512 0.1713 0.3094 
 372 0.0487 0.0355 0.0261 0.0457 0.1105 0.1850 0.1551 0.3934 
 373 0.0063 0.0091 0.0140 0.0528 0.1799 0.3658 0.1989 0.1733 
 374 0.0072 0.0185 0.0434 0.0537 0.2152 0.1879 0.2925 0.1815 
 375 0.0191 0.0125 0.0190 0.0402 0.3114 0.3033 0.1004 0.1940 
 376 0.0990 0.0087 0.0267 0.0484 0.3675 0.2539 0.0950 0.1009 
 377 0.0089 0.0100 0.0382 0.0484 0.2219 0.1763 0.1360 0.3605 
 378 0.0067 0.0094 0.0143 0.0465 0.0924 0.4079 0.2601 0.1628 
 379 0.1733 0.0128 0.0285 0.0562 0.2836 0.2457 0.0846 0.1152 
 380 0.0109 0.0105 0.0764 0.1220 0.3181 0.1090 0.1997 0.1534 
 381 0.0075 0.0088 0.0172 0.1533 0.4330 0.0935 0.1678 0.1188 
 382 0.0057 0.0063 0.0176 0.0342 0.2999 0.3655 0.1174 0.1534 
 383 0.0401 0.0108 0.1096 0.0464 0.3675 0.0977 0.1798 0.1482 
 384 0.0696 0.0219 0.0300 0.0445 0.3559 0.1829 0.1690 0.1263 
 385 0.0225 0.1749 0.0142 0.0327 0.2293 0.1550 0.2230 0.1484 
 386 0.0044 0.0063 0.0236 0.0479 0.2251 0.4272 0.1060 0.1594 
 387 0.0051 0.0068 0.0200 0.0567 0.2787 0.3611 0.1258 0.1460 
 388 0.0175 0.0256 0.0229 0.0385 0.2491 0.2012 0.2663 0.1790 
 389 0.0122 0.0407 0.0162 0.0673 0.1122 0.1319 0.1144 0.5051 
 390 0.0218 0.0187 0.0522 0.1698 0.1441 0.3629 0.0969 0.1335 
 391 0.0154 0.0519 0.0291 0.0983 0.1371 0.2690 0.1615 0.2377 
 392 0.0073 0.0058 0.0175 0.0491 0.3266 0.2364 0.1836 0.1737 
 393 0.0074 0.0073 0.0642 0.2113 0.3199 0.1277 0.1595 0.1026 
 394 0.0070 0.0056 0.0314 0.0434 0.1307 0.3236 0.3017 0.1568 
 395 0.0044 0.0060 0.0560 0.1330 0.1412 0.2200 0.1162 0.3232 
 396 0.0056 0.0061 0.0123 0.0375 0.2761 0.3697 0.0883 0.2044 
 397 0.0724 0.0062 0.0119 0.0480 0.2331 0.1126 0.2133 0.3024 
 398 0.0405 0.0065 0.0800 0.0709 0.1927 0.3971 0.0944 0.1178 
 399 0.0062 0.0118 0.0421 0.0676 0.0960 0.4783 0.1170 0.1810 
 400 0.0068 0.0078 0.0159 0.0607 0.2576 0.3794 0.1529 0.1188 
 401 0.0048 0.0075 0.0155 0.1046 0.0971 0.4447 0.1563 0.1695 
 402 0.0071 0.0083 0.0138 0.1159 0.2404 0.2752 0.1496 0.1897 
 403 0.0074 0.0199 0.0219 0.0538 0.1696 0.1768 0.3795 0.1712 
 404 0.0073 0.0112 0.0146 0.0550 0.3155 0.1635 0.1784 0.2546 
 405 0.0051 0.0060 0.0403 0.0724 0.2500 0.2069 0.1618 0.2576 
 406 0.0045 0.0065 0.2266 0.1716 0.1027 0.1055 0.2004 0.1822 
 407 0.0046 0.0057 0.0584 0.0557 0.4489 0.2017 0.0877 0.1372 
 408 0.0043 0.0062 0.0110 0.1033 0.0776 0.4108 0.0822 0.3047 
 409 0.0117 0.0112 0.0450 0.3137 0.1394 0.1227 0.2363 0.1200 
 410 0.0805 0.0098 0.0399 0.0703 0.2054 0.2980 0.1502 0.1458 
 411 0.0196 0.0070 0.0162 0.1067 0.3578 0.1826 0.1908 0.1193 
 412 0.0054 0.0068 0.0156 0.0352 0.2045 0.3179 0.1238 0.2907 
 413 0.0060 0.0062 0.0135 0.0359 0.1266 0.3584 0.2377 0.2156 
 414 0.0053 0.0111 0.0117 0.0351 0.2012 0.3733 0.0878 0.2745 
 415 0.0058 0.0074 0.0326 0.1052 0.3089 0.2479 0.1172 0.1749 
 416 0.0060 0.0159 0.0154 0.1385 0.2191 0.2979 0.1594 0.1478 
 417 0.0061 0.0066 0.1505 0.0554 0.2308 0.3053 0.1058 0.1395 
 418 0.0070 0.0058 0.0143 0.0339 0.1901 0.4804 0.1018 0.1666 
 419 0.0117 0.0201 0.0259 0.0971 0.2103 0.2226 0.2469 0.1654 
 420 0.0042 0.0070 0.0137 0.2046 0.0914 0.4162 0.0997 0.1632 
 421 0.0071 0.0070 0.0567 0.0556 0.1805 0.3631 0.1100 0.2199 
 422 0.0064 0.0069 0.0625 0.1021 0.1853 0.1489 0.1162 0.3717 
 423 0.0083 0.0065 0.0370 0.0605 0.2480 0.2609 0.1486 0.2302 
 424 0.0079 0.0180 0.0452 0.1340 0.1157 0.3869 0.1521 0.1402 
 425 0.0201 0.0336 0.0208 0.0475 0.3145 0.1933 0.1754 0.1950 
 426 0.0348 0.0294 0.0587 0.0483 0.1682 0.3335 0.1748 0.1521 
 427 0.0070 0.0061 0.0899 0.0635 0.1959 0.3506 0.1869 0.1001 
 428 0.0199 0.0074 0.1437 0.1128 0.1567 0.1397 0.2226 0.1972 
 429 0.0064 0.0057 0.0222 0.0392 0.2915 0.4324 0.0839 0.1187 
 430 0.0058 0.0070 0.1002 0.1118 0.2939 0.2224 0.0996 0.1592 
 431 0.0115 0.0134 0.0309 0.0392 0.1333 0.3311 0.1685 0.2722 
 432 0.0058 0.0065 0.0150 0.0390 0.1663 0.3133 0.1459 0.3081 
 433 0.0088 0.0065 0.0134 0.0476 0.1292 0.1551 0.3517 0.2877 
 434 0.0059 0.0084 0.0148 0.0750 0.2928 0.1594 0.1802 0.2635 
 435 0.0049 0.0055 0.1771 0.0679 0.1838 0.3401 0.0923 0.1285 
 436 0.0074 0.0083 0.2463 0.0828 0.1863 0.2558 0.1325 0.0804 
 437 0.0076 0.0053 0.0312 0.0416 0.4809 0.1831 0.1012 0.1491 
 438 0.0060 0.0070 0.1559 0.2554 0.1058 0.2242 0.1349 0.1108 
 439 0.0056 0.0062 0.1874 0.0979 0.2601 0.2391 0.1163 0.0874 
 440 0.0044 0.0062 0.2554 0.0506 0.1745 0.3265 0.0777 0.1046 
 441 0.0059 0.0070 0.0540 0.0973 0.2985 0.2459 0.1682 0.1232 
 442 0.0062 0.0153 0.0159 0.0755 0.2998 0.3149 0.1017 0.1707 
 443 0.0046 0.0085 0.0362 0.1881 0.1095 0.4364 0.0866 0.1299 
 444 0.0060 0.0142 0.0306 0.0949 0.2976 0.3020 0.0994 0.1554 
 445 0.0409 0.0070 0.0326 0.3274 0.2036 0.1223 0.1562 0.1101 
 446 0.0456 0.0072 0.1047 0.0767 0.1769 0.4092 0.0995 0.0801 
 447 0.0067 0.0220 0.1833 0.1108 0.1653 0.2089 0.1656 0.1374 
 448 0.0052 0.0061 0.0479 0.0621 0.3145 0.2979 0.1072 0.1590 
 449 0.0053 0.0066 0.0516 0.0694 0.3173 0.2361 0.1549 0.1588 
 450 0.0070 0.0072 0.0163 0.0486 0.4809 0.2062 0.1427 0.0912 
 451 0.0050 0.0065 0.0246 0.0419 0.1210 0.5201 0.0786 0.2023 
 452 0.0055 0.0060 0.0269 0.0440 0.3812 0.2964 0.1429 0.0972 
 453 0.0046 0.0090 0.0173 0.3763 0.1032 0.1919 0.1154 0.1824 
 454 0.0063 0.0062 0.0664 0.0554 0.2841 0.2766 0.1622 0.1428 
 455 0.0048 0.0064 0.1882 0.1806 0.1617 0.2717 0.0921 0.0945 
 456 0.0061 0.0079 0.0557 0.1736 0.2475 0.2630 0.0919 0.1544 
 457 0.0061 0.0055 0.0580 0.0503 0.4679 0.1766 0.1072 0.1285 
 458 0.0443 0.0076 0.0566 0.1095 0.3201 0.2487 0.1108 0.1026 
 459 0.0053 0.0067 0.0586 0.1250 0.1580 0.3903 0.1758 0.0803 
 460 0.0050 0.0063 0.0471 0.0825 0.1484 0.5279 0.0949 0.0879 
 461 0.0063 0.0062 0.0170 0.0458 0.1585 0.5864 0.0970 0.0828 
 462 0.0078 0.0272 0.0259 0.1983 0.2702 0.2069 0.0716 0.1921 
 463 0.0045 0.0063 0.1633 0.3153 0.1076 0.1271 0.1130 0.1629 
 464 0.0042 0.0057 0.0465 0.1298 0.1166 0.4935 0.0930 0.1107 
 465 0.0070 0.0070 0.0285 0.1139 0.1635 0.4131 0.1093 0.1577 
 466 0.0043 0.0058 0.0472 0.2060 0.1204 0.3591 0.0940 0.1632 
 467 0.0057 0.0071 0.0328 0.2303 0.1942 0.2374 0.1242 0.1682 
 468 0.0051 0.0058 0.2422 0.1123 0.2709 0.1393 0.0911 0.1332 
 469 0.0049 0.0065 0.4040 0.0722 0.1696 0.1650 0.0946 0.0832 
 470 0.0049 0.0053 0.2412 0.0577 0.1374 0.3618 0.0934 0.0983 
 471 0.0056 0.0105 0.0203 0.1582 0.2063 0.2972 0.1060 0.1959 
 472 0.0062 0.0075 0.0185 0.1699 0.2927 0.2243 0.1012 0.1797 
 473 0.0057 0.0061 0.0585 0.0651 0.2798 0.2150 0.1482 0.2215 
 474 0.0052 0.0061 0.0240 0.1013 0.3282 0.2795 0.1419 0.1136 
 475 0.0056 0.0065 0.0279 0.0856 0.1581 0.3983 0.1716 0.1464 
 476 0.0073 0.0061 0.0311 0.1309 0.3838 0.2391 0.1048 0.0969 
 477 0.0069 0.0112 0.0309 0.1126 0.1390 0.4358 0.1383 0.1253 
 478 0.0069 0.0110 0.0225 0.0508 0.0960 0.6242 0.0888 0.0998 
 479 0.0048 0.0060 0.0707 0.0522 0.2552 0.4235 0.0915 0.0960 
 480 0.0059 0.0055 0.0623 0.0477 0.4491 0.2326 0.1017 0.0951 
 481 0.0052 0.0095 0.0194 0.0548 0.2923 0.2305 0.1005 0.2878 
 482 0.0059 0.0054 0.0292 0.0408 0.3337 0.4006 0.0919 0.0925 
 483 0.0062 0.0062 0.2391 0.0733 0.1999 0.2689 0.1169 0.0896 
 484 0.0055 0.0080 0.1733 0.2433 0.1636 0.1520 0.1081 0.1463 
 485 0.0053 0.0058 0.4453 0.0539 0.1023 0.2115 0.0907 0.0852 
 486 0.0083 0.0187 0.0146 0.0699 0.1576 0.2102 0.1328 0.3878 
 487 0.0090 0.0166 0.0152 0.0607 0.2338 0.1735 0.2348 0.2564 
 488 0.0082 0.0373 0.0154 0.0444 0.1416 0.2460 0.1942 0.3129 
 489 0.0084 0.0104 0.0106 0.0947 0.2642 0.1107 0.2315 0.2695 
 490 0.0060 0.0112 0.0155 0.0980 0.1698 0.3615 0.0931 0.2450 
 491 0.0068 0.0214 0.0115 0.0500 0.1375 0.1148 0.2151 0.4430 
 492 0.0053 0.0233 0.0128 0.1010 0.1080 0.2587 0.3275 0.1634 
 493 0.0114 0.0290 0.0119 0.0452 0.1886 0.1449 0.1550 0.4140 
 494 0.0234 0.0216 0.0202 0.0605 0.1695 0.1508 0.2050 0.3490 
 495 0.0246 0.0867 0.0136 0.1035 0.1164 0.2672 0.2430 0.1450 
 496 0.0058 0.0057 0.0149 0.0906 0.1275 0.1355 0.3690 0.2510 
 497 0.0156 0.0503 0.0123 0.0377 0.1922 0.1107 0.2063 0.3748 
 498 0.0091 0.0385 0.0157 0.0981 0.1863 0.2149 0.1501 0.2873 
 499 0.0173 0.0116 0.0143 0.0530 0.1795 0.1152 0.3299 0.2791 
 500 0.0125 0.0080 0.0219 0.0433 0.2758 0.1304 0.1445 0.3636 
 501 0.0090 0.0082 0.0156 0.0495 0.2308 0.2001 0.2949 0.1918 
 502 0.0069 0.0164 0.0140 0.0411 0.1731 0.2610 0.3263 0.1611 
 503 0.0067 0.0064 0.0185 0.0450 0.3785 0.1899 0.1192 0.2358 
 504 0.0080 0.0483 0.0152 0.0770 0.1233 0.3343 0.1284 0.2655 
 505 0.0068 0.0112 0.0176 0.0705 0.1068 0.1353 0.2065 0.4452 
 506 0.0060 0.0181 0.0117 0.0492 0.1314 0.2503 0.2915 0.2417 
 507 0.0062 0.0058 0.0112 0.0865 0.0850 0.0824 0.5233 0.1996 
 508 0.0131 0.0112 0.0110 0.0812 0.0775 0.0961 0.4990 0.2109 
 509 0.0062 0.0088 0.0151 0.0699 0.1057 0.1296 0.2816 0.3831 
 510 0.0168 0.0079 0.0117 0.0524 0.2229 0.1490 0.3502 0.1890 
 511 0.0105 0.0155 0.0488 0.0739 0.1902 0.2954 0.1427 0.2230 
 512 0.0068 0.0093 0.0167 0.0379 0.3155 0.3347 0.1016 0.1775 
 513 0.0074 0.3046 0.0098 0.0654 0.0653 0.1182 0.1369 0.2925 
 514 0.0072 0.0072 0.0142 0.0506 0.0975 0.4274 0.1708 0.2252 
 515 0.0107 0.0091 0.0469 0.1045 0.2277 0.1515 0.2589 0.1907 
 516 0.0084 0.0095 0.0166 0.0699 0.1002 0.2348 0.1533 0.4072 
 517 0.0065 0.0069 0.0373 0.1326 0.1032 0.2622 0.2437 0.2075 
 518 0.0546 0.0071 0.0111 0.0390 0.2465 0.1262 0.2860 0.2295 
 519 0.0054 0.0107 0.0166 0.0608 0.1053 0.4363 0.1819 0.1829 
 520 0.0065 0.0068 0.1751 0.1204 0.0927 0.1049 0.3211 0.1725 
 521 0.0222 0.0067 0.0120 0.0538 0.0921 0.2094 0.3474 0.2564 
 522 0.0220 0.0091 0.0261 0.1739 0.2776 0.1739 0.1430 0.1744 
 523 0.0090 0.0070 0.0253 0.2444 0.0771 0.1882 0.2635 0.1856 
 524 0.0070 0.0061 0.2176 0.0683 0.1093 0.1813 0.1875 0.2228 
 525 0.0686 0.0067 0.0405 0.0874 0.1817 0.1281 0.2923 0.1947 
 526 0.0050 0.0060 0.2621 0.1785 0.0902 0.0969 0.1574 0.2039 
 527 0.0581 0.0098 0.0124 0.0408 0.2857 0.2536 0.1440 0.1956 
 528 0.0058 0.0058 0.0101 0.0492 0.0936 0.1107 0.4560 0.2689 
 529 0.0666 0.0117 0.0114 0.0453 0.1361 0.1467 0.2231 0.3592 
 530 0.0064 0.0088 0.0266 0.1286 0.2861 0.1799 0.1815 0.1820 
 531 0.0074 0.0068 0.0338 0.0843 0.1596 0.1764 0.3963 0.1354 
 532 0.0226 0.0093 0.0114 0.0529 0.1515 0.1597 0.3226 0.2699 
 533 0.0532 0.0072 0.0320 0.0820 0.1971 0.1548 0.1633 0.3105 
 534 0.0617 0.0154 0.0120 0.0935 0.0761 0.1277 0.2140 0.3996 
 535 0.0055 0.0069 0.0313 0.2160 0.1042 0.2727 0.1569 0.2065 
 536 0.0065 0.0080 0.0378 0.1926 0.1763 0.1514 0.2328 0.1945 
 537 0.0077 0.0094 0.0139 0.2392 0.1286 0.1287 0.2997 0.1728 
 538 0.0047 0.0068 0.0254 0.1449 0.1171 0.1326 0.2613 0.3072 
 539 0.0045 0.0065 0.0095 0.0681 0.0938 0.0877 0.5555 0.1745 
 540 0.0230 0.0071 0.0344 0.1029 0.1455 0.1206 0.2356 0.3308 
 541 0.0156 0.0106 0.0167 0.1412 0.1612 0.1296 0.3679 0.1573 
 542 0.0049 0.0096 0.0268 0.3048 0.1490 0.1042 0.1105 0.2901 
 543 0.0180 0.0144 0.0306 0.2191 0.0875 0.2050 0.2363 0.1892 
 544 0.0052 0.0069 0.0204 0.3415 0.1173 0.1309 0.1695 0.2084 
 545 0.0049 0.0084 0.0693 0.3786 0.1105 0.1433 0.0952 0.1897 
 546 0.0059 0.0114 0.0129 0.1893 0.1364 0.1096 0.1752 0.3593 
 547 0.0051 0.0080 0.0242 0.4630 0.0776 0.1197 0.1782 0.1243 
 548 0.0048 0.0068 0.0121 0.0387 0.1029 0.1096 0.3300 0.3952 
 549 0.0066 0.0075 0.0386 0.2811 0.1363 0.1083 0.3242 0.0974 
 550 0.0042 0.0089 0.1081 0.2626 0.1008 0.2327 0.1383 0.1444 
 551 0.0069 0.0075 0.0204 0.1257 0.1316 0.1439 0.4472 0.1168 
 552 0.0051 0.0065 0.0137 0.1081 0.1406 0.0996 0.2546 0.3718 
 553 0.0102 0.0138 0.0221 0.3658 0.0699 0.1263 0.2243 0.1677 
 554 0.0318 0.0087 0.0220 0.1100 0.2174 0.1618 0.1844 0.2638 
 555 0.0076 0.0189 0.0177 0.1303 0.1039 0.1250 0.3898 0.2069 
 556 0.0060 0.0078 0.0142 0.1274 0.1278 0.1309 0.2319 0.3539 
 557 0.0059 0.0078 0.0829 0.2541 0.1215 0.2339 0.1689 0.1249 
 558 0.0061 0.0057 0.0337 0.0396 0.3381 0.3997 0.0954 0.0817 
 559 0.0062 0.0069 0.0123 0.0629 0.1331 0.2319 0.1207 0.4261 
 560 0.0044 0.0112 0.0515 0.0664 0.1301 0.5259 0.0736 0.1369 
 561 0.0056 0.0094 0.0232 0.0712 0.2228 0.3430 0.0955 0.2294 
 562 0.0057 0.0100 0.0324 0.0718 0.1650 0.3574 0.0734 0.2842 
 563 0.0078 0.0184 0.0229 0.1019 0.1120 0.3952 0.2367 0.1050 
 564 0.0092 0.0080 0.0242 0.0651 0.1266 0.1536 0.1289 0.4845 
 565 0.0052 0.0056 0.0785 0.0532 0.4738 0.1655 0.1025 0.1158 
 566 0.0041 0.0059 0.0305 0.0396 0.1310 0.5987 0.0772 0.1130 
 567 0.0054 0.0076 0.0192 0.0465 0.1170 0.1666 0.0946 0.5431 
 568 0.0053 0.0058 0.0258 0.0750 0.1351 0.3457 0.1309 0.2763 
 569 0.0087 0.0066 0.0320 0.1304 0.2264 0.3076 0.1370 0.1513 
 570 0.0069 0.0056 0.0342 0.0369 0.3889 0.3234 0.0821 0.1220 
 571 0.0050 0.0060 0.0303 0.0403 0.0909 0.5294 0.1170 0.1810 
 572 0.0044 0.0101 0.0263 0.2883 0.1485 0.1275 0.2306 0.1644 
 573 0.0069 0.0071 0.1697 0.0452 0.1003 0.1382 0.1286 0.4040 
 574 0.0075 0.0075 0.0293 0.0668 0.3508 0.1624 0.2149 0.1609 
 575 0.0053 0.0061 0.0185 0.0673 0.1232 0.3968 0.2051 0.1778 
 576 0.0052 0.0112 0.0277 0.0354 0.1525 0.5583 0.0797 0.1301 
 577 0.0072 0.0077 0.0163 0.0574 0.3504 0.1871 0.2050 0.1689 
 578 0.0053 0.0134 0.0445 0.0564 0.1481 0.4440 0.1133 0.1750 
 579 0.0063 0.0147 0.0218 0.0623 0.2665 0.2493 0.1022 0.2770 
 580 0.0055 0.0062 0.0279 0.0482 0.4002 0.2017 0.1491 0.1611 
 581 0.0051 0.0061 0.0328 0.0487 0.2624 0.3781 0.1280 0.1388 
 582 0.0060 0.0062 0.0393 0.1059 0.2637 0.3669 0.0855 0.1265 
 583 0.0435 0.0081 0.0280 0.0428 0.1282 0.4728 0.1142 0.1625 
 584 0.0060 0.0067 0.0200 0.0341 0.1886 0.5113 0.0916 0.1418 
 585 0.0059 0.0148 0.0319 0.0562 0.2076 0.4307 0.0987 0.1542 
 586 0.0050 0.0070 0.0134 0.0697 0.1009 0.4398 0.1302 0.2339 
 587 0.0078 0.0080 0.0137 0.0811 0.3069 0.1926 0.0838 0.3061 
 588 0.0065 0.0091 0.0098 0.0681 0.0673 0.0879 0.0991 0.6522 
 589 0.0062 0.0068 0.1341 0.1057 0.2181 0.2496 0.0931 0.1864 
 590 0.0060 0.0080 0.0117 0.0383 0.1548 0.3328 0.1041 0.3442 
 591 0.0053 0.0063 0.0152 0.0373 0.1182 0.4778 0.1224 0.2176 
 592 0.0043 0.0063 0.0314 0.0914 0.1172 0.3526 0.0930 0.3038 
 593 0.0054 0.0061 0.0414 0.0651 0.1388 0.3570 0.1524 0.2338 
 594 0.0419 0.0098 0.0187 0.0440 0.1386 0.2932 0.1980 0.2557 
 595 0.0076 0.0184 0.0125 0.0325 0.3541 0.2429 0.0842 0.2478 
 596 0.0042 0.0075 0.1401 0.0581 0.1118 0.1526 0.1393 0.3863 
 597 0.0095 0.0094 0.0276 0.0554 0.0742 0.4026 0.2689 0.1524 
 598 0.0067 0.0054 0.0427 0.0383 0.4380 0.2877 0.0890 0.0920 
 599 0.0052 0.0056 0.0226 0.0602 0.1287 0.4827 0.0804 0.2146 
 600 0.0054 0.0066 0.0245 0.0954 0.3611 0.1730 0.1582 0.1758 
 601 0.0044 0.0064 0.0209 0.0973 0.1905 0.4371 0.0808 0.1625 
 602 0.0062 0.0088 0.0159 0.0388 0.1532 0.1920 0.2152 0.3699 
 603 0.0051 0.0070 0.0135 0.0409 0.1478 0.1720 0.2034 0.4102 
 604 0.0122 0.0129 0.0708 0.0627 0.3407 0.1410 0.1621 0.1976 
 605 0.0056 0.0086 0.0255 0.0688 0.2059 0.2359 0.1269 0.3228 
 606 0.0088 0.0078 0.0215 0.0703 0.2323 0.1547 0.2124 0.2923 
 607 0.0060 0.0080 0.0207 0.0369 0.2585 0.1788 0.2958 0.1954 
 608 0.0055 0.0059 0.0221 0.0528 0.1321 0.2265 0.4343 0.1208 
 609 0.0074 0.0084 0.0230 0.0796 0.3524 0.2186 0.1487 0.1620 
 610 0.0054 0.0082 0.1960 0.1065 0.2079 0.1447 0.1285 0.2027 
 611 0.0064 0.0069 0.0168 0.0747 0.1301 0.2202 0.2316 0.3133 
 612 0.0117 0.0064 0.0712 0.1201 0.4211 0.1427 0.1063 0.1204 
 613 0.0316 0.0084 0.0296 0.0969 0.2658 0.1852 0.1435 0.2388 
 614 0.0055 0.0080 0.0198 0.0422 0.5319 0.1216 0.0987 0.1723 
 615 0.0050 0.0057 0.0526 0.0612 0.4215 0.1185 0.1603 0.1752 
 616 0.0051 0.0062 0.0135 0.0372 0.3134 0.1909 0.2236 0.2102 
 617 0.0142 0.0269 0.0373 0.0774 0.3436 0.1707 0.1029 0.2270 
 618 0.0222 0.0157 0.0873 0.0774 0.2561 0.1225 0.2292 0.1895 
 619 0.0045 0.0059 0.0349 0.0982 0.1315 0.3052 0.2090 0.2106 
 620 0.0044 0.0072 0.0254 0.0852 0.0966 0.3294 0.0744 0.3775 
 621 0.0071 0.0069 0.0200 0.0352 0.2694 0.3980 0.1127 0.1505 
 622 0.0150 0.0343 0.0577 0.0622 0.2450 0.1243 0.1571 0.3044 
 623 0.0047 0.0067 0.0263 0.0484 0.1682 0.2946 0.1154 0.3357 
 624 0.0258 0.0070 0.0679 0.0656 0.2662 0.1947 0.2299 0.1430 
 625 0.0162 0.0270 0.0279 0.0453 0.3444 0.1899 0.2045 0.1447 
 626 0.0373 0.0067 0.0505 0.2107 0.1580 0.0832 0.3053 0.1482 
 627 0.0052 0.0076 0.0158 0.0688 0.2456 0.2147 0.1364 0.3059 
 628 0.0046 0.0095 0.0163 0.0394 0.1576 0.2637 0.1427 0.3661 
 629 0.0052 0.0077 0.0135 0.0396 0.2710 0.2428 0.1684 0.2518 
 630 0.0121 0.0115 0.0281 0.0595 0.3366 0.2594 0.1318 0.1610 
 631 0.0052 0.0063 0.0173 0.0429 0.3587 0.1897 0.1394 0.2406 
 632 0.0054 0.0077 0.0175 0.0624 0.1677 0.1162 0.2956 0.3275 
 633 0.0069 0.0091 0.0356 0.0458 0.2896 0.2354 0.2088 0.1688 
 634 0.0057 0.0062 0.0186 0.0704 0.1875 0.1983 0.2627 0.2506 
 635 0.0048 0.0058 0.0177 0.0629 0.2023 0.1185 0.4254 0.1626 
 636 0.0087 0.0066 0.0242 0.0529 0.2637 0.2312 0.2622 0.1505 
 637 0.0055 0.0092 0.0196 0.1912 0.1752 0.1640 0.1787 0.2566 
 638 0.0060 0.0070 0.0169 0.0364 0.2335 0.2049 0.2082 0.2871 
 639 0.0066 0.0088 0.0261 0.0451 0.3708 0.1404 0.1769 0.2254 
 640 0.0067 0.0125 0.0163 0.0330 0.2019 0.3969 0.1484 0.1843 
 641 0.0083 0.0078 0.0164 0.0378 0.2749 0.1754 0.1584 0.3210 
 642 0.0062 0.0070 0.0172 0.1160 0.1421 0.1253 0.3803 0.2060 
 643 0.0072 0.0071 0.0110 0.0716 0.1176 0.1336 0.5202 0.1317 
 644 0.0089 0.0072 0.0130 0.0609 0.1091 0.1629 0.4703 0.1678 
 645 0.0111 0.0097 0.0955 0.0681 0.1550 0.0815 0.4316 0.1476 
