   1 0.0932 0.2773 0.2031 0.1787 0.2477 
   2 0.0146 0.0417 0.1351 0.5245 0.2841 
   3 0.0763 0.1342 0.3006 0.1997 0.2892 
   4 0.0202 0.5788 0.0533 0.1448 0.2029 
   5 0.0154 0.0428 0.2801 0.3489 0.3128 
   6 0.0224 0.0355 0.7464 0.0597 0.1360 
   7 0.0285 0.0445 0.1321 0.0479 0.7470 
   8 0.0231 0.3211 0.2650 0.0859 0.3049 
   9 0.0441 0.0846 0.2415 0.2543 0.3756 
  10 0.0239 0.1542 0.3691 0.0602 0.3926 
  11 0.0512 0.0449 0.0918 0.0509 0.7613 
  12 0.0149 0.0700 0.2499 0.3658 0.2993 
  13 0.0233 0.0764 0.3503 0.1726 0.3775 
  14 0.0359 0.0865 0.1151 0.5072 0.2554 
  15 0.0357 0.2012 0.1228 0.2414 0.3989 
  16 0.0689 0.0741 0.3593 0.0923 0.4055 
  17 0.0190 0.0536 0.5881 0.1455 0.1937 
  18 0.0626 0.0794 0.3874 0.2516 0.2189 
  19 0.0179 0.0488 0.6451 0.0847 0.2035 
  20 0.0266 0.0710 0.1561 0.2098 0.5364 
  21 0.0444 0.1851 0.1204 0.4170 0.2331 
  22 0.0288 0.0700 0.6840 0.0863 0.1309 
  23 0.0303 0.1984 0.0806 0.4247 0.2659 
  24 0.0464 0.1822 0.3771 0.1749 0.2194 
  25 0.0243 0.0325 0.2615 0.0849 0.5967 
  26 0.0262 0.0894 0.5627 0.1624 0.1593 
  27 0.0399 0.1025 0.3215 0.1762 0.3599 
  28 0.0509 0.3375 0.1855 0.1014 0.3247 
  29 0.0215 0.0617 0.0918 0.2322 0.5928 
  30 0.0618 0.0528 0.6105 0.1419 0.1330 
  31 0.0220 0.1232 0.3082 0.2103 0.3363 
  32 0.0241 0.1626 0.2073 0.2443 0.3617 
  33 0.1643 0.1337 0.1207 0.1688 0.4125 
  34 0.0313 0.0780 0.1976 0.0495 0.6436 
  35 0.0311 0.0436 0.3464 0.4020 0.1770 
  36 0.5258 0.0487 0.0462 0.2657 0.1136 
  37 0.0224 0.1702 0.1196 0.3146 0.3732 
  38 0.6959 0.0287 0.0423 0.0814 0.1517 
  39 0.2931 0.0519 0.1129 0.1802 0.3620 
  40 0.0554 0.1090 0.0983 0.6122 0.1252 
  41 0.4363 0.0418 0.0621 0.2626 0.1971 
  42 0.3341 0.3158 0.0348 0.1957 0.1197 
  43 0.0202 0.0790 0.0645 0.5646 0.2717 
  44 0.0399 0.0372 0.1611 0.5651 0.1967 
  45 0.3228 0.0328 0.0640 0.3924 0.1881 
  46 0.0520 0.0428 0.3022 0.2045 0.3986 
  47 0.0236 0.0634 0.4474 0.2414 0.2242 
  48 0.0314 0.0337 0.2070 0.6225 0.1054 
  49 0.1379 0.0638 0.1536 0.3083 0.3365 
  50 0.0498 0.0959 0.2366 0.1058 0.5119 
  51 0.3334 0.0368 0.0285 0.5139 0.0874 
  52 0.2394 0.0724 0.1339 0.1445 0.4098 
  53 0.6734 0.0529 0.0670 0.0677 0.1390 
  54 0.0135 0.0608 0.1431 0.5623 0.2202 
  55 0.0156 0.0438 0.0813 0.6834 0.1759 
  56 0.0941 0.0582 0.2508 0.4844 0.1125 
  57 0.0203 0.1488 0.5105 0.0938 0.2264 
  58 0.0801 0.0590 0.0702 0.5673 0.2234 
  59 0.4229 0.0530 0.0659 0.2692 0.1889 
  60 0.0852 0.1071 0.0565 0.6189 0.1323 
  61 0.0129 0.0578 0.0261 0.7939 0.1094 
  62 0.0341 0.0495 0.4294 0.2483 0.2387 
  63 0.0637 0.1012 0.0471 0.3032 0.4848 
  64 0.1219 0.0384 0.4802 0.1408 0.2187 
  65 0.0205 0.0283 0.0588 0.0937 0.7987 
  66 0.0223 0.1171 0.0421 0.5554 0.2631 
  67 0.0149 0.0385 0.0646 0.6150 0.2671 
  68 0.4401 0.0676 0.0627 0.2492 0.1803 
  69 0.3511 0.1391 0.0798 0.0891 0.3408 
  70 0.1276 0.0764 0.0408 0.3731 0.3821 
  71 0.3472 0.0273 0.0544 0.3859 0.1852 
  72 0.3119 0.0411 0.1598 0.2060 0.2811 
  73 0.0317 0.0319 0.0461 0.6460 0.2443 
  74 0.4907 0.0986 0.0607 0.2429 0.1071 
  75 0.2037 0.1046 0.0595 0.5559 0.0764 
  76 0.0306 0.0541 0.0474 0.2949 0.5730 
  77 0.5239 0.0351 0.0391 0.2132 0.1887 
  78 0.6612 0.0351 0.0355 0.1380 0.1302 
  79 0.0268 0.0470 0.0984 0.0708 0.7569 
  80 0.0215 0.5326 0.0706 0.1313 0.2440 
  81 0.0262 0.4025 0.0989 0.1206 0.3518 
  82 0.0247 0.1049 0.0566 0.3473 0.4664 
  83 0.0584 0.2402 0.0725 0.2240 0.4049 
  84 0.0420 0.2271 0.0555 0.1277 0.5477 
  85 0.0588 0.2933 0.1318 0.2066 0.3095 
  86 0.0264 0.0433 0.1293 0.4242 0.3767 
  87 0.0353 0.0515 0.0515 0.0991 0.7627 
  88 0.0231 0.2382 0.0558 0.1849 0.4980 
  89 0.0229 0.3250 0.0573 0.2754 0.3193 
  90 0.0208 0.0565 0.0447 0.0800 0.7979 
  91 0.0487 0.5111 0.0628 0.1634 0.2140 
  92 0.0255 0.0918 0.0934 0.1443 0.6449 
  93 0.0158 0.7925 0.0334 0.0646 0.0938 
  94 0.1387 0.0440 0.0427 0.0563 0.7183 
  95 0.0192 0.1342 0.0328 0.1028 0.7110 
  96 0.0178 0.1174 0.0275 0.7123 0.1251 
  97 0.2448 0.1098 0.0909 0.4553 0.0992 
  98 0.0416 0.0682 0.0819 0.5906 0.2177 
  99 0.0276 0.2021 0.0501 0.1232 0.5970 
 100 0.0119 0.4383 0.0465 0.4012 0.1021 
 101 0.0322 0.0807 0.0545 0.2683 0.5643 
 102 0.0562 0.3275 0.0366 0.2029 0.3768 
 103 0.0187 0.1143 0.0323 0.3816 0.4532 
 104 0.0186 0.0780 0.0405 0.1152 0.7477 
 105 0.0158 0.1186 0.0323 0.1931 0.6403 
 106 0.0571 0.0238 0.0616 0.0622 0.7953 
 107 0.0180 0.1117 0.0342 0.2296 0.6065 
 108 0.0864 0.0351 0.0485 0.6370 0.1931 
 109 0.0769 0.0248 0.1008 0.1100 0.6875 
 110 0.0486 0.0276 0.0506 0.0505 0.8227 
 111 0.0148 0.0349 0.0314 0.0688 0.8501 
 112 0.0391 0.0259 0.0362 0.0630 0.8357 
 113 0.0434 0.0622 0.0915 0.4916 0.3113 
 114 0.0175 0.1001 0.0360 0.1152 0.7311 
 115 0.0203 0.0461 0.0443 0.1753 0.7140 
 116 0.1741 0.0253 0.0723 0.1748 0.5535 
 117 0.0409 0.0386 0.0501 0.0645 0.8059 
 118 0.0219 0.0360 0.0596 0.4018 0.4807 
 119 0.0531 0.1669 0.0278 0.4969 0.2553 
 120 0.0218 0.0483 0.0452 0.1296 0.7551 
 121 0.0317 0.0357 0.0454 0.1692 0.7180 
 122 0.0430 0.0328 0.0571 0.0719 0.7952 
 123 0.0328 0.0466 0.0399 0.0945 0.7862 
 124 0.1205 0.0336 0.0834 0.1291 0.6334 
 125 0.1278 0.0481 0.1269 0.0969 0.6003 
 126 0.0931 0.0556 0.0383 0.1517 0.6612 
 127 0.0150 0.0378 0.0283 0.0854 0.8336 
 128 0.0150 0.0382 0.0493 0.3775 0.5199 
 129 0.0146 0.0299 0.0360 0.1612 0.7583 
 130 0.0195 0.1125 0.0398 0.1393 0.6890 
 131 0.4443 0.0299 0.0487 0.0947 0.3823 
 132 0.0335 0.0264 0.0569 0.1007 0.7826 
 133 0.0221 0.0539 0.0386 0.1306 0.7547 
 134 0.0271 0.0202 0.0407 0.0434 0.8687 
 135 0.0256 0.3531 0.0528 0.4642 0.1043 
 136 0.0133 0.7446 0.0917 0.0797 0.0707 
 137 0.0149 0.7693 0.0350 0.0602 0.1206 
 138 0.0200 0.7830 0.0495 0.0770 0.0704 
 139 0.0179 0.1303 0.0615 0.6956 0.0948 
 140 0.0491 0.4957 0.0595 0.1739 0.2219 
 141 0.0234 0.6387 0.1453 0.1031 0.0894 
 142 0.0215 0.4018 0.0384 0.4439 0.0944 
 143 0.0116 0.8347 0.0298 0.0641 0.0599 
 144 0.0133 0.7726 0.0311 0.0659 0.1171 
 145 0.0262 0.4111 0.2783 0.1810 0.1034 
 146 0.0319 0.5021 0.0984 0.1281 0.2395 
 147 0.0124 0.8403 0.0363 0.0500 0.0610 
 148 0.0201 0.5707 0.0563 0.1657 0.1872 
 149 0.0274 0.6976 0.0579 0.1420 0.0750 
 150 0.0183 0.5828 0.0451 0.1205 0.2333 
 151 0.0155 0.7654 0.0334 0.0917 0.0940 
 152 0.0289 0.4603 0.0858 0.2621 0.1628 
 153 0.0362 0.7164 0.0443 0.0997 0.1034 
 154 0.0142 0.7105 0.0828 0.1142 0.0784 
 155 0.0135 0.7990 0.0311 0.0689 0.0874 
 156 0.0170 0.5933 0.0238 0.2494 0.1166 
 157 0.0286 0.6632 0.0262 0.0552 0.2267 
 158 0.0264 0.5173 0.2459 0.1161 0.0943 
 159 0.0123 0.8320 0.0379 0.0579 0.0599 
 160 0.0123 0.8118 0.0451 0.0688 0.0621 
 161 0.0378 0.6427 0.0531 0.1210 0.1455 
 162 0.0286 0.3866 0.1532 0.1889 0.2428 
 163 0.0146 0.8020 0.0265 0.0801 0.0769 
 164 0.0241 0.4960 0.0990 0.1332 0.2477 
 165 0.0169 0.6633 0.0340 0.0912 0.1946 
 166 0.0561 0.5007 0.0339 0.1294 0.2799 
 167 0.0129 0.6048 0.1998 0.0591 0.1234 
 168 0.0468 0.6715 0.0544 0.1227 0.1046 
 169 0.1893 0.2578 0.3691 0.1023 0.0815 
 170 0.0203 0.5154 0.0325 0.3134 0.1184 
 171 0.0325 0.4948 0.0816 0.2105 0.1806 
 172 0.2201 0.4484 0.0662 0.1968 0.0685 
 173 0.0119 0.7582 0.0460 0.1168 0.0671 
 174 0.0150 0.7975 0.0358 0.0598 0.0919 
 175 0.0132 0.7695 0.0677 0.0808 0.0687 
 176 0.0136 0.7731 0.0307 0.0669 0.1156 
 177 0.0594 0.5257 0.0458 0.0767 0.2924 
 178 0.0164 0.7147 0.0800 0.0706 0.1183 
 179 0.0114 0.8267 0.0358 0.0619 0.0642 
 180 0.0267 0.5835 0.1431 0.1076 0.1390 
 181 0.0245 0.4943 0.0981 0.2900 0.0931 
 182 0.0123 0.6564 0.0465 0.2096 0.0752 
 183 0.0124 0.7879 0.0446 0.0882 0.0670 
 184 0.0147 0.0395 0.2744 0.4818 0.1896 
 185 0.0133 0.5900 0.0273 0.3053 0.0641 
 186 0.0141 0.0441 0.0972 0.2942 0.5504 
 187 0.0139 0.1508 0.0834 0.6225 0.1293 
 188 0.0123 0.0315 0.0853 0.3958 0.4750 
 189 0.0812 0.1841 0.2188 0.3705 0.1454 
 190 0.0102 0.0816 0.0218 0.8262 0.0601 
 191 0.0129 0.0513 0.0770 0.7136 0.1453 
 192 0.0159 0.1873 0.0618 0.4652 0.2698 
 193 0.0213 0.1211 0.1114 0.5934 0.1528 
 194 0.0185 0.1683 0.0546 0.4891 0.2695 
 195 0.0105 0.1584 0.0332 0.7305 0.0674 
 196 0.0142 0.0795 0.0275 0.7844 0.0944 
 197 0.0141 0.0931 0.2911 0.3558 0.2459 
 198 0.0404 0.1231 0.0967 0.4007 0.3391 
 199 0.0172 0.0701 0.0412 0.7761 0.0953 
 200 0.0319 0.0663 0.0734 0.7012 0.1273 
 201 0.0113 0.3322 0.0425 0.5288 0.0852 
 202 0.0118 0.3284 0.0334 0.5291 0.0973 
 203 0.0105 0.2623 0.0375 0.6113 0.0785 
 204 0.0101 0.0598 0.0288 0.8277 0.0735 
 205 0.0167 0.0483 0.0486 0.7853 0.1011 
 206 0.0102 0.0772 0.0456 0.7838 0.0833 
 207 0.0108 0.0425 0.0359 0.8007 0.1102 
 208 0.0114 0.1220 0.0331 0.7542 0.0793 
 209 0.0141 0.0681 0.0776 0.7028 0.1373 
 210 0.0119 0.0874 0.0319 0.7531 0.1158 
 211 0.0111 0.0907 0.0374 0.7278 0.1331 
 212 0.0163 0.3761 0.0640 0.4490 0.0945 
 213 0.0282 0.0712 0.0357 0.5914 0.2736 
 214 0.0112 0.3061 0.0411 0.5609 0.0807 
 215 0.0152 0.0364 0.0461 0.7872 0.1151 
 216 0.0170 0.0581 0.2401 0.4418 0.2430 
 217 0.0136 0.2030 0.0510 0.6609 0.0716 
 218 0.0153 0.0608 0.0586 0.7447 0.1206 
 219 0.0203 0.1644 0.3485 0.3102 0.1567 
 220 0.0105 0.0434 0.0369 0.8135 0.0957 
 221 0.0119 0.4437 0.0280 0.4576 0.0587 
 222 0.0168 0.0890 0.3314 0.3309 0.2320 
 223 0.0207 0.2558 0.1042 0.4775 0.1418 
 224 0.0104 0.1972 0.0484 0.6470 0.0971 
 225 0.0134 0.0623 0.0413 0.7858 0.0973 
 226 0.0616 0.0778 0.1125 0.6431 0.1049 
 227 0.0115 0.1094 0.0380 0.7468 0.0943 
 228 0.0106 0.1237 0.0287 0.7765 0.0605 
 229 0.0107 0.2169 0.0557 0.6033 0.1134 
 230 0.0102 0.1174 0.0386 0.7395 0.0943 
 231 0.0128 0.1780 0.0945 0.5937 0.1210 
 232 0.0325 0.1519 0.0715 0.5639 0.1802 
 233 0.0113 0.4510 0.0461 0.4082 0.0834 
 234 0.0198 0.1544 0.1044 0.4499 0.2715 
 235 0.0221 0.1578 0.0829 0.6358 0.1014 
 236 0.0140 0.2237 0.0651 0.5838 0.1134 
 237 0.0121 0.0508 0.0462 0.7709 0.1200 
 238 0.0141 0.3682 0.0404 0.4429 0.1343 
 239 0.0104 0.1608 0.0327 0.7283 0.0678 
 240 0.0142 0.3781 0.0405 0.4308 0.1364 
 241 0.0171 0.3625 0.0462 0.4816 0.0926 
 242 0.0308 0.0910 0.1231 0.6179 0.1372 
 243 0.0101 0.0718 0.0254 0.8249 0.0677 
 244 0.0104 0.1813 0.0369 0.6908 0.0806 
 245 0.0138 0.6327 0.0274 0.2335 0.0926 
 246 0.0137 0.2011 0.0511 0.6627 0.0714 
 247 0.0322 0.0373 0.0471 0.2765 0.6070 
 248 0.0137 0.0359 0.0507 0.7331 0.1666 
 249 0.0106 0.1884 0.0425 0.6641 0.0945 
 250 0.0129 0.1468 0.0675 0.6361 0.1366 
 251 0.0533 0.0630 0.1444 0.5463 0.1930 
 252 0.0145 0.1143 0.0555 0.7098 0.1059 
 253 0.0329 0.0577 0.0605 0.5891 0.2597 
 254 0.0133 0.0911 0.2217 0.4771 0.1968 
 255 0.0149 0.1266 0.1172 0.5808 0.1605 
 256 0.0150 0.1410 0.0451 0.7091 0.0898 
 257 0.0154 0.0863 0.0557 0.7178 0.1248 
 258 0.0225 0.0669 0.0471 0.6303 0.2332 
 259 0.0127 0.0838 0.0699 0.6834 0.1502 
 260 0.0139 0.2601 0.2490 0.2746 0.2023 
 261 0.0158 0.1808 0.0489 0.6616 0.0930 
 262 0.0127 0.1281 0.0286 0.7716 0.0589 
 263 0.0103 0.0480 0.1034 0.6841 0.1543 
 264 0.0246 0.0289 0.5253 0.2233 0.1980 
 265 0.0183 0.0987 0.0876 0.6875 0.1078 
 266 0.0115 0.4357 0.0278 0.4618 0.0631 
 267 0.0134 0.1307 0.0941 0.5968 0.1650 
 268 0.0138 0.0786 0.0275 0.7861 0.0940 
 269 0.0382 0.1530 0.2428 0.4127 0.1532 
 270 0.0148 0.0603 0.2040 0.4679 0.2530 
 271 0.0187 0.0529 0.0507 0.7356 0.1421 
 272 0.0572 0.0554 0.0642 0.7185 0.1047 
 273 0.0438 0.1610 0.1349 0.5160 0.1443 
 274 0.0253 0.0712 0.0995 0.6684 0.1356 
 275 0.0251 0.0896 0.1189 0.6690 0.0973 
 276 0.0415 0.0494 0.0633 0.7336 0.1121 
 277 0.0209 0.1899 0.1047 0.5354 0.1490 
 278 0.0154 0.0446 0.0406 0.8029 0.0965 
 279 0.0183 0.1011 0.0749 0.6765 0.1293 
 280 0.0301 0.0851 0.1485 0.6251 0.1113 
 281 0.0206 0.0745 0.0688 0.6638 0.1724 
 282 0.0165 0.3867 0.0914 0.3688 0.1367 
 283 0.0122 0.4289 0.0579 0.3838 0.1173 
 284 0.0186 0.1913 0.0492 0.5046 0.2362 
 285 0.0204 0.0263 0.0549 0.7285 0.1699 
 286 0.0104 0.1845 0.0367 0.6886 0.0797 
 287 0.0315 0.1245 0.1424 0.5394 0.1621 
 288 0.0333 0.0493 0.0751 0.7419 0.1004 
 289 0.0331 0.0733 0.0692 0.6188 0.2055 
 290 0.0406 0.0618 0.1591 0.6056 0.1328 
 291 0.0196 0.0522 0.0515 0.7344 0.1423 
 292 0.0316 0.0916 0.0860 0.6988 0.0920 
 293 0.0678 0.0526 0.1976 0.4179 0.2640 
 294 0.0121 0.0391 0.1063 0.7033 0.1392 
 295 0.0677 0.1063 0.0964 0.5556 0.1742 
 296 0.0147 0.0444 0.0399 0.7849 0.1160 
 297 0.0279 0.0559 0.2101 0.5699 0.1362 
 298 0.0145 0.2701 0.1031 0.4423 0.1701 
 299 0.0109 0.0580 0.1700 0.5693 0.1918 
 300 0.0147 0.0367 0.0477 0.7971 0.1039 
 301 0.0173 0.0588 0.3702 0.3930 0.1607 
 302 0.0133 0.0431 0.0931 0.7181 0.1324 
 303 0.0163 0.1947 0.0667 0.6179 0.1045 
 304 0.0128 0.3518 0.2505 0.1556 0.2293 
 305 0.0133 0.1022 0.0373 0.7792 0.0680 
 306 0.0201 0.2493 0.0793 0.5641 0.0872 
 307 0.0181 0.1544 0.1018 0.5621 0.1637 
 308 0.0150 0.1803 0.0489 0.6641 0.0917 
 309 0.0190 0.0483 0.0355 0.7606 0.1366 
 310 0.0107 0.1097 0.0319 0.7772 0.0705 
 311 0.0102 0.1195 0.0400 0.7377 0.0927 
 312 0.0115 0.0470 0.0279 0.7832 0.1305 
 313 0.0125 0.0324 0.0343 0.8179 0.1028 
 314 0.0149 0.8303 0.0266 0.0716 0.0568 
 315 0.0250 0.7863 0.0310 0.0808 0.0768 
 316 0.0288 0.7817 0.0436 0.0650 0.0809 
 317 0.0136 0.8533 0.0290 0.0471 0.0570 
 318 0.0136 0.8595 0.0318 0.0387 0.0563 
 319 0.0114 0.8259 0.0335 0.0684 0.0608 
 320 0.0154 0.8297 0.0276 0.0704 0.0570 
 321 0.0146 0.8511 0.0328 0.0436 0.0580 
 322 0.0285 0.7610 0.0387 0.0901 0.0816 
 323 0.0112 0.8500 0.0371 0.0436 0.0581 
 324 0.0148 0.8501 0.0331 0.0434 0.0586 
 325 0.0282 0.8104 0.0339 0.0501 0.0774 
 326 0.0337 0.8108 0.0347 0.0473 0.0736 
 327 0.0136 0.8545 0.0284 0.0474 0.0561 
 328 0.0246 0.7806 0.0365 0.0743 0.0840 
 329 0.0115 0.8575 0.0313 0.0426 0.0572 
 330 0.0136 0.8547 0.0287 0.0470 0.0561 
 331 0.0118 0.8532 0.0317 0.0461 0.0573 
 332 0.0284 0.8021 0.0444 0.0460 0.0790 
 333 0.0260 0.8061 0.0344 0.0568 0.0768 
 334 0.0237 0.7849 0.0355 0.0726 0.0831 
 335 0.0221 0.8009 0.0314 0.0682 0.0774 
 336 0.0157 0.8375 0.0374 0.0506 0.0588 
 337 0.0316 0.7955 0.0345 0.0573 0.0810 
 338 0.0146 0.8563 0.0344 0.0381 0.0567 
 339 0.0118 0.8538 0.0315 0.0458 0.0572 
 340 0.0110 0.8557 0.0286 0.0493 0.0554 
 341 0.0125 0.8494 0.0358 0.0447 0.0575 
 342 0.0136 0.8523 0.0297 0.0477 0.0567 
 343 0.0270 0.7588 0.0381 0.0966 0.0795 
 344 0.0116 0.8596 0.0318 0.0409 0.0561 
 345 0.0136 0.8520 0.0292 0.0485 0.0568 
 346 0.0128 0.8625 0.0289 0.0409 0.0549 
 347 0.0111 0.8627 0.0276 0.0437 0.0549 
 348 0.0254 0.7521 0.0279 0.1186 0.0759 
 349 0.0132 0.8542 0.0288 0.0477 0.0560 
 350 0.0126 0.8162 0.0330 0.0793 0.0589 
 351 0.0226 0.7994 0.0309 0.0686 0.0786 
 352 0.0283 0.7975 0.0311 0.0654 0.0777 
 353 0.0156 0.8387 0.0374 0.0513 0.0570 
 354 0.0123 0.8553 0.0331 0.0433 0.0560 
 355 0.0135 0.8603 0.0315 0.0384 0.0564 
 356 0.0246 0.7108 0.0283 0.1574 0.0789 
 357 0.0776 0.4863 0.1308 0.0945 0.2109 
 358 0.0242 0.8085 0.0368 0.0509 0.0796 
 359 0.0121 0.8516 0.0348 0.0436 0.0578 
 360 0.0128 0.8623 0.0285 0.0415 0.0549 
 361 0.0878 0.4078 0.1372 0.1400 0.2273 
 362 0.1555 0.0539 0.0948 0.2003 0.4956 
 363 0.0859 0.0356 0.1634 0.1078 0.6073 
 364 0.0198 0.1604 0.4758 0.1396 0.2044 
 365 0.0569 0.0348 0.6733 0.0738 0.1614 
 366 0.0708 0.0835 0.2673 0.4047 0.1738 
 367 0.0611 0.0249 0.0544 0.0441 0.8155 
 368 0.0214 0.0468 0.0844 0.1051 0.7422 
 369 0.0468 0.2459 0.1466 0.3021 0.2586 
 370 0.0301 0.0596 0.0825 0.2356 0.5922 
 371 0.0287 0.0851 0.3265 0.2518 0.3079 
 372 0.0353 0.0827 0.1823 0.3938 0.3059 
 373 0.0285 0.0986 0.1889 0.1293 0.5548 
 374 0.0967 0.2885 0.1315 0.1513 0.3320 
 375 0.0280 0.0347 0.3251 0.0650 0.5471 
 376 0.2692 0.0306 0.4184 0.0397 0.2421 
 377 0.1420 0.0593 0.1688 0.1712 0.4587 
 378 0.0335 0.1902 0.0355 0.1099 0.6310 
 379 0.2757 0.0265 0.4279 0.0472 0.2227 
 380 0.3569 0.1014 0.2927 0.1551 0.0939 
 381 0.1028 0.0782 0.5682 0.1588 0.0920 
 382 0.0327 0.0372 0.1536 0.0513 0.7253 
 383 0.2839 0.0920 0.4645 0.0762 0.0834 
 384 0.0352 0.0661 0.6823 0.0615 0.1549 
 385 0.0188 0.1323 0.3916 0.0799 0.3774 
 386 0.0948 0.0343 0.0946 0.0666 0.7097 
 387 0.0525 0.0441 0.1349 0.0642 0.7042 
 388 0.0514 0.2375 0.2271 0.1244 0.3595 
 389 0.0198 0.0375 0.1052 0.6403 0.1971 
 390 0.3484 0.0343 0.0745 0.1225 0.4204 
 391 0.0391 0.0736 0.1253 0.2633 0.4986 
 392 0.1114 0.0782 0.4270 0.1084 0.2749 
 393 0.5977 0.0790 0.1524 0.0824 0.0885 
 394 0.0785 0.2542 0.0714 0.1321 0.4638 
 395 0.3023 0.0427 0.0488 0.2821 0.3241 
 396 0.0230 0.0268 0.1973 0.0668 0.6862 
 397 0.0151 0.0856 0.4867 0.2682 0.1444 
 398 0.5973 0.0278 0.0997 0.0446 0.2306 
 399 0.1006 0.0367 0.0478 0.1331 0.6818 
 400 0.0427 0.0571 0.1743 0.0642 0.6617 
 401 0.0611 0.0573 0.0411 0.1158 0.7247 
 402 0.0243 0.0531 0.2238 0.3518 0.3471 
 403 0.0362 0.3326 0.1726 0.1746 0.2840 
 404 0.0467 0.0769 0.2952 0.1668 0.4144 
 405 0.0839 0.0668 0.2073 0.2351 0.4068 
 406 0.4613 0.1062 0.0391 0.2783 0.1150 
 407 0.4882 0.0283 0.1888 0.0623 0.2324 
 408 0.0243 0.0247 0.0285 0.1863 0.7362 
 409 0.4167 0.2499 0.0446 0.1662 0.1226 
 410 0.0946 0.0782 0.3529 0.0837 0.3906 
 411 0.0537 0.1470 0.4045 0.1479 0.2469 
 412 0.0239 0.0425 0.0982 0.0838 0.7515 
 413 0.0356 0.1638 0.0553 0.1353 0.6099 
 414 0.0173 0.0280 0.0914 0.0729 0.7905 
 415 0.3048 0.0406 0.2261 0.1298 0.2987 
 416 0.0731 0.0737 0.2343 0.1916 0.4274 
 417 0.2959 0.0413 0.1560 0.0707 0.4360 
 418 0.0217 0.0318 0.1089 0.0507 0.7869 
 419 0.0855 0.1673 0.1343 0.1896 0.4233 
 420 0.0968 0.0363 0.0380 0.1697 0.6591 
 421 0.1356 0.0490 0.1088 0.0907 0.6158 
 422 0.2908 0.0402 0.1257 0.3859 0.1575 
 423 0.1042 0.0467 0.2652 0.1307 0.4532 
 424 0.0609 0.0614 0.0496 0.1127 0.7155 
 425 0.0300 0.0748 0.5561 0.1107 0.2284 
 426 0.0417 0.0751 0.1381 0.0724 0.6727 
 427 0.5814 0.1105 0.0474 0.0568 0.2038 
 428 0.3592 0.1285 0.1219 0.2441 0.1463 
 429 0.2079 0.0251 0.1455 0.0443 0.5771 
 430 0.5371 0.0335 0.1125 0.0734 0.2434 
 431 0.0370 0.0596 0.1112 0.1355 0.6567 
 432 0.0269 0.0517 0.0829 0.1098 0.7286 
 433 0.0188 0.2697 0.0952 0.2391 0.3773 
 434 0.0376 0.0998 0.2871 0.1829 0.3927 
 435 0.6731 0.0273 0.0518 0.0489 0.1988 
 436 0.7177 0.0407 0.0437 0.0408 0.1571 
 437 0.0644 0.0320 0.6002 0.0592 0.2441 
 438 0.6828 0.0458 0.0276 0.0866 0.1572 
 439 0.7508 0.0380 0.0524 0.0386 0.1202 
 440 0.4526 0.0232 0.0801 0.0529 0.3912 
 441 0.3013 0.0982 0.1375 0.0775 0.3854 
 442 0.1829 0.0317 0.1714 0.0802 0.5338 
 443 0.1602 0.0278 0.0418 0.1088 0.6614 
 444 0.3173 0.0309 0.1574 0.0822 0.4122 
 445 0.5284 0.1164 0.1150 0.1075 0.1328 
 446 0.6724 0.0307 0.0700 0.0339 0.1930 
 447 0.3245 0.0644 0.1005 0.1226 0.3880 
 448 0.1425 0.0355 0.2431 0.0843 0.4947 
 449 0.1142 0.0585 0.2832 0.1081 0.4360 
 450 0.0445 0.0694 0.5798 0.0437 0.2626 
 451 0.0313 0.0228 0.0573 0.0705 0.8181 
 452 0.1050 0.0571 0.4753 0.0561 0.3065 
 453 0.0669 0.0597 0.0436 0.4005 0.4292 
 454 0.2028 0.0713 0.1979 0.0853 0.4427 
 455 0.7544 0.0271 0.0348 0.0448 0.1390 
 456 0.5372 0.0270 0.0747 0.1013 0.2597 
 457 0.3339 0.0364 0.3725 0.0568 0.2005 
 458 0.6055 0.0393 0.1553 0.0445 0.1554 
 459 0.2904 0.0899 0.0490 0.0536 0.5171 
 460 0.3059 0.0314 0.0531 0.0449 0.5647 
 461 0.0535 0.0339 0.0597 0.0332 0.8197 
 462 0.3426 0.0227 0.1086 0.0909 0.4352 
 463 0.4702 0.0504 0.0389 0.2450 0.1956 
 464 0.2906 0.0287 0.0455 0.0700 0.5651 
 465 0.1517 0.0387 0.0563 0.0682 0.6851 
 466 0.2253 0.0302 0.0439 0.1453 0.5553 
 467 0.3451 0.0622 0.0823 0.1155 0.3950 
 468 0.7235 0.0253 0.0733 0.0582 0.1197 
 469 0.8080 0.0290 0.0385 0.0331 0.0914 
 470 0.7332 0.0269 0.0364 0.0380 0.1655 
 471 0.0553 0.0331 0.2077 0.3506 0.3533 
 472 0.1565 0.0417 0.1572 0.1269 0.5176 
 473 0.1340 0.0610 0.2324 0.1424 0.4302 
 474 0.1600 0.0596 0.3357 0.1118 0.3329 
 475 0.1055 0.0668 0.0620 0.0782 0.6876 
 476 0.3061 0.0402 0.2496 0.0596 0.3445 
 477 0.0916 0.0590 0.0556 0.0677 0.7261 
 478 0.0518 0.0297 0.0389 0.0404 0.8391 
 479 0.2662 0.0286 0.1137 0.0456 0.5459 
 480 0.4627 0.0337 0.2588 0.0452 0.1996 
 481 0.0389 0.0312 0.4574 0.1739 0.2986 
 482 0.4533 0.0279 0.1181 0.0375 0.3632 
 483 0.7127 0.0379 0.0527 0.0410 0.1557 
 484 0.6773 0.0320 0.0346 0.1053 0.1509 
 485 0.7809 0.0273 0.0337 0.0378 0.1203 
 486 0.0237 0.0484 0.1965 0.3578 0.3736 
 487 0.0199 0.1075 0.4248 0.2010 0.2469 
 488 0.0187 0.0869 0.1836 0.2465 0.4644 
 489 0.0167 0.1195 0.3674 0.3602 0.1363 
 490 0.0292 0.0301 0.0710 0.1207 0.7490 
 491 0.0180 0.0961 0.1730 0.5198 0.1931 
 492 0.0172 0.2344 0.0636 0.3003 0.3845 
 493 0.0128 0.0581 0.3592 0.2948 0.2751 
 494 0.0226 0.0809 0.4232 0.2839 0.1894 
 495 0.0220 0.1520 0.1236 0.1416 0.5608 
 496 0.0289 0.2988 0.0661 0.3449 0.2612 
 497 0.0147 0.1268 0.3610 0.2498 0.2477 
 498 0.0337 0.0699 0.1306 0.2812 0.4846 
 499 0.0167 0.2102 0.4018 0.2202 0.1510 
 500 0.0181 0.0514 0.6128 0.1775 0.1402 
 501 0.0188 0.1783 0.3336 0.1698 0.2995 
 502 0.0200 0.2341 0.1565 0.1400 0.4494 
 503 0.0358 0.0360 0.6054 0.1120 0.2108 
 504 0.0231 0.0446 0.0492 0.1265 0.7566 
 505 0.0189 0.0669 0.1052 0.6482 0.1608 
 506 0.0219 0.1743 0.1239 0.2582 0.4217 
 507 0.0152 0.5276 0.0532 0.3222 0.0818 
 508 0.0130 0.4670 0.0856 0.3314 0.1029 
 509 0.0194 0.1234 0.0883 0.6007 0.1682 
 510 0.0149 0.1839 0.5164 0.1288 0.1560 
 511 0.0694 0.0464 0.3484 0.2168 0.3190 
 512 0.0265 0.0295 0.5186 0.0740 0.3514 
 513 0.0116 0.0518 0.0379 0.5179 0.3809 
 514 0.0226 0.0622 0.0509 0.1185 0.7458 
 515 0.1803 0.1418 0.2021 0.2123 0.2635 
 516 0.0237 0.0553 0.0512 0.2753 0.5945 
 517 0.1120 0.1334 0.0679 0.2581 0.4286 
 518 0.0162 0.2060 0.4382 0.1911 0.1484 
 519 0.0256 0.0640 0.0458 0.0975 0.7670 
 520 0.1963 0.2390 0.0614 0.3474 0.1558 
 521 0.0260 0.3479 0.0413 0.2025 0.3824 
 522 0.0541 0.0406 0.3604 0.3008 0.2440 
 523 0.0613 0.1515 0.0392 0.4149 0.3331 
 524 0.2701 0.0909 0.0939 0.2102 0.3348 
 525 0.0562 0.1772 0.4117 0.2044 0.1506 
 526 0.5373 0.0608 0.0365 0.2567 0.1087 
 527 0.0167 0.0447 0.4866 0.0845 0.3675 
 528 0.0157 0.4462 0.0463 0.3388 0.1530 
 529 0.0252 0.1193 0.2084 0.3769 0.2701 
 530 0.0480 0.0725 0.3997 0.2143 0.2656 
 531 0.0539 0.3841 0.1427 0.1817 0.2376 
 532 0.0163 0.2179 0.4039 0.1513 0.2107 
 533 0.0454 0.0582 0.4435 0.2626 0.1903 
 534 0.0179 0.0868 0.1033 0.5537 0.2383 
 535 0.0947 0.0607 0.0471 0.2958 0.5016 
 536 0.2042 0.1456 0.1156 0.3607 0.1739 
 537 0.0301 0.1762 0.0584 0.6136 0.1217 
 538 0.0290 0.1143 0.0531 0.6376 0.1661 
 539 0.0135 0.5170 0.0492 0.3331 0.0872 
 540 0.0480 0.1834 0.1085 0.4655 0.1945 
 541 0.0490 0.4996 0.0857 0.1859 0.1799 
 542 0.2778 0.0446 0.0787 0.4888 0.1102 
 543 0.0592 0.1695 0.0339 0.4012 0.3362 
 544 0.0488 0.0636 0.0568 0.6544 0.1764 
 545 0.4411 0.0321 0.0354 0.3158 0.1756 
 546 0.0471 0.0990 0.0770 0.6192 0.1578 
 547 0.0951 0.1292 0.0328 0.5412 0.2017 
 548 0.0129 0.1429 0.0681 0.6415 0.1347 
 549 0.2877 0.4127 0.0559 0.1531 0.0907 
 550 0.2816 0.0616 0.0489 0.3147 0.2932 
 551 0.0501 0.5902 0.0680 0.1409 0.1508 
 552 0.0206 0.0872 0.0748 0.7213 0.0962 
 553 0.0407 0.1517 0.0271 0.5969 0.1836 
 554 0.0416 0.1367 0.1880 0.1944 0.4393 
 555 0.0193 0.1699 0.0434 0.6485 0.1189 
 556 0.0254 0.0808 0.0555 0.6762 0.1621 
 557 0.5060 0.1011 0.0385 0.1314 0.2230 
 558 0.5202 0.0290 0.1023 0.0332 0.3153 
 559 0.0207 0.0437 0.0673 0.2299 0.6385 
 560 0.2774 0.0218 0.0434 0.0540 0.6035 
 561 0.0746 0.0300 0.0962 0.0982 0.7010 
 562 0.0385 0.0213 0.0830 0.1148 0.7424 
 563 0.0633 0.1443 0.0447 0.0778 0.6700 
 564 0.0224 0.0478 0.0841 0.4191 0.4267 
 565 0.5687 0.0347 0.1721 0.0501 0.1745 
 566 0.0516 0.0229 0.0516 0.0476 0.8263 
 567 0.0163 0.0308 0.0932 0.3818 0.4779 
 568 0.0809 0.0455 0.0502 0.1419 0.6815 
 569 0.0518 0.0466 0.1355 0.2028 0.5634 
 570 0.0903 0.0240 0.3293 0.0439 0.5126 
 571 0.0337 0.0360 0.0360 0.0645 0.8299 
 572 0.0751 0.1052 0.0706 0.5727 0.1764 
 573 0.0860 0.0481 0.0658 0.2776 0.5225 
 574 0.0471 0.1102 0.3940 0.1159 0.3328 
 575 0.0377 0.0818 0.0509 0.1098 0.7199 
 576 0.0328 0.0232 0.0609 0.0432 0.8399 
 577 0.0368 0.1012 0.3192 0.0996 0.4432 
 578 0.0595 0.0368 0.0622 0.0760 0.7654 
 579 0.0577 0.0345 0.1237 0.1177 0.6664 
 580 0.1146 0.0603 0.3056 0.0808 0.4388 
 581 0.1483 0.0461 0.1091 0.0600 0.6365 
 582 0.2760 0.0259 0.1091 0.0657 0.5233 
 583 0.0278 0.0365 0.1128 0.0581 0.7648 
 584 0.0386 0.0278 0.0787 0.0452 0.8098 
 585 0.0562 0.0322 0.1036 0.0717 0.7364 
 586 0.0249 0.0438 0.0390 0.1083 0.7840 
 587 0.0486 0.0257 0.2316 0.1461 0.5480 
 588 0.0123 0.0302 0.0362 0.8127 0.1086 
 589 0.1567 0.0287 0.1403 0.1170 0.5573 
 590 0.0153 0.0332 0.0780 0.1058 0.7677 
 591 0.0274 0.0396 0.0467 0.0688 0.8175 
 592 0.0477 0.0283 0.0534 0.2032 0.6674 
 593 0.0724 0.0546 0.0724 0.1286 0.6720 
 594 0.0272 0.0894 0.1048 0.0959 0.6827 
 595 0.0146 0.0233 0.6146 0.0731 0.2745 
 596 0.0682 0.0484 0.0615 0.3779 0.4441 
 597 0.0262 0.1797 0.0303 0.1192 0.6446 
 598 0.1710 0.0270 0.3560 0.0378 0.4081 
 599 0.0311 0.0233 0.0568 0.0872 0.8015 
 600 0.1610 0.0743 0.2214 0.1353 0.4080 
 601 0.0847 0.0244 0.0691 0.0790 0.7428 
 602 0.0248 0.1093 0.1813 0.3173 0.3674 
 603 0.0210 0.1070 0.0894 0.2595 0.5230 
 604 0.2543 0.0754 0.3750 0.1265 0.1687 
 605 0.0714 0.0448 0.0990 0.1690 0.6158 
 606 0.0397 0.1064 0.1939 0.3868 0.2732 
 607 0.0464 0.2192 0.3231 0.1750 0.2363 
 608 0.0699 0.4445 0.1220 0.1021 0.2615 
 609 0.1063 0.0604 0.3073 0.1002 0.4259 
 610 0.5417 0.0451 0.0824 0.1359 0.1949 
 611 0.0327 0.1135 0.0832 0.2731 0.4975 
 612 0.5419 0.0409 0.1932 0.0620 0.1621 
 613 0.0549 0.0541 0.3383 0.2196 0.3331 
 614 0.0489 0.0281 0.7499 0.0645 0.1087 
 615 0.2263 0.0596 0.4702 0.1210 0.1229 
 616 0.0275 0.1624 0.2645 0.1685 0.3771 
 617 0.0450 0.0357 0.3621 0.1380 0.4191 
 618 0.2734 0.1218 0.3695 0.1307 0.1045 
 619 0.0946 0.1089 0.0541 0.2819 0.4605 
 620 0.0376 0.0220 0.0412 0.2423 0.6569 
 621 0.0401 0.0385 0.1437 0.0513 0.7264 
 622 0.1139 0.0883 0.3980 0.2396 0.1603 
 623 0.0331 0.0391 0.0943 0.1699 0.6636 
 624 0.3643 0.1507 0.2663 0.0714 0.1473 
 625 0.0412 0.0951 0.5229 0.0777 0.2631 
 626 0.2337 0.3065 0.1521 0.2174 0.0903 
 627 0.0400 0.0529 0.1254 0.1748 0.6070 
 628 0.0269 0.0542 0.1469 0.2857 0.4864 
 629 0.0194 0.0651 0.3445 0.1770 0.3940 
 630 0.0836 0.0488 0.5117 0.1005 0.2554 
 631 0.0353 0.0489 0.5218 0.1278 0.2661 
 632 0.0265 0.1533 0.1372 0.5301 0.1529 
 633 0.1040 0.0993 0.4041 0.1038 0.2888 
 634 0.0480 0.1388 0.1724 0.3055 0.3353 
 635 0.0396 0.3957 0.1692 0.2266 0.1690 
 636 0.0610 0.2228 0.3331 0.0975 0.2856 
 637 0.0483 0.0665 0.1340 0.5242 0.2270 
 638 0.0272 0.1004 0.2921 0.1827 0.3975 
 639 0.0501 0.0706 0.5830 0.1176 0.1787 
 640 0.0303 0.0525 0.0889 0.0618 0.7665 
 641 0.0215 0.0594 0.5243 0.1402 0.2547 
 642 0.0493 0.4189 0.0654 0.2511 0.2153 
 643 0.0221 0.7467 0.0362 0.0709 0.1241 
 644 0.0215 0.5483 0.0579 0.1428 0.2295 
 645 0.2322 0.4280 0.1401 0.1294 0.0701 
 646 0.0436 0.1004 0.0789 0.3948 0.3823 
 647 0.0310 0.3329 0.0600 0.2086 0.3675 
 648 0.0237 0.2022 0.3129 0.3398 0.1215 
 649 0.0220 0.1104 0.0448 0.6339 0.1888 
 650 0.0254 0.1341 0.0523 0.3687 0.4194 
 651 0.0153 0.3746 0.1176 0.1829 0.3096 
 652 0.0258 0.5686 0.0583 0.1589 0.1884 
 653 0.0377 0.3050 0.2195 0.3052 0.1327 
 654 0.0282 0.2603 0.0771 0.5112 0.1232 
 655 0.0381 0.5089 0.0324 0.0832 0.3375 
 656 0.0348 0.1650 0.1339 0.5020 0.1643 
 657 0.0511 0.1594 0.4492 0.1068 0.2334 
 658 0.0669 0.2021 0.0576 0.1732 0.5003 
 659 0.0301 0.4169 0.1616 0.2449 0.1464 
 660 0.0175 0.4349 0.0559 0.3417 0.1501 
 661 0.0481 0.4974 0.0622 0.2808 0.1114 
 662 0.0204 0.0742 0.0340 0.6886 0.1828 
 663 0.0197 0.3651 0.0903 0.3588 0.1662 
 664 0.1488 0.2121 0.0513 0.0918 0.4960 
 665 0.0162 0.0898 0.0512 0.6685 0.1742 
 666 0.0336 0.3409 0.0590 0.3810 0.1855 
 667 0.0332 0.0949 0.0954 0.2269 0.5495 
 668 0.0507 0.4210 0.0795 0.2027 0.2462 
 669 0.0241 0.1793 0.1382 0.4790 0.1794 
 670 0.0139 0.7329 0.0364 0.1367 0.0800 
 671 0.0202 0.5476 0.0387 0.2502 0.1432 
 672 0.0472 0.6575 0.0255 0.0725 0.1972 
 673 0.0117 0.8427 0.0412 0.0446 0.0598 
 674 0.0221 0.5753 0.0847 0.2100 0.1079 
 675 0.0137 0.7709 0.0304 0.0681 0.1168 
 676 0.0126 0.8464 0.0327 0.0490 0.0594 
 677 0.0144 0.4608 0.0318 0.4256 0.0674 
 678 0.0123 0.8440 0.0400 0.0397 0.0639 
 679 0.0184 0.7120 0.0951 0.0712 0.1033 
 680 0.0233 0.7441 0.0714 0.0875 0.0738 
 681 0.0788 0.2391 0.1221 0.3786 0.1814 
 682 0.0258 0.7753 0.0550 0.0672 0.0767 
 683 0.0147 0.7621 0.0326 0.1159 0.0746 
 684 0.0126 0.8369 0.0388 0.0472 0.0645 
 685 0.0115 0.8482 0.0293 0.0539 0.0571 
 686 0.0315 0.4755 0.0542 0.3476 0.0912 
 687 0.0184 0.5125 0.0357 0.3069 0.1265 
 688 0.0159 0.7768 0.0332 0.0766 0.0976 
 689 0.0117 0.8475 0.0332 0.0512 0.0565 
 690 0.0120 0.8470 0.0335 0.0486 0.0589 
 691 0.0210 0.6851 0.0786 0.1153 0.1000 
 692 0.0158 0.7857 0.0500 0.0541 0.0944 
 693 0.0224 0.7872 0.0324 0.0503 0.1077 
 694 0.0113 0.8517 0.0266 0.0560 0.0544 
 695 0.0240 0.7908 0.0298 0.0802 0.0752 
 696 0.0162 0.7789 0.0329 0.0757 0.0963 
 697 0.0134 0.8189 0.0361 0.0723 0.0592 
 698 0.0126 0.8357 0.0336 0.0575 0.0606 
 699 0.0254 0.6341 0.0280 0.2375 0.0750 
 700 0.0563 0.7129 0.0312 0.1055 0.0940 
 701 0.0272 0.6881 0.0945 0.0972 0.0931 
 702 0.0398 0.6360 0.0499 0.1436 0.1308 
 703 0.0254 0.7574 0.0565 0.0831 0.0775 
 704 0.0165 0.7544 0.0294 0.1078 0.0920 
 705 0.0751 0.3486 0.0706 0.3791 0.1267 
 706 0.0254 0.7487 0.0539 0.1010 0.0711 
 707 0.0131 0.7821 0.0442 0.0991 0.0614 
 708 0.0125 0.8132 0.0369 0.0765 0.0608 
 709 0.0205 0.7907 0.0281 0.0965 0.0642 
 710 0.0123 0.8479 0.0288 0.0557 0.0553 
 711 0.0251 0.6205 0.0508 0.2285 0.0752 
 712 0.0132 0.6366 0.0280 0.2643 0.0580 
 713 0.0149 0.7750 0.0294 0.0863 0.0944 
 714 0.0195 0.6366 0.1102 0.1238 0.1098 
 715 0.0133 0.7790 0.0266 0.1248 0.0563 
 716 0.0256 0.7861 0.0431 0.0780 0.0673 
 717 0.0124 0.8388 0.0272 0.0666 0.0550 
 718 0.0231 0.6195 0.0651 0.2118 0.0805 
 719 0.0140 0.8087 0.0262 0.0913 0.0598 
 720 0.0301 0.0381 0.1504 0.0958 0.6856 
 721 0.0414 0.4705 0.1910 0.1505 0.1465 
 722 0.0455 0.0662 0.3808 0.1377 0.3698 
 723 0.0194 0.0497 0.6994 0.0697 0.1617 
 724 0.0274 0.1429 0.5524 0.0937 0.1836 
 725 0.0184 0.2137 0.1641 0.1976 0.4062 
 726 0.0328 0.0973 0.4412 0.2031 0.2256 
 727 0.0238 0.1625 0.1721 0.4230 0.2186 
 728 0.1426 0.0232 0.6385 0.0525 0.1433 
 729 0.0537 0.0258 0.6948 0.0488 0.1769 
 730 0.0221 0.0381 0.5231 0.0808 0.3359 
 731 0.0552 0.0550 0.6004 0.0644 0.2250 
 732 0.0198 0.0501 0.6974 0.0698 0.1629 
 733 0.0273 0.0352 0.7456 0.0446 0.1474 
 734 0.0489 0.0248 0.5097 0.0438 0.3728 
 735 0.0253 0.0364 0.8006 0.0383 0.0994 
 736 0.0609 0.0450 0.1797 0.0560 0.6584 
 737 0.0444 0.0484 0.4205 0.1416 0.3451 
 738 0.0233 0.0405 0.6237 0.0679 0.2446 
 739 0.0338 0.0328 0.7341 0.0439 0.1554 
 740 0.0156 0.5722 0.2369 0.0919 0.0834 
 741 0.0361 0.4893 0.1607 0.1502 0.1637 
 742 0.0249 0.1544 0.0715 0.0422 0.7070 
 743 0.0174 0.0861 0.3721 0.1217 0.4027 
 744 0.0356 0.0803 0.0602 0.3860 0.4379 
 745 0.0330 0.0329 0.0902 0.0968 0.7472 
 746 0.0231 0.1849 0.2818 0.1711 0.3391 
 747 0.0135 0.0689 0.1220 0.1736 0.6220 
 748 0.0217 0.4529 0.0510 0.1030 0.3715 
 749 0.0352 0.1233 0.1248 0.3154 0.4014 
 750 0.0189 0.0768 0.1877 0.2676 0.4490 
 751 0.0208 0.4466 0.0680 0.1171 0.3476 
 752 0.0194 0.0789 0.1295 0.1929 0.5794 
 753 0.0241 0.1317 0.4150 0.1894 0.2398 
 754 0.0150 0.3972 0.2830 0.0971 0.2078 
 755 0.0155 0.1548 0.4432 0.1264 0.2601 
 756 0.0267 0.2406 0.0332 0.1355 0.5639 
 757 0.0159 0.1391 0.0826 0.1064 0.6560 
 758 0.0204 0.0346 0.0762 0.0988 0.7700 
 759 0.0189 0.3924 0.2367 0.1544 0.1976 
 760 0.0254 0.0848 0.5660 0.0715 0.2523 
 761 0.0164 0.1533 0.5808 0.1299 0.1197 
 762 0.0260 0.0472 0.5309 0.0489 0.3471 
 763 0.0242 0.1303 0.4132 0.1895 0.2428 
 764 0.0181 0.0945 0.1791 0.1218 0.5865 
 765 0.0171 0.0478 0.5759 0.1254 0.2337 
 766 0.0153 0.2947 0.1015 0.0973 0.4911 
 767 0.0348 0.2502 0.0493 0.1154 0.5503 
 768 0.0242 0.0479 0.5801 0.0504 0.2973 
 769 0.0355 0.2008 0.4176 0.0755 0.2706 
 770 0.0262 0.0400 0.2456 0.0551 0.6332 
 771 0.0207 0.1024 0.0768 0.6012 0.1989 
 772 0.0313 0.2786 0.0930 0.1178 0.4793 
 773 0.0154 0.0911 0.2856 0.1308 0.4771 
 774 0.0125 0.3475 0.2500 0.2033 0.1866 
 775 0.0617 0.0880 0.2873 0.0513 0.5117 
 776 0.0201 0.0500 0.0487 0.0746 0.8066 
 777 0.0243 0.0938 0.1127 0.2893 0.4799 
 778 0.0132 0.1456 0.1020 0.3770 0.3622 
 779 0.0218 0.1631 0.1945 0.1049 0.5158 
 780 0.0220 0.4278 0.0869 0.1164 0.3468 
 781 0.0129 0.0894 0.0969 0.6961 0.1046 
 782 0.0226 0.1585 0.1982 0.1074 0.5132 
 783 0.0177 0.2455 0.1360 0.0772 0.5236 
 784 0.0250 0.0757 0.0904 0.0663 0.7426 
 785 0.0187 0.1701 0.1907 0.0957 0.5248 
 786 0.0166 0.4278 0.1005 0.0777 0.3774 
 787 0.0161 0.3723 0.0457 0.2671 0.2989 
 788 0.0314 0.0971 0.2426 0.0926 0.5362 
 789 0.0280 0.0877 0.0763 0.0553 0.7527 
 790 0.0215 0.2314 0.4066 0.0920 0.2485 
 791 0.0197 0.1363 0.0606 0.0861 0.6972 
 792 0.0182 0.3836 0.0807 0.2892 0.2283 
 793 0.0603 0.2886 0.1330 0.3695 0.1487 
 794 0.0260 0.1700 0.1328 0.1638 0.5074 
 795 0.0414 0.4684 0.1592 0.1735 0.1575 
 796 0.0334 0.1789 0.0321 0.0835 0.6721 
 797 0.0405 0.4667 0.0622 0.3018 0.1288 
 798 0.6899 0.0249 0.0295 0.0911 0.1646 
 799 0.0324 0.0684 0.0518 0.1123 0.7351 
 800 0.0196 0.4462 0.0278 0.3071 0.1993 
 801 0.5653 0.0541 0.0501 0.1205 0.2100 
 802 0.2120 0.2212 0.0980 0.2664 0.2024 
 803 0.0482 0.3106 0.1333 0.3162 0.1918 
 804 0.0851 0.1048 0.0679 0.4366 0.3057 
 805 0.0228 0.7623 0.0308 0.0709 0.1132 
 806 0.4246 0.0934 0.1080 0.2554 0.1186 
 807 0.0273 0.4989 0.0555 0.3335 0.0847 
 808 0.0321 0.2803 0.0407 0.4976 0.1493 
 809 0.4397 0.0562 0.0374 0.3176 0.1490 
 810 0.0872 0.1836 0.2144 0.2055 0.3094 
 811 0.0466 0.3234 0.0507 0.4298 0.1494 
 812 0.0401 0.0320 0.0361 0.7214 0.1705 
 813 0.6883 0.0276 0.0289 0.0684 0.1868 
 814 0.0251 0.0420 0.0377 0.6590 0.2362 
 815 0.6292 0.1175 0.0401 0.1112 0.1020 
 816 0.1852 0.2917 0.0525 0.1727 0.2978 
 817 0.2086 0.2219 0.0986 0.2652 0.2056 
 818 0.0426 0.0717 0.0393 0.0561 0.7902 
 819 0.0195 0.1671 0.0789 0.2571 0.4775 
 820 0.0281 0.1694 0.0400 0.1792 0.5832 
 821 0.0222 0.0985 0.2478 0.0483 0.5832 
 822 0.0164 0.0249 0.5797 0.1105 0.2685 
 823 0.0393 0.2013 0.1989 0.0423 0.5182 
 824 0.0194 0.1542 0.1315 0.1248 0.5700 
 825 0.0271 0.0476 0.3041 0.0949 0.5263 
 826 0.0209 0.0377 0.0456 0.0636 0.8322 
 827 0.0255 0.0509 0.2204 0.0528 0.6503 
 828 0.0141 0.0558 0.7303 0.0709 0.1289 
 829 0.0519 0.0861 0.3547 0.1343 0.3729 
 830 0.0175 0.0332 0.5915 0.0438 0.3141 
 831 0.0194 0.0748 0.6349 0.1291 0.1418 
 832 0.0920 0.1413 0.1088 0.1318 0.5262 
 833 0.0864 0.1532 0.0602 0.0617 0.6386 
 834 0.0416 0.1192 0.3549 0.1239 0.3604 
 835 0.0309 0.0377 0.0384 0.0725 0.8205 
 836 0.0951 0.0775 0.0573 0.0819 0.6882 
 837 0.0677 0.2042 0.3357 0.1362 0.2562 
 838 0.0535 0.0409 0.0563 0.0931 0.7562 
 839 0.0250 0.0608 0.2975 0.0482 0.5685 
 840 0.0219 0.1113 0.0755 0.5161 0.2753 
 841 0.0214 0.0990 0.0591 0.1533 0.6673 
 842 0.0162 0.0290 0.0473 0.0447 0.8629 
 843 0.0348 0.2831 0.0687 0.2958 0.3176 
 844 0.0424 0.1302 0.3812 0.1855 0.2607 
 845 0.0229 0.0473 0.1193 0.0535 0.7570 
 846 0.0159 0.1109 0.1526 0.0819 0.6387 
 847 0.0120 0.1672 0.3095 0.1924 0.3189 
 848 0.0197 0.0933 0.0352 0.0976 0.7541 
 849 0.0163 0.0688 0.1528 0.0859 0.6763 
 850 0.0508 0.0533 0.1018 0.0511 0.7431 
 851 0.0182 0.0473 0.0436 0.0639 0.8270 
 852 0.0158 0.3508 0.4345 0.0612 0.1378 
 853 0.0535 0.0461 0.1037 0.0409 0.7557 
 854 0.0248 0.2035 0.4860 0.0636 0.2221 
 855 0.0187 0.0827 0.1523 0.0975 0.6488 
 856 0.0227 0.1290 0.2330 0.1808 0.4345 
 857 0.0449 0.0578 0.1434 0.2360 0.5179 
 858 0.0157 0.0463 0.3097 0.0971 0.5312 
 859 0.0249 0.0471 0.2482 0.0548 0.6251 
 860 0.0257 0.0457 0.0438 0.0887 0.7961 
 861 0.0150 0.3878 0.0857 0.2801 0.2314 
 862 0.6098 0.0309 0.1764 0.0418 0.1411 
 863 0.0377 0.0561 0.7278 0.0832 0.0951 
 864 0.2832 0.0685 0.5026 0.0480 0.0976 
 865 0.5854 0.0227 0.0861 0.0488 0.2570 
 866 0.0247 0.0353 0.3077 0.0857 0.5466 
 867 0.4957 0.0585 0.2868 0.0721 0.0868 
 868 0.2012 0.0323 0.5588 0.0874 0.1202 
 869 0.0274 0.0392 0.3155 0.0719 0.5459 
 870 0.2537 0.0261 0.1320 0.1359 0.4523 
 871 0.5905 0.0275 0.0631 0.0516 0.2674 
 872 0.0338 0.0347 0.7506 0.0454 0.1355 
 873 0.6781 0.0466 0.0892 0.0503 0.1358 
 874 0.6525 0.0275 0.1173 0.0527 0.1500 
 875 0.0947 0.0428 0.1870 0.1853 0.4902 
 876 0.0389 0.0346 0.0902 0.1343 0.7019 
 877 0.6477 0.0395 0.1498 0.0445 0.1185 
 878 0.0546 0.0475 0.5063 0.1539 0.2376 
 879 0.0565 0.0427 0.7555 0.0463 0.0990 
 880 0.1203 0.0312 0.0825 0.1422 0.6237 
 881 0.1705 0.0395 0.6203 0.0610 0.1086 
 882 0.0268 0.0365 0.7968 0.0388 0.1011 
 883 0.0271 0.0393 0.4204 0.1770 0.3362 
 884 0.2769 0.0239 0.2386 0.0465 0.4141 
 885 0.5001 0.0584 0.0876 0.2344 0.1195 
 886 0.0305 0.0438 0.7465 0.0524 0.1268 
 887 0.1507 0.0272 0.4941 0.0559 0.2723 
 888 0.2410 0.0953 0.1392 0.3019 0.2226 
 889 0.6671 0.0223 0.0652 0.0466 0.1987 
 890 0.1043 0.0249 0.1878 0.0753 0.6077 
 891 0.0280 0.0374 0.0339 0.0942 0.8063 
 892 0.0165 0.0451 0.0883 0.2076 0.6425 
 893 0.0547 0.0594 0.0885 0.2895 0.5078 
 894 0.0557 0.0276 0.0619 0.0399 0.8149 
 895 0.2722 0.0311 0.2742 0.0623 0.3602 
 896 0.0231 0.0693 0.0436 0.1712 0.6928 
 897 0.0157 0.0448 0.3019 0.2486 0.3890 
 898 0.0588 0.0718 0.3183 0.1619 0.3892 
 899 0.0365 0.0231 0.0549 0.0382 0.8473 
 900 0.0229 0.0347 0.0316 0.0799 0.8309 
 901 0.0260 0.0382 0.0486 0.0676 0.8196 
 902 0.0221 0.0422 0.0569 0.5083 0.3704 
 903 0.0324 0.0369 0.3778 0.0909 0.4620 
 904 0.0290 0.0517 0.6174 0.1267 0.1751 
 905 0.0289 0.0268 0.3028 0.0508 0.5907 
 906 0.0665 0.0438 0.0714 0.1029 0.7154 
 907 0.0313 0.0618 0.0720 0.0671 0.7678 
 908 0.0328 0.0473 0.1463 0.0652 0.7084 
 909 0.0705 0.0498 0.0667 0.1213 0.6916 
 910 0.0287 0.0472 0.0375 0.1060 0.7805 
 911 0.0909 0.0240 0.1101 0.0489 0.7261 
 912 0.0348 0.0304 0.0951 0.0551 0.7846 
 913 0.0409 0.0267 0.1376 0.0745 0.7202 
 914 0.0634 0.1795 0.1411 0.0833 0.5327 
 915 0.0786 0.0227 0.0569 0.0486 0.7931 
 916 0.0167 0.0315 0.0679 0.0639 0.8200 
 917 0.0465 0.0335 0.1107 0.0644 0.7449 
 918 0.1102 0.1528 0.2269 0.1048 0.4052 
 919 0.1111 0.0682 0.1852 0.0784 0.5572 
 920 0.0257 0.0567 0.0496 0.0514 0.8165 
 921 0.0443 0.2648 0.0432 0.2600 0.3877 
 922 0.0239 0.0407 0.0551 0.6342 0.2461 
 923 0.0159 0.0572 0.0492 0.6657 0.2120 
 924 0.0259 0.0426 0.0297 0.4639 0.4378 
 925 0.0322 0.0742 0.0426 0.3997 0.4513 
 926 0.0167 0.0687 0.0237 0.7614 0.1295 
 927 0.0291 0.0867 0.0451 0.7062 0.1330 
 928 0.0114 0.1025 0.0384 0.7668 0.0808 
 929 0.0122 0.0408 0.0449 0.7850 0.1170 
 930 0.0406 0.0717 0.0370 0.4890 0.3617 
 931 0.4094 0.1797 0.0262 0.3041 0.0806 
 932 0.0231 0.0316 0.0316 0.7648 0.1489 
 933 0.0152 0.3243 0.0433 0.4773 0.1399 
 934 0.0135 0.0255 0.0330 0.7771 0.1509 
 935 0.0682 0.0433 0.0341 0.7258 0.1287 
 936 0.0269 0.0300 0.0341 0.8096 0.0994 
 937 0.0462 0.0566 0.0266 0.7801 0.0904 
 938 0.0146 0.0812 0.0230 0.8035 0.0777 
 939 0.0392 0.0910 0.0255 0.7577 0.0865 
 940 0.0190 0.0610 0.0432 0.7592 0.1175 
 941 0.0824 0.0379 0.0385 0.5190 0.3222 
 942 0.0239 0.2055 0.0725 0.4804 0.2177 
 943 0.0487 0.1071 0.0228 0.7436 0.0777 
 944 0.0186 0.0572 0.0492 0.8026 0.0724 
 945 0.0194 0.0536 0.0500 0.7124 0.1645 
 946 0.0186 0.0433 0.0355 0.7722 0.1303 
 947 0.0352 0.0991 0.0198 0.6895 0.1563 
 948 0.3227 0.0270 0.0420 0.5073 0.1009 
 949 0.1377 0.0268 0.0494 0.5510 0.2351 
 950 0.0163 0.0522 0.0215 0.8321 0.0779 
 951 0.0254 0.0774 0.0460 0.7011 0.1501 
 952 0.0221 0.0358 0.0351 0.7912 0.1158 
 953 0.0938 0.0588 0.0443 0.5193 0.2838 
 954 0.1060 0.0431 0.0388 0.6416 0.1704 
 955 0.0260 0.7168 0.0479 0.1380 0.0713 
 956 0.0183 0.5731 0.0404 0.2852 0.0830 
 957 0.0399 0.2790 0.1250 0.3817 0.1745 
 958 0.0239 0.0829 0.1133 0.2187 0.5613 
 959 0.0150 0.1316 0.1053 0.5614 0.1866 
 960 0.0685 0.1185 0.2121 0.0994 0.5016 
 961 0.0115 0.8473 0.0293 0.0539 0.0581 
 962 0.0125 0.0551 0.0463 0.6485 0.2375 
 963 0.0315 0.0937 0.0948 0.2270 0.5531 
 964 0.0161 0.1262 0.3836 0.1402 0.3339 
 965 0.0186 0.2374 0.0826 0.4306 0.2308 
 966 0.0468 0.2297 0.1240 0.3255 0.2740 
 967 0.0251 0.7136 0.0598 0.1254 0.0760 
 968 0.0153 0.0742 0.0680 0.5729 0.2696 
 969 0.0510 0.2549 0.3822 0.1259 0.1859 
 970 0.0188 0.5551 0.0853 0.2321 0.1087 
 971 0.0156 0.1000 0.0553 0.6373 0.1918 
 972 0.0434 0.1844 0.2645 0.3094 0.1982 
 973 0.0176 0.2449 0.0431 0.5308 0.1635 
 974 0.0208 0.0943 0.4857 0.1726 0.2266 
 975 0.0516 0.2579 0.3779 0.1236 0.1889 
