   1 0.0114 0.0094 0.0499 0.1747 0.0934 0.1049 0.2934 0.2629 
   2 0.0067 0.0052 0.0147 0.0714 0.0817 0.5644 0.1079 0.1481 
   3 0.0140 0.0120 0.0450 0.0490 0.0926 0.1257 0.2602 0.4016 
   4 0.0164 0.0185 0.0328 0.0432 0.1172 0.1250 0.5205 0.1264 
   5 0.0074 0.0074 0.0159 0.1229 0.1029 0.4391 0.1157 0.1887 
   6 0.0077 0.0103 0.0157 0.0419 0.0869 0.1228 0.1368 0.5778 
   7 0.0103 0.0101 0.0141 0.0643 0.3305 0.0996 0.1159 0.3551 
   8 0.0179 0.0650 0.0261 0.0570 0.1277 0.0951 0.3521 0.2592 
   9 0.0093 0.0232 0.0219 0.0891 0.0922 0.2610 0.1965 0.3068 
  10 0.0091 0.0159 0.0136 0.0922 0.1125 0.1079 0.2510 0.3979 
  11 0.0111 0.0062 0.0152 0.1377 0.2536 0.0995 0.1123 0.3644 
  12 0.0070 0.0086 0.0179 0.0839 0.1074 0.4085 0.1691 0.1977 
  13 0.0088 0.0118 0.0240 0.0751 0.1374 0.2442 0.1796 0.3191 
  14 0.0166 0.0058 0.0547 0.0502 0.0779 0.3711 0.1982 0.2254 
  15 0.0247 0.0088 0.0259 0.0581 0.1526 0.2029 0.3328 0.1941 
  16 0.0099 0.0064 0.0271 0.1079 0.0915 0.1004 0.1538 0.5029 
  17 0.0109 0.0266 0.0386 0.1003 0.1031 0.1930 0.1758 0.3517 
  18 0.0207 0.0203 0.0291 0.0538 0.0714 0.2847 0.2067 0.3133 
  19 0.0081 0.0092 0.0140 0.0704 0.1020 0.1559 0.1591 0.4813 
  20 0.0182 0.0082 0.0241 0.0994 0.2187 0.1967 0.1954 0.2393 
  21 0.0101 0.0068 0.0353 0.0882 0.0750 0.2528 0.3186 0.2131 
  22 0.0076 0.0163 0.0224 0.0554 0.0716 0.1302 0.1966 0.4998 
  23 0.0222 0.0128 0.0629 0.0680 0.0961 0.2281 0.3428 0.1670 
  24 0.0101 0.0073 0.0253 0.1305 0.0832 0.1202 0.3017 0.3216 
  25 0.0147 0.0094 0.0220 0.0668 0.1942 0.1943 0.0934 0.4051 
  26 0.0123 0.0165 0.0213 0.0876 0.0965 0.2029 0.2712 0.2917 
  27 0.0086 0.0094 0.0408 0.0978 0.0875 0.1778 0.1931 0.3850 
  28 0.0101 0.0079 0.0222 0.0710 0.1499 0.1451 0.3640 0.2297 
  29 0.0071 0.0054 0.0222 0.1300 0.1711 0.2654 0.1580 0.2409 
  30 0.0087 0.0076 0.0289 0.0804 0.0665 0.1627 0.1596 0.4856 
  31 0.0087 0.0360 0.0359 0.1153 0.1496 0.2174 0.2120 0.2251 
  32 0.0145 0.0078 0.0243 0.0443 0.1014 0.2120 0.2860 0.3098 
  33 0.0092 0.0075 0.0341 0.0636 0.1280 0.1309 0.2637 0.3630 
  34 0.0129 0.0139 0.0207 0.1066 0.2315 0.0818 0.1647 0.3680 
  35 0.0069 0.0246 0.0617 0.1227 0.0783 0.2866 0.1325 0.2867 
  36 0.0491 0.0063 0.1843 0.1404 0.0728 0.1908 0.1347 0.2215 
  37 0.0076 0.0126 0.0293 0.0521 0.0946 0.3113 0.2798 0.2127 
  38 0.2297 0.0063 0.0459 0.1080 0.1655 0.1338 0.0981 0.2128 
  39 0.0172 0.0106 0.0572 0.0920 0.1463 0.2172 0.1400 0.3195 
  40 0.0128 0.0056 0.2095 0.0649 0.0572 0.2221 0.2143 0.2137 
  41 0.0128 0.0103 0.3170 0.0837 0.1177 0.1126 0.1019 0.2440 
  42 0.0279 0.0059 0.1485 0.1246 0.0719 0.0935 0.3680 0.1597 
  43 0.0070 0.0123 0.2116 0.0510 0.1048 0.2575 0.1889 0.1669 
  44 0.0058 0.0129 0.2975 0.0447 0.0766 0.2152 0.1015 0.2457 
  45 0.0317 0.0063 0.0993 0.1556 0.0807 0.3174 0.0999 0.2091 
  46 0.0086 0.0227 0.0539 0.0674 0.1120 0.2276 0.1381 0.3697 
  47 0.0066 0.0494 0.0394 0.0963 0.0931 0.2208 0.1714 0.3232 
  48 0.0089 0.0175 0.2515 0.0526 0.0579 0.2864 0.1171 0.2082 
  49 0.0104 0.0139 0.0638 0.1601 0.0953 0.2211 0.1650 0.2704 
  50 0.0090 0.0191 0.0355 0.0579 0.1555 0.1690 0.1489 0.4050 
  51 0.0238 0.0050 0.5011 0.0737 0.0619 0.1334 0.0897 0.1113 
  52 0.0087 0.0131 0.0745 0.1224 0.1541 0.1184 0.1806 0.3281 
  53 0.0768 0.0110 0.0497 0.0569 0.1223 0.1345 0.1714 0.3774 
  54 0.0055 0.0150 0.0481 0.0845 0.0824 0.4181 0.1791 0.1672 
  55 0.0074 0.0098 0.1072 0.0561 0.0792 0.4575 0.1426 0.1402 
  56 0.0190 0.0113 0.0658 0.1067 0.0638 0.2987 0.1818 0.2528 
  57 0.0102 0.0368 0.0181 0.0957 0.1161 0.1142 0.3123 0.2967 
  58 0.0154 0.0069 0.0803 0.1279 0.0914 0.3182 0.1664 0.1935 
  59 0.0623 0.0071 0.0774 0.2152 0.0938 0.1943 0.1453 0.2046 
  60 0.0200 0.0061 0.1864 0.0739 0.0824 0.2265 0.2424 0.1623 
  61 0.0060 0.0049 0.1244 0.0575 0.0680 0.4501 0.1925 0.0966 
  62 0.0080 0.0202 0.0236 0.2227 0.0927 0.2192 0.1522 0.2614 
  63 0.0102 0.0055 0.0637 0.0671 0.1713 0.2405 0.2289 0.2128 
  64 0.0219 0.0098 0.0193 0.1021 0.0863 0.2302 0.1100 0.4205 
  65 0.0078 0.0078 0.0217 0.0647 0.2927 0.2508 0.0908 0.2637 
  66 0.0080 0.0061 0.0258 0.0527 0.1260 0.3648 0.2663 0.1503 
  67 0.0061 0.0085 0.1342 0.0624 0.0843 0.4391 0.1159 0.1496 
  68 0.0618 0.0090 0.1006 0.1728 0.0895 0.1978 0.1701 0.1984 
  69 0.1560 0.0121 0.0970 0.1685 0.1171 0.1070 0.1645 0.1777 
  70 0.0184 0.0055 0.2066 0.0752 0.1886 0.1158 0.2095 0.1803 
  71 0.0419 0.0070 0.1529 0.1614 0.0976 0.2568 0.0863 0.1963 
  72 0.0138 0.0078 0.0717 0.1242 0.0939 0.1718 0.1150 0.4018 
  73 0.0117 0.0066 0.0832 0.1363 0.1042 0.4157 0.1020 0.1404 
  74 0.0551 0.0064 0.1162 0.1400 0.0645 0.1821 0.2213 0.2145 
  75 0.0302 0.0072 0.1097 0.1521 0.0546 0.1880 0.2940 0.1642 
  76 0.0072 0.0073 0.0996 0.0447 0.1977 0.2988 0.1426 0.2020 
  77 0.0391 0.0057 0.1914 0.1186 0.1519 0.1770 0.1047 0.2117 
  78 0.1590 0.0064 0.1519 0.1128 0.1443 0.1343 0.1123 0.1792 
  79 0.0102 0.0064 0.0140 0.0565 0.1939 0.2082 0.1300 0.3809 
  80 0.0080 0.0068 0.0164 0.0413 0.1240 0.1475 0.5063 0.1498 
  81 0.0087 0.0074 0.0131 0.0410 0.1634 0.1637 0.4047 0.1980 
  82 0.0084 0.0064 0.0340 0.0901 0.1328 0.3407 0.2241 0.1636 
  83 0.0168 0.0063 0.0259 0.0343 0.1836 0.1811 0.3127 0.2392 
  84 0.0090 0.0058 0.0163 0.0405 0.2025 0.1624 0.2923 0.2713 
  85 0.0210 0.0062 0.0227 0.0422 0.1055 0.1641 0.3428 0.2955 
  86 0.0096 0.0105 0.0340 0.0792 0.1018 0.4460 0.1178 0.2012 
  87 0.0178 0.0070 0.0280 0.0476 0.3707 0.1686 0.1456 0.2146 
  88 0.0083 0.0069 0.0162 0.0542 0.1737 0.2144 0.3539 0.1724 
  89 0.0083 0.0075 0.0152 0.0450 0.1214 0.2403 0.3917 0.1706 
  90 0.0081 0.0061 0.0149 0.0492 0.3351 0.2231 0.1544 0.2091 
  91 0.0209 0.0062 0.0251 0.0377 0.1060 0.1252 0.4859 0.1932 
  92 0.0090 0.0067 0.0155 0.0619 0.1687 0.2821 0.1962 0.2598 
  93 0.0069 0.0061 0.0159 0.0442 0.0619 0.1069 0.6401 0.1179 
  94 0.0270 0.0054 0.0300 0.0380 0.4659 0.0858 0.1255 0.2224 
  95 0.0076 0.0061 0.0155 0.0434 0.3333 0.1755 0.2769 0.1418 
  96 0.0065 0.0056 0.1212 0.0453 0.0770 0.3453 0.2978 0.1014 
  97 0.0358 0.0079 0.0615 0.1475 0.0581 0.2491 0.2436 0.1966 
  98 0.0078 0.0052 0.0934 0.0729 0.0772 0.2919 0.1938 0.2578 
  99 0.0085 0.0060 0.0148 0.0416 0.2216 0.1980 0.2650 0.2446 
 100 0.0061 0.0068 0.0187 0.0426 0.0567 0.2587 0.5147 0.0957 
 101 0.0216 0.0093 0.0396 0.0539 0.2577 0.2236 0.2039 0.1904 
 102 0.0152 0.0072 0.0641 0.0657 0.1900 0.1248 0.3877 0.1454 
 103 0.0064 0.0074 0.0217 0.0415 0.1744 0.4245 0.1926 0.1315 
 104 0.0063 0.0062 0.0192 0.0455 0.4394 0.1761 0.1506 0.1567 
 105 0.0062 0.0086 0.0230 0.1039 0.2951 0.2366 0.2056 0.1210 
 106 0.0120 0.0060 0.0220 0.0479 0.3920 0.1287 0.0747 0.3167 
 107 0.0074 0.0098 0.0241 0.0568 0.3001 0.2814 0.1860 0.1345 
 108 0.1474 0.0049 0.0754 0.0334 0.0778 0.4363 0.1045 0.1203 
 109 0.0242 0.0084 0.0296 0.2059 0.2502 0.1902 0.0785 0.2130 
 110 0.0119 0.0069 0.0190 0.0610 0.4472 0.0915 0.0840 0.2786 
 111 0.0075 0.0066 0.0188 0.0872 0.4888 0.1600 0.1106 0.1205 
 112 0.0109 0.0054 0.0360 0.2166 0.4208 0.0849 0.0866 0.1389 
 113 0.0172 0.0082 0.0291 0.0710 0.1010 0.4299 0.1472 0.1964 
 114 0.0062 0.0057 0.0173 0.0766 0.3966 0.1696 0.1817 0.1463 
 115 0.0091 0.0089 0.0823 0.1171 0.3488 0.1498 0.1326 0.1515 
 116 0.0252 0.0080 0.0666 0.0893 0.2669 0.2119 0.0833 0.2489 
 117 0.0118 0.0104 0.0341 0.1448 0.3712 0.0829 0.1071 0.2378 
 118 0.0116 0.0061 0.0190 0.1298 0.1551 0.4621 0.1012 0.1151 
 119 0.0114 0.0054 0.2004 0.0319 0.1417 0.1894 0.2941 0.1257 
 120 0.0082 0.0074 0.0379 0.1317 0.3183 0.1843 0.1520 0.1603 
 121 0.0109 0.0348 0.1347 0.1489 0.2959 0.1226 0.0953 0.1570 
 122 0.0094 0.0051 0.0202 0.0806 0.3177 0.1595 0.1005 0.3070 
 123 0.0132 0.0067 0.0291 0.0574 0.4143 0.1691 0.1377 0.1725 
 124 0.0118 0.0175 0.0663 0.1130 0.2456 0.1988 0.0965 0.2505 
 125 0.0224 0.0076 0.0632 0.2064 0.1598 0.0837 0.1110 0.3459 
 126 0.0125 0.0046 0.0590 0.0596 0.2914 0.1879 0.1526 0.2324 
 127 0.0066 0.0080 0.0205 0.0606 0.5017 0.1803 0.1160 0.1062 
 128 0.0062 0.0057 0.0197 0.1154 0.1236 0.4957 0.1017 0.1321 
 129 0.0065 0.0097 0.0217 0.0558 0.3010 0.3899 0.0899 0.1256 
 130 0.0068 0.0100 0.0169 0.1034 0.3444 0.1790 0.1823 0.1572 
 131 0.0767 0.0125 0.0872 0.1223 0.2479 0.1206 0.0819 0.2508 
 132 0.0089 0.0064 0.0233 0.0516 0.3030 0.2735 0.0806 0.2526 
 133 0.0103 0.0105 0.0298 0.0437 0.3226 0.3037 0.1306 0.1489 
 134 0.0084 0.0050 0.0167 0.0727 0.5229 0.0936 0.0654 0.2153 
 135 0.0104 0.0082 0.0545 0.1048 0.0574 0.1874 0.4760 0.1014 
 136 0.0071 0.0078 0.0162 0.0623 0.0481 0.1003 0.6176 0.1405 
 137 0.0073 0.0067 0.0159 0.0721 0.0852 0.0772 0.6342 0.1015 
 138 0.0087 0.0064 0.0234 0.0435 0.0493 0.0853 0.6743 0.1092 
 139 0.0081 0.0055 0.0283 0.0680 0.0547 0.4100 0.2919 0.1336 
 140 0.0098 0.0062 0.0333 0.0699 0.0844 0.1780 0.4377 0.1808 
 141 0.0096 0.0081 0.0203 0.0658 0.0519 0.1247 0.5168 0.2028 
 142 0.0091 0.0069 0.0651 0.0772 0.0563 0.2474 0.4370 0.1009 
 143 0.0063 0.0053 0.0161 0.0357 0.0455 0.0858 0.7210 0.0843 
 144 0.0073 0.0065 0.0174 0.0700 0.0829 0.0802 0.6436 0.0920 
 145 0.0096 0.0096 0.0269 0.0931 0.0523 0.1495 0.4523 0.2068 
 146 0.0102 0.0112 0.0217 0.0790 0.0979 0.1181 0.4607 0.2014 
 147 0.0066 0.0062 0.0151 0.0384 0.0470 0.0734 0.7195 0.0938 
 148 0.0069 0.0069 0.0359 0.0673 0.0733 0.1787 0.4650 0.1659 
 149 0.0101 0.0073 0.0313 0.0859 0.0485 0.1273 0.5739 0.1157 
 150 0.0070 0.0082 0.0192 0.0887 0.1145 0.1344 0.5015 0.1265 
 151 0.0066 0.0065 0.0173 0.0448 0.0611 0.1176 0.6386 0.1075 
 152 0.0145 0.0078 0.0751 0.0621 0.0727 0.1461 0.4506 0.1711 
 153 0.0088 0.0057 0.0333 0.0667 0.0634 0.0917 0.5960 0.1345 
 154 0.0075 0.0111 0.0262 0.0614 0.0481 0.1488 0.5606 0.1364 
 155 0.0061 0.0060 0.0162 0.0339 0.0614 0.1033 0.6738 0.0993 
 156 0.0061 0.0052 0.0499 0.0540 0.0684 0.1511 0.5771 0.0881 
 157 0.0071 0.0053 0.0157 0.0349 0.1348 0.0872 0.5801 0.1349 
 158 0.0101 0.0096 0.0228 0.0996 0.0518 0.1093 0.4979 0.1988 
 159 0.0071 0.0076 0.0134 0.0453 0.0472 0.0864 0.7011 0.0918 
 160 0.0072 0.0093 0.0135 0.0467 0.0475 0.1018 0.6819 0.0921 
 161 0.0093 0.0059 0.0231 0.0790 0.0662 0.1142 0.5362 0.1661 
 162 0.0093 0.0150 0.0245 0.0741 0.0940 0.1637 0.4151 0.2044 
 163 0.0061 0.0053 0.0238 0.0389 0.0574 0.0926 0.6844 0.0913 
 164 0.0082 0.0146 0.0174 0.0529 0.0826 0.2137 0.4575 0.1532 
 165 0.0073 0.0077 0.0186 0.0926 0.1093 0.1066 0.5469 0.1110 
 166 0.0207 0.0072 0.0447 0.0397 0.1482 0.1407 0.4553 0.1436 
 167 0.0092 0.0288 0.0189 0.0505 0.0731 0.0971 0.5531 0.1693 
 168 0.0254 0.0068 0.0377 0.0482 0.0627 0.0953 0.5777 0.1462 
 169 0.0311 0.0102 0.0288 0.1602 0.0505 0.0958 0.3516 0.2718 
 170 0.0069 0.0057 0.0415 0.0472 0.0652 0.1850 0.5393 0.1092 
 171 0.0177 0.0069 0.0301 0.0418 0.0701 0.1699 0.4832 0.1803 
 172 0.0288 0.0062 0.0674 0.1489 0.0469 0.1227 0.4227 0.1565 
 173 0.0062 0.0075 0.0149 0.0412 0.0475 0.1371 0.6523 0.0933 
 174 0.0067 0.0067 0.0132 0.0414 0.0620 0.1011 0.6524 0.1165 
 175 0.0062 0.0074 0.0255 0.0405 0.0469 0.0892 0.6497 0.1347 
 176 0.0072 0.0061 0.0179 0.0714 0.0822 0.0804 0.6433 0.0914 
 177 0.0108 0.0067 0.0210 0.0541 0.1367 0.0946 0.4872 0.1888 
 178 0.0066 0.0076 0.0145 0.0446 0.0625 0.1148 0.5585 0.1909 
 179 0.0062 0.0061 0.0142 0.0322 0.0473 0.0982 0.6989 0.0969 
 180 0.0107 0.0135 0.0284 0.0814 0.0757 0.1065 0.5188 0.1651 
 181 0.0092 0.0081 0.0270 0.0780 0.0516 0.1759 0.5207 0.1295 
 182 0.0065 0.0086 0.0192 0.0483 0.0473 0.1671 0.6178 0.0852 
 183 0.0062 0.0066 0.0171 0.0373 0.0485 0.1100 0.6758 0.0985 
 184 0.0092 0.0085 0.0154 0.0436 0.0691 0.5820 0.1059 0.1663 
 185 0.0068 0.0053 0.0706 0.0548 0.0452 0.1081 0.6357 0.0734 
 186 0.0058 0.0079 0.0169 0.0388 0.1023 0.5240 0.1051 0.1991 
 187 0.0069 0.0056 0.0186 0.0379 0.0688 0.4247 0.3102 0.1273 
 188 0.0056 0.0079 0.0166 0.0350 0.0776 0.6160 0.0828 0.1585 
 189 0.0303 0.0065 0.0324 0.0462 0.0675 0.2392 0.3113 0.2664 
 190 0.0055 0.0050 0.0972 0.0484 0.0475 0.4393 0.2867 0.0705 
 191 0.0057 0.0054 0.0148 0.0432 0.0560 0.6131 0.1399 0.1220 
 192 0.0067 0.0051 0.0150 0.0426 0.0853 0.3789 0.3068 0.1596 
 193 0.0072 0.0060 0.0216 0.0655 0.0698 0.3873 0.2644 0.1782 
 194 0.0071 0.0066 0.0287 0.0478 0.0829 0.3636 0.3222 0.1410 
 195 0.0056 0.0054 0.0321 0.0384 0.0456 0.4429 0.3471 0.0829 
 196 0.0074 0.0046 0.0377 0.0453 0.0597 0.5286 0.2273 0.0894 
 197 0.0069 0.0091 0.0249 0.0666 0.1191 0.2960 0.2312 0.2461 
 198 0.0087 0.0050 0.0283 0.0540 0.0961 0.3176 0.2229 0.2675 
 199 0.0106 0.0060 0.0469 0.0627 0.0678 0.4698 0.2382 0.0981 
 200 0.0127 0.0052 0.0419 0.0591 0.0595 0.4616 0.2110 0.1490 
 201 0.0055 0.0055 0.0212 0.0368 0.0520 0.3219 0.4596 0.0974 
 202 0.0055 0.0053 0.0400 0.0513 0.0678 0.2253 0.5205 0.0842 
 203 0.0056 0.0054 0.0171 0.0407 0.0498 0.3582 0.4385 0.0846 
 204 0.0054 0.0053 0.0265 0.0373 0.0472 0.6092 0.1901 0.0790 
 205 0.0092 0.0052 0.0268 0.0405 0.0588 0.5944 0.1587 0.1063 
 206 0.0056 0.0063 0.0190 0.0366 0.0475 0.5953 0.1978 0.0920 
 207 0.0053 0.0050 0.0234 0.0547 0.0626 0.6291 0.1344 0.0856 
 208 0.0056 0.0052 0.0223 0.0400 0.0537 0.4850 0.2970 0.0912 
 209 0.0055 0.0053 0.0207 0.0533 0.0599 0.5329 0.1888 0.1336 
 210 0.0054 0.0049 0.0184 0.0366 0.0559 0.5835 0.1997 0.0957 
 211 0.0058 0.0075 0.0454 0.1471 0.0917 0.3303 0.2848 0.0874 
 212 0.0060 0.0054 0.0353 0.0511 0.0501 0.2128 0.5085 0.1308 
 213 0.0085 0.0054 0.0674 0.0671 0.1018 0.3846 0.2180 0.1472 
 214 0.0054 0.0054 0.0210 0.0499 0.0513 0.2732 0.4975 0.0964 
 215 0.0088 0.0049 0.0200 0.0429 0.0630 0.6419 0.1201 0.0984 
 216 0.0088 0.0098 0.0182 0.0542 0.0824 0.4650 0.1448 0.2169 
 217 0.0087 0.0057 0.0255 0.0394 0.0496 0.3691 0.4017 0.1004 
 218 0.0081 0.0055 0.0156 0.0380 0.0638 0.5870 0.1703 0.1117 
 219 0.0142 0.0132 0.0191 0.0424 0.0715 0.3401 0.2873 0.2122 
 220 0.0053 0.0053 0.0167 0.0352 0.0521 0.6616 0.1356 0.0882 
 221 0.0056 0.0051 0.0543 0.0442 0.0443 0.1549 0.6115 0.0802 
 222 0.0081 0.0105 0.0187 0.0493 0.0848 0.3625 0.2040 0.2621 
 223 0.0090 0.0058 0.0210 0.0436 0.0764 0.2974 0.3922 0.1547 
 224 0.0056 0.0065 0.0169 0.0377 0.0488 0.4255 0.3644 0.0947 
 225 0.0068 0.0051 0.0273 0.0434 0.0566 0.5602 0.2000 0.1007 
 226 0.0736 0.0072 0.0185 0.0498 0.0698 0.4315 0.2016 0.1478 
 227 0.0056 0.0053 0.0539 0.0457 0.0709 0.4154 0.3171 0.0861 
 228 0.0063 0.0058 0.0830 0.0563 0.0450 0.3866 0.3404 0.0766 
 229 0.0055 0.0059 0.0145 0.0360 0.0540 0.4112 0.3718 0.1010 
 230 0.0053 0.0055 0.0146 0.0399 0.0520 0.4924 0.2996 0.0906 
 231 0.0057 0.0058 0.0154 0.0441 0.0519 0.4387 0.3041 0.1344 
 232 0.0104 0.0064 0.0331 0.0884 0.0802 0.2832 0.3354 0.1629 
 233 0.0057 0.0056 0.0168 0.0450 0.0517 0.2412 0.5370 0.0972 
 234 0.0068 0.0050 0.0156 0.0519 0.0746 0.4029 0.2398 0.2034 
 235 0.0112 0.0061 0.0261 0.0426 0.0644 0.3812 0.3285 0.1399 
 236 0.0073 0.0054 0.0166 0.0539 0.0617 0.3301 0.3998 0.1251 
 237 0.0056 0.0052 0.0255 0.0592 0.0583 0.5973 0.1495 0.0995 
 238 0.0055 0.0050 0.0211 0.0458 0.0656 0.2619 0.4753 0.1197 
 239 0.0056 0.0054 0.0316 0.0386 0.0456 0.4416 0.3489 0.0827 
 240 0.0054 0.0050 0.0211 0.0453 0.0664 0.2590 0.4774 0.1204 
 241 0.0074 0.0068 0.0274 0.0496 0.0564 0.2791 0.4715 0.1017 
 242 0.0129 0.0063 0.0256 0.0367 0.0565 0.4543 0.2286 0.1790 
 243 0.0053 0.0048 0.0424 0.0529 0.0509 0.5289 0.2391 0.0757 
 244 0.0055 0.0054 0.0162 0.0426 0.0486 0.4206 0.3732 0.0879 
 245 0.0055 0.0051 0.0278 0.0392 0.0581 0.1683 0.5978 0.0983 
 246 0.0084 0.0055 0.0252 0.0391 0.0492 0.3715 0.4008 0.1004 
 247 0.0096 0.0048 0.0297 0.0482 0.1702 0.4278 0.1029 0.2068 
 248 0.0064 0.0048 0.0199 0.0543 0.0739 0.6300 0.1049 0.1058 
 249 0.0055 0.0058 0.0194 0.0458 0.0568 0.3710 0.3976 0.0981 
 250 0.0068 0.0057 0.0148 0.0487 0.0669 0.4156 0.3163 0.1252 
 251 0.0233 0.0059 0.0243 0.0601 0.0795 0.4150 0.1699 0.2221 
 252 0.0069 0.0056 0.0284 0.0439 0.0609 0.4559 0.2813 0.1170 
 253 0.0137 0.0057 0.0300 0.0550 0.1075 0.4797 0.1573 0.1511 
 254 0.0066 0.0095 0.0203 0.0446 0.0705 0.4493 0.2040 0.1952 
 255 0.0056 0.0057 0.0208 0.0476 0.0649 0.4249 0.2604 0.1700 
 256 0.0067 0.0057 0.0256 0.0525 0.0595 0.4103 0.3310 0.1086 
 257 0.0079 0.0138 0.0221 0.0483 0.0783 0.4887 0.2210 0.1198 
 258 0.0068 0.0044 0.0462 0.0532 0.0819 0.4862 0.1715 0.1498 
 259 0.0066 0.0063 0.0162 0.0462 0.0621 0.5130 0.2331 0.1165 
 260 0.0068 0.0093 0.0161 0.0448 0.0787 0.2498 0.3679 0.2266 
 261 0.0071 0.0055 0.0353 0.0478 0.0571 0.3614 0.3731 0.1126 
 262 0.0083 0.0052 0.0469 0.0435 0.0447 0.4036 0.3682 0.0796 
 263 0.0053 0.0089 0.0179 0.0414 0.0562 0.6220 0.1270 0.1213 
 264 0.0084 0.0131 0.0198 0.0545 0.0810 0.3480 0.0916 0.3836 
 265 0.0100 0.0058 0.0189 0.0394 0.0629 0.4819 0.2429 0.1381 
 266 0.0056 0.0055 0.0353 0.0450 0.0449 0.1914 0.5928 0.0796 
 267 0.0058 0.0057 0.0229 0.0716 0.0740 0.3982 0.2823 0.1396 
 268 0.0074 0.0047 0.0378 0.0458 0.0595 0.5282 0.2276 0.0892 
 269 0.0173 0.0058 0.0188 0.0399 0.0647 0.3345 0.2682 0.2508 
 270 0.0063 0.0094 0.0176 0.0486 0.0797 0.5096 0.1414 0.1873 
 271 0.0091 0.0053 0.0254 0.0541 0.0793 0.5406 0.1605 0.1257 
 272 0.0689 0.0065 0.0261 0.0566 0.0751 0.4792 0.1654 0.1223 
 273 0.0234 0.0366 0.0259 0.0684 0.0940 0.3080 0.2574 0.1862 
 274 0.0136 0.0059 0.0174 0.0473 0.0717 0.5035 0.1869 0.1537 
 275 0.0215 0.0098 0.0209 0.0557 0.0610 0.4930 0.2005 0.1377 
 276 0.0471 0.0070 0.0294 0.0688 0.0807 0.4939 0.1582 0.1150 
 277 0.0085 0.0060 0.0188 0.0470 0.0722 0.3571 0.3252 0.1651 
 278 0.0086 0.0049 0.0241 0.0470 0.0597 0.6143 0.1458 0.0956 
 279 0.0088 0.0059 0.0179 0.0519 0.0691 0.4612 0.2451 0.1401 
 280 0.0161 0.0061 0.0260 0.0594 0.0594 0.4352 0.2177 0.1801 
 281 0.0079 0.0058 0.0188 0.0471 0.0863 0.4933 0.1918 0.1490 
 282 0.0074 0.0055 0.0158 0.0443 0.0659 0.2395 0.4742 0.1474 
 283 0.0056 0.0057 0.0193 0.0366 0.0629 0.2437 0.5203 0.1060 
 284 0.0072 0.0048 0.0224 0.0595 0.0883 0.3526 0.3227 0.1424 
 285 0.0093 0.0047 0.0345 0.0599 0.0718 0.6017 0.0835 0.1345 
 286 0.0054 0.0056 0.0160 0.0431 0.0483 0.4222 0.3711 0.0883 
 287 0.0127 0.0068 0.0180 0.0402 0.0852 0.3957 0.2540 0.1874 
 288 0.0399 0.0061 0.0176 0.0415 0.0625 0.5716 0.1457 0.1151 
 289 0.0286 0.0084 0.0308 0.0450 0.0877 0.5320 0.1344 0.1330 
 290 0.0079 0.0102 0.0488 0.0915 0.0608 0.3532 0.2168 0.2110 
 291 0.0091 0.0053 0.0260 0.0540 0.0813 0.5382 0.1603 0.1258 
 292 0.0177 0.0058 0.0505 0.0699 0.0561 0.3802 0.2656 0.1541 
 293 0.0074 0.0074 0.0581 0.0954 0.0691 0.3183 0.1443 0.3001 
 294 0.0068 0.0093 0.0247 0.0379 0.0556 0.6328 0.1153 0.1176 
 295 0.0391 0.0073 0.0359 0.0723 0.0895 0.4152 0.1992 0.1415 
 296 0.0077 0.0052 0.0197 0.0411 0.0667 0.6208 0.1444 0.0945 
 297 0.0151 0.0065 0.0215 0.0566 0.0633 0.4781 0.1652 0.1937 
 298 0.0069 0.0057 0.0144 0.0417 0.0720 0.3196 0.3871 0.1526 
 299 0.0055 0.0109 0.0162 0.0365 0.0613 0.5735 0.1474 0.1487 
 300 0.0076 0.0052 0.0239 0.0522 0.0523 0.6325 0.1109 0.1155 
 301 0.0104 0.0093 0.0161 0.0519 0.0685 0.5111 0.1398 0.1928 
 302 0.0078 0.0089 0.0355 0.0460 0.0574 0.6042 0.1258 0.1144 
 303 0.0075 0.0059 0.0227 0.0579 0.0529 0.3509 0.3679 0.1343 
 304 0.0058 0.0098 0.0152 0.0623 0.0997 0.1376 0.4111 0.2584 
 305 0.0078 0.0053 0.0251 0.0418 0.0455 0.5292 0.2585 0.0867 
 306 0.0118 0.0063 0.0236 0.0422 0.0569 0.3162 0.4173 0.1256 
 307 0.0089 0.0070 0.0170 0.0549 0.0701 0.3750 0.3183 0.1488 
 308 0.0070 0.0053 0.0355 0.0464 0.0565 0.3621 0.3742 0.1129 
 309 0.0150 0.0171 0.0319 0.0481 0.0723 0.5834 0.1326 0.0996 
 310 0.0055 0.0050 0.0262 0.0463 0.0485 0.4791 0.3027 0.0867 
 311 0.0055 0.0060 0.0149 0.0398 0.0510 0.4925 0.3009 0.0895 
 312 0.0055 0.0048 0.0206 0.0356 0.0601 0.6525 0.1352 0.0858 
 313 0.0066 0.0051 0.0402 0.0432 0.0562 0.6586 0.1053 0.0847 
 314 0.0087 0.0055 0.0288 0.0386 0.0445 0.0856 0.7049 0.0833 
 315 0.0150 0.0051 0.0409 0.0364 0.0590 0.0806 0.6506 0.1124 
 316 0.0298 0.0094 0.0291 0.0372 0.0648 0.0832 0.6120 0.1345 
 317 0.0092 0.0060 0.0167 0.0358 0.0461 0.0751 0.7219 0.0892 
 318 0.0097 0.0058 0.0134 0.0340 0.0465 0.0689 0.7252 0.0964 
 319 0.0064 0.0061 0.0161 0.0368 0.0461 0.0864 0.7164 0.0858 
 320 0.0088 0.0055 0.0288 0.0387 0.0447 0.0861 0.7031 0.0844 
 321 0.0101 0.0063 0.0158 0.0374 0.0471 0.0732 0.7125 0.0976 
 322 0.0275 0.0090 0.0446 0.0389 0.0642 0.0942 0.6003 0.1214 
 323 0.0075 0.0170 0.0134 0.0326 0.0479 0.0741 0.7140 0.0935 
 324 0.0098 0.0060 0.0159 0.0371 0.0469 0.0723 0.7145 0.0975 
 325 0.0302 0.0059 0.0237 0.0336 0.0612 0.0730 0.6475 0.1250 
 326 0.0711 0.0163 0.0289 0.0371 0.0634 0.0737 0.5889 0.1206 
 327 0.0093 0.0061 0.0165 0.0354 0.0462 0.0754 0.7225 0.0886 
 328 0.0166 0.0055 0.0293 0.0371 0.0623 0.0874 0.6385 0.1234 
 329 0.0067 0.0054 0.0132 0.0337 0.0464 0.0681 0.7340 0.0925 
 330 0.0094 0.0056 0.0167 0.0351 0.0458 0.0756 0.7227 0.0892 
 331 0.0066 0.0058 0.0127 0.0337 0.0461 0.0763 0.7267 0.0921 
 332 0.0447 0.0273 0.0251 0.0352 0.0640 0.0713 0.6058 0.1267 
 333 0.0380 0.0150 0.0300 0.0379 0.0643 0.0833 0.6140 0.1174 
 334 0.0169 0.0055 0.0298 0.0367 0.0610 0.0879 0.6393 0.1230 
 335 0.0162 0.0055 0.0328 0.0341 0.0598 0.0791 0.6616 0.1109 
 336 0.0116 0.0232 0.0228 0.0411 0.0477 0.0767 0.6837 0.0932 
 337 0.0300 0.0061 0.0303 0.0372 0.0614 0.0774 0.6286 0.1288 
 338 0.0106 0.0075 0.0134 0.0370 0.0475 0.0684 0.7162 0.0994 
 339 0.0065 0.0056 0.0129 0.0335 0.0460 0.0761 0.7269 0.0924 
 340 0.0063 0.0056 0.0136 0.0318 0.0449 0.0791 0.7348 0.0838 
 341 0.0121 0.0215 0.0159 0.0405 0.0489 0.0798 0.6886 0.0927 
 342 0.0091 0.0058 0.0168 0.0349 0.0459 0.0767 0.7209 0.0899 
 343 0.0169 0.0139 0.0636 0.0383 0.0607 0.0826 0.6113 0.1127 
 344 0.0065 0.0057 0.0127 0.0339 0.0459 0.0682 0.7351 0.0920 
 345 0.0090 0.0059 0.0168 0.0349 0.0463 0.0755 0.7234 0.0883 
 346 0.0092 0.0058 0.0141 0.0326 0.0453 0.0713 0.7336 0.0879 
 347 0.0063 0.0057 0.0135 0.0316 0.0447 0.0706 0.7434 0.0842 
 348 0.0133 0.0048 0.0667 0.0375 0.0578 0.0907 0.6280 0.1011 
 349 0.0092 0.0059 0.0170 0.0353 0.0461 0.0743 0.7234 0.0888 
 350 0.0062 0.0055 0.0195 0.0385 0.0448 0.0892 0.7089 0.0874 
 351 0.0154 0.0054 0.0325 0.0342 0.0600 0.0797 0.6621 0.1107 
 352 0.0275 0.0059 0.0338 0.0347 0.0598 0.0803 0.6444 0.1136 
 353 0.0111 0.0224 0.0230 0.0394 0.0475 0.0771 0.6854 0.0940 
 354 0.0077 0.0088 0.0138 0.0370 0.0473 0.0751 0.7146 0.0958 
 355 0.0097 0.0061 0.0131 0.0343 0.0468 0.0687 0.7258 0.0955 
 356 0.0130 0.0048 0.0663 0.0383 0.0570 0.0901 0.6292 0.1013 
 357 0.0236 0.0056 0.0227 0.0385 0.0705 0.0950 0.4484 0.2957 
 358 0.0193 0.0070 0.0234 0.0360 0.0631 0.0725 0.6529 0.1257 
 359 0.0070 0.0067 0.0132 0.0368 0.0466 0.0772 0.7177 0.0947 
 360 0.0091 0.0063 0.0139 0.0322 0.0454 0.0727 0.7325 0.0879 
 361 0.0232 0.0053 0.0320 0.0450 0.0716 0.1088 0.4148 0.2992 
 362 0.0277 0.0062 0.0253 0.0450 0.1291 0.3055 0.1273 0.3339 
 363 0.0146 0.0081 0.0305 0.0478 0.1899 0.1831 0.0978 0.4283 
 364 0.0113 0.0310 0.0257 0.0817 0.1034 0.1575 0.3056 0.2838 
 365 0.0268 0.0204 0.0223 0.1307 0.0898 0.1348 0.1117 0.4635 
 366 0.0218 0.0072 0.0963 0.0709 0.0710 0.2257 0.1842 0.3229 
 367 0.0191 0.0055 0.0178 0.0452 0.4415 0.0889 0.0787 0.3033 
 368 0.0096 0.0064 0.0149 0.0631 0.1785 0.3291 0.1304 0.2680 
 369 0.0101 0.0096 0.1093 0.0598 0.0763 0.1773 0.2931 0.2645 
 370 0.0150 0.0192 0.0211 0.0844 0.2208 0.3013 0.1425 0.1956 
 371 0.0106 0.0146 0.0300 0.0695 0.0844 0.2986 0.1679 0.3244 
 372 0.0212 0.0577 0.0250 0.0779 0.1374 0.3940 0.1458 0.1409 
 373 0.0086 0.0077 0.0212 0.0732 0.2470 0.1571 0.1902 0.2950 
 374 0.0263 0.0081 0.0220 0.0954 0.0997 0.1433 0.2985 0.3068 
 375 0.0137 0.0224 0.0175 0.0673 0.1642 0.1537 0.0920 0.4692 
 376 0.0156 0.1113 0.0200 0.0498 0.1185 0.0745 0.0879 0.5224 
 377 0.0205 0.0081 0.0266 0.0696 0.1077 0.3054 0.1291 0.3329 
 378 0.0089 0.0062 0.0210 0.0501 0.3782 0.1379 0.2553 0.1423 
 379 0.0185 0.2018 0.0254 0.0506 0.1359 0.0895 0.0786 0.3997 
 380 0.0570 0.0137 0.0523 0.1381 0.0597 0.1408 0.1998 0.3388 
 381 0.0111 0.0124 0.0659 0.1070 0.0539 0.1092 0.1911 0.4493 
 382 0.0091 0.0056 0.0143 0.0427 0.1605 0.1154 0.1091 0.5433 
 383 0.0852 0.0276 0.0227 0.1159 0.0590 0.1402 0.1853 0.3641 
 384 0.0268 0.1004 0.0222 0.0916 0.1195 0.1098 0.1636 0.3662 
 385 0.0091 0.0162 0.0144 0.2617 0.1120 0.1165 0.2410 0.2291 
 386 0.0114 0.0047 0.0193 0.0446 0.1705 0.1278 0.1007 0.5210 
 387 0.0104 0.0053 0.0227 0.0724 0.1711 0.1137 0.1200 0.4843 
 388 0.0167 0.0207 0.0169 0.1177 0.1179 0.1440 0.2644 0.3018 
 389 0.0105 0.0121 0.0454 0.2024 0.0948 0.3968 0.1080 0.1301 
 390 0.0451 0.0191 0.0894 0.1019 0.2635 0.1158 0.0960 0.2691 
 391 0.0225 0.0164 0.0447 0.2362 0.1928 0.1569 0.1608 0.1696 
 392 0.0094 0.0099 0.0215 0.0666 0.1187 0.1478 0.1803 0.4458 
 393 0.0404 0.0097 0.0933 0.1900 0.0695 0.0829 0.1528 0.3614 
 394 0.0193 0.0060 0.0221 0.0404 0.2058 0.1394 0.2944 0.2727 
 395 0.0310 0.0047 0.0535 0.0869 0.1415 0.3092 0.1132 0.2599 
 396 0.0071 0.0070 0.0148 0.0545 0.1698 0.1506 0.0811 0.5152 
 397 0.0071 0.1180 0.0205 0.0455 0.0713 0.3135 0.2065 0.2176 
 398 0.0437 0.0411 0.0257 0.0718 0.2268 0.0890 0.0873 0.4145 
 399 0.0264 0.0057 0.0298 0.0679 0.4373 0.1584 0.1114 0.1631 
 400 0.0088 0.0090 0.0222 0.0586 0.1835 0.0932 0.1459 0.4788 
 401 0.0092 0.0053 0.0499 0.0699 0.3414 0.1451 0.1569 0.2223 
 402 0.0080 0.0096 0.0690 0.0952 0.1800 0.1817 0.1450 0.3115 
 403 0.0135 0.0095 0.0222 0.1143 0.1112 0.1445 0.3935 0.1914 
 404 0.0083 0.0093 0.0167 0.1107 0.0952 0.1978 0.1834 0.3785 
 405 0.0226 0.0055 0.0306 0.0569 0.1025 0.2219 0.1616 0.3983 
 406 0.2114 0.0051 0.1269 0.0578 0.0668 0.1606 0.2231 0.1484 
 407 0.0279 0.0048 0.0173 0.0824 0.0828 0.1028 0.0811 0.6009 
 408 0.0063 0.0046 0.0537 0.0489 0.3868 0.2784 0.0784 0.1429 
 409 0.0352 0.0127 0.1307 0.1326 0.0734 0.1008 0.3073 0.2073 
 410 0.0252 0.0901 0.0300 0.0833 0.1756 0.1197 0.1446 0.3315 
 411 0.0100 0.0254 0.0658 0.0482 0.0987 0.1014 0.1971 0.4535 
 412 0.0091 0.0063 0.0147 0.0501 0.1750 0.2689 0.1163 0.3597 
 413 0.0079 0.0055 0.0173 0.0402 0.2122 0.2031 0.2231 0.2907 
 414 0.0066 0.0050 0.0150 0.0893 0.2389 0.2347 0.0811 0.3294 
 415 0.0171 0.0066 0.0522 0.0562 0.1246 0.1357 0.1164 0.4913 
 416 0.0091 0.0074 0.0487 0.1506 0.1522 0.1243 0.1561 0.3516 
 417 0.0931 0.0069 0.0253 0.0527 0.1359 0.1098 0.0974 0.4790 
 418 0.0087 0.0085 0.0137 0.0502 0.2969 0.1322 0.0936 0.3962 
 419 0.0160 0.0131 0.0319 0.1523 0.1218 0.1320 0.2555 0.2774 
 420 0.0084 0.0049 0.1150 0.0675 0.3242 0.1529 0.1061 0.2210 
 421 0.0331 0.0075 0.0220 0.0696 0.1854 0.1842 0.1040 0.3942 
 422 0.0322 0.0076 0.0391 0.1146 0.0798 0.3434 0.1099 0.2734 
 423 0.0193 0.0109 0.0305 0.0504 0.1488 0.1820 0.1533 0.4048 
 424 0.0304 0.0092 0.1107 0.0772 0.3299 0.1035 0.1467 0.1923 
 425 0.0134 0.0288 0.0196 0.1761 0.1090 0.1506 0.1639 0.3385 
 426 0.0412 0.0411 0.0255 0.0789 0.2959 0.1192 0.1713 0.2269 
 427 0.0418 0.0058 0.0232 0.0713 0.1700 0.0766 0.1807 0.4305 
 428 0.1048 0.0252 0.0532 0.1006 0.0818 0.1681 0.2235 0.2428 
 429 0.0116 0.0064 0.0164 0.0373 0.2011 0.0952 0.0766 0.5553 
 430 0.0479 0.0062 0.0359 0.1212 0.1041 0.1182 0.0922 0.4743 
 431 0.0227 0.0129 0.0188 0.0706 0.2817 0.2302 0.1604 0.2027 
 432 0.0090 0.0066 0.0164 0.0563 0.2015 0.2791 0.1401 0.2912 
 433 0.0082 0.0127 0.0216 0.0548 0.1115 0.2437 0.3736 0.1739 
 434 0.0087 0.0065 0.0286 0.0720 0.0778 0.2241 0.1856 0.3967 
 435 0.0932 0.0053 0.0324 0.0632 0.1702 0.0937 0.0854 0.4566 
 436 0.2166 0.0088 0.0546 0.0476 0.2137 0.0621 0.1333 0.2633 
 437 0.0166 0.0091 0.0190 0.0376 0.0906 0.1058 0.0924 0.6289 
 438 0.1334 0.0060 0.1521 0.1024 0.1893 0.0900 0.1377 0.1890 
 439 0.1163 0.0057 0.0284 0.1199 0.1274 0.0649 0.1084 0.4291 
 440 0.2065 0.0046 0.0316 0.0465 0.1948 0.0787 0.0718 0.3654 
 441 0.0308 0.0059 0.0310 0.1016 0.1148 0.0928 0.1683 0.4547 
 442 0.0084 0.0066 0.0313 0.0999 0.1573 0.1205 0.0968 0.4793 
 443 0.0236 0.0048 0.1184 0.0671 0.3993 0.1049 0.0854 0.1965 
 444 0.0155 0.0065 0.0504 0.0862 0.1526 0.1058 0.0959 0.4871 
 445 0.0206 0.0466 0.0836 0.1793 0.0716 0.0942 0.1933 0.3110 
 446 0.0676 0.0495 0.0249 0.0899 0.2956 0.0603 0.0941 0.3181 
 447 0.1595 0.0069 0.0646 0.1563 0.1209 0.0937 0.1658 0.2324 
 448 0.0272 0.0059 0.0256 0.0677 0.1314 0.1108 0.0982 0.5333 
 449 0.0298 0.0064 0.0253 0.0807 0.1167 0.1216 0.1502 0.4692 
 450 0.0101 0.0103 0.0144 0.1181 0.1075 0.0711 0.1415 0.5270 
 451 0.0129 0.0056 0.0256 0.0442 0.4352 0.1506 0.0725 0.2535 
 452 0.0156 0.0068 0.0155 0.0728 0.1289 0.0773 0.1346 0.5485 
 453 0.0119 0.0056 0.1938 0.1313 0.1782 0.1775 0.1346 0.1671 
 454 0.0333 0.0056 0.0251 0.0471 0.1222 0.1111 0.1531 0.5027 
 455 0.1438 0.0051 0.0864 0.0998 0.1903 0.0738 0.0920 0.3088 
 456 0.0320 0.0065 0.1145 0.0643 0.1619 0.1235 0.0901 0.4071 
 457 0.0295 0.0067 0.0212 0.0535 0.0853 0.0882 0.1005 0.6151 
 458 0.0268 0.0468 0.0243 0.1386 0.1202 0.0768 0.1037 0.4627 
 459 0.0373 0.0055 0.0352 0.1055 0.2548 0.0596 0.1849 0.3174 
 460 0.0286 0.0051 0.0318 0.0737 0.3721 0.0666 0.0910 0.3311 
 461 0.0100 0.0070 0.0148 0.0598 0.4352 0.0623 0.0915 0.3195 
 462 0.0166 0.0092 0.0836 0.1780 0.1448 0.1381 0.0676 0.3621 
 463 0.1182 0.0049 0.2695 0.0811 0.0942 0.1465 0.1165 0.1691 
 464 0.0283 0.0046 0.0654 0.0633 0.3681 0.0875 0.0916 0.2911 
 465 0.0165 0.0079 0.0386 0.1044 0.3083 0.1217 0.1046 0.2979 
 466 0.0300 0.0045 0.1208 0.0755 0.2751 0.1373 0.0932 0.2636 
 467 0.0215 0.0062 0.0703 0.1273 0.1420 0.1367 0.1276 0.3683 
 468 0.1880 0.0058 0.0821 0.0544 0.0831 0.1017 0.0893 0.3957 
 469 0.3832 0.0051 0.0291 0.0844 0.0893 0.0621 0.0904 0.2564 
 470 0.1675 0.0051 0.0272 0.0558 0.2406 0.0732 0.0875 0.3431 
 471 0.0130 0.0071 0.0788 0.1371 0.1657 0.1672 0.1016 0.3294 
 472 0.0105 0.0079 0.0524 0.1389 0.1217 0.1435 0.1031 0.4220 
 473 0.0311 0.0060 0.0306 0.0538 0.1039 0.1680 0.1430 0.4636 
 474 0.0136 0.0058 0.0329 0.0982 0.1279 0.0953 0.1349 0.4914 
 475 0.0159 0.0061 0.0282 0.0970 0.2789 0.1125 0.1661 0.2953 
 476 0.0174 0.0086 0.0434 0.0797 0.1383 0.0774 0.1057 0.5294 
 477 0.0187 0.0074 0.0487 0.0876 0.3740 0.0887 0.1410 0.2339 
 478 0.0137 0.0074 0.0224 0.0632 0.5843 0.0667 0.0839 0.1584 
 479 0.0338 0.0050 0.0224 0.0474 0.1782 0.0697 0.0853 0.5581 
 480 0.0309 0.0065 0.0205 0.0416 0.1025 0.0719 0.0953 0.6308 
 481 0.0110 0.0060 0.0194 0.1245 0.1087 0.2288 0.0954 0.4062 
 482 0.0147 0.0064 0.0163 0.0390 0.1752 0.0704 0.0851 0.5928 
 483 0.1989 0.0065 0.0276 0.0879 0.1786 0.0676 0.1106 0.3222 
 484 0.1458 0.0058 0.1301 0.1364 0.1073 0.1243 0.1035 0.2467 
 485 0.4612 0.0055 0.0271 0.0442 0.1537 0.0655 0.0847 0.1580 
 486 0.0082 0.0116 0.0462 0.1300 0.1501 0.3092 0.1332 0.2114 
 487 0.0089 0.0123 0.0281 0.1432 0.1230 0.1856 0.2457 0.2530 
 488 0.0094 0.0100 0.0223 0.1918 0.1858 0.2236 0.1887 0.1685 
 489 0.0064 0.0132 0.0642 0.0787 0.0674 0.2324 0.2653 0.2724 
 490 0.0092 0.0071 0.0535 0.0932 0.3096 0.1842 0.0925 0.2506 
 491 0.0069 0.0088 0.0207 0.1637 0.0704 0.3538 0.2246 0.1512 
 492 0.0077 0.0056 0.0368 0.1294 0.2118 0.1344 0.3480 0.1263 
 493 0.0071 0.0157 0.0231 0.2392 0.1024 0.2742 0.1512 0.1871 
 494 0.0151 0.0474 0.0262 0.1388 0.0982 0.2811 0.2035 0.1899 
 495 0.0084 0.0312 0.0509 0.1971 0.2331 0.0954 0.2484 0.1355 
 496 0.0091 0.0066 0.0303 0.0544 0.0859 0.2284 0.4140 0.1715 
 497 0.0075 0.0266 0.0180 0.2411 0.0681 0.2582 0.2122 0.1682 
 498 0.0101 0.0118 0.0698 0.1881 0.1416 0.1908 0.1601 0.2278 
 499 0.0086 0.0364 0.0267 0.0935 0.0747 0.2141 0.3563 0.1897 
 500 0.0148 0.0237 0.0219 0.0722 0.0824 0.3381 0.1388 0.3080 
 501 0.0099 0.0138 0.0152 0.0892 0.1203 0.1547 0.3047 0.2921 
 502 0.0087 0.0088 0.0140 0.1643 0.1742 0.1118 0.3373 0.1810 
 503 0.0111 0.0094 0.0206 0.0745 0.1041 0.1953 0.1141 0.4710 
 504 0.0088 0.0089 0.0363 0.2006 0.2768 0.1716 0.1266 0.1704 
 505 0.0119 0.0103 0.0301 0.1054 0.1016 0.4063 0.2066 0.1278 
 506 0.0068 0.0077 0.0188 0.1340 0.1895 0.1867 0.2964 0.1601 
 507 0.0065 0.0080 0.0359 0.0445 0.0513 0.1793 0.5767 0.0978 
 508 0.0065 0.0194 0.0531 0.0548 0.0675 0.1594 0.5447 0.0945 
 509 0.0091 0.0083 0.0265 0.0849 0.0909 0.3474 0.3046 0.1283 
 510 0.0069 0.0370 0.0227 0.0673 0.0995 0.1529 0.3655 0.2483 
 511 0.0343 0.0137 0.0269 0.1040 0.1937 0.2078 0.1364 0.2832 
 512 0.0097 0.0088 0.0145 0.0781 0.1642 0.1434 0.0959 0.4854 
 513 0.0060 0.0106 0.0411 0.4000 0.1301 0.2032 0.1356 0.0734 
 514 0.0080 0.0082 0.0235 0.0566 0.3738 0.1843 0.1709 0.1747 
 515 0.0286 0.0137 0.0622 0.0770 0.0959 0.1488 0.2717 0.3020 
 516 0.0105 0.0100 0.0407 0.0720 0.2448 0.3314 0.1537 0.1370 
 517 0.0204 0.0081 0.1061 0.0461 0.1727 0.1649 0.2635 0.2183 
 518 0.0065 0.0811 0.0173 0.0498 0.0718 0.2117 0.2834 0.2783 
 519 0.0095 0.0058 0.0251 0.0808 0.3957 0.1380 0.1795 0.1655 
 520 0.1347 0.0081 0.1269 0.0428 0.0679 0.1412 0.3479 0.1306 
 521 0.0068 0.0067 0.0253 0.0464 0.1576 0.2461 0.3569 0.1543 
 522 0.0140 0.0371 0.1688 0.0492 0.1073 0.1309 0.1382 0.3544 
 523 0.0142 0.0081 0.2213 0.0402 0.1446 0.1525 0.2894 0.1295 
 524 0.1697 0.0091 0.0731 0.0432 0.1235 0.1836 0.1916 0.2061 
 525 0.0257 0.0961 0.0452 0.0493 0.0746 0.1637 0.3077 0.2376 
 526 0.2281 0.0060 0.1719 0.0570 0.0632 0.1863 0.1609 0.1265 
 527 0.0077 0.0848 0.0156 0.1266 0.1643 0.1435 0.1367 0.3208 
 528 0.0060 0.0051 0.0219 0.0403 0.0721 0.2616 0.4717 0.1212 
 529 0.0068 0.0902 0.0226 0.0658 0.0969 0.3429 0.2036 0.1712 
 530 0.0150 0.0084 0.0587 0.0974 0.0976 0.1376 0.1917 0.3936 
 531 0.0214 0.0079 0.0355 0.0794 0.0997 0.1017 0.4203 0.2342 
 532 0.0066 0.0315 0.0318 0.0571 0.1128 0.2157 0.3367 0.2079 
 533 0.0200 0.0731 0.0491 0.0513 0.0886 0.2581 0.1675 0.2924 
 534 0.0078 0.0806 0.0628 0.0820 0.1182 0.3421 0.2209 0.0856 
 535 0.0179 0.0058 0.1400 0.0670 0.2069 0.1881 0.1649 0.2094 
 536 0.0258 0.0079 0.0617 0.1444 0.1015 0.1792 0.2517 0.2279 
 537 0.0095 0.0082 0.1141 0.0893 0.0932 0.1652 0.3721 0.1485 
 538 0.0164 0.0054 0.0640 0.0547 0.0811 0.2954 0.3000 0.1830 
 539 0.0057 0.0052 0.0280 0.0404 0.0536 0.1618 0.5952 0.1102 
 540 0.0228 0.0078 0.0586 0.0659 0.0759 0.3182 0.2533 0.1975 
 541 0.0106 0.0082 0.0474 0.1200 0.0885 0.1529 0.3982 0.1741 
 542 0.0177 0.0059 0.1169 0.1653 0.0629 0.2981 0.1191 0.2141 
 543 0.0204 0.0075 0.1827 0.0659 0.1840 0.1831 0.2304 0.1259 
 544 0.0133 0.0049 0.1951 0.1123 0.0871 0.2149 0.1891 0.1834 
 545 0.0620 0.0055 0.3034 0.0975 0.1120 0.1627 0.0944 0.1624 
 546 0.0077 0.0056 0.0636 0.1400 0.0657 0.3579 0.1913 0.1682 
 547 0.0182 0.0057 0.3664 0.0637 0.0961 0.1056 0.2319 0.1124 
 548 0.0070 0.0056 0.0149 0.0482 0.0667 0.4168 0.3155 0.1254 
 549 0.0309 0.0077 0.1168 0.1357 0.0716 0.0795 0.3942 0.1636 
 550 0.0640 0.0046 0.2544 0.0625 0.1723 0.1171 0.1447 0.1804 
 551 0.0132 0.0087 0.0384 0.0944 0.0939 0.0978 0.5015 0.1521 
 552 0.0079 0.0060 0.0454 0.0639 0.0580 0.4145 0.2508 0.1536 
 553 0.0135 0.0074 0.3565 0.0505 0.1051 0.1593 0.2167 0.0910 
 554 0.0142 0.0129 0.0528 0.0814 0.1156 0.2459 0.1958 0.2815 
 555 0.0115 0.0074 0.0746 0.0925 0.0845 0.1623 0.4340 0.1331 
 556 0.0082 0.0061 0.0440 0.0653 0.0765 0.3719 0.2479 0.1801 
 557 0.0622 0.0051 0.1373 0.0997 0.1781 0.0984 0.1926 0.2265 
 558 0.0179 0.0063 0.0149 0.0416 0.1768 0.0613 0.0884 0.5928 
 559 0.0072 0.0065 0.0293 0.0502 0.1575 0.4295 0.1156 0.2042 
 560 0.0292 0.0050 0.0248 0.0786 0.3949 0.1135 0.0681 0.2858 
 561 0.0133 0.0061 0.0309 0.0998 0.1836 0.1724 0.0901 0.4039 
 562 0.0199 0.0066 0.0515 0.0739 0.2654 0.2190 0.0682 0.2954 
 563 0.0142 0.0089 0.0346 0.1016 0.3143 0.0768 0.2591 0.1905 
 564 0.0146 0.0099 0.0502 0.0397 0.1041 0.4708 0.1206 0.1900 
 565 0.0412 0.0056 0.0171 0.0902 0.0733 0.0867 0.0953 0.5907 
 566 0.0185 0.0045 0.0190 0.0408 0.4778 0.0855 0.0713 0.2828 
 567 0.0122 0.0071 0.0266 0.0563 0.1252 0.5122 0.0886 0.1718 
 568 0.0147 0.0059 0.0353 0.0551 0.2265 0.2525 0.1259 0.2841 
 569 0.0162 0.0080 0.1048 0.0429 0.1747 0.1260 0.1282 0.3991 
 570 0.0152 0.0077 0.0176 0.0308 0.1443 0.0921 0.0750 0.6174 
 571 0.0171 0.0053 0.0225 0.0351 0.4857 0.1455 0.1098 0.1790 
 572 0.0138 0.0044 0.2868 0.0460 0.0661 0.1437 0.2281 0.2111 
 573 0.1431 0.0072 0.0435 0.0362 0.0961 0.3848 0.1216 0.1675 
 574 0.0162 0.0077 0.0336 0.0458 0.0800 0.1325 0.2158 0.4684 
 575 0.0110 0.0059 0.0216 0.0701 0.2660 0.1509 0.2114 0.2632 
 576 0.0177 0.0056 0.0175 0.0760 0.3983 0.0940 0.0733 0.3176 
 577 0.0091 0.0087 0.0225 0.0506 0.0876 0.1373 0.2048 0.4795 
 578 0.0267 0.0057 0.0307 0.0630 0.3018 0.1440 0.1099 0.3181 
 579 0.0123 0.0063 0.0269 0.0983 0.1128 0.2324 0.0959 0.4151 
 580 0.0150 0.0058 0.0172 0.0539 0.0858 0.1253 0.1404 0.5566 
 581 0.0154 0.0055 0.0190 0.0449 0.1509 0.1063 0.1226 0.5354 
 582 0.0211 0.0062 0.0517 0.0532 0.2273 0.1008 0.0825 0.4571 
 583 0.0159 0.0524 0.0233 0.0371 0.3805 0.1294 0.1059 0.2553 
 584 0.0127 0.0072 0.0158 0.0491 0.3561 0.1069 0.0854 0.3668 
 585 0.0200 0.0067 0.0250 0.0935 0.2441 0.1223 0.0928 0.3955 
 586 0.0081 0.0055 0.0261 0.0530 0.4107 0.2097 0.1316 0.1553 
 587 0.0080 0.0095 0.0428 0.0574 0.1150 0.2585 0.0801 0.4287 
 588 0.0060 0.0066 0.0496 0.0483 0.0604 0.6510 0.0931 0.0851 
 589 0.0858 0.0062 0.0926 0.0546 0.1613 0.1394 0.0878 0.3722 
 590 0.0071 0.0067 0.0180 0.0873 0.2775 0.2807 0.0980 0.2247 
 591 0.0086 0.0057 0.0174 0.0441 0.3695 0.1886 0.1170 0.2490 
 592 0.0187 0.0048 0.0490 0.0570 0.2554 0.2756 0.0892 0.2503 
 593 0.0213 0.0058 0.0337 0.0452 0.2071 0.2062 0.1494 0.3313 
 594 0.0110 0.0479 0.0227 0.0654 0.2097 0.2136 0.1961 0.2335 
 595 0.0076 0.0098 0.0131 0.1650 0.1153 0.1815 0.0763 0.4312 
 596 0.1032 0.0047 0.0576 0.0595 0.1284 0.3491 0.1328 0.1648 
 597 0.0157 0.0084 0.0378 0.0364 0.4066 0.1181 0.2649 0.1122 
 598 0.0194 0.0075 0.0177 0.0310 0.1249 0.0680 0.0819 0.6495 
 599 0.0121 0.0061 0.0352 0.0403 0.3790 0.1710 0.0740 0.2822 
 600 0.0132 0.0047 0.0312 0.0820 0.0766 0.1453 0.1599 0.4871 
 601 0.0107 0.0046 0.0369 0.0634 0.2020 0.1395 0.0781 0.4647 
 602 0.0096 0.0079 0.0155 0.0782 0.1252 0.3397 0.2175 0.2064 
 603 0.0079 0.0061 0.0165 0.0673 0.1149 0.3908 0.2008 0.1958 
 604 0.0385 0.0139 0.0214 0.1708 0.0794 0.1545 0.1582 0.3634 
 605 0.0151 0.0060 0.0343 0.0753 0.1300 0.2698 0.1220 0.3476 
 606 0.0132 0.0109 0.0281 0.0865 0.1033 0.2931 0.2143 0.2505 
 607 0.0118 0.0071 0.0148 0.0547 0.0811 0.1796 0.2922 0.3587 
 608 0.0128 0.0061 0.0200 0.0581 0.1380 0.1009 0.4518 0.2122 
 609 0.0132 0.0089 0.0317 0.0756 0.1010 0.1217 0.1471 0.5008 
 610 0.1492 0.0063 0.0564 0.0896 0.0900 0.1653 0.1256 0.3175 
 611 0.0106 0.0077 0.0283 0.0811 0.1647 0.2686 0.2501 0.1889 
 612 0.0435 0.0145 0.0376 0.1198 0.0734 0.0948 0.1069 0.5096 
 613 0.0173 0.0366 0.0529 0.0579 0.1163 0.2124 0.1430 0.3637 
 614 0.0119 0.0075 0.0162 0.0769 0.0623 0.1493 0.0969 0.5790 
 615 0.0289 0.0061 0.0195 0.1204 0.0655 0.1563 0.1588 0.4445 
 616 0.0078 0.0059 0.0148 0.0510 0.0934 0.1899 0.2126 0.4246 
 617 0.0247 0.0184 0.0490 0.1752 0.1061 0.1521 0.1006 0.3738 
 618 0.0524 0.0120 0.0287 0.1751 0.0643 0.1497 0.2281 0.2898 
 619 0.0189 0.0048 0.0620 0.0398 0.1923 0.2008 0.2009 0.2805 
 620 0.0155 0.0047 0.0544 0.0492 0.2371 0.3567 0.0694 0.2129 
 621 0.0118 0.0090 0.0143 0.0677 0.2411 0.1153 0.1077 0.4331 
 622 0.0497 0.0145 0.0324 0.1361 0.0724 0.2755 0.1572 0.2623 
 623 0.0149 0.0052 0.0257 0.0529 0.1992 0.2907 0.1104 0.3011 
 624 0.0335 0.0107 0.0234 0.1301 0.1032 0.1119 0.2174 0.3699 
 625 0.0202 0.0290 0.0210 0.1184 0.1210 0.1277 0.2167 0.3461 
 626 0.0379 0.0319 0.0826 0.1600 0.0524 0.1428 0.3198 0.1726 
 627 0.0095 0.0049 0.0281 0.0672 0.1205 0.2869 0.1350 0.3479 
 628 0.0096 0.0054 0.0175 0.0814 0.1675 0.3375 0.1336 0.2474 
 629 0.0084 0.0065 0.0147 0.1059 0.1575 0.2274 0.1656 0.3139 
 630 0.0179 0.0146 0.0249 0.1171 0.1199 0.1297 0.1211 0.4549 
 631 0.0092 0.0060 0.0170 0.0542 0.0809 0.2171 0.1335 0.4820 
 632 0.0101 0.0057 0.0209 0.0840 0.0654 0.3060 0.3108 0.1971 
 633 0.0189 0.0071 0.0171 0.0816 0.1083 0.1373 0.2064 0.4233 
 634 0.0106 0.0065 0.0351 0.0460 0.1100 0.2583 0.2571 0.2765 
 635 0.0106 0.0059 0.0217 0.0642 0.0690 0.1498 0.4478 0.2311 
 636 0.0145 0.0080 0.0198 0.0949 0.1163 0.1188 0.2655 0.3620 
 637 0.0120 0.0068 0.0564 0.1729 0.0988 0.2397 0.1914 0.2219 
 638 0.0102 0.0077 0.0166 0.0645 0.1364 0.2687 0.2056 0.2903 
 639 0.0143 0.0070 0.0179 0.0820 0.0671 0.1941 0.1785 0.4391 
 640 0.0095 0.0068 0.0136 0.1003 0.2521 0.1404 0.1425 0.3348 
 641 0.0097 0.0113 0.0164 0.0612 0.0950 0.2786 0.1548 0.3730 
 642 0.0098 0.0063 0.0368 0.0975 0.0731 0.1824 0.4204 0.1735 
 643 0.0063 0.0062 0.0189 0.0680 0.0765 0.1096 0.5678 0.1465 
 644 0.0078 0.0061 0.0230 0.0624 0.1151 0.1453 0.5060 0.1344 
 645 0.0588 0.0135 0.0246 0.1171 0.0487 0.1109 0.4463 0.1801 
