   1 0.0086 0.0097 0.0601 0.0921 0.2572 0.2887 0.1155 0.1681 
   2 0.0051 0.0088 0.0275 0.0925 0.0997 0.0917 0.1740 0.5006 
   3 0.0093 0.0057 0.0323 0.2137 0.2329 0.2088 0.1207 0.1768 
   4 0.0120 0.0075 0.2610 0.0691 0.2314 0.1080 0.1229 0.1880 
   5 0.0070 0.0097 0.0354 0.1368 0.0837 0.1044 0.1782 0.4448 
   6 0.0070 0.0056 0.0436 0.3961 0.0848 0.1552 0.1658 0.1418 
   7 0.0096 0.0069 0.0329 0.0984 0.0902 0.1940 0.4596 0.1085 
   8 0.0316 0.0081 0.1677 0.1885 0.1819 0.1480 0.1431 0.1311 
   9 0.0119 0.0127 0.0309 0.1587 0.1953 0.1652 0.1490 0.2764 
  10 0.0129 0.0085 0.1563 0.1703 0.1128 0.1901 0.2223 0.1268 
  11 0.0060 0.0097 0.0264 0.0724 0.0937 0.3580 0.3217 0.1122 
  12 0.0070 0.0073 0.0442 0.1610 0.1339 0.0913 0.1884 0.3669 
  13 0.0094 0.0097 0.0329 0.1576 0.1786 0.1293 0.2715 0.2109 
  14 0.0051 0.0063 0.0480 0.1046 0.1188 0.1575 0.0965 0.4633 
  15 0.0083 0.0066 0.0726 0.0842 0.2244 0.1695 0.1620 0.2723 
  16 0.0062 0.0103 0.0291 0.1313 0.1423 0.3874 0.1504 0.1429 
  17 0.0139 0.0090 0.0393 0.3139 0.1334 0.1096 0.1444 0.2365 
  18 0.0159 0.0090 0.0496 0.1326 0.1489 0.2195 0.1016 0.3229 
  19 0.0065 0.0068 0.0337 0.3654 0.1271 0.1358 0.1704 0.1543 
  20 0.0073 0.0077 0.0443 0.1119 0.1309 0.1803 0.2276 0.2901 
  21 0.0063 0.0071 0.0768 0.0630 0.1762 0.1924 0.1003 0.3780 
  22 0.0104 0.0076 0.0315 0.3381 0.1778 0.1524 0.1246 0.1577 
  23 0.0123 0.0240 0.0418 0.0846 0.3126 0.1245 0.1086 0.2917 
  24 0.0065 0.0091 0.0387 0.0861 0.3028 0.2786 0.1187 0.1597 
  25 0.0079 0.0073 0.0270 0.2559 0.0739 0.1480 0.2916 0.1885 
  26 0.0134 0.0068 0.0581 0.1624 0.2028 0.1661 0.1310 0.2594 
  27 0.0096 0.0102 0.0413 0.1491 0.1570 0.2195 0.1515 0.2617 
  28 0.0070 0.0083 0.2209 0.0774 0.1560 0.2106 0.1570 0.1629 
  29 0.0051 0.0105 0.0249 0.0788 0.1501 0.1555 0.2791 0.2960 
  30 0.0064 0.0083 0.0268 0.2335 0.1572 0.2426 0.1057 0.2193 
  31 0.0171 0.0108 0.1277 0.1313 0.1037 0.1426 0.2001 0.2667 
  32 0.0062 0.0060 0.0607 0.2534 0.2070 0.1152 0.1237 0.2277 
  33 0.0069 0.0083 0.0276 0.0991 0.2540 0.2692 0.1555 0.1793 
  34 0.0083 0.0174 0.1121 0.2126 0.0735 0.1694 0.2985 0.1082 
  35 0.0172 0.0213 0.0224 0.1876 0.1198 0.1256 0.1207 0.3855 
  36 0.0053 0.0080 0.0234 0.0439 0.1312 0.4221 0.0863 0.2798 
  37 0.0121 0.0071 0.0370 0.0999 0.2672 0.1133 0.1626 0.3009 
  38 0.0057 0.0179 0.0199 0.0489 0.0864 0.4965 0.1457 0.1791 
  39 0.0090 0.0187 0.0306 0.0688 0.1134 0.3293 0.1680 0.2621 
  40 0.0052 0.0107 0.0306 0.0882 0.2661 0.1703 0.0844 0.3445 
  41 0.0081 0.0401 0.0205 0.0658 0.1714 0.3236 0.1314 0.2391 
  42 0.0058 0.0178 0.0300 0.0327 0.4095 0.2653 0.0852 0.1537 
  43 0.0117 0.0163 0.0306 0.0752 0.2226 0.0977 0.1586 0.3873 
  44 0.0098 0.0157 0.0188 0.1432 0.1492 0.1025 0.1140 0.4467 
  45 0.0063 0.0174 0.0195 0.0406 0.0992 0.3128 0.1294 0.3749 
  46 0.0163 0.0092 0.0330 0.2160 0.0923 0.1535 0.1582 0.3214 
  47 0.0261 0.0187 0.0355 0.2545 0.1585 0.1164 0.1488 0.2414 
  48 0.0113 0.0200 0.0197 0.1547 0.1494 0.0923 0.0841 0.4686 
  49 0.0128 0.0315 0.0283 0.0793 0.1463 0.2580 0.1169 0.3268 
  50 0.0185 0.0141 0.0770 0.2049 0.0729 0.1788 0.2312 0.2026 
  51 0.0049 0.0190 0.0204 0.0339 0.1634 0.2828 0.0780 0.3977 
  52 0.0129 0.0207 0.0330 0.0705 0.1447 0.3389 0.1642 0.2150 
  53 0.0081 0.0155 0.0413 0.0858 0.1160 0.4591 0.1205 0.1539 
  54 0.0117 0.0153 0.0320 0.1097 0.1739 0.0784 0.1611 0.4179 
  55 0.0088 0.0102 0.0250 0.0787 0.1231 0.0861 0.1203 0.5478 
  56 0.0082 0.0179 0.0283 0.1291 0.1677 0.1816 0.0779 0.3894 
  57 0.0275 0.0134 0.1038 0.2061 0.1997 0.1366 0.1761 0.1368 
  58 0.0068 0.0174 0.0254 0.0443 0.1544 0.2196 0.1257 0.4063 
  59 0.0065 0.0367 0.0277 0.0540 0.1419 0.3233 0.1215 0.2885 
  60 0.0055 0.0080 0.0522 0.0449 0.1890 0.2191 0.0924 0.3888 
  61 0.0047 0.0086 0.0343 0.0333 0.1681 0.0773 0.0982 0.5755 
  62 0.0186 0.0573 0.0461 0.1204 0.1220 0.1746 0.1503 0.3106 
  63 0.0051 0.0087 0.0326 0.0491 0.2123 0.1953 0.1836 0.3134 
  64 0.0089 0.0129 0.0247 0.1746 0.0956 0.3094 0.1350 0.2389 
  65 0.0069 0.0097 0.0240 0.0869 0.0728 0.1190 0.4423 0.2384 
  66 0.0063 0.0090 0.0545 0.0468 0.2182 0.1226 0.1754 0.3672 
  67 0.0077 0.0094 0.0223 0.0736 0.1067 0.0789 0.1495 0.5520 
  68 0.0076 0.0343 0.0317 0.0452 0.1604 0.3394 0.1101 0.2713 
  69 0.0101 0.0539 0.1577 0.0751 0.0733 0.3700 0.1109 0.1490 
  70 0.0048 0.0091 0.0278 0.0416 0.2065 0.3257 0.1393 0.2451 
  71 0.0064 0.0320 0.0203 0.0467 0.0770 0.3086 0.1196 0.3895 
  72 0.0071 0.0069 0.0245 0.0986 0.0983 0.4050 0.1092 0.2504 
  73 0.0063 0.0340 0.0231 0.0435 0.0884 0.1345 0.1462 0.5241 
  74 0.0052 0.0076 0.0283 0.0460 0.2262 0.3673 0.0815 0.2378 
  75 0.0065 0.0105 0.0299 0.0400 0.2829 0.2630 0.0690 0.2982 
  76 0.0073 0.0072 0.0240 0.0658 0.1305 0.1287 0.2605 0.3758 
  77 0.0053 0.0312 0.0187 0.0422 0.1422 0.3412 0.1706 0.2487 
  78 0.0060 0.0362 0.0186 0.0461 0.1468 0.4108 0.1387 0.1969 
  79 0.0065 0.0072 0.0318 0.0744 0.1103 0.2007 0.4123 0.1570 
  80 0.0061 0.0068 0.0603 0.0460 0.4764 0.1061 0.1624 0.1360 
  81 0.0069 0.0058 0.0867 0.0494 0.3476 0.1413 0.2273 0.1351 
  82 0.0063 0.0131 0.0354 0.0527 0.1956 0.1356 0.1896 0.3717 
  83 0.0058 0.0058 0.0651 0.0575 0.2431 0.2263 0.1872 0.2092 
  84 0.0058 0.0061 0.0671 0.0514 0.2268 0.2143 0.2696 0.1588 
  85 0.0060 0.0057 0.0685 0.0790 0.2681 0.2491 0.1378 0.1859 
  86 0.0091 0.0119 0.0303 0.1059 0.0928 0.1134 0.1992 0.4375 
  87 0.0067 0.0070 0.0377 0.0516 0.1140 0.2179 0.3825 0.1827 
  88 0.0067 0.0065 0.0454 0.0442 0.3227 0.1427 0.2362 0.1956 
  89 0.0079 0.0063 0.0699 0.0428 0.3529 0.1347 0.1998 0.1857 
  90 0.0058 0.0067 0.0381 0.0448 0.1285 0.1482 0.4522 0.1757 
  91 0.0057 0.0052 0.0661 0.0533 0.4086 0.1920 0.1151 0.1539 
  92 0.0065 0.0072 0.0405 0.0632 0.1722 0.1889 0.2896 0.2320 
  93 0.0062 0.0073 0.2562 0.0425 0.3402 0.1089 0.0936 0.1451 
  94 0.0051 0.0065 0.0318 0.0424 0.0983 0.3476 0.3467 0.1215 
  95 0.0055 0.0063 0.0454 0.0342 0.2490 0.1218 0.3861 0.1516 
  96 0.0055 0.0108 0.0374 0.0332 0.2988 0.0884 0.1056 0.4204 
  97 0.0067 0.0090 0.0314 0.0419 0.2184 0.2938 0.0746 0.3242 
  98 0.0047 0.0126 0.0230 0.0660 0.2170 0.1694 0.1349 0.3723 
  99 0.0060 0.0063 0.0653 0.0469 0.2161 0.1709 0.3300 0.1586 
 100 0.0063 0.0079 0.0490 0.0409 0.5084 0.0721 0.0885 0.2268 
 101 0.0084 0.0080 0.0474 0.0540 0.1658 0.1941 0.2759 0.2463 
 102 0.0067 0.0147 0.0600 0.0451 0.3254 0.1737 0.1738 0.2006 
 103 0.0065 0.0095 0.0838 0.0479 0.1223 0.0981 0.2527 0.3792 
 104 0.0058 0.0069 0.0956 0.0487 0.0552 0.1028 0.4804 0.2048 
 105 0.0073 0.0181 0.1351 0.0434 0.0714 0.0885 0.3657 0.2704 
 106 0.0059 0.0065 0.0195 0.0591 0.0629 0.2526 0.4279 0.1656 
 107 0.0063 0.0099 0.0728 0.0543 0.1164 0.0986 0.3413 0.3003 
 108 0.0046 0.0059 0.0305 0.0719 0.0751 0.1853 0.0952 0.5315 
 109 0.0080 0.1068 0.0268 0.0572 0.0562 0.2427 0.2879 0.2145 
 110 0.0059 0.0086 0.0225 0.0569 0.0691 0.2797 0.4391 0.1183 
 111 0.0069 0.0147 0.0357 0.0466 0.0771 0.0853 0.5532 0.1806 
 112 0.0052 0.1788 0.0227 0.0382 0.0681 0.1693 0.3727 0.1449 
 113 0.0072 0.0094 0.0395 0.0743 0.1164 0.1680 0.1586 0.4265 
 114 0.0051 0.0121 0.1211 0.0410 0.0637 0.1033 0.4624 0.1913 
 115 0.0069 0.0152 0.0293 0.0688 0.1366 0.1055 0.3649 0.2727 
 116 0.0076 0.0116 0.0199 0.0512 0.0690 0.3033 0.2663 0.2712 
 117 0.0089 0.0270 0.0246 0.0586 0.1076 0.2525 0.3992 0.1216 
 118 0.0057 0.0158 0.0303 0.0589 0.0793 0.0949 0.2692 0.4460 
 119 0.0048 0.0075 0.0379 0.0387 0.3108 0.1483 0.1515 0.3004 
 120 0.0067 0.0211 0.0381 0.0571 0.1148 0.1231 0.3638 0.2754 
 121 0.0177 0.0470 0.0245 0.0580 0.1022 0.1504 0.3148 0.2855 
 122 0.0049 0.0129 0.0338 0.0558 0.0702 0.2498 0.3800 0.1926 
 123 0.0058 0.0100 0.0403 0.0497 0.0978 0.1656 0.4147 0.2161 
 124 0.0088 0.0235 0.0285 0.0945 0.0731 0.2564 0.2236 0.2917 
 125 0.0068 0.0261 0.0241 0.0892 0.1128 0.4387 0.1677 0.1346 
 126 0.0046 0.0067 0.0356 0.0382 0.1102 0.2889 0.2545 0.2613 
 127 0.0054 0.0109 0.0339 0.0417 0.0810 0.0807 0.5323 0.2141 
 128 0.0055 0.0126 0.0282 0.0552 0.0801 0.0942 0.2333 0.4909 
 129 0.0079 0.0103 0.0324 0.0506 0.0620 0.0885 0.3983 0.3500 
 130 0.0065 0.0200 0.0770 0.0505 0.1092 0.1118 0.4289 0.1961 
 131 0.0133 0.0311 0.0264 0.0632 0.0684 0.3575 0.2408 0.1992 
 132 0.0062 0.0090 0.0275 0.0527 0.0590 0.1975 0.3715 0.2767 
 133 0.0110 0.0118 0.0447 0.0553 0.0948 0.1070 0.3743 0.3011 
 134 0.0048 0.0119 0.0182 0.0456 0.0547 0.1910 0.5616 0.1122 
 135 0.0081 0.0162 0.0777 0.0341 0.3334 0.1161 0.0714 0.3429 
 136 0.0084 0.0098 0.2362 0.0852 0.3384 0.0969 0.0730 0.1520 
 137 0.0060 0.0183 0.1150 0.0471 0.5067 0.0941 0.1108 0.1019 
 138 0.0054 0.0062 0.4512 0.0412 0.1796 0.1170 0.0665 0.1329 
 139 0.0051 0.0079 0.1271 0.0510 0.1048 0.1071 0.0745 0.5224 
 140 0.0070 0.0094 0.1384 0.0388 0.2597 0.1917 0.1169 0.2381 
 141 0.0070 0.0094 0.3880 0.0774 0.1159 0.1453 0.0728 0.1841 
 142 0.0070 0.0176 0.1453 0.0337 0.2211 0.1055 0.0696 0.4002 
 143 0.0050 0.0054 0.0763 0.0366 0.6282 0.0729 0.0644 0.1113 
 144 0.0060 0.0177 0.0739 0.0386 0.5733 0.0802 0.1046 0.1057 
 145 0.0095 0.0123 0.1357 0.1059 0.2560 0.1558 0.0767 0.2480 
 146 0.0125 0.0077 0.2114 0.0551 0.2172 0.1865 0.1343 0.1752 
 147 0.0063 0.0062 0.2084 0.0466 0.4752 0.0843 0.0681 0.1048 
 148 0.0067 0.0136 0.2788 0.0683 0.1704 0.1038 0.1048 0.2536 
 149 0.0067 0.0095 0.3269 0.0409 0.1717 0.1409 0.0654 0.2380 
 150 0.0081 0.0214 0.1358 0.0501 0.3345 0.1116 0.1618 0.1767 
 151 0.0070 0.0065 0.1049 0.0370 0.5041 0.0921 0.0898 0.1585 
 152 0.0069 0.0116 0.1910 0.0974 0.2112 0.1232 0.0836 0.2750 
 153 0.0055 0.0069 0.3697 0.0381 0.1659 0.1662 0.0816 0.1661 
 154 0.0084 0.0081 0.4002 0.0670 0.1301 0.0902 0.0693 0.2265 
 155 0.0054 0.0057 0.4722 0.0385 0.1610 0.0846 0.0940 0.1386 
 156 0.0052 0.0089 0.2266 0.0323 0.3012 0.0846 0.0870 0.2541 
 157 0.0055 0.0057 0.3333 0.0353 0.2218 0.1275 0.1590 0.1120 
 158 0.0097 0.0128 0.1513 0.0947 0.2951 0.1721 0.0757 0.1887 
 159 0.0074 0.0076 0.3798 0.0427 0.2993 0.0807 0.0677 0.1148 
 160 0.0080 0.0074 0.4474 0.0421 0.2068 0.0814 0.0675 0.1395 
 161 0.0057 0.0075 0.0679 0.0437 0.4444 0.1825 0.0921 0.1562 
 162 0.0143 0.0077 0.2341 0.0600 0.1321 0.1710 0.1308 0.2501 
 163 0.0053 0.0058 0.4209 0.0344 0.2033 0.0901 0.0834 0.1570 
 164 0.0136 0.0064 0.3158 0.0476 0.1374 0.1296 0.1317 0.2179 
 165 0.0079 0.0204 0.1042 0.0384 0.4379 0.0997 0.1480 0.1436 
 166 0.0058 0.0059 0.3004 0.0445 0.1455 0.1657 0.1315 0.2007 
 167 0.0146 0.0065 0.5136 0.0849 0.0869 0.0797 0.0976 0.1162 
 168 0.0066 0.0062 0.2979 0.0455 0.2008 0.1910 0.0730 0.1789 
 169 0.0113 0.0141 0.1081 0.0919 0.2170 0.3224 0.0715 0.1637 
 170 0.0055 0.0070 0.0406 0.0355 0.5175 0.0926 0.0906 0.2107 
 171 0.0073 0.0064 0.2355 0.0706 0.1748 0.1523 0.0945 0.2587 
 172 0.0069 0.0126 0.1346 0.0401 0.2314 0.2729 0.0632 0.2383 
 173 0.0072 0.0072 0.4157 0.0445 0.1875 0.0769 0.0697 0.1914 
 174 0.0068 0.0059 0.4216 0.0420 0.1922 0.1040 0.0975 0.1301 
 175 0.0066 0.0070 0.1000 0.0965 0.5168 0.0825 0.0713 0.1193 
 176 0.0058 0.0177 0.0741 0.0386 0.5737 0.0794 0.1051 0.1057 
 177 0.0070 0.0068 0.3052 0.0371 0.1392 0.2267 0.1406 0.1374 
 178 0.0069 0.0060 0.4197 0.0801 0.1323 0.1077 0.1053 0.1419 
 179 0.0055 0.0053 0.5075 0.0465 0.1591 0.0778 0.0705 0.1278 
 180 0.0129 0.0099 0.1997 0.0646 0.2882 0.1570 0.0983 0.1693 
 181 0.0084 0.0103 0.1041 0.0481 0.3350 0.1323 0.0714 0.2905 
 182 0.0105 0.0078 0.0983 0.0375 0.4465 0.0781 0.0698 0.2515 
 183 0.0062 0.0063 0.1854 0.0507 0.4439 0.0824 0.0709 0.1541 
 184 0.0080 0.0071 0.0277 0.1670 0.1017 0.0816 0.1385 0.4684 
 185 0.0046 0.0079 0.2457 0.0351 0.3245 0.0665 0.0584 0.2571 
 186 0.0080 0.0061 0.0271 0.0963 0.0992 0.0960 0.2609 0.4065 
 187 0.0050 0.0056 0.1166 0.0873 0.2021 0.0796 0.1135 0.3903 
 188 0.0078 0.0068 0.0229 0.0975 0.0749 0.0773 0.2176 0.4951 
 189 0.0054 0.0056 0.0567 0.1321 0.2689 0.1943 0.0993 0.2376 
 190 0.0043 0.0086 0.0457 0.0297 0.1997 0.0615 0.0608 0.5897 
 191 0.0053 0.0092 0.0404 0.0673 0.1253 0.0820 0.1254 0.5450 
 192 0.0051 0.0060 0.0483 0.0769 0.2967 0.0959 0.1760 0.2951 
 193 0.0056 0.0094 0.0415 0.0816 0.2378 0.1146 0.1204 0.3892 
 194 0.0063 0.0062 0.0412 0.0593 0.3060 0.1025 0.1414 0.3370 
 195 0.0048 0.0063 0.0754 0.0418 0.2761 0.0668 0.0664 0.4624 
 196 0.0043 0.0081 0.0447 0.0386 0.1795 0.0735 0.0857 0.5656 
 197 0.0065 0.0071 0.0807 0.2033 0.1257 0.0956 0.1568 0.3242 
 198 0.0051 0.0061 0.0442 0.0806 0.1887 0.1903 0.1689 0.3161 
 199 0.0055 0.0085 0.0296 0.0428 0.2100 0.0926 0.0901 0.5210 
 200 0.0046 0.0114 0.0445 0.0652 0.1588 0.1037 0.0910 0.5208 
 201 0.0048 0.0055 0.2350 0.0558 0.1883 0.0671 0.0773 0.3661 
 202 0.0045 0.0070 0.0461 0.0386 0.4596 0.0682 0.0881 0.2879 
 203 0.0048 0.0081 0.1319 0.0451 0.2779 0.0627 0.0757 0.3938 
 204 0.0051 0.0072 0.0419 0.0366 0.1686 0.0659 0.0768 0.5978 
 205 0.0050 0.0067 0.0381 0.0519 0.1395 0.0921 0.1024 0.5642 
 206 0.0059 0.0063 0.0547 0.0568 0.1612 0.0653 0.0745 0.5754 
 207 0.0050 0.0087 0.0251 0.0420 0.1236 0.0653 0.1036 0.6267 
 208 0.0049 0.0067 0.1435 0.0429 0.1183 0.0689 0.0813 0.5334 
 209 0.0052 0.0092 0.0370 0.0690 0.1814 0.0865 0.1246 0.4872 
 210 0.0049 0.0065 0.0536 0.0433 0.1609 0.0738 0.0958 0.5612 
 211 0.0065 0.0153 0.0384 0.0443 0.2450 0.0626 0.1171 0.4708 
 212 0.0045 0.0071 0.0629 0.0633 0.4226 0.0899 0.0768 0.2728 
 213 0.0054 0.0090 0.0318 0.0343 0.2023 0.1492 0.1371 0.4309 
 214 0.0049 0.0073 0.0538 0.0472 0.4264 0.0667 0.0761 0.3176 
 215 0.0045 0.0082 0.0364 0.0520 0.1010 0.0792 0.1089 0.6097 
 216 0.0090 0.0073 0.0310 0.1707 0.1304 0.0969 0.1376 0.4171 
 217 0.0048 0.0063 0.0660 0.0603 0.3426 0.0746 0.0729 0.3725 
 218 0.0056 0.0069 0.0448 0.0517 0.1643 0.0952 0.1236 0.5079 
 219 0.0098 0.0057 0.0731 0.1913 0.2282 0.1024 0.1113 0.2784 
 220 0.0052 0.0073 0.0375 0.0438 0.1199 0.0674 0.0979 0.6210 
 221 0.0048 0.0076 0.0343 0.0344 0.5834 0.0669 0.0611 0.2075 
 222 0.0081 0.0060 0.0410 0.2395 0.1757 0.0959 0.1282 0.3056 
 223 0.0050 0.0056 0.1300 0.0983 0.2492 0.0988 0.1041 0.3090 
 224 0.0062 0.0066 0.0659 0.0562 0.3057 0.0657 0.0800 0.4138 
 225 0.0051 0.0066 0.0418 0.0494 0.1767 0.0808 0.0908 0.5489 
 226 0.0071 0.0079 0.0486 0.1031 0.1768 0.1790 0.1014 0.3761 
 227 0.0049 0.0069 0.0648 0.0447 0.2321 0.0668 0.0952 0.4846 
 228 0.0047 0.0077 0.0749 0.0380 0.2468 0.0633 0.0616 0.5031 
 229 0.0056 0.0069 0.0625 0.0650 0.3550 0.0671 0.1067 0.3313 
 230 0.0057 0.0083 0.0500 0.0498 0.2851 0.0655 0.0966 0.4390 
 231 0.0052 0.0074 0.0853 0.0951 0.2422 0.0808 0.0966 0.3874 
 232 0.0064 0.0081 0.0357 0.0393 0.3300 0.1650 0.1153 0.3001 
 233 0.0053 0.0068 0.2180 0.0498 0.2636 0.0666 0.0764 0.3135 
 234 0.0046 0.0065 0.0630 0.1007 0.1890 0.1167 0.1482 0.3714 
 235 0.0056 0.0063 0.0510 0.0736 0.3063 0.1042 0.0993 0.3537 
 236 0.0049 0.0070 0.0677 0.0716 0.3247 0.0818 0.0940 0.3483 
 237 0.0049 0.0097 0.0327 0.0474 0.1125 0.0777 0.0951 0.6200 
 238 0.0045 0.0066 0.0518 0.0494 0.4169 0.0792 0.1042 0.2873 
 239 0.0048 0.0064 0.0753 0.0416 0.2751 0.0671 0.0666 0.4632 
 240 0.0047 0.0063 0.0515 0.0492 0.4196 0.0797 0.1021 0.2869 
 241 0.0065 0.0074 0.0533 0.0422 0.4182 0.0889 0.0780 0.3055 
 242 0.0061 0.0070 0.0540 0.0927 0.2160 0.1170 0.1080 0.3992 
 243 0.0044 0.0095 0.0464 0.0350 0.1763 0.0606 0.0685 0.5993 
 244 0.0050 0.0080 0.0659 0.0456 0.3088 0.0644 0.0776 0.4246 
 245 0.0051 0.0057 0.2003 0.0367 0.3209 0.0830 0.0837 0.2645 
 246 0.0048 0.0064 0.0664 0.0607 0.3414 0.0741 0.0732 0.3730 
 247 0.0048 0.0066 0.0251 0.0512 0.0894 0.1637 0.2320 0.4271 
 248 0.0045 0.0072 0.0282 0.0537 0.0819 0.0798 0.1218 0.6229 
 249 0.0054 0.0080 0.0410 0.0512 0.3910 0.0672 0.0955 0.3408 
 250 0.0055 0.0071 0.0504 0.0768 0.3026 0.0817 0.1208 0.3550 
 251 0.0056 0.0101 0.0437 0.1089 0.1379 0.1526 0.1230 0.4182 
 252 0.0051 0.0056 0.0575 0.0662 0.2600 0.0862 0.0987 0.4209 
 253 0.0054 0.0064 0.0296 0.0602 0.1394 0.1398 0.1524 0.4669 
 254 0.0073 0.0059 0.0517 0.1955 0.1597 0.0773 0.1156 0.3869 
 255 0.0052 0.0074 0.0475 0.1002 0.2552 0.0920 0.1431 0.3494 
 256 0.0055 0.0073 0.0442 0.0509 0.2950 0.0821 0.0844 0.4306 
 257 0.0157 0.0093 0.0470 0.0568 0.2108 0.0897 0.1161 0.4547 
 258 0.0043 0.0081 0.0460 0.0546 0.1248 0.1134 0.1300 0.5187 
 259 0.0065 0.0072 0.0375 0.0674 0.2213 0.0799 0.1140 0.4662 
 260 0.0068 0.0057 0.0629 0.2030 0.3012 0.0792 0.1194 0.2218 
 261 0.0047 0.0054 0.0760 0.0593 0.2867 0.0864 0.0791 0.4024 
 262 0.0046 0.0070 0.0491 0.0364 0.2881 0.0712 0.0617 0.4818 
 263 0.0088 0.0079 0.0330 0.0982 0.1037 0.0645 0.1059 0.5779 
 264 0.0094 0.0072 0.0223 0.3094 0.0766 0.1178 0.1253 0.3320 
 265 0.0049 0.0057 0.0740 0.0925 0.1936 0.0973 0.1039 0.4281 
 266 0.0049 0.0073 0.0492 0.0341 0.4991 0.0663 0.0616 0.2775 
 267 0.0048 0.0087 0.0466 0.0867 0.2429 0.0818 0.1211 0.4075 
 268 0.0043 0.0080 0.0458 0.0386 0.1783 0.0747 0.0865 0.5638 
 269 0.0050 0.0058 0.0804 0.1757 0.2033 0.1324 0.1066 0.2909 
 270 0.0087 0.0076 0.0440 0.1237 0.1034 0.0982 0.1532 0.4612 
 271 0.0052 0.0082 0.0417 0.0572 0.1303 0.0991 0.1162 0.5420 
 272 0.0065 0.0111 0.0453 0.0755 0.1385 0.1589 0.0997 0.4645 
 273 0.0380 0.0206 0.0834 0.0887 0.2125 0.1409 0.1426 0.2732 
 274 0.0056 0.0068 0.0447 0.0837 0.1639 0.1223 0.1166 0.4563 
 275 0.0093 0.0106 0.0896 0.1231 0.1394 0.1054 0.0930 0.4298 
 276 0.0069 0.0112 0.0281 0.0641 0.1457 0.1443 0.1132 0.4865 
 277 0.0055 0.0056 0.0650 0.1048 0.2799 0.1035 0.1081 0.3278 
 278 0.0045 0.0080 0.0446 0.0480 0.1085 0.0784 0.0897 0.6182 
 279 0.0058 0.0068 0.0501 0.0758 0.2096 0.1022 0.1030 0.4467 
 280 0.0050 0.0063 0.0506 0.0989 0.1815 0.1384 0.0858 0.4336 
 281 0.0059 0.0065 0.0449 0.0527 0.1645 0.1220 0.1430 0.4605 
 282 0.0046 0.0054 0.0854 0.0912 0.3860 0.0867 0.0995 0.2411 
 283 0.0049 0.0062 0.0878 0.0611 0.4388 0.0674 0.0993 0.2346 
 284 0.0048 0.0085 0.0859 0.0668 0.2269 0.1023 0.1305 0.3744 
 285 0.0045 0.0090 0.0215 0.0486 0.0676 0.1077 0.1095 0.6315 
 286 0.0052 0.0079 0.0661 0.0464 0.3082 0.0646 0.0783 0.4233 
 287 0.0057 0.0056 0.0626 0.0833 0.2242 0.1478 0.1470 0.3238 
 288 0.0064 0.0082 0.0426 0.0878 0.1404 0.1313 0.1097 0.4736 
 289 0.0082 0.0109 0.0409 0.0843 0.1330 0.0988 0.1526 0.4713 
 290 0.0081 0.0168 0.0272 0.1007 0.2075 0.1275 0.0849 0.4274 
 291 0.0052 0.0081 0.0416 0.0566 0.1310 0.0998 0.1152 0.5425 
 292 0.0049 0.0062 0.0500 0.0678 0.2174 0.1435 0.0749 0.4353 
 293 0.0062 0.0140 0.0270 0.1190 0.1091 0.1800 0.0984 0.4464 
 294 0.0096 0.0080 0.0264 0.0912 0.1054 0.0701 0.1112 0.5781 
 295 0.0072 0.0171 0.0638 0.0775 0.1177 0.1485 0.1213 0.4470 
 296 0.0051 0.0083 0.0404 0.0415 0.1254 0.0863 0.1155 0.5775 
 297 0.0056 0.0065 0.0385 0.1112 0.1588 0.1392 0.1079 0.4323 
 298 0.0053 0.0058 0.0604 0.1039 0.3649 0.0854 0.1310 0.2434 
 299 0.0093 0.0066 0.0372 0.1547 0.1387 0.0666 0.1299 0.4569 
 300 0.0053 0.0082 0.0256 0.0446 0.0975 0.0907 0.0866 0.6415 
 301 0.0074 0.0073 0.0435 0.2035 0.1048 0.0928 0.1129 0.4278 
 302 0.0082 0.0102 0.0386 0.0886 0.0852 0.0718 0.0928 0.6045 
 303 0.0051 0.0077 0.0562 0.0574 0.3224 0.0972 0.0799 0.3741 
 304 0.0074 0.0072 0.2079 0.1852 0.1773 0.0962 0.1543 0.1644 
 305 0.0053 0.0077 0.0750 0.0434 0.1704 0.0781 0.0665 0.5535 
 306 0.0054 0.0062 0.0538 0.0760 0.3888 0.0920 0.0826 0.2952 
 307 0.0070 0.0070 0.0431 0.0800 0.2826 0.1007 0.1072 0.3724 
 308 0.0049 0.0055 0.0764 0.0590 0.2875 0.0860 0.0789 0.4018 
 309 0.0213 0.0322 0.0573 0.0618 0.1167 0.0784 0.1418 0.4904 
 310 0.0047 0.0074 0.0499 0.0421 0.2362 0.0652 0.0716 0.5229 
 311 0.0058 0.0083 0.0492 0.0498 0.2880 0.0655 0.0964 0.4369 
 312 0.0047 0.0075 0.0392 0.0381 0.1179 0.0674 0.1099 0.6152 
 313 0.0051 0.0073 0.0254 0.0398 0.0842 0.0724 0.0839 0.6818 
 314 0.0051 0.0094 0.3233 0.0400 0.3256 0.0818 0.0633 0.1513 
 315 0.0049 0.0056 0.4211 0.0489 0.1728 0.1243 0.0696 0.1530 
 316 0.0073 0.0069 0.4893 0.0580 0.1209 0.1333 0.0758 0.1086 
 317 0.0058 0.0089 0.3872 0.0409 0.2975 0.0827 0.0662 0.1108 
 318 0.0053 0.0058 0.5892 0.0433 0.1236 0.0811 0.0662 0.0856 
 319 0.0058 0.0059 0.1270 0.0383 0.5612 0.0744 0.0651 0.1223 
 320 0.0053 0.0092 0.3220 0.0397 0.3273 0.0835 0.0626 0.1504 
 321 0.0055 0.0089 0.4288 0.0441 0.2545 0.0875 0.0671 0.1037 
 322 0.0084 0.0097 0.2708 0.0533 0.3025 0.1285 0.0754 0.1514 
 323 0.0092 0.0054 0.5246 0.0464 0.1738 0.0776 0.0662 0.0968 
 324 0.0054 0.0088 0.4272 0.0443 0.2552 0.0879 0.0676 0.1037 
 325 0.0051 0.0063 0.5247 0.0516 0.1084 0.1262 0.0733 0.1043 
 326 0.0093 0.0081 0.5138 0.0532 0.1136 0.1254 0.0743 0.1022 
 327 0.0058 0.0087 0.3864 0.0416 0.3002 0.0809 0.0670 0.1095 
 328 0.0056 0.0070 0.2679 0.0515 0.3137 0.1318 0.0750 0.1476 
 329 0.0054 0.0053 0.4221 0.0437 0.2896 0.0787 0.0667 0.0885 
 330 0.0060 0.0087 0.3847 0.0408 0.3014 0.0820 0.0667 0.1097 
 331 0.0054 0.0053 0.5355 0.0419 0.1673 0.0800 0.0669 0.0977 
 332 0.0102 0.0065 0.5120 0.0592 0.1128 0.1241 0.0739 0.1012 
 333 0.0093 0.0069 0.4618 0.0512 0.1552 0.1212 0.0750 0.1194 
 334 0.0057 0.0068 0.2678 0.0506 0.3152 0.1317 0.0743 0.1480 
 335 0.0056 0.0068 0.2269 0.0465 0.3912 0.1160 0.0726 0.1344 
 336 0.0091 0.0069 0.5151 0.0478 0.1527 0.0848 0.0637 0.1199 
 337 0.0058 0.0093 0.3718 0.0544 0.2161 0.1393 0.0742 0.1292 
 338 0.0055 0.0063 0.5881 0.0436 0.1234 0.0813 0.0668 0.0849 
 339 0.0055 0.0053 0.5363 0.0410 0.1687 0.0781 0.0666 0.0984 
 340 0.0054 0.0053 0.5083 0.0391 0.1942 0.0760 0.0657 0.1060 
 341 0.0117 0.0067 0.4752 0.0442 0.2173 0.0785 0.0669 0.0995 
 342 0.0057 0.0086 0.3869 0.0412 0.2985 0.0829 0.0660 0.1102 
 343 0.0114 0.0077 0.2111 0.0612 0.3582 0.1193 0.0692 0.1618 
 344 0.0052 0.0052 0.5476 0.0428 0.1669 0.0787 0.0667 0.0868 
 345 0.0058 0.0089 0.3880 0.0403 0.2997 0.0822 0.0658 0.1093 
 346 0.0054 0.0059 0.5740 0.0403 0.1388 0.0774 0.0659 0.0924 
 347 0.0052 0.0052 0.5213 0.0401 0.1950 0.0746 0.0657 0.0929 
 348 0.0049 0.0069 0.1753 0.0434 0.4062 0.1099 0.0684 0.1850 
 349 0.0055 0.0090 0.3863 0.0417 0.3021 0.0816 0.0661 0.1079 
 350 0.0054 0.0054 0.4102 0.0417 0.2414 0.0818 0.0637 0.1505 
 351 0.0055 0.0067 0.2269 0.0464 0.3922 0.1157 0.0721 0.1343 
 352 0.0057 0.0092 0.3406 0.0492 0.2533 0.1270 0.0734 0.1415 
 353 0.0087 0.0068 0.5125 0.0481 0.1560 0.0843 0.0641 0.1196 
 354 0.0064 0.0061 0.5332 0.0447 0.1744 0.0797 0.0672 0.0882 
 355 0.0054 0.0057 0.5912 0.0426 0.1216 0.0808 0.0670 0.0856 
 356 0.0045 0.0059 0.0564 0.0418 0.5537 0.1048 0.0664 0.1665 
 357 0.0054 0.0061 0.2636 0.1054 0.1572 0.2196 0.1047 0.1379 
 358 0.0056 0.0058 0.4854 0.0535 0.1488 0.1222 0.0743 0.1045 
 359 0.0055 0.0053 0.5370 0.0424 0.1654 0.0800 0.0677 0.0968 
 360 0.0053 0.0059 0.5754 0.0408 0.1373 0.0772 0.0664 0.0917 
 361 0.0053 0.0072 0.0716 0.0979 0.3242 0.2273 0.1045 0.1619 
 362 0.0059 0.0090 0.0444 0.0603 0.0907 0.3286 0.1784 0.2827 
 363 0.0078 0.0106 0.0272 0.1178 0.0826 0.2712 0.2710 0.2117 
 364 0.0092 0.0118 0.0590 0.2676 0.2244 0.1110 0.1436 0.1734 
 365 0.0191 0.0218 0.0307 0.1499 0.0947 0.3687 0.1402 0.1749 
 366 0.0064 0.0136 0.0336 0.1720 0.1493 0.1769 0.0914 0.3567 
 367 0.0051 0.0073 0.0216 0.0520 0.0648 0.2960 0.4478 0.1055 
 368 0.0062 0.0070 0.0320 0.0748 0.1104 0.1587 0.3936 0.2173 
 369 0.0089 0.0268 0.0473 0.1479 0.2702 0.1234 0.1388 0.2367 
 370 0.0170 0.0163 0.0387 0.1006 0.1173 0.1225 0.3422 0.2454 
 371 0.0118 0.0140 0.0424 0.2554 0.1332 0.1137 0.1593 0.2702 
 372 0.0685 0.0368 0.0511 0.0637 0.1353 0.1144 0.2353 0.2950 
 373 0.0063 0.0096 0.0335 0.0852 0.1920 0.1604 0.3586 0.1544 
 374 0.0078 0.0182 0.0398 0.0923 0.2887 0.2024 0.1830 0.1679 
 375 0.0194 0.0119 0.0276 0.2104 0.0799 0.1616 0.3565 0.1329 
 376 0.1207 0.0099 0.0242 0.1384 0.0731 0.3875 0.1487 0.0975 
 377 0.0073 0.0105 0.0537 0.0821 0.0845 0.2820 0.1768 0.3031 
 378 0.0062 0.0101 0.1047 0.0385 0.1482 0.1528 0.3766 0.1629 
 379 0.2001 0.0141 0.0224 0.1448 0.0669 0.2715 0.1613 0.1189 
 380 0.0116 0.0123 0.0413 0.1171 0.2060 0.3621 0.0856 0.1641 
 381 0.0088 0.0110 0.0278 0.2795 0.2022 0.2221 0.0728 0.1757 
 382 0.0053 0.0066 0.0375 0.2189 0.0757 0.1872 0.3392 0.1296 
 383 0.0153 0.0112 0.1614 0.2118 0.0846 0.2884 0.0889 0.1383 
 384 0.0547 0.0188 0.0727 0.3283 0.1050 0.1507 0.1575 0.1124 
 385 0.0077 0.1695 0.1592 0.1357 0.1010 0.1213 0.1742 0.1315 
 386 0.0047 0.0069 0.0257 0.0772 0.0829 0.3646 0.2788 0.1593 
 387 0.0052 0.0077 0.0405 0.1128 0.0829 0.3564 0.2423 0.1522 
 388 0.0186 0.0251 0.0802 0.1211 0.2033 0.1961 0.2132 0.1425 
 389 0.0114 0.0392 0.0329 0.0914 0.0787 0.0873 0.1398 0.5193 
 390 0.0242 0.0230 0.0282 0.0660 0.0852 0.3952 0.2108 0.1674 
 391 0.0159 0.0526 0.0307 0.0850 0.1479 0.1657 0.2404 0.2618 
 392 0.0087 0.0065 0.0527 0.1104 0.1441 0.3416 0.1615 0.1744 
 393 0.0087 0.0094 0.0403 0.0816 0.1384 0.5079 0.0851 0.1287 
 394 0.0056 0.0060 0.1069 0.0522 0.1745 0.2879 0.2063 0.1606 
 395 0.0044 0.0063 0.0287 0.0468 0.0828 0.3126 0.1520 0.3664 
 396 0.0062 0.0065 0.0208 0.1405 0.0687 0.1829 0.4205 0.1540 
 397 0.0830 0.0061 0.0420 0.2116 0.1795 0.0847 0.1077 0.2855 
 398 0.0468 0.0067 0.0231 0.0467 0.0688 0.4991 0.2018 0.1069 
 399 0.0050 0.0125 0.0280 0.0533 0.0871 0.2219 0.3999 0.1923 
 400 0.0082 0.0087 0.0247 0.1181 0.1397 0.2418 0.3372 0.1215 
 401 0.0051 0.0097 0.0311 0.0348 0.1260 0.2844 0.2969 0.2119 
 402 0.0077 0.0084 0.0366 0.1088 0.1270 0.1795 0.2574 0.2747 
 403 0.0086 0.0193 0.1177 0.0754 0.2733 0.1707 0.1441 0.1909 
 404 0.0090 0.0150 0.0296 0.1651 0.1805 0.2079 0.1802 0.2126 
 405 0.0050 0.0066 0.0322 0.0933 0.1320 0.3156 0.1383 0.2770 
 406 0.0045 0.0073 0.0272 0.0595 0.2161 0.3788 0.0790 0.2276 
 407 0.0047 0.0063 0.0204 0.0902 0.0693 0.5265 0.1526 0.1300 
 408 0.0044 0.0062 0.0188 0.0353 0.0640 0.1473 0.3781 0.3459 
 409 0.0138 0.0164 0.0290 0.0424 0.3702 0.3054 0.0943 0.1284 
 410 0.0991 0.0116 0.0399 0.0727 0.1228 0.2955 0.2027 0.1556 
 411 0.0246 0.0081 0.0911 0.2114 0.1030 0.2014 0.1776 0.1828 
 412 0.0058 0.0069 0.0302 0.0790 0.0997 0.1779 0.4118 0.1887 
 413 0.0052 0.0062 0.0929 0.0540 0.1377 0.2133 0.3095 0.1812 
 414 0.0047 0.0109 0.0328 0.1404 0.0565 0.1382 0.4139 0.2026 
 415 0.0058 0.0084 0.0207 0.1247 0.1058 0.3812 0.1430 0.2103 
 416 0.0068 0.0228 0.0275 0.0741 0.1778 0.2831 0.2253 0.1826 
 417 0.0065 0.0069 0.0232 0.0680 0.0863 0.5058 0.1752 0.1281 
 418 0.0078 0.0061 0.0242 0.0876 0.0785 0.1637 0.5150 0.1171 
 419 0.0125 0.0241 0.0534 0.0684 0.2260 0.2801 0.1640 0.1716 
 420 0.0044 0.0091 0.0195 0.0370 0.0985 0.3052 0.2674 0.2590 
 421 0.0074 0.0072 0.0234 0.0483 0.0946 0.3921 0.2581 0.1689 
 422 0.0071 0.0076 0.0257 0.0446 0.0903 0.3588 0.1066 0.3593 
 423 0.0089 0.0070 0.0394 0.1603 0.1016 0.2641 0.1701 0.2486 
 424 0.0091 0.0201 0.0367 0.0600 0.1365 0.2590 0.2871 0.1914 
 425 0.0260 0.0359 0.0497 0.2180 0.1291 0.1699 0.1915 0.1800 
 426 0.0322 0.0262 0.0601 0.1158 0.1197 0.2111 0.2844 0.1507 
 427 0.0051 0.0062 0.1157 0.0447 0.0641 0.4948 0.1657 0.1037 
 428 0.0256 0.0075 0.0469 0.0445 0.1822 0.3901 0.0926 0.2108 
 429 0.0066 0.0064 0.0214 0.1044 0.0648 0.3987 0.2887 0.1090 
 430 0.0057 0.0069 0.0232 0.0612 0.0770 0.5550 0.1382 0.1327 
 431 0.0105 0.0130 0.0611 0.1034 0.1061 0.1421 0.3466 0.2173 
 432 0.0064 0.0069 0.0328 0.0629 0.1170 0.1943 0.3633 0.2165 
 433 0.0122 0.0065 0.0653 0.0743 0.3002 0.1113 0.1721 0.2582 
 434 0.0066 0.0099 0.0370 0.1388 0.1777 0.2234 0.1588 0.2478 
 435 0.0048 0.0055 0.0222 0.0462 0.0658 0.5994 0.1448 0.1113 
 436 0.0064 0.0090 0.0238 0.0676 0.1133 0.5199 0.1664 0.0936 
 437 0.0077 0.0055 0.0249 0.3782 0.0775 0.2258 0.1464 0.1339 
 438 0.0057 0.0091 0.0252 0.0363 0.1293 0.4953 0.1362 0.1629 
 439 0.0051 0.0062 0.0247 0.0487 0.0813 0.6467 0.1033 0.0840 
 440 0.0041 0.0062 0.0195 0.0892 0.0583 0.5439 0.1667 0.1120 
 441 0.0055 0.0075 0.0360 0.0583 0.1305 0.5320 0.1130 0.1171 
 442 0.0067 0.0203 0.0195 0.1102 0.0883 0.3503 0.2319 0.1729 
 443 0.0049 0.0111 0.0205 0.0488 0.0702 0.3521 0.2782 0.2142 
 444 0.0062 0.0189 0.0195 0.1227 0.0848 0.3997 0.1765 0.1715 
 445 0.0497 0.0083 0.0291 0.0519 0.1964 0.4451 0.0867 0.1327 
 446 0.0555 0.0077 0.0244 0.0441 0.0755 0.5052 0.2098 0.0778 
 447 0.0064 0.0201 0.0278 0.0571 0.1425 0.4856 0.1170 0.1435 
 448 0.0052 0.0064 0.0240 0.0858 0.0800 0.4992 0.1564 0.1430 
 449 0.0054 0.0066 0.0309 0.0942 0.1191 0.4565 0.1297 0.1576 
 450 0.0091 0.0087 0.0365 0.2617 0.1255 0.2999 0.1742 0.0844 
 451 0.0054 0.0064 0.0197 0.0729 0.0590 0.1784 0.4762 0.1820 
 452 0.0062 0.0068 0.0356 0.1160 0.1249 0.4393 0.1725 0.0987 
 453 0.0049 0.0129 0.0235 0.0491 0.1301 0.2628 0.1542 0.3625 
 454 0.0052 0.0066 0.0484 0.0938 0.1040 0.4448 0.1457 0.1515 
 455 0.0046 0.0067 0.0211 0.0493 0.0738 0.5997 0.1378 0.1071 
 456 0.0057 0.0094 0.0204 0.0761 0.0710 0.4749 0.1292 0.2133 
 457 0.0062 0.0059 0.0247 0.1394 0.0819 0.5146 0.1112 0.1160 
 458 0.0546 0.0078 0.0249 0.0565 0.0854 0.5482 0.1260 0.0966 
 459 0.0050 0.0071 0.0326 0.0454 0.1571 0.5330 0.1372 0.0826 
 460 0.0047 0.0071 0.0228 0.0477 0.0682 0.5711 0.1876 0.0907 
 461 0.0073 0.0075 0.0247 0.0729 0.0740 0.3082 0.4277 0.0777 
 462 0.0080 0.0488 0.0193 0.1166 0.0562 0.4025 0.1472 0.2014 
 463 0.0044 0.0073 0.0264 0.0501 0.0976 0.4440 0.0862 0.2841 
 464 0.0042 0.0061 0.0205 0.0418 0.0704 0.5224 0.2018 0.1328 
 465 0.0082 0.0081 0.0253 0.0495 0.0836 0.4118 0.2463 0.1673 
 466 0.0043 0.0062 0.0209 0.0440 0.0745 0.4450 0.1703 0.2349 
 467 0.0054 0.0087 0.0296 0.0643 0.1018 0.4952 0.1186 0.1764 
 468 0.0051 0.0059 0.0205 0.0968 0.0688 0.5773 0.0894 0.1363 
 469 0.0046 0.0061 0.0231 0.0434 0.0681 0.6928 0.0836 0.0783 
 470 0.0046 0.0055 0.0225 0.0411 0.0668 0.6071 0.1592 0.0931 
 471 0.0061 0.0113 0.0229 0.0784 0.0832 0.2766 0.1958 0.3257 
 472 0.0074 0.0090 0.0219 0.0883 0.0885 0.4145 0.1674 0.2030 
 473 0.0058 0.0063 0.0331 0.0931 0.1163 0.4007 0.1363 0.2083 
 474 0.0056 0.0067 0.0305 0.1032 0.1301 0.4332 0.1552 0.1356 
 475 0.0057 0.0071 0.0357 0.0505 0.1389 0.3832 0.2280 0.1509 
 476 0.0079 0.0073 0.0228 0.2101 0.0877 0.4033 0.1469 0.1139 
 477 0.0075 0.0135 0.0259 0.0593 0.1271 0.3154 0.3067 0.1446 
 478 0.0079 0.0135 0.0240 0.0441 0.0670 0.2629 0.4813 0.0995 
 479 0.0046 0.0062 0.0219 0.0773 0.0664 0.5597 0.1673 0.0966 
 480 0.0061 0.0058 0.0237 0.1397 0.0772 0.5270 0.1229 0.0975 
 481 0.0060 0.0107 0.0223 0.1144 0.0820 0.2951 0.1761 0.2934 
 482 0.0060 0.0059 0.0218 0.0931 0.0676 0.5174 0.1977 0.0905 
 483 0.0060 0.0063 0.0249 0.0505 0.0872 0.5938 0.1448 0.0864 
 484 0.0055 0.0104 0.0252 0.0433 0.0772 0.5368 0.0936 0.2081 
 485 0.0055 0.0064 0.0233 0.0480 0.0699 0.6217 0.1352 0.0899 
 486 0.0105 0.0178 0.0300 0.1137 0.1018 0.1186 0.1948 0.4127 
 487 0.0111 0.0161 0.0665 0.1760 0.1631 0.1254 0.1784 0.2634 
 488 0.0092 0.0285 0.0748 0.0904 0.1067 0.1093 0.2907 0.2904 
 489 0.0091 0.0112 0.0316 0.2524 0.2433 0.0848 0.1102 0.2574 
 490 0.0070 0.0102 0.0244 0.1022 0.0710 0.1539 0.3525 0.2788 
 491 0.0098 0.0263 0.0339 0.0827 0.1940 0.1089 0.1276 0.4168 
 492 0.0050 0.0210 0.0922 0.0624 0.2462 0.1109 0.2427 0.2196 
 493 0.0095 0.0183 0.0640 0.1971 0.0784 0.0789 0.1693 0.3846 
 494 0.0401 0.0232 0.0327 0.1334 0.1978 0.1128 0.1626 0.2974 
 495 0.0294 0.0641 0.0682 0.0855 0.1810 0.0929 0.2951 0.1837 
 496 0.0063 0.0061 0.0442 0.0621 0.3712 0.1309 0.1217 0.2575 
 497 0.0207 0.0442 0.0832 0.1517 0.1374 0.1056 0.1312 0.3260 
 498 0.0120 0.0438 0.0225 0.1100 0.1756 0.1169 0.2731 0.2462 
 499 0.0343 0.0107 0.0742 0.1321 0.2412 0.1080 0.1096 0.2900 
 500 0.0161 0.0082 0.0434 0.3049 0.0998 0.1021 0.1239 0.3017 
 501 0.0123 0.0093 0.0415 0.1542 0.2782 0.1467 0.1843 0.1734 
 502 0.0081 0.0165 0.0489 0.0756 0.3037 0.1468 0.2645 0.1360 
 503 0.0078 0.0070 0.0282 0.2233 0.1040 0.2263 0.1770 0.2263 
 504 0.0088 0.0420 0.0248 0.0558 0.1177 0.1303 0.3808 0.2400 
 505 0.0080 0.0111 0.0309 0.0760 0.1964 0.0930 0.1432 0.4413 
 506 0.0068 0.0194 0.0396 0.0679 0.2763 0.1069 0.2628 0.2203 
 507 0.0081 0.0060 0.0627 0.0462 0.4698 0.0809 0.0687 0.2576 
 508 0.0188 0.0110 0.0919 0.0496 0.4218 0.0707 0.0884 0.2479 
 509 0.0076 0.0085 0.0501 0.0594 0.2083 0.1068 0.1204 0.4388 
 510 0.0190 0.0077 0.0532 0.2341 0.2959 0.0813 0.1398 0.1690 
 511 0.0115 0.0179 0.0240 0.1428 0.1273 0.2087 0.2442 0.2236 
 512 0.0081 0.0104 0.0230 0.2338 0.0795 0.1811 0.2991 0.1650 
 513 0.0078 0.2680 0.0341 0.0392 0.1084 0.0614 0.1519 0.3293 
 514 0.0081 0.0074 0.0542 0.0499 0.1110 0.1460 0.3988 0.2246 
 515 0.0112 0.0104 0.0784 0.0793 0.1521 0.3202 0.0943 0.2542 
 516 0.0094 0.0096 0.0277 0.0485 0.1386 0.1152 0.2982 0.3529 
 517 0.0069 0.0076 0.0480 0.0474 0.1872 0.2682 0.1467 0.2879 
 518 0.0690 0.0070 0.0950 0.2033 0.1763 0.0999 0.1221 0.2274 
 519 0.0056 0.0109 0.0295 0.0490 0.1620 0.1599 0.4093 0.1738 
 520 0.0072 0.0076 0.0556 0.0551 0.2612 0.2832 0.0754 0.2548 
 521 0.0053 0.0069 0.2422 0.0533 0.1264 0.1066 0.1976 0.2616 
 522 0.0229 0.0091 0.0395 0.2195 0.0866 0.1715 0.1343 0.3166 
 523 0.0085 0.0077 0.0527 0.0440 0.2071 0.1846 0.1375 0.3580 
 524 0.0077 0.0063 0.0556 0.0535 0.1237 0.4000 0.1149 0.2383 
 525 0.0920 0.0071 0.0642 0.0827 0.2103 0.2053 0.0842 0.2542 
 526 0.0052 0.0069 0.0263 0.0432 0.1326 0.4201 0.0728 0.2929 
 527 0.0794 0.0097 0.0421 0.1945 0.0954 0.1368 0.2683 0.1738 
 528 0.0046 0.0060 0.3351 0.0531 0.1209 0.0818 0.1073 0.2912 
 529 0.0979 0.0127 0.0542 0.0593 0.1690 0.1189 0.1634 0.3247 
 530 0.0070 0.0109 0.0394 0.1816 0.1387 0.2476 0.1173 0.2576 
 531 0.0069 0.0074 0.2471 0.0608 0.1227 0.2734 0.1008 0.1809 
 532 0.0159 0.0090 0.2175 0.1394 0.1023 0.0799 0.1620 0.2741 
 533 0.0675 0.0078 0.0401 0.1036 0.1109 0.1845 0.1055 0.3802 
 534 0.0770 0.0137 0.0578 0.0420 0.1247 0.0710 0.1293 0.4846 
 535 0.0053 0.0080 0.0269 0.0447 0.1355 0.3069 0.1561 0.3166 
 536 0.0067 0.0098 0.0317 0.0694 0.2988 0.2496 0.1452 0.1888 
 537 0.0061 0.0128 0.0343 0.0610 0.4358 0.1218 0.1143 0.2136 
 538 0.0049 0.0077 0.0309 0.0623 0.2885 0.1383 0.1017 0.3656 
 539 0.0046 0.0064 0.0392 0.0587 0.5649 0.0691 0.0795 0.1775 
 540 0.0058 0.0078 0.1387 0.0737 0.1016 0.1580 0.0839 0.4305 
 541 0.0077 0.0141 0.1806 0.0836 0.2382 0.1834 0.0986 0.1939 
 542 0.0052 0.0140 0.0224 0.0510 0.1090 0.3099 0.0811 0.4073 
 543 0.0086 0.0205 0.1162 0.0461 0.1402 0.1801 0.1617 0.3266 
 544 0.0045 0.0087 0.0333 0.0507 0.1315 0.2274 0.0916 0.4524 
 545 0.0054 0.0146 0.0211 0.0474 0.0954 0.3419 0.1194 0.3548 
 546 0.0053 0.0164 0.0404 0.0544 0.1399 0.1863 0.0831 0.4742 
 547 0.0057 0.0148 0.0309 0.0401 0.2919 0.2031 0.1059 0.3076 
 548 0.0053 0.0071 0.0493 0.0759 0.3009 0.0814 0.1197 0.3602 
 549 0.0061 0.0098 0.0310 0.0424 0.4632 0.2560 0.0861 0.1055 
 550 0.0042 0.0134 0.0215 0.0564 0.1997 0.3597 0.1378 0.2071 
 551 0.0068 0.0082 0.0422 0.0476 0.5120 0.1580 0.1017 0.1234 
 552 0.0052 0.0069 0.0355 0.0670 0.2363 0.1085 0.0787 0.4617 
 553 0.0088 0.0253 0.0616 0.0451 0.2132 0.1264 0.1207 0.3988 
 554 0.0094 0.0109 0.1256 0.1921 0.0880 0.1610 0.1296 0.2833 
 555 0.0066 0.0215 0.0391 0.0656 0.4044 0.1012 0.1083 0.2532 
 556 0.0055 0.0086 0.0299 0.0544 0.2240 0.1339 0.1064 0.4372 
 557 0.0049 0.0094 0.0370 0.0559 0.1802 0.4022 0.1519 0.1584 
 558 0.0058 0.0059 0.0228 0.0810 0.0692 0.5502 0.1864 0.0786 
 559 0.0069 0.0070 0.0269 0.0733 0.1007 0.1247 0.2799 0.3806 
 560 0.0046 0.0116 0.0186 0.0409 0.0574 0.3279 0.4176 0.1215 
 561 0.0057 0.0111 0.0233 0.0613 0.0716 0.3881 0.2264 0.2124 
 562 0.0063 0.0108 0.0191 0.1015 0.0571 0.1955 0.3097 0.2999 
 563 0.0093 0.0206 0.0293 0.0404 0.2617 0.2282 0.2980 0.1126 
 564 0.0098 0.0087 0.0460 0.1066 0.0812 0.1123 0.1451 0.4903 
 565 0.0054 0.0057 0.0234 0.0842 0.0798 0.5765 0.1192 0.1058 
 566 0.0043 0.0064 0.0196 0.0823 0.0580 0.2429 0.4653 0.1211 
 567 0.0065 0.0084 0.0223 0.0929 0.0761 0.0978 0.2048 0.4913 
 568 0.0057 0.0064 0.0300 0.0470 0.1012 0.3000 0.2318 0.2778 
 569 0.0074 0.0067 0.0454 0.1880 0.0837 0.2018 0.2239 0.2430 
 570 0.0065 0.0057 0.0216 0.3454 0.0611 0.2175 0.2384 0.1038 
 571 0.0053 0.0061 0.0300 0.0494 0.0869 0.1798 0.4816 0.1609 
 572 0.0041 0.0150 0.0317 0.0800 0.2770 0.1710 0.0972 0.3239 
 573 0.0079 0.0082 0.0363 0.0695 0.1017 0.2585 0.1551 0.3628 
 574 0.0070 0.0082 0.0471 0.2827 0.1604 0.1906 0.1279 0.1761 
 575 0.0058 0.0068 0.0349 0.0473 0.1948 0.2547 0.2934 0.1623 
 576 0.0051 0.0113 0.0215 0.0785 0.0581 0.2205 0.4953 0.1096 
 577 0.0088 0.0082 0.0320 0.2078 0.1964 0.1915 0.1978 0.1576 
 578 0.0055 0.0146 0.0289 0.0709 0.0905 0.2971 0.3235 0.1691 
 579 0.0060 0.0180 0.0327 0.0770 0.0681 0.3477 0.1912 0.2593 
 580 0.0060 0.0068 0.0322 0.1121 0.1224 0.4096 0.1592 0.1517 
 581 0.0052 0.0067 0.0312 0.0765 0.0987 0.4343 0.2160 0.1315 
 582 0.0059 0.0068 0.0200 0.1104 0.0691 0.4084 0.2369 0.1425 
 583 0.0507 0.0079 0.0336 0.0966 0.0825 0.1572 0.4290 0.1425 
 584 0.0069 0.0066 0.0230 0.0879 0.0684 0.2027 0.4865 0.1181 
 585 0.0062 0.0154 0.0233 0.0699 0.0792 0.3632 0.3031 0.1396 
 586 0.0054 0.0068 0.0265 0.0468 0.1124 0.1250 0.4641 0.2130 
 587 0.0084 0.0095 0.0199 0.2259 0.0678 0.1618 0.2206 0.2861 
 588 0.0067 0.0089 0.0293 0.0373 0.0631 0.0697 0.0831 0.7019 
 589 0.0057 0.0070 0.0259 0.1899 0.0619 0.3427 0.1668 0.2002 
 590 0.0061 0.0073 0.0276 0.0933 0.0740 0.1034 0.4344 0.2540 
 591 0.0055 0.0064 0.0301 0.0477 0.0925 0.1822 0.4689 0.1668 
 592 0.0044 0.0069 0.0215 0.0609 0.0722 0.2444 0.2376 0.3522 
 593 0.0055 0.0066 0.0349 0.0551 0.1217 0.3204 0.2271 0.2287 
 594 0.0582 0.0091 0.0708 0.0604 0.1269 0.1793 0.2794 0.2159 
 595 0.0092 0.0229 0.0208 0.2836 0.0660 0.1272 0.2908 0.1795 
 596 0.0044 0.0075 0.0351 0.1024 0.0949 0.1960 0.1432 0.4165 
 597 0.0082 0.0087 0.1701 0.0441 0.0928 0.1215 0.3666 0.1880 
 598 0.0067 0.0056 0.0233 0.3467 0.0660 0.2833 0.1808 0.0875 
 599 0.0056 0.0060 0.0200 0.0898 0.0601 0.1928 0.4073 0.2184 
 600 0.0049 0.0072 0.0401 0.1013 0.1132 0.4086 0.1277 0.1971 
 601 0.0047 0.0072 0.0188 0.0672 0.0656 0.3758 0.2852 0.1757 
 602 0.0078 0.0094 0.0433 0.0678 0.1911 0.1639 0.2064 0.3103 
 603 0.0057 0.0075 0.0509 0.0766 0.1600 0.1369 0.2136 0.3489 
 604 0.0120 0.0147 0.0526 0.0977 0.1101 0.3988 0.1239 0.1903 
 605 0.0060 0.0098 0.0303 0.0661 0.0995 0.3077 0.1852 0.2954 
 606 0.0088 0.0089 0.0490 0.1193 0.1870 0.1713 0.1451 0.3107 
 607 0.0074 0.0087 0.0633 0.1008 0.2360 0.2440 0.1531 0.1867 
 608 0.0056 0.0064 0.1773 0.0421 0.2588 0.2321 0.1403 0.1374 
 609 0.0089 0.0095 0.0245 0.1039 0.1407 0.3526 0.1851 0.1747 
 610 0.0056 0.0094 0.0288 0.0635 0.0942 0.4778 0.1021 0.2186 
 611 0.0081 0.0068 0.0486 0.0590 0.1795 0.1656 0.2167 0.3156 
 612 0.0117 0.0070 0.0288 0.1073 0.0808 0.5321 0.1050 0.1273 
 613 0.0368 0.0088 0.0388 0.1702 0.0947 0.2081 0.1478 0.2949 
 614 0.0069 0.0100 0.0226 0.3167 0.0820 0.2775 0.1013 0.1830 
 615 0.0055 0.0064 0.0359 0.1583 0.1450 0.3681 0.1027 0.1780 
 616 0.0055 0.0067 0.0623 0.1843 0.1645 0.1798 0.2094 0.1875 
 617 0.0119 0.0333 0.0353 0.2723 0.0694 0.2003 0.1266 0.2509 
 618 0.0122 0.0177 0.1629 0.0666 0.0993 0.3636 0.0847 0.1931 
 619 0.0044 0.0059 0.0448 0.0701 0.1529 0.2641 0.1938 0.2639 
 620 0.0045 0.0083 0.0189 0.0474 0.0573 0.2029 0.2509 0.4099 
 621 0.0090 0.0069 0.0256 0.0860 0.0884 0.2468 0.4201 0.1173 
 622 0.0134 0.0459 0.0680 0.1578 0.0921 0.1962 0.1078 0.3188 
 623 0.0049 0.0068 0.0267 0.0899 0.0892 0.1991 0.2846 0.2989 
 624 0.0078 0.0068 0.1622 0.0666 0.1050 0.3983 0.1205 0.1329 
 625 0.0099 0.0268 0.0856 0.2252 0.1370 0.2191 0.1549 0.1414 
 626 0.0185 0.0078 0.1758 0.0639 0.1659 0.2683 0.0666 0.2333 
 627 0.0046 0.0078 0.0370 0.1246 0.0946 0.2020 0.2217 0.3078 
 628 0.0052 0.0095 0.0338 0.0898 0.0992 0.1364 0.2664 0.3596 
 629 0.0057 0.0079 0.0360 0.1831 0.1439 0.1496 0.2543 0.2194 
 630 0.0131 0.0129 0.0378 0.1103 0.1199 0.3769 0.1782 0.1509 
 631 0.0056 0.0073 0.0346 0.1707 0.1282 0.2433 0.1921 0.2181 
 632 0.0054 0.0083 0.0595 0.0854 0.2325 0.1455 0.0937 0.3696 
 633 0.0074 0.0106 0.0603 0.0844 0.1376 0.3754 0.1460 0.1783 
 634 0.0062 0.0064 0.0579 0.1021 0.1844 0.1731 0.1620 0.3082 
 635 0.0053 0.0061 0.0645 0.1075 0.3807 0.1583 0.1017 0.1759 
 636 0.0080 0.0081 0.1240 0.0870 0.1444 0.3311 0.1529 0.1445 
 637 0.0059 0.0099 0.0317 0.0663 0.1725 0.2396 0.1160 0.3583 
 638 0.0067 0.0069 0.0490 0.1315 0.1767 0.1636 0.2367 0.2289 
 639 0.0068 0.0102 0.0533 0.1454 0.1229 0.3125 0.1139 0.2352 
 640 0.0066 0.0131 0.0481 0.0822 0.0944 0.1954 0.4138 0.1463 
 641 0.0110 0.0086 0.0368 0.2116 0.1321 0.1533 0.1894 0.2572 
 642 0.0060 0.0081 0.0715 0.0479 0.3268 0.1937 0.0992 0.2467 
 643 0.0057 0.0080 0.3123 0.0464 0.2325 0.1503 0.1086 0.1362 
 644 0.0059 0.0078 0.2489 0.0490 0.2296 0.1229 0.1493 0.1864 
 645 0.0128 0.0110 0.1185 0.0489 0.2841 0.2825 0.0682 0.1740 
