   1 0.3705 0.3172 0.3122 
   2 0.8964 0.0507 0.0529 
   3 0.1917 0.6041 0.2042 
   4 0.2052 0.0424 0.7525 
   5 0.8958 0.0594 0.0448 
   6 0.1214 0.8385 0.0401 
   7 0.7871 0.1748 0.0381 
   8 0.3467 0.3094 0.3439 
   9 0.4171 0.4550 0.1279 
  10 0.4092 0.4599 0.1309 
  11 0.6870 0.2708 0.0423 
  12 0.8418 0.0768 0.0814 
  13 0.7885 0.1361 0.0753 
  14 0.7281 0.1004 0.1715 
  15 0.7045 0.0897 0.2058 
  16 0.2779 0.6547 0.0674 
  17 0.6327 0.2884 0.0790 
  18 0.2636 0.5535 0.1828 
  19 0.3604 0.5810 0.0586 
  20 0.8168 0.1195 0.0637 
  21 0.4541 0.1780 0.3679 
  22 0.1335 0.7937 0.0728 
  23 0.5874 0.0696 0.3430 
  24 0.2941 0.4734 0.2325 
  25 0.8396 0.1284 0.0320 
  26 0.5097 0.3285 0.1619 
  27 0.5886 0.2979 0.1135 
  28 0.4861 0.2022 0.3117 
  29 0.8463 0.0923 0.0615 
  30 0.1296 0.8076 0.0628 
  31 0.6977 0.1572 0.1451 
  32 0.5890 0.2041 0.2069 
  33 0.2311 0.5729 0.1960 
  34 0.3826 0.5609 0.0565 
  35 0.4115 0.5027 0.0858 
  36 0.1711 0.6828 0.1461 
  37 0.5714 0.1276 0.3010 
  38 0.1274 0.8393 0.0333 
  39 0.2771 0.6640 0.0589 
  40 0.2441 0.1459 0.6100 
  41 0.2462 0.6228 0.1311 
  42 0.1178 0.2030 0.6791 
  43 0.6762 0.0754 0.2484 
  44 0.4747 0.3968 0.1284 
  45 0.2994 0.6408 0.0598 
  46 0.3258 0.6267 0.0474 
  47 0.2993 0.6034 0.0973 
  48 0.4134 0.4090 0.1776 
  49 0.3895 0.5051 0.1054 
  50 0.2373 0.6494 0.1133 
  51 0.2707 0.4132 0.3161 
  52 0.2401 0.6911 0.0688 
  53 0.1076 0.8215 0.0709 
  54 0.7664 0.1018 0.1318 
  55 0.8294 0.0609 0.1097 
  56 0.2776 0.5621 0.1603 
  57 0.4907 0.3325 0.1767 
  58 0.6574 0.2124 0.1302 
  59 0.2648 0.6527 0.0825 
  60 0.3199 0.1578 0.5223 
  61 0.6653 0.0418 0.2929 
  62 0.4316 0.4963 0.0721 
  63 0.6247 0.1878 0.1875 
  64 0.1761 0.7815 0.0424 
  65 0.8264 0.1454 0.0282 
  66 0.6899 0.0545 0.2556 
  67 0.8550 0.0651 0.0799 
  68 0.2730 0.6136 0.1134 
  69 0.3429 0.4846 0.1726 
  70 0.6012 0.2228 0.1760 
  71 0.3356 0.6165 0.0479 
  72 0.2019 0.7365 0.0615 
  73 0.8457 0.0966 0.0577 
  74 0.1355 0.6010 0.2635 
  75 0.1389 0.2016 0.6595 
  76 0.8129 0.1126 0.0745 
  77 0.2723 0.6512 0.0765 
  78 0.1684 0.7544 0.0773 
  79 0.8163 0.1410 0.0427 
  80 0.2618 0.1014 0.6368 
  81 0.4198 0.1492 0.4310 
  82 0.8248 0.0537 0.1216 
  83 0.5132 0.1718 0.3149 
  84 0.6555 0.1375 0.2070 
  85 0.4340 0.1648 0.4012 
  86 0.8045 0.1372 0.0583 
  87 0.8354 0.1102 0.0544 
  88 0.6890 0.0572 0.2538 
  89 0.4747 0.0654 0.4599 
  90 0.8827 0.0690 0.0483 
  91 0.2082 0.0916 0.7002 
  92 0.8316 0.0827 0.0857 
  93 0.0805 0.0364 0.8831 
  94 0.3507 0.6028 0.0465 
  95 0.8441 0.0483 0.1076 
  96 0.4868 0.0425 0.4707 
  97 0.1831 0.3164 0.5004 
  98 0.6118 0.2021 0.1862 
  99 0.7436 0.1003 0.1561 
 100 0.1371 0.0321 0.8309 
 101 0.8406 0.0631 0.0963 
 102 0.4801 0.1050 0.4149 
 103 0.7879 0.0433 0.1688 
 104 0.8866 0.0615 0.0519 
 105 0.8693 0.0365 0.0942 
 106 0.5727 0.4048 0.0226 
 107 0.8484 0.0539 0.0977 
 108 0.8113 0.1285 0.0602 
 109 0.7626 0.2135 0.0239 
 110 0.5481 0.4235 0.0284 
 111 0.9096 0.0617 0.0287 
 112 0.7111 0.2621 0.0267 
 113 0.7403 0.1508 0.1089 
 114 0.8770 0.0592 0.0638 
 115 0.8916 0.0575 0.0509 
 116 0.7006 0.2705 0.0289 
 117 0.7041 0.2554 0.0405 
 118 0.9160 0.0468 0.0372 
 119 0.4886 0.0761 0.4354 
 120 0.8831 0.0737 0.0432 
 121 0.8824 0.0731 0.0445 
 122 0.6511 0.3171 0.0318 
 123 0.8284 0.1268 0.0448 
 124 0.4352 0.5215 0.0433 
 125 0.2978 0.6495 0.0527 
 126 0.6749 0.2632 0.0618 
 127 0.9093 0.0581 0.0326 
 128 0.9168 0.0437 0.0395 
 129 0.9331 0.0358 0.0311 
 130 0.8701 0.0651 0.0648 
 131 0.3889 0.5706 0.0405 
 132 0.7859 0.1856 0.0284 
 133 0.8882 0.0657 0.0460 
 134 0.5266 0.4549 0.0185 
 135 0.1810 0.0438 0.7752 
 136 0.0912 0.0418 0.8670 
 137 0.1291 0.0386 0.8324 
 138 0.0600 0.0380 0.9020 
 139 0.2726 0.0683 0.6591 
 140 0.2473 0.1150 0.6377 
 141 0.0917 0.0694 0.8389 
 142 0.1360 0.0393 0.8247 
 143 0.0546 0.0258 0.9196 
 144 0.1233 0.0337 0.8430 
 145 0.1782 0.0943 0.7275 
 146 0.3108 0.1020 0.5872 
 147 0.0569 0.0315 0.9115 
 148 0.1793 0.0533 0.7674 
 149 0.0726 0.0430 0.8844 
 150 0.2938 0.0496 0.6566 
 151 0.0965 0.0354 0.8681 
 152 0.2133 0.0642 0.7226 
 153 0.0854 0.0549 0.8596 
 154 0.1034 0.0374 0.8592 
 155 0.0737 0.0304 0.8959 
 156 0.1088 0.0293 0.8619 
 157 0.1827 0.0648 0.7526 
 158 0.1440 0.0967 0.7593 
 159 0.0612 0.0282 0.9106 
 160 0.0679 0.0287 0.9034 
 161 0.1374 0.0711 0.7915 
 162 0.3943 0.1107 0.4950 
 163 0.0661 0.0290 0.9049 
 164 0.4492 0.0705 0.4802 
 165 0.2334 0.0445 0.7220 
 166 0.2626 0.0810 0.6564 
 167 0.2038 0.0587 0.7375 
 168 0.0910 0.0623 0.8468 
 169 0.1179 0.4449 0.4372 
 170 0.1117 0.0358 0.8525 
 171 0.2512 0.0690 0.6798 
 172 0.0689 0.1539 0.7772 
 173 0.0720 0.0279 0.9001 
 174 0.0868 0.0365 0.8768 
 175 0.0676 0.0375 0.8949 
 176 0.1216 0.0342 0.8443 
 177 0.2704 0.1369 0.5927 
 178 0.1208 0.0569 0.8224 
 179 0.0542 0.0277 0.9181 
 180 0.1828 0.0906 0.7266 
 181 0.1263 0.0517 0.8220 
 182 0.1206 0.0269 0.8526 
 183 0.0675 0.0304 0.9020 
 184 0.8120 0.1159 0.0721 
 185 0.0591 0.0226 0.9183 
 186 0.8514 0.0929 0.0557 
 187 0.4649 0.0755 0.4596 
 188 0.8933 0.0664 0.0403 
 189 0.3088 0.2814 0.4098 
 190 0.1891 0.0257 0.7852 
 191 0.8203 0.0481 0.1316 
 192 0.5871 0.0772 0.3357 
 193 0.6178 0.0883 0.2940 
 194 0.6326 0.0596 0.3078 
 195 0.1123 0.0273 0.8604 
 196 0.4529 0.0472 0.4999 
 197 0.6304 0.2221 0.1475 
 198 0.7001 0.1301 0.1699 
 199 0.4875 0.0419 0.4706 
 200 0.5996 0.0832 0.3172 
 201 0.1199 0.0350 0.8451 
 202 0.1672 0.0263 0.8065 
 203 0.1407 0.0302 0.8291 
 204 0.3623 0.0316 0.6061 
 205 0.7393 0.0625 0.1982 
 206 0.4445 0.0380 0.5175 
 207 0.8212 0.0340 0.1448 
 208 0.3897 0.0458 0.5645 
 209 0.7412 0.0598 0.1990 
 210 0.4473 0.0434 0.5093 
 211 0.7604 0.0304 0.2091 
 212 0.1216 0.0485 0.8299 
 213 0.7333 0.0761 0.1906 
 214 0.1209 0.0332 0.8459 
 215 0.8658 0.0444 0.0898 
 216 0.7818 0.1177 0.1004 
 217 0.1358 0.0464 0.8178 
 218 0.6624 0.0650 0.2726 
 219 0.4450 0.2184 0.3366 
 220 0.7952 0.0367 0.1681 
 221 0.0652 0.0235 0.9112 
 222 0.6092 0.2235 0.1673 
 223 0.3187 0.0942 0.5872 
 224 0.2367 0.0347 0.7286 
 225 0.5583 0.0507 0.3911 
 226 0.5259 0.2140 0.2601 
 227 0.4113 0.0338 0.5550 
 228 0.1215 0.0252 0.8532 
 229 0.2423 0.0438 0.7139 
 230 0.3605 0.0374 0.6022 
 231 0.3000 0.0679 0.6321 
 232 0.4378 0.0952 0.4670 
 233 0.1054 0.0321 0.8624 
 234 0.6430 0.1018 0.2551 
 235 0.3725 0.1030 0.5245 
 236 0.3156 0.0642 0.6202 
 237 0.7307 0.0354 0.2340 
 238 0.1688 0.0437 0.7875 
 239 0.1126 0.0276 0.8598 
 240 0.1671 0.0426 0.7903 
 241 0.1277 0.0337 0.8386 
 242 0.4440 0.1278 0.4281 
 243 0.3618 0.0312 0.6070 
 244 0.1755 0.0331 0.7914 
 245 0.0845 0.0296 0.8859 
 246 0.1334 0.0463 0.8203 
 247 0.8232 0.1251 0.0516 
 248 0.8996 0.0404 0.0600 
 249 0.2409 0.0398 0.7193 
 250 0.5167 0.0635 0.4198 
 251 0.7451 0.1177 0.1372 
 252 0.3936 0.0678 0.5385 
 253 0.8133 0.0719 0.1148 
 254 0.6410 0.1463 0.2127 
 255 0.5965 0.0968 0.3066 
 256 0.2462 0.0442 0.7096 
 257 0.6953 0.0463 0.2584 
 258 0.8040 0.0587 0.1373 
 259 0.7619 0.0450 0.1932 
 260 0.4534 0.1592 0.3874 
 261 0.2208 0.0616 0.7176 
 262 0.1000 0.0302 0.8698 
 263 0.7596 0.0566 0.1839 
 264 0.3444 0.6133 0.0423 
 265 0.5504 0.1152 0.3344 
 266 0.0725 0.0243 0.9032 
 267 0.5893 0.0580 0.3527 
 268 0.4493 0.0465 0.5042 
 269 0.4093 0.2375 0.3532 
 270 0.7877 0.0976 0.1147 
 271 0.8351 0.0477 0.1173 
 272 0.6952 0.1394 0.1655 
 273 0.2932 0.1238 0.5830 
 274 0.7155 0.0981 0.1864 
 275 0.5102 0.1325 0.3573 
 276 0.7563 0.1067 0.1370 
 277 0.3879 0.1020 0.5101 
 278 0.8077 0.0461 0.1462 
 279 0.5517 0.0735 0.3748 
 280 0.4350 0.2296 0.3354 
 281 0.7500 0.0651 0.1849 
 282 0.2221 0.0795 0.6983 
 283 0.1457 0.0404 0.8139 
 284 0.5896 0.0622 0.3482 
 285 0.8879 0.0707 0.0414 
 286 0.1812 0.0337 0.7851 
 287 0.5484 0.1498 0.3018 
 288 0.6804 0.1460 0.1736 
 289 0.6824 0.1187 0.1989 
 290 0.4288 0.3358 0.2353 
 291 0.8352 0.0476 0.1171 
 292 0.3049 0.1673 0.5278 
 293 0.3691 0.5237 0.1072 
 294 0.7620 0.0678 0.1702 
 295 0.6424 0.1076 0.2500 
 296 0.7781 0.0446 0.1773 
 297 0.5552 0.2719 0.1729 
 298 0.3679 0.0877 0.5444 
 299 0.7457 0.0863 0.1680 
 300 0.7664 0.0641 0.1695 
 301 0.7249 0.1589 0.1161 
 302 0.7538 0.0584 0.1879 
 303 0.1922 0.0622 0.7456 
 304 0.3481 0.2002 0.4518 
 305 0.1732 0.0345 0.7923 
 306 0.1543 0.0624 0.7834 
 307 0.6344 0.0608 0.3048 
 308 0.2222 0.0618 0.7160 
 309 0.7443 0.0611 0.1947 
 310 0.2137 0.0348 0.7515 
 311 0.3521 0.0385 0.6094 
 312 0.7951 0.0330 0.1719 
 313 0.8750 0.0312 0.0938 
 314 0.0486 0.0277 0.9237 
 315 0.0611 0.0352 0.9037 
 316 0.0608 0.0409 0.8983 
 317 0.0490 0.0286 0.9224 
 318 0.0475 0.0305 0.9221 
 319 0.0577 0.0272 0.9151 
 320 0.0501 0.0273 0.9226 
 321 0.0503 0.0323 0.9174 
 322 0.0662 0.0391 0.8947 
 323 0.0519 0.0293 0.9187 
 324 0.0509 0.0320 0.9171 
 325 0.0590 0.0420 0.8990 
 326 0.0536 0.0412 0.9052 
 327 0.0493 0.0283 0.9224 
 328 0.0699 0.0394 0.8907 
 329 0.0505 0.0284 0.9211 
 330 0.0495 0.0286 0.9219 
 331 0.0506 0.0277 0.9217 
 332 0.0609 0.0514 0.8877 
 333 0.0587 0.0364 0.9049 
 334 0.0709 0.0393 0.8899 
 335 0.0625 0.0354 0.9021 
 336 0.0487 0.0330 0.9183 
 337 0.0638 0.0460 0.8902 
 338 0.0484 0.0322 0.9194 
 339 0.0506 0.0273 0.9220 
 340 0.0502 0.0254 0.9244 
 341 0.0516 0.0285 0.9199 
 342 0.0495 0.0288 0.9217 
 343 0.0660 0.0409 0.8931 
 344 0.0494 0.0282 0.9224 
 345 0.0492 0.0287 0.9221 
 346 0.0473 0.0278 0.9249 
 347 0.0475 0.0256 0.9269 
 348 0.0636 0.0325 0.9039 
 349 0.0497 0.0287 0.9217 
 350 0.0555 0.0275 0.9169 
 351 0.0624 0.0346 0.9029 
 352 0.0609 0.0399 0.8992 
 353 0.0491 0.0328 0.9181 
 354 0.0510 0.0287 0.9203 
 355 0.0478 0.0310 0.9213 
 356 0.0677 0.0324 0.8998 
 357 0.2186 0.2280 0.5534 
 358 0.0629 0.0405 0.8966 
 359 0.0531 0.0289 0.9179 
 360 0.0462 0.0274 0.9265 
 361 0.2891 0.2339 0.4770 
 362 0.5766 0.3416 0.0818 
 363 0.3024 0.6548 0.0428 
 364 0.3942 0.2571 0.3488 
 365 0.2309 0.7253 0.0438 
 366 0.2944 0.5296 0.1761 
 367 0.3934 0.5844 0.0222 
 368 0.8776 0.0794 0.0430 
 369 0.3152 0.2308 0.4541 
 370 0.8619 0.0736 0.0645 
 371 0.5539 0.3277 0.1184 
 372 0.7742 0.0917 0.1341 
 373 0.7148 0.2125 0.0726 
 374 0.3303 0.3400 0.3296 
 375 0.4170 0.5504 0.0326 
 376 0.0733 0.9024 0.0243 
 377 0.4935 0.4444 0.0621 
 378 0.7362 0.1266 0.1372 
 379 0.0707 0.9062 0.0231 
 380 0.1021 0.7573 0.1406 
 381 0.0822 0.8233 0.0945 
 382 0.4180 0.5459 0.0361 
 383 0.0840 0.8078 0.1082 
 384 0.1941 0.7322 0.0737 
 385 0.7233 0.1582 0.1185 
 386 0.3798 0.5830 0.0372 
 387 0.3741 0.5878 0.0382 
 388 0.5529 0.2235 0.2235 
 389 0.8809 0.0598 0.0593 
 390 0.3070 0.6509 0.0421 
 391 0.7964 0.1266 0.0770 
 392 0.1434 0.7903 0.0662 
 393 0.0673 0.8525 0.0803 
 394 0.5712 0.2068 0.2220 
 395 0.3531 0.5741 0.0728 
 396 0.4849 0.4896 0.0255 
 397 0.5230 0.2835 0.1936 
 398 0.1114 0.8635 0.0251 
 399 0.7645 0.2014 0.0341 
 400 0.2562 0.6966 0.0472 
 401 0.6111 0.3332 0.0558 
 402 0.7690 0.1371 0.0939 
 403 0.4483 0.1680 0.3837 
 404 0.3393 0.5657 0.0950 
 405 0.4812 0.4229 0.0958 
 406 0.1539 0.5926 0.2535 
 407 0.0960 0.8781 0.0259 
 408 0.9114 0.0609 0.0277 
 409 0.1297 0.3577 0.5126 
 410 0.1988 0.7314 0.0698 
 411 0.1369 0.6221 0.2410 
 412 0.8392 0.1212 0.0396 
 413 0.7738 0.1095 0.1166 
 414 0.8701 0.1018 0.0282 
 415 0.1287 0.8302 0.0411 
 416 0.3187 0.6163 0.0650 
 417 0.1273 0.8398 0.0329 
 418 0.5021 0.4714 0.0265 
 419 0.4511 0.3587 0.1902 
 420 0.5640 0.3938 0.0422 
 421 0.2765 0.6830 0.0404 
 422 0.3248 0.6034 0.0718 
 423 0.2198 0.7274 0.0528 
 424 0.7601 0.1742 0.0657 
 425 0.4656 0.4577 0.0767 
 426 0.7695 0.1680 0.0625 
 427 0.1206 0.7822 0.0972 
 428 0.2640 0.5041 0.2318 
 429 0.1186 0.8591 0.0224 
 430 0.1135 0.8528 0.0337 
 431 0.7963 0.1518 0.0519 
 432 0.8600 0.0921 0.0479 
 433 0.7018 0.0576 0.2406 
 434 0.5382 0.3179 0.1439 
 435 0.1148 0.8599 0.0253 
 436 0.0749 0.8856 0.0394 
 437 0.1156 0.8567 0.0278 
 438 0.2206 0.6964 0.0831 
 439 0.0715 0.8961 0.0323 
 440 0.0993 0.8796 0.0211 
 441 0.2287 0.6789 0.0924 
 442 0.1892 0.7824 0.0283 
 443 0.3982 0.5711 0.0307 
 444 0.1568 0.8142 0.0289 
 445 0.1341 0.6949 0.1710 
 446 0.1181 0.8531 0.0288 
 447 0.2642 0.6681 0.0677 
 448 0.2619 0.7063 0.0318 
 449 0.2911 0.6520 0.0569 
 450 0.1456 0.8089 0.0456 
 451 0.8736 0.1037 0.0227 
 452 0.1193 0.8416 0.0391 
 453 0.7758 0.1171 0.1071 
 454 0.2348 0.6956 0.0696 
 455 0.1376 0.8299 0.0325 
 456 0.1768 0.7926 0.0307 
 457 0.1002 0.8698 0.0300 
 458 0.0802 0.8863 0.0335 
 459 0.2654 0.6422 0.0924 
 460 0.1478 0.8257 0.0266 
 461 0.2077 0.7661 0.0262 
 462 0.1556 0.8223 0.0221 
 463 0.3326 0.5578 0.1096 
 464 0.2686 0.7034 0.0279 
 465 0.5347 0.4246 0.0408 
 466 0.5027 0.4604 0.0369 
 467 0.1889 0.7440 0.0671 
 468 0.0906 0.8818 0.0276 
 469 0.0647 0.9074 0.0279 
 470 0.0976 0.8778 0.0246 
 471 0.5419 0.3973 0.0608 
 472 0.4127 0.5439 0.0435 
 473 0.4109 0.5241 0.0650 
 474 0.1385 0.8179 0.0437 
 475 0.4440 0.4935 0.0624 
 476 0.0848 0.8818 0.0333 
 477 0.7759 0.1682 0.0559 
 478 0.7985 0.1751 0.0264 
 479 0.1485 0.8272 0.0243 
 480 0.0720 0.9003 0.0278 
 481 0.5177 0.4470 0.0353 
 482 0.0871 0.8896 0.0233 
 483 0.1098 0.8546 0.0356 
 484 0.1821 0.7692 0.0488 
 485 0.0974 0.8739 0.0287 
 486 0.8844 0.0648 0.0508 
 487 0.7924 0.0853 0.1222 
 488 0.8922 0.0495 0.0583 
 489 0.6436 0.1026 0.2538 
 490 0.8800 0.0905 0.0295 
 491 0.7948 0.0589 0.1463 
 492 0.7175 0.0595 0.2230 
 493 0.8925 0.0509 0.0565 
 494 0.7673 0.1248 0.1079 
 495 0.8309 0.0811 0.0880 
 496 0.4703 0.0766 0.4531 
 497 0.8396 0.0570 0.1033 
 498 0.8582 0.0798 0.0620 
 499 0.6335 0.0681 0.2984 
 500 0.7268 0.2043 0.0689 
 501 0.6262 0.2053 0.1685 
 502 0.7344 0.0988 0.1668 
 503 0.4503 0.5078 0.0419 
 504 0.9072 0.0520 0.0408 
 505 0.8135 0.0581 0.1284 
 506 0.7546 0.0867 0.1587 
 507 0.1098 0.0320 0.8582 
 508 0.2489 0.0333 0.7178 
 509 0.6773 0.0534 0.2693 
 510 0.4751 0.2317 0.2931 
 511 0.3879 0.5593 0.0529 
 512 0.3336 0.6353 0.0311 
 513 0.9143 0.0258 0.0599 
 514 0.8778 0.0693 0.0528 
 515 0.2431 0.5780 0.1789 
 516 0.9005 0.0461 0.0534 
 517 0.5800 0.2516 0.1683 
 518 0.4846 0.1925 0.3229 
 519 0.8728 0.0758 0.0514 
 520 0.2237 0.2275 0.5487 
 521 0.4323 0.0839 0.4839 
 522 0.3030 0.6059 0.0911 
 523 0.6140 0.0741 0.3120 
 524 0.4145 0.4849 0.1006 
 525 0.3285 0.3186 0.3529 
 526 0.1755 0.6597 0.1647 
 527 0.7486 0.2034 0.0480 
 528 0.1634 0.0471 0.7895 
 529 0.7633 0.0953 0.1414 
 530 0.3393 0.5593 0.1014 
 531 0.2709 0.2349 0.4942 
 532 0.5537 0.1481 0.2982 
 533 0.5006 0.4073 0.0921 
 534 0.8266 0.0401 0.1333 
 535 0.6134 0.2840 0.1026 
 536 0.2424 0.4389 0.3187 
 537 0.2345 0.0748 0.6907 
 538 0.4357 0.1165 0.4478 
 539 0.0844 0.0346 0.8810 
 540 0.3628 0.1500 0.4872 
 541 0.2199 0.1039 0.6762 
 542 0.2534 0.5815 0.1651 
 543 0.6386 0.0589 0.3025 
 544 0.5157 0.2264 0.2579 
 545 0.3779 0.5464 0.0758 
 546 0.4566 0.1367 0.4068 
 547 0.4498 0.0934 0.4568 
 548 0.5112 0.0641 0.4247 
 549 0.0913 0.1990 0.7096 
 550 0.3069 0.5509 0.1422 
 551 0.1479 0.0817 0.7704 
 552 0.3142 0.1088 0.5770 
 553 0.4520 0.0470 0.5010 
 554 0.4802 0.3037 0.2161 
 555 0.3149 0.0695 0.6157 
 556 0.5065 0.1046 0.3889 
 557 0.2611 0.5757 0.1632 
 558 0.0789 0.8980 0.0231 
 559 0.8794 0.0735 0.0471 
 560 0.2708 0.7075 0.0217 
 561 0.5619 0.4087 0.0294 
 562 0.7536 0.2236 0.0227 
 563 0.7302 0.1468 0.1230 
 564 0.8561 0.0807 0.0632 
 565 0.0871 0.8836 0.0293 
 566 0.6571 0.3210 0.0218 
 567 0.9079 0.0541 0.0381 
 568 0.7151 0.2303 0.0547 
 569 0.6010 0.3201 0.0789 
 570 0.1136 0.8647 0.0216 
 571 0.8655 0.1023 0.0322 
 572 0.4278 0.1485 0.4237 
 573 0.8239 0.1146 0.0614 
 574 0.3599 0.5184 0.1217 
 575 0.7101 0.2077 0.0822 
 576 0.7693 0.2095 0.0211 
 577 0.4136 0.4834 0.1030 
 578 0.6910 0.2699 0.0391 
 579 0.5871 0.3730 0.0399 
 580 0.2914 0.6468 0.0618 
 581 0.3225 0.6305 0.0470 
 582 0.1435 0.8314 0.0251 
 583 0.7248 0.2408 0.0344 
 584 0.7973 0.1780 0.0247 
 585 0.5382 0.4297 0.0321 
 586 0.8650 0.0930 0.0420 
 587 0.3446 0.6281 0.0272 
 588 0.9185 0.0291 0.0524 
 589 0.2763 0.6949 0.0288 
 590 0.8989 0.0718 0.0293 
 591 0.8755 0.0883 0.0362 
 592 0.7010 0.2634 0.0356 
 593 0.6441 0.2892 0.0667 
 594 0.8696 0.0700 0.0604 
 595 0.5637 0.4119 0.0244 
 596 0.8114 0.1223 0.0663 
 597 0.7899 0.0715 0.1386 
 598 0.0830 0.8948 0.0222 
 599 0.6238 0.3514 0.0248 
 600 0.3339 0.5851 0.0810 
 601 0.3668 0.6075 0.0256 
 602 0.8126 0.0681 0.1193 
 603 0.8304 0.0655 0.1041 
 604 0.2761 0.6226 0.1013 
 605 0.6985 0.2523 0.0492 
 606 0.5975 0.2085 0.1940 
 607 0.5185 0.2272 0.2543 
 608 0.2765 0.2582 0.4652 
 609 0.3917 0.5509 0.0574 
 610 0.1902 0.7569 0.0529 
 611 0.8203 0.0763 0.1035 
 612 0.0908 0.8735 0.0357 
 613 0.7047 0.2300 0.0653 
 614 0.1254 0.8400 0.0346 
 615 0.1169 0.8133 0.0698 
 616 0.6230 0.2043 0.1727 
 617 0.5409 0.4182 0.0409 
 618 0.1696 0.6554 0.1750 
 619 0.7164 0.1556 0.1280 
 620 0.8132 0.1578 0.0289 
 621 0.7655 0.2007 0.0337 
 622 0.3125 0.5477 0.1398 
 623 0.8505 0.1095 0.0400 
 624 0.1080 0.7867 0.1052 
 625 0.2694 0.6080 0.1226 
 626 0.0904 0.2964 0.6132 
 627 0.8051 0.1405 0.0545 
 628 0.8544 0.0960 0.0496 
 629 0.7693 0.1643 0.0664 
 630 0.2168 0.7362 0.0471 
 631 0.3745 0.5599 0.0656 
 632 0.4929 0.1325 0.3746 
 633 0.3630 0.5325 0.1045 
 634 0.6346 0.1834 0.1820 
 635 0.2688 0.1513 0.5799 
 636 0.2446 0.5368 0.2187 
 637 0.5807 0.2701 0.1492 
 638 0.7750 0.1298 0.0952 
 639 0.4275 0.4688 0.1037 
 640 0.7964 0.1626 0.0411 
 641 0.6908 0.2436 0.0655 
 642 0.2113 0.1007 0.6880 
 643 0.0957 0.0468 0.8574 
 644 0.2353 0.0516 0.7131 
 645 0.0892 0.3045 0.6063 
 646 0.7210 0.1418 0.1372 
 647 0.5775 0.0741 0.3484 
 648 0.3907 0.1625 0.4469 
 649 0.7103 0.0478 0.2419 
 650 0.7953 0.0552 0.1496 
 651 0.4721 0.0628 0.4651 
 652 0.2755 0.0708 0.6537 
 653 0.3793 0.1154 0.5053 
 654 0.2352 0.0912 0.6737 
 655 0.3430 0.0940 0.5630 
 656 0.5972 0.1007 0.3021 
 657 0.4432 0.3814 0.1754 
 658 0.5880 0.1832 0.2288 
 659 0.2830 0.0894 0.6275 
 660 0.1763 0.0462 0.7775 
 661 0.1592 0.0869 0.7539 
 662 0.8116 0.0383 0.1501 
 663 0.2368 0.0735 0.6897 
 664 0.4174 0.3030 0.2795 
 665 0.7684 0.0500 0.1816 
 666 0.2159 0.0754 0.7087 
 667 0.8352 0.0881 0.0767 
 668 0.2796 0.1476 0.5728 
 669 0.5582 0.0705 0.3713 
 670 0.0707 0.0301 0.8992 
 671 0.1488 0.0397 0.8115 
 672 0.1573 0.0682 0.7745 
 673 0.0567 0.0314 0.9119 
 674 0.1159 0.0576 0.8266 
 675 0.1232 0.0337 0.8430 
 676 0.0535 0.0294 0.9171 
 677 0.0651 0.0259 0.9090 
 678 0.0606 0.0321 0.9073 
 679 0.0999 0.0562 0.8439 
 680 0.0773 0.0471 0.8756 
 681 0.3126 0.1530 0.5344 
 682 0.0666 0.0514 0.8820 
 683 0.0639 0.0288 0.9073 
 684 0.0635 0.0323 0.9042 
 685 0.0542 0.0270 0.9188 
 686 0.0851 0.0475 0.8674 
 687 0.1364 0.0359 0.8278 
 688 0.0927 0.0372 0.8701 
 689 0.0545 0.0279 0.9176 
 690 0.0556 0.0294 0.9149 
 691 0.0935 0.0528 0.8537 
 692 0.0922 0.0441 0.8637 
 693 0.0870 0.0465 0.8665 
 694 0.0514 0.0240 0.9246 
 695 0.0622 0.0347 0.9031 
 696 0.0916 0.0369 0.8715 
 697 0.0572 0.0294 0.9135 
 698 0.0573 0.0290 0.9137 
 699 0.0639 0.0320 0.9040 
 700 0.0724 0.0784 0.8492 
 701 0.1219 0.0627 0.8155 
 702 0.1139 0.0652 0.8209 
 703 0.0703 0.0494 0.8804 
 704 0.0796 0.0333 0.8871 
 705 0.1666 0.0795 0.7539 
 706 0.0636 0.0440 0.8924 
 707 0.0619 0.0306 0.9075 
 708 0.0633 0.0281 0.9086 
 709 0.0556 0.0304 0.9140 
 710 0.0491 0.0257 0.9252 
 711 0.0734 0.0426 0.8840 
 712 0.0594 0.0235 0.9171 
 713 0.0865 0.0329 0.8806 
 714 0.1390 0.0595 0.8015 
 715 0.0519 0.0241 0.9241 
 716 0.0570 0.0417 0.9013 
 717 0.0491 0.0250 0.9259 
 718 0.0959 0.0445 0.8596 
 719 0.0549 0.0244 0.9207 
 720 0.7869 0.1758 0.0373 
 721 0.1898 0.1848 0.6254 
 722 0.3753 0.5482 0.0765 
 723 0.2780 0.6578 0.0643 
 724 0.1210 0.7111 0.1678 
 725 0.6356 0.1526 0.2118 
 726 0.2185 0.6598 0.1217 
 727 0.3666 0.1707 0.4626 
 728 0.0677 0.9114 0.0210 
 729 0.0876 0.8890 0.0234 
 730 0.3277 0.6275 0.0448 
 731 0.1081 0.8457 0.0461 
 732 0.2766 0.6601 0.0633 
 733 0.0903 0.8792 0.0305 
 734 0.0985 0.8798 0.0216 
 735 0.0782 0.8857 0.0361 
 736 0.3400 0.6137 0.0464 
 737 0.3687 0.5747 0.0566 
 738 0.3120 0.6445 0.0435 
 739 0.0855 0.8871 0.0274 
 740 0.1744 0.0617 0.7639 
 741 0.3295 0.1171 0.5534 
 742 0.6406 0.2057 0.1537 
 743 0.7134 0.1964 0.0902 
 744 0.7782 0.0674 0.1544 
 745 0.8355 0.1321 0.0325 
 746 0.5736 0.1957 0.2307 
 747 0.8491 0.0899 0.0610 
 748 0.4177 0.0671 0.5152 
 749 0.6866 0.0832 0.2302 
 750 0.7264 0.1178 0.1558 
 751 0.3683 0.0825 0.5491 
 752 0.7784 0.1330 0.0887 
 753 0.4294 0.2802 0.2904 
 754 0.4733 0.1343 0.3924 
 755 0.7100 0.1234 0.1666 
 756 0.7108 0.0539 0.2353 
 757 0.7839 0.0897 0.1264 
 758 0.9191 0.0507 0.0302 
 759 0.3034 0.1698 0.5268 
 760 0.4702 0.3982 0.1317 
 761 0.1784 0.5217 0.2999 
 762 0.3009 0.6520 0.0471 
 763 0.4358 0.2790 0.2852 
 764 0.8423 0.0842 0.0736 
 765 0.3561 0.5688 0.0752 
 766 0.4786 0.1042 0.4173 
 767 0.6607 0.1248 0.2145 
 768 0.2891 0.6640 0.0470 
 769 0.2238 0.5653 0.2109 
 770 0.3766 0.5790 0.0443 
 771 0.6795 0.0451 0.2754 
 772 0.5208 0.1485 0.3306 
 773 0.7919 0.1035 0.1046 
 774 0.3247 0.1147 0.5606 
 775 0.1831 0.7443 0.0726 
 776 0.8432 0.1065 0.0503 
 777 0.7315 0.1464 0.1221 
 778 0.6747 0.0920 0.2332 
 779 0.8053 0.0732 0.1214 
 780 0.4992 0.0815 0.4193 
 781 0.5012 0.0543 0.4445 
 782 0.8059 0.0718 0.1223 
 783 0.5563 0.1596 0.2841 
 784 0.6629 0.2708 0.0663 
 785 0.7709 0.1056 0.1234 
 786 0.3632 0.1193 0.5176 
 787 0.4708 0.0400 0.4892 
 788 0.7023 0.2259 0.0719 
 789 0.6313 0.2957 0.0730 
 790 0.5664 0.1603 0.2733 
 791 0.7510 0.1352 0.1138 
 792 0.3818 0.0428 0.5754 
 793 0.2606 0.1554 0.5840 
 794 0.7162 0.1368 0.1471 
 795 0.2031 0.1467 0.6502 
 796 0.7771 0.0766 0.1463 
 797 0.1451 0.0615 0.7934 
 798 0.1567 0.8111 0.0322 
 799 0.8280 0.1102 0.0619 
 800 0.2621 0.0306 0.7073 
 801 0.1408 0.7977 0.0615 
 802 0.2005 0.4716 0.3279 
 803 0.3537 0.1455 0.5008 
 804 0.6467 0.1798 0.1735 
 805 0.0977 0.0446 0.8577 
 806 0.2071 0.5710 0.2219 
 807 0.0924 0.0405 0.8670 
 808 0.3160 0.0643 0.6196 
 809 0.2254 0.5774 0.1972 
 810 0.5785 0.1874 0.2340 
 811 0.2412 0.1087 0.6501 
 812 0.7616 0.1450 0.0934 
 813 0.1581 0.8041 0.0378 
 814 0.8742 0.0524 0.0734 
 815 0.1123 0.4451 0.4426 
 816 0.2259 0.3347 0.4394 
 817 0.1996 0.4757 0.3247 
 818 0.8084 0.1347 0.0569 
 819 0.8552 0.0406 0.1042 
 820 0.8017 0.0615 0.1368 
 821 0.7452 0.1865 0.0683 
 822 0.6899 0.2848 0.0253 
 823 0.3103 0.4932 0.1966 
 824 0.7589 0.1127 0.1284 
 825 0.7166 0.2354 0.0479 
 826 0.9033 0.0633 0.0334 
 827 0.5026 0.4488 0.0486 
 828 0.3663 0.5455 0.0882 
 829 0.2271 0.6847 0.0882 
 830 0.5405 0.4287 0.0307 
 831 0.6145 0.2602 0.1252 
 832 0.5469 0.3018 0.1513 
 833 0.3683 0.4871 0.1445 
 834 0.5172 0.3675 0.1153 
 835 0.9056 0.0604 0.0340 
 836 0.8424 0.0842 0.0734 
 837 0.2036 0.5162 0.2802 
 838 0.8947 0.0655 0.0398 
 839 0.6946 0.2562 0.0491 
 840 0.7788 0.0561 0.1651 
 841 0.8482 0.0520 0.0998 
 842 0.8654 0.1097 0.0248 
 843 0.5108 0.0791 0.4101 
 844 0.6985 0.1603 0.1412 
 845 0.8692 0.0997 0.0311 
 846 0.8388 0.0768 0.0844 
 847 0.8073 0.0422 0.1505 
 848 0.8902 0.0442 0.0657 
 849 0.7899 0.1653 0.0448 
 850 0.8189 0.1355 0.0456 
 851 0.9084 0.0516 0.0400 
 852 0.2233 0.2481 0.5285 
 853 0.6877 0.2708 0.0414 
 854 0.3872 0.4107 0.2021 
 855 0.8647 0.0661 0.0692 
 856 0.8191 0.0781 0.1028 
 857 0.8391 0.1010 0.0598 
 858 0.8608 0.1010 0.0382 
 859 0.7293 0.2276 0.0431 
 860 0.9122 0.0539 0.0339 
 861 0.5113 0.0468 0.4419 
 862 0.0705 0.9014 0.0281 
 863 0.0978 0.8304 0.0718 
 864 0.0606 0.8935 0.0459 
 865 0.0938 0.8850 0.0213 
 866 0.4812 0.4794 0.0394 
 867 0.0749 0.8786 0.0464 
 868 0.1433 0.8155 0.0412 
 869 0.4208 0.5367 0.0424 
 870 0.2164 0.7546 0.0290 
 871 0.1379 0.8367 0.0254 
 872 0.0925 0.8747 0.0327 
 873 0.0736 0.8870 0.0395 
 874 0.0892 0.8866 0.0243 
 875 0.4861 0.4642 0.0497 
 876 0.8626 0.1059 0.0315 
 877 0.0635 0.9033 0.0332 
 878 0.4648 0.4681 0.0672 
 879 0.0796 0.8764 0.0441 
 880 0.5485 0.4104 0.0411 
 881 0.0897 0.8676 0.0427 
 882 0.0757 0.8887 0.0356 
 883 0.8262 0.1279 0.0459 
 884 0.0946 0.8844 0.0210 
 885 0.1891 0.7243 0.0866 
 886 0.2655 0.6777 0.0568 
 887 0.0946 0.8806 0.0248 
 888 0.4377 0.4090 0.1533 
 889 0.0840 0.8949 0.0211 
 890 0.6343 0.3414 0.0243 
 891 0.8974 0.0660 0.0366 
 892 0.8796 0.0772 0.0433 
 893 0.6791 0.2435 0.0774 
 894 0.5111 0.4649 0.0240 
 895 0.1186 0.8549 0.0265 
 896 0.8844 0.0507 0.0648 
 897 0.9061 0.0556 0.0383 
 898 0.4641 0.4585 0.0775 
 899 0.6170 0.3624 0.0207 
 900 0.9061 0.0638 0.0302 
 901 0.8909 0.0758 0.0333 
 902 0.8901 0.0559 0.0540 
 903 0.3155 0.6498 0.0347 
 904 0.4686 0.4547 0.0767 
 905 0.2517 0.7239 0.0244 
 906 0.7616 0.1881 0.0503 
 907 0.7848 0.1655 0.0496 
 908 0.7888 0.1715 0.0397 
 909 0.7767 0.1685 0.0548 
 910 0.8783 0.0716 0.0500 
 911 0.2080 0.7706 0.0214 
 912 0.5496 0.4235 0.0269 
 913 0.5009 0.4733 0.0258 
 914 0.5668 0.2842 0.1490 
 915 0.8093 0.1696 0.0211 
 916 0.7755 0.1952 0.0292 
 917 0.6886 0.2797 0.0317 
 918 0.3858 0.4817 0.1326 
 919 0.3056 0.6273 0.0671 
 920 0.8015 0.1560 0.0426 
 921 0.5350 0.0795 0.3855 
 922 0.8281 0.1003 0.0716 
 923 0.8303 0.0478 0.1219 
 924 0.8955 0.0445 0.0601 
 925 0.8280 0.0652 0.1069 
 926 0.5979 0.0314 0.3707 
 927 0.4539 0.0906 0.4554 
 928 0.3727 0.0354 0.5918 
 929 0.8597 0.0318 0.1085 
 930 0.7886 0.0632 0.1482 
 931 0.1091 0.3440 0.5469 
 932 0.8617 0.0417 0.0966 
 933 0.2141 0.0432 0.7428 
 934 0.9253 0.0325 0.0421 
 935 0.6226 0.0989 0.2784 
 936 0.7299 0.0817 0.1883 
 937 0.2797 0.0774 0.6429 
 938 0.3482 0.0314 0.6204 
 939 0.2122 0.0825 0.7053 
 940 0.6253 0.1019 0.2728 
 941 0.7752 0.1414 0.0834 
 942 0.5343 0.0778 0.3879 
 943 0.1044 0.0593 0.8363 
 944 0.2993 0.0680 0.6327 
 945 0.7929 0.0605 0.1466 
 946 0.7578 0.0591 0.1830 
 947 0.2345 0.0525 0.7131 
 948 0.2460 0.6305 0.1235 
 949 0.5334 0.3955 0.0711 
 950 0.3268 0.0360 0.6372 
 951 0.4653 0.0776 0.4570 
 952 0.6097 0.1012 0.2892 
 953 0.7443 0.1133 0.1423 
 954 0.4160 0.3384 0.2456 
 955 0.0688 0.0401 0.8911 
 956 0.0807 0.0298 0.8894 
 957 0.3335 0.1355 0.5309 
 958 0.7826 0.1344 0.0829 
 959 0.6310 0.0619 0.3071 
 960 0.3829 0.5215 0.0956 
 961 0.0516 0.0261 0.9223 
 962 0.8797 0.0311 0.0892 
 963 0.7688 0.1513 0.0799 
 964 0.7625 0.1216 0.1159 
 965 0.5889 0.0543 0.3568 
 966 0.6125 0.1241 0.2634 
 967 0.0656 0.0453 0.8891 
 968 0.8531 0.0373 0.1096 
 969 0.4532 0.2731 0.2737 
 970 0.1496 0.0494 0.8010 
 971 0.7378 0.0438 0.2184 
 972 0.5431 0.1781 0.2788 
 973 0.4318 0.0346 0.5337 
 974 0.8099 0.0903 0.0998 
 975 0.4515 0.2762 0.2723 
 976 0.7360 0.0442 0.2198 
 977 0.5208 0.1297 0.3495 
 978 0.5948 0.0434 0.3618 
 979 0.8476 0.0636 0.0888 
 980 0.5097 0.0453 0.4450 
 981 0.6653 0.0969 0.2378 
 982 0.8497 0.1056 0.0447 
 983 0.5419 0.3977 0.0604 
 984 0.1209 0.2007 0.6784 
 985 0.7639 0.0594 0.1767 
 986 0.8263 0.0899 0.0838 
 987 0.8984 0.0665 0.0351 
 988 0.3126 0.6639 0.0235 
 989 0.1339 0.1070 0.7591 
 990 0.6919 0.2070 0.1011 
 991 0.7735 0.0829 0.1436 
 992 0.9216 0.0389 0.0396 
 993 0.3750 0.5671 0.0580 
 994 0.6007 0.0688 0.3305 
 995 0.0603 0.0230 0.9167 
 996 0.7658 0.1845 0.0497 
 997 0.8621 0.0396 0.0983 
 998 0.8838 0.0707 0.0455 
 999 0.7422 0.0718 0.1860 
1000 0.8831 0.0753 0.0416 
1001 0.7566 0.1849 0.0585 
1002 0.8408 0.1336 0.0256 
1003 0.8209 0.0610 0.1182 
1004 0.8877 0.0444 0.0679 
1005 0.8887 0.0672 0.0441 
1006 0.6938 0.0851 0.2210 
1007 0.5466 0.0614 0.3920 
1008 0.3471 0.0614 0.5915 
1009 0.6064 0.1978 0.1958 
1010 0.7523 0.0763 0.1714 
1011 0.3646 0.0887 0.5467 
1012 0.7752 0.1124 0.1124 
1013 0.7942 0.0645 0.1413 
1014 0.8476 0.1043 0.0481 
1015 0.8881 0.0404 0.0715 
1016 0.8983 0.0629 0.0389 
1017 0.7455 0.0478 0.2067 
1018 0.7399 0.0747 0.1854 
1019 0.7193 0.1134 0.1673 
1020 0.0933 0.0351 0.8716 
1021 0.2517 0.0524 0.6959 
1022 0.7820 0.0591 0.1589 
1023 0.7219 0.2167 0.0614 
1024 0.7739 0.1801 0.0461 
1025 0.8410 0.0707 0.0883 
1026 0.1097 0.6755 0.2148 
1027 0.1818 0.6225 0.1958 
1028 0.2042 0.6958 0.1000 
1029 0.7084 0.1234 0.1683 
1030 0.3310 0.1037 0.5653 
1031 0.2289 0.4593 0.3118 
1032 0.2630 0.3345 0.4026 
1033 0.2506 0.4261 0.3233 
1034 0.7118 0.1081 0.1802 
1035 0.1523 0.0841 0.7637 
1036 0.2574 0.1573 0.5852 
1037 0.3263 0.0530 0.6207 
1038 0.1641 0.3683 0.4677 
1039 0.3104 0.1768 0.5128 
1040 0.1233 0.6615 0.2151 
1041 0.1714 0.6760 0.1527 
1042 0.2689 0.2267 0.5044 
1043 0.2246 0.4805 0.2949 
1044 0.3773 0.4420 0.1806 
1045 0.0939 0.7410 0.1651 
1046 0.3037 0.2055 0.4908 
1047 0.1522 0.0751 0.7727 
1048 0.7419 0.1634 0.0947 
1049 0.8652 0.0767 0.0581 
1050 0.6092 0.3685 0.0223 
1051 0.8378 0.1369 0.0252 
1052 0.7884 0.1759 0.0357 
1053 0.7682 0.1908 0.0410 
1054 0.8277 0.1294 0.0428 
1055 0.9137 0.0530 0.0333 
1056 0.8808 0.0838 0.0354 
1057 0.1945 0.7744 0.0310 
1058 0.6629 0.3107 0.0265 
1059 0.5614 0.3901 0.0486 
1060 0.6499 0.2660 0.0841 
1061 0.9201 0.0516 0.0283 
1062 0.6118 0.3587 0.0296 
1063 0.8694 0.0411 0.0896 
1064 0.7578 0.2057 0.0365 
1065 0.8251 0.1189 0.0559 
1066 0.8850 0.0549 0.0601 
1067 0.6803 0.2916 0.0281 
1068 0.5837 0.1564 0.2598 
1069 0.8828 0.0954 0.0217 
1070 0.8210 0.1475 0.0314 
1071 0.7703 0.1342 0.0955 
1072 0.8491 0.0987 0.0523 
1073 0.6615 0.3027 0.0359 
1074 0.6194 0.3059 0.0747 
1075 0.7237 0.2236 0.0527 
1076 0.7371 0.2027 0.0602 
1077 0.1448 0.8279 0.0273 
1078 0.8789 0.0789 0.0423 
1079 0.7043 0.2587 0.0370 
1080 0.7645 0.1037 0.1317 
1081 0.7589 0.2156 0.0255 
1082 0.7707 0.1586 0.0707 
1083 0.8447 0.1059 0.0494 
1084 0.7659 0.1075 0.1266 
1085 0.8685 0.1119 0.0197 
1086 0.9288 0.0425 0.0287 
1087 0.8731 0.1071 0.0199 
1088 0.8977 0.0805 0.0218 
1089 0.5072 0.4701 0.0227 
1090 0.7009 0.2699 0.0293 
1091 0.8642 0.0938 0.0420 
1092 0.7612 0.2126 0.0263 
1093 0.8694 0.0603 0.0704 
1094 0.2078 0.7165 0.0757 
1095 0.1674 0.8079 0.0247 
1096 0.6216 0.3235 0.0549 
1097 0.2486 0.7299 0.0215 
1098 0.9257 0.0454 0.0289 
1099 0.8301 0.0510 0.1189 
1100 0.8407 0.1331 0.0263 
1101 0.8764 0.1001 0.0235 
1102 0.7392 0.2301 0.0306 
1103 0.8189 0.1297 0.0514 
1104 0.8973 0.0717 0.0310 
1105 0.8636 0.1052 0.0312 
1106 0.7656 0.1432 0.0912 
1107 0.7474 0.2074 0.0452 
1108 0.1546 0.8130 0.0324 
1109 0.2763 0.6919 0.0318 
1110 0.3489 0.0546 0.5965 
1111 0.3683 0.0314 0.6003 
1112 0.0570 0.1330 0.8101 
1113 0.1954 0.2470 0.5576 
1114 0.2742 0.4884 0.2374 
1115 0.1559 0.1069 0.7372 
1116 0.0836 0.0586 0.8578 
1117 0.1629 0.6409 0.1962 
1118 0.0646 0.0580 0.8774 
1119 0.1490 0.5380 0.3130 
1120 0.0973 0.1385 0.7641 
1121 0.0910 0.3431 0.5659 
1122 0.3172 0.2512 0.4316 
1123 0.4594 0.2969 0.2437 
1124 0.0681 0.0571 0.8748 
1125 0.2502 0.1312 0.6187 
1126 0.1085 0.3356 0.5559 
1127 0.0970 0.2145 0.6886 
1128 0.1161 0.0446 0.8394 
1129 0.4721 0.2320 0.2959 
1130 0.5257 0.1974 0.2769 
1131 0.1336 0.7373 0.1290 
1132 0.0847 0.2133 0.7019 
1133 0.1216 0.0969 0.7815 
1134 0.0745 0.0389 0.8866 
1135 0.4373 0.4290 0.1337 
1136 0.1165 0.7728 0.1106 
1137 0.2323 0.0664 0.7013 
1138 0.3830 0.2320 0.3850 
1139 0.0808 0.0402 0.8789 
1140 0.4293 0.1902 0.3805 
1141 0.5249 0.2239 0.2513 
1142 0.2045 0.6720 0.1235 
1143 0.5114 0.1167 0.3718 
1144 0.2355 0.1579 0.6066 
1145 0.2478 0.4835 0.2688 
1146 0.1589 0.3719 0.4693 
1147 0.6321 0.2670 0.1009 
1148 0.1178 0.8254 0.0568 
1149 0.2304 0.1619 0.6077 
1150 0.4989 0.1087 0.3924 
1151 0.0910 0.1835 0.7255 
1152 0.4200 0.4078 0.1722 
1153 0.1747 0.7297 0.0956 
1154 0.2519 0.3209 0.4271 
1155 0.2879 0.2039 0.5082 
1156 0.1569 0.0891 0.7540 
1157 0.1036 0.6302 0.2661 
1158 0.1333 0.1024 0.7642 
1159 0.8859 0.0841 0.0300 
1160 0.8852 0.0823 0.0325 
1161 0.9142 0.0376 0.0481 
1162 0.7198 0.0971 0.1831 
1163 0.3487 0.0832 0.5681 
1164 0.6980 0.1598 0.1422 
1165 0.8947 0.0670 0.0383 
1166 0.6763 0.0553 0.2684 
1167 0.8573 0.1140 0.0287 
1168 0.8243 0.1243 0.0514 
1169 0.8055 0.1172 0.0773 
1170 0.5958 0.3592 0.0450 
1171 0.6058 0.2957 0.0985 
1172 0.8074 0.1490 0.0436 
1173 0.8497 0.1016 0.0487 
1174 0.9083 0.0612 0.0305 
1175 0.8631 0.0961 0.0408 
1176 0.7983 0.0934 0.1083 
1177 0.1010 0.8729 0.0261 
1178 0.8904 0.0708 0.0388 
1179 0.5930 0.3813 0.0258 
1180 0.8515 0.1179 0.0307 
1181 0.8358 0.1103 0.0539 
1182 0.8973 0.0583 0.0444 
1183 0.5295 0.3270 0.1435 
1184 0.6763 0.2956 0.0281 
1185 0.5734 0.3801 0.0465 
1186 0.6572 0.2309 0.1119 
1187 0.4103 0.4470 0.1427 
1188 0.5230 0.4331 0.0440 
1189 0.8298 0.0737 0.0965 
1190 0.8441 0.1270 0.0289 
1191 0.3357 0.4352 0.2291 
1192 0.9240 0.0432 0.0328 
1193 0.6990 0.1628 0.1382 
1194 0.0994 0.8744 0.0262 
1195 0.8645 0.1070 0.0285 
1196 0.8854 0.0782 0.0364 
1197 0.6579 0.3159 0.0262 
1198 0.9146 0.0564 0.0290 
1199 0.7724 0.1786 0.0491 
1200 0.3039 0.6669 0.0292 
1201 0.6498 0.0930 0.2572 
1202 0.7339 0.1385 0.1277 
1203 0.9079 0.0624 0.0296 
1204 0.7775 0.1592 0.0634 
1205 0.8316 0.1292 0.0392 
1206 0.0757 0.2548 0.6695 
1207 0.4440 0.4100 0.1461 
1208 0.2406 0.0283 0.7311 
1209 0.5745 0.0905 0.3351 
1210 0.5139 0.2543 0.2317 
1211 0.3323 0.1788 0.4889 
1212 0.1359 0.5554 0.3087 
1213 0.6424 0.0863 0.2713 
1214 0.5441 0.0967 0.3592 
1215 0.8241 0.0627 0.1132 
1216 0.7997 0.0612 0.1391 
1217 0.1298 0.6277 0.2425 
1218 0.2056 0.7192 0.0752 
1219 0.4562 0.3043 0.2394 
1220 0.2137 0.7121 0.0742 
1221 0.7983 0.0653 0.1364 
1222 0.3295 0.2915 0.3790 
1223 0.1279 0.7906 0.0815 
1224 0.7762 0.1006 0.1232 
1225 0.2561 0.6193 0.1246 
1226 0.2137 0.6330 0.1533 
1227 0.6833 0.1410 0.1757 
1228 0.5582 0.0628 0.3790 
1229 0.8809 0.0342 0.0850 
1230 0.2327 0.0733 0.6941 
1231 0.5950 0.1086 0.2964 
1232 0.9025 0.0372 0.0603 
1233 0.5861 0.1979 0.2159 
1234 0.4518 0.1196 0.4285 
1235 0.5531 0.0584 0.3885 
1236 0.7408 0.0269 0.2323 
1237 0.6239 0.0413 0.3347 
1238 0.5168 0.0402 0.4430 
1239 0.7767 0.0590 0.1643 
1240 0.7736 0.0327 0.1937 
1241 0.7042 0.0534 0.2424 
1242 0.3653 0.0363 0.5983 
1243 0.4973 0.1433 0.3594 
1244 0.3199 0.0316 0.6485 
1245 0.3755 0.0281 0.5964 
1246 0.5288 0.1013 0.3698 
1247 0.1983 0.0262 0.7755 
1248 0.4754 0.0448 0.4798 
1249 0.6867 0.1970 0.1163 
1250 0.8754 0.0387 0.0860 
1251 0.7995 0.0402 0.1602 
1252 0.9153 0.0323 0.0524 
1253 0.6307 0.0575 0.3119 
1254 0.9058 0.0399 0.0543 
1255 0.4952 0.0263 0.4785 
1256 0.2523 0.0573 0.6904 
1257 0.6554 0.0581 0.2865 
1258 0.9217 0.0353 0.0430 
1259 0.8488 0.0735 0.0776 
1260 0.5790 0.0348 0.3863 
1261 0.4635 0.0367 0.4998 
1262 0.7455 0.0407 0.2138 
1263 0.7725 0.0932 0.1343 
1264 0.8276 0.0420 0.1304 
1265 0.5020 0.0375 0.4605 
1266 0.5572 0.1472 0.2955 
1267 0.5669 0.0508 0.3823 
1268 0.3427 0.6302 0.0270 
1269 0.2439 0.7286 0.0275 
1270 0.8331 0.0777 0.0892 
1271 0.7032 0.2586 0.0382 
1272 0.6889 0.2518 0.0593 
1273 0.8569 0.0907 0.0524 
1274 0.5797 0.3344 0.0858 
1275 0.8198 0.1443 0.0359 
1276 0.1440 0.8155 0.0406 
1277 0.6480 0.3258 0.0262 
1278 0.1109 0.6974 0.1918 
1279 0.4539 0.4528 0.0933 
1280 0.7570 0.1483 0.0946 
1281 0.8389 0.1266 0.0345 
1282 0.7619 0.2178 0.0203 
1283 0.8618 0.0946 0.0436 
1284 0.3690 0.4587 0.1723 
1285 0.8903 0.0637 0.0460 
1286 0.7857 0.1526 0.0618 
1287 0.5886 0.2779 0.1335 
1288 0.3933 0.5220 0.0847 
1289 0.7695 0.2009 0.0296 
1290 0.6951 0.1853 0.1196 
1291 0.7835 0.0867 0.1298 
1292 0.8569 0.0895 0.0536 
1293 0.4788 0.4834 0.0378 
1294 0.8836 0.0681 0.0483 
1295 0.5391 0.4356 0.0254 
1296 0.2581 0.6954 0.0465 
1297 0.7839 0.1187 0.0974 
1298 0.6662 0.2997 0.0340 
1299 0.8508 0.1150 0.0341 
1300 0.4733 0.1133 0.4135 
1301 0.8505 0.1152 0.0343 
1302 0.4409 0.4757 0.0834 
1303 0.6655 0.2824 0.0521 
1304 0.5667 0.3736 0.0598 
1305 0.6021 0.2687 0.1292 
1306 0.8535 0.1127 0.0338 
1307 0.7168 0.2326 0.0506 
1308 0.8400 0.0723 0.0878 
1309 0.8468 0.1151 0.0381 
1310 0.5038 0.4631 0.0330 
1311 0.4010 0.5737 0.0254 
1312 0.8466 0.0928 0.0606 
1313 0.8828 0.0780 0.0392 
1314 0.1834 0.7733 0.0433 
1315 0.5660 0.1594 0.2746 
1316 0.5453 0.4187 0.0360 
1317 0.8324 0.0425 0.1251 
1318 0.7039 0.2236 0.0725 
1319 0.1115 0.0337 0.8548 
1320 0.8104 0.0766 0.1130 
1321 0.6239 0.3442 0.0319 
1322 0.3810 0.5385 0.0805 
1323 0.8337 0.1315 0.0349 
1324 0.4809 0.3873 0.1318 
1325 0.9081 0.0717 0.0201 
1326 0.3306 0.6392 0.0303 
1327 0.9062 0.0392 0.0546 
1328 0.9125 0.0518 0.0357 
1329 0.8917 0.0666 0.0417 
1330 0.8668 0.0957 0.0375 
1331 0.8989 0.0677 0.0334 
1332 0.7221 0.1176 0.1603 
1333 0.8931 0.0648 0.0420 
1334 0.5381 0.4294 0.0325 
1335 0.8067 0.0862 0.1071 
1336 0.1741 0.0639 0.7621 
1337 0.2307 0.0959 0.6734 
1338 0.8505 0.0924 0.0572 
1339 0.8963 0.0635 0.0402 
1340 0.8886 0.0533 0.0581 
1341 0.6264 0.2871 0.0865 
1342 0.8727 0.0434 0.0839 
1343 0.9092 0.0438 0.0471 
1344 0.4377 0.1056 0.4567 
1345 0.6952 0.2722 0.0326 
1346 0.3876 0.5427 0.0696 
1347 0.7841 0.0408 0.1751 
1348 0.8674 0.0660 0.0666 
1349 0.2253 0.0413 0.7334 
1350 0.6684 0.0604 0.2712 
1351 0.9197 0.0464 0.0339 
1352 0.4088 0.5229 0.0683 
1353 0.8929 0.0758 0.0312 
1354 0.8868 0.0637 0.0495 
1355 0.9214 0.0584 0.0202 
1356 0.8510 0.0922 0.0568 
1357 0.8561 0.0410 0.1028 
1358 0.9214 0.0305 0.0482 
1359 0.8872 0.0409 0.0720 
1360 0.4596 0.2089 0.3315 
1361 0.6474 0.1379 0.2147 
1362 0.7066 0.1405 0.1529 
1363 0.5700 0.1146 0.3153 
1364 0.5915 0.1719 0.2366 
1365 0.6633 0.2451 0.0916 
1366 0.6874 0.1565 0.1561 
1367 0.5348 0.0445 0.4207 
1368 0.4068 0.0475 0.5458 
1369 0.8567 0.0829 0.0605 
1370 0.7642 0.0323 0.2035 
1371 0.6022 0.3307 0.0671 
1372 0.2245 0.0443 0.7311 
1373 0.2336 0.0920 0.6744 
1374 0.8786 0.0378 0.0837 
1375 0.4929 0.0934 0.4138 
1376 0.5843 0.0641 0.3515 
1377 0.7404 0.1224 0.1372 
1378 0.4071 0.1365 0.4564 
1379 0.1197 0.0295 0.8508 
1380 0.6719 0.2557 0.0724 
1381 0.6457 0.2589 0.0954 
1382 0.3119 0.0599 0.6282 
1383 0.4180 0.5460 0.0360 
1384 0.5930 0.3404 0.0666 
1385 0.2282 0.0438 0.7280 
1386 0.7596 0.1427 0.0977 
1387 0.4475 0.0977 0.4548 
1388 0.5928 0.2743 0.1330 
1389 0.8486 0.0575 0.0939 
1390 0.7143 0.1008 0.1849 
1391 0.7322 0.1092 0.1586 
1392 0.2452 0.5610 0.1938 
1393 0.4174 0.1189 0.4636 
1394 0.7328 0.0466 0.2206 
1395 0.6957 0.2440 0.0603 
1396 0.1766 0.7876 0.0358 
1397 0.3900 0.1398 0.4703 
1398 0.4475 0.1576 0.3950 
1399 0.3032 0.4689 0.2279 
1400 0.5620 0.3516 0.0863 
1401 0.1092 0.8583 0.0326 
1402 0.2636 0.0921 0.6443 
1403 0.3893 0.1226 0.4880 
1404 0.5795 0.1024 0.3181 
1405 0.2060 0.7330 0.0610 
1406 0.2029 0.4044 0.3927 
1407 0.4407 0.4986 0.0608 
1408 0.6743 0.2430 0.0827 
1409 0.1718 0.4681 0.3601 
1410 0.5727 0.3299 0.0974 
1411 0.3396 0.5648 0.0956 
1412 0.2305 0.6876 0.0819 
1413 0.3534 0.1086 0.5380 
1414 0.2202 0.6235 0.1564 
1415 0.1691 0.6701 0.1608 
1416 0.2636 0.0822 0.6541 
1417 0.5685 0.3330 0.0986 
1418 0.6206 0.0585 0.3209 
1419 0.7285 0.0485 0.2230 
1420 0.8112 0.0590 0.1298 
1421 0.4265 0.0266 0.5468 
1422 0.7016 0.0308 0.2675 
1423 0.8831 0.0604 0.0565 
1424 0.8126 0.1384 0.0490 
1425 0.7586 0.0454 0.1959 
1426 0.8293 0.0491 0.1216 
1427 0.7795 0.1809 0.0396 
1428 0.8420 0.0341 0.1240 
1429 0.5518 0.0324 0.4158 
1430 0.7522 0.0401 0.2076 
1431 0.8535 0.0401 0.1064 
1432 0.7666 0.0884 0.1450 
1433 0.2620 0.0242 0.7137 
1434 0.5888 0.0295 0.3817 
1435 0.2464 0.0470 0.7066 
1436 0.5246 0.0473 0.4281 
1437 0.7609 0.0763 0.1627 
1438 0.9160 0.0559 0.0281 
1439 0.5001 0.0421 0.4578 
1440 0.6428 0.0279 0.3293 
1441 0.1141 0.0265 0.8594 
1442 0.7235 0.0318 0.2447 
1443 0.5594 0.0325 0.4081 
1444 0.8606 0.0495 0.0898 
1445 0.7481 0.0286 0.2232 
1446 0.6351 0.0321 0.3328 
1447 0.7806 0.0487 0.1707 
1448 0.8852 0.0276 0.0872 
1449 0.9161 0.0364 0.0475 
1450 0.8561 0.0480 0.0959 
1451 0.1583 0.0283 0.8134 
1452 0.8251 0.0626 0.1123 
1453 0.6195 0.0413 0.3392 
1454 0.8850 0.0634 0.0516 
1455 0.7923 0.1158 0.0919 
1456 0.8114 0.0599 0.1287 
1457 0.9051 0.0459 0.0490 
1458 0.8582 0.0541 0.0877 
1459 0.4309 0.0267 0.5423 
1460 0.7278 0.1689 0.1033 
1461 0.3778 0.5881 0.0341 
1462 0.8916 0.0502 0.0582 
1463 0.1394 0.0722 0.7884 
1464 0.0865 0.8825 0.0311 
1465 0.2034 0.7607 0.0359 
1466 0.8959 0.0587 0.0454 
1467 0.1725 0.7722 0.0553 
1468 0.3801 0.5691 0.0508 
1469 0.4540 0.4624 0.0836 
1470 0.4459 0.0747 0.4793 
1471 0.4792 0.3867 0.1341 
1472 0.6279 0.3289 0.0432 
1473 0.5208 0.3186 0.1605 
1474 0.8840 0.0563 0.0598 
1475 0.3858 0.5245 0.0897 
1476 0.0883 0.8875 0.0243 
1477 0.1615 0.0481 0.7904 
1478 0.3524 0.1450 0.5026 
1479 0.6556 0.2918 0.0526 
1480 0.8423 0.1103 0.0474 
1481 0.1467 0.8183 0.0350 
