   1 0.0089 0.0095 0.0646 0.2471 0.1745 0.1145 0.2211 0.1598 
   2 0.0059 0.0113 0.0297 0.0787 0.0397 0.3446 0.2221 0.2680 
   3 0.0112 0.0055 0.0358 0.2032 0.1325 0.1475 0.3130 0.1513 
   4 0.0146 0.0083 0.3138 0.1800 0.0661 0.1436 0.1010 0.1727 
   5 0.0081 0.0129 0.0356 0.0652 0.0428 0.2633 0.3048 0.2673 
   6 0.0074 0.0057 0.0392 0.0583 0.0553 0.0810 0.5852 0.1677 
   7 0.0105 0.0074 0.0315 0.0691 0.0733 0.0635 0.2392 0.5054 
   8 0.0476 0.0082 0.1930 0.1445 0.0841 0.0949 0.2381 0.1897 
   9 0.0192 0.0138 0.0335 0.1655 0.0634 0.1977 0.2925 0.2144 
  10 0.0140 0.0083 0.1529 0.0849 0.0615 0.0718 0.3460 0.2605 
  11 0.0063 0.0112 0.0275 0.0769 0.1336 0.0625 0.1915 0.4905 
  12 0.0073 0.0084 0.0495 0.0997 0.0389 0.2350 0.2805 0.2806 
  13 0.0098 0.0118 0.0323 0.1329 0.0496 0.1333 0.3288 0.3015 
  14 0.0061 0.0065 0.0515 0.0943 0.0951 0.3883 0.2046 0.1536 
  15 0.0108 0.0073 0.0874 0.1819 0.0989 0.1903 0.1683 0.2550 
  16 0.0065 0.0115 0.0283 0.1219 0.1077 0.0922 0.4169 0.2151 
  17 0.0164 0.0110 0.0387 0.0948 0.0539 0.1636 0.4511 0.1704 
  18 0.0200 0.0086 0.0527 0.1122 0.1135 0.2470 0.2931 0.1530 
  19 0.0067 0.0068 0.0332 0.0872 0.0482 0.0912 0.5326 0.1942 
  20 0.0078 0.0087 0.0476 0.0979 0.0888 0.1826 0.2163 0.3503 
  21 0.0074 0.0075 0.0832 0.1499 0.0928 0.3099 0.1867 0.1625 
  22 0.0102 0.0074 0.0314 0.1317 0.0556 0.0994 0.5168 0.1476 
  23 0.0145 0.0250 0.0466 0.2810 0.0748 0.2739 0.1331 0.1510 
  24 0.0067 0.0106 0.0420 0.2643 0.0965 0.1055 0.2920 0.1823 
  25 0.0084 0.0079 0.0256 0.0525 0.0714 0.1069 0.3726 0.3546 
  26 0.0134 0.0072 0.0605 0.1405 0.0680 0.1498 0.3858 0.1749 
  27 0.0101 0.0115 0.0419 0.1289 0.0705 0.1717 0.3651 0.2004 
  28 0.0083 0.0085 0.2309 0.1248 0.1199 0.1114 0.1729 0.2232 
  29 0.0057 0.0129 0.0258 0.1236 0.0525 0.1802 0.1899 0.4095 
  30 0.0062 0.0088 0.0260 0.1131 0.0752 0.1370 0.4946 0.1390 
  31 0.0230 0.0133 0.1292 0.0795 0.0603 0.1816 0.2286 0.2845 
  32 0.0071 0.0060 0.0703 0.1689 0.0685 0.1858 0.3220 0.1714 
  33 0.0075 0.0089 0.0305 0.2339 0.1379 0.1356 0.2101 0.2357 
  34 0.0099 0.0198 0.1098 0.0546 0.0946 0.0668 0.2896 0.3549 
  35 0.0183 0.0220 0.0222 0.0921 0.0527 0.3158 0.3224 0.1544 
  36 0.0061 0.0086 0.0239 0.1095 0.3697 0.2478 0.1012 0.1332 
  37 0.0141 0.0070 0.0418 0.2298 0.0489 0.2408 0.1869 0.2306 
  38 0.0063 0.0227 0.0190 0.0658 0.4557 0.1216 0.1080 0.2009 
  39 0.0105 0.0219 0.0311 0.0899 0.1809 0.2051 0.1830 0.2776 
  40 0.0056 0.0113 0.0289 0.2039 0.0813 0.3778 0.1838 0.1075 
  41 0.0099 0.0455 0.0199 0.1359 0.2118 0.2313 0.1475 0.1981 
  42 0.0065 0.0228 0.0311 0.4189 0.2041 0.1189 0.0718 0.1259 
  43 0.0134 0.0172 0.0301 0.1752 0.0438 0.3641 0.1294 0.2268 
  44 0.0116 0.0135 0.0185 0.1002 0.0470 0.4544 0.2059 0.1489 
  45 0.0074 0.0241 0.0194 0.0800 0.2432 0.3003 0.1161 0.2095 
  46 0.0187 0.0101 0.0319 0.0679 0.0777 0.2486 0.3298 0.2152 
  47 0.0260 0.0170 0.0343 0.1200 0.0442 0.1712 0.3844 0.2029 
  48 0.0122 0.0174 0.0186 0.0935 0.0485 0.5024 0.2086 0.0988 
  49 0.0149 0.0401 0.0294 0.1263 0.1091 0.2482 0.2151 0.2169 
  50 0.0221 0.0157 0.0775 0.0565 0.0705 0.1360 0.3204 0.3012 
  51 0.0051 0.0209 0.0198 0.1141 0.2415 0.4192 0.0676 0.1119 
  52 0.0140 0.0246 0.0333 0.1214 0.1784 0.1656 0.1987 0.2640 
  53 0.0090 0.0141 0.0367 0.0917 0.4180 0.1112 0.1578 0.1614 
  54 0.0129 0.0163 0.0323 0.1334 0.0348 0.3528 0.2105 0.2071 
  55 0.0102 0.0105 0.0249 0.0887 0.0446 0.5304 0.1368 0.1538 
  56 0.0089 0.0218 0.0306 0.1287 0.1028 0.3588 0.2413 0.1070 
  57 0.0263 0.0127 0.1049 0.1412 0.0524 0.0830 0.3863 0.1932 
  58 0.0078 0.0214 0.0254 0.1318 0.1103 0.3552 0.1393 0.2089 
  59 0.0072 0.0629 0.0282 0.1157 0.2632 0.2132 0.1244 0.1853 
  60 0.0061 0.0087 0.0509 0.1507 0.1494 0.3856 0.1087 0.1400 
  61 0.0051 0.0086 0.0313 0.1125 0.0356 0.6007 0.0701 0.1361 
  62 0.0194 0.0656 0.0454 0.0870 0.0620 0.1934 0.3262 0.2009 
  63 0.0055 0.0093 0.0345 0.1849 0.0973 0.2456 0.1110 0.3119 
  64 0.0089 0.0132 0.0249 0.0733 0.1232 0.1524 0.4201 0.1840 
  65 0.0071 0.0103 0.0233 0.0531 0.0503 0.1288 0.1570 0.5702 
  66 0.0069 0.0097 0.0599 0.1677 0.0536 0.3286 0.1053 0.2684 
  67 0.0092 0.0099 0.0221 0.0770 0.0376 0.5184 0.1323 0.1935 
  68 0.0093 0.0522 0.0328 0.1341 0.2817 0.2028 0.1107 0.1762 
  69 0.0107 0.0604 0.1376 0.0559 0.3522 0.0994 0.1296 0.1543 
  70 0.0055 0.0099 0.0284 0.1666 0.2574 0.2247 0.0878 0.2196 
  71 0.0072 0.0514 0.0195 0.0578 0.2389 0.3150 0.1125 0.1977 
  72 0.0083 0.0072 0.0245 0.0826 0.2214 0.1995 0.2548 0.2016 
  73 0.0071 0.0461 0.0225 0.0693 0.0643 0.4330 0.1130 0.2446 
  74 0.0061 0.0082 0.0304 0.2052 0.3312 0.1984 0.1046 0.1158 
  75 0.0074 0.0112 0.0314 0.2390 0.2182 0.3054 0.0938 0.0936 
  76 0.0082 0.0073 0.0246 0.1029 0.0675 0.3164 0.1149 0.3581 
  77 0.0058 0.0434 0.0180 0.1116 0.2680 0.2095 0.0969 0.2469 
  78 0.0061 0.0486 0.0179 0.1168 0.3756 0.1590 0.0941 0.1820 
  79 0.0069 0.0079 0.0315 0.0827 0.0667 0.0860 0.2274 0.4910 
  80 0.0067 0.0071 0.0747 0.4527 0.0494 0.1023 0.1055 0.2017 
  81 0.0073 0.0060 0.1096 0.2997 0.0584 0.0942 0.1328 0.2919 
  82 0.0070 0.0180 0.0384 0.1710 0.0579 0.2599 0.1263 0.3216 
  83 0.0065 0.0058 0.0786 0.1922 0.1208 0.1817 0.1312 0.2831 
  84 0.0063 0.0064 0.0786 0.1855 0.0873 0.1102 0.1301 0.3954 
  85 0.0065 0.0062 0.0875 0.2231 0.1242 0.1393 0.2028 0.2103 
  86 0.0100 0.0131 0.0302 0.0701 0.0549 0.3573 0.2092 0.2552 
  87 0.0069 0.0074 0.0372 0.0860 0.1044 0.1132 0.1165 0.5283 
  88 0.0075 0.0070 0.0541 0.2965 0.0563 0.1227 0.1109 0.3450 
  89 0.0095 0.0064 0.0868 0.3199 0.0530 0.1339 0.1156 0.2750 
  90 0.0064 0.0071 0.0378 0.0943 0.0583 0.0978 0.1080 0.5902 
  91 0.0065 0.0055 0.0849 0.3845 0.1124 0.1188 0.1182 0.1692 
  92 0.0074 0.0075 0.0435 0.1337 0.0626 0.1276 0.1776 0.4402 
  93 0.0068 0.0077 0.2923 0.3204 0.0456 0.1042 0.0947 0.1284 
  94 0.0057 0.0063 0.0312 0.0744 0.2558 0.0812 0.0954 0.4498 
  95 0.0065 0.0066 0.0514 0.2156 0.0536 0.0950 0.0776 0.4936 
  96 0.0059 0.0113 0.0386 0.2384 0.0396 0.4306 0.0705 0.1650 
  97 0.0080 0.0102 0.0348 0.1950 0.2316 0.2941 0.1111 0.1153 
  98 0.0050 0.0156 0.0229 0.1865 0.0609 0.2936 0.2007 0.2149 
  99 0.0064 0.0065 0.0759 0.1779 0.0682 0.1038 0.1180 0.4434 
 100 0.0072 0.0081 0.0612 0.4809 0.0343 0.2034 0.0896 0.1152 
 101 0.0096 0.0085 0.0484 0.1313 0.0968 0.1661 0.1197 0.4196 
 102 0.0072 0.0169 0.0711 0.2918 0.1084 0.1546 0.0877 0.2624 
 103 0.0078 0.0101 0.0837 0.0874 0.0475 0.3326 0.0870 0.3439 
 104 0.0060 0.0072 0.0964 0.0399 0.0472 0.1338 0.0913 0.5781 
 105 0.0080 0.0219 0.1368 0.0521 0.0392 0.1725 0.0821 0.4874 
 106 0.0061 0.0067 0.0186 0.0460 0.1103 0.0906 0.1355 0.5863 
 107 0.0088 0.0113 0.0728 0.0858 0.0457 0.2447 0.0875 0.4433 
 108 0.0051 0.0060 0.0306 0.0536 0.1847 0.4868 0.0939 0.1392 
 109 0.0081 0.1186 0.0247 0.0419 0.1401 0.1354 0.1383 0.3930 
 110 0.0065 0.0088 0.0215 0.0511 0.1196 0.0721 0.1281 0.5923 
 111 0.0072 0.0177 0.0342 0.0562 0.0400 0.1130 0.0846 0.6469 
 112 0.0054 0.2137 0.0219 0.0498 0.0967 0.0925 0.0846 0.4354 
 113 0.0093 0.0098 0.0408 0.0876 0.0830 0.3612 0.1696 0.2388 
 114 0.0051 0.0141 0.1226 0.0462 0.0434 0.1197 0.0883 0.5606 
 115 0.0090 0.0209 0.0297 0.1026 0.0617 0.2137 0.1084 0.4540 
 116 0.0083 0.0124 0.0191 0.0527 0.2079 0.1826 0.1241 0.3928 
 117 0.0111 0.0295 0.0241 0.0835 0.1075 0.0788 0.1344 0.5309 
 118 0.0060 0.0179 0.0314 0.0589 0.0498 0.3191 0.1207 0.3962 
 119 0.0051 0.0080 0.0408 0.2507 0.0927 0.3081 0.0694 0.2252 
 120 0.0082 0.0287 0.0388 0.0874 0.0630 0.1933 0.1136 0.4671 
 121 0.0422 0.0584 0.0239 0.0732 0.0872 0.2244 0.1011 0.3896 
 122 0.0049 0.0138 0.0318 0.0521 0.0933 0.1048 0.1478 0.5515 
 123 0.0073 0.0101 0.0392 0.0694 0.0870 0.1437 0.0998 0.5434 
 124 0.0129 0.0236 0.0280 0.0551 0.1704 0.2104 0.1525 0.3471 
 125 0.0080 0.0350 0.0235 0.0936 0.2554 0.0922 0.2218 0.2705 
 126 0.0047 0.0069 0.0352 0.0863 0.1635 0.1984 0.0920 0.4129 
 127 0.0076 0.0124 0.0328 0.0581 0.0400 0.1513 0.0716 0.6263 
 128 0.0057 0.0146 0.0305 0.0616 0.0379 0.3063 0.1215 0.4220 
 129 0.0097 0.0109 0.0309 0.0450 0.0418 0.2188 0.0896 0.5533 
 130 0.0084 0.0248 0.0776 0.0839 0.0481 0.1410 0.0984 0.5177 
 131 0.0153 0.0322 0.0242 0.0503 0.3445 0.1347 0.1079 0.2910 
 132 0.0063 0.0092 0.0251 0.0430 0.0805 0.1612 0.1274 0.5473 
 133 0.0136 0.0122 0.0449 0.0717 0.0574 0.2231 0.0969 0.4802 
 134 0.0049 0.0119 0.0171 0.0395 0.0694 0.0640 0.1083 0.6847 
 135 0.0096 0.0190 0.0987 0.2918 0.0634 0.3228 0.0885 0.1061 
 136 0.0085 0.0109 0.2789 0.2769 0.0422 0.1168 0.1792 0.0866 
 137 0.0063 0.0208 0.1375 0.4944 0.0430 0.0737 0.0926 0.1318 
 138 0.0060 0.0065 0.5139 0.1255 0.0612 0.0972 0.0967 0.0931 
 139 0.0054 0.0084 0.1283 0.0767 0.0498 0.4981 0.1243 0.1089 
 140 0.0077 0.0100 0.1547 0.2550 0.0812 0.1792 0.1156 0.1966 
 141 0.0076 0.0096 0.4023 0.0852 0.0637 0.1272 0.2086 0.0959 
 142 0.0081 0.0195 0.1637 0.1791 0.0552 0.3923 0.0810 0.1011 
 143 0.0054 0.0059 0.1031 0.6136 0.0343 0.0865 0.0698 0.0814 
 144 0.0060 0.0187 0.0954 0.5650 0.0372 0.0788 0.0736 0.1253 
 145 0.0096 0.0135 0.1350 0.2022 0.0639 0.1897 0.2863 0.0998 
 146 0.0130 0.0078 0.2420 0.1906 0.0795 0.1151 0.1540 0.1980 
 147 0.0068 0.0065 0.2734 0.4207 0.0387 0.0761 0.0924 0.0854 
 148 0.0076 0.0172 0.2958 0.1386 0.0460 0.2146 0.1360 0.1442 
 149 0.0075 0.0102 0.3660 0.1439 0.0765 0.1988 0.1064 0.0907 
 150 0.0092 0.0246 0.1664 0.2980 0.0457 0.1376 0.1106 0.2078 
 151 0.0078 0.0071 0.1389 0.4802 0.0397 0.1248 0.0827 0.1188 
 152 0.0076 0.0135 0.2168 0.1566 0.0725 0.2638 0.1561 0.1131 
 153 0.0059 0.0077 0.4037 0.1384 0.0954 0.1322 0.0976 0.1192 
 154 0.0097 0.0086 0.4340 0.0995 0.0459 0.1836 0.1329 0.0858 
 155 0.0068 0.0059 0.5345 0.1142 0.0385 0.0990 0.0776 0.1236 
 156 0.0055 0.0102 0.2640 0.2507 0.0420 0.2440 0.0623 0.1212 
 157 0.0059 0.0061 0.3845 0.1780 0.0645 0.0785 0.0715 0.2112 
 158 0.0102 0.0137 0.1502 0.2430 0.0704 0.1371 0.2784 0.0970 
 159 0.0074 0.0081 0.4595 0.2367 0.0373 0.0810 0.0876 0.0824 
 160 0.0091 0.0078 0.5246 0.1470 0.0379 0.0989 0.0899 0.0848 
 161 0.0066 0.0082 0.0744 0.4679 0.0753 0.1090 0.1221 0.1365 
 162 0.0176 0.0080 0.2606 0.1033 0.0704 0.1609 0.1786 0.2006 
 163 0.0058 0.0062 0.4799 0.1565 0.0458 0.1299 0.0681 0.1078 
 164 0.0174 0.0066 0.3492 0.1098 0.0503 0.1394 0.1224 0.2048 
 165 0.0092 0.0238 0.1324 0.4119 0.0433 0.1115 0.0842 0.1837 
 166 0.0063 0.0061 0.3326 0.1074 0.1219 0.1548 0.0745 0.1964 
 167 0.0191 0.0065 0.5333 0.0648 0.0387 0.0742 0.1467 0.1167 
 168 0.0074 0.0064 0.3510 0.1583 0.1235 0.1392 0.1075 0.1066 
 169 0.0111 0.0155 0.1102 0.1755 0.2260 0.1156 0.2565 0.0897 
 170 0.0061 0.0073 0.0436 0.5142 0.0405 0.1796 0.0756 0.1333 
 171 0.0082 0.0070 0.2799 0.1352 0.0825 0.1928 0.1497 0.1447 
 172 0.0071 0.0146 0.1469 0.2116 0.2280 0.2070 0.0990 0.0858 
 173 0.0080 0.0075 0.4863 0.1295 0.0352 0.1513 0.0934 0.0888 
 174 0.0076 0.0060 0.4788 0.1511 0.0437 0.0870 0.0953 0.1305 
 175 0.0074 0.0076 0.1164 0.4830 0.0366 0.0976 0.1667 0.0847 
 176 0.0064 0.0194 0.0962 0.5636 0.0371 0.0800 0.0731 0.1241 
 177 0.0076 0.0072 0.3354 0.1133 0.1227 0.0919 0.0969 0.2251 
 178 0.0081 0.0063 0.4517 0.0974 0.0415 0.0991 0.1638 0.1321 
 179 0.0061 0.0054 0.5751 0.1128 0.0352 0.0896 0.0871 0.0888 
 180 0.0143 0.0106 0.2177 0.2663 0.0704 0.1116 0.1719 0.1371 
 181 0.0096 0.0113 0.1283 0.2961 0.0624 0.2444 0.1448 0.1031 
 182 0.0120 0.0089 0.1362 0.4013 0.0375 0.2244 0.0855 0.0942 
 183 0.0069 0.0066 0.2574 0.3728 0.0378 0.1248 0.1020 0.0917 
 184 0.0097 0.0077 0.0282 0.0737 0.0421 0.3936 0.2792 0.1658 
 185 0.0048 0.0085 0.2969 0.2429 0.0362 0.2735 0.0638 0.0733 
 186 0.0091 0.0064 0.0283 0.0761 0.0382 0.2805 0.1945 0.3670 
 187 0.0056 0.0059 0.1293 0.1469 0.0398 0.3522 0.1544 0.1658 
 188 0.0090 0.0074 0.0228 0.0558 0.0328 0.3850 0.1751 0.3120 
 189 0.0058 0.0057 0.0663 0.2053 0.1228 0.2337 0.2413 0.1192 
 190 0.0045 0.0090 0.0424 0.1163 0.0303 0.6638 0.0546 0.0789 
 191 0.0057 0.0101 0.0389 0.0855 0.0348 0.4840 0.1651 0.1759 
 192 0.0058 0.0063 0.0586 0.2602 0.0408 0.2332 0.1549 0.2401 
 193 0.0060 0.0110 0.0456 0.1844 0.0466 0.3356 0.2061 0.1646 
 194 0.0076 0.0066 0.0471 0.2855 0.0486 0.2751 0.1226 0.2068 
 195 0.0054 0.0061 0.0845 0.1863 0.0315 0.5185 0.0792 0.0885 
 196 0.0045 0.0085 0.0425 0.1137 0.0355 0.6135 0.0689 0.1129 
 197 0.0068 0.0069 0.0886 0.0895 0.0425 0.2495 0.2958 0.2204 
 198 0.0054 0.0071 0.0474 0.1520 0.0776 0.2510 0.2025 0.2570 
 199 0.0062 0.0097 0.0316 0.1593 0.0506 0.5310 0.0876 0.1239 
 200 0.0047 0.0115 0.0420 0.0942 0.0547 0.5672 0.1200 0.1058 
 201 0.0053 0.0058 0.2567 0.1313 0.0305 0.3658 0.0975 0.1070 
 202 0.0050 0.0078 0.0573 0.4164 0.0331 0.2906 0.0725 0.1173 
 203 0.0054 0.0083 0.1544 0.1955 0.0306 0.4297 0.0810 0.0952 
 204 0.0055 0.0068 0.0388 0.1060 0.0311 0.6405 0.0717 0.0996 
 205 0.0056 0.0066 0.0356 0.0886 0.0475 0.5724 0.1087 0.1350 
 206 0.0066 0.0062 0.0574 0.1157 0.0296 0.5791 0.1024 0.1030 
 207 0.0055 0.0098 0.0260 0.0915 0.0303 0.5999 0.0864 0.1506 
 208 0.0052 0.0067 0.1267 0.0777 0.0310 0.5620 0.0818 0.1089 
 209 0.0057 0.0111 0.0378 0.1311 0.0361 0.4382 0.1712 0.1687 
 210 0.0051 0.0068 0.0513 0.1097 0.0323 0.5753 0.0840 0.1356 
 211 0.0079 0.0223 0.0441 0.1974 0.0310 0.4549 0.0817 0.1608 
 212 0.0052 0.0074 0.0796 0.3554 0.0408 0.2745 0.1339 0.1032 
 213 0.0058 0.0095 0.0342 0.1716 0.0730 0.3765 0.0903 0.2390 
 214 0.0053 0.0083 0.0664 0.3480 0.0310 0.3564 0.0884 0.0962 
 215 0.0048 0.0087 0.0316 0.0643 0.0415 0.5977 0.1012 0.1502 
 216 0.0097 0.0077 0.0328 0.0949 0.0458 0.3363 0.2884 0.1845 
 217 0.0052 0.0064 0.0784 0.2514 0.0370 0.4240 0.1048 0.0927 
 218 0.0062 0.0071 0.0441 0.1093 0.0450 0.4967 0.1255 0.1660 
 219 0.0115 0.0058 0.0890 0.1688 0.0557 0.2420 0.2856 0.1416 
 220 0.0054 0.0072 0.0342 0.0771 0.0301 0.6237 0.0888 0.1335 
 221 0.0051 0.0082 0.0379 0.5465 0.0331 0.2247 0.0674 0.0772 
 222 0.0084 0.0058 0.0443 0.1291 0.0443 0.2382 0.3436 0.1863 
 223 0.0055 0.0058 0.1515 0.1879 0.0512 0.2716 0.1719 0.1545 
 224 0.0071 0.0067 0.0847 0.2504 0.0302 0.4100 0.1024 0.1085 
 225 0.0055 0.0066 0.0407 0.1179 0.0406 0.5587 0.1015 0.1285 
 226 0.0072 0.0084 0.0510 0.1260 0.1380 0.3673 0.1753 0.1269 
 227 0.0051 0.0074 0.0710 0.1719 0.0339 0.4954 0.0844 0.1310 
 228 0.0053 0.0079 0.0794 0.1645 0.0310 0.5622 0.0711 0.0786 
 229 0.0064 0.0071 0.0793 0.2996 0.0306 0.3168 0.1211 0.1391 
 230 0.0061 0.0085 0.0569 0.2197 0.0302 0.4575 0.0983 0.1228 
 231 0.0056 0.0083 0.1048 0.1734 0.0345 0.3571 0.1856 0.1307 
 232 0.0070 0.0088 0.0415 0.3100 0.0825 0.2513 0.1253 0.1736 
 233 0.0055 0.0072 0.2641 0.1887 0.0308 0.3119 0.0941 0.0977 
 234 0.0050 0.0071 0.0752 0.1493 0.0447 0.2862 0.2167 0.2158 
 235 0.0059 0.0067 0.0581 0.2435 0.0514 0.3552 0.1488 0.1305 
 236 0.0056 0.0076 0.0880 0.2600 0.0390 0.3362 0.1378 0.1259 
 237 0.0050 0.0124 0.0340 0.0816 0.0369 0.5781 0.1107 0.1413 
 238 0.0051 0.0073 0.0631 0.3754 0.0335 0.2837 0.0966 0.1353 
 239 0.0052 0.0062 0.0842 0.1894 0.0317 0.5160 0.0790 0.0883 
 240 0.0051 0.0072 0.0631 0.3761 0.0339 0.2825 0.0949 0.1371 
 241 0.0075 0.0076 0.0671 0.3646 0.0436 0.3038 0.0937 0.1120 
 242 0.0063 0.0067 0.0548 0.1436 0.0596 0.4299 0.1781 0.1209 
 243 0.0045 0.0093 0.0437 0.1029 0.0290 0.6602 0.0630 0.0875 
 244 0.0055 0.0085 0.0792 0.2295 0.0302 0.4619 0.0865 0.0987 
 245 0.0053 0.0060 0.2349 0.2545 0.0382 0.2764 0.0732 0.1115 
 246 0.0053 0.0066 0.0782 0.2498 0.0363 0.4283 0.1030 0.0925 
 247 0.0049 0.0071 0.0254 0.0684 0.0765 0.2895 0.1158 0.4123 
 248 0.0051 0.0085 0.0287 0.0597 0.0377 0.5503 0.1139 0.1961 
 249 0.0059 0.0086 0.0484 0.3317 0.0310 0.3517 0.1020 0.1205 
 250 0.0061 0.0076 0.0595 0.2493 0.0385 0.3250 0.1557 0.1584 
 251 0.0058 0.0110 0.0431 0.0930 0.0903 0.4049 0.2034 0.1485 
 252 0.0057 0.0057 0.0632 0.1956 0.0423 0.4188 0.1293 0.1395 
 253 0.0058 0.0070 0.0310 0.1119 0.0801 0.4033 0.1261 0.2348 
 254 0.0083 0.0060 0.0558 0.1173 0.0361 0.3387 0.2733 0.1645 
 255 0.0054 0.0082 0.0530 0.2004 0.0368 0.2813 0.2238 0.1911 
 256 0.0062 0.0078 0.0478 0.2252 0.0395 0.4539 0.1047 0.1148 
 257 0.0195 0.0100 0.0483 0.1522 0.0417 0.4511 0.1178 0.1594 
 258 0.0047 0.0091 0.0442 0.0866 0.0529 0.4676 0.1234 0.2115 
 259 0.0078 0.0076 0.0430 0.1802 0.0380 0.4168 0.1448 0.1617 
 260 0.0078 0.0060 0.0837 0.2515 0.0368 0.1790 0.2847 0.1507 
 261 0.0052 0.0057 0.0876 0.2068 0.0432 0.4249 0.1129 0.1137 
 262 0.0050 0.0072 0.0498 0.1769 0.0361 0.5802 0.0668 0.0780 
 263 0.0099 0.0081 0.0337 0.0723 0.0300 0.5541 0.1603 0.1316 
 264 0.0099 0.0077 0.0214 0.0541 0.0502 0.2273 0.4496 0.1798 
 265 0.0053 0.0060 0.0778 0.1324 0.0472 0.4216 0.1699 0.1397 
 266 0.0049 0.0074 0.0618 0.4195 0.0329 0.3272 0.0667 0.0796 
 267 0.0054 0.0109 0.0550 0.1949 0.0350 0.3401 0.1787 0.1801 
 268 0.0048 0.0086 0.0423 0.1123 0.0359 0.6139 0.0691 0.1132 
 269 0.0051 0.0062 0.0879 0.1409 0.0675 0.2890 0.2759 0.1274 
 270 0.0091 0.0080 0.0452 0.0781 0.0416 0.3636 0.2566 0.1978 
 271 0.0055 0.0094 0.0403 0.0875 0.0515 0.5140 0.1176 0.1742 
 272 0.0065 0.0121 0.0429 0.0924 0.1301 0.4648 0.1229 0.1283 
 273 0.0428 0.0198 0.0910 0.1704 0.0699 0.2389 0.1936 0.1736 
 274 0.0063 0.0076 0.0468 0.1146 0.0634 0.4234 0.1778 0.1602 
 275 0.0090 0.0113 0.0860 0.0936 0.0604 0.4332 0.1882 0.1181 
 276 0.0073 0.0141 0.0287 0.1096 0.1016 0.4743 0.1178 0.1466 
 277 0.0057 0.0060 0.0790 0.2229 0.0482 0.2875 0.1880 0.1627 
 278 0.0045 0.0082 0.0389 0.0666 0.0415 0.6263 0.0921 0.1219 
 279 0.0059 0.0071 0.0556 0.1559 0.0498 0.4168 0.1567 0.1524 
 280 0.0056 0.0068 0.0555 0.1329 0.0687 0.3948 0.2114 0.1243 
 281 0.0064 0.0074 0.0467 0.1195 0.0524 0.4061 0.1400 0.2215 
 282 0.0050 0.0059 0.1206 0.3273 0.0399 0.2061 0.1594 0.1358 
 283 0.0053 0.0066 0.1170 0.3833 0.0319 0.2179 0.1116 0.1264 
 284 0.0054 0.0098 0.0985 0.1829 0.0469 0.3301 0.1274 0.1991 
 285 0.0049 0.0106 0.0212 0.0496 0.0536 0.5593 0.1174 0.1833 
 286 0.0056 0.0085 0.0780 0.2293 0.0301 0.4639 0.0862 0.0984 
 287 0.0065 0.0058 0.0692 0.1665 0.0688 0.2819 0.2034 0.1979 
 288 0.0071 0.0084 0.0396 0.0907 0.0921 0.4794 0.1478 0.1349 
 289 0.0093 0.0112 0.0380 0.0971 0.0608 0.4539 0.1272 0.2025 
 290 0.0086 0.0184 0.0292 0.1654 0.0581 0.4042 0.1971 0.1190 
 291 0.0054 0.0094 0.0401 0.0890 0.0515 0.5127 0.1181 0.1737 
 292 0.0055 0.0063 0.0539 0.1590 0.0828 0.4332 0.1524 0.1067 
 293 0.0066 0.0173 0.0274 0.0870 0.0704 0.3752 0.2587 0.1574 
 294 0.0113 0.0077 0.0264 0.0730 0.0356 0.5674 0.1509 0.1277 
 295 0.0076 0.0197 0.0644 0.0895 0.1133 0.3980 0.1431 0.1644 
 296 0.0056 0.0084 0.0378 0.0814 0.0432 0.5715 0.0907 0.1614 
 297 0.0061 0.0068 0.0390 0.1172 0.0689 0.3465 0.2628 0.1528 
 298 0.0056 0.0060 0.0780 0.3185 0.0385 0.1954 0.1850 0.1729 
 299 0.0112 0.0069 0.0392 0.0992 0.0301 0.4072 0.2334 0.1727 
 300 0.0055 0.0088 0.0263 0.0729 0.0420 0.6101 0.1075 0.1268 
 301 0.0079 0.0078 0.0451 0.0751 0.0482 0.3539 0.3246 0.1374 
 302 0.0098 0.0106 0.0375 0.0593 0.0390 0.5944 0.1376 0.1118 
 303 0.0055 0.0080 0.0702 0.2713 0.0441 0.3561 0.1301 0.1148 
 304 0.0078 0.0076 0.2380 0.1310 0.0382 0.1146 0.2856 0.1773 
 305 0.0054 0.0073 0.0720 0.1078 0.0393 0.5998 0.0837 0.0848 
 306 0.0058 0.0066 0.0638 0.3263 0.0485 0.3077 0.1344 0.1068 
 307 0.0085 0.0079 0.0516 0.2478 0.0480 0.3119 0.1711 0.1532 
 308 0.0051 0.0056 0.0869 0.2064 0.0431 0.4271 0.1127 0.1131 
 309 0.0208 0.0292 0.0477 0.0793 0.0406 0.5204 0.0911 0.1710 
 310 0.0052 0.0077 0.0501 0.1510 0.0301 0.5840 0.0790 0.0929 
 311 0.0061 0.0089 0.0559 0.2210 0.0304 0.4589 0.0971 0.1218 
 312 0.0052 0.0081 0.0347 0.0772 0.0309 0.6164 0.0726 0.1548 
 313 0.0058 0.0078 0.0249 0.0603 0.0386 0.6614 0.0784 0.1229 
 314 0.0055 0.0094 0.3827 0.2724 0.0452 0.1342 0.0724 0.0783 
 315 0.0051 0.0058 0.4716 0.1332 0.0831 0.1305 0.0808 0.0900 
 316 0.0081 0.0067 0.5364 0.0907 0.0824 0.0829 0.0963 0.0965 
 317 0.0057 0.0086 0.4635 0.2390 0.0403 0.0832 0.0773 0.0824 
 318 0.0053 0.0059 0.6403 0.0919 0.0381 0.0584 0.0792 0.0808 
 319 0.0067 0.0064 0.1876 0.5083 0.0345 0.0964 0.0772 0.0829 
 320 0.0053 0.0091 0.3826 0.2720 0.0455 0.1344 0.0723 0.0788 
 321 0.0059 0.0088 0.4922 0.2057 0.0426 0.0753 0.0859 0.0836 
 322 0.0091 0.0091 0.3202 0.2606 0.0828 0.1289 0.0896 0.0997 
 323 0.0110 0.0056 0.5909 0.1247 0.0364 0.0662 0.0826 0.0827 
 324 0.0060 0.0091 0.4904 0.2065 0.0434 0.0761 0.0852 0.0834 
 325 0.0056 0.0062 0.5702 0.0818 0.0798 0.0758 0.0869 0.0937 
 326 0.0092 0.0082 0.5593 0.0856 0.0843 0.0750 0.0850 0.0934 
 327 0.0060 0.0085 0.4624 0.2390 0.0404 0.0830 0.0779 0.0827 
 328 0.0060 0.0068 0.3182 0.2775 0.0791 0.1204 0.0927 0.0994 
 329 0.0053 0.0055 0.5115 0.2200 0.0357 0.0614 0.0793 0.0814 
 330 0.0060 0.0086 0.4611 0.2410 0.0407 0.0817 0.0774 0.0836 
 331 0.0056 0.0053 0.6021 0.1211 0.0362 0.0669 0.0799 0.0829 
 332 0.0118 0.0067 0.5585 0.0839 0.0823 0.0727 0.0905 0.0938 
 333 0.0093 0.0069 0.5196 0.1183 0.0757 0.0881 0.0852 0.0969 
 334 0.0061 0.0072 0.3209 0.2752 0.0781 0.1193 0.0928 0.1004 
 335 0.0060 0.0071 0.2824 0.3471 0.0709 0.1099 0.0806 0.0960 
 336 0.0113 0.0068 0.5689 0.1145 0.0468 0.0947 0.0780 0.0790 
 337 0.0064 0.0092 0.4210 0.1802 0.0906 0.1014 0.0946 0.0966 
 338 0.0061 0.0059 0.6383 0.0911 0.0383 0.0579 0.0809 0.0816 
 339 0.0057 0.0055 0.5954 0.1260 0.0359 0.0676 0.0809 0.0830 
 340 0.0056 0.0054 0.5849 0.1390 0.0341 0.0740 0.0738 0.0833 
 341 0.0114 0.0065 0.5519 0.1583 0.0375 0.0694 0.0816 0.0835 
 342 0.0056 0.0087 0.4617 0.2426 0.0405 0.0817 0.0771 0.0823 
 343 0.0126 0.0078 0.2522 0.3156 0.0828 0.1504 0.0879 0.0906 
 344 0.0055 0.0054 0.6120 0.1205 0.0358 0.0590 0.0810 0.0809 
 345 0.0060 0.0089 0.4610 0.2417 0.0406 0.0822 0.0773 0.0824 
 346 0.0056 0.0061 0.6342 0.0996 0.0365 0.0638 0.0738 0.0805 
 347 0.0056 0.0055 0.5941 0.1414 0.0349 0.0644 0.0736 0.0806 
 348 0.0051 0.0070 0.2138 0.3643 0.0726 0.1745 0.0739 0.0888 
 349 0.0058 0.0086 0.4635 0.2398 0.0402 0.0825 0.0771 0.0825 
 350 0.0058 0.0055 0.4833 0.1803 0.0419 0.1224 0.0797 0.0810 
 351 0.0057 0.0070 0.2840 0.3459 0.0697 0.1113 0.0807 0.0957 
 352 0.0064 0.0096 0.3987 0.2063 0.0821 0.1163 0.0846 0.0960 
 353 0.0107 0.0067 0.5694 0.1155 0.0468 0.0935 0.0786 0.0789 
 354 0.0064 0.0059 0.5954 0.1307 0.0367 0.0607 0.0823 0.0819 
 355 0.0057 0.0062 0.6430 0.0889 0.0373 0.0582 0.0800 0.0806 
 356 0.0046 0.0061 0.0694 0.5358 0.0669 0.1596 0.0701 0.0875 
 357 0.0055 0.0065 0.3048 0.1136 0.1202 0.1026 0.2103 0.1362 
 358 0.0061 0.0056 0.5376 0.1139 0.0758 0.0746 0.0910 0.0955 
 359 0.0064 0.0053 0.5973 0.1235 0.0363 0.0667 0.0810 0.0835 
 360 0.0055 0.0060 0.6353 0.0973 0.0369 0.0641 0.0744 0.0805 
 361 0.0055 0.0076 0.0888 0.2844 0.1258 0.1381 0.2111 0.1386 
 362 0.0068 0.0091 0.0442 0.0687 0.2222 0.2202 0.1614 0.2674 
 363 0.0085 0.0109 0.0265 0.0621 0.1191 0.1291 0.2439 0.3998 
 364 0.0145 0.0145 0.0684 0.1824 0.0508 0.1222 0.3659 0.1814 
 365 0.0179 0.0226 0.0299 0.0675 0.1243 0.0965 0.4699 0.1713 
 366 0.0065 0.0152 0.0363 0.1146 0.0982 0.3096 0.2856 0.1340 
 367 0.0052 0.0069 0.0210 0.0470 0.1596 0.0643 0.1308 0.5653 
 368 0.0067 0.0075 0.0317 0.0818 0.0548 0.1082 0.1828 0.5265 
 369 0.0101 0.0293 0.0507 0.2372 0.0664 0.2101 0.2359 0.1603 
 370 0.0220 0.0177 0.0391 0.0933 0.0567 0.1667 0.1668 0.4378 
 371 0.0137 0.0173 0.0446 0.1036 0.0505 0.1990 0.3848 0.1865 
 372 0.0801 0.0422 0.0554 0.1069 0.0549 0.2120 0.1472 0.3013 
 373 0.0065 0.0116 0.0348 0.1469 0.0626 0.1052 0.2190 0.4135 
 374 0.0078 0.0224 0.0429 0.2766 0.0943 0.1233 0.2235 0.2091 
 375 0.0230 0.0121 0.0268 0.0596 0.0595 0.0772 0.3723 0.3695 
 376 0.1359 0.0098 0.0235 0.0565 0.2134 0.0619 0.2810 0.2181 
 377 0.0085 0.0131 0.0533 0.0639 0.1518 0.1883 0.2109 0.3102 
 378 0.0067 0.0105 0.1088 0.1202 0.0685 0.1170 0.0882 0.4800 
 379 0.2289 0.0141 0.0214 0.0505 0.1586 0.0793 0.2281 0.2191 
 380 0.0124 0.0133 0.0433 0.1688 0.2699 0.1256 0.2514 0.1154 
 381 0.0091 0.0110 0.0285 0.1619 0.1087 0.1433 0.4415 0.0959 
 382 0.0058 0.0070 0.0337 0.0552 0.0817 0.0753 0.3758 0.3655 
 383 0.0170 0.0126 0.1562 0.0635 0.2484 0.0960 0.2936 0.1126 
 384 0.0722 0.0201 0.0727 0.0829 0.0706 0.0738 0.4263 0.1812 
 385 0.0085 0.1999 0.1526 0.0713 0.0461 0.0793 0.2649 0.1773 
 386 0.0048 0.0075 0.0249 0.0612 0.1572 0.0940 0.2386 0.4118 
 387 0.0055 0.0082 0.0387 0.0605 0.1301 0.0927 0.2809 0.3835 
 388 0.0199 0.0269 0.0908 0.1733 0.0686 0.0901 0.2731 0.2573 
 389 0.0127 0.0728 0.0323 0.0586 0.0449 0.4097 0.1676 0.2014 
 390 0.0231 0.0218 0.0263 0.0661 0.3163 0.1245 0.1220 0.2999 
 391 0.0181 0.0718 0.0321 0.1243 0.0832 0.1775 0.1568 0.3361 
 392 0.0092 0.0068 0.0525 0.1014 0.1166 0.1205 0.3336 0.2593 
 393 0.0093 0.0088 0.0419 0.1180 0.4411 0.0899 0.1788 0.1122 
 394 0.0060 0.0061 0.1217 0.1436 0.1434 0.1194 0.1399 0.3198 
 395 0.0048 0.0070 0.0289 0.0629 0.2485 0.2875 0.0964 0.2642 
 396 0.0064 0.0066 0.0200 0.0498 0.0540 0.0815 0.3243 0.4574 
 397 0.0958 0.0065 0.0470 0.1317 0.0394 0.2350 0.2918 0.1527 
 398 0.0520 0.0068 0.0225 0.0529 0.3999 0.0713 0.1047 0.2899 
 399 0.0054 0.0149 0.0268 0.0662 0.1468 0.1376 0.1004 0.5019 
 400 0.0088 0.0098 0.0254 0.1119 0.0919 0.0821 0.2975 0.3726 
 401 0.0053 0.0103 0.0309 0.1020 0.1114 0.1477 0.0909 0.5015 
 402 0.0079 0.0093 0.0370 0.0882 0.0579 0.1941 0.2689 0.3367 
 403 0.0105 0.0208 0.1430 0.2137 0.0764 0.1351 0.1942 0.2063 
 404 0.0091 0.0146 0.0320 0.1532 0.0640 0.1195 0.3755 0.2321 
 405 0.0058 0.0073 0.0337 0.1025 0.1504 0.1815 0.2909 0.2279 
 406 0.0047 0.0076 0.0304 0.1814 0.3712 0.2009 0.0944 0.1094 
 407 0.0055 0.0069 0.0200 0.0533 0.3226 0.0802 0.2950 0.2164 
 408 0.0045 0.0068 0.0186 0.0481 0.0639 0.2269 0.0723 0.5589 
 409 0.0161 0.0167 0.0290 0.3864 0.2305 0.1025 0.0928 0.1259 
 410 0.1068 0.0125 0.0404 0.0993 0.1300 0.1078 0.1818 0.3216 
 411 0.0335 0.0083 0.0934 0.0829 0.0763 0.1412 0.3676 0.1967 
 412 0.0068 0.0080 0.0298 0.0734 0.0605 0.1050 0.2270 0.4897 
 413 0.0057 0.0066 0.1001 0.1065 0.0766 0.1196 0.1343 0.4505 
 414 0.0051 0.0124 0.0298 0.0410 0.0516 0.1158 0.2527 0.4915 
 415 0.0062 0.0092 0.0211 0.0845 0.2076 0.1615 0.2924 0.2175 
 416 0.0066 0.0266 0.0274 0.1422 0.1124 0.1393 0.2593 0.2860 
 417 0.0071 0.0070 0.0233 0.0704 0.3496 0.0817 0.2005 0.2603 
 418 0.0081 0.0063 0.0239 0.0587 0.0588 0.0668 0.2038 0.5737 
 419 0.0145 0.0252 0.0603 0.2080 0.1138 0.1199 0.1872 0.2711 
 420 0.0047 0.0099 0.0190 0.0793 0.1500 0.2126 0.0898 0.4348 
 421 0.0083 0.0079 0.0233 0.0828 0.1788 0.0978 0.1615 0.4396 
 422 0.0083 0.0085 0.0266 0.0722 0.2615 0.2892 0.1406 0.1930 
 423 0.0101 0.0071 0.0380 0.0725 0.1701 0.1673 0.2835 0.2513 
 424 0.0108 0.0206 0.0366 0.1021 0.1873 0.1416 0.1058 0.3953 
 425 0.0265 0.0369 0.0525 0.0958 0.0656 0.1121 0.4036 0.2071 
 426 0.0388 0.0298 0.0606 0.0946 0.1393 0.0989 0.1724 0.3656 
 427 0.0054 0.0065 0.1176 0.0485 0.4266 0.0744 0.1037 0.2173 
 428 0.0307 0.0084 0.0514 0.1620 0.3357 0.1613 0.1052 0.1453 
 429 0.0071 0.0064 0.0203 0.0488 0.2066 0.0670 0.2619 0.3820 
 430 0.0064 0.0074 0.0232 0.0612 0.4431 0.0832 0.1704 0.2050 
 431 0.0119 0.0131 0.0586 0.0774 0.0961 0.1488 0.1853 0.4089 
 432 0.0065 0.0073 0.0330 0.0872 0.0615 0.1127 0.1731 0.5187 
 433 0.0170 0.0069 0.0802 0.2715 0.0481 0.1717 0.1510 0.2536 
 434 0.0069 0.0107 0.0341 0.1488 0.0673 0.1532 0.3767 0.2023 
 435 0.0049 0.0058 0.0215 0.0489 0.5134 0.0709 0.1121 0.2225 
 436 0.0071 0.0091 0.0237 0.0882 0.5215 0.0645 0.1108 0.1751 
 437 0.0088 0.0056 0.0236 0.0560 0.1118 0.0809 0.5298 0.1834 
 438 0.0059 0.0084 0.0242 0.1002 0.4965 0.1160 0.0682 0.1806 
 439 0.0055 0.0063 0.0254 0.0681 0.5933 0.0557 0.1083 0.1374 
 440 0.0042 0.0069 0.0185 0.0423 0.4759 0.0719 0.1632 0.2172 
 441 0.0061 0.0085 0.0395 0.1151 0.3687 0.0784 0.1955 0.1881 
 442 0.0066 0.0228 0.0194 0.0725 0.1241 0.1037 0.3020 0.3490 
 443 0.0052 0.0114 0.0199 0.0521 0.2811 0.1523 0.0956 0.3824 
 444 0.0061 0.0202 0.0196 0.0675 0.2181 0.1112 0.2871 0.2703 
 445 0.0536 0.0089 0.0314 0.1819 0.3830 0.1037 0.1150 0.1226 
 446 0.0552 0.0078 0.0238 0.0587 0.4663 0.0512 0.0898 0.2472 
 447 0.0067 0.0272 0.0295 0.1178 0.3781 0.0935 0.1530 0.1941 
 448 0.0059 0.0069 0.0244 0.0629 0.2372 0.0893 0.2848 0.2886 
 449 0.0061 0.0072 0.0322 0.0959 0.2296 0.1002 0.2964 0.2324 
 450 0.0085 0.0089 0.0363 0.0981 0.1152 0.0522 0.4711 0.2096 
 451 0.0058 0.0066 0.0187 0.0430 0.0934 0.1001 0.1317 0.6008 
 452 0.0065 0.0069 0.0333 0.0898 0.1690 0.0631 0.3873 0.2442 
 453 0.0052 0.0153 0.0237 0.1125 0.1714 0.2998 0.0993 0.2729 
 454 0.0056 0.0068 0.0480 0.0803 0.2712 0.1033 0.2705 0.2143 
 455 0.0044 0.0067 0.0199 0.0521 0.6124 0.0649 0.0879 0.1517 
 456 0.0062 0.0100 0.0199 0.0525 0.4049 0.1536 0.1541 0.1988 
 457 0.0067 0.0061 0.0246 0.0651 0.2680 0.0734 0.3883 0.1678 
 458 0.0605 0.0083 0.0257 0.0708 0.4448 0.0664 0.1388 0.1848 
 459 0.0051 0.0074 0.0353 0.1352 0.4704 0.0548 0.0937 0.1982 
 460 0.0050 0.0072 0.0221 0.0517 0.4825 0.0580 0.0981 0.2755 
 461 0.0077 0.0078 0.0233 0.0588 0.1662 0.0491 0.1470 0.5401 
 462 0.0090 0.0542 0.0184 0.0422 0.3186 0.1244 0.2087 0.2244 
 463 0.0047 0.0069 0.0266 0.0721 0.4575 0.2219 0.0836 0.1267 
 464 0.0042 0.0065 0.0197 0.0526 0.4300 0.0877 0.0920 0.3073 
 465 0.0088 0.0079 0.0244 0.0667 0.2521 0.0938 0.1148 0.4313 
 466 0.0044 0.0065 0.0205 0.0561 0.3513 0.1586 0.0939 0.3086 
 467 0.0062 0.0093 0.0305 0.0856 0.3929 0.1264 0.1605 0.1886 
 468 0.0051 0.0060 0.0193 0.0497 0.5390 0.0860 0.1697 0.1253 
 469 0.0046 0.0063 0.0223 0.0512 0.6658 0.0493 0.0899 0.1106 
 470 0.0048 0.0054 0.0221 0.0502 0.5638 0.0607 0.0839 0.2090 
 471 0.0064 0.0130 0.0226 0.0623 0.1126 0.2538 0.2482 0.2812 
 472 0.0080 0.0100 0.0220 0.0765 0.2369 0.1345 0.2448 0.2673 
 473 0.0060 0.0067 0.0329 0.0896 0.2026 0.1317 0.2930 0.2375 
 474 0.0056 0.0074 0.0294 0.0990 0.2223 0.1035 0.3108 0.2221 
 475 0.0062 0.0076 0.0365 0.1141 0.1876 0.0875 0.1259 0.4346 
 476 0.0094 0.0070 0.0225 0.0684 0.3447 0.0791 0.2960 0.1730 
 477 0.0078 0.0150 0.0261 0.1059 0.2314 0.0896 0.1174 0.4068 
 478 0.0078 0.0144 0.0227 0.0506 0.1662 0.0588 0.0889 0.5905 
 479 0.0048 0.0069 0.0217 0.0494 0.4069 0.0602 0.1932 0.2568 
 480 0.0068 0.0061 0.0241 0.0599 0.3507 0.0649 0.3254 0.1620 
 481 0.0063 0.0121 0.0218 0.0588 0.0872 0.1491 0.4132 0.2516 
 482 0.0067 0.0062 0.0216 0.0520 0.3223 0.0576 0.2430 0.2908 
 483 0.0062 0.0066 0.0255 0.0704 0.5472 0.0568 0.1098 0.1775 
 484 0.0056 0.0112 0.0234 0.0585 0.5262 0.1461 0.0792 0.1498 
 485 0.0055 0.0061 0.0221 0.0512 0.6257 0.0572 0.0797 0.1525 
 486 0.0139 0.0229 0.0291 0.0771 0.0555 0.3455 0.2223 0.2338 
 487 0.0116 0.0190 0.0618 0.1205 0.0551 0.1744 0.3455 0.2120 
 488 0.0110 0.0379 0.0812 0.0771 0.0517 0.1869 0.1924 0.3619 
 489 0.0106 0.0127 0.0319 0.2025 0.0352 0.2053 0.3697 0.1320 
 490 0.0075 0.0124 0.0239 0.0549 0.0789 0.1971 0.1877 0.4377 
 491 0.0104 0.0347 0.0386 0.1710 0.0430 0.2976 0.2305 0.1743 
 492 0.0052 0.0243 0.1144 0.2023 0.0577 0.1716 0.1151 0.3093 
 493 0.0154 0.0317 0.0642 0.0573 0.0376 0.2818 0.2948 0.2172 
 494 0.0480 0.0252 0.0343 0.1528 0.0568 0.2270 0.2791 0.1768 
 495 0.0397 0.0792 0.0726 0.1419 0.0583 0.1420 0.1585 0.3079 
 496 0.0077 0.0064 0.0513 0.3566 0.0640 0.2051 0.1302 0.1786 
 497 0.0366 0.0594 0.0878 0.1048 0.0388 0.2193 0.2936 0.1597 
 498 0.0126 0.0615 0.0225 0.1470 0.0485 0.1720 0.2310 0.3050 
 499 0.0472 0.0116 0.0807 0.1908 0.0466 0.2118 0.2788 0.1325 
 500 0.0184 0.0081 0.0428 0.0701 0.0529 0.2329 0.4323 0.1425 
 501 0.0122 0.0095 0.0497 0.2322 0.0584 0.1131 0.3139 0.2110 
 502 0.0082 0.0180 0.0600 0.2653 0.0533 0.0775 0.1814 0.3362 
 503 0.0074 0.0069 0.0258 0.0675 0.0714 0.1099 0.4867 0.2245 
 504 0.0096 0.0542 0.0248 0.0922 0.0556 0.1455 0.1183 0.4998 
 505 0.0097 0.0148 0.0331 0.1565 0.0498 0.3972 0.1501 0.1887 
 506 0.0072 0.0251 0.0456 0.2374 0.0439 0.1524 0.1595 0.3289 
 507 0.0098 0.0063 0.0796 0.4285 0.0415 0.2452 0.0953 0.0938 
 508 0.0255 0.0131 0.1120 0.3767 0.0359 0.2195 0.1038 0.1136 
 509 0.0092 0.0097 0.0591 0.1692 0.0561 0.3846 0.1380 0.1742 
 510 0.0245 0.0087 0.0620 0.2380 0.0375 0.1206 0.3541 0.1546 
 511 0.0120 0.0201 0.0236 0.0949 0.1321 0.1708 0.2883 0.2582 
 512 0.0075 0.0101 0.0218 0.0542 0.0698 0.0934 0.4721 0.2710 
 513 0.0094 0.3747 0.0346 0.0754 0.0291 0.2469 0.0673 0.1626 
 514 0.0092 0.0082 0.0537 0.0825 0.0600 0.1404 0.1117 0.5343 
 515 0.0150 0.0115 0.0887 0.1198 0.2154 0.2016 0.1909 0.1570 
 516 0.0105 0.0101 0.0279 0.1104 0.0533 0.2236 0.1014 0.4628 
 517 0.0081 0.0084 0.0544 0.1516 0.1825 0.2414 0.1137 0.2399 
 518 0.0760 0.0073 0.0999 0.1326 0.0409 0.1870 0.3149 0.1415 
 519 0.0060 0.0122 0.0305 0.1280 0.0750 0.1086 0.1032 0.5365 
 520 0.0085 0.0078 0.0678 0.2160 0.2738 0.2197 0.0980 0.1084 
 521 0.0060 0.0073 0.2623 0.0945 0.0523 0.1995 0.0919 0.2861 
 522 0.0289 0.0094 0.0383 0.0609 0.0991 0.2739 0.3196 0.1699 
 523 0.0094 0.0078 0.0582 0.1614 0.1383 0.3459 0.0811 0.1978 
 524 0.0093 0.0065 0.0618 0.0928 0.3481 0.1705 0.1240 0.1869 
 525 0.1061 0.0073 0.0752 0.1642 0.1255 0.2064 0.1885 0.1269 
 526 0.0057 0.0069 0.0280 0.1041 0.4218 0.2478 0.0750 0.1107 
 527 0.0804 0.0112 0.0390 0.0672 0.0483 0.1016 0.3471 0.3053 
 528 0.0051 0.0066 0.3589 0.0881 0.0369 0.2454 0.0987 0.1603 
 529 0.1034 0.0132 0.0599 0.1304 0.0447 0.2433 0.1437 0.2614 
 530 0.0073 0.0116 0.0375 0.1011 0.1073 0.1923 0.3828 0.1601 
 531 0.0073 0.0082 0.2724 0.0936 0.1514 0.1321 0.1688 0.1663 
 532 0.0198 0.0096 0.2290 0.0770 0.0385 0.1933 0.2374 0.1954 
 533 0.0688 0.0078 0.0412 0.0799 0.1007 0.3003 0.2394 0.1620 
 534 0.0847 0.0152 0.0598 0.0901 0.0401 0.4601 0.0727 0.1773 
 535 0.0057 0.0088 0.0276 0.1083 0.2047 0.2565 0.0979 0.2906 
 536 0.0073 0.0115 0.0345 0.2771 0.1838 0.1497 0.1535 0.1825 
 537 0.0065 0.0147 0.0351 0.4059 0.0582 0.1974 0.1299 0.1523 
 538 0.0052 0.0077 0.0335 0.2518 0.0749 0.3483 0.1290 0.1495 
 539 0.0051 0.0071 0.0454 0.5464 0.0316 0.1598 0.1043 0.1004 
 540 0.0072 0.0082 0.1439 0.0785 0.0958 0.3831 0.1488 0.1346 
 541 0.0077 0.0139 0.1978 0.2091 0.1167 0.1648 0.1535 0.1365 
 542 0.0058 0.0170 0.0224 0.0856 0.2458 0.3834 0.1198 0.1202 
 543 0.0088 0.0209 0.1060 0.1023 0.1441 0.3143 0.0842 0.2193 
 544 0.0048 0.0099 0.0344 0.1050 0.1331 0.4264 0.1248 0.1616 
 545 0.0054 0.0158 0.0206 0.0702 0.3224 0.3058 0.0838 0.1760 
 546 0.0057 0.0210 0.0418 0.1191 0.0961 0.4351 0.1451 0.1361 
 547 0.0057 0.0147 0.0316 0.2594 0.1618 0.2984 0.0774 0.1509 
 548 0.0061 0.0076 0.0617 0.2498 0.0381 0.3217 0.1578 0.1572 
 549 0.0065 0.0100 0.0327 0.4729 0.2015 0.0786 0.0903 0.1076 
 550 0.0044 0.0160 0.0217 0.1625 0.3024 0.1895 0.1039 0.1997 
 551 0.0075 0.0084 0.0478 0.5185 0.0803 0.0896 0.1114 0.1366 
 552 0.0055 0.0075 0.0384 0.1832 0.0485 0.4491 0.1503 0.1175 
 553 0.0089 0.0262 0.0558 0.1479 0.0945 0.4490 0.0671 0.1507 
 554 0.0119 0.0116 0.1268 0.0670 0.1058 0.2292 0.2460 0.2017 
 555 0.0073 0.0283 0.0414 0.3566 0.0515 0.2518 0.1175 0.1455 
 556 0.0063 0.0095 0.0309 0.1861 0.0559 0.4185 0.1313 0.1615 
 557 0.0049 0.0107 0.0389 0.1516 0.3830 0.1274 0.0959 0.1876 
 558 0.0066 0.0061 0.0224 0.0547 0.3790 0.0510 0.2193 0.2610 
 559 0.0078 0.0075 0.0274 0.0806 0.0522 0.2719 0.1605 0.3921 
 560 0.0050 0.0135 0.0176 0.0423 0.2386 0.0776 0.0910 0.5145 
 561 0.0060 0.0124 0.0225 0.0557 0.1350 0.1186 0.1938 0.4560 
 562 0.0069 0.0122 0.0179 0.0417 0.1009 0.1714 0.1901 0.4590 
 563 0.0097 0.0211 0.0313 0.2559 0.1193 0.0743 0.0947 0.3939 
 564 0.0107 0.0090 0.0455 0.0594 0.0627 0.4229 0.1661 0.2237 
 565 0.0062 0.0066 0.0239 0.0634 0.3900 0.0669 0.2650 0.1779 
 566 0.0044 0.0071 0.0190 0.0421 0.1574 0.0756 0.1392 0.5551 
 567 0.0073 0.0095 0.0227 0.0567 0.0496 0.3426 0.1730 0.3386 
 568 0.0058 0.0063 0.0305 0.0793 0.1384 0.1655 0.1177 0.4566 
 569 0.0080 0.0072 0.0427 0.0601 0.1359 0.1915 0.2688 0.2857 
 570 0.0080 0.0055 0.0208 0.0441 0.1469 0.0660 0.4343 0.2745 
 571 0.0053 0.0065 0.0294 0.0637 0.1074 0.0955 0.0932 0.5990 
 572 0.0045 0.0161 0.0313 0.2002 0.1033 0.3742 0.1461 0.1243 
 573 0.0100 0.0083 0.0373 0.0772 0.2169 0.2643 0.1317 0.2543 
 574 0.0071 0.0088 0.0479 0.1225 0.0951 0.1275 0.4416 0.1495 
 575 0.0060 0.0072 0.0380 0.1646 0.1061 0.1000 0.1182 0.4600 
 576 0.0056 0.0125 0.0202 0.0425 0.1148 0.0635 0.1687 0.5721 
 577 0.0090 0.0085 0.0329 0.1561 0.0661 0.1061 0.4156 0.2057 
 578 0.0058 0.0145 0.0283 0.0663 0.1759 0.1030 0.1530 0.4531 
 579 0.0065 0.0225 0.0317 0.0511 0.1247 0.1643 0.2672 0.3322 
 580 0.0063 0.0072 0.0319 0.0935 0.1402 0.0897 0.4024 0.2288 
 581 0.0059 0.0072 0.0305 0.0765 0.2184 0.0812 0.2381 0.3422 
 582 0.0060 0.0069 0.0191 0.0507 0.3178 0.0936 0.2013 0.3046 
 583 0.0602 0.0088 0.0325 0.0593 0.1028 0.0934 0.1498 0.4931 
 584 0.0071 0.0070 0.0220 0.0508 0.0929 0.0675 0.1867 0.5660 
 585 0.0065 0.0157 0.0229 0.0591 0.1558 0.0833 0.2063 0.4503 
 586 0.0057 0.0073 0.0263 0.0862 0.0623 0.1516 0.0979 0.5627 
 587 0.0093 0.0097 0.0195 0.0519 0.0746 0.1987 0.3493 0.2870 
 588 0.0078 0.0095 0.0285 0.0452 0.0356 0.6798 0.0747 0.1189 
 589 0.0061 0.0071 0.0244 0.0448 0.3171 0.1250 0.2497 0.2258 
 590 0.0065 0.0082 0.0274 0.0540 0.0410 0.1402 0.1682 0.5545 
 591 0.0059 0.0069 0.0294 0.0691 0.0671 0.0905 0.1129 0.6183 
 592 0.0045 0.0072 0.0209 0.0535 0.1371 0.2268 0.1227 0.4273 
 593 0.0061 0.0068 0.0368 0.0919 0.1816 0.1425 0.1512 0.3832 
 594 0.0660 0.0104 0.0697 0.0987 0.0780 0.1306 0.1297 0.4169 
 595 0.0077 0.0201 0.0191 0.0441 0.0416 0.0869 0.5568 0.2237 
 596 0.0047 0.0088 0.0390 0.0713 0.1831 0.3197 0.1380 0.2354 
 597 0.0087 0.0089 0.1755 0.0658 0.0765 0.1463 0.0699 0.4484 
 598 0.0079 0.0056 0.0219 0.0477 0.2215 0.0578 0.4216 0.2159 
 599 0.0060 0.0061 0.0190 0.0434 0.0953 0.1249 0.1427 0.5626 
 600 0.0052 0.0081 0.0387 0.0950 0.1794 0.1417 0.3459 0.1860 
 601 0.0047 0.0080 0.0184 0.0500 0.1956 0.1152 0.1860 0.4221 
 602 0.0094 0.0112 0.0500 0.1517 0.0617 0.1974 0.2136 0.3049 
 603 0.0065 0.0086 0.0597 0.1285 0.0516 0.2145 0.1801 0.3505 
 604 0.0162 0.0167 0.0520 0.0813 0.2690 0.1149 0.2869 0.1630 
 605 0.0068 0.0120 0.0295 0.0771 0.1231 0.1769 0.2048 0.3699 
 606 0.0104 0.0092 0.0494 0.1412 0.0751 0.2222 0.2612 0.2314 
 607 0.0079 0.0089 0.0758 0.1804 0.0836 0.1296 0.3333 0.1806 
 608 0.0063 0.0067 0.2099 0.2079 0.1234 0.0980 0.1311 0.2167 
 609 0.0100 0.0106 0.0251 0.1217 0.1230 0.1064 0.3627 0.2404 
 610 0.0061 0.0106 0.0289 0.0724 0.4340 0.1494 0.1344 0.1641 
 611 0.0088 0.0078 0.0542 0.1517 0.0768 0.2159 0.1469 0.3378 
 612 0.0135 0.0075 0.0273 0.0637 0.4221 0.0850 0.2392 0.1416 
 613 0.0378 0.0102 0.0375 0.0714 0.1240 0.2323 0.2871 0.1997 
 614 0.0065 0.0086 0.0209 0.0548 0.0841 0.0961 0.6129 0.1160 
 615 0.0058 0.0070 0.0361 0.1072 0.2328 0.1103 0.3611 0.1398 
 616 0.0060 0.0069 0.0639 0.1283 0.0544 0.1254 0.3911 0.2240 
 617 0.0137 0.0412 0.0332 0.0507 0.1014 0.1601 0.4172 0.1826 
 618 0.0125 0.0194 0.1500 0.0753 0.2878 0.1284 0.2085 0.1181 
 619 0.0046 0.0062 0.0486 0.1162 0.1875 0.2224 0.1314 0.2831 
 620 0.0046 0.0085 0.0181 0.0418 0.1043 0.2791 0.1004 0.4432 
 621 0.0091 0.0074 0.0257 0.0676 0.0866 0.0653 0.2529 0.4852 
 622 0.0135 0.0529 0.0744 0.0695 0.1081 0.2165 0.3195 0.1458 
 623 0.0051 0.0077 0.0267 0.0673 0.0849 0.1697 0.2022 0.4364 
 624 0.0092 0.0073 0.1642 0.0818 0.2886 0.0901 0.1799 0.1790 
 625 0.0138 0.0279 0.0835 0.0995 0.0921 0.0858 0.3926 0.2048 
 626 0.0232 0.0081 0.1820 0.1380 0.2340 0.1971 0.1181 0.0994 
 627 0.0051 0.0088 0.0356 0.0745 0.0850 0.2104 0.2795 0.3011 
 628 0.0057 0.0117 0.0367 0.0720 0.0599 0.2747 0.2137 0.3255 
 629 0.0059 0.0086 0.0368 0.1033 0.0509 0.1207 0.3410 0.3327 
 630 0.0130 0.0133 0.0347 0.0859 0.1198 0.0898 0.3710 0.2725 
 631 0.0058 0.0072 0.0314 0.0811 0.0674 0.1165 0.4850 0.2057 
 632 0.0059 0.0099 0.0686 0.1974 0.0657 0.2869 0.2300 0.1357 
 633 0.0075 0.0110 0.0584 0.1044 0.1657 0.1103 0.3456 0.1972 
 634 0.0069 0.0066 0.0623 0.1374 0.0838 0.2768 0.2215 0.2048 
 635 0.0056 0.0063 0.0781 0.3465 0.0748 0.1318 0.2221 0.1349 
 636 0.0086 0.0083 0.1291 0.1141 0.1178 0.0885 0.2831 0.2506 
 637 0.0066 0.0119 0.0333 0.1391 0.1196 0.2910 0.1986 0.1999 
 638 0.0067 0.0078 0.0496 0.1263 0.0574 0.1239 0.2970 0.3313 
 639 0.0070 0.0103 0.0498 0.0858 0.0960 0.1290 0.4837 0.1384 
 640 0.0066 0.0146 0.0451 0.0704 0.0704 0.0830 0.2213 0.4885 
 641 0.0104 0.0087 0.0357 0.0898 0.0568 0.1427 0.4429 0.2129 
 642 0.0064 0.0097 0.0775 0.3269 0.0847 0.1859 0.1350 0.1739 
 643 0.0065 0.0085 0.3604 0.2030 0.0673 0.1011 0.1006 0.1525 
 644 0.0064 0.0083 0.2814 0.1952 0.0594 0.1319 0.1137 0.2038 
 645 0.0147 0.0125 0.1438 0.2463 0.2374 0.1382 0.1185 0.0888 
