   1 0.2807 0.0872 0.0877 0.1919 0.3526 
   2 0.0384 0.0182 0.7478 0.1125 0.0831 
   3 0.1736 0.0787 0.0776 0.1360 0.5342 
   4 0.6171 0.0469 0.0864 0.1624 0.0872 
   5 0.0402 0.0214 0.6788 0.1440 0.1156 
   6 0.0449 0.0165 0.0885 0.0803 0.7698 
   7 0.0502 0.0153 0.0928 0.5234 0.3184 
   8 0.3420 0.0339 0.0623 0.2092 0.3527 
   9 0.1075 0.0423 0.2105 0.2776 0.3621 
  10 0.1548 0.0163 0.0899 0.2474 0.4916 
  11 0.0473 0.0165 0.0603 0.6184 0.2576 
  12 0.0620 0.0241 0.6373 0.1541 0.1225 
  13 0.0800 0.0253 0.3906 0.2455 0.2586 
  14 0.1137 0.1006 0.4121 0.1552 0.2185 
  15 0.2197 0.0403 0.2745 0.2607 0.2048 
  16 0.0726 0.0346 0.0688 0.1570 0.6671 
  17 0.0690 0.0381 0.3176 0.1678 0.4075 
  18 0.0830 0.0296 0.3139 0.0953 0.4782 
  19 0.0628 0.0180 0.1430 0.1444 0.6317 
  20 0.0864 0.0512 0.2031 0.3776 0.2817 
  21 0.2305 0.0855 0.2904 0.1442 0.2494 
  22 0.0855 0.0247 0.1053 0.0831 0.7014 
  23 0.2444 0.1873 0.2171 0.2280 0.1233 
  24 0.2070 0.0419 0.1063 0.1348 0.5099 
  25 0.0362 0.0241 0.2280 0.3356 0.3760 
  26 0.1216 0.0333 0.2957 0.1225 0.4269 
  27 0.1096 0.0689 0.2204 0.1788 0.4224 
  28 0.3211 0.0257 0.1601 0.2283 0.2648 
  29 0.0702 0.0501 0.1968 0.5065 0.1764 
  30 0.0669 0.0377 0.1069 0.0786 0.7099 
  31 0.1487 0.0546 0.2163 0.2930 0.2874 
  32 0.2052 0.0467 0.2110 0.2212 0.3159 
  33 0.1658 0.1016 0.0660 0.2440 0.4225 
  34 0.0760 0.0188 0.0555 0.3981 0.4516 
  35 0.0575 0.1356 0.3303 0.1116 0.3650 
  36 0.0552 0.5244 0.0706 0.0858 0.2640 
  37 0.2015 0.0568 0.3464 0.2358 0.1596 
  38 0.0370 0.0912 0.0676 0.1373 0.6669 
  39 0.0629 0.0988 0.1298 0.2262 0.4824 
  40 0.1225 0.4843 0.1343 0.0676 0.1912 
  41 0.0414 0.4940 0.0498 0.1275 0.2874 
  42 0.3063 0.3795 0.0489 0.1050 0.1602 
  43 0.1019 0.4144 0.1607 0.2097 0.1134 
  44 0.0368 0.5362 0.0787 0.0985 0.2498 
  45 0.0397 0.2605 0.2126 0.1468 0.3404 
  46 0.0477 0.0848 0.1916 0.1831 0.4928 
  47 0.0826 0.0468 0.3002 0.1616 0.4088 
  48 0.0383 0.5312 0.1191 0.0589 0.2525 
  49 0.0768 0.1525 0.1812 0.2313 0.3582 
  50 0.1023 0.0525 0.1077 0.2778 0.4596 
  51 0.0304 0.8049 0.0415 0.0534 0.0698 
  52 0.0798 0.1112 0.0868 0.2269 0.4952 
  53 0.0742 0.0551 0.0537 0.1161 0.7008 
  54 0.0795 0.0584 0.6438 0.1210 0.0973 
  55 0.0569 0.3057 0.4170 0.1199 0.1004 
  56 0.0795 0.2353 0.2110 0.0788 0.3954 
  57 0.1796 0.0189 0.2877 0.1624 0.3515 
  58 0.0783 0.2606 0.2661 0.1717 0.2234 
  59 0.0633 0.2568 0.1363 0.1647 0.3790 
  60 0.1126 0.5697 0.0942 0.0890 0.1345 
  61 0.1071 0.2443 0.4642 0.1272 0.0573 
  62 0.0606 0.0360 0.3933 0.1312 0.3789 
  63 0.1254 0.1836 0.1087 0.4329 0.1495 
  64 0.0416 0.0254 0.1311 0.1081 0.6937 
  65 0.0327 0.0253 0.1450 0.6601 0.1369 
  66 0.1532 0.0533 0.4685 0.2372 0.0878 
  67 0.0513 0.2321 0.3880 0.2323 0.0962 
  68 0.0798 0.2505 0.1418 0.1603 0.3675 
  69 0.1390 0.1080 0.0669 0.2417 0.4444 
  70 0.0746 0.5433 0.0445 0.2087 0.1289 
  71 0.0303 0.4721 0.1299 0.1419 0.2258 
  72 0.0511 0.1531 0.0904 0.1828 0.5226 
  73 0.0410 0.2177 0.3917 0.2271 0.1225 
  74 0.1185 0.3617 0.0768 0.0858 0.3572 
  75 0.1433 0.5280 0.1056 0.0630 0.1602 
  76 0.0630 0.1985 0.1496 0.4591 0.1298 
  77 0.0375 0.4789 0.0776 0.1753 0.2307 
  78 0.0447 0.4122 0.0650 0.1307 0.3474 
  79 0.0523 0.0145 0.1896 0.5099 0.2337 
  80 0.5204 0.0170 0.1574 0.1786 0.1267 
  81 0.3438 0.0134 0.2338 0.2326 0.1763 
  82 0.1176 0.0646 0.3567 0.3603 0.1007 
  83 0.2660 0.0314 0.1847 0.2480 0.2698 
  84 0.2171 0.0192 0.1884 0.3869 0.1884 
  85 0.2877 0.0267 0.2189 0.1572 0.3096 
  86 0.0482 0.0613 0.5578 0.1730 0.1598 
  87 0.0595 0.0274 0.1039 0.6526 0.1566 
  88 0.2558 0.0266 0.1955 0.4201 0.1021 
  89 0.3140 0.0196 0.3428 0.2220 0.1017 
  90 0.0594 0.0164 0.1387 0.6847 0.1008 
  91 0.5420 0.0306 0.1049 0.1434 0.1792 
  92 0.0926 0.0202 0.3082 0.4154 0.1636 
  93 0.7807 0.0171 0.0634 0.0723 0.0665 
  94 0.0504 0.0278 0.0441 0.6271 0.2506 
  95 0.1330 0.0203 0.1042 0.6710 0.0714 
  96 0.2349 0.3272 0.2558 0.1236 0.0584 
  97 0.1617 0.2576 0.2032 0.0820 0.2956 
  98 0.1091 0.3067 0.2074 0.1617 0.2151 
  99 0.1777 0.0158 0.2306 0.4344 0.1416 
 100 0.5256 0.0272 0.3112 0.0760 0.0600 
 101 0.0966 0.0516 0.1729 0.5534 0.1256 
 102 0.3832 0.0701 0.1007 0.3331 0.1129 
 103 0.1080 0.0280 0.4172 0.3787 0.0681 
 104 0.0775 0.0342 0.1204 0.6812 0.0867 
 105 0.1209 0.0351 0.1824 0.6036 0.0580 
 106 0.0269 0.0275 0.0589 0.6247 0.2621 
 107 0.1175 0.0299 0.2364 0.5471 0.0691 
 108 0.0422 0.3237 0.3217 0.1069 0.2056 
 109 0.0277 0.0426 0.1659 0.4954 0.2684 
 110 0.0304 0.0204 0.0413 0.7168 0.1911 
 111 0.0380 0.0196 0.0807 0.8035 0.0582 
 112 0.0294 0.0315 0.0500 0.7967 0.0924 
 113 0.0825 0.0737 0.3788 0.2434 0.2216 
 114 0.0998 0.0267 0.1385 0.6563 0.0787 
 115 0.0468 0.0788 0.0662 0.7324 0.0758 
 116 0.0297 0.1219 0.1184 0.4059 0.3241 
 117 0.0380 0.0281 0.0411 0.7660 0.1268 
 118 0.0367 0.0292 0.5854 0.2681 0.0805 
 119 0.2530 0.3689 0.1100 0.1828 0.0853 
 120 0.0505 0.0365 0.1126 0.7155 0.0849 
 121 0.0363 0.1163 0.0569 0.7105 0.0800 
 122 0.0372 0.0228 0.0878 0.6294 0.2227 
 123 0.0508 0.0313 0.0753 0.7362 0.1064 
 124 0.0389 0.0803 0.0847 0.5241 0.2720 
 125 0.0531 0.0672 0.0469 0.4105 0.4222 
 126 0.0652 0.0898 0.0837 0.5864 0.1747 
 127 0.0418 0.0226 0.0808 0.7987 0.0561 
 128 0.0410 0.0320 0.5424 0.3128 0.0718 
 129 0.0332 0.0255 0.1974 0.6828 0.0611 
 130 0.1007 0.0175 0.2225 0.5710 0.0883 
 131 0.0323 0.1306 0.0523 0.4752 0.3097 
 132 0.0289 0.0279 0.1360 0.6305 0.1767 
 133 0.0524 0.0351 0.1525 0.6902 0.0699 
 134 0.0228 0.0162 0.0421 0.7900 0.1288 
 135 0.4263 0.1375 0.2694 0.0798 0.0870 
 136 0.6904 0.0173 0.1552 0.0470 0.0901 
 137 0.7695 0.0154 0.0507 0.1072 0.0572 
 138 0.7938 0.0262 0.0527 0.0507 0.0765 
 139 0.2036 0.1084 0.4992 0.0787 0.1100 
 140 0.5072 0.0655 0.1172 0.1569 0.1532 
 141 0.6373 0.0263 0.1183 0.0543 0.1638 
 142 0.4725 0.1836 0.1950 0.0778 0.0712 
 143 0.8378 0.0168 0.0528 0.0450 0.0476 
 144 0.7737 0.0168 0.0529 0.1051 0.0515 
 145 0.4243 0.0418 0.2586 0.0623 0.2130 
 146 0.5124 0.0421 0.0975 0.1841 0.1639 
 147 0.8362 0.0138 0.0493 0.0454 0.0553 
 148 0.5355 0.0481 0.2051 0.1117 0.0996 
 149 0.7309 0.0475 0.0798 0.0530 0.0888 
 150 0.5716 0.0226 0.1369 0.1933 0.0757 
 151 0.7535 0.0214 0.0924 0.0719 0.0608 
 152 0.4467 0.0881 0.2288 0.0908 0.1456 
 153 0.7237 0.0485 0.0537 0.0749 0.0991 
 154 0.6754 0.0290 0.1613 0.0513 0.0831 
 155 0.7928 0.0194 0.0674 0.0643 0.0561 
 156 0.6491 0.0980 0.1001 0.1047 0.0481 
 157 0.6559 0.0201 0.0529 0.1899 0.0812 
 158 0.5379 0.0319 0.1656 0.0574 0.2071 
 159 0.8272 0.0143 0.0609 0.0453 0.0522 
 160 0.7894 0.0144 0.0951 0.0450 0.0562 
 161 0.6678 0.0369 0.0686 0.1053 0.1214 
 162 0.3902 0.0474 0.2077 0.1601 0.1946 
 163 0.8071 0.0274 0.0551 0.0594 0.0510 
 164 0.4249 0.0237 0.2908 0.1463 0.1143 
 165 0.6547 0.0203 0.0913 0.1710 0.0627 
 166 0.5335 0.0568 0.0821 0.2121 0.1154 
 167 0.6349 0.0218 0.1276 0.0868 0.1290 
 168 0.6946 0.0493 0.0626 0.0661 0.1274 
 169 0.2548 0.0441 0.1233 0.0524 0.5254 
 170 0.6682 0.0654 0.1139 0.0919 0.0606 
 171 0.4910 0.0429 0.2069 0.1105 0.1487 
 172 0.4686 0.1808 0.0795 0.0512 0.2199 
 173 0.7170 0.0185 0.1620 0.0472 0.0553 
 174 0.7716 0.0151 0.0793 0.0681 0.0659 
 175 0.7667 0.0234 0.0826 0.0451 0.0822 
 176 0.7727 0.0171 0.0531 0.1060 0.0511 
 177 0.5222 0.0306 0.0713 0.2159 0.1600 
 178 0.6476 0.0166 0.1471 0.0710 0.1177 
 179 0.8209 0.0146 0.0624 0.0468 0.0552 
 180 0.6010 0.0402 0.0930 0.1062 0.1596 
 181 0.5466 0.0481 0.2254 0.0631 0.1168 
 182 0.6032 0.0283 0.2616 0.0542 0.0528 
 183 0.7756 0.0180 0.0977 0.0492 0.0594 
 184 0.0380 0.0202 0.7488 0.0783 0.1146 
 185 0.7167 0.1011 0.0805 0.0551 0.0466 
 186 0.0425 0.0241 0.5699 0.2489 0.1146 
 187 0.1547 0.0252 0.6562 0.0817 0.0823 
 188 0.0320 0.0219 0.7012 0.1612 0.0837 
 189 0.2173 0.0405 0.3295 0.0767 0.3360 
 190 0.1830 0.3331 0.3907 0.0537 0.0395 
 191 0.0444 0.0155 0.8182 0.0611 0.0608 
 192 0.2148 0.0245 0.4843 0.1805 0.0958 
 193 0.1231 0.0348 0.6453 0.0855 0.1112 
 194 0.2390 0.0600 0.3466 0.2648 0.0897 
 195 0.2427 0.0495 0.6023 0.0560 0.0494 
 196 0.1230 0.1389 0.6011 0.0796 0.0573 
 197 0.1211 0.0603 0.3693 0.1911 0.2581 
 198 0.1302 0.0429 0.4457 0.1870 0.1941 
 199 0.1276 0.2029 0.5121 0.0844 0.0730 
 200 0.0873 0.0852 0.6591 0.0685 0.0999 
 201 0.4126 0.0414 0.4176 0.0679 0.0605 
 202 0.5674 0.1013 0.1816 0.0990 0.0506 
 203 0.3544 0.0305 0.5055 0.0601 0.0496 
 204 0.0821 0.0397 0.7785 0.0554 0.0443 
 205 0.0574 0.0411 0.7664 0.0642 0.0710 
 206 0.0772 0.0252 0.7913 0.0561 0.0502 
 207 0.0589 0.0503 0.7508 0.0894 0.0506 
 208 0.1525 0.0479 0.6882 0.0609 0.0506 
 209 0.0728 0.0270 0.7565 0.0711 0.0726 
 210 0.0933 0.0291 0.7454 0.0794 0.0528 
 211 0.1578 0.2694 0.3547 0.1656 0.0525 
 212 0.5031 0.0505 0.2824 0.0686 0.0954 
 213 0.1101 0.2067 0.2440 0.3372 0.1022 
 214 0.4867 0.0515 0.3333 0.0662 0.0624 
 215 0.0380 0.0272 0.8077 0.0669 0.0602 
 216 0.0572 0.0303 0.6516 0.1150 0.1459 
 217 0.2848 0.0505 0.5327 0.0541 0.0779 
 218 0.0603 0.0193 0.7903 0.0637 0.0664 
 219 0.1452 0.0235 0.5463 0.0823 0.2027 
 220 0.0446 0.0200 0.8289 0.0591 0.0474 
 221 0.6937 0.1139 0.1009 0.0455 0.0461 
 222 0.0944 0.0278 0.5371 0.1303 0.2103 
 223 0.2819 0.0327 0.4620 0.1011 0.1224 
 224 0.2476 0.0276 0.6022 0.0693 0.0533 
 225 0.0878 0.0439 0.7366 0.0720 0.0598 
 226 0.0844 0.0299 0.6227 0.0639 0.1991 
 227 0.2111 0.1280 0.4980 0.1060 0.0569 
 228 0.2120 0.1136 0.5689 0.0589 0.0466 
 229 0.2557 0.0189 0.5928 0.0746 0.0581 
 230 0.1713 0.0218 0.6890 0.0682 0.0497 
 231 0.1334 0.0170 0.7191 0.0591 0.0713 
 232 0.2712 0.0891 0.3331 0.1556 0.1510 
 233 0.5471 0.0355 0.2915 0.0640 0.0620 
 234 0.1200 0.0225 0.6166 0.1230 0.1179 
 235 0.1916 0.0469 0.5697 0.0696 0.1223 
 236 0.2998 0.0328 0.4999 0.0854 0.0821 
 237 0.0632 0.0423 0.7631 0.0765 0.0549 
 238 0.5116 0.0554 0.2388 0.1143 0.0799 
 239 0.2362 0.0493 0.6109 0.0552 0.0485 
 240 0.5124 0.0525 0.2406 0.1147 0.0798 
 241 0.4701 0.0486 0.3468 0.0692 0.0652 
 242 0.0924 0.0276 0.6918 0.0637 0.1245 
 243 0.1238 0.1316 0.6406 0.0605 0.0435 
 244 0.2620 0.0266 0.6005 0.0617 0.0493 
 245 0.7230 0.0484 0.0999 0.0739 0.0549 
 246 0.2788 0.0509 0.5405 0.0536 0.0761 
 247 0.0454 0.0625 0.2269 0.5209 0.1442 
 248 0.0390 0.0395 0.7507 0.1073 0.0636 
 249 0.3128 0.0380 0.5099 0.0799 0.0595 
 250 0.1908 0.0242 0.6205 0.0914 0.0732 
 251 0.0616 0.0360 0.6310 0.0910 0.1805 
 252 0.1530 0.0390 0.6536 0.0812 0.0732 
 253 0.0770 0.0918 0.4924 0.2056 0.1331 
 254 0.0841 0.0280 0.6699 0.0952 0.1227 
 255 0.1156 0.0245 0.6847 0.0796 0.0956 
 256 0.2125 0.0593 0.5865 0.0733 0.0684 
 257 0.0903 0.0335 0.7211 0.0894 0.0658 
 258 0.0810 0.0851 0.5933 0.1533 0.0873 
 259 0.1157 0.0302 0.6906 0.0979 0.0655 
 260 0.2772 0.0276 0.3851 0.1303 0.1798 
 261 0.2896 0.0631 0.4923 0.0796 0.0753 
 262 0.2799 0.1542 0.4616 0.0478 0.0565 
 263 0.0474 0.0258 0.7967 0.0672 0.0629 
 264 0.0348 0.0389 0.3475 0.1087 0.4701 
 265 0.0938 0.0258 0.7212 0.0634 0.0958 
 266 0.6820 0.0744 0.1462 0.0502 0.0472 
 267 0.1456 0.0378 0.6262 0.1078 0.0826 
 268 0.1206 0.1300 0.6104 0.0808 0.0582 
 269 0.1350 0.0231 0.5453 0.0722 0.2244 
 270 0.0541 0.0242 0.7070 0.1018 0.1128 
 271 0.0569 0.0442 0.7282 0.0966 0.0741 
 272 0.0607 0.0515 0.6737 0.0698 0.1443 
 273 0.1453 0.0424 0.5825 0.0923 0.1375 
 274 0.0678 0.0250 0.7185 0.0742 0.1145 
 275 0.0715 0.0235 0.7508 0.0571 0.0972 
 276 0.0653 0.0986 0.6042 0.0883 0.1436 
 277 0.1901 0.0268 0.5705 0.0958 0.1168 
 278 0.0492 0.0409 0.7862 0.0644 0.0593 
 279 0.1100 0.0301 0.6880 0.0831 0.0888 
 280 0.1170 0.0600 0.5093 0.0791 0.2345 
 281 0.0735 0.0279 0.7102 0.1006 0.0879 
 282 0.4386 0.0260 0.3236 0.0984 0.1134 
 283 0.5247 0.0290 0.2767 0.0943 0.0753 
 284 0.2324 0.0457 0.4418 0.1921 0.0880 
 285 0.0320 0.0992 0.6240 0.1335 0.1114 
 286 0.2611 0.0270 0.6013 0.0610 0.0497 
 287 0.1086 0.0225 0.6264 0.0848 0.1578 
 288 0.0495 0.0244 0.7455 0.0583 0.1223 
 289 0.0704 0.0430 0.6536 0.1189 0.1141 
 290 0.1124 0.2176 0.3065 0.1088 0.2546 
 291 0.0587 0.0450 0.7240 0.0978 0.0745 
 292 0.1780 0.1497 0.3965 0.0757 0.2002 
 293 0.0657 0.1986 0.2201 0.1442 0.3713 
 294 0.0439 0.0337 0.7901 0.0614 0.0709 
 295 0.1221 0.0995 0.4844 0.1157 0.1784 
 296 0.0483 0.0264 0.8029 0.0668 0.0557 
 297 0.0706 0.0364 0.5530 0.0890 0.2511 
 298 0.2944 0.0207 0.4710 0.1125 0.1014 
 299 0.0509 0.0186 0.7786 0.0735 0.0784 
 300 0.0472 0.0470 0.7323 0.0801 0.0934 
 301 0.0512 0.0219 0.6945 0.0762 0.1561 
 302 0.0488 0.0551 0.7608 0.0650 0.0703 
 303 0.3144 0.0516 0.4306 0.0925 0.1108 
 304 0.3900 0.0285 0.1486 0.1774 0.2556 
 305 0.1210 0.0386 0.7360 0.0479 0.0566 
 306 0.3120 0.0432 0.4655 0.0624 0.1170 
 307 0.1903 0.0386 0.5613 0.1146 0.0952 
 308 0.2926 0.0602 0.4923 0.0786 0.0762 
 309 0.0470 0.0328 0.7780 0.0854 0.0568 
 310 0.1825 0.0666 0.6398 0.0597 0.0514 
 311 0.1723 0.0228 0.6878 0.0681 0.0489 
 312 0.0515 0.0284 0.7838 0.0889 0.0474 
 313 0.0414 0.0871 0.7399 0.0811 0.0505 
 314 0.8366 0.0255 0.0459 0.0424 0.0495 
 315 0.7956 0.0362 0.0423 0.0549 0.0710 
 316 0.7775 0.0242 0.0487 0.0563 0.0933 
 317 0.8490 0.0146 0.0429 0.0418 0.0516 
 318 0.8495 0.0118 0.0417 0.0415 0.0555 
 319 0.8236 0.0164 0.0652 0.0447 0.0501 
 320 0.8381 0.0262 0.0448 0.0424 0.0486 
 321 0.8427 0.0136 0.0429 0.0433 0.0575 
 322 0.7644 0.0386 0.0532 0.0589 0.0849 
 323 0.8443 0.0125 0.0463 0.0430 0.0539 
 324 0.8429 0.0133 0.0433 0.0429 0.0575 
 325 0.8014 0.0200 0.0395 0.0533 0.0858 
 326 0.8085 0.0215 0.0364 0.0524 0.0811 
 327 0.8467 0.0150 0.0438 0.0428 0.0518 
 328 0.7883 0.0263 0.0477 0.0578 0.0800 
 329 0.8529 0.0121 0.0416 0.0426 0.0509 
 330 0.8484 0.0144 0.0423 0.0428 0.0520 
 331 0.8458 0.0123 0.0475 0.0432 0.0512 
 332 0.7907 0.0195 0.0377 0.0546 0.0975 
 333 0.8032 0.0236 0.0424 0.0551 0.0757 
 334 0.7848 0.0263 0.0486 0.0593 0.0810 
 335 0.8040 0.0288 0.0424 0.0566 0.0683 
 336 0.8401 0.0177 0.0415 0.0426 0.0581 
 337 0.7891 0.0240 0.0418 0.0561 0.0890 
 338 0.8479 0.0114 0.0402 0.0423 0.0583 
 339 0.8453 0.0124 0.0481 0.0428 0.0514 
 340 0.8489 0.0134 0.0488 0.0426 0.0463 
 341 0.8387 0.0133 0.0520 0.0428 0.0531 
 342 0.8478 0.0148 0.0429 0.0430 0.0515 
 343 0.7726 0.0483 0.0420 0.0585 0.0785 
 344 0.8541 0.0117 0.0407 0.0425 0.0510 
 345 0.8482 0.0147 0.0435 0.0423 0.0513 
 346 0.8554 0.0126 0.0415 0.0408 0.0497 
 347 0.8577 0.0125 0.0417 0.0418 0.0463 
 348 0.7761 0.0590 0.0447 0.0551 0.0651 
 349 0.8490 0.0150 0.0427 0.0425 0.0507 
 350 0.8225 0.0197 0.0626 0.0439 0.0514 
 351 0.8040 0.0275 0.0423 0.0559 0.0702 
 352 0.7992 0.0285 0.0413 0.0551 0.0760 
 353 0.8376 0.0179 0.0415 0.0434 0.0596 
 354 0.8406 0.0123 0.0511 0.0433 0.0528 
 355 0.8494 0.0118 0.0408 0.0419 0.0561 
 356 0.7565 0.0740 0.0459 0.0587 0.0649 
 357 0.4821 0.0223 0.0933 0.0937 0.3086 
 358 0.8036 0.0195 0.0395 0.0560 0.0814 
 359 0.8459 0.0120 0.0459 0.0431 0.0531 
 360 0.8563 0.0125 0.0411 0.0408 0.0493 
 361 0.4227 0.0322 0.1164 0.1040 0.3247 
 362 0.0555 0.0340 0.2482 0.2568 0.4055 
 363 0.0408 0.0407 0.0959 0.3252 0.4974 
 364 0.2195 0.0306 0.2552 0.1408 0.3540 
 365 0.0445 0.0321 0.1156 0.1051 0.7026 
 366 0.1073 0.1991 0.1625 0.1062 0.4248 
 367 0.0279 0.0165 0.0424 0.6604 0.2527 
 368 0.0515 0.0172 0.3108 0.4708 0.1498 
 369 0.2651 0.1923 0.1325 0.1380 0.2720 
 370 0.0634 0.0299 0.3034 0.4897 0.1136 
 371 0.0794 0.0383 0.4443 0.1555 0.2825 
 372 0.0669 0.0330 0.6458 0.1611 0.0932 
 373 0.0992 0.0255 0.1439 0.4302 0.3012 
 374 0.2698 0.0253 0.1936 0.1639 0.3474 
 375 0.0375 0.0198 0.1233 0.3917 0.4277 
 376 0.0319 0.0163 0.0433 0.1065 0.8019 
 377 0.0546 0.0354 0.2845 0.2378 0.3877 
 378 0.1854 0.0199 0.1281 0.5696 0.0971 
 379 0.0299 0.0257 0.0517 0.1124 0.7802 
 380 0.1040 0.0607 0.1164 0.0646 0.6544 
 381 0.0964 0.0738 0.0652 0.0599 0.7048 
 382 0.0426 0.0153 0.0851 0.3542 0.5027 
 383 0.0927 0.0215 0.1043 0.0550 0.7265 
 384 0.0933 0.0283 0.1348 0.1547 0.5889 
 385 0.1420 0.0144 0.3488 0.2563 0.2385 
 386 0.0393 0.0229 0.0744 0.3627 0.5006 
 387 0.0503 0.0282 0.0733 0.3214 0.5268 
 388 0.1791 0.0185 0.3507 0.2160 0.2357 
 389 0.0413 0.0772 0.6742 0.1246 0.0827 
 390 0.0415 0.1695 0.0680 0.4118 0.3092 
 391 0.0836 0.1075 0.1534 0.4721 0.1834 
 392 0.0838 0.0257 0.1084 0.1276 0.6545 
 393 0.0683 0.0860 0.0480 0.0741 0.7236 
 394 0.2414 0.0227 0.1504 0.2755 0.3100 
 395 0.0479 0.2315 0.1380 0.2770 0.3057 
 396 0.0291 0.0183 0.1024 0.3745 0.4758 
 397 0.0833 0.0242 0.6251 0.0872 0.1802 
 398 0.0317 0.0245 0.0522 0.1920 0.6997 
 399 0.0411 0.0487 0.0771 0.6096 0.2235 
 400 0.0587 0.0246 0.0564 0.3221 0.5381 
 401 0.0648 0.0754 0.0624 0.6322 0.1651 
 402 0.0679 0.1099 0.2010 0.3055 0.3157 
 403 0.3510 0.0292 0.1954 0.2215 0.2029 
 404 0.0969 0.0299 0.1588 0.2611 0.4533 
 405 0.0791 0.0443 0.1637 0.1795 0.5334 
 406 0.0780 0.6040 0.0526 0.0662 0.1993 
 407 0.0291 0.0185 0.0537 0.0954 0.8033 
 408 0.0286 0.0929 0.0905 0.7107 0.0773 
 409 0.2403 0.3746 0.0530 0.1237 0.2084 
 410 0.0854 0.0378 0.0974 0.2265 0.5529 
 411 0.1550 0.0802 0.0632 0.1316 0.5700 
 412 0.0468 0.0159 0.2450 0.4752 0.2170 
 413 0.1427 0.0196 0.2481 0.4107 0.1789 
 414 0.0305 0.0175 0.2062 0.5273 0.2185 
 415 0.0465 0.0592 0.0635 0.1242 0.7066 
 416 0.0786 0.0571 0.0986 0.2475 0.5181 
 417 0.0376 0.0202 0.0545 0.1421 0.7456 
 418 0.0345 0.0140 0.0772 0.5639 0.3104 
 419 0.1761 0.0989 0.0983 0.3558 0.2708 
 420 0.0396 0.1949 0.0530 0.5351 0.1774 
 421 0.0449 0.0240 0.0911 0.3101 0.5300 
 422 0.0458 0.1247 0.2807 0.1136 0.4352 
 423 0.0526 0.0332 0.1192 0.1665 0.6285 
 424 0.0634 0.0888 0.0499 0.6607 0.1371 
 425 0.0851 0.0381 0.2453 0.1905 0.4410 
 426 0.0821 0.0239 0.0980 0.5669 0.2291 
 427 0.1169 0.0339 0.0492 0.1793 0.6207 
 428 0.1302 0.1012 0.2018 0.1061 0.4606 
 429 0.0277 0.0146 0.0466 0.2467 0.6644 
 430 0.0359 0.0259 0.0613 0.1268 0.7500 
 431 0.0631 0.0237 0.2464 0.4450 0.2219 
 432 0.0572 0.0200 0.2644 0.4842 0.1742 
 433 0.2754 0.0410 0.2647 0.3130 0.1058 
 434 0.1069 0.0366 0.2686 0.1685 0.4193 
 435 0.0308 0.0299 0.0449 0.1544 0.7401 
 436 0.0538 0.0403 0.0311 0.1741 0.7007 
 437 0.0342 0.0173 0.0612 0.0953 0.7920 
 438 0.0713 0.2768 0.0439 0.2805 0.3275 
 439 0.0421 0.0219 0.0322 0.1043 0.7994 
 440 0.0252 0.0268 0.0343 0.1269 0.7869 
 441 0.0914 0.0261 0.0612 0.1835 0.6379 
 442 0.0358 0.0364 0.0689 0.2625 0.5965 
 443 0.0317 0.1233 0.0439 0.5776 0.2234 
 444 0.0355 0.0467 0.0601 0.1836 0.6740 
 445 0.1334 0.1722 0.0696 0.1220 0.5028 
 446 0.0371 0.0262 0.0377 0.3082 0.5908 
 447 0.0745 0.0844 0.0622 0.1662 0.6126 
 448 0.0359 0.0278 0.0574 0.1748 0.7041 
 449 0.0605 0.0303 0.0689 0.1630 0.6772 
 450 0.0633 0.0141 0.0518 0.1345 0.7363 
 451 0.0262 0.0289 0.0805 0.6893 0.1751 
 452 0.0506 0.0152 0.0461 0.1197 0.7685 
 453 0.0620 0.4690 0.0678 0.2859 0.1154 
 454 0.0713 0.0244 0.0712 0.1548 0.6782 
 455 0.0363 0.1022 0.0362 0.2491 0.5763 
 456 0.0330 0.1223 0.0623 0.1884 0.5941 
 457 0.0373 0.0187 0.0488 0.0847 0.8105 
 458 0.0415 0.0214 0.0471 0.1169 0.7731 
 459 0.0980 0.0418 0.0318 0.4768 0.3516 
 460 0.0345 0.0273 0.0321 0.4295 0.4765 
 461 0.0350 0.0140 0.0332 0.6165 0.3012 
 462 0.0254 0.0555 0.0785 0.3043 0.5362 
 463 0.0505 0.4997 0.0639 0.1370 0.2489 
 464 0.0332 0.0660 0.0389 0.4527 0.4092 
 465 0.0433 0.0397 0.0536 0.6423 0.2211 
 466 0.0356 0.1945 0.0546 0.4502 0.2651 
 467 0.0631 0.0624 0.0705 0.2808 0.5232 
 468 0.0322 0.0591 0.0446 0.0764 0.7877 
 469 0.0357 0.0254 0.0312 0.0779 0.8298 
 470 0.0320 0.0245 0.0352 0.1780 0.7303 
 471 0.0379 0.1879 0.1084 0.2119 0.4540 
 472 0.0439 0.0723 0.0812 0.3051 0.4975 
 473 0.0647 0.0353 0.1162 0.1727 0.6110 
 474 0.0541 0.0355 0.0515 0.1318 0.7271 
 475 0.0705 0.0335 0.0511 0.6040 0.2409 
 476 0.0424 0.0327 0.0384 0.1214 0.7651 
 477 0.0619 0.0468 0.0515 0.6553 0.1845 
 478 0.0309 0.0192 0.0395 0.7891 0.1213 
 479 0.0307 0.0203 0.0356 0.1979 0.7155 
 480 0.0346 0.0168 0.0362 0.0836 0.8288 
 481 0.0356 0.0368 0.1912 0.1623 0.5741 
 482 0.0302 0.0153 0.0346 0.1804 0.7394 
 483 0.0449 0.0325 0.0344 0.2034 0.6847 
 484 0.0475 0.1944 0.0703 0.1985 0.4893 
 485 0.0350 0.0542 0.0328 0.1765 0.7015 
 486 0.0510 0.0860 0.4688 0.2128 0.1813 
 487 0.1257 0.0476 0.4531 0.1485 0.2250 
 488 0.0874 0.0355 0.4044 0.3543 0.1185 
 489 0.1654 0.1243 0.4315 0.0852 0.1937 
 490 0.0357 0.0631 0.1421 0.5604 0.1987 
 491 0.0877 0.0305 0.6977 0.0921 0.0920 
 492 0.2962 0.0801 0.1044 0.4207 0.0986 
 493 0.0499 0.0298 0.6990 0.1154 0.1059 
 494 0.0865 0.0390 0.5630 0.1195 0.1919 
 495 0.1773 0.0634 0.1357 0.4956 0.1280 
 496 0.3787 0.0697 0.2018 0.2289 0.1210 
 497 0.0651 0.0162 0.7421 0.0842 0.0925 
 498 0.0918 0.1340 0.2446 0.3585 0.1711 
 499 0.1834 0.0367 0.5591 0.0845 0.1362 
 500 0.0498 0.0268 0.5699 0.0867 0.2668 
 501 0.2108 0.0339 0.1980 0.2423 0.3150 
 502 0.2492 0.0209 0.1462 0.4190 0.1647 
 503 0.0420 0.0262 0.1797 0.1423 0.6099 
 504 0.0490 0.0412 0.1105 0.7118 0.0874 
 505 0.0973 0.0956 0.5611 0.1386 0.1074 
 506 0.1825 0.0285 0.3130 0.3285 0.1475 
 507 0.6073 0.0553 0.2122 0.0599 0.0653 
 508 0.5399 0.1108 0.2065 0.0794 0.0634 
 509 0.1339 0.0526 0.6080 0.1158 0.0898 
 510 0.2556 0.0325 0.2782 0.1437 0.2900 
 511 0.0566 0.0514 0.1450 0.1625 0.5844 
 512 0.0347 0.0201 0.1079 0.1750 0.6623 
 513 0.0668 0.0802 0.3688 0.4391 0.0451 
 514 0.0727 0.0323 0.1691 0.6124 0.1136 
 515 0.1469 0.0899 0.1525 0.1343 0.4765 
 516 0.0660 0.0642 0.2235 0.5618 0.0845 
 517 0.1515 0.2012 0.1231 0.2523 0.2718 
 518 0.1117 0.0191 0.6455 0.0703 0.1533 
 519 0.0727 0.0311 0.0768 0.7161 0.1033 
 520 0.2570 0.2866 0.1036 0.0808 0.2719 
 521 0.3564 0.0437 0.1724 0.3259 0.1016 
 522 0.0494 0.2086 0.1057 0.1141 0.5222 
 523 0.1580 0.4549 0.1108 0.1794 0.0969 
 524 0.0856 0.0960 0.1332 0.1330 0.5522 
 525 0.2030 0.0613 0.2540 0.0876 0.3941 
 526 0.0717 0.5424 0.0682 0.0774 0.2403 
 527 0.0523 0.0233 0.3051 0.2421 0.3772 
 528 0.5050 0.0468 0.2456 0.1221 0.0806 
 529 0.0782 0.0225 0.6922 0.1169 0.0902 
 530 0.0841 0.1007 0.1039 0.1060 0.6052 
 531 0.4024 0.0702 0.0829 0.1320 0.3126 
 532 0.2553 0.0578 0.3424 0.1465 0.1980 
 533 0.0689 0.0801 0.3242 0.1010 0.4258 
 534 0.0824 0.0875 0.6207 0.1550 0.0544 
 535 0.0743 0.3392 0.0719 0.3281 0.1865 
 536 0.1783 0.1820 0.1283 0.1833 0.3281 
 537 0.2974 0.3544 0.1154 0.1194 0.1134 
 538 0.2210 0.2092 0.2156 0.1824 0.1718 
 539 0.6660 0.0513 0.1357 0.0702 0.0768 
 540 0.2274 0.1586 0.2260 0.1456 0.2423 
 541 0.5129 0.0474 0.1379 0.1492 0.1526 
 542 0.0517 0.5020 0.1378 0.0818 0.2267 
 543 0.2015 0.2254 0.1471 0.3356 0.0904 
 544 0.0943 0.5441 0.0905 0.1207 0.1504 
 545 0.0353 0.6647 0.0525 0.1118 0.1358 
 546 0.1360 0.2654 0.3039 0.1268 0.1678 
 547 0.0994 0.6773 0.0464 0.1074 0.0695 
 548 0.1889 0.0240 0.6234 0.0914 0.0723 
 549 0.4070 0.2539 0.0491 0.0841 0.2058 
 550 0.0539 0.5171 0.0432 0.1567 0.2292 
 551 0.6153 0.0621 0.0638 0.1348 0.1240 
 552 0.1734 0.1673 0.4172 0.0935 0.1487 
 553 0.1716 0.5638 0.0857 0.1266 0.0522 
 554 0.1486 0.0753 0.1791 0.2620 0.3349 
 555 0.3850 0.1906 0.1973 0.1255 0.1016 
 556 0.1583 0.2555 0.2638 0.1778 0.1446 
 557 0.0886 0.3847 0.0450 0.2288 0.2529 
 558 0.0320 0.0134 0.0310 0.1740 0.7496 
 559 0.0482 0.0384 0.3357 0.4625 0.1153 
 560 0.0242 0.0314 0.0466 0.5491 0.3487 
 561 0.0327 0.0420 0.0942 0.4688 0.3623 
 562 0.0244 0.0535 0.1079 0.5699 0.2443 
 563 0.1336 0.0450 0.0414 0.6645 0.1155 
 564 0.0530 0.0698 0.4978 0.2314 0.1481 
 565 0.0361 0.0171 0.0461 0.0875 0.8131 
 566 0.0255 0.0213 0.0431 0.6550 0.2552 
 567 0.0351 0.0381 0.5196 0.2746 0.1326 
 568 0.0528 0.0550 0.1189 0.5700 0.2032 
 569 0.0555 0.1207 0.0916 0.2976 0.4346 
 570 0.0263 0.0144 0.0512 0.1520 0.7561 
 571 0.0411 0.0210 0.0725 0.7444 0.1210 
 572 0.1611 0.4146 0.1375 0.1002 0.1866 
 573 0.0505 0.0577 0.4114 0.1905 0.2900 
 574 0.1247 0.0340 0.1202 0.1305 0.5906 
 575 0.0876 0.0332 0.0708 0.6517 0.1567 
 576 0.0257 0.0156 0.0558 0.6765 0.2264 
 577 0.1140 0.0279 0.1372 0.2011 0.5198 
 578 0.0420 0.0278 0.0726 0.6165 0.2412 
 579 0.0368 0.0321 0.1844 0.3710 0.3757 
 580 0.0661 0.0205 0.0964 0.1662 0.6509 
 581 0.0516 0.0206 0.0652 0.3083 0.5543 
 582 0.0299 0.0362 0.0446 0.2978 0.5916 
 583 0.0396 0.0206 0.1359 0.5877 0.2163 
 584 0.0308 0.0160 0.0665 0.6563 0.2304 
 585 0.0362 0.0245 0.0641 0.5194 0.3559 
 586 0.0506 0.0268 0.0973 0.7353 0.0900 
 587 0.0284 0.0497 0.1724 0.2699 0.4797 
 588 0.0343 0.1008 0.7390 0.0780 0.0479 
 589 0.0318 0.0733 0.0649 0.1604 0.6695 
 590 0.0363 0.0227 0.1701 0.6557 0.1152 
 591 0.0430 0.0190 0.1055 0.7075 0.1249 
 592 0.0341 0.0944 0.1076 0.5468 0.2170 
 593 0.0656 0.0381 0.1275 0.4262 0.3425 
 594 0.0751 0.0227 0.3205 0.4572 0.1244 
 595 0.0272 0.0157 0.2477 0.2038 0.5056 
 596 0.0620 0.1455 0.2699 0.2585 0.2641 
 597 0.1864 0.0548 0.0721 0.6184 0.0683 
 598 0.0286 0.0148 0.0364 0.1082 0.8119 
 599 0.0270 0.0450 0.0718 0.6249 0.2314 
 600 0.0817 0.0403 0.1080 0.1599 0.6100 
 601 0.0279 0.0391 0.0598 0.4546 0.4187 
 602 0.0898 0.0215 0.5764 0.1764 0.1358 
 603 0.0978 0.0245 0.4746 0.2856 0.1175 
 604 0.0883 0.0306 0.1596 0.1279 0.5937 
 605 0.0497 0.0503 0.2010 0.3873 0.3117 
 606 0.1380 0.0493 0.3143 0.2404 0.2581 
 607 0.1739 0.0170 0.3742 0.1109 0.3240 
 608 0.4304 0.0250 0.0929 0.1704 0.2813 
 609 0.0646 0.0401 0.0907 0.2069 0.5977 
 610 0.0486 0.0916 0.1005 0.1359 0.6234 
 611 0.1261 0.0504 0.3311 0.3414 0.1509 
 612 0.0412 0.0352 0.0497 0.0867 0.7872 
 613 0.0608 0.0657 0.2873 0.1886 0.3977 
 614 0.0349 0.0209 0.1016 0.0638 0.7789 
 615 0.0620 0.0247 0.1038 0.0729 0.7367 
 616 0.1209 0.0175 0.4057 0.1434 0.3125 
 617 0.0399 0.0517 0.1819 0.1846 0.5419 
 618 0.1184 0.0453 0.1770 0.0692 0.5901 
 619 0.1348 0.0894 0.1870 0.3191 0.2696 
 620 0.0255 0.0879 0.1648 0.5650 0.1568 
 621 0.0411 0.0156 0.0945 0.5246 0.3242 
 622 0.0935 0.0707 0.2981 0.0954 0.4423 
 623 0.0448 0.0368 0.2373 0.4328 0.2482 
 624 0.1163 0.0223 0.0656 0.0906 0.7052 
 625 0.1273 0.0197 0.1092 0.2125 0.5314 
 626 0.3496 0.1627 0.0962 0.0693 0.3223 
 627 0.0593 0.0398 0.2774 0.3517 0.2718 
 628 0.0534 0.0288 0.4266 0.2883 0.2029 
 629 0.0729 0.0238 0.2758 0.3036 0.3239 
 630 0.0526 0.0315 0.0959 0.1508 0.6691 
 631 0.0550 0.0186 0.2349 0.1302 0.5613 
 632 0.2359 0.0646 0.3823 0.1184 0.1989 
 633 0.1046 0.0218 0.1407 0.1354 0.5974 
 634 0.1521 0.0523 0.3285 0.1911 0.2759 
 635 0.4019 0.0260 0.2492 0.1043 0.2186 
 636 0.2173 0.0271 0.0784 0.1637 0.5136 
 637 0.1028 0.2458 0.1767 0.1974 0.2774 
 638 0.0945 0.0195 0.4328 0.2202 0.2329 
 639 0.0849 0.0236 0.2315 0.0935 0.5665 
 640 0.0570 0.0145 0.1227 0.5782 0.2276 
 641 0.0625 0.0198 0.4396 0.1405 0.3376 
 642 0.5027 0.0699 0.1204 0.1627 0.1442 
 643 0.7299 0.0223 0.0652 0.1010 0.0817 
 644 0.5614 0.0270 0.1345 0.1842 0.0929 
 645 0.3936 0.0417 0.1304 0.0499 0.3844 
 646 0.1214 0.0846 0.3320 0.2868 0.1752 
 647 0.3367 0.0591 0.1845 0.3185 0.1012 
 648 0.2199 0.0791 0.4679 0.0821 0.1511 
 649 0.1238 0.1105 0.5436 0.1483 0.0738 
 650 0.1509 0.0540 0.3648 0.3370 0.0932 
 651 0.2697 0.0171 0.5188 0.1084 0.0860 
 652 0.5238 0.0280 0.2140 0.1254 0.1087 
 653 0.3262 0.0680 0.3629 0.0942 0.1487 
 654 0.4548 0.1332 0.1892 0.1074 0.1155 
 655 0.5007 0.0312 0.0829 0.2790 0.1063 
 656 0.1825 0.0894 0.4582 0.1125 0.1575 
 657 0.1628 0.0263 0.2872 0.1263 0.3974 
 658 0.2152 0.0868 0.1218 0.4048 0.1713 
 659 0.4610 0.0883 0.1779 0.1137 0.1590 
 660 0.4991 0.0485 0.2647 0.1108 0.0770 
 661 0.5373 0.1366 0.1191 0.0835 0.1236 
 662 0.0868 0.1935 0.5012 0.1578 0.0605 
 663 0.3857 0.0294 0.3520 0.1189 0.1140 
 664 0.2238 0.0535 0.0696 0.4519 0.2012 
 665 0.1052 0.1176 0.5725 0.1257 0.0789 
 666 0.4249 0.0765 0.2324 0.1370 0.1293 
 667 0.0886 0.0432 0.4081 0.3179 0.1422 
 668 0.4288 0.0611 0.1478 0.1679 0.1944 
 669 0.1252 0.0348 0.6747 0.0933 0.0720 
 670 0.7577 0.0218 0.1074 0.0578 0.0553 
 671 0.5969 0.0353 0.1935 0.1027 0.0716 
 672 0.6641 0.0472 0.0385 0.1569 0.0933 
 673 0.8383 0.0124 0.0468 0.0462 0.0563 
 674 0.6122 0.0305 0.1703 0.0713 0.1157 
 675 0.7753 0.0166 0.0511 0.1060 0.0510 
 676 0.8439 0.0145 0.0429 0.0457 0.0531 
 677 0.7027 0.1033 0.0920 0.0528 0.0493 
 678 0.8369 0.0120 0.0445 0.0508 0.0558 
 679 0.6776 0.0132 0.1210 0.0677 0.1205 
 680 0.7505 0.0238 0.0790 0.0531 0.0937 
 681 0.2343 0.3078 0.1364 0.0860 0.2355 
 682 0.7843 0.0228 0.0446 0.0558 0.0926 
 683 0.7976 0.0257 0.0700 0.0556 0.0511 
 684 0.8322 0.0143 0.0468 0.0518 0.0550 
 685 0.8488 0.0160 0.0441 0.0441 0.0470 
 686 0.6503 0.1077 0.0869 0.0664 0.0887 
 687 0.5919 0.0525 0.1932 0.0962 0.0662 
 688 0.7729 0.0193 0.0678 0.0753 0.0646 
 689 0.8432 0.0144 0.0505 0.0418 0.0500 
 690 0.8441 0.0141 0.0439 0.0455 0.0523 
 691 0.7040 0.0230 0.0981 0.0667 0.1083 
 692 0.7679 0.0145 0.0721 0.0707 0.0749 
 693 0.7660 0.0169 0.0502 0.0908 0.0762 
 694 0.8532 0.0169 0.0441 0.0420 0.0437 
 695 0.8008 0.0381 0.0374 0.0553 0.0684 
 696 0.7739 0.0187 0.0666 0.0753 0.0655 
 697 0.8208 0.0192 0.0619 0.0440 0.0541 
 698 0.8318 0.0150 0.0544 0.0459 0.0529 
 699 0.7158 0.1209 0.0471 0.0538 0.0623 
 700 0.7128 0.0656 0.0570 0.0833 0.0813 
 701 0.6504 0.0337 0.1447 0.0680 0.1031 
 702 0.6701 0.0541 0.0670 0.0950 0.1138 
 703 0.7699 0.0248 0.0534 0.0563 0.0956 
 704 0.7756 0.0283 0.0664 0.0703 0.0593 
 705 0.3518 0.3039 0.1434 0.0821 0.1188 
 706 0.7788 0.0347 0.0534 0.0499 0.0831 
 707 0.8049 0.0257 0.0673 0.0457 0.0563 
 708 0.8185 0.0174 0.0661 0.0461 0.0518 
 709 0.8058 0.0494 0.0408 0.0505 0.0535 
 710 0.8542 0.0176 0.0392 0.0423 0.0467 
 711 0.7138 0.0679 0.0831 0.0531 0.0821 
 712 0.7726 0.0668 0.0716 0.0439 0.0452 
 713 0.7796 0.0214 0.0686 0.0722 0.0582 
 714 0.6046 0.0188 0.1856 0.0738 0.1173 
 715 0.8269 0.0387 0.0460 0.0429 0.0455 
 716 0.8012 0.0332 0.0391 0.0494 0.0771 
 717 0.8475 0.0234 0.0401 0.0426 0.0464 
 718 0.6680 0.0468 0.1373 0.0583 0.0896 
 719 0.8296 0.0343 0.0452 0.0463 0.0447 
 720 0.0437 0.0200 0.2145 0.4156 0.3063 
 721 0.5203 0.0313 0.1185 0.0788 0.2511 
 722 0.0774 0.0434 0.1246 0.1424 0.6121 
 723 0.0647 0.0158 0.1574 0.1046 0.6576 
 724 0.1757 0.0248 0.1124 0.0896 0.5975 
 725 0.1782 0.0282 0.4186 0.1902 0.1848 
 726 0.1129 0.0559 0.1788 0.1062 0.5463 
 727 0.2093 0.2145 0.1820 0.1305 0.2636 
 728 0.0254 0.0196 0.0407 0.0608 0.8536 
 729 0.0275 0.0153 0.0478 0.0722 0.8372 
 730 0.0415 0.0162 0.1824 0.2157 0.5441 
 731 0.0594 0.0221 0.0620 0.1018 0.7547 
 732 0.0629 0.0154 0.1583 0.1034 0.6600 
 733 0.0373 0.0134 0.0592 0.0844 0.8057 
 734 0.0268 0.0154 0.0520 0.1357 0.7701 
 735 0.0453 0.0119 0.0533 0.0637 0.8259 
 736 0.0520 0.0195 0.0711 0.2326 0.6248 
 737 0.0526 0.0482 0.1624 0.1861 0.5507 
 738 0.0448 0.0169 0.1863 0.1375 0.6145 
 739 0.0352 0.0140 0.0520 0.0879 0.8108 
 740 0.4178 0.0201 0.4228 0.0616 0.0777 
 741 0.4276 0.0388 0.2756 0.1171 0.1409 
 742 0.1513 0.0164 0.0589 0.6237 0.1497 
 743 0.0643 0.0162 0.5831 0.1882 0.1482 
 744 0.0795 0.1392 0.3473 0.3437 0.0903 
 745 0.0365 0.0469 0.1376 0.6485 0.1305 
 746 0.1865 0.0239 0.3512 0.2105 0.2278 
 747 0.0756 0.0268 0.2915 0.4675 0.1386 
 748 0.4177 0.0152 0.1812 0.2899 0.0960 
 749 0.0939 0.0320 0.5573 0.2044 0.1124 
 750 0.0637 0.0184 0.6354 0.1713 0.1111 
 751 0.4065 0.0155 0.2440 0.2262 0.1078 
 752 0.0801 0.0220 0.4131 0.3199 0.1649 
 753 0.1354 0.0235 0.4743 0.1403 0.2266 
 754 0.4302 0.0272 0.1607 0.1921 0.1898 
 755 0.1197 0.0143 0.5657 0.1533 0.1470 
 756 0.1877 0.0168 0.2410 0.4877 0.0668 
 757 0.1402 0.0179 0.1719 0.5491 0.1209 
 758 0.0360 0.0237 0.2709 0.5860 0.0834 
 759 0.4344 0.0547 0.1631 0.1044 0.2435 
 760 0.0848 0.0180 0.4693 0.1796 0.2484 
 761 0.2202 0.0222 0.2491 0.0807 0.4278 
 762 0.0584 0.0134 0.1934 0.2719 0.4629 
 763 0.1315 0.0237 0.4791 0.1400 0.2257 
 764 0.0764 0.0156 0.4527 0.3310 0.1244 
 765 0.0456 0.0147 0.4996 0.1098 0.3303 
 766 0.2765 0.0139 0.3161 0.2811 0.1123 
 767 0.2285 0.0214 0.1861 0.4242 0.1397 
 768 0.0594 0.0133 0.1973 0.2508 0.4791 
 769 0.2377 0.0233 0.1146 0.1495 0.4749 
 770 0.0501 0.0160 0.1315 0.3702 0.4322 
 771 0.1078 0.1581 0.5326 0.1298 0.0716 
 772 0.2645 0.0733 0.1534 0.3691 0.1396 
 773 0.0653 0.0145 0.6506 0.1776 0.0921 
 774 0.3010 0.0201 0.4477 0.0984 0.1328 
 775 0.0947 0.0158 0.0731 0.1994 0.6172 
 776 0.0541 0.0188 0.1191 0.7031 0.1049 
 777 0.1120 0.0622 0.3471 0.3008 0.1779 
 778 0.1846 0.0447 0.4016 0.2492 0.1198 
 779 0.1010 0.0161 0.5296 0.2593 0.0940 
 780 0.3358 0.0141 0.3212 0.2120 0.1169 
 781 0.0809 0.0378 0.7579 0.0653 0.0581 
 782 0.1049 0.0157 0.5282 0.2578 0.0934 
 783 0.2425 0.0161 0.2190 0.3504 0.1720 
 784 0.0853 0.0195 0.1368 0.5340 0.2243 
 785 0.1720 0.0237 0.2720 0.3699 0.1624 
 786 0.4221 0.0189 0.1553 0.2672 0.1365 
 787 0.3666 0.0353 0.2990 0.2323 0.0668 
 788 0.0938 0.0413 0.2283 0.4352 0.2014 
 789 0.0992 0.0165 0.1098 0.5630 0.2115 
 790 0.2169 0.0154 0.3755 0.1740 0.2181 
 791 0.1403 0.0190 0.1077 0.5954 0.1376 
 792 0.3357 0.0500 0.4177 0.1310 0.0656 
 793 0.4228 0.0785 0.1389 0.1184 0.2415 
 794 0.1747 0.0313 0.1283 0.4633 0.2023 
 795 0.5043 0.0285 0.1327 0.1042 0.2304 
 796 0.1613 0.0283 0.0648 0.6656 0.0800 
 797 0.5166 0.0476 0.2120 0.0897 0.1340 
 798 0.0313 0.1550 0.0651 0.1896 0.5590 
 799 0.0742 0.0348 0.1045 0.6676 0.1189 
 800 0.5046 0.1619 0.0883 0.1911 0.0542 
 801 0.0607 0.1459 0.0677 0.2077 0.5180 
 802 0.2328 0.1637 0.1234 0.1686 0.3116 
 803 0.4049 0.0795 0.1553 0.1670 0.1933 
 804 0.1130 0.1771 0.2900 0.2230 0.1969 
 805 0.7548 0.0261 0.0550 0.0946 0.0696 
 806 0.0787 0.3881 0.1198 0.1025 0.3108 
 807 0.5657 0.0619 0.2157 0.0610 0.0957 
 808 0.4063 0.1389 0.2230 0.1284 0.1034 
 809 0.0485 0.6145 0.0641 0.1076 0.1653 
 810 0.1745 0.0314 0.2440 0.2219 0.3283 
 811 0.4038 0.2575 0.0873 0.1262 0.1252 
 812 0.0291 0.7531 0.0524 0.0895 0.0760 
 813 0.0381 0.1366 0.0493 0.2974 0.4786 
 814 0.0522 0.2822 0.3487 0.2300 0.0868 
 815 0.1310 0.4895 0.0492 0.1044 0.2259 
 816 0.2888 0.1476 0.0907 0.2664 0.2065 
 817 0.2299 0.1656 0.1222 0.1694 0.3129 
 818 0.0676 0.0250 0.0419 0.7489 0.1166 
 819 0.1596 0.0370 0.3040 0.4284 0.0710 
 820 0.1838 0.0434 0.1408 0.5559 0.0761 
 821 0.1100 0.0153 0.1908 0.4857 0.1982 
 822 0.0289 0.0280 0.4420 0.2134 0.2877 
 823 0.2090 0.0172 0.0471 0.3951 0.3315 
 824 0.1446 0.0192 0.2873 0.3910 0.1579 
 825 0.0555 0.0247 0.1452 0.4716 0.3030 
 826 0.0412 0.0171 0.0940 0.7555 0.0923 
 827 0.0569 0.0163 0.1170 0.2659 0.5439 
 828 0.0689 0.0150 0.2856 0.0835 0.5470 
 829 0.0973 0.0555 0.1140 0.2069 0.5262 
 830 0.0374 0.0134 0.1526 0.1989 0.5976 
 831 0.0831 0.0237 0.4797 0.0854 0.3281 
 832 0.1341 0.0937 0.0677 0.4810 0.2235 
 833 0.1516 0.0528 0.0348 0.5016 0.2592 
 834 0.1302 0.0254 0.1742 0.2218 0.4485 
 835 0.0411 0.0269 0.0608 0.7879 0.0834 
 836 0.0684 0.0595 0.0822 0.7105 0.0794 
 837 0.2370 0.0325 0.1343 0.1871 0.4091 
 838 0.0387 0.0652 0.1068 0.7227 0.0666 
 839 0.0659 0.0142 0.1332 0.4391 0.3476 
 840 0.1171 0.0816 0.5190 0.1619 0.1205 
 841 0.1031 0.0578 0.1487 0.6078 0.0825 
 842 0.0318 0.0139 0.0563 0.8069 0.0910 
 843 0.2216 0.0598 0.4001 0.2213 0.0972 
 844 0.1470 0.0463 0.3134 0.1983 0.2950 
 845 0.0490 0.0148 0.0987 0.7188 0.1187 
 846 0.1034 0.0217 0.1308 0.6332 0.1110 
 847 0.0984 0.0135 0.7161 0.1121 0.0598 
 848 0.0874 0.0263 0.1342 0.6897 0.0624 
 849 0.0772 0.0198 0.2058 0.4992 0.1980 
 850 0.0612 0.0208 0.1268 0.4824 0.3087 
 851 0.0516 0.0160 0.0972 0.7547 0.0805 
 852 0.4249 0.0141 0.1475 0.1001 0.3134 
 853 0.0431 0.0269 0.0483 0.7399 0.1418 
 854 0.2238 0.0154 0.1996 0.1589 0.4022 
 855 0.0837 0.0203 0.2193 0.5337 0.1430 
 856 0.1261 0.0184 0.4421 0.2627 0.1508 
 857 0.0514 0.0692 0.4214 0.3637 0.0944 
 858 0.0519 0.0197 0.3873 0.3635 0.1776 
 859 0.0517 0.0155 0.1142 0.3737 0.4448 
 860 0.0468 0.0264 0.1974 0.6323 0.0970 
 861 0.3753 0.0534 0.3269 0.1618 0.0825 
 862 0.0364 0.0313 0.0370 0.1022 0.7932 
 863 0.0702 0.0275 0.0773 0.0600 0.7651 
 864 0.0576 0.0143 0.0423 0.0549 0.8308 
 865 0.0257 0.0205 0.0420 0.1406 0.7713 
 866 0.0405 0.0191 0.1820 0.2333 0.5250 
 867 0.0484 0.0205 0.0608 0.0543 0.8160 
 868 0.0370 0.0252 0.1192 0.0632 0.7554 
 869 0.0452 0.0171 0.1400 0.2320 0.5657 
 870 0.0302 0.0757 0.0948 0.2267 0.5726 
 871 0.0312 0.0247 0.0517 0.2023 0.6901 
 872 0.0376 0.0141 0.0525 0.0659 0.8299 
 873 0.0465 0.0179 0.0467 0.0753 0.8136 
 874 0.0303 0.0265 0.0422 0.0770 0.8239 
 875 0.0477 0.0422 0.1427 0.2040 0.5634 
 876 0.0386 0.0599 0.1718 0.4996 0.2301 
 877 0.0409 0.0172 0.0366 0.0638 0.8415 
 878 0.0558 0.0292 0.2410 0.1142 0.5598 
 879 0.0513 0.0132 0.0556 0.0585 0.8215 
 880 0.0375 0.1161 0.0950 0.3224 0.4290 
 881 0.0429 0.0168 0.0724 0.0607 0.8072 
 882 0.0442 0.0118 0.0537 0.0631 0.8273 
 883 0.0457 0.0413 0.4766 0.2836 0.1527 
 884 0.0256 0.0165 0.0420 0.1377 0.7782 
 885 0.0659 0.1128 0.1712 0.0877 0.5623 
 886 0.0538 0.0179 0.0937 0.0892 0.7454 
 887 0.0291 0.0159 0.0548 0.0955 0.8047 
 888 0.0925 0.0552 0.2573 0.1128 0.4822 
 889 0.0252 0.0226 0.0380 0.1108 0.8033 
 890 0.0271 0.0408 0.0950 0.2908 0.5464 
 891 0.0429 0.0322 0.0751 0.7617 0.0882 
 892 0.0510 0.0334 0.2716 0.4931 0.1508 
 893 0.0736 0.1781 0.1337 0.4057 0.2089 
 894 0.0307 0.0157 0.0396 0.6970 0.2170 
 895 0.0312 0.0210 0.0586 0.1843 0.7050 
 896 0.0759 0.0453 0.1492 0.6438 0.0858 
 897 0.0426 0.0210 0.6442 0.1810 0.1112 
 898 0.0826 0.0349 0.1438 0.2186 0.5201 
 899 0.0258 0.0161 0.0420 0.7616 0.1546 
 900 0.0384 0.0323 0.0560 0.7987 0.0746 
 901 0.0419 0.0174 0.0973 0.7321 0.1113 
 902 0.0517 0.1054 0.4180 0.2986 0.1263 
 903 0.0380 0.0316 0.0771 0.1716 0.6817 
 904 0.0659 0.0282 0.2154 0.1329 0.5575 
 905 0.0289 0.0149 0.0627 0.2299 0.6637 
 906 0.0503 0.0497 0.1237 0.5199 0.2565 
 907 0.0678 0.0177 0.0736 0.6606 0.1803 
 908 0.0523 0.0152 0.1687 0.4761 0.2877 
 909 0.0554 0.0854 0.0808 0.5756 0.2028 
 910 0.0505 0.0444 0.0575 0.7551 0.0926 
 911 0.0260 0.0192 0.0441 0.3180 0.5927 
 912 0.0325 0.0236 0.0598 0.6593 0.2249 
 913 0.0292 0.0423 0.0706 0.4513 0.4067 
 914 0.2000 0.0216 0.1043 0.3836 0.2904 
 915 0.0257 0.0383 0.0590 0.6650 0.2120 
 916 0.0343 0.0199 0.0787 0.7173 0.1498 
 917 0.0366 0.0253 0.0737 0.6395 0.2249 
 918 0.1516 0.0284 0.0875 0.3083 0.4242 
 919 0.0736 0.0200 0.0863 0.2295 0.5906 
 920 0.0571 0.0157 0.0497 0.7592 0.1183 
 921 0.2905 0.1673 0.0980 0.3242 0.1199 
 922 0.0521 0.3346 0.2835 0.2101 0.1197 
 923 0.0598 0.0427 0.6953 0.1307 0.0715 
 924 0.0501 0.2073 0.2897 0.3768 0.0762 
 925 0.0919 0.1635 0.2265 0.4049 0.1132 
 926 0.0749 0.6961 0.0593 0.1212 0.0485 
 927 0.1012 0.6407 0.0726 0.1050 0.0804 
 928 0.1716 0.1037 0.5977 0.0724 0.0546 
 929 0.0553 0.4508 0.3160 0.1136 0.0643 
 930 0.0927 0.3215 0.1929 0.2878 0.1052 
 931 0.0718 0.7635 0.0381 0.0473 0.0793 
 932 0.0344 0.7454 0.0587 0.1055 0.0560 
 933 0.4746 0.1495 0.1719 0.1265 0.0775 
 934 0.0328 0.1010 0.6809 0.1314 0.0540 
 935 0.0488 0.7003 0.0895 0.0778 0.0836 
 936 0.0272 0.8076 0.0474 0.0608 0.0570 
 937 0.0463 0.7888 0.0557 0.0552 0.0541 
 938 0.1165 0.6303 0.1492 0.0606 0.0434 
 939 0.1635 0.6076 0.1104 0.0557 0.0628 
 940 0.0859 0.5650 0.1667 0.0928 0.0896 
 941 0.0307 0.6890 0.0556 0.1410 0.0837 
 942 0.3036 0.0973 0.2503 0.2021 0.1467 
 943 0.1524 0.6980 0.0572 0.0451 0.0474 
 944 0.0946 0.6810 0.0837 0.0527 0.0880 
 945 0.0770 0.1338 0.5261 0.1458 0.1173 
 946 0.0483 0.6897 0.0995 0.1004 0.0621 
 947 0.1371 0.7014 0.0495 0.0691 0.0430 
 948 0.0269 0.7046 0.0566 0.0750 0.1368 
 949 0.0281 0.6246 0.0596 0.1196 0.1682 
 950 0.0599 0.7791 0.0597 0.0618 0.0395 
 951 0.1496 0.3180 0.2796 0.1415 0.1113 
 952 0.0621 0.4472 0.2803 0.1201 0.0902 
 953 0.0654 0.4700 0.0875 0.2213 0.1557 
 954 0.0346 0.7730 0.0387 0.0712 0.0826 
 955 0.7622 0.0543 0.0557 0.0522 0.0757 
 956 0.6804 0.0953 0.0922 0.0708 0.0612 
 957 0.3705 0.0628 0.2634 0.1336 0.1697 
 958 0.0929 0.0435 0.3447 0.3566 0.1623 
 959 0.2345 0.0787 0.4502 0.1422 0.0944 
 960 0.1231 0.0326 0.0711 0.3346 0.4386 
 961 0.8483 0.0152 0.0447 0.0444 0.0475 
 962 0.0771 0.0981 0.5906 0.1852 0.0490 
 963 0.1053 0.0647 0.2300 0.4056 0.1944 
 964 0.1004 0.0159 0.5415 0.1474 0.1948 
 965 0.2652 0.0369 0.4481 0.1700 0.0798 
 966 0.2729 0.0698 0.2489 0.2362 0.1722 
 967 0.7529 0.0455 0.0571 0.0534 0.0911 
 968 0.0851 0.0447 0.6591 0.1525 0.0586 
 969 0.2222 0.0155 0.2797 0.1029 0.3797 
 970 0.5195 0.0238 0.2926 0.0697 0.0944 
 971 0.1680 0.0978 0.4134 0.2385 0.0822 
 972 0.2084 0.0456 0.3680 0.1227 0.2553 
 973 0.3588 0.1604 0.2317 0.1862 0.0628 
 974 0.1080 0.0256 0.5002 0.1693 0.1969 
 975 0.2184 0.0161 0.2806 0.1013 0.3835 
