   1 0.3159 0.2674 0.4167 
   2 0.0451 0.0408 0.9141 
   3 0.6256 0.1667 0.2077 
   4 0.0380 0.7284 0.2336 
   5 0.0539 0.0344 0.9117 
   6 0.8450 0.0326 0.1224 
   7 0.1540 0.0310 0.8150 
   8 0.2929 0.2962 0.4109 
   9 0.4808 0.1022 0.4170 
  10 0.4409 0.1087 0.4503 
  11 0.2628 0.0340 0.7032 
  12 0.0646 0.0607 0.8746 
  13 0.1150 0.0584 0.8267 
  14 0.0820 0.1221 0.7959 
  15 0.0752 0.1687 0.7561 
  16 0.6601 0.0533 0.2866 
  17 0.2589 0.0616 0.6795 
  18 0.5756 0.1469 0.2775 
  19 0.5772 0.0459 0.3769 
  20 0.1101 0.0493 0.8406 
  21 0.1719 0.3154 0.5127 
  22 0.8093 0.0575 0.1332 
  23 0.0612 0.2827 0.6560 
  24 0.4772 0.2010 0.3218 
  25 0.1102 0.0260 0.8639 
  26 0.3054 0.1317 0.5629 
  27 0.2793 0.0923 0.6285 
  28 0.1771 0.2628 0.5601 
  29 0.0838 0.0466 0.8695 
  30 0.8232 0.0487 0.1280 
  31 0.1336 0.1108 0.7556 
  32 0.1745 0.1597 0.6658 
  33 0.5956 0.1646 0.2398 
  34 0.5440 0.0449 0.4112 
  35 0.5264 0.0652 0.4083 
  36 0.7038 0.1159 0.1803 
  37 0.1140 0.2453 0.6407 
  38 0.8458 0.0265 0.1277 
  39 0.6847 0.0475 0.2678 
  40 0.1365 0.5600 0.3035 
  41 0.6467 0.0969 0.2564 
  42 0.2143 0.6625 0.1232 
  43 0.0651 0.1766 0.7584 
  44 0.4109 0.0989 0.4901 
  45 0.6661 0.0457 0.2882 
  46 0.6603 0.0362 0.3035 
  47 0.6241 0.0754 0.3005 
  48 0.4195 0.1287 0.4518 
  49 0.5296 0.0787 0.3917 
  50 0.6773 0.0898 0.2330 
  51 0.4478 0.2431 0.3090 
  52 0.7135 0.0551 0.2315 
  53 0.8395 0.0559 0.1046 
  54 0.0875 0.0966 0.8159 
  55 0.0565 0.0805 0.8630 
  56 0.5843 0.1243 0.2914 
  57 0.3102 0.1420 0.5478 
  58 0.1903 0.0959 0.7138 
  59 0.6827 0.0649 0.2525 
  60 0.1536 0.4417 0.4047 
  61 0.0356 0.2241 0.7404 
  62 0.5228 0.0571 0.4200 
  63 0.1717 0.1519 0.6765 
  64 0.7991 0.0336 0.1673 
  65 0.1421 0.0224 0.8356 
  66 0.0468 0.1837 0.7695 
  67 0.0585 0.0576 0.8839 
  68 0.6430 0.0911 0.2659 
  69 0.4569 0.1475 0.3956 
  70 0.1991 0.1392 0.6617 
  71 0.6303 0.0380 0.3317 
  72 0.7522 0.0473 0.2006 
  73 0.0898 0.0411 0.8691 
  74 0.6282 0.2339 0.1380 
  75 0.1940 0.6496 0.1564 
  76 0.1060 0.0573 0.8368 
  77 0.6769 0.0583 0.2648 
  78 0.7799 0.0607 0.1594 
  79 0.1174 0.0334 0.8492 
  80 0.0895 0.6225 0.2879 
  81 0.1268 0.3844 0.4888 
  82 0.0477 0.0936 0.8587 
  83 0.1418 0.2566 0.6016 
  84 0.1132 0.1611 0.7257 
  85 0.1447 0.3318 0.5235 
  86 0.1242 0.0439 0.8319 
  87 0.0919 0.0413 0.8668 
  88 0.0517 0.2049 0.7434 
  89 0.0567 0.3766 0.5668 
  90 0.0592 0.0371 0.9038 
  91 0.0817 0.6737 0.2447 
  92 0.0743 0.0667 0.8590 
  93 0.0321 0.8872 0.0807 
  94 0.5820 0.0375 0.3805 
  95 0.0442 0.0828 0.8730 
  96 0.0381 0.3893 0.5726 
  97 0.3377 0.4682 0.1941 
  98 0.1842 0.1375 0.6783 
  99 0.0865 0.1225 0.7910 
 100 0.0288 0.8231 0.1481 
 101 0.0517 0.0684 0.8799 
 102 0.0935 0.3557 0.5508 
 103 0.0370 0.1250 0.8380 
 104 0.0540 0.0389 0.9071 
 105 0.0329 0.0694 0.8977 
 106 0.4015 0.0179 0.5805 
 107 0.0482 0.0716 0.8802 
 108 0.1058 0.0445 0.8498 
 109 0.2184 0.0187 0.7629 
 110 0.4358 0.0218 0.5424 
 111 0.0612 0.0233 0.9155 
 112 0.2726 0.0205 0.7069 
 113 0.1377 0.0782 0.7841 
 114 0.0522 0.0481 0.8997 
 115 0.0512 0.0397 0.9091 
 116 0.2658 0.0224 0.7118 
 117 0.2712 0.0321 0.6967 
 118 0.0414 0.0282 0.9304 
 119 0.0651 0.3668 0.5681 
 120 0.0697 0.0336 0.8968 
 121 0.0729 0.0346 0.8925 
 122 0.3054 0.0259 0.6687 
 123 0.1212 0.0349 0.8440 
 124 0.5585 0.0332 0.4083 
 125 0.6660 0.0412 0.2928 
 126 0.2560 0.0490 0.6951 
 127 0.0508 0.0257 0.9235 
 128 0.0406 0.0297 0.9297 
 129 0.0333 0.0253 0.9414 
 130 0.0599 0.0483 0.8918 
 131 0.6039 0.0320 0.3641 
 132 0.1797 0.0222 0.7981 
 133 0.0577 0.0350 0.9073 
 134 0.4942 0.0146 0.4911 
 135 0.0395 0.7541 0.2064 
 136 0.0358 0.8723 0.0919 
 137 0.0324 0.8387 0.1290 
 138 0.0336 0.9085 0.0578 
 139 0.0649 0.6024 0.3328 
 140 0.1149 0.6150 0.2701 
 141 0.0623 0.8437 0.0940 
 142 0.0370 0.8148 0.1482 
 143 0.0230 0.9226 0.0544 
 144 0.0298 0.8496 0.1205 
 145 0.0865 0.7165 0.1970 
 146 0.0917 0.5568 0.3515 
 147 0.0269 0.9168 0.0563 
 148 0.0453 0.7639 0.1909 
 149 0.0390 0.8872 0.0738 
 150 0.0455 0.6327 0.3217 
 151 0.0311 0.8748 0.0941 
 152 0.0566 0.6882 0.2551 
 153 0.0488 0.8623 0.0889 
 154 0.0320 0.8641 0.1039 
 155 0.0271 0.9008 0.0721 
 156 0.0262 0.8606 0.1132 
 157 0.0585 0.7468 0.1947 
 158 0.0875 0.7545 0.1580 
 159 0.0245 0.9154 0.0601 
 160 0.0252 0.9051 0.0696 
 161 0.0660 0.7867 0.1473 
 162 0.1063 0.4522 0.4415 
 163 0.0253 0.9083 0.0664 
 164 0.0604 0.4153 0.5243 
 165 0.0407 0.7106 0.2487 
 166 0.0748 0.6290 0.2962 
 167 0.0505 0.7340 0.2155 
 168 0.0575 0.8512 0.0913 
 169 0.4503 0.4300 0.1197 
 170 0.0303 0.8519 0.1178 
 171 0.0593 0.6434 0.2973 
 172 0.1381 0.7924 0.0695 
 173 0.0250 0.9035 0.0715 
 174 0.0323 0.8814 0.0863 
 175 0.0322 0.9012 0.0666 
 176 0.0298 0.8507 0.1195 
 177 0.1297 0.5727 0.2976 
 178 0.0494 0.8288 0.1217 
 179 0.0237 0.9223 0.0541 
 180 0.0857 0.7249 0.1894 
 181 0.0481 0.8118 0.1401 
 182 0.0232 0.8500 0.1268 
 183 0.0271 0.9048 0.0681 
 184 0.0957 0.0528 0.8515 
 185 0.0197 0.9212 0.0592 
 186 0.0862 0.0418 0.8720 
 187 0.0662 0.3880 0.5459 
 188 0.0617 0.0311 0.9072 
 189 0.2450 0.3571 0.3979 
 190 0.0233 0.7445 0.2322 
 191 0.0407 0.0934 0.8659 
 192 0.0630 0.2678 0.6692 
 193 0.0732 0.2266 0.7003 
 194 0.0510 0.2405 0.7085 
 195 0.0241 0.8515 0.1244 
 196 0.0409 0.4062 0.5529 
 197 0.2105 0.1168 0.6727 
 198 0.1052 0.1277 0.7671 
 199 0.0375 0.3705 0.5920 
 200 0.0682 0.2405 0.6913 
 201 0.0323 0.8400 0.1277 
 202 0.0230 0.7876 0.1894 
 203 0.0281 0.8196 0.1522 
 204 0.0289 0.5301 0.4410 
 205 0.0535 0.1446 0.8019 
 206 0.0342 0.4331 0.5327 
 207 0.0299 0.1026 0.8675 
 208 0.0412 0.4924 0.4663 
 209 0.0498 0.1444 0.8059 
 210 0.0375 0.4377 0.5248 
 211 0.0269 0.1604 0.8127 
 212 0.0442 0.8196 0.1362 
 213 0.0700 0.1445 0.7854 
 214 0.0301 0.8368 0.1332 
 215 0.0381 0.0632 0.8986 
 216 0.1027 0.0729 0.8244 
 217 0.0411 0.8083 0.1506 
 218 0.0519 0.1996 0.7485 
 219 0.1960 0.2756 0.5284 
 220 0.0320 0.1179 0.8502 
 221 0.0207 0.9140 0.0653 
 222 0.1971 0.1300 0.6730 
 223 0.0855 0.5348 0.3797 
 224 0.0316 0.6815 0.2869 
 225 0.0443 0.3137 0.6419 
 226 0.1694 0.1858 0.6448 
 227 0.0302 0.4739 0.4959 
 228 0.0229 0.8421 0.1350 
 229 0.0394 0.6730 0.2876 
 230 0.0346 0.5406 0.4249 
 231 0.0600 0.5788 0.3613 
 232 0.0875 0.4054 0.5070 
 233 0.0293 0.8602 0.1105 
 234 0.0832 0.2004 0.7164 
 235 0.0922 0.4540 0.4538 
 236 0.0594 0.5637 0.3769 
 237 0.0314 0.1780 0.7907 
 238 0.0394 0.7737 0.1869 
 239 0.0247 0.8483 0.1269 
 240 0.0397 0.7668 0.1935 
 241 0.0300 0.8291 0.1409 
 242 0.1059 0.3445 0.5496 
 243 0.0285 0.5280 0.4435 
 244 0.0303 0.7657 0.2041 
 245 0.0263 0.8872 0.0864 
 246 0.0427 0.7987 0.1586 
 247 0.1126 0.0376 0.8498 
 248 0.0350 0.0443 0.9207 
 249 0.0373 0.6814 0.2813 
 250 0.0554 0.3543 0.5903 
 251 0.0963 0.0959 0.8078 
 252 0.0604 0.4570 0.4826 
 253 0.0611 0.0829 0.8560 
 254 0.1249 0.1626 0.7125 
 255 0.0793 0.2408 0.6799 
 256 0.0408 0.6623 0.2969 
 257 0.0387 0.1855 0.7758 
 258 0.0493 0.1001 0.8506 
 259 0.0381 0.1422 0.8198 
 260 0.1434 0.3307 0.5259 
 261 0.0555 0.6715 0.2729 
 262 0.0275 0.8563 0.1162 
 263 0.0505 0.1392 0.8103 
 264 0.6393 0.0322 0.3285 
 265 0.0944 0.2611 0.6445 
 266 0.0215 0.9045 0.0740 
 267 0.0501 0.2843 0.6656 
 268 0.0402 0.4051 0.5546 
 269 0.1991 0.2866 0.5143 
 270 0.0820 0.0839 0.8341 
 271 0.0418 0.0863 0.8720 
 272 0.1074 0.1145 0.7781 
 273 0.1136 0.5390 0.3474 
 274 0.0810 0.1330 0.7860 
 275 0.1085 0.2833 0.6082 
 276 0.0876 0.0985 0.8139 
 277 0.0915 0.4366 0.4719 
 278 0.0398 0.1011 0.8591 
 279 0.0620 0.2947 0.6433 
 280 0.2097 0.2696 0.5208 
 281 0.0533 0.1345 0.8122 
 282 0.0725 0.6656 0.2619 
 283 0.0369 0.8015 0.1617 
 284 0.0554 0.2786 0.6661 
 285 0.0639 0.0303 0.9058 
 286 0.0305 0.7603 0.2093 
 287 0.1245 0.2345 0.6410 
 288 0.1139 0.1191 0.7670 
 289 0.1067 0.1606 0.7327 
 290 0.3476 0.1914 0.4610 
 291 0.0418 0.0863 0.8719 
 292 0.1606 0.4617 0.3778 
 293 0.5505 0.0874 0.3621 
 294 0.0582 0.1261 0.8158 
 295 0.0932 0.1885 0.7183 
 296 0.0366 0.1202 0.8432 
 297 0.2405 0.1307 0.6288 
 298 0.0774 0.4836 0.4390 
 299 0.0781 0.1223 0.7997 
 300 0.0582 0.1238 0.8181 
 301 0.1360 0.0849 0.7791 
 302 0.0492 0.1304 0.8203 
 303 0.0611 0.7169 0.2220 
 304 0.1906 0.4117 0.3977 
 305 0.0307 0.7549 0.2144 
 306 0.0569 0.7631 0.1801 
 307 0.0512 0.2332 0.7157 
 308 0.0562 0.6761 0.2677 
 309 0.0537 0.1426 0.8037 
 310 0.0321 0.7232 0.2447 
 311 0.0342 0.5350 0.4307 
 312 0.0288 0.1214 0.8498 
 313 0.0276 0.0635 0.9089 
 314 0.0237 0.9293 0.0470 
 315 0.0311 0.9091 0.0597 
 316 0.0344 0.9020 0.0636 
 317 0.0244 0.9276 0.0480 
 318 0.0257 0.9284 0.0459 
 319 0.0236 0.9196 0.0568 
 320 0.0233 0.9298 0.0469 
 321 0.0272 0.9230 0.0497 
 322 0.0342 0.8996 0.0662 
 323 0.0255 0.9239 0.0506 
 324 0.0276 0.9230 0.0494 
 325 0.0369 0.9057 0.0574 
 326 0.0342 0.9129 0.0528 
 327 0.0252 0.9270 0.0478 
 328 0.0348 0.8949 0.0703 
 329 0.0242 0.9269 0.0489 
 330 0.0249 0.9272 0.0479 
 331 0.0239 0.9264 0.0497 
 332 0.0443 0.8954 0.0603 
 333 0.0311 0.9113 0.0577 
 334 0.0333 0.8970 0.0697 
 335 0.0315 0.9060 0.0625 
 336 0.0273 0.9247 0.0480 
 337 0.0393 0.8985 0.0622 
 338 0.0269 0.9255 0.0477 
 339 0.0236 0.9259 0.0505 
 340 0.0215 0.9307 0.0478 
 341 0.0244 0.9257 0.0499 
 342 0.0250 0.9275 0.0475 
 343 0.0359 0.8968 0.0673 
 344 0.0238 0.9287 0.0475 
 345 0.0254 0.9268 0.0478 
 346 0.0237 0.9309 0.0454 
 347 0.0221 0.9318 0.0461 
 348 0.0283 0.9095 0.0622 
 349 0.0245 0.9272 0.0483 
 350 0.0240 0.9217 0.0543 
 351 0.0307 0.9061 0.0631 
 352 0.0356 0.9033 0.0611 
 353 0.0284 0.9236 0.0480 
 354 0.0246 0.9249 0.0505 
 355 0.0263 0.9275 0.0463 
 356 0.0284 0.9025 0.0691 
 357 0.2083 0.5285 0.2631 
 358 0.0348 0.9051 0.0601 
 359 0.0252 0.9243 0.0505 
 360 0.0240 0.9310 0.0450 
 361 0.2169 0.4442 0.3389 
 362 0.3102 0.0625 0.6273 
 363 0.6455 0.0344 0.3201 
 364 0.2404 0.3206 0.4390 
 365 0.7398 0.0350 0.2251 
 366 0.5237 0.1458 0.3305 
 367 0.6106 0.0175 0.3719 
 368 0.0702 0.0317 0.8982 
 369 0.2180 0.4039 0.3781 
 370 0.0648 0.0475 0.8877 
 371 0.2921 0.0912 0.6167 
 372 0.0856 0.1166 0.7978 
 373 0.1818 0.0563 0.7619 
 374 0.3160 0.2964 0.3876 
 375 0.5597 0.0273 0.4130 
 376 0.9095 0.0199 0.0706 
 377 0.4419 0.0513 0.5068 
 378 0.1096 0.1060 0.7843 
 379 0.9152 0.0187 0.0661 
 380 0.7712 0.1226 0.1062 
 381 0.8413 0.0771 0.0816 
 382 0.5335 0.0297 0.4368 
 383 0.8143 0.0996 0.0861 
 384 0.7328 0.0636 0.2037 
 385 0.1344 0.0911 0.7744 
 386 0.5696 0.0302 0.4003 
 387 0.5876 0.0312 0.3812 
 388 0.2046 0.1938 0.6016 
 389 0.0530 0.0455 0.9016 
 390 0.6653 0.0335 0.3013 
 391 0.1200 0.0616 0.8185 
 392 0.8024 0.0549 0.1427 
 393 0.8647 0.0674 0.0680 
 394 0.1706 0.1778 0.6516 
 395 0.6053 0.0559 0.3389 
 396 0.4878 0.0196 0.4926 
 397 0.2480 0.1482 0.6038 
 398 0.8718 0.0200 0.1083 
 399 0.1760 0.0262 0.7978 
 400 0.6963 0.0361 0.2675 
 401 0.3413 0.0429 0.6158 
 402 0.1142 0.0681 0.8177 
 403 0.1622 0.3437 0.4942 
 404 0.5957 0.0741 0.3301 
 405 0.3776 0.0791 0.5434 
 406 0.6182 0.2155 0.1663 
 407 0.8868 0.0201 0.0931 
 408 0.0575 0.0211 0.9214 
 409 0.3644 0.5001 0.1355 
 410 0.7390 0.0599 0.2011 
 411 0.6448 0.2088 0.1464 
 412 0.1011 0.0305 0.8684 
 413 0.0943 0.0894 0.8162 
 414 0.0944 0.0220 0.8836 
 415 0.8385 0.0320 0.1295 
 416 0.6134 0.0504 0.3363 
 417 0.8480 0.0270 0.1250 
 418 0.4885 0.0216 0.4899 
 419 0.3854 0.1622 0.4524 
 420 0.3978 0.0331 0.5691 
 421 0.6940 0.0328 0.2732 
 422 0.6345 0.0533 0.3122 
 423 0.7418 0.0430 0.2151 
 424 0.1743 0.0530 0.7727 
 425 0.4786 0.0636 0.4578 
 426 0.1434 0.0483 0.8083 
 427 0.7962 0.0806 0.1231 
 428 0.5226 0.1988 0.2787 
 429 0.8717 0.0173 0.1109 
 430 0.8641 0.0254 0.1105 
 431 0.1386 0.0403 0.8211 
 432 0.0804 0.0385 0.8811 
 433 0.0506 0.1929 0.7566 
 434 0.2859 0.1127 0.6014 
 435 0.8689 0.0203 0.1108 
 436 0.8932 0.0328 0.0741 
 437 0.8650 0.0222 0.1129 
 438 0.7208 0.0681 0.2111 
 439 0.9045 0.0264 0.0691 
 440 0.8844 0.0168 0.0987 
 441 0.6692 0.0782 0.2525 
 442 0.7985 0.0228 0.1787 
 443 0.5817 0.0240 0.3943 
 444 0.8314 0.0232 0.1454 
 445 0.7314 0.1345 0.1341 
 446 0.8648 0.0229 0.1123 
 447 0.6701 0.0559 0.2739 
 448 0.7203 0.0249 0.2548 
 449 0.6537 0.0454 0.3009 
 450 0.8164 0.0375 0.1461 
 451 0.0906 0.0175 0.8918 
 452 0.8487 0.0319 0.1195 
 453 0.1092 0.0820 0.8088 
 454 0.6720 0.0566 0.2714 
 455 0.8469 0.0257 0.1274 
 456 0.8104 0.0237 0.1659 
 457 0.8813 0.0242 0.0945 
 458 0.8970 0.0270 0.0760 
 459 0.6617 0.0739 0.2644 
 460 0.8269 0.0214 0.1517 
 461 0.7807 0.0209 0.1984 
 462 0.8398 0.0178 0.1424 
 463 0.5458 0.0846 0.3697 
 464 0.7212 0.0222 0.2565 
 465 0.4416 0.0328 0.5256 
 466 0.4841 0.0286 0.4872 
 467 0.7405 0.0563 0.2032 
 468 0.8927 0.0224 0.0849 
 469 0.9136 0.0231 0.0633 
 470 0.8840 0.0203 0.0958 
 471 0.3881 0.0467 0.5652 
 472 0.5297 0.0350 0.4353 
 473 0.4883 0.0521 0.4596 
 474 0.8159 0.0360 0.1481 
 475 0.5138 0.0506 0.4356 
 476 0.8913 0.0278 0.0809 
 477 0.1541 0.0452 0.8007 
 478 0.1647 0.0217 0.8135 
 479 0.8365 0.0199 0.1437 
 480 0.9067 0.0226 0.0707 
 481 0.4466 0.0273 0.5261 
 482 0.8994 0.0186 0.0820 
 483 0.8679 0.0281 0.1040 
 484 0.7939 0.0385 0.1676 
 485 0.8851 0.0228 0.0921 
 486 0.0572 0.0392 0.9035 
 487 0.0726 0.0974 0.8301 
 488 0.0439 0.0474 0.9087 
 489 0.0881 0.1937 0.7182 
 490 0.0795 0.0236 0.8969 
 491 0.0517 0.1107 0.8376 
 492 0.0543 0.1800 0.7657 
 493 0.0449 0.0445 0.9106 
 494 0.1132 0.0812 0.8056 
 495 0.0779 0.0711 0.8511 
 496 0.0690 0.3844 0.5466 
 497 0.0486 0.0794 0.8721 
 498 0.0681 0.0460 0.8859 
 499 0.0591 0.2477 0.6932 
 500 0.1836 0.0526 0.7638 
 501 0.1958 0.1324 0.6717 
 502 0.0885 0.1308 0.7807 
 503 0.4887 0.0330 0.4783 
 504 0.0453 0.0311 0.9236 
 505 0.0514 0.0999 0.8487 
 506 0.0747 0.1247 0.8006 
 507 0.0288 0.8498 0.1214 
 508 0.0299 0.6879 0.2822 
 509 0.0472 0.2118 0.7410 
 510 0.2203 0.2558 0.5239 
 511 0.5618 0.0414 0.3968 
 512 0.6404 0.0243 0.3353 
 513 0.0239 0.0461 0.9301 
 514 0.0609 0.0406 0.8985 
 515 0.5983 0.1495 0.2522 
 516 0.0414 0.0425 0.9161 
 517 0.2295 0.1328 0.6376 
 518 0.1581 0.2706 0.5713 
 519 0.0706 0.0399 0.8895 
 520 0.2184 0.5124 0.2692 
 521 0.0707 0.4220 0.5073 
 522 0.6257 0.0692 0.3051 
 523 0.0652 0.2341 0.7007 
 524 0.4585 0.0787 0.4628 
 525 0.2995 0.3051 0.3953 
 526 0.6889 0.1339 0.1771 
 527 0.1821 0.0378 0.7801 
 528 0.0425 0.7690 0.1885 
 529 0.0778 0.1032 0.8190 
 530 0.5413 0.0813 0.3774 
 531 0.2299 0.4632 0.3069 
 532 0.1456 0.2528 0.6016 
 533 0.3733 0.0719 0.5548 
 534 0.0353 0.1029 0.8618 
 535 0.2758 0.0769 0.6472 
 536 0.4655 0.2795 0.2550 
 537 0.0690 0.6380 0.2930 
 538 0.1092 0.3820 0.5088 
 539 0.0310 0.8830 0.0861 
 540 0.1437 0.4267 0.4297 
 541 0.0971 0.6371 0.2658 
 542 0.6156 0.1301 0.2543 
 543 0.0500 0.2224 0.7276 
 544 0.2155 0.2059 0.5787 
 545 0.5793 0.0590 0.3617 
 546 0.1281 0.3451 0.5268 
 547 0.0872 0.3796 0.5332 
 548 0.0548 0.3521 0.5932 
 549 0.1910 0.7146 0.0944 
 550 0.5471 0.1115 0.3414 
 551 0.0762 0.7626 0.1612 
 552 0.1033 0.5095 0.3872 
 553 0.0403 0.4161 0.5436 
 554 0.2727 0.1738 0.5535 
 555 0.0619 0.5628 0.3754 
 556 0.0913 0.3087 0.6001 
 557 0.6059 0.1299 0.2642 
 558 0.9066 0.0194 0.0740 
 559 0.0614 0.0351 0.9035 
 560 0.7428 0.0173 0.2399 
 561 0.4181 0.0230 0.5589 
 562 0.2251 0.0177 0.7573 
 563 0.1464 0.1015 0.7521 
 564 0.0718 0.0482 0.8800 
 565 0.8929 0.0239 0.0832 
 566 0.3104 0.0177 0.6720 
 567 0.0453 0.0289 0.9258 
 568 0.2187 0.0416 0.7398 
 569 0.2855 0.0584 0.6561 
 570 0.8727 0.0172 0.1101 
 571 0.0949 0.0259 0.8792 
 572 0.1282 0.3575 0.5143 
 573 0.1014 0.0438 0.8547 
 574 0.4827 0.0976 0.4197 
 575 0.2051 0.0633 0.7316 
 576 0.1984 0.0167 0.7849 
 577 0.4523 0.0814 0.4663 
 578 0.2626 0.0313 0.7061 
 579 0.3667 0.0309 0.6024 
 580 0.6248 0.0522 0.3230 
 581 0.6232 0.0378 0.3390 
 582 0.8477 0.0196 0.1327 
 583 0.2279 0.0267 0.7454 
 584 0.1576 0.0203 0.8221 
 585 0.4313 0.0259 0.5428 
 586 0.0830 0.0321 0.8848 
 587 0.6648 0.0201 0.3152 
 588 0.0259 0.0395 0.9346 
 589 0.6846 0.0228 0.2927 
 590 0.0651 0.0231 0.9118 
 591 0.0773 0.0281 0.8947 
 592 0.2595 0.0275 0.7131 
 593 0.2643 0.0521 0.6836 
 594 0.0615 0.0463 0.8922 
 595 0.4165 0.0190 0.5646 
 596 0.1017 0.0505 0.8478 
 597 0.0622 0.1112 0.8266 
 598 0.9033 0.0181 0.0787 
 599 0.3434 0.0193 0.6373 
 600 0.5643 0.0684 0.3673 
 601 0.6204 0.0198 0.3598 
 602 0.0584 0.0908 0.8508 
 603 0.0562 0.0791 0.8647 
 604 0.6452 0.0794 0.2754 
 605 0.2422 0.0382 0.7196 
 606 0.1831 0.1465 0.6704 
 607 0.1869 0.2018 0.6113 
 608 0.2413 0.4445 0.3142 
 609 0.5280 0.0450 0.4269 
 610 0.7745 0.0418 0.1837 
 611 0.0676 0.0771 0.8554 
 612 0.8880 0.0282 0.0838 
 613 0.1908 0.0499 0.7593 
 614 0.8506 0.0276 0.1219 
 615 0.8297 0.0547 0.1156 
 616 0.1675 0.1327 0.6998 
 617 0.4022 0.0320 0.5658 
 618 0.6770 0.1484 0.1747 
 619 0.1271 0.0935 0.7794 
 620 0.1583 0.0219 0.8199 
 621 0.1792 0.0271 0.7937 
 622 0.5597 0.1150 0.3254 
 623 0.0936 0.0308 0.8756 
 624 0.7895 0.0953 0.1152 
 625 0.6060 0.1092 0.2849 
 626 0.2989 0.6026 0.0985 
 627 0.1198 0.0410 0.8392 
 628 0.0831 0.0383 0.8786 
 629 0.1459 0.0509 0.8032 
 630 0.7460 0.0363 0.2178 
 631 0.5252 0.0529 0.4219 
 632 0.1213 0.3132 0.5655 
 633 0.5150 0.0876 0.3973 
 634 0.1531 0.1386 0.7083 
 635 0.1415 0.5382 0.3203 
 636 0.5439 0.1960 0.2601 
 637 0.2672 0.1151 0.6177 
 638 0.1132 0.0752 0.8116 
 639 0.4363 0.0821 0.4816 
 640 0.1432 0.0332 0.8236 
 641 0.2203 0.0490 0.7307 
 642 0.0959 0.6591 0.2450 
 643 0.0433 0.8560 0.1008 
 644 0.0450 0.6909 0.2641 
 645 0.2790 0.6345 0.0865 
 646 0.1287 0.1016 0.7696 
 647 0.0671 0.2960 0.6369 
 648 0.1490 0.3923 0.4587 
 649 0.0423 0.1875 0.7702 
 650 0.0469 0.1124 0.8407 
 651 0.0566 0.4220 0.5214 
 652 0.0648 0.6051 0.3300 
 653 0.1069 0.4402 0.4528 
 654 0.0861 0.6388 0.2751 
 655 0.0915 0.5429 0.3656 
 656 0.0950 0.2572 0.6478 
 657 0.3522 0.1465 0.5012 
 658 0.1706 0.1840 0.6453 
 659 0.0823 0.6133 0.3044 
 660 0.0423 0.7468 0.2108 
 661 0.0823 0.7462 0.1716 
 662 0.0328 0.1129 0.8543 
 663 0.0706 0.6518 0.2776 
 664 0.2895 0.2493 0.4612 
 665 0.0434 0.1288 0.8278 
 666 0.0709 0.6800 0.2492 
 667 0.0820 0.0595 0.8585 
 668 0.1389 0.5369 0.3242 
 669 0.0596 0.2822 0.6582 
 670 0.0256 0.9036 0.0708 
 671 0.0373 0.7984 0.1643 
 672 0.0633 0.7714 0.1653 
 673 0.0271 0.9186 0.0543 
 674 0.0515 0.8244 0.1241 
 675 0.0295 0.8467 0.1238 
 676 0.0251 0.9227 0.0522 
 677 0.0231 0.9093 0.0676 
 678 0.0271 0.9137 0.0592 
 679 0.0514 0.8448 0.1038 
 680 0.0419 0.8820 0.0761 
 681 0.1423 0.4890 0.3687 
 682 0.0449 0.8891 0.0660 
 683 0.0247 0.9120 0.0634 
 684 0.0269 0.9091 0.0640 
 685 0.0229 0.9254 0.0517 
 686 0.0428 0.8694 0.0878 
 687 0.0333 0.8160 0.1507 
 688 0.0327 0.8724 0.0949 
 689 0.0234 0.9232 0.0534 
 690 0.0258 0.9206 0.0536 
 691 0.0464 0.8532 0.1004 
 692 0.0393 0.8647 0.0960 
 693 0.0415 0.8693 0.0891 
 694 0.0207 0.9302 0.0491 
 695 0.0299 0.9070 0.0632 
 696 0.0328 0.8707 0.0965 
 697 0.0245 0.9188 0.0566 
 698 0.0250 0.9186 0.0565 
 699 0.0282 0.9044 0.0674 
 700 0.0663 0.8623 0.0714 
 701 0.0557 0.8066 0.1378 
 702 0.0574 0.8215 0.1211 
 703 0.0427 0.8855 0.0719 
 704 0.0286 0.8912 0.0802 
 705 0.0746 0.7214 0.2040 
 706 0.0378 0.8978 0.0644 
 707 0.0269 0.9127 0.0605 
 708 0.0244 0.9121 0.0636 
 709 0.0275 0.9182 0.0542 
 710 0.0227 0.9298 0.0476 
 711 0.0388 0.8880 0.0731 
 712 0.0209 0.9201 0.0590 
 713 0.0287 0.8833 0.0880 
 714 0.0526 0.7921 0.1552 
 715 0.0211 0.9292 0.0497 
 716 0.0365 0.9077 0.0558 
 717 0.0219 0.9295 0.0486 
 718 0.0397 0.8574 0.1029 
 719 0.0210 0.9242 0.0548 
 720 0.1460 0.0287 0.8253 
 721 0.1713 0.6026 0.2261 
 722 0.5223 0.0625 0.4152 
 723 0.6344 0.0529 0.3127 
 724 0.7315 0.1442 0.1243 
 725 0.1352 0.1692 0.6956 
 726 0.6685 0.0979 0.2335 
 727 0.1613 0.3970 0.4417 
 728 0.9192 0.0164 0.0645 
 729 0.8969 0.0186 0.0846 
 730 0.6380 0.0354 0.3266 
 731 0.8542 0.0380 0.1079 
 732 0.6308 0.0535 0.3157 
 733 0.8901 0.0237 0.0862 
 734 0.8867 0.0174 0.0959 
 735 0.8955 0.0292 0.0753 
 736 0.5894 0.0367 0.3739 
 737 0.5542 0.0446 0.4011 
 738 0.5977 0.0346 0.3677 
 739 0.8961 0.0221 0.0818 
 740 0.0545 0.7388 0.2067 
 741 0.1010 0.5137 0.3853 
 742 0.1949 0.1305 0.6745 
 743 0.1678 0.0704 0.7618 
 744 0.0591 0.1139 0.8270 
 745 0.1278 0.0251 0.8471 
 746 0.1761 0.1807 0.6432 
 747 0.0841 0.0467 0.8693 
 748 0.0589 0.4558 0.4853 
 749 0.0726 0.1742 0.7532 
 750 0.1058 0.1169 0.7773 
 751 0.0738 0.5153 0.4109 
 752 0.1230 0.0695 0.8075 
 753 0.2558 0.2330 0.5112 
 754 0.1244 0.3511 0.5245 
 755 0.1042 0.1245 0.7713 
 756 0.0479 0.1907 0.7615 
 757 0.0799 0.0937 0.8264 
 758 0.0457 0.0236 0.9307 
 759 0.1565 0.4838 0.3597 
 760 0.3519 0.1047 0.5434 
 761 0.5453 0.2663 0.1883 
 762 0.6757 0.0378 0.2865 
 763 0.2530 0.2401 0.5069 
 764 0.0718 0.0577 0.8704 
 765 0.5837 0.0603 0.3561 
 766 0.0947 0.3765 0.5288 
 767 0.1092 0.1700 0.7209 
 768 0.6848 0.0358 0.2795 
 769 0.5815 0.1870 0.2315 
 770 0.6012 0.0349 0.3639 
 771 0.0390 0.2044 0.7567 
 772 0.1393 0.2936 0.5670 
 773 0.0921 0.0783 0.8297 
 774 0.1065 0.5137 0.3798 
 775 0.7636 0.0602 0.1761 
 776 0.1006 0.0391 0.8603 
 777 0.1316 0.0927 0.7757 
 778 0.0804 0.1811 0.7384 
 779 0.0618 0.0939 0.8443 
 780 0.0740 0.3608 0.5652 
 781 0.0485 0.3447 0.6068 
 782 0.0623 0.0923 0.8454 
 783 0.1470 0.2445 0.6084 
 784 0.2572 0.0516 0.6912 
 785 0.0980 0.0983 0.8037 
 786 0.1113 0.4883 0.4004 
 787 0.0344 0.4222 0.5433 
 788 0.2019 0.0574 0.7407 
 789 0.2813 0.0603 0.6583 
 790 0.1382 0.2147 0.6471 
 791 0.1213 0.0918 0.7869 
 792 0.0382 0.5182 0.4437 
 793 0.1471 0.5364 0.3165 
 794 0.1233 0.1137 0.7630 
 795 0.1402 0.6165 0.2433 
 796 0.0700 0.1169 0.8131 
 797 0.0541 0.7787 0.1671 
 798 0.8260 0.0246 0.1494 
 799 0.1016 0.0500 0.8484 
 800 0.0273 0.6677 0.3050 
 801 0.8105 0.0498 0.1396 
 802 0.4664 0.3061 0.2275 
 803 0.1339 0.4354 0.4307 
 804 0.1618 0.1327 0.7055 
 805 0.0400 0.8623 0.0977 
 806 0.6005 0.1940 0.2055 
 807 0.0361 0.8612 0.1028 
 808 0.0571 0.5500 0.3928 
 809 0.6014 0.1578 0.2407 
 810 0.1608 0.1851 0.6542 
 811 0.1049 0.6196 0.2755 
 812 0.1330 0.0675 0.7995 
 813 0.8268 0.0292 0.1440 
 814 0.0439 0.0524 0.9037 
 815 0.4604 0.4222 0.1174 
 816 0.3293 0.4283 0.2423 
 817 0.4773 0.2967 0.2259 
 818 0.1323 0.0449 0.8228 
 819 0.0368 0.0838 0.8794 
 820 0.0568 0.1054 0.8378 
 821 0.1701 0.0552 0.7747 
 822 0.3039 0.0201 0.6760 
 823 0.5133 0.1730 0.3137 
 824 0.1005 0.1053 0.7942 
 825 0.2247 0.0379 0.7374 
 826 0.0554 0.0257 0.9189 
 827 0.4160 0.0397 0.5443 
 828 0.5009 0.0741 0.4250 
 829 0.7134 0.0703 0.2163 
 830 0.4224 0.0254 0.5522 
 831 0.2363 0.1004 0.6633 
 832 0.3040 0.1229 0.5731 
 833 0.5003 0.1211 0.3787 
 834 0.3449 0.0918 0.5633 
 835 0.0543 0.0270 0.9187 
 836 0.0796 0.0602 0.8602 
 837 0.5498 0.2435 0.2066 
 838 0.0636 0.0316 0.9048 
 839 0.2372 0.0399 0.7229 
 840 0.0474 0.1202 0.8325 
 841 0.0456 0.0768 0.8777 
 842 0.1146 0.0199 0.8655 
 843 0.0684 0.3435 0.5881 
 844 0.1401 0.1091 0.7508 
 845 0.0926 0.0247 0.8827 
 846 0.0664 0.0661 0.8675 
 847 0.0372 0.1176 0.8452 
 848 0.0393 0.0500 0.9108 
 849 0.1739 0.0356 0.7905 
 850 0.1179 0.0359 0.8462 
 851 0.0462 0.0308 0.9230 
 852 0.2328 0.5045 0.2627 
 853 0.2760 0.0323 0.6917 
 854 0.3938 0.1767 0.4295 
 855 0.0568 0.0522 0.8910 
 856 0.0657 0.0804 0.8538 
 857 0.1045 0.0510 0.8445 
 858 0.0953 0.0296 0.8751 
 859 0.2066 0.0342 0.7592 
 860 0.0478 0.0270 0.9252 
 861 0.0429 0.3863 0.5708 
 862 0.9098 0.0236 0.0666 
 863 0.8498 0.0565 0.0938 
 864 0.9027 0.0388 0.0585 
 865 0.8901 0.0170 0.0928 
 866 0.4588 0.0319 0.5094 
 867 0.8878 0.0378 0.0744 
 868 0.8232 0.0335 0.1432 
 869 0.5122 0.0332 0.4546 
 870 0.7698 0.0228 0.2074 
 871 0.8527 0.0204 0.1269 
 872 0.8806 0.0263 0.0931 
 873 0.8962 0.0316 0.0722 
 874 0.8946 0.0194 0.0860 
 875 0.4329 0.0401 0.5270 
 876 0.0925 0.0249 0.8825 
 877 0.9110 0.0271 0.0619 
 878 0.4396 0.0538 0.5066 
 879 0.8875 0.0362 0.0762 
 880 0.3841 0.0319 0.5840 
 881 0.8731 0.0340 0.0929 
 882 0.8924 0.0300 0.0776 
 883 0.1320 0.0387 0.8293 
 884 0.8947 0.0168 0.0886 
 885 0.7549 0.0677 0.1774 
 886 0.6613 0.0472 0.2916 
 887 0.8890 0.0197 0.0913 
 888 0.3689 0.1220 0.5091 
 889 0.9004 0.0170 0.0826 
 890 0.3090 0.0193 0.6717 
 891 0.0622 0.0297 0.9081 
 892 0.0710 0.0325 0.8964 
 893 0.2463 0.0586 0.6951 
 894 0.4966 0.0196 0.4839 
 895 0.8650 0.0211 0.1139 
 896 0.0458 0.0502 0.9040 
 897 0.0509 0.0297 0.9195 
 898 0.4521 0.0614 0.4865 
 899 0.4025 0.0165 0.5810 
 900 0.0588 0.0237 0.9175 
 901 0.0687 0.0254 0.9059 
 902 0.0486 0.0415 0.9099 
 903 0.6482 0.0273 0.3245 
 904 0.4279 0.0594 0.5127 
 905 0.7259 0.0188 0.2553 
 906 0.1635 0.0366 0.7999 
 907 0.1543 0.0405 0.8052 
 908 0.1483 0.0315 0.8201 
 909 0.1456 0.0417 0.8127 
 910 0.0649 0.0398 0.8953 
 911 0.7871 0.0168 0.1961 
 912 0.4462 0.0209 0.5329 
 913 0.4938 0.0204 0.4858 
 914 0.2701 0.1324 0.5976 
 915 0.1618 0.0170 0.8213 
 916 0.2049 0.0231 0.7720 
 917 0.2821 0.0253 0.6927 
 918 0.4617 0.1091 0.4292 
 919 0.5985 0.0542 0.3473 
 920 0.1357 0.0346 0.8296 
 921 0.0720 0.3278 0.6001 
 922 0.0938 0.0554 0.8508 
 923 0.0404 0.0881 0.8715 
 924 0.0406 0.0433 0.9162 
 925 0.0563 0.0778 0.8659 
 926 0.0284 0.2815 0.6901 
 927 0.0885 0.3832 0.5282 
 928 0.0315 0.5236 0.4449 
 929 0.0277 0.0784 0.8939 
 930 0.0545 0.1079 0.8376 
 931 0.3594 0.5231 0.1176 
 932 0.0377 0.0672 0.8950 
 933 0.0390 0.7109 0.2501 
 934 0.0285 0.0308 0.9406 
 935 0.0833 0.1926 0.7242 
 936 0.0747 0.1276 0.7977 
 937 0.0700 0.5661 0.3638 
 938 0.0281 0.5337 0.4382 
 939 0.0754 0.6582 0.2664 
 940 0.0936 0.2189 0.6875 
 941 0.1266 0.0612 0.8122 
 942 0.0695 0.3181 0.6124 
 943 0.0518 0.8281 0.1201 
 944 0.0659 0.5708 0.3633 
 945 0.0495 0.1041 0.8463 
 946 0.0526 0.1311 0.8163 
 947 0.0484 0.6818 0.2698 
 948 0.6583 0.0940 0.2478 
 949 0.3834 0.0530 0.5636 
 950 0.0331 0.5457 0.4212 
 951 0.0688 0.3663 0.5650 
 952 0.0838 0.2110 0.7052 
 953 0.0986 0.1012 0.8002 
 954 0.3277 0.1966 0.4757 
 955 0.0349 0.8975 0.0676 
 956 0.0266 0.8867 0.0867 
 957 0.1310 0.4815 0.3875 
 958 0.1177 0.0658 0.8165 
 959 0.0531 0.2464 0.7005 
 960 0.5406 0.0779 0.3815 
 961 0.0233 0.9258 0.0509 
 962 0.0290 0.0677 0.9033 
 963 0.1491 0.0661 0.7848 
 964 0.1038 0.0911 0.8051 
 965 0.0477 0.2996 0.6527 
 966 0.1128 0.2224 0.6648 
 967 0.0413 0.8925 0.0662 
 968 0.0328 0.0840 0.8832 
 969 0.2399 0.2259 0.5342 
 970 0.0446 0.7927 0.1627 
 971 0.0382 0.1670 0.7949 
 972 0.1647 0.2392 0.5962 
 973 0.0309 0.4643 0.5048 
 974 0.0814 0.0769 0.8417 
 975 0.2386 0.2292 0.5322 
 976 0.0378 0.1701 0.7921 
 977 0.1144 0.2934 0.5922 
 978 0.0376 0.2977 0.6647 
 979 0.0514 0.0687 0.8799 
 980 0.0396 0.3697 0.5907 
 981 0.0820 0.1814 0.7366 
 982 0.0936 0.0354 0.8710 
 983 0.3781 0.0487 0.5732 
 984 0.1943 0.6797 0.1260 
 985 0.0522 0.1342 0.8136 
 986 0.0803 0.0642 0.8555 
 987 0.0584 0.0270 0.9146 
 988 0.6834 0.0189 0.2977 
 989 0.0952 0.7486 0.1562 
 990 0.1829 0.0818 0.7353 
 991 0.0672 0.1066 0.8262 
 992 0.0346 0.0302 0.9352 
 993 0.5600 0.0458 0.3942 
 994 0.0607 0.2653 0.6739 
 995 0.0209 0.9177 0.0614 
 996 0.1626 0.0381 0.7993 
 997 0.0346 0.0763 0.8891 
 998 0.0637 0.0359 0.9004 
 999 0.0615 0.1426 0.7958 
1000 0.0634 0.0317 0.9049 
1001 0.1563 0.0443 0.7994 
1002 0.1243 0.0198 0.8558 
1003 0.0525 0.0828 0.8647 
1004 0.0397 0.0517 0.9086 
1005 0.0584 0.0329 0.9086 
1006 0.0726 0.1643 0.7630 
1007 0.0533 0.3225 0.6242 
1008 0.0537 0.5345 0.4118 
1009 0.1826 0.1515 0.6659 
1010 0.0622 0.1264 0.8114 
1011 0.0792 0.4881 0.4327 
1012 0.0999 0.0810 0.8191 
1013 0.0564 0.1086 0.8349 
1014 0.0930 0.0357 0.8712 
1015 0.0365 0.0522 0.9113 
1016 0.0543 0.0314 0.9143 
1017 0.0413 0.1627 0.7960 
1018 0.0636 0.1406 0.7959 
1019 0.1016 0.1309 0.7675 
1020 0.0303 0.8725 0.0972 
1021 0.0468 0.6400 0.3132 
1022 0.0521 0.1213 0.8266 
1023 0.1905 0.0485 0.7610 
1024 0.1573 0.0342 0.8085 
1025 0.0616 0.0656 0.8728 
1026 0.6995 0.1860 0.1145 
1027 0.6443 0.1653 0.1904 
1028 0.7094 0.0914 0.1991 
1029 0.0991 0.1258 0.7751 
1030 0.0947 0.5127 0.3926 
1031 0.4484 0.2705 0.2811 
1032 0.3323 0.3601 0.3076 
1033 0.4174 0.3106 0.2720 
1034 0.0929 0.1404 0.7667 
1035 0.0751 0.7558 0.1691 
1036 0.1506 0.5445 0.3050 
1037 0.0463 0.5726 0.3811 
1038 0.3565 0.4695 0.1740 
1039 0.1720 0.4704 0.3576 
1040 0.6917 0.1833 0.1250 
1041 0.6910 0.1320 0.1770 
1042 0.2212 0.4880 0.2908 
1043 0.4689 0.2814 0.2498 
1044 0.4425 0.1445 0.4130 
1045 0.7607 0.1465 0.0928 
1046 0.1997 0.4498 0.3505 
1047 0.0664 0.7641 0.1695 
1048 0.1325 0.0720 0.7955 
1049 0.0681 0.0441 0.8879 
1050 0.3793 0.0178 0.6028 
1051 0.1286 0.0202 0.8513 
1052 0.1573 0.0278 0.8149 
1053 0.1735 0.0327 0.7939 
1054 0.1215 0.0335 0.8450 
1055 0.0471 0.0258 0.9270 
1056 0.0767 0.0284 0.8949 
1057 0.7926 0.0241 0.1832 
1058 0.3300 0.0206 0.6494 
1059 0.3731 0.0390 0.5879 
1060 0.2581 0.0661 0.6758 
1061 0.0481 0.0235 0.9284 
1062 0.3783 0.0238 0.5979 
1063 0.0371 0.0690 0.8939 
1064 0.2032 0.0296 0.7673 
1065 0.1180 0.0440 0.8381 
1066 0.0491 0.0483 0.9026 
1067 0.2819 0.0214 0.6966 
1068 0.1317 0.2151 0.6532 
1069 0.0941 0.0170 0.8890 
1070 0.1416 0.0246 0.8338 
1071 0.1179 0.0737 0.8084 
1072 0.0919 0.0413 0.8668 
1073 0.3043 0.0282 0.6675 
1074 0.3014 0.0562 0.6425 
1075 0.2193 0.0412 0.7395 
1076 0.1906 0.0473 0.7621 
1077 0.8414 0.0217 0.1369 
1078 0.0730 0.0333 0.8938 
1079 0.2590 0.0296 0.7113 
1080 0.0892 0.1016 0.8092 
1081 0.2019 0.0209 0.7772 
1082 0.1452 0.0547 0.8001 
1083 0.1031 0.0382 0.8586 
1084 0.0975 0.0960 0.8065 
1085 0.1102 0.0158 0.8740 
1086 0.0396 0.0230 0.9373 
1087 0.0978 0.0156 0.8865 
1088 0.0763 0.0169 0.9068 
1089 0.4865 0.0180 0.4956 
1090 0.2728 0.0236 0.7036 
1091 0.0815 0.0335 0.8850 
1092 0.2059 0.0212 0.7729 
1093 0.0550 0.0514 0.8936 
1094 0.7362 0.0593 0.2045 
1095 0.8275 0.0198 0.1527 
1096 0.3379 0.0438 0.6182 
1097 0.7574 0.0168 0.2258 
1098 0.0422 0.0224 0.9354 
1099 0.0468 0.0876 0.8657 
1100 0.1269 0.0208 0.8523 
1101 0.0952 0.0185 0.8863 
1102 0.2220 0.0241 0.7539 
1103 0.1272 0.0406 0.8322 
1104 0.0664 0.0244 0.9092 
1105 0.1013 0.0250 0.8737 
1106 0.1316 0.0702 0.7982 
1107 0.1913 0.0362 0.7726 
1108 0.8309 0.0253 0.1437 
1109 0.7231 0.0250 0.2518 
1110 0.0508 0.5246 0.4246 
1111 0.0283 0.5468 0.4249 
1112 0.1136 0.8320 0.0544 
1113 0.2552 0.5302 0.2146 
1114 0.4845 0.2060 0.3095 
1115 0.0993 0.7160 0.1847 
1116 0.0520 0.8607 0.0873 
1117 0.6663 0.1651 0.1686 
1118 0.0520 0.8840 0.0639 
1119 0.5582 0.2800 0.1618 
1120 0.1287 0.7706 0.1007 
1121 0.3315 0.5735 0.0950 
1122 0.2387 0.4005 0.3608 
1123 0.2842 0.2084 0.5074 
1124 0.0535 0.8808 0.0657 
1125 0.1283 0.5870 0.2847 
1126 0.3425 0.5419 0.1156 
1127 0.2071 0.6954 0.0975 
1128 0.0406 0.8302 0.1292 
1129 0.2134 0.2371 0.5495 
1130 0.1849 0.2342 0.5809 
1131 0.7543 0.1125 0.1333 
1132 0.2026 0.7089 0.0885 
1133 0.0900 0.7811 0.1289 
1134 0.0353 0.8867 0.0779 
1135 0.4293 0.1098 0.4609 
1136 0.7898 0.0899 0.1204 
1137 0.0609 0.6756 0.2635 
1138 0.2240 0.3492 0.4268 
1139 0.0356 0.8826 0.0817 
1140 0.1679 0.3226 0.5095 
1141 0.1905 0.2034 0.6061 
1142 0.6835 0.1085 0.2080 
1143 0.1035 0.3185 0.5781 
1144 0.1500 0.5637 0.2863 
1145 0.4877 0.2441 0.2682 
1146 0.3565 0.4739 0.1696 
1147 0.2662 0.0831 0.6507 
1148 0.8278 0.0491 0.1232 
1149 0.1567 0.5876 0.2557 
1150 0.0902 0.3303 0.5795 
1151 0.1590 0.7500 0.0910 
1152 0.3953 0.1412 0.4635 
1153 0.7454 0.0774 0.1772 
1154 0.2990 0.4068 0.2942 
1155 0.1836 0.4647 0.3517 
1156 0.0813 0.7191 0.1996 
1157 0.6476 0.2462 0.1062 
1158 0.0950 0.7418 0.1632 
1159 0.0769 0.0242 0.8989 
1160 0.0718 0.0252 0.9030 
1161 0.0328 0.0381 0.9291 
1162 0.0853 0.1336 0.7811 
1163 0.0741 0.5238 0.4021 
1164 0.1239 0.1013 0.7748 
1165 0.0565 0.0292 0.9143 
1166 0.0460 0.2020 0.7520 
1167 0.1069 0.0232 0.8698 
1168 0.1060 0.0403 0.8536 
1169 0.1058 0.0600 0.8342 
1170 0.3162 0.0361 0.6477 
1171 0.2655 0.0775 0.6570 
1172 0.1266 0.0337 0.8398 
1173 0.0906 0.0380 0.8714 
1174 0.0545 0.0232 0.9223 
1175 0.0885 0.0345 0.8770 
1176 0.0739 0.0785 0.8476 
1177 0.8843 0.0207 0.0950 
1178 0.0648 0.0330 0.9023 
1179 0.3996 0.0207 0.5797 
1180 0.1066 0.0240 0.8694 
1181 0.0943 0.0399 0.8658 
1182 0.0527 0.0345 0.9128 
1183 0.2948 0.1183 0.5868 
1184 0.2734 0.0221 0.7045 
1185 0.3490 0.0362 0.6148 
1186 0.1916 0.0820 0.7264 
1187 0.3985 0.1130 0.4885 
1188 0.4078 0.0344 0.5577 
1189 0.0639 0.0693 0.8668 
1190 0.1171 0.0224 0.8606 
1191 0.3851 0.1913 0.4236 
1192 0.0371 0.0259 0.9370 
1193 0.1323 0.1037 0.7639 
1194 0.8831 0.0216 0.0953 
1195 0.0942 0.0221 0.8838 
1196 0.0713 0.0279 0.9008 
1197 0.2952 0.0203 0.6845 
1198 0.0483 0.0221 0.9296 
1199 0.1626 0.0373 0.8000 
1200 0.6741 0.0227 0.3033 
1201 0.0834 0.2033 0.7133 
1202 0.1155 0.0953 0.7892 
1203 0.0541 0.0231 0.9229 
1204 0.1387 0.0479 0.8134 
1205 0.1135 0.0293 0.8572 
1206 0.2606 0.6562 0.0831 
1207 0.3857 0.1152 0.4990 
1208 0.0263 0.6796 0.2941 
1209 0.0813 0.2740 0.6447 
1210 0.2258 0.1801 0.5940 
1211 0.1720 0.4454 0.3826 
1212 0.5781 0.2746 0.1473 
1213 0.0761 0.2207 0.7033 
1214 0.0836 0.3149 0.6015 
1215 0.0555 0.0869 0.8576 
1216 0.0504 0.1045 0.8451 
1217 0.6496 0.2117 0.1387 
1218 0.7241 0.0614 0.2145 
1219 0.2948 0.2058 0.4994 
1220 0.7293 0.0577 0.2131 
1221 0.0572 0.1040 0.8388 
1222 0.2945 0.3265 0.3791 
1223 0.8026 0.0676 0.1299 
1224 0.0969 0.0878 0.8153 
1225 0.6441 0.0957 0.2602 
1226 0.6558 0.1210 0.2231 
1227 0.1322 0.1417 0.7261 
1228 0.0560 0.3114 0.6327 
1229 0.0298 0.0642 0.9060 
1230 0.0685 0.6678 0.2636 
1231 0.0899 0.2322 0.6779 
1232 0.0328 0.0455 0.9216 
1233 0.1918 0.1612 0.6470 
1234 0.1066 0.3450 0.5484 
1235 0.0505 0.3018 0.6477 
1236 0.0238 0.1775 0.7987 
1237 0.0354 0.2456 0.7190 
1238 0.0350 0.3633 0.6017 
1239 0.0539 0.1158 0.8303 
1240 0.0300 0.1442 0.8257 
1241 0.0461 0.1811 0.7728 
1242 0.0337 0.5236 0.4428 
1243 0.1337 0.2865 0.5798 
1244 0.0277 0.5701 0.4021 
1245 0.0257 0.5315 0.4428 
1246 0.0897 0.3011 0.6091 
1247 0.0246 0.7372 0.2382 
1248 0.0404 0.4192 0.5404 
1249 0.1854 0.0887 0.7259 
1250 0.0345 0.0616 0.9039 
1251 0.0352 0.1105 0.8542 
1252 0.0282 0.0389 0.9328 
1253 0.0497 0.2334 0.7169 
1254 0.0350 0.0418 0.9232 
1255 0.0229 0.4049 0.5723 
1256 0.0523 0.6673 0.2804 
1257 0.0499 0.2129 0.7372 
1258 0.0311 0.0325 0.9364 
1259 0.0612 0.0567 0.8821 
1260 0.0308 0.2939 0.6753 
1261 0.0329 0.4352 0.5319 
1262 0.0357 0.1525 0.8118 
1263 0.0865 0.0967 0.8168 
1264 0.0359 0.0937 0.8704 
1265 0.0334 0.3602 0.6065 
1266 0.1356 0.2358 0.6286 
1267 0.0448 0.3168 0.6383 
1268 0.6356 0.0216 0.3428 
1269 0.7418 0.0219 0.2363 
1270 0.0678 0.0682 0.8639 
1271 0.2601 0.0298 0.7101 
1272 0.2354 0.0463 0.7183 
1273 0.0833 0.0417 0.8750 
1274 0.3150 0.0697 0.6153 
1275 0.1367 0.0288 0.8345 
1276 0.8328 0.0331 0.1341 
1277 0.3214 0.0209 0.6577 
1278 0.7240 0.1590 0.1170 
1279 0.4421 0.0746 0.4833 
1280 0.1435 0.0733 0.7832 
1281 0.1112 0.0260 0.8628 
1282 0.2124 0.0163 0.7712 
1283 0.0839 0.0343 0.8818 
1284 0.4825 0.1466 0.3709 
1285 0.0614 0.0363 0.9023 
1286 0.1380 0.0485 0.8134 
1287 0.2632 0.1120 0.6248 
1288 0.5268 0.0684 0.4049 
1289 0.2061 0.0234 0.7705 
1290 0.1578 0.0929 0.7493 
1291 0.0746 0.0987 0.8267 
1292 0.0837 0.0433 0.8729 
1293 0.4967 0.0303 0.4730 
1294 0.0624 0.0364 0.9012 
1295 0.4503 0.0203 0.5294 
1296 0.6905 0.0378 0.2717 
1297 0.1007 0.0733 0.8260 
1298 0.2773 0.0273 0.6954 
1299 0.1086 0.0269 0.8646 
1300 0.1053 0.3687 0.5260 
1301 0.1107 0.0273 0.8619 
1302 0.4675 0.0680 0.4645 
1303 0.2791 0.0412 0.6797 
1304 0.3689 0.0494 0.5817 
1305 0.2278 0.1019 0.6703 
1306 0.1085 0.0276 0.8639 
1307 0.2216 0.0392 0.7393 
1308 0.0624 0.0668 0.8708 
1309 0.1030 0.0288 0.8682 
1310 0.4905 0.0258 0.4837 
1311 0.5862 0.0198 0.3940 
1312 0.0796 0.0474 0.8730 
1313 0.0704 0.0317 0.8979 
1314 0.7871 0.0333 0.1796 
1315 0.1343 0.2236 0.6421 
1316 0.4636 0.0284 0.5080 
1317 0.0362 0.0983 0.8656 
1318 0.2381 0.0588 0.7031 
1319 0.0296 0.8521 0.1183 
1320 0.0663 0.0858 0.8479 
1321 0.3549 0.0258 0.6192 
1322 0.5690 0.0628 0.3682 
1323 0.1309 0.0269 0.8422 
1324 0.3583 0.1034 0.5383 
1325 0.0705 0.0157 0.9138 
1326 0.6698 0.0232 0.3070 
1327 0.0342 0.0401 0.9257 
1328 0.0461 0.0274 0.9265 
1329 0.0603 0.0323 0.9074 
1330 0.1005 0.0298 0.8697 
1331 0.0594 0.0255 0.9151 
1332 0.1164 0.1309 0.7527 
1333 0.0604 0.0327 0.9069 
1334 0.4296 0.0255 0.5449 
1335 0.0734 0.0879 0.8387 
1336 0.0575 0.7514 0.1911 
1337 0.0906 0.6555 0.2539 
1338 0.0799 0.0443 0.8757 
1339 0.0570 0.0308 0.9122 
1340 0.0482 0.0451 0.9066 
1341 0.2923 0.0705 0.6371 
1342 0.0381 0.0629 0.8990 
1343 0.0386 0.0356 0.9259 
1344 0.0906 0.3864 0.5230 
1345 0.2827 0.0257 0.6917 
1346 0.5709 0.0531 0.3760 
1347 0.0354 0.1368 0.8279 
1348 0.0564 0.0533 0.8903 
1349 0.0368 0.7195 0.2437 
1350 0.0561 0.2164 0.7275 
1351 0.0412 0.0264 0.9324 
1352 0.5135 0.0520 0.4346 
1353 0.0773 0.0244 0.8982 
1354 0.0576 0.0383 0.9041 
1355 0.0529 0.0158 0.9314 
1356 0.0872 0.0463 0.8665 
1357 0.0366 0.0775 0.8859 
1358 0.0267 0.0384 0.9349 
1359 0.0368 0.0537 0.9095 
1360 0.1864 0.2794 0.5342 
1361 0.1140 0.1674 0.7186 
1362 0.1161 0.1113 0.7726 
1363 0.0966 0.2452 0.6582 
1364 0.1478 0.1856 0.6666 
1365 0.2133 0.0697 0.7170 
1366 0.1358 0.1148 0.7494 
1367 0.0383 0.3348 0.6269 
1368 0.0413 0.4763 0.4824 
1369 0.0706 0.0435 0.8859 
1370 0.0273 0.1405 0.8322 
1371 0.3235 0.0539 0.6226 
1372 0.0384 0.6864 0.2752 
1373 0.0845 0.6481 0.2674 
1374 0.0340 0.0627 0.9033 
1375 0.0802 0.3558 0.5639 
1376 0.0539 0.2625 0.6835 
1377 0.1058 0.0990 0.7952 
1378 0.1160 0.3974 0.4867 
1379 0.0257 0.8437 0.1306 
1380 0.2315 0.0519 0.7166 
1381 0.2315 0.0722 0.6962 
1382 0.0562 0.5679 0.3760 
1383 0.5436 0.0284 0.4280 
1384 0.3202 0.0529 0.6270 
1385 0.0392 0.6847 0.2761 
1386 0.1227 0.0721 0.8052 
1387 0.0893 0.3962 0.5146 
1388 0.2410 0.0991 0.6598 
1389 0.0511 0.0723 0.8765 
1390 0.0913 0.1382 0.7705 
1391 0.1000 0.1193 0.7806 
1392 0.5952 0.1564 0.2484 
1393 0.1062 0.4163 0.4775 
1394 0.0401 0.1589 0.8011 
1395 0.2380 0.0486 0.7134 
1396 0.8059 0.0287 0.1654 
1397 0.1340 0.4269 0.4391 
1398 0.1497 0.3314 0.5190 
1399 0.4985 0.1860 0.3154 
1400 0.3289 0.0671 0.6040 
1401 0.8699 0.0253 0.1048 
1402 0.0848 0.6077 0.3075 
1403 0.1175 0.4351 0.4475 
1404 0.0977 0.2746 0.6277 
1405 0.7202 0.0496 0.2302 
1406 0.4171 0.3604 0.2225 
1407 0.4835 0.0491 0.4674 
1408 0.2279 0.0672 0.7050 
1409 0.4945 0.3253 0.1802 
1410 0.3093 0.0764 0.6143 
1411 0.5813 0.0731 0.3456 
1412 0.7150 0.0646 0.2204 
1413 0.0998 0.4806 0.4195 
1414 0.6467 0.1228 0.2305 
1415 0.7036 0.1320 0.1644 
1416 0.0783 0.6224 0.2993 
1417 0.3123 0.0762 0.6115 
1418 0.0505 0.2487 0.7009 
1419 0.0439 0.1797 0.7764 
1420 0.0518 0.1006 0.8476 
1421 0.0240 0.4688 0.5072 
1422 0.0269 0.2022 0.7709 
1423 0.0540 0.0449 0.9011 
1424 0.1373 0.0376 0.8251 
1425 0.0380 0.1561 0.8059 
1426 0.0424 0.0923 0.8653 
1427 0.1816 0.0313 0.7872 
1428 0.0299 0.1008 0.8693 
1429 0.0289 0.3624 0.6087 
1430 0.0359 0.1781 0.7859 
1431 0.0369 0.0824 0.8806 
1432 0.0830 0.1193 0.7977 
1433 0.0217 0.6803 0.2979 
1434 0.0259 0.3145 0.6596 
1435 0.0427 0.6694 0.2879 
1436 0.0404 0.3583 0.6013 
1437 0.0686 0.1312 0.8002 
1438 0.0525 0.0226 0.9249 
1439 0.0373 0.3824 0.5803 
1440 0.0255 0.2727 0.7017 
1441 0.0233 0.8548 0.1219 
1442 0.0281 0.1828 0.7890 
1443 0.0302 0.3515 0.6182 
1444 0.0430 0.0707 0.8863 
1445 0.0257 0.1704 0.8040 
1446 0.0297 0.2661 0.7041 
1447 0.0438 0.1377 0.8185 
1448 0.0250 0.0689 0.9061 
1449 0.0323 0.0365 0.9312 
1450 0.0416 0.0710 0.8873 
1451 0.0249 0.7918 0.1833 
1452 0.0554 0.0831 0.8615 
1453 0.0356 0.2864 0.6780 
1454 0.0559 0.0423 0.9019 
1455 0.1046 0.0654 0.8299 
1456 0.0518 0.1024 0.8458 
1457 0.0408 0.0391 0.9202 
1458 0.0477 0.0678 0.8845 
1459 0.0246 0.4620 0.5134 
1460 0.1420 0.0799 0.7781 
1461 0.5695 0.0264 0.4041 
1462 0.0444 0.0418 0.9138 
1463 0.0658 0.7834 0.1507 
1464 0.8900 0.0244 0.0856 
1465 0.7406 0.0298 0.2295 
1466 0.0525 0.0351 0.9124 
1467 0.7795 0.0433 0.1771 
1468 0.5625 0.0405 0.3971 
1469 0.4498 0.0689 0.4813 
1470 0.0663 0.3810 0.5527 
1471 0.3697 0.1128 0.5176 
1472 0.3092 0.0328 0.6579 
1473 0.2834 0.1254 0.5912 
1474 0.0497 0.0463 0.9040 
1475 0.4843 0.0708 0.4448 
1476 0.8957 0.0189 0.0853 
1477 0.0444 0.7688 0.1868 
1478 0.1268 0.4348 0.4384 
1479 0.2638 0.0425 0.6937 
1480 0.1029 0.0370 0.8601 
1481 0.8397 0.0273 0.1330 
