   1 0.3094 0.2747 0.4159 
   2 0.0468 0.0405 0.9127 
   3 0.6186 0.1696 0.2118 
   4 0.0392 0.7196 0.2412 
   5 0.0537 0.0355 0.9109 
   6 0.8395 0.0324 0.1281 
   7 0.1600 0.0318 0.8083 
   8 0.2878 0.3000 0.4122 
   9 0.4666 0.1001 0.4333 
  10 0.4421 0.1128 0.4451 
  11 0.2601 0.0337 0.7062 
  12 0.0659 0.0621 0.8720 
  13 0.1145 0.0576 0.8280 
  14 0.0842 0.1178 0.7980 
  15 0.0774 0.1665 0.7561 
  16 0.6535 0.0559 0.2906 
  17 0.2569 0.0617 0.6814 
  18 0.5726 0.1462 0.2812 
  19 0.5690 0.0471 0.3839 
  20 0.1097 0.0518 0.8384 
  21 0.1685 0.3023 0.5292 
  22 0.8052 0.0606 0.1342 
  23 0.0627 0.2852 0.6522 
  24 0.4659 0.2020 0.3321 
  25 0.1173 0.0256 0.8571 
  26 0.3064 0.1307 0.5628 
  27 0.2681 0.0928 0.6391 
  28 0.1766 0.2616 0.5618 
  29 0.0857 0.0465 0.8678 
  30 0.8156 0.0501 0.1344 
  31 0.1344 0.1115 0.7542 
  32 0.1796 0.1626 0.6578 
  33 0.5841 0.1652 0.2507 
  34 0.5462 0.0461 0.4077 
  35 0.5184 0.0650 0.4166 
  36 0.7005 0.1146 0.1849 
  37 0.1162 0.2423 0.6415 
  38 0.8469 0.0267 0.1263 
  39 0.6812 0.0482 0.2706 
  40 0.1386 0.5527 0.3087 
  41 0.6325 0.0988 0.2687 
  42 0.2090 0.6593 0.1318 
  43 0.0640 0.1774 0.7586 
  44 0.4026 0.0987 0.4987 
  45 0.6475 0.0469 0.3056 
  46 0.6447 0.0377 0.3176 
  47 0.6108 0.0745 0.3147 
  48 0.4073 0.1300 0.4626 
  49 0.5189 0.0851 0.3960 
  50 0.6693 0.0894 0.2414 
  51 0.4337 0.2410 0.3253 
  52 0.7078 0.0556 0.2366 
  53 0.8335 0.0592 0.1074 
  54 0.0926 0.0968 0.8105 
  55 0.0554 0.0800 0.8646 
  56 0.5811 0.1185 0.3004 
  57 0.3056 0.1435 0.5509 
  58 0.1950 0.0966 0.7084 
  59 0.6695 0.0657 0.2648 
  60 0.1518 0.4252 0.4230 
  61 0.0369 0.2202 0.7429 
  62 0.5203 0.0560 0.4238 
  63 0.1724 0.1457 0.6818 
  64 0.7942 0.0338 0.1720 
  65 0.1498 0.0225 0.8277 
  66 0.0451 0.1782 0.7767 
  67 0.0605 0.0595 0.8800 
  68 0.6339 0.0926 0.2736 
  69 0.4532 0.1442 0.4026 
  70 0.1997 0.1332 0.6671 
  71 0.6191 0.0376 0.3433 
  72 0.7500 0.0456 0.2044 
  73 0.0841 0.0412 0.8747 
  74 0.6256 0.2304 0.1440 
  75 0.1942 0.6421 0.1637 
  76 0.1048 0.0581 0.8371 
  77 0.6617 0.0624 0.2759 
  78 0.7722 0.0612 0.1666 
  79 0.1243 0.0339 0.8418 
  80 0.0952 0.6136 0.2912 
  81 0.1334 0.3781 0.4885 
  82 0.0478 0.0904 0.8618 
  83 0.1489 0.2557 0.5955 
  84 0.1169 0.1570 0.7261 
  85 0.1451 0.3281 0.5268 
  86 0.1278 0.0441 0.8281 
  87 0.0966 0.0416 0.8619 
  88 0.0523 0.1970 0.7507 
  89 0.0576 0.3687 0.5737 
  90 0.0605 0.0371 0.9024 
  91 0.0862 0.6587 0.2551 
  92 0.0771 0.0690 0.8540 
  93 0.0331 0.8827 0.0842 
  94 0.5924 0.0387 0.3690 
  95 0.0452 0.0817 0.8732 
  96 0.0385 0.3744 0.5870 
  97 0.3286 0.4724 0.1990 
  98 0.1777 0.1393 0.6830 
  99 0.0906 0.1223 0.7871 
 100 0.0297 0.8078 0.1625 
 101 0.0539 0.0672 0.8789 
 102 0.0957 0.3553 0.5490 
 103 0.0384 0.1237 0.8379 
 104 0.0551 0.0400 0.9049 
 105 0.0339 0.0704 0.8957 
 106 0.4104 0.0182 0.5714 
 107 0.0490 0.0719 0.8791 
 108 0.1098 0.0450 0.8452 
 109 0.2207 0.0187 0.7605 
 110 0.4400 0.0226 0.5374 
 111 0.0640 0.0228 0.9131 
 112 0.2858 0.0214 0.6928 
 113 0.1364 0.0792 0.7844 
 114 0.0543 0.0480 0.8977 
 115 0.0516 0.0412 0.9072 
 116 0.2737 0.0228 0.7035 
 117 0.2717 0.0335 0.6948 
 118 0.0429 0.0289 0.9282 
 119 0.0669 0.3599 0.5732 
 120 0.0693 0.0336 0.8971 
 121 0.0724 0.0349 0.8927 
 122 0.3149 0.0249 0.6602 
 123 0.1252 0.0358 0.8390 
 124 0.5458 0.0334 0.4208 
 125 0.6685 0.0428 0.2888 
 126 0.2570 0.0501 0.6928 
 127 0.0538 0.0251 0.9211 
 128 0.0417 0.0297 0.9286 
 129 0.0331 0.0239 0.9430 
 130 0.0585 0.0489 0.8926 
 131 0.6004 0.0317 0.3679 
 132 0.1821 0.0227 0.7953 
 133 0.0627 0.0353 0.9020 
 134 0.5082 0.0150 0.4768 
 135 0.0413 0.7409 0.2178 
 136 0.0368 0.8663 0.0969 
 137 0.0346 0.8356 0.1298 
 138 0.0344 0.9045 0.0611 
 139 0.0671 0.5829 0.3500 
 140 0.1133 0.6109 0.2758 
 141 0.0612 0.8428 0.0961 
 142 0.0382 0.8074 0.1545 
 143 0.0235 0.9204 0.0561 
 144 0.0310 0.8455 0.1235 
 145 0.0913 0.7059 0.2029 
 146 0.0968 0.5420 0.3613 
 147 0.0272 0.9154 0.0574 
 148 0.0497 0.7522 0.1981 
 149 0.0383 0.8861 0.0757 
 150 0.0472 0.6271 0.3257 
 151 0.0315 0.8711 0.0973 
 152 0.0587 0.6730 0.2683 
 153 0.0518 0.8574 0.0908 
 154 0.0323 0.8594 0.1082 
 155 0.0278 0.8978 0.0744 
 156 0.0275 0.8527 0.1198 
 157 0.0611 0.7378 0.2011 
 158 0.0877 0.7532 0.1592 
 159 0.0249 0.9139 0.0613 
 160 0.0254 0.9049 0.0697 
 161 0.0673 0.7798 0.1529 
 162 0.1053 0.4534 0.4413 
 163 0.0264 0.9050 0.0686 
 164 0.0639 0.4136 0.5225 
 165 0.0411 0.7063 0.2526 
 166 0.0767 0.6181 0.3052 
 167 0.0522 0.7257 0.2221 
 168 0.0576 0.8468 0.0956 
 169 0.4365 0.4413 0.1222 
 170 0.0326 0.8443 0.1231 
 171 0.0607 0.6253 0.3141 
 172 0.1397 0.7883 0.0720 
 173 0.0246 0.9016 0.0738 
 174 0.0338 0.8786 0.0875 
 175 0.0334 0.8979 0.0686 
 176 0.0315 0.8484 0.1201 
 177 0.1317 0.5668 0.3015 
 178 0.0500 0.8276 0.1224 
 179 0.0246 0.9186 0.0568 
 180 0.0874 0.7154 0.1972 
 181 0.0485 0.8076 0.1439 
 182 0.0244 0.8443 0.1312 
 183 0.0268 0.9062 0.0670 
 184 0.0997 0.0516 0.8487 
 185 0.0206 0.9181 0.0612 
 186 0.0852 0.0410 0.8738 
 187 0.0673 0.3787 0.5540 
 188 0.0632 0.0310 0.9058 
 189 0.2457 0.3523 0.4020 
 190 0.0234 0.7281 0.2485 
 191 0.0413 0.0933 0.8653 
 192 0.0627 0.2612 0.6760 
 193 0.0756 0.2261 0.6983 
 194 0.0510 0.2391 0.7099 
 195 0.0242 0.8439 0.1319 
 196 0.0417 0.3963 0.5620 
 197 0.2043 0.1155 0.6802 
 198 0.1075 0.1274 0.7651 
 199 0.0367 0.3567 0.6066 
 200 0.0706 0.2419 0.6875 
 201 0.0332 0.8288 0.1380 
 202 0.0235 0.7816 0.1949 
 203 0.0285 0.8049 0.1665 
 204 0.0285 0.5084 0.4632 
 205 0.0531 0.1383 0.8086 
 206 0.0335 0.4128 0.5537 
 207 0.0301 0.1009 0.8690 
 208 0.0406 0.4861 0.4732 
 209 0.0521 0.1459 0.8020 
 210 0.0378 0.4191 0.5431 
 211 0.0271 0.1638 0.8091 
 212 0.0462 0.8126 0.1411 
 213 0.0672 0.1338 0.7990 
 214 0.0309 0.8272 0.1418 
 215 0.0371 0.0625 0.9004 
 216 0.1047 0.0748 0.8205 
 217 0.0421 0.7919 0.1660 
 218 0.0542 0.1961 0.7496 
 219 0.1947 0.2735 0.5318 
 220 0.0326 0.1159 0.8515 
 221 0.0213 0.9085 0.0701 
 222 0.1992 0.1294 0.6714 
 223 0.0877 0.5239 0.3883 
 224 0.0327 0.6729 0.2944 
 225 0.0442 0.3067 0.6492 
 226 0.1758 0.1848 0.6393 
 227 0.0307 0.4590 0.5103 
 228 0.0234 0.8303 0.1464 
 229 0.0411 0.6597 0.2992 
 230 0.0352 0.5240 0.4408 
 231 0.0596 0.5676 0.3728 
 232 0.0879 0.3933 0.5189 
 233 0.0300 0.8571 0.1129 
 234 0.0850 0.2016 0.7134 
 235 0.0941 0.4398 0.4661 
 236 0.0599 0.5545 0.3856 
 237 0.0329 0.1767 0.7905 
 238 0.0405 0.7663 0.1933 
 239 0.0253 0.8418 0.1329 
 240 0.0417 0.7600 0.1983 
 241 0.0303 0.8240 0.1457 
 242 0.1101 0.3414 0.5485 
 243 0.0285 0.5123 0.4592 
 244 0.0308 0.7534 0.2158 
 245 0.0273 0.8825 0.0901 
 246 0.0428 0.7930 0.1642 
 247 0.1129 0.0391 0.8479 
 248 0.0358 0.0438 0.9204 
 249 0.0378 0.6638 0.2985 
 250 0.0542 0.3415 0.6042 
 251 0.0969 0.0954 0.8077 
 252 0.0613 0.4518 0.4869 
 253 0.0632 0.0827 0.8541 
 254 0.1296 0.1658 0.7046 
 255 0.0817 0.2387 0.6796 
 256 0.0411 0.6519 0.3070 
 257 0.0401 0.1844 0.7755 
 258 0.0496 0.0989 0.8516 
 259 0.0395 0.1357 0.8248 
 260 0.1423 0.3252 0.5325 
 261 0.0572 0.6609 0.2819 
 262 0.0278 0.8522 0.1200 
 263 0.0506 0.1340 0.8154 
 264 0.6429 0.0319 0.3252 
 265 0.0961 0.2573 0.6467 
 266 0.0219 0.9013 0.0768 
 267 0.0503 0.2756 0.6741 
 268 0.0410 0.3928 0.5662 
 269 0.2013 0.2900 0.5087 
 270 0.0826 0.0843 0.8331 
 271 0.0420 0.0838 0.8742 
 272 0.1077 0.1158 0.7766 
 273 0.1173 0.5132 0.3695 
 274 0.0791 0.1356 0.7853 
 275 0.1098 0.2771 0.6131 
 276 0.0897 0.0951 0.8152 
 277 0.0939 0.4326 0.4735 
 278 0.0406 0.1025 0.8569 
 279 0.0618 0.2828 0.6554 
 280 0.2113 0.2683 0.5203 
 281 0.0547 0.1332 0.8121 
 282 0.0743 0.6578 0.2679 
 283 0.0392 0.7905 0.1703 
 284 0.0539 0.2774 0.6687 
 285 0.0657 0.0310 0.9032 
 286 0.0309 0.7544 0.2147 
 287 0.1252 0.2318 0.6431 
 288 0.1118 0.1187 0.7696 
 289 0.1079 0.1573 0.7348 
 290 0.3424 0.1901 0.4675 
 291 0.0419 0.0856 0.8725 
 292 0.1614 0.4507 0.3880 
 293 0.5442 0.0835 0.3723 
 294 0.0592 0.1215 0.8193 
 295 0.0949 0.1873 0.7178 
 296 0.0378 0.1225 0.8397 
 297 0.2380 0.1281 0.6338 
 298 0.0776 0.4772 0.4453 
 299 0.0756 0.1174 0.8070 
 300 0.0563 0.1164 0.8274 
 301 0.1351 0.0837 0.7812 
 302 0.0524 0.1259 0.8218 
 303 0.0609 0.7104 0.2287 
 304 0.1889 0.4051 0.4060 
 305 0.0314 0.7398 0.2288 
 306 0.0566 0.7548 0.1885 
 307 0.0519 0.2310 0.7171 
 308 0.0574 0.6610 0.2816 
 309 0.0556 0.1436 0.8009 
 310 0.0331 0.7099 0.2571 
 311 0.0350 0.5238 0.4412 
 312 0.0282 0.1229 0.8488 
 313 0.0285 0.0676 0.9039 
 314 0.0244 0.9271 0.0485 
 315 0.0314 0.9073 0.0613 
 316 0.0373 0.8997 0.0631 
 317 0.0258 0.9253 0.0489 
 318 0.0267 0.9259 0.0474 
 319 0.0244 0.9171 0.0585 
 320 0.0238 0.9273 0.0489 
 321 0.0281 0.9206 0.0512 
 322 0.0352 0.8985 0.0663 
 323 0.0261 0.9213 0.0526 
 324 0.0286 0.9197 0.0517 
 325 0.0363 0.9042 0.0594 
 326 0.0372 0.9077 0.0551 
 327 0.0259 0.9248 0.0493 
 328 0.0353 0.8922 0.0725 
 329 0.0250 0.9247 0.0504 
 330 0.0254 0.9265 0.0481 
 331 0.0243 0.9256 0.0502 
 332 0.0452 0.8906 0.0642 
 333 0.0327 0.9086 0.0588 
 334 0.0345 0.8922 0.0733 
 335 0.0324 0.9030 0.0647 
 336 0.0289 0.9219 0.0492 
 337 0.0398 0.8961 0.0641 
 338 0.0279 0.9233 0.0488 
 339 0.0242 0.9253 0.0505 
 340 0.0221 0.9288 0.0491 
 341 0.0245 0.9244 0.0510 
 342 0.0254 0.9259 0.0486 
 343 0.0363 0.8960 0.0676 
 344 0.0251 0.9265 0.0485 
 345 0.0254 0.9261 0.0485 
 346 0.0241 0.9297 0.0462 
 347 0.0221 0.9310 0.0469 
 348 0.0291 0.9078 0.0632 
 349 0.0260 0.9253 0.0487 
 350 0.0241 0.9196 0.0563 
 351 0.0318 0.9025 0.0656 
 352 0.0344 0.9027 0.0629 
 353 0.0295 0.9216 0.0489 
 354 0.0253 0.9234 0.0513 
 355 0.0265 0.9268 0.0468 
 356 0.0294 0.9000 0.0706 
 357 0.2110 0.5246 0.2645 
 358 0.0357 0.9003 0.0640 
 359 0.0251 0.9222 0.0528 
 360 0.0243 0.9294 0.0463 
 361 0.2129 0.4318 0.3553 
 362 0.3116 0.0608 0.6276 
 363 0.6518 0.0355 0.3127 
 364 0.2400 0.3153 0.4447 
 365 0.7284 0.0356 0.2360 
 366 0.5187 0.1437 0.3376 
 367 0.6188 0.0176 0.3636 
 368 0.0715 0.0322 0.8963 
 369 0.2188 0.3991 0.3821 
 370 0.0648 0.0484 0.8868 
 371 0.2987 0.0933 0.6080 
 372 0.0871 0.1150 0.7979 
 373 0.1919 0.0554 0.7528 
 374 0.3120 0.3007 0.3873 
 375 0.5716 0.0265 0.4019 
 376 0.9058 0.0200 0.0741 
 377 0.4392 0.0503 0.5105 
 378 0.1104 0.1072 0.7824 
 379 0.9130 0.0190 0.0680 
 380 0.7636 0.1266 0.1098 
 381 0.8368 0.0782 0.0850 
 382 0.5429 0.0295 0.4276 
 383 0.8112 0.1006 0.0882 
 384 0.7399 0.0637 0.1964 
 385 0.1339 0.0921 0.7740 
 386 0.5760 0.0297 0.3943 
 387 0.5918 0.0314 0.3768 
 388 0.2040 0.1896 0.6065 
 389 0.0530 0.0450 0.9019 
 390 0.6630 0.0345 0.3025 
 391 0.1216 0.0628 0.8156 
 392 0.7972 0.0554 0.1475 
 393 0.8658 0.0665 0.0677 
 394 0.1792 0.1746 0.6462 
 395 0.5928 0.0574 0.3497 
 396 0.4976 0.0203 0.4821 
 397 0.2619 0.1490 0.5891 
 398 0.8715 0.0206 0.1079 
 399 0.1769 0.0260 0.7971 
 400 0.6949 0.0365 0.2686 
 401 0.3343 0.0440 0.6217 
 402 0.1157 0.0688 0.8155 
 403 0.1557 0.3412 0.5032 
 404 0.5884 0.0745 0.3371 
 405 0.3829 0.0777 0.5394 
 406 0.6109 0.2164 0.1727 
 407 0.8850 0.0204 0.0946 
 408 0.0584 0.0212 0.9204 
 409 0.3575 0.5031 0.1393 
 410 0.7374 0.0616 0.2011 
 411 0.6446 0.2089 0.1465 
 412 0.1055 0.0306 0.8639 
 413 0.0963 0.0880 0.8157 
 414 0.0950 0.0227 0.8823 
 415 0.8376 0.0318 0.1306 
 416 0.6185 0.0515 0.3301 
 417 0.8450 0.0272 0.1278 
 418 0.4883 0.0218 0.4899 
 419 0.3663 0.1650 0.4687 
 420 0.3856 0.0326 0.5818 
 421 0.6888 0.0326 0.2786 
 422 0.6221 0.0535 0.3244 
 423 0.7324 0.0420 0.2256 
 424 0.1682 0.0522 0.7797 
 425 0.4668 0.0645 0.4687 
 426 0.1509 0.0508 0.7983 
 427 0.7973 0.0815 0.1211 
 428 0.5152 0.1963 0.2885 
 429 0.8708 0.0180 0.1112 
 430 0.8638 0.0263 0.1098 
 431 0.1379 0.0395 0.8226 
 432 0.0807 0.0378 0.8815 
 433 0.0516 0.1940 0.7544 
 434 0.2943 0.1150 0.5907 
 435 0.8669 0.0200 0.1131 
 436 0.8925 0.0319 0.0756 
 437 0.8610 0.0228 0.1162 
 438 0.7144 0.0684 0.2173 
 439 0.9027 0.0269 0.0704 
 440 0.8835 0.0171 0.0995 
 441 0.6629 0.0796 0.2575 
 442 0.7950 0.0235 0.1816 
 443 0.5784 0.0244 0.3972 
 444 0.8254 0.0224 0.1522 
 445 0.7189 0.1418 0.1393 
 446 0.8669 0.0228 0.1103 
 447 0.6673 0.0564 0.2763 
 448 0.6999 0.0265 0.2737 
 449 0.6552 0.0465 0.2983 
 450 0.8122 0.0381 0.1498 
 451 0.0937 0.0181 0.8882 
 452 0.8446 0.0319 0.1235 
 453 0.1105 0.0811 0.8083 
 454 0.6765 0.0564 0.2671 
 455 0.8432 0.0257 0.1310 
 456 0.8100 0.0247 0.1653 
 457 0.8806 0.0244 0.0950 
 458 0.8939 0.0279 0.0782 
 459 0.6523 0.0759 0.2718 
 460 0.8292 0.0218 0.1490 
 461 0.7853 0.0212 0.1935 
 462 0.8364 0.0176 0.1460 
 463 0.5392 0.0873 0.3735 
 464 0.7195 0.0224 0.2581 
 465 0.4404 0.0327 0.5269 
 466 0.4735 0.0291 0.4974 
 467 0.7432 0.0564 0.2004 
 468 0.8880 0.0225 0.0895 
 469 0.9128 0.0236 0.0636 
 470 0.8863 0.0205 0.0932 
 471 0.3857 0.0446 0.5698 
 472 0.5405 0.0344 0.4252 
 473 0.4912 0.0534 0.4555 
 474 0.8250 0.0360 0.1390 
 475 0.5176 0.0513 0.4311 
 476 0.8887 0.0275 0.0838 
 477 0.1558 0.0449 0.7993 
 478 0.1696 0.0217 0.8087 
 479 0.8367 0.0198 0.1435 
 480 0.9038 0.0229 0.0733 
 481 0.4415 0.0272 0.5313 
 482 0.8953 0.0190 0.0857 
 483 0.8685 0.0289 0.1026 
 484 0.7838 0.0382 0.1780 
 485 0.8855 0.0226 0.0919 
 486 0.0596 0.0402 0.9002 
 487 0.0744 0.0991 0.8265 
 488 0.0443 0.0470 0.9087 
 489 0.0867 0.1940 0.7193 
 490 0.0832 0.0244 0.8924 
 491 0.0515 0.1099 0.8386 
 492 0.0535 0.1835 0.7630 
 493 0.0474 0.0449 0.9077 
 494 0.1177 0.0837 0.7986 
 495 0.0793 0.0722 0.8485 
 496 0.0685 0.3823 0.5492 
 497 0.0498 0.0823 0.8679 
 498 0.0692 0.0449 0.8859 
 499 0.0619 0.2449 0.6932 
 500 0.1866 0.0522 0.7612 
 501 0.1924 0.1343 0.6733 
 502 0.0893 0.1329 0.7779 
 503 0.4909 0.0348 0.4744 
 504 0.0464 0.0321 0.9215 
 505 0.0519 0.1015 0.8466 
 506 0.0787 0.1247 0.7967 
 507 0.0293 0.8458 0.1249 
 508 0.0308 0.6791 0.2901 
 509 0.0458 0.2076 0.7466 
 510 0.2196 0.2532 0.5272 
 511 0.5512 0.0413 0.4075 
 512 0.6497 0.0240 0.3263 
 513 0.0240 0.0477 0.9283 
 514 0.0616 0.0406 0.8978 
 515 0.5877 0.1493 0.2630 
 516 0.0413 0.0424 0.9163 
 517 0.2339 0.1352 0.6309 
 518 0.1624 0.2662 0.5714 
 519 0.0724 0.0413 0.8862 
 520 0.2255 0.4934 0.2811 
 521 0.0716 0.4193 0.5091 
 522 0.6110 0.0689 0.3200 
 523 0.0652 0.2342 0.7007 
 524 0.4627 0.0789 0.4584 
 525 0.3015 0.2992 0.3993 
 526 0.6783 0.1386 0.1830 
 527 0.1879 0.0390 0.7731 
 528 0.0447 0.7619 0.1933 
 529 0.0780 0.1034 0.8187 
 530 0.5451 0.0820 0.3729 
 531 0.2246 0.4599 0.3155 
 532 0.1399 0.2545 0.6056 
 533 0.3751 0.0723 0.5526 
 534 0.0354 0.0976 0.8670 
 535 0.2672 0.0787 0.6541 
 536 0.4628 0.2730 0.2641 
 537 0.0702 0.6289 0.3009 
 538 0.1077 0.3716 0.5207 
 539 0.0318 0.8776 0.0906 
 540 0.1405 0.4155 0.4441 
 541 0.0989 0.6279 0.2732 
 542 0.6055 0.1295 0.2650 
 543 0.0510 0.2231 0.7259 
 544 0.2132 0.2029 0.5839 
 545 0.5673 0.0577 0.3751 
 546 0.1290 0.3345 0.5365 
 547 0.0861 0.3727 0.5412 
 548 0.0568 0.3426 0.6007 
 549 0.1893 0.7137 0.0970 
 550 0.5342 0.1137 0.3521 
 551 0.0739 0.7547 0.1713 
 552 0.1016 0.4994 0.3990 
 553 0.0407 0.4054 0.5539 
 554 0.2720 0.1705 0.5574 
 555 0.0632 0.5494 0.3875 
 556 0.0894 0.3063 0.6043 
 557 0.5968 0.1346 0.2686 
 558 0.9025 0.0196 0.0780 
 559 0.0670 0.0361 0.8969 
 560 0.7418 0.0178 0.2404 
 561 0.4090 0.0234 0.5676 
 562 0.2262 0.0184 0.7554 
 563 0.1440 0.1041 0.7519 
 564 0.0721 0.0456 0.8823 
 565 0.8925 0.0242 0.0832 
 566 0.3260 0.0172 0.6568 
 567 0.0478 0.0282 0.9240 
 568 0.2188 0.0422 0.7390 
 569 0.2833 0.0584 0.6584 
 570 0.8722 0.0175 0.1102 
 571 0.0990 0.0259 0.8751 
 572 0.1265 0.3485 0.5250 
 573 0.0983 0.0455 0.8563 
 574 0.4848 0.1028 0.4124 
 575 0.2037 0.0665 0.7298 
 576 0.2069 0.0166 0.7765 
 577 0.4601 0.0837 0.4561 
 578 0.2630 0.0315 0.7055 
 579 0.3733 0.0314 0.5953 
 580 0.6299 0.0513 0.3189 
 581 0.6223 0.0371 0.3406 
 582 0.8487 0.0202 0.1311 
 583 0.2340 0.0281 0.7379 
 584 0.1670 0.0202 0.8128 
 585 0.4320 0.0256 0.5424 
 586 0.0887 0.0324 0.8789 
 587 0.6597 0.0210 0.3193 
 588 0.0268 0.0389 0.9344 
 589 0.6854 0.0236 0.2910 
 590 0.0675 0.0232 0.9093 
 591 0.0815 0.0287 0.8898 
 592 0.2621 0.0269 0.7110 
 593 0.2679 0.0528 0.6794 
 594 0.0637 0.0484 0.8879 
 595 0.4239 0.0191 0.5570 
 596 0.1046 0.0482 0.8473 
 597 0.0656 0.1096 0.8248 
 598 0.9008 0.0183 0.0809 
 599 0.3573 0.0197 0.6229 
 600 0.5661 0.0671 0.3668 
 601 0.6234 0.0201 0.3565 
 602 0.0598 0.0896 0.8506 
 603 0.0569 0.0787 0.8644 
 604 0.6384 0.0807 0.2809 
 605 0.2344 0.0386 0.7269 
 606 0.1891 0.1442 0.6667 
 607 0.1892 0.2026 0.6081 
 608 0.2511 0.4343 0.3146 
 609 0.5351 0.0470 0.4179 
 610 0.7661 0.0429 0.1910 
 611 0.0691 0.0802 0.8506 
 612 0.8846 0.0277 0.0877 
 613 0.1922 0.0495 0.7583 
 614 0.8473 0.0275 0.1252 
 615 0.8208 0.0576 0.1217 
 616 0.1757 0.1342 0.6900 
 617 0.4076 0.0325 0.5599 
 618 0.6688 0.1513 0.1799 
 619 0.1325 0.0947 0.7728 
 620 0.1604 0.0217 0.8179 
 621 0.1909 0.0273 0.7818 
 622 0.5559 0.1193 0.3248 
 623 0.0974 0.0309 0.8717 
 624 0.7896 0.0960 0.1144 
 625 0.5974 0.1091 0.2936 
 626 0.2952 0.6084 0.0964 
 627 0.1222 0.0401 0.8377 
 628 0.0879 0.0386 0.8735 
 629 0.1470 0.0516 0.8013 
 630 0.7439 0.0387 0.2174 
 631 0.5228 0.0530 0.4242 
 632 0.1189 0.3052 0.5759 
 633 0.5196 0.0872 0.3932 
 634 0.1540 0.1379 0.7081 
 635 0.1430 0.5346 0.3224 
 636 0.5472 0.1960 0.2568 
 637 0.2630 0.1133 0.6237 
 638 0.1120 0.0734 0.8146 
 639 0.4384 0.0796 0.4820 
 640 0.1498 0.0320 0.8182 
 641 0.2234 0.0524 0.7242 
 642 0.0954 0.6539 0.2507 
 643 0.0441 0.8507 0.1052 
 644 0.0476 0.6775 0.2749 
 645 0.2819 0.6292 0.0889 
 646 0.1275 0.1046 0.7680 
 647 0.0661 0.2875 0.6463 
 648 0.1518 0.3889 0.4593 
 649 0.0424 0.1897 0.7679 
 650 0.0489 0.1129 0.8382 
 651 0.0590 0.4230 0.5180 
 652 0.0655 0.6075 0.3270 
 653 0.1087 0.4427 0.4486 
 654 0.0855 0.6373 0.2772 
 655 0.0923 0.5382 0.3696 
 656 0.0941 0.2500 0.6560 
 657 0.3609 0.1447 0.4944 
 658 0.1701 0.1865 0.6434 
 659 0.0861 0.6071 0.3068 
 660 0.0412 0.7400 0.2188 
 661 0.0847 0.7349 0.1804 
 662 0.0332 0.1126 0.8542 
 663 0.0725 0.6436 0.2839 
 664 0.2882 0.2479 0.4639 
 665 0.0422 0.1278 0.8300 
 666 0.0707 0.6718 0.2575 
 667 0.0840 0.0604 0.8556 
 668 0.1406 0.5388 0.3206 
 669 0.0615 0.2769 0.6616 
 670 0.0262 0.9007 0.0731 
 671 0.0383 0.7913 0.1704 
 672 0.0659 0.7628 0.1713 
 673 0.0273 0.9167 0.0559 
 674 0.0522 0.8194 0.1285 
 675 0.0309 0.8469 0.1222 
 676 0.0258 0.9194 0.0548 
 677 0.0236 0.9060 0.0704 
 678 0.0275 0.9112 0.0613 
 679 0.0534 0.8378 0.1088 
 680 0.0445 0.8776 0.0780 
 681 0.1433 0.4850 0.3718 
 682 0.0458 0.8877 0.0665 
 683 0.0258 0.9080 0.0663 
 684 0.0273 0.9077 0.0650 
 685 0.0236 0.9230 0.0534 
 686 0.0438 0.8651 0.0912 
 687 0.0341 0.8017 0.1642 
 688 0.0334 0.8682 0.0984 
 689 0.0245 0.9212 0.0543 
 690 0.0261 0.9201 0.0538 
 691 0.0472 0.8485 0.1043 
 692 0.0389 0.8660 0.0952 
 693 0.0420 0.8662 0.0918 
 694 0.0215 0.9268 0.0516 
 695 0.0303 0.9062 0.0634 
 696 0.0332 0.8706 0.0962 
 697 0.0251 0.9181 0.0569 
 698 0.0254 0.9173 0.0573 
 699 0.0287 0.9015 0.0698 
 700 0.0685 0.8581 0.0734 
 701 0.0549 0.8020 0.1431 
 702 0.0597 0.8147 0.1256 
 703 0.0445 0.8812 0.0743 
 704 0.0302 0.8868 0.0830 
 705 0.0753 0.7150 0.2097 
 706 0.0397 0.8947 0.0656 
 707 0.0278 0.9112 0.0610 
 708 0.0245 0.9100 0.0655 
 709 0.0272 0.9172 0.0557 
 710 0.0223 0.9288 0.0489 
 711 0.0387 0.8868 0.0746 
 712 0.0207 0.9181 0.0612 
 713 0.0294 0.8793 0.0913 
 714 0.0543 0.7912 0.1545 
 715 0.0222 0.9256 0.0522 
 716 0.0383 0.9033 0.0584 
 717 0.0220 0.9275 0.0504 
 718 0.0398 0.8604 0.0997 
 719 0.0216 0.9230 0.0554 
 720 0.1558 0.0292 0.8150 
 721 0.1789 0.6029 0.2182 
 722 0.5260 0.0604 0.4136 
 723 0.6363 0.0533 0.3104 
 724 0.7225 0.1453 0.1321 
 725 0.1380 0.1698 0.6921 
 726 0.6688 0.0995 0.2316 
 727 0.1556 0.3881 0.4563 
 728 0.9179 0.0166 0.0654 
 729 0.8959 0.0190 0.0851 
 730 0.6364 0.0361 0.3275 
 731 0.8537 0.0373 0.1090 
 732 0.6316 0.0530 0.3154 
 733 0.8860 0.0244 0.0895 
 734 0.8865 0.0173 0.0962 
 735 0.8926 0.0294 0.0781 
 736 0.5939 0.0373 0.3689 
 737 0.5585 0.0447 0.3968 
 738 0.6146 0.0358 0.3496 
 739 0.8967 0.0225 0.0808 
 740 0.0566 0.7283 0.2151 
 741 0.1034 0.5094 0.3872 
 742 0.2029 0.1316 0.6655 
 743 0.1711 0.0671 0.7618 
 744 0.0601 0.1100 0.8299 
 745 0.1299 0.0263 0.8439 
 746 0.1808 0.1834 0.6358 
 747 0.0838 0.0476 0.8686 
 748 0.0610 0.4524 0.4866 
 749 0.0753 0.1673 0.7575 
 750 0.1055 0.1147 0.7798 
 751 0.0778 0.5086 0.4136 
 752 0.1241 0.0694 0.8064 
 753 0.2561 0.2341 0.5098 
 754 0.1266 0.3514 0.5220 
 755 0.1085 0.1238 0.7677 
 756 0.0500 0.1885 0.7615 
 757 0.0825 0.0961 0.8214 
 758 0.0465 0.0240 0.9296 
 759 0.1547 0.4812 0.3641 
 760 0.3628 0.1075 0.5297 
 761 0.5421 0.2639 0.1940 
 762 0.6691 0.0364 0.2945 
 763 0.2579 0.2352 0.5068 
 764 0.0778 0.0567 0.8655 
 765 0.5759 0.0615 0.3626 
 766 0.0999 0.3735 0.5266 
 767 0.1118 0.1675 0.7206 
 768 0.6737 0.0377 0.2886 
 769 0.5725 0.1846 0.2429 
 770 0.6027 0.0351 0.3621 
 771 0.0401 0.2031 0.7568 
 772 0.1388 0.2923 0.5689 
 773 0.0903 0.0768 0.8328 
 774 0.1077 0.5032 0.3891 
 775 0.7622 0.0599 0.1779 
 776 0.1015 0.0390 0.8595 
 777 0.1307 0.0938 0.7755 
 778 0.0817 0.1793 0.7391 
 779 0.0615 0.0906 0.8479 
 780 0.0738 0.3521 0.5741 
 781 0.0484 0.3422 0.6095 
 782 0.0631 0.0911 0.8457 
 783 0.1554 0.2473 0.5973 
 784 0.2643 0.0549 0.6808 
 785 0.1005 0.1003 0.7993 
 786 0.1109 0.4837 0.4054 
 787 0.0351 0.4173 0.5476 
 788 0.2062 0.0578 0.7360 
 789 0.2909 0.0604 0.6487 
 790 0.1414 0.2163 0.6423 
 791 0.1233 0.0954 0.7813 
 792 0.0393 0.5175 0.4432 
 793 0.1485 0.5237 0.3279 
 794 0.1235 0.1131 0.7634 
 795 0.1453 0.6079 0.2468 
 796 0.0706 0.1163 0.8132 
 797 0.0548 0.7724 0.1728 
 798 0.8258 0.0253 0.1489 
 799 0.1048 0.0504 0.8448 
 800 0.0281 0.6548 0.3171 
 801 0.8077 0.0507 0.1416 
 802 0.4800 0.2964 0.2236 
 803 0.1338 0.4361 0.4302 
 804 0.1628 0.1317 0.7055 
 805 0.0404 0.8612 0.0985 
 806 0.5989 0.1910 0.2101 
 807 0.0364 0.8520 0.1116 
 808 0.0610 0.5411 0.3979 
 809 0.5886 0.1646 0.2468 
 810 0.1692 0.1850 0.6457 
 811 0.1039 0.6166 0.2795 
 812 0.1339 0.0670 0.7990 
 813 0.8201 0.0297 0.1502 
 814 0.0445 0.0521 0.9034 
 815 0.4601 0.4209 0.1189 
 816 0.3346 0.4200 0.2454 
 817 0.4809 0.2960 0.2231 
 818 0.1328 0.0455 0.8217 
 819 0.0378 0.0838 0.8784 
 820 0.0577 0.1061 0.8361 
 821 0.1740 0.0566 0.7693 
 822 0.3088 0.0200 0.6711 
 823 0.5039 0.1765 0.3197 
 824 0.1039 0.1057 0.7904 
 825 0.2289 0.0366 0.7345 
 826 0.0545 0.0258 0.9197 
 827 0.4300 0.0404 0.5296 
 828 0.5014 0.0725 0.4261 
 829 0.7021 0.0695 0.2284 
 830 0.4227 0.0249 0.5524 
 831 0.2373 0.0996 0.6631 
 832 0.2912 0.1237 0.5850 
 833 0.4938 0.1217 0.3845 
 834 0.3462 0.0942 0.5595 
 835 0.0550 0.0270 0.9180 
 836 0.0831 0.0620 0.8549 
 837 0.5422 0.2463 0.2115 
 838 0.0638 0.0322 0.9040 
 839 0.2450 0.0401 0.7149 
 840 0.0480 0.1199 0.8321 
 841 0.0483 0.0779 0.8738 
 842 0.1234 0.0202 0.8564 
 843 0.0710 0.3356 0.5934 
 844 0.1425 0.1076 0.7499 
 845 0.0986 0.0255 0.8760 
 846 0.0690 0.0673 0.8638 
 847 0.0382 0.1153 0.8465 
 848 0.0401 0.0524 0.9075 
 849 0.1760 0.0368 0.7872 
 850 0.1239 0.0374 0.8386 
 851 0.0483 0.0310 0.9207 
 852 0.2370 0.4998 0.2633 
 853 0.2899 0.0324 0.6777 
 854 0.3884 0.1805 0.4312 
 855 0.0574 0.0516 0.8910 
 856 0.0671 0.0810 0.8520 
 857 0.1037 0.0510 0.8453 
 858 0.0957 0.0300 0.8743 
 859 0.2126 0.0346 0.7528 
 860 0.0495 0.0274 0.9231 
 861 0.0428 0.3835 0.5737 
 862 0.9089 0.0236 0.0675 
 863 0.8449 0.0592 0.0958 
 864 0.9001 0.0400 0.0600 
 865 0.8895 0.0176 0.0929 
 866 0.4533 0.0315 0.5152 
 867 0.8832 0.0398 0.0770 
 868 0.8195 0.0341 0.1464 
 869 0.5205 0.0341 0.4454 
 870 0.7667 0.0231 0.2102 
 871 0.8471 0.0214 0.1315 
 872 0.8784 0.0266 0.0951 
 873 0.8934 0.0325 0.0742 
 874 0.8934 0.0202 0.0864 
 875 0.4355 0.0400 0.5245 
 876 0.0948 0.0248 0.8804 
 877 0.9087 0.0279 0.0634 
 878 0.4427 0.0529 0.5044 
 879 0.8867 0.0364 0.0769 
 880 0.3876 0.0317 0.5807 
 881 0.8698 0.0356 0.0947 
 882 0.8929 0.0305 0.0766 
 883 0.1323 0.0414 0.8264 
 884 0.8923 0.0167 0.0911 
 885 0.7431 0.0679 0.1890 
 886 0.6602 0.0473 0.2925 
 887 0.8867 0.0197 0.0935 
 888 0.3731 0.1222 0.5047 
 889 0.8982 0.0172 0.0846 
 890 0.3197 0.0196 0.6607 
 891 0.0604 0.0290 0.9106 
 892 0.0750 0.0338 0.8912 
 893 0.2473 0.0600 0.6927 
 894 0.4965 0.0198 0.4837 
 895 0.8625 0.0214 0.1161 
 896 0.0459 0.0510 0.9030 
 897 0.0504 0.0304 0.9192 
 898 0.4435 0.0617 0.4948 
 899 0.4115 0.0165 0.5719 
 900 0.0612 0.0241 0.9148 
 901 0.0708 0.0255 0.9037 
 902 0.0481 0.0424 0.9096 
 903 0.6450 0.0282 0.3268 
 904 0.4223 0.0600 0.5177 
 905 0.7248 0.0192 0.2561 
 906 0.1696 0.0387 0.7917 
 907 0.1565 0.0407 0.8028 
 908 0.1559 0.0320 0.8120 
 909 0.1487 0.0417 0.8096 
 910 0.0662 0.0401 0.8937 
 911 0.7917 0.0175 0.1908 
 912 0.4498 0.0212 0.5290 
 913 0.4953 0.0212 0.4835 
 914 0.2700 0.1299 0.6001 
 915 0.1637 0.0171 0.8192 
 916 0.2032 0.0230 0.7737 
 917 0.2918 0.0251 0.6831 
 918 0.4647 0.1119 0.4234 
 919 0.6000 0.0554 0.3446 
 920 0.1474 0.0355 0.8171 
 921 0.0724 0.3188 0.6087 
 922 0.0935 0.0540 0.8525 
 923 0.0429 0.0890 0.8681 
 924 0.0388 0.0434 0.9178 
 925 0.0593 0.0756 0.8651 
 926 0.0286 0.2767 0.6948 
 927 0.0867 0.3817 0.5316 
 928 0.0329 0.5056 0.4615 
 929 0.0288 0.0791 0.8920 
 930 0.0543 0.1089 0.8369 
 931 0.3539 0.5220 0.1240 
 932 0.0378 0.0647 0.8975 
 933 0.0402 0.7009 0.2589 
 934 0.0288 0.0315 0.9397 
 935 0.0813 0.1833 0.7354 
 936 0.0722 0.1282 0.7996 
 937 0.0730 0.5480 0.3791 
 938 0.0292 0.5200 0.4508 
 939 0.0759 0.6351 0.2890 
 940 0.0934 0.2129 0.6936 
 941 0.1250 0.0609 0.8141 
 942 0.0694 0.3114 0.6191 
 943 0.0532 0.8209 0.1258 
 944 0.0641 0.5584 0.3775 
 945 0.0505 0.1033 0.8462 
 946 0.0519 0.1299 0.8183 
 947 0.0488 0.6647 0.2864 
 948 0.6417 0.0906 0.2677 
 949 0.3675 0.0503 0.5822 
 950 0.0343 0.5170 0.4487 
 951 0.0688 0.3480 0.5833 
 952 0.0838 0.2020 0.7143 
 953 0.0999 0.0972 0.8029 
 954 0.3253 0.1930 0.4817 
 955 0.0358 0.8950 0.0692 
 956 0.0261 0.8872 0.0868 
 957 0.1324 0.4783 0.3893 
 958 0.1210 0.0643 0.8147 
 959 0.0530 0.2443 0.7027 
 960 0.5367 0.0784 0.3849 
 961 0.0232 0.9247 0.0521 
 962 0.0289 0.0676 0.9035 
 963 0.1478 0.0637 0.7885 
 964 0.1054 0.0915 0.8031 
 965 0.0490 0.3012 0.6499 
 966 0.1125 0.2212 0.6663 
 967 0.0406 0.8919 0.0675 
 968 0.0338 0.0850 0.8812 
 969 0.2381 0.2256 0.5363 
 970 0.0464 0.7815 0.1722 
 971 0.0388 0.1662 0.7950 
 972 0.1653 0.2342 0.6005 
 973 0.0309 0.4509 0.5182 
 974 0.0794 0.0770 0.8436 
 975 0.2401 0.2265 0.5334 
 976 0.0375 0.1645 0.7979 
 977 0.1188 0.2952 0.5860 
 978 0.0387 0.2919 0.6695 
 979 0.0552 0.0662 0.8786 
 980 0.0417 0.3668 0.5915 
 981 0.0805 0.1806 0.7389 
 982 0.0961 0.0342 0.8697 
 983 0.3802 0.0494 0.5704 
 984 0.1915 0.6818 0.1267 
 985 0.0533 0.1373 0.8094 
 986 0.0800 0.0657 0.8543 
 987 0.0604 0.0272 0.9124 
 988 0.6885 0.0190 0.2925 
 989 0.0961 0.7492 0.1547 
 990 0.1868 0.0813 0.7319 
 991 0.0706 0.1054 0.8240 
 992 0.0357 0.0304 0.9339 
 993 0.5549 0.0467 0.3984 
 994 0.0609 0.2601 0.6790 
 995 0.0209 0.9154 0.0637 
 996 0.1682 0.0379 0.7939 
 997 0.0355 0.0731 0.8914 
 998 0.0644 0.0352 0.9004 
 999 0.0650 0.1449 0.7901 
1000 0.0635 0.0322 0.9043 
1001 0.1624 0.0445 0.7932 
1002 0.1279 0.0207 0.8514 
1003 0.0530 0.0856 0.8613 
1004 0.0410 0.0525 0.9065 
1005 0.0605 0.0334 0.9061 
1006 0.0716 0.1597 0.7688 
1007 0.0536 0.3160 0.6304 
1008 0.0544 0.5182 0.4275 
1009 0.1787 0.1600 0.6613 
1010 0.0651 0.1249 0.8099 
1011 0.0804 0.4718 0.4477 
1012 0.0956 0.0777 0.8267 
1013 0.0583 0.1059 0.8358 
1014 0.0925 0.0363 0.8712 
1015 0.0372 0.0523 0.9105 
1016 0.0555 0.0303 0.9141 
1017 0.0431 0.1566 0.8003 
1018 0.0610 0.1396 0.7994 
1019 0.1020 0.1316 0.7664 
1020 0.0332 0.8660 0.1008 
1021 0.0495 0.6223 0.3282 
1022 0.0528 0.1254 0.8218 
1023 0.1906 0.0469 0.7626 
1024 0.1640 0.0355 0.8005 
1025 0.0641 0.0662 0.8698 
1026 0.6911 0.1927 0.1162 
1027 0.6396 0.1675 0.1929 
1028 0.7107 0.0900 0.1994 
1029 0.1046 0.1301 0.7654 
1030 0.0978 0.5087 0.3935 
1031 0.4464 0.2758 0.2778 
1032 0.3346 0.3639 0.3016 
1033 0.4174 0.3047 0.2780 
1034 0.0964 0.1395 0.7641 
1035 0.0764 0.7472 0.1764 
1036 0.1488 0.5388 0.3123 
1037 0.0485 0.5655 0.3860 
1038 0.3535 0.4705 0.1760 
1039 0.1708 0.4663 0.3630 
1040 0.6837 0.1850 0.1313 
1041 0.6841 0.1352 0.1807 
1042 0.2175 0.4936 0.2889 
1043 0.4698 0.2731 0.2570 
1044 0.4399 0.1507 0.4095 
1045 0.7482 0.1532 0.0986 
1046 0.1997 0.4433 0.3570 
1047 0.0685 0.7565 0.1750 
1048 0.1384 0.0745 0.7871 
1049 0.0693 0.0455 0.8852 
1050 0.3939 0.0177 0.5884 
1051 0.1318 0.0206 0.8476 
1052 0.1673 0.0274 0.8054 
1053 0.1795 0.0334 0.7871 
1054 0.1275 0.0341 0.8384 
1055 0.0496 0.0260 0.9245 
1056 0.0764 0.0280 0.8956 
1057 0.7883 0.0241 0.1876 
1058 0.3344 0.0213 0.6443 
1059 0.3881 0.0408 0.5711 
1060 0.2662 0.0652 0.6686 
1061 0.0515 0.0234 0.9251 
1062 0.3818 0.0241 0.5941 
1063 0.0376 0.0696 0.8928 
1064 0.2048 0.0303 0.7649 
1065 0.1149 0.0436 0.8415 
1066 0.0508 0.0483 0.9009 
1067 0.2897 0.0224 0.6879 
1068 0.1364 0.2160 0.6476 
1069 0.0999 0.0178 0.8824 
1070 0.1440 0.0244 0.8316 
1071 0.1190 0.0741 0.8069 
1072 0.0964 0.0431 0.8605 
1073 0.3081 0.0296 0.6623 
1074 0.3051 0.0582 0.6367 
1075 0.2188 0.0412 0.7401 
1076 0.1993 0.0475 0.7533 
1077 0.8394 0.0221 0.1385 
1078 0.0713 0.0335 0.8952 
1079 0.2658 0.0287 0.7055 
1080 0.0909 0.1003 0.8088 
1081 0.2118 0.0214 0.7667 
1082 0.1526 0.0562 0.7912 
1083 0.1045 0.0382 0.8572 
1084 0.0996 0.0956 0.8048 
1085 0.1126 0.0157 0.8717 
1086 0.0403 0.0234 0.9364 
1087 0.1007 0.0162 0.8831 
1088 0.0768 0.0167 0.9066 
1089 0.5057 0.0187 0.4756 
1090 0.2758 0.0238 0.7005 
1091 0.0830 0.0341 0.8828 
1092 0.2121 0.0217 0.7662 
1093 0.0544 0.0523 0.8933 
1094 0.7304 0.0621 0.2075 
1095 0.8248 0.0202 0.1550 
1096 0.3469 0.0453 0.6078 
1097 0.7560 0.0174 0.2266 
1098 0.0422 0.0227 0.9351 
1099 0.0456 0.0857 0.8687 
1100 0.1320 0.0211 0.8469 
1101 0.0960 0.0187 0.8852 
1102 0.2311 0.0241 0.7448 
1103 0.1321 0.0410 0.8270 
1104 0.0698 0.0248 0.9054 
1105 0.1044 0.0253 0.8703 
1106 0.1389 0.0710 0.7901 
1107 0.1981 0.0361 0.7658 
1108 0.8334 0.0259 0.1407 
1109 0.7189 0.0259 0.2552 
1110 0.0501 0.5235 0.4264 
1111 0.0280 0.5292 0.4429 
1112 0.1157 0.8273 0.0570 
1113 0.2527 0.5323 0.2151 
1114 0.4772 0.2110 0.3118 
1115 0.1025 0.7014 0.1962 
1116 0.0536 0.8548 0.0917 
1117 0.6548 0.1659 0.1794 
1118 0.0537 0.8792 0.0671 
1119 0.5512 0.2847 0.1641 
1120 0.1293 0.7623 0.1085 
1121 0.3331 0.5682 0.0987 
1122 0.2379 0.3986 0.3636 
1123 0.2878 0.2027 0.5095 
1124 0.0520 0.8812 0.0669 
1125 0.1293 0.5719 0.2988 
1126 0.3372 0.5465 0.1163 
1127 0.2123 0.6849 0.1028 
1128 0.0421 0.8204 0.1375 
1129 0.2128 0.2415 0.5457 
1130 0.1910 0.2374 0.5716 
1131 0.7484 0.1139 0.1378 
1132 0.2062 0.7005 0.0933 
1133 0.0930 0.7698 0.1372 
1134 0.0354 0.8858 0.0789 
1135 0.4281 0.1097 0.4621 
1136 0.7824 0.0927 0.1249 
1137 0.0623 0.6622 0.2755 
1138 0.2250 0.3406 0.4344 
1139 0.0363 0.8768 0.0869 
1140 0.1656 0.3209 0.5135 
1141 0.2047 0.2114 0.5839 
1142 0.6795 0.1070 0.2135 
1143 0.1087 0.3109 0.5804 
1144 0.1483 0.5568 0.2949 
1145 0.4833 0.2430 0.2737 
1146 0.3575 0.4701 0.1723 
1147 0.2682 0.0814 0.6504 
1148 0.8279 0.0487 0.1235 
1149 0.1573 0.5743 0.2684 
1150 0.0959 0.3325 0.5716 
1151 0.1650 0.7426 0.0924 
1152 0.3912 0.1435 0.4652 
1153 0.7450 0.0783 0.1767 
1154 0.3089 0.3958 0.2953 
1155 0.1857 0.4633 0.3510 
1156 0.0853 0.7100 0.2046 
1157 0.6424 0.2486 0.1090 
1158 0.0951 0.7397 0.1652 
1159 0.0766 0.0244 0.8991 
1160 0.0743 0.0251 0.9006 
1161 0.0332 0.0375 0.9293 
1162 0.0842 0.1308 0.7850 
1163 0.0755 0.5104 0.4141 
1164 0.1307 0.1044 0.7649 
1165 0.0602 0.0301 0.9097 
1166 0.0476 0.1965 0.7559 
1167 0.1082 0.0227 0.8692 
1168 0.1112 0.0389 0.8499 
1169 0.1067 0.0594 0.8339 
1170 0.3207 0.0354 0.6439 
1171 0.2720 0.0772 0.6508 
1172 0.1289 0.0340 0.8371 
1173 0.0949 0.0388 0.8664 
1174 0.0574 0.0238 0.9188 
1175 0.0919 0.0339 0.8742 
1176 0.0740 0.0792 0.8468 
1177 0.8799 0.0209 0.0992 
1178 0.0656 0.0329 0.9015 
1179 0.4098 0.0213 0.5689 
1180 0.1077 0.0239 0.8684 
1181 0.0977 0.0395 0.8628 
1182 0.0544 0.0345 0.9111 
1183 0.2965 0.1199 0.5837 
1184 0.2773 0.0221 0.7006 
1185 0.3557 0.0368 0.6074 
1186 0.2001 0.0829 0.7170 
1187 0.4173 0.1178 0.4649 
1188 0.4163 0.0343 0.5494 
1189 0.0626 0.0688 0.8686 
1190 0.1182 0.0235 0.8583 
1191 0.3873 0.1920 0.4207 
1192 0.0390 0.0258 0.9352 
1193 0.1400 0.1053 0.7548 
1194 0.8795 0.0213 0.0992 
1195 0.0975 0.0226 0.8800 
1196 0.0719 0.0284 0.8996 
1197 0.3022 0.0207 0.6771 
1198 0.0502 0.0222 0.9275 
1199 0.1650 0.0370 0.7981 
1200 0.6714 0.0230 0.3056 
1201 0.0808 0.1977 0.7215 
1202 0.1198 0.0973 0.7829 
1203 0.0544 0.0235 0.9221 
1204 0.1470 0.0480 0.8050 
1205 0.1168 0.0300 0.8532 
1206 0.2579 0.6565 0.0857 
1207 0.3799 0.1184 0.5017 
1208 0.0265 0.6648 0.3087 
1209 0.0811 0.2758 0.6431 
1210 0.2294 0.1735 0.5971 
1211 0.1687 0.4380 0.3933 
1212 0.5707 0.2739 0.1554 
1213 0.0779 0.2208 0.7012 
1214 0.0860 0.3156 0.5984 
1215 0.0574 0.0838 0.8588 
1216 0.0545 0.1021 0.8434 
1217 0.6404 0.2213 0.1383 
1218 0.7210 0.0607 0.2182 
1219 0.2891 0.2067 0.5042 
1220 0.7184 0.0603 0.2212 
1221 0.0588 0.1026 0.8386 
1222 0.2901 0.3273 0.3825 
1223 0.7977 0.0683 0.1340 
1224 0.0935 0.0864 0.8201 
1225 0.6349 0.0958 0.2692 
1226 0.6473 0.1214 0.2312 
1227 0.1322 0.1377 0.7301 
1228 0.0568 0.3038 0.6394 
1229 0.0306 0.0646 0.9048 
1230 0.0696 0.6543 0.2761 
1231 0.0922 0.2340 0.6738 
1232 0.0336 0.0443 0.9221 
1233 0.1784 0.1600 0.6616 
1234 0.1096 0.3341 0.5563 
1235 0.0514 0.2954 0.6533 
1236 0.0252 0.1713 0.8035 
1237 0.0352 0.2379 0.7268 
1238 0.0346 0.3513 0.6141 
1239 0.0527 0.1191 0.8282 
1240 0.0298 0.1428 0.8274 
1241 0.0482 0.1743 0.7775 
1242 0.0342 0.5119 0.4539 
1243 0.1306 0.2717 0.5977 
1244 0.0283 0.5432 0.4284 
1245 0.0263 0.5193 0.4544 
1246 0.0899 0.2999 0.6101 
1247 0.0246 0.7263 0.2492 
1248 0.0406 0.4129 0.5465 
1249 0.1859 0.0909 0.7232 
1250 0.0346 0.0620 0.9035 
1251 0.0354 0.1097 0.8549 
1252 0.0292 0.0408 0.9300 
1253 0.0506 0.2285 0.7209 
1254 0.0343 0.0415 0.9242 
1255 0.0236 0.3955 0.5810 
1256 0.0517 0.6469 0.3014 
1257 0.0512 0.2131 0.7357 
1258 0.0314 0.0328 0.9358 
1259 0.0629 0.0557 0.8814 
1260 0.0315 0.2812 0.6873 
1261 0.0330 0.4252 0.5418 
1262 0.0363 0.1520 0.8117 
1263 0.0832 0.0946 0.8221 
1264 0.0372 0.0924 0.8704 
1265 0.0329 0.3542 0.6129 
1266 0.1351 0.2261 0.6388 
1267 0.0453 0.3102 0.6444 
1268 0.6365 0.0218 0.3417 
1269 0.7461 0.0227 0.2311 
1270 0.0687 0.0687 0.8627 
1271 0.2760 0.0311 0.6929 
1272 0.2387 0.0472 0.7141 
1273 0.0854 0.0435 0.8711 
1274 0.3124 0.0697 0.6179 
1275 0.1459 0.0289 0.8251 
1276 0.8293 0.0333 0.1374 
1277 0.3244 0.0211 0.6545 
1278 0.7153 0.1687 0.1160 
1279 0.4504 0.0763 0.4733 
1280 0.1463 0.0754 0.7782 
1281 0.1174 0.0261 0.8565 
1282 0.2144 0.0160 0.7696 
1283 0.0892 0.0358 0.8750 
1284 0.4752 0.1457 0.3791 
1285 0.0622 0.0355 0.9023 
1286 0.1385 0.0493 0.8123 
1287 0.2677 0.1109 0.6214 
1288 0.5184 0.0692 0.4125 
1289 0.2134 0.0243 0.7623 
1290 0.1607 0.0924 0.7469 
1291 0.0755 0.0994 0.8251 
1292 0.0864 0.0429 0.8707 
1293 0.5023 0.0310 0.4667 
1294 0.0653 0.0387 0.8960 
1295 0.4580 0.0201 0.5219 
1296 0.6966 0.0380 0.2654 
1297 0.1044 0.0736 0.8221 
1298 0.2831 0.0277 0.6892 
1299 0.1110 0.0276 0.8614 
1300 0.1082 0.3729 0.5189 
1301 0.1135 0.0269 0.8597 
1302 0.4832 0.0707 0.4461 
1303 0.2858 0.0421 0.6721 
1304 0.3825 0.0495 0.5680 
1305 0.2467 0.1043 0.6490 
1306 0.1144 0.0272 0.8583 
1307 0.2238 0.0398 0.7364 
1308 0.0648 0.0689 0.8663 
1309 0.1065 0.0288 0.8647 
1310 0.4957 0.0272 0.4771 
1311 0.5977 0.0202 0.3821 
1312 0.0854 0.0481 0.8665 
1313 0.0752 0.0311 0.8937 
1314 0.7824 0.0338 0.1838 
1315 0.1383 0.2237 0.6380 
1316 0.4515 0.0286 0.5199 
1317 0.0387 0.0983 0.8631 
1318 0.2369 0.0585 0.7045 
1319 0.0292 0.8504 0.1204 
1320 0.0673 0.0837 0.8491 
1321 0.3599 0.0257 0.6143 
1322 0.5687 0.0634 0.3679 
1323 0.1327 0.0269 0.8404 
1324 0.3597 0.1053 0.5350 
1325 0.0723 0.0163 0.9114 
1326 0.6624 0.0240 0.3137 
1327 0.0354 0.0423 0.9223 
1328 0.0483 0.0273 0.9244 
1329 0.0639 0.0324 0.9037 
1330 0.0992 0.0305 0.8703 
1331 0.0623 0.0255 0.9122 
1332 0.1155 0.1345 0.7500 
1333 0.0570 0.0322 0.9108 
1334 0.4156 0.0252 0.5591 
1335 0.0760 0.0890 0.8350 
1336 0.0586 0.7469 0.1945 
1337 0.0895 0.6585 0.2521 
1338 0.0807 0.0441 0.8752 
1339 0.0569 0.0306 0.9125 
1340 0.0496 0.0449 0.9055 
1341 0.2827 0.0702 0.6471 
1342 0.0375 0.0653 0.8972 
1343 0.0391 0.0352 0.9256 
1344 0.0936 0.3770 0.5293 
1345 0.2849 0.0262 0.6889 
1346 0.5572 0.0533 0.3895 
1347 0.0359 0.1387 0.8253 
1348 0.0587 0.0515 0.8898 
1349 0.0385 0.7106 0.2509 
1350 0.0565 0.2132 0.7303 
1351 0.0432 0.0265 0.9303 
1352 0.5040 0.0538 0.4422 
1353 0.0759 0.0258 0.8982 
1354 0.0573 0.0392 0.9035 
1355 0.0544 0.0161 0.9295 
1356 0.0909 0.0455 0.8636 
1357 0.0372 0.0760 0.8868 
1358 0.0280 0.0377 0.9343 
1359 0.0379 0.0558 0.9064 
1360 0.1897 0.2770 0.5333 
1361 0.1116 0.1643 0.7241 
1362 0.1216 0.1112 0.7673 
1363 0.0986 0.2408 0.6606 
1364 0.1519 0.1848 0.6633 
1365 0.2182 0.0684 0.7134 
1366 0.1390 0.1191 0.7419 
1367 0.0388 0.3279 0.6333 
1368 0.0428 0.4752 0.4820 
1369 0.0707 0.0443 0.8850 
1370 0.0284 0.1411 0.8306 
1371 0.3181 0.0546 0.6273 
1372 0.0397 0.6853 0.2750 
1373 0.0866 0.6449 0.2686 
1374 0.0348 0.0637 0.9015 
1375 0.0808 0.3574 0.5618 
1376 0.0544 0.2657 0.6799 
1377 0.1064 0.1013 0.7924 
1378 0.1177 0.3967 0.4856 
1379 0.0273 0.8394 0.1333 
1380 0.2324 0.0523 0.7153 
1381 0.2263 0.0695 0.7041 
1382 0.0577 0.5563 0.3860 
1383 0.5418 0.0289 0.4293 
1384 0.3235 0.0518 0.6247 
1385 0.0398 0.6741 0.2861 
1386 0.1243 0.0722 0.8035 
1387 0.0883 0.3965 0.5152 
1388 0.2406 0.0992 0.6603 
1389 0.0538 0.0712 0.8751 
1390 0.0917 0.1408 0.7676 
1391 0.0990 0.1186 0.7825 
1392 0.5859 0.1564 0.2577 
1393 0.1094 0.4058 0.4848 
1394 0.0407 0.1567 0.8025 
1395 0.2402 0.0482 0.7116 
1396 0.8012 0.0301 0.1686 
1397 0.1322 0.4232 0.4446 
1398 0.1474 0.3292 0.5234 
1399 0.4821 0.1914 0.3265 
1400 0.3293 0.0682 0.6024 
1401 0.8681 0.0270 0.1049 
1402 0.0861 0.5953 0.3186 
1403 0.1153 0.4252 0.4595 
1404 0.0964 0.2678 0.6358 
1405 0.7198 0.0486 0.2316 
1406 0.4135 0.3554 0.2311 
1407 0.4837 0.0499 0.4664 
1408 0.2351 0.0663 0.6986 
1409 0.4920 0.3189 0.1891 
1410 0.3113 0.0762 0.6125 
1411 0.5705 0.0720 0.3575 
1412 0.7123 0.0653 0.2223 
1413 0.1026 0.4757 0.4218 
1414 0.6377 0.1249 0.2374 
1415 0.6942 0.1362 0.1696 
1416 0.0783 0.6138 0.3079 
1417 0.3092 0.0768 0.6140 
1418 0.0518 0.2444 0.7039 
1419 0.0441 0.1759 0.7800 
1420 0.0533 0.1019 0.8448 
1421 0.0248 0.4503 0.5249 
1422 0.0279 0.2004 0.7718 
1423 0.0548 0.0441 0.9011 
1424 0.1389 0.0386 0.8225 
1425 0.0377 0.1561 0.8062 
1426 0.0425 0.0922 0.8653 
1427 0.1779 0.0317 0.7904 
1428 0.0305 0.0999 0.8695 
1429 0.0297 0.3585 0.6118 
1430 0.0362 0.1733 0.7905 
1431 0.0359 0.0822 0.8819 
1432 0.0832 0.1183 0.7985 
1433 0.0230 0.6620 0.3150 
1434 0.0267 0.3050 0.6682 
1435 0.0439 0.6588 0.2973 
1436 0.0415 0.3515 0.6070 
1437 0.0715 0.1286 0.8000 
1438 0.0517 0.0227 0.9256 
1439 0.0379 0.3678 0.5943 
1440 0.0257 0.2701 0.7042 
1441 0.0243 0.8492 0.1266 
1442 0.0286 0.1820 0.7894 
1443 0.0304 0.3558 0.6138 
1444 0.0447 0.0684 0.8869 
1445 0.0257 0.1682 0.8061 
1446 0.0298 0.2634 0.7069 
1447 0.0464 0.1412 0.8124 
1448 0.0248 0.0684 0.9069 
1449 0.0341 0.0376 0.9283 
1450 0.0433 0.0716 0.8851 
1451 0.0270 0.7828 0.1902 
1452 0.0554 0.0843 0.8603 
1453 0.0359 0.2782 0.6859 
1454 0.0594 0.0403 0.9003 
1455 0.1057 0.0670 0.8273 
1456 0.0523 0.1024 0.8452 
1457 0.0413 0.0384 0.9203 
1458 0.0488 0.0672 0.8841 
1459 0.0252 0.4528 0.5220 
1460 0.1461 0.0781 0.7757 
1461 0.5709 0.0273 0.4017 
1462 0.0457 0.0424 0.9119 
1463 0.0654 0.7789 0.1557 
1464 0.8894 0.0255 0.0851 
1465 0.7486 0.0300 0.2214 
1466 0.0563 0.0363 0.9075 
1467 0.7719 0.0432 0.1849 
1468 0.5485 0.0410 0.4105 
1469 0.4558 0.0683 0.4759 
1470 0.0644 0.3694 0.5662 
1471 0.3720 0.1150 0.5130 
1472 0.3108 0.0345 0.6547 
1473 0.2886 0.1261 0.5853 
1474 0.0497 0.0460 0.9043 
1475 0.4800 0.0703 0.4497 
1476 0.8946 0.0189 0.0865 
1477 0.0443 0.7625 0.1932 
1478 0.1253 0.4276 0.4472 
1479 0.2709 0.0434 0.6857 
1480 0.1055 0.0381 0.8563 
1481 0.8301 0.0281 0.1418 
