   1 0.0065 0.0106 0.0162 0.0396 0.1185 0.3143 0.1476 0.1236 0.2231 
   2 0.0048 0.0042 0.0150 0.3634 0.0962 0.0809 0.1547 0.1677 0.1131 
   3 0.0069 0.0052 0.0247 0.0520 0.1503 0.1444 0.3142 0.0969 0.2053 
   4 0.0129 0.0202 0.0275 0.0552 0.1241 0.0871 0.1234 0.1236 0.4259 
   5 0.0074 0.0086 0.0159 0.1603 0.1223 0.1017 0.2280 0.2316 0.1243 
   6 0.0061 0.0061 0.0177 0.0588 0.0684 0.1225 0.4428 0.1368 0.1407 
   7 0.0066 0.0051 0.0467 0.0359 0.0649 0.1368 0.2473 0.3445 0.1121 
   8 0.0202 0.1431 0.0259 0.0538 0.0882 0.1194 0.2108 0.1189 0.2196 
   9 0.0093 0.0051 0.0195 0.1714 0.0995 0.1383 0.2286 0.1580 0.1702 
  10 0.0079 0.1110 0.0189 0.0501 0.0632 0.1636 0.2703 0.1650 0.1499 
  11 0.0047 0.0051 0.0210 0.0384 0.0624 0.2738 0.1716 0.3166 0.1064 
  12 0.0063 0.0047 0.0155 0.1388 0.1104 0.0943 0.2089 0.2373 0.1839 
  13 0.0071 0.0052 0.0203 0.0829 0.1085 0.1182 0.2557 0.2284 0.1736 
  14 0.0048 0.0173 0.0203 0.1179 0.2254 0.1308 0.2161 0.1005 0.1670 
  15 0.0065 0.0062 0.0318 0.0796 0.1273 0.1263 0.1652 0.1656 0.2914 
  16 0.0050 0.0050 0.0191 0.0381 0.0979 0.2621 0.2887 0.1492 0.1350 
  17 0.0104 0.0056 0.0171 0.0635 0.1355 0.1159 0.3344 0.1481 0.1696 
  18 0.0115 0.0062 0.0266 0.2115 0.0941 0.1618 0.2124 0.0922 0.1838 
  19 0.0055 0.0044 0.0173 0.0827 0.0669 0.1425 0.3739 0.1541 0.1527 
  20 0.0060 0.0050 0.0299 0.0859 0.1148 0.1335 0.1922 0.2525 0.1801 
  21 0.0056 0.0099 0.0176 0.0902 0.1702 0.1933 0.1544 0.1127 0.2460 
  22 0.0081 0.0050 0.0147 0.0501 0.0951 0.1516 0.3788 0.1131 0.1834 
  23 0.0115 0.0139 0.0303 0.1099 0.2063 0.0986 0.1501 0.1116 0.2679 
  24 0.0051 0.0049 0.0172 0.0486 0.1021 0.2975 0.1607 0.1236 0.2402 
  25 0.0063 0.0058 0.0246 0.0737 0.0849 0.1042 0.3670 0.2424 0.0911 
  26 0.0093 0.0048 0.0191 0.0804 0.1007 0.1651 0.2235 0.1558 0.2413 
  27 0.0068 0.0051 0.0166 0.0479 0.1528 0.1585 0.2912 0.1505 0.1707 
  28 0.0062 0.0475 0.0286 0.0692 0.0833 0.1867 0.1546 0.1376 0.2863 
  29 0.0044 0.0041 0.0202 0.0808 0.1396 0.1381 0.1754 0.2922 0.1453 
  30 0.0056 0.0044 0.0150 0.0647 0.1185 0.2146 0.3150 0.1196 0.1427 
  31 0.0134 0.1190 0.0184 0.0686 0.1439 0.1548 0.1476 0.2130 0.1214 
  32 0.0053 0.0108 0.0222 0.1131 0.0991 0.0950 0.3138 0.1027 0.2380 
  33 0.0055 0.0043 0.0237 0.0568 0.1337 0.1670 0.2408 0.1531 0.2151 
  34 0.0089 0.1168 0.0256 0.0399 0.0629 0.1082 0.2848 0.2435 0.1093 
  35 0.0181 0.0044 0.0132 0.0711 0.2666 0.1327 0.2388 0.1435 0.1116 
  36 0.0047 0.0068 0.0405 0.0534 0.2875 0.3069 0.1022 0.0937 0.1044 
  37 0.0069 0.0054 0.0192 0.1136 0.1789 0.1158 0.2009 0.1231 0.2363 
  38 0.0061 0.0043 0.1333 0.0565 0.1173 0.2611 0.1218 0.2077 0.0919 
  39 0.0091 0.0050 0.0243 0.0599 0.1796 0.1859 0.1804 0.2253 0.1306 
  40 0.0044 0.0051 0.0171 0.0648 0.4070 0.1146 0.1677 0.0854 0.1339 
  41 0.0089 0.0068 0.0223 0.0390 0.3598 0.1487 0.1646 0.1626 0.0873 
  42 0.0053 0.0050 0.0295 0.0328 0.2186 0.2338 0.0822 0.1027 0.2902 
  43 0.0079 0.0097 0.0220 0.0639 0.4018 0.0819 0.1581 0.1181 0.1368 
  44 0.0075 0.0042 0.0134 0.0549 0.4406 0.0756 0.2139 0.1059 0.0839 
  45 0.0063 0.0043 0.0270 0.1077 0.2170 0.2807 0.0930 0.1739 0.0900 
  46 0.0112 0.0046 0.0181 0.0555 0.2054 0.1087 0.3100 0.1596 0.1269 
  47 0.0219 0.0111 0.0169 0.1048 0.1293 0.1527 0.2626 0.1478 0.1527 
  48 0.0095 0.0042 0.0139 0.0635 0.4692 0.0702 0.1973 0.0837 0.0885 
  49 0.0113 0.0050 0.0168 0.0539 0.2329 0.1978 0.1671 0.1775 0.1376 
  50 0.0112 0.0412 0.0361 0.0572 0.1234 0.1052 0.3342 0.1762 0.1153 
  51 0.0044 0.0062 0.0326 0.0438 0.4847 0.1835 0.0765 0.0841 0.0842 
  52 0.0122 0.0045 0.0188 0.0360 0.1813 0.2017 0.1779 0.2186 0.1490 
  53 0.0075 0.0146 0.0621 0.0474 0.1375 0.2381 0.2312 0.1313 0.1302 
  54 0.0109 0.0053 0.0134 0.1798 0.2098 0.1090 0.1496 0.1636 0.1585 
  55 0.0077 0.0044 0.0157 0.0878 0.4412 0.0783 0.1419 0.1060 0.1170 
  56 0.0079 0.0043 0.0217 0.0860 0.3136 0.1256 0.1951 0.0974 0.1484 
  57 0.0198 0.0135 0.0209 0.0510 0.0747 0.1343 0.2478 0.1576 0.2803 
  58 0.0060 0.0049 0.0197 0.0716 0.3056 0.1849 0.1104 0.1702 0.1265 
  59 0.0072 0.0044 0.0423 0.0640 0.2177 0.2376 0.1110 0.1842 0.1315 
  60 0.0045 0.0111 0.0244 0.0561 0.3937 0.1456 0.1059 0.0958 0.1629 
  61 0.0043 0.0050 0.0133 0.1863 0.3438 0.0801 0.0815 0.1210 0.1647 
  62 0.0288 0.0045 0.0186 0.1074 0.1296 0.1418 0.1891 0.2151 0.1652 
  63 0.0045 0.0048 0.0262 0.0886 0.2223 0.1491 0.1457 0.1783 0.1806 
  64 0.0079 0.0042 0.0247 0.1017 0.1014 0.1924 0.2896 0.1735 0.1046 
  65 0.0065 0.0047 0.0218 0.1064 0.0981 0.0965 0.2208 0.3543 0.0909 
  66 0.0051 0.0121 0.0278 0.1758 0.1596 0.0989 0.1243 0.1806 0.2158 
  67 0.0060 0.0045 0.0156 0.1522 0.3576 0.0799 0.1434 0.1385 0.1024 
  68 0.0080 0.0051 0.0408 0.0544 0.2276 0.2605 0.0983 0.1572 0.1479 
  69 0.0088 0.2545 0.0677 0.0513 0.0840 0.1919 0.1164 0.1380 0.0876 
  70 0.0045 0.0111 0.0341 0.0445 0.3039 0.2040 0.1137 0.1508 0.1334 
  71 0.0071 0.0068 0.0386 0.0734 0.2874 0.2218 0.1100 0.1747 0.0802 
  72 0.0061 0.0075 0.0214 0.0522 0.1903 0.2876 0.2209 0.1195 0.0946 
  73 0.0069 0.0076 0.0214 0.1471 0.2951 0.1124 0.1054 0.2109 0.0930 
  74 0.0045 0.0044 0.0391 0.0555 0.2460 0.2952 0.1028 0.0907 0.1619 
  75 0.0059 0.0091 0.0246 0.0667 0.2895 0.2662 0.0858 0.0781 0.1740 
  76 0.0057 0.0047 0.0252 0.0761 0.3053 0.1035 0.1791 0.1848 0.1157 
  77 0.0057 0.0044 0.0396 0.0608 0.2445 0.2176 0.1056 0.2296 0.0921 
  78 0.0067 0.0045 0.1077 0.0570 0.2070 0.2184 0.1093 0.1918 0.0976 
  79 0.0049 0.0054 0.0302 0.0874 0.0690 0.1401 0.2469 0.2882 0.1278 
  80 0.0049 0.0057 0.0281 0.0987 0.0730 0.1022 0.1062 0.1374 0.4438 
  81 0.0051 0.0057 0.0386 0.1134 0.0587 0.1286 0.1208 0.1719 0.3571 
  82 0.0053 0.0052 0.0201 0.0714 0.2335 0.1085 0.1394 0.2179 0.1987 
  83 0.0049 0.0069 0.0507 0.0977 0.1016 0.1494 0.1686 0.1479 0.2723 
  84 0.0045 0.0059 0.0306 0.0756 0.0743 0.1495 0.1827 0.2123 0.2646 
  85 0.0047 0.0069 0.0277 0.0774 0.0904 0.1635 0.2103 0.1224 0.2968 
  86 0.0082 0.0048 0.0178 0.1440 0.2045 0.1043 0.1939 0.2012 0.1212 
  87 0.0054 0.0146 0.0849 0.0788 0.1076 0.1526 0.1491 0.2771 0.1299 
  88 0.0049 0.0053 0.0288 0.0788 0.0996 0.1305 0.1237 0.2174 0.3111 
  89 0.0056 0.0153 0.0261 0.1630 0.0795 0.1287 0.1170 0.1616 0.3032 
  90 0.0047 0.0053 0.0355 0.0957 0.0751 0.1220 0.1420 0.3668 0.1530 
  91 0.0047 0.0065 0.0305 0.0628 0.0925 0.1405 0.1396 0.1067 0.4162 
  92 0.0050 0.0052 0.0264 0.0889 0.0981 0.1525 0.1806 0.2537 0.1896 
  93 0.0048 0.0287 0.0148 0.0529 0.0797 0.0992 0.1007 0.0985 0.5206 
  94 0.0044 0.0062 0.1586 0.0396 0.0847 0.1934 0.1477 0.2511 0.1143 
  95 0.0046 0.0053 0.0428 0.0866 0.0775 0.1077 0.1036 0.3184 0.2535 
  96 0.0045 0.0060 0.0143 0.0950 0.3614 0.0811 0.0859 0.1214 0.2303 
  97 0.0060 0.0047 0.0247 0.0854 0.2023 0.3078 0.0934 0.0876 0.1881 
  98 0.0042 0.0046 0.0151 0.0906 0.2852 0.1398 0.1778 0.1499 0.1328 
  99 0.0047 0.0059 0.0315 0.1091 0.0642 0.1320 0.1590 0.2517 0.2420 
 100 0.0055 0.0049 0.0136 0.1678 0.1024 0.0760 0.0860 0.0879 0.4558 
 101 0.0062 0.0524 0.0511 0.1036 0.1406 0.1467 0.1344 0.2160 0.1488 
 102 0.0068 0.0070 0.0263 0.0557 0.1546 0.1187 0.1170 0.1854 0.3285 
 103 0.0056 0.0254 0.0275 0.3453 0.0801 0.0806 0.1192 0.1766 0.1396 
 104 0.0054 0.0111 0.0476 0.0603 0.0833 0.0872 0.1387 0.4213 0.1451 
 105 0.0069 0.0299 0.0250 0.1060 0.0993 0.0793 0.1066 0.3700 0.1770 
 106 0.0049 0.0040 0.0395 0.0494 0.0832 0.1678 0.1943 0.3821 0.0747 
 107 0.0061 0.0160 0.0409 0.1834 0.0997 0.0834 0.1243 0.2867 0.1594 
 108 0.0046 0.0066 0.0875 0.2120 0.2181 0.1240 0.1268 0.1100 0.1104 
 109 0.0147 0.0094 0.0274 0.0610 0.1003 0.1569 0.1329 0.4215 0.0759 
 110 0.0049 0.0068 0.0614 0.0469 0.0663 0.1845 0.1736 0.3768 0.0788 
 111 0.0072 0.0075 0.0524 0.0787 0.0789 0.0709 0.1081 0.4837 0.1126 
 112 0.0090 0.0050 0.0985 0.0390 0.1107 0.1130 0.1039 0.4374 0.0835 
 113 0.0057 0.0090 0.0270 0.2260 0.1435 0.1359 0.1615 0.1610 0.1306 
 114 0.0055 0.0132 0.0381 0.0673 0.0748 0.0830 0.1161 0.4297 0.1722 
 115 0.0059 0.0052 0.0297 0.0531 0.2049 0.0817 0.1470 0.3468 0.1256 
 116 0.0066 0.0046 0.0302 0.0516 0.1862 0.1847 0.1364 0.3233 0.0764 
 117 0.0076 0.0100 0.0303 0.0423 0.0852 0.1710 0.1437 0.4138 0.0960 
 118 0.0060 0.0048 0.0225 0.1972 0.1252 0.0784 0.1078 0.3445 0.1136 
 119 0.0044 0.0069 0.0234 0.0760 0.3107 0.1025 0.1050 0.1332 0.2380 
 120 0.0068 0.0068 0.0397 0.0742 0.1528 0.0860 0.1429 0.3465 0.1443 
 121 0.0130 0.0121 0.0358 0.0540 0.2234 0.1060 0.1268 0.3411 0.0878 
 122 0.0050 0.0097 0.0333 0.0668 0.0778 0.1612 0.1757 0.3747 0.0959 
 123 0.0051 0.0086 0.0791 0.0849 0.0992 0.1226 0.1392 0.3384 0.1229 
 124 0.0091 0.0057 0.0327 0.0946 0.1399 0.1833 0.1733 0.2683 0.0930 
 125 0.0065 0.0065 0.0298 0.0438 0.1048 0.3134 0.1764 0.2195 0.0993 
 126 0.0040 0.0048 0.0369 0.0579 0.1757 0.1956 0.1315 0.2625 0.1309 
 127 0.0054 0.0050 0.1588 0.0844 0.0940 0.0636 0.0989 0.3750 0.1149 
 128 0.0054 0.0045 0.0148 0.1929 0.1335 0.0865 0.1163 0.3331 0.1130 
 129 0.0075 0.0198 0.0311 0.2191 0.0968 0.0780 0.1227 0.3422 0.0828 
 130 0.0067 0.0138 0.0380 0.0969 0.0702 0.0857 0.1242 0.3988 0.1657 
 131 0.0099 0.0167 0.0838 0.0657 0.1219 0.2349 0.1499 0.2415 0.0756 
 132 0.0062 0.0095 0.0417 0.1459 0.0854 0.1487 0.1698 0.3148 0.0779 
 133 0.0087 0.0129 0.0571 0.1699 0.1156 0.0839 0.1395 0.2831 0.1294 
 134 0.0048 0.0040 0.0508 0.0512 0.0563 0.1304 0.1231 0.5136 0.0657 
 135 0.0074 0.0050 0.0154 0.0563 0.2468 0.1103 0.0778 0.0920 0.3889 
 136 0.0074 0.0109 0.0133 0.0513 0.0816 0.0852 0.1451 0.0765 0.5288 
 137 0.0051 0.0117 0.0138 0.0410 0.0668 0.0914 0.0883 0.1305 0.5515 
 138 0.0050 0.0062 0.0151 0.0415 0.0836 0.1068 0.0854 0.0722 0.5841 
 139 0.0056 0.0105 0.0147 0.2284 0.1644 0.1254 0.1139 0.0900 0.2471 
 140 0.0051 0.0161 0.0169 0.0574 0.1459 0.1764 0.1062 0.1341 0.3418 
 141 0.0072 0.0482 0.0159 0.0621 0.0945 0.1326 0.1770 0.0792 0.3832 
 142 0.0063 0.0154 0.0149 0.0695 0.2886 0.0998 0.0789 0.0865 0.3402 
 143 0.0042 0.0047 0.0117 0.0441 0.0722 0.0728 0.0746 0.0707 0.6449 
 144 0.0048 0.0058 0.0134 0.0428 0.0725 0.0798 0.0783 0.1294 0.5732 
 145 0.0085 0.0116 0.0152 0.0627 0.1369 0.1465 0.1852 0.0828 0.3506 
 146 0.0076 0.0114 0.0178 0.0420 0.0914 0.1737 0.1361 0.1444 0.3757 
 147 0.0049 0.0092 0.0124 0.0379 0.0640 0.0813 0.0846 0.0716 0.6341 
 148 0.0061 0.0564 0.0170 0.0628 0.1521 0.0824 0.1619 0.1139 0.3474 
 149 0.0063 0.2052 0.0142 0.0660 0.1728 0.1465 0.0889 0.0774 0.2226 
 150 0.0061 0.0123 0.0166 0.0625 0.0914 0.0994 0.1109 0.1751 0.4258 
 151 0.0049 0.0049 0.0142 0.0537 0.0883 0.0869 0.0903 0.0985 0.5582 
 152 0.0066 0.0176 0.0201 0.0541 0.1857 0.0860 0.1711 0.0902 0.3686 
 153 0.0052 0.0132 0.0162 0.0384 0.1259 0.1456 0.0976 0.0913 0.4666 
 154 0.0072 0.2816 0.0132 0.0645 0.1454 0.0865 0.1360 0.0756 0.1901 
 155 0.0048 0.0060 0.0147 0.0499 0.0729 0.0711 0.0892 0.0934 0.5981 
 156 0.0045 0.0052 0.0141 0.0488 0.1869 0.0725 0.0758 0.1035 0.4888 
 157 0.0045 0.0112 0.0209 0.0459 0.0630 0.0972 0.1081 0.1426 0.5066 
 158 0.0084 0.0108 0.0156 0.0496 0.1139 0.1579 0.1731 0.0832 0.3876 
 159 0.0068 0.1135 0.0133 0.0509 0.0670 0.0805 0.0849 0.0732 0.5098 
 160 0.0085 0.1172 0.0134 0.0629 0.0711 0.0828 0.0856 0.0754 0.4831 
 161 0.0048 0.0098 0.0166 0.0497 0.1095 0.1875 0.1113 0.1022 0.4085 
 162 0.0100 0.0112 0.0180 0.0532 0.1067 0.1620 0.1499 0.1436 0.3454 
 163 0.0045 0.0058 0.0139 0.0419 0.1078 0.0749 0.0782 0.0873 0.5857 
 164 0.0088 0.1802 0.0158 0.0742 0.0972 0.1147 0.1148 0.1362 0.2581 
 165 0.0058 0.0057 0.0153 0.0483 0.0857 0.0889 0.0907 0.1760 0.4835 
 166 0.0049 0.1767 0.0255 0.0795 0.1174 0.1138 0.1122 0.1210 0.2490 
 167 0.0098 0.3652 0.0144 0.0332 0.0652 0.0764 0.1530 0.0968 0.1860 
 168 0.0050 0.0067 0.0288 0.0444 0.1116 0.1405 0.1058 0.0811 0.4762 
 169 0.0095 0.0106 0.0246 0.0419 0.0978 0.2888 0.1572 0.0816 0.2880 
 170 0.0046 0.0054 0.0143 0.0813 0.1966 0.0985 0.0917 0.1022 0.4054 
 171 0.0056 0.0096 0.0204 0.0686 0.1223 0.1079 0.1522 0.0959 0.4176 
 172 0.0058 0.0321 0.0218 0.0501 0.1780 0.2791 0.0835 0.0744 0.2752 
 173 0.0067 0.0099 0.0125 0.0779 0.0786 0.0755 0.0889 0.0736 0.5763 
 174 0.0054 0.0101 0.0146 0.0517 0.0644 0.0919 0.1017 0.0979 0.5624 
 175 0.0055 0.0055 0.0129 0.0466 0.1015 0.0727 0.1385 0.0719 0.5449 
 176 0.0049 0.0057 0.0132 0.0416 0.0729 0.0794 0.0786 0.1295 0.5741 
 177 0.0058 0.0116 0.0234 0.0441 0.0788 0.1693 0.1209 0.1467 0.3994 
 178 0.0059 0.0129 0.0155 0.0590 0.0666 0.0885 0.1888 0.0954 0.4674 
 179 0.0049 0.0273 0.0124 0.0575 0.0633 0.0760 0.0894 0.0717 0.5976 
 180 0.0088 0.0350 0.0160 0.0395 0.1084 0.1746 0.1224 0.1112 0.3840 
 181 0.0071 0.0097 0.0148 0.0747 0.1484 0.1478 0.1047 0.0814 0.4113 
 182 0.0072 0.0060 0.0128 0.0704 0.1301 0.0743 0.0783 0.0763 0.5447 
 183 0.0052 0.0091 0.0124 0.0591 0.0790 0.0819 0.0906 0.0720 0.5908 
 184 0.0062 0.0042 0.0166 0.4396 0.0893 0.0690 0.1740 0.0964 0.1046 
 185 0.0043 0.0050 0.0114 0.0506 0.1868 0.0647 0.0668 0.0691 0.5413 
 186 0.0052 0.0045 0.0214 0.3521 0.0919 0.0897 0.1818 0.1499 0.1035 
 187 0.0042 0.0064 0.0142 0.3479 0.0832 0.0736 0.1143 0.0988 0.2575 
 188 0.0054 0.0044 0.0151 0.4722 0.0820 0.0682 0.1479 0.1216 0.0833 
 189 0.0046 0.0057 0.0292 0.1191 0.1411 0.1347 0.2120 0.0900 0.2637 
 190 0.0044 0.0046 0.0114 0.1190 0.4227 0.0594 0.0645 0.0735 0.2407 
 191 0.0044 0.0045 0.0121 0.4988 0.0729 0.0708 0.1157 0.1025 0.1183 
 192 0.0041 0.0046 0.0161 0.2915 0.0748 0.0803 0.1399 0.1322 0.2566 
 193 0.0050 0.0048 0.0144 0.1688 0.1526 0.1053 0.1695 0.1333 0.2463 
 194 0.0050 0.0061 0.0175 0.1815 0.1639 0.0991 0.1300 0.1275 0.2693 
 195 0.0044 0.0052 0.0114 0.3363 0.1485 0.0727 0.0743 0.0710 0.2761 
 196 0.0042 0.0045 0.0154 0.2199 0.2740 0.0655 0.0906 0.1072 0.2187 
 197 0.0059 0.0059 0.0180 0.1628 0.1138 0.1046 0.2173 0.1529 0.2188 
 198 0.0042 0.0053 0.0170 0.1121 0.1450 0.1512 0.2032 0.1640 0.1979 
 199 0.0051 0.0045 0.0171 0.1155 0.3968 0.0885 0.0883 0.1032 0.1810 
 200 0.0048 0.0045 0.0186 0.1950 0.2702 0.0713 0.1384 0.0941 0.2031 
 201 0.0042 0.0049 0.0122 0.2250 0.1071 0.0678 0.0911 0.0844 0.4033 
 202 0.0041 0.0048 0.0136 0.0763 0.2342 0.0747 0.0774 0.0994 0.4155 
 203 0.0049 0.0055 0.0125 0.2963 0.0865 0.0563 0.0803 0.0760 0.3817 
 204 0.0045 0.0046 0.0117 0.4808 0.1386 0.0664 0.0709 0.0718 0.1507 
 205 0.0046 0.0048 0.0153 0.3881 0.1623 0.0855 0.1001 0.0996 0.1396 
 206 0.0048 0.0054 0.0118 0.4704 0.1037 0.0649 0.0834 0.0750 0.1806 
 207 0.0047 0.0042 0.0137 0.3706 0.2007 0.0667 0.0847 0.1182 0.1364 
 208 0.0047 0.0048 0.0122 0.3080 0.1403 0.0675 0.0876 0.0979 0.2769 
 209 0.0048 0.0047 0.0129 0.3270 0.1311 0.0839 0.1330 0.1213 0.1813 
 210 0.0041 0.0045 0.0125 0.4704 0.0934 0.0658 0.0879 0.0925 0.1689 
 211 0.0066 0.0043 0.0148 0.0820 0.3297 0.0595 0.0907 0.1675 0.2449 
 212 0.0043 0.0049 0.0118 0.0879 0.1707 0.0960 0.1175 0.0835 0.4233 
 213 0.0047 0.0049 0.0230 0.1345 0.2600 0.1430 0.0980 0.1582 0.1737 
 214 0.0047 0.0044 0.0123 0.1574 0.1355 0.0661 0.0935 0.0846 0.4415 
 215 0.0048 0.0046 0.0151 0.4517 0.1333 0.0661 0.0961 0.1173 0.1109 
 216 0.0067 0.0044 0.0166 0.2710 0.1248 0.0907 0.2288 0.1143 0.1428 
 217 0.0043 0.0048 0.0146 0.2272 0.1450 0.0705 0.0972 0.0792 0.3573 
 218 0.0047 0.0045 0.0174 0.4640 0.0867 0.0805 0.0965 0.1012 0.1445 
 219 0.0070 0.0056 0.0204 0.1820 0.1029 0.0955 0.2125 0.0943 0.2798 
 220 0.0045 0.0043 0.0116 0.5583 0.0822 0.0611 0.0790 0.0859 0.1130 
 221 0.0046 0.0044 0.0114 0.0725 0.2636 0.0685 0.0741 0.0675 0.4335 
 222 0.0061 0.0048 0.0166 0.2187 0.1008 0.1022 0.2529 0.1132 0.1847 
 223 0.0043 0.0062 0.0163 0.1901 0.1019 0.0916 0.1424 0.1091 0.3381 
 224 0.0050 0.0056 0.0123 0.3419 0.0897 0.0637 0.0880 0.0768 0.3169 
 225 0.0046 0.0047 0.0134 0.3848 0.1569 0.0827 0.0946 0.0905 0.1677 
 226 0.0060 0.0056 0.0538 0.3018 0.0998 0.1134 0.1433 0.1001 0.1761 
 227 0.0044 0.0066 0.0144 0.1818 0.2758 0.0750 0.0790 0.1097 0.2533 
 228 0.0046 0.0052 0.0114 0.2599 0.2400 0.0697 0.0695 0.0718 0.2680 
 229 0.0044 0.0047 0.0121 0.3927 0.0639 0.0632 0.0871 0.0778 0.2942 
 230 0.0046 0.0044 0.0122 0.4491 0.0731 0.0597 0.0813 0.0771 0.2385 
 231 0.0043 0.0048 0.0118 0.3571 0.0720 0.0753 0.1296 0.0897 0.2553 
 232 0.0055 0.0048 0.0201 0.1374 0.1668 0.1922 0.1000 0.1167 0.2563 
 233 0.0048 0.0048 0.0128 0.1581 0.0947 0.0622 0.0956 0.0831 0.4840 
 234 0.0041 0.0047 0.0150 0.2194 0.0879 0.0904 0.2026 0.1423 0.2336 
 235 0.0048 0.0051 0.0172 0.1995 0.1557 0.0976 0.1234 0.1061 0.2906 
 236 0.0048 0.0045 0.0138 0.2201 0.0966 0.0743 0.1248 0.1001 0.3610 
 237 0.0050 0.0046 0.0130 0.3274 0.2000 0.0795 0.1027 0.1157 0.1520 
 238 0.0044 0.0045 0.0147 0.1378 0.1236 0.0739 0.1123 0.1090 0.4198 
 239 0.0043 0.0051 0.0114 0.3358 0.1487 0.0733 0.0740 0.0700 0.2773 
 240 0.0042 0.0045 0.0148 0.1361 0.1253 0.0745 0.1133 0.1098 0.4174 
 241 0.0055 0.0053 0.0140 0.1280 0.1760 0.0968 0.0919 0.0855 0.3969 
 242 0.0047 0.0054 0.0179 0.3774 0.1112 0.0885 0.1398 0.0778 0.1774 
 243 0.0046 0.0044 0.0122 0.2286 0.3007 0.0581 0.0762 0.0878 0.2273 
 244 0.0050 0.0044 0.0118 0.3656 0.0856 0.0598 0.0816 0.0764 0.3097 
 245 0.0041 0.0052 0.0137 0.0786 0.1434 0.0800 0.0870 0.0894 0.4987 
 246 0.0042 0.0047 0.0143 0.2281 0.1438 0.0717 0.0964 0.0799 0.3569 
 247 0.0040 0.0045 0.0242 0.2640 0.1221 0.1336 0.1478 0.2013 0.0984 
 248 0.0043 0.0043 0.0147 0.3427 0.1696 0.0759 0.1101 0.1623 0.1161 
 249 0.0048 0.0046 0.0131 0.2751 0.1153 0.0659 0.0922 0.0897 0.3393 
 250 0.0047 0.0045 0.0140 0.3493 0.0791 0.0720 0.1132 0.0998 0.2633 
 251 0.0055 0.0050 0.0272 0.2223 0.1601 0.0964 0.2029 0.1205 0.1601 
 252 0.0043 0.0050 0.0137 0.3253 0.1342 0.0932 0.1049 0.0933 0.2261 
 253 0.0043 0.0048 0.0237 0.1508 0.2445 0.1209 0.1389 0.1678 0.1443 
 254 0.0057 0.0048 0.0143 0.2911 0.1083 0.0810 0.2002 0.1017 0.1930 
 255 0.0044 0.0050 0.0133 0.2641 0.1063 0.0922 0.1519 0.1275 0.2353 
 256 0.0049 0.0047 0.0141 0.2293 0.1832 0.0831 0.1027 0.0933 0.2849 
 257 0.0095 0.0069 0.0194 0.3076 0.1537 0.0867 0.1124 0.1176 0.1863 
 258 0.0041 0.0051 0.0151 0.1313 0.2480 0.0974 0.1466 0.1712 0.1811 
 259 0.0051 0.0052 0.0143 0.3813 0.1013 0.0713 0.1134 0.0991 0.2089 
 260 0.0056 0.0045 0.0149 0.1463 0.0814 0.0766 0.2311 0.1035 0.3361 
 261 0.0043 0.0050 0.0134 0.1958 0.1754 0.0954 0.1045 0.0887 0.3175 
 262 0.0047 0.0046 0.0132 0.1548 0.3043 0.0704 0.0749 0.0699 0.3032 
 263 0.0064 0.0043 0.0126 0.4853 0.0995 0.0595 0.1220 0.0832 0.1272 
 264 0.0083 0.0042 0.0154 0.1636 0.1233 0.1064 0.3573 0.1294 0.0919 
 265 0.0044 0.0049 0.0160 0.3380 0.0998 0.0839 0.1276 0.1078 0.2175 
 266 0.0046 0.0045 0.0115 0.0833 0.2095 0.0702 0.0737 0.0690 0.4737 
 267 0.0044 0.0047 0.0142 0.1590 0.1573 0.0849 0.1441 0.1492 0.2822 
 268 0.0041 0.0047 0.0155 0.2217 0.2735 0.0648 0.0897 0.1074 0.2187 
 269 0.0044 0.0050 0.0220 0.2318 0.0889 0.0903 0.2188 0.0955 0.2434 
 270 0.0070 0.0090 0.0181 0.3023 0.1173 0.0995 0.1955 0.1143 0.1369 
 271 0.0051 0.0046 0.0167 0.2768 0.1906 0.0859 0.1213 0.1458 0.1530 
 272 0.0063 0.0054 0.0559 0.2741 0.1624 0.1013 0.1242 0.1143 0.1561 
 273 0.0213 0.0367 0.0358 0.2087 0.0968 0.1155 0.1475 0.1253 0.2124 
 274 0.0049 0.0047 0.0198 0.3187 0.1150 0.0986 0.1473 0.1202 0.1707 
 275 0.0070 0.0187 0.0212 0.3843 0.0925 0.0858 0.1392 0.0893 0.1621 
 276 0.0062 0.0052 0.0433 0.2116 0.2416 0.1035 0.1139 0.1265 0.1482 
 277 0.0044 0.0050 0.0161 0.2459 0.0964 0.1012 0.1485 0.1074 0.2750 
 278 0.0048 0.0044 0.0157 0.3553 0.1882 0.0674 0.1005 0.1175 0.1462 
 279 0.0049 0.0046 0.0158 0.3139 0.1134 0.0938 0.1350 0.1083 0.2103 
 280 0.0046 0.0048 0.0207 0.2578 0.1327 0.1359 0.1464 0.0974 0.1997 
 281 0.0050 0.0049 0.0187 0.2911 0.1232 0.1150 0.1230 0.1438 0.1753 
 282 0.0042 0.0047 0.0141 0.1582 0.0771 0.0780 0.1372 0.1006 0.4260 
 283 0.0043 0.0053 0.0138 0.1766 0.0881 0.0641 0.0961 0.0930 0.4586 
 284 0.0047 0.0098 0.0173 0.1683 0.1280 0.0841 0.1479 0.1524 0.2876 
 285 0.0049 0.0043 0.0165 0.3270 0.2061 0.1056 0.1116 0.1408 0.0833 
 286 0.0048 0.0044 0.0119 0.3642 0.0848 0.0601 0.0824 0.0761 0.3112 
 287 0.0048 0.0052 0.0225 0.2353 0.1005 0.1260 0.1457 0.1346 0.2254 
 288 0.0051 0.0054 0.0326 0.4700 0.0807 0.0833 0.1083 0.0896 0.1250 
 289 0.0067 0.0071 0.0318 0.3750 0.1224 0.0749 0.1267 0.1379 0.1175 
 290 0.0080 0.0043 0.0154 0.1609 0.2490 0.1090 0.1689 0.1070 0.1776 
 291 0.0052 0.0048 0.0167 0.2749 0.1884 0.0865 0.1220 0.1461 0.1555 
 292 0.0045 0.0049 0.0208 0.1525 0.2292 0.1543 0.1219 0.0870 0.2250 
 293 0.0056 0.0040 0.0151 0.0836 0.2647 0.1239 0.2385 0.1336 0.1309 
 294 0.0065 0.0045 0.0144 0.4599 0.1434 0.0680 0.1167 0.0768 0.1098 
 295 0.0067 0.0166 0.0383 0.1426 0.2562 0.1190 0.1363 0.1349 0.1494 
 296 0.0047 0.0045 0.0182 0.4363 0.1314 0.0721 0.0875 0.1135 0.1316 
 297 0.0044 0.0046 0.0195 0.3527 0.0992 0.1337 0.1430 0.1002 0.1425 
 298 0.0043 0.0049 0.0142 0.2694 0.0667 0.0776 0.1317 0.1058 0.3254 
 299 0.0056 0.0047 0.0132 0.4924 0.0717 0.0647 0.1354 0.0833 0.1290 
 300 0.0045 0.0043 0.0137 0.4932 0.1101 0.0999 0.0888 0.0829 0.1025 
 301 0.0064 0.0091 0.0172 0.3176 0.1076 0.0840 0.2274 0.0958 0.1349 
 302 0.0082 0.0103 0.0159 0.3299 0.2365 0.0703 0.1268 0.0828 0.1194 
 303 0.0047 0.0049 0.0145 0.2776 0.0993 0.1108 0.1035 0.0829 0.3019 
 304 0.0061 0.0092 0.0175 0.0825 0.0670 0.1045 0.2213 0.1296 0.3622 
 305 0.0053 0.0106 0.0133 0.3864 0.1505 0.0792 0.0822 0.0692 0.2034 
 306 0.0046 0.0049 0.0174 0.1866 0.1374 0.0865 0.1176 0.0871 0.3580 
 307 0.0060 0.0056 0.0166 0.2091 0.1239 0.0908 0.1500 0.1095 0.2885 
 308 0.0044 0.0050 0.0135 0.1936 0.1748 0.0962 0.1039 0.0888 0.3198 
 309 0.0101 0.0128 0.0214 0.4935 0.0975 0.0612 0.0880 0.1085 0.1070 
 310 0.0045 0.0045 0.0118 0.2766 0.1917 0.0664 0.0855 0.0832 0.2758 
 311 0.0046 0.0044 0.0119 0.4503 0.0740 0.0596 0.0808 0.0773 0.2371 
 312 0.0043 0.0045 0.0131 0.5055 0.1147 0.0585 0.0795 0.1045 0.1154 
 313 0.0052 0.0051 0.0141 0.3071 0.3014 0.0703 0.0885 0.1014 0.1069 
 314 0.0049 0.0457 0.0148 0.0449 0.1185 0.0810 0.0779 0.0700 0.5422 
 315 0.0044 0.0453 0.0190 0.0407 0.1210 0.0931 0.0986 0.0724 0.5054 
 316 0.0071 0.1289 0.0277 0.0460 0.0723 0.1002 0.1131 0.0778 0.4269 
 317 0.0053 0.0449 0.0150 0.0410 0.0689 0.0764 0.0814 0.0728 0.5944 
 318 0.0052 0.1228 0.0149 0.0401 0.0536 0.0794 0.0876 0.0717 0.5247 
 319 0.0048 0.0047 0.0117 0.0443 0.0726 0.0727 0.0753 0.0717 0.6423 
 320 0.0047 0.0457 0.0145 0.0443 0.1184 0.0803 0.0775 0.0703 0.5444 
 321 0.0051 0.1139 0.0151 0.0399 0.0660 0.0862 0.0892 0.0731 0.5114 
 322 0.0071 0.0403 0.0285 0.0491 0.1129 0.0983 0.1044 0.0795 0.4799 
 323 0.0130 0.0390 0.0138 0.0444 0.0575 0.0739 0.0867 0.0728 0.5989 
 324 0.0052 0.1140 0.0147 0.0401 0.0665 0.0855 0.0891 0.0734 0.5115 
 325 0.0049 0.1855 0.0249 0.0394 0.0671 0.0923 0.1057 0.0757 0.4045 
 326 0.0056 0.3950 0.0205 0.0423 0.0646 0.0852 0.0971 0.0763 0.2133 
 327 0.0052 0.0458 0.0151 0.0412 0.0699 0.0771 0.0808 0.0726 0.5922 
 328 0.0047 0.0435 0.0208 0.0462 0.0979 0.0999 0.1081 0.0774 0.5016 
 329 0.0045 0.0092 0.0122 0.0378 0.0527 0.0752 0.0830 0.0695 0.6559 
 330 0.0050 0.0449 0.0157 0.0408 0.0695 0.0769 0.0815 0.0720 0.5937 
 331 0.0047 0.0264 0.0124 0.0438 0.0550 0.0767 0.0824 0.0705 0.6280 
 332 0.0072 0.3849 0.0199 0.0412 0.0644 0.0861 0.1014 0.0769 0.2180 
 333 0.0061 0.2897 0.0200 0.0530 0.0751 0.0886 0.0953 0.0770 0.2952 
 334 0.0048 0.0453 0.0208 0.0458 0.1001 0.0994 0.1074 0.0776 0.4988 
 335 0.0045 0.0155 0.0207 0.0387 0.1019 0.0869 0.0972 0.0754 0.5592 
 336 0.0074 0.3301 0.0135 0.0461 0.0877 0.0846 0.0840 0.0705 0.2760 
 337 0.0049 0.1665 0.0253 0.0402 0.0907 0.1002 0.1066 0.0772 0.3883 
 338 0.0051 0.3389 0.0134 0.0422 0.0534 0.0810 0.0885 0.0730 0.3045 
 339 0.0046 0.0261 0.0124 0.0430 0.0548 0.0767 0.0826 0.0713 0.6286 
 340 0.0045 0.0101 0.0122 0.0435 0.0592 0.0680 0.0747 0.0702 0.6576 
 341 0.0099 0.1568 0.0143 0.0492 0.0598 0.0778 0.0817 0.0728 0.4776 
 342 0.0051 0.0440 0.0151 0.0408 0.0702 0.0772 0.0822 0.0731 0.5922 
 343 0.0107 0.0511 0.0217 0.0420 0.1675 0.0906 0.1013 0.0747 0.4403 
 344 0.0048 0.0273 0.0123 0.0375 0.0524 0.0758 0.0831 0.0704 0.6364 
 345 0.0050 0.0442 0.0153 0.0411 0.0698 0.0775 0.0811 0.0721 0.5940 
 346 0.0053 0.0490 0.0151 0.0400 0.0567 0.0726 0.0799 0.0714 0.6099 
 347 0.0046 0.0103 0.0119 0.0384 0.0556 0.0678 0.0753 0.0695 0.6666 
 348 0.0042 0.0146 0.0190 0.0425 0.1774 0.0850 0.0884 0.0722 0.4968 
 349 0.0053 0.0452 0.0154 0.0408 0.0708 0.0772 0.0808 0.0729 0.5916 
 350 0.0048 0.0094 0.0119 0.0478 0.0911 0.0820 0.0798 0.0693 0.6040 
 351 0.0047 0.0154 0.0208 0.0394 0.1018 0.0865 0.0975 0.0760 0.5580 
 352 0.0050 0.0696 0.0294 0.0420 0.1020 0.0944 0.1004 0.0779 0.4793 
 353 0.0073 0.3323 0.0134 0.0465 0.0867 0.0835 0.0844 0.0705 0.2754 
 354 0.0075 0.0472 0.0150 0.0443 0.0559 0.0812 0.0868 0.0729 0.5891 
 355 0.0052 0.1249 0.0147 0.0399 0.0527 0.0798 0.0877 0.0722 0.5229 
 356 0.0040 0.0057 0.0183 0.0424 0.1847 0.0842 0.0886 0.0718 0.5004 
 357 0.0045 0.0066 0.0252 0.0468 0.0754 0.1201 0.2289 0.0936 0.3989 
 358 0.0049 0.2664 0.0191 0.0405 0.0678 0.0883 0.1009 0.0750 0.3371 
 359 0.0051 0.2140 0.0129 0.0490 0.0580 0.0821 0.0854 0.0728 0.4206 
 360 0.0056 0.0466 0.0152 0.0412 0.0566 0.0727 0.0802 0.0712 0.6107 
 361 0.0045 0.0060 0.0249 0.0489 0.1031 0.1256 0.2293 0.0945 0.3631 
 362 0.0055 0.0130 0.0389 0.1849 0.0913 0.1984 0.2150 0.1360 0.1169 
 363 0.0060 0.0069 0.0454 0.0882 0.0966 0.1696 0.2888 0.2056 0.0929 
 364 0.0126 0.0100 0.0214 0.0566 0.1151 0.1059 0.2733 0.1443 0.2608 
 365 0.0161 0.0086 0.0318 0.0643 0.0857 0.2575 0.2890 0.1402 0.1067 
 366 0.0060 0.0071 0.0245 0.0888 0.2155 0.1338 0.2588 0.1043 0.1612 
 367 0.0046 0.0047 0.0745 0.0502 0.0581 0.2075 0.1768 0.3451 0.0786 
 368 0.0048 0.0054 0.0200 0.1176 0.0789 0.1274 0.1863 0.3325 0.1272 
 369 0.0067 0.0164 0.0193 0.0593 0.2813 0.0967 0.2458 0.1072 0.1673 
 370 0.0102 0.0179 0.0380 0.1619 0.0935 0.1005 0.1789 0.2773 0.1217 
 371 0.0090 0.0192 0.0216 0.1246 0.1188 0.1016 0.3327 0.1240 0.1486 
 372 0.0327 0.0249 0.0483 0.2425 0.1018 0.1099 0.1154 0.1828 0.1418 
 373 0.0053 0.0054 0.0450 0.0740 0.0893 0.1471 0.1818 0.2733 0.1787 
 374 0.0077 0.0071 0.0322 0.0753 0.0941 0.1287 0.2236 0.1774 0.2539 
 375 0.0140 0.0085 0.0303 0.0900 0.0606 0.1372 0.3438 0.2226 0.0930 
 376 0.0847 0.0068 0.0301 0.0356 0.0642 0.2106 0.3366 0.1428 0.0886 
 377 0.0067 0.0197 0.0284 0.0880 0.1298 0.1776 0.2231 0.2011 0.1256 
 378 0.0053 0.0146 0.1291 0.0567 0.0851 0.1064 0.1080 0.2675 0.2273 
 379 0.1533 0.0090 0.0411 0.0492 0.0716 0.1581 0.2861 0.1525 0.0791 
 380 0.0090 0.0101 0.0350 0.0664 0.1081 0.3435 0.1625 0.0907 0.1748 
 381 0.0086 0.0061 0.0169 0.0418 0.1602 0.2294 0.3017 0.0825 0.1528 
 382 0.0045 0.0085 0.0241 0.0532 0.0590 0.1072 0.4779 0.1640 0.1017 
 383 0.0095 0.1912 0.0430 0.0833 0.0620 0.2162 0.1875 0.0936 0.1138 
 384 0.0392 0.0623 0.0356 0.0660 0.0603 0.1676 0.2860 0.1340 0.1489 
 385 0.0204 0.1370 0.0154 0.0540 0.0647 0.1050 0.1925 0.2667 0.1442 
 386 0.0041 0.0046 0.0323 0.0602 0.0767 0.1995 0.3231 0.2037 0.0957 
 387 0.0045 0.0048 0.0251 0.0452 0.0775 0.2017 0.2982 0.2251 0.1179 
 388 0.0153 0.0129 0.0232 0.0746 0.0636 0.1425 0.2186 0.2148 0.2344 
 389 0.0136 0.0196 0.0203 0.1176 0.2700 0.0841 0.1594 0.2087 0.1067 
 390 0.0157 0.0172 0.0662 0.0566 0.1305 0.2594 0.1536 0.2131 0.0877 
 391 0.0150 0.0118 0.0332 0.0675 0.1610 0.1331 0.1373 0.2962 0.1450 
 392 0.0064 0.0051 0.0276 0.0609 0.0860 0.2577 0.2210 0.1610 0.1743 
 393 0.0067 0.0067 0.0280 0.0427 0.0885 0.4732 0.1281 0.0903 0.1358 
 394 0.0049 0.0174 0.0428 0.0654 0.0823 0.1885 0.1644 0.1812 0.2531 
 395 0.0042 0.0042 0.0339 0.1458 0.1407 0.2459 0.1330 0.1808 0.1114 
 396 0.0052 0.0041 0.0232 0.0643 0.0684 0.1439 0.3286 0.2802 0.0822 
 397 0.0528 0.0057 0.0166 0.1987 0.1081 0.0948 0.2361 0.0987 0.1885 
 398 0.0337 0.0052 0.0585 0.0391 0.0694 0.3410 0.1541 0.2129 0.0862 
 399 0.0048 0.0110 0.0906 0.0622 0.1110 0.1377 0.1340 0.3442 0.1044 
 400 0.0059 0.0047 0.0441 0.0389 0.0867 0.1638 0.3230 0.1977 0.1352 
 401 0.0043 0.0047 0.0416 0.0461 0.1416 0.2045 0.1125 0.3044 0.1402 
 402 0.0059 0.0056 0.0275 0.0605 0.1615 0.1839 0.1879 0.2288 0.1385 
 403 0.0066 0.0060 0.0191 0.0669 0.0892 0.1624 0.1337 0.1708 0.3454 
 404 0.0081 0.0045 0.0160 0.1171 0.0770 0.1608 0.2563 0.1980 0.1622 
 405 0.0044 0.0052 0.0300 0.0975 0.1210 0.2094 0.2550 0.1357 0.1418 
 406 0.0042 0.0047 0.1367 0.0717 0.1764 0.2163 0.1117 0.0871 0.1912 
 407 0.0042 0.0041 0.0362 0.0522 0.0634 0.3364 0.2792 0.1433 0.0810 
 408 0.0040 0.0043 0.0405 0.0760 0.2114 0.1282 0.1014 0.3593 0.0749 
 409 0.0096 0.0085 0.0356 0.0454 0.1741 0.2801 0.1005 0.0994 0.2468 
 410 0.0635 0.0081 0.0596 0.0560 0.0904 0.2232 0.1720 0.1913 0.1360 
 411 0.0114 0.0249 0.0254 0.0430 0.1287 0.1325 0.3483 0.1248 0.1610 
 412 0.0047 0.0056 0.0307 0.1127 0.0756 0.1284 0.2541 0.2716 0.1166 
 413 0.0045 0.0135 0.0283 0.0855 0.0740 0.1510 0.1894 0.2477 0.2060 
 414 0.0052 0.0094 0.0289 0.1388 0.0632 0.0973 0.2765 0.3008 0.0799 
 415 0.0050 0.0044 0.0326 0.0543 0.1541 0.2046 0.2920 0.1483 0.1048 
 416 0.0065 0.0049 0.0287 0.0587 0.1308 0.2459 0.1672 0.2221 0.1352 
 417 0.0051 0.0063 0.0959 0.0656 0.0677 0.3035 0.2048 0.1586 0.0925 
 418 0.0062 0.0046 0.0364 0.0671 0.0575 0.1457 0.2416 0.3459 0.0949 
 419 0.0114 0.0087 0.0273 0.0602 0.0957 0.2484 0.1517 0.1702 0.2264 
 420 0.0040 0.0042 0.0450 0.0453 0.2293 0.2029 0.1170 0.2641 0.0882 
 421 0.0054 0.0066 0.0437 0.0890 0.0753 0.3004 0.1432 0.2401 0.0964 
 422 0.0057 0.0047 0.0250 0.1214 0.1521 0.3581 0.1097 0.1191 0.1042 
 423 0.0073 0.0048 0.0308 0.1123 0.0949 0.1589 0.2971 0.1533 0.1406 
 424 0.0074 0.0076 0.0393 0.0415 0.1596 0.1672 0.1525 0.2883 0.1367 
 425 0.0264 0.0084 0.0233 0.0707 0.0855 0.1630 0.2820 0.1696 0.1711 
 426 0.0290 0.0328 0.0759 0.0591 0.0893 0.1394 0.1914 0.2383 0.1448 
 427 0.0049 0.0116 0.0610 0.0354 0.0603 0.3218 0.1809 0.1626 0.1614 
 428 0.0170 0.0070 0.0629 0.0711 0.1227 0.3106 0.1108 0.1016 0.1965 
 429 0.0051 0.0045 0.0421 0.0546 0.0580 0.2066 0.3433 0.2069 0.0789 
 430 0.0047 0.0057 0.0430 0.0666 0.0690 0.4346 0.1608 0.1290 0.0866 
 431 0.0107 0.0141 0.0406 0.1036 0.0899 0.1080 0.2063 0.2716 0.1553 
 432 0.0051 0.0053 0.0260 0.0784 0.0952 0.1557 0.1845 0.3133 0.1367 
 433 0.0085 0.0067 0.0184 0.0731 0.1218 0.0981 0.1612 0.1704 0.3417 
 434 0.0051 0.0057 0.0184 0.0982 0.1188 0.1678 0.2882 0.1361 0.1618 
 435 0.0043 0.0049 0.0791 0.0373 0.0751 0.3775 0.1669 0.1713 0.0836 
 436 0.0064 0.0055 0.2059 0.0270 0.0899 0.2441 0.1643 0.1362 0.1207 
 437 0.0061 0.0050 0.0212 0.0455 0.0730 0.1385 0.4928 0.1234 0.0946 
 438 0.0050 0.0071 0.1021 0.0386 0.1493 0.3243 0.1013 0.1548 0.1176 
 439 0.0044 0.0054 0.0954 0.0314 0.0598 0.4469 0.1385 0.1196 0.0986 
 440 0.0039 0.0043 0.1553 0.0417 0.0663 0.2719 0.2205 0.1634 0.0729 
 441 0.0048 0.0069 0.0337 0.0419 0.0804 0.3869 0.1856 0.1195 0.1402 
 442 0.0064 0.0041 0.0185 0.0421 0.1071 0.1813 0.2712 0.2775 0.0917 
 443 0.0045 0.0049 0.1156 0.0371 0.1920 0.1909 0.1287 0.2480 0.0782 
 444 0.0066 0.0046 0.0244 0.0398 0.1252 0.1892 0.2955 0.2236 0.0910 
 445 0.0341 0.0056 0.0234 0.0415 0.1202 0.4096 0.1179 0.0940 0.1537 
 446 0.0394 0.0064 0.0759 0.0295 0.0565 0.3456 0.1324 0.2237 0.0906 
 447 0.0065 0.0055 0.0976 0.0356 0.1149 0.2934 0.1324 0.1719 0.1424 
 448 0.0044 0.0052 0.0327 0.0452 0.0855 0.3174 0.2366 0.1769 0.0961 
 449 0.0047 0.0052 0.0333 0.0514 0.0897 0.3052 0.2349 0.1433 0.1322 
 450 0.0063 0.0056 0.0187 0.0366 0.0512 0.2901 0.3062 0.1471 0.1382 
 451 0.0048 0.0045 0.0342 0.0505 0.0968 0.1244 0.2052 0.4046 0.0750 
 452 0.0049 0.0050 0.0357 0.0403 0.0591 0.2999 0.2575 0.1611 0.1366 
 453 0.0042 0.0054 0.0225 0.0522 0.3267 0.2136 0.1033 0.1684 0.1039 
 454 0.0047 0.0130 0.0464 0.0527 0.0814 0.2381 0.3097 0.1207 0.1332 
 455 0.0044 0.0056 0.1077 0.0307 0.1016 0.3623 0.1464 0.1593 0.0819 
 456 0.0054 0.0046 0.0422 0.0365 0.2021 0.2403 0.2232 0.1632 0.0825 
 457 0.0056 0.0053 0.0319 0.0377 0.0745 0.2761 0.3434 0.1258 0.0997 
 458 0.0363 0.0057 0.0368 0.0377 0.0636 0.4417 0.1482 0.1336 0.0964 
 459 0.0043 0.0058 0.0455 0.0286 0.0676 0.3742 0.1464 0.1686 0.1589 
 460 0.0042 0.0053 0.0519 0.0316 0.0668 0.3696 0.1661 0.2195 0.0851 
 461 0.0056 0.0050 0.0496 0.0312 0.0508 0.2389 0.2244 0.3030 0.0914 
 462 0.0098 0.0060 0.0243 0.0735 0.1056 0.2894 0.2129 0.2120 0.0666 
 463 0.0041 0.0060 0.1053 0.0633 0.2298 0.2853 0.1120 0.0945 0.0998 
 464 0.0039 0.0046 0.0503 0.0334 0.1223 0.3094 0.1445 0.2498 0.0818 
 465 0.0061 0.0054 0.0262 0.0438 0.0966 0.3085 0.1505 0.2699 0.0930 
 466 0.0040 0.0045 0.0381 0.0470 0.1914 0.2824 0.1379 0.2121 0.0826 
 467 0.0048 0.0066 0.0302 0.0713 0.1018 0.3820 0.1709 0.1227 0.1097 
 468 0.0048 0.0048 0.1209 0.0356 0.1242 0.2952 0.2275 0.1058 0.0813 
 469 0.0044 0.0051 0.1845 0.0279 0.0549 0.4280 0.1121 0.0978 0.0853 
 470 0.0041 0.0048 0.1358 0.0320 0.0643 0.3515 0.1345 0.1864 0.0866 
 471 0.0058 0.0043 0.0337 0.0739 0.1894 0.2032 0.1924 0.2024 0.0948 
 472 0.0056 0.0047 0.0184 0.0427 0.1353 0.3219 0.2064 0.1763 0.0888 
 473 0.0046 0.0060 0.0324 0.0635 0.1089 0.2478 0.2655 0.1405 0.1308 
 474 0.0046 0.0048 0.0317 0.0435 0.1002 0.3115 0.2290 0.1514 0.1233 
 475 0.0047 0.0049 0.0288 0.0465 0.0930 0.2859 0.1450 0.2450 0.1463 
 476 0.0064 0.0053 0.0325 0.0342 0.1008 0.2515 0.3540 0.1225 0.0927 
 477 0.0061 0.0062 0.0322 0.0305 0.1257 0.2135 0.1647 0.2978 0.1233 
 478 0.0071 0.0061 0.0506 0.0290 0.0690 0.1879 0.1214 0.4447 0.0842 
 479 0.0041 0.0047 0.0447 0.0324 0.0644 0.2937 0.3043 0.1674 0.0845 
 480 0.0051 0.0047 0.0458 0.0354 0.0653 0.2508 0.3861 0.1121 0.0945 
 481 0.0055 0.0041 0.0181 0.0952 0.1029 0.2393 0.2351 0.2062 0.0937 
 482 0.0051 0.0044 0.0391 0.0334 0.0588 0.2451 0.3574 0.1720 0.0847 
 483 0.0051 0.0064 0.1405 0.0325 0.0618 0.3648 0.1349 0.1516 0.1024 
 484 0.0048 0.0056 0.0817 0.0452 0.1537 0.3882 0.1063 0.1230 0.0914 
 485 0.0046 0.0058 0.2545 0.0326 0.0615 0.3215 0.1057 0.1290 0.0848 
 486 0.0102 0.0060 0.0295 0.0778 0.2808 0.0812 0.2170 0.1779 0.1197 
 487 0.0094 0.0072 0.0177 0.0488 0.1675 0.0997 0.2524 0.1843 0.2132 
 488 0.0086 0.0070 0.0174 0.0672 0.1217 0.0940 0.1563 0.3343 0.1936 
 489 0.0079 0.0066 0.0132 0.0738 0.2182 0.0837 0.2879 0.1147 0.1940 
 490 0.0056 0.0046 0.0359 0.0434 0.1932 0.1012 0.2195 0.3129 0.0837 
 491 0.0101 0.0058 0.0133 0.1428 0.1749 0.1066 0.1591 0.1671 0.2202 
 492 0.0046 0.0063 0.0188 0.0521 0.1366 0.1087 0.1007 0.2698 0.3024 
 493 0.0125 0.0075 0.0177 0.1021 0.1557 0.0690 0.2408 0.2384 0.1564 
 494 0.0327 0.0052 0.0195 0.0855 0.1828 0.1130 0.1943 0.1724 0.1946 
 495 0.0256 0.0069 0.0204 0.0332 0.1543 0.0817 0.1345 0.3218 0.2215 
 496 0.0050 0.0063 0.0183 0.0817 0.1778 0.1194 0.1460 0.1176 0.3277 
 497 0.0275 0.0106 0.0145 0.1175 0.1222 0.0926 0.2121 0.1782 0.2248 
 498 0.0115 0.0063 0.0196 0.0557 0.2119 0.0850 0.2131 0.2710 0.1260 
 499 0.0218 0.0072 0.0156 0.0621 0.1723 0.0930 0.2023 0.1139 0.3119 
 500 0.0138 0.0055 0.0203 0.1191 0.1369 0.0889 0.3483 0.1202 0.1470 
 501 0.0086 0.0048 0.0203 0.0751 0.0860 0.1466 0.2397 0.1458 0.2732 
 502 0.0064 0.0052 0.0173 0.0490 0.0655 0.1494 0.1206 0.2858 0.3007 
 503 0.0060 0.0044 0.0176 0.0709 0.0886 0.1973 0.3062 0.1963 0.1126 
 504 0.0066 0.0049 0.0189 0.0401 0.1638 0.0999 0.1342 0.4138 0.1178 
 505 0.0076 0.0045 0.0201 0.1171 0.2803 0.0869 0.1312 0.1702 0.1820 
 506 0.0063 0.0049 0.0268 0.0828 0.1113 0.1026 0.1230 0.2750 0.2673 
 507 0.0060 0.0060 0.0134 0.0714 0.1998 0.0888 0.0879 0.0757 0.4510 
 508 0.0130 0.0075 0.0137 0.0480 0.2346 0.0665 0.0909 0.0947 0.4311 
 509 0.0070 0.0046 0.0181 0.1184 0.2158 0.1061 0.1196 0.1429 0.2673 
 510 0.0128 0.0048 0.0162 0.0579 0.1030 0.0844 0.2570 0.1289 0.3350 
 511 0.0101 0.0050 0.0607 0.0923 0.1307 0.1505 0.2406 0.1823 0.1278 
 512 0.0067 0.0040 0.0332 0.0743 0.0750 0.1290 0.3975 0.1851 0.0951 
 513 0.0145 0.0064 0.0150 0.1044 0.2308 0.0602 0.0779 0.3511 0.1395 
 514 0.0064 0.0092 0.0650 0.0732 0.1155 0.1075 0.1401 0.3240 0.1591 
 515 0.0099 0.0054 0.0321 0.0459 0.1699 0.1975 0.1794 0.1210 0.2389 
 516 0.0070 0.0053 0.0256 0.0680 0.2130 0.1114 0.1098 0.3225 0.1374 
 517 0.0058 0.0061 0.0318 0.0571 0.2194 0.1764 0.1423 0.1456 0.2155 
 518 0.0457 0.0058 0.0182 0.1266 0.0805 0.0776 0.2887 0.1059 0.2509 
 519 0.0049 0.0049 0.0368 0.0461 0.1126 0.1290 0.1250 0.3772 0.1634 
 520 0.0059 0.0059 0.0930 0.0576 0.2002 0.1721 0.1064 0.0801 0.2788 
 521 0.0051 0.1235 0.0241 0.1518 0.1081 0.0847 0.1304 0.1611 0.2112 
 522 0.0156 0.0059 0.0281 0.0453 0.2338 0.1099 0.3132 0.1146 0.1336 
 523 0.0062 0.0132 0.0317 0.0480 0.3661 0.1055 0.1111 0.1160 0.2021 
 524 0.0067 0.0064 0.1098 0.0654 0.1355 0.2409 0.1309 0.1257 0.1787 
 525 0.0571 0.0071 0.0305 0.0749 0.1454 0.1622 0.1760 0.0873 0.2596 
 526 0.0045 0.0049 0.1457 0.0671 0.2249 0.2482 0.0909 0.0806 0.1332 
 527 0.0547 0.0049 0.0250 0.0609 0.0792 0.1051 0.2808 0.2519 0.1375 
 528 0.0043 0.0138 0.0156 0.1482 0.1115 0.0777 0.1177 0.1098 0.4016 
 529 0.0654 0.0070 0.0168 0.1631 0.1155 0.1157 0.1354 0.1891 0.1919 
 530 0.0062 0.0051 0.0250 0.0573 0.1614 0.1701 0.2836 0.1263 0.1650 
 531 0.0059 0.0138 0.0267 0.0465 0.0998 0.2190 0.1374 0.1106 0.3402 
 532 0.0165 0.0374 0.0164 0.0672 0.1328 0.0758 0.2199 0.1548 0.2790 
 533 0.0480 0.0059 0.0262 0.1162 0.1724 0.1447 0.2163 0.1179 0.1523 
 534 0.0641 0.0059 0.0250 0.0852 0.3055 0.0653 0.0828 0.1608 0.2053 
 535 0.0045 0.0055 0.0328 0.0630 0.2534 0.2154 0.1300 0.1637 0.1318 
 536 0.0054 0.0063 0.0265 0.1177 0.1063 0.2631 0.1153 0.1418 0.2177 
 537 0.0060 0.0194 0.0178 0.0934 0.2619 0.1324 0.1155 0.1212 0.2323 
 538 0.0044 0.0054 0.0230 0.1735 0.1999 0.1222 0.1344 0.1050 0.2323 
 539 0.0041 0.0046 0.0126 0.0976 0.1326 0.0670 0.1008 0.0835 0.4971 
 540 0.0051 0.1280 0.0212 0.1645 0.1883 0.1321 0.1376 0.0939 0.1293 
 541 0.0069 0.0565 0.0177 0.0907 0.1127 0.2038 0.1287 0.1009 0.2821 
 542 0.0052 0.0045 0.0194 0.1278 0.2178 0.3143 0.1090 0.0988 0.1032 
 543 0.0070 0.0966 0.0340 0.0743 0.2324 0.1243 0.1032 0.1516 0.1766 
 544 0.0043 0.0104 0.0203 0.0647 0.3384 0.2107 0.1123 0.1070 0.1319 
 545 0.0050 0.0057 0.0648 0.0632 0.2991 0.2259 0.1047 0.1432 0.0885 
 546 0.0051 0.0106 0.0146 0.1541 0.2317 0.2159 0.1190 0.1022 0.1468 
 547 0.0050 0.0073 0.0272 0.0404 0.4041 0.1310 0.0905 0.1126 0.1819 
 548 0.0046 0.0046 0.0141 0.3423 0.0795 0.0724 0.1170 0.1011 0.2644 
 549 0.0056 0.0072 0.0266 0.0390 0.1418 0.2729 0.0874 0.0974 0.3221 
 550 0.0042 0.0049 0.0897 0.0530 0.2605 0.1901 0.1231 0.1517 0.1229 
 551 0.0058 0.0076 0.0202 0.0468 0.1129 0.1897 0.1068 0.1148 0.3953 
 552 0.0045 0.0047 0.0148 0.1963 0.2268 0.1356 0.1224 0.0904 0.2045 
 553 0.0074 0.0316 0.0261 0.0731 0.3843 0.0881 0.0874 0.1147 0.1874 
 554 0.0067 0.1556 0.0198 0.1331 0.1252 0.1295 0.2213 0.1066 0.1021 
 555 0.0075 0.0147 0.0172 0.0984 0.2377 0.0810 0.1145 0.1350 0.2940 
 556 0.0048 0.0099 0.0181 0.1606 0.2559 0.1297 0.1359 0.1145 0.1705 
 557 0.0047 0.0139 0.0650 0.0487 0.1323 0.2659 0.1395 0.1603 0.1697 
 558 0.0051 0.0044 0.0387 0.0290 0.0536 0.2693 0.3366 0.1742 0.0891 
 559 0.0053 0.0074 0.0238 0.1823 0.1581 0.1103 0.1774 0.2233 0.1121 
 560 0.0041 0.0042 0.0616 0.0667 0.0621 0.2438 0.1194 0.3691 0.0690 
 561 0.0050 0.0047 0.0225 0.0474 0.1141 0.2465 0.1801 0.2909 0.0887 
 562 0.0057 0.0048 0.0339 0.0819 0.1334 0.1280 0.2209 0.3233 0.0682 
 563 0.0068 0.0051 0.0256 0.0294 0.1047 0.1756 0.1183 0.3157 0.2188 
 564 0.0086 0.0173 0.0233 0.2483 0.1847 0.0956 0.1863 0.1200 0.1159 
 565 0.0045 0.0047 0.0417 0.0394 0.0604 0.3696 0.2634 0.1214 0.0949 
 566 0.0040 0.0045 0.0676 0.0429 0.0703 0.1585 0.2403 0.3383 0.0736 
 567 0.0060 0.0051 0.0213 0.3026 0.1161 0.0829 0.1795 0.1983 0.0883 
 568 0.0045 0.0055 0.0276 0.0902 0.1374 0.2194 0.1627 0.2359 0.1167 
 569 0.0056 0.0145 0.0294 0.0489 0.1527 0.1260 0.3770 0.1309 0.1151 
 570 0.0054 0.0050 0.0270 0.0533 0.0560 0.1239 0.5175 0.1343 0.0774 
 571 0.0045 0.0064 0.0597 0.0735 0.0844 0.1411 0.1496 0.3701 0.1107 
 572 0.0039 0.0057 0.0194 0.0538 0.3740 0.0898 0.1772 0.0892 0.1871 
 573 0.0061 0.0092 0.0870 0.2474 0.1021 0.1582 0.1436 0.1238 0.1226 
 574 0.0054 0.0118 0.0210 0.0505 0.1109 0.1189 0.4112 0.0914 0.1790 
 575 0.0048 0.0048 0.0299 0.0828 0.0809 0.2057 0.1425 0.2644 0.1842 
 576 0.0052 0.0053 0.0326 0.0443 0.0596 0.1407 0.2233 0.4135 0.0755 
 577 0.0058 0.0054 0.0188 0.0512 0.1011 0.1207 0.3989 0.1182 0.1799 
 578 0.0049 0.0067 0.0387 0.0764 0.0865 0.1839 0.2157 0.2821 0.1049 
 579 0.0067 0.0110 0.0245 0.1194 0.0984 0.2179 0.2371 0.1938 0.0911 
