   1 0.0082 0.0108 0.0200 0.0492 0.0935 0.1132 0.1794 0.3886 0.1371 
   2 0.0056 0.0047 0.0291 0.3272 0.0595 0.1322 0.1001 0.1176 0.2240 
   3 0.0104 0.0054 0.0848 0.0677 0.1290 0.2099 0.1769 0.1908 0.1250 
   4 0.0123 0.0195 0.0408 0.0668 0.0966 0.1258 0.3887 0.1050 0.1444 
   5 0.0057 0.0085 0.0374 0.1504 0.0650 0.1663 0.1020 0.1382 0.3265 
   6 0.0061 0.0069 0.0879 0.0720 0.0515 0.2756 0.1285 0.1986 0.1728 
   7 0.0076 0.0055 0.0243 0.0444 0.0468 0.2432 0.0972 0.1831 0.3479 
   8 0.0109 0.1331 0.0608 0.0674 0.0718 0.1771 0.1918 0.1468 0.1404 
   9 0.0076 0.0056 0.0501 0.1891 0.0701 0.1602 0.1447 0.2192 0.1534 
  10 0.0065 0.1059 0.0298 0.0610 0.0465 0.1864 0.1249 0.2407 0.1983 
  11 0.0078 0.0053 0.0222 0.0463 0.0461 0.1624 0.0892 0.3660 0.2547 
  12 0.0058 0.0049 0.0312 0.1472 0.0689 0.1662 0.1635 0.1391 0.2733 
  13 0.0063 0.0059 0.0272 0.0949 0.0737 0.1967 0.1469 0.1973 0.2511 
  14 0.0100 0.0177 0.0348 0.1329 0.1838 0.1522 0.1331 0.1679 0.1676 
  15 0.0158 0.0070 0.0336 0.0901 0.0933 0.1606 0.2396 0.1442 0.2158 
  16 0.0073 0.0054 0.0284 0.0485 0.0685 0.1707 0.1094 0.3790 0.1828 
  17 0.0077 0.0059 0.0486 0.0757 0.0986 0.2281 0.1489 0.1670 0.2196 
  18 0.0151 0.0068 0.0521 0.2114 0.0779 0.1611 0.1574 0.1989 0.1193 
  19 0.0063 0.0048 0.0548 0.1009 0.0486 0.2452 0.1337 0.2153 0.1904 
  20 0.0125 0.0054 0.0440 0.0968 0.0773 0.2015 0.1501 0.1468 0.2657 
  21 0.0075 0.0102 0.0200 0.1090 0.1169 0.1130 0.1971 0.2735 0.1527 
  22 0.0064 0.0054 0.0671 0.0644 0.0700 0.2318 0.1544 0.2514 0.1492 
  23 0.0155 0.0143 0.0468 0.1300 0.1665 0.1310 0.2219 0.1232 0.1508 
  24 0.0069 0.0054 0.0200 0.0608 0.0723 0.1096 0.1914 0.3955 0.1381 
  25 0.0105 0.0062 0.0578 0.0831 0.0638 0.2740 0.0823 0.1317 0.2907 
  26 0.0090 0.0050 0.0292 0.0960 0.0653 0.1708 0.1958 0.2267 0.2022 
  27 0.0068 0.0056 0.0284 0.0610 0.1025 0.1781 0.1415 0.2461 0.2301 
  28 0.0071 0.0471 0.0206 0.0822 0.0681 0.1482 0.2330 0.2274 0.1663 
  29 0.0057 0.0046 0.0275 0.1023 0.0834 0.1597 0.1211 0.2101 0.2857 
  30 0.0069 0.0047 0.0437 0.0817 0.0797 0.1847 0.1196 0.3345 0.1446 
  31 0.0060 0.1144 0.0325 0.0821 0.1050 0.1379 0.1069 0.2123 0.2030 
  32 0.0104 0.0123 0.0766 0.1361 0.0779 0.2124 0.2077 0.1222 0.1444 
  33 0.0075 0.0047 0.0420 0.0756 0.1040 0.1927 0.1806 0.2302 0.1628 
  34 0.0083 0.1096 0.0669 0.0473 0.0527 0.2641 0.0994 0.1169 0.2348 
  35 0.0060 0.0047 0.0607 0.0980 0.1891 0.1681 0.0991 0.1855 0.1887 
  36 0.0331 0.0074 0.0177 0.0795 0.2203 0.0892 0.0902 0.3533 0.1092 
  37 0.0062 0.0057 0.0260 0.1520 0.1164 0.1508 0.1913 0.1867 0.1648 
  38 0.1737 0.0049 0.0292 0.0772 0.0892 0.1500 0.0811 0.2016 0.1931 
  39 0.0134 0.0055 0.0346 0.0849 0.1403 0.1720 0.1169 0.2289 0.2036 
  40 0.0089 0.0053 0.0264 0.0950 0.3326 0.1180 0.1166 0.1717 0.1256 
  41 0.0104 0.0072 0.0377 0.0538 0.3278 0.1469 0.0786 0.1874 0.1501 
  42 0.0198 0.0052 0.0190 0.0437 0.1881 0.0767 0.2537 0.2768 0.1170 
  43 0.0057 0.0100 0.0270 0.0906 0.3336 0.1337 0.1241 0.1234 0.1519 
  44 0.0052 0.0044 0.0503 0.0764 0.3858 0.1546 0.0773 0.1196 0.1265 
  45 0.0232 0.0048 0.0211 0.1444 0.1593 0.0935 0.0796 0.3174 0.1567 
  46 0.0071 0.0049 0.0695 0.0712 0.1495 0.2242 0.1058 0.1608 0.2070 
  47 0.0059 0.0119 0.0587 0.1306 0.0978 0.1874 0.1341 0.2175 0.1560 
  48 0.0070 0.0044 0.0610 0.0923 0.3935 0.1389 0.0845 0.0996 0.1188 
  49 0.0078 0.0054 0.0376 0.0735 0.1687 0.1233 0.1164 0.2816 0.1856 
  50 0.0076 0.0444 0.0781 0.0720 0.0889 0.2406 0.1033 0.1594 0.2056 
  51 0.0262 0.0065 0.0169 0.0624 0.4340 0.0740 0.0764 0.2039 0.0997 
  52 0.0075 0.0049 0.0346 0.0466 0.1461 0.1717 0.1243 0.2562 0.2082 
  53 0.0460 0.0180 0.0432 0.0682 0.1145 0.1930 0.1146 0.2504 0.1521 
  54 0.0049 0.0054 0.0293 0.2173 0.1564 0.1263 0.1370 0.1547 0.1686 
  55 0.0060 0.0050 0.0282 0.1270 0.3361 0.1186 0.1073 0.1100 0.1619 
  56 0.0137 0.0049 0.0582 0.1258 0.2041 0.1378 0.1365 0.1775 0.1416 
  57 0.0078 0.0137 0.0397 0.0627 0.0578 0.1905 0.2342 0.1874 0.2061 
  58 0.0118 0.0051 0.0227 0.1042 0.2147 0.0983 0.1092 0.2561 0.1780 
  59 0.0407 0.0049 0.0403 0.0924 0.1495 0.1032 0.1168 0.2637 0.1885 
  60 0.0135 0.0113 0.0181 0.0826 0.3220 0.0959 0.1443 0.1974 0.1148 
  61 0.0052 0.0053 0.0170 0.2315 0.2773 0.0813 0.1414 0.1171 0.1237 
  62 0.0070 0.0049 0.0761 0.1162 0.0784 0.1495 0.1377 0.1914 0.2388 
  63 0.0073 0.0050 0.0222 0.1194 0.1613 0.1554 0.1579 0.1926 0.1789 
  64 0.0162 0.0046 0.0466 0.1291 0.0680 0.1924 0.0900 0.2706 0.1825 
  65 0.0063 0.0050 0.0325 0.1301 0.0736 0.2483 0.0804 0.1222 0.3016 
  66 0.0068 0.0120 0.0220 0.2190 0.1021 0.1216 0.1802 0.1376 0.1987 
  67 0.0052 0.0052 0.0238 0.1889 0.2881 0.1254 0.0914 0.1206 0.1514 
  68 0.0362 0.0054 0.0326 0.0783 0.1689 0.0935 0.1302 0.2868 0.1681 
  69 0.0679 0.2284 0.0540 0.0624 0.0848 0.1138 0.0791 0.1746 0.1351 
  70 0.0132 0.0117 0.0216 0.0607 0.2844 0.1458 0.1127 0.1943 0.1557 
  71 0.0304 0.0072 0.0376 0.1095 0.2031 0.1059 0.0725 0.2518 0.1821 
  72 0.0102 0.0075 0.0293 0.0685 0.1427 0.1476 0.0821 0.3874 0.1247 
  73 0.0098 0.0082 0.0377 0.1983 0.2017 0.1081 0.0825 0.1574 0.1964 
  74 0.0333 0.0048 0.0182 0.0812 0.1855 0.0893 0.1407 0.3417 0.1054 
  75 0.0178 0.0095 0.0192 0.0994 0.2021 0.0751 0.1436 0.3228 0.1104 
  76 0.0059 0.0051 0.0243 0.1072 0.2430 0.1865 0.1026 0.1328 0.1924 
  77 0.0326 0.0046 0.0271 0.0859 0.2045 0.1371 0.0841 0.2219 0.2021 
  78 0.1421 0.0051 0.0309 0.0772 0.1679 0.1359 0.0893 0.1724 0.1791 
  79 0.0072 0.0058 0.0200 0.0941 0.0491 0.2023 0.1097 0.2225 0.2892 
  80 0.0064 0.0061 0.0160 0.1161 0.0575 0.1190 0.3915 0.1446 0.1427 
  81 0.0068 0.0063 0.0153 0.1223 0.0454 0.1409 0.3187 0.1719 0.1724 
  82 0.0064 0.0060 0.0270 0.0916 0.1454 0.1215 0.1641 0.1643 0.2737 
  83 0.0115 0.0075 0.0244 0.1183 0.0832 0.1813 0.2403 0.1488 0.1847 
  84 0.0065 0.0063 0.0190 0.0884 0.0558 0.1875 0.2306 0.1772 0.2286 
  85 0.0135 0.0073 0.0299 0.0917 0.0761 0.1609 0.2583 0.1962 0.1660 
  86 0.0086 0.0052 0.0315 0.1860 0.1418 0.1580 0.1073 0.1418 0.2198 
  87 0.0131 0.0144 0.0220 0.0867 0.0851 0.2299 0.1166 0.1635 0.2688 
  88 0.0063 0.0058 0.0180 0.0940 0.0687 0.1338 0.2578 0.1930 0.2225 
  89 0.0069 0.0156 0.0155 0.1887 0.0566 0.1141 0.2500 0.1904 0.1623 
  90 0.0062 0.0057 0.0183 0.1014 0.0555 0.2157 0.1311 0.1572 0.3089 
  91 0.0143 0.0076 0.0241 0.0791 0.0801 0.1287 0.3711 0.1577 0.1373 
  92 0.0064 0.0057 0.0197 0.0974 0.0639 0.1512 0.1530 0.2297 0.2729 
  93 0.0060 0.0356 0.0159 0.0699 0.0607 0.0872 0.4451 0.1569 0.1227 
  94 0.0176 0.0067 0.0192 0.0496 0.0736 0.2825 0.1036 0.1679 0.2792 
  95 0.0063 0.0059 0.0160 0.0966 0.0596 0.1973 0.2224 0.1346 0.2613 
  96 0.0055 0.0064 0.0171 0.1300 0.2890 0.0859 0.2077 0.1153 0.1431 
  97 0.0176 0.0051 0.0185 0.1128 0.1312 0.0799 0.1533 0.3579 0.1238 
  98 0.0059 0.0050 0.0236 0.1180 0.1948 0.1284 0.1225 0.2211 0.1808 
  99 0.0067 0.0064 0.0177 0.1148 0.0503 0.1883 0.2153 0.1645 0.2360 
 100 0.0051 0.0055 0.0174 0.1951 0.0740 0.0800 0.3967 0.1123 0.1139 
 101 0.0153 0.0494 0.0244 0.1194 0.1086 0.1647 0.1266 0.1743 0.2171 
 102 0.0119 0.0076 0.0285 0.0723 0.1430 0.1413 0.2969 0.1213 0.1772 
 103 0.0053 0.0259 0.0209 0.3575 0.0620 0.1410 0.1220 0.1007 0.1647 
 104 0.0053 0.0121 0.0213 0.0732 0.0582 0.2645 0.1295 0.1006 0.3354 
 105 0.0054 0.0312 0.0362 0.1382 0.0756 0.1660 0.1520 0.1091 0.2862 
 106 0.0086 0.0045 0.0208 0.0595 0.0610 0.2884 0.0671 0.1627 0.3274 
 107 0.0061 0.0164 0.0284 0.2136 0.0732 0.1933 0.1351 0.1065 0.2274 
 108 0.0781 0.0065 0.0556 0.2326 0.1793 0.1198 0.0961 0.0863 0.1457 
 109 0.0174 0.0099 0.0776 0.0789 0.0817 0.1721 0.0673 0.1704 0.3246 
 110 0.0091 0.0073 0.0236 0.0579 0.0509 0.2879 0.0712 0.1840 0.3083 
 111 0.0071 0.0080 0.0318 0.0966 0.0612 0.2485 0.1044 0.0949 0.3473 
 112 0.0096 0.0055 0.0943 0.0488 0.0903 0.2287 0.0742 0.1342 0.3144 
 113 0.0127 0.0094 0.0258 0.2688 0.0918 0.1299 0.1103 0.1848 0.1665 
 114 0.0052 0.0141 0.0249 0.0810 0.0551 0.2278 0.1515 0.1049 0.3354 
 115 0.0069 0.0057 0.0398 0.0657 0.1698 0.2142 0.1128 0.1003 0.2848 
 116 0.0183 0.0048 0.0239 0.0731 0.1541 0.1861 0.0694 0.1935 0.2768 
 117 0.0099 0.0106 0.0362 0.0540 0.0738 0.2290 0.0864 0.2058 0.2944 
 118 0.0102 0.0052 0.0348 0.2273 0.0831 0.1311 0.1011 0.1018 0.3053 
 119 0.0085 0.0073 0.0198 0.0964 0.2905 0.1231 0.2123 0.1002 0.1420 
 120 0.0067 0.0073 0.0409 0.0845 0.1220 0.2095 0.1224 0.1015 0.3052 
 121 0.0101 0.0131 0.0718 0.0689 0.1852 0.1834 0.0777 0.1292 0.2607 
 122 0.0073 0.0100 0.0229 0.0789 0.0586 0.2435 0.0837 0.1833 0.3118 
 123 0.0094 0.0093 0.0252 0.1049 0.0783 0.2467 0.1123 0.1309 0.2830 
 124 0.0093 0.0063 0.0592 0.1197 0.1173 0.1940 0.0862 0.2120 0.1960 
 125 0.0184 0.0070 0.0442 0.0542 0.0952 0.1722 0.0873 0.3316 0.1901 
 126 0.0087 0.0052 0.0167 0.0752 0.1442 0.1972 0.1184 0.1947 0.2396 
 127 0.0059 0.0055 0.0294 0.1096 0.0679 0.2662 0.1063 0.0838 0.3256 
 128 0.0053 0.0047 0.0284 0.2359 0.0849 0.1204 0.0980 0.1233 0.2991 
 129 0.0054 0.0202 0.0262 0.2402 0.0714 0.1920 0.0728 0.0997 0.2720 
 130 0.0059 0.0148 0.0387 0.1155 0.0528 0.2113 0.1439 0.1057 0.3113 
 131 0.0585 0.0157 0.0445 0.0775 0.1080 0.1889 0.0693 0.2254 0.2121 
 132 0.0070 0.0097 0.0207 0.1535 0.0630 0.2410 0.0691 0.1568 0.2792 
 133 0.0090 0.0129 0.0273 0.1829 0.0847 0.2157 0.1131 0.0995 0.2548 
 134 0.0069 0.0043 0.0213 0.0606 0.0444 0.3102 0.0605 0.1484 0.3433 
 135 0.0083 0.0052 0.0247 0.0773 0.1658 0.0719 0.3413 0.1541 0.1514 
 136 0.0062 0.0117 0.0267 0.0647 0.0582 0.1070 0.4414 0.1279 0.1562 
 137 0.0064 0.0130 0.0285 0.0534 0.0530 0.0816 0.4868 0.1403 0.1368 
 138 0.0072 0.0066 0.0157 0.0523 0.0665 0.0758 0.5402 0.1449 0.0909 
 139 0.0066 0.0118 0.0205 0.2639 0.0994 0.0870 0.2082 0.1754 0.1272 
 140 0.0079 0.0181 0.0160 0.0745 0.1016 0.0926 0.2911 0.2482 0.1502 
 141 0.0074 0.0589 0.0276 0.0766 0.0657 0.1173 0.3176 0.1903 0.1386 
 142 0.0071 0.0175 0.0236 0.1003 0.2021 0.0721 0.3069 0.1408 0.1295 
 143 0.0056 0.0052 0.0145 0.0580 0.0572 0.0677 0.5920 0.1097 0.0901 
 144 0.0059 0.0062 0.0285 0.0553 0.0568 0.0765 0.5208 0.1186 0.1313 
 145 0.0071 0.0121 0.0297 0.0792 0.0901 0.1243 0.2662 0.2160 0.1753 
 146 0.0079 0.0119 0.0176 0.0529 0.0650 0.1109 0.3188 0.2483 0.1668 
 147 0.0058 0.0100 0.0160 0.0496 0.0503 0.0744 0.5776 0.1211 0.0953 
 148 0.0059 0.0579 0.0283 0.0837 0.1065 0.1199 0.2988 0.1239 0.1752 
 149 0.0075 0.1962 0.0177 0.0857 0.1192 0.0738 0.1864 0.2011 0.1124 
 150 0.0058 0.0136 0.0316 0.0828 0.0657 0.1039 0.3491 0.1561 0.1915 
 151 0.0058 0.0057 0.0154 0.0732 0.0654 0.0824 0.4922 0.1338 0.1261 
 152 0.0100 0.0183 0.0436 0.0693 0.1492 0.1310 0.3184 0.1040 0.1563 
 153 0.0076 0.0145 0.0156 0.0498 0.1003 0.0857 0.4151 0.2016 0.1097 
 154 0.0061 0.2670 0.0242 0.0801 0.1015 0.1012 0.1507 0.1235 0.1458 
 155 0.0051 0.0065 0.0155 0.0651 0.0557 0.0859 0.5530 0.1018 0.1115 
 156 0.0054 0.0058 0.0172 0.0670 0.1514 0.0751 0.4532 0.1044 0.1205 
 157 0.0057 0.0126 0.0159 0.0582 0.0507 0.1260 0.4602 0.1225 0.1482 
 158 0.0082 0.0120 0.0276 0.0620 0.0769 0.1189 0.2903 0.2280 0.1762 
 159 0.0065 0.1154 0.0179 0.0628 0.0493 0.0740 0.4515 0.1169 0.1057 
 160 0.0064 0.1182 0.0188 0.0788 0.0506 0.0759 0.4121 0.1182 0.1212 
 161 0.0072 0.0100 0.0159 0.0643 0.0815 0.0885 0.3227 0.2857 0.1242 
 162 0.0069 0.0124 0.0192 0.0668 0.0712 0.1222 0.2876 0.2268 0.1869 
 163 0.0054 0.0065 0.0146 0.0556 0.0862 0.0779 0.5422 0.1080 0.1037 
 164 0.0067 0.1702 0.0177 0.0858 0.0651 0.1009 0.1964 0.1601 0.1970 
 165 0.0062 0.0061 0.0298 0.0655 0.0638 0.0919 0.4173 0.1365 0.1827 
 166 0.0122 0.1710 0.0213 0.0979 0.1049 0.1233 0.2218 0.1129 0.1349 
 167 0.0064 0.3454 0.0229 0.0409 0.0504 0.1215 0.1600 0.1061 0.1463 
 168 0.0199 0.0076 0.0214 0.0574 0.0985 0.0952 0.4282 0.1639 0.1080 
 169 0.0189 0.0102 0.0275 0.0513 0.0660 0.1127 0.2128 0.3399 0.1607 
 170 0.0059 0.0060 0.0152 0.1116 0.1495 0.0831 0.3530 0.1547 0.1209 
 171 0.0125 0.0111 0.0272 0.0814 0.1029 0.1210 0.3566 0.1334 0.1541 
 172 0.0165 0.0342 0.0188 0.0661 0.1315 0.0706 0.2306 0.3246 0.1071 
 173 0.0052 0.0116 0.0179 0.0984 0.0547 0.0787 0.5086 0.1099 0.1150 
 174 0.0058 0.0114 0.0157 0.0671 0.0474 0.0887 0.4966 0.1427 0.1248 
 175 0.0052 0.0066 0.0259 0.0622 0.0822 0.1044 0.4904 0.1103 0.1128 
 176 0.0064 0.0063 0.0274 0.0543 0.0569 0.0772 0.5235 0.1175 0.1305 
 177 0.0084 0.0133 0.0165 0.0553 0.0625 0.1317 0.3489 0.2016 0.1619 
 178 0.0055 0.0148 0.0253 0.0744 0.0496 0.1338 0.4075 0.1380 0.1511 
 179 0.0054 0.0347 0.0161 0.0741 0.0490 0.0778 0.5376 0.1130 0.0923 
 180 0.0084 0.0396 0.0188 0.0506 0.0778 0.0988 0.3198 0.2442 0.1420 
 181 0.0068 0.0104 0.0204 0.0954 0.0982 0.0843 0.3311 0.2141 0.1392 
 182 0.0059 0.0068 0.0183 0.0953 0.0929 0.0716 0.4470 0.1114 0.1508 
 183 0.0052 0.0106 0.0170 0.0779 0.0605 0.0790 0.5233 0.1255 0.1011 
 184 0.0072 0.0047 0.0325 0.4337 0.0586 0.1386 0.0942 0.0940 0.1364 
 185 0.0055 0.0056 0.0170 0.0664 0.1631 0.0613 0.5048 0.0922 0.0841 
 186 0.0051 0.0049 0.0235 0.3611 0.0630 0.1557 0.0913 0.1292 0.1661 
 187 0.0057 0.0070 0.0202 0.3500 0.0631 0.1014 0.2376 0.1025 0.1125 
 188 0.0046 0.0047 0.0223 0.4721 0.0580 0.1285 0.0742 0.0981 0.1374 
 189 0.0175 0.0061 0.0257 0.1593 0.1054 0.1536 0.2247 0.1889 0.1189 
 190 0.0049 0.0052 0.0176 0.1770 0.3248 0.0623 0.2192 0.0849 0.1041 
 191 0.0047 0.0050 0.0210 0.4667 0.0518 0.0971 0.1084 0.1046 0.1406 
 192 0.0057 0.0052 0.0202 0.3091 0.0542 0.1188 0.2256 0.1195 0.1417 
 193 0.0057 0.0050 0.0273 0.1923 0.0875 0.1230 0.2086 0.1518 0.1987 
 194 0.0061 0.0069 0.0193 0.2050 0.1279 0.1152 0.2256 0.1463 0.1478 
 195 0.0047 0.0056 0.0148 0.3632 0.1108 0.0677 0.2418 0.1074 0.0841 
 196 0.0066 0.0048 0.0204 0.3036 0.1660 0.0829 0.1905 0.0913 0.1340 
 197 0.0058 0.0066 0.0370 0.1878 0.0821 0.1784 0.2008 0.1391 0.1625 
 198 0.0069 0.0059 0.0216 0.1341 0.1024 0.1455 0.1704 0.2233 0.1899 
 199 0.0090 0.0049 0.0220 0.1846 0.2477 0.0866 0.1635 0.1298 0.1519 
 200 0.0093 0.0052 0.0292 0.2659 0.1613 0.1096 0.1808 0.0964 0.1423 
 201 0.0049 0.0056 0.0176 0.2622 0.0718 0.0794 0.3619 0.0976 0.0990 
 202 0.0047 0.0053 0.0176 0.1066 0.1760 0.0781 0.3741 0.1158 0.1218 
 203 0.0048 0.0062 0.0188 0.3045 0.0629 0.0740 0.3516 0.0775 0.0997 
 204 0.0047 0.0050 0.0151 0.4898 0.0995 0.0665 0.1341 0.0947 0.0907 
 205 0.0078 0.0053 0.0185 0.4107 0.1104 0.0903 0.1230 0.1118 0.1223 
 206 0.0047 0.0056 0.0160 0.4782 0.0712 0.0745 0.1566 0.0947 0.0986 
 207 0.0047 0.0047 0.0221 0.4074 0.1132 0.0839 0.1171 0.0986 0.1482 
 208 0.0049 0.0055 0.0180 0.3481 0.0830 0.0791 0.2464 0.0922 0.1229 
 209 0.0049 0.0049 0.0241 0.3332 0.0798 0.1065 0.1567 0.1234 0.1666 
 210 0.0048 0.0049 0.0159 0.4847 0.0626 0.0794 0.1478 0.0953 0.1047 
 211 0.0049 0.0046 0.0466 0.1083 0.1863 0.0971 0.2362 0.0845 0.2315 
 212 0.0048 0.0054 0.0194 0.1130 0.1290 0.0878 0.3778 0.1502 0.1126 
 213 0.0065 0.0052 0.0174 0.1577 0.2076 0.1064 0.1482 0.1955 0.1555 
 214 0.0047 0.0048 0.0208 0.1998 0.0848 0.0798 0.3906 0.0962 0.1186 
 215 0.0074 0.0048 0.0217 0.4521 0.0845 0.0932 0.0999 0.0844 0.1521 
 216 0.0068 0.0048 0.0375 0.2899 0.0750 0.1656 0.1203 0.1286 0.1716 
 217 0.0070 0.0053 0.0191 0.2878 0.0912 0.0811 0.3076 0.1016 0.0992 
 218 0.0064 0.0050 0.0180 0.4613 0.0577 0.0904 0.1296 0.1061 0.1256 
 219 0.0112 0.0062 0.0340 0.2155 0.0714 0.1552 0.2425 0.1343 0.1296 
 220 0.0047 0.0048 0.0164 0.5494 0.0577 0.0743 0.1025 0.0846 0.1056 
 221 0.0047 0.0050 0.0173 0.1014 0.2089 0.0670 0.3983 0.1024 0.0949 
 222 0.0069 0.0054 0.0397 0.2444 0.0688 0.1812 0.1583 0.1511 0.1443 
 223 0.0072 0.0068 0.0233 0.2164 0.0729 0.1159 0.3042 0.1259 0.1274 
 224 0.0048 0.0060 0.0174 0.3598 0.0663 0.0764 0.2725 0.0944 0.1024 
 225 0.0058 0.0050 0.0181 0.4067 0.1087 0.0838 0.1459 0.1139 0.1121 
 226 0.0493 0.0058 0.0297 0.3290 0.0641 0.1170 0.1509 0.1168 0.1375 
 227 0.0050 0.0069 0.0177 0.2168 0.2162 0.0831 0.2245 0.1092 0.1207 
 228 0.0053 0.0055 0.0176 0.2780 0.1986 0.0634 0.2460 0.0987 0.0868 
 229 0.0048 0.0051 0.0169 0.3916 0.0488 0.0789 0.2661 0.0945 0.0932 
 230 0.0048 0.0050 0.0172 0.4493 0.0541 0.0740 0.2104 0.0862 0.0991 
 231 0.0048 0.0053 0.0216 0.3503 0.0519 0.0989 0.2326 0.1179 0.1167 
 232 0.0078 0.0052 0.0166 0.1554 0.1210 0.0924 0.2132 0.2530 0.1354 
 233 0.0049 0.0051 0.0203 0.1853 0.0616 0.0813 0.4399 0.0886 0.1130 
 234 0.0056 0.0050 0.0251 0.2395 0.0593 0.1429 0.2013 0.1421 0.1792 
 235 0.0092 0.0054 0.0207 0.2531 0.0965 0.1029 0.2477 0.1362 0.1283 
 236 0.0056 0.0050 0.0237 0.2447 0.0638 0.0991 0.3176 0.1043 0.1360 
 237 0.0050 0.0050 0.0236 0.3333 0.1290 0.0900 0.1339 0.1178 0.1625 
 238 0.0047 0.0049 0.0192 0.1810 0.0848 0.0958 0.3674 0.1150 0.1272 
 239 0.0048 0.0055 0.0150 0.3610 0.1101 0.0669 0.2450 0.1070 0.0846 
 240 0.0048 0.0051 0.0196 0.1798 0.0841 0.0957 0.3661 0.1149 0.1299 
 241 0.0061 0.0058 0.0186 0.1737 0.1127 0.0806 0.3349 0.1429 0.1246 
 242 0.0087 0.0057 0.0191 0.3891 0.0829 0.1086 0.1579 0.1302 0.0977 
 243 0.0049 0.0049 0.0223 0.3079 0.1807 0.0709 0.1989 0.0820 0.1275 
 244 0.0048 0.0051 0.0182 0.3744 0.0591 0.0725 0.2786 0.0858 0.1015 
 245 0.0049 0.0055 0.0149 0.1098 0.1080 0.0802 0.4500 0.1214 0.1054 
 246 0.0072 0.0052 0.0191 0.2872 0.0913 0.0816 0.3081 0.1003 0.1000 
 247 0.0074 0.0049 0.0204 0.2803 0.0888 0.1666 0.0861 0.1583 0.1872 
 248 0.0053 0.0047 0.0230 0.3671 0.0928 0.1026 0.1025 0.1026 0.1994 
 249 0.0049 0.0049 0.0203 0.3061 0.0768 0.0814 0.2943 0.0975 0.1138 
 250 0.0057 0.0048 0.0219 0.3477 0.0558 0.0994 0.2336 0.1027 0.1284 
 251 0.0162 0.0054 0.0354 0.2556 0.0946 0.1526 0.1395 0.1188 0.1820 
 252 0.0057 0.0055 0.0173 0.3470 0.1004 0.0894 0.1953 0.1348 0.1046 
 253 0.0113 0.0051 0.0216 0.2011 0.1561 0.1269 0.1217 0.1664 0.1900 
 254 0.0055 0.0052 0.0334 0.3143 0.0734 0.1504 0.1693 0.1179 0.1307 
 255 0.0049 0.0055 0.0227 0.2784 0.0722 0.1161 0.2056 0.1431 0.1516 
 256 0.0059 0.0050 0.0204 0.2870 0.1055 0.0869 0.2370 0.1220 0.1303 
 257 0.0068 0.0072 0.0237 0.3387 0.0853 0.0996 0.1559 0.1166 0.1663 
 258 0.0058 0.0053 0.0228 0.1630 0.1800 0.1205 0.1597 0.1392 0.2037 
 259 0.0056 0.0056 0.0214 0.3810 0.0691 0.0973 0.1725 0.1037 0.1437 
 260 0.0057 0.0053 0.0412 0.1746 0.0592 0.1647 0.2999 0.1160 0.1335 
 261 0.0059 0.0053 0.0180 0.2344 0.1295 0.0876 0.2778 0.1365 0.1049 
 262 0.0068 0.0050 0.0176 0.2369 0.2015 0.0680 0.2653 0.0999 0.0990 
 263 0.0047 0.0046 0.0238 0.4827 0.0675 0.1031 0.1137 0.0858 0.1141 
 264 0.0066 0.0045 0.0879 0.1861 0.0767 0.2291 0.0820 0.1518 0.1752 
 265 0.0081 0.0053 0.0215 0.3550 0.0682 0.1068 0.1935 0.1141 0.1276 
 266 0.0049 0.0049 0.0170 0.1220 0.1542 0.0672 0.4276 0.1041 0.0981 
 267 0.0048 0.0050 0.0267 0.1859 0.0958 0.1143 0.2425 0.1367 0.1883 
 268 0.0064 0.0052 0.0206 0.3047 0.1665 0.0816 0.1882 0.0918 0.1349 
 269 0.0115 0.0055 0.0296 0.2678 0.0614 0.1555 0.2131 0.1330 0.1227 
 270 0.0053 0.0095 0.0290 0.3106 0.0716 0.1460 0.1161 0.1403 0.1716 
 271 0.0072 0.0050 0.0247 0.3071 0.1087 0.1079 0.1336 0.1097 0.1962 
 272 0.0550 0.0057 0.0317 0.3076 0.0952 0.1083 0.1349 0.0994 0.1620 
 273 0.0158 0.0341 0.0366 0.2194 0.0659 0.1239 0.1875 0.1510 0.1658 
 274 0.0108 0.0053 0.0242 0.3396 0.0692 0.1182 0.1455 0.1252 0.1621 
 275 0.0143 0.0202 0.0320 0.3795 0.0613 0.1059 0.1429 0.1122 0.1317 
 276 0.0384 0.0056 0.0311 0.2726 0.1249 0.1059 0.1289 0.1167 0.1760 
 277 0.0070 0.0054 0.0236 0.2747 0.0653 0.1159 0.2336 0.1446 0.1299 
 278 0.0077 0.0049 0.0235 0.3895 0.1075 0.0899 0.1299 0.0847 0.1626 
 279 0.0072 0.0049 0.0234 0.3359 0.0699 0.1088 0.1768 0.1280 0.1452 
 280 0.0119 0.0052 0.0222 0.2904 0.0868 0.1082 0.1710 0.1851 0.1193 
 281 0.0064 0.0053 0.0197 0.3082 0.0760 0.1120 0.1490 0.1484 0.1751 
 282 0.0058 0.0052 0.0233 0.1815 0.0558 0.1089 0.3839 0.1137 0.1220 
 283 0.0049 0.0058 0.0188 0.1975 0.0683 0.0878 0.4201 0.0916 0.1052 
 284 0.0059 0.0105 0.0252 0.1974 0.0875 0.1199 0.2480 0.1201 0.1854 
 285 0.0076 0.0047 0.0232 0.3475 0.1300 0.1026 0.0749 0.1377 0.1718 
 286 0.0048 0.0049 0.0181 0.3746 0.0596 0.0730 0.2771 0.0863 0.1015 
 287 0.0102 0.0057 0.0201 0.2679 0.0662 0.1229 0.1926 0.1609 0.1535 
 288 0.0277 0.0056 0.0230 0.4753 0.0556 0.0961 0.1104 0.0922 0.1140 
 289 0.0207 0.0078 0.0324 0.3855 0.0861 0.1169 0.1051 0.0934 0.1522 
 290 0.0066 0.0047 0.0445 0.1974 0.1674 0.1208 0.1551 0.1675 0.1360 
 291 0.0074 0.0051 0.0245 0.3061 0.1102 0.1083 0.1325 0.1095 0.1964 
 292 0.0123 0.0054 0.0191 0.2013 0.1654 0.0935 0.1902 0.2057 0.1070 
 293 0.0061 0.0045 0.0453 0.1149 0.1731 0.1541 0.1193 0.2106 0.1721 
 294 0.0060 0.0050 0.0225 0.4717 0.0987 0.1004 0.0974 0.0938 0.1045 
 295 0.0282 0.0183 0.0337 0.1826 0.1596 0.1206 0.1291 0.1443 0.1836 
 296 0.0067 0.0051 0.0194 0.4391 0.0846 0.0881 0.1183 0.0930 0.1459 
 297 0.0110 0.0051 0.0215 0.3608 0.0691 0.1099 0.1226 0.1846 0.1152 
 298 0.0058 0.0052 0.0219 0.2798 0.0505 0.1098 0.2928 0.1147 0.1195 
 299 0.0048 0.0050 0.0235 0.4817 0.0536 0.1136 0.1169 0.0976 0.1032 
 300 0.0064 0.0045 0.0174 0.4883 0.0755 0.0769 0.0892 0.1385 0.1032 
 301 0.0084 0.0096 0.0405 0.3324 0.0648 0.1595 0.1159 0.1131 0.1557 
 302 0.0068 0.0107 0.0275 0.3574 0.1630 0.1039 0.1057 0.0948 0.1302 
 303 0.0065 0.0053 0.0183 0.2892 0.0739 0.0827 0.2630 0.1611 0.1001 
 304 0.0051 0.0103 0.0371 0.1021 0.0503 0.1704 0.3272 0.1489 0.1486 
 305 0.0065 0.0107 0.0171 0.4161 0.1007 0.0719 0.1716 0.1081 0.0972 
 306 0.0091 0.0053 0.0215 0.2371 0.0866 0.0952 0.3095 0.1247 0.1109 
 307 0.0072 0.0061 0.0254 0.2268 0.0782 0.1166 0.2316 0.1283 0.1800 
 308 0.0061 0.0054 0.0179 0.2362 0.1319 0.0873 0.2763 0.1344 0.1045 
 309 0.0099 0.0154 0.0263 0.4772 0.0741 0.0872 0.1001 0.0845 0.1253 
 310 0.0048 0.0048 0.0195 0.3430 0.1116 0.0734 0.2330 0.0974 0.1125 
 311 0.0048 0.0049 0.0172 0.4500 0.0534 0.0739 0.2115 0.0857 0.0986 
 312 0.0048 0.0049 0.0168 0.5121 0.0790 0.0785 0.1028 0.0824 0.1188 
 313 0.0059 0.0056 0.0196 0.3420 0.2139 0.0831 0.0923 0.0943 0.1434 
 314 0.0083 0.0517 0.0172 0.0614 0.0998 0.0695 0.4895 0.1156 0.0872 
 315 0.0118 0.0519 0.0211 0.0538 0.1104 0.0876 0.4577 0.1138 0.0919 
 316 0.0183 0.1421 0.0255 0.0570 0.0630 0.0970 0.3804 0.1161 0.1007 
 317 0.0089 0.0521 0.0172 0.0538 0.0562 0.0721 0.5392 0.1100 0.0906 
 318 0.0083 0.1352 0.0162 0.0499 0.0424 0.0749 0.4685 0.1146 0.0900 
 319 0.0055 0.0053 0.0150 0.0589 0.0556 0.0685 0.5879 0.1082 0.0952 
 320 0.0082 0.0517 0.0172 0.0617 0.0991 0.0696 0.4897 0.1164 0.0864 
 321 0.0083 0.1259 0.0173 0.0515 0.0527 0.0762 0.4474 0.1273 0.0933 
 322 0.0199 0.0454 0.0263 0.0632 0.0987 0.0933 0.4348 0.1157 0.1027 
 323 0.0066 0.0433 0.0208 0.0563 0.0456 0.0802 0.5492 0.1077 0.0902 
 324 0.0078 0.1261 0.0168 0.0525 0.0527 0.0765 0.4460 0.1279 0.0935 
 325 0.0174 0.1995 0.0219 0.0504 0.0575 0.0911 0.3562 0.1092 0.0968 
 326 0.0143 0.3799 0.0194 0.0528 0.0537 0.0866 0.1903 0.1073 0.0957 
 327 0.0090 0.0532 0.0169 0.0532 0.0561 0.0718 0.5378 0.1114 0.0905 
 328 0.0132 0.0534 0.0224 0.0603 0.0881 0.0937 0.4397 0.1254 0.1039 
 329 0.0057 0.0111 0.0150 0.0488 0.0424 0.0722 0.6027 0.1135 0.0886 
 330 0.0088 0.0541 0.0172 0.0537 0.0559 0.0721 0.5362 0.1110 0.0911 
 331 0.0059 0.0310 0.0148 0.0567 0.0438 0.0723 0.5695 0.1154 0.0908 
 332 0.0130 0.3718 0.0224 0.0525 0.0546 0.0886 0.1942 0.1075 0.0954 
 333 0.0140 0.2795 0.0204 0.0656 0.0625 0.0863 0.2616 0.1110 0.0991 
 334 0.0132 0.0537 0.0218 0.0609 0.0880 0.0934 0.4386 0.1251 0.1054 
 335 0.0127 0.0186 0.0217 0.0524 0.0903 0.0885 0.5146 0.1038 0.0973 
 336 0.0069 0.3190 0.0176 0.0595 0.0709 0.0743 0.2437 0.1219 0.0861 
 337 0.0183 0.1797 0.0231 0.0533 0.0780 0.0917 0.3328 0.1223 0.1007 
 338 0.0071 0.3298 0.0155 0.0528 0.0416 0.0762 0.2679 0.1189 0.0903 
 339 0.0059 0.0325 0.0145 0.0561 0.0435 0.0724 0.5693 0.1149 0.0911 
 340 0.0056 0.0126 0.0140 0.0569 0.0459 0.0677 0.6107 0.0991 0.0874 
 341 0.0083 0.1511 0.0173 0.0617 0.0457 0.0738 0.4308 0.1137 0.0977 
 342 0.0088 0.0521 0.0169 0.0537 0.0563 0.0718 0.5388 0.1107 0.0909 
 343 0.0127 0.0512 0.0312 0.0548 0.1514 0.0935 0.3970 0.1141 0.0941 
 344 0.0060 0.0293 0.0149 0.0483 0.0418 0.0730 0.5868 0.1118 0.0882 
 345 0.0089 0.0539 0.0173 0.0537 0.0562 0.0716 0.5361 0.1113 0.0911 
 346 0.0086 0.0567 0.0160 0.0516 0.0449 0.0718 0.5612 0.1017 0.0875 
 347 0.0056 0.0117 0.0144 0.0489 0.0442 0.0678 0.6257 0.0971 0.0845 
 348 0.0108 0.0158 0.0206 0.0560 0.1640 0.0812 0.4563 0.1041 0.0912 
 349 0.0087 0.0530 0.0173 0.0542 0.0559 0.0714 0.5382 0.1101 0.0911 
 350 0.0055 0.0103 0.0149 0.0623 0.0724 0.0705 0.5504 0.1227 0.0909 
 351 0.0130 0.0175 0.0218 0.0511 0.0906 0.0890 0.5151 0.1046 0.0973 
 352 0.0208 0.0802 0.0238 0.0554 0.0897 0.0902 0.4305 0.1085 0.1009 
 353 0.0068 0.3187 0.0180 0.0601 0.0711 0.0741 0.2441 0.1213 0.0858 
 354 0.0073 0.0519 0.0174 0.0554 0.0440 0.0766 0.5355 0.1195 0.0924 
 355 0.0079 0.1408 0.0161 0.0497 0.0419 0.0752 0.4634 0.1149 0.0900 
 356 0.0102 0.0063 0.0197 0.0567 0.1707 0.0797 0.4596 0.1065 0.0906 
 357 0.0162 0.0078 0.0325 0.0587 0.0663 0.1658 0.3675 0.1536 0.1317 
 358 0.0110 0.2627 0.0201 0.0506 0.0570 0.0887 0.3022 0.1109 0.0969 
 359 0.0060 0.2130 0.0150 0.0634 0.0453 0.0734 0.3686 0.1225 0.0927 
 360 0.0086 0.0558 0.0165 0.0519 0.0452 0.0719 0.5603 0.1023 0.0875 
 361 0.0159 0.0069 0.0322 0.0629 0.0912 0.1638 0.3216 0.1694 0.1361 
 362 0.0177 0.0136 0.0206 0.2089 0.0717 0.1836 0.1013 0.2073 0.1754 
 363 0.0100 0.0078 0.0463 0.1009 0.0737 0.2404 0.0833 0.2007 0.2370 
 364 0.0081 0.0100 0.0671 0.0679 0.0805 0.1888 0.2152 0.1626 0.1998 
 365 0.0184 0.0089 0.0384 0.0721 0.0590 0.1852 0.0933 0.3334 0.1912 
 366 0.0145 0.0073 0.0716 0.1114 0.1670 0.1654 0.1413 0.1823 0.1392 
 367 0.0108 0.0051 0.0186 0.0542 0.0480 0.3092 0.0720 0.1695 0.3126 
 368 0.0071 0.0059 0.0204 0.1247 0.0547 0.1715 0.1096 0.1908 0.3153 
 369 0.0085 0.0189 0.0413 0.0785 0.2287 0.1686 0.1509 0.1546 0.1499 
 370 0.0115 0.0174 0.0375 0.1747 0.0632 0.1772 0.1048 0.1459 0.2677 
 371 0.0077 0.0208 0.0547 0.1486 0.0808 0.2082 0.1245 0.1663 0.1883 
 372 0.0157 0.0268 0.0388 0.2257 0.0702 0.1315 0.1261 0.1486 0.2166 
 373 0.0064 0.0056 0.0213 0.0851 0.0651 0.2119 0.1537 0.2046 0.2462 
 374 0.0221 0.0074 0.0369 0.0996 0.0685 0.1741 0.2164 0.1778 0.1973 
 375 0.0100 0.0098 0.0461 0.0996 0.0468 0.2654 0.0843 0.2046 0.2335 
 376 0.0133 0.0076 0.0872 0.0445 0.0526 0.2810 0.0803 0.2654 0.1682 
 377 0.0119 0.0177 0.0279 0.0983 0.0888 0.1634 0.1057 0.2318 0.2545 
 378 0.0070 0.0162 0.0184 0.0707 0.0685 0.2028 0.2005 0.1431 0.2727 
 379 0.0213 0.0120 0.1420 0.0603 0.0591 0.2785 0.0724 0.1908 0.1635 
 380 0.0253 0.0103 0.0269 0.0768 0.0795 0.1085 0.1398 0.4203 0.1127 
 381 0.0085 0.0062 0.0651 0.0545 0.1233 0.1744 0.1284 0.3385 0.1010 
 382 0.0071 0.0096 0.0462 0.0688 0.0459 0.3475 0.0925 0.1520 0.2303 
 383 0.0316 0.1749 0.0352 0.0889 0.0464 0.1347 0.0996 0.2721 0.1166 
 384 0.0184 0.0640 0.0634 0.0753 0.0487 0.2117 0.1361 0.2228 0.1596 
 385 0.0063 0.1203 0.1047 0.0605 0.0471 0.1372 0.1229 0.1584 0.2426 
 386 0.0087 0.0050 0.0250 0.0715 0.0580 0.2554 0.0854 0.2326 0.2584 
 387 0.0079 0.0054 0.0321 0.0557 0.0609 0.2403 0.1061 0.2435 0.2481 
 388 0.0125 0.0133 0.0363 0.0821 0.0487 0.1632 0.2049 0.2075 0.2315 
 389 0.0080 0.0176 0.0868 0.1190 0.1332 0.1277 0.0924 0.1116 0.3037 
 390 0.0327 0.0174 0.0326 0.0661 0.1166 0.1990 0.0798 0.2516 0.2042 
 391 0.0177 0.0117 0.0701 0.0818 0.1151 0.1559 0.1236 0.1565 0.2678 
 392 0.0072 0.0056 0.0240 0.0725 0.0639 0.1676 0.1520 0.3372 0.1701 
 393 0.0224 0.0069 0.0203 0.0512 0.0771 0.1001 0.1092 0.5094 0.1033 
 394 0.0134 0.0188 0.0212 0.0765 0.0677 0.1832 0.2259 0.1830 0.2102 
 395 0.0194 0.0047 0.0210 0.1721 0.1036 0.1498 0.0991 0.2539 0.1765 
 396 0.0058 0.0045 0.0341 0.0779 0.0488 0.2588 0.0741 0.2078 0.2883 
 397 0.0061 0.0059 0.0629 0.2185 0.0724 0.1946 0.1609 0.1395 0.1392 
 398 0.0254 0.0056 0.0253 0.0479 0.0553 0.2183 0.0782 0.3143 0.2297 
 399 0.0215 0.0115 0.0259 0.0824 0.0813 0.2656 0.0913 0.1263 0.2941 
 400 0.0073 0.0051 0.0273 0.0518 0.0637 0.2677 0.1167 0.2288 0.2317 
 401 0.0067 0.0049 0.0163 0.0602 0.1104 0.2136 0.1266 0.2071 0.2543 
 402 0.0062 0.0061 0.0241 0.0697 0.1273 0.1649 0.1205 0.2563 0.2249 
 403 0.0093 0.0062 0.0317 0.0811 0.0646 0.1130 0.2916 0.2238 0.1787 
 404 0.0070 0.0048 0.0413 0.1390 0.0576 0.1797 0.1370 0.2527 0.1809 
 405 0.0150 0.0059 0.0357 0.1132 0.0957 0.1759 0.1202 0.2582 0.1802 
 406 0.1434 0.0050 0.0428 0.0932 0.1708 0.1043 0.1607 0.1725 0.1073 
 407 0.0176 0.0045 0.0237 0.0630 0.0470 0.1768 0.0724 0.4219 0.1731 
 408 0.0052 0.0046 0.0163 0.0994 0.1647 0.2257 0.0672 0.1407 0.2763 
 409 0.0251 0.0090 0.0200 0.0571 0.1494 0.0892 0.2081 0.3310 0.1110 
 410 0.0216 0.0094 0.0418 0.0698 0.0698 0.1961 0.1227 0.2677 0.2009 
 411 0.0077 0.0263 0.0571 0.0545 0.1079 0.2315 0.1440 0.2187 0.1523 
 412 0.0063 0.0059 0.0210 0.1180 0.0525 0.2096 0.1021 0.2030 0.2817 
 413 0.0058 0.0144 0.0185 0.0953 0.0557 0.1992 0.1794 0.1774 0.2543 
 414 0.0054 0.0102 0.0410 0.1438 0.0469 0.2576 0.0714 0.1286 0.2953 
 415 0.0133 0.0051 0.0583 0.0698 0.1185 0.2231 0.0915 0.2428 0.1777 
 416 0.0070 0.0049 0.0232 0.0718 0.1011 0.1613 0.1138 0.3213 0.1956 
 417 0.0677 0.0078 0.0296 0.0730 0.0638 0.2039 0.0854 0.2782 0.1907 
 418 0.0070 0.0050 0.0229 0.0762 0.0434 0.2823 0.0861 0.1845 0.2925 
 419 0.0123 0.0091 0.0279 0.0743 0.0739 0.1318 0.1960 0.3119 0.1628 
 420 0.0062 0.0044 0.0171 0.0591 0.1834 0.2133 0.0796 0.2002 0.2367 
 421 0.0236 0.0070 0.0193 0.0959 0.0602 0.1689 0.0861 0.3244 0.2146 
 422 0.0142 0.0053 0.0181 0.1402 0.0992 0.0995 0.0909 0.3799 0.1528 
 423 0.0142 0.0051 0.0835 0.1157 0.0784 0.2469 0.1203 0.1570 0.1789 
 424 0.0206 0.0079 0.0388 0.0520 0.1521 0.2018 0.1233 0.1511 0.2524 
 425 0.0108 0.0088 0.0585 0.0781 0.0568 0.1979 0.1457 0.2059 0.2375 
 426 0.0279 0.0355 0.0610 0.0682 0.0694 0.2279 0.1286 0.1452 0.2363 
 427 0.0244 0.0130 0.0173 0.0448 0.0499 0.1949 0.1471 0.3060 0.2025 
 428 0.0495 0.0076 0.0244 0.0829 0.1044 0.1066 0.1624 0.3238 0.1385 
 429 0.0091 0.0050 0.0314 0.0599 0.0469 0.3066 0.0714 0.2316 0.2382 
 430 0.0291 0.0064 0.0250 0.0721 0.0640 0.1410 0.0768 0.4440 0.1415 
 431 0.0156 0.0147 0.0367 0.1221 0.0686 0.2274 0.1317 0.1194 0.2637 
 432 0.0065 0.0060 0.0201 0.0872 0.0632 0.1652 0.1128 0.2253 0.3138 
 433 0.0064 0.0071 0.0209 0.0898 0.0852 0.1391 0.2902 0.1412 0.2200 
 434 0.0065 0.0062 0.0277 0.1166 0.0815 0.1712 0.1305 0.2740 0.1858 
 435 0.0483 0.0056 0.0244 0.0448 0.0708 0.1927 0.0771 0.3251 0.2113 
 436 0.1314 0.0061 0.0606 0.0356 0.0922 0.2054 0.1087 0.1989 0.1610 
 437 0.0116 0.0056 0.1274 0.0569 0.0591 0.3035 0.0872 0.1844 0.1643 
 438 0.0795 0.0074 0.0211 0.0495 0.1547 0.1448 0.1036 0.2844 0.1550 
 439 0.0691 0.0064 0.0230 0.0389 0.0560 0.1451 0.0873 0.4308 0.1434 
 440 0.1169 0.0048 0.0673 0.0494 0.0659 0.2509 0.0662 0.1717 0.2067 
 441 0.0205 0.0074 0.0247 0.0493 0.0719 0.1398 0.1179 0.4238 0.1446 
 442 0.0071 0.0045 0.0434 0.0547 0.0785 0.2230 0.0799 0.2602 0.2487 
 443 0.0174 0.0053 0.0241 0.0471 0.1825 0.2327 0.0711 0.1705 0.2493 
 444 0.0126 0.0050 0.0682 0.0504 0.1051 0.2407 0.0804 0.2156 0.2220 
 445 0.0138 0.0058 0.0258 0.0523 0.0951 0.1107 0.1284 0.4595 0.1087 
 446 0.0375 0.0069 0.0254 0.0371 0.0485 0.2226 0.0830 0.3209 0.2181 
 447 0.0883 0.0061 0.0469 0.0445 0.1201 0.1318 0.1218 0.2566 0.1838 
 448 0.0187 0.0059 0.0313 0.0547 0.0733 0.1939 0.0857 0.3373 0.1993 
 449 0.0193 0.0061 0.0340 0.0612 0.0768 0.1779 0.1140 0.3369 0.1738 
 450 0.0079 0.0055 0.0354 0.0453 0.0399 0.2040 0.1176 0.3880 0.1564 
 451 0.0098 0.0048 0.0313 0.0569 0.0690 0.2887 0.0679 0.1114 0.3601 
 452 0.0112 0.0053 0.0200 0.0489 0.0455 0.1910 0.1144 0.3737 0.1899 
 453 0.0093 0.0055 0.0236 0.0694 0.2745 0.1223 0.0918 0.2449 0.1587 
 454 0.0218 0.0147 0.0311 0.0656 0.0724 0.2347 0.1159 0.2631 0.1807 
 455 0.0763 0.0066 0.0281 0.0389 0.1092 0.1830 0.0754 0.3095 0.1730 
 456 0.0217 0.0051 0.0443 0.0469 0.1884 0.1977 0.0751 0.2355 0.1852 
 457 0.0231 0.0057 0.0536 0.0458 0.0646 0.2293 0.0887 0.3367 0.1524 
 458 0.0161 0.0058 0.0260 0.0467 0.0477 0.1513 0.0833 0.4726 0.1505 
 459 0.0263 0.0064 0.0251 0.0367 0.0700 0.1941 0.1411 0.3191 0.1812 
 460 0.0186 0.0059 0.0245 0.0399 0.0630 0.2561 0.0783 0.2745 0.2392 
 461 0.0082 0.0054 0.0237 0.0389 0.0416 0.3036 0.0824 0.2232 0.2729 
 462 0.0149 0.0065 0.0729 0.0863 0.0917 0.1846 0.0619 0.2995 0.1817 
 463 0.0816 0.0061 0.0381 0.0752 0.2597 0.1107 0.0879 0.2313 0.1093 
 464 0.0198 0.0050 0.0213 0.0422 0.1210 0.2462 0.0753 0.2122 0.2569 
 465 0.0107 0.0057 0.0190 0.0571 0.0801 0.1865 0.0833 0.3307 0.2269 
 466 0.0209 0.0051 0.0229 0.0597 0.1892 0.1910 0.0755 0.2310 0.2047 
 467 0.0160 0.0073 0.0308 0.0841 0.0854 0.1471 0.0941 0.3910 0.1440 
 468 0.0968 0.0051 0.0862 0.0447 0.1343 0.1862 0.0745 0.2438 0.1284 
 469 0.2289 0.0058 0.0295 0.0353 0.0545 0.1082 0.0786 0.3421 0.1171 
 470 0.0964 0.0054 0.0218 0.0399 0.0603 0.2091 0.0808 0.2671 0.2193 
 471 0.0097 0.0048 0.0287 0.0891 0.1397 0.1870 0.0841 0.2342 0.2226 
 472 0.0077 0.0049 0.0219 0.0536 0.0961 0.1525 0.0767 0.4036 0.1830 
 473 0.0205 0.0070 0.0327 0.0747 0.0928 0.1880 0.1116 0.2875 0.1851 
 474 0.0100 0.0050 0.0205 0.0536 0.0765 0.1767 0.1049 0.3771 0.1757 
 475 0.0115 0.0053 0.0190 0.0598 0.0781 0.1873 0.1302 0.2993 0.2095 
 476 0.0144 0.0056 0.0830 0.0447 0.0895 0.2645 0.0842 0.2697 0.1443 
 477 0.0142 0.0066 0.0313 0.0383 0.1024 0.2134 0.1080 0.2117 0.2741 
 478 0.0110 0.0064 0.0265 0.0364 0.0575 0.2804 0.0767 0.1613 0.3438 
 479 0.0229 0.0055 0.0358 0.0406 0.0594 0.2763 0.0776 0.2509 0.2310 
 480 0.0240 0.0056 0.0553 0.0447 0.0580 0.2783 0.0849 0.2926 0.1565 
 481 0.0081 0.0043 0.0302 0.1061 0.0633 0.1692 0.0811 0.2923 0.2452 
 482 0.0110 0.0050 0.0320 0.0419 0.0473 0.2923 0.0773 0.2705 0.2227 
 483 0.1034 0.0071 0.0241 0.0406 0.0590 0.1738 0.0910 0.3332 0.1678 
 484 0.0750 0.0064 0.0249 0.0575 0.1468 0.1060 0.0830 0.3655 0.1349 
 485 0.3025 0.0065 0.0294 0.0413 0.0606 0.1555 0.0782 0.1786 0.1474 
 486 0.0065 0.0061 0.0471 0.0952 0.1543 0.1817 0.0992 0.1032 0.3068 
 487 0.0068 0.0074 0.0439 0.0573 0.0947 0.1773 0.1748 0.1341 0.3039 
 488 0.0067 0.0073 0.0650 0.0718 0.0745 0.1440 0.1646 0.1176 0.3486 
 489 0.0052 0.0069 0.0406 0.0894 0.1555 0.1899 0.1672 0.1297 0.2157 
 490 0.0070 0.0051 0.0317 0.0577 0.1452 0.2228 0.0749 0.1272 0.3283 
 491 0.0056 0.0060 0.0440 0.1484 0.0928 0.1145 0.1659 0.1463 0.2765 
 492 0.0063 0.0068 0.0363 0.0670 0.1153 0.1320 0.2746 0.1453 0.2163 
 493 0.0056 0.0070 0.0821 0.1001 0.0810 0.1726 0.1343 0.0900 0.3274 
 494 0.0114 0.0054 0.0481 0.1084 0.1038 0.1560 0.1587 0.1437 0.2645 
 495 0.0071 0.0070 0.0887 0.0423 0.1281 0.1525 0.1800 0.1073 0.2870 
 496 0.0071 0.0069 0.0198 0.1056 0.1387 0.1189 0.2695 0.1766 0.1569 
 497 0.0058 0.0091 0.0830 0.1015 0.0683 0.1373 0.1642 0.1156 0.3151 
 498 0.0067 0.0062 0.0548 0.0673 0.1535 0.1789 0.1083 0.1257 0.2986 
 499 0.0066 0.0070 0.0354 0.0739 0.1010 0.1549 0.2175 0.1301 0.2735 
 500 0.0107 0.0055 0.0552 0.1410 0.0802 0.2319 0.1262 0.1144 0.2349 
 501 0.0075 0.0055 0.0351 0.0893 0.0595 0.1826 0.2285 0.1975 0.1945 
 502 0.0068 0.0055 0.0294 0.0595 0.0506 0.1309 0.2564 0.2143 0.2467 
 503 0.0082 0.0048 0.0289 0.0835 0.0608 0.2066 0.0976 0.2813 0.2283 
 504 0.0069 0.0051 0.0642 0.0513 0.1056 0.1345 0.1008 0.1439 0.3877 
 505 0.0100 0.0048 0.0373 0.1584 0.1426 0.1248 0.1632 0.1195 0.2394 
 506 0.0058 0.0055 0.0331 0.1046 0.0742 0.1466 0.2220 0.1539 0.2544 
 507 0.0057 0.0068 0.0175 0.1011 0.1607 0.0803 0.3737 0.1347 0.1195 
 508 0.0057 0.0080 0.0227 0.0614 0.1745 0.0874 0.3846 0.0894 0.1663 
 509 0.0070 0.0050 0.0263 0.1396 0.1333 0.1107 0.2191 0.1455 0.2135 
 510 0.0059 0.0050 0.0454 0.0744 0.0703 0.1967 0.2912 0.1264 0.1847 
 511 0.0254 0.0053 0.0449 0.1199 0.0829 0.2271 0.1125 0.1556 0.2264 
 512 0.0074 0.0046 0.0445 0.0887 0.0488 0.3093 0.0853 0.1624 0.2489 
 513 0.0055 0.0060 0.2069 0.0921 0.1097 0.0811 0.1192 0.0751 0.3044 
 514 0.0064 0.0095 0.0241 0.0831 0.0770 0.2309 0.1350 0.1293 0.3047 
 515 0.0181 0.0063 0.0414 0.0563 0.1418 0.1443 0.2088 0.2246 0.1584 
 516 0.0078 0.0058 0.0235 0.0937 0.1503 0.1402 0.1177 0.1554 0.3056 
 517 0.0131 0.0067 0.0255 0.0705 0.1890 0.1650 0.1837 0.1622 0.1845 
 518 0.0052 0.0062 0.0668 0.1486 0.0552 0.2133 0.2074 0.1144 0.1830 
 519 0.0073 0.0054 0.0244 0.0582 0.0845 0.2150 0.1406 0.1600 0.3046 
 520 0.0690 0.0068 0.0402 0.0735 0.2097 0.1028 0.2362 0.1476 0.1143 
 521 0.0056 0.1197 0.0219 0.1821 0.0789 0.1415 0.1861 0.1062 0.1580 
 522 0.0100 0.0062 0.0964 0.0548 0.1988 0.2244 0.1170 0.1306 0.1618 
 523 0.0097 0.0134 0.0235 0.0621 0.3366 0.1270 0.1707 0.1070 0.1500 
 524 0.0839 0.0072 0.0411 0.0774 0.1400 0.1449 0.1521 0.1833 0.1701 
 525 0.0153 0.0077 0.0527 0.0927 0.1132 0.1662 0.2183 0.1916 0.1424 
 526 0.1495 0.0056 0.0273 0.0868 0.2250 0.0883 0.1164 0.2005 0.1007 
 527 0.0061 0.0051 0.0592 0.0693 0.0508 0.2398 0.1111 0.1472 0.3114 
 528 0.0051 0.0151 0.0196 0.1801 0.0771 0.1005 0.3654 0.1106 0.1264 
 529 0.0059 0.0075 0.0321 0.1841 0.0781 0.1409 0.1640 0.1642 0.2233 
 530 0.0112 0.0055 0.0663 0.0747 0.1209 0.2034 0.1345 0.2058 0.1776 
 531 0.0151 0.0161 0.0259 0.0594 0.0864 0.1257 0.2947 0.2387 0.1380 
 532 0.0056 0.0376 0.0401 0.0803 0.0890 0.1812 0.2488 0.1024 0.2150 
 533 0.0127 0.0065 0.0655 0.1292 0.1177 0.1949 0.1302 0.1665 0.1769 
 534 0.0064 0.0065 0.0418 0.1075 0.2321 0.1122 0.1866 0.0886 0.2183 
 535 0.0120 0.0060 0.0225 0.0821 0.2255 0.1647 0.1158 0.2001 0.1713 
 536 0.0162 0.0065 0.0213 0.1333 0.0868 0.1134 0.1804 0.3147 0.1274 
 537 0.0074 0.0168 0.0248 0.1271 0.2073 0.1043 0.1973 0.1929 0.1221 
 538 0.0118 0.0059 0.0263 0.2005 0.1644 0.1140 0.1942 0.1599 0.1228 
 539 0.0048 0.0050 0.0202 0.1277 0.0976 0.0853 0.4559 0.1009 0.1025 
 540 0.0127 0.1245 0.0273 0.1936 0.1366 0.1102 0.1100 0.1670 0.1180 
 541 0.0081 0.0507 0.0234 0.1094 0.0908 0.1040 0.2403 0.2621 0.1113 
 542 0.0118 0.0047 0.0237 0.1675 0.1338 0.0913 0.0894 0.3552 0.1227 
 543 0.0136 0.0787 0.0269 0.0892 0.2243 0.1242 0.1577 0.1320 0.1534 
 544 0.0099 0.0109 0.0211 0.0856 0.2869 0.1001 0.1126 0.2531 0.1197 
 545 0.0502 0.0060 0.0300 0.0848 0.2696 0.1156 0.0789 0.2218 0.1431 
 546 0.0060 0.0102 0.0244 0.1971 0.1385 0.0906 0.1202 0.2786 0.1344 
 547 0.0131 0.0070 0.0216 0.0533 0.3886 0.0940 0.1542 0.1513 0.1169 
 548 0.0056 0.0050 0.0217 0.3469 0.0555 0.0995 0.2335 0.1026 0.1297 
 549 0.0181 0.0074 0.0175 0.0498 0.1343 0.0848 0.2687 0.3207 0.0987 
 550 0.0441 0.0051 0.0410 0.0665 0.2713 0.1605 0.1057 0.1404 0.1654 
 551 0.0089 0.0079 0.0183 0.0619 0.0945 0.0998 0.3238 0.2672 0.1176 
 552 0.0060 0.0052 0.0198 0.2550 0.1395 0.0940 0.1680 0.2017 0.1108 
 553 0.0114 0.0243 0.0275 0.0938 0.3659 0.0967 0.1655 0.0977 0.1172 
 554 0.0086 0.1445 0.0527 0.1560 0.0979 0.1683 0.0892 0.1568 0.1259 
 555 0.0090 0.0150 0.0364 0.1324 0.1910 0.1046 0.2566 0.1051 0.1499 
 556 0.0066 0.0100 0.0214 0.2254 0.1472 0.1067 0.1384 0.2075 0.1369 
 557 0.0409 0.0148 0.0305 0.0606 0.1337 0.1697 0.1402 0.2445 0.1651 
 558 0.0130 0.0049 0.0288 0.0371 0.0437 0.2817 0.0811 0.2910 0.2188 
 559 0.0059 0.0071 0.0223 0.1946 0.1140 0.1713 0.0938 0.1681 0.2227 
 560 0.0189 0.0047 0.0225 0.0736 0.0486 0.2494 0.0625 0.2310 0.2889 
 561 0.0090 0.0048 0.0237 0.0590 0.0851 0.1592 0.0781 0.3027 0.2784 
 562 0.0139 0.0053 0.0425 0.0917 0.1073 0.2415 0.0620 0.1429 0.2928 
 563 0.0105 0.0056 0.0289 0.0386 0.0852 0.1679 0.1835 0.2233 0.2566 
 564 0.0107 0.0180 0.0372 0.2538 0.1480 0.1528 0.1024 0.1116 0.1657 
 565 0.0232 0.0047 0.0202 0.0476 0.0455 0.1721 0.0819 0.4577 0.1472 
 566 0.0115 0.0047 0.0320 0.0495 0.0526 0.3517 0.0672 0.1056 0.3252 
 567 0.0088 0.0054 0.0368 0.2894 0.0815 0.1703 0.0808 0.1025 0.2244 
 568 0.0096 0.0058 0.0182 0.1103 0.1040 0.1855 0.1012 0.2404 0.2251 
 569 0.0114 0.0172 0.0644 0.0595 0.1443 0.2787 0.1068 0.1313 0.1865 
 570 0.0105 0.0056 0.1276 0.0602 0.0475 0.3680 0.0726 0.1325 0.1754 
 571 0.0126 0.0065 0.0211 0.0766 0.0662 0.2894 0.0983 0.1088 0.3206 
 572 0.0092 0.0059 0.0300 0.0688 0.3422 0.1308 0.1689 0.1190 0.1252 
 573 0.0757 0.0107 0.0454 0.2273 0.1014 0.1390 0.1062 0.1223 0.1721 
 574 0.0104 0.0140 0.0667 0.0674 0.0917 0.2617 0.1541 0.1847 0.1493 
 575 0.0080 0.0053 0.0180 0.0910 0.0653 0.2050 0.1593 0.2278 0.2202 
 576 0.0114 0.0053 0.0334 0.0505 0.0490 0.3110 0.0702 0.1291 0.3401 
 577 0.0072 0.0056 0.0356 0.0698 0.0723 0.2478 0.1502 0.2295 0.1820 
 578 0.0171 0.0071 0.0372 0.0820 0.0757 0.2433 0.0925 0.1784 0.2666 
 579 0.0087 0.0108 0.0269 0.1267 0.0723 0.1629 0.0805 0.2960 0.2151 
