   1 0.1452 0.5366 0.3182 
   2 0.0202 0.7750 0.2048 
   3 0.0913 0.3286 0.5801 
   4 0.5400 0.3392 0.1209 
   5 0.0203 0.6439 0.3358 
   6 0.0236 0.0626 0.9138 
   7 0.0171 0.0633 0.9196 
   8 0.2908 0.2985 0.4107 
   9 0.0402 0.5343 0.4255 
  10 0.1064 0.1390 0.7546 
  11 0.0188 0.1122 0.8690 
  12 0.0355 0.5763 0.3882 
  13 0.0363 0.1871 0.7766 
  14 0.0463 0.7557 0.1980 
  15 0.1051 0.5827 0.3122 
  16 0.0397 0.1215 0.8389 
  17 0.0342 0.3157 0.6501 
  18 0.0543 0.2808 0.6649 
  19 0.0300 0.1614 0.8086 
  20 0.0312 0.4745 0.4943 
  21 0.1036 0.6899 0.2065 
  22 0.0488 0.0979 0.8533 
  23 0.1001 0.7654 0.1345 
  24 0.1469 0.3551 0.4980 
  25 0.0145 0.1188 0.8666 
  26 0.0727 0.4089 0.5183 
  27 0.0653 0.2360 0.6987 
  28 0.2173 0.2358 0.5470 
  29 0.0263 0.5650 0.4087 
  30 0.0359 0.1285 0.8355 
  31 0.0680 0.3193 0.6127 
  32 0.0749 0.6612 0.2640 
  33 0.0807 0.4172 0.5021 
  34 0.0371 0.1015 0.8614 
  35 0.0229 0.4991 0.4780 
  36 0.0320 0.5882 0.3798 
  37 0.0911 0.7127 0.1961 
  38 0.0150 0.1699 0.8151 
  39 0.0250 0.2297 0.7453 
  40 0.1514 0.6690 0.1797 
  41 0.0310 0.5629 0.4061 
  42 0.2272 0.6370 0.1357 
  43 0.0320 0.8814 0.0866 
  44 0.0202 0.6968 0.2829 
  45 0.0168 0.6065 0.3766 
  46 0.0190 0.2025 0.7785 
  47 0.0381 0.3319 0.6301 
  48 0.0229 0.7050 0.2721 
  49 0.0293 0.5227 0.4480 
  50 0.0514 0.1191 0.8295 
  51 0.0220 0.8710 0.1069 
  52 0.0337 0.2196 0.7467 
  53 0.0421 0.0946 0.8634 
  54 0.0317 0.8193 0.1490 
  55 0.0216 0.8893 0.0892 
  56 0.0359 0.5246 0.4395 
  57 0.1118 0.2562 0.6320 
  58 0.0307 0.7556 0.2137 
  59 0.0255 0.5909 0.3836 
  60 0.0797 0.7594 0.1609 
  61 0.0336 0.9177 0.0487 
  62 0.0277 0.3658 0.6065 
  63 0.0418 0.7671 0.1912 
  64 0.0183 0.1549 0.8269 
  65 0.0132 0.3762 0.6106 
  66 0.0409 0.8771 0.0820 
  67 0.0180 0.8746 0.1074 
  68 0.0313 0.6346 0.3341 
  69 0.0861 0.3180 0.5959 
  70 0.0276 0.8182 0.1542 
  71 0.0133 0.6422 0.3444 
  72 0.0199 0.2875 0.6925 
  73 0.0146 0.8421 0.1433 
  74 0.0718 0.5966 0.3316 
  75 0.0738 0.8191 0.1071 
  76 0.0220 0.7460 0.2319 
  77 0.0218 0.6709 0.3073 
  78 0.0283 0.5469 0.4248 
  79 0.0223 0.1151 0.8626 
  80 0.6035 0.1910 0.2055 
  81 0.3832 0.2437 0.3731 
  82 0.0435 0.7849 0.1716 
  83 0.2142 0.4049 0.3809 
  84 0.1481 0.4867 0.3652 
  85 0.2524 0.4490 0.2986 
  86 0.0215 0.6267 0.3518 
  87 0.0253 0.2131 0.7616 
  88 0.1049 0.7196 0.1755 
  89 0.1409 0.7453 0.1138 
  90 0.0276 0.3779 0.5945 
  91 0.4700 0.3817 0.1483 
  92 0.0473 0.4535 0.4993 
  93 0.8753 0.0709 0.0539 
  94 0.0199 0.0600 0.9201 
  95 0.0540 0.7309 0.2151 
  96 0.0646 0.8854 0.0500 
  97 0.0902 0.7355 0.1743 
  98 0.0406 0.7810 0.1784 
  99 0.1171 0.5286 0.3543 
 100 0.4404 0.5018 0.0578 
 101 0.0289 0.7869 0.1842 
 102 0.1642 0.7030 0.1328 
 103 0.0322 0.8930 0.0749 
 104 0.0313 0.3051 0.6636 
 105 0.0288 0.8696 0.1015 
 106 0.0097 0.0798 0.9105 
 107 0.0434 0.6807 0.2759 
 108 0.0181 0.7246 0.2573 
 109 0.0103 0.2247 0.7650 
 110 0.0133 0.1514 0.8353 
 111 0.0176 0.1440 0.8384 
 112 0.0119 0.0967 0.8914 
 113 0.0237 0.7909 0.1853 
 114 0.0436 0.3765 0.5800 
 115 0.0169 0.7453 0.2378 
 116 0.0113 0.2976 0.6911 
 117 0.0180 0.4852 0.4969 
 118 0.0152 0.7452 0.2396 
 119 0.0790 0.8456 0.0754 
 120 0.0221 0.4480 0.5300 
 121 0.0132 0.8281 0.1587 
 122 0.0147 0.1293 0.8560 
 123 0.0237 0.4151 0.5611 
 124 0.0151 0.3597 0.6252 
 125 0.0239 0.2875 0.6885 
 126 0.0292 0.2589 0.7120 
 127 0.0204 0.1861 0.7935 
 128 0.0152 0.8237 0.1611 
 129 0.0117 0.8492 0.1391 
 130 0.0523 0.5173 0.4305 
 131 0.0136 0.4929 0.4935 
 132 0.0119 0.1588 0.8292 
 133 0.0286 0.4577 0.5136 
 134 0.0081 0.0517 0.9402 
 135 0.3016 0.6254 0.0730 
 136 0.8851 0.0603 0.0545 
 137 0.8131 0.1246 0.0622 
 138 0.8904 0.0571 0.0525 
 139 0.1060 0.8203 0.0737 
 140 0.5063 0.2834 0.2103 
 141 0.8221 0.0804 0.0975 
 142 0.4726 0.4545 0.0728 
 143 0.9125 0.0529 0.0347 
 144 0.8154 0.1274 0.0572 
 145 0.6432 0.2008 0.1560 
 146 0.3885 0.4264 0.1851 
 147 0.9192 0.0427 0.0381 
 148 0.6563 0.2200 0.1237 
 149 0.8389 0.1012 0.0599 
 150 0.5219 0.3780 0.1001 
 151 0.8496 0.0976 0.0528 
 152 0.5264 0.3334 0.1402 
 153 0.8060 0.1159 0.0781 
 154 0.8581 0.0842 0.0577 
 155 0.8858 0.0654 0.0488 
 156 0.5889 0.3553 0.0558 
 157 0.6799 0.1949 0.1252 
 158 0.7483 0.1224 0.1293 
 159 0.9114 0.0512 0.0374 
 160 0.9007 0.0593 0.0399 
 161 0.6216 0.2826 0.0958 
 162 0.2941 0.4779 0.2279 
 163 0.8869 0.0687 0.0444 
 164 0.4175 0.3689 0.2136 
 165 0.6583 0.2533 0.0884 
 166 0.4627 0.4008 0.1365 
 167 0.7514 0.0941 0.1545 
 168 0.7841 0.1321 0.0838 
 169 0.4543 0.1604 0.3852 
 170 0.5257 0.4195 0.0548 
 171 0.5272 0.3501 0.1228 
 172 0.6420 0.2251 0.1330 
 173 0.8683 0.0893 0.0424 
 174 0.8740 0.0716 0.0545 
 175 0.8976 0.0544 0.0480 
 176 0.8251 0.1201 0.0548 
 177 0.4803 0.2846 0.2350 
 178 0.8434 0.0717 0.0849 
 179 0.9143 0.0463 0.0393 
 180 0.6649 0.1634 0.1718 
 181 0.5757 0.3440 0.0803 
 182 0.7273 0.2279 0.0448 
 183 0.8853 0.0723 0.0424 
 184 0.0206 0.7293 0.2501 
 185 0.7744 0.1859 0.0396 
 186 0.0192 0.7102 0.2705 
 187 0.1214 0.7867 0.0919 
 188 0.0143 0.7602 0.2255 
 189 0.2215 0.3409 0.4376 
 190 0.0825 0.8831 0.0344 
 191 0.0309 0.8628 0.1063 
 192 0.0775 0.8250 0.0976 
 193 0.0903 0.7715 0.1382 
 194 0.0525 0.8664 0.0810 
 195 0.2717 0.6811 0.0472 
 196 0.0593 0.8864 0.0544 
 197 0.0512 0.6368 0.3121 
 198 0.0685 0.6878 0.2436 
 199 0.0529 0.8788 0.0683 
 200 0.0722 0.7195 0.2083 
 201 0.4739 0.4647 0.0614 
 202 0.3318 0.6095 0.0587 
 203 0.3275 0.6176 0.0549 
 204 0.0525 0.9045 0.0430 
 205 0.0316 0.8894 0.0790 
 206 0.0633 0.8772 0.0595 
 207 0.0234 0.9187 0.0579 
 208 0.1131 0.8337 0.0532 
 209 0.0449 0.8552 0.0999 
 210 0.0635 0.8811 0.0554 
 211 0.0356 0.9116 0.0529 
 212 0.6499 0.2759 0.0741 
 213 0.0256 0.8831 0.0913 
 214 0.4129 0.5326 0.0545 
 215 0.0197 0.9016 0.0787 
 216 0.0285 0.7653 0.2062 
 217 0.3502 0.5721 0.0778 
 218 0.0443 0.8670 0.0886 
 219 0.1330 0.5414 0.3256 
 220 0.0260 0.9152 0.0588 
 221 0.6622 0.3017 0.0361 
 222 0.0516 0.6329 0.3156 
 223 0.2228 0.6591 0.1181 
 224 0.1673 0.7721 0.0606 
 225 0.0425 0.9022 0.0553 
 226 0.0614 0.7316 0.2071 
 227 0.0862 0.8569 0.0569 
 228 0.1731 0.7849 0.0419 
 229 0.1873 0.7412 0.0715 
 230 0.0831 0.8633 0.0536 
 231 0.2344 0.6488 0.1168 
 232 0.0791 0.8146 0.1063 
 233 0.5892 0.3520 0.0587 
 234 0.0979 0.7280 0.1741 
 235 0.1583 0.7154 0.1263 
 236 0.1689 0.7564 0.0747 
 237 0.0368 0.8874 0.0758 
 238 0.3612 0.5676 0.0712 
 239 0.2633 0.6908 0.0459 
 240 0.3607 0.5684 0.0710 
 241 0.4129 0.5338 0.0532 
 242 0.1223 0.5716 0.3061 
 243 0.0605 0.9010 0.0385 
 244 0.2049 0.7435 0.0516 
 245 0.7367 0.2137 0.0495 
 246 0.3480 0.5753 0.0767 
 247 0.0151 0.7532 0.2318 
 248 0.0174 0.8918 0.0908 
 249 0.1565 0.7876 0.0559 
 250 0.0784 0.8472 0.0744 
 251 0.0478 0.5984 0.3538 
 252 0.0953 0.8329 0.0718 
 253 0.0282 0.7967 0.1751 
 254 0.0545 0.7469 0.1985 
 255 0.1066 0.7322 0.1613 
 256 0.1371 0.8048 0.0581 
 257 0.0422 0.8932 0.0646 
 258 0.0354 0.8549 0.1096 
 259 0.0315 0.8995 0.0690 
 260 0.1582 0.6371 0.2047 
 261 0.2052 0.7283 0.0665 
 262 0.2724 0.6827 0.0449 
 263 0.0285 0.8806 0.0909 
 264 0.0147 0.2652 0.7200 
 265 0.0929 0.7673 0.1398 
 266 0.6684 0.2949 0.0367 
 267 0.1053 0.7549 0.1399 
 268 0.0596 0.8862 0.0542 
 269 0.1906 0.3714 0.4380 
 270 0.0286 0.7867 0.1847 
 271 0.0257 0.9000 0.0744 
 272 0.0348 0.8187 0.1464 
 273 0.1624 0.7055 0.1321 
 274 0.0447 0.8186 0.1367 
 275 0.0698 0.8261 0.1041 
 276 0.0309 0.7693 0.1998 
 277 0.1471 0.7363 0.1166 
 278 0.0263 0.9050 0.0687 
 279 0.0634 0.8547 0.0819 
 280 0.0679 0.7233 0.2087 
 281 0.0412 0.8572 0.1016 
 282 0.3547 0.5306 0.1148 
 283 0.4814 0.4346 0.0841 
 284 0.0724 0.8472 0.0805 
 285 0.0121 0.8801 0.1078 
 286 0.2027 0.7463 0.0510 
 287 0.1020 0.6663 0.2318 
 288 0.0367 0.8004 0.1630 
 289 0.0642 0.7222 0.2136 
 290 0.0329 0.7241 0.2430 
 291 0.0262 0.8970 0.0768 
 292 0.0944 0.7616 0.1440 
 293 0.0321 0.4433 0.5246 
 294 0.0230 0.8709 0.1061 
 295 0.0818 0.5746 0.3436 
 296 0.0271 0.9043 0.0685 
 297 0.0375 0.6840 0.2785 
 298 0.1766 0.7091 0.1143 
 299 0.0320 0.8133 0.1547 
 300 0.0197 0.9052 0.0751 
 301 0.0324 0.6999 0.2677 
 302 0.0233 0.8923 0.0844 
 303 0.1841 0.7266 0.0892 
 304 0.2687 0.4688 0.2625 
 305 0.1248 0.8223 0.0529 
 306 0.3443 0.5554 0.1004 
 307 0.0602 0.8538 0.0861 
 308 0.2040 0.7288 0.0672 
 309 0.0298 0.9014 0.0688 
 310 0.1347 0.8190 0.0464 
 311 0.0829 0.8641 0.0529 
 312 0.0249 0.9238 0.0513 
 313 0.0155 0.9356 0.0490 
 314 0.9217 0.0434 0.0349 
 315 0.8928 0.0597 0.0475 
 316 0.8969 0.0491 0.0540 
 317 0.9290 0.0360 0.0350 
 318 0.9318 0.0322 0.0361 
 319 0.9130 0.0504 0.0366 
 320 0.9220 0.0431 0.0349 
 321 0.9264 0.0352 0.0384 
 322 0.8873 0.0614 0.0513 
 323 0.9269 0.0371 0.0361 
 324 0.9260 0.0359 0.0381 
 325 0.9060 0.0432 0.0508 
 326 0.9131 0.0376 0.0493 
 327 0.9274 0.0366 0.0359 
 328 0.8828 0.0640 0.0532 
 329 0.9263 0.0386 0.0351 
 330 0.9289 0.0353 0.0358 
 331 0.9259 0.0383 0.0358 
 332 0.9021 0.0398 0.0582 
 333 0.9099 0.0443 0.0458 
 334 0.8833 0.0639 0.0528 
 335 0.8988 0.0538 0.0475 
 336 0.9240 0.0368 0.0392 
 337 0.8964 0.0480 0.0556 
 338 0.9309 0.0321 0.0370 
 339 0.9268 0.0380 0.0352 
 340 0.9283 0.0382 0.0335 
 341 0.9300 0.0358 0.0342 
 342 0.9288 0.0359 0.0353 
 343 0.8809 0.0657 0.0534 
 344 0.9308 0.0343 0.0349 
 345 0.9282 0.0357 0.0360 
 346 0.9329 0.0332 0.0338 
 347 0.9321 0.0347 0.0333 
 348 0.8817 0.0714 0.0469 
 349 0.9283 0.0360 0.0357 
 350 0.9102 0.0535 0.0363 
 351 0.8968 0.0548 0.0484 
 352 0.9009 0.0487 0.0505 
 353 0.9252 0.0367 0.0381 
 354 0.9245 0.0397 0.0358 
 355 0.9305 0.0327 0.0368 
 356 0.8196 0.1330 0.0474 
 357 0.5529 0.1001 0.3470 
 358 0.9034 0.0457 0.0509 
 359 0.9265 0.0362 0.0374 
 360 0.9331 0.0325 0.0343 
 361 0.4526 0.1670 0.3804 
 362 0.0250 0.2012 0.7738 
 363 0.0166 0.1303 0.8531 
 364 0.2437 0.1435 0.6128 
 365 0.0228 0.0969 0.8803 
 366 0.0640 0.3531 0.5829 
 367 0.0100 0.0576 0.9324 
 368 0.0210 0.3375 0.6415 
 369 0.2742 0.4117 0.3142 
 370 0.0231 0.7762 0.2007 
 371 0.0545 0.4865 0.4590 
 372 0.0710 0.6533 0.2757 
 373 0.0350 0.1322 0.8328 
 374 0.2594 0.1959 0.5447 
 375 0.0182 0.1077 0.8741 
 376 0.0128 0.0406 0.9466 
 377 0.0286 0.2148 0.7566 
 378 0.1403 0.2326 0.6272 
 379 0.0130 0.0425 0.9445 
 380 0.1169 0.3173 0.5658 
 381 0.0641 0.1178 0.8181 
 382 0.0168 0.0663 0.9169 
 383 0.1539 0.1080 0.7381 
 384 0.0798 0.1596 0.7607 
 385 0.0758 0.1343 0.7899 
 386 0.0154 0.0778 0.9068 
 387 0.0194 0.0869 0.8938 
 388 0.2144 0.3631 0.4225 
 389 0.0186 0.8297 0.1517 
 390 0.0214 0.3465 0.6321 
 391 0.0388 0.5443 0.4169 
 392 0.0366 0.0866 0.8768 
 393 0.0461 0.2662 0.6877 
 394 0.1991 0.2732 0.5277 
 395 0.0183 0.6014 0.3803 
 396 0.0113 0.0897 0.8990 
 397 0.0704 0.4778 0.4518 
 398 0.0130 0.0512 0.9358 
 399 0.0161 0.1571 0.8268 
 400 0.0259 0.0706 0.9035 
 401 0.0285 0.2205 0.7510 
 402 0.0228 0.5771 0.4001 
 403 0.2156 0.4770 0.3074 
 404 0.0395 0.4037 0.5567 
 405 0.0358 0.3421 0.6221 
 406 0.0539 0.6714 0.2747 
 407 0.0126 0.0555 0.9320 
 408 0.0103 0.6702 0.3195 
 409 0.2080 0.6264 0.1655 
 410 0.0439 0.0757 0.8804 
 411 0.0957 0.2042 0.7001 
 412 0.0198 0.1406 0.8397 
 413 0.0888 0.5003 0.4109 
 414 0.0125 0.1434 0.8440 
 415 0.0203 0.1026 0.8771 
 416 0.0320 0.1416 0.8264 
 417 0.0174 0.0569 0.9257 
 418 0.0131 0.0708 0.9161 
 419 0.0721 0.6671 0.2608 
 420 0.0171 0.2695 0.7134 
 421 0.0184 0.1025 0.8791 
 422 0.0192 0.5747 0.4061 
 423 0.0230 0.1612 0.8158 
 424 0.0280 0.5358 0.4362 
 425 0.0432 0.3220 0.6348 
 426 0.0333 0.1214 0.8453 
 427 0.0618 0.0812 0.8570 
 428 0.0617 0.5975 0.3408 
 429 0.0107 0.0435 0.9458 
 430 0.0162 0.0972 0.8866 
 431 0.0276 0.3902 0.5822 
 432 0.0244 0.3009 0.6748 
 433 0.0923 0.7762 0.1315 
 434 0.0676 0.2650 0.6674 
 435 0.0127 0.0715 0.9158 
 436 0.0262 0.0482 0.9255 
 437 0.0141 0.0599 0.9260 
 438 0.0315 0.4899 0.4786 
 439 0.0213 0.0542 0.9246 
 440 0.0100 0.0463 0.9437 
 441 0.0479 0.1244 0.8278 
 442 0.0146 0.0969 0.8884 
 443 0.0122 0.1066 0.8812 
 444 0.0148 0.0955 0.8897 
 445 0.0889 0.3626 0.5485 
 446 0.0143 0.0631 0.9226 
 447 0.0353 0.2458 0.7189 
 448 0.0153 0.1102 0.8745 
 449 0.0296 0.1906 0.7798 
 450 0.0329 0.0649 0.9022 
 451 0.0097 0.1475 0.8428 
 452 0.0246 0.0523 0.9231 
 453 0.0246 0.7950 0.1804 
 454 0.0299 0.0786 0.8915 
 455 0.0146 0.1530 0.8324 
 456 0.0129 0.1107 0.8765 
 457 0.0167 0.0580 0.9253 
 458 0.0191 0.0566 0.9243 
 459 0.0666 0.2711 0.6623 
 460 0.0137 0.0601 0.9262 
 461 0.0138 0.0488 0.9374 
 462 0.0098 0.0869 0.9033 
 463 0.0248 0.5829 0.3923 
 464 0.0130 0.0902 0.8969 
 465 0.0180 0.2513 0.7307 
 466 0.0144 0.3999 0.5857 
 467 0.0285 0.1237 0.8478 
 468 0.0135 0.0743 0.9122 
 469 0.0166 0.0528 0.9306 
 470 0.0133 0.0515 0.9352 
 471 0.0149 0.4420 0.5430 
 472 0.0185 0.2144 0.7671 
 473 0.0285 0.2113 0.7602 
 474 0.0238 0.0747 0.9016 
 475 0.0311 0.3236 0.6453 
 476 0.0180 0.0600 0.9220 
 477 0.0284 0.1974 0.7743 
 478 0.0120 0.0732 0.9148 
 479 0.0122 0.0505 0.9373 
 480 0.0145 0.0429 0.9426 
 481 0.0143 0.2521 0.7336 
 482 0.0119 0.0397 0.9483 
 483 0.0193 0.0855 0.8952 
 484 0.0200 0.3327 0.6473 
 485 0.0137 0.0804 0.9060 
 486 0.0260 0.4683 0.5057 
 487 0.0832 0.3287 0.5880 
 488 0.0326 0.6072 0.3602 
 489 0.1192 0.5799 0.3009 
 490 0.0131 0.1871 0.7998 
 491 0.0463 0.8261 0.1277 
 492 0.0732 0.7875 0.1393 
 493 0.0345 0.4837 0.4817 
 494 0.0428 0.6565 0.3007 
 495 0.0498 0.5457 0.4045 
 496 0.1193 0.7763 0.1044 
 497 0.0836 0.6004 0.3160 
 498 0.0320 0.5205 0.4475 
 499 0.2415 0.4673 0.2912 
 500 0.0326 0.2683 0.6991 
 501 0.0787 0.6092 0.3120 
 502 0.0932 0.6150 0.2918 
 503 0.0189 0.1548 0.8263 
 504 0.0194 0.6177 0.3629 
 505 0.0327 0.8249 0.1424 
 506 0.0884 0.4752 0.4364 
 507 0.6490 0.2957 0.0554 
 508 0.4130 0.5136 0.0733 
 509 0.0691 0.8160 0.1149 
 510 0.1898 0.3757 0.4345 
 511 0.0241 0.1684 0.8076 
 512 0.0133 0.0726 0.9140 
 513 0.0167 0.9245 0.0588 
 514 0.0259 0.4668 0.5074 
 515 0.0762 0.2700 0.6538 
 516 0.0211 0.7954 0.1834 
 517 0.0617 0.5835 0.3548 
 518 0.2605 0.2910 0.4485 
 519 0.0273 0.4518 0.5209 
 520 0.1950 0.5590 0.2460 
 521 0.2209 0.6374 0.1417 
 522 0.0192 0.3755 0.6053 
 523 0.0714 0.8001 0.1285 
 524 0.0381 0.2986 0.6634 
 525 0.1871 0.3574 0.4555 
 526 0.0356 0.6283 0.3361 
 527 0.0234 0.1047 0.8719 
 528 0.4389 0.4816 0.0795 
 529 0.0600 0.7104 0.2296 
 530 0.0485 0.2485 0.7030 
 531 0.3132 0.4083 0.2785 
 532 0.2181 0.3626 0.4193 
 533 0.0348 0.3188 0.6463 
 534 0.0433 0.8263 0.1304 
 535 0.0255 0.7254 0.2490 
 536 0.0605 0.7525 0.1870 
 537 0.0850 0.8496 0.0655 
 538 0.0624 0.8369 0.1006 
 539 0.6684 0.2703 0.0612 
 540 0.1211 0.7007 0.1782 
 541 0.4140 0.4401 0.1459 
 542 0.0253 0.7520 0.2227 
 543 0.0591 0.8576 0.0833 
 544 0.0349 0.8406 0.1245 
 545 0.0162 0.7714 0.2124 
 546 0.0478 0.8423 0.1099 
 547 0.0456 0.8809 0.0734 
 548 0.0764 0.8521 0.0716 
 549 0.3449 0.5285 0.1266 
 550 0.0536 0.5033 0.4431 
 551 0.4716 0.4233 0.1052 
 552 0.0771 0.8239 0.0991 
 553 0.0627 0.8842 0.0531 
 554 0.0821 0.4815 0.4365 
 555 0.1087 0.8350 0.0563 
 556 0.0371 0.8736 0.0893 
 557 0.0386 0.6823 0.2792 
 558 0.0129 0.0371 0.9500 
 559 0.0217 0.4227 0.5556 
 560 0.0095 0.0797 0.9109 
 561 0.0128 0.1990 0.7882 
 562 0.0094 0.1394 0.8512 
 563 0.0731 0.5762 0.3506 
 564 0.0208 0.7912 0.1880 
 565 0.0155 0.0540 0.9306 
 566 0.0097 0.0572 0.9332 
 567 0.0140 0.6507 0.3353 
 568 0.0208 0.5078 0.4714 
 569 0.0210 0.4377 0.5413 
 570 0.0102 0.0431 0.9467 
 571 0.0163 0.1514 0.8323 
 572 0.1327 0.6071 0.2602 
 573 0.0239 0.5200 0.4560 
 574 0.0666 0.1360 0.7974 
 575 0.0364 0.6201 0.3435 
 576 0.0096 0.0671 0.9233 
 577 0.0558 0.1260 0.8181 
 578 0.0176 0.2312 0.7512 
 579 0.0150 0.1545 0.8305 
 580 0.0263 0.0870 0.8868 
 581 0.0195 0.0748 0.9057 
 582 0.0112 0.0626 0.9262 
 583 0.0170 0.0970 0.8860 
 584 0.0119 0.0692 0.9190 
 585 0.0138 0.1533 0.8330 
 586 0.0209 0.1492 0.8299 
 587 0.0106 0.1434 0.8460 
 588 0.0135 0.9321 0.0544 
 589 0.0126 0.1288 0.8586 
 590 0.0147 0.1756 0.8097 
 591 0.0179 0.2298 0.7523 
 592 0.0122 0.5841 0.4036 
 593 0.0296 0.3278 0.6427 
 594 0.0448 0.4186 0.5366 
 595 0.0110 0.0920 0.8970 
 596 0.0250 0.5769 0.3982 
 597 0.1293 0.2393 0.6314 
 598 0.0117 0.0392 0.9491 
 599 0.0106 0.2214 0.7680 
 600 0.0338 0.1336 0.8325 
 601 0.0109 0.0893 0.8998 
 602 0.0562 0.6254 0.3184 
 603 0.0506 0.6540 0.2954 
 604 0.0345 0.4175 0.5480 
 605 0.0199 0.3710 0.6091 
 606 0.0419 0.7607 0.1973 
 607 0.2112 0.2589 0.5299 
 608 0.4182 0.1541 0.4277 
 609 0.0294 0.1096 0.8610 
 610 0.0222 0.2545 0.7233 
 611 0.0488 0.6069 0.3442 
 612 0.0183 0.0656 0.9161 
 613 0.0287 0.1611 0.8102 
 614 0.0151 0.0751 0.9098 
 615 0.0376 0.1740 0.7884 
 616 0.1395 0.2995 0.5609 
 617 0.0170 0.1527 0.8303 
 618 0.1154 0.2531 0.6316 
 619 0.0591 0.6204 0.3206 
 620 0.0100 0.6149 0.3751 
 621 0.0153 0.0682 0.9165 
 622 0.0856 0.2512 0.6633 
 623 0.0180 0.3186 0.6634 
 624 0.0906 0.0856 0.8237 
 625 0.0782 0.1413 0.7805 
 626 0.4197 0.3386 0.2417 
 627 0.0251 0.2199 0.7550 
 628 0.0300 0.2534 0.7167 
 629 0.0289 0.3151 0.6561 
 630 0.0307 0.1322 0.8371 
 631 0.0269 0.1142 0.8589 
 632 0.0699 0.8122 0.1178 
 633 0.0520 0.1075 0.8405 
 634 0.0929 0.2845 0.6225 
 635 0.4178 0.3654 0.2168 
 636 0.1611 0.1518 0.6871 
 637 0.0294 0.7848 0.1858 
 638 0.0448 0.3260 0.6291 
 639 0.0435 0.1712 0.7853 
 640 0.0233 0.0941 0.8826 
 641 0.0313 0.2872 0.6815 
 642 0.3236 0.5454 0.1310 
 643 0.8066 0.1232 0.0702 
 644 0.5678 0.2503 0.1819 
 645 0.7109 0.1206 0.1685 
 646 0.0396 0.7837 0.1767 
 647 0.1145 0.7754 0.1101 
 648 0.2235 0.4736 0.3030 
 649 0.0575 0.8686 0.0738 
 650 0.0517 0.8043 0.1440 
 651 0.4006 0.3487 0.2506 
 652 0.5174 0.3455 0.1371 
 653 0.2020 0.6272 0.1708 
 654 0.2033 0.7161 0.0806 
 655 0.5095 0.2543 0.2363 
 656 0.0900 0.7676 0.1424 
 657 0.1087 0.2197 0.6716 
 658 0.1001 0.5977 0.3023 
 659 0.4498 0.3634 0.1868 
 660 0.4184 0.5087 0.0730 
 661 0.6080 0.2704 0.1216 
 662 0.0348 0.9061 0.0591 
 663 0.3445 0.5276 0.1279 
 664 0.1461 0.4046 0.4493 
 665 0.0409 0.8751 0.0840 
 666 0.2548 0.6417 0.1034 
 667 0.0344 0.7246 0.2410 
 668 0.3958 0.3467 0.2575 
 669 0.1047 0.7676 0.1278 
 670 0.8435 0.1143 0.0422 
 671 0.5252 0.4081 0.0666 
 672 0.6710 0.2087 0.1203 
 673 0.9223 0.0401 0.0375 
 674 0.7608 0.1626 0.0766 
 675 0.8261 0.1176 0.0563 
 676 0.9175 0.0463 0.0362 
 677 0.6813 0.2800 0.0387 
 678 0.9201 0.0416 0.0383 
 679 0.8549 0.0701 0.0750 
 680 0.8493 0.0907 0.0600 
 681 0.2351 0.4851 0.2798 
 682 0.8683 0.0740 0.0577 
 683 0.8609 0.0985 0.0406 
 684 0.9095 0.0515 0.0390 
 685 0.9217 0.0443 0.0340 
 686 0.5649 0.3723 0.0628 
 687 0.5199 0.4189 0.0612 
 688 0.8232 0.1224 0.0545 
 689 0.9226 0.0419 0.0355 
 690 0.9177 0.0458 0.0365 
 691 0.8348 0.0979 0.0673 
 692 0.8770 0.0616 0.0615 
 693 0.8544 0.0821 0.0635 
 694 0.9232 0.0443 0.0325 
 695 0.8759 0.0791 0.0450 
 696 0.8288 0.1176 0.0536 
 697 0.9097 0.0528 0.0376 
 698 0.9116 0.0520 0.0363 
 699 0.7761 0.1787 0.0452 
 700 0.8476 0.0811 0.0713 
 701 0.8218 0.0976 0.0806 
 702 0.6667 0.2419 0.0914 
 703 0.8356 0.1049 0.0595 
 704 0.8250 0.1249 0.0501 
 705 0.3254 0.5581 0.1165 
 706 0.8607 0.0873 0.0520 
 707 0.8953 0.0647 0.0400 
 708 0.8896 0.0722 0.0382 
 709 0.8779 0.0839 0.0383 
 710 0.9217 0.0460 0.0323 
 711 0.7871 0.1564 0.0565 
 712 0.8040 0.1620 0.0340 
 713 0.8395 0.1112 0.0493 
 714 0.7707 0.1459 0.0835 
 715 0.8885 0.0791 0.0324 
 716 0.8784 0.0735 0.0481 
 717 0.9174 0.0495 0.0331 
 718 0.7254 0.2122 0.0625 
 719 0.8892 0.0779 0.0329 
 720 0.0174 0.1210 0.8616 
 721 0.6026 0.1248 0.2726 
 722 0.0349 0.1315 0.8336 
 723 0.0296 0.0799 0.8905 
 724 0.1137 0.0848 0.8015 
 725 0.1352 0.4630 0.4019 
 726 0.0619 0.1821 0.7560 
 727 0.1048 0.6956 0.1996 
 728 0.0103 0.0413 0.9484 
 729 0.0118 0.0441 0.9441 
 730 0.0178 0.0988 0.8834 
 731 0.0270 0.0645 0.9085 
 732 0.0312 0.0782 0.8906 
 733 0.0164 0.0488 0.9348 
 734 0.0103 0.0453 0.9444 
 735 0.0218 0.0443 0.9339 
 736 0.0207 0.0699 0.9094 
 737 0.0221 0.1507 0.8272 
 738 0.0183 0.0684 0.9134 
 739 0.0148 0.0459 0.9393 
 740 0.7917 0.1056 0.1027 
 741 0.5082 0.2939 0.1979 
 742 0.1078 0.1382 0.7540 
 743 0.0529 0.2601 0.6869 
 744 0.0327 0.8386 0.1287 
 745 0.0149 0.3067 0.6784 
 746 0.1002 0.5480 0.3518 
 747 0.0289 0.6510 0.3201 
 748 0.3026 0.5437 0.1538 
 749 0.0610 0.7546 0.1844 
 750 0.0416 0.6878 0.2707 
 751 0.4179 0.3747 0.2074 
 752 0.0367 0.6232 0.3401 
 753 0.1170 0.4662 0.4167 
 754 0.3096 0.4098 0.2806 
 755 0.0810 0.6279 0.2911 
 756 0.1211 0.7200 0.1589 
 757 0.0525 0.7157 0.2318 
 758 0.0151 0.5816 0.4034 
 759 0.4648 0.2636 0.2716 
 760 0.0753 0.1629 0.7618 
 761 0.2025 0.2103 0.5872 
 762 0.0234 0.1070 0.8695 
 763 0.1173 0.4688 0.4139 
 764 0.0406 0.6397 0.3197 
 765 0.0293 0.1443 0.8265 
 766 0.2872 0.3495 0.3633 
 767 0.1261 0.5832 0.2907 
 768 0.0228 0.1117 0.8655 
 769 0.1468 0.1826 0.6706 
 770 0.0206 0.1339 0.8455 
 771 0.0498 0.8660 0.0842 
 772 0.2297 0.3286 0.4417 
 773 0.0584 0.4042 0.5374 
 774 0.3435 0.4446 0.2118 
 775 0.0448 0.0828 0.8725 
 776 0.0261 0.5140 0.4599 
 777 0.0432 0.6726 0.2841 
 778 0.0552 0.8100 0.1348 
 779 0.1009 0.4433 0.4557 
 780 0.2917 0.5118 0.1965 
 781 0.0609 0.8650 0.0741 
 782 0.0998 0.4377 0.4626 
 783 0.1979 0.3030 0.4990 
 784 0.0348 0.2227 0.7425 
 785 0.0892 0.4710 0.4399 
 786 0.4468 0.2599 0.2934 
 787 0.1405 0.7856 0.0739 
 788 0.0502 0.2169 0.7329 
 789 0.0419 0.1615 0.7966 
 790 0.1799 0.4677 0.3524 
 791 0.0746 0.5588 0.3667 
 792 0.3537 0.5163 0.1299 
 793 0.1660 0.6877 0.1463 
 794 0.0658 0.5874 0.3468 
 795 0.3849 0.4334 0.1816 
 796 0.0879 0.6423 0.2698 
 797 0.4944 0.4003 0.1053 
 798 0.0130 0.1297 0.8574 
 799 0.0344 0.3122 0.6534 
 800 0.2025 0.7364 0.0611 
 801 0.0269 0.1717 0.8013 
 802 0.1667 0.3181 0.5152 
 803 0.1563 0.6989 0.1448 
 804 0.0424 0.7672 0.1904 
 805 0.8129 0.1257 0.0614 
 806 0.0628 0.5950 0.3422 
 807 0.6427 0.2820 0.0754 
 808 0.2115 0.7010 0.0875 
 809 0.0307 0.7674 0.2019 
 810 0.0909 0.3524 0.5567 
 811 0.2132 0.6951 0.0917 
 812 0.0151 0.8906 0.0943 
 813 0.0164 0.1288 0.8548 
 814 0.0185 0.8629 0.1187 
 815 0.1813 0.6219 0.1968 
 816 0.2949 0.2948 0.4103 
 817 0.1615 0.3214 0.5171 
 818 0.0383 0.4614 0.5003 
 819 0.0446 0.8503 0.1052 
 820 0.0656 0.7297 0.2046 
 821 0.0505 0.1519 0.7976 
 822 0.0116 0.1848 0.8036 
 823 0.1867 0.1779 0.6355 
 824 0.0841 0.3810 0.5349 
 825 0.0212 0.2336 0.7452 
 826 0.0190 0.4330 0.5479 
 827 0.0244 0.0811 0.8945 
 828 0.0460 0.1019 0.8521 
 829 0.0462 0.1866 0.7672 
 830 0.0160 0.0623 0.9217 
 831 0.0698 0.3334 0.5968 
 832 0.0660 0.5340 0.4000 
 833 0.1135 0.3147 0.5718 
 834 0.0613 0.3242 0.6146 
 835 0.0167 0.5174 0.4659 
 836 0.0335 0.7075 0.2591 
 837 0.1453 0.2824 0.5723 
 838 0.0149 0.7700 0.2151 
 839 0.0326 0.1549 0.8125 
 840 0.0467 0.8345 0.1188 
 841 0.0347 0.8196 0.1457 
 842 0.0130 0.2520 0.7350 
 843 0.1084 0.7977 0.0939 
 844 0.0606 0.6426 0.2969 
 845 0.0194 0.3236 0.6569 
 846 0.0445 0.6590 0.2965 
 847 0.0784 0.7141 0.2074 
 848 0.0334 0.7955 0.1711 
 849 0.0285 0.2630 0.7085 
 850 0.0270 0.1095 0.8635 
 851 0.0217 0.4966 0.4817 
 852 0.5275 0.1255 0.3470 
 853 0.0241 0.3307 0.6452 
 854 0.1507 0.2111 0.6382 
 855 0.0374 0.5229 0.4397 
 856 0.0621 0.5219 0.4160 
 857 0.0268 0.7605 0.2127 
 858 0.0202 0.3827 0.5971 
 859 0.0203 0.0832 0.8965 
 860 0.0208 0.4321 0.5471 
 861 0.2253 0.6562 0.1186 
 862 0.0194 0.0512 0.9294 
 863 0.0489 0.0821 0.8690 
 864 0.0360 0.0447 0.9193 
 865 0.0104 0.0484 0.9412 
 866 0.0167 0.0887 0.8946 
 867 0.0268 0.0749 0.8983 
 868 0.0185 0.0943 0.8872 
 869 0.0181 0.0760 0.9059 
 870 0.0122 0.1851 0.8026 
 871 0.0123 0.0738 0.9139 
 872 0.0174 0.0474 0.9353 
 873 0.0245 0.0513 0.9243 
 874 0.0126 0.0571 0.9303 
 875 0.0197 0.2148 0.7655 
 876 0.0152 0.1968 0.7880 
 877 0.0210 0.0415 0.9376 
 878 0.0259 0.1534 0.8207 
 879 0.0275 0.0520 0.9204 
 880 0.0151 0.1544 0.8305 
 881 0.0255 0.0679 0.9066 
 882 0.0226 0.0436 0.9338 
 883 0.0258 0.3457 0.6285 
 884 0.0098 0.0433 0.9469 
 885 0.0339 0.1611 0.8050 
 886 0.0316 0.0747 0.8937 
 887 0.0121 0.0496 0.9383 
 888 0.0505 0.2467 0.7028 
 889 0.0102 0.0482 0.9416 
 890 0.0104 0.0653 0.9243 
 891 0.0177 0.4194 0.5629 
 892 0.0206 0.5287 0.4506 
 893 0.0236 0.7260 0.2504 
 894 0.0116 0.0858 0.9026 
 895 0.0130 0.0583 0.9287 
 896 0.0290 0.7286 0.2424 
 897 0.0188 0.5604 0.4208 
 898 0.0364 0.2332 0.7304 
 899 0.0095 0.0940 0.8965 
 900 0.0150 0.3919 0.5931 
 901 0.0167 0.2699 0.7134 
 902 0.0200 0.7910 0.1890 
 903 0.0162 0.0842 0.8995 
 904 0.0335 0.2639 0.7026 
 905 0.0112 0.0518 0.9370 
 906 0.0203 0.3161 0.6636 
 907 0.0276 0.1475 0.8249 
 908 0.0218 0.1046 0.8736 
 909 0.0223 0.3214 0.6562 
 910 0.0210 0.6291 0.3499 
 911 0.0100 0.0543 0.9357 
 912 0.0121 0.0829 0.9050 
 913 0.0111 0.1000 0.8889 
 914 0.0935 0.2997 0.6068 
 915 0.0095 0.0795 0.9111 
 916 0.0158 0.2781 0.7060 
 917 0.0141 0.2832 0.7027 
 918 0.0634 0.2059 0.7307 
 919 0.0294 0.0830 0.8875 
 920 0.0242 0.1345 0.8413 
 921 0.1035 0.7771 0.1194 
 922 0.0183 0.8360 0.1457 
 923 0.0262 0.8907 0.0831 
 924 0.0170 0.8808 0.1022 
 925 0.0278 0.8482 0.1241 
 926 0.0261 0.9284 0.0455 
 927 0.0469 0.8835 0.0696 
 928 0.0715 0.8795 0.0490 
 929 0.0161 0.9285 0.0554 
 930 0.0280 0.8680 0.1039 
 931 0.1133 0.7190 0.1677 
 932 0.0145 0.9212 0.0643 
 933 0.2040 0.7350 0.0611 
 934 0.0117 0.9230 0.0654 
 935 0.0213 0.8881 0.0906 
 936 0.0147 0.9228 0.0626 
 937 0.0331 0.9056 0.0613 
 938 0.0574 0.9014 0.0412 
 939 0.0775 0.8597 0.0628 
 940 0.0403 0.8802 0.0795 
 941 0.0163 0.8481 0.1356 
 942 0.0932 0.8042 0.1026 
 943 0.1196 0.8247 0.0556 
 944 0.0418 0.9007 0.0575 
 945 0.0272 0.8861 0.0868 
 946 0.0217 0.9122 0.0662 
 947 0.0606 0.8929 0.0465 
 948 0.0122 0.8211 0.1667 
 949 0.0122 0.7570 0.2308 
 950 0.0292 0.9273 0.0435 
 951 0.0417 0.8873 0.0710 
 952 0.0180 0.9186 0.0634 
 953 0.0223 0.8198 0.1579 
 954 0.0219 0.8339 0.1442 
 955 0.7863 0.1622 0.0515 
 956 0.6416 0.3078 0.0506 
 957 0.1904 0.6706 0.1390 
 958 0.0350 0.6505 0.3145 
 959 0.0803 0.8042 0.1155 
 960 0.0620 0.2782 0.6598 
 961 0.9194 0.0457 0.0349 
 962 0.0201 0.9235 0.0564 
 963 0.0358 0.6522 0.3120 
 964 0.0796 0.2246 0.6959 
 965 0.1197 0.7738 0.1065 
 966 0.0756 0.7912 0.1331 
 967 0.8425 0.0996 0.0578 
 968 0.0282 0.8970 0.0748 
 969 0.2488 0.2116 0.5396 
 970 0.7056 0.2192 0.0751 
 971 0.0371 0.8835 0.0794 
 972 0.1219 0.6321 0.2460 
 973 0.1086 0.8265 0.0649 
 974 0.0503 0.5825 0.3672 
 975 0.2523 0.2052 0.5424 
 976 0.0375 0.8853 0.0772 
 977 0.2589 0.4532 0.2878 
 978 0.0747 0.8403 0.0850 
 979 0.0281 0.7654 0.2065 
 980 0.1211 0.7831 0.0958 
 981 0.0892 0.7390 0.1718 
 982 0.0245 0.2486 0.7269 
 983 0.0272 0.3627 0.6100 
 984 0.7240 0.1068 0.1692 
 985 0.0624 0.8019 0.1357 
 986 0.0463 0.4717 0.4819 
 987 0.0164 0.5986 0.3850 
 988 0.0119 0.0538 0.9343 
 989 0.3884 0.4529 0.1587 
 990 0.0545 0.2294 0.7160 
 991 0.0545 0.6591 0.2865 
 992 0.0131 0.8734 0.1135 
 993 0.0297 0.2574 0.7129 
 994 0.0663 0.8412 0.0925 
 995 0.8212 0.1376 0.0412 
 996 0.0238 0.1139 0.8623 
 997 0.0309 0.8732 0.0959 
 998 0.0242 0.5310 0.4448 
 999 0.0715 0.7360 0.1925 
1000 0.0185 0.5558 0.4257 
1001 0.0290 0.1333 0.8377 
1002 0.0118 0.1265 0.8617 
1003 0.0311 0.7993 0.1696 
1004 0.0303 0.7905 0.1792 
1005 0.0173 0.6518 0.3309 
1006 0.0434 0.8384 0.1182 
1007 0.0967 0.7995 0.1039 
1008 0.1154 0.8093 0.0753 
1009 0.0490 0.7772 0.1738 
1010 0.0575 0.7988 0.1438 
1011 0.1603 0.7211 0.1187 
1012 0.0216 0.8618 0.1167 
1013 0.0331 0.8235 0.1434 
1014 0.0199 0.5356 0.4445 
1015 0.0185 0.8680 0.1135 
1016 0.0193 0.4151 0.5656 
1017 0.0499 0.8420 0.1081 
1018 0.0526 0.8192 0.1282 
1019 0.0787 0.4142 0.5071 
1020 0.6738 0.2734 0.0527 
1021 0.1846 0.7492 0.0662 
1022 0.0600 0.7593 0.1807 
1023 0.0259 0.1463 0.8278 
1024 0.0187 0.2181 0.7631 
1025 0.0405 0.7150 0.2445 
1026 0.1723 0.1369 0.6908 
1027 0.0880 0.4513 0.4606 
1028 0.0888 0.0847 0.8265 
1029 0.1233 0.3579 0.5187 
1030 0.3864 0.4146 0.1991 
1031 0.2370 0.2538 0.5092 
1032 0.2655 0.3889 0.3456 
1033 0.3122 0.1451 0.5427 
1034 0.1095 0.4503 0.4403 
1035 0.7811 0.0996 0.1192 
1036 0.2752 0.4626 0.2622 
1037 0.3709 0.4554 0.1737 
1038 0.5315 0.1614 0.3070 
1039 0.2017 0.6069 0.1914 
1040 0.1354 0.1657 0.6989 
1041 0.2048 0.1482 0.6470 
1042 0.4678 0.2451 0.2872 
1043 0.2514 0.1405 0.6081 
1044 0.0938 0.3611 0.5452 
1045 0.1795 0.0843 0.7362 
1046 0.3061 0.4415 0.2525 
1047 0.7186 0.1663 0.1151 
1048 0.0442 0.1891 0.7666 
1049 0.0337 0.4486 0.5177 
1050 0.0100 0.0618 0.9282 
1051 0.0116 0.1303 0.8581 
1052 0.0175 0.1270 0.8555 
1053 0.0228 0.0880 0.8893 
1054 0.0209 0.1344 0.8448 
1055 0.0169 0.5009 0.4822 
1056 0.0187 0.2171 0.7642 
1057 0.0126 0.0951 0.8923 
1058 0.0133 0.1083 0.8784 
1059 0.0298 0.0868 0.8834 
1060 0.0554 0.3244 0.6201 
1061 0.0134 0.6999 0.2867 
1062 0.0154 0.0925 0.8921 
1063 0.0237 0.8879 0.0884 
1064 0.0183 0.1786 0.8031 
1065 0.0254 0.5794 0.3952 
1066 0.0344 0.6853 0.2802 
1067 0.0135 0.0986 0.8879 
1068 0.2411 0.2361 0.5229 
1069 0.0115 0.0746 0.9139 
1070 0.0150 0.2188 0.7662 
1071 0.0562 0.3138 0.6300 
1072 0.0274 0.4903 0.4823 
1073 0.0181 0.0982 0.8837 
1074 0.0488 0.1986 0.7526 
1075 0.0346 0.3917 0.5736 
1076 0.0377 0.1994 0.7630 
1077 0.0122 0.0499 0.9378 
1078 0.0207 0.5240 0.4552 
1079 0.0174 0.1266 0.8559 
1080 0.0784 0.6307 0.2909 
1081 0.0120 0.0542 0.9338 
1082 0.0403 0.5198 0.4399 
1083 0.0328 0.5299 0.4373 
1084 0.0461 0.6636 0.2902 
1085 0.0089 0.1192 0.8719 
1086 0.0134 0.7369 0.2497 
1087 0.0089 0.1172 0.8739 
1088 0.0104 0.2276 0.7620 
1089 0.0110 0.0735 0.9155 
1090 0.0142 0.1037 0.8820 
1091 0.0210 0.1552 0.8238 
1092 0.0141 0.0713 0.9146 
1093 0.0401 0.4394 0.5205 
1094 0.0391 0.1081 0.8528 
1095 0.0119 0.0515 0.9366 
1096 0.0427 0.1047 0.8526 
1097 0.0097 0.0777 0.9126 
1098 0.0113 0.8554 0.1332 
1099 0.0263 0.8812 0.0926 
1100 0.0124 0.1309 0.8567 
1101 0.0109 0.1560 0.8331 
1102 0.0146 0.1212 0.8642 
1103 0.0278 0.2249 0.7473 
1104 0.0153 0.3331 0.6516 
1105 0.0173 0.2659 0.7168 
1106 0.0585 0.2029 0.7386 
1107 0.0238 0.0604 0.9158 
1108 0.0170 0.0437 0.9393 
1109 0.0152 0.0996 0.8852 
1110 0.2011 0.7119 0.0870 
1111 0.1258 0.8171 0.0571 
1112 0.7975 0.0988 0.1038 
1113 0.1194 0.7301 0.1505 
1114 0.2290 0.2536 0.5174 
1115 0.1328 0.7798 0.0874 
1116 0.7625 0.1642 0.0733 
1117 0.0774 0.4342 0.4884 
1118 0.8282 0.1100 0.0618 
1119 0.1179 0.5259 0.3563 
1120 0.1655 0.7518 0.0826 
1121 0.5622 0.1579 0.2799 
1122 0.3012 0.3003 0.3985 
1123 0.1130 0.3927 0.4943 
1124 0.8331 0.1041 0.0628 
1125 0.3316 0.4921 0.1763 
1126 0.4281 0.2861 0.2858 
1127 0.3539 0.4837 0.1624 
1128 0.2880 0.6521 0.0599 
1129 0.1025 0.4803 0.4172 
1130 0.0777 0.7313 0.1909 
1131 0.0960 0.1320 0.7720 
1132 0.2989 0.5625 0.1386 
1133 0.7541 0.1268 0.1191 
1134 0.7099 0.2374 0.0527 
1135 0.0444 0.3329 0.6227 
1136 0.0569 0.1667 0.7763 
1137 0.3801 0.5271 0.0928 
1138 0.1615 0.6119 0.2266 
1139 0.7606 0.1836 0.0558 
1140 0.2875 0.2876 0.4250 
1141 0.2342 0.2030 0.5628 
1142 0.0834 0.1043 0.8123 
1143 0.2893 0.4536 0.2571 
1144 0.1661 0.7065 0.1274 
1145 0.1080 0.3905 0.5014 
1146 0.5378 0.0822 0.3800 
1147 0.0484 0.5012 0.4504 
1148 0.0336 0.0455 0.9208 
1149 0.3509 0.4576 0.1915 
1150 0.1338 0.6758 0.1904 
1151 0.8294 0.0627 0.1079 
1152 0.1492 0.2982 0.5526 
1153 0.0830 0.2900 0.6270 
1154 0.2883 0.3519 0.3599 
1155 0.2735 0.4532 0.2733 
1156 0.3080 0.5817 0.1103 
1157 0.4559 0.1342 0.4099 
1158 0.6071 0.2221 0.1708 
1159 0.0156 0.1804 0.8040 
1160 0.0144 0.4327 0.5529 
1161 0.0222 0.8053 0.1725 
1162 0.0455 0.7556 0.1989 
1163 0.2859 0.5146 0.1995 
1164 0.0666 0.6283 0.3050 
1165 0.0189 0.4015 0.5796 
1166 0.0713 0.8252 0.1035 
1167 0.0134 0.1825 0.8041 
1168 0.0241 0.3036 0.6723 
1169 0.0351 0.4657 0.4991 
1170 0.0193 0.0906 0.8901 
1171 0.0532 0.2386 0.7082 
1172 0.0204 0.1404 0.8392 
1173 0.0275 0.3477 0.6248 
1174 0.0146 0.3054 0.6800 
1175 0.0250 0.3675 0.6075 
1176 0.0666 0.4665 0.4669 
1177 0.0129 0.0433 0.9438 
1178 0.0251 0.3434 0.6315 
1179 0.0131 0.0595 0.9274 
1180 0.0131 0.1657 0.8212 
1181 0.0196 0.6697 0.3107 
1182 0.0175 0.7335 0.2490 
1183 0.1493 0.1271 0.7236 
1184 0.0123 0.0704 0.9173 
1185 0.0191 0.1820 0.7988 
1186 0.0873 0.2357 0.6770 
1187 0.0624 0.1016 0.8361 
1188 0.0193 0.0896 0.8911 
1189 0.0252 0.8057 0.1691 
1190 0.0121 0.1234 0.8645 
1191 0.1716 0.2044 0.6241 
1192 0.0127 0.8223 0.1650 
1193 0.0893 0.3614 0.5493 
1194 0.0130 0.0448 0.9422 
1195 0.0118 0.3897 0.5985 
1196 0.0124 0.7456 0.2420 
1197 0.0107 0.1089 0.8804 
1198 0.0133 0.4966 0.4901 
1199 0.0160 0.5178 0.4662 
1200 0.0106 0.1101 0.8793 
1201 0.0976 0.6810 0.2214 
1202 0.0990 0.3294 0.5716 
1203 0.0117 0.7243 0.2640 
1204 0.0219 0.6155 0.3626 
1205 0.0198 0.2278 0.7524 
1206 0.4322 0.3123 0.2555 
1207 0.0546 0.4074 0.5380 
1208 0.2231 0.7183 0.0586 
1209 0.0824 0.7984 0.1192 
1210 0.0466 0.7636 0.1898 
1211 0.2772 0.4520 0.2707 
1212 0.1647 0.2535 0.5818 
1213 0.1179 0.6592 0.2229 
1214 0.2637 0.2298 0.5065 
1215 0.0372 0.8085 0.1543 
1216 0.0407 0.7997 0.1596 
1217 0.1246 0.3425 0.5329 
1218 0.0318 0.1605 0.8077 
1219 0.1626 0.2848 0.5526 
1220 0.0326 0.1612 0.8063 
1221 0.0450 0.8010 0.1540 
1222 0.1649 0.5229 0.3122 
1223 0.0402 0.1716 0.7882 
1224 0.0165 0.9090 0.0745 
1225 0.0378 0.3316 0.6306 
1226 0.0533 0.2723 0.6744 
1227 0.0394 0.7934 0.1672 
1228 0.1430 0.6539 0.2031 
1229 0.0212 0.9099 0.0690 
1230 0.4230 0.4615 0.1154 
1231 0.0758 0.7953 0.1289 
1232 0.0151 0.9210 0.0638 
1233 0.0203 0.8731 0.1066 
1234 0.0335 0.8925 0.0740 
1235 0.0384 0.8899 0.0717 
1236 0.0338 0.9231 0.0431 
1237 0.0204 0.9319 0.0477 
1238 0.0862 0.8610 0.0529 
1239 0.0262 0.9060 0.0678 
1240 0.0391 0.9029 0.0579 
1241 0.0230 0.9274 0.0496 
1242 0.1804 0.7402 0.0794 
1243 0.0337 0.8621 0.1042 
1244 0.0527 0.9065 0.0408 
1245 0.2009 0.7327 0.0665 
1246 0.0588 0.8444 0.0968 
1247 0.1428 0.8171 0.0401 
1248 0.2372 0.6721 0.0906 
1249 0.0526 0.3619 0.5856 
1250 0.0252 0.8912 0.0835 
1251 0.0306 0.9050 0.0644 
1252 0.0153 0.9122 0.0725 
1253 0.0634 0.8603 0.0763 
1254 0.0144 0.9080 0.0776 
1255 0.0729 0.8824 0.0447 
1256 0.1830 0.7531 0.0639 
1257 0.0521 0.8607 0.0872 
1258 0.0136 0.9011 0.0853 
1259 0.0141 0.8684 0.1175 
1260 0.0272 0.9291 0.0437 
1261 0.1178 0.8235 0.0587 
1262 0.0285 0.9005 0.0710 
1263 0.0160 0.9017 0.0823 
1264 0.0372 0.8840 0.0789 
1265 0.0396 0.9153 0.0452 
1266 0.0558 0.7913 0.1530 
1267 0.1084 0.7899 0.1016 
1268 0.0126 0.0592 0.9283 
1269 0.0152 0.0425 0.9422 
1270 0.0779 0.2619 0.6602 
1271 0.0223 0.0949 0.8828 
1272 0.0266 0.2277 0.7457 
1273 0.0354 0.1450 0.8196 
1274 0.0544 0.1302 0.8154 
1275 0.0196 0.0900 0.8904 
1276 0.0204 0.0611 0.9184 
1277 0.0121 0.0502 0.9377 
1278 0.1430 0.2188 0.6382 
1279 0.0663 0.1004 0.8333 
1280 0.0578 0.3516 0.5906 
1281 0.0176 0.1190 0.8635 
1282 0.0090 0.0654 0.9256 
1283 0.0303 0.0993 0.8703 
1284 0.0782 0.3398 0.5820 
1285 0.0305 0.2353 0.7342 
1286 0.0420 0.1200 0.8381 
1287 0.1121 0.1262 0.7617 
1288 0.0408 0.1852 0.7740 
1289 0.0146 0.0819 0.9035 
1290 0.1177 0.1948 0.6875 
1291 0.0613 0.5138 0.4248 
1292 0.0350 0.1529 0.8120 
1293 0.0197 0.0659 0.9145 
1294 0.0296 0.2171 0.7532 
1295 0.0125 0.0594 0.9280 
1296 0.0209 0.0560 0.9231 
1297 0.0488 0.2299 0.7213 
1298 0.0155 0.0631 0.9214 
1299 0.0189 0.0842 0.8969 
1300 0.4348 0.2332 0.3320 
1301 0.0177 0.0874 0.8948 
1302 0.0467 0.0902 0.8631 
1303 0.0292 0.1049 0.8659 
1304 0.0319 0.0900 0.8781 
1305 0.1415 0.1319 0.7266 
1306 0.0186 0.0860 0.8954 
1307 0.0274 0.1173 0.8552 
1308 0.0684 0.4515 0.4802 
1309 0.0166 0.1053 0.8781 
1310 0.0183 0.1102 0.8716 
1311 0.0117 0.0736 0.9147 
1312 0.0386 0.2862 0.6752 
1313 0.0250 0.1398 0.8352 
1314 0.0180 0.1154 0.8665 
1315 0.2727 0.2148 0.5124 
1316 0.0121 0.6076 0.3803 
1317 0.0570 0.7928 0.1502 
1318 0.0351 0.5217 0.4433 
1319 0.5983 0.3498 0.0518 
1320 0.0486 0.5980 0.3534 
1321 0.0140 0.1708 0.8153 
1322 0.0183 0.6230 0.3587 
1323 0.0128 0.6435 0.3436 
1324 0.0512 0.2784 0.6704 
1325 0.0092 0.2952 0.6956 
1326 0.0112 0.1748 0.8141 
1327 0.0191 0.8868 0.0941 
1328 0.0175 0.5073 0.4752 
1329 0.0179 0.6546 0.3274 
1330 0.0143 0.7645 0.2213 
1331 0.0161 0.4172 0.5667 
1332 0.0457 0.7903 0.1640 
1333 0.0238 0.4086 0.5676 
1334 0.0133 0.1697 0.8170 
1335 0.0912 0.3480 0.5608 
1336 0.6957 0.2117 0.0925 
1337 0.5159 0.3302 0.1539 
1338 0.0370 0.2840 0.6790 
1339 0.0187 0.5275 0.4539 
1340 0.0343 0.5820 0.3837 
1341 0.0412 0.4593 0.4996 
1342 0.0255 0.8681 0.1064 
1343 0.0213 0.7723 0.2064 
1344 0.2298 0.6054 0.1648 
1345 0.0149 0.2926 0.6924 
1346 0.0188 0.4069 0.5742 
1347 0.0456 0.8666 0.0878 
1348 0.0441 0.4554 0.5006 
1349 0.5806 0.3404 0.0790 
1350 0.0381 0.8946 0.0673 
1351 0.0170 0.5513 0.4317 
1352 0.0301 0.2050 0.7649 
1353 0.0139 0.6638 0.3223 
1354 0.0170 0.8097 0.1733 
1355 0.0091 0.3313 0.6596 
1356 0.0253 0.6633 0.3114 
1357 0.0230 0.8668 0.1101 
1358 0.0167 0.8816 0.1017 
1359 0.0393 0.6598 0.3008 
1360 0.2616 0.3228 0.4156 
1361 0.1377 0.4968 0.3655 
1362 0.0453 0.7372 0.2174 
1363 0.1546 0.5669 0.2785 
1364 0.1039 0.6432 0.2529 
1365 0.0414 0.3087 0.6499 
1366 0.0433 0.7600 0.1967 
1367 0.0609 0.8747 0.0644 
1368 0.1299 0.7997 0.0704 
1369 0.0314 0.3831 0.5854 
1370 0.0213 0.9282 0.0505 
1371 0.0331 0.2068 0.7601 
1372 0.1404 0.8074 0.0522 
1373 0.4742 0.3752 0.1505 
1374 0.0246 0.8762 0.0993 
1375 0.3110 0.4460 0.2430 
1376 0.0515 0.8648 0.0837 
1377 0.0397 0.7736 0.1867 
1378 0.2706 0.4751 0.2543 
1379 0.6303 0.3231 0.0466 
1380 0.0298 0.4788 0.4915 
1381 0.0311 0.4806 0.4883 
1382 0.1147 0.8110 0.0743 
1383 0.0168 0.0896 0.8936 
1384 0.0327 0.2065 0.7608 
1385 0.1419 0.8072 0.0509 
1386 0.0251 0.7876 0.1873 
1387 0.2085 0.6484 0.1431 
1388 0.0468 0.5008 0.4524 
1389 0.0272 0.8359 0.1368 
1390 0.0253 0.8841 0.0907 
1391 0.0243 0.8875 0.0882 
1392 0.0542 0.5960 0.3498 
1393 0.1728 0.6761 0.1510 
1394 0.0363 0.8813 0.0824 
1395 0.0270 0.1998 0.7733 
1396 0.0187 0.1297 0.8516 
1397 0.1809 0.6422 0.1770 
1398 0.0665 0.7931 0.1404 
1399 0.0257 0.8265 0.1478 
1400 0.0335 0.3840 0.5824 
1401 0.0156 0.0685 0.9159 
1402 0.1010 0.8251 0.0738 
1403 0.1012 0.7819 0.1170 
1404 0.0620 0.8425 0.0956 
1405 0.0273 0.0701 0.9027 
1406 0.0626 0.7840 0.1535 
1407 0.0272 0.1427 0.8301 
1408 0.0358 0.3473 0.6169 
1409 0.0694 0.7205 0.2100 
1410 0.0347 0.2881 0.6772 
1411 0.0217 0.7318 0.2465 
1412 0.0350 0.2494 0.7157 
1413 0.0824 0.8430 0.0746 
1414 0.0435 0.6377 0.3188 
1415 0.1004 0.3524 0.5473 
1416 0.2047 0.6875 0.1078 
1417 0.0346 0.2823 0.6830 
1418 0.0955 0.7822 0.1223 
1419 0.0525 0.8611 0.0864 
1420 0.0800 0.4214 0.4986 
1421 0.0856 0.8649 0.0495 
1422 0.0454 0.9015 0.0531 
1423 0.0325 0.5269 0.4407 
1424 0.0187 0.6443 0.3370 
1425 0.0903 0.7094 0.2004 
1426 0.0633 0.6197 0.3170 
1427 0.0174 0.4491 0.5335 
1428 0.0432 0.8647 0.0922 
1429 0.1306 0.7992 0.0701 
1430 0.1962 0.5860 0.2178 
1431 0.0202 0.9074 0.0725 
1432 0.0511 0.7336 0.2153 
1433 0.2443 0.7052 0.0505 
1434 0.0743 0.8691 0.0565 
1435 0.3407 0.5757 0.0836 
1436 0.1287 0.7491 0.1221 
1437 0.0684 0.6829 0.2487 
1438 0.0131 0.2665 0.7204 
1439 0.1753 0.6959 0.1288 
1440 0.0955 0.8385 0.0660 
1441 0.5897 0.3619 0.0484 
1442 0.0340 0.9045 0.0615 
1443 0.1163 0.8129 0.0708 
1444 0.0605 0.5475 0.3920 
1445 0.0518 0.8872 0.0610 
1446 0.0746 0.8610 0.0645 
1447 0.1433 0.5724 0.2843 
1448 0.0286 0.8962 0.0752 
1449 0.0177 0.7641 0.2182 
1450 0.0847 0.5738 0.3415 
1451 0.3200 0.6273 0.0527 
1452 0.0352 0.6863 0.2785 
1453 0.1712 0.6638 0.1650 
1454 0.0294 0.3543 0.6163 
1455 0.0285 0.4739 0.4976 
1456 0.0809 0.4233 0.4958 
1457 0.0246 0.4932 0.4822 
1458 0.0337 0.6980 0.2683 
1459 0.0849 0.8660 0.0491 
1460 0.0508 0.2130 0.7362 
1461 0.0153 0.0818 0.9029 
1462 0.0233 0.8220 0.1547 
1463 0.7421 0.1563 0.1016 
1464 0.0177 0.0485 0.9338 
1465 0.0185 0.0587 0.9228 
1466 0.0221 0.6089 0.3690 
1467 0.0262 0.0833 0.8904 
1468 0.0220 0.0983 0.8797 
1469 0.0380 0.4218 0.5402 
1470 0.0983 0.7842 0.1174 
1471 0.0648 0.2270 0.7081 
1472 0.0182 0.2729 0.7089 
1473 0.0962 0.2260 0.6778 
1474 0.0210 0.7697 0.2093 
1475 0.0363 0.1717 0.7920 
1476 0.0124 0.0435 0.9441 
1477 0.4953 0.4326 0.0721 
1478 0.2602 0.4520 0.2878 
1479 0.0327 0.1804 0.7868 
1480 0.0191 0.6669 0.3140 
1481 0.0173 0.0773 0.9054 
