   1 0.3285 0.2786 0.3929 
   2 0.0419 0.0400 0.9181 
   3 0.6607 0.1543 0.1850 
   4 0.0345 0.7514 0.2141 
   5 0.0494 0.0340 0.9166 
   6 0.8543 0.0309 0.1148 
   7 0.1323 0.0303 0.8374 
   8 0.3049 0.2999 0.3952 
   9 0.5186 0.1020 0.3794 
  10 0.4362 0.1050 0.4587 
  11 0.2392 0.0329 0.7279 
  12 0.0589 0.0595 0.8816 
  13 0.1017 0.0544 0.8439 
  14 0.0780 0.1293 0.7927 
  15 0.0723 0.1703 0.7574 
  16 0.6591 0.0523 0.2886 
  17 0.2548 0.0603 0.6849 
  18 0.6085 0.1419 0.2496 
  19 0.5882 0.0448 0.3670 
  20 0.1023 0.0502 0.8475 
  21 0.1722 0.3351 0.4927 
  22 0.8267 0.0551 0.1182 
  23 0.0583 0.2980 0.6437 
  24 0.4952 0.1941 0.3107 
  25 0.1008 0.0250 0.8742 
  26 0.3131 0.1331 0.5538 
  27 0.2750 0.0903 0.6346 
  28 0.1628 0.2632 0.5739 
  29 0.0788 0.0454 0.8757 
  30 0.8364 0.0469 0.1167 
  31 0.1282 0.1085 0.7634 
  32 0.1742 0.1638 0.6620 
  33 0.6285 0.1553 0.2162 
  34 0.5421 0.0430 0.4150 
  35 0.5697 0.0649 0.3654 
  36 0.7287 0.1160 0.1553 
  37 0.1158 0.2637 0.6205 
  38 0.8594 0.0261 0.1144 
  39 0.7121 0.0443 0.2437 
  40 0.1339 0.5959 0.2702 
  41 0.6922 0.0916 0.2163 
  42 0.2163 0.6755 0.1082 
  43 0.0655 0.1929 0.7416 
  44 0.4618 0.1000 0.4382 
  45 0.6970 0.0439 0.2591 
  46 0.6885 0.0356 0.2758 
  47 0.6580 0.0718 0.2702 
  48 0.4662 0.1351 0.3987 
  49 0.5748 0.0826 0.3426 
  50 0.6972 0.0887 0.2141 
  51 0.4823 0.2602 0.2575 
  52 0.7485 0.0499 0.2017 
  53 0.8489 0.0537 0.0974 
  54 0.0945 0.0990 0.8065 
  55 0.0575 0.0868 0.8557 
  56 0.6241 0.1225 0.2534 
  57 0.3064 0.1417 0.5519 
  58 0.2002 0.0988 0.7011 
  59 0.7124 0.0615 0.2261 
  60 0.1503 0.4670 0.3828 
  61 0.0354 0.2399 0.7247 
  62 0.5637 0.0548 0.3815 
  63 0.1824 0.1596 0.6580 
  64 0.8168 0.0310 0.1522 
  65 0.1382 0.0211 0.8407 
  66 0.0432 0.1944 0.7624 
  67 0.0598 0.0625 0.8777 
  68 0.6837 0.0858 0.2305 
  69 0.4488 0.1520 0.3992 
  70 0.2108 0.1442 0.6449 
  71 0.6687 0.0363 0.2951 
  72 0.7876 0.0454 0.1670 
  73 0.0903 0.0419 0.8678 
  74 0.6522 0.2251 0.1228 
  75 0.1993 0.6628 0.1379 
  76 0.1073 0.0583 0.8343 
  77 0.7149 0.0544 0.2307 
  78 0.8036 0.0536 0.1428 
  79 0.1084 0.0312 0.8604 
  80 0.0840 0.6324 0.2837 
  81 0.1170 0.3840 0.4989 
  82 0.0437 0.0959 0.8603 
  83 0.1357 0.2538 0.6104 
  84 0.1020 0.1582 0.7398 
  85 0.1349 0.3411 0.5240 
  86 0.1278 0.0437 0.8285 
  87 0.0842 0.0397 0.8761 
  88 0.0480 0.2173 0.7347 
  89 0.0520 0.3986 0.5494 
  90 0.0529 0.0354 0.9117 
  91 0.0765 0.6940 0.2295 
  92 0.0705 0.0671 0.8624 
  93 0.0296 0.8977 0.0727 
  94 0.5657 0.0376 0.3967 
  95 0.0413 0.0809 0.8778 
  96 0.0376 0.4231 0.5394 
  97 0.3611 0.4631 0.1757 
  98 0.1941 0.1450 0.6609 
  99 0.0773 0.1208 0.8019 
 100 0.0270 0.8379 0.1351 
 101 0.0488 0.0679 0.8833 
 102 0.0909 0.3652 0.5440 
 103 0.0340 0.1271 0.8388 
 104 0.0490 0.0379 0.9130 
 105 0.0312 0.0701 0.8987 
 106 0.3842 0.0173 0.5985 
 107 0.0451 0.0695 0.8854 
 108 0.1001 0.0450 0.8549 
 109 0.2098 0.0174 0.7727 
 110 0.4559 0.0216 0.5226 
 111 0.0533 0.0213 0.9254 
 112 0.2631 0.0201 0.7168 
 113 0.1351 0.0824 0.7825 
 114 0.0478 0.0462 0.9060 
 115 0.0485 0.0394 0.9121 
 116 0.2717 0.0213 0.7070 
 117 0.2924 0.0313 0.6762 
 118 0.0377 0.0275 0.9347 
 119 0.0649 0.3942 0.5409 
 120 0.0620 0.0324 0.9055 
 121 0.0708 0.0349 0.8943 
 122 0.3011 0.0234 0.6755 
 123 0.1240 0.0338 0.8422 
 124 0.5928 0.0330 0.3742 
 125 0.6972 0.0382 0.2646 
 126 0.2556 0.0482 0.6962 
 127 0.0459 0.0241 0.9300 
 128 0.0377 0.0297 0.9326 
 129 0.0295 0.0233 0.9473 
 130 0.0533 0.0454 0.9013 
 131 0.6281 0.0307 0.3412 
 132 0.1756 0.0216 0.8027 
 133 0.0551 0.0359 0.9090 
 134 0.4871 0.0140 0.4990 
 135 0.0388 0.7770 0.1842 
 136 0.0336 0.8789 0.0875 
 137 0.0325 0.8497 0.1179 
 138 0.0319 0.9151 0.0530 
 139 0.0621 0.6263 0.3116 
 140 0.1080 0.6495 0.2425 
 141 0.0566 0.8601 0.0833 
 142 0.0344 0.8397 0.1259 
 143 0.0214 0.9298 0.0488 
 144 0.0283 0.8635 0.1082 
 145 0.0832 0.7337 0.1832 
 146 0.0914 0.5835 0.3252 
 147 0.0245 0.9250 0.0505 
 148 0.0442 0.7828 0.1731 
 149 0.0350 0.8989 0.0661 
 150 0.0433 0.6484 0.3083 
 151 0.0287 0.8861 0.0852 
 152 0.0513 0.7142 0.2345 
 153 0.0474 0.8742 0.0784 
 154 0.0300 0.8731 0.0969 
 155 0.0243 0.9108 0.0649 
 156 0.0247 0.8760 0.0994 
 157 0.0537 0.7728 0.1735 
 158 0.0868 0.7590 0.1541 
 159 0.0226 0.9228 0.0546 
 160 0.0234 0.9152 0.0614 
 161 0.0628 0.8025 0.1348 
 162 0.1029 0.4786 0.4185 
 163 0.0231 0.9183 0.0586 
 164 0.0558 0.4392 0.5050 
 165 0.0371 0.7266 0.2363 
 166 0.0689 0.6570 0.2742 
 167 0.0455 0.7545 0.2000 
 168 0.0534 0.8610 0.0856 
 169 0.4621 0.4297 0.1082 
 170 0.0296 0.8661 0.1043 
 171 0.0548 0.6575 0.2877 
 172 0.1396 0.7983 0.0622 
 173 0.0228 0.9104 0.0668 
 174 0.0302 0.8889 0.0809 
 175 0.0301 0.9078 0.0621 
 176 0.0282 0.8653 0.1066 
 177 0.1238 0.5969 0.2793 
 178 0.0435 0.8441 0.1124 
 179 0.0224 0.9269 0.0507 
 180 0.0786 0.7477 0.1736 
 181 0.0460 0.8219 0.1321 
 182 0.0216 0.8640 0.1144 
 183 0.0249 0.9148 0.0603 
 184 0.0978 0.0527 0.8495 
 185 0.0181 0.9317 0.0502 
 186 0.0828 0.0418 0.8754 
 187 0.0651 0.4081 0.5268 
 188 0.0592 0.0308 0.9100 
 189 0.2348 0.3588 0.4064 
 190 0.0215 0.7757 0.2028 
 191 0.0385 0.0937 0.8677 
 192 0.0591 0.2737 0.6672 
 193 0.0697 0.2341 0.6963 
 194 0.0496 0.2613 0.6891 
 195 0.0231 0.8663 0.1106 
 196 0.0383 0.4414 0.5203 
 197 0.2220 0.1138 0.6643 
 198 0.1001 0.1281 0.7718 
 199 0.0347 0.4067 0.5586 
 200 0.0642 0.2453 0.6906 
 201 0.0296 0.8563 0.1141 
 202 0.0208 0.8128 0.1664 
 203 0.0249 0.8371 0.1380 
 204 0.0270 0.5676 0.4053 
 205 0.0492 0.1456 0.8052 
 206 0.0317 0.4693 0.4991 
 207 0.0274 0.1095 0.8631 
 208 0.0389 0.5303 0.4308 
 209 0.0479 0.1477 0.8043 
 210 0.0366 0.4612 0.5022 
 211 0.0255 0.1693 0.8052 
 212 0.0404 0.8366 0.1230 
 213 0.0697 0.1552 0.7751 
 214 0.0275 0.8552 0.1174 
 215 0.0352 0.0618 0.9030 
 216 0.1060 0.0755 0.8185 
 217 0.0385 0.8219 0.1396 
 218 0.0498 0.2087 0.7415 
 219 0.1891 0.2872 0.5237 
 220 0.0301 0.1229 0.8470 
 221 0.0191 0.9232 0.0577 
 222 0.2031 0.1312 0.6657 
 223 0.0815 0.5640 0.3545 
 224 0.0294 0.7139 0.2567 
 225 0.0427 0.3365 0.6208 
 226 0.1600 0.1856 0.6544 
 227 0.0283 0.5168 0.4549 
 228 0.0213 0.8617 0.1170 
 229 0.0385 0.7019 0.2596 
 230 0.0323 0.5745 0.3932 
 231 0.0554 0.6004 0.3442 
 232 0.0853 0.4318 0.4830 
 233 0.0264 0.8751 0.0985 
 234 0.0832 0.2021 0.7147 
 235 0.0874 0.4792 0.4333 
 236 0.0553 0.5957 0.3490 
 237 0.0306 0.1927 0.7767 
 238 0.0366 0.7948 0.1686 
 239 0.0228 0.8668 0.1104 
 240 0.0364 0.7939 0.1697 
 241 0.0282 0.8447 0.1271 
 242 0.0991 0.3473 0.5536 
 243 0.0273 0.5843 0.3885 
 244 0.0275 0.7873 0.1852 
 245 0.0241 0.8967 0.0793 
 246 0.0390 0.8196 0.1413 
 247 0.1168 0.0382 0.8450 
 248 0.0324 0.0451 0.9225 
 249 0.0346 0.7073 0.2581 
 250 0.0520 0.3706 0.5774 
 251 0.0901 0.0946 0.8153 
 252 0.0573 0.4950 0.4478 
 253 0.0576 0.0886 0.8538 
 254 0.1284 0.1756 0.6959 
 255 0.0779 0.2434 0.6788 
 256 0.0372 0.6899 0.2729 
 257 0.0376 0.1989 0.7635 
 258 0.0471 0.1019 0.8510 
 259 0.0368 0.1487 0.8144 
 260 0.1406 0.3434 0.5160 
 261 0.0524 0.7140 0.2335 
 262 0.0256 0.8707 0.1038 
 263 0.0470 0.1487 0.8043 
 264 0.6791 0.0319 0.2890 
 265 0.0908 0.2703 0.6390 
 266 0.0196 0.9148 0.0656 
 267 0.0471 0.2935 0.6593 
 268 0.0385 0.4385 0.5230 
 269 0.1894 0.2840 0.5267 
 270 0.0833 0.0877 0.8290 
 271 0.0392 0.0874 0.8734 
 272 0.0978 0.1161 0.7861 
 273 0.1070 0.5635 0.3295 
 274 0.0762 0.1354 0.7884 
 275 0.1034 0.2955 0.6011 
 276 0.0828 0.0991 0.8180 
 277 0.0869 0.4582 0.4549 
 278 0.0391 0.1064 0.8545 
 279 0.0596 0.3083 0.6321 
 280 0.2130 0.2865 0.5004 
 281 0.0519 0.1423 0.8058 
 282 0.0685 0.6898 0.2417 
 283 0.0350 0.8242 0.1409 
 284 0.0542 0.2978 0.6480 
 285 0.0631 0.0298 0.9071 
 286 0.0278 0.7969 0.1753 
 287 0.1180 0.2397 0.6423 
 288 0.1005 0.1198 0.7796 
 289 0.0979 0.1625 0.7396 
 290 0.3840 0.1984 0.4176 
 291 0.0400 0.0859 0.8741 
 292 0.1568 0.4889 0.3543 
 293 0.5881 0.0834 0.3284 
 294 0.0565 0.1290 0.8146 
 295 0.0888 0.2033 0.7079 
 296 0.0363 0.1263 0.8374 
 297 0.2432 0.1350 0.6218 
 298 0.0742 0.5032 0.4226 
 299 0.0755 0.1269 0.7976 
 300 0.0572 0.1296 0.8133 
 301 0.1293 0.0847 0.7860 
 302 0.0498 0.1427 0.8075 
 303 0.0555 0.7420 0.2025 
 304 0.1960 0.4215 0.3825 
 305 0.0286 0.7787 0.1926 
 306 0.0514 0.7819 0.1667 
 307 0.0494 0.2555 0.6950 
 308 0.0510 0.7096 0.2394 
 309 0.0493 0.1516 0.7991 
 310 0.0297 0.7467 0.2236 
 311 0.0322 0.5632 0.4046 
 312 0.0269 0.1272 0.8459 
 313 0.0267 0.0710 0.9024 
 314 0.0218 0.9346 0.0437 
 315 0.0273 0.9179 0.0548 
 316 0.0318 0.9117 0.0565 
 317 0.0227 0.9330 0.0443 
 318 0.0239 0.9338 0.0423 
 319 0.0219 0.9261 0.0520 
 320 0.0215 0.9354 0.0432 
 321 0.0254 0.9291 0.0454 
 322 0.0312 0.9114 0.0574 
 323 0.0237 0.9295 0.0468 
 324 0.0265 0.9278 0.0457 
 325 0.0336 0.9128 0.0536 
 326 0.0312 0.9203 0.0484 
 327 0.0235 0.9331 0.0434 
 328 0.0311 0.9066 0.0623 
 329 0.0229 0.9330 0.0441 
 330 0.0232 0.9334 0.0434 
 331 0.0223 0.9314 0.0464 
 332 0.0401 0.9048 0.0552 
 333 0.0288 0.9193 0.0519 
 334 0.0318 0.9040 0.0643 
 335 0.0281 0.9160 0.0559 
 336 0.0254 0.9310 0.0436 
 337 0.0353 0.9062 0.0585 
 338 0.0262 0.9309 0.0429 
 339 0.0213 0.9334 0.0452 
 340 0.0204 0.9358 0.0437 
 341 0.0224 0.9321 0.0455 
 342 0.0228 0.9342 0.0430 
 343 0.0329 0.9059 0.0612 
 344 0.0220 0.9344 0.0436 
 345 0.0231 0.9338 0.0432 
 346 0.0228 0.9358 0.0414 
 347 0.0205 0.9374 0.0421 
 348 0.0268 0.9173 0.0559 
 349 0.0229 0.9336 0.0434 
 350 0.0213 0.9291 0.0496 
 351 0.0281 0.9157 0.0562 
 352 0.0317 0.9117 0.0566 
 353 0.0253 0.9307 0.0441 
 354 0.0231 0.9303 0.0465 
 355 0.0242 0.9327 0.0432 
 356 0.0270 0.9113 0.0617 
 357 0.1965 0.5274 0.2761 
 358 0.0314 0.9126 0.0561 
 359 0.0222 0.9306 0.0473 
 360 0.0217 0.9369 0.0414 
 361 0.1990 0.4331 0.3679 
 362 0.3051 0.0625 0.6323 
 363 0.6529 0.0347 0.3123 
 364 0.2245 0.3315 0.4439 
 365 0.7463 0.0325 0.2212 
 366 0.5332 0.1462 0.3206 
 367 0.5901 0.0173 0.3927 
 368 0.0632 0.0308 0.9060 
 369 0.2200 0.4166 0.3634 
 370 0.0610 0.0476 0.8914 
 371 0.2862 0.0940 0.6198 
 372 0.0814 0.1158 0.8028 
 373 0.1694 0.0537 0.7769 
 374 0.2968 0.2951 0.4082 
 375 0.5626 0.0254 0.4119 
 376 0.9148 0.0184 0.0669 
 377 0.4437 0.0507 0.5056 
 378 0.0940 0.1022 0.8038 
 379 0.9221 0.0173 0.0606 
 380 0.7794 0.1230 0.0976 
 381 0.8557 0.0708 0.0735 
 382 0.4978 0.0280 0.4742 
 383 0.8257 0.0932 0.0810 
 384 0.7384 0.0616 0.1999 
 385 0.1182 0.0841 0.7977 
 386 0.5545 0.0290 0.4165 
 387 0.5863 0.0295 0.3842 
 388 0.1858 0.1876 0.6266 
 389 0.0490 0.0453 0.9056 
 390 0.6742 0.0329 0.2929 
 391 0.1166 0.0611 0.8223 
 392 0.8184 0.0511 0.1305 
 393 0.8792 0.0605 0.0603 
 394 0.1589 0.1729 0.6681 
 395 0.6388 0.0566 0.3046 
 396 0.4919 0.0188 0.4893 
 397 0.2478 0.1446 0.6076 
 398 0.8826 0.0187 0.0988 
 399 0.1595 0.0253 0.8152 
 400 0.7009 0.0343 0.2648 
 401 0.3547 0.0429 0.6024 
 402 0.1134 0.0692 0.8174 
 403 0.1644 0.3567 0.4789 
 404 0.6374 0.0693 0.2933 
 405 0.3820 0.0767 0.5413 
 406 0.6490 0.2039 0.1471 
 407 0.8959 0.0190 0.0850 
 408 0.0540 0.0204 0.9256 
 409 0.3925 0.4873 0.1202 
 410 0.7465 0.0552 0.1983 
 411 0.6687 0.2053 0.1260 
 412 0.0924 0.0288 0.8788 
 413 0.0885 0.0862 0.8253 
 414 0.0845 0.0208 0.8947 
 415 0.8529 0.0305 0.1166 
 416 0.6339 0.0481 0.3180 
 417 0.8480 0.0265 0.1255 
 418 0.4676 0.0204 0.5120 
 419 0.4230 0.1557 0.4213 
 420 0.4192 0.0315 0.5493 
 421 0.6980 0.0310 0.2710 
 422 0.6658 0.0535 0.2807 
 423 0.7674 0.0392 0.1934 
 424 0.1746 0.0519 0.7735 
 425 0.5015 0.0603 0.4381 
 426 0.1343 0.0482 0.8175 
 427 0.8174 0.0739 0.1087 
 428 0.5423 0.1987 0.2590 
 429 0.8780 0.0168 0.1052 
 430 0.8759 0.0244 0.0998 
 431 0.1299 0.0397 0.8304 
 432 0.0738 0.0365 0.8898 
 433 0.0483 0.2039 0.7478 
 434 0.2841 0.1177 0.5982 
 435 0.8740 0.0192 0.1068 
 436 0.9009 0.0301 0.0690 
 437 0.8737 0.0207 0.1056 
 438 0.7591 0.0621 0.1789 
 439 0.9108 0.0252 0.0640 
 440 0.8922 0.0157 0.0921 
 441 0.6683 0.0776 0.2541 
 442 0.8193 0.0218 0.1589 
 443 0.5879 0.0233 0.3888 
 444 0.8417 0.0221 0.1362 
 445 0.7599 0.1230 0.1171 
 446 0.8778 0.0215 0.1006 
 447 0.6904 0.0507 0.2589 
 448 0.7126 0.0243 0.2631 
 449 0.6684 0.0434 0.2882 
 450 0.8268 0.0343 0.1389 
 451 0.0817 0.0169 0.9014 
 452 0.8554 0.0289 0.1157 
 453 0.1081 0.0840 0.8079 
 454 0.6589 0.0542 0.2870 
 455 0.8650 0.0243 0.1107 
 456 0.8338 0.0234 0.1428 
 457 0.8909 0.0230 0.0861 
 458 0.9025 0.0251 0.0724 
 459 0.6940 0.0672 0.2388 
 460 0.8406 0.0203 0.1391 
 461 0.7781 0.0198 0.2021 
 462 0.8556 0.0167 0.1277 
 463 0.5655 0.0886 0.3459 
 464 0.7260 0.0209 0.2531 
 465 0.4510 0.0321 0.5169 
 466 0.5117 0.0280 0.4604 
 467 0.7503 0.0566 0.1931 
 468 0.9017 0.0208 0.0774 
 469 0.9204 0.0218 0.0578 
 470 0.8945 0.0189 0.0866 
 471 0.4273 0.0449 0.5278 
 472 0.5257 0.0347 0.4396 
 473 0.4879 0.0518 0.4604 
 474 0.8266 0.0342 0.1392 
 475 0.5460 0.0479 0.4061 
 476 0.9006 0.0259 0.0735 
 477 0.1414 0.0441 0.8145 
 478 0.1450 0.0209 0.8341 
 479 0.8401 0.0183 0.1416 
 480 0.9135 0.0206 0.0658 
 481 0.4593 0.0260 0.5146 
 482 0.9061 0.0181 0.0758 
 483 0.8833 0.0264 0.0904 
 484 0.8206 0.0356 0.1438 
 485 0.8946 0.0213 0.0842 
 486 0.0517 0.0384 0.9099 
 487 0.0667 0.0950 0.8383 
 488 0.0409 0.0446 0.9144 
 489 0.0829 0.1993 0.7178 
 490 0.0760 0.0221 0.9019 
 491 0.0484 0.1139 0.8378 
 492 0.0519 0.1850 0.7632 
 493 0.0428 0.0429 0.9142 
 494 0.1125 0.0839 0.8036 
 495 0.0758 0.0694 0.8548 
 496 0.0642 0.4197 0.5162 
 497 0.0450 0.0807 0.8743 
 498 0.0632 0.0449 0.8918 
 499 0.0559 0.2612 0.6830 
 500 0.1820 0.0518 0.7661 
 501 0.2060 0.1327 0.6613 
 502 0.0882 0.1305 0.7814 
 503 0.4824 0.0334 0.4841 
 504 0.0426 0.0306 0.9268 
 505 0.0499 0.1000 0.8501 
 506 0.0721 0.1223 0.8056 
 507 0.0265 0.8643 0.1092 
 508 0.0279 0.7227 0.2494 
 509 0.0434 0.2250 0.7315 
 510 0.2169 0.2609 0.5223 
 511 0.5559 0.0400 0.4041 
 512 0.6457 0.0226 0.3317 
 513 0.0229 0.0478 0.9293 
 514 0.0555 0.0395 0.9051 
 515 0.6337 0.1459 0.2204 
 516 0.0380 0.0398 0.9222 
 517 0.2299 0.1412 0.6289 
 518 0.1503 0.2680 0.5817 
 519 0.0665 0.0397 0.8938 
 520 0.2086 0.5360 0.2554 
 521 0.0676 0.4448 0.4876 
 522 0.6581 0.0683 0.2736 
 523 0.0617 0.2671 0.6712 
 524 0.4643 0.0806 0.4551 
 525 0.2951 0.3066 0.3983 
 526 0.7160 0.1321 0.1519 
 527 0.1673 0.0363 0.7964 
 528 0.0393 0.7964 0.1643 
 529 0.0745 0.0997 0.8258 
 530 0.5598 0.0779 0.3623 
 531 0.2365 0.4707 0.2928 
 532 0.1371 0.2532 0.6097 
 533 0.3755 0.0707 0.5538 
 534 0.0325 0.1007 0.8668 
 535 0.2991 0.0778 0.6231 
 536 0.5036 0.2716 0.2249 
 537 0.0652 0.6764 0.2584 
 538 0.1079 0.4119 0.4802 
 539 0.0282 0.8910 0.0807 
 540 0.1415 0.4501 0.4084 
 541 0.0888 0.6635 0.2477 
 542 0.6532 0.1274 0.2193 
 543 0.0475 0.2458 0.7068 
 544 0.2386 0.2165 0.5449 
 545 0.6216 0.0577 0.3208 
 546 0.1352 0.3708 0.4940 
 547 0.0898 0.4328 0.4774 
 548 0.0521 0.3714 0.5765 
 549 0.2051 0.7126 0.0823 
 550 0.5825 0.1018 0.3157 
 551 0.0725 0.7797 0.1478 
 552 0.1042 0.5396 0.3562 
 553 0.0394 0.4551 0.5055 
 554 0.2707 0.1772 0.5521 
 555 0.0600 0.5819 0.3581 
 556 0.0880 0.3383 0.5737 
 557 0.6467 0.1261 0.2271 
 558 0.9120 0.0177 0.0703 
 559 0.0574 0.0343 0.9084 
 560 0.7571 0.0165 0.2264 
 561 0.4248 0.0220 0.5532 
 562 0.2154 0.0174 0.7672 
 563 0.1492 0.1017 0.7490 
 564 0.0677 0.0474 0.8849 
 565 0.8995 0.0226 0.0779 
 566 0.2733 0.0169 0.7098 
 567 0.0431 0.0281 0.9289 
 568 0.2266 0.0414 0.7320 
 569 0.2836 0.0580 0.6584 
 570 0.8813 0.0168 0.1019 
 571 0.0831 0.0245 0.8924 
 572 0.1250 0.3655 0.5096 
 573 0.0876 0.0436 0.8689 
 574 0.4661 0.0947 0.4392 
 575 0.2283 0.0618 0.7098 
 576 0.1759 0.0157 0.8084 
 577 0.4403 0.0792 0.4805 
 578 0.2536 0.0308 0.7155 
 579 0.3765 0.0299 0.5936 
 580 0.6274 0.0495 0.3231 
 581 0.6057 0.0358 0.3584 
 582 0.8594 0.0189 0.1217 
 583 0.2115 0.0259 0.7626 
 584 0.1368 0.0192 0.8440 
 585 0.4382 0.0245 0.5373 
 586 0.0768 0.0311 0.8921 
 587 0.6956 0.0203 0.2841 
 588 0.0252 0.0386 0.9362 
 589 0.6947 0.0214 0.2839 
 590 0.0577 0.0220 0.9203 
 591 0.0718 0.0277 0.9005 
 592 0.2780 0.0268 0.6952 
 593 0.2575 0.0508 0.6917 
 594 0.0562 0.0462 0.8976 
 595 0.4169 0.0178 0.5652 
 596 0.0951 0.0485 0.8564 
 597 0.0571 0.1099 0.8330 
 598 0.9050 0.0174 0.0775 
 599 0.3554 0.0187 0.6259 
 600 0.5557 0.0654 0.3789 
 601 0.6201 0.0186 0.3613 
 602 0.0536 0.0930 0.8535 
 603 0.0543 0.0806 0.8651 
 604 0.6756 0.0744 0.2499 
 605 0.2314 0.0377 0.7309 
 606 0.1952 0.1539 0.6509 
 607 0.1700 0.1915 0.6385 
 608 0.2403 0.4489 0.3108 
 609 0.5315 0.0435 0.4250 
 610 0.7912 0.0401 0.1687 
 611 0.0645 0.0789 0.8566 
 612 0.8944 0.0259 0.0797 
 613 0.1672 0.0473 0.7855 
 614 0.8654 0.0254 0.1092 
 615 0.8406 0.0513 0.1080 
 616 0.1469 0.1284 0.7247 
 617 0.4071 0.0314 0.5615 
 618 0.6986 0.1398 0.1616 
 619 0.1201 0.0914 0.7885 
 620 0.1658 0.0209 0.8133 
 621 0.1554 0.0266 0.8180 
 622 0.5760 0.1150 0.3091 
 623 0.0828 0.0299 0.8874 
 624 0.8053 0.0903 0.1044 
 625 0.6059 0.1077 0.2864 
 626 0.3194 0.5958 0.0848 
 627 0.1058 0.0398 0.8544 
 628 0.0755 0.0365 0.8880 
 629 0.1363 0.0495 0.8142 
 630 0.7625 0.0354 0.2022 
 631 0.5040 0.0525 0.4435 
 632 0.1179 0.3300 0.5521 
 633 0.5189 0.0830 0.3981 
 634 0.1408 0.1356 0.7236 
 635 0.1303 0.5601 0.3095 
 636 0.5633 0.1914 0.2454 
 637 0.3009 0.1169 0.5822 
 638 0.0988 0.0704 0.8308 
 639 0.4347 0.0803 0.4851 
 640 0.1212 0.0311 0.8476 
 641 0.2129 0.0481 0.7390 
 642 0.0936 0.6890 0.2175 
 643 0.0386 0.8704 0.0910 
 644 0.0421 0.7176 0.2403 
 645 0.3008 0.6200 0.0792 
 646 0.1346 0.1054 0.7601 
 647 0.0663 0.3084 0.6253 
 648 0.1522 0.4058 0.4420 
 649 0.0392 0.2061 0.7547 
 650 0.0428 0.1154 0.8418 
 651 0.0536 0.4333 0.5131 
 652 0.0623 0.6338 0.3038 
 653 0.1068 0.4640 0.4293 
 654 0.0890 0.6573 0.2538 
 655 0.0851 0.5673 0.3476 
 656 0.0936 0.2728 0.6336 
 657 0.3569 0.1448 0.4983 
 658 0.1786 0.1921 0.6294 
 659 0.0804 0.6449 0.2747 
 660 0.0384 0.7714 0.1902 
 661 0.0771 0.7693 0.1536 
 662 0.0322 0.1214 0.8465 
 663 0.0638 0.6816 0.2545 
 664 0.2861 0.2583 0.4557 
 665 0.0403 0.1377 0.8220 
 666 0.0685 0.7126 0.2189 
 667 0.0860 0.0575 0.8565 
 668 0.1312 0.5683 0.3005 
 669 0.0576 0.2946 0.6478 
 670 0.0246 0.9107 0.0647 
 671 0.0350 0.8113 0.1538 
 672 0.0565 0.7984 0.1451 
 673 0.0244 0.9244 0.0512 
 674 0.0460 0.8362 0.1178 
 675 0.0283 0.8636 0.1080 
 676 0.0239 0.9267 0.0493 
 677 0.0217 0.9180 0.0603 
 678 0.0247 0.9205 0.0548 
 679 0.0481 0.8531 0.0988 
 680 0.0400 0.8910 0.0689 
 681 0.1443 0.5137 0.3421 
 682 0.0423 0.8977 0.0600 
 683 0.0239 0.9199 0.0562 
 684 0.0255 0.9152 0.0593 
 685 0.0208 0.9324 0.0468 
 686 0.0409 0.8790 0.0801 
 687 0.0304 0.8352 0.1344 
 688 0.0297 0.8856 0.0847 
 689 0.0219 0.9280 0.0501 
 690 0.0232 0.9276 0.0492 
 691 0.0424 0.8657 0.0919 
 692 0.0372 0.8746 0.0882 
 693 0.0393 0.8794 0.0813 
 694 0.0194 0.9357 0.0449 
 695 0.0279 0.9176 0.0545 
 696 0.0305 0.8842 0.0853 
 697 0.0232 0.9240 0.0527 
 698 0.0232 0.9239 0.0529 
 699 0.0259 0.9137 0.0604 
 700 0.0658 0.8677 0.0665 
 701 0.0508 0.8141 0.1352 
 702 0.0558 0.8330 0.1113 
 703 0.0413 0.8898 0.0688 
 704 0.0262 0.9007 0.0731 
 705 0.0701 0.7583 0.1715 
 706 0.0364 0.9051 0.0585 
 707 0.0248 0.9192 0.0560 
 708 0.0227 0.9178 0.0594 
 709 0.0250 0.9259 0.0491 
 710 0.0208 0.9357 0.0435 
 711 0.0353 0.8974 0.0674 
 712 0.0194 0.9266 0.0540 
 713 0.0271 0.8916 0.0813 
 714 0.0479 0.8126 0.1395 
 715 0.0197 0.9337 0.0466 
 716 0.0350 0.9129 0.0521 
 717 0.0203 0.9355 0.0441 
 718 0.0375 0.8708 0.0917 
 719 0.0196 0.9304 0.0501 
 720 0.1314 0.0288 0.8398 
 721 0.1616 0.6092 0.2292 
 722 0.5009 0.0599 0.4391 
 723 0.6121 0.0491 0.3388 
 724 0.7470 0.1318 0.1212 
 725 0.1284 0.1730 0.6985 
 726 0.6937 0.0940 0.2123 
 727 0.1505 0.4194 0.4301 
 728 0.9240 0.0157 0.0603 
 729 0.9049 0.0172 0.0778 
 730 0.6489 0.0341 0.3170 
 731 0.8671 0.0347 0.0982 
 732 0.6164 0.0512 0.3324 
 733 0.8967 0.0231 0.0802 
 734 0.8952 0.0163 0.0885 
 735 0.9031 0.0272 0.0698 
 736 0.5708 0.0349 0.3943 
 737 0.5551 0.0429 0.4020 
 738 0.5815 0.0334 0.3851 
 739 0.9016 0.0210 0.0774 
 740 0.0512 0.7523 0.1965 
 741 0.0973 0.5134 0.3893 
 742 0.1857 0.1286 0.6857 
 743 0.1613 0.0684 0.7702 
 744 0.0560 0.1202 0.8238 
 745 0.1192 0.0251 0.8556 
 746 0.1774 0.1886 0.6341 
 747 0.0807 0.0459 0.8734 
 748 0.0561 0.4766 0.4672 
 749 0.0684 0.1855 0.7460 
 750 0.1021 0.1258 0.7720 
 751 0.0680 0.5345 0.3974 
 752 0.1215 0.0690 0.8094 
 753 0.2532 0.2433 0.5035 
 754 0.1233 0.3562 0.5205 
 755 0.1004 0.1251 0.7746 
 756 0.0443 0.1958 0.7598 
 757 0.0778 0.0939 0.8283 
 758 0.0419 0.0228 0.9354 
 759 0.1483 0.5016 0.3500 
 760 0.3478 0.1038 0.5484 
 761 0.5723 0.2592 0.1685 
 762 0.6887 0.0352 0.2761 
 763 0.2558 0.2467 0.4974 
 764 0.0677 0.0558 0.8766 
 765 0.6066 0.0571 0.3362 
 766 0.0926 0.3884 0.5190 
 767 0.1038 0.1734 0.7228 
 768 0.7082 0.0360 0.2558 
 769 0.6034 0.1757 0.2209 
 770 0.6168 0.0328 0.3504 
 771 0.0374 0.2284 0.7342 
 772 0.1331 0.3059 0.5610 
 773 0.0842 0.0792 0.8367 
 774 0.1024 0.5309 0.3666 
 775 0.7824 0.0559 0.1617 
 776 0.0906 0.0381 0.8713 
 777 0.1346 0.0976 0.7678 
 778 0.0798 0.1887 0.7315 
 779 0.0555 0.0910 0.8534 
 780 0.0669 0.3651 0.5680 
 781 0.0450 0.3812 0.5738 
 782 0.0573 0.0946 0.8482 
 783 0.1465 0.2514 0.6021 
 784 0.2503 0.0518 0.6978 
 785 0.0926 0.0967 0.8106 
 786 0.1045 0.5056 0.3899 
 787 0.0324 0.4604 0.5072 
 788 0.1980 0.0567 0.7453 
 789 0.2753 0.0575 0.6672 
 790 0.1323 0.2153 0.6523 
 791 0.1164 0.0932 0.7904 
 792 0.0363 0.5522 0.4115 
 793 0.1387 0.5642 0.2970 
 794 0.1174 0.1145 0.7680 
 795 0.1368 0.6373 0.2259 
 796 0.0681 0.1214 0.8105 
 797 0.0489 0.7967 0.1544 
 798 0.8436 0.0237 0.1327 
 799 0.0909 0.0482 0.8609 
 800 0.0256 0.6981 0.2763 
 801 0.8301 0.0485 0.1214 
 802 0.4812 0.3010 0.2178 
 803 0.1333 0.4538 0.4130 
 804 0.1727 0.1358 0.6915 
 805 0.0366 0.8712 0.0922 
 806 0.6317 0.1880 0.1804 
 807 0.0336 0.8714 0.0949 
 808 0.0555 0.5881 0.3564 
 809 0.6345 0.1520 0.2134 
 810 0.1586 0.1900 0.6514 
 811 0.1042 0.6405 0.2553 
 812 0.1557 0.0696 0.7747 
 813 0.8455 0.0283 0.1262 
 814 0.0423 0.0523 0.9055 
 815 0.4976 0.4011 0.1013 
 816 0.3367 0.4297 0.2335 
 817 0.4885 0.3034 0.2081 
 818 0.1233 0.0426 0.8342 
 819 0.0332 0.0804 0.8864 
 820 0.0520 0.1008 0.8472 
 821 0.1609 0.0529 0.7861 
 822 0.2985 0.0189 0.6826 
 823 0.5377 0.1636 0.2986 
 824 0.0947 0.0997 0.8056 
 825 0.2094 0.0368 0.7539 
 826 0.0487 0.0250 0.9263 
 827 0.3953 0.0374 0.5674 
 828 0.4775 0.0715 0.4509 
 829 0.7374 0.0671 0.1955 
 830 0.3904 0.0236 0.5860 
 831 0.2415 0.1009 0.6576 
 832 0.3159 0.1231 0.5610 
 833 0.5298 0.1122 0.3581 
 834 0.3481 0.0925 0.5594 
 835 0.0539 0.0269 0.9192 
 836 0.0759 0.0610 0.8631 
 837 0.5760 0.2337 0.1903 
 838 0.0609 0.0316 0.9075 
 839 0.2233 0.0370 0.7398 
 840 0.0445 0.1237 0.8317 
 841 0.0435 0.0793 0.8772 
 842 0.1065 0.0189 0.8746 
 843 0.0657 0.3562 0.5781 
 844 0.1339 0.1110 0.7551 
 845 0.0862 0.0235 0.8903 
 846 0.0632 0.0646 0.8722 
 847 0.0335 0.1129 0.8537 
 848 0.0360 0.0495 0.9145 
 849 0.1748 0.0335 0.7917 
 850 0.1038 0.0341 0.8621 
 851 0.0428 0.0299 0.9273 
 852 0.2223 0.5139 0.2639 
 853 0.2933 0.0303 0.6765 
 854 0.3928 0.1711 0.4362 
 855 0.0502 0.0493 0.9005 
 856 0.0614 0.0783 0.8603 
 857 0.0987 0.0492 0.8522 
 858 0.0881 0.0282 0.8836 
 859 0.1845 0.0319 0.7836 
 860 0.0424 0.0257 0.9318 
 861 0.0404 0.4180 0.5416 
 862 0.9185 0.0213 0.0602 
 863 0.8599 0.0515 0.0886 
 864 0.9077 0.0370 0.0553 
 865 0.8976 0.0162 0.0863 
 866 0.4257 0.0298 0.5445 
 867 0.8939 0.0363 0.0698 
 868 0.8422 0.0307 0.1270 
 869 0.4854 0.0322 0.4824 
 870 0.7959 0.0218 0.1823 
 871 0.8640 0.0193 0.1167 
 872 0.8869 0.0244 0.0887 
 873 0.9036 0.0296 0.0668 
 874 0.9040 0.0187 0.0773 
 875 0.4291 0.0382 0.5328 
 876 0.0824 0.0238 0.8938 
 877 0.9144 0.0261 0.0595 
 878 0.4329 0.0515 0.5156 
 879 0.8956 0.0334 0.0710 
 880 0.3745 0.0310 0.5946 
 881 0.8798 0.0333 0.0869 
 882 0.9002 0.0278 0.0720 
 883 0.1210 0.0373 0.8417 
 884 0.8991 0.0160 0.0849 
 885 0.7735 0.0654 0.1611 
 886 0.6476 0.0478 0.3045 
 887 0.8947 0.0190 0.0864 
 888 0.3419 0.1305 0.5276 
 889 0.9057 0.0164 0.0779 
 890 0.2756 0.0185 0.7059 
 891 0.0525 0.0278 0.9198 
 892 0.0685 0.0316 0.8999 
 893 0.2745 0.0574 0.6681 
 894 0.5006 0.0184 0.4810 
 895 0.8730 0.0198 0.1072 
 896 0.0417 0.0487 0.9096 
 897 0.0462 0.0280 0.9258 
 898 0.4691 0.0604 0.4705 
 899 0.4072 0.0156 0.5772 
 900 0.0552 0.0228 0.9219 
 901 0.0613 0.0240 0.9147 
 902 0.0444 0.0419 0.9137 
 903 0.6397 0.0267 0.3337 
 904 0.4242 0.0587 0.5171 
 905 0.7146 0.0184 0.2670 
 906 0.1508 0.0361 0.8132 
 907 0.1421 0.0381 0.8198 
 908 0.1360 0.0302 0.8338 
 909 0.1344 0.0409 0.8247 
 910 0.0605 0.0382 0.9012 
 911 0.7768 0.0163 0.2069 
 912 0.4495 0.0201 0.5304 
 913 0.4922 0.0199 0.4879 
 914 0.2746 0.1298 0.5956 
 915 0.1407 0.0157 0.8436 
 916 0.2037 0.0224 0.7739 
 917 0.2803 0.0238 0.6959 
 918 0.4727 0.1056 0.4217 
 919 0.5874 0.0540 0.3586 
 920 0.1305 0.0338 0.8357 
 921 0.0684 0.3540 0.5776 
 922 0.0951 0.0548 0.8501 
 923 0.0392 0.0948 0.8660 
 924 0.0368 0.0441 0.9191 
 925 0.0552 0.0826 0.8622 
 926 0.0272 0.3313 0.6415 
 927 0.0924 0.4195 0.4881 
 928 0.0307 0.5636 0.4057 
 929 0.0267 0.0867 0.8865 
 930 0.0498 0.1148 0.8353 
 931 0.3685 0.5255 0.1060 
 932 0.0353 0.0738 0.8910 
 933 0.0353 0.7426 0.2221 
 934 0.0273 0.0302 0.9425 
 935 0.0786 0.2298 0.6916 
 936 0.0813 0.1496 0.7691 
 937 0.0664 0.6209 0.3127 
 938 0.0270 0.5871 0.3859 
 939 0.0676 0.6991 0.2333 
 940 0.1057 0.2336 0.6608 
 941 0.1386 0.0628 0.7986 
 942 0.0649 0.3420 0.5931 
 943 0.0468 0.8565 0.0967 
 944 0.0634 0.6222 0.3144 
 945 0.0480 0.1130 0.8389 
 946 0.0549 0.1507 0.7944 
 947 0.0453 0.7311 0.2236 
 948 0.7031 0.0931 0.2038 
 949 0.4253 0.0530 0.5217 
 950 0.0316 0.6237 0.3447 
 951 0.0680 0.3956 0.5363 
 952 0.0908 0.2421 0.6672 
 953 0.0936 0.1069 0.7994 
 954 0.3664 0.2052 0.4284 
 955 0.0339 0.9037 0.0624 
 956 0.0243 0.9019 0.0737 
 957 0.1348 0.4971 0.3681 
 958 0.1180 0.0630 0.8190 
 959 0.0528 0.2518 0.6954 
 960 0.5593 0.0744 0.3662 
 961 0.0216 0.9309 0.0475 
 962 0.0276 0.0688 0.9036 
 963 0.1616 0.0634 0.7750 
 964 0.0948 0.0861 0.8190 
 965 0.0455 0.3035 0.6511 
 966 0.1172 0.2299 0.6530 
 967 0.0376 0.9032 0.0591 
 968 0.0323 0.0816 0.8861 
 969 0.2175 0.2222 0.5604 
 970 0.0421 0.8032 0.1547 
 971 0.0371 0.1837 0.7792 
 972 0.1684 0.2408 0.5909 
 973 0.0284 0.5144 0.4572 
 974 0.0766 0.0780 0.8454 
 975 0.2215 0.2196 0.5589 
 976 0.0363 0.1815 0.7823 
 977 0.1097 0.2984 0.5918 
 978 0.0366 0.3225 0.6410 
 979 0.0516 0.0682 0.8802 
 980 0.0362 0.4019 0.5619 
 981 0.0769 0.1824 0.7407 
 982 0.0831 0.0347 0.8822 
 983 0.3769 0.0495 0.5735 
 984 0.1874 0.6938 0.1187 
 985 0.0514 0.1421 0.8065 
 986 0.0727 0.0622 0.8651 
 987 0.0550 0.0268 0.9182 
 988 0.6940 0.0176 0.2884 
 989 0.0951 0.7599 0.1450 
 990 0.1713 0.0799 0.7488 
 991 0.0645 0.1072 0.8284 
 992 0.0320 0.0291 0.9389 
 993 0.5764 0.0427 0.3809 
 994 0.0584 0.2857 0.6559 
 995 0.0192 0.9254 0.0554 
 996 0.1390 0.0363 0.8247 
 997 0.0333 0.0721 0.8946 
 998 0.0596 0.0345 0.9059 
 999 0.0583 0.1444 0.7972 
1000 0.0576 0.0311 0.9113 
1001 0.1437 0.0415 0.8149 
1002 0.1141 0.0200 0.8659 
1003 0.0488 0.0874 0.8637 
1004 0.0373 0.0530 0.9098 
1005 0.0566 0.0319 0.9115 
1006 0.0709 0.1700 0.7591 
1007 0.0498 0.3416 0.6086 
1008 0.0496 0.5590 0.3914 
1009 0.1948 0.1578 0.6474 
1010 0.0586 0.1242 0.8173 
1011 0.0748 0.5129 0.4123 
1012 0.1011 0.0836 0.8153 
1013 0.0562 0.1127 0.8310 
1014 0.0865 0.0355 0.8780 
1015 0.0334 0.0523 0.9143 
1016 0.0500 0.0292 0.9208 
1017 0.0410 0.1691 0.7898 
1018 0.0587 0.1384 0.8029 
1019 0.0913 0.1316 0.7771 
1020 0.0292 0.8827 0.0881 
1021 0.0445 0.6739 0.2816 
1022 0.0501 0.1272 0.8228 
1023 0.1730 0.0441 0.7829 
1024 0.1502 0.0340 0.8158 
1025 0.0594 0.0666 0.8739 
1026 0.7244 0.1753 0.1004 
1027 0.6854 0.1492 0.1653 
1028 0.7343 0.0818 0.1838 
1029 0.0937 0.1277 0.7786 
1030 0.0935 0.5395 0.3671 
1031 0.4647 0.2667 0.2686 
1032 0.3524 0.3651 0.2825 
1033 0.4317 0.3044 0.2639 
1034 0.0853 0.1371 0.7776 
1035 0.0690 0.7661 0.1648 
1036 0.1468 0.5738 0.2793 
1037 0.0438 0.5992 0.3570 
1038 0.3743 0.4700 0.1557 
1039 0.1830 0.4823 0.3348 
1040 0.7185 0.1687 0.1128 
1041 0.7221 0.1210 0.1569 
1042 0.2195 0.5139 0.2666 
1043 0.4735 0.2831 0.2434 
1044 0.4612 0.1418 0.3970 
1045 0.7813 0.1347 0.0840 
1046 0.2141 0.4553 0.3306 
1047 0.0618 0.7744 0.1638 
1048 0.1193 0.0700 0.8107 
1049 0.0639 0.0446 0.8915 
1050 0.3554 0.0171 0.6276 
1051 0.1157 0.0193 0.8650 
1052 0.1487 0.0264 0.8249 
1053 0.1494 0.0310 0.8196 
1054 0.1115 0.0319 0.8565 
1055 0.0456 0.0259 0.9285 
1056 0.0653 0.0263 0.9084 
1057 0.8130 0.0228 0.1643 
1058 0.3193 0.0202 0.6605 
1059 0.3557 0.0378 0.6065 
1060 0.2608 0.0638 0.6753 
1061 0.0483 0.0223 0.9294 
1062 0.3667 0.0222 0.6111 
1063 0.0342 0.0705 0.8953 
1064 0.1937 0.0279 0.7784 
1065 0.1156 0.0421 0.8423 
1066 0.0464 0.0465 0.9071 
1067 0.2717 0.0207 0.7076 
1068 0.1199 0.2081 0.6720 
1069 0.0824 0.0165 0.9011 
1070 0.1341 0.0238 0.8422 
1071 0.1160 0.0709 0.8131 
1072 0.0946 0.0411 0.8643 
1073 0.2849 0.0269 0.6882 
1074 0.3063 0.0553 0.6383 
1075 0.2226 0.0392 0.7382 
1076 0.1832 0.0455 0.7713 
1077 0.8502 0.0207 0.1291 
1078 0.0691 0.0323 0.8987 
1079 0.2498 0.0276 0.7227 
1080 0.0797 0.0982 0.8221 
1081 0.1739 0.0202 0.8058 
1082 0.1420 0.0550 0.8030 
1083 0.1014 0.0371 0.8616 
1084 0.0937 0.0990 0.8073 
1085 0.0962 0.0146 0.8893 
1086 0.0382 0.0225 0.9393 
1087 0.0827 0.0150 0.9023 
1088 0.0658 0.0163 0.9179 
1089 0.4911 0.0176 0.4913 
1090 0.2600 0.0218 0.7182 
1091 0.0732 0.0320 0.8949 
1092 0.1860 0.0200 0.7940 
1093 0.0494 0.0511 0.8995 
1094 0.7513 0.0589 0.1898 
1095 0.8412 0.0186 0.1402 
1096 0.3375 0.0416 0.6209 
1097 0.7756 0.0162 0.2082 
1098 0.0391 0.0215 0.9394 
1099 0.0443 0.0930 0.8627 
1100 0.1167 0.0199 0.8634 
1101 0.0876 0.0177 0.8947 
1102 0.2019 0.0233 0.7748 
1103 0.1195 0.0391 0.8414 
1104 0.0618 0.0230 0.9152 
1105 0.0941 0.0232 0.8827 
1106 0.1250 0.0679 0.8070 
1107 0.1581 0.0349 0.8071 
1108 0.8360 0.0250 0.1390 
1109 0.7460 0.0239 0.2301 
1110 0.0455 0.5607 0.3938 
1111 0.0259 0.5842 0.3899 
1112 0.1136 0.8377 0.0486 
1113 0.2721 0.5389 0.1890 
1114 0.5079 0.1996 0.2925 
1115 0.1059 0.7307 0.1634 
1116 0.0485 0.8713 0.0802 
1117 0.6937 0.1551 0.1512 
1118 0.0504 0.8903 0.0593 
1119 0.5862 0.2729 0.1409 
1120 0.1311 0.7769 0.0920 
1121 0.3436 0.5722 0.0842 
1122 0.2330 0.4094 0.3577 
1123 0.2872 0.2138 0.4990 
1124 0.0502 0.8892 0.0606 
1125 0.1263 0.5953 0.2784 
1126 0.3520 0.5454 0.1026 
1127 0.2193 0.6941 0.0866 
1128 0.0379 0.8476 0.1145 
1129 0.2209 0.2410 0.5381 
1130 0.2033 0.2405 0.5562 
1131 0.7716 0.1030 0.1254 
1132 0.2106 0.7093 0.0802 
1133 0.0844 0.7938 0.1217 
1134 0.0331 0.8985 0.0684 
1135 0.4443 0.1140 0.4418 
1136 0.8097 0.0845 0.1058 
1137 0.0579 0.6952 0.2469 
1138 0.2451 0.3474 0.4075 
1139 0.0333 0.8911 0.0755 
1140 0.1461 0.3315 0.5224 
1141 0.1766 0.2008 0.6226 
1142 0.6842 0.1054 0.2104 
1143 0.1004 0.3220 0.5776 
1144 0.1373 0.6024 0.2603 
1145 0.4946 0.2544 0.2510 
1146 0.3472 0.4879 0.1648 
1147 0.2881 0.0801 0.6318 
1148 0.8319 0.0474 0.1207 
1149 0.1527 0.6124 0.2349 
1150 0.0906 0.3488 0.5606 
1151 0.1613 0.7528 0.0859 
1152 0.4184 0.1350 0.4466 
1153 0.7698 0.0724 0.1578 
1154 0.2988 0.4252 0.2760 
1155 0.1723 0.4868 0.3409 
1156 0.0745 0.7482 0.1773 
1157 0.6830 0.2215 0.0955 
1158 0.0834 0.7691 0.1476 
1159 0.0668 0.0233 0.9099 
1160 0.0624 0.0236 0.9140 
1161 0.0308 0.0368 0.9324 
1162 0.0805 0.1423 0.7771 
1163 0.0713 0.5408 0.3878 
1164 0.1155 0.1020 0.7825 
1165 0.0523 0.0289 0.9187 
1166 0.0452 0.2093 0.7455 
1167 0.0943 0.0216 0.8840 
1168 0.0994 0.0380 0.8626 
1169 0.0998 0.0590 0.8413 
1170 0.2811 0.0340 0.6849 
1171 0.2537 0.0742 0.6721 
1172 0.1141 0.0316 0.8543 
1173 0.0864 0.0372 0.8764 
1174 0.0503 0.0222 0.9275 
1175 0.0831 0.0322 0.8847 
1176 0.0668 0.0723 0.8609 
1177 0.8910 0.0196 0.0894 
1178 0.0545 0.0301 0.9154 
1179 0.3802 0.0197 0.6001 
1180 0.0979 0.0233 0.8788 
1181 0.0909 0.0393 0.8698 
1182 0.0510 0.0337 0.9153 
1183 0.2546 0.1111 0.6343 
1184 0.2418 0.0212 0.7370 
1185 0.3362 0.0359 0.6279 
1186 0.1671 0.0767 0.7561 
1187 0.3873 0.1079 0.5049 
1188 0.3769 0.0327 0.5905 
1189 0.0577 0.0712 0.8711 
1190 0.1037 0.0211 0.8752 
1191 0.3468 0.1900 0.4633 
1192 0.0352 0.0250 0.9397 
1193 0.1194 0.1000 0.7806 
1194 0.8864 0.0204 0.0932 
1195 0.0902 0.0215 0.8883 
1196 0.0680 0.0278 0.9041 
1197 0.2746 0.0198 0.7055 
1198 0.0450 0.0218 0.9332 
1199 0.1627 0.0385 0.7988 
1200 0.6994 0.0216 0.2790 
1201 0.0739 0.2058 0.7203 
1202 0.1019 0.0899 0.8082 
1203 0.0488 0.0227 0.9285 
1204 0.1365 0.0470 0.8165 
1205 0.1021 0.0276 0.8703 
1206 0.2662 0.6608 0.0730 
1207 0.3934 0.1146 0.4920 
1208 0.0242 0.7214 0.2544 
1209 0.0829 0.2869 0.6302 
1210 0.2379 0.1892 0.5729 
1211 0.1688 0.4537 0.3775 
1212 0.6035 0.2656 0.1308 
1213 0.0748 0.2255 0.6997 
1214 0.0803 0.3112 0.6086 
1215 0.0516 0.0876 0.8607 
1216 0.0480 0.1106 0.8414 
1217 0.6681 0.2115 0.1204 
1218 0.7576 0.0533 0.1891 
1219 0.2913 0.2062 0.5025 
1220 0.7552 0.0554 0.1894 
1221 0.0553 0.1013 0.8434 
1222 0.3166 0.3337 0.3497 
1223 0.8214 0.0636 0.1150 
1224 0.1087 0.0920 0.7992 
1225 0.6764 0.0930 0.2306 
1226 0.6867 0.1160 0.1973 
1227 0.1446 0.1523 0.7031 
1228 0.0531 0.3255 0.6215 
1229 0.0280 0.0639 0.9081 
1230 0.0630 0.6968 0.2402 
1231 0.0855 0.2378 0.6766 
1232 0.0326 0.0478 0.9195 
1233 0.2174 0.1788 0.6038 
1234 0.1211 0.3863 0.4926 
1235 0.0500 0.3523 0.5978 
1236 0.0233 0.1939 0.7828 
1237 0.0343 0.3026 0.6631 
1238 0.0342 0.3909 0.5749 
1239 0.0533 0.1274 0.8193 
1240 0.0285 0.1556 0.8159 
1241 0.0480 0.2082 0.7439 
1242 0.0320 0.5671 0.4009 
1243 0.1357 0.3171 0.5472 
1244 0.0266 0.6231 0.3503 
1245 0.0241 0.5764 0.3994 
1246 0.0917 0.3323 0.5760 
1247 0.0225 0.7791 0.1984 
1248 0.0374 0.4390 0.5237 
1249 0.1835 0.0910 0.7255 
1250 0.0329 0.0638 0.9032 
1251 0.0328 0.1236 0.8436 
1252 0.0277 0.0402 0.9321 
1253 0.0471 0.2473 0.7056 
1254 0.0337 0.0419 0.9244 
1255 0.0214 0.4521 0.5264 
1256 0.0485 0.7022 0.2493 
1257 0.0456 0.2391 0.7153 
1258 0.0298 0.0314 0.9388 
1259 0.0591 0.0586 0.8823 
1260 0.0297 0.3471 0.6232 
1261 0.0315 0.4707 0.4977 
1262 0.0350 0.1731 0.7919 
1263 0.0957 0.1071 0.7972 
1264 0.0348 0.0990 0.8662 
1265 0.0323 0.4110 0.5567 
1266 0.1399 0.2530 0.6072 
1267 0.0415 0.3388 0.6197 
1268 0.6338 0.0200 0.3462 
1269 0.7168 0.0208 0.2625 
1270 0.0625 0.0663 0.8712 
1271 0.2492 0.0289 0.7219 
1272 0.2396 0.0455 0.7148 
1273 0.0738 0.0417 0.8844 
1274 0.2945 0.0658 0.6397 
1275 0.1240 0.0272 0.8488 
1276 0.8432 0.0311 0.1257 
1277 0.2703 0.0202 0.7095 
1278 0.7492 0.1482 0.1026 
1279 0.4395 0.0713 0.4893 
1280 0.1486 0.0722 0.7792 
1281 0.0993 0.0247 0.8760 
1282 0.1818 0.0157 0.8025 
1283 0.0754 0.0331 0.8916 
1284 0.5262 0.1415 0.3324 
1285 0.0564 0.0341 0.9095 
1286 0.1202 0.0467 0.8331 
1287 0.2418 0.1048 0.6535 
1288 0.5451 0.0644 0.3905 
1289 0.1844 0.0224 0.7932 
1290 0.1379 0.0849 0.7771 
1291 0.0704 0.0987 0.8309 
1292 0.0764 0.0400 0.8835 
1293 0.4868 0.0288 0.4844 
1294 0.0565 0.0358 0.9077 
1295 0.4290 0.0191 0.5519 
1296 0.6754 0.0362 0.2884 
1297 0.0897 0.0722 0.8380 
1298 0.2506 0.0260 0.7235 
1299 0.0945 0.0259 0.8796 
1300 0.0983 0.3616 0.5401 
1301 0.0965 0.0255 0.8779 
1302 0.4557 0.0664 0.4779 
1303 0.2543 0.0386 0.7072 
1304 0.3726 0.0464 0.5810 
1305 0.1957 0.0944 0.7099 
1306 0.0949 0.0257 0.8795 
1307 0.1941 0.0371 0.7688 
1308 0.0573 0.0642 0.8784 
1309 0.0918 0.0274 0.8808 
1310 0.4922 0.0249 0.4829 
1311 0.5821 0.0191 0.3988 
1312 0.0740 0.0451 0.8809 
1313 0.0637 0.0306 0.9057 
1314 0.8024 0.0316 0.1660 
1315 0.1198 0.2154 0.6648 
1316 0.4968 0.0282 0.4750 
1317 0.0344 0.0938 0.8719 
1318 0.2576 0.0564 0.6861 
1319 0.0275 0.8630 0.1095 
1320 0.0613 0.0814 0.8572 
1321 0.3561 0.0233 0.6207 
1322 0.6104 0.0610 0.3287 
1323 0.1413 0.0261 0.8326 
1324 0.3630 0.1021 0.5350 
1325 0.0652 0.0152 0.9196 
1326 0.7008 0.0224 0.2767 
1327 0.0325 0.0399 0.9276 
1328 0.0426 0.0269 0.9306 
1329 0.0579 0.0314 0.9107 
1330 0.1037 0.0303 0.8659 
1331 0.0560 0.0245 0.9195 
1332 0.1261 0.1356 0.7383 
1333 0.0527 0.0310 0.9162 
1334 0.4398 0.0240 0.5363 
1335 0.0657 0.0842 0.8501 
1336 0.0547 0.7618 0.1835 
1337 0.0877 0.6748 0.2376 
1338 0.0691 0.0410 0.8900 
1339 0.0505 0.0294 0.9201 
1340 0.0446 0.0425 0.9129 
1341 0.3030 0.0678 0.6291 
1342 0.0365 0.0629 0.9006 
1343 0.0354 0.0340 0.9306 
1344 0.0839 0.3943 0.5218 
1345 0.2979 0.0248 0.6773 
1346 0.6111 0.0537 0.3351 
1347 0.0347 0.1503 0.8150 
1348 0.0538 0.0497 0.8966 
1349 0.0348 0.7319 0.2333 
1350 0.0545 0.2378 0.7077 
1351 0.0393 0.0256 0.9351 
1352 0.5328 0.0514 0.4158 
1353 0.0785 0.0244 0.8971 
1354 0.0554 0.0370 0.9076 
1355 0.0484 0.0150 0.9366 
1356 0.0897 0.0437 0.8666 
1357 0.0348 0.0818 0.8834 
1358 0.0261 0.0363 0.9375 
1359 0.0330 0.0533 0.9136 
1360 0.1659 0.2737 0.5604 
1361 0.1028 0.1617 0.7355 
1362 0.1068 0.1133 0.7799 
1363 0.0905 0.2483 0.6612 
1364 0.1432 0.1862 0.6707 
1365 0.2104 0.0655 0.7241 
1366 0.1306 0.1175 0.7519 
1367 0.0351 0.3506 0.6143 
1368 0.0384 0.4995 0.4621 
1369 0.0662 0.0445 0.8893 
1370 0.0253 0.1517 0.8230 
1371 0.3095 0.0524 0.6381 
1372 0.0359 0.7183 0.2458 
1373 0.0787 0.6714 0.2499 
1374 0.0321 0.0665 0.9014 
1375 0.0740 0.3575 0.5685 
1376 0.0521 0.2937 0.6542 
1377 0.1059 0.1029 0.7912 
1378 0.1084 0.4068 0.4848 
1379 0.0237 0.8571 0.1192 
1380 0.2366 0.0513 0.7121 
1381 0.2326 0.0717 0.6957 
1382 0.0529 0.6063 0.3409 
1383 0.5372 0.0273 0.4355 
1384 0.3059 0.0518 0.6423 
1385 0.0369 0.7210 0.2422 
1386 0.1229 0.0727 0.8044 
1387 0.0851 0.4145 0.5004 
1388 0.2450 0.1009 0.6542 
1389 0.0496 0.0699 0.8805 
1390 0.0998 0.1512 0.7490 
1391 0.1025 0.1248 0.7728 
1392 0.6352 0.1499 0.2148 
1393 0.1021 0.4355 0.4623 
1394 0.0376 0.1748 0.7877 
1395 0.2240 0.0479 0.7282 
1396 0.8239 0.0267 0.1494 
1397 0.1325 0.4520 0.4155 
1398 0.1577 0.3585 0.4838 
1399 0.5396 0.1880 0.2724 
1400 0.3276 0.0663 0.6060 
1401 0.8788 0.0246 0.0966 
1402 0.0851 0.6443 0.2707 
1403 0.1150 0.4695 0.4155 
1404 0.1038 0.2908 0.6054 
1405 0.6998 0.0494 0.2507 
1406 0.4444 0.3576 0.1980 
1407 0.4801 0.0486 0.4713 
1408 0.2294 0.0660 0.7046 
1409 0.5343 0.3116 0.1541 
1410 0.3151 0.0770 0.6079 
1411 0.6356 0.0699 0.2945 
1412 0.7473 0.0616 0.1911 
1413 0.1036 0.5022 0.3942 
1414 0.6834 0.1155 0.2011 
1415 0.7288 0.1248 0.1464 
1416 0.0778 0.6554 0.2667 
1417 0.3229 0.0751 0.6021 
1418 0.0479 0.2566 0.6954 
1419 0.0425 0.1897 0.7678 
1420 0.0475 0.1018 0.8507 
1421 0.0228 0.5119 0.4654 
1422 0.0264 0.2281 0.7455 
1423 0.0537 0.0426 0.9037 
1424 0.1511 0.0374 0.8115 
1425 0.0373 0.1584 0.8043 
1426 0.0384 0.0913 0.8702 
1427 0.1917 0.0301 0.7782 
1428 0.0281 0.1017 0.8702 
1429 0.0270 0.3760 0.5970 
1430 0.0327 0.1769 0.7904 
1431 0.0355 0.0841 0.8804 
1432 0.0822 0.1203 0.7975 
1433 0.0203 0.7223 0.2575 
1434 0.0250 0.3439 0.6311 
1435 0.0407 0.6945 0.2648 
1436 0.0393 0.3754 0.5853 
1437 0.0659 0.1277 0.8064 
1438 0.0474 0.0216 0.9310 
1439 0.0356 0.4037 0.5607 
1440 0.0234 0.2882 0.6884 
1441 0.0223 0.8723 0.1054 
1442 0.0265 0.1973 0.7761 
1443 0.0282 0.3844 0.5874 
1444 0.0404 0.0664 0.8931 
1445 0.0241 0.1776 0.7983 
1446 0.0279 0.2932 0.6789 
1447 0.0421 0.1324 0.8255 
1448 0.0236 0.0691 0.9073 
1449 0.0288 0.0363 0.9349 
1450 0.0380 0.0697 0.8923 
1451 0.0240 0.8178 0.1582 
1452 0.0533 0.0843 0.8623 
1453 0.0342 0.2990 0.6668 
1454 0.0529 0.0400 0.9071 
1455 0.1033 0.0662 0.8305 
1456 0.0462 0.0999 0.8539 
1457 0.0366 0.0369 0.9266 
1458 0.0442 0.0665 0.8893 
1459 0.0225 0.5097 0.4677 
1460 0.1277 0.0752 0.7971 
1461 0.5592 0.0269 0.4140 
1462 0.0416 0.0433 0.9152 
1463 0.0585 0.7978 0.1437 
1464 0.8969 0.0234 0.0797 
1465 0.7337 0.0281 0.2382 
1466 0.0493 0.0342 0.9165 
1467 0.7922 0.0414 0.1664 
1468 0.5483 0.0397 0.4120 
1469 0.4726 0.0648 0.4626 
1470 0.0610 0.4134 0.5256 
1471 0.3735 0.1109 0.5156 
1472 0.3093 0.0331 0.6577 
1473 0.2724 0.1211 0.6065 
1474 0.0458 0.0469 0.9073 
1475 0.4771 0.0706 0.4523 
1476 0.9007 0.0179 0.0815 
1477 0.0411 0.7902 0.1686 
1478 0.1185 0.4404 0.4412 
1479 0.2494 0.0401 0.7104 
1480 0.1028 0.0360 0.8612 
1481 0.8510 0.0258 0.1232 
