   1 0.0056 0.0059 0.0199 0.0634 0.0949 0.1957 0.2267 0.1593 0.1222 0.1064 
   2 0.0041 0.0040 0.0166 0.0465 0.1582 0.0660 0.1051 0.1904 0.2532 0.1559 
   3 0.0061 0.0047 0.0109 0.0498 0.0486 0.1471 0.1955 0.2601 0.1551 0.1222 
   4 0.0113 0.0165 0.0302 0.2061 0.0671 0.0969 0.2044 0.1101 0.1379 0.1196 
   5 0.0049 0.0047 0.0157 0.0474 0.2191 0.0724 0.0903 0.2084 0.1911 0.1461 
   6 0.0051 0.0039 0.0113 0.0700 0.0569 0.0887 0.0858 0.4127 0.1036 0.1620 
   7 0.0055 0.0039 0.0106 0.0407 0.0904 0.1065 0.0988 0.1955 0.0860 0.3622 
   8 0.0161 0.0288 0.1135 0.0675 0.0662 0.1075 0.1787 0.1720 0.1112 0.1385 
   9 0.0069 0.0133 0.0191 0.0496 0.1107 0.0875 0.1685 0.2352 0.1697 0.1395 
  10 0.0062 0.0126 0.1118 0.0588 0.0979 0.0914 0.1182 0.2414 0.0941 0.1675 
  11 0.0045 0.0038 0.0106 0.0374 0.1489 0.1898 0.1030 0.1755 0.0835 0.2431 
  12 0.0048 0.0043 0.0104 0.0775 0.1409 0.0661 0.1212 0.2299 0.1899 0.1551 
  13 0.0056 0.0046 0.0140 0.0472 0.0969 0.0762 0.1534 0.2568 0.1448 0.2005 
  14 0.0040 0.0059 0.0286 0.0577 0.0756 0.1254 0.1187 0.1925 0.2975 0.0941 
  15 0.0053 0.0043 0.0137 0.1031 0.0905 0.1414 0.1874 0.1439 0.1643 0.1462 
  16 0.0046 0.0036 0.0103 0.0398 0.1087 0.1482 0.1432 0.2611 0.1185 0.1619 
  17 0.0074 0.0059 0.0117 0.0581 0.1017 0.0788 0.1276 0.3334 0.1540 0.1213 
  18 0.0079 0.0074 0.0320 0.0842 0.0716 0.1483 0.1344 0.2022 0.2054 0.1065 
  19 0.0047 0.0037 0.0103 0.0504 0.0936 0.0850 0.1245 0.3666 0.1081 0.1532 
  20 0.0049 0.0041 0.0107 0.0677 0.1481 0.1359 0.1229 0.1518 0.1564 0.1973 
  21 0.0047 0.0050 0.0197 0.0987 0.0913 0.1193 0.1626 0.1521 0.2370 0.1096 
  22 0.0062 0.0037 0.0111 0.0458 0.0587 0.0799 0.1650 0.3867 0.1239 0.1190 
  23 0.0081 0.0102 0.0235 0.0540 0.0780 0.1004 0.2524 0.1296 0.2394 0.1043 
  24 0.0046 0.0037 0.0111 0.0585 0.0929 0.1367 0.2590 0.1777 0.1233 0.1325 
  25 0.0051 0.0048 0.0136 0.0374 0.1064 0.1165 0.0770 0.3058 0.1266 0.2067 
  26 0.0070 0.0044 0.0107 0.0893 0.1078 0.1090 0.1751 0.2237 0.1425 0.1306 
  27 0.0057 0.0044 0.0108 0.0590 0.1088 0.1012 0.1373 0.2588 0.1830 0.1310 
  28 0.0053 0.0071 0.0543 0.1651 0.0651 0.1497 0.1306 0.1401 0.1302 0.1524 
  29 0.0040 0.0037 0.0097 0.0390 0.1584 0.0798 0.1421 0.1654 0.1784 0.2195 
  30 0.0047 0.0037 0.0100 0.0399 0.0750 0.1050 0.1490 0.3361 0.1597 0.1170 
  31 0.0110 0.0268 0.0977 0.0496 0.1047 0.0786 0.1069 0.1597 0.1798 0.1851 
  32 0.0046 0.0051 0.0217 0.0740 0.0691 0.1007 0.1779 0.2746 0.1616 0.1108 
  33 0.0049 0.0041 0.0096 0.0452 0.0665 0.1363 0.2228 0.1864 0.1492 0.1751 
  34 0.0062 0.0168 0.1005 0.0506 0.1429 0.1132 0.0851 0.1859 0.0837 0.2150 
  35 0.0089 0.0048 0.0100 0.0342 0.1278 0.0726 0.1157 0.2252 0.2912 0.1096 
  36 0.0044 0.0046 0.0137 0.0341 0.0599 0.2771 0.1280 0.1037 0.2652 0.1094 
  37 0.0058 0.0039 0.0142 0.0543 0.0617 0.0747 0.2105 0.1894 0.2529 0.1326 
  38 0.0055 0.0046 0.0092 0.0309 0.1225 0.3358 0.0942 0.0949 0.1478 0.1545 
  39 0.0072 0.0050 0.0101 0.0498 0.1131 0.1571 0.1075 0.1464 0.2191 0.1847 
  40 0.0037 0.0043 0.0109 0.0401 0.0655 0.0990 0.1978 0.1545 0.3348 0.0893 
  41 0.0073 0.0071 0.0135 0.0311 0.1021 0.1637 0.1518 0.1322 0.2377 0.1536 
  42 0.0045 0.0040 0.0098 0.0460 0.0777 0.1887 0.3561 0.0791 0.1401 0.0941 
  43 0.0070 0.0059 0.0194 0.0433 0.0678 0.0670 0.1775 0.1425 0.3375 0.1321 
  44 0.0061 0.0045 0.0094 0.0300 0.0593 0.0617 0.1232 0.1966 0.3997 0.1094 
  45 0.0049 0.0050 0.0126 0.0307 0.1237 0.1928 0.0995 0.0956 0.2975 0.1377 
  46 0.0080 0.0048 0.0094 0.0548 0.0872 0.0917 0.0959 0.2757 0.2245 0.1481 
  47 0.0128 0.0070 0.0260 0.0478 0.1051 0.0680 0.1434 0.2783 0.1836 0.1279 
  48 0.0070 0.0049 0.0092 0.0316 0.0633 0.0659 0.1250 0.1840 0.4211 0.0880 
  49 0.0078 0.0043 0.0109 0.0430 0.1564 0.1172 0.1468 0.1605 0.2394 0.1137 
  50 0.0083 0.0085 0.0611 0.0464 0.0819 0.0905 0.0775 0.2822 0.1498 0.1938 
  51 0.0045 0.0051 0.0124 0.0314 0.0632 0.2019 0.1364 0.0773 0.3739 0.0939 
  52 0.0082 0.0051 0.0092 0.0513 0.1269 0.1521 0.1383 0.1469 0.1722 0.1898 
  53 0.0067 0.0054 0.0312 0.0397 0.0571 0.2626 0.1228 0.1679 0.1529 0.1537 
  54 0.0068 0.0052 0.0203 0.0475 0.1048 0.0544 0.1508 0.1649 0.3158 0.1295 
  55 0.0058 0.0040 0.0101 0.0387 0.0681 0.0667 0.1126 0.1331 0.4509 0.1100 
  56 0.0060 0.0047 0.0097 0.0455 0.0988 0.1179 0.1559 0.1723 0.3005 0.0885 
  57 0.0122 0.0058 0.0236 0.1097 0.1199 0.0868 0.1745 0.2426 0.0940 0.1310 
  58 0.0049 0.0041 0.0108 0.0376 0.1247 0.1165 0.1469 0.1055 0.3204 0.1286 
  59 0.0050 0.0046 0.0097 0.0411 0.1803 0.2098 0.1416 0.0965 0.1996 0.1120 
  60 0.0045 0.0053 0.0195 0.0722 0.0573 0.1517 0.1452 0.1028 0.3295 0.1118 
  61 0.0038 0.0044 0.0182 0.0497 0.0684 0.0551 0.1472 0.0837 0.4624 0.1072 
  62 0.0089 0.0060 0.0130 0.0670 0.2539 0.0917 0.1102 0.1669 0.1458 0.1366 
  63 0.0040 0.0040 0.0115 0.0493 0.0696 0.1167 0.1845 0.1106 0.2582 0.1917 
  64 0.0059 0.0039 0.0098 0.0378 0.1512 0.1474 0.1013 0.2553 0.1638 0.1236 
  65 0.0054 0.0043 0.0115 0.0369 0.1156 0.0833 0.0792 0.1764 0.1833 0.3040 
  66 0.0047 0.0068 0.0268 0.0752 0.0858 0.0813 0.1768 0.1152 0.2548 0.1726 
  67 0.0049 0.0050 0.0170 0.0345 0.0708 0.0559 0.1007 0.1401 0.4393 0.1318 
  68 0.0061 0.0050 0.0106 0.0479 0.1399 0.2207 0.1527 0.0928 0.2125 0.1119 
  69 0.0064 0.0309 0.1669 0.0460 0.1359 0.2464 0.0739 0.0950 0.1060 0.0926 
  70 0.0044 0.0068 0.0190 0.0410 0.0670 0.2320 0.1644 0.0831 0.2192 0.1631 
  71 0.0054 0.0054 0.0127 0.0311 0.1591 0.1992 0.0823 0.0973 0.2830 0.1246 
  72 0.0051 0.0046 0.0141 0.0343 0.0686 0.1972 0.1062 0.2243 0.2162 0.1294 
  73 0.0052 0.0059 0.0185 0.0351 0.1750 0.0855 0.0919 0.0965 0.3477 0.1386 
  74 0.0041 0.0041 0.0101 0.0430 0.0580 0.2518 0.2022 0.1022 0.2260 0.0985 
  75 0.0050 0.0063 0.0181 0.0447 0.0727 0.2013 0.2153 0.0901 0.2650 0.0814 
  76 0.0049 0.0040 0.0110 0.0374 0.0549 0.0862 0.1169 0.1326 0.3255 0.2265 
  77 0.0045 0.0047 0.0089 0.0295 0.1227 0.2164 0.1342 0.0873 0.2128 0.1790 
  78 0.0053 0.0054 0.0095 0.0299 0.1207 0.2879 0.1390 0.0868 0.1709 0.1447 
  79 0.0044 0.0041 0.0148 0.0446 0.0873 0.1030 0.1111 0.2231 0.1129 0.2947 
  80 0.0047 0.0039 0.0172 0.0888 0.0535 0.0722 0.3720 0.1035 0.1223 0.1617 
  81 0.0048 0.0042 0.0191 0.1075 0.0548 0.0866 0.2766 0.1166 0.1086 0.2213 
  82 0.0045 0.0039 0.0115 0.0549 0.1224 0.0835 0.1765 0.1355 0.2477 0.1594 
  83 0.0043 0.0041 0.0169 0.0901 0.0508 0.1460 0.1919 0.1221 0.1684 0.2053 
  84 0.0045 0.0038 0.0140 0.0903 0.0632 0.1214 0.1894 0.1393 0.1202 0.2539 
  85 0.0045 0.0038 0.0163 0.0895 0.0602 0.1642 0.2170 0.1745 0.1351 0.1351 
  86 0.0063 0.0048 0.0113 0.0487 0.1217 0.0774 0.0917 0.1802 0.3120 0.1459 
  87 0.0048 0.0054 0.0261 0.0475 0.0694 0.1480 0.1138 0.1164 0.1353 0.3332 
  88 0.0045 0.0039 0.0125 0.0687 0.0760 0.0874 0.2620 0.1208 0.1418 0.2223 
  89 0.0053 0.0065 0.0404 0.0860 0.0664 0.0847 0.2633 0.1183 0.1404 0.1887 
  90 0.0042 0.0041 0.0142 0.0561 0.0851 0.0966 0.1256 0.1255 0.1271 0.3615 
  91 0.0044 0.0040 0.0148 0.0932 0.0496 0.1457 0.3203 0.1146 0.1288 0.1246 
  92 0.0046 0.0037 0.0129 0.0586 0.0958 0.0995 0.1551 0.1784 0.1497 0.2418 
  93 0.0045 0.0056 0.1037 0.1211 0.0629 0.0707 0.3067 0.1038 0.1237 0.0972 
  94 0.0044 0.0043 0.0127 0.0458 0.0468 0.2303 0.1000 0.0956 0.1066 0.3535 
  95 0.0043 0.0044 0.0143 0.0687 0.0686 0.0856 0.2110 0.0903 0.1206 0.3322 
  96 0.0044 0.0039 0.0130 0.0569 0.0634 0.0610 0.2340 0.0838 0.3676 0.1119 
  97 0.0050 0.0039 0.0114 0.0483 0.0740 0.2130 0.1927 0.0974 0.2665 0.0877 
  98 0.0038 0.0038 0.0109 0.0356 0.0919 0.0866 0.1883 0.1748 0.2658 0.1385 
  99 0.0044 0.0042 0.0170 0.0864 0.0674 0.1037 0.1844 0.1311 0.1162 0.2851 
 100 0.0050 0.0042 0.0187 0.0847 0.0650 0.0571 0.3786 0.0943 0.1953 0.0970 
 101 0.0056 0.0116 0.0742 0.0501 0.0771 0.1376 0.1337 0.1183 0.1554 0.2363 
 102 0.0055 0.0047 0.0161 0.0800 0.0899 0.1332 0.2656 0.0837 0.1706 0.1508 
 103 0.0047 0.0142 0.0738 0.0763 0.0763 0.0718 0.1059 0.1059 0.2754 0.1958 
 104 0.0046 0.0056 0.0196 0.1014 0.0825 0.0691 0.0616 0.1041 0.1282 0.4235 
 105 0.0052 0.0124 0.0472 0.1192 0.1712 0.0645 0.0728 0.0912 0.1771 0.2391 
 106 0.0042 0.0039 0.0085 0.0303 0.0733 0.1347 0.0692 0.1320 0.1192 0.4247 
 107 0.0054 0.0175 0.0362 0.0777 0.0927 0.0704 0.1087 0.1072 0.2163 0.2677 
 108 0.0041 0.0053 0.0128 0.0492 0.0608 0.1947 0.0767 0.1099 0.3820 0.1047 
 109 0.0052 0.0054 0.0144 0.0343 0.2591 0.1491 0.0631 0.1065 0.1461 0.2167 
 110 0.0046 0.0072 0.0141 0.0327 0.0861 0.1467 0.0730 0.1253 0.0961 0.4143 
 111 0.0066 0.0099 0.0139 0.0594 0.1522 0.0672 0.0805 0.1006 0.1401 0.3695 
 112 0.0045 0.0053 0.0103 0.0361 0.2396 0.1031 0.0757 0.0865 0.1181 0.3209 
 113 0.0050 0.0091 0.0208 0.0568 0.1005 0.1119 0.1024 0.1629 0.2912 0.1395 
 114 0.0042 0.0056 0.0226 0.1193 0.1307 0.0677 0.0700 0.0945 0.1261 0.3592 
 115 0.0054 0.0145 0.0107 0.0442 0.1415 0.0808 0.1249 0.1176 0.1743 0.2861 
 116 0.0057 0.0047 0.0089 0.0306 0.1207 0.1903 0.0767 0.1071 0.2003 0.2551 
 117 0.0060 0.0160 0.0163 0.0340 0.1874 0.1374 0.1018 0.1158 0.0939 0.2915 
 118 0.0047 0.0098 0.0115 0.0514 0.2013 0.0735 0.0837 0.1123 0.2661 0.1857 
 119 0.0041 0.0042 0.0143 0.0575 0.0480 0.1163 0.2384 0.0808 0.2827 0.1537 
 120 0.0051 0.0080 0.0139 0.0535 0.1568 0.0816 0.1142 0.1052 0.1867 0.2751 
 121 0.0086 0.0912 0.0191 0.0343 0.1571 0.1017 0.0880 0.1043 0.1673 0.2283 
 122 0.0041 0.0050 0.0180 0.0435 0.1384 0.1215 0.0763 0.1295 0.1296 0.3341 
 123 0.0048 0.0182 0.0175 0.0630 0.0855 0.1183 0.0892 0.1124 0.1614 0.3295 
 124 0.0075 0.0373 0.0125 0.0469 0.1185 0.1684 0.0729 0.1465 0.2104 0.1791 
 125 0.0051 0.0071 0.0119 0.0333 0.2099 0.2502 0.1118 0.1333 0.1004 0.1371 
 126 0.0037 0.0040 0.0100 0.0547 0.0633 0.1624 0.1047 0.0986 0.2177 0.2810 
 127 0.0050 0.0113 0.0121 0.0594 0.0966 0.0623 0.0812 0.0886 0.1680 0.4155 
 128 0.0041 0.0038 0.0110 0.0478 0.2025 0.0609 0.0835 0.1194 0.2953 0.1718 
 129 0.0055 0.0159 0.0421 0.0390 0.1172 0.0684 0.0660 0.1085 0.2461 0.2913 
 130 0.0054 0.0122 0.0307 0.0775 0.1576 0.0718 0.1066 0.0997 0.1291 0.3095 
 131 0.0084 0.0348 0.0246 0.0342 0.1101 0.2521 0.0689 0.1216 0.1441 0.2012 
 132 0.0046 0.0067 0.0226 0.0372 0.0866 0.1085 0.0650 0.1206 0.1847 0.3635 
 133 0.0081 0.0164 0.0225 0.0654 0.0743 0.0798 0.0899 0.1192 0.2306 0.2939 
 134 0.0040 0.0042 0.0095 0.0287 0.1234 0.0985 0.0611 0.1008 0.0868 0.4829 
 135 0.0056 0.0039 0.0106 0.1353 0.1073 0.0889 0.2472 0.0788 0.2428 0.0796 
 136 0.0056 0.0044 0.0263 0.1782 0.0906 0.0699 0.2819 0.1456 0.1210 0.0766 
 137 0.0048 0.0050 0.0298 0.1069 0.0906 0.0676 0.4101 0.0999 0.0925 0.0929 
 138 0.0043 0.0037 0.0112 0.4387 0.0485 0.0859 0.1341 0.0882 0.1068 0.0785 
 139 0.0041 0.0047 0.0239 0.1525 0.0911 0.0773 0.1093 0.1164 0.3337 0.0869 
 140 0.0049 0.0048 0.0462 0.0970 0.0735 0.1060 0.2280 0.1086 0.2010 0.1300 
 141 0.0052 0.0060 0.1022 0.2080 0.0821 0.0948 0.1174 0.1612 0.1401 0.0831 
 142 0.0052 0.0051 0.0404 0.1178 0.0842 0.0799 0.1859 0.0793 0.3232 0.0792 
 143 0.0040 0.0035 0.0118 0.1321 0.0488 0.0577 0.4784 0.0824 0.1093 0.0720 
 144 0.0045 0.0042 0.0129 0.1199 0.0862 0.0619 0.4326 0.0860 0.1022 0.0894 
 145 0.0057 0.0051 0.0236 0.1232 0.1084 0.0951 0.2077 0.1732 0.1750 0.0832 
 146 0.0062 0.0052 0.0236 0.1814 0.0890 0.1124 0.2018 0.1322 0.1156 0.1325 
 147 0.0047 0.0041 0.0234 0.1868 0.0553 0.0642 0.3997 0.0962 0.0916 0.0739 
 148 0.0049 0.0069 0.1163 0.1198 0.0842 0.0665 0.1650 0.1430 0.1949 0.0986 
 149 0.0045 0.0176 0.1943 0.0772 0.0741 0.0976 0.1684 0.0917 0.1984 0.0763 
 150 0.0054 0.0054 0.0301 0.1380 0.1209 0.0700 0.2477 0.1152 0.1417 0.1256 
 151 0.0047 0.0036 0.0123 0.1694 0.0648 0.0659 0.3527 0.0931 0.1383 0.0951 
 152 0.0053 0.0055 0.0337 0.1659 0.0830 0.1007 0.1774 0.1396 0.2062 0.0827 
 153 0.0043 0.0046 0.0201 0.3166 0.0626 0.1146 0.1491 0.0939 0.1382 0.0961 
 154 0.0052 0.0224 0.2435 0.0730 0.0741 0.0692 0.1246 0.1287 0.1852 0.0740 
 155 0.0044 0.0038 0.0117 0.4496 0.0506 0.0596 0.1245 0.0872 0.1079 0.1007 
 156 0.0042 0.0043 0.0116 0.2533 0.0664 0.0637 0.2284 0.0762 0.2013 0.0905 
 157 0.0043 0.0045 0.0260 0.2763 0.0536 0.0898 0.2028 0.0894 0.0947 0.1588 
 158 0.0059 0.0048 0.0233 0.1205 0.1133 0.1048 0.2455 0.1635 0.1373 0.0811 
 159 0.0052 0.0102 0.1358 0.1321 0.0629 0.0632 0.3294 0.0876 0.0985 0.0752 
 160 0.0058 0.0092 0.1369 0.1938 0.0737 0.0650 0.2336 0.0899 0.1168 0.0753 
 161 0.0044 0.0044 0.0228 0.0739 0.0717 0.1053 0.3678 0.1163 0.1330 0.1005 
 162 0.0069 0.0054 0.0213 0.2205 0.0963 0.1027 0.1240 0.1414 0.1466 0.1350 
 163 0.0041 0.0039 0.0116 0.3994 0.0515 0.0666 0.1567 0.0793 0.1353 0.0915 
 164 0.0068 0.0140 0.1747 0.1028 0.0771 0.0760 0.1492 0.1154 0.1548 0.1293 
 165 0.0053 0.0044 0.0137 0.1526 0.1153 0.0684 0.3013 0.0947 0.1263 0.1181 
 166 0.0046 0.0137 0.1715 0.0998 0.0504 0.1317 0.1537 0.0822 0.1674 0.1249 
 167 0.0072 0.0207 0.2816 0.1246 0.0635 0.0693 0.1019 0.1475 0.0904 0.0933 
 168 0.0044 0.0038 0.0133 0.2901 0.0577 0.1564 0.1652 0.0970 0.1291 0.0830 
 169 0.0064 0.0048 0.0196 0.0961 0.1143 0.2201 0.1933 0.1475 0.1195 0.0783 
 170 0.0041 0.0034 0.0135 0.0604 0.0589 0.0654 0.4064 0.0906 0.2009 0.0964 
 171 0.0049 0.0048 0.0201 0.2257 0.0654 0.1196 0.1537 0.1391 0.1763 0.0905 
 172 0.0050 0.0069 0.0688 0.0713 0.0784 0.2013 0.2079 0.0872 0.1993 0.0738 
 173 0.0051 0.0042 0.0229 0.3662 0.0661 0.0603 0.1601 0.0964 0.1401 0.0786 
 174 0.0047 0.0042 0.0254 0.3305 0.0642 0.0714 0.1853 0.1091 0.1041 0.1010 
 175 0.0049 0.0038 0.0127 0.1252 0.0559 0.0603 0.4004 0.1473 0.1129 0.0767 
 176 0.0045 0.0043 0.0133 0.1227 0.0857 0.0623 0.4284 0.0859 0.1024 0.0905 
 177 0.0047 0.0044 0.0214 0.2582 0.0658 0.1444 0.1372 0.0975 0.1077 0.1587 
 178 0.0048 0.0044 0.0269 0.3163 0.0655 0.0671 0.1288 0.1738 0.1104 0.1019 
 179 0.0044 0.0045 0.0894 0.3347 0.0488 0.0599 0.1684 0.1023 0.1089 0.0786 
 180 0.0068 0.0065 0.0867 0.0961 0.0801 0.1005 0.2712 0.1269 0.1242 0.1010 
 181 0.0056 0.0046 0.0222 0.1263 0.0919 0.0910 0.2622 0.1082 0.2046 0.0833 
 182 0.0059 0.0042 0.0137 0.1520 0.0739 0.0627 0.3155 0.0841 0.2120 0.0760 
 183 0.0046 0.0040 0.0243 0.2042 0.0568 0.0610 0.3306 0.1050 0.1312 0.0782 
 184 0.0054 0.0043 0.0213 0.0454 0.0874 0.0689 0.1013 0.2252 0.3180 0.1227 
 185 0.0038 0.0050 0.0120 0.2876 0.0601 0.0548 0.2324 0.0745 0.2045 0.0652 
 186 0.0047 0.0043 0.0237 0.0432 0.0702 0.0635 0.0987 0.1993 0.2855 0.2071 
 187 0.0040 0.0043 0.0248 0.1663 0.0652 0.0653 0.1494 0.1477 0.2555 0.1176 
 188 0.0050 0.0056 0.0470 0.0360 0.0676 0.0540 0.0774 0.1844 0.3550 0.1681 
 189 0.0043 0.0039 0.0143 0.0765 0.0505 0.1322 0.2129 0.2031 0.2026 0.0998 
 190 0.0036 0.0036 0.0109 0.0797 0.0609 0.0509 0.1548 0.0659 0.5009 0.0687 
 191 0.0043 0.0053 0.0452 0.0610 0.0993 0.0586 0.1204 0.1569 0.3220 0.1269 
 192 0.0040 0.0043 0.0192 0.0789 0.0777 0.0653 0.2394 0.1698 0.1857 0.1558 
 193 0.0043 0.0037 0.0135 0.0601 0.1007 0.0720 0.2057 0.1701 0.2502 0.1197 
 194 0.0043 0.0056 0.0183 0.0610 0.0661 0.0720 0.2491 0.1346 0.2536 0.1354 
 195 0.0040 0.0044 0.0262 0.1228 0.0504 0.0537 0.1966 0.0883 0.3811 0.0725 
 196 0.0038 0.0038 0.0119 0.0775 0.0703 0.0577 0.1479 0.0856 0.4492 0.0924 
 197 0.0051 0.0044 0.0127 0.1383 0.0866 0.0723 0.1050 0.2114 0.2136 0.1507 
 198 0.0040 0.0038 0.0133 0.0604 0.0744 0.1018 0.1657 0.2028 0.2159 0.1579 
 199 0.0042 0.0039 0.0105 0.0460 0.0779 0.0751 0.1780 0.0895 0.4144 0.1004 
 200 0.0040 0.0039 0.0122 0.0740 0.0753 0.0731 0.1334 0.1182 0.4154 0.0905 
 201 0.0037 0.0037 0.0153 0.2684 0.0587 0.0519 0.1478 0.1089 0.2583 0.0833 
 202 0.0038 0.0040 0.0105 0.0906 0.0648 0.0549 0.3318 0.0846 0.2622 0.0929 
 203 0.0042 0.0051 0.0238 0.2373 0.0702 0.0521 0.1754 0.0874 0.2629 0.0816 
 204 0.0040 0.0049 0.0435 0.0645 0.0599 0.0526 0.1442 0.0833 0.4593 0.0837 
 205 0.0041 0.0044 0.0201 0.0576 0.0699 0.0766 0.1298 0.1174 0.4052 0.1149 
 206 0.0043 0.0046 0.0293 0.0858 0.0606 0.0515 0.1412 0.1101 0.4324 0.0802 
 207 0.0038 0.0038 0.0183 0.0421 0.0980 0.0516 0.1197 0.0953 0.4526 0.1148 
 208 0.0040 0.0040 0.0148 0.1884 0.0713 0.0529 0.1083 0.0956 0.3669 0.0937 
 209 0.0042 0.0041 0.0208 0.0577 0.1013 0.0593 0.1641 0.1556 0.3046 0.1285 
 210 0.0038 0.0044 0.0298 0.0868 0.0683 0.0541 0.1395 0.1027 0.4116 0.0990 
 211 0.0050 0.0047 0.0093 0.0731 0.1533 0.0513 0.2015 0.0841 0.3009 0.1169 
 212 0.0037 0.0039 0.0124 0.1136 0.0609 0.0637 0.2997 0.1311 0.2317 0.0794 
 213 0.0041 0.0048 0.0143 0.0524 0.0727 0.0971 0.1747 0.0935 0.3254 0.1610 
 214 0.0041 0.0038 0.0120 0.1061 0.0754 0.0517 0.3147 0.0960 0.2550 0.0812 
 215 0.0042 0.0043 0.0199 0.0560 0.0924 0.0689 0.1013 0.1129 0.4149 0.1251 
 216 0.0053 0.0038 0.0137 0.0491 0.0876 0.0731 0.1237 0.2374 0.2876 0.1186 
 217 0.0039 0.0038 0.0140 0.1139 0.0582 0.0595 0.2503 0.1090 0.3072 0.0802 
 218 0.0044 0.0044 0.0262 0.0693 0.0754 0.0734 0.1493 0.1163 0.3411 0.1403 
 219 0.0058 0.0042 0.0141 0.1142 0.0568 0.0846 0.1728 0.2325 0.2134 0.1017 
 220 0.0041 0.0049 0.0482 0.0561 0.0725 0.0523 0.1131 0.0999 0.4418 0.1071 
 221 0.0038 0.0036 0.0109 0.0608 0.0555 0.0539 0.4432 0.0761 0.2214 0.0708 
 222 0.0052 0.0039 0.0140 0.0613 0.0661 0.0717 0.1547 0.2865 0.2219 0.1146 
 223 0.0041 0.0039 0.0154 0.1762 0.0637 0.0791 0.1805 0.1545 0.2152 0.1073 
 224 0.0045 0.0056 0.0274 0.1142 0.0623 0.0516 0.2330 0.1093 0.3093 0.0827 
 225 0.0041 0.0040 0.0223 0.0659 0.0726 0.0655 0.1557 0.1127 0.3963 0.1009 
 226 0.0053 0.0052 0.0175 0.0672 0.0845 0.1533 0.1572 0.1538 0.2498 0.1062 
 227 0.0040 0.0044 0.0179 0.1087 0.0609 0.0559 0.1650 0.0882 0.3872 0.1077 
 228 0.0040 0.0053 0.0240 0.1166 0.0602 0.0524 0.1870 0.0794 0.4041 0.0670 
 229 0.0044 0.0062 0.0435 0.1001 0.0628 0.0522 0.2730 0.1242 0.2297 0.1039 
 230 0.0044 0.0057 0.0436 0.0833 0.0783 0.0515 0.2311 0.1045 0.2985 0.0993 
 231 0.0041 0.0051 0.0282 0.1419 0.0767 0.0579 0.1827 0.1718 0.2400 0.0914 
 232 0.0043 0.0046 0.0156 0.0578 0.0765 0.1136 0.2696 0.1015 0.2235 0.1329 
 233 0.0042 0.0039 0.0128 0.2779 0.0728 0.0525 0.1940 0.0996 0.1991 0.0832 
 234 0.0037 0.0036 0.0132 0.1073 0.0933 0.0723 0.1576 0.2167 0.2061 0.1262 
 235 0.0041 0.0038 0.0141 0.0710 0.0599 0.0748 0.2507 0.1348 0.2785 0.1083 
 236 0.0041 0.0038 0.0125 0.1279 0.0909 0.0633 0.2452 0.1326 0.2232 0.0966 
 237 0.0041 0.0047 0.0194 0.0612 0.1071 0.0611 0.1109 0.1145 0.4187 0.0984 
 238 0.0038 0.0037 0.0123 0.0991 0.0687 0.0547 0.3124 0.1096 0.2322 0.1036 
 239 0.0038 0.0045 0.0257 0.1220 0.0504 0.0537 0.1982 0.0890 0.3796 0.0731 
 240 0.0038 0.0037 0.0120 0.0984 0.0683 0.0547 0.3126 0.1097 0.2326 0.1041 
 241 0.0049 0.0037 0.0142 0.0820 0.0634 0.0692 0.3137 0.0946 0.2679 0.0865 
 242 0.0045 0.0061 0.0422 0.0762 0.0493 0.0801 0.1673 0.1573 0.3157 0.1013 
 243 0.0038 0.0036 0.0118 0.0794 0.0754 0.0498 0.1482 0.0757 0.4765 0.0757 
 244 0.0041 0.0047 0.0262 0.1246 0.0767 0.0517 0.2320 0.0968 0.3014 0.0818 
 245 0.0039 0.0040 0.0124 0.2497 0.0536 0.0594 0.2202 0.0899 0.2149 0.0921 
 246 0.0039 0.0037 0.0137 0.1142 0.0585 0.0594 0.2500 0.1080 0.3080 0.0806 
 247 0.0038 0.0041 0.0166 0.0418 0.0772 0.1088 0.0907 0.1261 0.2966 0.2343 
 248 0.0038 0.0037 0.0114 0.0490 0.1150 0.0626 0.0858 0.1207 0.4164 0.1315 
 249 0.0041 0.0041 0.0204 0.0718 0.0787 0.0514 0.3080 0.1054 0.2558 0.1003 
 250 0.0042 0.0043 0.0215 0.0847 0.0919 0.0636 0.2449 0.1465 0.2203 0.1182 
 251 0.0045 0.0040 0.0126 0.0630 0.0931 0.1112 0.1283 0.1761 0.2919 0.1153 
 252 0.0039 0.0041 0.0222 0.0841 0.0587 0.0678 0.2072 0.1342 0.3142 0.1035 
 253 0.0041 0.0039 0.0109 0.0452 0.0820 0.1035 0.1323 0.1335 0.3322 0.1524 
 254 0.0048 0.0039 0.0138 0.0852 0.0683 0.0609 0.1362 0.2473 0.2763 0.1033 
 255 0.0042 0.0041 0.0203 0.0699 0.0770 0.0595 0.2078 0.1966 0.2242 0.1366 
 256 0.0043 0.0036 0.0139 0.0668 0.0758 0.0627 0.2402 0.1063 0.3365 0.0899 
 257 0.0064 0.0148 0.0207 0.0665 0.0824 0.0668 0.1665 0.1185 0.3389 0.1184 
 258 0.0035 0.0040 0.0120 0.0761 0.0896 0.0783 0.1138 0.1421 0.3503 0.1303 
 259 0.0045 0.0047 0.0207 0.0623 0.0933 0.0630 0.1935 0.1419 0.3011 0.1150 
 260 0.0048 0.0040 0.0120 0.1142 0.0663 0.0609 0.2252 0.2469 0.1613 0.1044 
 261 0.0038 0.0037 0.0136 0.1243 0.0573 0.0688 0.2088 0.1202 0.3148 0.0846 
 262 0.0040 0.0037 0.0117 0.0856 0.0575 0.0591 0.2073 0.0770 0.4244 0.0698 
 263 0.0056 0.0048 0.0296 0.0605 0.0750 0.0514 0.1019 0.1532 0.4227 0.0952 
 264 0.0058 0.0039 0.0107 0.0340 0.0843 0.0758 0.0808 0.3403 0.2364 0.1278 
 265 0.0040 0.0038 0.0150 0.1102 0.0667 0.0756 0.1581 0.1633 0.2919 0.1113 
 266 0.0038 0.0036 0.0110 0.1013 0.0580 0.0539 0.3461 0.0763 0.2749 0.0712 
 267 0.0039 0.0039 0.0116 0.0846 0.1070 0.0579 0.1956 0.1624 0.2584 0.1146 
 268 0.0037 0.0036 0.0118 0.0775 0.0702 0.0572 0.1485 0.0859 0.4491 0.0923 
 269 0.0040 0.0040 0.0145 0.1151 0.0616 0.0919 0.1582 0.2297 0.2180 0.1030 
 270 0.0053 0.0049 0.0223 0.0588 0.0886 0.0692 0.1048 0.2041 0.3046 0.1374 
 271 0.0042 0.0038 0.0133 0.0609 0.0956 0.0772 0.1246 0.1228 0.3754 0.1221 
 272 0.0056 0.0051 0.0154 0.0650 0.0958 0.1458 0.1283 0.1215 0.3122 0.1052 
 273 0.0184 0.0290 0.0440 0.0834 0.0894 0.0896 0.1749 0.1483 0.1781 0.1448 
 274 0.0042 0.0040 0.0148 0.0635 0.0853 0.0933 0.1512 0.1561 0.3039 0.1238 
 275 0.0072 0.0116 0.0478 0.0881 0.0986 0.0876 0.1298 0.1645 0.2680 0.0968 
 276 0.0056 0.0049 0.0129 0.0424 0.1015 0.1204 0.1368 0.1124 0.3446 0.1185 
 277 0.0043 0.0038 0.0153 0.0905 0.0690 0.0755 0.2275 0.1755 0.2304 0.1081 
 278 0.0038 0.0039 0.0123 0.0746 0.0898 0.0690 0.1042 0.1048 0.4353 0.1023 
 279 0.0043 0.0038 0.0151 0.0744 0.0894 0.0763 0.1841 0.1464 0.2995 0.1067 
 280 0.0041 0.0038 0.0127 0.0868 0.0748 0.1033 0.1540 0.1707 0.2945 0.0953 
 281 0.0044 0.0040 0.0147 0.0635 0.0791 0.0805 0.1499 0.1244 0.3173 0.1622 
 282 0.0038 0.0037 0.0122 0.1524 0.0683 0.0639 0.2778 0.1546 0.1648 0.0985 
 283 0.0040 0.0045 0.0189 0.1662 0.0573 0.0537 0.2960 0.1111 0.1832 0.1051 
 284 0.0040 0.0047 0.0216 0.1042 0.1058 0.0706 0.1974 0.1434 0.2268 0.1214 
 285 0.0039 0.0039 0.0154 0.0353 0.1048 0.0821 0.0746 0.1157 0.4348 0.1295 
 286 0.0041 0.0049 0.0268 0.1235 0.0775 0.0515 0.2327 0.0970 0.2996 0.0824 
 287 0.0043 0.0042 0.0159 0.0804 0.0599 0.0975 0.1883 0.1603 0.2276 0.1616 
 288 0.0054 0.0059 0.0298 0.0625 0.0851 0.1176 0.1277 0.1448 0.3061 0.1152 
 289 0.0069 0.0098 0.0307 0.0591 0.0869 0.0812 0.1138 0.1424 0.3234 0.1458 
 290 0.0058 0.0049 0.0138 0.0467 0.1057 0.0781 0.1820 0.1639 0.3027 0.0964 
 291 0.0042 0.0038 0.0132 0.0606 0.0952 0.0777 0.1244 0.1214 0.3761 0.1234 
 292 0.0040 0.0038 0.0116 0.0841 0.0616 0.1132 0.1733 0.1341 0.3294 0.0848 
 293 0.0046 0.0038 0.0090 0.0482 0.1121 0.0889 0.1075 0.2178 0.3046 0.1036 
 294 0.0059 0.0057 0.0409 0.0434 0.0625 0.0578 0.1013 0.1423 0.4412 0.0990 
 295 0.0056 0.0058 0.0374 0.0475 0.0981 0.1199 0.1170 0.1300 0.3147 0.1240 
 296 0.0045 0.0046 0.0209 0.0660 0.0819 0.0691 0.1207 0.0946 0.4045 0.1334 
 297 0.0042 0.0041 0.0195 0.0587 0.0742 0.1038 0.1458 0.1960 0.2767 0.1171 
 298 0.0039 0.0042 0.0205 0.0981 0.0690 0.0632 0.2832 0.1737 0.1617 0.1223 
 299 0.0055 0.0057 0.0525 0.0589 0.0613 0.0515 0.1251 0.2052 0.3232 0.1111 
 300 0.0040 0.0047 0.0404 0.0422 0.0830 0.0683 0.1005 0.1054 0.4543 0.0972 
 301 0.0052 0.0052 0.0205 0.0577 0.0937 0.0769 0.1062 0.2501 0.2811 0.1032 
 302 0.0058 0.0064 0.0281 0.0544 0.0721 0.0624 0.0896 0.1337 0.4609 0.0866 
 303 0.0041 0.0052 0.0229 0.1080 0.0698 0.0713 0.2442 0.1229 0.2641 0.0874 
 304 0.0051 0.0051 0.0206 0.1976 0.0850 0.0640 0.1579 0.2160 0.1126 0.1361 
 305 0.0044 0.0056 0.0368 0.0898 0.0653 0.0647 0.1535 0.0912 0.4146 0.0742 
 306 0.0042 0.0039 0.0137 0.0795 0.0586 0.0722 0.3078 0.1275 0.2436 0.0890 
 307 0.0049 0.0045 0.0137 0.0659 0.0906 0.0760 0.2402 0.1509 0.2468 0.1064 
 308 0.0038 0.0037 0.0135 0.1233 0.0578 0.0687 0.2092 0.1196 0.3150 0.0853 
 309 0.0137 0.0456 0.0779 0.0658 0.0850 0.0579 0.1053 0.1066 0.3147 0.1276 
 310 0.0038 0.0035 0.0141 0.0870 0.0726 0.0517 0.1865 0.0893 0.4127 0.0789 
 311 0.0042 0.0056 0.0444 0.0825 0.0775 0.0520 0.2291 0.1046 0.3012 0.0989 
 312 0.0039 0.0049 0.0430 0.0596 0.0718 0.0517 0.1114 0.0909 0.4509 0.1118 
 313 0.0040 0.0046 0.0151 0.0408 0.0750 0.0633 0.0879 0.0929 0.5204 0.0959 
 314 0.0043 0.0063 0.1271 0.1377 0.0498 0.0659 0.2985 0.0847 0.1542 0.0716 
 315 0.0040 0.0061 0.1135 0.2368 0.0483 0.1042 0.1866 0.0911 0.1330 0.0763 
 316 0.0058 0.0093 0.2092 0.2116 0.0497 0.1059 0.1341 0.1002 0.0939 0.0804 
 317 0.0045 0.0058 0.1402 0.1631 0.0510 0.0652 0.2982 0.0892 0.1088 0.0741 
 318 0.0044 0.0071 0.2508 0.2232 0.0470 0.0651 0.1518 0.0965 0.0790 0.0750 
 319 0.0043 0.0033 0.0119 0.2075 0.0521 0.0602 0.3903 0.0851 0.1128 0.0725 
 320 0.0045 0.0062 0.1263 0.1379 0.0506 0.0656 0.2974 0.0845 0.1554 0.0716 
 321 0.0043 0.0084 0.2363 0.1148 0.0507 0.0650 0.2566 0.0955 0.0941 0.0744 
 322 0.0067 0.0080 0.0976 0.1489 0.0535 0.1062 0.2633 0.0949 0.1402 0.0808 
 323 0.0098 0.0102 0.0926 0.2985 0.0484 0.0639 0.2130 0.0985 0.0891 0.0760 
 324 0.0043 0.0087 0.2355 0.1143 0.0504 0.0652 0.2586 0.0944 0.0940 0.0747 
 325 0.0041 0.0090 0.2827 0.1733 0.0473 0.0982 0.1241 0.0942 0.0886 0.0785 
 326 0.0056 0.0329 0.3612 0.0785 0.0462 0.0906 0.1298 0.0895 0.0872 0.0785 
 327 0.0047 0.0057 0.1403 0.1609 0.0515 0.0648 0.2999 0.0896 0.1084 0.0744 
 328 0.0041 0.0062 0.1285 0.1178 0.0535 0.1023 0.2859 0.0966 0.1262 0.0789 
 329 0.0041 0.0042 0.0253 0.3218 0.0479 0.0636 0.2840 0.0944 0.0801 0.0746 
 330 0.0047 0.0057 0.1396 0.1642 0.0512 0.0648 0.2981 0.0896 0.1082 0.0741 
 331 0.0042 0.0043 0.0937 0.3267 0.0491 0.0640 0.1973 0.0961 0.0893 0.0753 
 332 0.0067 0.0318 0.3534 0.0807 0.0460 0.0900 0.1316 0.0941 0.0867 0.0790 
 333 0.0060 0.0252 0.2767 0.0967 0.0491 0.0923 0.1802 0.0897 0.1055 0.0786 
 334 0.0043 0.0062 0.1274 0.1187 0.0536 0.1027 0.2861 0.0960 0.1263 0.0788 
 335 0.0046 0.0048 0.0518 0.1603 0.0499 0.0988 0.3369 0.0882 0.1260 0.0786 
 336 0.0065 0.0292 0.3137 0.0899 0.0453 0.0658 0.1747 0.0899 0.1125 0.0725 
 337 0.0041 0.0113 0.2583 0.0907 0.0514 0.0984 0.2057 0.0926 0.1095 0.0781 
 338 0.0042 0.0203 0.3465 0.1110 0.0463 0.0633 0.1597 0.0948 0.0790 0.0748 
 339 0.0043 0.0043 0.0954 0.3257 0.0502 0.0640 0.1966 0.0962 0.0884 0.0750 
 340 0.0042 0.0037 0.0379 0.3854 0.0479 0.0611 0.2017 0.0884 0.0954 0.0743 
 341 0.0084 0.0148 0.1503 0.1868 0.0533 0.0632 0.2647 0.0917 0.0912 0.0756 
 342 0.0047 0.0058 0.1388 0.1651 0.0512 0.0643 0.2970 0.0892 0.1089 0.0748 
 343 0.0090 0.0153 0.0995 0.0934 0.0490 0.0994 0.3171 0.0911 0.1512 0.0750 
 344 0.0046 0.0046 0.0944 0.3298 0.0480 0.0631 0.2048 0.0960 0.0797 0.0750 
 345 0.0048 0.0053 0.1398 0.1630 0.0509 0.0651 0.2991 0.0895 0.1082 0.0742 
 346 0.0047 0.0050 0.1418 0.3152 0.0479 0.0654 0.1655 0.0915 0.0880 0.0749 
 347 0.0043 0.0038 0.0369 0.3911 0.0470 0.0605 0.2098 0.0877 0.0847 0.0741 
 348 0.0040 0.0053 0.0461 0.1314 0.0495 0.0964 0.3290 0.0826 0.1814 0.0742 
 349 0.0048 0.0059 0.1384 0.1647 0.0514 0.0655 0.2967 0.0896 0.1091 0.0739 
 350 0.0040 0.0043 0.0223 0.3412 0.0524 0.0665 0.2157 0.0925 0.1295 0.0716 
 351 0.0044 0.0049 0.0537 0.1584 0.0501 0.0986 0.3362 0.0885 0.1261 0.0788 
 352 0.0047 0.0074 0.1645 0.1292 0.0524 0.1008 0.2395 0.0897 0.1335 0.0784 
 353 0.0067 0.0304 0.3113 0.0896 0.0455 0.0652 0.1761 0.0912 0.1115 0.0725 
 354 0.0059 0.0073 0.0712 0.3344 0.0502 0.0655 0.2059 0.1004 0.0820 0.0772 
 355 0.0044 0.0067 0.2466 0.2269 0.0472 0.0653 0.1513 0.0967 0.0796 0.0751 
 356 0.0036 0.0041 0.0122 0.0956 0.0476 0.0948 0.4153 0.0808 0.1726 0.0733 
 357 0.0040 0.0040 0.0163 0.2415 0.0566 0.1486 0.1384 0.1889 0.1058 0.0961 
 358 0.0043 0.0182 0.2753 0.1094 0.0478 0.0932 0.1918 0.0932 0.0885 0.0783 
 359 0.0044 0.0126 0.2513 0.1377 0.0488 0.0636 0.2218 0.0947 0.0908 0.0745 
 360 0.0045 0.0049 0.1398 0.3182 0.0476 0.0654 0.1646 0.0918 0.0878 0.0752 
 361 0.0040 0.0039 0.0146 0.1013 0.0607 0.1465 0.2483 0.1847 0.1396 0.0963 
 362 0.0048 0.0068 0.0315 0.0552 0.0620 0.1986 0.0924 0.1474 0.2192 0.1821 
 363 0.0063 0.0072 0.0145 0.0406 0.0731 0.1408 0.0838 0.2037 0.1529 0.2772 
 364 0.0090 0.0085 0.0168 0.0770 0.0871 0.0792 0.1942 0.2673 0.1334 0.1276 
 365 0.0123 0.0092 0.0144 0.0428 0.1397 0.1755 0.0956 0.2439 0.1169 0.1497 
 366 0.0056 0.0066 0.0144 0.0553 0.0834 0.1279 0.1300 0.2191 0.2617 0.0960 
 367 0.0042 0.0068 0.0112 0.0341 0.0617 0.1664 0.0703 0.1221 0.0875 0.4356 
 368 0.0045 0.0041 0.0153 0.0448 0.1058 0.0898 0.1116 0.2041 0.1413 0.2787 
 369 0.0059 0.0064 0.0379 0.0406 0.0683 0.0756 0.2139 0.2237 0.2155 0.1121 
 370 0.0097 0.0235 0.0336 0.0468 0.1241 0.0831 0.1081 0.1860 0.1574 0.2278 
 371 0.0079 0.0104 0.0345 0.0496 0.0896 0.0685 0.1225 0.3147 0.1784 0.1240 
 372 0.0300 0.0303 0.0448 0.0618 0.1083 0.0808 0.1224 0.1222 0.1905 0.2089 
 373 0.0047 0.0041 0.0139 0.0484 0.0798 0.0857 0.1646 0.1599 0.1233 0.3156 
 374 0.0059 0.0055 0.0172 0.0555 0.1296 0.1067 0.2385 0.1749 0.1300 0.1363 
 375 0.0118 0.0092 0.0210 0.0388 0.0928 0.0898 0.0823 0.3061 0.0996 0.2485 
 376 0.0904 0.0075 0.0119 0.0368 0.0609 0.1898 0.0821 0.2543 0.0874 0.1787 
 377 0.0060 0.0079 0.0268 0.0578 0.1082 0.1481 0.0886 0.2026 0.1967 0.1571 
 378 0.0048 0.0054 0.0328 0.0930 0.0769 0.0909 0.1414 0.0977 0.1326 0.3245 
 379 0.1583 0.0156 0.0135 0.0338 0.0642 0.1459 0.0747 0.2046 0.1037 0.1857 
 380 0.0091 0.0084 0.0196 0.0552 0.0639 0.2342 0.1809 0.1932 0.1379 0.0977 
 381 0.0068 0.0062 0.0116 0.0416 0.0603 0.1228 0.1814 0.3248 0.1597 0.0848 
 382 0.0042 0.0044 0.0175 0.0442 0.0714 0.1096 0.0793 0.3560 0.0960 0.2173 
 383 0.0094 0.0342 0.1542 0.0543 0.0686 0.1837 0.0903 0.2103 0.1027 0.0922 
 384 0.0302 0.0307 0.0576 0.0679 0.0828 0.0958 0.1091 0.2850 0.0902 0.1506 
 385 0.0051 0.0134 0.1192 0.0616 0.2488 0.0680 0.1007 0.1822 0.0911 0.1100 
 386 0.0038 0.0037 0.0106 0.0381 0.0684 0.1739 0.0861 0.2154 0.1206 0.2795 
 387 0.0043 0.0040 0.0098 0.0603 0.0990 0.1682 0.0821 0.2204 0.1143 0.2376 
 388 0.0115 0.0090 0.0245 0.0825 0.1465 0.0972 0.1785 0.2080 0.0979 0.1444 
 389 0.0091 0.0124 0.0237 0.0420 0.2443 0.0654 0.0847 0.1380 0.2543 0.1262 
 390 0.0164 0.0279 0.0209 0.0375 0.0787 0.2240 0.0892 0.1175 0.1406 0.2474 
 391 0.0098 0.0103 0.0161 0.0415 0.2435 0.1121 0.1381 0.1100 0.1601 0.1586 
 392 0.0057 0.0040 0.0116 0.0776 0.0580 0.1421 0.1268 0.2229 0.1396 0.2117 
 393 0.0064 0.0056 0.0141 0.0544 0.0601 0.3671 0.1373 0.1503 0.1093 0.0955 
 394 0.0043 0.0049 0.0399 0.0906 0.0582 0.1699 0.1613 0.1240 0.1254 0.2215 
 395 0.0039 0.0037 0.0097 0.0505 0.0736 0.2260 0.0837 0.1097 0.2728 0.1664 
 396 0.0042 0.0036 0.0096 0.0314 0.0854 0.0878 0.0749 0.2689 0.1099 0.3243 
 397 0.0423 0.0050 0.0159 0.0636 0.0608 0.0635 0.1570 0.2666 0.2218 0.1034 
 398 0.0363 0.0046 0.0103 0.0351 0.0519 0.2953 0.0781 0.1130 0.1002 0.2751 
 399 0.0043 0.0058 0.0170 0.0378 0.1013 0.1310 0.0891 0.1008 0.1448 0.3680 
 400 0.0054 0.0039 0.0103 0.0372 0.0685 0.1090 0.1368 0.2229 0.1073 0.2987 
 401 0.0042 0.0037 0.0095 0.0521 0.0734 0.1276 0.1188 0.0866 0.1763 0.3477 
 402 0.0052 0.0044 0.0125 0.0523 0.0905 0.0942 0.1147 0.1969 0.1824 0.2468 
 403 0.0058 0.0045 0.0132 0.1650 0.1230 0.1080 0.1843 0.1476 0.1317 0.1170 
 404 0.0056 0.0047 0.0134 0.0462 0.1582 0.0913 0.1585 0.2498 0.1274 0.1447 
 405 0.0040 0.0039 0.0124 0.0484 0.0769 0.1975 0.1281 0.2082 0.1785 0.1421 
 406 0.0038 0.0042 0.0095 0.0468 0.0573 0.3108 0.1838 0.0997 0.1913 0.0929 
 407 0.0038 0.0037 0.0092 0.0315 0.0709 0.2867 0.0777 0.2432 0.1037 0.1697 
 408 0.0035 0.0039 0.0090 0.0307 0.0648 0.0836 0.0671 0.0829 0.2659 0.3884 
 409 0.0082 0.0118 0.0143 0.0435 0.0615 0.1999 0.3202 0.1033 0.1285 0.1089 
 410 0.0692 0.0089 0.0162 0.0613 0.0837 0.1395 0.1103 0.1407 0.1326 0.2377 
 411 0.0093 0.0066 0.0494 0.0566 0.0542 0.0986 0.1045 0.3097 0.1494 0.1618 
 412 0.0043 0.0042 0.0152 0.0440 0.0831 0.0909 0.0977 0.2318 0.1322 0.2965 
 413 0.0042 0.0048 0.0305 0.0900 0.0680 0.1081 0.1267 0.1492 0.1287 0.2898 
 414 0.0041 0.0065 0.0224 0.0398 0.1420 0.0820 0.0619 0.2133 0.1355 0.2924 
 415 0.0045 0.0038 0.0099 0.0320 0.0664 0.1907 0.1112 0.2192 0.1812 0.1809 
 416 0.0048 0.0051 0.0130 0.0413 0.1315 0.1250 0.1589 0.1450 0.1522 0.2231 
 417 0.0051 0.0053 0.0160 0.0353 0.0634 0.3157 0.0905 0.1540 0.1050 0.2098 
 418 0.0052 0.0037 0.0124 0.0352 0.0733 0.0930 0.0857 0.1901 0.0930 0.4085 
 419 0.0085 0.0109 0.0147 0.0808 0.1107 0.1397 0.1843 0.1453 0.1312 0.1737 
 420 0.0037 0.0040 0.0087 0.0310 0.0636 0.1303 0.0966 0.0870 0.2326 0.3424 
 421 0.0052 0.0055 0.0167 0.0359 0.0778 0.1853 0.0995 0.1304 0.1279 0.3158 
 422 0.0049 0.0040 0.0115 0.0402 0.0715 0.2398 0.0938 0.1141 0.2756 0.1445 
 423 0.0062 0.0050 0.0134 0.0660 0.0781 0.1882 0.0989 0.2120 0.1540 0.1781 
 424 0.0066 0.0104 0.0126 0.0580 0.1119 0.2122 0.1181 0.1105 0.1456 0.2140 
 425 0.0139 0.0105 0.0149 0.0709 0.1631 0.1009 0.1140 0.2515 0.1155 0.1447 
 426 0.0205 0.0266 0.0403 0.0527 0.0957 0.1603 0.1200 0.1482 0.1137 0.2221 
 427 0.0042 0.0050 0.0208 0.1128 0.0511 0.3109 0.0722 0.1166 0.0879 0.2185 
 428 0.0157 0.0059 0.0132 0.0752 0.0638 0.3018 0.1516 0.1023 0.1628 0.1077 
 429 0.0048 0.0041 0.0109 0.0336 0.0539 0.1783 0.0706 0.2342 0.0911 0.3186 
 430 0.0043 0.0043 0.0138 0.0348 0.0656 0.3944 0.0830 0.1493 0.1052 0.1453 
 431 0.0081 0.0148 0.0248 0.0687 0.1168 0.1223 0.1064 0.1621 0.1506 0.2254 
 432 0.0043 0.0036 0.0125 0.0465 0.0890 0.0983 0.1148 0.1801 0.1460 0.3048 
 433 0.0065 0.0058 0.0133 0.0984 0.0829 0.0753 0.2366 0.1494 0.1812 0.1506 
 434 0.0044 0.0042 0.0162 0.0468 0.0869 0.0998 0.1539 0.2760 0.1739 0.1379 
 435 0.0040 0.0034 0.0092 0.0340 0.0532 0.4234 0.0733 0.1151 0.0972 0.1872 
 436 0.0057 0.0044 0.0102 0.0353 0.0489 0.3633 0.1239 0.1256 0.0922 0.1904 
 437 0.0056 0.0037 0.0107 0.0359 0.0570 0.1448 0.0831 0.4174 0.1060 0.1358 
 438 0.0047 0.0046 0.0117 0.0368 0.0585 0.3894 0.1260 0.0780 0.1513 0.1390 
 439 0.0039 0.0033 0.0101 0.0361 0.0555 0.4913 0.0936 0.1074 0.0760 0.1228 
 440 0.0036 0.0038 0.0085 0.0307 0.0659 0.3838 0.0658 0.1404 0.0939 0.2036 
 441 0.0042 0.0040 0.0134 0.0472 0.0678 0.3634 0.1314 0.1527 0.0967 0.1193 
 442 0.0055 0.0041 0.0086 0.0302 0.1453 0.1357 0.0967 0.2190 0.1302 0.2246 
 443 0.0040 0.0045 0.0092 0.0317 0.0779 0.2283 0.0765 0.0964 0.1804 0.2909 
 444 0.0052 0.0042 0.0093 0.0305 0.1281 0.2076 0.0933 0.2069 0.1344 0.1804 
 445 0.0342 0.0058 0.0110 0.0429 0.0624 0.3042 0.1769 0.1247 0.1328 0.1051 
 446 0.0424 0.0056 0.0113 0.0361 0.0562 0.3392 0.0858 0.1017 0.0744 0.2473 
 447 0.0052 0.0042 0.0099 0.0426 0.1483 0.3206 0.1393 0.1043 0.1094 0.1162 
 448 0.0042 0.0037 0.0106 0.0358 0.0831 0.2770 0.0906 0.1958 0.1137 0.1855 
 449 0.0043 0.0038 0.0110 0.0460 0.0888 0.2729 0.1207 0.1915 0.1166 0.1443 
 450 0.0058 0.0040 0.0117 0.0484 0.0917 0.1735 0.1298 0.3153 0.0707 0.1490 
 451 0.0041 0.0042 0.0093 0.0308 0.0829 0.1355 0.0655 0.1419 0.1263 0.3995 
 452 0.0046 0.0038 0.0112 0.0488 0.0662 0.2040 0.1262 0.2237 0.0858 0.2258 
 453 0.0040 0.0044 0.0108 0.0338 0.1084 0.1828 0.1204 0.0943 0.2899 0.1512 
 454 0.0040 0.0046 0.0249 0.0540 0.0595 0.2636 0.1033 0.2054 0.1193 0.1613 
 455 0.0040 0.0046 0.0100 0.0314 0.0601 0.4746 0.0792 0.1042 0.0953 0.1365 
 456 0.0048 0.0043 0.0091 0.0318 0.0701 0.2979 0.0803 0.1581 0.1841 0.1596 
 457 0.0048 0.0036 0.0102 0.0358 0.0645 0.2772 0.0942 0.2861 0.0982 0.1254 
 458 0.0371 0.0047 0.0116 0.0371 0.0615 0.3521 0.0955 0.1410 0.0926 0.1668 
 459 0.0040 0.0038 0.0098 0.0451 0.0639 0.4098 0.1481 0.0913 0.0721 0.1521 
 460 0.0038 0.0037 0.0096 0.0342 0.0599 0.4059 0.0759 0.0974 0.0811 0.2286 
 461 0.0051 0.0040 0.0100 0.0355 0.0695 0.2027 0.0838 0.1466 0.0696 0.3732 
 462 0.0065 0.0076 0.0128 0.0297 0.1950 0.2662 0.0618 0.1700 0.1293 0.1212 
 463 0.0036 0.0043 0.0112 0.0384 0.0545 0.3792 0.0914 0.0947 0.2324 0.0903 
 464 0.0035 0.0038 0.0087 0.0309 0.0593 0.3336 0.0800 0.0922 0.1201 0.2679 
 465 0.0056 0.0043 0.0107 0.0359 0.0845 0.2844 0.0912 0.1171 0.1357 0.2308 
 466 0.0038 0.0038 0.0094 0.0315 0.0651 0.3095 0.0813 0.0944 0.1972 0.2041 
 467 0.0043 0.0053 0.0129 0.0417 0.0723 0.3489 0.1031 0.1410 0.1411 0.1294 
 468 0.0042 0.0039 0.0087 0.0313 0.0551 0.4116 0.0775 0.1811 0.1216 0.1050 
 469 0.0037 0.0035 0.0091 0.0334 0.0512 0.5584 0.0765 0.0978 0.0698 0.0966 
 470 0.0039 0.0034 0.0092 0.0339 0.0491 0.4464 0.0780 0.0921 0.0841 0.1998 
 471 0.0046 0.0041 0.0096 0.0349 0.1233 0.1424 0.0886 0.1469 0.2209 0.2247 
 472 0.0051 0.0046 0.0100 0.0328 0.1065 0.2317 0.0957 0.2039 0.1545 0.1553 
 473 0.0042 0.0038 0.0130 0.0456 0.0696 0.2362 0.1147 0.2220 0.1497 0.1412 
 474 0.0041 0.0041 0.0103 0.0434 0.0663 0.2116 0.1301 0.2004 0.1229 0.2068 
 475 0.0046 0.0041 0.0109 0.0494 0.0789 0.2133 0.1421 0.1113 0.1262 0.2592 
 476 0.0055 0.0046 0.0100 0.0328 0.0561 0.2877 0.0940 0.2592 0.1051 0.1450 
 477 0.0055 0.0046 0.0109 0.0367 0.1086 0.2553 0.1253 0.1166 0.1110 0.2257 
 478 0.0059 0.0046 0.0101 0.0345 0.1145 0.2151 0.0737 0.0873 0.0811 0.3732 
 479 0.0040 0.0035 0.0093 0.0342 0.0635 0.3601 0.0744 0.1701 0.0822 0.1987 
 480 0.0046 0.0037 0.0100 0.0357 0.0509 0.3016 0.0869 0.2663 0.0881 0.1523 
 481 0.0044 0.0036 0.0094 0.0345 0.1669 0.1365 0.0866 0.2134 0.1584 0.1863 
 482 0.0047 0.0036 0.0090 0.0343 0.0509 0.2428 0.0779 0.2282 0.0824 0.2660 
 483 0.0046 0.0041 0.0118 0.0362 0.0593 0.4407 0.0968 0.1113 0.0783 0.1570 
 484 0.0043 0.0038 0.0102 0.0354 0.0759 0.4360 0.0839 0.0905 0.1663 0.0939 
 485 0.0045 0.0043 0.0106 0.0345 0.0509 0.4969 0.0756 0.0924 0.0809 0.1496 
 486 0.0065 0.0055 0.0113 0.0391 0.1299 0.0767 0.1014 0.1579 0.2950 0.1767 
 487 0.0068 0.0047 0.0121 0.0874 0.1502 0.0881 0.1342 0.2106 0.1605 0.1454 
 488 0.0063 0.0051 0.0116 0.1159 0.2267 0.0828 0.0873 0.1446 0.1477 0.1721 
 489 0.0057 0.0058 0.0125 0.0436 0.0882 0.0590 0.2098 0.2768 0.1978 0.1006 
 490 0.0049 0.0046 0.0090 0.0346 0.1184 0.0984 0.0768 0.1689 0.2052 0.2793 
 491 0.0056 0.0048 0.0132 0.0501 0.2044 0.0653 0.1815 0.1399 0.2381 0.0972 
 492 0.0043 0.0051 0.0112 0.1538 0.1456 0.0813 0.1644 0.1033 0.1575 0.1736 
 493 0.0067 0.0119 0.0120 0.1020 0.2399 0.0622 0.0740 0.1854 0.1770 0.1288 
 494 0.0136 0.0052 0.0119 0.0476 0.1669 0.0847 0.1747 0.1697 0.2020 0.1237 
 495 0.0137 0.0204 0.0119 0.0967 0.2094 0.0764 0.1377 0.1259 0.1385 0.1694 
 496 0.0045 0.0048 0.0132 0.0622 0.0632 0.0872 0.2961 0.1391 0.2106 0.1194 
 497 0.0087 0.0134 0.0188 0.0932 0.2451 0.0633 0.1225 0.1682 0.1779 0.0888 
 498 0.0069 0.0175 0.0119 0.0329 0.1825 0.0712 0.1593 0.1822 0.1748 0.1607 
 499 0.0113 0.0060 0.0145 0.0876 0.1139 0.0752 0.2033 0.1802 0.2018 0.1062 
 500 0.0083 0.0049 0.0114 0.0641 0.0966 0.0858 0.0934 0.3007 0.2215 0.1133 
 501 0.0067 0.0042 0.0111 0.0635 0.1044 0.0947 0.2267 0.2079 0.1220 0.1588 
 502 0.0054 0.0040 0.0110 0.0704 0.1858 0.0849 0.2568 0.1250 0.0896 0.1672 
 503 0.0051 0.0040 0.0100 0.0408 0.0936 0.1167 0.1043 0.3231 0.1345 0.1680 
 504 0.0060 0.0048 0.0103 0.0375 0.2218 0.0845 0.1160 0.1327 0.1653 0.2211 
 505 0.0055 0.0048 0.0105 0.0466 0.1306 0.0756 0.1759 0.1198 0.2915 0.1392 
 506 0.0046 0.0040 0.0119 0.0599 0.1575 0.0670 0.2327 0.1182 0.1490 0.1952 
 507 0.0052 0.0042 0.0128 0.0981 0.0547 0.0644 0.3448 0.0985 0.2391 0.0781 
 508 0.0093 0.0067 0.0140 0.1536 0.0780 0.0599 0.2947 0.0879 0.2019 0.0939 
 509 0.0053 0.0042 0.0109 0.0849 0.1183 0.0849 0.1851 0.1199 0.2649 0.1218 
 510 0.0086 0.0047 0.0108 0.0860 0.0820 0.0614 0.2506 0.2413 0.1271 0.1273 
 511 0.0076 0.0052 0.0116 0.0360 0.1145 0.1324 0.1219 0.1777 0.1632 0.2299 
 512 0.0054 0.0039 0.0097 0.0349 0.1085 0.1018 0.0823 0.2800 0.1156 0.2578 
 513 0.0054 0.0156 0.0127 0.0563 0.3988 0.0492 0.1043 0.0720 0.1856 0.1000 
 514 0.0055 0.0050 0.0161 0.0736 0.0884 0.0916 0.1056 0.1112 0.1426 0.3604 
 515 0.0075 0.0046 0.0105 0.1187 0.0852 0.2197 0.1322 0.1460 0.1700 0.1057 
 516 0.0061 0.0089 0.0116 0.0401 0.0986 0.0816 0.1329 0.1102 0.2565 0.2535 
 517 0.0052 0.0043 0.0124 0.0789 0.0600 0.1900 0.1587 0.0994 0.2203 0.1707 
 518 0.0379 0.0052 0.0156 0.1193 0.0744 0.0625 0.1447 0.2684 0.1556 0.1165 
 519 0.0046 0.0072 0.0103 0.0461 0.1029 0.1073 0.1497 0.1093 0.1304 0.3322 
 520 0.0053 0.0044 0.0121 0.0955 0.0554 0.2479 0.2011 0.0938 0.1958 0.0887 
 521 0.0043 0.0129 0.1303 0.0953 0.0637 0.0716 0.1383 0.1035 0.2026 0.1775 
 522 0.0119 0.0057 0.0118 0.0662 0.0667 0.1268 0.0884 0.2493 0.2378 0.1354 
 523 0.0059 0.0066 0.0230 0.0733 0.0557 0.1496 0.1699 0.0860 0.2890 0.1408 
 524 0.0055 0.0046 0.0123 0.0854 0.0568 0.3075 0.1107 0.1050 0.1663 0.1458 
 525 0.0512 0.0053 0.0159 0.1033 0.0615 0.1541 0.1722 0.1522 0.1869 0.0975 
 526 0.0041 0.0040 0.0108 0.0430 0.0497 0.3451 0.1213 0.0826 0.2530 0.0864 
