   1 0.0182 0.0678 0.4300 0.2746 0.2096 
   2 0.0107 0.0299 0.0886 0.1286 0.7422 
   3 0.0910 0.0734 0.3619 0.2468 0.2270 
   4 0.0247 0.0372 0.0483 0.6911 0.1988 
   5 0.0121 0.0324 0.1259 0.1069 0.7227 
   6 0.0195 0.0184 0.7259 0.0649 0.1713 
   7 0.0243 0.0145 0.1443 0.0728 0.7441 
   8 0.0615 0.0323 0.1970 0.4035 0.3057 
   9 0.0207 0.0385 0.3453 0.1907 0.4048 
  10 0.0207 0.0156 0.3375 0.2159 0.4103 
  11 0.0197 0.0166 0.2313 0.0740 0.6583 
  12 0.0112 0.0336 0.1969 0.1909 0.5673 
  13 0.0139 0.0263 0.2742 0.1637 0.5220 
  14 0.0406 0.1203 0.1065 0.2602 0.4724 
  15 0.0461 0.0342 0.0805 0.3375 0.5017 
  16 0.0221 0.0304 0.5021 0.1099 0.3355 
  17 0.0206 0.0414 0.4495 0.1277 0.3608 
  18 0.0657 0.0337 0.3500 0.2510 0.2997 
  19 0.0181 0.0178 0.5720 0.1026 0.2895 
  20 0.0322 0.0357 0.1064 0.1308 0.6948 
  21 0.0190 0.0786 0.1865 0.3780 0.3379 
  22 0.0160 0.0246 0.6961 0.1076 0.1557 
  23 0.0312 0.1769 0.0691 0.3813 0.3415 
  24 0.0202 0.0342 0.4538 0.2652 0.2266 
  25 0.0401 0.0221 0.1373 0.0626 0.7379 
  26 0.0181 0.0345 0.4733 0.1931 0.2810 
  27 0.0160 0.0630 0.3409 0.1596 0.4203 
  28 0.0275 0.0264 0.2146 0.3968 0.3347 
  29 0.0111 0.0379 0.1080 0.1249 0.7179 
  30 0.0159 0.0388 0.7060 0.0872 0.1521 
  31 0.0130 0.0502 0.3129 0.2138 0.4101 
  32 0.0534 0.0433 0.1416 0.3034 0.4584 
  33 0.0577 0.0908 0.2627 0.2269 0.3620 
  34 0.0767 0.0202 0.1514 0.1190 0.6327 
  35 0.0134 0.1763 0.4365 0.1049 0.2689 
  36 0.0442 0.5082 0.1756 0.1090 0.1629 
  37 0.0142 0.0524 0.1216 0.3875 0.4243 
  38 0.3738 0.1186 0.1171 0.0675 0.3230 
  39 0.0671 0.1166 0.2569 0.1008 0.4586 
  40 0.0181 0.4449 0.1222 0.2414 0.1734 
  41 0.0422 0.4756 0.1809 0.0717 0.2295 
  42 0.0419 0.3176 0.1106 0.3736 0.1563 
  43 0.0138 0.3505 0.0745 0.1943 0.3669 
  44 0.0181 0.5410 0.2088 0.0586 0.1734 
  45 0.0290 0.3355 0.2317 0.0719 0.3319 
  46 0.0259 0.0943 0.3900 0.0772 0.4126 
  47 0.0125 0.0464 0.5041 0.1550 0.2821 
  48 0.0264 0.5800 0.2037 0.0620 0.1278 
  49 0.0258 0.1402 0.2968 0.1350 0.4022 
  50 0.0410 0.0477 0.3187 0.1452 0.4473 
  51 0.0161 0.7933 0.0425 0.0532 0.0949 
  52 0.0317 0.1095 0.3411 0.1048 0.4129 
  53 0.3696 0.0629 0.2026 0.1342 0.2307 
  54 0.0085 0.1056 0.1878 0.2405 0.4576 
  55 0.0147 0.4761 0.0837 0.1095 0.3159 
  56 0.0435 0.3134 0.2969 0.1491 0.1971 
  57 0.0174 0.0184 0.3607 0.2697 0.3338 
  58 0.0184 0.2936 0.1364 0.1469 0.4047 
  59 0.0582 0.2904 0.2111 0.1053 0.3350 
  60 0.0217 0.4884 0.0794 0.2350 0.1755 
  61 0.0075 0.3672 0.0471 0.2809 0.2973 
  62 0.0176 0.0439 0.3793 0.1080 0.4512 
  63 0.0220 0.1510 0.0797 0.2128 0.5346 
  64 0.0435 0.0358 0.5484 0.0823 0.2900 
  65 0.0159 0.0265 0.0652 0.0547 0.8377 
  66 0.0133 0.0604 0.0536 0.3730 0.4997 
  67 0.0093 0.3089 0.0812 0.1078 0.4927 
  68 0.0673 0.2684 0.1991 0.1399 0.3253 
  69 0.3535 0.0816 0.1255 0.1615 0.2779 
  70 0.0627 0.4213 0.0613 0.1430 0.3117 
  71 0.0378 0.5017 0.1225 0.0542 0.2838 
  72 0.0319 0.1220 0.4838 0.0938 0.2685 
  73 0.0150 0.2409 0.0649 0.0856 0.5937 
  74 0.0508 0.3399 0.2428 0.2104 0.1561 
  75 0.0322 0.4204 0.1455 0.2825 0.1194 
  76 0.0167 0.2026 0.0691 0.1129 0.5987 
  77 0.0487 0.4982 0.0883 0.0582 0.3065 
  78 0.1799 0.4220 0.0795 0.0712 0.2474 
  79 0.0181 0.0141 0.1162 0.0867 0.7649 
  80 0.0160 0.0161 0.0832 0.6460 0.2387 
  81 0.0198 0.0134 0.1150 0.5042 0.3476 
  82 0.0130 0.0583 0.0584 0.2156 0.6546 
  83 0.0785 0.0312 0.0822 0.4069 0.4012 
  84 0.0303 0.0187 0.0675 0.3235 0.5601 
  85 0.0705 0.0262 0.1141 0.4454 0.3438 
  86 0.0158 0.1160 0.1271 0.1137 0.6275 
  87 0.0382 0.0243 0.0627 0.1024 0.7723 
  88 0.0135 0.0229 0.0658 0.3826 0.5152 
  89 0.0133 0.0177 0.0683 0.5439 0.3567 
  90 0.0159 0.0159 0.0513 0.1003 0.8166 
  91 0.0530 0.0281 0.0675 0.6249 0.2265 
  92 0.0154 0.0199 0.0933 0.1672 0.7042 
  93 0.0092 0.0172 0.0468 0.8052 0.1216 
  94 0.3958 0.0239 0.0577 0.0757 0.4469 
  95 0.0147 0.0190 0.0397 0.2190 0.7077 
  96 0.0091 0.3499 0.0393 0.3585 0.2432 
  97 0.0494 0.2241 0.2347 0.3221 0.1697 
  98 0.0131 0.2932 0.1504 0.1726 0.3709 
  99 0.0213 0.0161 0.0599 0.2919 0.6108 
 100 0.0085 0.0251 0.0441 0.7823 0.1401 
 101 0.0310 0.0383 0.0567 0.1948 0.6792 
 102 0.0427 0.0556 0.0461 0.4577 0.3979 
 103 0.0120 0.0350 0.0385 0.3377 0.5768 
 104 0.0143 0.0405 0.0483 0.1285 0.7685 
 105 0.0100 0.0364 0.0377 0.2148 0.7011 
 106 0.0375 0.0303 0.1021 0.0433 0.7868 
 107 0.0125 0.0358 0.0417 0.2308 0.6791 
 108 0.1710 0.4126 0.0444 0.0912 0.2807 
 109 0.0361 0.0398 0.0812 0.0470 0.7958 
 110 0.0456 0.0224 0.0978 0.0508 0.7834 
 111 0.0114 0.0226 0.0413 0.0610 0.8638 
 112 0.0319 0.0328 0.0542 0.0460 0.8350 
 113 0.0273 0.1046 0.1283 0.1753 0.5645 
 114 0.0128 0.0290 0.0438 0.1552 0.7591 
 115 0.0157 0.1059 0.0505 0.0843 0.7436 
 116 0.0444 0.1236 0.1015 0.0524 0.6781 
 117 0.0265 0.0369 0.0974 0.0675 0.7717 
 118 0.0169 0.0465 0.0526 0.0884 0.7956 
 119 0.0343 0.3270 0.0350 0.3398 0.2639 
 120 0.0151 0.0376 0.0463 0.0840 0.8169 
 121 0.0196 0.1733 0.0555 0.0662 0.6854 
 122 0.0261 0.0243 0.0815 0.0573 0.8110 
 123 0.0447 0.0351 0.0578 0.0851 0.7774 
 124 0.0615 0.0888 0.2205 0.0695 0.5597 
 125 0.0511 0.0776 0.3406 0.0757 0.4550 
 126 0.0349 0.0996 0.0799 0.0972 0.6884 
 127 0.0136 0.0239 0.0344 0.0683 0.8597 
 128 0.0084 0.0477 0.0535 0.0857 0.8047 
 129 0.0106 0.0290 0.0383 0.0689 0.8532 
 130 0.0132 0.0204 0.0443 0.1799 0.7422 
 131 0.2323 0.1291 0.1303 0.0567 0.4515 
 132 0.0220 0.0312 0.0758 0.0531 0.8180 
 133 0.0199 0.0497 0.0469 0.0960 0.7875 
 134 0.0196 0.0167 0.0776 0.0370 0.8490 
 135 0.0134 0.1406 0.0570 0.6033 0.1858 
 136 0.0113 0.0177 0.0685 0.7969 0.1055 
 137 0.0111 0.0160 0.0447 0.7694 0.1588 
 138 0.0124 0.0263 0.0638 0.8093 0.0882 
 139 0.0132 0.1404 0.0936 0.5405 0.2123 
 140 0.0153 0.0707 0.1100 0.5274 0.2765 
 141 0.0187 0.0276 0.1210 0.7081 0.1247 
 142 0.0122 0.1792 0.0478 0.5972 0.1636 
 143 0.0080 0.0167 0.0367 0.8603 0.0782 
 144 0.0097 0.0176 0.0401 0.7806 0.1520 
 145 0.0176 0.0388 0.1725 0.6118 0.1593 
 146 0.0161 0.0429 0.1287 0.5370 0.2753 
 147 0.0086 0.0143 0.0455 0.8516 0.0799 
 148 0.0117 0.0491 0.0560 0.6430 0.2402 
 149 0.0138 0.0459 0.0697 0.7676 0.1030 
 150 0.0102 0.0212 0.0515 0.6433 0.2738 
 151 0.0086 0.0205 0.0448 0.8023 0.1238 
 152 0.0324 0.0863 0.0576 0.6032 0.2205 
 153 0.0137 0.0456 0.0802 0.7324 0.1282 
 154 0.0111 0.0303 0.0622 0.7811 0.1153 
 155 0.0081 0.0195 0.0381 0.8275 0.1067 
 156 0.0076 0.0907 0.0325 0.7134 0.1557 
 157 0.0204 0.0195 0.0358 0.6780 0.2463 
 158 0.0197 0.0299 0.1701 0.6353 0.1450 
 159 0.0093 0.0146 0.0401 0.8525 0.0835 
 160 0.0096 0.0149 0.0426 0.8438 0.0891 
 161 0.0151 0.0340 0.0911 0.6907 0.1691 
 162 0.0146 0.0489 0.1547 0.4790 0.3028 
 163 0.0076 0.0275 0.0375 0.8279 0.0995 
 164 0.0120 0.0294 0.0805 0.5395 0.3386 
 165 0.0096 0.0218 0.0462 0.6775 0.2449 
 166 0.0753 0.0436 0.0375 0.5902 0.2533 
 167 0.0154 0.0242 0.1170 0.6561 0.1873 
 168 0.0416 0.0478 0.0661 0.7154 0.1292 
 169 0.0503 0.0407 0.4828 0.3055 0.1208 
 170 0.0085 0.0481 0.0421 0.7654 0.1358 
 171 0.0332 0.0410 0.0656 0.6335 0.2267 
 172 0.0441 0.1562 0.1826 0.5173 0.0997 
 173 0.0086 0.0180 0.0407 0.8402 0.0925 
 174 0.0090 0.0151 0.0469 0.8117 0.1174 
 175 0.0098 0.0226 0.0619 0.8165 0.0892 
 176 0.0097 0.0180 0.0394 0.7819 0.1510 
 177 0.0359 0.0304 0.0697 0.5429 0.3211 
 178 0.0111 0.0165 0.0756 0.7463 0.1504 
 179 0.0087 0.0146 0.0403 0.8564 0.0800 
 180 0.0169 0.0400 0.1603 0.6018 0.1811 
 181 0.0144 0.0439 0.0886 0.7211 0.1319 
 182 0.0082 0.0296 0.0386 0.8149 0.1086 
 183 0.0085 0.0174 0.0458 0.8409 0.0874 
 184 0.0222 0.0532 0.1534 0.1610 0.6101 
 185 0.0083 0.0844 0.0344 0.7865 0.0864 
 186 0.0105 0.0322 0.0881 0.1126 0.7567 
 187 0.0138 0.0379 0.0963 0.5332 0.3189 
 188 0.0088 0.0344 0.0733 0.0857 0.7977 
 189 0.0685 0.0520 0.2303 0.4478 0.2015 
 190 0.0070 0.4568 0.0287 0.3954 0.1121 
 191 0.0097 0.0340 0.0904 0.3035 0.5624 
 192 0.0118 0.0260 0.0827 0.4494 0.4300 
 193 0.0131 0.0691 0.1356 0.4033 0.3789 
 194 0.0112 0.0616 0.0722 0.4210 0.4340 
 195 0.0073 0.0555 0.0395 0.7843 0.1134 
 196 0.0108 0.3115 0.0390 0.3939 0.2449 
 197 0.0152 0.0587 0.2709 0.2571 0.3981 
 198 0.0168 0.0581 0.1551 0.2907 0.4792 
 199 0.0130 0.2600 0.0520 0.4416 0.2334 
 200 0.0256 0.2939 0.0735 0.3262 0.2808 
 201 0.0083 0.0426 0.0501 0.7636 0.1353 
 202 0.0073 0.0679 0.0391 0.7420 0.1437 
 203 0.0085 0.0336 0.0417 0.7724 0.1438 
 204 0.0074 0.0768 0.0442 0.6520 0.2196 
 205 0.0187 0.1713 0.0910 0.3313 0.3878 
 206 0.0083 0.0674 0.0574 0.6240 0.2429 
 207 0.0078 0.1279 0.0527 0.2853 0.5262 
 208 0.0087 0.1671 0.0553 0.5178 0.2512 
 209 0.0101 0.0617 0.1058 0.3520 0.4704 
 210 0.0080 0.0557 0.0511 0.5758 0.3095 
 211 0.0077 0.3064 0.0407 0.2668 0.3784 
 212 0.0099 0.0429 0.0793 0.7347 0.1333 
 213 0.0135 0.1889 0.0643 0.2136 0.5196 
 214 0.0083 0.0490 0.0469 0.7624 0.1334 
 215 0.0167 0.1678 0.0575 0.2114 0.5466 
 216 0.0162 0.0588 0.1636 0.1948 0.5665 
 217 0.0127 0.0605 0.0592 0.7340 0.1336 
 218 0.0185 0.0512 0.0823 0.4395 0.4086 
 219 0.0339 0.0359 0.2173 0.4409 0.2721 
 220 0.0081 0.0732 0.0587 0.3520 0.5080 
 221 0.0072 0.0880 0.0333 0.7889 0.0826 
 222 0.0180 0.0393 0.2768 0.2766 0.3894 
 223 0.0195 0.0416 0.1104 0.5811 0.2474 
 224 0.0084 0.0328 0.0515 0.7294 0.1780 
 225 0.0119 0.1035 0.0731 0.4899 0.3216 
 226 0.1672 0.1015 0.1169 0.3662 0.2482 
 227 0.0078 0.1180 0.0482 0.5835 0.2426 
 228 0.0078 0.1465 0.0381 0.6851 0.1225 
 229 0.0082 0.0202 0.0611 0.6986 0.2119 
 230 0.0083 0.0281 0.0548 0.6544 0.2544 
 231 0.0108 0.0225 0.1031 0.6321 0.2317 
 232 0.0165 0.0730 0.1187 0.4673 0.3244 
 233 0.0081 0.0337 0.0453 0.7872 0.1256 
 234 0.0134 0.0310 0.1235 0.3859 0.4462 
 235 0.0178 0.0974 0.1162 0.5250 0.2436 
 236 0.0142 0.0431 0.0846 0.6134 0.2447 
 237 0.0090 0.0826 0.0620 0.4154 0.4310 
 238 0.0080 0.0440 0.0513 0.7086 0.1881 
 239 0.0072 0.0524 0.0393 0.7867 0.1144 
 240 0.0082 0.0443 0.0529 0.7079 0.1866 
 241 0.0099 0.0425 0.0457 0.7762 0.1258 
 242 0.0261 0.0446 0.1298 0.5381 0.2613 
 243 0.0077 0.3523 0.0353 0.4209 0.1838 
 244 0.0081 0.0328 0.0464 0.7511 0.1617 
 245 0.0074 0.0432 0.0376 0.7954 0.1163 
 246 0.0125 0.0642 0.0595 0.7306 0.1331 
 247 0.0187 0.0620 0.0628 0.0864 0.7701 
 248 0.0098 0.1413 0.0623 0.1308 0.6559 
 249 0.0084 0.0380 0.0546 0.6931 0.2059 
 250 0.0125 0.0305 0.0867 0.5257 0.3445 
 251 0.0560 0.1155 0.1091 0.2558 0.4636 
 252 0.0126 0.0581 0.0911 0.5706 0.2676 
 253 0.0223 0.1148 0.0832 0.2160 0.5638 
 254 0.0140 0.0526 0.2078 0.3403 0.3854 
 255 0.0099 0.0391 0.1517 0.4158 0.3834 
 256 0.0100 0.0825 0.0600 0.6560 0.1916 
 257 0.0114 0.1163 0.0691 0.4112 0.3920 
 258 0.0124 0.1791 0.0665 0.2356 0.5065 
 259 0.0112 0.0511 0.0761 0.3708 0.4908 
 260 0.0169 0.0286 0.1975 0.4664 0.2905 
 261 0.0136 0.0793 0.0778 0.6441 0.1852 
 262 0.0102 0.1559 0.0388 0.6956 0.0996 
 263 0.0102 0.0764 0.0899 0.3377 0.4858 
 264 0.0200 0.0555 0.5171 0.0691 0.3384 
 265 0.0224 0.0822 0.1374 0.4330 0.3250 
 266 0.0071 0.0627 0.0346 0.8081 0.0875 
 267 0.0099 0.0483 0.1033 0.4823 0.3562 
 268 0.0110 0.3012 0.0401 0.3996 0.2481 
 269 0.0503 0.0402 0.2165 0.4350 0.2580 
 270 0.0136 0.0504 0.1378 0.2224 0.5759 
 271 0.0148 0.2068 0.0614 0.2310 0.4859 
 272 0.1350 0.2500 0.0677 0.2500 0.2974 
 273 0.0505 0.0923 0.1411 0.4561 0.2599 
 274 0.0285 0.0942 0.1279 0.3289 0.4205 
 275 0.0554 0.1035 0.1475 0.4317 0.2619 
 276 0.0707 0.2841 0.0755 0.2211 0.3486 
 277 0.0172 0.0387 0.1275 0.5411 0.2755 
 278 0.0166 0.3347 0.0535 0.2329 0.3623 
 279 0.0168 0.0641 0.0975 0.4775 0.3441 
 280 0.0335 0.0998 0.2345 0.3728 0.2593 
 281 0.0138 0.0770 0.0918 0.3278 0.4896 
 282 0.0148 0.0273 0.1014 0.6494 0.2072 
 283 0.0085 0.0274 0.0543 0.7529 0.1569 
 284 0.0132 0.0579 0.0590 0.4259 0.4441 
 285 0.0136 0.2121 0.0721 0.0708 0.6314 
 286 0.0082 0.0332 0.0477 0.7491 0.1619 
 287 0.0267 0.0496 0.1641 0.4026 0.3569 
 288 0.1115 0.1088 0.1065 0.3201 0.3531 
 289 0.0762 0.1213 0.0663 0.2258 0.5104 
 290 0.0203 0.2438 0.2355 0.2178 0.2826 
 291 0.0145 0.1986 0.0625 0.2340 0.4904 
 292 0.0305 0.1816 0.1679 0.4340 0.1861 
 293 0.0207 0.2086 0.3117 0.1217 0.3373 
 294 0.0152 0.1041 0.1007 0.3259 0.4541 
 295 0.0532 0.1563 0.0953 0.3146 0.3805 
 296 0.0163 0.1135 0.0520 0.3201 0.4981 
 297 0.0297 0.0604 0.2839 0.2653 0.3607 
 298 0.0132 0.0225 0.1101 0.5698 0.2844 
 299 0.0098 0.0317 0.1470 0.3317 0.4798 
 300 0.0108 0.1028 0.0915 0.2642 0.5307 
 301 0.0303 0.0595 0.2017 0.2282 0.4804 
 302 0.0179 0.2226 0.0743 0.2672 0.4180 
 303 0.0122 0.0468 0.0982 0.6625 0.1803 
 304 0.0133 0.0237 0.2110 0.4797 0.2723 
 305 0.0120 0.0712 0.0449 0.7421 0.1298 
 306 0.0163 0.0504 0.0765 0.7115 0.1453 
 307 0.0162 0.0549 0.0928 0.4519 0.3841 
 308 0.0138 0.0796 0.0801 0.6447 0.1819 
 309 0.0252 0.1639 0.0594 0.2805 0.4710 
 310 0.0082 0.1174 0.0475 0.6647 0.1623 
 311 0.0081 0.0276 0.0537 0.6557 0.2549 
 312 0.0081 0.0810 0.0383 0.3162 0.5565 
 313 0.0104 0.3605 0.0453 0.1468 0.4371 
 314 0.0095 0.0261 0.0376 0.8545 0.0723 
 315 0.0214 0.0379 0.0382 0.8093 0.0932 
 316 0.0393 0.0255 0.0456 0.7912 0.0984 
 317 0.0106 0.0159 0.0386 0.8612 0.0738 
 318 0.0119 0.0124 0.0413 0.8618 0.0726 
 319 0.0083 0.0171 0.0402 0.8541 0.0802 
 320 0.0094 0.0267 0.0378 0.8539 0.0723 
 321 0.0120 0.0141 0.0430 0.8550 0.0758 
 322 0.0312 0.0375 0.0431 0.7885 0.0996 
 323 0.0093 0.0134 0.0460 0.8561 0.0751 
 324 0.0121 0.0145 0.0428 0.8540 0.0766 
 325 0.0421 0.0210 0.0392 0.8032 0.0946 
 326 0.0692 0.0239 0.0408 0.7755 0.0906 
 327 0.0107 0.0157 0.0393 0.8599 0.0744 
 328 0.0262 0.0274 0.0410 0.7996 0.1057 
 329 0.0088 0.0126 0.0399 0.8645 0.0742 
 330 0.0107 0.0163 0.0387 0.8596 0.0747 
 331 0.0090 0.0128 0.0392 0.8635 0.0756 
 332 0.0526 0.0197 0.0517 0.7807 0.0952 
 333 0.0395 0.0256 0.0407 0.7973 0.0968 
 334 0.0261 0.0269 0.0409 0.8008 0.1053 
 335 0.0231 0.0303 0.0378 0.8093 0.0995 
 336 0.0117 0.0189 0.0492 0.8478 0.0724 
 337 0.0404 0.0261 0.0415 0.7915 0.1006 
 338 0.0132 0.0122 0.0441 0.8558 0.0746 
 339 0.0089 0.0127 0.0394 0.8638 0.0752 
 340 0.0081 0.0137 0.0358 0.8687 0.0736 
 341 0.0118 0.0143 0.0445 0.8522 0.0772 
 342 0.0106 0.0157 0.0392 0.8601 0.0744 
 343 0.0221 0.0507 0.0473 0.7812 0.0987 
 344 0.0088 0.0122 0.0404 0.8644 0.0742 
 345 0.0107 0.0158 0.0380 0.8620 0.0734 
 346 0.0104 0.0136 0.0367 0.8683 0.0710 
 347 0.0081 0.0132 0.0360 0.8712 0.0715 
 348 0.0187 0.0594 0.0360 0.7920 0.0939 
 349 0.0109 0.0156 0.0384 0.8601 0.0750 
 350 0.0082 0.0196 0.0406 0.8544 0.0771 
 351 0.0218 0.0292 0.0378 0.8117 0.0995 
 352 0.0335 0.0311 0.0391 0.7993 0.0970 
 353 0.0123 0.0190 0.0495 0.8465 0.0727 
 354 0.0091 0.0126 0.0415 0.8622 0.0746 
 355 0.0118 0.0125 0.0405 0.8616 0.0736 
 356 0.0183 0.0681 0.0362 0.7802 0.0972 
 357 0.0892 0.0247 0.1251 0.5447 0.2164 
 358 0.0294 0.0198 0.0431 0.8093 0.0984 
 359 0.0096 0.0124 0.0419 0.8586 0.0776 
 360 0.0106 0.0136 0.0374 0.8676 0.0708 
 361 0.0793 0.0342 0.1356 0.5042 0.2467 
 362 0.1095 0.0392 0.1039 0.1386 0.6087 
 363 0.0927 0.0531 0.1873 0.0689 0.5981 
 364 0.0195 0.0295 0.3497 0.3150 0.2863 
 365 0.0545 0.0271 0.6078 0.0688 0.2417 
 366 0.0508 0.2376 0.2736 0.1790 0.2590 
 367 0.1473 0.0167 0.0948 0.0448 0.6965 
 368 0.0130 0.0174 0.0860 0.0858 0.7978 
 369 0.0222 0.1506 0.1743 0.3773 0.2756 
 370 0.0255 0.0434 0.0883 0.1231 0.7198 
 371 0.0241 0.0591 0.2979 0.1855 0.4333 
 372 0.0410 0.0616 0.1253 0.1952 0.5769 
 373 0.0171 0.0226 0.2376 0.1640 0.5586 
 374 0.0608 0.0289 0.1682 0.3772 0.3650 
 375 0.0293 0.0200 0.3434 0.0619 0.5454 
 376 0.0780 0.0190 0.6197 0.0501 0.2331 
 377 0.0571 0.0428 0.2251 0.0935 0.5815 
 378 0.0257 0.0206 0.0506 0.2567 0.6464 
 379 0.0972 0.0286 0.6103 0.0462 0.2177 
 380 0.0679 0.0628 0.5991 0.1537 0.1166 
 381 0.0160 0.0537 0.7229 0.1106 0.0968 
 382 0.0488 0.0156 0.1553 0.0651 0.7153 
 383 0.0919 0.0239 0.6483 0.1313 0.1047 
 384 0.0706 0.0248 0.6096 0.1087 0.1863 
 385 0.0148 0.0147 0.2216 0.2375 0.5114 
 386 0.0660 0.0241 0.1537 0.0615 0.6947 
 387 0.0462 0.0270 0.1911 0.0707 0.6650 
 388 0.0293 0.0210 0.2337 0.3071 0.4090 
 389 0.0193 0.2303 0.0954 0.0999 0.5551 
 390 0.1850 0.1779 0.1586 0.0623 0.4163 
 391 0.0338 0.0891 0.1068 0.1315 0.6388 
 392 0.0257 0.0276 0.6131 0.1056 0.2280 
 393 0.0413 0.0522 0.7300 0.0765 0.1000 
 394 0.0814 0.0258 0.0936 0.3266 0.4727 
 395 0.0790 0.2512 0.1395 0.0861 0.4441 
 396 0.0154 0.0185 0.2553 0.0491 0.6616 
 397 0.0113 0.0427 0.4301 0.2679 0.2480 
 398 0.1705 0.0297 0.3982 0.0500 0.3516 
 399 0.0895 0.0581 0.0596 0.0708 0.7219 
 400 0.0283 0.0228 0.3385 0.0916 0.5189 
 401 0.0253 0.0748 0.0840 0.0950 0.7208 
 402 0.0156 0.0995 0.3052 0.1241 0.4556 
 403 0.0242 0.0282 0.1797 0.4257 0.3422 
 404 0.0182 0.0267 0.4283 0.1511 0.3757 
 405 0.0742 0.0519 0.2057 0.1442 0.5240 
 406 0.2550 0.3861 0.0596 0.1768 0.1225 
 407 0.0647 0.0213 0.6446 0.0506 0.2189 
 408 0.0126 0.0978 0.0456 0.0529 0.7911 
 409 0.0482 0.3255 0.1641 0.2988 0.1634 
 410 0.0691 0.0366 0.4917 0.1022 0.3004 
 411 0.0338 0.0729 0.5146 0.1842 0.1945 
 412 0.0162 0.0154 0.1043 0.0817 0.7824 
 413 0.0229 0.0210 0.0653 0.2443 0.6465 
 414 0.0153 0.0162 0.0761 0.0565 0.8358 
 415 0.0957 0.0872 0.4584 0.0771 0.2815 
 416 0.0161 0.0472 0.4964 0.1089 0.3314 
 417 0.3738 0.0225 0.1924 0.0691 0.3422 
 418 0.0192 0.0145 0.1747 0.0554 0.7362 
 419 0.0289 0.0842 0.2633 0.2344 0.3892 
 420 0.0249 0.1991 0.0863 0.0656 0.6241 
 421 0.1013 0.0274 0.2210 0.0804 0.5698 
 422 0.0545 0.1616 0.3692 0.0957 0.3190 
 423 0.1715 0.0400 0.2590 0.0963 0.4332 
 424 0.0921 0.1146 0.0647 0.0960 0.6326 
 425 0.0247 0.0344 0.4663 0.1206 0.3540 
 426 0.0875 0.0253 0.1259 0.1242 0.6371 
 427 0.3549 0.0365 0.1828 0.1532 0.2725 
 428 0.2001 0.0875 0.2385 0.2632 0.2108 
 429 0.1551 0.0167 0.3321 0.0463 0.4498 
 430 0.1495 0.0341 0.4905 0.0640 0.2619 
 431 0.0818 0.0237 0.0650 0.1151 0.7144 
 432 0.0149 0.0200 0.0953 0.0960 0.7738 
 433 0.0121 0.0434 0.0825 0.3780 0.4839 
 434 0.0173 0.0352 0.2909 0.1962 0.4603 
 435 0.5848 0.0278 0.1086 0.0466 0.2321 
 436 0.6731 0.0305 0.0805 0.0882 0.1277 
 437 0.1212 0.0243 0.5486 0.0572 0.2487 
 438 0.4196 0.1606 0.0729 0.1155 0.2314 
 439 0.3794 0.0233 0.3525 0.0735 0.1713 
 440 0.6679 0.0216 0.0848 0.0400 0.1857 
 441 0.1226 0.0309 0.3420 0.1398 0.3646 
 442 0.0353 0.0407 0.3782 0.0559 0.4899 
 443 0.1620 0.1240 0.0833 0.0521 0.5786 
 444 0.1389 0.0632 0.3126 0.0570 0.4283 
 445 0.0219 0.0989 0.5726 0.1717 0.1349 
 446 0.2949 0.0229 0.3059 0.0551 0.3211 
 447 0.3570 0.0653 0.1312 0.1183 0.3283 
 448 0.1134 0.0358 0.3202 0.0632 0.4675 
 449 0.1269 0.0346 0.3171 0.1049 0.4165 
 450 0.0194 0.0128 0.7182 0.0737 0.1759 
 451 0.0439 0.0303 0.0575 0.0430 0.8253 
 452 0.0498 0.0157 0.6470 0.0742 0.2133 
 453 0.0186 0.3744 0.0907 0.1144 0.4020 
 454 0.2520 0.0288 0.2164 0.1285 0.3743 
 455 0.6081 0.0628 0.0881 0.0562 0.1849 
 456 0.2453 0.1536 0.2463 0.0515 0.3033 
 457 0.1747 0.0253 0.5319 0.0616 0.2065 
 458 0.0368 0.0196 0.7296 0.0601 0.1539 
 459 0.2802 0.0392 0.1354 0.1362 0.4089 
 460 0.3470 0.0271 0.1426 0.0535 0.4297 
 461 0.0569 0.0150 0.1769 0.0546 0.6966 
 462 0.0455 0.0636 0.4690 0.0416 0.3804 
 463 0.2160 0.4148 0.0871 0.0960 0.1862 
 464 0.2630 0.0738 0.0990 0.0529 0.5113 
 465 0.0461 0.0410 0.1597 0.0693 0.6839 
 466 0.1334 0.1884 0.0899 0.0595 0.5287 
 467 0.0588 0.0618 0.4292 0.1023 0.3479 
 468 0.5679 0.0638 0.1667 0.0526 0.1490 
 469 0.6867 0.0184 0.1213 0.0532 0.1204 
 470 0.6914 0.0216 0.0700 0.0447 0.1723 
 471 0.0306 0.1768 0.3269 0.0629 0.4028 
 472 0.0176 0.0653 0.4804 0.0672 0.3695 
 473 0.1158 0.0460 0.2407 0.1079 0.4896 
 474 0.0366 0.0326 0.6369 0.0781 0.2159 
 475 0.0531 0.0328 0.1330 0.1120 0.6692 
 476 0.1158 0.0377 0.5852 0.0653 0.1959 
 477 0.0599 0.0465 0.0945 0.0957 0.7034 
 478 0.0543 0.0204 0.0675 0.0498 0.8081 
 479 0.5078 0.0189 0.1236 0.0466 0.3031 
 480 0.3490 0.0195 0.3998 0.0629 0.1688 
 481 0.0219 0.0378 0.4090 0.0602 0.4711 
 482 0.2870 0.0173 0.3229 0.0497 0.3231 
 483 0.5447 0.0237 0.1574 0.0750 0.1993 
 484 0.3057 0.1691 0.1793 0.0739 0.2720 
 485 0.7714 0.0191 0.0477 0.0460 0.1158 
 486 0.0169 0.1271 0.0896 0.1002 0.6662 
 487 0.0175 0.0483 0.1939 0.2335 0.5069 
 488 0.0139 0.0373 0.0904 0.1503 0.7081 
 489 0.0112 0.1394 0.2538 0.2988 0.2967 
 490 0.0188 0.0577 0.0833 0.0564 0.7838 
 491 0.0104 0.0551 0.1111 0.3074 0.5160 
 492 0.0126 0.0616 0.0841 0.3735 0.4681 
 493 0.0123 0.0529 0.1292 0.1363 0.6693 
 494 0.0204 0.0652 0.2112 0.2201 0.4831 
 495 0.0158 0.0597 0.1020 0.1903 0.6321 
 496 0.0153 0.0661 0.0857 0.4988 0.3341 
 497 0.0114 0.0292 0.1140 0.2436 0.6019 
 498 0.0165 0.1240 0.0959 0.1401 0.6234 
 499 0.0136 0.0577 0.1517 0.4211 0.3558 
 500 0.0328 0.0555 0.3249 0.1362 0.4506 
 501 0.0226 0.0272 0.2337 0.2839 0.4326 
 502 0.0140 0.0178 0.1465 0.3239 0.4978 
 503 0.0177 0.0294 0.5947 0.0660 0.2922 
 504 0.0126 0.0409 0.0571 0.0801 0.8093 
 505 0.0157 0.1617 0.0954 0.2375 0.4897 
 506 0.0116 0.0267 0.1191 0.3243 0.5183 
 507 0.0088 0.0472 0.0510 0.7850 0.1081 
 508 0.0092 0.1195 0.0537 0.6388 0.1789 
 509 0.0146 0.0727 0.0849 0.4160 0.4118 
 510 0.0120 0.0325 0.3629 0.3192 0.2735 
 511 0.0957 0.0731 0.2839 0.1032 0.4441 
 512 0.0304 0.0195 0.4068 0.0562 0.4871 
 513 0.0078 0.1021 0.0348 0.1182 0.7371 
 514 0.0154 0.0265 0.0529 0.1068 0.7984 
 515 0.1276 0.0921 0.2489 0.2157 0.3157 
 516 0.0142 0.0704 0.0613 0.1144 0.7397 
 517 0.0801 0.1816 0.0770 0.2123 0.4490 
 518 0.0114 0.0259 0.3414 0.3886 0.2327 
 519 0.0246 0.0282 0.0561 0.1138 0.7774 
 520 0.2475 0.1606 0.0565 0.3919 0.1434 
 521 0.0164 0.0403 0.0474 0.4967 0.3991 
 522 0.0982 0.2215 0.3243 0.0829 0.2731 
 523 0.0359 0.3532 0.0420 0.2596 0.3093 
 524 0.3976 0.0799 0.0850 0.1478 0.2897 
 525 0.0484 0.0626 0.3094 0.3659 0.2136 
 526 0.3144 0.3285 0.0635 0.1563 0.1373 
 527 0.0121 0.0202 0.3826 0.0884 0.4967 
 528 0.0093 0.0451 0.0533 0.6986 0.1938 
 529 0.0099 0.0439 0.2141 0.2943 0.4377 
 530 0.0477 0.1134 0.3386 0.1451 0.3553 
 531 0.0588 0.0607 0.1443 0.4795 0.2567 
 532 0.0139 0.0689 0.2040 0.3331 0.3801 
 533 0.0335 0.1179 0.3762 0.1360 0.3363 
 534 0.0116 0.1639 0.0917 0.2542 0.4786 
 535 0.0731 0.2575 0.0719 0.1338 0.4636 
 536 0.0397 0.1312 0.3183 0.2800 0.2309 
 537 0.0143 0.2269 0.0978 0.4846 0.1763 
 538 0.0292 0.1613 0.0857 0.3960 0.3278 
 539 0.0082 0.0412 0.0484 0.7945 0.1077 
 540 0.0441 0.1598 0.1070 0.4101 0.2791 
 541 0.0200 0.0484 0.1653 0.5729 0.1933 
 542 0.0195 0.4725 0.2510 0.0982 0.1588 
 543 0.0492 0.2318 0.0450 0.2991 0.3749 
 544 0.0228 0.4843 0.0934 0.1698 0.2298 
 545 0.0735 0.6205 0.0691 0.0607 0.1761 
 546 0.0122 0.2740 0.1638 0.2854 0.2646 
 547 0.0254 0.6090 0.0419 0.1621 0.1616 
 548 0.0132 0.0310 0.0894 0.5248 0.3416 
 549 0.0572 0.1887 0.1720 0.4689 0.1132 
 550 0.1870 0.4162 0.0663 0.1031 0.2274 
 551 0.0216 0.0500 0.1036 0.6573 0.1675 
 552 0.0132 0.1788 0.1441 0.4555 0.2084 
 553 0.0210 0.5394 0.0316 0.2459 0.1621 
 554 0.0388 0.0798 0.2007 0.2558 0.4249 
 555 0.0177 0.1237 0.0583 0.5547 0.2455 
 556 0.0131 0.1907 0.1073 0.3645 0.3244 
 557 0.2523 0.2771 0.0744 0.1558 0.2404 
 558 0.3376 0.0153 0.3058 0.0508 0.2905 
 559 0.0107 0.0461 0.0854 0.1005 0.7573 
 560 0.1313 0.0340 0.1524 0.0408 0.6416 
 561 0.0302 0.0392 0.1635 0.0539 0.7133 
 562 0.0379 0.0542 0.0949 0.0409 0.7720 
 563 0.0310 0.0471 0.0763 0.1958 0.6497 
 564 0.0272 0.0896 0.0605 0.1195 0.7032 
 565 0.0912 0.0192 0.6480 0.0588 0.1828 
 566 0.1504 0.0212 0.0675 0.0418 0.7191 
 567 0.0175 0.0315 0.0644 0.0794 0.8073 
 568 0.0372 0.0554 0.0878 0.0869 0.7328 
 569 0.1770 0.1245 0.1150 0.0868 0.4967 
 570 0.3536 0.0157 0.2597 0.0444 0.3266 
 571 0.0607 0.0222 0.0452 0.0643 0.8076 
 572 0.0446 0.3913 0.0884 0.2460 0.2298 
 573 0.2186 0.0535 0.0507 0.1162 0.5610 
 574 0.0868 0.0393 0.2771 0.2037 0.3932 
 575 0.0276 0.0318 0.0818 0.1463 0.7124 
 576 0.0617 0.0156 0.0705 0.0421 0.8101 
 577 0.0241 0.0255 0.3393 0.1671 0.4439 
 578 0.1177 0.0278 0.0712 0.0692 0.7142 
 579 0.0308 0.0299 0.1690 0.0699 0.7005 
 580 0.0462 0.0220 0.4063 0.1099 0.4156 
 581 0.1168 0.0222 0.1794 0.0785 0.6031 
 582 0.2034 0.0421 0.2779 0.0506 0.4259 
 583 0.0853 0.0200 0.0874 0.0673 0.7401 
 584 0.0398 0.0164 0.0930 0.0504 0.8004 
 585 0.0574 0.0248 0.1469 0.0603 0.7106 
 586 0.0152 0.0294 0.0613 0.0858 0.8083 
 587 0.0236 0.0554 0.3665 0.0483 0.5062 
 588 0.0088 0.4446 0.0426 0.1054 0.3986 
 589 0.3660 0.0864 0.1437 0.0546 0.3492 
 590 0.0101 0.0256 0.0814 0.0615 0.8214 
 591 0.0204 0.0186 0.0578 0.0696 0.8336 
 592 0.0563 0.0824 0.0713 0.0615 0.7285 
 593 0.1083 0.0346 0.0801 0.1087 0.6683 
 594 0.0201 0.0242 0.0771 0.1314 0.7472 
 595 0.0143 0.0159 0.3504 0.0480 0.5714 
 596 0.2021 0.1206 0.0538 0.1287 0.4947 
 597 0.0396 0.0606 0.0387 0.2498 0.6113 
 598 0.5533 0.0147 0.1993 0.0446 0.1880 
 599 0.0561 0.0456 0.0699 0.0459 0.7824 
 600 0.0354 0.0416 0.4129 0.1279 0.3823 
 601 0.0412 0.0427 0.1681 0.0480 0.7001 
 602 0.0164 0.0253 0.1062 0.2406 0.6115 
 603 0.0131 0.0267 0.0843 0.2131 0.6628 
 604 0.0685 0.0290 0.5340 0.1312 0.2373 
 605 0.0300 0.0506 0.1320 0.0783 0.7092 
 606 0.0214 0.0548 0.2703 0.2667 0.3868 
 607 0.0386 0.0189 0.2417 0.3661 0.3347 
 608 0.0442 0.0239 0.1831 0.4823 0.2665 
 609 0.0269 0.0377 0.4401 0.0995 0.3958 
 610 0.3850 0.0859 0.1584 0.0846 0.2861 
 611 0.0139 0.0499 0.0995 0.1895 0.6473 
 612 0.0496 0.0336 0.7084 0.0600 0.1484 
 613 0.0424 0.0703 0.3042 0.1263 0.4569 
 614 0.0273 0.0215 0.7388 0.0560 0.1563 
 615 0.0392 0.0251 0.6916 0.0970 0.1470 
 616 0.0188 0.0204 0.2238 0.2761 0.4609 
 617 0.0693 0.0596 0.2241 0.0683 0.5787 
 618 0.1121 0.0433 0.4928 0.1877 0.1641 
 619 0.0933 0.0998 0.0710 0.2192 0.5167 
 620 0.0322 0.0831 0.0567 0.0496 0.7784 
 621 0.0252 0.0148 0.1686 0.0654 0.7260 
 622 0.0848 0.0879 0.3915 0.1639 0.2719 
 623 0.0311 0.0348 0.0845 0.0745 0.7751 
 624 0.0740 0.0264 0.5839 0.1529 0.1628 
 625 0.0381 0.0197 0.4760 0.1593 0.3070 
 626 0.0402 0.1188 0.3398 0.3951 0.1061 
 627 0.0181 0.0392 0.1518 0.1096 0.6812 
 628 0.0185 0.0345 0.1028 0.1162 0.7280 
 629 0.0148 0.0214 0.2914 0.1425 0.5299 
 630 0.0349 0.0298 0.6296 0.0710 0.2347 
 631 0.0196 0.0209 0.5095 0.1102 0.3399 
 632 0.0216 0.0656 0.1703 0.4200 0.3224 
 633 0.0682 0.0232 0.3639 0.1646 0.3802 
 634 0.0288 0.0630 0.2099 0.3015 0.3968 
 635 0.0226 0.0260 0.1923 0.5517 0.2074 
 636 0.0320 0.0266 0.4323 0.2416 0.2675 
 637 0.0205 0.1901 0.2489 0.1751 0.3654 
 638 0.0170 0.0222 0.2322 0.1939 0.5347 
 639 0.0418 0.0271 0.4375 0.1587 0.3349 
 640 0.0201 0.0143 0.1069 0.0870 0.7717 
 641 0.0216 0.0268 0.2903 0.1233 0.5380 
 642 0.0150 0.0577 0.1072 0.5914 0.2287 
 643 0.0094 0.0214 0.0647 0.7623 0.1423 
 644 0.0124 0.0244 0.0719 0.6483 0.2430 
 645 0.0758 0.0358 0.3152 0.4685 0.1047 
 646 0.0130 0.0894 0.1317 0.2038 0.5621 
 647 0.0091 0.0495 0.0975 0.4457 0.3982 
 648 0.0146 0.1418 0.2475 0.3575 0.2386 
 649 0.0125 0.2364 0.0609 0.2887 0.4015 
 650 0.0112 0.0598 0.0647 0.2665 0.5979 
 651 0.0099 0.0200 0.0769 0.5063 0.3869 
 652 0.0109 0.0323 0.0769 0.6255 0.2543 
 653 0.0177 0.0816 0.1897 0.4866 0.2244 
 654 0.0111 0.0930 0.1162 0.5839 0.1958 
 655 0.0196 0.0317 0.0463 0.5274 0.3750 
 656 0.0164 0.1236 0.1512 0.3530 0.3559 
 657 0.0156 0.0267 0.4522 0.2243 0.2812 
 658 0.0311 0.0876 0.0950 0.2912 0.4951 
 659 0.0176 0.0820 0.1419 0.5252 0.2332 
 660 0.0089 0.0415 0.0589 0.7212 0.1695 
 661 0.0170 0.1839 0.1142 0.5376 0.1473 
 662 0.0124 0.4064 0.0435 0.1700 0.3676 
 663 0.0137 0.0312 0.0905 0.6343 0.2304 
 664 0.0417 0.0495 0.1242 0.2968 0.4878 
 665 0.0098 0.2573 0.0618 0.2594 0.4118 
 666 0.0140 0.0629 0.0887 0.6097 0.2247 
 667 0.0145 0.0442 0.0821 0.1330 0.7263 
 668 0.0161 0.0702 0.1303 0.4828 0.3006 
 669 0.0110 0.0827 0.1250 0.4610 0.3203 
 670 0.0089 0.0194 0.0420 0.8383 0.0915 
 671 0.0094 0.0306 0.0485 0.7516 0.1600 
 672 0.0569 0.0426 0.0320 0.6676 0.2009 
 673 0.0098 0.0132 0.0511 0.8479 0.0780 
 674 0.0116 0.0277 0.0912 0.7404 0.1292 
 675 0.0097 0.0181 0.0397 0.7804 0.1521 
 676 0.0087 0.0142 0.0417 0.8567 0.0787 
 677 0.0077 0.0730 0.0380 0.7972 0.0841 
 678 0.0099 0.0129 0.0490 0.8459 0.0823 
 679 0.0129 0.0134 0.0857 0.7633 0.1247 
 680 0.0152 0.0232 0.0793 0.7763 0.1060 
 681 0.0455 0.2901 0.1103 0.3244 0.2297 
 682 0.0149 0.0235 0.0822 0.7832 0.0962 
 683 0.0089 0.0221 0.0400 0.8422 0.0867 
 684 0.0096 0.0148 0.0492 0.8420 0.0844 
 685 0.0081 0.0160 0.0376 0.8623 0.0760 
 686 0.0131 0.0741 0.0739 0.7296 0.1094 
 687 0.0090 0.0410 0.0429 0.7573 0.1498 
 688 0.0092 0.0187 0.0458 0.8020 0.1243 
 689 0.0088 0.0151 0.0401 0.8588 0.0772 
 690 0.0087 0.0146 0.0420 0.8575 0.0771 
 691 0.0122 0.0218 0.0774 0.7705 0.1181 
 692 0.0102 0.0147 0.0615 0.7918 0.1218 
 693 0.0095 0.0178 0.0641 0.7751 0.1335 
 694 0.0083 0.0171 0.0336 0.8674 0.0735 
 695 0.0221 0.0392 0.0365 0.8090 0.0931 
 696 0.0091 0.0187 0.0453 0.8040 0.1229 
 697 0.0085 0.0187 0.0445 0.8499 0.0784 
 698 0.0087 0.0152 0.0413 0.8545 0.0803 
 699 0.0181 0.1079 0.0346 0.7475 0.0920 
 700 0.0090 0.0560 0.1578 0.6729 0.1044 
 701 0.0317 0.0322 0.0903 0.7268 0.1190 
 702 0.0147 0.0502 0.0868 0.6973 0.1510 
 703 0.0144 0.0257 0.0806 0.7779 0.1013 
 704 0.0082 0.0263 0.0423 0.8103 0.1128 
 705 0.0391 0.2826 0.0735 0.4433 0.1615 
 706 0.0132 0.0363 0.0730 0.7854 0.0920 
 707 0.0081 0.0252 0.0528 0.8352 0.0786 
 708 0.0089 0.0177 0.0392 0.8478 0.0864 
 709 0.0080 0.0491 0.0515 0.8104 0.0810 
 710 0.0080 0.0188 0.0368 0.8641 0.0723 
 711 0.0112 0.0616 0.0764 0.7531 0.0976 
 712 0.0074 0.0561 0.0339 0.8237 0.0789 
 713 0.0083 0.0221 0.0409 0.8104 0.1182 
 714 0.0125 0.0184 0.0845 0.7382 0.1464 
 715 0.0075 0.0344 0.0354 0.8504 0.0723 
 716 0.0132 0.0346 0.0667 0.7983 0.0872 
 717 0.0079 0.0238 0.0371 0.8598 0.0714 
 718 0.0125 0.0410 0.0713 0.7584 0.1167 
 719 0.0077 0.0356 0.0354 0.8458 0.0754 
 720 0.0211 0.0192 0.1476 0.0752 0.7369 
 721 0.0250 0.0287 0.1807 0.5966 0.1689 
 722 0.0691 0.0509 0.2890 0.1320 0.4590 
 723 0.0241 0.0180 0.5893 0.1113 0.2573 
 724 0.0228 0.0246 0.5855 0.2043 0.1629 
 725 0.0129 0.0363 0.1549 0.3203 0.4756 
 726 0.0467 0.0831 0.4289 0.1682 0.2731 
 727 0.0406 0.2202 0.1590 0.3023 0.2779 
 728 0.5029 0.0224 0.3095 0.0424 0.1228 
 729 0.1323 0.0202 0.6037 0.0485 0.1953 
 730 0.0210 0.0170 0.4724 0.0843 0.4053 
 731 0.0243 0.0211 0.6844 0.0862 0.1841 
 732 0.0249 0.0180 0.5900 0.1093 0.2578 
 733 0.0239 0.0141 0.7452 0.0596 0.1573 
 734 0.0737 0.0171 0.5206 0.0456 0.3431 
 735 0.0267 0.0122 0.7797 0.0638 0.1176 
 736 0.3109 0.0194 0.1180 0.0817 0.4700 
 737 0.1573 0.0562 0.2314 0.0930 0.4621 
 738 0.0172 0.0189 0.5711 0.0827 0.3101 
 739 0.0283 0.0145 0.7470 0.0547 0.1555 
 740 0.0109 0.0212 0.1939 0.6589 0.1150 
 741 0.0298 0.0361 0.1414 0.5763 0.2164 
 742 0.0368 0.0179 0.0810 0.1945 0.6698 
 743 0.0138 0.0197 0.2883 0.1792 0.4990 
 744 0.0183 0.1873 0.0634 0.1988 0.5322 
 745 0.0203 0.0506 0.1110 0.0635 0.7546 
 746 0.0237 0.0264 0.2312 0.3502 0.3685 
 747 0.0104 0.0261 0.1057 0.1380 0.7197 
 748 0.0128 0.0149 0.0672 0.5556 0.3495 
 749 0.0181 0.0513 0.1141 0.2983 0.5182 
 750 0.0140 0.0281 0.1454 0.2383 0.5742 
 751 0.0145 0.0177 0.0765 0.5392 0.3520 
 752 0.0151 0.0243 0.1153 0.1722 0.6731 
 753 0.0223 0.0317 0.3399 0.3115 0.2946 
 754 0.0131 0.0265 0.2031 0.4605 0.2967 
 755 0.0182 0.0167 0.2546 0.3412 0.3694 
 756 0.0238 0.0196 0.0412 0.3861 0.5293 
 757 0.0125 0.0179 0.0938 0.2440 0.6320 
 758 0.0147 0.0263 0.0601 0.0652 0.8337 
 759 0.0146 0.0445 0.1803 0.5136 0.2470 
 760 0.0230 0.0207 0.4921 0.1659 0.2982 
 761 0.0145 0.0210 0.4867 0.3173 0.1604 
 762 0.0180 0.0128 0.5835 0.0831 0.3025 
 763 0.0217 0.0317 0.3405 0.3137 0.2925 
 764 0.0149 0.0178 0.1248 0.1956 0.6469 
 765 0.0138 0.0169 0.5282 0.1321 0.3090 
 766 0.0128 0.0146 0.0915 0.4360 0.4451 
 767 0.0192 0.0218 0.0765 0.3281 0.5544 
 768 0.0187 0.0130 0.6084 0.0805 0.2794 
 769 0.0217 0.0226 0.4496 0.2735 0.2328 
 770 0.0356 0.0170 0.2760 0.0743 0.5972 
 771 0.0094 0.2442 0.0845 0.3206 0.3412 
 772 0.0213 0.0656 0.1033 0.3367 0.4732 
 773 0.0125 0.0178 0.2018 0.2253 0.5426 
 774 0.0116 0.0207 0.1521 0.5828 0.2328 
 775 0.0762 0.0159 0.3505 0.1283 0.4292 
 776 0.0203 0.0204 0.0586 0.0994 0.8013 
 777 0.0139 0.0684 0.1286 0.2028 0.5863 
 778 0.0100 0.0421 0.1023 0.3538 0.4919 
 779 0.0146 0.0206 0.1501 0.2607 0.5541 
 780 0.0146 0.0152 0.0865 0.5137 0.3699 
 781 0.0093 0.1025 0.1097 0.4933 0.2852 
 782 0.0146 0.0201 0.1487 0.2595 0.5572 
 783 0.0177 0.0165 0.1249 0.3246 0.5163 
 784 0.0193 0.0189 0.1202 0.1136 0.7280 
 785 0.0123 0.0238 0.1444 0.2320 0.5875 
 786 0.0134 0.0182 0.1032 0.5061 0.3592 
 787 0.0087 0.0329 0.0483 0.5970 0.3131 
 788 0.0253 0.0399 0.2210 0.1476 0.5663 
 789 0.0194 0.0163 0.1130 0.1233 0.7279 
 790 0.0237 0.0160 0.2608 0.4012 0.2983 
 791 0.0239 0.0188 0.0687 0.2114 0.6771 
 792 0.0085 0.0570 0.0747 0.5605 0.2993 
 793 0.0311 0.0588 0.2020 0.5215 0.1866 
 794 0.0118 0.0262 0.2092 0.2563 0.4965 
 795 0.0284 0.0262 0.1834 0.5787 0.1833 
 796 0.0187 0.0295 0.0571 0.2454 0.6493 
 797 0.0157 0.0377 0.0600 0.7268 0.1597 
 798 0.3259 0.1802 0.1206 0.0545 0.3188 
 799 0.0104 0.0323 0.1003 0.1178 0.7391 
 800 0.0080 0.1053 0.0388 0.6284 0.2194 
 801 0.0433 0.1366 0.4696 0.0888 0.2616 
 802 0.0141 0.1034 0.4776 0.2389 0.1660 
 803 0.0165 0.0494 0.1815 0.5139 0.2388 
 804 0.0189 0.1973 0.1156 0.2037 0.4645 
 805 0.0088 0.0251 0.0605 0.7689 0.1367 
 806 0.0408 0.3381 0.3182 0.1210 0.1819 
 807 0.0138 0.0402 0.0488 0.7915 0.1057 
 808 0.0227 0.1472 0.0520 0.5410 0.2371 
 809 0.0520 0.6062 0.0638 0.0864 0.1916 
 810 0.0358 0.0307 0.2333 0.3235 0.3766 
 811 0.0204 0.2168 0.0813 0.4701 0.2113 
 812 0.0143 0.7378 0.0445 0.0477 0.1557 
 813 0.1033 0.1333 0.3278 0.0608 0.3748 
 814 0.0160 0.2912 0.0470 0.1149 0.5309 
 815 0.0309 0.4088 0.2340 0.1770 0.1493 
 816 0.0127 0.0944 0.3171 0.3263 0.2495 
 817 0.0135 0.1046 0.4789 0.2382 0.1648 
 818 0.0433 0.0277 0.0677 0.1143 0.7470 
 819 0.0101 0.0377 0.0573 0.2427 0.6522 
 820 0.0172 0.0519 0.0522 0.2718 0.6069 
 821 0.0612 0.0156 0.1532 0.1436 0.6264 
 822 0.0204 0.0363 0.2734 0.0497 0.6202 
 823 0.1853 0.0178 0.1967 0.2635 0.3367 
 824 0.0152 0.0194 0.1035 0.2493 0.6126 
 825 0.0242 0.0250 0.2472 0.0976 0.6059 
 826 0.0275 0.0186 0.0470 0.0703 0.8365 
 827 0.0440 0.0164 0.1687 0.0871 0.6838 
 828 0.0176 0.0177 0.5795 0.1343 0.2508 
 829 0.0252 0.0541 0.4302 0.1384 0.3522 
 830 0.0167 0.0138 0.4195 0.0601 0.4900 
 831 0.0170 0.0288 0.3801 0.1884 0.3857 
 832 0.0143 0.0870 0.3053 0.1638 0.4295 
 833 0.1180 0.0492 0.1271 0.2051 0.5005 
 834 0.0193 0.0264 0.3033 0.1853 0.4658 
 835 0.0472 0.0285 0.0445 0.0655 0.8143 
 836 0.0435 0.0948 0.0579 0.1121 0.6918 
 837 0.0213 0.0285 0.4117 0.3067 0.2318 
 838 0.0216 0.1053 0.0511 0.0661 0.7558 
 839 0.0218 0.0148 0.2587 0.0972 0.6075 
 840 0.0209 0.1045 0.0581 0.2670 0.5495 
 841 0.0329 0.0689 0.0536 0.1674 0.6772 
 842 0.0163 0.0151 0.0538 0.0494 0.8654 
 843 0.0162 0.0831 0.0861 0.4336 0.3809 
 844 0.0270 0.0433 0.2724 0.2512 0.4060 
 845 0.0599 0.0151 0.0826 0.0788 0.7636 
 846 0.0123 0.0267 0.1121 0.1706 0.6782 
 847 0.0085 0.0166 0.1244 0.3550 0.4955 
 848 0.0152 0.0304 0.0395 0.1472 0.7678 
 849 0.0159 0.0196 0.1240 0.1012 0.7394 
 850 0.1300 0.0181 0.0831 0.0858 0.6830 
 851 0.0148 0.0163 0.0457 0.0816 0.8415 
 852 0.0186 0.0146 0.2813 0.4950 0.1905 
 853 0.0577 0.0350 0.1997 0.0673 0.6404 
 854 0.0137 0.0153 0.4734 0.2465 0.2512 
 855 0.0132 0.0216 0.1103 0.1472 0.7076 
 856 0.0126 0.0181 0.1153 0.2091 0.6449 
 857 0.0477 0.1349 0.1022 0.0920 0.6232 
 858 0.0107 0.0218 0.1452 0.0821 0.7402 
 859 0.0210 0.0141 0.2257 0.0813 0.6579 
 860 0.0250 0.0272 0.0464 0.0738 0.8276 
 861 0.0087 0.0645 0.0703 0.5228 0.3337 
 862 0.7013 0.0208 0.1254 0.0470 0.1056 
 863 0.0154 0.0261 0.7515 0.0924 0.1147 
 864 0.1823 0.0151 0.6086 0.0929 0.1011 
 865 0.2878 0.0249 0.3070 0.0434 0.3369 
 866 0.0201 0.0203 0.2729 0.0715 0.6153 
 867 0.1843 0.0250 0.5758 0.0979 0.1170 
 868 0.0461 0.0273 0.6877 0.0617 0.1772 
 869 0.0239 0.0182 0.3061 0.0751 0.5767 
 870 0.2162 0.0950 0.2201 0.0538 0.4149 
 871 0.2441 0.0327 0.2690 0.0506 0.4036 
 872 0.1150 0.0181 0.6222 0.0660 0.1787 
 873 0.3380 0.0212 0.3669 0.0853 0.1886 
 874 0.6555 0.0233 0.1317 0.0453 0.1442 
 875 0.0686 0.0565 0.2072 0.0830 0.5846 
 876 0.0497 0.0503 0.0751 0.0633 0.7615 
 877 0.5453 0.0179 0.2369 0.0716 0.1284 
 878 0.0326 0.0318 0.4071 0.1067 0.4219 
 879 0.0285 0.0140 0.7728 0.0712 0.1134 
 880 0.3620 0.1080 0.0877 0.0691 0.3732 
 881 0.0333 0.0179 0.7534 0.0653 0.1301 
 882 0.0272 0.0123 0.7810 0.0624 0.1171 
 883 0.0318 0.0539 0.2037 0.0778 0.6327 
 884 0.1368 0.0198 0.4421 0.0429 0.3583 
 885 0.3637 0.1422 0.1448 0.1105 0.2387 
 886 0.0236 0.0176 0.7014 0.0774 0.1800 
 887 0.0293 0.0166 0.7020 0.0487 0.2034 
 888 0.3928 0.0596 0.0716 0.1758 0.3001 
 889 0.6373 0.0207 0.1148 0.0408 0.1864 
 890 0.3742 0.0340 0.1028 0.0456 0.4434 
 891 0.0161 0.0344 0.0508 0.0739 0.8248 
 892 0.0108 0.0294 0.0899 0.0922 0.7776 
 893 0.0267 0.1279 0.1180 0.1213 0.6062 
 894 0.0387 0.0163 0.1110 0.0480 0.7859 
 895 0.0384 0.0231 0.6420 0.0489 0.2476 
 896 0.0129 0.0435 0.0525 0.1226 0.7685 
 897 0.0106 0.0282 0.1094 0.0874 0.7645 
 898 0.0393 0.0307 0.3245 0.1286 0.4769 
 899 0.0248 0.0168 0.0878 0.0398 0.8308 
 900 0.0206 0.0345 0.0469 0.0628 0.8352 
 901 0.0342 0.0184 0.0540 0.0680 0.8254 
 902 0.0237 0.0995 0.0503 0.1047 0.7217 
 903 0.0194 0.0288 0.4986 0.0639 0.3894 
 904 0.0192 0.0280 0.5673 0.1095 0.2760 
 905 0.0227 0.0152 0.3965 0.0484 0.5172 
 906 0.0704 0.0479 0.0865 0.0797 0.7155 
 907 0.0227 0.0165 0.1069 0.1005 0.7534 
 908 0.0212 0.0151 0.1431 0.0817 0.7390 
 909 0.0553 0.0907 0.1085 0.0937 0.6518 
 910 0.0499 0.0575 0.0429 0.0856 0.7641 
 911 0.0752 0.0214 0.2147 0.0437 0.6451 
 912 0.0188 0.0238 0.1843 0.0515 0.7215 
 913 0.0432 0.0354 0.1739 0.0474 0.7002 
 914 0.0316 0.0211 0.1819 0.2116 0.5539 
 915 0.2719 0.0292 0.0509 0.0383 0.6096 
 916 0.0171 0.0211 0.0825 0.0581 0.8212 
 917 0.0137 0.0277 0.2402 0.0548 0.6637 
 918 0.0619 0.0269 0.3179 0.2098 0.3836 
 919 0.0546 0.0215 0.3101 0.1158 0.4980 
 920 0.0245 0.0162 0.0668 0.0907 0.8018 
 921 0.0460 0.1297 0.0424 0.4015 0.3804 
 922 0.0099 0.3952 0.0930 0.0933 0.4086 
 923 0.0103 0.1145 0.0624 0.2286 0.5842 
 924 0.0127 0.2834 0.0405 0.0986 0.5649 
 925 0.0334 0.1664 0.0442 0.1726 0.5833 
 926 0.0089 0.6509 0.0324 0.1274 0.1804 
 927 0.0092 0.5806 0.0692 0.1698 0.1713 
 928 0.0080 0.1963 0.0501 0.5407 0.2050 
 929 0.0108 0.6096 0.0464 0.0932 0.2400 
 930 0.0311 0.2980 0.0411 0.1871 0.4426 
 931 0.1083 0.6105 0.0385 0.1617 0.0810 
 932 0.0142 0.7269 0.0353 0.0584 0.1652 
 933 0.0083 0.1039 0.0514 0.6351 0.2013 
 934 0.0095 0.2747 0.0438 0.0778 0.5942 
 935 0.0494 0.6910 0.0388 0.0856 0.1352 
 936 0.0113 0.8065 0.0345 0.0454 0.1022 
 937 0.0258 0.7794 0.0286 0.0735 0.0927 
 938 0.0101 0.6412 0.0267 0.2076 0.1145 
 939 0.0376 0.5938 0.0299 0.2436 0.0951 
 940 0.0096 0.5737 0.0740 0.1548 0.1879 
 941 0.0216 0.6799 0.0390 0.0513 0.2082 
 942 0.0323 0.0923 0.0721 0.4435 0.3597 
 943 0.0263 0.6859 0.0254 0.1892 0.0732 
 944 0.0080 0.6525 0.0954 0.1516 0.0925 
 945 0.0232 0.2334 0.0608 0.2208 0.4617 
 946 0.0089 0.7114 0.0420 0.0781 0.1596 
 947 0.0144 0.6978 0.0238 0.1629 0.1011 
 948 0.0482 0.7155 0.0668 0.0434 0.1261 
 949 0.1046 0.5987 0.0627 0.0478 0.1862 
 950 0.0093 0.7642 0.0254 0.0959 0.1052 
 951 0.0148 0.3640 0.0877 0.2860 0.2474 
 952 0.0206 0.5276 0.0532 0.1355 0.2632 
 953 0.1557 0.3850 0.0482 0.1220 0.2891 
 954 0.0418 0.7439 0.0424 0.0551 0.1168 
 955 0.0131 0.0512 0.0612 0.7769 0.0976 
 956 0.0115 0.0842 0.0439 0.7440 0.1164 
 957 0.0143 0.0524 0.1656 0.5247 0.2429 
 958 0.0111 0.0480 0.1225 0.1577 0.6607 
 959 0.0086 0.0588 0.1065 0.4369 0.3891 
 960 0.0161 0.0279 0.3748 0.1553 0.4258 
 961 0.0079 0.0163 0.0371 0.8622 0.0765 
 962 0.0075 0.1454 0.0420 0.1762 0.6288 
 963 0.0153 0.0502 0.1057 0.1415 0.6873 
 964 0.0136 0.0182 0.2415 0.2360 0.4907 
 965 0.0091 0.0356 0.0784 0.5203 0.3565 
 966 0.0222 0.0610 0.1145 0.3343 0.4679 
 967 0.0120 0.0431 0.0747 0.7759 0.0943 
 968 0.0084 0.0695 0.0563 0.2474 0.6184 
 969 0.0487 0.0173 0.2788 0.3692 0.2860 
 970 0.0115 0.0236 0.0711 0.7446 0.1492 
 971 0.0117 0.0942 0.0638 0.3185 0.5119 
 972 0.0168 0.0426 0.2364 0.3557 0.3485 
 973 0.0108 0.1434 0.0437 0.4879 0.3141 
 974 0.0174 0.0335 0.1924 0.1996 0.5572 
 975 0.0474 0.0173 0.2809 0.3683 0.2861 
