   1 0.0082 0.0071 0.2588 0.0552 0.1649 0.1019 0.1733 0.2306 
   2 0.0048 0.0096 0.0166 0.5030 0.0852 0.1125 0.1332 0.1351 
   3 0.0118 0.0051 0.0271 0.0674 0.1497 0.1312 0.2523 0.3554 
   4 0.0158 0.0074 0.0189 0.0669 0.4322 0.1204 0.2029 0.1355 
   5 0.0072 0.0163 0.0205 0.3003 0.1004 0.1796 0.1760 0.1997 
   6 0.0117 0.0055 0.0219 0.0996 0.1254 0.1540 0.0908 0.4911 
   7 0.0082 0.0071 0.0536 0.0538 0.0933 0.3489 0.1082 0.3268 
   8 0.0486 0.0079 0.0303 0.0637 0.2968 0.1569 0.1494 0.2464 
   9 0.0178 0.0136 0.0329 0.2253 0.1314 0.1220 0.1766 0.2803 
  10 0.0120 0.0087 0.0378 0.0758 0.2279 0.1688 0.1112 0.3577 
  11 0.0058 0.0075 0.0660 0.0592 0.0866 0.3032 0.1143 0.3574 
  12 0.0080 0.0094 0.0224 0.2855 0.1442 0.1773 0.1618 0.1915 
  13 0.0101 0.0111 0.0242 0.1491 0.1464 0.1922 0.1834 0.2834 
  14 0.0052 0.0066 0.0223 0.1760 0.1425 0.1187 0.3027 0.2260 
  15 0.0080 0.0071 0.0206 0.1066 0.2503 0.1716 0.2265 0.2093 
  16 0.0056 0.0078 0.0280 0.0519 0.1111 0.1319 0.1896 0.4740 
  17 0.0207 0.0125 0.0287 0.1171 0.1459 0.1708 0.1915 0.3127 
  18 0.0155 0.0068 0.0199 0.2480 0.1546 0.0973 0.1487 0.3092 
  19 0.0089 0.0061 0.0261 0.1425 0.1311 0.1765 0.1111 0.3976 
  20 0.0071 0.0080 0.0268 0.1175 0.1475 0.2536 0.1978 0.2417 
  21 0.0064 0.0062 0.0451 0.1274 0.2175 0.0972 0.2786 0.2216 
  22 0.0178 0.0065 0.0202 0.0814 0.1601 0.1142 0.1524 0.4475 
  23 0.0103 0.0233 0.0255 0.1223 0.2043 0.1101 0.3429 0.1612 
  24 0.0070 0.0073 0.0344 0.0676 0.2246 0.1070 0.2194 0.3325 
  25 0.0074 0.0088 0.0199 0.1302 0.0749 0.2865 0.1217 0.3505 
  26 0.0150 0.0070 0.0283 0.1284 0.2156 0.1401 0.1700 0.2956 
  27 0.0083 0.0099 0.0240 0.0774 0.1409 0.1359 0.2565 0.3471 
  28 0.0066 0.0071 0.0777 0.0973 0.3108 0.1500 0.1226 0.2280 
  29 0.0051 0.0096 0.0299 0.1234 0.1078 0.2167 0.2808 0.2268 
  30 0.0082 0.0070 0.0257 0.0988 0.1236 0.0967 0.1824 0.4576 
  31 0.0301 0.0131 0.0652 0.1200 0.1769 0.1756 0.2101 0.2090 
  32 0.0065 0.0058 0.0197 0.1693 0.2149 0.1579 0.1595 0.2665 
  33 0.0071 0.0061 0.0299 0.0672 0.1535 0.1414 0.2687 0.3262 
  34 0.0100 0.0242 0.0452 0.0618 0.1520 0.2864 0.0952 0.3252 
  35 0.0256 0.0203 0.0311 0.1208 0.0840 0.1104 0.3452 0.2626 
  36 0.0054 0.0058 0.0587 0.0586 0.0794 0.0804 0.4484 0.2632 
  37 0.0111 0.0057 0.0193 0.1371 0.1802 0.1175 0.3311 0.1980 
  38 0.0059 0.0148 0.0526 0.0663 0.0722 0.1807 0.1991 0.4084 
  39 0.0099 0.0124 0.0404 0.0824 0.1041 0.1729 0.2546 0.3232 
  40 0.0051 0.0071 0.0220 0.0721 0.1030 0.0832 0.5115 0.1960 
  41 0.0091 0.0141 0.0443 0.0493 0.0651 0.1287 0.4412 0.2483 
  42 0.0053 0.0086 0.0488 0.0405 0.1920 0.0724 0.4205 0.2119 
  43 0.0104 0.0084 0.0180 0.0915 0.0981 0.1091 0.5196 0.1449 
  44 0.0130 0.0078 0.0195 0.0895 0.0644 0.1001 0.4904 0.2153 
  45 0.0058 0.0114 0.0838 0.1560 0.0693 0.1167 0.3006 0.2563 
  46 0.0191 0.0088 0.0271 0.0981 0.0984 0.1559 0.2669 0.3256 
  47 0.0526 0.0145 0.0321 0.1657 0.1335 0.1222 0.2035 0.2758 
  48 0.0154 0.0112 0.0172 0.0956 0.0689 0.0919 0.5000 0.1999 
  49 0.0127 0.0183 0.0332 0.0732 0.1015 0.1067 0.3777 0.2767 
  50 0.0189 0.0133 0.0280 0.0871 0.1251 0.1909 0.1833 0.3533 
  51 0.0044 0.0072 0.0406 0.0520 0.0630 0.0673 0.5913 0.1741 
  52 0.0138 0.0135 0.0546 0.0553 0.1155 0.1643 0.2788 0.3042 
  53 0.0091 0.0093 0.0270 0.0521 0.1183 0.1490 0.2164 0.4188 
  54 0.0128 0.0128 0.0326 0.3128 0.1274 0.1084 0.2542 0.1391 
  55 0.0088 0.0099 0.0181 0.1381 0.0887 0.0974 0.5047 0.1343 
  56 0.0094 0.0144 0.0202 0.0929 0.1067 0.0874 0.4190 0.2500 
  57 0.0332 0.0140 0.0324 0.0923 0.2766 0.1529 0.1268 0.2718 
  58 0.0066 0.0124 0.0409 0.1001 0.0943 0.1147 0.4373 0.1937 
  59 0.0062 0.0256 0.0505 0.0795 0.0959 0.1150 0.3422 0.2850 
  60 0.0049 0.0056 0.0346 0.0613 0.1316 0.0825 0.5300 0.1495 
  61 0.0046 0.0080 0.0263 0.2400 0.1351 0.0818 0.4067 0.0976 
  62 0.0217 0.0614 0.0317 0.1803 0.1319 0.1321 0.1793 0.2616 
  63 0.0048 0.0064 0.0280 0.0969 0.1278 0.1577 0.3870 0.1915 
  64 0.0090 0.0099 0.0301 0.1266 0.0832 0.1364 0.1526 0.4521 
  65 0.0068 0.0095 0.0389 0.1907 0.0722 0.3289 0.1353 0.2177 
  66 0.0054 0.0083 0.0246 0.1886 0.1965 0.1409 0.2767 0.1589 
  67 0.0076 0.0086 0.0272 0.2350 0.0793 0.1108 0.4021 0.1295 
  68 0.0075 0.0215 0.0456 0.0693 0.1108 0.1029 0.3690 0.2734 
  69 0.0092 0.0378 0.1964 0.0728 0.1285 0.1529 0.1277 0.2746 
  70 0.0048 0.0062 0.0365 0.0459 0.0931 0.1504 0.4795 0.1837 
  71 0.0062 0.0229 0.0454 0.0963 0.0626 0.1161 0.3816 0.2688 
  72 0.0073 0.0054 0.0481 0.0667 0.0747 0.1041 0.3116 0.3821 
  73 0.0064 0.0251 0.0316 0.2032 0.0721 0.1385 0.3751 0.1478 
  74 0.0053 0.0056 0.0606 0.0605 0.1159 0.0754 0.4163 0.2604 
  75 0.0060 0.0082 0.0565 0.0676 0.1212 0.0611 0.4810 0.1985 
  76 0.0070 0.0057 0.0262 0.1079 0.0878 0.1905 0.3986 0.1762 
  77 0.0052 0.0149 0.0488 0.0832 0.0668 0.1629 0.3249 0.2932 
  78 0.0061 0.0183 0.0508 0.0681 0.0695 0.1623 0.2974 0.3275 
  79 0.0057 0.0072 0.0274 0.1474 0.1052 0.2479 0.1202 0.3392 
  80 0.0066 0.0057 0.0284 0.1172 0.4403 0.1263 0.1263 0.1491 
  81 0.0065 0.0052 0.0338 0.1439 0.3538 0.1658 0.0975 0.1936 
  82 0.0056 0.0114 0.0208 0.1016 0.1416 0.1399 0.4151 0.1641 
  83 0.0059 0.0051 0.0241 0.1177 0.2530 0.1742 0.1637 0.2564 
  84 0.0057 0.0056 0.0258 0.1035 0.2446 0.2157 0.1371 0.2620 
  85 0.0058 0.0055 0.0166 0.1042 0.2751 0.1383 0.1568 0.2977 
  86 0.0086 0.0105 0.0358 0.2682 0.0939 0.1559 0.2325 0.1947 
  87 0.0064 0.0066 0.0482 0.1100 0.1101 0.3030 0.1853 0.2303 
  88 0.0065 0.0060 0.0291 0.1095 0.2536 0.1807 0.2312 0.1836 
  89 0.0072 0.0056 0.0266 0.1871 0.3012 0.1407 0.1564 0.1751 
  90 0.0054 0.0067 0.0417 0.1489 0.1253 0.3310 0.1401 0.2008 
  91 0.0057 0.0047 0.0185 0.0775 0.3942 0.1177 0.1695 0.2121 
  92 0.0063 0.0068 0.0250 0.1406 0.1518 0.2124 0.2010 0.2561 
  93 0.0054 0.0057 0.0196 0.0626 0.5578 0.0779 0.1424 0.1286 
  94 0.0055 0.0054 0.0858 0.0520 0.0979 0.3255 0.1421 0.2858 
  95 0.0055 0.0057 0.0540 0.1179 0.2130 0.2929 0.1625 0.1485 
  96 0.0049 0.0071 0.0160 0.1227 0.1839 0.0844 0.4750 0.1060 
  97 0.0071 0.0078 0.0380 0.0909 0.1418 0.0682 0.3969 0.2492 
  98 0.0045 0.0081 0.0193 0.1425 0.0929 0.1073 0.4030 0.2224 
  99 0.0055 0.0058 0.0306 0.1539 0.2250 0.2394 0.1147 0.2251 
 100 0.0064 0.0071 0.0159 0.1968 0.4133 0.0706 0.1898 0.1000 
 101 0.0077 0.0074 0.0317 0.1335 0.1317 0.2090 0.2809 0.1981 
 102 0.0066 0.0122 0.0303 0.0712 0.2918 0.1637 0.2629 0.1613 
 103 0.0060 0.0078 0.0318 0.3902 0.1518 0.1677 0.1185 0.1262 
 104 0.0054 0.0075 0.0630 0.1025 0.1394 0.4223 0.1086 0.1514 
 105 0.0067 0.0199 0.0671 0.1700 0.1850 0.2924 0.1400 0.1190 
 106 0.0054 0.0058 0.0461 0.0757 0.0586 0.3862 0.1150 0.3072 
 107 0.0076 0.0127 0.0597 0.2304 0.1563 0.2669 0.1352 0.1312 
 108 0.0048 0.0059 0.0157 0.2617 0.0911 0.1718 0.2326 0.2163 
 109 0.0067 0.0746 0.0791 0.0938 0.0631 0.3027 0.1306 0.2494 
 110 0.0062 0.0069 0.0845 0.0618 0.0656 0.3887 0.1005 0.2858 
 111 0.0058 0.0141 0.1491 0.1125 0.0924 0.4049 0.1069 0.1144 
 112 0.0048 0.0893 0.1558 0.0533 0.0682 0.3324 0.1413 0.1549 
 113 0.0069 0.0081 0.0334 0.2820 0.1144 0.1338 0.2011 0.2203 
 114 0.0050 0.0122 0.0873 0.1137 0.1707 0.3672 0.1037 0.1402 
 115 0.0068 0.0178 0.0489 0.0817 0.0952 0.3230 0.2775 0.1491 
 116 0.0068 0.0107 0.0555 0.0816 0.0601 0.2818 0.2421 0.2615 
 117 0.0080 0.0187 0.1203 0.0595 0.0800 0.3431 0.1267 0.2437 
 118 0.0056 0.0144 0.0389 0.3344 0.0870 0.2359 0.1539 0.1299 
 119 0.0048 0.0059 0.0178 0.0936 0.1939 0.1346 0.4128 0.1367 
 120 0.0060 0.0270 0.0717 0.1120 0.1134 0.2913 0.2154 0.1631 
 121 0.0223 0.0666 0.0778 0.0796 0.0721 0.2759 0.2439 0.1616 
 122 0.0047 0.0110 0.0640 0.1133 0.0839 0.3272 0.1112 0.2848 
 123 0.0059 0.0083 0.0868 0.1171 0.1099 0.3506 0.1382 0.1832 
 124 0.0138 0.0182 0.0933 0.1311 0.0746 0.2410 0.1791 0.2490 
 125 0.0064 0.0150 0.1571 0.0606 0.0780 0.1774 0.1493 0.3560 
 126 0.0044 0.0055 0.0623 0.0857 0.1049 0.2514 0.2472 0.2386 
 127 0.0065 0.0129 0.1320 0.1227 0.0966 0.3960 0.1264 0.1068 
 128 0.0050 0.0115 0.0285 0.3792 0.0856 0.1952 0.1625 0.1324 
 129 0.0075 0.0122 0.0436 0.2961 0.0743 0.3123 0.1306 0.1235 
 130 0.0072 0.0239 0.0779 0.1562 0.1614 0.3303 0.0956 0.1475 
 131 0.0112 0.0292 0.1487 0.0815 0.0639 0.2145 0.1473 0.3038 
 132 0.0056 0.0084 0.0471 0.1961 0.0658 0.3177 0.1140 0.2454 
 133 0.0086 0.0116 0.0742 0.2249 0.1072 0.2774 0.1525 0.1437 
 134 0.0045 0.0077 0.1517 0.0680 0.0514 0.4426 0.0793 0.1947 
 135 0.0069 0.0126 0.0204 0.0701 0.3138 0.0643 0.3981 0.1138 
 136 0.0069 0.0104 0.0162 0.0618 0.5702 0.0674 0.1281 0.1390 
 137 0.0060 0.0181 0.0215 0.0502 0.5777 0.0983 0.1154 0.1128 
 138 0.0056 0.0052 0.0225 0.0511 0.5949 0.0616 0.1276 0.1315 
 139 0.0054 0.0079 0.0235 0.2593 0.2416 0.0713 0.2404 0.1507 
 140 0.0059 0.0063 0.0261 0.0794 0.3330 0.0992 0.2560 0.1940 
 141 0.0066 0.0105 0.0217 0.0751 0.4590 0.0734 0.1385 0.2152 
 142 0.0060 0.0130 0.0180 0.0831 0.3158 0.0633 0.3925 0.1083 
 143 0.0051 0.0050 0.0159 0.0525 0.6475 0.0564 0.1242 0.0935 
 144 0.0058 0.0170 0.0203 0.0524 0.5789 0.0957 0.1257 0.1041 
 145 0.0086 0.0126 0.0224 0.0806 0.3583 0.0763 0.2237 0.2175 
 146 0.0091 0.0070 0.0336 0.0600 0.3763 0.1158 0.1804 0.2179 
 147 0.0057 0.0053 0.0165 0.0464 0.6650 0.0578 0.1026 0.1007 
 148 0.0061 0.0139 0.0188 0.0783 0.4183 0.0946 0.2124 0.1577 
 149 0.0065 0.0103 0.0512 0.0707 0.4347 0.0601 0.2335 0.1329 
 150 0.0073 0.0194 0.0221 0.0798 0.4356 0.1361 0.1599 0.1398 
 151 0.0059 0.0055 0.0185 0.0671 0.5434 0.0766 0.1664 0.1167 
 152 0.0063 0.0125 0.0158 0.0652 0.3850 0.1012 0.2454 0.1685 
 153 0.0049 0.0057 0.0533 0.0484 0.4643 0.0736 0.2029 0.1469 
 154 0.0077 0.0151 0.0293 0.0810 0.4733 0.0677 0.1916 0.1343 
 155 0.0056 0.0051 0.0178 0.0638 0.6085 0.0766 0.1151 0.1076 
 156 0.0045 0.0077 0.0235 0.0610 0.4572 0.0719 0.2811 0.0931 
 157 0.0051 0.0051 0.0259 0.0535 0.5231 0.1343 0.1121 0.1409 
 158 0.0083 0.0123 0.0244 0.0631 0.4029 0.0739 0.1964 0.2187 
 159 0.0064 0.0075 0.0181 0.0568 0.6498 0.0575 0.1035 0.1003 
 160 0.0073 0.0082 0.0173 0.0677 0.6342 0.0589 0.1064 0.1000 
 161 0.0053 0.0060 0.0322 0.0614 0.3750 0.0813 0.2503 0.1884 
 162 0.0126 0.0074 0.0280 0.0806 0.3512 0.1186 0.1878 0.2138 
 163 0.0049 0.0050 0.0258 0.0521 0.5803 0.0691 0.1657 0.0971 
 164 0.0112 0.0071 0.0242 0.1207 0.4103 0.1082 0.1580 0.1603 
 165 0.0067 0.0184 0.0224 0.0642 0.4760 0.1294 0.1577 0.1252 
 166 0.0056 0.0060 0.0235 0.0808 0.3934 0.1392 0.1905 0.1611 
 167 0.0157 0.0109 0.0245 0.0540 0.5319 0.1035 0.1041 0.1555 
 168 0.0062 0.0054 0.0204 0.0553 0.4637 0.0784 0.1898 0.1807 
 169 0.0092 0.0132 0.0458 0.0549 0.2956 0.0706 0.1752 0.3354 
 170 0.0053 0.0056 0.0173 0.0894 0.3246 0.0747 0.3670 0.1162 
 171 0.0059 0.0066 0.0156 0.0941 0.3967 0.0981 0.1987 0.1844 
 172 0.0058 0.0098 0.0950 0.0603 0.2923 0.0580 0.2804 0.1984 
 173 0.0065 0.0069 0.0147 0.0905 0.6022 0.0602 0.1186 0.1004 
 174 0.0062 0.0052 0.0190 0.0648 0.5901 0.0784 0.1084 0.1279 
 175 0.0068 0.0067 0.0147 0.0582 0.5495 0.0666 0.1650 0.1324 
 176 0.0058 0.0175 0.0209 0.0522 0.5777 0.0952 0.1268 0.1039 
 177 0.0060 0.0061 0.0320 0.0549 0.4100 0.1355 0.1452 0.2103 
 178 0.0067 0.0061 0.0181 0.0744 0.5181 0.0896 0.1060 0.1809 
 179 0.0055 0.0048 0.0153 0.0658 0.6539 0.0596 0.0931 0.1020 
 180 0.0102 0.0084 0.0313 0.0535 0.4347 0.0897 0.1849 0.1873 
 181 0.0076 0.0087 0.0223 0.0909 0.3867 0.0658 0.2691 0.1490 
 182 0.0077 0.0080 0.0154 0.0896 0.4908 0.0594 0.2335 0.0956 
 183 0.0060 0.0055 0.0157 0.0704 0.6136 0.0603 0.1244 0.1041 
 184 0.0071 0.0064 0.0156 0.5287 0.0834 0.0996 0.1219 0.1372 
 185 0.0047 0.0079 0.0361 0.0594 0.5265 0.0522 0.2337 0.0795 
 186 0.0070 0.0051 0.0191 0.4640 0.0811 0.1320 0.1317 0.1599 
 187 0.0048 0.0051 0.0191 0.4085 0.2495 0.0833 0.1131 0.1166 
 188 0.0065 0.0053 0.0155 0.5794 0.0663 0.0973 0.1057 0.1240 
 189 0.0057 0.0052 0.0275 0.1418 0.2425 0.1028 0.1973 0.2771 
 190 0.0045 0.0086 0.0156 0.1340 0.2087 0.0548 0.4993 0.0745 
 191 0.0046 0.0073 0.0135 0.5887 0.1044 0.0726 0.0970 0.1120 
 192 0.0047 0.0054 0.0206 0.3630 0.2283 0.1066 0.1302 0.1412 
 193 0.0054 0.0101 0.0160 0.2503 0.2097 0.0997 0.2322 0.1766 
 194 0.0057 0.0056 0.0275 0.2437 0.2000 0.1029 0.2774 0.1372 
 195 0.0052 0.0053 0.0199 0.3696 0.2531 0.0554 0.2043 0.0871 
 196 0.0043 0.0078 0.0164 0.2348 0.1913 0.0829 0.3612 0.1012 
 197 0.0078 0.0060 0.0353 0.2434 0.1941 0.1601 0.1525 0.2008 
 198 0.0050 0.0058 0.0252 0.1880 0.1688 0.1340 0.2180 0.2552 
 199 0.0053 0.0078 0.0188 0.1158 0.1261 0.0789 0.5439 0.1034 
 200 0.0048 0.0148 0.0153 0.2168 0.1833 0.0881 0.3181 0.1588 
 201 0.0050 0.0052 0.0158 0.2575 0.4009 0.0678 0.1487 0.0989 
 202 0.0051 0.0066 0.0231 0.0962 0.3336 0.0709 0.3746 0.0899 
 203 0.0046 0.0077 0.0164 0.3186 0.3752 0.0625 0.1285 0.0865 
 204 0.0047 0.0060 0.0173 0.5049 0.1337 0.0565 0.1940 0.0828 
 205 0.0049 0.0063 0.0195 0.4587 0.1175 0.0801 0.1985 0.1145 
 206 0.0053 0.0055 0.0152 0.5285 0.1532 0.0604 0.1406 0.0912 
 207 0.0048 0.0090 0.0161 0.4131 0.1049 0.0829 0.2787 0.0906 
 208 0.0049 0.0066 0.0148 0.3750 0.2659 0.0706 0.1654 0.0968 
 209 0.0047 0.0097 0.0147 0.4348 0.1526 0.0819 0.1765 0.1251 
 210 0.0046 0.0054 0.0155 0.5112 0.1532 0.0716 0.1404 0.0981 
 211 0.0065 0.0218 0.0201 0.1263 0.1666 0.1072 0.4602 0.0913 
 212 0.0049 0.0065 0.0198 0.1257 0.3853 0.0675 0.2606 0.1296 
 213 0.0049 0.0071 0.0328 0.1677 0.1198 0.1202 0.3963 0.1513 
 214 0.0049 0.0077 0.0157 0.1854 0.3986 0.0666 0.2225 0.0986 
 215 0.0045 0.0092 0.0152 0.5279 0.0967 0.0874 0.1540 0.1052 
 216 0.0082 0.0073 0.0180 0.3619 0.1119 0.1179 0.1830 0.1917 
 217 0.0051 0.0058 0.0161 0.2487 0.3361 0.0724 0.2077 0.1080 
 218 0.0051 0.0064 0.0162 0.5103 0.1315 0.0849 0.1289 0.1168 
 219 0.0113 0.0053 0.0189 0.2506 0.2480 0.1142 0.1480 0.2037 
 220 0.0044 0.0062 0.0135 0.6147 0.1018 0.0638 0.1067 0.0890 
 221 0.0048 0.0071 0.0169 0.0821 0.3344 0.0536 0.4174 0.0838 
 222 0.0099 0.0053 0.0199 0.3149 0.1570 0.1201 0.1521 0.2209 
 223 0.0051 0.0052 0.0214 0.2329 0.3327 0.1008 0.1484 0.1535 
 224 0.0055 0.0060 0.0166 0.3930 0.2806 0.0621 0.1420 0.0943 
 225 0.0049 0.0062 0.0200 0.4411 0.1419 0.0700 0.2123 0.1036 
 226 0.0066 0.0083 0.0186 0.3080 0.1633 0.1331 0.1553 0.2068 
 227 0.0055 0.0064 0.0268 0.2166 0.2208 0.0826 0.3509 0.0904 
 228 0.0051 0.0086 0.0338 0.2875 0.2458 0.0531 0.2853 0.0809 
 229 0.0051 0.0053 0.0164 0.4276 0.2826 0.0639 0.1036 0.0955 
 230 0.0049 0.0068 0.0152 0.4820 0.2193 0.0618 0.1218 0.0882 
 231 0.0051 0.0064 0.0154 0.4467 0.2309 0.0699 0.1044 0.1212 
 232 0.0056 0.0073 0.0400 0.1738 0.1865 0.0972 0.3171 0.1726 
 233 0.0049 0.0070 0.0154 0.1852 0.4750 0.0682 0.1452 0.0991 
 234 0.0046 0.0062 0.0179 0.3466 0.1928 0.1123 0.1326 0.1870 
 235 0.0059 0.0059 0.0180 0.2319 0.2702 0.0940 0.2207 0.1533 
 236 0.0050 0.0070 0.0177 0.2918 0.3231 0.0825 0.1496 0.1234 
 237 0.0046 0.0106 0.0183 0.4057 0.1131 0.0786 0.2647 0.1044 
 238 0.0048 0.0059 0.0185 0.1659 0.3738 0.0862 0.2256 0.1192 
 239 0.0050 0.0054 0.0198 0.3711 0.2498 0.0552 0.2059 0.0879 
 240 0.0048 0.0061 0.0183 0.1697 0.3706 0.0859 0.2259 0.1188 
 241 0.0063 0.0072 0.0158 0.1358 0.3499 0.0677 0.3056 0.1118 
 242 0.0053 0.0057 0.0208 0.4061 0.1634 0.0756 0.1537 0.1694 
 243 0.0044 0.0103 0.0147 0.2595 0.1978 0.0648 0.3653 0.0833 
 244 0.0049 0.0070 0.0150 0.3967 0.2894 0.0608 0.1368 0.0894 
 245 0.0048 0.0050 0.0226 0.0955 0.4684 0.0707 0.2310 0.1021 
 246 0.0052 0.0058 0.0160 0.2425 0.3372 0.0722 0.2121 0.1089 
 247 0.0045 0.0056 0.0282 0.3139 0.0777 0.1822 0.1856 0.2022 
 248 0.0044 0.0076 0.0172 0.4816 0.0874 0.1062 0.1839 0.1116 
 249 0.0051 0.0075 0.0161 0.3103 0.2983 0.0694 0.1977 0.0954 
 250 0.0050 0.0069 0.0172 0.4127 0.2348 0.0809 0.1278 0.1147 
 251 0.0052 0.0130 0.0172 0.2479 0.1425 0.1265 0.2112 0.2365 
 252 0.0051 0.0050 0.0234 0.3923 0.1983 0.0733 0.1863 0.1164 
 253 0.0051 0.0062 0.0265 0.1722 0.1068 0.1399 0.3710 0.1722 
 254 0.0076 0.0054 0.0187 0.4269 0.1536 0.0971 0.1372 0.1535 
 255 0.0051 0.0071 0.0165 0.3782 0.2104 0.0886 0.1477 0.1465 
 256 0.0054 0.0077 0.0162 0.2363 0.2451 0.0750 0.2995 0.1148 
 257 0.0102 0.0110 0.0182 0.3514 0.1674 0.0937 0.2215 0.1266 
 258 0.0043 0.0087 0.0220 0.2482 0.1457 0.1180 0.2925 0.1605 
 259 0.0052 0.0071 0.0170 0.4553 0.1646 0.0794 0.1602 0.1110 
 260 0.0078 0.0055 0.0206 0.2518 0.2937 0.1121 0.1291 0.1793 
 261 0.0051 0.0052 0.0257 0.2596 0.2808 0.0730 0.2327 0.1179 
 262 0.0048 0.0065 0.0167 0.1641 0.2609 0.0580 0.4017 0.0874 
 263 0.0069 0.0067 0.0140 0.5656 0.0996 0.0722 0.1326 0.1024 
 264 0.0130 0.0076 0.0183 0.2582 0.0724 0.1310 0.1559 0.3436 
 265 0.0051 0.0051 0.0174 0.4221 0.1947 0.0921 0.1239 0.1397 
 266 0.0050 0.0068 0.0180 0.1011 0.4037 0.0543 0.3273 0.0839 
 267 0.0053 0.0090 0.0189 0.2521 0.2254 0.1040 0.2465 0.1387 
 268 0.0044 0.0082 0.0169 0.2323 0.1905 0.0832 0.3635 0.1009 
 269 0.0050 0.0056 0.0179 0.2780 0.2286 0.1073 0.1183 0.2393 
 270 0.0080 0.0074 0.0192 0.4164 0.1151 0.1090 0.1556 0.1694 
 271 0.0051 0.0100 0.0173 0.3587 0.1315 0.1079 0.2316 0.1379 
 272 0.0063 0.0137 0.0185 0.2814 0.1415 0.1367 0.2220 0.1800 
 273 0.0300 0.0260 0.0329 0.2560 0.2061 0.1161 0.1479 0.1849 
 274 0.0057 0.0070 0.0174 0.3765 0.1516 0.1106 0.1597 0.1715 
 275 0.0077 0.0120 0.0210 0.4424 0.1612 0.0914 0.1225 0.1418 
 276 0.0069 0.0123 0.0197 0.1972 0.1132 0.1315 0.3589 0.1604 
 277 0.0054 0.0052 0.0194 0.3057 0.2559 0.0960 0.1489 0.1634 
 278 0.0044 0.0097 0.0157 0.4473 0.1256 0.0889 0.1987 0.1097 
 279 0.0055 0.0067 0.0179 0.3618 0.1887 0.0924 0.1799 0.1472 
 280 0.0054 0.0055 0.0253 0.3064 0.1714 0.0907 0.1920 0.2032 
 281 0.0057 0.0067 0.0185 0.3700 0.1522 0.1125 0.1741 0.1603 
 282 0.0049 0.0053 0.0196 0.2186 0.4043 0.0883 0.1182 0.1407 
 283 0.0051 0.0057 0.0185 0.2076 0.4492 0.0777 0.1367 0.0995 
 284 0.0044 0.0088 0.0221 0.2252 0.2673 0.1186 0.2013 0.1523 
 285 0.0046 0.0104 0.0191 0.4266 0.0646 0.0976 0.2292 0.1478 
 286 0.0048 0.0072 0.0151 0.3959 0.2885 0.0610 0.1382 0.0894 
 287 0.0060 0.0053 0.0201 0.2935 0.2074 0.1232 0.1396 0.2049 
 288 0.0059 0.0075 0.0164 0.4963 0.1137 0.1046 0.1153 0.1403 
 289 0.0072 0.0114 0.0210 0.4314 0.1063 0.1236 0.1635 0.1356 
 290 0.0094 0.0137 0.0232 0.1886 0.1220 0.0842 0.3571 0.2018 
 291 0.0049 0.0101 0.0179 0.3569 0.1322 0.1081 0.2324 0.1374 
 292 0.0056 0.0054 0.0415 0.1974 0.1834 0.0783 0.3113 0.1770 
 293 0.0069 0.0111 0.0213 0.1218 0.0989 0.0985 0.3551 0.2864 
 294 0.0073 0.0067 0.0175 0.5152 0.0863 0.0737 0.1888 0.1045 
 295 0.0066 0.0166 0.0267 0.1700 0.1404 0.1290 0.3307 0.1800 
 296 0.0048 0.0095 0.0164 0.4795 0.1165 0.0906 0.1767 0.1059 
 297 0.0056 0.0055 0.0241 0.4033 0.1194 0.0904 0.1512 0.2004 
 298 0.0052 0.0052 0.0188 0.3424 0.3032 0.0879 0.1069 0.1304 
 299 0.0076 0.0053 0.0152 0.5754 0.1072 0.0736 0.1028 0.1129 
 300 0.0048 0.0069 0.0182 0.5302 0.0820 0.0645 0.1674 0.1259 
 301 0.0073 0.0078 0.0176 0.4174 0.1181 0.1146 0.1395 0.1777 
 302 0.0078 0.0125 0.0198 0.3864 0.1043 0.0814 0.2748 0.1130 
 303 0.0052 0.0064 0.0265 0.3142 0.2654 0.0662 0.1740 0.1422 
 304 0.0092 0.0062 0.0306 0.1192 0.3700 0.1410 0.1123 0.2114 
 305 0.0050 0.0073 0.0201 0.3957 0.1996 0.0613 0.2140 0.0969 
 306 0.0058 0.0057 0.0175 0.1902 0.3406 0.0837 0.2186 0.1379 
 307 0.0062 0.0078 0.0195 0.2647 0.2243 0.0971 0.2248 0.1556 
 308 0.0050 0.0051 0.0254 0.2544 0.2830 0.0724 0.2352 0.1195 
 309 0.0108 0.0209 0.0209 0.5414 0.1007 0.0834 0.1262 0.0956 
 310 0.0048 0.0074 0.0152 0.3018 0.2416 0.0640 0.2730 0.0921 
 311 0.0049 0.0067 0.0151 0.4814 0.2194 0.0618 0.1225 0.0882 
 312 0.0044 0.0074 0.0150 0.5493 0.1035 0.0760 0.1558 0.0886 
 313 0.0048 0.0093 0.0179 0.3834 0.0827 0.0761 0.3297 0.0962 
 314 0.0050 0.0069 0.0233 0.0516 0.6021 0.0552 0.1621 0.0938 
 315 0.0046 0.0051 0.0211 0.0479 0.5490 0.0716 0.1749 0.1257 
 316 0.0080 0.0072 0.0186 0.0528 0.5618 0.0840 0.1120 0.1556 
 317 0.0053 0.0067 0.0160 0.0478 0.6663 0.0573 0.1007 0.0998 
 318 0.0056 0.0061 0.0159 0.0459 0.6869 0.0579 0.0758 0.1060 
 319 0.0057 0.0051 0.0153 0.0545 0.6521 0.0563 0.1172 0.0938 
 320 0.0050 0.0069 0.0232 0.0511 0.6022 0.0553 0.1618 0.0945 
 321 0.0055 0.0070 0.0173 0.0462 0.6622 0.0595 0.0942 0.1081 
 322 0.0075 0.0078 0.0185 0.0562 0.5224 0.0807 0.1682 0.1388 
 323 0.0141 0.0053 0.0153 0.0498 0.6717 0.0586 0.0849 0.1002 
 324 0.0055 0.0067 0.0169 0.0456 0.6644 0.0591 0.0938 0.1080 
 325 0.0052 0.0067 0.0162 0.0451 0.5932 0.0806 0.1023 0.1507 
 326 0.0142 0.0127 0.0214 0.0489 0.5601 0.0848 0.1086 0.1493 
 327 0.0055 0.0064 0.0159 0.0472 0.6685 0.0573 0.0999 0.0992 
 328 0.0050 0.0056 0.0157 0.0512 0.5499 0.0766 0.1585 0.1376 
 329 0.0049 0.0049 0.0164 0.0452 0.6881 0.0567 0.0833 0.1005 
 330 0.0054 0.0066 0.0160 0.0470 0.6679 0.0575 0.0999 0.0998 
 331 0.0052 0.0049 0.0157 0.0494 0.6843 0.0572 0.0836 0.0998 
 332 0.0189 0.0087 0.0180 0.0456 0.5641 0.0860 0.1045 0.1541 
 333 0.0126 0.0088 0.0203 0.0550 0.5610 0.0807 0.1255 0.1361 
 334 0.0052 0.0057 0.0161 0.0508 0.5498 0.0773 0.1565 0.1385 
 335 0.0050 0.0055 0.0150 0.0473 0.5681 0.0726 0.1612 0.1253 
 336 0.0171 0.0081 0.0299 0.0491 0.6144 0.0590 0.1204 0.1020 
 337 0.0053 0.0074 0.0168 0.0460 0.5573 0.0808 0.1335 0.1529 
 338 0.0062 0.0070 0.0181 0.0461 0.6786 0.0590 0.0764 0.1086 
 339 0.0053 0.0049 0.0160 0.0504 0.6833 0.0577 0.0831 0.0992 
 340 0.0053 0.0047 0.0149 0.0525 0.6871 0.0555 0.0878 0.0923 
 341 0.0151 0.0084 0.0207 0.0555 0.6497 0.0599 0.0902 0.1004 
 342 0.0053 0.0065 0.0161 0.0479 0.6672 0.0566 0.1008 0.0997 
 343 0.0134 0.0063 0.0210 0.0470 0.4767 0.0719 0.2427 0.1210 
 344 0.0051 0.0048 0.0157 0.0449 0.6940 0.0570 0.0792 0.0994 
 345 0.0054 0.0065 0.0160 0.0478 0.6686 0.0575 0.0995 0.0986 
 346 0.0053 0.0057 0.0152 0.0467 0.6924 0.0569 0.0797 0.0980 
 347 0.0051 0.0046 0.0149 0.0468 0.6986 0.0551 0.0827 0.0923 
 348 0.0045 0.0054 0.0202 0.0497 0.4843 0.0663 0.2591 0.1105 
 349 0.0055 0.0066 0.0162 0.0475 0.6663 0.0570 0.1006 0.1003 
 350 0.0050 0.0049 0.0231 0.0562 0.6253 0.0560 0.1343 0.0951 
 351 0.0050 0.0055 0.0152 0.0464 0.5700 0.0724 0.1598 0.1256 
 352 0.0052 0.0070 0.0158 0.0482 0.5613 0.0777 0.1479 0.1368 
 353 0.0167 0.0084 0.0289 0.0489 0.6157 0.0584 0.1209 0.1020 
 354 0.0071 0.0061 0.0182 0.0499 0.6753 0.0580 0.0829 0.1024 
 355 0.0055 0.0059 0.0162 0.0456 0.6858 0.0586 0.0759 0.1065 
 356 0.0043 0.0054 0.0207 0.0513 0.4437 0.0655 0.3004 0.1088 
 357 0.0049 0.0058 0.0153 0.0618 0.4039 0.1070 0.1123 0.2889 
 358 0.0057 0.0057 0.0178 0.0451 0.5953 0.0784 0.1092 0.1428 
 359 0.0058 0.0052 0.0178 0.0508 0.6780 0.0578 0.0836 0.1010 
 360 0.0056 0.0057 0.0150 0.0468 0.6922 0.0568 0.0796 0.0982 
 361 0.0049 0.0067 0.0156 0.0648 0.3419 0.1057 0.1710 0.2893 
 362 0.0053 0.0073 0.0267 0.2044 0.1042 0.1583 0.1424 0.3512 
 363 0.0082 0.0085 0.0310 0.1238 0.0765 0.2292 0.1469 0.3759 
 364 0.0298 0.0158 0.0231 0.0845 0.2537 0.1442 0.1919 0.2569 
 365 0.0193 0.0247 0.0358 0.0944 0.0888 0.1238 0.1363 0.4768 
 366 0.0066 0.0127 0.0222 0.1228 0.1320 0.1116 0.2958 0.2963 
 367 0.0048 0.0059 0.0749 0.0632 0.0627 0.3822 0.0850 0.3212 
 368 0.0058 0.0068 0.0252 0.2239 0.1046 0.2544 0.1328 0.2463 
 369 0.0087 0.0133 0.0214 0.0929 0.1441 0.1141 0.3760 0.2295 
 370 0.0146 0.0159 0.0448 0.2401 0.1087 0.2430 0.1478 0.1853 
 371 0.0122 0.0147 0.0252 0.2328 0.1357 0.1369 0.1828 0.2597 
 372 0.0432 0.0390 0.0368 0.3065 0.1211 0.1555 0.1509 0.1470 
 373 0.0072 0.0081 0.0485 0.1034 0.1538 0.2517 0.1557 0.2715 
 374 0.0071 0.0176 0.0278 0.1005 0.2344 0.1419 0.1595 0.3112 
 375 0.0208 0.0114 0.0367 0.1517 0.0758 0.2504 0.0946 0.3587 
 376 0.1334 0.0077 0.0305 0.0467 0.0703 0.1426 0.1004 0.4683 
 377 0.0072 0.0121 0.0229 0.1560 0.1111 0.1482 0.1848 0.3579 
 378 0.0055 0.0092 0.0995 0.0726 0.2366 0.2874 0.1325 0.1567 
 379 0.2271 0.0106 0.0404 0.0591 0.0620 0.1577 0.1042 0.3390 
 380 0.0148 0.0108 0.0570 0.0919 0.1567 0.0789 0.1844 0.4055 
 381 0.0140 0.0096 0.0554 0.0577 0.1289 0.0783 0.2403 0.4158 
 382 0.0052 0.0066 0.0232 0.0887 0.0930 0.2463 0.0924 0.4447 
 383 0.0226 0.0160 0.0745 0.1247 0.1762 0.0856 0.0868 0.4137 
 384 0.0847 0.0194 0.0802 0.0979 0.1497 0.1584 0.0919 0.3178 
 385 0.0078 0.2035 0.0463 0.0893 0.2116 0.1244 0.0936 0.2236 
 386 0.0045 0.0064 0.0251 0.0838 0.0787 0.2082 0.1219 0.4715 
 387 0.0049 0.0065 0.0345 0.0660 0.0991 0.2247 0.1220 0.4424 
 388 0.0177 0.0260 0.0363 0.1231 0.2259 0.1631 0.1086 0.2993 
 389 0.0105 0.0979 0.0239 0.1983 0.0904 0.1429 0.2930 0.1430 
 390 0.0180 0.0162 0.1524 0.0691 0.0692 0.2269 0.1833 0.2649 
 391 0.0180 0.0466 0.0541 0.0940 0.1109 0.2189 0.2714 0.1861 
 392 0.0097 0.0051 0.0321 0.0922 0.1528 0.1377 0.1221 0.4483 
 393 0.0082 0.0059 0.2492 0.0547 0.1135 0.0821 0.1294 0.3570 
 394 0.0052 0.0055 0.0278 0.0858 0.2612 0.1919 0.1242 0.2984 
 395 0.0045 0.0056 0.0434 0.1759 0.0884 0.1509 0.2166 0.3148 
 396 0.0063 0.0058 0.0261 0.1115 0.0651 0.2742 0.1035 0.4075 
 397 0.1128 0.0060 0.0196 0.2502 0.1602 0.0987 0.1664 0.1863 
 398 0.0406 0.0056 0.0442 0.0513 0.0686 0.2063 0.1071 0.4762 
 399 0.0049 0.0100 0.0691 0.0712 0.0883 0.3824 0.1668 0.2073 
 400 0.0080 0.0067 0.0341 0.0518 0.1071 0.2156 0.1555 0.4213 
 401 0.0050 0.0066 0.0598 0.0639 0.1111 0.2891 0.2316 0.2330 
 402 0.0081 0.0076 0.0324 0.0990 0.1186 0.2015 0.2411 0.2916 
 403 0.0090 0.0164 0.0323 0.0982 0.3362 0.1377 0.1462 0.2241 
 404 0.0098 0.0106 0.0405 0.1812 0.1289 0.1407 0.1396 0.3486 
 405 0.0050 0.0059 0.0200 0.1286 0.1140 0.1429 0.2008 0.3827 
 406 0.0046 0.0058 0.0269 0.0684 0.1317 0.1255 0.3160 0.3210 
 407 0.0045 0.0054 0.0241 0.0647 0.0633 0.1107 0.0949 0.6323 
 408 0.0044 0.0055 0.0529 0.1172 0.0576 0.3311 0.2768 0.1544 
 409 0.0117 0.0109 0.0853 0.0546 0.1650 0.0835 0.3400 0.2489 
 410 0.0931 0.0085 0.0574 0.0718 0.1124 0.1919 0.1479 0.3171 
 411 0.0245 0.0065 0.0245 0.0597 0.1665 0.1352 0.1833 0.3998 
 412 0.0055 0.0071 0.0239 0.1925 0.0955 0.2342 0.1245 0.3167 
 413 0.0049 0.0061 0.0256 0.1324 0.2039 0.2419 0.1160 0.2692 
 414 0.0047 0.0127 0.0355 0.1911 0.0710 0.3203 0.0954 0.2694 
 415 0.0061 0.0062 0.0244 0.0693 0.0827 0.1511 0.2102 0.4499 
 416 0.0067 0.0134 0.0981 0.0826 0.1088 0.1789 0.1917 0.3198 
 417 0.0065 0.0057 0.0263 0.0818 0.0744 0.1810 0.1068 0.5175 
 418 0.0075 0.0051 0.0465 0.1014 0.0760 0.3572 0.0868 0.3194 
 419 0.0118 0.0180 0.0884 0.0831 0.1879 0.1471 0.1790 0.2847 
 420 0.0043 0.0059 0.0559 0.0593 0.0674 0.2654 0.3209 0.2210 
 421 0.0065 0.0058 0.0325 0.1209 0.0782 0.2315 0.1240 0.4006 
 422 0.0070 0.0071 0.0311 0.1764 0.0833 0.1016 0.2397 0.3536 
 423 0.0094 0.0064 0.0223 0.1456 0.1138 0.1960 0.1371 0.3695 
 424 0.0083 0.0182 0.0416 0.0585 0.1138 0.3033 0.2203 0.2359 
 425 0.0258 0.0416 0.0420 0.1203 0.1450 0.1649 0.1333 0.3270 
 426 0.0357 0.0279 0.0512 0.0788 0.1410 0.2615 0.1439 0.2599 
 427 0.0052 0.0056 0.0431 0.0449 0.1597 0.1594 0.0904 0.4917 
 428 0.0238 0.0068 0.0385 0.0885 0.1530 0.1006 0.2381 0.3507 
 429 0.0063 0.0052 0.0347 0.0705 0.0621 0.2271 0.0832 0.5110 
 430 0.0057 0.0058 0.0638 0.0885 0.0706 0.1382 0.1084 0.5190 
 431 0.0102 0.0126 0.0414 0.1394 0.1400 0.3110 0.1306 0.2148 
 432 0.0058 0.0068 0.0252 0.1435 0.1118 0.2548 0.1706 0.2815 
 433 0.0106 0.0070 0.0247 0.1232 0.2825 0.1451 0.2306 0.1764 
 434 0.0062 0.0082 0.0218 0.1476 0.1375 0.1202 0.2085 0.3499 
 435 0.0049 0.0050 0.0244 0.0513 0.0668 0.1784 0.1116 0.5575 
 436 0.0074 0.0070 0.0582 0.0337 0.0997 0.2154 0.1584 0.4202 
 437 0.0091 0.0053 0.0160 0.0700 0.0748 0.1751 0.1004 0.5494 
 438 0.0060 0.0064 0.0558 0.0444 0.0939 0.1600 0.3102 0.3234 
 439 0.0053 0.0054 0.0876 0.0397 0.0825 0.1328 0.1013 0.5455 
 440 0.0042 0.0054 0.0263 0.0473 0.0574 0.2405 0.0944 0.5246 
 441 0.0058 0.0063 0.0516 0.0561 0.1240 0.1368 0.1470 0.4726 
 442 0.0065 0.0140 0.0351 0.0675 0.0719 0.2026 0.1660 0.4364 
 443 0.0045 0.0081 0.0973 0.0490 0.0616 0.2775 0.2667 0.2353 
 444 0.0064 0.0140 0.0278 0.0608 0.0714 0.1923 0.1763 0.4510 
 445 0.0417 0.0058 0.2438 0.0508 0.1051 0.0790 0.1994 0.2745 
 446 0.0493 0.0061 0.0838 0.0365 0.0742 0.2349 0.1015 0.4136 
 447 0.0064 0.0159 0.0323 0.0486 0.1137 0.1803 0.2243 0.3785 
 448 0.0051 0.0056 0.0238 0.0648 0.0752 0.1758 0.1314 0.5183 
 449 0.0054 0.0058 0.0248 0.0683 0.1068 0.1569 0.1618 0.4702 
 450 0.0103 0.0065 0.0747 0.0543 0.1221 0.1576 0.0858 0.4888 
 451 0.0051 0.0068 0.0264 0.0839 0.0583 0.4385 0.1301 0.2509 
 452 0.0067 0.0053 0.0367 0.0517 0.1114 0.1452 0.0927 0.5504 
 453 0.0047 0.0075 0.0779 0.0626 0.0782 0.1435 0.4650 0.1605 
 454 0.0051 0.0058 0.0240 0.0688 0.1221 0.1527 0.1234 0.4981 
 455 0.0049 0.0060 0.0769 0.0406 0.0659 0.1814 0.1859 0.4384 
 456 0.0058 0.0076 0.0364 0.0530 0.0642 0.1596 0.2611 0.4122 
 457 0.0060 0.0049 0.0199 0.0526 0.0784 0.1284 0.1081 0.6018 
 458 0.0473 0.0059 0.1032 0.0471 0.0797 0.1351 0.1055 0.4762 
 459 0.0050 0.0057 0.1028 0.0366 0.1284 0.2077 0.1416 0.3722 
 460 0.0050 0.0056 0.0689 0.0405 0.0695 0.2903 0.1080 0.4122 
 461 0.0070 0.0058 0.0865 0.0404 0.0743 0.3841 0.0812 0.3209 
 462 0.0080 0.0258 0.1812 0.1100 0.0532 0.1552 0.1357 0.3309 
 463 0.0046 0.0061 0.0815 0.0749 0.0787 0.1418 0.3361 0.2763 
 464 0.0044 0.0052 0.0572 0.0451 0.0648 0.2889 0.1903 0.3441 
 465 0.0069 0.0061 0.0755 0.0630 0.0769 0.2832 0.1723 0.3160 
 466 0.0044 0.0051 0.0481 0.0635 0.0648 0.2307 0.2917 0.2918 
 467 0.0055 0.0067 0.1557 0.0904 0.0926 0.1352 0.1691 0.3448 
 468 0.0052 0.0053 0.0296 0.0489 0.0647 0.1642 0.1787 0.5034 
 469 0.0049 0.0056 0.0582 0.0366 0.0722 0.1478 0.0967 0.5780 
 470 0.0048 0.0048 0.0345 0.0427 0.0706 0.2068 0.1010 0.5348 
 471 0.0062 0.0104 0.0410 0.0944 0.0744 0.1875 0.2627 0.3233 
 472 0.0071 0.0073 0.1070 0.0681 0.0695 0.1612 0.2043 0.3755 
 473 0.0052 0.0057 0.0190 0.0955 0.1073 0.1460 0.1707 0.4506 
 474 0.0060 0.0053 0.0732 0.0572 0.0988 0.1413 0.1508 0.4674 
 475 0.0057 0.0057 0.0464 0.0603 0.1198 0.2432 0.1967 0.3222 
 476 0.0085 0.0054 0.0816 0.0453 0.0733 0.1675 0.1420 0.4765 
 477 0.0067 0.0111 0.0468 0.0434 0.0996 0.3179 0.2191 0.2554 
 478 0.0066 0.0106 0.1109 0.0420 0.0683 0.4531 0.1029 0.2055 
 479 0.0047 0.0053 0.0242 0.0417 0.0663 0.2111 0.0976 0.5490 
 480 0.0062 0.0048 0.0213 0.0445 0.0743 0.1399 0.0958 0.6132 
 481 0.0056 0.0107 0.0281 0.1575 0.0741 0.1600 0.1607 0.4034 
 482 0.0059 0.0049 0.0311 0.0426 0.0665 0.1819 0.0873 0.5799 
 483 0.0065 0.0053 0.0540 0.0408 0.0841 0.1781 0.1185 0.5126 
 484 0.0054 0.0083 0.1078 0.0594 0.0778 0.1155 0.2566 0.3692 
 485 0.0062 0.0057 0.0426 0.0412 0.0698 0.2127 0.1159 0.5060 
 486 0.0090 0.0292 0.0264 0.1127 0.0943 0.1812 0.3407 0.2065 
 487 0.0101 0.0245 0.0219 0.0765 0.1814 0.1817 0.2666 0.2372 
 488 0.0083 0.0452 0.0285 0.1295 0.1649 0.2725 0.1783 0.1727 
 489 0.0104 0.0136 0.0181 0.1297 0.1577 0.1225 0.3055 0.2424 
 490 0.0060 0.0122 0.0478 0.0708 0.0668 0.3026 0.2582 0.2356 
 491 0.0080 0.0343 0.0212 0.2234 0.1594 0.1050 0.2835 0.1652 
 492 0.0051 0.0184 0.0860 0.0757 0.2519 0.2169 0.2092 0.1367 
 493 0.0141 0.0773 0.0241 0.1860 0.1376 0.1967 0.1800 0.1842 
 494 0.0367 0.0265 0.0250 0.1217 0.1462 0.1496 0.2919 0.2024 
 495 0.0264 0.0648 0.0603 0.0515 0.1847 0.2653 0.2165 0.1305 
 496 0.0058 0.0059 0.0300 0.1085 0.2411 0.1039 0.3326 0.1721 
 497 0.0194 0.1247 0.0207 0.1948 0.1941 0.1055 0.1563 0.1846 
 498 0.0092 0.0447 0.0318 0.1065 0.0877 0.2071 0.2872 0.2257 
 499 0.0245 0.0163 0.0175 0.0907 0.2692 0.1105 0.2843 0.1870 
 500 0.0180 0.0115 0.0189 0.1781 0.1244 0.1696 0.1780 0.3015 
 501 0.0124 0.0086 0.0285 0.1096 0.2240 0.1596 0.1835 0.2740 
 502 0.0080 0.0136 0.0587 0.0807 0.2761 0.2207 0.1389 0.2034 
 503 0.0085 0.0071 0.0259 0.1309 0.0935 0.1639 0.1271 0.4431 
 504 0.0078 0.0460 0.0304 0.0711 0.0898 0.2915 0.2926 0.1708 
 505 0.0084 0.0133 0.0204 0.1433 0.1291 0.1344 0.4147 0.1364 
 506 0.0072 0.0182 0.0522 0.1268 0.2325 0.2043 0.1958 0.1631 
 507 0.0075 0.0056 0.0207 0.0894 0.3890 0.0629 0.3197 0.1051 
 508 0.0129 0.0122 0.0166 0.0680 0.3518 0.0782 0.3640 0.0963 
 509 0.0074 0.0097 0.0254 0.1609 0.2026 0.1127 0.3424 0.1388 
 510 0.0315 0.0088 0.0205 0.0982 0.3069 0.1487 0.1797 0.2057 
 511 0.0106 0.0148 0.0351 0.1046 0.1009 0.2230 0.2054 0.3058 
 512 0.0082 0.0105 0.0306 0.1097 0.0768 0.2222 0.1151 0.4270 
 513 0.0074 0.3447 0.0245 0.1210 0.1061 0.1270 0.1884 0.0810 
 514 0.0074 0.0077 0.0460 0.1051 0.1331 0.3270 0.2015 0.1721 
 515 0.0113 0.0087 0.0235 0.0633 0.2019 0.1104 0.2644 0.3165 
 516 0.0089 0.0084 0.0330 0.1161 0.1050 0.2444 0.3438 0.1405 
 517 0.0069 0.0063 0.0206 0.0746 0.1691 0.1626 0.3396 0.2203 
 518 0.0786 0.0078 0.0178 0.1807 0.2405 0.1160 0.1264 0.2322 
 519 0.0054 0.0095 0.0511 0.0631 0.1258 0.3499 0.2227 0.1726 
 520 0.0069 0.0061 0.0166 0.0649 0.2182 0.1236 0.3454 0.2182 
 521 0.0057 0.0071 0.0294 0.1676 0.3169 0.1639 0.1629 0.1465 
 522 0.0279 0.0088 0.0187 0.0672 0.1052 0.1546 0.2898 0.3279 
 523 0.0067 0.0067 0.0211 0.0584 0.1510 0.1281 0.4989 0.1291 
 524 0.0079 0.0059 0.0187 0.0888 0.1469 0.1800 0.2051 0.3468 
 525 0.0905 0.0060 0.0189 0.0900 0.2146 0.0951 0.2499 0.2351 
 526 0.0054 0.0054 0.0240 0.0681 0.0975 0.1141 0.3753 0.3101 
 527 0.0838 0.0113 0.0344 0.0919 0.1170 0.2405 0.1361 0.2850 
 528 0.0047 0.0056 0.0199 0.1752 0.4221 0.0924 0.1583 0.1217 
 529 0.0826 0.0113 0.0241 0.2456 0.1680 0.1313 0.1686 0.1685 
 530 0.0072 0.0089 0.0244 0.0741 0.1370 0.1538 0.2492 0.3454 
 531 0.0069 0.0063 0.0306 0.0573 0.3476 0.1165 0.1759 0.2588 
 532 0.0222 0.0104 0.0264 0.1215 0.3047 0.1754 0.1631 0.1763 
 533 0.0717 0.0070 0.0194 0.1582 0.1227 0.1229 0.2304 0.2677 
 534 0.0734 0.0143 0.0318 0.1176 0.1607 0.1189 0.3947 0.0885 
 535 0.0052 0.0057 0.0264 0.0676 0.0952 0.1723 0.4120 0.2156 
 536 0.0072 0.0074 0.0929 0.1444 0.1741 0.1096 0.2132 0.2511 
 537 0.0074 0.0085 0.0343 0.1035 0.1795 0.0912 0.4284 0.1473 
 538 0.0050 0.0062 0.0210 0.1949 0.1661 0.0964 0.3434 0.1670 
 539 0.0050 0.0061 0.0161 0.1182 0.4432 0.0689 0.2345 0.1079 
 540 0.0065 0.0077 0.0317 0.1815 0.1996 0.0993 0.2689 0.2048 
 541 0.0070 0.0077 0.2083 0.1110 0.2783 0.0821 0.1443 0.1613 
 542 0.0055 0.0097 0.1033 0.1490 0.0799 0.0785 0.3297 0.2443 
 543 0.0076 0.0142 0.0797 0.0958 0.1891 0.1489 0.3185 0.1462 
 544 0.0046 0.0063 0.0428 0.0749 0.1109 0.0949 0.4854 0.1801 
 545 0.0050 0.0088 0.0425 0.0732 0.0686 0.1150 0.4362 0.2508 
 546 0.0052 0.0116 0.0766 0.1858 0.1290 0.0839 0.3358 0.1722 
 547 0.0049 0.0076 0.0309 0.0466 0.1167 0.0873 0.5827 0.1234 
 548 0.0049 0.0068 0.0174 0.4124 0.2320 0.0810 0.1293 0.1162 
 549 0.0074 0.0068 0.0861 0.0491 0.2408 0.0772 0.3108 0.2219 
 550 0.0043 0.0075 0.0283 0.0570 0.0856 0.1928 0.3606 0.2639 
 551 0.0080 0.0067 0.0415 0.0582 0.3518 0.0944 0.2650 0.1744 
 552 0.0058 0.0060 0.0219 0.2201 0.1685 0.0738 0.3461 0.1578 
 553 0.0077 0.0126 0.0483 0.0809 0.1687 0.1006 0.4788 0.1024 
 554 0.0102 0.0094 0.0677 0.1875 0.1559 0.1458 0.1770 0.2464 
 555 0.0063 0.0189 0.0227 0.1227 0.2374 0.0981 0.3622 0.1316 
 556 0.0055 0.0068 0.0207 0.1567 0.1267 0.0899 0.4256 0.1682 
 557 0.0051 0.0073 0.0686 0.0557 0.1326 0.1686 0.2533 0.3089 
 558 0.0060 0.0049 0.0317 0.0373 0.0692 0.1773 0.0822 0.5915 
 559 0.0059 0.0069 0.0372 0.2886 0.0850 0.1879 0.2047 0.1838 
 560 0.0047 0.0104 0.0643 0.0829 0.0542 0.3504 0.0892 0.3440 
 561 0.0055 0.0096 0.0305 0.0806 0.0695 0.2213 0.1908 0.3923 
 562 0.0062 0.0123 0.0361 0.1420 0.0540 0.2995 0.1704 0.2794 
 563 0.0076 0.0158 0.0466 0.0400 0.1660 0.2756 0.2366 0.2119 
 564 0.0082 0.0093 0.0172 0.3284 0.1022 0.1311 0.2202 0.1835 
 565 0.0053 0.0053 0.0239 0.0518 0.0746 0.0975 0.0958 0.6459 
 566 0.0040 0.0062 0.0440 0.0535 0.0574 0.4254 0.0982 0.3113 
 567 0.0061 0.0088 0.0167 0.4012 0.0685 0.1705 0.1625 0.1657 
 568 0.0053 0.0053 0.0285 0.1258 0.0941 0.2189 0.2263 0.2958 
 569 0.0068 0.0067 0.0196 0.0736 0.1050 0.2303 0.2027 0.3554 
 570 0.0079 0.0053 0.0182 0.0798 0.0612 0.2329 0.0770 0.5177 
 571 0.0049 0.0060 0.0467 0.1100 0.0903 0.4097 0.1264 0.2061 
 572 0.0041 0.0099 0.0151 0.0701 0.1573 0.0954 0.4474 0.2005 
 573 0.0059 0.0072 0.0159 0.3054 0.1001 0.1600 0.1480 0.2575 
 574 0.0068 0.0077 0.0169 0.0736 0.1684 0.1474 0.1759 0.4033 
 575 0.0055 0.0055 0.0481 0.1048 0.1464 0.2613 0.1690 0.2595 
 576 0.0053 0.0119 0.0470 0.0749 0.0599 0.4020 0.0870 0.3119 
 577 0.0086 0.0071 0.0180 0.0779 0.1497 0.1366 0.1879 0.4143 
 578 0.0050 0.0134 0.0249 0.1092 0.0851 0.3046 0.1324 0.3253 
 579 0.0058 0.0180 0.0315 0.1599 0.0789 0.1508 0.1514 0.4036 
 580 0.0053 0.0058 0.0215 0.0793 0.1092 0.1198 0.1316 0.5275 
 581 0.0049 0.0061 0.0237 0.0665 0.0964 0.1776 0.1195 0.5054 
 582 0.0060 0.0059 0.0523 0.0673 0.0603 0.2390 0.1490 0.4202 
 583 0.0494 0.0088 0.0396 0.1138 0.0886 0.3372 0.1088 0.2538 
 584 0.0064 0.0068 0.0303 0.0597 0.0692 0.3885 0.1078 0.3311 
 585 0.0059 0.0125 0.0293 0.0858 0.0713 0.2814 0.1178 0.3960 
 586 0.0050 0.0061 0.1140 0.1209 0.0925 0.3324 0.1808 0.1483 
 587 0.0098 0.0089 0.0280 0.1487 0.0603 0.1827 0.2002 0.3614 
 588 0.0067 0.0165 0.0203 0.3485 0.0779 0.0839 0.3495 0.0967 
 589 0.0053 0.0062 0.0315 0.0720 0.0670 0.2421 0.1668 0.4091 
 590 0.0063 0.0084 0.0511 0.1754 0.0806 0.3506 0.1312 0.1964 
 591 0.0053 0.0067 0.0352 0.1040 0.0960 0.3632 0.1461 0.2434 
 592 0.0043 0.0057 0.0306 0.1949 0.0655 0.2470 0.1933 0.2586 
 593 0.0055 0.0058 0.0232 0.1442 0.1095 0.2116 0.1719 0.3283 
 594 0.0410 0.0124 0.0342 0.1238 0.1642 0.2294 0.1691 0.2258 
 595 0.0091 0.0246 0.0289 0.2156 0.0634 0.2055 0.0894 0.3635 
 596 0.0042 0.0078 0.0172 0.1904 0.1104 0.2133 0.2129 0.2440 
 597 0.0079 0.0090 0.0811 0.0706 0.2372 0.3026 0.1589 0.1328 
 598 0.0071 0.0051 0.0165 0.0435 0.0661 0.2184 0.0798 0.5635 
 599 0.0057 0.0053 0.0296 0.1105 0.0587 0.3591 0.1508 0.2802 
 600 0.0047 0.0067 0.0441 0.0768 0.1132 0.1059 0.1888 0.4598 
 601 0.0045 0.0059 0.0460 0.0876 0.0571 0.2403 0.1541 0.4046 
 602 0.0073 0.0107 0.0212 0.1819 0.1685 0.1569 0.2331 0.2204 
 603 0.0055 0.0075 0.0219 0.2284 0.1684 0.1640 0.2007 0.2036 
 604 0.0114 0.0162 0.0531 0.1145 0.1288 0.1032 0.1309 0.4419 
 605 0.0053 0.0090 0.0229 0.1180 0.0940 0.1617 0.2432 0.3458 
 606 0.0091 0.0073 0.0394 0.2306 0.1566 0.1218 0.1808 0.2544 
 607 0.0066 0.0091 0.0168 0.1280 0.2459 0.1111 0.1312 0.3513 
 608 0.0057 0.0054 0.0391 0.0615 0.3861 0.1322 0.1314 0.2388 
 609 0.0080 0.0082 0.0231 0.0563 0.1030 0.1355 0.2139 0.4521 
 610 0.0055 0.0087 0.0251 0.0700 0.0905 0.1214 0.2303 0.4486 
 611 0.0071 0.0070 0.0352 0.1165 0.1682 0.1864 0.2867 0.1930 
 612 0.0140 0.0065 0.0655 0.0521 0.0782 0.0956 0.1480 0.5401 
 613 0.0395 0.0098 0.0258 0.1002 0.1039 0.1531 0.2502 0.3174 
 614 0.0075 0.0101 0.0188 0.1049 0.0754 0.1028 0.1231 0.5575 
 615 0.0060 0.0056 0.0363 0.1165 0.1266 0.0935 0.1212 0.4943 
 616 0.0051 0.0064 0.0190 0.1512 0.1821 0.1539 0.1137 0.3686 
 617 0.0156 0.0496 0.0259 0.0996 0.0807 0.1816 0.1687 0.3782 
 618 0.0111 0.0226 0.1125 0.0979 0.1937 0.0864 0.1356 0.3402 
 619 0.0044 0.0056 0.0231 0.1101 0.1546 0.2111 0.2255 0.2655 
 620 0.0044 0.0064 0.0296 0.3041 0.0539 0.2213 0.1593 0.2210 
 621 0.0074 0.0075 0.0303 0.0618 0.0835 0.2910 0.1176 0.4008 
 622 0.0134 0.0460 0.0347 0.2182 0.1265 0.1091 0.1533 0.2988 
 623 0.0048 0.0069 0.0201 0.1702 0.0858 0.2457 0.1828 0.2837 
 624 0.0089 0.0066 0.0778 0.0712 0.1995 0.1156 0.1038 0.4167 
 625 0.0272 0.0266 0.0397 0.0935 0.1890 0.1553 0.1145 0.3542 
 626 0.0253 0.0071 0.1609 0.0768 0.2255 0.0635 0.2381 0.2029 
 627 0.0046 0.0084 0.0305 0.1383 0.1015 0.1695 0.2201 0.3270 
 628 0.0051 0.0110 0.0298 0.2491 0.1108 0.1983 0.1601 0.2358 
 629 0.0062 0.0080 0.0310 0.1676 0.1330 0.2220 0.1427 0.2896 
 630 0.0144 0.0110 0.0546 0.0906 0.1020 0.1607 0.1217 0.4450 
 631 0.0058 0.0060 0.0219 0.2259 0.1064 0.1145 0.1045 0.4150 
 632 0.0053 0.0085 0.0302 0.2218 0.2229 0.0909 0.2104 0.2101 
 633 0.0065 0.0105 0.0303 0.0883 0.1652 0.1233 0.1379 0.4378 
 634 0.0062 0.0061 0.0341 0.1556 0.1918 0.1255 0.2155 0.2652 
 635 0.0057 0.0060 0.0297 0.1039 0.3513 0.0960 0.1764 0.2310 
 636 0.0077 0.0061 0.0400 0.0748 0.2307 0.1452 0.1207 0.3749 
 637 0.0059 0.0083 0.0518 0.0987 0.1112 0.1119 0.3866 0.2256 
 638 0.0070 0.0071 0.0230 0.1733 0.1732 0.1837 0.1500 0.2829 
 639 0.0063 0.0110 0.0217 0.1275 0.1444 0.0986 0.1476 0.4429 
 640 0.0060 0.0136 0.0531 0.0950 0.1209 0.2862 0.1087 0.3164 
 641 0.0107 0.0088 0.0180 0.2044 0.1245 0.1490 0.1534 0.3313 
 642 0.0058 0.0065 0.0304 0.0781 0.2727 0.0856 0.3269 0.1940 
 643 0.0055 0.0059 0.0536 0.0720 0.4859 0.0955 0.1245 0.1570 
 644 0.0058 0.0074 0.0370 0.0764 0.4228 0.1213 0.1861 0.1432 
 645 0.0133 0.0114 0.0389 0.0644 0.3796 0.0621 0.1716 0.2587 
