   1 0.3295 0.2588 0.4118 
   2 0.0421 0.0379 0.9201 
   3 0.6504 0.1547 0.1949 
   4 0.0357 0.7395 0.2247 
   5 0.0516 0.0335 0.9149 
   6 0.8507 0.0311 0.1182 
   7 0.1430 0.0296 0.8274 
   8 0.2995 0.2916 0.4088 
   9 0.5036 0.0988 0.3977 
  10 0.4475 0.1018 0.4506 
  11 0.2493 0.0317 0.7190 
  12 0.0627 0.0577 0.8796 
  13 0.1090 0.0532 0.8378 
  14 0.0797 0.1148 0.8055 
  15 0.0722 0.1601 0.7677 
  16 0.6601 0.0528 0.2871 
  17 0.2530 0.0579 0.6891 
  18 0.5967 0.1386 0.2646 
  19 0.5716 0.0450 0.3835 
  20 0.1021 0.0484 0.8495 
  21 0.1672 0.3073 0.5256 
  22 0.8180 0.0556 0.1265 
  23 0.0607 0.2784 0.6610 
  24 0.4958 0.1909 0.3132 
  25 0.1038 0.0243 0.8719 
  26 0.3120 0.1263 0.5617 
  27 0.2828 0.0893 0.6279 
  28 0.1670 0.2564 0.5767 
  29 0.0836 0.0452 0.8712 
  30 0.8322 0.0468 0.1210 
  31 0.1296 0.1058 0.7646 
  32 0.1736 0.1543 0.6721 
  33 0.6187 0.1544 0.2270 
  34 0.5528 0.0423 0.4049 
  35 0.5546 0.0642 0.3812 
  36 0.7223 0.1106 0.1671 
  37 0.1137 0.2519 0.6345 
  38 0.8574 0.0248 0.1178 
  39 0.7049 0.0436 0.2514 
  40 0.1342 0.5714 0.2943 
  41 0.6716 0.0880 0.2405 
  42 0.2119 0.6718 0.1164 
  43 0.0660 0.1742 0.7598 
  44 0.4376 0.0948 0.4677 
  45 0.6792 0.0428 0.2780 
  46 0.6783 0.0353 0.2864 
  47 0.6417 0.0706 0.2877 
  48 0.4471 0.1255 0.4273 
  49 0.5550 0.0768 0.3682 
  50 0.6939 0.0864 0.2197 
  51 0.4671 0.2404 0.2924 
  52 0.7346 0.0504 0.2149 
  53 0.8436 0.0539 0.1024 
  54 0.0880 0.0948 0.8171 
  55 0.0542 0.0766 0.8692 
  56 0.6085 0.1166 0.2750 
  57 0.3073 0.1345 0.5582 
  58 0.2000 0.0930 0.7070 
  59 0.7003 0.0604 0.2393 
  60 0.1527 0.4390 0.4083 
  61 0.0350 0.2209 0.7441 
  62 0.5481 0.0526 0.3994 
  63 0.1800 0.1520 0.6680 
  64 0.8109 0.0302 0.1589 
  65 0.1468 0.0207 0.8325 
  66 0.0422 0.1756 0.7822 
  67 0.0601 0.0583 0.8817 
  68 0.6682 0.0837 0.2482 
  69 0.4495 0.1469 0.4036 
  70 0.2006 0.1348 0.6646 
  71 0.6553 0.0344 0.3102 
  72 0.7776 0.0426 0.1799 
  73 0.0895 0.0396 0.8709 
  74 0.6407 0.2299 0.1294 
  75 0.1964 0.6549 0.1487 
  76 0.1059 0.0550 0.8391 
  77 0.6955 0.0555 0.2491 
  78 0.7895 0.0541 0.1564 
  79 0.1136 0.0324 0.8541 
  80 0.0867 0.6202 0.2930 
  81 0.1243 0.3754 0.5003 
  82 0.0449 0.0914 0.8637 
  83 0.1386 0.2489 0.6124 
  84 0.1087 0.1538 0.7375 
  85 0.1368 0.3278 0.5355 
  86 0.1261 0.0430 0.8308 
  87 0.0869 0.0376 0.8754 
  88 0.0489 0.1990 0.7521 
  89 0.0544 0.3725 0.5731 
  90 0.0572 0.0353 0.9074 
  91 0.0789 0.6798 0.2413 
  92 0.0673 0.0637 0.8690 
  93 0.0309 0.8917 0.0773 
  94 0.5844 0.0350 0.3806 
  95 0.0420 0.0817 0.8764 
  96 0.0372 0.3896 0.5732 
  97 0.3432 0.4731 0.1837 
  98 0.1846 0.1352 0.6801 
  99 0.0795 0.1158 0.8048 
 100 0.0291 0.8222 0.1487 
 101 0.0507 0.0656 0.8837 
 102 0.0941 0.3549 0.5510 
 103 0.0361 0.1181 0.8459 
 104 0.0524 0.0354 0.9121 
 105 0.0321 0.0663 0.9016 
 106 0.4083 0.0176 0.5741 
 107 0.0442 0.0659 0.8899 
 108 0.1006 0.0424 0.8571 
 109 0.2206 0.0175 0.7619 
 110 0.4563 0.0211 0.5227 
 111 0.0562 0.0212 0.9225 
 112 0.2761 0.0194 0.7044 
 113 0.1356 0.0750 0.7894 
 114 0.0509 0.0445 0.9046 
 115 0.0512 0.0379 0.9110 
 116 0.2771 0.0212 0.7016 
 117 0.2832 0.0315 0.6853 
 118 0.0396 0.0273 0.9331 
 119 0.0661 0.3667 0.5672 
 120 0.0659 0.0318 0.9022 
 121 0.0732 0.0327 0.8940 
 122 0.3141 0.0236 0.6623 
 123 0.1197 0.0331 0.8472 
 124 0.5772 0.0314 0.3914 
 125 0.6872 0.0385 0.2743 
 126 0.2518 0.0477 0.7005 
 127 0.0503 0.0238 0.9259 
 128 0.0383 0.0289 0.9327 
 129 0.0304 0.0225 0.9471 
 130 0.0556 0.0446 0.8998 
 131 0.6208 0.0309 0.3483 
 132 0.1861 0.0210 0.7929 
 133 0.0575 0.0332 0.9093 
 134 0.5052 0.0137 0.4811 
 135 0.0389 0.7604 0.2007 
 136 0.0355 0.8759 0.0886 
 137 0.0332 0.8439 0.1229 
 138 0.0318 0.9128 0.0554 
 139 0.0633 0.6015 0.3352 
 140 0.1121 0.6259 0.2620 
 141 0.0565 0.8552 0.0884 
 142 0.0355 0.8232 0.1413 
 143 0.0221 0.9254 0.0525 
 144 0.0295 0.8573 0.1132 
 145 0.0859 0.7203 0.1938 
 146 0.0924 0.5651 0.3425 
 147 0.0261 0.9209 0.0530 
 148 0.0447 0.7682 0.1871 
 149 0.0376 0.8932 0.0693 
 150 0.0450 0.6339 0.3212 
 151 0.0303 0.8785 0.0911 
 152 0.0546 0.6913 0.2540 
 153 0.0482 0.8681 0.0837 
 154 0.0311 0.8697 0.0992 
 155 0.0254 0.9047 0.0699 
 156 0.0259 0.8701 0.1041 
 157 0.0570 0.7575 0.1855 
 158 0.0798 0.7656 0.1546 
 159 0.0226 0.9219 0.0555 
 160 0.0239 0.9114 0.0646 
 161 0.0646 0.7896 0.1459 
 162 0.1056 0.4527 0.4418 
 163 0.0240 0.9135 0.0625 
 164 0.0594 0.4151 0.5255 
 165 0.0390 0.7151 0.2459 
 166 0.0725 0.6404 0.2872 
 167 0.0485 0.7397 0.2118 
 168 0.0540 0.8570 0.0890 
 169 0.4593 0.4265 0.1142 
 170 0.0305 0.8532 0.1164 
 171 0.0562 0.6392 0.3046 
 172 0.1352 0.7988 0.0660 
 173 0.0232 0.9065 0.0704 
 174 0.0310 0.8886 0.0804 
 175 0.0305 0.9063 0.0632 
 176 0.0288 0.8593 0.1120 
 177 0.1254 0.5894 0.2852 
 178 0.0471 0.8364 0.1165 
 179 0.0226 0.9264 0.0510 
 180 0.0816 0.7341 0.1843 
 181 0.0467 0.8219 0.1314 
 182 0.0225 0.8550 0.1225 
 183 0.0253 0.9108 0.0639 
 184 0.0978 0.0492 0.8529 
 185 0.0186 0.9263 0.0551 
 186 0.0868 0.0392 0.8739 
 187 0.0658 0.3789 0.5554 
 188 0.0593 0.0287 0.9120 
 189 0.2372 0.3425 0.4203 
 190 0.0225 0.7418 0.2357 
 191 0.0379 0.0858 0.8763 
 192 0.0609 0.2623 0.6767 
 193 0.0699 0.2183 0.7119 
 194 0.0486 0.2399 0.7115 
 195 0.0237 0.8542 0.1220 
 196 0.0405 0.4018 0.5577 
 197 0.2128 0.1131 0.6741 
 198 0.1018 0.1212 0.7769 
 199 0.0354 0.3726 0.5920 
 200 0.0648 0.2346 0.7006 
 201 0.0317 0.8458 0.1226 
 202 0.0216 0.7953 0.1831 
 203 0.0266 0.8215 0.1519 
 204 0.0278 0.5215 0.4507 
 205 0.0511 0.1351 0.8139 
 206 0.0330 0.4305 0.5365 
 207 0.0284 0.1018 0.8697 
 208 0.0396 0.4965 0.4639 
 209 0.0476 0.1371 0.8154 
 210 0.0356 0.4350 0.5294 
 211 0.0260 0.1630 0.8110 
 212 0.0436 0.8223 0.1341 
 213 0.0686 0.1380 0.7933 
 214 0.0283 0.8449 0.1268 
 215 0.0376 0.0587 0.9038 
 216 0.1065 0.0725 0.8210 
 217 0.0401 0.8089 0.1510 
 218 0.0496 0.1913 0.7591 
 219 0.1933 0.2711 0.5356 
 220 0.0309 0.1107 0.8584 
 221 0.0198 0.9180 0.0621 
 222 0.1986 0.1223 0.6790 
 223 0.0825 0.5338 0.3836 
 224 0.0308 0.6883 0.2809 
 225 0.0427 0.3055 0.6518 
 226 0.1599 0.1803 0.6598 
 227 0.0286 0.4720 0.4994 
 228 0.0222 0.8405 0.1374 
 229 0.0384 0.6734 0.2882 
 230 0.0338 0.5392 0.4270 
 231 0.0574 0.5813 0.3613 
 232 0.0852 0.4061 0.5087 
 233 0.0271 0.8680 0.1049 
 234 0.0799 0.1908 0.7292 
 235 0.0918 0.4517 0.4565 
 236 0.0578 0.5730 0.3692 
 237 0.0309 0.1721 0.7970 
 238 0.0396 0.7787 0.1817 
 239 0.0239 0.8533 0.1229 
 240 0.0380 0.7765 0.1855 
 241 0.0289 0.8269 0.1442 
 242 0.1017 0.3309 0.5674 
 243 0.0284 0.5385 0.4330 
 244 0.0285 0.7759 0.1956 
 245 0.0256 0.8921 0.0823 
 246 0.0403 0.8117 0.1480 
 247 0.1194 0.0364 0.8442 
 248 0.0343 0.0418 0.9238 
 249 0.0363 0.6822 0.2815 
 250 0.0531 0.3469 0.6000 
 251 0.0916 0.0903 0.8182 
 252 0.0594 0.4545 0.4861 
 253 0.0596 0.0808 0.8596 
 254 0.1266 0.1618 0.7117 
 255 0.0792 0.2309 0.6899 
 256 0.0387 0.6684 0.2929 
 257 0.0369 0.1833 0.7798 
 258 0.0471 0.0946 0.8583 
 259 0.0368 0.1346 0.8286 
 260 0.1442 0.3195 0.5363 
 261 0.0550 0.6849 0.2601 
 262 0.0256 0.8605 0.1139 
 263 0.0479 0.1342 0.8179 
 264 0.6648 0.0303 0.3049 
 265 0.0900 0.2574 0.6526 
 266 0.0204 0.9086 0.0710 
 267 0.0493 0.2763 0.6744 
 268 0.0400 0.4087 0.5514 
 269 0.1878 0.2771 0.5351 
 270 0.0827 0.0813 0.8361 
 271 0.0393 0.0792 0.8815 
 272 0.1027 0.1085 0.7887 
 273 0.1072 0.5412 0.3516 
 274 0.0751 0.1251 0.7997 
 275 0.1036 0.2718 0.6245 
 276 0.0849 0.0916 0.8235 
 277 0.0876 0.4419 0.4705 
 278 0.0394 0.0978 0.8628 
 279 0.0609 0.2836 0.6555 
 280 0.2097 0.2637 0.5266 
 281 0.0519 0.1275 0.8206 
 282 0.0708 0.6712 0.2580 
 283 0.0352 0.8100 0.1548 
 284 0.0532 0.2754 0.6713 
 285 0.0642 0.0282 0.9077 
 286 0.0282 0.7699 0.2018 
 287 0.1182 0.2217 0.6601 
 288 0.1070 0.1114 0.7816 
 289 0.1036 0.1523 0.7441 
 290 0.3656 0.1857 0.4487 
 291 0.0400 0.0798 0.8802 
 292 0.1561 0.4608 0.3831 
 293 0.5746 0.0827 0.3427 
 294 0.0554 0.1167 0.8279 
 295 0.0906 0.1887 0.7207 
 296 0.0350 0.1126 0.8523 
 297 0.2443 0.1233 0.6323 
 298 0.0731 0.4803 0.4465 
 299 0.0744 0.1151 0.8105 
 300 0.0559 0.1167 0.8274 
 301 0.1329 0.0793 0.7878 
 302 0.0494 0.1273 0.8233 
 303 0.0589 0.7203 0.2208 
 304 0.1933 0.4061 0.4006 
 305 0.0298 0.7602 0.2100 
 306 0.0533 0.7694 0.1773 
 307 0.0505 0.2342 0.7153 
 308 0.0541 0.6755 0.2703 
 309 0.0521 0.1376 0.8103 
 310 0.0302 0.7287 0.2411 
 311 0.0328 0.5426 0.4246 
 312 0.0277 0.1123 0.8600 
 313 0.0270 0.0624 0.9105 
 314 0.0224 0.9325 0.0451 
 315 0.0277 0.9173 0.0550 
 316 0.0332 0.9083 0.0585 
 317 0.0234 0.9312 0.0454 
 318 0.0249 0.9308 0.0443 
 319 0.0221 0.9236 0.0543 
 320 0.0220 0.9332 0.0448 
 321 0.0263 0.9274 0.0463 
 322 0.0326 0.9054 0.0620 
 323 0.0248 0.9267 0.0485 
 324 0.0257 0.9277 0.0466 
 325 0.0344 0.9103 0.0553 
 326 0.0333 0.9159 0.0508 
 327 0.0241 0.9301 0.0458 
 328 0.0329 0.8989 0.0682 
 329 0.0232 0.9290 0.0478 
 330 0.0234 0.9312 0.0454 
 331 0.0222 0.9299 0.0478 
 332 0.0404 0.9013 0.0584 
 333 0.0296 0.9148 0.0556 
 334 0.0323 0.9008 0.0669 
 335 0.0285 0.9136 0.0579 
 336 0.0270 0.9280 0.0450 
 337 0.0371 0.9016 0.0613 
 338 0.0261 0.9288 0.0451 
 339 0.0228 0.9297 0.0475 
 340 0.0212 0.9318 0.0470 
 341 0.0226 0.9303 0.0471 
 342 0.0241 0.9306 0.0453 
 343 0.0335 0.9039 0.0626 
 344 0.0229 0.9326 0.0445 
 345 0.0233 0.9309 0.0458 
 346 0.0225 0.9352 0.0423 
 347 0.0210 0.9359 0.0431 
 348 0.0274 0.9139 0.0587 
 349 0.0231 0.9311 0.0458 
 350 0.0226 0.9270 0.0504 
 351 0.0295 0.9121 0.0583 
 352 0.0324 0.9100 0.0576 
 353 0.0269 0.9275 0.0457 
 354 0.0229 0.9298 0.0473 
 355 0.0242 0.9317 0.0440 
 356 0.0278 0.9048 0.0674 
 357 0.2054 0.5249 0.2696 
 358 0.0331 0.9077 0.0592 
 359 0.0242 0.9272 0.0486 
 360 0.0227 0.9344 0.0429 
 361 0.2035 0.4266 0.3700 
 362 0.3048 0.0575 0.6377 
 363 0.6646 0.0324 0.3030 
 364 0.2344 0.3201 0.4454 
 365 0.7417 0.0314 0.2269 
 366 0.5349 0.1426 0.3225 
 367 0.6111 0.0165 0.3725 
 368 0.0668 0.0307 0.9025 
 369 0.2198 0.4065 0.3737 
 370 0.0621 0.0476 0.8903 
 371 0.2928 0.0881 0.6192 
 372 0.0818 0.1179 0.8004 
 373 0.1839 0.0515 0.7646 
 374 0.3094 0.2963 0.3943 
 375 0.5722 0.0249 0.4029 
 376 0.9140 0.0186 0.0674 
 377 0.4470 0.0482 0.5048 
 378 0.1043 0.1008 0.7949 
 379 0.9189 0.0174 0.0637 
 380 0.7844 0.1146 0.1011 
 381 0.8488 0.0728 0.0784 
 382 0.5187 0.0276 0.4537 
 383 0.8230 0.0934 0.0836 
 384 0.7458 0.0618 0.1924 
 385 0.1257 0.0848 0.7895 
 386 0.5693 0.0280 0.4027 
 387 0.6029 0.0294 0.3677 
 388 0.1938 0.1851 0.6211 
 389 0.0480 0.0426 0.9094 
 390 0.6726 0.0319 0.2956 
 391 0.1191 0.0589 0.8221 
 392 0.8123 0.0517 0.1359 
 393 0.8734 0.0633 0.0633 
 394 0.1654 0.1710 0.6637 
 395 0.6219 0.0555 0.3225 
 396 0.4968 0.0187 0.4846 
 397 0.2508 0.1444 0.6048 
 398 0.8786 0.0187 0.1027 
 399 0.1689 0.0243 0.8068 
 400 0.6952 0.0338 0.2710 
 401 0.3519 0.0416 0.6065 
 402 0.1134 0.0623 0.8243 
 403 0.1621 0.3436 0.4943 
 404 0.6184 0.0695 0.3121 
 405 0.3823 0.0735 0.5442 
 406 0.6410 0.2055 0.1535 
 407 0.8921 0.0187 0.0892 
 408 0.0568 0.0203 0.9229 
 409 0.3767 0.4981 0.1252 
 410 0.7452 0.0560 0.1988 
 411 0.6624 0.2039 0.1336 
 412 0.0957 0.0294 0.8749 
 413 0.0888 0.0833 0.8279 
 414 0.0886 0.0213 0.8901 
 415 0.8498 0.0302 0.1199 
 416 0.6318 0.0482 0.3200 
 417 0.8520 0.0249 0.1231 
 418 0.4900 0.0198 0.4903 
 419 0.4047 0.1544 0.4409 
 420 0.4141 0.0313 0.5547 
 421 0.7078 0.0306 0.2616 
 422 0.6472 0.0519 0.3009 
 423 0.7596 0.0385 0.2019 
 424 0.1739 0.0505 0.7756 
 425 0.4898 0.0591 0.4511 
 426 0.1385 0.0468 0.8146 
 427 0.8075 0.0762 0.1163 
 428 0.5380 0.1964 0.2656 
 429 0.8770 0.0166 0.1064 
 430 0.8730 0.0244 0.1026 
 431 0.1354 0.0378 0.8269 
 432 0.0747 0.0358 0.8895 
 433 0.0524 0.1906 0.7571 
 434 0.2853 0.1140 0.6008 
 435 0.8739 0.0188 0.1073 
 436 0.8997 0.0300 0.0703 
 437 0.8694 0.0207 0.1099 
 438 0.7442 0.0636 0.1922 
 439 0.9097 0.0256 0.0647 
 440 0.8890 0.0158 0.0953 
 441 0.6700 0.0767 0.2533 
 442 0.8095 0.0211 0.1694 
 443 0.5899 0.0223 0.3878 
 444 0.8379 0.0216 0.1406 
 445 0.7460 0.1279 0.1261 
 446 0.8737 0.0212 0.1051 
 447 0.6865 0.0513 0.2622 
 448 0.7203 0.0241 0.2556 
 449 0.6684 0.0436 0.2880 
 450 0.8255 0.0356 0.1389 
 451 0.0839 0.0167 0.8994 
 452 0.8498 0.0299 0.1203 
 453 0.1069 0.0777 0.8154 
 454 0.6720 0.0547 0.2733 
 455 0.8583 0.0241 0.1176 
 456 0.8240 0.0226 0.1534 
 457 0.8881 0.0227 0.0892 
 458 0.9016 0.0253 0.0730 
 459 0.6768 0.0691 0.2541 
 460 0.8357 0.0200 0.1442 
 461 0.7911 0.0197 0.1892 
 462 0.8537 0.0163 0.1300 
 463 0.5604 0.0819 0.3577 
 464 0.7260 0.0207 0.2532 
 465 0.4469 0.0318 0.5213 
 466 0.5003 0.0279 0.4718 
 467 0.7540 0.0550 0.1910 
 468 0.8961 0.0209 0.0830 
 469 0.9188 0.0220 0.0593 
 470 0.8927 0.0187 0.0886 
 471 0.4081 0.0430 0.5489 
 472 0.5439 0.0331 0.4230 
 473 0.4854 0.0503 0.4643 
 474 0.8247 0.0337 0.1416 
 475 0.5473 0.0470 0.4057 
 476 0.8983 0.0250 0.0767 
 477 0.1466 0.0414 0.8120 
 478 0.1580 0.0203 0.8217 
 479 0.8414 0.0184 0.1402 
 480 0.9108 0.0207 0.0685 
 481 0.4506 0.0262 0.5233 
 482 0.9029 0.0179 0.0792 
 483 0.8785 0.0266 0.0950 
 484 0.8081 0.0354 0.1565 
 485 0.8899 0.0214 0.0887 
 486 0.0556 0.0361 0.9083 
 487 0.0706 0.0933 0.8361 
 488 0.0417 0.0448 0.9135 
 489 0.0845 0.1852 0.7303 
 490 0.0775 0.0224 0.9002 
 491 0.0477 0.1097 0.8426 
 492 0.0527 0.1713 0.7760 
 493 0.0428 0.0433 0.9138 
 494 0.1140 0.0767 0.8093 
 495 0.0783 0.0667 0.8549 
 496 0.0657 0.3963 0.5380 
 497 0.0468 0.0776 0.8756 
 498 0.0654 0.0427 0.8920 
 499 0.0566 0.2408 0.7026 
 500 0.1812 0.0491 0.7696 
 501 0.2029 0.1292 0.6679 
 502 0.0880 0.1292 0.7827 
 503 0.4968 0.0308 0.4725 
 504 0.0433 0.0299 0.9268 
 505 0.0492 0.0953 0.8555 
 506 0.0731 0.1176 0.8093 
 507 0.0275 0.8588 0.1137 
 508 0.0289 0.6929 0.2782 
 509 0.0438 0.2051 0.7511 
 510 0.2220 0.2509 0.5271 
 511 0.5573 0.0380 0.4047 
 512 0.6520 0.0225 0.3255 
 513 0.0230 0.0447 0.9323 
 514 0.0586 0.0389 0.9025 
 515 0.6246 0.1402 0.2352 
 516 0.0402 0.0389 0.9209 
 517 0.2313 0.1329 0.6358 
 518 0.1538 0.2589 0.5873 
 519 0.0676 0.0374 0.8950 
 520 0.2183 0.5223 0.2594 
 521 0.0724 0.4256 0.5020 
 522 0.6467 0.0642 0.2892 
 523 0.0629 0.2377 0.6994 
 524 0.4675 0.0757 0.4568 
 525 0.3049 0.3023 0.3927 
 526 0.7055 0.1295 0.1650 
 527 0.1741 0.0354 0.7905 
 528 0.0413 0.7827 0.1759 
 529 0.0745 0.0976 0.8279 
 530 0.5532 0.0772 0.3695 
 531 0.2330 0.4608 0.3062 
 532 0.1390 0.2459 0.6152 
 533 0.3813 0.0680 0.5507 
 534 0.0332 0.0966 0.8702 
 535 0.2871 0.0774 0.6355 
 536 0.4914 0.2660 0.2426 
 537 0.0694 0.6457 0.2848 
 538 0.1126 0.3864 0.5010 
 539 0.0292 0.8870 0.0838 
 540 0.1402 0.4233 0.4365 
 541 0.0919 0.6517 0.2564 
 542 0.6364 0.1251 0.2385 
 543 0.0475 0.2200 0.7325 
 544 0.2251 0.1965 0.5784 
 545 0.6034 0.0561 0.3405 
 546 0.1319 0.3421 0.5260 
 547 0.0877 0.3935 0.5188 
 548 0.0525 0.3388 0.6087 
 549 0.1945 0.7170 0.0885 
 550 0.5697 0.1033 0.3270 
 551 0.0749 0.7637 0.1614 
 552 0.1039 0.5111 0.3850 
 553 0.0387 0.4241 0.5372 
 554 0.2765 0.1673 0.5562 
 555 0.0598 0.5633 0.3768 
 556 0.0893 0.3123 0.5985 
 557 0.6293 0.1275 0.2432 
 558 0.9109 0.0178 0.0712 
 559 0.0617 0.0331 0.9052 
 560 0.7536 0.0165 0.2299 
 561 0.4309 0.0221 0.5470 
 562 0.2276 0.0169 0.7555 
 563 0.1485 0.0996 0.7519 
 564 0.0681 0.0440 0.8878 
 565 0.8985 0.0222 0.0793 
 566 0.2993 0.0166 0.6841 
 567 0.0457 0.0268 0.9275 
 568 0.2196 0.0401 0.7403 
 569 0.2789 0.0547 0.6664 
 570 0.8782 0.0165 0.1053 
 571 0.0882 0.0236 0.8882 
 572 0.1235 0.3487 0.5278 
 573 0.0938 0.0439 0.8623 
 574 0.4688 0.0920 0.4392 
 575 0.2162 0.0605 0.7232 
 576 0.1885 0.0158 0.7956 
 577 0.4450 0.0771 0.4779 
 578 0.2610 0.0294 0.7096 
 579 0.3832 0.0287 0.5882 
 580 0.6268 0.0477 0.3255 
 581 0.6102 0.0358 0.3539 
 582 0.8583 0.0185 0.1232 
 583 0.2162 0.0253 0.7585 
 584 0.1576 0.0193 0.8231 
 585 0.4408 0.0238 0.5354 
 586 0.0789 0.0295 0.8917 
 587 0.6780 0.0198 0.3021 
 588 0.0242 0.0366 0.9391 
 589 0.6864 0.0220 0.2916 
 590 0.0594 0.0217 0.9190 
 591 0.0734 0.0266 0.8999 
 592 0.2744 0.0253 0.7002 
 593 0.2661 0.0509 0.6830 
 594 0.0580 0.0439 0.8981 
 595 0.4259 0.0176 0.5564 
 596 0.0978 0.0468 0.8554 
 597 0.0607 0.1066 0.8326 
 598 0.9068 0.0170 0.0762 
 599 0.3710 0.0182 0.6108 
 600 0.5710 0.0630 0.3660 
 601 0.6317 0.0188 0.3495 
 602 0.0568 0.0866 0.8566 
 603 0.0544 0.0731 0.8725 
 604 0.6642 0.0750 0.2608 
 605 0.2352 0.0358 0.7290 
 606 0.1861 0.1401 0.6737 
 607 0.1796 0.1939 0.6265 
 608 0.2502 0.4352 0.3146 
 609 0.5392 0.0419 0.4189 
 610 0.7855 0.0409 0.1736 
 611 0.0667 0.0746 0.8587 
 612 0.8932 0.0253 0.0816 
 613 0.1733 0.0442 0.7824 
 614 0.8605 0.0256 0.1139 
 615 0.8357 0.0523 0.1120 
 616 0.1563 0.1291 0.7145 
 617 0.4088 0.0314 0.5598 
 618 0.6903 0.1401 0.1696 
 619 0.1221 0.0883 0.7896 
 620 0.1613 0.0204 0.8183 
 621 0.1706 0.0257 0.8038 
 622 0.5687 0.1124 0.3189 
 623 0.0898 0.0289 0.8813 
 624 0.8021 0.0894 0.1086 
 625 0.6169 0.1014 0.2817 
 626 0.3022 0.6091 0.0887 
 627 0.1121 0.0393 0.8486 
 628 0.0807 0.0357 0.8837 
 629 0.1366 0.0477 0.8158 
 630 0.7557 0.0351 0.2093 
 631 0.5217 0.0497 0.4285 
 632 0.1175 0.3127 0.5698 
 633 0.5154 0.0820 0.4026 
 634 0.1441 0.1307 0.7252 
 635 0.1324 0.5373 0.3303 
 636 0.5496 0.1900 0.2603 
 637 0.2858 0.1100 0.6042 
 638 0.1069 0.0686 0.8245 
 639 0.4346 0.0785 0.4869 
 640 0.1337 0.0304 0.8359 
 641 0.2234 0.0477 0.7289 
 642 0.0934 0.6766 0.2301 
 643 0.0411 0.8615 0.0974 
 644 0.0434 0.7014 0.2552 
 645 0.2903 0.6264 0.0833 
 646 0.1306 0.1000 0.7694 
 647 0.0642 0.2887 0.6471 
 648 0.1526 0.3916 0.4558 
 649 0.0406 0.1899 0.7695 
 650 0.0463 0.1104 0.8433 
 651 0.0545 0.4276 0.5179 
 652 0.0631 0.6152 0.3217 
 653 0.1065 0.4454 0.4482 
 654 0.0859 0.6474 0.2667 
 655 0.0872 0.5481 0.3647 
 656 0.0933 0.2451 0.6616 
 657 0.3559 0.1402 0.5039 
 658 0.1747 0.1827 0.6426 
 659 0.0843 0.6217 0.2940 
 660 0.0395 0.7546 0.2060 
 661 0.0790 0.7560 0.1650 
 662 0.0323 0.1122 0.8555 
 663 0.0664 0.6634 0.2702 
 664 0.2950 0.2525 0.4525 
 665 0.0406 0.1215 0.8379 
 666 0.0669 0.6859 0.2473 
 667 0.0857 0.0571 0.8572 
 668 0.1333 0.5522 0.3145 
 669 0.0587 0.2803 0.6610 
 670 0.0245 0.9100 0.0656 
 671 0.0358 0.8059 0.1583 
 672 0.0582 0.7873 0.1545 
 673 0.0253 0.9220 0.0526 
 674 0.0493 0.8300 0.1207 
 675 0.0290 0.8549 0.1161 
 676 0.0235 0.9258 0.0506 
 677 0.0220 0.9149 0.0631 
 678 0.0258 0.9171 0.0570 
 679 0.0491 0.8521 0.0988 
 680 0.0405 0.8864 0.0731 
 681 0.1470 0.4929 0.3601 
 682 0.0435 0.8948 0.0617 
 683 0.0246 0.9149 0.0606 
 684 0.0266 0.9116 0.0618 
 685 0.0219 0.9284 0.0497 
 686 0.0409 0.8727 0.0863 
 687 0.0310 0.8254 0.1436 
 688 0.0305 0.8785 0.0910 
 689 0.0232 0.9271 0.0497 
 690 0.0237 0.9260 0.0502 
 691 0.0445 0.8574 0.0981 
 692 0.0369 0.8743 0.0888 
 693 0.0395 0.8760 0.0845 
 694 0.0202 0.9329 0.0470 
 695 0.0281 0.9138 0.0581 
 696 0.0303 0.8774 0.0923 
 697 0.0229 0.9238 0.0532 
 698 0.0238 0.9222 0.0540 
 699 0.0269 0.9108 0.0624 
 700 0.0659 0.8614 0.0727 
 701 0.0521 0.8150 0.1330 
 702 0.0548 0.8259 0.1192 
 703 0.0422 0.8862 0.0716 
 704 0.0279 0.8962 0.0759 
 705 0.0715 0.7311 0.1974 
 706 0.0371 0.9014 0.0615 
 707 0.0257 0.9165 0.0578 
 708 0.0238 0.9163 0.0599 
 709 0.0259 0.9235 0.0506 
 710 0.0218 0.9323 0.0459 
 711 0.0359 0.8955 0.0686 
 712 0.0193 0.9237 0.0570 
 713 0.0281 0.8889 0.0830 
 714 0.0507 0.7993 0.1500 
 715 0.0202 0.9320 0.0478 
 716 0.0354 0.9113 0.0533 
 717 0.0208 0.9337 0.0455 
 718 0.0386 0.8597 0.1017 
 719 0.0198 0.9290 0.0512 
 720 0.1409 0.0276 0.8315 
 721 0.1689 0.6066 0.2245 
 722 0.5096 0.0580 0.4324 
 723 0.6260 0.0503 0.3237 
 724 0.7408 0.1376 0.1216 
 725 0.1342 0.1641 0.7017 
 726 0.6886 0.0933 0.2181 
 727 0.1562 0.3929 0.4510 
 728 0.9230 0.0157 0.0613 
 729 0.9031 0.0175 0.0794 
 730 0.6547 0.0329 0.3124 
 731 0.8630 0.0354 0.1016 
 732 0.6260 0.0509 0.3231 
 733 0.8922 0.0231 0.0847 
 734 0.8905 0.0165 0.0930 
 735 0.8970 0.0275 0.0755 
 736 0.5778 0.0346 0.3876 
 737 0.5644 0.0426 0.3930 
 738 0.5969 0.0339 0.3693 
 739 0.9015 0.0211 0.0773 
 740 0.0500 0.7455 0.2045 
 741 0.1000 0.5021 0.3979 
 742 0.1959 0.1288 0.6753 
 743 0.1635 0.0630 0.7736 
 744 0.0555 0.1105 0.8340 
 745 0.1277 0.0243 0.8480 
 746 0.1744 0.1736 0.6520 
 747 0.0852 0.0458 0.8690 
 748 0.0588 0.4520 0.4892 
 749 0.0672 0.1654 0.7674 
 750 0.1030 0.1120 0.7850 
 751 0.0732 0.5215 0.4053 
 752 0.1209 0.0651 0.8140 
 753 0.2524 0.2317 0.5159 
 754 0.1256 0.3423 0.5321 
 755 0.1027 0.1189 0.7784 
 756 0.0465 0.1851 0.7685 
 757 0.0787 0.0906 0.8307 
 758 0.0441 0.0227 0.9333 
 759 0.1563 0.4883 0.3554 
 760 0.3452 0.1003 0.5545 
 761 0.5664 0.2531 0.1806 
 762 0.6800 0.0352 0.2848 
 763 0.2550 0.2364 0.5086 
 764 0.0684 0.0533 0.8783 
 765 0.6007 0.0563 0.3430 
 766 0.0931 0.3720 0.5349 
 767 0.1072 0.1652 0.7276 
 768 0.6987 0.0348 0.2665 
 769 0.5948 0.1790 0.2263 
 770 0.6136 0.0334 0.3530 
 771 0.0380 0.2057 0.7563 
 772 0.1393 0.2937 0.5670 
 773 0.0848 0.0705 0.8448 
 774 0.1024 0.5177 0.3799 
 775 0.7818 0.0552 0.1630 
 776 0.0972 0.0362 0.8666 
 777 0.1293 0.0900 0.7807 
 778 0.0824 0.1791 0.7385 
 779 0.0585 0.0854 0.8561 
 780 0.0684 0.3496 0.5820 
 781 0.0470 0.3385 0.6145 
 782 0.0581 0.0867 0.8552 
 783 0.1499 0.2406 0.6095 
 784 0.2589 0.0503 0.6909 
 785 0.0963 0.0933 0.8104 
 786 0.1082 0.4852 0.4066 
 787 0.0333 0.4259 0.5408 
 788 0.2032 0.0544 0.7424 
 789 0.2844 0.0572 0.6584 
 790 0.1375 0.2103 0.6522 
 791 0.1242 0.0896 0.7862 
 792 0.0372 0.5270 0.4358 
 793 0.1420 0.5448 0.3133 
 794 0.1210 0.1073 0.7717 
 795 0.1360 0.6251 0.2389 
 796 0.0643 0.1146 0.8211 
 797 0.0516 0.7841 0.1643 
 798 0.8387 0.0236 0.1377 
 799 0.0984 0.0469 0.8546 
 800 0.0257 0.6781 0.2962 
 801 0.8236 0.0472 0.1292 
 802 0.4866 0.2889 0.2245 
 803 0.1359 0.4340 0.4301 
 804 0.1683 0.1271 0.7046 
 805 0.0376 0.8677 0.0947 
 806 0.6193 0.1841 0.1966 
 807 0.0352 0.8635 0.1013 
 808 0.0578 0.5532 0.3890 
 809 0.6198 0.1521 0.2281 
 810 0.1629 0.1800 0.6571 
 811 0.1019 0.6270 0.2712 
 812 0.1481 0.0641 0.7878 
 813 0.8422 0.0274 0.1304 
 814 0.0431 0.0483 0.9086 
 815 0.4758 0.4178 0.1064 
 816 0.3365 0.4249 0.2386 
 817 0.4840 0.2888 0.2273 
 818 0.1249 0.0429 0.8322 
 819 0.0355 0.0789 0.8856 
 820 0.0558 0.0985 0.8457 
 821 0.1702 0.0517 0.7782 
 822 0.3113 0.0183 0.6704 
 823 0.5308 0.1630 0.3062 
 824 0.1004 0.1008 0.7988 
 825 0.2236 0.0352 0.7413 
 826 0.0524 0.0253 0.9223 
 827 0.4130 0.0363 0.5507 
 828 0.4892 0.0694 0.4414 
 829 0.7264 0.0652 0.2084 
 830 0.4101 0.0231 0.5667 
 831 0.2382 0.0959 0.6659 
 832 0.3122 0.1193 0.5685 
 833 0.5245 0.1140 0.3615 
 834 0.3457 0.0877 0.5666 
 835 0.0512 0.0252 0.9236 
 836 0.0773 0.0587 0.8640 
 837 0.5693 0.2363 0.1944 
 838 0.0635 0.0301 0.9064 
 839 0.2357 0.0356 0.7287 
 840 0.0461 0.1149 0.8390 
 841 0.0458 0.0731 0.8811 
 842 0.1170 0.0188 0.8642 
 843 0.0689 0.3433 0.5878 
 844 0.1389 0.1050 0.7561 
 845 0.0904 0.0223 0.8873 
 846 0.0661 0.0623 0.8716 
 847 0.0353 0.1107 0.8540 
 848 0.0374 0.0481 0.9145 
 849 0.1768 0.0340 0.7892 
 850 0.1107 0.0357 0.8536 
 851 0.0445 0.0299 0.9256 
 852 0.2345 0.5060 0.2595 
 853 0.2948 0.0299 0.6753 
 854 0.3904 0.1712 0.4385 
 855 0.0527 0.0471 0.9002 
 856 0.0660 0.0794 0.8547 
 857 0.0987 0.0478 0.8535 
 858 0.0895 0.0286 0.8819 
 859 0.1985 0.0319 0.7696 
 860 0.0477 0.0250 0.9272 
 861 0.0408 0.3903 0.5689 
 862 0.9151 0.0217 0.0633 
 863 0.8563 0.0526 0.0911 
 864 0.9059 0.0372 0.0569 
 865 0.8977 0.0159 0.0864 
 866 0.4447 0.0297 0.5256 
 867 0.8916 0.0363 0.0721 
 868 0.8372 0.0304 0.1325 
 869 0.5036 0.0315 0.4649 
 870 0.7876 0.0213 0.1911 
 871 0.8615 0.0191 0.1194 
 872 0.8857 0.0250 0.0893 
 873 0.9025 0.0287 0.0687 
 874 0.9015 0.0185 0.0800 
 875 0.4329 0.0378 0.5293 
 876 0.0873 0.0238 0.8889 
 877 0.9151 0.0263 0.0586 
 878 0.4400 0.0508 0.5092 
 879 0.8929 0.0333 0.0739 
 880 0.3788 0.0300 0.5911 
 881 0.8783 0.0336 0.0880 
 882 0.9006 0.0274 0.0720 
 883 0.1248 0.0376 0.8376 
 884 0.8983 0.0153 0.0864 
 885 0.7704 0.0630 0.1666 
 886 0.6564 0.0452 0.2985 
 887 0.8938 0.0185 0.0877 
 888 0.3545 0.1199 0.5256 
 889 0.9052 0.0159 0.0788 
 890 0.2892 0.0181 0.6926 
 891 0.0585 0.0273 0.9142 
 892 0.0693 0.0310 0.8997 
 893 0.2610 0.0561 0.6829 
 894 0.5092 0.0178 0.4730 
 895 0.8724 0.0196 0.1080 
 896 0.0434 0.0469 0.9098 
 897 0.0466 0.0276 0.9258 
 898 0.4694 0.0596 0.4710 
 899 0.4251 0.0156 0.5593 
 900 0.0580 0.0222 0.9197 
 901 0.0670 0.0240 0.9090 
 902 0.0467 0.0394 0.9139 
 903 0.6502 0.0254 0.3244 
 904 0.4362 0.0571 0.5067 
 905 0.7241 0.0178 0.2581 
 906 0.1591 0.0352 0.8057 
 907 0.1468 0.0377 0.8155 
 908 0.1413 0.0286 0.8301 
 909 0.1413 0.0392 0.8194 
 910 0.0615 0.0373 0.9012 
 911 0.7911 0.0157 0.1932 
 912 0.4569 0.0198 0.5233 
 913 0.5071 0.0195 0.4735 
 914 0.2771 0.1260 0.5969 
 915 0.1515 0.0160 0.8325 
 916 0.1984 0.0219 0.7797 
 917 0.2919 0.0235 0.6846 
 918 0.4700 0.1037 0.4263 
 919 0.5978 0.0507 0.3514 
 920 0.1365 0.0335 0.8300 
 921 0.0699 0.3294 0.6007 
 922 0.0935 0.0522 0.8543 
 923 0.0399 0.0883 0.8718 
 924 0.0377 0.0412 0.9211 
 925 0.0555 0.0749 0.8696 
 926 0.0271 0.2877 0.6852 
 927 0.0898 0.3920 0.5181 
 928 0.0312 0.5262 0.4426 
 929 0.0275 0.0755 0.8970 
 930 0.0524 0.1064 0.8412 
 931 0.3670 0.5193 0.1137 
 932 0.0365 0.0626 0.9009 
 933 0.0373 0.7224 0.2403 
 934 0.0277 0.0284 0.9438 
 935 0.0785 0.1943 0.7271 
 936 0.0736 0.1287 0.7977 
 937 0.0672 0.5772 0.3556 
 938 0.0280 0.5455 0.4266 
 939 0.0701 0.6609 0.2690 
 940 0.0961 0.2144 0.6894 
 941 0.1348 0.0578 0.8075 
 942 0.0667 0.3156 0.6177 
 943 0.0490 0.8383 0.1127 
 944 0.0661 0.5844 0.3495 
 945 0.0482 0.1008 0.8510 
 946 0.0541 0.1299 0.8160 
 947 0.0464 0.6973 0.2563 
 948 0.6819 0.0872 0.2309 
 949 0.4025 0.0505 0.5470 
 950 0.0321 0.5666 0.4013 
 951 0.0675 0.3590 0.5735 
 952 0.0893 0.2135 0.6972 
 953 0.0944 0.0967 0.8089 
 954 0.3494 0.1903 0.4603 
 955 0.0342 0.9004 0.0655 
 956 0.0248 0.8954 0.0797 
 957 0.1356 0.4803 0.3841 
 958 0.1206 0.0600 0.8194 
 959 0.0523 0.2347 0.7130 
 960 0.5443 0.0745 0.3812 
 961 0.0220 0.9284 0.0496 
 962 0.0272 0.0648 0.9080 
 963 0.1555 0.0629 0.7816 
 964 0.1000 0.0866 0.8134 
 965 0.0452 0.2867 0.6681 
 966 0.1146 0.2170 0.6684 
 967 0.0377 0.9015 0.0608 
 968 0.0322 0.0812 0.8865 
 969 0.2207 0.2169 0.5624 
 970 0.0424 0.8009 0.1567 
 971 0.0373 0.1637 0.7990 
 972 0.1699 0.2277 0.6024 
 973 0.0299 0.4671 0.5030 
 974 0.0761 0.0719 0.8520 
 975 0.2248 0.2139 0.5613 
 976 0.0366 0.1655 0.7979 
 977 0.1128 0.2888 0.5983 
 978 0.0375 0.2920 0.6705 
 979 0.0515 0.0643 0.8843 
 980 0.0387 0.3736 0.5877 
 981 0.0773 0.1754 0.7473 
 982 0.0870 0.0320 0.8810 
 983 0.3904 0.0468 0.5628 
 984 0.1876 0.6876 0.1248 
 985 0.0507 0.1345 0.8148 
 986 0.0751 0.0595 0.8654 
 987 0.0560 0.0250 0.9191 
 988 0.6931 0.0177 0.2893 
 989 0.0969 0.7528 0.1503 
 990 0.1722 0.0774 0.7504 
 991 0.0646 0.1006 0.8348 
 992 0.0331 0.0285 0.9384 
 993 0.5724 0.0425 0.3851 
 994 0.0589 0.2644 0.6768 
 995 0.0195 0.9240 0.0564 
 996 0.1536 0.0361 0.8103 
 997 0.0331 0.0713 0.8956 
 998 0.0627 0.0329 0.9044 
 999 0.0604 0.1423 0.7974 
1000 0.0606 0.0298 0.9096 
1001 0.1477 0.0411 0.8112 
1002 0.1244 0.0188 0.8568 
1003 0.0505 0.0832 0.8663 
1004 0.0376 0.0492 0.9133 
1005 0.0576 0.0311 0.9113 
1006 0.0696 0.1577 0.7727 
1007 0.0516 0.3148 0.6335 
1008 0.0510 0.5277 0.4213 
1009 0.1857 0.1515 0.6628 
1010 0.0587 0.1167 0.8246 
1011 0.0755 0.4842 0.4403 
1012 0.0985 0.0765 0.8250 
1013 0.0553 0.1020 0.8426 
1014 0.0875 0.0347 0.8778 
1015 0.0346 0.0481 0.9173 
1016 0.0537 0.0288 0.9175 
1017 0.0406 0.1578 0.8016 
1018 0.0604 0.1313 0.8083 
1019 0.0952 0.1228 0.7820 
1020 0.0293 0.8730 0.0977 
1021 0.0459 0.6449 0.3092 
1022 0.0502 0.1182 0.8315 
1023 0.1797 0.0429 0.7774 
1024 0.1516 0.0327 0.8156 
1025 0.0599 0.0632 0.8770 
1026 0.7141 0.1799 0.1060 
1027 0.6707 0.1544 0.1750 
1028 0.7266 0.0831 0.1902 
1029 0.0960 0.1223 0.7817 
1030 0.0919 0.5112 0.3969 
1031 0.4503 0.2683 0.2815 
1032 0.3450 0.3581 0.2968 
1033 0.4282 0.2971 0.2747 
1034 0.0881 0.1327 0.7793 
1035 0.0704 0.7660 0.1635 
1036 0.1481 0.5523 0.2996 
1037 0.0461 0.5715 0.3824 
1038 0.3730 0.4586 0.1684 
1039 0.1779 0.4612 0.3608 
1040 0.7135 0.1668 0.1198 
1041 0.7083 0.1241 0.1676 
1042 0.2232 0.4982 0.2787 
1043 0.4748 0.2773 0.2479 
1044 0.4515 0.1389 0.4096 
1045 0.7736 0.1359 0.0905 
1046 0.2025 0.4504 0.3471 
1047 0.0643 0.7677 0.1680 
1048 0.1238 0.0696 0.8065 
1049 0.0639 0.0422 0.8939 
1050 0.3771 0.0170 0.6059 
1051 0.1220 0.0186 0.8594 
1052 0.1522 0.0250 0.8228 
1053 0.1609 0.0305 0.8085 
1054 0.1183 0.0322 0.8494 
1055 0.0430 0.0247 0.9323 
1056 0.0736 0.0262 0.9002 
1057 0.8029 0.0228 0.1743 
1058 0.3325 0.0192 0.6483 
1059 0.3832 0.0369 0.5799 
1060 0.2643 0.0619 0.6738 
1061 0.0488 0.0221 0.9291 
1062 0.3889 0.0226 0.5885 
1063 0.0344 0.0644 0.9011 
1064 0.1991 0.0277 0.7733 
1065 0.1103 0.0420 0.8477 
1066 0.0495 0.0467 0.9038 
1067 0.2853 0.0205 0.6942 
1068 0.1246 0.2006 0.6748 
1069 0.0904 0.0159 0.8937 
1070 0.1440 0.0234 0.8326 
1071 0.1160 0.0677 0.8163 
1072 0.0984 0.0405 0.8611 
1073 0.3004 0.0267 0.6729 
1074 0.3097 0.0533 0.6369 
1075 0.2274 0.0383 0.7343 
1076 0.1899 0.0444 0.7657 
1077 0.8504 0.0201 0.1295 
1078 0.0708 0.0322 0.8970 
1079 0.2551 0.0267 0.7182 
1080 0.0856 0.0997 0.8147 
1081 0.1871 0.0196 0.7933 
1082 0.1427 0.0542 0.8031 
1083 0.1038 0.0358 0.8604 
1084 0.0943 0.0924 0.8132 
1085 0.1054 0.0147 0.8799 
1086 0.0386 0.0213 0.9402 
1087 0.0920 0.0151 0.8928 
1088 0.0732 0.0161 0.9108 
1089 0.5080 0.0177 0.4743 
1090 0.2700 0.0218 0.7083 
1091 0.0762 0.0301 0.8937 
1092 0.1919 0.0204 0.7877 
1093 0.0515 0.0493 0.8991 
1094 0.7498 0.0579 0.1923 
1095 0.8366 0.0184 0.1450 
1096 0.3452 0.0418 0.6129 
1097 0.7725 0.0158 0.2117 
1098 0.0396 0.0212 0.9392 
1099 0.0451 0.0849 0.8700 
1100 0.1230 0.0197 0.8573 
1101 0.0907 0.0175 0.8918 
1102 0.2197 0.0226 0.7577 
1103 0.1239 0.0377 0.8384 
1104 0.0650 0.0227 0.9123 
1105 0.0999 0.0237 0.8765 
1106 0.1281 0.0667 0.8052 
1107 0.1791 0.0343 0.7866 
1108 0.8400 0.0242 0.1357 
1109 0.7430 0.0235 0.2334 
1110 0.0471 0.5359 0.4170 
1111 0.0268 0.5507 0.4225 
1112 0.1133 0.8358 0.0508 
1113 0.2606 0.5383 0.2011 
1114 0.5033 0.1980 0.2987 
1115 0.1027 0.7253 0.1720 
1116 0.0496 0.8677 0.0827 
1117 0.6798 0.1576 0.1626 
1118 0.0501 0.8860 0.0639 
1119 0.5800 0.2701 0.1499 
1120 0.1282 0.7757 0.0961 
1121 0.3356 0.5735 0.0909 
1122 0.2333 0.3994 0.3673 
1123 0.2916 0.2057 0.5027 
1124 0.0494 0.8884 0.0622 
1125 0.1225 0.5909 0.2865 
1126 0.3500 0.5424 0.1076 
1127 0.2159 0.6902 0.0939 
1128 0.0396 0.8371 0.1233 
1129 0.2118 0.2338 0.5544 
1130 0.2018 0.2288 0.5694 
1131 0.7700 0.1024 0.1276 
1132 0.2012 0.7154 0.0834 
1133 0.0889 0.7812 0.1299 
1134 0.0332 0.8932 0.0735 
1135 0.4423 0.1081 0.4496 
1136 0.8008 0.0875 0.1117 
1137 0.0588 0.6814 0.2598 
1138 0.2358 0.3447 0.4195 
1139 0.0348 0.8872 0.0780 
1140 0.1593 0.3144 0.5263 
1141 0.1829 0.1991 0.6180 
1142 0.6835 0.1063 0.2102 
1143 0.1034 0.3044 0.5922 
1144 0.1447 0.5789 0.2765 
1145 0.4966 0.2399 0.2635 
1146 0.3516 0.4820 0.1664 
1147 0.2830 0.0781 0.6389 
1148 0.8369 0.0450 0.1180 
1149 0.1539 0.5946 0.2514 
1150 0.0907 0.3297 0.5797 
1151 0.1604 0.7508 0.0889 
1152 0.4085 0.1341 0.4575 
1153 0.7602 0.0773 0.1625 
1154 0.3022 0.4135 0.2843 
1155 0.1814 0.4677 0.3509 
1156 0.0801 0.7173 0.2027 
1157 0.6655 0.2330 0.1015 
1158 0.0893 0.7502 0.1605 
1159 0.0723 0.0227 0.9050 
1160 0.0672 0.0227 0.9101 
1161 0.0309 0.0347 0.9344 
1162 0.0801 0.1295 0.7904 
1163 0.0739 0.5130 0.4131 
1164 0.1194 0.0960 0.7846 
1165 0.0548 0.0290 0.9162 
1166 0.0447 0.2035 0.7518 
1167 0.1014 0.0215 0.8771 
1168 0.1017 0.0377 0.8606 
1169 0.1042 0.0572 0.8387 
1170 0.2999 0.0336 0.6665 
1171 0.2617 0.0710 0.6673 
1172 0.1204 0.0323 0.8473 
1173 0.0920 0.0359 0.8721 
1174 0.0536 0.0220 0.9244 
1175 0.0851 0.0321 0.8828 
1176 0.0696 0.0738 0.8566 
1177 0.8904 0.0196 0.0900 
1178 0.0599 0.0306 0.9094 
1179 0.4075 0.0198 0.5727 
1180 0.1017 0.0223 0.8760 
1181 0.0930 0.0390 0.8680 
1182 0.0508 0.0324 0.9168 
1183 0.2792 0.1129 0.6079 
1184 0.2575 0.0208 0.7217 
1185 0.3474 0.0344 0.6182 
1186 0.1822 0.0776 0.7402 
1187 0.3987 0.1071 0.4942 
1188 0.3987 0.0328 0.5685 
1189 0.0586 0.0678 0.8736 
1190 0.1115 0.0212 0.8674 
1191 0.3608 0.1876 0.4515 
1192 0.0349 0.0239 0.9412 
1193 0.1223 0.0954 0.7823 
1194 0.8832 0.0212 0.0956 
1195 0.0919 0.0213 0.8868 
1196 0.0699 0.0272 0.9029 
1197 0.2807 0.0189 0.7005 
1198 0.0486 0.0210 0.9304 
1199 0.1611 0.0360 0.8029 
1200 0.6924 0.0213 0.2864 
1201 0.0775 0.1972 0.7253 
1202 0.1068 0.0891 0.8041 
1203 0.0517 0.0218 0.9265 
1204 0.1389 0.0450 0.8161 
1205 0.1059 0.0276 0.8666 
1206 0.2625 0.6563 0.0812 
1207 0.3873 0.1126 0.5001 
1208 0.0248 0.6806 0.2946 
1209 0.0837 0.2706 0.6457 
1210 0.2278 0.1694 0.6029 
1211 0.1710 0.4417 0.3873 
1212 0.5970 0.2637 0.1394 
1213 0.0738 0.2194 0.7068 
1214 0.0819 0.3039 0.6142 
1215 0.0526 0.0838 0.8636 
1216 0.0492 0.1013 0.8495 
1217 0.6643 0.2064 0.1292 
1218 0.7470 0.0533 0.1997 
1219 0.2887 0.1994 0.5119 
1220 0.7457 0.0542 0.2001 
1221 0.0549 0.0960 0.8490 
1222 0.3008 0.3220 0.3772 
1223 0.8189 0.0613 0.1198 
1224 0.1001 0.0832 0.8168 
1225 0.6625 0.0935 0.2440 
1226 0.6773 0.1129 0.2098 
1227 0.1390 0.1399 0.7211 
1228 0.0549 0.3034 0.6417 
1229 0.0292 0.0607 0.9101 
1230 0.0636 0.6777 0.2588 
1231 0.0884 0.2271 0.6845 
1232 0.0332 0.0447 0.9221 
1233 0.1998 0.1599 0.6403 
1234 0.1114 0.3515 0.5370 
1235 0.0504 0.3061 0.6435 
1236 0.0233 0.1738 0.8029 
1237 0.0343 0.2524 0.7133 
1238 0.0344 0.3581 0.6075 
1239 0.0532 0.1127 0.8340 
1240 0.0280 0.1407 0.8313 
1241 0.0477 0.1780 0.7743 
1242 0.0310 0.5379 0.4312 
1243 0.1320 0.2811 0.5869 
1244 0.0272 0.5776 0.3952 
1245 0.0241 0.5415 0.4344 
1246 0.0898 0.3059 0.6043 
1247 0.0236 0.7472 0.2291 
1248 0.0378 0.4138 0.5484 
1249 0.1888 0.0892 0.7220 
1250 0.0316 0.0591 0.9093 
1251 0.0338 0.1132 0.8530 
1252 0.0271 0.0383 0.9346 
1253 0.0477 0.2330 0.7193 
1254 0.0344 0.0392 0.9264 
1255 0.0223 0.4075 0.5703 
1256 0.0495 0.6685 0.2820 
1257 0.0467 0.2122 0.7411 
1258 0.0307 0.0303 0.9390 
1259 0.0606 0.0536 0.8858 
1260 0.0294 0.2943 0.6763 
1261 0.0329 0.4315 0.5357 
1262 0.0341 0.1485 0.8173 
1263 0.0896 0.0965 0.8139 
1264 0.0340 0.0888 0.8772 
1265 0.0322 0.3663 0.6015 
1266 0.1373 0.2345 0.6282 
1267 0.0427 0.3157 0.6416 
1268 0.6388 0.0198 0.3414 
1269 0.7409 0.0212 0.2379 
1270 0.0640 0.0637 0.8723 
1271 0.2645 0.0289 0.7066 
1272 0.2429 0.0440 0.7131 
1273 0.0765 0.0411 0.8825 
1274 0.3130 0.0667 0.6203 
1275 0.1323 0.0277 0.8400 
1276 0.8415 0.0307 0.1278 
1277 0.2988 0.0197 0.6815 
1278 0.7386 0.1502 0.1112 
1279 0.4524 0.0727 0.4749 
1280 0.1499 0.0702 0.7799 
1281 0.1059 0.0241 0.8700 
1282 0.2045 0.0151 0.7804 
1283 0.0842 0.0324 0.8834 
1284 0.5138 0.1384 0.3478 
1285 0.0584 0.0327 0.9088 
1286 0.1333 0.0464 0.8204 
1287 0.2579 0.1075 0.6346 
1288 0.5440 0.0617 0.3942 
1289 0.2022 0.0228 0.7750 
1290 0.1457 0.0850 0.7693 
1291 0.0723 0.0963 0.8314 
1292 0.0786 0.0398 0.8816 
1293 0.5048 0.0282 0.4671 
1294 0.0578 0.0348 0.9074 
1295 0.4540 0.0186 0.5274 
1296 0.6910 0.0370 0.2720 
1297 0.0942 0.0684 0.8375 
1298 0.2676 0.0261 0.7063 
1299 0.1036 0.0255 0.8709 
1300 0.1028 0.3586 0.5386 
1301 0.1039 0.0252 0.8709 
1302 0.4710 0.0645 0.4645 
1303 0.2758 0.0388 0.6853 
1304 0.3747 0.0475 0.5778 
1305 0.2155 0.0954 0.6891 
1306 0.1019 0.0252 0.8729 
1307 0.2115 0.0371 0.7514 
1308 0.0617 0.0628 0.8755 
1309 0.0976 0.0274 0.8751 
1310 0.5054 0.0248 0.4698 
1311 0.5887 0.0189 0.3924 
1312 0.0761 0.0432 0.8807 
1313 0.0699 0.0289 0.9012 
1314 0.8005 0.0314 0.1681 
1315 0.1239 0.2112 0.6649 
1316 0.4790 0.0278 0.4931 
1317 0.0355 0.0907 0.8738 
1318 0.2471 0.0548 0.6982 
1319 0.0280 0.8601 0.1119 
1320 0.0612 0.0779 0.8609 
1321 0.3603 0.0236 0.6161 
1322 0.5963 0.0589 0.3448 
1323 0.1381 0.0261 0.8358 
1324 0.3644 0.1002 0.5353 
1325 0.0676 0.0150 0.9174 
1326 0.6909 0.0216 0.2875 
1327 0.0327 0.0397 0.9276 
1328 0.0437 0.0252 0.9311 
1329 0.0602 0.0297 0.9101 
1330 0.1053 0.0281 0.8666 
1331 0.0581 0.0241 0.9179 
1332 0.1201 0.1295 0.7504 
1333 0.0554 0.0308 0.9139 
1334 0.4367 0.0238 0.5395 
1335 0.0690 0.0852 0.8458 
1336 0.0554 0.7484 0.1962 
1337 0.0887 0.6640 0.2472 
1338 0.0742 0.0404 0.8854 
1339 0.0542 0.0281 0.9178 
1340 0.0463 0.0426 0.9112 
1341 0.2980 0.0680 0.6340 
1342 0.0366 0.0610 0.9024 
1343 0.0367 0.0340 0.9293 
1344 0.0857 0.3795 0.5348 
1345 0.2945 0.0249 0.6806 
1346 0.5951 0.0502 0.3547 
1347 0.0356 0.1348 0.8295 
1348 0.0559 0.0496 0.8945 
1349 0.0361 0.7227 0.2412 
1350 0.0573 0.2167 0.7260 
1351 0.0398 0.0249 0.9353 
1352 0.5244 0.0498 0.4259 
1353 0.0784 0.0238 0.8978 
1354 0.0548 0.0356 0.9095 
1355 0.0508 0.0147 0.9345 
1356 0.0907 0.0434 0.8659 
1357 0.0344 0.0751 0.8904 
1358 0.0263 0.0348 0.9389 
1359 0.0349 0.0521 0.9130 
1360 0.1782 0.2757 0.5461 
1361 0.1056 0.1553 0.7391 
1362 0.1094 0.1045 0.7861 
1363 0.0952 0.2383 0.6665 
1364 0.1479 0.1793 0.6728 
1365 0.2090 0.0653 0.7257 
1366 0.1372 0.1115 0.7513 
1367 0.0357 0.3306 0.6337 
1368 0.0403 0.4744 0.4853 
1369 0.0665 0.0427 0.8908 
1370 0.0256 0.1336 0.8408 
1371 0.3164 0.0512 0.6324 
1372 0.0363 0.6934 0.2703 
1373 0.0831 0.6503 0.2666 
1374 0.0323 0.0607 0.9069 
1375 0.0748 0.3423 0.5829 
1376 0.0519 0.2606 0.6875 
1377 0.1043 0.0950 0.8007 
1378 0.1121 0.3870 0.5009 
1379 0.0249 0.8454 0.1297 
1380 0.2368 0.0490 0.7142 
1381 0.2317 0.0680 0.7002 
1382 0.0524 0.5753 0.3723 
1383 0.5423 0.0265 0.4312 
1384 0.3096 0.0506 0.6398 
1385 0.0363 0.6920 0.2717 
1386 0.1234 0.0682 0.8084 
1387 0.0867 0.3980 0.5153 
1388 0.2440 0.0960 0.6601 
1389 0.0512 0.0697 0.8791 
1390 0.0934 0.1359 0.7707 
1391 0.1013 0.1159 0.7828 
1392 0.6248 0.1455 0.2296 
1393 0.1049 0.4183 0.4768 
1394 0.0391 0.1564 0.8045 
1395 0.2394 0.0454 0.7152 
1396 0.8235 0.0269 0.1496 
1397 0.1326 0.4367 0.4307 
1398 0.1542 0.3432 0.5026 
1399 0.5222 0.1804 0.2974 
1400 0.3300 0.0653 0.6046 
1401 0.8784 0.0242 0.0975 
1402 0.0841 0.6182 0.2977 
1403 0.1163 0.4455 0.4382 
1404 0.0988 0.2731 0.6281 
1405 0.7102 0.0485 0.2414 
1406 0.4325 0.3502 0.2172 
1407 0.4825 0.0465 0.4709 
1408 0.2318 0.0629 0.7054 
1409 0.5247 0.3070 0.1683 
1410 0.3138 0.0724 0.6138 
1411 0.6182 0.0687 0.3131 
1412 0.7381 0.0597 0.2022 
1413 0.1037 0.4837 0.4126 
1414 0.6714 0.1172 0.2114 
1415 0.7251 0.1228 0.1522 
1416 0.0752 0.6370 0.2878 
1417 0.3148 0.0715 0.6137 
1418 0.0466 0.2334 0.7201 
1419 0.0447 0.1782 0.7771 
1420 0.0482 0.0925 0.8593 
1421 0.0235 0.4714 0.5051 
1422 0.0268 0.2016 0.7716 
1423 0.0521 0.0416 0.9064 
1424 0.1507 0.0351 0.8142 
1425 0.0372 0.1511 0.8117 
1426 0.0407 0.0873 0.8720 
1427 0.1881 0.0291 0.7827 
1428 0.0290 0.0950 0.8760 
1429 0.0270 0.3465 0.6265 
1430 0.0353 0.1704 0.7942 
1431 0.0356 0.0799 0.8844 
1432 0.0834 0.1120 0.8046 
1433 0.0208 0.6894 0.2898 
1434 0.0257 0.3175 0.6569 
1435 0.0411 0.6762 0.2827 
1436 0.0418 0.3531 0.6051 
1437 0.0674 0.1233 0.8094 
1438 0.0485 0.0207 0.9308 
1439 0.0351 0.3757 0.5892 
1440 0.0244 0.2663 0.7093 
1441 0.0226 0.8626 0.1148 
1442 0.0273 0.1786 0.7941 
1443 0.0290 0.3549 0.6161 
1444 0.0414 0.0645 0.8940 
1445 0.0246 0.1704 0.8050 
1446 0.0278 0.2682 0.7040 
1447 0.0424 0.1291 0.8285 
1448 0.0241 0.0672 0.9087 
1449 0.0307 0.0355 0.9338 
1450 0.0411 0.0692 0.8897 
1451 0.0235 0.7986 0.1779 
1452 0.0515 0.0799 0.8686 
1453 0.0343 0.2774 0.6883 
1454 0.0556 0.0395 0.9050 
1455 0.1070 0.0637 0.8292 
1456 0.0497 0.0975 0.8528 
1457 0.0389 0.0378 0.9232 
1458 0.0449 0.0634 0.8917 
1459 0.0231 0.4711 0.5058 
1460 0.1321 0.0724 0.7955 
1461 0.5625 0.0261 0.4114 
1462 0.0427 0.0414 0.9159 
1463 0.0614 0.7906 0.1480 
1464 0.8949 0.0229 0.0822 
1465 0.7564 0.0273 0.2163 
1466 0.0520 0.0336 0.9144 
1467 0.7859 0.0405 0.1737 
1468 0.5553 0.0384 0.4063 
1469 0.4617 0.0634 0.4749 
1470 0.0636 0.3718 0.5646 
1471 0.3751 0.1097 0.5152 
1472 0.3075 0.0324 0.6601 
1473 0.2788 0.1199 0.6013 
1474 0.0487 0.0431 0.9081 
1475 0.4865 0.0684 0.4451 
1476 0.8998 0.0179 0.0823 
1477 0.0424 0.7732 0.1845 
1478 0.1238 0.4277 0.4486 
1479 0.2639 0.0401 0.6960 
1480 0.1047 0.0359 0.8594 
1481 0.8516 0.0255 0.1229 
