   1 0.0051 0.0086 0.0213 0.0395 0.2410 0.0856 0.2086 0.1280 0.1168 0.1455 
   2 0.0040 0.0039 0.0207 0.0695 0.0703 0.1110 0.1263 0.1819 0.3019 0.1105 
   3 0.0059 0.0048 0.0453 0.0230 0.1090 0.1022 0.2165 0.2457 0.1279 0.1197 
   4 0.0119 0.0146 0.0301 0.0340 0.0691 0.1004 0.2104 0.1114 0.1215 0.2966 
   5 0.0047 0.0072 0.0217 0.0962 0.0814 0.1130 0.1102 0.2123 0.2393 0.1140 
   6 0.0057 0.0047 0.0531 0.0277 0.1187 0.1247 0.0890 0.3209 0.1124 0.1430 
   7 0.0052 0.0045 0.0194 0.0400 0.1252 0.2937 0.1112 0.2149 0.0893 0.0968 
   8 0.0175 0.1135 0.0339 0.0331 0.0873 0.1183 0.1719 0.1719 0.0981 0.1545 
   9 0.0078 0.0051 0.0364 0.0588 0.1028 0.1080 0.1877 0.2017 0.1769 0.1149 
  10 0.0063 0.0836 0.0215 0.0404 0.1362 0.1210 0.1300 0.2363 0.0864 0.1383 
  11 0.0041 0.0043 0.0196 0.0585 0.2649 0.1799 0.1209 0.1760 0.0857 0.0860 
  12 0.0046 0.0044 0.0231 0.0618 0.0794 0.1154 0.1197 0.1976 0.2306 0.1634 
  13 0.0059 0.0047 0.0206 0.0503 0.0946 0.1447 0.1732 0.2291 0.1509 0.1260 
  14 0.0039 0.0120 0.0284 0.0309 0.0982 0.0758 0.1635 0.1874 0.2634 0.1363 
  15 0.0050 0.0052 0.0335 0.0374 0.0919 0.1233 0.1713 0.1479 0.1536 0.2310 
  16 0.0042 0.0044 0.0228 0.0456 0.1990 0.1170 0.1806 0.2286 0.0952 0.1027 
  17 0.0078 0.0049 0.0312 0.0567 0.0917 0.0915 0.1381 0.2716 0.1624 0.1440 
  18 0.0077 0.0057 0.0389 0.0297 0.1196 0.0880 0.1367 0.1839 0.2119 0.1779 
  19 0.0050 0.0041 0.0427 0.0420 0.1128 0.1249 0.1318 0.2979 0.1098 0.1290 
  20 0.0045 0.0044 0.0341 0.0614 0.0962 0.1893 0.1262 0.1682 0.1582 0.1575 
  21 0.0042 0.0076 0.0203 0.0324 0.1382 0.0859 0.1795 0.1312 0.1897 0.2110 
  22 0.0068 0.0045 0.0450 0.0280 0.1135 0.0886 0.1752 0.2955 0.1111 0.1319 
  23 0.0073 0.0112 0.0335 0.0466 0.0736 0.0898 0.2719 0.1351 0.1908 0.1404 
  24 0.0043 0.0043 0.0200 0.0396 0.1892 0.0990 0.2619 0.1301 0.0986 0.1532 
  25 0.0049 0.0050 0.0308 0.0497 0.0896 0.1548 0.0966 0.3327 0.1510 0.0851 
  26 0.0062 0.0043 0.0288 0.0428 0.1229 0.1054 0.1507 0.1773 0.1584 0.2031 
  27 0.0051 0.0045 0.0206 0.0459 0.1287 0.0936 0.1593 0.2418 0.1585 0.1420 
  28 0.0050 0.0167 0.0202 0.0297 0.1554 0.1355 0.1236 0.1207 0.1242 0.2689 
  29 0.0037 0.0038 0.0182 0.0705 0.1045 0.1746 0.1884 0.1746 0.1591 0.1026 
  30 0.0048 0.0040 0.0422 0.0340 0.1585 0.0878 0.1780 0.2397 0.1432 0.1077 
  31 0.0127 0.0952 0.0222 0.0549 0.1269 0.1379 0.1330 0.1369 0.1726 0.1078 
  32 0.0043 0.0088 0.0418 0.0299 0.0735 0.0905 0.1671 0.2610 0.1487 0.1743 
  33 0.0046 0.0039 0.0289 0.0297 0.1090 0.1401 0.2451 0.2031 0.1200 0.1155 
  34 0.0060 0.0965 0.0303 0.0781 0.0858 0.1787 0.0913 0.2532 0.0796 0.1004 
  35 0.0093 0.0042 0.0313 0.0695 0.0930 0.0849 0.1670 0.2088 0.2449 0.0872 
  36 0.0041 0.0066 0.0594 0.0277 0.2225 0.0843 0.2331 0.0983 0.1803 0.0836 
  37 0.0061 0.0046 0.0194 0.0265 0.0798 0.0928 0.2730 0.1734 0.1799 0.1447 
  38 0.0051 0.0041 0.1606 0.0614 0.1683 0.1566 0.1236 0.1220 0.1239 0.0745 
  39 0.0070 0.0045 0.0295 0.0513 0.1472 0.1509 0.1314 0.1673 0.1979 0.1129 
  40 0.0039 0.0046 0.0260 0.0314 0.0915 0.0705 0.3406 0.1396 0.1946 0.0974 
  41 0.0070 0.0077 0.0308 0.0514 0.1303 0.1340 0.2687 0.1539 0.1464 0.0698 
  42 0.0043 0.0044 0.0335 0.0390 0.1630 0.0743 0.3804 0.0799 0.1107 0.1106 
  43 0.0067 0.0087 0.0180 0.0382 0.0679 0.0997 0.2971 0.1432 0.2226 0.0979 
  44 0.0061 0.0040 0.0289 0.0331 0.0680 0.0854 0.2156 0.1871 0.3022 0.0695 
  45 0.0047 0.0042 0.0369 0.0530 0.2153 0.0986 0.1516 0.1010 0.2602 0.0743 
  46 0.0077 0.0042 0.0377 0.0409 0.0931 0.1105 0.1055 0.2595 0.2240 0.1168 
  47 0.0138 0.0090 0.0382 0.0539 0.1014 0.0985 0.1902 0.2223 0.1509 0.1217 
  48 0.0076 0.0042 0.0336 0.0395 0.0610 0.0714 0.2123 0.1691 0.3263 0.0750 
  49 0.0077 0.0045 0.0231 0.0754 0.1417 0.0904 0.2073 0.1495 0.1964 0.1043 
  50 0.0085 0.0284 0.0404 0.0447 0.1017 0.1601 0.0932 0.2682 0.1443 0.1104 
  51 0.0042 0.0070 0.0513 0.0359 0.1558 0.0778 0.2739 0.0798 0.2436 0.0707 
  52 0.0077 0.0044 0.0233 0.0567 0.1654 0.1533 0.1595 0.1667 0.1392 0.1238 
  53 0.0066 0.0113 0.0675 0.0289 0.1557 0.1322 0.1728 0.1927 0.1252 0.1070 
  54 0.0077 0.0047 0.0187 0.0540 0.0800 0.0964 0.1876 0.1496 0.2791 0.1223 
  55 0.0057 0.0041 0.0189 0.0379 0.0634 0.0841 0.1675 0.1310 0.3904 0.0969 
  56 0.0060 0.0041 0.0397 0.0572 0.0946 0.0745 0.2060 0.1519 0.2590 0.1070 
  57 0.0110 0.0094 0.0271 0.0575 0.1122 0.1063 0.1451 0.2076 0.0846 0.2392 
  58 0.0048 0.0041 0.0228 0.0551 0.1428 0.0971 0.2250 0.1091 0.2439 0.0952 
  59 0.0050 0.0042 0.0583 0.1004 0.1738 0.0944 0.1818 0.1044 0.1834 0.0944 
  60 0.0043 0.0087 0.0299 0.0272 0.1168 0.0897 0.2572 0.0971 0.2189 0.1502 
  61 0.0035 0.0042 0.0134 0.0340 0.0657 0.0791 0.1907 0.0882 0.3881 0.1330 
  62 0.0084 0.0044 0.0267 0.1558 0.1163 0.1143 0.1099 0.1548 0.1701 0.1392 
  63 0.0037 0.0041 0.0193 0.0305 0.0960 0.1542 0.2510 0.1299 0.1969 0.1145 
  64 0.0056 0.0040 0.0475 0.0605 0.1537 0.1020 0.1328 0.2410 0.1641 0.0889 
  65 0.0052 0.0043 0.0203 0.0503 0.0848 0.2154 0.0970 0.2407 0.1998 0.0823 
  66 0.0045 0.0097 0.0178 0.0427 0.0870 0.1370 0.1956 0.1209 0.2109 0.1740 
  67 0.0049 0.0042 0.0166 0.0356 0.0653 0.0911 0.1573 0.1440 0.3955 0.0855 
  68 0.0054 0.0045 0.0539 0.0788 0.1865 0.0904 0.1982 0.0945 0.1813 0.1065 
  69 0.0062 0.1807 0.0982 0.0773 0.1529 0.0850 0.0930 0.1091 0.1051 0.0925 
  70 0.0042 0.0105 0.0321 0.0313 0.1227 0.1747 0.2780 0.1055 0.1435 0.0974 
  71 0.0053 0.0070 0.0546 0.0958 0.1761 0.1070 0.1353 0.1071 0.2391 0.0727 
  72 0.0053 0.0068 0.0324 0.0284 0.2164 0.0962 0.1826 0.1884 0.1649 0.0786 
  73 0.0049 0.0074 0.0222 0.1010 0.0952 0.1154 0.1542 0.1083 0.3093 0.0822 
  74 0.0040 0.0042 0.0572 0.0261 0.1912 0.0753 0.2845 0.0935 0.1626 0.1014 
  75 0.0046 0.0078 0.0363 0.0338 0.1693 0.0646 0.3284 0.0810 0.1598 0.1143 
  76 0.0047 0.0043 0.0175 0.0257 0.0771 0.1652 0.1778 0.1685 0.2674 0.0919 
  77 0.0046 0.0043 0.0488 0.0593 0.1757 0.1601 0.1943 0.1151 0.1697 0.0681 
  78 0.0052 0.0046 0.1360 0.0641 0.1459 0.1444 0.1940 0.1134 0.1238 0.0685 
  79 0.0043 0.0044 0.0181 0.0374 0.1320 0.2030 0.1303 0.2419 0.1225 0.1061 
  80 0.0045 0.0046 0.0160 0.0257 0.0773 0.1371 0.2486 0.0952 0.1080 0.2830 
  81 0.0045 0.0048 0.0162 0.0242 0.1045 0.1822 0.1762 0.1066 0.1044 0.2764 
  82 0.0044 0.0045 0.0162 0.0608 0.0860 0.1156 0.2319 0.1396 0.2067 0.1342 
  83 0.0041 0.0053 0.0267 0.0232 0.1015 0.1892 0.1715 0.1261 0.1369 0.2155 
  84 0.0041 0.0045 0.0169 0.0263 0.1157 0.1886 0.1623 0.1737 0.1047 0.2031 
  85 0.0042 0.0054 0.0288 0.0266 0.1283 0.1089 0.1893 0.1733 0.1171 0.2181 
  86 0.0062 0.0043 0.0234 0.0555 0.0872 0.1068 0.1117 0.1916 0.3069 0.1064 
  87 0.0047 0.0096 0.0272 0.0317 0.1130 0.2985 0.1481 0.1301 0.1257 0.1114 
  88 0.0042 0.0045 0.0157 0.0314 0.1056 0.1588 0.2535 0.1232 0.1304 0.1728 
  89 0.0051 0.0102 0.0157 0.0263 0.1083 0.1338 0.2427 0.1218 0.1218 0.2143 
  90 0.0041 0.0043 0.0157 0.0345 0.1016 0.2706 0.1408 0.1703 0.1324 0.1257 
  91 0.0042 0.0053 0.0276 0.0230 0.1055 0.1078 0.2379 0.1191 0.1104 0.2593 
  92 0.0043 0.0044 0.0170 0.0371 0.1303 0.1612 0.1826 0.1796 0.1426 0.1410 
  93 0.0043 0.0188 0.0144 0.0268 0.0824 0.0751 0.2112 0.1000 0.0948 0.3723 
  94 0.0040 0.0052 0.0332 0.0225 0.1310 0.3720 0.1224 0.1093 0.0974 0.1031 
  95 0.0041 0.0044 0.0147 0.0292 0.0852 0.2680 0.1975 0.1176 0.1207 0.1588 
  96 0.0042 0.0045 0.0132 0.0322 0.0664 0.0842 0.2876 0.0884 0.2777 0.1415 
  97 0.0048 0.0043 0.0361 0.0335 0.1874 0.0674 0.2617 0.0861 0.1893 0.1294 
  98 0.0036 0.0039 0.0188 0.0387 0.1112 0.0994 0.2750 0.1667 0.1958 0.0868 
  99 0.0042 0.0046 0.0156 0.0276 0.1095 0.2073 0.1542 0.1700 0.1116 0.1955 
 100 0.0047 0.0042 0.0139 0.0323 0.0602 0.0737 0.2856 0.0901 0.1638 0.2716 
 101 0.0055 0.0322 0.0286 0.0343 0.1118 0.1924 0.2058 0.1305 0.1410 0.1180 
 102 0.0054 0.0057 0.0243 0.0465 0.0848 0.1368 0.2492 0.1150 0.1302 0.2022 
 103 0.0048 0.0209 0.0161 0.0378 0.0693 0.1599 0.1166 0.1349 0.2667 0.1730 
 104 0.0044 0.0080 0.0152 0.0376 0.0697 0.3646 0.0729 0.1379 0.1468 0.1430 
 105 0.0054 0.0191 0.0147 0.0961 0.0718 0.2100 0.0978 0.1250 0.1834 0.1767 
 106 0.0041 0.0036 0.0222 0.0317 0.1203 0.3614 0.0858 0.1674 0.1361 0.0674 
 107 0.0058 0.0133 0.0176 0.0539 0.0729 0.2257 0.1144 0.1291 0.2017 0.1656 
 108 0.0039 0.0052 0.1239 0.0271 0.0785 0.0821 0.0870 0.1142 0.3773 0.1007 
 109 0.0053 0.0084 0.0315 0.1672 0.1326 0.1794 0.0818 0.1478 0.1724 0.0735 
 110 0.0044 0.0064 0.0235 0.0413 0.1298 0.3894 0.0923 0.1460 0.0959 0.0710 
 111 0.0066 0.0073 0.0175 0.0797 0.0706 0.3383 0.0834 0.1303 0.1519 0.1144 
 112 0.0043 0.0043 0.0198 0.1915 0.0939 0.3009 0.0942 0.1000 0.1119 0.0793 
 113 0.0048 0.0080 0.0312 0.0446 0.1093 0.1077 0.1309 0.1501 0.2939 0.1195 
 114 0.0043 0.0082 0.0139 0.0623 0.0753 0.3285 0.0804 0.1233 0.1320 0.1718 
 115 0.0050 0.0053 0.0207 0.0841 0.0665 0.2295 0.1539 0.1545 0.1903 0.0901 
 116 0.0054 0.0042 0.0323 0.0519 0.1512 0.2111 0.1081 0.1490 0.2189 0.0680 
 117 0.0058 0.0087 0.0228 0.0991 0.1466 0.2726 0.1306 0.1503 0.0894 0.0742 
 118 0.0048 0.0044 0.0235 0.1101 0.0715 0.1521 0.0920 0.1201 0.3147 0.1068 
 119 0.0039 0.0056 0.0206 0.0235 0.0725 0.1355 0.2874 0.1053 0.2037 0.1422 
 120 0.0048 0.0055 0.0180 0.0919 0.0714 0.2443 0.1272 0.1392 0.1854 0.1121 
 121 0.0093 0.0136 0.0238 0.1514 0.0906 0.1958 0.1323 0.1349 0.1744 0.0738 
 122 0.0040 0.0077 0.0191 0.0540 0.1363 0.2967 0.0911 0.1603 0.1375 0.0932 
 123 0.0049 0.0080 0.0238 0.0446 0.0902 0.3155 0.0996 0.1243 0.1663 0.1229 
 124 0.0080 0.0061 0.0315 0.0788 0.1488 0.1683 0.0928 0.1570 0.2177 0.0909 
 125 0.0049 0.0059 0.0387 0.1000 0.2448 0.1339 0.1408 0.1565 0.0993 0.0752 
 126 0.0035 0.0042 0.0202 0.0269 0.1349 0.2476 0.1244 0.1183 0.2051 0.1147 
 127 0.0049 0.0048 0.0157 0.0602 0.0566 0.3833 0.0869 0.1013 0.1679 0.1183 
 128 0.0043 0.0040 0.0157 0.0868 0.0802 0.1318 0.0977 0.1373 0.3409 0.1014 
 129 0.0054 0.0188 0.0160 0.0547 0.0674 0.2298 0.0862 0.1434 0.2938 0.0844 
 130 0.0058 0.0110 0.0154 0.0960 0.0791 0.2771 0.0946 0.1289 0.1301 0.1619 
 131 0.0082 0.0163 0.0742 0.0722 0.1829 0.1863 0.0922 0.1475 0.1493 0.0710 
 132 0.0044 0.0084 0.0181 0.0355 0.1097 0.2958 0.0800 0.1494 0.2192 0.0795 
 133 0.0073 0.0113 0.0213 0.0354 0.0730 0.2471 0.0969 0.1490 0.2348 0.1239 
 134 0.0040 0.0039 0.0179 0.0546 0.1102 0.4592 0.0737 0.1213 0.0938 0.0613 
 135 0.0050 0.0043 0.0174 0.0527 0.0831 0.0641 0.2030 0.0744 0.1928 0.3032 
 136 0.0051 0.0074 0.0173 0.0397 0.0713 0.0608 0.1658 0.1186 0.0932 0.4209 
 137 0.0044 0.0093 0.0156 0.0575 0.0777 0.0731 0.2506 0.0881 0.0768 0.3468 
 138 0.0043 0.0043 0.0169 0.0234 0.0852 0.0640 0.1255 0.0759 0.0950 0.5056 
 139 0.0040 0.0075 0.0182 0.0384 0.0884 0.0692 0.1446 0.1025 0.2867 0.2404 
 140 0.0044 0.0103 0.0174 0.0285 0.1339 0.0921 0.1970 0.1050 0.1569 0.2545 
 141 0.0051 0.0221 0.0207 0.0377 0.1057 0.0655 0.1293 0.1303 0.1157 0.3678 
 142 0.0047 0.0102 0.0163 0.0468 0.0756 0.0648 0.1847 0.0750 0.2411 0.2808 
 143 0.0039 0.0042 0.0136 0.0234 0.0622 0.0587 0.2448 0.0754 0.0887 0.4251 
 144 0.0045 0.0048 0.0150 0.0564 0.0689 0.0729 0.2331 0.0804 0.0854 0.3787 
 145 0.0053 0.0085 0.0211 0.0455 0.1038 0.0658 0.1933 0.1361 0.1288 0.2917 
 146 0.0058 0.0083 0.0179 0.0331 0.1332 0.0976 0.1894 0.1290 0.1082 0.2772 
 147 0.0041 0.0067 0.0146 0.0249 0.0694 0.0596 0.1959 0.0821 0.0756 0.4673 
 148 0.0048 0.0257 0.0167 0.0459 0.0705 0.0791 0.1484 0.1389 0.1554 0.3145 
 149 0.0045 0.1472 0.0174 0.0331 0.1025 0.0609 0.2070 0.0821 0.1468 0.1985 
 150 0.0049 0.0089 0.0151 0.0681 0.0830 0.0953 0.1841 0.1108 0.1068 0.3229 
 151 0.0042 0.0042 0.0137 0.0276 0.0738 0.0740 0.1983 0.0921 0.1042 0.4079 
 152 0.0050 0.0112 0.0272 0.0450 0.0688 0.0728 0.1433 0.1377 0.1624 0.3265 
 153 0.0041 0.0080 0.0170 0.0261 0.1152 0.0749 0.1673 0.0893 0.1093 0.3889 
 154 0.0052 0.1967 0.0175 0.0373 0.0726 0.0604 0.1511 0.1209 0.1534 0.1849 
 155 0.0041 0.0045 0.0131 0.0240 0.0620 0.0785 0.1108 0.0891 0.0964 0.5175 
 156 0.0038 0.0044 0.0134 0.0353 0.0641 0.0723 0.1928 0.0799 0.1699 0.3642 
 157 0.0042 0.0075 0.0145 0.0234 0.0784 0.1282 0.1525 0.1086 0.0813 0.4016 
 158 0.0053 0.0083 0.0206 0.0456 0.1141 0.0638 0.2015 0.1291 0.1048 0.3070 
 159 0.0051 0.0750 0.0148 0.0314 0.0690 0.0605 0.2089 0.0829 0.0856 0.3669 
 160 0.0054 0.0670 0.0147 0.0325 0.0689 0.0603 0.1447 0.0836 0.0947 0.4282 
 161 0.0040 0.0081 0.0167 0.0271 0.1217 0.0750 0.3400 0.1017 0.0998 0.2059 
 162 0.0065 0.0080 0.0176 0.0352 0.1244 0.1005 0.1345 0.1337 0.1338 0.3058 
 163 0.0040 0.0045 0.0133 0.0240 0.0678 0.0721 0.1403 0.0809 0.1110 0.4821 
 164 0.0062 0.1076 0.0158 0.0281 0.1023 0.0928 0.1354 0.1266 0.1490 0.2362 
 165 0.0048 0.0049 0.0149 0.0674 0.0784 0.0915 0.1859 0.0979 0.0977 0.3566 
 166 0.0046 0.1122 0.0252 0.0229 0.0803 0.1141 0.1595 0.1072 0.1399 0.2341 
 167 0.0070 0.2278 0.0180 0.0298 0.0705 0.0749 0.0978 0.1373 0.0911 0.2456 
 168 0.0043 0.0052 0.0349 0.0249 0.1056 0.0701 0.1524 0.0963 0.1098 0.3965 
 169 0.0055 0.0080 0.0384 0.0490 0.2103 0.0626 0.1658 0.1238 0.0952 0.2415 
 170 0.0040 0.0044 0.0136 0.0249 0.0700 0.0705 0.4229 0.0879 0.1291 0.1729 
 171 0.0044 0.0067 0.0261 0.0284 0.0873 0.0713 0.1553 0.1438 0.1466 0.3302 
 172 0.0046 0.0239 0.0329 0.0365 0.1902 0.0595 0.2251 0.0792 0.1380 0.2101 
 173 0.0046 0.0068 0.0140 0.0305 0.0621 0.0610 0.1230 0.0843 0.1105 0.5033 
 174 0.0044 0.0067 0.0142 0.0257 0.0822 0.0755 0.1386 0.1004 0.0868 0.4656 
 175 0.0044 0.0045 0.0176 0.0284 0.0621 0.0608 0.2838 0.1155 0.0866 0.3362 
 176 0.0045 0.0048 0.0149 0.0571 0.0688 0.0726 0.2352 0.0810 0.0846 0.3766 
 177 0.0043 0.0079 0.0180 0.0260 0.1255 0.1321 0.1373 0.1125 0.0908 0.3456 
 178 0.0046 0.0076 0.0169 0.0287 0.0786 0.0771 0.1120 0.1525 0.0946 0.4275 
 179 0.0042 0.0132 0.0146 0.0225 0.0651 0.0614 0.1213 0.0849 0.0899 0.5230 
 180 0.0064 0.0245 0.0193 0.0342 0.1199 0.0787 0.2157 0.1096 0.1082 0.2836 
 181 0.0049 0.0078 0.0170 0.0372 0.0972 0.0649 0.2270 0.0909 0.1433 0.3098 
 182 0.0050 0.0050 0.0140 0.0336 0.0625 0.0599 0.2070 0.0814 0.1526 0.3791 
 183 0.0042 0.0068 0.0145 0.0250 0.0652 0.0616 0.1818 0.0850 0.0989 0.4569 
 184 0.0053 0.0040 0.0321 0.0391 0.0610 0.0915 0.1212 0.1997 0.3386 0.1076 
 185 0.0038 0.0042 0.0142 0.0339 0.0562 0.0529 0.1753 0.0680 0.1645 0.4270 
 186 0.0047 0.0042 0.0204 0.0287 0.0790 0.1426 0.1272 0.2019 0.2904 0.1009 
 187 0.0039 0.0046 0.0205 0.0287 0.0627 0.0901 0.1241 0.1230 0.2643 0.2781 
 188 0.0048 0.0041 0.0207 0.0296 0.0636 0.1096 0.0971 0.1920 0.3956 0.0829 
 189 0.0042 0.0046 0.0393 0.0252 0.1054 0.0833 0.1975 0.1683 0.1760 0.1962 
 190 0.0037 0.0040 0.0126 0.0355 0.0495 0.0565 0.1812 0.0664 0.3896 0.2010 
 191 0.0041 0.0042 0.0176 0.0453 0.0685 0.0868 0.1152 0.1528 0.3529 0.1527 
 192 0.0038 0.0042 0.0196 0.0317 0.0710 0.1138 0.1939 0.1659 0.1966 0.1995 
 193 0.0041 0.0040 0.0189 0.0496 0.0823 0.0883 0.1959 0.1603 0.2175 0.1790 
 194 0.0041 0.0049 0.0172 0.0276 0.0758 0.0948 0.2615 0.1330 0.2400 0.1412 
 195 0.0039 0.0042 0.0138 0.0244 0.0593 0.0581 0.1698 0.0761 0.3152 0.2752 
 196 0.0037 0.0042 0.0170 0.0372 0.0545 0.0767 0.1578 0.0909 0.3657 0.1923 
 197 0.0052 0.0046 0.0282 0.0395 0.0790 0.1248 0.1007 0.1811 0.2150 0.2220 
 198 0.0038 0.0043 0.0192 0.0304 0.1236 0.1051 0.1734 0.1977 0.1935 0.1490 
 199 0.0040 0.0039 0.0196 0.0402 0.0652 0.0777 0.2718 0.0860 0.3050 0.1265 
 200 0.0040 0.0041 0.0231 0.0492 0.0587 0.0774 0.1368 0.1217 0.3417 0.1833 
 201 0.0038 0.0041 0.0161 0.0271 0.0563 0.0665 0.1289 0.0932 0.2234 0.3805 
 202 0.0038 0.0041 0.0137 0.0323 0.0585 0.0736 0.2994 0.0760 0.1951 0.2435 
 203 0.0040 0.0044 0.0147 0.0357 0.0491 0.0668 0.1235 0.0858 0.2417 0.3745 
 204 0.0040 0.0042 0.0133 0.0299 0.0561 0.0648 0.1612 0.0806 0.4164 0.1695 
 205 0.0041 0.0041 0.0206 0.0320 0.0700 0.0820 0.1402 0.1078 0.3950 0.1442 
 206 0.0041 0.0048 0.0163 0.0272 0.0587 0.0637 0.1346 0.0922 0.4055 0.1929 
 207 0.0038 0.0039 0.0146 0.0484 0.0544 0.0863 0.1696 0.0936 0.4152 0.1103 
 208 0.0040 0.0041 0.0147 0.0339 0.0573 0.0720 0.1072 0.0929 0.3344 0.2797 
 209 0.0040 0.0040 0.0172 0.0493 0.0705 0.0898 0.1648 0.1528 0.2873 0.1604 
 210 0.0037 0.0042 0.0149 0.0297 0.0604 0.0773 0.1335 0.1030 0.3681 0.2052 
 211 0.0046 0.0039 0.0141 0.0947 0.0488 0.0895 0.1888 0.0898 0.3024 0.1635 
 212 0.0037 0.0041 0.0154 0.0302 0.0739 0.0606 0.2439 0.1077 0.1624 0.2981 
 213 0.0038 0.0043 0.0157 0.0330 0.1076 0.1194 0.2144 0.0961 0.2893 0.1163 
 214 0.0039 0.0040 0.0153 0.0390 0.0537 0.0666 0.2178 0.0933 0.1972 0.3093 
 215 0.0039 0.0040 0.0203 0.0432 0.0574 0.0884 0.1008 0.1070 0.4433 0.1316 
 216 0.0052 0.0041 0.0290 0.0394 0.0713 0.0898 0.1517 0.2110 0.2756 0.1230 
 217 0.0039 0.0041 0.0206 0.0294 0.0579 0.0655 0.1908 0.0941 0.2383 0.2954 
 218 0.0042 0.0043 0.0198 0.0358 0.0742 0.1055 0.1432 0.1131 0.3238 0.1761 
 219 0.0061 0.0045 0.0343 0.0264 0.0769 0.0800 0.1506 0.1786 0.1935 0.2489 
 220 0.0039 0.0042 0.0147 0.0342 0.0567 0.0788 0.1157 0.0980 0.4489 0.1449 
 221 0.0038 0.0041 0.0127 0.0298 0.0542 0.0569 0.4434 0.0724 0.1419 0.1809 
 222 0.0050 0.0043 0.0355 0.0289 0.0785 0.0901 0.1721 0.2191 0.2096 0.1568 
 223 0.0040 0.0045 0.0227 0.0287 0.0732 0.0855 0.1445 0.1284 0.2035 0.3050 
 224 0.0043 0.0049 0.0162 0.0293 0.0572 0.0663 0.1726 0.0970 0.2861 0.2661 
 225 0.0039 0.0042 0.0167 0.0322 0.0654 0.0752 0.1726 0.1023 0.3603 0.1672 
 226 0.0051 0.0049 0.0895 0.0421 0.0859 0.0856 0.1491 0.1401 0.2262 0.1715 
 227 0.0040 0.0048 0.0138 0.0298 0.0577 0.0830 0.2003 0.0784 0.3192 0.2090 
 228 0.0040 0.0046 0.0138 0.0318 0.0572 0.0537 0.1625 0.0698 0.3438 0.2588 
 229 0.0041 0.0044 0.0183 0.0295 0.0580 0.0797 0.1845 0.1084 0.2397 0.2733 
 230 0.0043 0.0043 0.0159 0.0382 0.0548 0.0766 0.1791 0.1020 0.2980 0.2267 
 231 0.0041 0.0044 0.0202 0.0363 0.0680 0.0703 0.1335 0.1416 0.2226 0.2989 
 232 0.0043 0.0043 0.0170 0.0327 0.1245 0.0984 0.2831 0.0958 0.1935 0.1464 
 233 0.0039 0.0039 0.0156 0.0362 0.0533 0.0675 0.1420 0.0948 0.1695 0.4133 
 234 0.0037 0.0041 0.0213 0.0386 0.0809 0.0935 0.1330 0.2077 0.1913 0.2260 
 235 0.0040 0.0043 0.0243 0.0287 0.0769 0.0844 0.2121 0.1136 0.2415 0.2102 
 236 0.0039 0.0040 0.0192 0.0409 0.0625 0.0764 0.1627 0.1239 0.2075 0.2989 
 237 0.0039 0.0041 0.0148 0.0523 0.0661 0.0730 0.1408 0.1100 0.3943 0.1407 
 238 0.0036 0.0040 0.0152 0.0315 0.0606 0.0820 0.2326 0.1116 0.1802 0.2788 
 239 0.0039 0.0044 0.0138 0.0242 0.0597 0.0577 0.1683 0.0760 0.3145 0.2774 
 240 0.0036 0.0040 0.0150 0.0320 0.0609 0.0826 0.2315 0.1108 0.1817 0.2779 
 241 0.0044 0.0043 0.0148 0.0302 0.0684 0.0661 0.2953 0.0873 0.1870 0.2423 
 242 0.0043 0.0048 0.0248 0.0252 0.0773 0.0817 0.1606 0.1346 0.2970 0.1897 
 243 0.0037 0.0039 0.0136 0.0440 0.0482 0.0624 0.1510 0.0764 0.3935 0.2033 
 244 0.0041 0.0042 0.0154 0.0375 0.0532 0.0665 0.1581 0.0938 0.2682 0.2991 
 245 0.0037 0.0042 0.0130 0.0243 0.0661 0.0708 0.1963 0.0882 0.1587 0.3747 
 246 0.0039 0.0041 0.0213 0.0291 0.0578 0.0658 0.1907 0.0944 0.2368 0.2962 
 247 0.0036 0.0040 0.0199 0.0297 0.0931 0.1758 0.1254 0.1492 0.3084 0.0909 
 248 0.0036 0.0039 0.0167 0.0471 0.0630 0.0937 0.0986 0.1119 0.4553 0.1063 
 249 0.0041 0.0041 0.0155 0.0390 0.0545 0.0793 0.2510 0.1029 0.2244 0.2254 
 250 0.0043 0.0041 0.0198 0.0415 0.0637 0.0908 0.1855 0.1355 0.2315 0.2233 
 251 0.0046 0.0042 0.0367 0.0532 0.0772 0.0958 0.1244 0.1736 0.2781 0.1522 
 252 0.0040 0.0042 0.0181 0.0260 0.0738 0.0779 0.1958 0.1072 0.2872 0.2058 
 253 0.0038 0.0040 0.0252 0.0340 0.0901 0.1132 0.1955 0.1307 0.2937 0.1097 
 254 0.0051 0.0042 0.0307 0.0298 0.0670 0.0819 0.1342 0.1908 0.2645 0.1918 
 255 0.0041 0.0043 0.0193 0.0362 0.0782 0.0955 0.1809 0.1643 0.2219 0.1954 
 256 0.0041 0.0040 0.0167 0.0373 0.0619 0.0718 0.2458 0.1014 0.2569 0.2001 
 257 0.0064 0.0068 0.0184 0.0411 0.0711 0.0893 0.1748 0.1158 0.3080 0.1683 
 258 0.0036 0.0041 0.0165 0.0407 0.0835 0.0909 0.1206 0.1461 0.3358 0.1582 
 259 0.0043 0.0045 0.0187 0.0399 0.0622 0.0850 0.1826 0.1323 0.3180 0.1525 
 260 0.0050 0.0041 0.0325 0.0301 0.0646 0.0831 0.1612 0.2019 0.1559 0.2616 
 261 0.0037 0.0043 0.0172 0.0258 0.0718 0.0663 0.1789 0.0969 0.2637 0.2713 
 262 0.0037 0.0041 0.0164 0.0301 0.0556 0.0573 0.2219 0.0740 0.3005 0.2363 
 263 0.0055 0.0041 0.0208 0.0364 0.0536 0.0730 0.1123 0.1442 0.4120 0.1382 
 264 0.0059 0.0039 0.0502 0.0383 0.0816 0.0944 0.1015 0.2905 0.2517 0.0820 
 265 0.0039 0.0042 0.0258 0.0293 0.0752 0.0849 0.1216 0.1273 0.2937 0.2341 
 266 0.0040 0.0040 0.0130 0.0302 0.0556 0.0573 0.2742 0.0736 0.1896 0.2985 
 267 0.0038 0.0041 0.0188 0.0522 0.0690 0.0887 0.1918 0.1367 0.2192 0.2156 
 268 0.0036 0.0040 0.0170 0.0375 0.0546 0.0771 0.1585 0.0910 0.3654 0.1916 
 269 0.0041 0.0044 0.0378 0.0296 0.0787 0.0854 0.1239 0.1883 0.2031 0.2448 
 270 0.0055 0.0079 0.0231 0.0384 0.0826 0.1017 0.1277 0.1843 0.2886 0.1402 
 271 0.0039 0.0040 0.0190 0.0448 0.0693 0.0919 0.1244 0.1179 0.3776 0.1470 
 272 0.0051 0.0049 0.0838 0.0544 0.0761 0.0875 0.1272 0.1164 0.2918 0.1529 
 273 0.0185 0.0306 0.0299 0.0517 0.1009 0.1168 0.1593 0.1378 0.1631 0.1914 
 274 0.0042 0.0041 0.0283 0.0379 0.0808 0.0937 0.1420 0.1431 0.3017 0.1642 
 275 0.0072 0.0189 0.0394 0.0497 0.0767 0.0789 0.1279 0.1443 0.2599 0.1970 
 276 0.0051 0.0046 0.0630 0.0566 0.0745 0.0968 0.1898 0.1075 0.2896 0.1124 
 277 0.0040 0.0041 0.0237 0.0296 0.0801 0.0844 0.1907 0.1408 0.2113 0.2313 
 278 0.0038 0.0039 0.0199 0.0431 0.0573 0.0781 0.0979 0.0997 0.4351 0.1612 
 279 0.0042 0.0040 0.0207 0.0385 0.0735 0.0832 0.1759 0.1345 0.2718 0.1937 
 280 0.0039 0.0042 0.0320 0.0316 0.1011 0.0770 0.1538 0.1246 0.2846 0.1872 
 281 0.0043 0.0043 0.0175 0.0349 0.0935 0.1166 0.1477 0.1214 0.2968 0.1630 
 282 0.0038 0.0040 0.0213 0.0314 0.0664 0.0789 0.1614 0.1305 0.1552 0.3471 
 283 0.0040 0.0044 0.0167 0.0285 0.0535 0.0844 0.1907 0.1002 0.1664 0.3512 
 284 0.0038 0.0074 0.0188 0.0468 0.0710 0.0973 0.1589 0.1417 0.2228 0.2316 
 285 0.0039 0.0038 0.0189 0.0444 0.0781 0.0895 0.0954 0.1057 0.4828 0.0775 
 286 0.0041 0.0042 0.0151 0.0377 0.0537 0.0663 0.1583 0.0924 0.2689 0.2994 
 287 0.0043 0.0044 0.0264 0.0270 0.1078 0.1200 0.1533 0.1310 0.2244 0.2013 
 288 0.0050 0.0051 0.0676 0.0419 0.0725 0.0906 0.1282 0.1315 0.3048 0.1527 
 289 0.0064 0.0069 0.0372 0.0432 0.0665 0.1116 0.1208 0.1391 0.3381 0.1302 
 290 0.0057 0.0040 0.0274 0.0560 0.0779 0.0775 0.2109 0.1440 0.2823 0.1143 
 291 0.0041 0.0040 0.0193 0.0448 0.0695 0.0920 0.1235 0.1181 0.3771 0.1476 
 292 0.0040 0.0042 0.0288 0.0270 0.1070 0.0682 0.1908 0.0993 0.2858 0.1851 
 293 0.0045 0.0039 0.0302 0.0542 0.1014 0.0819 0.1470 0.1974 0.2672 0.1123 
 294 0.0057 0.0043 0.0216 0.0313 0.0567 0.0752 0.1356 0.1362 0.4271 0.1064 
 295 0.0050 0.0113 0.0426 0.0525 0.0874 0.0946 0.1667 0.1223 0.2908 0.1269 
 296 0.0042 0.0042 0.0181 0.0417 0.0648 0.1022 0.1199 0.0948 0.3933 0.1568 
 297 0.0043 0.0043 0.0343 0.0315 0.1019 0.0892 0.1648 0.1371 0.2942 0.1383 
 298 0.0039 0.0044 0.0223 0.0310 0.0677 0.0954 0.1919 0.1456 0.1765 0.2614 
 299 0.0058 0.0045 0.0273 0.0288 0.0605 0.0839 0.1373 0.1661 0.3412 0.1446 
 300 0.0041 0.0040 0.0170 0.0363 0.0747 0.0738 0.1322 0.0963 0.4589 0.1028 
 301 0.0053 0.0075 0.0365 0.0420 0.0696 0.0818 0.1234 0.2130 0.2800 0.1409 
 302 0.0059 0.0088 0.0211 0.0387 0.0568 0.0691 0.1182 0.1278 0.4304 0.1232 
 303 0.0041 0.0042 0.0186 0.0313 0.0820 0.0703 0.1937 0.0989 0.2481 0.2488 
 304 0.0052 0.0076 0.0266 0.0391 0.0821 0.1159 0.1341 0.1819 0.1046 0.3029 
 305 0.0043 0.0083 0.0177 0.0307 0.0644 0.0600 0.1617 0.0848 0.3412 0.2270 
 306 0.0043 0.0043 0.0251 0.0288 0.0678 0.0731 0.2544 0.1074 0.1927 0.2421 
 307 0.0045 0.0049 0.0210 0.0402 0.0710 0.0829 0.2222 0.1416 0.2381 0.1736 
 308 0.0038 0.0041 0.0172 0.0257 0.0720 0.0668 0.1780 0.0977 0.2657 0.2691 
 309 0.0152 0.0227 0.0253 0.0533 0.0622 0.1043 0.1104 0.1147 0.3493 0.1425 
 310 0.0037 0.0040 0.0144 0.0370 0.0534 0.0641 0.1825 0.0881 0.3182 0.2347 
 311 0.0043 0.0043 0.0155 0.0376 0.0543 0.0780 0.1791 0.1025 0.2966 0.2277 
 312 0.0037 0.0042 0.0143 0.0332 0.0539 0.0863 0.1189 0.0965 0.4451 0.1439 
 313 0.0039 0.0042 0.0149 0.0344 0.0559 0.0707 0.1178 0.0884 0.5167 0.0933 
 314 0.0043 0.0239 0.0173 0.0259 0.0686 0.0584 0.1958 0.0763 0.1112 0.4183 
 315 0.0040 0.0239 0.0251 0.0237 0.0764 0.0654 0.1693 0.0944 0.1087 0.4092 
 316 0.0062 0.0542 0.0343 0.0253 0.0842 0.0713 0.1242 0.1058 0.0855 0.4089 
 317 0.0046 0.0222 0.0178 0.0259 0.0672 0.0599 0.1575 0.0800 0.0830 0.4821 
 318 0.0044 0.0457 0.0174 0.0241 0.0722 0.0604 0.1147 0.0850 0.0707 0.5053 
 319 0.0041 0.0041 0.0140 0.0247 0.0634 0.0581 0.1825 0.0760 0.0885 0.4845 
 320 0.0043 0.0234 0.0176 0.0260 0.0680 0.0582 0.1971 0.0765 0.1106 0.4182 
 321 0.0045 0.0522 0.0176 0.0259 0.0732 0.0602 0.1704 0.0857 0.0768 0.4335 
 322 0.0063 0.0229 0.0338 0.0275 0.0794 0.0706 0.1804 0.0973 0.1065 0.3754 
 323 0.0125 0.0204 0.0182 0.0239 0.0669 0.0612 0.1394 0.0851 0.0763 0.4962 
 324 0.0045 0.0524 0.0181 0.0261 0.0742 0.0599 0.1727 0.0855 0.0763 0.4302 
 325 0.0045 0.0749 0.0338 0.0240 0.0796 0.0687 0.1178 0.1021 0.0804 0.4142 
 326 0.0057 0.2834 0.0280 0.0241 0.0740 0.0665 0.1340 0.0945 0.0801 0.2097 
 327 0.0043 0.0217 0.0175 0.0258 0.0667 0.0598 0.1602 0.0810 0.0830 0.4800 
 328 0.0040 0.0257 0.0256 0.0251 0.0774 0.0683 0.2024 0.1002 0.0979 0.3734 
 329 0.0039 0.0068 0.0148 0.0229 0.0684 0.0587 0.1665 0.0809 0.0701 0.5071 
 330 0.0045 0.0216 0.0175 0.0259 0.0668 0.0602 0.1603 0.0797 0.0835 0.4801 
 331 0.0040 0.0128 0.0144 0.0228 0.0684 0.0595 0.1270 0.0815 0.0753 0.5344 
 332 0.0080 0.2755 0.0270 0.0241 0.0738 0.0662 0.1352 0.0978 0.0791 0.2133 
 333 0.0060 0.2052 0.0257 0.0239 0.0723 0.0672 0.1620 0.0929 0.0903 0.2545 
 334 0.0043 0.0264 0.0255 0.0248 0.0775 0.0679 0.2037 0.1003 0.0975 0.3722 
 335 0.0040 0.0117 0.0253 0.0247 0.0698 0.0674 0.1997 0.0926 0.0970 0.4077 
 336 0.0080 0.2313 0.0178 0.0240 0.0712 0.0590 0.1683 0.0809 0.0923 0.2471 
 337 0.0044 0.0845 0.0328 0.0263 0.0804 0.0684 0.1772 0.1021 0.0894 0.3345 
 338 0.0045 0.2131 0.0165 0.0235 0.0731 0.0611 0.1326 0.0854 0.0726 0.3176 
 339 0.0041 0.0129 0.0141 0.0227 0.0687 0.0590 0.1264 0.0820 0.0754 0.5347 
 340 0.0040 0.0070 0.0142 0.0225 0.0628 0.0586 0.1224 0.0763 0.0793 0.5529 
 341 0.0090 0.1040 0.0170 0.0256 0.0684 0.0609 0.1525 0.0816 0.0781 0.4028 
 342 0.0044 0.0220 0.0178 0.0258 0.0674 0.0598 0.1590 0.0805 0.0832 0.4801 
 343 0.0101 0.0377 0.0290 0.0258 0.0706 0.0668 0.2789 0.0952 0.1143 0.2716 
 344 0.0042 0.0126 0.0142 0.0230 0.0686 0.0595 0.1319 0.0814 0.0700 0.5346 
 345 0.0045 0.0225 0.0175 0.0258 0.0670 0.0602 0.1580 0.0805 0.0827 0.4812 
 346 0.0046 0.0198 0.0171 0.0240 0.0659 0.0592 0.1111 0.0802 0.0753 0.5429 
 347 0.0039 0.0069 0.0141 0.0225 0.0626 0.0587 0.1255 0.0761 0.0742 0.5556 
 348 0.0039 0.0109 0.0240 0.0243 0.0684 0.0644 0.2371 0.0862 0.1314 0.3494 
 349 0.0046 0.0216 0.0177 0.0259 0.0672 0.0598 0.1599 0.0804 0.0824 0.4804 
 350 0.0038 0.0065 0.0143 0.0237 0.0700 0.0573 0.1578 0.0782 0.1009 0.4876 
 351 0.0042 0.0112 0.0251 0.0244 0.0704 0.0675 0.1993 0.0926 0.0975 0.4077 
 352 0.0045 0.0340 0.0346 0.0264 0.0749 0.0677 0.1669 0.0959 0.0990 0.3962 
 353 0.0082 0.2314 0.0179 0.0239 0.0713 0.0592 0.1673 0.0816 0.0923 0.2470 
 354 0.0064 0.0213 0.0161 0.0248 0.0726 0.0613 0.1481 0.0843 0.0735 0.4917 
 355 0.0044 0.0451 0.0175 0.0241 0.0723 0.0601 0.1144 0.0852 0.0711 0.5056 
 356 0.0035 0.0050 0.0227 0.0240 0.0664 0.0633 0.3194 0.0847 0.1293 0.2817 
 357 0.0039 0.0050 0.0322 0.0271 0.1011 0.0794 0.1187 0.1969 0.0928 0.3429 
 358 0.0041 0.1761 0.0238 0.0234 0.0747 0.0667 0.1603 0.0973 0.0804 0.2931 
 359 0.0044 0.1239 0.0150 0.0233 0.0714 0.0599 0.1509 0.0831 0.0786 0.3895 
 360 0.0045 0.0195 0.0169 0.0241 0.0657 0.0597 0.1115 0.0794 0.0755 0.5432 
 361 0.0040 0.0051 0.0317 0.0293 0.1011 0.0790 0.1866 0.1954 0.1076 0.2603 
 362 0.0045 0.0101 0.0358 0.0276 0.1374 0.1523 0.1172 0.1783 0.2165 0.1201 
 363 0.0062 0.0066 0.0311 0.0346 0.1380 0.2097 0.1120 0.2262 0.1489 0.0866 
 364 0.0119 0.0084 0.0359 0.0485 0.0886 0.0973 0.2078 0.2018 0.1118 0.1880 
 365 0.0115 0.0078 0.0358 0.0744 0.2055 0.1184 0.1149 0.2204 0.1160 0.0954 
 366 0.0051 0.0068 0.0462 0.0424 0.1051 0.0789 0.1679 0.2014 0.2115 0.1347 
 367 0.0042 0.0044 0.0258 0.0308 0.1257 0.4204 0.0842 0.1402 0.0912 0.0732 
 368 0.0041 0.0045 0.0182 0.0414 0.1210 0.1753 0.1311 0.2227 0.1762 0.1056 
 369 0.0057 0.0117 0.0262 0.0352 0.0789 0.0812 0.3073 0.2109 0.1332 0.1098 
 370 0.0092 0.0171 0.0281 0.0666 0.0911 0.1792 0.1410 0.1878 0.1739 0.1060 
 371 0.0081 0.0176 0.0341 0.0445 0.0852 0.0934 0.1533 0.2894 0.1512 0.1233 
 372 0.0291 0.0220 0.0238 0.0633 0.0979 0.1574 0.1413 0.1254 0.2104 0.1295 
 373 0.0048 0.0045 0.0185 0.0409 0.1038 0.2764 0.1712 0.1387 0.1133 0.1278 
 374 0.0055 0.0056 0.0334 0.0661 0.0975 0.1130 0.2207 0.1959 0.1063 0.1561 
 375 0.0113 0.0083 0.0291 0.0451 0.1240 0.1759 0.0978 0.3154 0.1091 0.0840 
 376 0.0786 0.0065 0.0395 0.0300 0.1803 0.1382 0.1030 0.2630 0.0811 0.0799 
 377 0.0059 0.0141 0.0291 0.0471 0.1523 0.1099 0.1040 0.2021 0.2144 0.1211 
 378 0.0048 0.0097 0.0155 0.0381 0.0991 0.2912 0.1208 0.1009 0.1196 0.2004 
 379 0.1366 0.0096 0.0492 0.0328 0.1283 0.1540 0.0949 0.2260 0.0967 0.0717 
 380 0.0078 0.0099 0.0525 0.0324 0.2477 0.0754 0.2019 0.1309 0.1115 0.1301 
 381 0.0073 0.0060 0.0508 0.0308 0.1598 0.0678 0.2386 0.2145 0.1154 0.1089 
 382 0.0040 0.0070 0.0281 0.0314 0.0895 0.1452 0.0892 0.4132 0.0944 0.0980 
 383 0.0087 0.1633 0.0593 0.0365 0.1827 0.0741 0.0985 0.1585 0.1029 0.1156 
 384 0.0348 0.0519 0.0436 0.0454 0.1385 0.1261 0.1113 0.2175 0.0900 0.1409 
 385 0.0057 0.0858 0.0201 0.2069 0.0911 0.0851 0.1093 0.1602 0.0894 0.1463 
 386 0.0036 0.0040 0.0235 0.0305 0.1572 0.2137 0.1089 0.2568 0.1153 0.0866 
 387 0.0041 0.0044 0.0236 0.0420 0.1656 0.1868 0.0902 0.2552 0.1113 0.1168 
 388 0.0119 0.0089 0.0246 0.0714 0.1349 0.1061 0.1510 0.2149 0.0931 0.1834 
 389 0.0084 0.0177 0.0217 0.1747 0.0677 0.0974 0.1099 0.1440 0.2620 0.0965 
 390 0.0155 0.0186 0.0403 0.0414 0.1885 0.2286 0.1218 0.1382 0.1312 0.0759 
 391 0.0093 0.0104 0.0321 0.1499 0.0923 0.1604 0.1739 0.1284 0.1388 0.1045 
 392 0.0060 0.0045 0.0273 0.0259 0.2106 0.1643 0.1133 0.1556 0.1336 0.1588 
 393 0.0056 0.0057 0.0398 0.0283 0.3922 0.0772 0.1315 0.1090 0.0992 0.1114 
 394 0.0041 0.0112 0.0268 0.0246 0.1395 0.1977 0.1348 0.1327 0.1148 0.2138 
 395 0.0037 0.0040 0.0401 0.0302 0.1726 0.1441 0.1034 0.1312 0.2693 0.1015 
 396 0.0046 0.0038 0.0230 0.0373 0.1389 0.2184 0.0885 0.2942 0.1186 0.0728 
 397 0.0475 0.0049 0.0375 0.0280 0.0739 0.0816 0.1758 0.1969 0.1941 0.1598 
 398 0.0308 0.0048 0.0404 0.0243 0.2570 0.2486 0.0932 0.1278 0.0958 0.0774 
 399 0.0043 0.0104 0.0362 0.0499 0.0852 0.3682 0.1126 0.1182 0.1246 0.0903 
 400 0.0052 0.0042 0.0222 0.0332 0.1173 0.2437 0.1557 0.2320 0.0881 0.0985 
 401 0.0040 0.0042 0.0162 0.0321 0.1309 0.3094 0.1318 0.0996 0.1503 0.1215 
 402 0.0050 0.0049 0.0203 0.0457 0.1582 0.1820 0.1388 0.1539 0.1734 0.1178 
 403 0.0052 0.0050 0.0241 0.0686 0.1267 0.0917 0.1413 0.1165 0.1225 0.2983 
 404 0.0057 0.0041 0.0323 0.0652 0.1242 0.1150 0.1691 0.2364 0.1393 0.1087 
 405 0.0039 0.0045 0.0362 0.0325 0.1601 0.1161 0.1650 0.1992 0.1668 0.1158 
 406 0.0037 0.0044 0.1811 0.0282 0.1215 0.0805 0.2104 0.1038 0.1519 0.1145 
 407 0.0037 0.0039 0.0384 0.0314 0.3027 0.1241 0.0952 0.2294 0.0993 0.0720 
 408 0.0037 0.0039 0.0138 0.0308 0.0923 0.3210 0.0991 0.1039 0.2647 0.0668 
 409 0.0073 0.0077 0.0383 0.0302 0.1911 0.0822 0.3531 0.0938 0.0942 0.1021 
 410 0.0594 0.0079 0.0297 0.0368 0.1750 0.2006 0.1193 0.1291 0.1185 0.1237 
 411 0.0096 0.0168 0.0366 0.0258 0.1258 0.1234 0.1194 0.2683 0.1328 0.1415 
 412 0.0043 0.0046 0.0178 0.0362 0.1162 0.2035 0.1214 0.2461 0.1474 0.1025 
 413 0.0039 0.0085 0.0153 0.0277 0.1280 0.2047 0.1130 0.1870 0.1251 0.1868 
 414 0.0039 0.0085 0.0216 0.0690 0.0860 0.2318 0.0753 0.2631 0.1563 0.0844 
 415 0.0045 0.0043 0.0450 0.0311 0.1421 0.1650 0.1507 0.2186 0.1564 0.0821 
 416 0.0050 0.0043 0.0197 0.0625 0.1751 0.2009 0.1855 0.1246 0.1221 0.1003 
 417 0.0048 0.0065 0.0826 0.0309 0.2083 0.1879 0.1192 0.1708 0.1077 0.0814 
 418 0.0048 0.0042 0.0202 0.0315 0.1248 0.3182 0.0948 0.2136 0.1057 0.0823 
 419 0.0083 0.0078 0.0251 0.0518 0.1838 0.1326 0.1662 0.1348 0.1253 0.1643 
 420 0.0037 0.0040 0.0165 0.0299 0.1256 0.3099 0.1505 0.1010 0.1843 0.0745 
 421 0.0052 0.0057 0.0341 0.0323 0.2219 0.2146 0.1282 0.1386 0.1381 0.0814 
 422 0.0047 0.0043 0.0289 0.0312 0.2581 0.0989 0.1206 0.1039 0.2565 0.0928 
 423 0.0055 0.0046 0.0478 0.0325 0.1088 0.1505 0.1041 0.2531 0.1594 0.1337 
 424 0.0062 0.0074 0.0416 0.0695 0.1201 0.2006 0.1376 0.1510 0.1489 0.1172 
 425 0.0137 0.0078 0.0297 0.0924 0.1254 0.1136 0.1088 0.2403 0.1179 0.1504 
 426 0.0229 0.0261 0.0484 0.0578 0.1067 0.2069 0.1419 0.1554 0.1124 0.1215 
 427 0.0044 0.0087 0.0413 0.0243 0.2399 0.2164 0.0854 0.1396 0.0798 0.1602 
 428 0.0143 0.0065 0.0724 0.0286 0.2214 0.0923 0.1577 0.1028 0.1447 0.1592 
 429 0.0048 0.0042 0.0306 0.0248 0.1485 0.2719 0.0872 0.2614 0.0943 0.0724 
 430 0.0042 0.0049 0.0467 0.0287 0.3611 0.1128 0.1020 0.1502 0.1116 0.0778 
 431 0.0085 0.0114 0.0336 0.0590 0.0841 0.1938 0.1156 0.1954 0.1493 0.1493 
 432 0.0043 0.0046 0.0169 0.0363 0.1467 0.1896 0.1385 0.1962 0.1567 0.1102 
 433 0.0060 0.0054 0.0175 0.0337 0.0803 0.1053 0.1937 0.1587 0.1901 0.2093 
 434 0.0044 0.0044 0.0210 0.0367 0.1268 0.0945 0.2032 0.2400 0.1482 0.1206 
 435 0.0042 0.0046 0.0693 0.0248 0.2891 0.1810 0.0925 0.1559 0.1019 0.0767 
 436 0.0057 0.0050 0.1668 0.0252 0.1525 0.1957 0.1449 0.1381 0.0757 0.0903 
 437 0.0051 0.0044 0.0548 0.0259 0.1205 0.1035 0.0963 0.3966 0.1087 0.0843 
 438 0.0046 0.0064 0.1073 0.0277 0.1988 0.1530 0.1932 0.0979 0.1209 0.0901 
 439 0.0040 0.0046 0.0887 0.0263 0.3603 0.1288 0.1093 0.1197 0.0750 0.0834 
 440 0.0036 0.0039 0.1722 0.0329 0.1552 0.2223 0.0790 0.1716 0.0923 0.0669 
 441 0.0040 0.0053 0.0367 0.0293 0.3192 0.0979 0.1539 0.1517 0.0913 0.1107 
 442 0.0052 0.0039 0.0271 0.0646 0.1546 0.1681 0.1246 0.2582 0.1193 0.0744 
 443 0.0039 0.0046 0.0394 0.0410 0.1315 0.3127 0.1130 0.1073 0.1770 0.0695 
 444 0.0048 0.0042 0.0397 0.0609 0.1474 0.1547 0.1229 0.2672 0.1236 0.0746 
 445 0.0286 0.0049 0.0291 0.0277 0.3205 0.0795 0.2007 0.1064 0.1045 0.0981 
 446 0.0359 0.0059 0.0510 0.0268 0.2548 0.2606 0.1038 0.1131 0.0689 0.0793 
 447 0.0050 0.0051 0.1259 0.0796 0.1762 0.1094 0.1724 0.1264 0.0922 0.1078 
 448 0.0040 0.0047 0.0402 0.0354 0.2422 0.1492 0.1119 0.2086 0.1198 0.0839 
 449 0.0041 0.0048 0.0430 0.0365 0.2118 0.1251 0.1524 0.2005 0.1128 0.1089 
 450 0.0059 0.0045 0.0299 0.0399 0.2614 0.1127 0.1251 0.2381 0.0693 0.1133 
 451 0.0041 0.0043 0.0250 0.0392 0.0931 0.3282 0.0804 0.2086 0.1489 0.0682 
 452 0.0046 0.0043 0.0295 0.0302 0.2327 0.2011 0.1290 0.1732 0.0814 0.1139 
 453 0.0037 0.0049 0.0241 0.0505 0.1568 0.1374 0.2127 0.1015 0.2257 0.0827 
 454 0.0041 0.0099 0.0486 0.0266 0.1746 0.1546 0.1254 0.2174 0.1133 0.1256 
 455 0.0041 0.0056 0.1173 0.0306 0.2502 0.1586 0.1194 0.1461 0.0971 0.0710 
 456 0.0046 0.0046 0.0522 0.0346 0.1798 0.1616 0.1159 0.1824 0.1927 0.0716 
 457 0.0045 0.0047 0.0507 0.0275 0.2338 0.0985 0.1143 0.2809 0.0998 0.0852 
 458 0.0300 0.0049 0.0308 0.0278 0.3731 0.1382 0.1104 0.1203 0.0815 0.0830 
 459 0.0040 0.0053 0.0437 0.0320 0.2608 0.1851 0.1567 0.1324 0.0738 0.1062 
 460 0.0040 0.0049 0.0391 0.0300 0.2452 0.2891 0.0963 0.1324 0.0821 0.0769 
 461 0.0050 0.0043 0.0211 0.0311 0.1824 0.3358 0.0921 0.1818 0.0676 0.0788 
 462 0.0064 0.0056 0.0389 0.1078 0.2421 0.1082 0.0790 0.1935 0.1556 0.0629 
 463 0.0036 0.0053 0.1454 0.0274 0.1903 0.0785 0.1517 0.1021 0.2100 0.0858 
 464 0.0036 0.0044 0.0426 0.0270 0.1823 0.3103 0.1112 0.1230 0.1246 0.0711 
 465 0.0050 0.0048 0.0239 0.0333 0.2497 0.1902 0.1241 0.1514 0.1376 0.0799 
 466 0.0037 0.0047 0.0428 0.0288 0.1840 0.2125 0.1256 0.1277 0.1988 0.0714 
 467 0.0042 0.0056 0.0331 0.0343 0.3071 0.1128 0.1297 0.1422 0.1355 0.0955 
 468 0.0042 0.0044 0.1649 0.0264 0.2020 0.0871 0.1061 0.2077 0.1271 0.0702 
 469 0.0039 0.0046 0.2017 0.0262 0.3323 0.0848 0.0926 0.1097 0.0680 0.0764 
 470 0.0039 0.0046 0.1131 0.0231 0.2451 0.2308 0.0909 0.1241 0.0874 0.0771 
 471 0.0046 0.0041 0.0256 0.0597 0.1471 0.2041 0.1214 0.1401 0.2109 0.0825 
 472 0.0046 0.0042 0.0217 0.0410 0.2735 0.1090 0.1328 0.1924 0.1464 0.0744 
 473 0.0040 0.0049 0.0418 0.0289 0.1872 0.1079 0.1461 0.2181 0.1533 0.1078 
 474 0.0041 0.0043 0.0292 0.0307 0.2296 0.1882 0.1474 0.1588 0.1078 0.1001 
 475 0.0042 0.0045 0.0247 0.0318 0.1881 0.2168 0.1755 0.1328 0.1154 0.1063 
 476 0.0054 0.0049 0.0502 0.0279 0.1973 0.1397 0.1246 0.2753 0.0977 0.0770 
 477 0.0052 0.0055 0.0284 0.0525 0.1599 0.2160 0.1633 0.1738 0.1031 0.0923 
 478 0.0057 0.0056 0.0234 0.0570 0.1502 0.3902 0.0874 0.1204 0.0838 0.0763 
 479 0.0041 0.0046 0.0499 0.0317 0.2009 0.2034 0.0943 0.2509 0.0830 0.0773 
 480 0.0045 0.0044 0.0587 0.0249 0.1934 0.1483 0.1081 0.2890 0.0859 0.0829 
 481 0.0042 0.0038 0.0255 0.0726 0.1826 0.1402 0.1088 0.2013 0.1793 0.0818 
 482 0.0046 0.0041 0.0326 0.0241 0.1773 0.2398 0.0945 0.2670 0.0791 0.0768 
 483 0.0045 0.0055 0.1313 0.0288 0.2556 0.1715 0.1209 0.1201 0.0762 0.0857 
 484 0.0043 0.0050 0.0964 0.0382 0.3007 0.0853 0.1188 0.1037 0.1676 0.0801 
 485 0.0043 0.0055 0.2773 0.0255 0.1799 0.1602 0.0935 0.0989 0.0780 0.0770 
 486 0.0060 0.0051 0.0216 0.0823 0.0667 0.1500 0.1302 0.1694 0.2712 0.0975 
 487 0.0062 0.0054 0.0203 0.0869 0.0801 0.1112 0.1487 0.2090 0.1483 0.1839 
 488 0.0059 0.0052 0.0185 0.1640 0.0782 0.1277 0.0906 0.1566 0.1681 0.1852 
 489 0.0055 0.0055 0.0263 0.0476 0.0691 0.0776 0.2527 0.2397 0.1615 0.1143 
 490 0.0044 0.0044 0.0212 0.0623 0.0850 0.2362 0.1049 0.1932 0.2129 0.0755 
 491 0.0052 0.0049 0.0170 0.1151 0.0781 0.0776 0.2118 0.1484 0.1994 0.1425 
 492 0.0042 0.0051 0.0179 0.1011 0.0861 0.1506 0.1448 0.0962 0.1524 0.2415 
 493 0.0063 0.0053 0.0233 0.1851 0.0588 0.0983 0.0789 0.1835 0.1990 0.1615 
 494 0.0138 0.0046 0.0265 0.0917 0.0800 0.0958 0.2003 0.1758 0.1786 0.1329 
 495 0.0128 0.0060 0.0194 0.1770 0.0696 0.1377 0.1355 0.1385 0.1188 0.1847 
 496 0.0041 0.0049 0.0191 0.0272 0.0874 0.0884 0.3097 0.1345 0.1741 0.1506 
 497 0.0081 0.0068 0.0179 0.1828 0.0757 0.0669 0.1192 0.1645 0.1622 0.1958 
 498 0.0068 0.0058 0.0200 0.1268 0.0743 0.1291 0.2049 0.2089 0.1443 0.0791 
 499 0.0097 0.0059 0.0191 0.0556 0.0738 0.0810 0.1822 0.1709 0.1719 0.2300 
 500 0.0081 0.0046 0.0364 0.0477 0.0726 0.0857 0.1006 0.2738 0.2335 0.1370 
 501 0.0064 0.0045 0.0242 0.0488 0.1022 0.1289 0.2020 0.1974 0.1168 0.1688 
 502 0.0053 0.0043 0.0185 0.0927 0.1228 0.1517 0.2048 0.1209 0.0924 0.1866 
 503 0.0052 0.0042 0.0294 0.0403 0.1690 0.1210 0.1198 0.2502 0.1623 0.0987 
 504 0.0057 0.0045 0.0174 0.1658 0.0897 0.1586 0.1505 0.1583 0.1566 0.0928 
 505 0.0053 0.0041 0.0239 0.0686 0.0652 0.1057 0.2138 0.1206 0.2755 0.1173 
 506 0.0048 0.0043 0.0171 0.0851 0.0791 0.1798 0.2196 0.1114 0.1293 0.1696 
 507 0.0045 0.0049 0.0153 0.0252 0.0682 0.0624 0.2871 0.0858 0.1696 0.2770 
 508 0.0080 0.0063 0.0139 0.0418 0.0551 0.0737 0.2667 0.0927 0.1594 0.2823 
 509 0.0048 0.0041 0.0189 0.0518 0.0784 0.0955 0.1911 0.1120 0.2357 0.2077 
 510 0.0085 0.0043 0.0289 0.0412 0.0677 0.0990 0.1898 0.2083 0.1211 0.2311 
 511 0.0069 0.0048 0.0516 0.0652 0.0929 0.2125 0.1486 0.1794 0.1410 0.0969 
 512 0.0052 0.0039 0.0318 0.0563 0.0966 0.2283 0.0951 0.2807 0.1179 0.0842 
 513 0.0046 0.0052 0.0135 0.3917 0.0489 0.0728 0.1095 0.0741 0.1618 0.1177 
 514 0.0048 0.0075 0.0174 0.0397 0.0876 0.3097 0.1159 0.1352 0.1321 0.1502 
 515 0.0067 0.0054 0.0413 0.0390 0.1586 0.0972 0.1223 0.1492 0.1629 0.2176 
 516 0.0061 0.0049 0.0176 0.0482 0.0845 0.1841 0.1754 0.1209 0.2558 0.1026 
 517 0.0048 0.0054 0.0309 0.0273 0.1116 0.1586 0.1720 0.1254 0.1842 0.1798 
 518 0.0349 0.0050 0.0311 0.0348 0.0706 0.0926 0.1192 0.2361 0.1368 0.2391 
 519 0.0045 0.0045 0.0181 0.0543 0.0925 0.2928 0.1750 0.1308 0.1116 0.1158 
 520 0.0048 0.0052 0.1242 0.0260 0.1049 0.0750 0.2020 0.0953 0.1420 0.2208 
 521 0.0044 0.0869 0.0166 0.0288 0.0673 0.1403 0.1446 0.1297 0.1809 0.2005 
 522 0.0101 0.0056 0.0447 0.0362 0.0933 0.1159 0.1003 0.2418 0.2189 0.1331 
 523 0.0053 0.0129 0.0267 0.0276 0.0820 0.1333 0.2278 0.1143 0.1976 0.1725 
 524 0.0051 0.0055 0.1330 0.0251 0.1503 0.1237 0.1120 0.1160 0.1634 0.1658 
 525 0.0441 0.0062 0.0389 0.0270 0.1140 0.0824 0.1814 0.1354 0.1518 0.2188 
 526 0.0042 0.0045 0.1910 0.0234 0.1363 0.0713 0.1851 0.0861 0.1923 0.1058 
