   1 0.0052 0.0095 0.0140 0.0356 0.0798 0.1507 0.2470 0.1322 0.1511 0.1750 
   2 0.0040 0.0039 0.0151 0.2086 0.0956 0.1563 0.1040 0.2106 0.1184 0.0836 
   3 0.0057 0.0046 0.0089 0.0499 0.0779 0.2428 0.1866 0.1372 0.1270 0.1593 
   4 0.0127 0.0145 0.0116 0.0529 0.0811 0.0981 0.1803 0.1309 0.3063 0.1116 
   5 0.0048 0.0069 0.0176 0.0737 0.1071 0.2299 0.0931 0.2532 0.1215 0.0921 
   6 0.0052 0.0047 0.0092 0.0770 0.1003 0.3578 0.0795 0.1050 0.1401 0.1212 
   7 0.0057 0.0045 0.0109 0.0480 0.2844 0.1941 0.1031 0.0920 0.1009 0.1563 
   8 0.0166 0.1131 0.0116 0.0518 0.0871 0.1762 0.1481 0.1021 0.1633 0.1302 
   9 0.0065 0.0049 0.0173 0.1590 0.0876 0.2039 0.1660 0.1294 0.1186 0.1069 
  10 0.0061 0.0847 0.0123 0.0601 0.1060 0.2514 0.1161 0.0863 0.1442 0.1329 
  11 0.0044 0.0043 0.0169 0.0511 0.1911 0.1818 0.1240 0.0902 0.0920 0.2442 
  12 0.0045 0.0040 0.0126 0.0736 0.1112 0.2170 0.1026 0.2259 0.1647 0.0838 
  13 0.0059 0.0047 0.0142 0.1220 0.1182 0.2078 0.1544 0.1349 0.1284 0.1095 
  14 0.0040 0.0116 0.0100 0.0682 0.0598 0.1621 0.1328 0.2644 0.1463 0.1408 
  15 0.0049 0.0049 0.0110 0.0577 0.0970 0.1233 0.1377 0.1656 0.2409 0.1569 
  16 0.0043 0.0042 0.0140 0.0487 0.0961 0.2467 0.1725 0.1023 0.1067 0.2044 
  17 0.0071 0.0048 0.0138 0.0560 0.0769 0.2974 0.1162 0.1873 0.1443 0.0961 
  18 0.0068 0.0053 0.0115 0.1913 0.0584 0.1588 0.1104 0.1096 0.1771 0.1709 
  19 0.0047 0.0040 0.0111 0.0615 0.1008 0.3600 0.1140 0.1036 0.1302 0.1102 
  20 0.0045 0.0043 0.0134 0.0594 0.1554 0.1638 0.1023 0.1778 0.1634 0.1557 
  21 0.0044 0.0074 0.0105 0.0585 0.0723 0.1312 0.1628 0.1928 0.2209 0.1392 
  22 0.0064 0.0043 0.0103 0.0636 0.0703 0.3285 0.1602 0.1101 0.1346 0.1118 
  23 0.0075 0.0105 0.0234 0.0745 0.0731 0.1217 0.2381 0.1848 0.1523 0.1141 
  24 0.0044 0.0042 0.0135 0.0494 0.0812 0.1460 0.2505 0.1067 0.1650 0.1790 
  25 0.0051 0.0051 0.0126 0.1143 0.1290 0.2861 0.0819 0.1350 0.0881 0.1427 
  26 0.0061 0.0042 0.0112 0.0520 0.0919 0.2039 0.1367 0.1559 0.2089 0.1291 
  27 0.0053 0.0046 0.0135 0.0520 0.0803 0.2456 0.1466 0.1699 0.1451 0.1371 
  28 0.0050 0.0164 0.0126 0.0509 0.1137 0.1147 0.1231 0.1178 0.2799 0.1658 
  29 0.0037 0.0039 0.0158 0.0782 0.1677 0.1779 0.1649 0.1680 0.1075 0.1124 
  30 0.0046 0.0039 0.0115 0.0669 0.0713 0.2851 0.1685 0.1358 0.1117 0.1406 
  31 0.0114 0.0975 0.0159 0.0831 0.1202 0.1480 0.1192 0.1861 0.1116 0.1070 
  32 0.0043 0.0084 0.0094 0.0669 0.0723 0.2548 0.1425 0.1427 0.1854 0.1132 
  33 0.0046 0.0039 0.0108 0.0472 0.1184 0.1911 0.2299 0.1203 0.1202 0.1535 
  34 0.0061 0.0970 0.0232 0.0476 0.1667 0.2492 0.0824 0.0842 0.1032 0.1406 
  35 0.0083 0.0041 0.0256 0.0623 0.0768 0.2429 0.1418 0.2615 0.0918 0.0848 
  36 0.0043 0.0070 0.0109 0.0439 0.0700 0.0941 0.2046 0.2093 0.0875 0.2685 
  37 0.0054 0.0044 0.0100 0.0928 0.0779 0.1591 0.2387 0.1634 0.1558 0.0924 
  38 0.0054 0.0044 0.0236 0.0431 0.1351 0.1143 0.1154 0.1471 0.0771 0.3346 
  39 0.0067 0.0043 0.0229 0.0491 0.1320 0.1582 0.1161 0.2057 0.1158 0.1894 
  40 0.0040 0.0045 0.0108 0.0462 0.0598 0.1418 0.3188 0.2050 0.1013 0.1077 
  41 0.0069 0.0078 0.0270 0.0384 0.1193 0.1521 0.2380 0.1764 0.0721 0.1620 
  42 0.0042 0.0044 0.0166 0.0334 0.0663 0.0739 0.3716 0.1255 0.1117 0.1924 
  43 0.0065 0.0090 0.0155 0.0779 0.0837 0.1302 0.2487 0.2397 0.1034 0.0854 
  44 0.0059 0.0040 0.0133 0.0627 0.0727 0.1947 0.1830 0.3163 0.0712 0.0761 
  45 0.0048 0.0043 0.0231 0.1167 0.0949 0.0963 0.1472 0.2233 0.0782 0.2112 
  46 0.0077 0.0042 0.0128 0.0529 0.0952 0.2695 0.0881 0.2423 0.1192 0.1081 
  47 0.0114 0.0092 0.0212 0.1391 0.0832 0.2465 0.1623 0.1190 0.1239 0.0842 
  48 0.0066 0.0041 0.0161 0.0438 0.0599 0.1815 0.1701 0.3662 0.0773 0.0746 
  49 0.0077 0.0046 0.0345 0.0497 0.0880 0.1681 0.1801 0.2230 0.1092 0.1352 
  50 0.0080 0.0282 0.0167 0.0638 0.1392 0.2775 0.0791 0.1514 0.1127 0.1234 
  51 0.0044 0.0069 0.0154 0.0388 0.0657 0.0744 0.2264 0.2934 0.0734 0.2013 
  52 0.0078 0.0044 0.0245 0.0463 0.1406 0.1636 0.1469 0.1617 0.1281 0.1760 
  53 0.0067 0.0110 0.0158 0.0402 0.1000 0.1648 0.1518 0.1336 0.1099 0.2661 
  54 0.0064 0.0045 0.0188 0.1924 0.0825 0.1373 0.1711 0.1968 0.1227 0.0674 
  55 0.0054 0.0040 0.0139 0.0628 0.0698 0.1230 0.1309 0.4101 0.1016 0.0785 
  56 0.0059 0.0041 0.0202 0.0382 0.0642 0.1688 0.1736 0.2970 0.1117 0.1163 
  57 0.0111 0.0092 0.0193 0.0543 0.0948 0.2404 0.1289 0.0883 0.2445 0.1093 
  58 0.0051 0.0040 0.0219 0.0615 0.0942 0.1095 0.2116 0.2583 0.0995 0.1345 
  59 0.0055 0.0041 0.0372 0.0429 0.1021 0.1141 0.1660 0.2174 0.0978 0.2128 
  60 0.0042 0.0091 0.0108 0.0451 0.0726 0.0887 0.2088 0.2675 0.1486 0.1447 
  61 0.0037 0.0042 0.0120 0.1527 0.0689 0.0757 0.1613 0.3102 0.1409 0.0702 
  62 0.0098 0.0044 0.0624 0.1064 0.1102 0.1727 0.1007 0.1670 0.1504 0.1161 
  63 0.0038 0.0039 0.0110 0.0734 0.1272 0.1069 0.2296 0.1822 0.1203 0.1416 
  64 0.0053 0.0039 0.0177 0.0518 0.0964 0.2966 0.1206 0.1574 0.0935 0.1567 
  65 0.0050 0.0041 0.0149 0.1145 0.2143 0.2014 0.0858 0.1619 0.0863 0.1118 
  66 0.0048 0.0093 0.0139 0.0871 0.1240 0.1058 0.1582 0.2017 0.1885 0.1068 
  67 0.0046 0.0042 0.0124 0.1865 0.0752 0.1171 0.1312 0.3107 0.0887 0.0694 
  68 0.0059 0.0046 0.0358 0.0426 0.0883 0.0955 0.1758 0.2121 0.1102 0.2290 
  69 0.0065 0.1874 0.0391 0.0476 0.0843 0.1104 0.0883 0.1045 0.0950 0.2369 
  70 0.0040 0.0102 0.0129 0.0385 0.1127 0.0838 0.2225 0.1728 0.1060 0.2367 
  71 0.0053 0.0069 0.0365 0.0510 0.1061 0.1129 0.1096 0.2828 0.0741 0.2148 
  72 0.0051 0.0073 0.0106 0.0524 0.0808 0.2135 0.1651 0.1801 0.0829 0.2022 
  73 0.0052 0.0071 0.0376 0.1224 0.1144 0.1034 0.1266 0.2927 0.0849 0.1058 
  74 0.0039 0.0041 0.0103 0.0406 0.0640 0.0911 0.2722 0.1755 0.1050 0.2332 
  75 0.0046 0.0084 0.0143 0.0419 0.0550 0.0813 0.2914 0.1861 0.1265 0.1906 
  76 0.0048 0.0042 0.0100 0.0897 0.1381 0.1336 0.1535 0.2568 0.0968 0.1125 
  77 0.0046 0.0040 0.0229 0.0556 0.1452 0.1039 0.1818 0.1732 0.0707 0.2381 
  78 0.0053 0.0047 0.0256 0.0444 0.1271 0.1063 0.1856 0.1447 0.0712 0.2852 
  79 0.0042 0.0043 0.0111 0.1745 0.1497 0.1688 0.1139 0.0937 0.1090 0.1708 
  80 0.0043 0.0044 0.0099 0.0876 0.1101 0.0831 0.2246 0.0856 0.2937 0.0968 
  81 0.0044 0.0045 0.0091 0.1109 0.1389 0.0884 0.1552 0.0786 0.2851 0.1250 
  82 0.0045 0.0043 0.0180 0.0669 0.1054 0.1168 0.1882 0.2429 0.1429 0.1101 
  83 0.0041 0.0050 0.0088 0.0686 0.1200 0.0999 0.1350 0.1260 0.2308 0.2018 
  84 0.0042 0.0044 0.0097 0.0744 0.1448 0.1217 0.1389 0.0983 0.2131 0.1904 
  85 0.0041 0.0051 0.0092 0.0697 0.0754 0.1327 0.1492 0.1097 0.2345 0.2103 
  86 0.0056 0.0043 0.0175 0.0782 0.1027 0.1944 0.0964 0.2987 0.1112 0.0910 
  87 0.0047 0.0095 0.0109 0.1277 0.2016 0.0945 0.1184 0.1117 0.1140 0.2071 
  88 0.0043 0.0045 0.0101 0.0840 0.1400 0.0991 0.2281 0.1215 0.1858 0.1227 
  89 0.0050 0.0096 0.0096 0.1586 0.1021 0.0913 0.1963 0.0880 0.2271 0.1126 
  90 0.0041 0.0042 0.0107 0.1591 0.2145 0.1059 0.1195 0.1036 0.1299 0.1484 
  91 0.0043 0.0051 0.0085 0.0539 0.0749 0.0951 0.1989 0.1051 0.2780 0.1762 
  92 0.0044 0.0044 0.0113 0.1145 0.1388 0.1389 0.1597 0.1306 0.1485 0.1489 
  93 0.0043 0.0177 0.0098 0.0455 0.0662 0.0929 0.1933 0.0920 0.3880 0.0904 
  94 0.0042 0.0051 0.0093 0.0449 0.2463 0.0835 0.1029 0.0963 0.1075 0.3000 
  95 0.0041 0.0043 0.0097 0.1234 0.2198 0.0790 0.1735 0.0971 0.1663 0.1227 
  96 0.0042 0.0045 0.0124 0.0746 0.0731 0.0751 0.2556 0.2684 0.1497 0.0823 
  97 0.0049 0.0042 0.0128 0.0527 0.0561 0.0852 0.2276 0.1985 0.1411 0.2169 
  98 0.0036 0.0039 0.0122 0.1076 0.0813 0.1507 0.2605 0.1717 0.0897 0.1186 
  99 0.0041 0.0046 0.0097 0.1427 0.1542 0.1082 0.1286 0.0853 0.2022 0.1603 
 100 0.0044 0.0043 0.0117 0.1070 0.0603 0.0780 0.2442 0.1234 0.2959 0.0709 
 101 0.0054 0.0310 0.0118 0.1538 0.1314 0.0948 0.1541 0.1190 0.1229 0.1758 
 102 0.0053 0.0056 0.0198 0.0490 0.1128 0.0914 0.2124 0.1372 0.2136 0.1529 
 103 0.0049 0.0175 0.0123 0.2358 0.1334 0.1021 0.0974 0.1335 0.1709 0.0922 
 104 0.0045 0.0080 0.0107 0.0606 0.3533 0.1115 0.0648 0.1411 0.1471 0.0985 
 105 0.0054 0.0179 0.0249 0.1018 0.2420 0.1057 0.0827 0.1559 0.1803 0.0834 
 106 0.0042 0.0039 0.0105 0.0537 0.3047 0.1422 0.0785 0.1337 0.0694 0.1992 
 107 0.0054 0.0117 0.0162 0.1076 0.2218 0.1080 0.0969 0.1697 0.1708 0.0919 
 108 0.0039 0.0054 0.0094 0.0667 0.0689 0.1011 0.0741 0.3811 0.1058 0.1837 
 109 0.0057 0.0084 0.1144 0.0489 0.1829 0.1306 0.0728 0.1743 0.0769 0.1851 
 110 0.0043 0.0063 0.0129 0.0499 0.3364 0.1336 0.0839 0.0948 0.0736 0.2042 
 111 0.0061 0.0064 0.0218 0.0628 0.3843 0.1074 0.0734 0.1371 0.1184 0.0822 
 112 0.0047 0.0046 0.1374 0.0413 0.2927 0.0899 0.0841 0.1295 0.0818 0.1341 
 113 0.0047 0.0077 0.0134 0.0870 0.1006 0.1511 0.1180 0.2582 0.1277 0.1314 
 114 0.0043 0.0083 0.0172 0.0710 0.3360 0.1013 0.0716 0.1201 0.1765 0.0936 
 115 0.0049 0.0052 0.0197 0.0524 0.2363 0.1271 0.1409 0.2260 0.0914 0.0960 
 116 0.0055 0.0040 0.0182 0.0451 0.1971 0.1262 0.0955 0.2367 0.0700 0.2017 
 117 0.0059 0.0087 0.0310 0.0497 0.2908 0.1445 0.1280 0.0927 0.0756 0.1731 
 118 0.0049 0.0043 0.0250 0.0820 0.1810 0.1243 0.0814 0.2974 0.1125 0.0873 
 119 0.0038 0.0051 0.0094 0.0671 0.0929 0.0762 0.2475 0.1954 0.1529 0.1496 
 120 0.0050 0.0054 0.0253 0.0628 0.2540 0.1187 0.1116 0.1988 0.1168 0.1017 
 121 0.0100 0.0131 0.0475 0.0673 0.2023 0.1137 0.1204 0.2273 0.0753 0.1233 
 122 0.0041 0.0079 0.0178 0.0708 0.2651 0.1439 0.0838 0.1280 0.0990 0.1798 
 123 0.0049 0.0075 0.0149 0.0607 0.2839 0.1065 0.0898 0.1548 0.1280 0.1491 
 124 0.0075 0.0058 0.0305 0.0681 0.1631 0.1546 0.0864 0.2156 0.0936 0.1748 
 125 0.0050 0.0057 0.0342 0.0445 0.1322 0.1796 0.1468 0.1030 0.0780 0.2710 
 126 0.0037 0.0040 0.0100 0.0497 0.1877 0.0924 0.1110 0.2067 0.1192 0.2155 
 127 0.0049 0.0046 0.0166 0.0673 0.3819 0.0850 0.0756 0.1626 0.1213 0.0801 
 128 0.0042 0.0041 0.0194 0.1332 0.1462 0.1370 0.0856 0.2802 0.1099 0.0803 
 129 0.0054 0.0165 0.0156 0.2027 0.2278 0.1119 0.0725 0.1733 0.0862 0.0881 
 130 0.0056 0.0099 0.0276 0.0861 0.2864 0.1107 0.0846 0.1210 0.1676 0.1006 
 131 0.0084 0.0160 0.0290 0.0672 0.1622 0.1253 0.0807 0.1688 0.0730 0.2693 
 132 0.0047 0.0089 0.0135 0.1516 0.2424 0.1235 0.0738 0.1372 0.0814 0.1630 
 133 0.0076 0.0108 0.0146 0.0958 0.2387 0.1186 0.0854 0.1982 0.1299 0.1004 
 134 0.0039 0.0038 0.0170 0.0674 0.4429 0.1107 0.0687 0.0820 0.0639 0.1397 
 135 0.0051 0.0042 0.0193 0.0348 0.0548 0.0704 0.1681 0.2299 0.3112 0.1021 
 136 0.0051 0.0073 0.0123 0.0356 0.0522 0.1244 0.1470 0.0963 0.4373 0.0826 
 137 0.0044 0.0087 0.0233 0.0378 0.0782 0.0851 0.2451 0.0782 0.3551 0.0840 
 138 0.0041 0.0044 0.0093 0.0358 0.0519 0.0736 0.1158 0.0942 0.5105 0.1004 
 139 0.0041 0.0070 0.0127 0.0796 0.0592 0.1085 0.1263 0.2496 0.2559 0.0970 
 140 0.0048 0.0110 0.0113 0.0629 0.0769 0.0928 0.1888 0.1513 0.2601 0.1402 
 141 0.0050 0.0203 0.0129 0.0446 0.0533 0.1390 0.1155 0.1121 0.3786 0.1186 
 142 0.0049 0.0103 0.0178 0.0401 0.0532 0.0699 0.1505 0.2722 0.2864 0.0947 
 143 0.0039 0.0040 0.0088 0.0348 0.0509 0.0740 0.2217 0.0884 0.4414 0.0719 
 144 0.0043 0.0046 0.0238 0.0365 0.0771 0.0774 0.2264 0.0862 0.3853 0.0783 
 145 0.0054 0.0080 0.0147 0.0446 0.0534 0.1431 0.1712 0.1356 0.3086 0.1154 
 146 0.0057 0.0085 0.0112 0.0431 0.0878 0.1244 0.1831 0.1124 0.2876 0.1362 
 147 0.0043 0.0066 0.0092 0.0344 0.0516 0.0810 0.1859 0.0765 0.4737 0.0768 
 148 0.0048 0.0245 0.0160 0.0461 0.0719 0.1325 0.1276 0.1672 0.3224 0.0871 
 149 0.0049 0.1456 0.0126 0.0399 0.0519 0.0822 0.1872 0.1586 0.2116 0.1055 
 150 0.0049 0.0090 0.0257 0.0564 0.1028 0.1007 0.1651 0.1039 0.3404 0.0910 
 151 0.0043 0.0041 0.0096 0.0440 0.0661 0.0855 0.1791 0.1036 0.4196 0.0842 
 152 0.0051 0.0107 0.0145 0.0372 0.0578 0.1242 0.1138 0.1903 0.3360 0.1105 
 153 0.0041 0.0081 0.0099 0.0382 0.0649 0.0853 0.1610 0.1179 0.3918 0.1190 
 154 0.0054 0.1914 0.0118 0.0426 0.0523 0.1250 0.1363 0.1574 0.1978 0.0798 
 155 0.0041 0.0044 0.0087 0.0445 0.0666 0.0803 0.0997 0.0925 0.5219 0.0771 
 156 0.0038 0.0043 0.0124 0.0368 0.0674 0.0728 0.1723 0.1883 0.3667 0.0753 
 157 0.0040 0.0073 0.0088 0.0417 0.1088 0.0850 0.1376 0.0795 0.4099 0.1174 
 158 0.0055 0.0080 0.0147 0.0381 0.0538 0.1386 0.1869 0.1128 0.3200 0.1218 
 159 0.0053 0.0711 0.0114 0.0371 0.0526 0.0817 0.1910 0.0844 0.3869 0.0785 
 160 0.0056 0.0648 0.0115 0.0384 0.0525 0.0813 0.1250 0.0933 0.4480 0.0795 
 161 0.0040 0.0079 0.0101 0.0452 0.0642 0.0959 0.3303 0.0995 0.2191 0.1238 
 162 0.0065 0.0082 0.0117 0.0524 0.0864 0.1301 0.1228 0.1369 0.3153 0.1298 
 163 0.0039 0.0045 0.0088 0.0365 0.0642 0.0749 0.1284 0.1164 0.4848 0.0776 
 164 0.0065 0.1085 0.0100 0.0845 0.0800 0.1017 0.1240 0.1283 0.2495 0.1070 
 165 0.0049 0.0048 0.0258 0.0447 0.1015 0.0872 0.1714 0.0984 0.3716 0.0898 
 166 0.0048 0.1038 0.0091 0.0502 0.0840 0.0799 0.1285 0.1350 0.2487 0.1560 
 167 0.0076 0.2311 0.0101 0.0339 0.0667 0.1395 0.0899 0.0965 0.2431 0.0818 
 168 0.0044 0.0049 0.0093 0.0367 0.0530 0.0835 0.1261 0.1119 0.4037 0.1665 
 169 0.0058 0.0080 0.0161 0.0349 0.0533 0.1366 0.1565 0.1057 0.2575 0.2255 
 170 0.0039 0.0042 0.0094 0.0563 0.0623 0.0805 0.3991 0.1216 0.1824 0.0805 
 171 0.0045 0.0065 0.0095 0.0544 0.0559 0.1168 0.1247 0.1435 0.3457 0.1384 
 172 0.0047 0.0233 0.0145 0.0354 0.0514 0.0813 0.2089 0.1599 0.2262 0.1946 
 173 0.0046 0.0063 0.0102 0.0436 0.0516 0.0825 0.1037 0.1065 0.5172 0.0737 
 174 0.0044 0.0069 0.0089 0.0454 0.0676 0.0949 0.1228 0.0825 0.4762 0.0904 
 175 0.0045 0.0045 0.0099 0.0395 0.0513 0.1214 0.2654 0.0881 0.3416 0.0738 
 176 0.0047 0.0048 0.0234 0.0366 0.0770 0.0779 0.2265 0.0865 0.3845 0.0782 
 177 0.0046 0.0073 0.0100 0.0431 0.1013 0.0882 0.1222 0.0898 0.3529 0.1808 
 178 0.0044 0.0075 0.0092 0.0516 0.0675 0.1520 0.1003 0.0879 0.4316 0.0880 
 179 0.0040 0.0129 0.0085 0.0428 0.0520 0.0833 0.1073 0.0849 0.5308 0.0735 
 180 0.0069 0.0238 0.0125 0.0373 0.0693 0.1124 0.2087 0.1180 0.2951 0.1162 
 181 0.0050 0.0072 0.0136 0.0465 0.0526 0.0891 0.1993 0.1494 0.3302 0.1071 
 182 0.0051 0.0047 0.0119 0.0438 0.0519 0.0747 0.1779 0.1538 0.4016 0.0746 
 183 0.0043 0.0069 0.0091 0.0424 0.0519 0.0836 0.1591 0.0967 0.4723 0.0737 
 184 0.0051 0.0041 0.0118 0.1732 0.0764 0.1890 0.1021 0.2393 0.1179 0.0811 
 185 0.0037 0.0042 0.0110 0.0350 0.0466 0.0674 0.1495 0.1875 0.4333 0.0617 
 186 0.0043 0.0038 0.0089 0.3248 0.0959 0.1411 0.0988 0.1411 0.1013 0.0800 
 187 0.0038 0.0046 0.0090 0.1634 0.0754 0.1164 0.1050 0.1662 0.2809 0.0754 
 188 0.0040 0.0039 0.0091 0.4396 0.0732 0.1220 0.0776 0.1208 0.0810 0.0688 
 189 0.0040 0.0044 0.0088 0.0431 0.0648 0.1680 0.1795 0.1782 0.2048 0.1444 
 190 0.0036 0.0037 0.0122 0.0414 0.0494 0.0624 0.1342 0.4170 0.2149 0.0611 
 191 0.0041 0.0040 0.0126 0.3496 0.0625 0.1108 0.0952 0.1342 0.1538 0.0733 
 192 0.0038 0.0040 0.0092 0.1662 0.0936 0.1413 0.1645 0.1230 0.2109 0.0835 
 193 0.0040 0.0039 0.0135 0.0921 0.0744 0.1545 0.1703 0.2003 0.1916 0.0954 
 194 0.0041 0.0050 0.0094 0.1438 0.0816 0.1104 0.2447 0.1660 0.1484 0.0866 
 195 0.0039 0.0043 0.0096 0.1374 0.0499 0.0736 0.1490 0.2125 0.2939 0.0658 
 196 0.0035 0.0040 0.0119 0.0537 0.0714 0.0868 0.1274 0.3665 0.2035 0.0713 
 197 0.0048 0.0045 0.0112 0.0726 0.1037 0.2058 0.0862 0.2078 0.2180 0.0855 
 198 0.0038 0.0042 0.0100 0.0877 0.0888 0.1740 0.1571 0.1816 0.1572 0.1357 
 199 0.0041 0.0040 0.0128 0.0474 0.0680 0.0814 0.2142 0.3503 0.1365 0.0813 
 200 0.0041 0.0041 0.0149 0.0431 0.0625 0.1169 0.1069 0.3645 0.1924 0.0906 
 201 0.0037 0.0040 0.0086 0.0775 0.0591 0.0963 0.1110 0.1817 0.3937 0.0643 
 202 0.0036 0.0040 0.0106 0.0481 0.0655 0.0738 0.2627 0.2128 0.2541 0.0648 
 203 0.0040 0.0044 0.0126 0.1177 0.0585 0.0837 0.1057 0.1554 0.3956 0.0623 
 204 0.0040 0.0042 0.0114 0.2468 0.0524 0.0713 0.1425 0.2171 0.1854 0.0649 
 205 0.0041 0.0042 0.0107 0.1375 0.0700 0.0989 0.1214 0.3081 0.1561 0.0890 
 206 0.0045 0.0049 0.0099 0.2169 0.0563 0.0908 0.1179 0.2244 0.2104 0.0640 
 207 0.0040 0.0038 0.0139 0.1873 0.0774 0.0868 0.1429 0.2968 0.1229 0.0640 
 208 0.0038 0.0039 0.0105 0.0960 0.0633 0.0911 0.0923 0.2724 0.2979 0.0687 
 209 0.0040 0.0040 0.0145 0.2101 0.0699 0.1246 0.1411 0.1834 0.1710 0.0776 
 210 0.0038 0.0043 0.0100 0.2247 0.0675 0.0959 0.1135 0.1883 0.2228 0.0690 
 211 0.0046 0.0041 0.0206 0.0432 0.0878 0.0855 0.1612 0.3658 0.1655 0.0617 
 212 0.0037 0.0042 0.0102 0.0516 0.0520 0.1075 0.2089 0.1725 0.3109 0.0784 
 213 0.0039 0.0042 0.0131 0.1315 0.0965 0.0779 0.1913 0.2394 0.1226 0.1197 
 214 0.0038 0.0040 0.0115 0.0555 0.0594 0.0942 0.1869 0.1859 0.3343 0.0644 
 215 0.0040 0.0041 0.0138 0.1356 0.0806 0.1009 0.0864 0.3521 0.1418 0.0808 
 216 0.0053 0.0039 0.0114 0.0944 0.0767 0.2203 0.1277 0.2395 0.1336 0.0872 
 217 0.0038 0.0040 0.0095 0.0554 0.0583 0.0985 0.1651 0.2262 0.3087 0.0703 
 218 0.0043 0.0042 0.0110 0.1882 0.0818 0.0965 0.1194 0.2149 0.1897 0.0899 
 219 0.0055 0.0046 0.0091 0.0605 0.0661 0.1896 0.1290 0.1816 0.2581 0.0958 
 220 0.0040 0.0039 0.0113 0.3504 0.0606 0.0848 0.0968 0.1701 0.1525 0.0656 
 221 0.0038 0.0040 0.0109 0.0397 0.0491 0.0706 0.4055 0.1524 0.1991 0.0651 
 222 0.0048 0.0041 0.0092 0.0993 0.0772 0.2393 0.1466 0.1711 0.1612 0.0873 
 223 0.0041 0.0045 0.0090 0.0689 0.0745 0.1328 0.1251 0.1814 0.3116 0.0881 
 224 0.0043 0.0048 0.0101 0.1672 0.0573 0.0935 0.1532 0.1598 0.2858 0.0640 
 225 0.0040 0.0042 0.0110 0.1419 0.0648 0.0961 0.1460 0.2683 0.1852 0.0784 
 226 0.0054 0.0051 0.0126 0.0609 0.0758 0.1470 0.1305 0.2307 0.1815 0.1505 
 227 0.0039 0.0048 0.0108 0.1245 0.0724 0.0707 0.1706 0.2662 0.2124 0.0636 
 228 0.0040 0.0044 0.0127 0.1114 0.0472 0.0689 0.1373 0.2750 0.2776 0.0615 
 229 0.0037 0.0041 0.0090 0.2454 0.0602 0.0919 0.1579 0.0979 0.2657 0.0641 
 230 0.0041 0.0040 0.0117 0.2516 0.0594 0.0875 0.1497 0.1263 0.2420 0.0636 
 231 0.0040 0.0042 0.0108 0.1779 0.0597 0.1310 0.1117 0.1253 0.3025 0.0731 
 232 0.0043 0.0042 0.0120 0.1130 0.0782 0.0812 0.2670 0.1557 0.1578 0.1266 
 233 0.0040 0.0039 0.0105 0.0554 0.0602 0.0966 0.1201 0.1517 0.4327 0.0650 
 234 0.0037 0.0040 0.0099 0.0887 0.0826 0.2033 0.1134 0.1605 0.2387 0.0952 
 235 0.0039 0.0041 0.0096 0.0730 0.0725 0.1153 0.1945 0.2183 0.2175 0.0913 
 236 0.0039 0.0038 0.0112 0.0595 0.0680 0.1293 0.1385 0.1870 0.3206 0.0782 
 237 0.0041 0.0041 0.0162 0.1625 0.0646 0.0969 0.1196 0.3000 0.1579 0.0741 
 238 0.0038 0.0038 0.0098 0.0675 0.0740 0.1078 0.2074 0.1612 0.2937 0.0710 
 239 0.0038 0.0044 0.0098 0.1377 0.0498 0.0742 0.1507 0.2090 0.2952 0.0654 
 240 0.0036 0.0039 0.0097 0.0677 0.0746 0.1073 0.2071 0.1598 0.2954 0.0708 
 241 0.0045 0.0042 0.0110 0.0574 0.0560 0.0822 0.2450 0.1848 0.2716 0.0833 
 242 0.0042 0.0047 0.0100 0.2010 0.0576 0.1185 0.1476 0.1649 0.1881 0.1032 
 243 0.0038 0.0039 0.0135 0.0523 0.0561 0.0746 0.1177 0.3993 0.2176 0.0612 
 244 0.0040 0.0041 0.0126 0.1409 0.0585 0.0910 0.1361 0.1615 0.3274 0.0639 
 245 0.0037 0.0042 0.0087 0.0503 0.0632 0.0828 0.1736 0.1543 0.3853 0.0738 
 246 0.0038 0.0041 0.0095 0.0565 0.0583 0.0999 0.1643 0.2246 0.3089 0.0702 
 247 0.0036 0.0039 0.0100 0.1945 0.1365 0.1152 0.1073 0.1911 0.0959 0.1420 
 248 0.0037 0.0038 0.0119 0.1024 0.0858 0.1108 0.0862 0.4013 0.1165 0.0777 
 249 0.0041 0.0040 0.0123 0.1335 0.0667 0.0940 0.2167 0.1554 0.2488 0.0646 
 250 0.0042 0.0040 0.0118 0.1451 0.0771 0.1274 0.1563 0.1533 0.2431 0.0777 
 251 0.0044 0.0042 0.0149 0.0465 0.0779 0.1683 0.1036 0.2921 0.1615 0.1266 
 252 0.0039 0.0043 0.0089 0.1456 0.0655 0.1029 0.1732 0.1995 0.2164 0.0797 
 253 0.0039 0.0040 0.0102 0.0635 0.1029 0.1196 0.1640 0.3036 0.1165 0.1119 
 254 0.0047 0.0041 0.0093 0.0998 0.0686 0.2086 0.1160 0.2155 0.2001 0.0734 
 255 0.0036 0.0041 0.0106 0.2117 0.0710 0.1337 0.1572 0.1345 0.1958 0.0778 
 256 0.0042 0.0040 0.0116 0.0719 0.0634 0.1028 0.2078 0.2381 0.2211 0.0750 
 257 0.0063 0.0058 0.0143 0.1218 0.0785 0.1093 0.1502 0.2479 0.1820 0.0838 
 258 0.0035 0.0041 0.0126 0.0695 0.0807 0.1267 0.0999 0.3359 0.1665 0.1005 
 259 0.0045 0.0046 0.0118 0.1719 0.0736 0.1199 0.1603 0.2054 0.1712 0.0767 
 260 0.0047 0.0040 0.0094 0.0675 0.0722 0.2185 0.1437 0.1371 0.2692 0.0737 
 261 0.0035 0.0042 0.0089 0.0588 0.0571 0.0995 0.1532 0.2497 0.2852 0.0798 
 262 0.0038 0.0040 0.0107 0.0423 0.0491 0.0724 0.1764 0.3187 0.2534 0.0693 
 263 0.0054 0.0040 0.0125 0.2224 0.0609 0.1319 0.0962 0.2443 0.1583 0.0641 
 264 0.0056 0.0038 0.0117 0.0869 0.0789 0.3315 0.0875 0.2137 0.0855 0.0950 
 265 0.0041 0.0043 0.0091 0.0779 0.0741 0.1351 0.1071 0.2519 0.2460 0.0903 
 266 0.0038 0.0040 0.0107 0.0410 0.0495 0.0707 0.2329 0.2002 0.3222 0.0650 
 267 0.0037 0.0041 0.0128 0.0878 0.0808 0.1379 0.1651 0.2142 0.2194 0.0742 
 268 0.0037 0.0039 0.0119 0.0540 0.0718 0.0868 0.1273 0.3674 0.2019 0.0712 
 269 0.0040 0.0042 0.0089 0.0553 0.0687 0.2006 0.1090 0.1854 0.2515 0.1123 
 270 0.0053 0.0077 0.0116 0.1462 0.0829 0.1762 0.1065 0.2230 0.1517 0.0890 
 271 0.0041 0.0041 0.0136 0.0713 0.0809 0.1117 0.1039 0.3604 0.1578 0.0923 
 272 0.0051 0.0050 0.0161 0.0493 0.0769 0.1174 0.1077 0.3250 0.1624 0.1353 
 273 0.0197 0.0283 0.0218 0.1017 0.0975 0.1305 0.1418 0.1448 0.2007 0.1131 
 274 0.0043 0.0041 0.0114 0.0747 0.0803 0.1441 0.1220 0.2723 0.1774 0.1094 
 275 0.0076 0.0186 0.0160 0.0768 0.0700 0.1577 0.1105 0.2355 0.2102 0.0970 
 276 0.0055 0.0046 0.0156 0.0630 0.0860 0.1068 0.1624 0.3195 0.1181 0.1186 
 277 0.0039 0.0041 0.0089 0.0842 0.0738 0.1500 0.1645 0.1755 0.2446 0.0907 
 278 0.0037 0.0040 0.0128 0.0545 0.0689 0.0968 0.0814 0.4281 0.1710 0.0788 
 279 0.0043 0.0038 0.0110 0.0810 0.0718 0.1382 0.1482 0.2384 0.2128 0.0903 
 280 0.0039 0.0040 0.0099 0.0627 0.0653 0.1402 0.1413 0.2565 0.1983 0.1178 
 281 0.0042 0.0041 0.0110 0.1368 0.0944 0.1106 0.1271 0.2294 0.1750 0.1075 
 282 0.0037 0.0039 0.0091 0.0576 0.0688 0.1399 0.1428 0.1371 0.3584 0.0786 
 283 0.0039 0.0043 0.0095 0.1134 0.0691 0.0912 0.1693 0.1181 0.3579 0.0635 
 284 0.0037 0.0072 0.0132 0.0611 0.0924 0.1383 0.1367 0.2158 0.2438 0.0878 
 285 0.0038 0.0038 0.0149 0.1611 0.0785 0.0989 0.0841 0.3696 0.0828 0.1024 
 286 0.0042 0.0040 0.0126 0.1412 0.0579 0.0909 0.1345 0.1592 0.3311 0.0644 
 287 0.0041 0.0044 0.0090 0.1011 0.0975 0.1261 0.1397 0.1844 0.2082 0.1255 
 288 0.0053 0.0052 0.0131 0.1467 0.0773 0.1285 0.1105 0.2296 0.1621 0.1216 
 289 0.0064 0.0070 0.0159 0.1480 0.1033 0.1252 0.1076 0.2587 0.1355 0.0924 
 290 0.0057 0.0040 0.0215 0.0943 0.0685 0.1545 0.1857 0.2523 0.1232 0.0903 
 291 0.0041 0.0040 0.0137 0.0695 0.0807 0.1130 0.1040 0.3614 0.1570 0.0925 
 292 0.0039 0.0042 0.0098 0.0469 0.0562 0.1058 0.1714 0.2917 0.1933 0.1168 
 293 0.0042 0.0038 0.0163 0.0538 0.0716 0.2147 0.1200 0.2902 0.1151 0.1105 
 294 0.0052 0.0041 0.0119 0.2518 0.0578 0.1100 0.1182 0.2553 0.1149 0.0709 
 295 0.0053 0.0113 0.0190 0.0524 0.0836 0.1192 0.1365 0.3209 0.1351 0.1165 
 296 0.0043 0.0042 0.0141 0.1457 0.0867 0.0830 0.0995 0.3093 0.1691 0.0841 
 297 0.0042 0.0042 0.0098 0.1507 0.0740 0.1436 0.1501 0.1986 0.1449 0.1197 
 298 0.0038 0.0041 0.0090 0.1409 0.0783 0.1382 0.1657 0.1131 0.2690 0.0779 
 299 0.0044 0.0040 0.0090 0.3598 0.0606 0.1294 0.1102 0.1227 0.1368 0.0630 
 300 0.0042 0.0039 0.0133 0.3110 0.0578 0.0886 0.1199 0.2013 0.1126 0.0874 
 301 0.0052 0.0074 0.0117 0.0750 0.0696 0.2329 0.1048 0.2530 0.1520 0.0884 
 302 0.0058 0.0087 0.0167 0.1215 0.0581 0.1177 0.0963 0.3697 0.1337 0.0718 
 303 0.0040 0.0042 0.0116 0.1459 0.0587 0.1006 0.1821 0.1453 0.2594 0.0883 
 304 0.0050 0.0070 0.0111 0.0595 0.0969 0.2125 0.1202 0.0997 0.3046 0.0836 
 305 0.0044 0.0087 0.0133 0.1139 0.0509 0.0817 0.1412 0.2593 0.2503 0.0765 
 306 0.0041 0.0040 0.0093 0.0551 0.0641 0.1126 0.2266 0.1866 0.2556 0.0820 
 307 0.0046 0.0047 0.0116 0.0712 0.0730 0.1411 0.1967 0.2139 0.1921 0.0910 
 308 0.0037 0.0042 0.0087 0.0585 0.0573 0.1000 0.1531 0.2497 0.2849 0.0799 
 309 0.0111 0.0163 0.0253 0.3142 0.0808 0.0891 0.0905 0.1648 0.1368 0.0711 
 310 0.0038 0.0038 0.0117 0.0705 0.0570 0.0903 0.1514 0.2899 0.2578 0.0638 
 311 0.0040 0.0039 0.0117 0.2505 0.0595 0.0880 0.1504 0.1288 0.2392 0.0639 
 312 0.0038 0.0040 0.0126 0.2950 0.0718 0.0799 0.0992 0.2189 0.1497 0.0650 
 313 0.0041 0.0043 0.0122 0.1194 0.0649 0.0796 0.0974 0.4434 0.1027 0.0721 
 314 0.0043 0.0233 0.0116 0.0340 0.0505 0.0759 0.1815 0.1185 0.4252 0.0752 
 315 0.0038 0.0222 0.0089 0.0346 0.0519 0.0856 0.1451 0.1172 0.4179 0.1128 
 316 0.0065 0.0503 0.0106 0.0399 0.0557 0.0927 0.1080 0.0865 0.4171 0.1328 
 317 0.0046 0.0213 0.0114 0.0344 0.0519 0.0786 0.1466 0.0836 0.4889 0.0787 
 318 0.0046 0.0423 0.0101 0.0348 0.0525 0.0835 0.1050 0.0687 0.5157 0.0827 
 319 0.0042 0.0038 0.0090 0.0351 0.0507 0.0743 0.1625 0.0886 0.4996 0.0721 
 320 0.0044 0.0241 0.0117 0.0344 0.0511 0.0755 0.1808 0.1183 0.4239 0.0756 
 321 0.0044 0.0506 0.0114 0.0352 0.0524 0.0845 0.1580 0.0771 0.4434 0.0830 
 322 0.0067 0.0218 0.0118 0.0385 0.0559 0.0866 0.1542 0.1130 0.3874 0.1241 
 323 0.0124 0.0215 0.0091 0.0372 0.0531 0.0867 0.1266 0.0744 0.5022 0.0767 
 324 0.0046 0.0506 0.0117 0.0355 0.0530 0.0840 0.1593 0.0768 0.4421 0.0823 
 325 0.0046 0.0679 0.0102 0.0355 0.0538 0.0913 0.1013 0.0816 0.4255 0.1282 
 326 0.0054 0.2840 0.0099 0.0376 0.0546 0.0856 0.1168 0.0787 0.2176 0.1098 
 327 0.0045 0.0223 0.0116 0.0347 0.0518 0.0783 0.1486 0.0832 0.4856 0.0793 
 328 0.0042 0.0235 0.0096 0.0367 0.0536 0.0881 0.1684 0.1031 0.3914 0.1214 
 329 0.0039 0.0064 0.0083 0.0338 0.0512 0.0800 0.1580 0.0678 0.5139 0.0767 
 330 0.0045 0.0213 0.0114 0.0349 0.0518 0.0787 0.1461 0.0832 0.4897 0.0783 
 331 0.0041 0.0124 0.0085 0.0356 0.0514 0.0796 0.1150 0.0727 0.5437 0.0770 
 332 0.0077 0.2718 0.0097 0.0368 0.0546 0.0890 0.1179 0.0789 0.2233 0.1102 
 333 0.0064 0.2006 0.0094 0.0394 0.0539 0.0838 0.1371 0.0900 0.2712 0.1082 
 334 0.0042 0.0234 0.0095 0.0367 0.0534 0.0879 0.1703 0.1026 0.3900 0.1220 
 335 0.0041 0.0102 0.0095 0.0341 0.0530 0.0809 0.1689 0.1039 0.4217 0.1135 
 336 0.0075 0.2339 0.0098 0.0359 0.0515 0.0830 0.1570 0.0939 0.2517 0.0758 
 337 0.0045 0.0775 0.0113 0.0356 0.0544 0.0913 0.1526 0.0928 0.3526 0.1275 
 338 0.0049 0.2114 0.0095 0.0364 0.0525 0.0848 0.1221 0.0691 0.3284 0.0809 
 339 0.0041 0.0123 0.0082 0.0356 0.0511 0.0801 0.1148 0.0728 0.5442 0.0769 
 340 0.0040 0.0069 0.0082 0.0347 0.0504 0.0741 0.1099 0.0776 0.5614 0.0727 
 341 0.0085 0.1027 0.0107 0.0399 0.0531 0.0800 0.1365 0.0778 0.4132 0.0776 
 342 0.0045 0.0216 0.0112 0.0350 0.0516 0.0782 0.1484 0.0835 0.4871 0.0788 
 343 0.0109 0.0377 0.0107 0.0356 0.0536 0.0886 0.2446 0.1292 0.2827 0.1064 
 344 0.0041 0.0124 0.0086 0.0342 0.0520 0.0805 0.1204 0.0681 0.5438 0.0759 
 345 0.0046 0.0209 0.0116 0.0346 0.0517 0.0791 0.1470 0.0836 0.4889 0.0780 
 346 0.0045 0.0197 0.0101 0.0344 0.0519 0.0779 0.1018 0.0740 0.5481 0.0777 
 347 0.0039 0.0069 0.0082 0.0332 0.0508 0.0741 0.1178 0.0725 0.5594 0.0732 
 348 0.0038 0.0111 0.0098 0.0336 0.0516 0.0776 0.2019 0.1477 0.3604 0.1025 
 349 0.0046 0.0211 0.0115 0.0345 0.0520 0.0781 0.1482 0.0831 0.4883 0.0787 
 350 0.0039 0.0068 0.0085 0.0349 0.0506 0.0772 0.1429 0.1056 0.4960 0.0736 
 351 0.0042 0.0103 0.0093 0.0343 0.0527 0.0812 0.1710 0.1030 0.4209 0.1131 
 352 0.0046 0.0325 0.0116 0.0353 0.0537 0.0852 0.1427 0.1053 0.4056 0.1235 
 353 0.0076 0.2322 0.0099 0.0358 0.0519 0.0829 0.1567 0.0946 0.2526 0.0759 
 354 0.0064 0.0212 0.0103 0.0386 0.0530 0.0836 0.1377 0.0714 0.4980 0.0799 
 355 0.0044 0.0438 0.0102 0.0350 0.0523 0.0844 0.1051 0.0694 0.5135 0.0820 
 356 0.0036 0.0048 0.0091 0.0334 0.0509 0.0764 0.2806 0.1442 0.2963 0.1006 
 357 0.0040 0.0049 0.0093 0.0415 0.0573 0.1583 0.1004 0.0927 0.3490 0.1828 
 358 0.0043 0.1663 0.0089 0.0362 0.0537 0.0874 0.1403 0.0805 0.3099 0.1125 
 359 0.0042 0.1215 0.0087 0.0372 0.0524 0.0824 0.1343 0.0749 0.4062 0.0780 
 360 0.0046 0.0189 0.0101 0.0340 0.0518 0.0777 0.1002 0.0736 0.5510 0.0782 
 361 0.0040 0.0048 0.0106 0.0422 0.0578 0.1558 0.1568 0.1126 0.2729 0.1824 
 362 0.0045 0.0096 0.0119 0.1332 0.0953 0.1229 0.1022 0.1364 0.1228 0.2610 
 363 0.0057 0.0066 0.0133 0.1181 0.1562 0.1732 0.0978 0.1300 0.0895 0.2096 
 364 0.0105 0.0081 0.0160 0.0586 0.0883 0.2177 0.1885 0.1223 0.1900 0.0999 
 365 0.0121 0.0081 0.0268 0.0562 0.0871 0.2291 0.1038 0.1221 0.1014 0.2534 
 366 0.0053 0.0067 0.0154 0.0675 0.0624 0.1944 0.1408 0.2155 0.1412 0.1508 
 367 0.0043 0.0044 0.0115 0.0673 0.2989 0.1169 0.0742 0.0810 0.0757 0.2659 
 368 0.0042 0.0044 0.0114 0.2062 0.1403 0.1563 0.1134 0.1210 0.1095 0.1333 
 369 0.0054 0.0114 0.0160 0.0689 0.0695 0.2008 0.2856 0.1373 0.1136 0.0915 
 370 0.0093 0.0141 0.0186 0.1298 0.1789 0.1669 0.1216 0.1473 0.1094 0.1042 
 371 0.0074 0.0174 0.0155 0.1109 0.0801 0.2811 0.1365 0.1355 0.1275 0.0881 
 372 0.0234 0.0183 0.0292 0.2370 0.1134 0.0914 0.1134 0.1429 0.1309 0.1000 
 373 0.0044 0.0046 0.0139 0.0960 0.2147 0.1372 0.1555 0.1038 0.1327 0.1373 
 374 0.0056 0.0053 0.0218 0.0589 0.1052 0.1988 0.2121 0.1015 0.1610 0.1298 
 375 0.0105 0.0079 0.0161 0.1592 0.1386 0.2781 0.0860 0.0870 0.0860 0.1306 
 376 0.0786 0.0067 0.0141 0.0467 0.1073 0.2446 0.0929 0.0805 0.0824 0.2462 
 377 0.0057 0.0131 0.0152 0.0866 0.0918 0.1633 0.0901 0.2076 0.1245 0.2023 
 378 0.0048 0.0100 0.0141 0.0469 0.2726 0.0863 0.1063 0.1206 0.2086 0.1297 
 379 0.1389 0.0095 0.0179 0.0511 0.1295 0.2213 0.0863 0.0932 0.0737 0.1785 
 380 0.0083 0.0103 0.0152 0.0634 0.0607 0.1399 0.1962 0.1112 0.1406 0.2541 
 381 0.0068 0.0060 0.0140 0.0427 0.0565 0.2692 0.2310 0.1286 0.1126 0.1326 
 382 0.0040 0.0067 0.0100 0.0582 0.1322 0.3607 0.0824 0.0895 0.1044 0.1518 
 383 0.0091 0.1728 0.0126 0.0675 0.0636 0.1809 0.0905 0.0912 0.1192 0.1926 
 384 0.0295 0.0498 0.0222 0.0647 0.1042 0.2638 0.1026 0.0885 0.1477 0.1269 
 385 0.0058 0.0850 0.1369 0.0578 0.0890 0.1839 0.1029 0.0926 0.1499 0.0961 
 386 0.0037 0.0039 0.0101 0.0757 0.1467 0.1894 0.0969 0.1059 0.0906 0.2770 
 387 0.0040 0.0044 0.0120 0.0461 0.1420 0.2262 0.0798 0.1140 0.1192 0.2524 
 388 0.0115 0.0087 0.0282 0.0693 0.1071 0.2212 0.1390 0.0897 0.1922 0.1331 
 389 0.0086 0.0179 0.0417 0.0650 0.0973 0.1462 0.0930 0.3487 0.1000 0.0815 
 390 0.0161 0.0174 0.0229 0.0540 0.1788 0.1210 0.1140 0.1421 0.0790 0.2546 
 391 0.0102 0.0104 0.0491 0.0589 0.1701 0.1397 0.1504 0.1720 0.1105 0.1289 
 392 0.0056 0.0046 0.0100 0.0664 0.1218 0.1729 0.1074 0.1235 0.1688 0.2190 
 393 0.0064 0.0062 0.0145 0.0425 0.0668 0.1224 0.1510 0.1059 0.1273 0.3570 
 394 0.0041 0.0098 0.0091 0.0639 0.1267 0.1001 0.1148 0.1051 0.2232 0.2431 
 395 0.0036 0.0039 0.0100 0.0696 0.1133 0.1113 0.0890 0.2414 0.1082 0.2496 
 396 0.0043 0.0037 0.0109 0.1082 0.1802 0.2819 0.0802 0.1060 0.0754 0.1492 
 397 0.0409 0.0048 0.0100 0.1017 0.0696 0.2186 0.1517 0.1584 0.1657 0.0786 
 398 0.0335 0.0047 0.0100 0.0498 0.1587 0.1052 0.0837 0.0912 0.0795 0.3836 
 399 0.0041 0.0094 0.0151 0.0496 0.3285 0.1073 0.0990 0.1366 0.0930 0.1573 
 400 0.0049 0.0042 0.0123 0.0474 0.1841 0.2342 0.1447 0.0920 0.1019 0.1744 
 401 0.0040 0.0042 0.0127 0.0513 0.2322 0.0846 0.1175 0.1622 0.1226 0.2086 
 402 0.0049 0.0049 0.0133 0.0851 0.1538 0.1588 0.1183 0.1870 0.1253 0.1485 
 403 0.0051 0.0049 0.0257 0.0497 0.0929 0.1190 0.1340 0.1205 0.3091 0.1391 
 404 0.0054 0.0040 0.0186 0.1154 0.1057 0.2659 0.1560 0.1031 0.1132 0.1128 
 405 0.0038 0.0043 0.0099 0.0862 0.0831 0.1663 0.1359 0.1491 0.1230 0.2384 
 406 0.0037 0.0044 0.0100 0.0472 0.0640 0.0975 0.1801 0.1632 0.1231 0.3068 
 407 0.0037 0.0037 0.0098 0.0631 0.0956 0.2104 0.0880 0.0913 0.0749 0.3594 
 408 0.0035 0.0039 0.0103 0.0898 0.2675 0.0837 0.0825 0.2602 0.0697 0.1290 
 409 0.0080 0.0077 0.0150 0.0490 0.0708 0.0895 0.3515 0.0929 0.1058 0.2098 
 410 0.0603 0.0078 0.0163 0.0555 0.1593 0.1343 0.1142 0.1179 0.1292 0.2052 
 411 0.0090 0.0162 0.0105 0.0607 0.1026 0.2782 0.1022 0.1354 0.1472 0.1380 
 412 0.0041 0.0043 0.0108 0.2203 0.1363 0.1658 0.1013 0.1039 0.1023 0.1509 
 413 0.0041 0.0085 0.0099 0.1073 0.1534 0.1255 0.0991 0.1091 0.1951 0.1879 
 414 0.0038 0.0078 0.0162 0.1533 0.2124 0.2324 0.0664 0.1046 0.0863 0.1168 
 415 0.0046 0.0041 0.0116 0.0539 0.1149 0.2096 0.1307 0.1561 0.0854 0.2291 
 416 0.0050 0.0045 0.0274 0.0756 0.1693 0.1412 0.1858 0.1184 0.1056 0.1672 
 417 0.0048 0.0057 0.0107 0.1009 0.1015 0.1212 0.0978 0.0859 0.0821 0.3895 
 418 0.0050 0.0041 0.0103 0.1205 0.2580 0.1911 0.0867 0.0853 0.0861 0.1528 
 419 0.0085 0.0077 0.0262 0.0559 0.1131 0.1415 0.1592 0.1264 0.1710 0.1904 
 420 0.0035 0.0039 0.0121 0.0507 0.2312 0.0881 0.1307 0.2068 0.0779 0.1952 
 421 0.0048 0.0053 0.0114 0.1707 0.1412 0.1057 0.1127 0.1005 0.0834 0.2642 
 422 0.0050 0.0043 0.0116 0.0999 0.0744 0.0939 0.1087 0.2208 0.0991 0.2823 
 423 0.0056 0.0046 0.0108 0.0992 0.1121 0.2070 0.0849 0.1312 0.1389 0.2058 
 424 0.0062 0.0071 0.0281 0.0391 0.1705 0.1114 0.1214 0.1657 0.1161 0.2345 
 425 0.0129 0.0075 0.0381 0.0534 0.0973 0.2739 0.0974 0.1266 0.1573 0.1356 
 426 0.0226 0.0262 0.0292 0.0597 0.1673 0.1355 0.1225 0.1184 0.1267 0.1919 
 427 0.0043 0.0079 0.0094 0.0385 0.1283 0.1061 0.0753 0.0782 0.1617 0.3903 
 428 0.0149 0.0059 0.0117 0.0540 0.0671 0.0877 0.1323 0.1401 0.1676 0.3188 
 429 0.0047 0.0040 0.0097 0.0784 0.1858 0.2121 0.0780 0.0791 0.0754 0.2728 
 430 0.0042 0.0048 0.0112 0.1097 0.0765 0.1095 0.0942 0.0817 0.0817 0.4263 
 431 0.0081 0.0106 0.0206 0.0574 0.1946 0.1720 0.0992 0.1495 0.1574 0.1307 
 432 0.0042 0.0042 0.0110 0.1453 0.1564 0.1416 0.1237 0.1358 0.1153 0.1624 
 433 0.0062 0.0054 0.0104 0.0590 0.0962 0.1418 0.1824 0.1823 0.2186 0.0976 
 434 0.0044 0.0045 0.0123 0.1424 0.0739 0.2041 0.1861 0.1126 0.1252 0.1346 
 435 0.0039 0.0041 0.0090 0.0488 0.0924 0.0975 0.0761 0.0920 0.0772 0.4992 
 436 0.0058 0.0051 0.0123 0.0288 0.1514 0.1261 0.1302 0.0852 0.0940 0.3612 
 437 0.0052 0.0046 0.0090 0.0582 0.0767 0.3836 0.0838 0.1054 0.0875 0.1860 
 438 0.0046 0.0060 0.0113 0.0402 0.1059 0.0752 0.1640 0.1278 0.0923 0.3728 
 439 0.0040 0.0043 0.0102 0.0326 0.0850 0.1028 0.1025 0.0725 0.0863 0.4998 
 440 0.0035 0.0039 0.0104 0.0376 0.1320 0.1486 0.0685 0.0945 0.0691 0.4318 
 441 0.0040 0.0049 0.0115 0.0495 0.0719 0.1204 0.1469 0.0850 0.1166 0.3894 
 442 0.0051 0.0038 0.0231 0.0581 0.1581 0.2558 0.1168 0.1225 0.0772 0.1796 
 443 0.0040 0.0045 0.0146 0.0325 0.2397 0.0954 0.0898 0.2061 0.0722 0.2412 
 444 0.0050 0.0041 0.0228 0.0500 0.1231 0.2422 0.1079 0.1324 0.0771 0.2354 
 445 0.0321 0.0051 0.0125 0.0423 0.0702 0.1131 0.2308 0.1097 0.1001 0.2839 
 446 0.0380 0.0055 0.0111 0.0346 0.1892 0.0984 0.0957 0.0684 0.0817 0.3774 
 447 0.0050 0.0049 0.0289 0.0384 0.0906 0.1177 0.1465 0.1090 0.1130 0.3462 
 448 0.0039 0.0044 0.0108 0.0566 0.0948 0.1711 0.0940 0.1137 0.0860 0.3648 
 449 0.0042 0.0045 0.0112 0.0488 0.0841 0.1704 0.1247 0.1126 0.1134 0.3261 
 450 0.0054 0.0047 0.0137 0.0427 0.1011 0.3023 0.1334 0.0701 0.1210 0.2056 
 451 0.0042 0.0043 0.0109 0.0707 0.2638 0.1513 0.0697 0.1605 0.0704 0.1941 
 452 0.0047 0.0044 0.0106 0.0407 0.1306 0.1838 0.1222 0.0812 0.1221 0.2998 
 453 0.0039 0.0048 0.0179 0.0503 0.1105 0.0941 0.1893 0.2621 0.0865 0.1805 
 454 0.0040 0.0089 0.0097 0.0477 0.0911 0.1601 0.1059 0.1054 0.1319 0.3353 
 455 0.0041 0.0051 0.0107 0.0319 0.1084 0.1063 0.1036 0.1058 0.0730 0.4511 
 456 0.0047 0.0042 0.0132 0.0347 0.1095 0.1594 0.0941 0.2125 0.0739 0.2938 
 457 0.0046 0.0043 0.0096 0.0460 0.0712 0.2506 0.1001 0.0951 0.0873 0.3311 
 458 0.0335 0.0049 0.0122 0.0437 0.1066 0.1241 0.1157 0.0798 0.0881 0.3914 
 459 0.0040 0.0045 0.0116 0.0303 0.1098 0.0966 0.1443 0.0742 0.1068 0.4180 
 460 0.0038 0.0045 0.0113 0.0333 0.1559 0.0964 0.0827 0.0808 0.0778 0.4536 
 461 0.0051 0.0044 0.0121 0.0371 0.2887 0.1644 0.0899 0.0689 0.0823 0.2470 
 462 0.0069 0.0056 0.0679 0.0792 0.1122 0.1997 0.0775 0.1428 0.0660 0.2422 
 463 0.0037 0.0046 0.0110 0.0478 0.0628 0.0888 0.1333 0.2164 0.0896 0.3420 
 464 0.0035 0.0042 0.0099 0.0354 0.1752 0.0935 0.0927 0.1318 0.0726 0.3811 
 465 0.0055 0.0046 0.0127 0.0481 0.1592 0.1230 0.1212 0.1377 0.0832 0.3047 
 466 0.0036 0.0041 0.0101 0.0462 0.1247 0.0967 0.1008 0.2065 0.0738 0.3335 
 467 0.0044 0.0054 0.0153 0.0668 0.0922 0.1244 0.1341 0.1200 0.1002 0.3372 
 468 0.0043 0.0042 0.0097 0.0383 0.0656 0.1793 0.0936 0.1318 0.0722 0.4012 
 469 0.0038 0.0043 0.0098 0.0325 0.0632 0.0881 0.0819 0.0677 0.0776 0.5712 
 470 0.0038 0.0041 0.0086 0.0358 0.1197 0.0884 0.0772 0.0832 0.0775 0.5020 
 471 0.0045 0.0040 0.0171 0.0476 0.1609 0.1582 0.1025 0.2310 0.0874 0.1868 
 472 0.0047 0.0045 0.0141 0.0486 0.1013 0.2055 0.1443 0.1620 0.0783 0.2366 
 473 0.0039 0.0048 0.0099 0.0724 0.0733 0.1646 0.1219 0.1364 0.1139 0.2989 
 474 0.0041 0.0042 0.0108 0.0393 0.1297 0.1740 0.1448 0.1182 0.1072 0.2677 
 475 0.0043 0.0044 0.0110 0.0500 0.1630 0.1110 0.1620 0.1130 0.1091 0.2721 
 476 0.0053 0.0048 0.0115 0.0342 0.1079 0.2768 0.1198 0.1067 0.0802 0.2527 
 477 0.0052 0.0052 0.0187 0.0383 0.1731 0.1242 0.1471 0.1287 0.0955 0.2641 
 478 0.0056 0.0051 0.0214 0.0368 0.3503 0.0950 0.0801 0.0917 0.0783 0.2357 
 479 0.0038 0.0042 0.0103 0.0362 0.1056 0.1555 0.0769 0.0821 0.0780 0.4475 
 480 0.0045 0.0044 0.0091 0.0361 0.0907 0.2385 0.0909 0.0837 0.0865 0.3556 
 481 0.0043 0.0038 0.0173 0.0760 0.1104 0.2269 0.0983 0.1768 0.0865 0.1996 
 482 0.0048 0.0041 0.0095 0.0371 0.1552 0.2154 0.0830 0.0777 0.0791 0.3342 
 483 0.0043 0.0054 0.0100 0.0337 0.1229 0.1044 0.1057 0.0757 0.0882 0.4496 
 484 0.0043 0.0047 0.0146 0.0380 0.0679 0.0883 0.1011 0.1780 0.0818 0.4213 
 485 0.0043 0.0053 0.0100 0.0328 0.1147 0.0874 0.0819 0.0809 0.0783 0.5044 
 486 0.0061 0.0052 0.0210 0.0433 0.1344 0.1698 0.1068 0.3166 0.1017 0.0950 
 487 0.0063 0.0054 0.0209 0.0463 0.1015 0.2087 0.1281 0.1970 0.1835 0.1021 
 488 0.0061 0.0053 0.0478 0.0514 0.1558 0.1485 0.0792 0.2165 0.1853 0.1041 
 489 0.0057 0.0055 0.0126 0.0596 0.0693 0.2652 0.2339 0.1601 0.1138 0.0743 
 490 0.0047 0.0042 0.0150 0.0394 0.2250 0.1818 0.0863 0.2512 0.0773 0.1151 
 491 0.0061 0.0047 0.0318 0.0784 0.0789 0.1657 0.1866 0.2084 0.1560 0.0834 
 492 0.0043 0.0051 0.0304 0.0413 0.1719 0.0984 0.1314 0.1836 0.2385 0.0951 
 493 0.0066 0.0053 0.0347 0.0613 0.1016 0.2146 0.0677 0.2776 0.1564 0.0742 
 494 0.0129 0.0046 0.0302 0.0468 0.0932 0.1941 0.1722 0.2110 0.1426 0.0925 
 495 0.0138 0.0057 0.0753 0.0368 0.1932 0.1370 0.1190 0.1515 0.1894 0.0783 
 496 0.0043 0.0049 0.0092 0.0590 0.0767 0.1216 0.2971 0.1666 0.1578 0.1029 
 497 0.0103 0.0074 0.0561 0.0781 0.0707 0.1959 0.1048 0.1824 0.2097 0.0845 
 498 0.0075 0.0056 0.0344 0.0604 0.1401 0.2270 0.1928 0.1547 0.0834 0.0940 
 499 0.0101 0.0057 0.0149 0.0470 0.0697 0.1718 0.1560 0.1921 0.2429 0.0899 
 500 0.0076 0.0046 0.0125 0.0470 0.0736 0.2952 0.0865 0.2364 0.1409 0.0956 
 501 0.0062 0.0042 0.0145 0.0515 0.1023 0.2146 0.1766 0.1221 0.1837 0.1243 
 502 0.0057 0.0043 0.0257 0.0476 0.1737 0.1411 0.1924 0.0999 0.1953 0.1143 
 503 0.0046 0.0041 0.0108 0.0724 0.1003 0.2834 0.1134 0.1510 0.1016 0.1584 
 504 0.0059 0.0046 0.0542 0.0511 0.2018 0.1323 0.1321 0.2065 0.0960 0.1156 
 505 0.0054 0.0042 0.0157 0.0503 0.1006 0.1204 0.1854 0.3112 0.1243 0.0825 
 506 0.0048 0.0042 0.0231 0.0609 0.1907 0.1209 0.2036 0.1323 0.1755 0.0838 
 507 0.0047 0.0047 0.0095 0.0463 0.0539 0.0817 0.2574 0.1746 0.2915 0.0757 
 508 0.0081 0.0061 0.0146 0.0396 0.0645 0.0833 0.2405 0.1861 0.2869 0.0702 
 509 0.0049 0.0041 0.0136 0.0538 0.0853 0.1078 0.1548 0.2641 0.2173 0.0942 
 510 0.0080 0.0043 0.0115 0.0512 0.0874 0.2324 0.1764 0.1237 0.2306 0.0745 
 511 0.0069 0.0045 0.0200 0.0552 0.1690 0.1989 0.1320 0.1546 0.1029 0.1559 
 512 0.0052 0.0038 0.0152 0.0498 0.1692 0.3248 0.0828 0.1175 0.0879 0.1440 
 513 0.0064 0.0055 0.2061 0.0527 0.1182 0.0800 0.0990 0.2537 0.1175 0.0609 
 514 0.0049 0.0074 0.0115 0.0816 0.2707 0.1056 0.0976 0.1338 0.1546 0.1323 
 515 0.0066 0.0049 0.0149 0.0373 0.0718 0.1345 0.0973 0.1815 0.2183 0.2329 
 516 0.0058 0.0049 0.0140 0.0778 0.1727 0.1008 0.1520 0.2595 0.1079 0.1048 
 517 0.0049 0.0050 0.0105 0.0587 0.0946 0.0868 0.1380 0.1827 0.1859 0.2329 
 518 0.0333 0.0047 0.0103 0.0780 0.0787 0.2487 0.1036 0.1163 0.2445 0.0818 
 519 0.0045 0.0044 0.0165 0.0510 0.2638 0.1090 0.1519 0.1283 0.1227 0.1480 
 520 0.0049 0.0051 0.0102 0.0443 0.0563 0.0809 0.1614 0.1580 0.2284 0.2505 
 521 0.0044 0.0843 0.0101 0.0892 0.1260 0.1051 0.1264 0.1489 0.2104 0.0952 
 522 0.0100 0.0054 0.0129 0.0525 0.0853 0.2276 0.0760 0.2447 0.1340 0.1516 
 523 0.0055 0.0116 0.0107 0.0465 0.0940 0.0823 0.1693 0.2392 0.1788 0.1623 
 524 0.0051 0.0051 0.0097 0.0704 0.0753 0.0844 0.0914 0.1428 0.1676 0.3481 
 525 0.0451 0.0060 0.0107 0.0577 0.0592 0.1207 0.1458 0.1476 0.2290 0.1783 
 526 0.0041 0.0046 0.0097 0.0496 0.0558 0.0758 0.1476 0.2022 0.1097 0.3410 
