   1 0.2857 0.0964 0.2944 0.3235 
   2 0.8152 0.0301 0.0615 0.0933 
   3 0.1617 0.0722 0.5358 0.2304 
   4 0.1783 0.0453 0.0641 0.7123 
   5 0.8186 0.0308 0.0742 0.0765 
   6 0.1534 0.0181 0.7659 0.0626 
   7 0.7543 0.0149 0.1733 0.0576 
   8 0.2733 0.0333 0.2916 0.4018 
   9 0.4304 0.0476 0.3501 0.1720 
  10 0.4406 0.0160 0.3388 0.2047 
  11 0.6682 0.0176 0.2530 0.0612 
  12 0.7358 0.0339 0.0938 0.1364 
  13 0.6951 0.0250 0.1511 0.1288 
  14 0.4382 0.1643 0.1664 0.2312 
  15 0.5341 0.0465 0.1268 0.2926 
  16 0.2944 0.0340 0.5709 0.1007 
  17 0.5739 0.0373 0.2733 0.1155 
  18 0.2785 0.0307 0.4364 0.2544 
  19 0.3928 0.0195 0.4906 0.0971 
  20 0.6892 0.0528 0.1569 0.1011 
  21 0.3227 0.1098 0.1809 0.3866 
  22 0.1572 0.0255 0.7001 0.1171 
  23 0.3487 0.2321 0.0858 0.3334 
  24 0.2629 0.0408 0.3833 0.3130 
  25 0.7431 0.0234 0.1845 0.0491 
  26 0.4414 0.0453 0.2932 0.2201 
  27 0.5100 0.0688 0.2615 0.1598 
  28 0.3671 0.0281 0.2200 0.3849 
  29 0.7456 0.0507 0.1031 0.1006 
  30 0.1466 0.0420 0.7160 0.0954 
  31 0.5506 0.0531 0.1793 0.2171 
  32 0.4007 0.0571 0.2538 0.2884 
  33 0.2095 0.1114 0.4565 0.2225 
  34 0.4509 0.0207 0.4385 0.0898 
  35 0.3472 0.1990 0.3569 0.0970 
  36 0.1130 0.5530 0.2484 0.0856 
  37 0.4385 0.0595 0.1188 0.3832 
  38 0.1503 0.1233 0.6796 0.0469 
  39 0.2971 0.1195 0.4994 0.0841 
  40 0.1360 0.4818 0.1324 0.2498 
  41 0.1361 0.4973 0.3058 0.0608 
  42 0.1188 0.3791 0.1525 0.3496 
  43 0.3144 0.4228 0.0899 0.1730 
  44 0.1300 0.5740 0.2470 0.0490 
  45 0.2912 0.3451 0.3020 0.0617 
  46 0.3587 0.1034 0.4739 0.0639 
  47 0.3869 0.0473 0.4036 0.1622 
  48 0.1032 0.6118 0.2336 0.0513 
  49 0.3650 0.1747 0.3435 0.1168 
  50 0.3332 0.0606 0.4706 0.1356 
  51 0.0648 0.8396 0.0540 0.0417 
  52 0.2739 0.1112 0.5205 0.0945 
  53 0.1150 0.0523 0.7384 0.0943 
  54 0.6044 0.0979 0.0945 0.2033 
  55 0.3196 0.5047 0.0840 0.0916 
  56 0.1700 0.3642 0.3351 0.1307 
  57 0.4801 0.0184 0.2410 0.2605 
  58 0.3556 0.3604 0.1641 0.1199 
  59 0.2582 0.3309 0.3277 0.0833 
  60 0.1267 0.5750 0.0959 0.2024 
  61 0.2678 0.4607 0.0434 0.2281 
  62 0.5388 0.0456 0.3175 0.0982 
  63 0.4209 0.2494 0.1417 0.1879 
  64 0.2148 0.0334 0.6866 0.0653 
  65 0.8171 0.0305 0.1087 0.0438 
  66 0.4829 0.1015 0.0690 0.3465 
  67 0.5187 0.3152 0.0760 0.0901 
  68 0.2572 0.3039 0.3243 0.1146 
  69 0.2185 0.1405 0.4726 0.1685 
  70 0.1899 0.5805 0.1285 0.1011 
  71 0.2157 0.5574 0.1850 0.0419 
  72 0.2123 0.1569 0.5490 0.0818 
  73 0.5477 0.2993 0.0834 0.0696 
  74 0.1136 0.3869 0.3279 0.1716 
  75 0.1023 0.5304 0.1305 0.2368 
  76 0.5145 0.2731 0.1214 0.0910 
  77 0.1979 0.5524 0.2021 0.0475 
  78 0.1441 0.4974 0.3036 0.0549 
  79 0.7764 0.0148 0.1396 0.0692 
  80 0.2199 0.0165 0.0952 0.6684 
  81 0.3412 0.0141 0.1344 0.5103 
  82 0.6762 0.0737 0.0650 0.1850 
  83 0.3233 0.0395 0.2362 0.4010 
  84 0.4993 0.0246 0.1611 0.3150 
  85 0.2713 0.0318 0.2300 0.4669 
  86 0.6439 0.1199 0.1461 0.0901 
  87 0.7589 0.0293 0.1305 0.0813 
  88 0.5562 0.0280 0.0698 0.3459 
  89 0.3526 0.0200 0.0726 0.5549 
  90 0.8326 0.0169 0.0730 0.0775 
  91 0.1747 0.0340 0.1248 0.6664 
  92 0.7410 0.0209 0.0993 0.1388 
  93 0.0922 0.0178 0.0455 0.8445 
  94 0.3510 0.0284 0.5557 0.0648 
  95 0.7485 0.0221 0.0564 0.1730 
  96 0.1940 0.4608 0.0439 0.3012 
  97 0.1610 0.3097 0.2252 0.3042 
  98 0.3045 0.3827 0.1541 0.1587 
  99 0.5908 0.0190 0.1132 0.2770 
 100 0.1235 0.0254 0.0372 0.8139 
 101 0.7107 0.0509 0.0847 0.1537 
 102 0.3498 0.0873 0.1136 0.4493 
 103 0.5947 0.0494 0.0541 0.3019 
 104 0.7800 0.0479 0.0715 0.1006 
 105 0.7315 0.0463 0.0443 0.1778 
 106 0.6206 0.0355 0.3105 0.0334 
 107 0.6991 0.0482 0.0621 0.1906 
 108 0.1872 0.6520 0.1041 0.0568 
 109 0.7614 0.0441 0.1580 0.0366 
 110 0.6274 0.0238 0.3062 0.0426 
 111 0.8759 0.0230 0.0552 0.0458 
 112 0.7871 0.0337 0.1424 0.0369 
 113 0.5445 0.1354 0.1655 0.1545 
 114 0.7762 0.0341 0.0651 0.1246 
 115 0.7354 0.1361 0.0643 0.0642 
 116 0.5552 0.1491 0.2554 0.0404 
 117 0.7281 0.0413 0.1759 0.0548 
 118 0.8214 0.0533 0.0599 0.0654 
 119 0.1812 0.4801 0.0681 0.2707 
 120 0.8144 0.0440 0.0781 0.0634 
 121 0.6876 0.1861 0.0735 0.0528 
 122 0.6937 0.0280 0.2316 0.0467 
 123 0.7625 0.0402 0.1270 0.0704 
 124 0.4702 0.1121 0.3596 0.0581 
 125 0.3286 0.0764 0.5311 0.0640 
 126 0.5612 0.1286 0.2291 0.0812 
 127 0.8643 0.0253 0.0579 0.0525 
 128 0.8381 0.0503 0.0487 0.0628 
 129 0.8780 0.0300 0.0420 0.0501 
 130 0.7602 0.0258 0.0715 0.1425 
 131 0.3786 0.1723 0.3999 0.0492 
 132 0.7807 0.0338 0.1428 0.0427 
 133 0.7955 0.0584 0.0714 0.0747 
 134 0.7352 0.0174 0.2184 0.0291 
 135 0.1680 0.1490 0.0516 0.6314 
 136 0.0896 0.0163 0.0519 0.8422 
 137 0.1353 0.0152 0.0420 0.8076 
 138 0.0679 0.0242 0.0522 0.8557 
 139 0.2003 0.1873 0.0744 0.5380 
 140 0.2372 0.0801 0.1181 0.5646 
 141 0.1015 0.0264 0.0934 0.7787 
 142 0.1392 0.1797 0.0465 0.6346 
 143 0.0623 0.0166 0.0327 0.8885 
 144 0.1285 0.0172 0.0385 0.8158 
 145 0.1454 0.0391 0.1111 0.7044 
 146 0.2770 0.0501 0.1084 0.5644 
 147 0.0634 0.0136 0.0383 0.8847 
 148 0.1937 0.0524 0.0623 0.6916 
 149 0.0816 0.0426 0.0586 0.8172 
 150 0.2504 0.0230 0.0532 0.6734 
 151 0.0973 0.0205 0.0421 0.8400 
 152 0.1757 0.0968 0.0868 0.6406 
 153 0.0957 0.0471 0.0731 0.7841 
 154 0.1025 0.0297 0.0492 0.8186 
 155 0.0821 0.0191 0.0379 0.8610 
 156 0.1207 0.1004 0.0346 0.7442 
 157 0.1923 0.0249 0.0782 0.7046 
 158 0.1316 0.0293 0.1107 0.7284 
 159 0.0692 0.0144 0.0361 0.8803 
 160 0.0736 0.0144 0.0362 0.8758 
 161 0.1344 0.0373 0.0889 0.7395 
 162 0.3266 0.0586 0.1143 0.5005 
 163 0.0756 0.0281 0.0360 0.8603 
 164 0.3736 0.0324 0.0781 0.5160 
 165 0.2201 0.0210 0.0474 0.7115 
 166 0.2125 0.0637 0.1110 0.6128 
 167 0.2081 0.0241 0.0715 0.6963 
 168 0.0958 0.0469 0.0980 0.7594 
 169 0.1244 0.0508 0.4143 0.4105 
 170 0.1063 0.0554 0.0407 0.7976 
 171 0.1855 0.0478 0.0924 0.6743 
 172 0.0802 0.1796 0.1876 0.5526 
 173 0.0772 0.0182 0.0349 0.8696 
 174 0.0935 0.0152 0.0462 0.8451 
 175 0.0706 0.0204 0.0472 0.8618 
 176 0.1292 0.0178 0.0380 0.8150 
 177 0.2456 0.0373 0.1530 0.5641 
 178 0.1179 0.0168 0.0674 0.7979 
 179 0.0623 0.0143 0.0359 0.8875 
 180 0.1876 0.0439 0.1054 0.6630 
 181 0.1155 0.0457 0.0645 0.7743 
 182 0.1040 0.0301 0.0336 0.8323 
 183 0.0702 0.0173 0.0388 0.8737 
 184 0.6883 0.0591 0.1299 0.1226 
 185 0.0711 0.0823 0.0316 0.8150 
 186 0.7916 0.0354 0.0841 0.0889 
 187 0.3369 0.0519 0.0837 0.5274 
 188 0.8403 0.0331 0.0627 0.0639 
 189 0.1759 0.0627 0.3288 0.4327 
 190 0.0937 0.5452 0.0271 0.3340 
 191 0.6480 0.0382 0.0602 0.2536 
 192 0.4370 0.0363 0.0877 0.4390 
 193 0.4086 0.0941 0.1078 0.3895 
 194 0.4677 0.0845 0.0699 0.3778 
 195 0.1013 0.0566 0.0334 0.8087 
 196 0.1839 0.4468 0.0463 0.3230 
 197 0.5270 0.0671 0.1817 0.2241 
 198 0.4687 0.0821 0.1789 0.2704 
 199 0.2253 0.3736 0.0479 0.3532 
 200 0.2570 0.3697 0.1023 0.2710 
 201 0.1156 0.0492 0.0441 0.7911 
 202 0.1390 0.0835 0.0338 0.7437 
 203 0.1292 0.0383 0.0380 0.7945 
 204 0.2305 0.0920 0.0354 0.6421 
 205 0.3962 0.2535 0.0832 0.2671 
 206 0.3021 0.0729 0.0442 0.5808 
 207 0.5977 0.1514 0.0402 0.2107 
 208 0.2417 0.2248 0.0481 0.4854 
 209 0.5250 0.0784 0.0754 0.3213 
 210 0.3098 0.0750 0.0481 0.5671 
 211 0.3858 0.3778 0.0339 0.2024 
 212 0.1061 0.0426 0.0574 0.7939 
 213 0.4921 0.2432 0.0769 0.1877 
 214 0.1157 0.0573 0.0404 0.7865 
 215 0.5346 0.2462 0.0628 0.1564 
 216 0.6581 0.0654 0.1211 0.1554 
 217 0.1126 0.0748 0.0580 0.7546 
 218 0.4387 0.0729 0.0869 0.4015 
 219 0.3052 0.0394 0.2222 0.4331 
 220 0.5874 0.0843 0.0442 0.2841 
 221 0.0658 0.0976 0.0305 0.8061 
 222 0.5037 0.0448 0.2049 0.2465 
 223 0.2394 0.0565 0.1064 0.5977 
 224 0.1910 0.0368 0.0420 0.7302 
 225 0.3343 0.1514 0.0598 0.4546 
 226 0.2172 0.1883 0.2809 0.3135 
 227 0.2648 0.1545 0.0401 0.5406 
 228 0.1169 0.1520 0.0327 0.6983 
 229 0.2069 0.0222 0.0496 0.7213 
 230 0.2629 0.0314 0.0444 0.6613 
 231 0.2314 0.0253 0.0728 0.6704 
 232 0.3389 0.0855 0.1003 0.4753 
 233 0.1060 0.0371 0.0399 0.8170 
 234 0.4480 0.0448 0.1286 0.3786 
 235 0.2294 0.1347 0.1221 0.5138 
 236 0.2416 0.0600 0.0757 0.6227 
 237 0.5155 0.0960 0.0457 0.3428 
 238 0.1518 0.0573 0.0521 0.7388 
 239 0.1034 0.0575 0.0329 0.8061 
 240 0.1531 0.0578 0.0516 0.7374 
 241 0.1122 0.0503 0.0397 0.7977 
 242 0.2792 0.0506 0.1488 0.5214 
 243 0.1591 0.4537 0.0323 0.3549 
 244 0.1511 0.0365 0.0402 0.7722 
 245 0.0887 0.0482 0.0373 0.8257 
 246 0.1135 0.0761 0.0587 0.7517 
 247 0.7254 0.0924 0.1105 0.0717 
 248 0.7033 0.1563 0.0496 0.0908 
 249 0.1933 0.0463 0.0466 0.7137 
 250 0.3670 0.0419 0.0745 0.5167 
 251 0.4461 0.1654 0.1769 0.2116 
 252 0.2761 0.0746 0.0731 0.5762 
 253 0.5478 0.1829 0.1025 0.1668 
 254 0.4965 0.0574 0.1422 0.3039 
 255 0.4266 0.0471 0.1100 0.4163 
 256 0.1758 0.1225 0.0514 0.6503 
 257 0.4267 0.1556 0.0569 0.3608 
 258 0.4606 0.2706 0.0789 0.1899 
 259 0.5935 0.0626 0.0569 0.2869 
 260 0.3418 0.0327 0.1604 0.4651 
 261 0.1675 0.1036 0.0670 0.6619 
 262 0.0841 0.2041 0.0373 0.6745 
 263 0.5925 0.0745 0.0598 0.2731 
 264 0.4025 0.0706 0.4660 0.0609 
 265 0.3365 0.1190 0.1419 0.4026 
 266 0.0736 0.0719 0.0312 0.8233 
 267 0.4194 0.0569 0.0691 0.4547 
 268 0.1895 0.4396 0.0459 0.3250 
 269 0.2466 0.0494 0.2823 0.4218 
 270 0.6694 0.0533 0.0996 0.1777 
 271 0.4609 0.3016 0.0623 0.1752 
 272 0.2289 0.4380 0.1487 0.1844 
 273 0.2421 0.1425 0.1417 0.4737 
 274 0.4299 0.1512 0.1390 0.2798 
 275 0.2616 0.1656 0.1650 0.4078 
 276 0.3003 0.4207 0.1244 0.1546 
 277 0.2821 0.0523 0.1140 0.5515 
 278 0.3091 0.4657 0.0569 0.1683 
 279 0.3651 0.0933 0.0882 0.4534 
 280 0.2681 0.1365 0.2324 0.3629 
 281 0.5285 0.1050 0.0815 0.2850 
 282 0.1936 0.0358 0.0925 0.6781 
 283 0.1389 0.0302 0.0476 0.7832 
 284 0.4131 0.1000 0.0731 0.4137 
 285 0.6257 0.2511 0.0686 0.0545 
 286 0.1562 0.0389 0.0396 0.7653 
 287 0.3620 0.0651 0.1922 0.3807 
 288 0.3279 0.1860 0.2169 0.2693 
 289 0.4515 0.2069 0.1239 0.2177 
 290 0.2675 0.3091 0.2298 0.1936 
 291 0.4636 0.2984 0.0617 0.1763 
 292 0.1751 0.2353 0.1623 0.4273 
 293 0.2797 0.2546 0.3548 0.1109 
 294 0.5387 0.1105 0.0792 0.2716 
 295 0.3798 0.2148 0.1392 0.2662 
 296 0.5117 0.1618 0.0590 0.2675 
 297 0.4101 0.0767 0.2783 0.2349 
 298 0.2942 0.0269 0.0925 0.5864 
 299 0.6288 0.0310 0.0819 0.2583 
 300 0.6066 0.1149 0.0652 0.2133 
 301 0.5464 0.0706 0.1925 0.1905 
 302 0.4590 0.2364 0.0716 0.2330 
 303 0.1711 0.0472 0.0744 0.7073 
 304 0.2960 0.0281 0.1760 0.5000 
 305 0.1221 0.0827 0.0421 0.7530 
 306 0.1277 0.0611 0.0785 0.7327 
 307 0.4504 0.0803 0.0800 0.3894 
 308 0.1684 0.0993 0.0693 0.6631 
 309 0.4727 0.2137 0.0651 0.2485 
 310 0.1494 0.1561 0.0405 0.6540 
 311 0.2626 0.0311 0.0438 0.6625 
 312 0.5752 0.1100 0.0388 0.2759 
 313 0.4466 0.4043 0.0421 0.1070 
 314 0.0557 0.0251 0.0357 0.8835 
 315 0.0674 0.0373 0.0543 0.8410 
 316 0.0699 0.0247 0.0661 0.8394 
 317 0.0570 0.0152 0.0378 0.8899 
 318 0.0564 0.0119 0.0395 0.8921 
 319 0.0647 0.0159 0.0339 0.8854 
 320 0.0557 0.0237 0.0359 0.8847 
 321 0.0590 0.0136 0.0427 0.8847 
 322 0.0714 0.0379 0.0593 0.8315 
 323 0.0583 0.0125 0.0386 0.8907 
 324 0.0578 0.0136 0.0425 0.8860 
 325 0.0665 0.0211 0.0668 0.8456 
 326 0.0650 0.0235 0.0700 0.8415 
 327 0.0578 0.0148 0.0381 0.8893 
 328 0.0772 0.0273 0.0602 0.8352 
 329 0.0584 0.0128 0.0359 0.8928 
 330 0.0576 0.0149 0.0366 0.8909 
 331 0.0594 0.0123 0.0356 0.8927 
 332 0.0688 0.0201 0.0809 0.8301 
 333 0.0687 0.0258 0.0571 0.8483 
 334 0.0752 0.0285 0.0607 0.8356 
 335 0.0713 0.0290 0.0536 0.8460 
 336 0.0563 0.0173 0.0446 0.8818 
 337 0.0718 0.0254 0.0715 0.8313 
 338 0.0565 0.0115 0.0419 0.8901 
 339 0.0598 0.0124 0.0357 0.8922 
 340 0.0576 0.0134 0.0324 0.8967 
 341 0.0613 0.0132 0.0371 0.8883 
 342 0.0572 0.0147 0.0374 0.8907 
 343 0.0708 0.0465 0.0611 0.8216 
 344 0.0571 0.0119 0.0362 0.8947 
 345 0.0570 0.0147 0.0374 0.8909 
 346 0.0559 0.0128 0.0363 0.8950 
 347 0.0560 0.0128 0.0322 0.8991 
 348 0.0683 0.0605 0.0495 0.8217 
 349 0.0570 0.0150 0.0375 0.8905 
 350 0.0605 0.0197 0.0351 0.8847 
 351 0.0708 0.0293 0.0536 0.8463 
 352 0.0700 0.0297 0.0612 0.8391 
 353 0.0558 0.0172 0.0432 0.8837 
 354 0.0585 0.0124 0.0357 0.8933 
 355 0.0560 0.0119 0.0398 0.8923 
 356 0.0709 0.0720 0.0484 0.8087 
 357 0.1521 0.0252 0.2604 0.5624 
 358 0.0711 0.0203 0.0612 0.8474 
 359 0.0608 0.0121 0.0374 0.8896 
 360 0.0553 0.0126 0.0360 0.8961 
 361 0.1772 0.0348 0.2731 0.5148 
 362 0.5067 0.0452 0.3238 0.1242 
 363 0.3352 0.0496 0.5566 0.0586 
 364 0.3104 0.0303 0.2555 0.4039 
 365 0.3119 0.0370 0.5836 0.0675 
 366 0.1979 0.2442 0.3875 0.1705 
 367 0.5227 0.0171 0.4255 0.0347 
 368 0.8306 0.0177 0.0869 0.0647 
 369 0.2162 0.1587 0.2173 0.4078 
 370 0.7534 0.0531 0.0948 0.0987 
 371 0.4259 0.0677 0.3277 0.1786 
 372 0.6802 0.0646 0.0893 0.1658 
 373 0.6582 0.0226 0.1969 0.1223 
 374 0.2757 0.0319 0.3243 0.3681 
 375 0.5618 0.0208 0.3658 0.0517 
 376 0.1048 0.0155 0.8411 0.0386 
 377 0.5083 0.0541 0.3550 0.0825 
 378 0.6220 0.0251 0.1215 0.2314 
 379 0.0991 0.0234 0.8423 0.0352 
 380 0.1021 0.0638 0.6676 0.1665 
 381 0.0849 0.0579 0.7264 0.1308 
 382 0.4517 0.0170 0.4748 0.0565 
 383 0.0918 0.0241 0.7369 0.1472 
 384 0.2456 0.0297 0.6083 0.1165 
 385 0.6573 0.0142 0.1358 0.1927 
 386 0.3981 0.0257 0.5218 0.0545 
 387 0.4576 0.0296 0.4513 0.0614 
 388 0.4435 0.0236 0.2245 0.3083 
 389 0.5965 0.2459 0.0755 0.0821 
 390 0.2636 0.2323 0.4546 0.0495 
 391 0.6392 0.1167 0.1388 0.1053 
 392 0.1908 0.0287 0.6693 0.1111 
 393 0.0837 0.0634 0.7786 0.0744 
 394 0.3871 0.0311 0.2749 0.3068 
 395 0.3053 0.3387 0.2840 0.0720 
 396 0.6007 0.0199 0.3406 0.0388 
 397 0.4597 0.0416 0.2251 0.2736 
 398 0.1731 0.0231 0.7663 0.0375 
 399 0.5958 0.0848 0.2660 0.0534 
 400 0.3416 0.0234 0.5616 0.0734 
 401 0.6100 0.0886 0.2220 0.0795 
 402 0.5804 0.1099 0.2057 0.1040 
 403 0.3834 0.0303 0.1492 0.4371 
 404 0.4066 0.0332 0.4265 0.1337 
 405 0.3710 0.0582 0.4375 0.1333 
 406 0.0806 0.6391 0.1799 0.1005 
 407 0.1293 0.0190 0.8130 0.0387 
 408 0.7542 0.1352 0.0702 0.0405 
 409 0.1224 0.3728 0.2170 0.2877 
 410 0.2879 0.0367 0.5735 0.1019 
 411 0.1466 0.0778 0.5913 0.1842 
 412 0.7926 0.0158 0.1279 0.0637 
 413 0.6049 0.0274 0.1481 0.2196 
 414 0.8355 0.0171 0.1028 0.0446 
 415 0.1440 0.0640 0.7332 0.0589 
 416 0.3729 0.0498 0.4743 0.1030 
 417 0.1715 0.0203 0.7580 0.0502 
 418 0.6635 0.0145 0.2793 0.0427 
 419 0.4153 0.1205 0.2471 0.2172 
 420 0.4319 0.2500 0.2660 0.0521 
 421 0.3805 0.0262 0.5327 0.0606 
 422 0.3339 0.2047 0.3784 0.0830 
 423 0.2618 0.0407 0.6144 0.0831 
 424 0.6167 0.1440 0.1616 0.0777 
 425 0.5579 0.0398 0.2853 0.1171 
 426 0.6747 0.0271 0.2013 0.0969 
 427 0.1316 0.0323 0.6979 0.1382 
 428 0.2265 0.1086 0.4301 0.2348 
 429 0.1873 0.0150 0.7625 0.0352 
 430 0.1499 0.0235 0.7781 0.0484 
 431 0.7256 0.0274 0.1566 0.0904 
 432 0.8009 0.0214 0.1013 0.0764 
 433 0.5613 0.0516 0.0680 0.3191 
 434 0.4725 0.0388 0.2877 0.2010 
 435 0.1462 0.0290 0.7880 0.0368 
 436 0.0891 0.0306 0.8221 0.0582 
 437 0.1420 0.0186 0.7976 0.0418 
 438 0.2039 0.2860 0.4193 0.0908 
 439 0.0898 0.0185 0.8452 0.0465 
 440 0.1065 0.0256 0.8367 0.0312 
 441 0.2061 0.0265 0.6514 0.1159 
 442 0.2744 0.0403 0.6397 0.0455 
 443 0.3864 0.1367 0.4367 0.0402 
 444 0.1952 0.0488 0.7128 0.0433 
 445 0.1393 0.1329 0.5565 0.1713 
 446 0.2020 0.0237 0.7313 0.0431 
 447 0.2194 0.0840 0.6033 0.0934 
 448 0.2508 0.0307 0.6726 0.0458 
 449 0.2658 0.0338 0.6164 0.0840 
 450 0.1948 0.0130 0.7158 0.0763 
 451 0.7927 0.0370 0.1368 0.0336 
 452 0.1488 0.0153 0.7756 0.0603 
 453 0.3044 0.5003 0.1072 0.0881 
 454 0.1999 0.0268 0.6769 0.0964 
 455 0.1576 0.0897 0.7099 0.0429 
 456 0.1826 0.1327 0.6443 0.0404 
 457 0.1146 0.0192 0.8213 0.0448 
 458 0.1143 0.0194 0.8174 0.0490 
 459 0.2543 0.0485 0.5713 0.1260 
 460 0.1853 0.0233 0.7523 0.0391 
 461 0.3492 0.0146 0.5956 0.0406 
 462 0.2560 0.0523 0.6591 0.0326 
 463 0.1278 0.5595 0.2446 0.0680 
 464 0.2598 0.0690 0.6323 0.0389 
 465 0.5678 0.0560 0.3178 0.0584 
 466 0.3490 0.2736 0.3311 0.0463 
 467 0.1848 0.0546 0.6746 0.0860 
 468 0.0910 0.0565 0.8140 0.0385 
 469 0.0751 0.0204 0.8643 0.0401 
 470 0.1254 0.0229 0.8161 0.0356 
 471 0.3886 0.2129 0.3444 0.0540 
 472 0.3866 0.0793 0.4749 0.0593 
 473 0.3274 0.0468 0.5357 0.0902 
 474 0.1560 0.0309 0.7477 0.0654 
 475 0.5319 0.0433 0.3309 0.0939 
 476 0.0992 0.0279 0.8252 0.0476 
 477 0.6417 0.0594 0.2193 0.0796 
 478 0.7562 0.0230 0.1815 0.0393 
 479 0.1591 0.0194 0.7848 0.0366 
 480 0.0872 0.0159 0.8555 0.0414 
 481 0.5552 0.0494 0.3425 0.0529 
 482 0.1229 0.0152 0.8263 0.0356 
 483 0.1476 0.0283 0.7738 0.0503 
 484 0.2011 0.2034 0.5336 0.0618 
 485 0.1204 0.0424 0.7971 0.0401 
 486 0.7295 0.1101 0.0841 0.0763 
 487 0.6442 0.0461 0.1097 0.2001 
 488 0.8071 0.0323 0.0594 0.1011 
 489 0.3943 0.1377 0.1410 0.3271 
 490 0.7818 0.0619 0.1102 0.0461 
 491 0.6251 0.0598 0.0722 0.2430 
 492 0.5503 0.0776 0.0659 0.3063 
 493 0.7946 0.0400 0.0666 0.0987 
 494 0.6287 0.0650 0.1300 0.1763 
 495 0.7130 0.0543 0.0803 0.1523 
 496 0.3323 0.0951 0.0927 0.4799 
 497 0.7354 0.0245 0.0634 0.1768 
 498 0.6405 0.1304 0.1034 0.1257 
 499 0.4794 0.0553 0.0815 0.3839 
 500 0.6125 0.0551 0.2204 0.1120 
 501 0.5460 0.0307 0.1811 0.2422 
 502 0.6257 0.0196 0.1005 0.2542 
 503 0.4353 0.0337 0.4673 0.0636 
 504 0.8370 0.0411 0.0581 0.0637 
 505 0.5411 0.2037 0.0727 0.1825 
 506 0.6243 0.0302 0.0920 0.2535 
 507 0.0970 0.0517 0.0419 0.8094 
 508 0.1940 0.1319 0.0386 0.6355 
 509 0.4838 0.0941 0.0675 0.3546 
 510 0.4083 0.0353 0.1809 0.3755 
 511 0.3416 0.0752 0.4980 0.0851 
 512 0.4586 0.0214 0.4711 0.0488 
 513 0.8059 0.0812 0.0295 0.0834 
 514 0.8102 0.0338 0.0747 0.0813 
 515 0.2565 0.1004 0.4378 0.2053 
 516 0.7804 0.0757 0.0583 0.0855 
 517 0.3351 0.2646 0.2178 0.1825 
 518 0.3486 0.0294 0.2065 0.4155 
 519 0.7892 0.0329 0.0889 0.0890 
 520 0.1232 0.3199 0.2185 0.3383 
 521 0.3527 0.0625 0.0863 0.4985 
 522 0.1999 0.2250 0.5058 0.0693 
 523 0.2260 0.5003 0.0754 0.1982 
 524 0.2467 0.1448 0.4870 0.1215 
 525 0.2483 0.0635 0.3158 0.3724 
 526 0.0980 0.5787 0.2201 0.1032 
 527 0.7189 0.0196 0.1862 0.0754 
 528 0.1591 0.0555 0.0539 0.7315 
 529 0.6162 0.0442 0.0960 0.2436 
 530 0.2703 0.1143 0.4821 0.1333 
 531 0.2072 0.0731 0.2399 0.4797 
 532 0.4521 0.0734 0.1296 0.3449 
 533 0.3875 0.1128 0.3784 0.1213 
 534 0.6048 0.1539 0.0485 0.1928 
 535 0.3288 0.3747 0.1900 0.1065 
 536 0.2317 0.1808 0.3128 0.2746 
 537 0.1569 0.2988 0.0806 0.4636 
 538 0.2649 0.2328 0.1234 0.3789 
 539 0.0871 0.0451 0.0433 0.8245 
 540 0.2271 0.1989 0.1569 0.4171 
 541 0.1783 0.0629 0.1288 0.6300 
 542 0.1363 0.6004 0.1797 0.0836 
 543 0.3009 0.3790 0.0728 0.2473 
 544 0.1627 0.5956 0.1098 0.1320 
 545 0.1151 0.7273 0.1115 0.0462 
 546 0.2516 0.3596 0.1086 0.2802 
 547 0.1079 0.7197 0.0547 0.1177 
 548 0.3684 0.0419 0.0743 0.5154 
 549 0.0961 0.2266 0.2012 0.4761 
 550 0.1564 0.5221 0.2464 0.0752 
 551 0.1497 0.0590 0.0947 0.6967 
 552 0.2051 0.2233 0.1046 0.4669 
 553 0.1113 0.6756 0.0369 0.1762 
 554 0.3730 0.0866 0.2848 0.2556 
 555 0.2098 0.1820 0.0767 0.5315 
 556 0.2823 0.2830 0.1029 0.3318 
 557 0.1624 0.4735 0.2555 0.1086 
 558 0.1147 0.0134 0.8354 0.0365 
 559 0.7910 0.0471 0.0856 0.0764 
 560 0.4471 0.0283 0.4924 0.0322 
 561 0.6272 0.0477 0.2816 0.0434 
 562 0.7055 0.0648 0.1966 0.0332 
 563 0.6435 0.0576 0.1316 0.1673 
 564 0.7049 0.1038 0.0927 0.0986 
 565 0.1119 0.0169 0.8261 0.0452 
 566 0.5848 0.0259 0.3566 0.0327 
 567 0.8326 0.0356 0.0714 0.0605 
 568 0.6451 0.0829 0.1971 0.0749 
 569 0.3588 0.1406 0.4263 0.0744 
 570 0.1532 0.0140 0.7988 0.0340 
 571 0.7943 0.0267 0.1281 0.0509 
 572 0.1680 0.4649 0.1569 0.2102 
 573 0.6032 0.0850 0.2140 0.0978 
 574 0.2585 0.0358 0.5282 0.1776 
 575 0.6687 0.0427 0.1675 0.1211 
 576 0.7456 0.0173 0.2048 0.0323 
 577 0.3800 0.0279 0.4352 0.1568 
 578 0.6434 0.0337 0.2654 0.0575 
 579 0.6642 0.0314 0.2462 0.0582 
 580 0.2888 0.0226 0.5985 0.0901 
 581 0.3254 0.0229 0.5839 0.0678 
 582 0.1906 0.0333 0.7384 0.0377 
 583 0.7116 0.0218 0.2126 0.0540 
 584 0.7571 0.0171 0.1869 0.0390 
 585 0.5959 0.0254 0.3313 0.0474 
 586 0.8059 0.0314 0.0959 0.0669 
 587 0.4343 0.0579 0.4691 0.0387 
 588 0.4686 0.4193 0.0345 0.0776 
 589 0.1926 0.0816 0.6853 0.0405 
 590 0.8541 0.0252 0.0739 0.0468 
 591 0.8228 0.0214 0.0992 0.0567 
 592 0.6090 0.1354 0.2052 0.0504 
 593 0.5515 0.0439 0.3048 0.0998 
 594 0.7967 0.0245 0.0785 0.1004 
 595 0.7169 0.0156 0.2298 0.0377 
 596 0.4603 0.2423 0.2038 0.0937 
 597 0.6200 0.0817 0.0828 0.2154 
 598 0.1010 0.0143 0.8496 0.0351 
 599 0.6409 0.0615 0.2614 0.0362 
 600 0.2768 0.0444 0.5642 0.1146 
 601 0.4266 0.0405 0.4950 0.0379 
 602 0.6962 0.0258 0.0843 0.1938 
 603 0.7258 0.0304 0.0786 0.1652 
 604 0.3050 0.0376 0.5176 0.1399 
 605 0.6463 0.0647 0.2215 0.0676 
 606 0.4790 0.0636 0.2027 0.2547 
 607 0.3557 0.0221 0.2580 0.3642 
 608 0.2412 0.0249 0.2352 0.4987 
 609 0.3778 0.0416 0.4944 0.0862 
 610 0.2165 0.1103 0.6022 0.0710 
 611 0.6893 0.0615 0.0957 0.1536 
 612 0.1059 0.0299 0.8130 0.0513 
 613 0.5157 0.0700 0.3137 0.1005 
 614 0.1661 0.0266 0.7504 0.0569 
 615 0.1375 0.0277 0.7338 0.1010 
 616 0.4487 0.0235 0.2587 0.2690 
 617 0.4771 0.0604 0.4052 0.0573 
 618 0.1826 0.0637 0.5325 0.2213 
 619 0.3920 0.1741 0.2477 0.1863 
 620 0.7192 0.1182 0.1224 0.0401 
 621 0.7249 0.0151 0.2077 0.0522 
 622 0.2966 0.1211 0.4115 0.1708 
 623 0.7416 0.0425 0.1539 0.0619 
 624 0.1325 0.0247 0.6976 0.1451 
 625 0.3038 0.0202 0.5011 0.1750 
 626 0.0961 0.1387 0.2858 0.4794 
 627 0.6791 0.0449 0.1881 0.0880 
 628 0.7727 0.0349 0.1105 0.0818 
 629 0.6832 0.0231 0.1813 0.1124 
 630 0.2656 0.0338 0.6309 0.0697 
 631 0.3840 0.0216 0.4934 0.1010 
 632 0.3434 0.0985 0.1466 0.4115 
 633 0.3460 0.0258 0.4747 0.1534 
 634 0.4431 0.0692 0.2298 0.2580 
 635 0.1974 0.0291 0.1709 0.6027 
 636 0.2685 0.0297 0.4476 0.2541 
 637 0.3892 0.2760 0.1801 0.1548 
 638 0.6634 0.0236 0.1631 0.1500 
 639 0.3748 0.0316 0.4394 0.1542 
 640 0.7620 0.0152 0.1560 0.0669 
 641 0.6515 0.0271 0.2214 0.1000 
 642 0.1939 0.0635 0.0994 0.6432 
 643 0.1087 0.0227 0.0607 0.8079 
 644 0.2319 0.0269 0.0625 0.6787 
 645 0.0948 0.0461 0.3135 0.5456 
 646 0.5964 0.1060 0.1179 0.1797 
 647 0.4390 0.0600 0.0808 0.4202 
 648 0.3343 0.1357 0.1348 0.3951 
 649 0.4060 0.2869 0.0584 0.2487 
 650 0.6414 0.0751 0.0632 0.2203 
 651 0.4235 0.0188 0.0615 0.4962 
 652 0.2390 0.0375 0.0778 0.6457 
 653 0.3134 0.0789 0.1115 0.4962 
 654 0.1972 0.1032 0.0846 0.6150 
 655 0.3171 0.0402 0.1000 0.5427 
 656 0.4198 0.1397 0.1003 0.3401 
 657 0.4306 0.0298 0.3047 0.2349 
 658 0.4371 0.1170 0.1673 0.2785 
 659 0.2504 0.0904 0.0960 0.5632 
 660 0.1466 0.0471 0.0512 0.7550 
 661 0.1295 0.1805 0.0960 0.5941 
 662 0.3494 0.4624 0.0470 0.1411 
 663 0.2118 0.0363 0.0816 0.6704 
 664 0.3929 0.0627 0.2451 0.2994 
 665 0.4123 0.3256 0.0581 0.2040 
 666 0.1911 0.0735 0.0853 0.6502 
 667 0.7656 0.0456 0.0805 0.1083 
 668 0.2593 0.0793 0.1471 0.5143 
 669 0.4050 0.0854 0.0725 0.4370 
 670 0.0754 0.0193 0.0372 0.8681 
 671 0.1330 0.0331 0.0469 0.7870 
 672 0.1522 0.0616 0.0964 0.6897 
 673 0.0612 0.0125 0.0406 0.8858 
 674 0.1041 0.0279 0.0680 0.8000 
 675 0.1303 0.0172 0.0388 0.8137 
 676 0.0606 0.0143 0.0363 0.8887 
 677 0.0676 0.0732 0.0328 0.8264 
 678 0.0670 0.0119 0.0395 0.8817 
 679 0.1004 0.0133 0.0662 0.8202 
 680 0.0860 0.0226 0.0613 0.8302 
 681 0.1871 0.3154 0.1579 0.3396 
 682 0.0753 0.0225 0.0665 0.8358 
 683 0.0694 0.0216 0.0357 0.8734 
 684 0.0676 0.0140 0.0392 0.8792 
 685 0.0596 0.0156 0.0335 0.8913 
 686 0.0865 0.0738 0.0589 0.7808 
 687 0.1229 0.0456 0.0437 0.7878 
 688 0.0963 0.0195 0.0454 0.8389 
 689 0.0601 0.0145 0.0353 0.8901 
 690 0.0610 0.0142 0.0370 0.8878 
 691 0.0914 0.0206 0.0601 0.8279 
 692 0.0991 0.0147 0.0517 0.8344 
 693 0.0976 0.0182 0.0594 0.8248 
 694 0.0568 0.0168 0.0311 0.8953 
 695 0.0683 0.0416 0.0516 0.8385 
 696 0.0966 0.0198 0.0460 0.8376 
 697 0.0632 0.0183 0.0366 0.8818 
 698 0.0637 0.0149 0.0370 0.8845 
 699 0.0669 0.1280 0.0456 0.7596 
 700 0.0807 0.0532 0.0922 0.7739 
 701 0.1140 0.0328 0.0783 0.7750 
 702 0.1170 0.0511 0.0823 0.7496 
 703 0.0790 0.0245 0.0660 0.8305 
 704 0.0858 0.0282 0.0420 0.8440 
 705 0.1254 0.3161 0.0858 0.4728 
 706 0.0715 0.0348 0.0585 0.8352 
 707 0.0643 0.0231 0.0392 0.8733 
 708 0.0701 0.0174 0.0350 0.8774 
 709 0.0612 0.0444 0.0412 0.8533 
 710 0.0560 0.0180 0.0333 0.8927 
 711 0.0767 0.0565 0.0563 0.8105 
 712 0.0633 0.0597 0.0307 0.8463 
 713 0.0924 0.0215 0.0404 0.8458 
 714 0.1216 0.0189 0.0659 0.7935 
 715 0.0567 0.0362 0.0321 0.8750 
 716 0.0667 0.0311 0.0563 0.8459 
 717 0.0556 0.0232 0.0336 0.8876 
 718 0.1001 0.0403 0.0555 0.8042 
 719 0.0596 0.0322 0.0317 0.8765 
 720 0.7223 0.0216 0.1983 0.0579 
 721 0.1440 0.0283 0.1889 0.6388 
 722 0.2811 0.0485 0.5537 0.1167 
 723 0.2675 0.0179 0.6142 0.1004 
 724 0.1287 0.0259 0.6077 0.2377 
 725 0.4989 0.0401 0.1512 0.3099 
 726 0.1982 0.0732 0.5619 0.1667 
 727 0.2384 0.2316 0.2175 0.3125 
 728 0.0771 0.0180 0.8732 0.0317 
 729 0.1027 0.0157 0.8455 0.0361 
 730 0.4565 0.0177 0.4486 0.0772 
 731 0.1356 0.0219 0.7665 0.0761 
 732 0.2607 0.0180 0.6189 0.1024 
 733 0.1223 0.0138 0.8140 0.0499 
 734 0.1415 0.0156 0.8086 0.0343 
 735 0.0974 0.0117 0.8330 0.0579 
 736 0.2968 0.0220 0.6120 0.0691 
 737 0.3540 0.0601 0.5091 0.0768 
 738 0.3736 0.0190 0.5411 0.0664 
 739 0.1163 0.0137 0.8260 0.0440 
 740 0.1545 0.0203 0.0588 0.7664 
 741 0.2520 0.0376 0.1188 0.5916 
 742 0.6379 0.0186 0.1558 0.1877 
 743 0.7179 0.0184 0.1265 0.1373 
 744 0.5131 0.2463 0.0743 0.1663 
 745 0.7890 0.0500 0.1098 0.0512 
 746 0.4737 0.0267 0.1779 0.3217 
 747 0.7848 0.0272 0.0842 0.1038 
 748 0.3361 0.0160 0.0715 0.5764 
 749 0.5782 0.0560 0.0906 0.2753 
 750 0.6712 0.0254 0.0893 0.2140 
 751 0.3284 0.0194 0.0856 0.5666 
 752 0.7180 0.0257 0.1142 0.1422 
 753 0.3937 0.0301 0.2186 0.3576 
 754 0.3913 0.0264 0.1124 0.4699 
 755 0.5814 0.0158 0.1275 0.2753 
 756 0.5471 0.0214 0.0625 0.3690 
 757 0.6912 0.0183 0.0879 0.2025 
 758 0.8738 0.0243 0.0543 0.0477 
 759 0.2215 0.0428 0.1569 0.5788 
 760 0.5189 0.0209 0.2724 0.1878 
 761 0.1783 0.0216 0.3892 0.4109 
 762 0.4443 0.0125 0.4631 0.0800 
 763 0.3891 0.0305 0.2183 0.3622 
 764 0.7656 0.0165 0.0843 0.1336 
 765 0.4897 0.0163 0.3628 0.1312 
 766 0.4504 0.0142 0.0833 0.4521 
 767 0.5268 0.0274 0.1331 0.3127 
 768 0.4252 0.0132 0.4833 0.0783 
 769 0.2322 0.0233 0.4456 0.2990 
 770 0.4915 0.0175 0.4241 0.0669 
 771 0.3966 0.2705 0.0545 0.2783 
 772 0.4467 0.0725 0.1350 0.3458 
 773 0.7536 0.0160 0.0754 0.1550 
 774 0.2504 0.0198 0.1001 0.6297 
 775 0.2519 0.0162 0.6159 0.1160 
 776 0.8097 0.0222 0.0904 0.0777 
 777 0.6056 0.0790 0.1365 0.1790 
 778 0.5237 0.0489 0.0953 0.3322 
 779 0.7373 0.0176 0.0669 0.1782 
 780 0.3795 0.0167 0.0869 0.5169 
 781 0.3626 0.1073 0.0592 0.4710 
 782 0.7364 0.0178 0.0671 0.1788 
 783 0.5250 0.0171 0.1336 0.3244 
 784 0.6845 0.0205 0.1970 0.0980 
 785 0.6937 0.0226 0.0907 0.1930 
 786 0.3403 0.0181 0.0985 0.5431 
 787 0.3370 0.0359 0.0453 0.5818 
 788 0.6899 0.0364 0.1566 0.1171 
 789 0.6746 0.0171 0.2003 0.1081 
 790 0.4380 0.0156 0.1576 0.3887 
 791 0.6708 0.0219 0.1228 0.1845 
 792 0.3258 0.0568 0.0482 0.5693 
 793 0.1835 0.0780 0.1815 0.5570 
 794 0.6164 0.0314 0.1406 0.2116 
 795 0.1761 0.0304 0.1670 0.6265 
 796 0.6654 0.0390 0.0888 0.2068 
 797 0.1274 0.0427 0.0744 0.7555 
 798 0.1831 0.1681 0.6074 0.0414 
 799 0.7576 0.0363 0.1085 0.0976 
 800 0.1995 0.1365 0.0383 0.6257 
 801 0.1783 0.1269 0.6130 0.0819 
 802 0.1681 0.1373 0.3875 0.3072 
 803 0.2707 0.0597 0.1303 0.5393 
 804 0.4072 0.2676 0.1448 0.1804 
 805 0.1048 0.0266 0.0541 0.8145 
 806 0.1680 0.4360 0.2737 0.1223 
 807 0.0864 0.0458 0.0494 0.8184 
 808 0.1987 0.1964 0.0746 0.5302 
 809 0.1128 0.6836 0.1355 0.0681 
 810 0.4377 0.0360 0.2355 0.2907 
 811 0.1761 0.2653 0.0995 0.4591 
 812 0.1066 0.8029 0.0532 0.0373 
 813 0.2150 0.1188 0.6187 0.0476 
 814 0.4447 0.4077 0.0593 0.0884 
 815 0.1119 0.4766 0.2371 0.1743 
 816 0.2121 0.1235 0.2709 0.3936 
 817 0.1686 0.1375 0.3877 0.3062 
 818 0.7141 0.0367 0.1587 0.0905 
 819 0.7475 0.0340 0.0443 0.1742 
 820 0.6224 0.0750 0.0694 0.2333 
 821 0.7116 0.0158 0.1582 0.1145 
 822 0.7517 0.0301 0.1794 0.0388 
 823 0.2998 0.0192 0.4141 0.2669 
 824 0.6795 0.0185 0.0951 0.2069 
 825 0.6639 0.0269 0.2343 0.0749 
 826 0.8499 0.0199 0.0755 0.0547 
 827 0.4988 0.0174 0.4062 0.0776 
 828 0.3285 0.0181 0.5168 0.1366 
 829 0.2957 0.0566 0.5184 0.1294 
 830 0.6163 0.0135 0.3203 0.0499 
 831 0.5590 0.0321 0.2274 0.1815 
 832 0.5093 0.1061 0.2206 0.1640 
 833 0.3181 0.0585 0.4346 0.1889 
 834 0.4914 0.0305 0.3094 0.1687 
 835 0.8454 0.0317 0.0722 0.0508 
 836 0.7157 0.1095 0.0832 0.0916 
 837 0.2505 0.0296 0.3846 0.3353 
 838 0.7737 0.1131 0.0617 0.0515 
 839 0.6904 0.0150 0.2153 0.0794 
 840 0.5450 0.1420 0.0791 0.2338 
 841 0.7428 0.0624 0.0609 0.1338 
 842 0.8637 0.0157 0.0821 0.0385 
 843 0.3770 0.1095 0.0872 0.4263 
 844 0.5653 0.0512 0.1716 0.2119 
 845 0.8403 0.0138 0.0934 0.0526 
 846 0.7748 0.0244 0.0734 0.1274 
 847 0.6883 0.0149 0.0462 0.2506 
 848 0.8083 0.0316 0.0512 0.1089 
 849 0.8025 0.0189 0.1063 0.0722 
 850 0.7252 0.0200 0.1825 0.0723 
 851 0.8581 0.0178 0.0600 0.0641 
 852 0.1971 0.0141 0.2040 0.5848 
 853 0.7110 0.0356 0.1948 0.0586 
 854 0.3808 0.0157 0.3128 0.2907 
 855 0.7891 0.0213 0.0781 0.1114 
 856 0.7400 0.0180 0.0796 0.1624 
 857 0.6976 0.1382 0.0885 0.0757 
 858 0.8314 0.0207 0.0878 0.0601 
 859 0.6911 0.0148 0.2292 0.0649 
 860 0.8522 0.0279 0.0650 0.0548 
 861 0.3896 0.0722 0.0530 0.4852 
 862 0.0844 0.0275 0.8470 0.0411 
 863 0.1062 0.0274 0.7591 0.1073 
 864 0.0741 0.0138 0.8459 0.0662 
 865 0.1304 0.0195 0.8178 0.0323 
 866 0.4989 0.0217 0.4195 0.0600 
 867 0.0838 0.0217 0.8266 0.0679 
 868 0.1922 0.0332 0.7104 0.0642 
 869 0.4512 0.0189 0.4652 0.0647 
 870 0.2402 0.1137 0.6029 0.0432 
 871 0.1863 0.0257 0.7499 0.0381 
 872 0.1104 0.0144 0.8254 0.0498 
 873 0.0930 0.0170 0.8345 0.0555 
 874 0.0955 0.0267 0.8413 0.0365 
 875 0.3994 0.0573 0.4742 0.0691 
 876 0.7531 0.0594 0.1387 0.0488 
 877 0.0748 0.0165 0.8613 0.0474 
 878 0.4466 0.0356 0.4189 0.0989 
 879 0.0915 0.0135 0.8269 0.0681 
 880 0.3468 0.1216 0.4783 0.0533 
 881 0.1118 0.0176 0.8051 0.0656 
 882 0.0961 0.0119 0.8341 0.0579 
 883 0.7663 0.0542 0.1171 0.0624 
 884 0.1285 0.0167 0.8230 0.0319 
 885 0.2096 0.1561 0.5358 0.0985 
 886 0.2648 0.0202 0.6327 0.0824 
 887 0.1273 0.0163 0.8181 0.0383 
 888 0.2404 0.1407 0.4646 0.1544 
 889 0.1065 0.0220 0.8399 0.0317 
 890 0.4100 0.0527 0.5028 0.0345 
 891 0.8254 0.0386 0.0777 0.0583 
 892 0.8155 0.0324 0.0825 0.0696 
 893 0.5965 0.1523 0.1527 0.0985 
 894 0.6657 0.0167 0.2797 0.0378 
 895 0.1798 0.0218 0.7577 0.0407 
 896 0.7908 0.0462 0.0594 0.1036 
 897 0.8529 0.0268 0.0610 0.0593 
 898 0.5065 0.0378 0.3397 0.1160 
 899 0.7811 0.0171 0.1707 0.0311 
 900 0.8476 0.0351 0.0689 0.0483 
 901 0.8330 0.0219 0.0927 0.0524 
 902 0.6723 0.1638 0.0798 0.0840 
 903 0.3368 0.0294 0.5803 0.0534 
 904 0.4323 0.0352 0.4174 0.1151 
 905 0.3577 0.0153 0.5890 0.0380 
 906 0.5869 0.0725 0.2680 0.0726 
 907 0.7512 0.0177 0.1522 0.0789 
 908 0.7458 0.0152 0.1749 0.0641 
 909 0.5497 0.1229 0.2496 0.0778 
 910 0.7505 0.0817 0.0987 0.0691 
 911 0.2838 0.0203 0.6631 0.0328 
 912 0.7039 0.0233 0.2317 0.0412 
 913 0.5908 0.0394 0.3331 0.0367 
 914 0.5525 0.0223 0.2262 0.1991 
 915 0.6948 0.0481 0.2270 0.0302 
 916 0.7899 0.0219 0.1413 0.0469 
 917 0.7356 0.0295 0.1893 0.0456 
 918 0.3749 0.0305 0.4197 0.1749 
 919 0.3128 0.0224 0.5675 0.0972 
 920 0.7765 0.0183 0.1358 0.0693 
 921 0.3048 0.2430 0.1040 0.3481 
 922 0.3776 0.4745 0.0740 0.0740 
 923 0.6061 0.1570 0.0609 0.1759 
 924 0.4738 0.3990 0.0565 0.0707 
 925 0.4897 0.2953 0.0852 0.1298 
 926 0.1273 0.7467 0.0351 0.0909 
 927 0.1398 0.6682 0.0542 0.1377 
 928 0.2193 0.2584 0.0402 0.4821 
 929 0.2178 0.6752 0.0415 0.0655 
 930 0.3260 0.4634 0.0736 0.1370 
 931 0.0574 0.7720 0.0748 0.0959 
 932 0.1250 0.7940 0.0389 0.0421 
 933 0.1706 0.1566 0.0498 0.6231 
 934 0.6014 0.3001 0.0404 0.0581 
 935 0.0954 0.7823 0.0565 0.0657 
 936 0.0756 0.8512 0.0384 0.0348 
 937 0.0667 0.8408 0.0379 0.0547 
 938 0.0863 0.7232 0.0294 0.1611 
 939 0.0691 0.7130 0.0429 0.1750 
 940 0.1645 0.6563 0.0561 0.1232 
 941 0.1286 0.7754 0.0588 0.0372 
 942 0.3375 0.1487 0.1089 0.4049 
 943 0.0546 0.7762 0.0346 0.1345 
 944 0.0887 0.7116 0.0613 0.1383 
 945 0.4179 0.3411 0.0762 0.1648 
 946 0.1229 0.7759 0.0415 0.0597 
 947 0.0680 0.7849 0.0318 0.1152 
 948 0.0837 0.7833 0.0994 0.0336 
 949 0.1243 0.7218 0.1179 0.0360 
 950 0.0763 0.8253 0.0279 0.0704 
 951 0.1962 0.4873 0.0862 0.2303 
 952 0.1955 0.6443 0.0641 0.0961 
 953 0.2118 0.5945 0.1117 0.0819 
 954 0.0803 0.8124 0.0646 0.0427 
 955 0.0757 0.0478 0.0515 0.8250 
 956 0.1007 0.0838 0.0408 0.7746 
 957 0.2686 0.0560 0.1201 0.5553 
 958 0.7146 0.0489 0.1062 0.1304 
 959 0.4389 0.0716 0.0699 0.4197 
 960 0.4557 0.0319 0.3632 0.1492 
 961 0.0605 0.0160 0.0333 0.8902 
 962 0.6961 0.1411 0.0336 0.1292 
 963 0.7236 0.0568 0.1069 0.1127 
 964 0.6617 0.0174 0.1305 0.1904 
 965 0.4381 0.0407 0.0566 0.4646 
 966 0.5128 0.0738 0.1087 0.3047 
 967 0.0729 0.0390 0.0586 0.8295 
 968 0.7117 0.0662 0.0391 0.1830 
 969 0.3016 0.0192 0.3055 0.3736 
 970 0.1272 0.0232 0.0568 0.7928 
 971 0.5762 0.1158 0.0548 0.2532 
 972 0.4260 0.0499 0.1642 0.3599 
 973 0.3275 0.1822 0.0416 0.4487 
 974 0.7121 0.0320 0.1054 0.1506 
 975 0.3007 0.0197 0.3055 0.3741 
 976 0.5713 0.1195 0.0538 0.2554 
 977 0.3901 0.0166 0.1389 0.4543 
 978 0.4917 0.0749 0.0538 0.3796 
 979 0.7367 0.0402 0.0742 0.1489 
 980 0.3569 0.0630 0.0662 0.5138 
 981 0.4571 0.0690 0.1231 0.3507 
 982 0.7683 0.0343 0.1209 0.0766 
 983 0.4898 0.0746 0.3526 0.0830 
 984 0.1260 0.0242 0.1904 0.6593 
 985 0.6226 0.0403 0.0676 0.2695 
 986 0.7289 0.0234 0.1109 0.1367 
 987 0.8356 0.0302 0.0771 0.0570 
 988 0.5813 0.0151 0.3660 0.0377 
 989 0.1144 0.0676 0.1296 0.6884 
 990 0.6134 0.0179 0.2115 0.1571 
 991 0.6137 0.0534 0.1034 0.2295 
 992 0.8378 0.0531 0.0464 0.0627 
 993 0.4354 0.0408 0.4300 0.0937 
 994 0.3746 0.1700 0.0781 0.3773 
 995 0.0664 0.0236 0.0299 0.8802 
 996 0.6901 0.0192 0.2125 0.0781 
 997 0.7166 0.0856 0.0441 0.1537 
 998 0.7493 0.0881 0.0908 0.0718 
 999 0.5971 0.0261 0.0813 0.2955 
1000 0.7719 0.0685 0.0934 0.0662 
1001 0.6711 0.0171 0.2143 0.0975 
1002 0.8035 0.0201 0.1374 0.0390 
1003 0.6734 0.0490 0.0813 0.1963 
1004 0.7991 0.0354 0.0532 0.1123 
1005 0.8212 0.0293 0.0767 0.0728 
1006 0.3389 0.3248 0.1099 0.2265 
1007 0.3366 0.1328 0.0776 0.4530 
1008 0.2414 0.1091 0.0663 0.5832 
1009 0.3646 0.2359 0.1897 0.2099 
1010 0.5428 0.0757 0.0992 0.2822 
1011 0.2790 0.0409 0.0960 0.5841 
1012 0.1945 0.6574 0.0707 0.0774 
1013 0.5444 0.2000 0.0785 0.1772 
1014 0.7782 0.0326 0.1158 0.0734 
1015 0.7439 0.0805 0.0552 0.1203 
1016 0.8516 0.0181 0.0677 0.0626 
1017 0.5921 0.0472 0.0601 0.3005 
1018 0.5844 0.0375 0.0778 0.3004 
1019 0.5479 0.0886 0.1412 0.2223 
1020 0.0912 0.0313 0.0425 0.8350 
1021 0.1557 0.2442 0.0572 0.5429 
1022 0.6248 0.0696 0.0753 0.2303 
1023 0.6019 0.0365 0.2592 0.1024 
1024 0.6271 0.0793 0.2216 0.0721 
1025 0.7638 0.0210 0.0735 0.1417 
1026 0.1045 0.0643 0.5638 0.2674 
1027 0.1147 0.3436 0.3845 0.1573 
1028 0.2593 0.0328 0.5432 0.1648 
1029 0.4828 0.1020 0.1492 0.2660 
1030 0.2281 0.0749 0.1088 0.5882 
1031 0.1431 0.1187 0.4296 0.3087 
1032 0.2036 0.1143 0.2684 0.4137 
1033 0.2134 0.0849 0.3674 0.3343 
1034 0.4600 0.1017 0.1440 0.2942 
1035 0.1283 0.0203 0.0927 0.7587 
1036 0.1798 0.2134 0.1849 0.4220 
1037 0.2369 0.0657 0.0649 0.6326 
1038 0.1640 0.0307 0.2888 0.5165 
1039 0.1849 0.3586 0.1393 0.3171 
1040 0.1089 0.0814 0.5509 0.2588 
1041 0.1766 0.0708 0.5240 0.2286 
1042 0.2417 0.0567 0.1975 0.5041 
1043 0.2068 0.0230 0.3956 0.3747 
1044 0.3641 0.0569 0.3373 0.2417 
1045 0.1105 0.0215 0.6108 0.2572 
1046 0.2208 0.1334 0.1781 0.4677 
1047 0.1227 0.0383 0.0898 0.7492 
1048 0.6182 0.0211 0.2086 0.1521 
1049 0.7841 0.0233 0.0950 0.0976 
1050 0.6842 0.0194 0.2621 0.0343 
1051 0.8097 0.0195 0.1321 0.0387 
1052 0.7207 0.0349 0.1867 0.0577 
1053 0.7197 0.0206 0.1940 0.0657 
1054 0.7624 0.0242 0.1434 0.0700 
1055 0.8713 0.0201 0.0569 0.0516 
1056 0.8314 0.0226 0.0893 0.0567 
1057 0.2456 0.0623 0.6475 0.0446 
1058 0.7801 0.0212 0.1574 0.0412 
1059 0.5633 0.0240 0.3319 0.0808 
1060 0.6207 0.0412 0.2039 0.1342 
1061 0.8731 0.0306 0.0511 0.0451 
1062 0.7212 0.0239 0.2095 0.0454 
1063 0.7247 0.0905 0.0504 0.1344 
1064 0.7687 0.0299 0.1462 0.0552 
1065 0.7584 0.0539 0.1019 0.0858 
1066 0.8108 0.0276 0.0629 0.0987 
1067 0.7143 0.0211 0.2183 0.0463 
1068 0.3966 0.0384 0.1998 0.3652 
1069 0.8761 0.0172 0.0727 0.0340 
1070 0.7930 0.0278 0.1266 0.0526 
1071 0.6626 0.0352 0.1408 0.1614 
1072 0.7988 0.0328 0.0809 0.0876 
1073 0.7238 0.0185 0.2000 0.0578 
1074 0.5806 0.0312 0.2566 0.1316 
1075 0.6950 0.0371 0.1868 0.0812 
1076 0.7301 0.0203 0.1566 0.0930 
1077 0.2288 0.0230 0.7026 0.0456 
1078 0.8134 0.0317 0.0849 0.0700 
1079 0.7345 0.0276 0.1863 0.0516 
1080 0.5907 0.0468 0.1319 0.2306 
1081 0.7334 0.0147 0.2121 0.0397 
1082 0.5664 0.0746 0.2514 0.1077 
1083 0.7994 0.0241 0.0936 0.0829 
1084 0.5414 0.1542 0.1301 0.1743 
1085 0.8524 0.0176 0.0999 0.0301 
1086 0.8770 0.0330 0.0450 0.0450 
1087 0.8455 0.0202 0.1036 0.0306 
1088 0.8616 0.0217 0.0838 0.0329 
1089 0.7065 0.0148 0.2432 0.0355 
1090 0.7494 0.0205 0.1821 0.0479 
1091 0.7912 0.0258 0.1117 0.0714 
1092 0.7282 0.0243 0.2057 0.0418 
1093 0.7548 0.0390 0.0752 0.1311 
1094 0.2794 0.0251 0.5691 0.1263 
1095 0.2872 0.0187 0.6524 0.0417 
1096 0.7184 0.0245 0.1605 0.0967 
1097 0.3564 0.0197 0.5906 0.0333 
1098 0.7654 0.1368 0.0558 0.0420 
1099 0.5166 0.2883 0.0604 0.1347 
1100 0.8246 0.0191 0.1160 0.0403 
1101 0.8533 0.0211 0.0900 0.0356 
1102 0.7040 0.0254 0.2209 0.0497 
1103 0.8009 0.0179 0.1004 0.0808 
1104 0.8306 0.0484 0.0739 0.0471 
1105 0.8301 0.0265 0.0922 0.0513 
1106 0.6711 0.0342 0.1429 0.1517 
1107 0.7162 0.0165 0.1921 0.0751 
1108 0.2714 0.0173 0.6567 0.0546 
1109 0.4491 0.0213 0.4804 0.0493 
1110 0.2625 0.0831 0.0615 0.5928 
1111 0.2689 0.1782 0.0380 0.5149 
1112 0.0666 0.0492 0.2054 0.6788 
1113 0.1730 0.3746 0.1615 0.2909 
1114 0.2243 0.0975 0.3839 0.2944 
1115 0.0879 0.6705 0.0808 0.1607 
1116 0.0895 0.0345 0.0775 0.7985 
1117 0.1919 0.0678 0.5093 0.2310 
1118 0.0749 0.0432 0.0801 0.8017 
1119 0.1220 0.3601 0.3259 0.1921 
1120 0.0969 0.4932 0.1069 0.3030 
1121 0.0923 0.0358 0.3552 0.5167 
1122 0.2578 0.0251 0.2274 0.4896 
1123 0.4158 0.0429 0.2556 0.2857 
1124 0.0755 0.0447 0.0782 0.8017 
1125 0.2371 0.0451 0.1437 0.5741 
1126 0.1142 0.0400 0.3524 0.4935 
1127 0.1021 0.1451 0.2234 0.5294 
1128 0.1080 0.1583 0.0570 0.6768 
1129 0.2650 0.2423 0.2277 0.2650 
1130 0.3991 0.1379 0.1691 0.2939 
1131 0.1615 0.0495 0.6118 0.1771 
1132 0.0796 0.4985 0.1447 0.2772 
1133 0.1200 0.0239 0.1107 0.7454 
1134 0.0798 0.0609 0.0509 0.8084 
1135 0.4333 0.1228 0.3067 0.1371 
1136 0.1105 0.1702 0.5972 0.1221 
1137 0.1855 0.0471 0.0759 0.6914 
1138 0.2868 0.1342 0.1862 0.3929 
1139 0.0800 0.0719 0.0619 0.7862 
1140 0.2719 0.0349 0.2690 0.4242 
1141 0.3227 0.1051 0.2743 0.2979 
1142 0.1613 0.0899 0.6142 0.1346 
1143 0.3849 0.0271 0.1328 0.4552 
1144 0.1040 0.4330 0.1331 0.3298 
1145 0.1243 0.3712 0.3375 0.1670 
1146 0.1333 0.0274 0.4002 0.4391 
1147 0.5709 0.1145 0.1816 0.1329 
1148 0.1146 0.0204 0.7894 0.0756 
1149 0.1766 0.1214 0.1619 0.5401 
1150 0.2419 0.3486 0.1210 0.2886 
1151 0.0853 0.0543 0.2305 0.6299 
1152 0.2846 0.1255 0.3628 0.2272 
1153 0.1588 0.2040 0.5341 0.1031 
1154 0.1967 0.0397 0.3520 0.4116 
1155 0.1343 0.3116 0.2226 0.3315 
1156 0.0824 0.4460 0.0857 0.3859 
1157 0.0876 0.2095 0.4827 0.2202 
1158 0.0977 0.1184 0.1745 0.6094 
1159 0.8158 0.0290 0.1067 0.0485 
1160 0.7949 0.0403 0.1136 0.0513 
1161 0.8394 0.0356 0.0467 0.0783 
1162 0.3893 0.2784 0.1429 0.1895 
1163 0.2797 0.0254 0.0805 0.6144 
1164 0.4418 0.0701 0.2550 0.2330 
1165 0.8461 0.0192 0.0721 0.0626 
1166 0.5135 0.0289 0.0610 0.3966 
1167 0.8329 0.0160 0.1063 0.0448 
1168 0.6993 0.0391 0.1836 0.0781 
1169 0.7534 0.0249 0.0988 0.1229 
1170 0.3654 0.0486 0.5183 0.0677 
1171 0.5818 0.0197 0.2530 0.1455 
1172 0.7490 0.0152 0.1598 0.0760 
1173 0.7849 0.0303 0.1011 0.0837 
1174 0.8696 0.0177 0.0651 0.0475 
1175 0.7785 0.0602 0.1028 0.0586 
1176 0.6251 0.0283 0.1264 0.2202 
