   1 0.0177 0.1000 0.1401 0.1135 0.2359 0.3928 
   2 0.0062 0.0205 0.1196 0.3553 0.3426 0.1558 
   3 0.0087 0.0860 0.2921 0.1236 0.2051 0.2845 
   4 0.0634 0.0351 0.0683 0.1105 0.1706 0.5522 
   5 0.0103 0.0222 0.2168 0.3089 0.3148 0.1269 
   6 0.0066 0.0324 0.5793 0.0688 0.2165 0.0964 
   7 0.0084 0.0439 0.1113 0.0507 0.6839 0.1018 
   8 0.2253 0.0282 0.1961 0.0805 0.2269 0.2430 
   9 0.0062 0.0373 0.2435 0.1693 0.3037 0.2400 
  10 0.1870 0.0279 0.1880 0.0590 0.3891 0.1490 
  11 0.0080 0.0651 0.0774 0.0525 0.6920 0.1049 
  12 0.0059 0.0201 0.2097 0.2215 0.3309 0.2119 
  13 0.0081 0.0289 0.1924 0.1103 0.4431 0.2173 
  14 0.0394 0.0527 0.1048 0.3713 0.2190 0.2128 
  15 0.0143 0.0609 0.1037 0.1680 0.2916 0.3614 
  16 0.0084 0.0643 0.2182 0.0972 0.4244 0.1874 
  17 0.0067 0.0265 0.4795 0.1308 0.2050 0.1514 
  18 0.0092 0.0771 0.2762 0.1607 0.2216 0.2553 
  19 0.0058 0.0229 0.5176 0.0729 0.2469 0.1339 
  20 0.0075 0.0385 0.1606 0.2311 0.3887 0.1734 
  21 0.0148 0.0515 0.0885 0.2522 0.2163 0.3767 
  22 0.0082 0.0333 0.4875 0.0901 0.1951 0.1858 
  23 0.0446 0.0396 0.0768 0.2583 0.2152 0.3654 
  24 0.0079 0.0505 0.1668 0.1014 0.2680 0.4055 
  25 0.0089 0.0404 0.2675 0.1021 0.4980 0.0830 
  26 0.0062 0.0352 0.4020 0.1309 0.1911 0.2346 
  27 0.0080 0.0427 0.2031 0.1604 0.3422 0.2435 
  28 0.0829 0.0612 0.0855 0.0719 0.3079 0.3905 
  29 0.0063 0.0233 0.0804 0.1962 0.5200 0.1738 
  30 0.0064 0.0514 0.4320 0.1476 0.2008 0.1619 
  31 0.1612 0.0253 0.1514 0.2005 0.3232 0.1384 
  32 0.0221 0.0326 0.2578 0.1440 0.2433 0.3002 
  33 0.0064 0.0904 0.1402 0.1271 0.3382 0.2978 
  34 0.1752 0.0306 0.1608 0.0628 0.4850 0.0857 
  35 0.0061 0.0269 0.2777 0.3680 0.1950 0.1264 
  36 0.0109 0.3068 0.0454 0.3460 0.1489 0.1420 
  37 0.0097 0.0236 0.0980 0.1577 0.3005 0.4105 
  38 0.0061 0.4334 0.0516 0.1746 0.2494 0.0850 
  39 0.0068 0.1244 0.1120 0.2334 0.3882 0.1352 
  40 0.0084 0.0396 0.0861 0.4719 0.1393 0.2546 
  41 0.0105 0.1134 0.0923 0.4079 0.2620 0.1139 
  42 0.0081 0.1939 0.0322 0.1763 0.1376 0.4518 
  43 0.0187 0.0199 0.0657 0.4214 0.2742 0.2001 
  44 0.0053 0.0247 0.1599 0.5362 0.1780 0.0959 
  45 0.0058 0.1635 0.0456 0.4545 0.2346 0.0959 
  46 0.0058 0.0401 0.2998 0.2655 0.2830 0.1057 
  47 0.0166 0.0227 0.3387 0.1617 0.2683 0.1921 
  48 0.0051 0.0227 0.1889 0.5822 0.1105 0.0906 
  49 0.0079 0.0738 0.1401 0.2907 0.3080 0.1796 
  50 0.0824 0.0388 0.2320 0.1277 0.4202 0.0991 
  51 0.0078 0.1325 0.0283 0.6307 0.1054 0.0954 
  52 0.0067 0.1105 0.1288 0.1939 0.3862 0.1739 
  53 0.0280 0.4320 0.1006 0.1105 0.2021 0.1267 
  54 0.0079 0.0164 0.1215 0.3318 0.2878 0.2347 
  55 0.0069 0.0206 0.0800 0.5796 0.1838 0.1291 
  56 0.0057 0.0585 0.2170 0.4408 0.1195 0.1586 
  57 0.0267 0.0281 0.3160 0.0736 0.2725 0.2830 
  58 0.0078 0.0520 0.0536 0.4720 0.2489 0.1656 
  59 0.0066 0.1975 0.0620 0.3812 0.2131 0.1395 
  60 0.0184 0.0645 0.0478 0.4610 0.1502 0.2581 
  61 0.0098 0.0170 0.0290 0.5689 0.1561 0.2192 
  62 0.0053 0.0340 0.2939 0.2495 0.2729 0.1444 
  63 0.0087 0.0485 0.0467 0.2555 0.3799 0.2608 
  64 0.0058 0.0763 0.4008 0.1584 0.2536 0.1051 
  65 0.0067 0.0234 0.0635 0.1166 0.7104 0.0795 
  66 0.0295 0.0272 0.0439 0.2857 0.3035 0.3102 
  67 0.0067 0.0168 0.0656 0.5253 0.2691 0.1164 
  68 0.0077 0.2287 0.0526 0.3296 0.2050 0.1765 
  69 0.3734 0.1701 0.0595 0.1079 0.2123 0.0767 
  70 0.0220 0.1011 0.0416 0.3588 0.2831 0.1932 
  71 0.0078 0.1379 0.0431 0.5412 0.1979 0.0721 
  72 0.0119 0.1848 0.1691 0.2239 0.2900 0.1204 
  73 0.0089 0.0245 0.0400 0.5863 0.2530 0.0874 
  74 0.0070 0.3061 0.0509 0.2461 0.1308 0.2591 
  75 0.0128 0.1732 0.0462 0.3424 0.0958 0.3296 
  76 0.0078 0.0285 0.0519 0.3081 0.4553 0.1484 
  77 0.0059 0.1870 0.0382 0.4066 0.2680 0.0943 
  78 0.0063 0.3142 0.0415 0.3248 0.2093 0.1039 
  79 0.0088 0.0397 0.0646 0.0601 0.7046 0.1223 
  80 0.0105 0.0265 0.0450 0.0602 0.2380 0.6197 
  81 0.0122 0.0336 0.0524 0.0539 0.3442 0.5036 
  82 0.0095 0.0296 0.0499 0.2569 0.3851 0.2691 
  83 0.0186 0.0779 0.0595 0.1114 0.3613 0.3713 
  84 0.0138 0.0492 0.0485 0.0665 0.4769 0.3451 
  85 0.0231 0.0908 0.0939 0.0975 0.2856 0.4091 
  86 0.0066 0.0263 0.1093 0.3835 0.3519 0.1224 
  87 0.0284 0.0537 0.0444 0.0914 0.6602 0.1220 
  88 0.0086 0.0303 0.0438 0.0868 0.3788 0.4516 
  89 0.0413 0.0287 0.0438 0.0808 0.3081 0.4973 
  90 0.0088 0.0293 0.0405 0.0710 0.6961 0.1545 
  91 0.0192 0.0757 0.0579 0.0869 0.1987 0.5616 
  92 0.0093 0.0348 0.0658 0.0963 0.5555 0.2384 
  93 0.1419 0.0209 0.0352 0.0606 0.1216 0.6198 
  94 0.0113 0.1736 0.0402 0.0640 0.6048 0.1061 
  95 0.0083 0.0282 0.0313 0.0686 0.5480 0.3156 
  96 0.0126 0.0197 0.0293 0.4393 0.1669 0.3322 
  97 0.0074 0.1988 0.0550 0.2735 0.1196 0.3456 
  98 0.0067 0.0307 0.0664 0.4334 0.2778 0.1850 
  99 0.0148 0.0362 0.0424 0.0621 0.5283 0.3162 
 100 0.0080 0.0156 0.0406 0.1095 0.1188 0.7075 
 101 0.1434 0.0468 0.0474 0.1433 0.4484 0.1708 
 102 0.0328 0.0557 0.0407 0.1366 0.3141 0.4200 
 103 0.0826 0.0208 0.0366 0.1941 0.4316 0.2343 
 104 0.0202 0.0223 0.0417 0.1170 0.6609 0.1379 
 105 0.0699 0.0184 0.0344 0.1498 0.5406 0.1869 
 106 0.0051 0.0540 0.0601 0.0865 0.7316 0.0628 
 107 0.0374 0.0215 0.0412 0.1774 0.5188 0.2037 
 108 0.0092 0.0718 0.0444 0.6540 0.1341 0.0866 
 109 0.0105 0.0631 0.0710 0.1719 0.6197 0.0638 
 110 0.0088 0.0518 0.0531 0.0636 0.7545 0.0682 
 111 0.0080 0.0196 0.0354 0.0885 0.7549 0.0937 
 112 0.0062 0.0390 0.0347 0.0988 0.7523 0.0689 
 113 0.0146 0.0441 0.0888 0.3787 0.3104 0.1634 
 114 0.0256 0.0203 0.0338 0.0968 0.6588 0.1647 
 115 0.0070 0.0276 0.0572 0.3053 0.4776 0.1253 
 116 0.0056 0.1033 0.0622 0.2764 0.4813 0.0712 
 117 0.0133 0.0433 0.0567 0.0883 0.7015 0.0968 
 118 0.0062 0.0237 0.0544 0.4009 0.4134 0.1014 
 119 0.0234 0.0488 0.0311 0.3294 0.2399 0.3274 
 120 0.0111 0.0278 0.0472 0.1876 0.5941 0.1321 
 121 0.0172 0.0360 0.0526 0.3290 0.4761 0.0892 
 122 0.0118 0.0386 0.0481 0.0867 0.7348 0.0800 
 123 0.0109 0.0403 0.0416 0.1100 0.6802 0.1171 
 124 0.0059 0.0944 0.1017 0.2023 0.4992 0.0965 
 125 0.0105 0.1238 0.1189 0.1313 0.5049 0.1106 
 126 0.0066 0.0825 0.0358 0.1762 0.5559 0.1430 
 127 0.0063 0.0189 0.0326 0.1207 0.7178 0.1037 
 128 0.0061 0.0180 0.0467 0.3455 0.4733 0.1104 
 129 0.0238 0.0191 0.0402 0.1851 0.6505 0.0812 
 130 0.0316 0.0221 0.0424 0.1059 0.6251 0.1729 
 131 0.0210 0.3292 0.0559 0.1562 0.3685 0.0692 
 132 0.0101 0.0362 0.0491 0.1205 0.7127 0.0714 
 133 0.0223 0.0291 0.0429 0.1634 0.6080 0.1343 
 134 0.0046 0.0276 0.0409 0.0546 0.8197 0.0526 
 135 0.0074 0.0285 0.0391 0.2640 0.1134 0.5475 
 136 0.0259 0.0212 0.0895 0.0652 0.0938 0.7044 
 137 0.0289 0.0205 0.0383 0.0493 0.1556 0.7074 
 138 0.0081 0.0247 0.0421 0.0603 0.0863 0.7785 
 139 0.0182 0.0233 0.0627 0.4024 0.1290 0.3644 
 140 0.0467 0.0448 0.0418 0.1440 0.2411 0.4816 
 141 0.1399 0.0334 0.1177 0.0932 0.1146 0.5011 
 142 0.0323 0.0248 0.0347 0.3226 0.1102 0.4754 
 143 0.0076 0.0168 0.0308 0.0495 0.0783 0.8169 
 144 0.0105 0.0188 0.0319 0.0529 0.1452 0.7405 
 145 0.0189 0.0329 0.1526 0.1225 0.1184 0.5548 
 146 0.0238 0.0396 0.0758 0.0907 0.2334 0.5366 
 147 0.0201 0.0183 0.0406 0.0450 0.0832 0.7928 
 148 0.2195 0.0223 0.0598 0.1585 0.1755 0.3644 
 149 0.3258 0.0348 0.0486 0.1743 0.0975 0.3190 
 150 0.0303 0.0220 0.0431 0.0781 0.2389 0.5876 
 151 0.0089 0.0190 0.0335 0.0641 0.1145 0.7600 
 152 0.0686 0.0357 0.0894 0.2230 0.1414 0.4419 
 153 0.0218 0.0369 0.0406 0.0861 0.1213 0.6934 
 154 0.4787 0.0216 0.0730 0.1287 0.0922 0.2058 
 155 0.0108 0.0174 0.0326 0.0578 0.1048 0.7766 
 156 0.0093 0.0190 0.0255 0.1658 0.1252 0.6552 
 157 0.0377 0.0340 0.0296 0.0496 0.2242 0.6250 
 158 0.0220 0.0382 0.1366 0.0918 0.1159 0.5955 
 159 0.2256 0.0184 0.0396 0.0535 0.0804 0.5825 
 160 0.2219 0.0186 0.0469 0.0652 0.0830 0.5644 
 161 0.0198 0.0393 0.0434 0.0749 0.1536 0.6690 
 162 0.0213 0.0351 0.1002 0.1253 0.2351 0.4831 
 163 0.0094 0.0190 0.0285 0.0691 0.0961 0.7778 
 164 0.3644 0.0262 0.0526 0.1029 0.2085 0.2454 
 165 0.0111 0.0216 0.0340 0.0670 0.2125 0.6538 
 166 0.4296 0.0415 0.0309 0.1031 0.1707 0.2241 
 167 0.5632 0.0191 0.1226 0.0506 0.1090 0.1355 
 168 0.0161 0.0720 0.0525 0.1007 0.1185 0.6402 
 169 0.0182 0.2152 0.1613 0.0986 0.1022 0.4044 
 170 0.0109 0.0202 0.0317 0.1178 0.1295 0.6899 
 171 0.0351 0.0510 0.0663 0.1244 0.1703 0.5530 
 172 0.0647 0.1792 0.0443 0.1822 0.0898 0.4398 
 173 0.0181 0.0166 0.0431 0.0718 0.0855 0.7649 
 174 0.0288 0.0210 0.0393 0.0526 0.1196 0.7387 
 175 0.0100 0.0178 0.0750 0.0629 0.0879 0.7465 
 176 0.0101 0.0190 0.0325 0.0520 0.1458 0.7406 
 177 0.0287 0.0625 0.0411 0.0660 0.2653 0.5364 
 178 0.0422 0.0222 0.0876 0.0598 0.1386 0.6496 
 179 0.1103 0.0170 0.0393 0.0520 0.0846 0.6968 
 180 0.0974 0.0343 0.0989 0.0941 0.1562 0.5191 
 181 0.0150 0.0288 0.0609 0.1326 0.1056 0.6571 
 182 0.0099 0.0172 0.0361 0.1019 0.0879 0.7471 
 183 0.0171 0.0170 0.0432 0.0614 0.0874 0.7739 
 184 0.0066 0.0198 0.2537 0.3638 0.2157 0.1404 
 185 0.0077 0.0167 0.0289 0.1525 0.0755 0.7186 
 186 0.0067 0.0183 0.0904 0.2130 0.5266 0.1450 
 187 0.0104 0.0195 0.0944 0.2431 0.1995 0.4331 
 188 0.0067 0.0157 0.0770 0.2764 0.5208 0.1035 
 189 0.0113 0.1001 0.1702 0.1672 0.1638 0.3873 
 190 0.0072 0.0140 0.0249 0.5655 0.0800 0.3083 
 191 0.0090 0.0180 0.0803 0.3783 0.2760 0.2384 
 192 0.0084 0.0207 0.0763 0.1526 0.3181 0.4238 
 193 0.0100 0.0250 0.1004 0.3106 0.2172 0.3368 
 194 0.0101 0.0251 0.0545 0.2144 0.2634 0.4325 
 195 0.0075 0.0159 0.0333 0.2147 0.0982 0.6306 
 196 0.0079 0.0166 0.0326 0.5596 0.1204 0.2628 
 197 0.0067 0.0179 0.2500 0.2227 0.2513 0.2514 
 198 0.0121 0.0458 0.0808 0.2066 0.3745 0.2802 
 199 0.0070 0.0240 0.0428 0.5331 0.1199 0.2732 
 200 0.0080 0.0327 0.0648 0.5269 0.1475 0.2200 
 201 0.0082 0.0149 0.0502 0.1849 0.1161 0.6258 
 202 0.0063 0.0157 0.0317 0.1673 0.1137 0.6653 
 203 0.0071 0.0145 0.0461 0.1987 0.1125 0.6211 
 204 0.0078 0.0152 0.0348 0.4463 0.1229 0.3731 
 205 0.0087 0.0234 0.0558 0.5647 0.1510 0.1963 
 206 0.0090 0.0149 0.0536 0.3847 0.1349 0.4028 
 207 0.0060 0.0142 0.0418 0.6029 0.1627 0.1725 
 208 0.0093 0.0152 0.0411 0.4267 0.1289 0.3788 
 209 0.0092 0.0180 0.0786 0.3943 0.2291 0.2708 
 210 0.0080 0.0159 0.0394 0.3587 0.1896 0.3883 
 211 0.0051 0.0138 0.0404 0.5275 0.1390 0.2742 
 212 0.0075 0.0207 0.0551 0.1286 0.1148 0.6734 
 213 0.0064 0.0345 0.0337 0.3646 0.2932 0.2677 
 214 0.0066 0.0148 0.0493 0.1950 0.1061 0.6282 
 215 0.0079 0.0192 0.0479 0.6347 0.1566 0.1337 
 216 0.0069 0.0220 0.2279 0.3104 0.2381 0.1946 
 217 0.0078 0.0187 0.0619 0.2740 0.1019 0.5357 
 218 0.0086 0.0240 0.0723 0.4160 0.1994 0.2795 
 219 0.0082 0.0295 0.2566 0.1544 0.1646 0.3867 
 220 0.0088 0.0147 0.0433 0.5409 0.1791 0.2132 
 221 0.0066 0.0151 0.0299 0.1550 0.0751 0.7184 
 222 0.0084 0.0224 0.2879 0.1787 0.2346 0.2680 
 223 0.0107 0.0252 0.1083 0.1854 0.1752 0.4952 
 224 0.0087 0.0148 0.0535 0.1905 0.1364 0.5960 
 225 0.0079 0.0198 0.0521 0.4585 0.1515 0.3103 
 226 0.0131 0.0787 0.1345 0.3951 0.1382 0.2405 
 227 0.0082 0.0157 0.0395 0.3646 0.1396 0.4324 
 228 0.0082 0.0154 0.0315 0.3471 0.0886 0.5090 
 229 0.0078 0.0151 0.0627 0.1491 0.1812 0.5842 
 230 0.0072 0.0144 0.0551 0.2468 0.1666 0.5099 
 231 0.0081 0.0178 0.0966 0.1597 0.1840 0.5337 
 232 0.0068 0.0432 0.0524 0.2027 0.2144 0.4804 
 233 0.0070 0.0146 0.0510 0.1482 0.1083 0.6708 
 234 0.0085 0.0251 0.1041 0.1866 0.3148 0.3609 
 235 0.0107 0.0265 0.0825 0.3209 0.1473 0.4120 
 236 0.0068 0.0205 0.0858 0.2110 0.1534 0.5225 
 237 0.0060 0.0181 0.0486 0.4887 0.1740 0.2646 
 238 0.0073 0.0164 0.0453 0.1585 0.1596 0.6129 
 239 0.0076 0.0153 0.0329 0.2187 0.0978 0.6278 
 240 0.0072 0.0164 0.0448 0.1594 0.1597 0.6125 
 241 0.0095 0.0198 0.0400 0.1534 0.1048 0.6724 
 242 0.0100 0.0433 0.1013 0.2544 0.1967 0.3943 
 243 0.0069 0.0137 0.0294 0.5868 0.0924 0.2709 
 244 0.0068 0.0146 0.0492 0.2184 0.1223 0.5887 
 245 0.0079 0.0173 0.0289 0.1010 0.1078 0.7371 
 246 0.0073 0.0190 0.0633 0.2684 0.1005 0.5415 
 247 0.0061 0.0338 0.0471 0.2780 0.5178 0.1174 
 248 0.0056 0.0178 0.0508 0.6152 0.1955 0.1151 
 249 0.0067 0.0148 0.0557 0.2250 0.1443 0.5535 
 250 0.0072 0.0191 0.0944 0.2267 0.2010 0.4515 
 251 0.0104 0.0592 0.1281 0.4078 0.2067 0.1878 
 252 0.0090 0.0220 0.0650 0.2731 0.1738 0.4570 
 253 0.0076 0.0409 0.0632 0.4394 0.2589 0.1900 
 254 0.0069 0.0180 0.2162 0.2435 0.2137 0.3017 
 255 0.0098 0.0190 0.1066 0.2137 0.2761 0.3747 
 256 0.0086 0.0184 0.0549 0.3269 0.1246 0.4665 
 257 0.0174 0.0212 0.0605 0.4198 0.1778 0.3033 
 258 0.0089 0.0249 0.0473 0.4590 0.2622 0.1977 
 259 0.0082 0.0187 0.0869 0.3450 0.2026 0.3386 
 260 0.0063 0.0181 0.2267 0.1069 0.1940 0.4480 
 261 0.0077 0.0237 0.0567 0.2425 0.1299 0.5395 
 262 0.0072 0.0180 0.0347 0.3956 0.0782 0.4663 
 263 0.0065 0.0143 0.1099 0.4539 0.1913 0.2241 
 264 0.0054 0.0268 0.4408 0.2320 0.2101 0.0850 
 265 0.0090 0.0261 0.1073 0.3650 0.1654 0.3273 
 266 0.0062 0.0153 0.0298 0.1455 0.0776 0.7256 
 267 0.0065 0.0174 0.0871 0.2486 0.2213 0.4191 
 268 0.0079 0.0166 0.0321 0.5569 0.1224 0.2641 
 269 0.0096 0.0463 0.2160 0.1907 0.1837 0.3537 
 270 0.0143 0.0201 0.1651 0.3112 0.2864 0.2029 
 271 0.0094 0.0242 0.0545 0.5564 0.1752 0.1803 
 272 0.0110 0.0599 0.0716 0.5534 0.1292 0.1749 
 273 0.1384 0.0457 0.1206 0.2039 0.2046 0.2869 
 274 0.0101 0.0334 0.1091 0.4387 0.1785 0.2302 
 275 0.0527 0.0349 0.1439 0.4011 0.1322 0.2352 
 276 0.0079 0.0472 0.0629 0.5865 0.1407 0.1549 
 277 0.0095 0.0256 0.1161 0.1964 0.1933 0.4591 
 278 0.0075 0.0193 0.0440 0.6530 0.1216 0.1546 
 279 0.0092 0.0254 0.0929 0.3384 0.1779 0.3563 
 280 0.0067 0.0379 0.1492 0.3566 0.1484 0.3012 
 281 0.0104 0.0270 0.0627 0.3729 0.2615 0.2655 
 282 0.0071 0.0209 0.0974 0.1264 0.1631 0.5851 
 283 0.0078 0.0147 0.0590 0.1285 0.1417 0.6483 
 284 0.0185 0.0224 0.0592 0.2709 0.2529 0.3761 
 285 0.0052 0.0237 0.0480 0.6573 0.1891 0.0768 
 286 0.0066 0.0146 0.0479 0.2162 0.1229 0.5918 
 287 0.0122 0.0414 0.1155 0.2479 0.2439 0.3390 
 288 0.0111 0.0455 0.1001 0.5055 0.1475 0.1903 
 289 0.0536 0.0306 0.0762 0.4570 0.2356 0.1470 
 290 0.0053 0.0320 0.1570 0.4315 0.1482 0.2259 
 291 0.0088 0.0245 0.0539 0.5571 0.1751 0.1806 
 292 0.0071 0.0462 0.0879 0.3781 0.1223 0.3584 
 293 0.0052 0.0438 0.1717 0.4111 0.2281 0.1401 
 294 0.0068 0.0176 0.1086 0.5033 0.1846 0.1790 
 295 0.0436 0.0716 0.0824 0.4685 0.1739 0.1600 
 296 0.0081 0.0205 0.0439 0.5610 0.1765 0.1900 
 297 0.0073 0.0369 0.2001 0.3282 0.1955 0.2320 
 298 0.0075 0.0197 0.1130 0.1273 0.2178 0.5147 
 299 0.0075 0.0148 0.1662 0.2566 0.2769 0.2779 
 300 0.0061 0.0193 0.0507 0.5870 0.1703 0.1665 
 301 0.0137 0.0232 0.3103 0.3080 0.1733 0.1715 
 302 0.0136 0.0183 0.0921 0.5785 0.1532 0.1443 
 303 0.0063 0.0223 0.0667 0.1847 0.1495 0.5706 
 304 0.0146 0.0163 0.2146 0.0822 0.2318 0.4406 
 305 0.0187 0.0204 0.0434 0.3957 0.0957 0.4261 
 306 0.0093 0.0253 0.0865 0.2200 0.1148 0.5442 
 307 0.0094 0.0252 0.1040 0.2538 0.1847 0.4228 
 308 0.0079 0.0225 0.0571 0.2424 0.1302 0.5401 
 309 0.0567 0.0236 0.0463 0.4676 0.2331 0.1726 
 310 0.0068 0.0148 0.0411 0.4051 0.1048 0.4274 
 311 0.0076 0.0148 0.0552 0.2482 0.1675 0.5068 
 312 0.0086 0.0148 0.0332 0.5173 0.2148 0.2113 
 313 0.0067 0.0173 0.0358 0.7040 0.1271 0.1092 
 314 0.1849 0.0235 0.0321 0.0774 0.0798 0.6022 
 315 0.2778 0.0340 0.0364 0.0815 0.0903 0.4800 
 316 0.5884 0.0280 0.0357 0.0476 0.0860 0.2143 
 317 0.2224 0.0228 0.0345 0.0523 0.0832 0.5847 
 318 0.5131 0.0190 0.0368 0.0383 0.0795 0.3132 
 319 0.0079 0.0166 0.0335 0.0513 0.0781 0.8126 
 320 0.1825 0.0233 0.0330 0.0788 0.0796 0.6027 
 321 0.4450 0.0203 0.0375 0.0474 0.0816 0.3682 
 322 0.2692 0.0373 0.0398 0.0847 0.0993 0.4697 
 323 0.1774 0.0177 0.0492 0.0433 0.0811 0.6313 
 324 0.4489 0.0206 0.0381 0.0472 0.0816 0.3636 
 325 0.6305 0.0255 0.0333 0.0441 0.0841 0.1825 
 326 0.7083 0.0234 0.0314 0.0418 0.0822 0.1129 
 327 0.2229 0.0225 0.0352 0.0524 0.0824 0.5847 
 328 0.2804 0.0334 0.0392 0.0751 0.0997 0.4721 
 329 0.0231 0.0182 0.0354 0.0395 0.0806 0.8032 
 330 0.2262 0.0220 0.0354 0.0516 0.0827 0.5820 
 331 0.1374 0.0179 0.0364 0.0435 0.0812 0.6837 
 332 0.7045 0.0233 0.0349 0.0412 0.0819 0.1141 
 333 0.5876 0.0243 0.0345 0.0556 0.0882 0.2098 
 334 0.2856 0.0335 0.0392 0.0750 0.0997 0.4669 
 335 0.1019 0.0363 0.0380 0.0774 0.1000 0.6464 
 336 0.5941 0.0199 0.0380 0.0597 0.0769 0.2116 
 337 0.5745 0.0281 0.0337 0.0570 0.0884 0.2182 
 338 0.6451 0.0185 0.0374 0.0382 0.0780 0.1829 
 339 0.1375 0.0179 0.0363 0.0424 0.0802 0.6857 
 340 0.0341 0.0166 0.0314 0.0449 0.0773 0.7956 
 341 0.3064 0.0184 0.0436 0.0466 0.0798 0.5052 
 342 0.2187 0.0221 0.0350 0.0517 0.0831 0.5895 
 343 0.2667 0.0334 0.0457 0.0985 0.0926 0.4631 
 344 0.1389 0.0179 0.0373 0.0398 0.0802 0.6860 
 345 0.2196 0.0221 0.0348 0.0513 0.0822 0.5900 
 346 0.2576 0.0218 0.0345 0.0445 0.0806 0.5610 
 347 0.0370 0.0167 0.0319 0.0412 0.0767 0.7964 
 348 0.0719 0.0371 0.0348 0.1228 0.0939 0.6394 
 349 0.2177 0.0231 0.0345 0.0516 0.0836 0.5895 
 350 0.0177 0.0180 0.0359 0.0609 0.0779 0.7896 
 351 0.0992 0.0369 0.0379 0.0758 0.1005 0.6496 
 352 0.3635 0.0351 0.0341 0.0751 0.0955 0.3967 
 353 0.5924 0.0198 0.0380 0.0602 0.0769 0.2127 
 354 0.1597 0.0191 0.0385 0.0408 0.0814 0.6605 
 355 0.5120 0.0193 0.0370 0.0389 0.0785 0.3142 
 356 0.0152 0.0380 0.0357 0.1242 0.0963 0.6906 
 357 0.0255 0.1097 0.1000 0.0701 0.2036 0.4911 
 358 0.5892 0.0247 0.0361 0.0457 0.0860 0.2183 
 359 0.4579 0.0177 0.0386 0.0447 0.0827 0.3583 
 360 0.2559 0.0212 0.0340 0.0452 0.0814 0.5622 
 361 0.0198 0.1087 0.1009 0.0881 0.2154 0.4671 
 362 0.0211 0.1530 0.0691 0.1652 0.4382 0.1534 
 363 0.0120 0.0746 0.1302 0.1210 0.5674 0.0947 
 364 0.0148 0.0282 0.3136 0.1001 0.2095 0.3338 
 365 0.0097 0.0946 0.4366 0.0962 0.2613 0.1016 
 366 0.0118 0.0602 0.2048 0.3507 0.1785 0.1942 
 367 0.0054 0.0751 0.0484 0.0505 0.7555 0.0651 
 368 0.0089 0.0295 0.0649 0.0860 0.6887 0.1220 
 369 0.0532 0.0388 0.1316 0.2448 0.2461 0.2855 
 370 0.0464 0.0349 0.0884 0.1671 0.5299 0.1333 
 371 0.0447 0.0292 0.2381 0.1866 0.3172 0.1842 
 372 0.0587 0.0445 0.1077 0.2225 0.3559 0.2106 
 373 0.0077 0.0307 0.0939 0.0809 0.5569 0.2298 
 374 0.0717 0.0758 0.1018 0.1003 0.3497 0.3008 
 375 0.0126 0.0359 0.2430 0.0655 0.5579 0.0851 
 376 0.0088 0.1649 0.4186 0.0482 0.2820 0.0776 
 377 0.0317 0.1347 0.1023 0.1859 0.4240 0.1213 
 378 0.0464 0.0342 0.0325 0.0765 0.5734 0.2369 
 379 0.0112 0.1258 0.4704 0.0626 0.2628 0.0672 
 380 0.0146 0.3210 0.1508 0.1136 0.1323 0.2678 
 381 0.0074 0.0735 0.4442 0.1406 0.1162 0.2181 
 382 0.0145 0.0413 0.1505 0.0573 0.6489 0.0875 
 383 0.2195 0.2467 0.2182 0.0788 0.1274 0.1094 
 384 0.0855 0.0408 0.4801 0.0591 0.2093 0.1252 
 385 0.2090 0.0249 0.1344 0.0619 0.4316 0.1381 
 386 0.0066 0.0867 0.0743 0.0753 0.6670 0.0901 
 387 0.0064 0.0627 0.1209 0.0784 0.6213 0.1104 
 388 0.0476 0.0512 0.1538 0.0707 0.3886 0.2882 
 389 0.0208 0.0234 0.0869 0.5779 0.1991 0.0919 
 390 0.0259 0.2288 0.0744 0.1610 0.4232 0.0866 
 391 0.0243 0.0372 0.1053 0.2790 0.4053 0.1488 
 392 0.0068 0.1016 0.2216 0.0886 0.3795 0.2019 
 393 0.0097 0.5238 0.0991 0.0724 0.1228 0.1721 
 394 0.0850 0.0894 0.0503 0.0828 0.4256 0.2670 
 395 0.0052 0.1945 0.0449 0.3267 0.3111 0.1177 
 396 0.0053 0.0268 0.1377 0.0719 0.6876 0.0707 
 397 0.0082 0.0190 0.4025 0.1598 0.1543 0.2563 
 398 0.0071 0.4486 0.0902 0.0582 0.3244 0.0715 
 399 0.0141 0.0711 0.0452 0.1726 0.6056 0.0914 
 400 0.0075 0.0430 0.1152 0.0666 0.6279 0.1398 
 401 0.0062 0.0449 0.0345 0.1340 0.6337 0.1467 
 402 0.0086 0.0322 0.1543 0.2209 0.4128 0.1713 
 403 0.0082 0.0440 0.1002 0.0954 0.2747 0.4774 
 404 0.0058 0.0390 0.2666 0.1090 0.3707 0.2090 
 405 0.0100 0.1037 0.1441 0.1874 0.3789 0.1759 
 406 0.0061 0.3327 0.0489 0.2533 0.1163 0.2427 
 407 0.0054 0.3929 0.1184 0.0730 0.3351 0.0753 
 408 0.0050 0.0269 0.0296 0.2613 0.6050 0.0722 
 409 0.0154 0.2468 0.0420 0.1263 0.1467 0.4228 
 410 0.0325 0.0758 0.2284 0.0907 0.4288 0.1438 
 411 0.0663 0.0549 0.3115 0.1341 0.2747 0.1585 
 412 0.0080 0.0329 0.0653 0.0705 0.7088 0.1145 
 413 0.0387 0.0385 0.0456 0.0778 0.5679 0.2315 
 414 0.0110 0.0227 0.1000 0.0840 0.7079 0.0744 
 415 0.0073 0.1589 0.1999 0.1821 0.3441 0.1076 
 416 0.0066 0.0540 0.1062 0.1335 0.4899 0.2097 
 417 0.0233 0.3029 0.0944 0.0716 0.4227 0.0851 
 418 0.0066 0.0293 0.0829 0.0532 0.7503 0.0777 
 419 0.0130 0.0717 0.1016 0.1280 0.3714 0.3144 
 420 0.0054 0.0550 0.0343 0.2422 0.5628 0.1003 
 421 0.0252 0.1284 0.0648 0.0878 0.5993 0.0945 
 422 0.0067 0.2514 0.0662 0.3317 0.2156 0.1284 
 423 0.0067 0.0975 0.2864 0.1537 0.3328 0.1230 
 424 0.0114 0.0939 0.0562 0.1679 0.5283 0.1423 
 425 0.0127 0.0377 0.3780 0.1113 0.2835 0.1767 
 426 0.0914 0.0741 0.1149 0.0774 0.5124 0.1298 
 427 0.0243 0.4531 0.0396 0.0527 0.2653 0.1651 
 428 0.0089 0.3439 0.0578 0.1244 0.1511 0.3139 
 429 0.0057 0.1592 0.1327 0.0497 0.5856 0.0671 
 430 0.0073 0.4864 0.0681 0.0665 0.2827 0.0890 
 431 0.0218 0.0480 0.1152 0.1381 0.5259 0.1511 
 432 0.0092 0.0351 0.0592 0.0899 0.6705 0.1361 
 433 0.0105 0.0251 0.0815 0.1401 0.3003 0.4425 
 434 0.0106 0.0427 0.1671 0.1288 0.3910 0.2599 
 435 0.0060 0.5778 0.0441 0.0618 0.2436 0.0666 
 436 0.0088 0.5679 0.0560 0.0582 0.2021 0.1069 
 437 0.0077 0.0765 0.5152 0.0725 0.2504 0.0777 
 438 0.0136 0.5084 0.0311 0.1219 0.1904 0.1345 
 439 0.0074 0.6631 0.0455 0.0424 0.1556 0.0859 
 440 0.0058 0.4191 0.0868 0.0807 0.3495 0.0582 
 441 0.0159 0.3524 0.0756 0.0641 0.3153 0.1767 
 442 0.0057 0.0776 0.1532 0.1116 0.5627 0.0892 
 443 0.0067 0.1249 0.0462 0.2002 0.5504 0.0716 
 444 0.0071 0.1495 0.1728 0.1406 0.4469 0.0832 
 445 0.0079 0.4028 0.1089 0.0883 0.1474 0.2448 
 446 0.0106 0.5328 0.0760 0.0400 0.2677 0.0729 
 447 0.0101 0.2830 0.0856 0.1522 0.3097 0.1594 
 448 0.0085 0.1584 0.1573 0.1022 0.4834 0.0901 
 449 0.0089 0.1443 0.2014 0.1092 0.3912 0.1451 
 450 0.0090 0.0627 0.3824 0.0423 0.3485 0.1551 
 451 0.0064 0.0481 0.0629 0.1118 0.7113 0.0594 
 452 0.0078 0.1241 0.2422 0.0532 0.4244 0.1483 
 453 0.0090 0.0625 0.0456 0.4030 0.3261 0.1539 
 454 0.0276 0.2462 0.1111 0.0829 0.3883 0.1438 
 455 0.0077 0.6581 0.0391 0.0608 0.1666 0.0678 
 456 0.0063 0.3484 0.0996 0.1876 0.2877 0.0704 
 457 0.0082 0.3235 0.2755 0.0685 0.2383 0.0861 
 458 0.0074 0.5031 0.1226 0.0490 0.2211 0.0967 
 459 0.0100 0.3341 0.0504 0.0544 0.3705 0.1806 
 460 0.0074 0.3078 0.0517 0.0557 0.5032 0.0743 
 461 0.0073 0.0673 0.0637 0.0382 0.7447 0.0789 
 462 0.0064 0.2171 0.1357 0.1395 0.4426 0.0587 
 463 0.0093 0.4037 0.0391 0.2637 0.1578 0.1263 
 464 0.0071 0.2585 0.0445 0.1113 0.5056 0.0730 
 465 0.0078 0.1519 0.0531 0.0862 0.6029 0.0981 
 466 0.0071 0.1886 0.0470 0.2304 0.4464 0.0805 
 467 0.0115 0.3024 0.0700 0.1127 0.3700 0.1334 
 468 0.0057 0.6070 0.0911 0.0895 0.1406 0.0662 
 469 0.0064 0.7381 0.0367 0.0377 0.1140 0.0670 
 470 0.0063 0.6214 0.0372 0.0505 0.2206 0.0639 
 471 0.0056 0.0547 0.1274 0.3395 0.3833 0.0895 
 472 0.0070 0.1462 0.1165 0.1463 0.4721 0.1119 
 473 0.0129 0.1769 0.1382 0.1354 0.3926 0.1440 
 474 0.0068 0.1487 0.1878 0.0969 0.3978 0.1620 
 475 0.0083 0.0984 0.0605 0.0848 0.5760 0.1720 
 476 0.0083 0.2793 0.2483 0.0710 0.2979 0.0952 
 477 0.0133 0.1276 0.0567 0.0947 0.5749 0.1329 
 478 0.0087 0.0786 0.0405 0.0539 0.7500 0.0683 
 479 0.0072 0.3024 0.0946 0.0583 0.4672 0.0702 
 480 0.0069 0.4209 0.2099 0.0514 0.2292 0.0818 
 481 0.0054 0.0476 0.2514 0.2187 0.3847 0.0923 
 482 0.0058 0.3310 0.1225 0.0452 0.4250 0.0705 
 483 0.0106 0.6229 0.0485 0.0457 0.1873 0.0851 
 484 0.0073 0.5382 0.0364 0.1641 0.1696 0.0845 
 485 0.0082 0.6911 0.0366 0.0467 0.1508 0.0665 
 486 0.0087 0.0282 0.1277 0.4027 0.3129 0.1197 
 487 0.0106 0.0285 0.2679 0.1816 0.2522 0.2593 
 488 0.0086 0.0262 0.1237 0.2006 0.4320 0.2089 
 489 0.0111 0.0182 0.2919 0.2505 0.1628 0.2656 
 490 0.0060 0.0386 0.0889 0.2060 0.5799 0.0805 
 491 0.0105 0.0213 0.1139 0.3240 0.2370 0.2932 
 492 0.0071 0.0225 0.0578 0.1590 0.3531 0.4005 
 493 0.0071 0.0179 0.2659 0.3367 0.2320 0.1404 
 494 0.0083 0.0269 0.2823 0.2343 0.2182 0.2299 
 495 0.0091 0.0238 0.1112 0.1467 0.4425 0.2667 
 496 0.0122 0.0356 0.0615 0.1627 0.2178 0.5102 
 497 0.0170 0.0214 0.2098 0.2045 0.2524 0.2950 
 498 0.0099 0.0262 0.0983 0.2522 0.4613 0.1520 
 499 0.0137 0.0231 0.2238 0.1795 0.1567 0.4033 
 500 0.0063 0.0261 0.4807 0.1830 0.1583 0.1456 
 501 0.0068 0.0263 0.2549 0.0942 0.2719 0.3460 
 502 0.0076 0.0243 0.1007 0.0726 0.4130 0.3819 
 503 0.0060 0.0447 0.4128 0.1176 0.3123 0.1066 
 504 0.0077 0.0267 0.0504 0.1636 0.6344 0.1171 
 505 0.0067 0.0237 0.0960 0.4954 0.1753 0.2029 
 506 0.0084 0.0216 0.0732 0.1235 0.4163 0.3569 
 507 0.0102 0.0191 0.0422 0.1305 0.0915 0.7065 
 508 0.0109 0.0162 0.0623 0.2047 0.1144 0.5915 
 509 0.0070 0.0279 0.0789 0.3377 0.1827 0.3659 
 510 0.0068 0.0179 0.3756 0.0994 0.1671 0.3332 
 511 0.0072 0.0635 0.2153 0.2264 0.3611 0.1265 
 512 0.0052 0.0341 0.3536 0.0878 0.4362 0.0831 
 513 0.0074 0.0142 0.0355 0.5318 0.2892 0.1219 
 514 0.0124 0.0294 0.0521 0.1331 0.6093 0.1637 
 515 0.0086 0.1689 0.1547 0.2038 0.2109 0.2531 
 516 0.0078 0.0289 0.0493 0.2616 0.4973 0.1551 
 517 0.0121 0.1054 0.0546 0.2584 0.3109 0.2585 
 518 0.0122 0.0199 0.3716 0.1054 0.1653 0.3256 
 519 0.0070 0.0324 0.0447 0.0994 0.6372 0.1793 
 520 0.0116 0.2030 0.0542 0.2372 0.1145 0.3795 
 521 0.2541 0.0235 0.0424 0.1570 0.2908 0.2322 
 522 0.0083 0.0533 0.3378 0.2970 0.2039 0.0996 
 523 0.0454 0.0612 0.0386 0.3720 0.2205 0.2623 
 524 0.0111 0.3100 0.0653 0.2039 0.2180 0.1916 
 525 0.0137 0.0718 0.2868 0.1486 0.1426 0.3365 
 526 0.0077 0.3953 0.0368 0.2722 0.1130 0.1750 
 527 0.0065 0.0214 0.4191 0.0951 0.3450 0.1130 
 528 0.0310 0.0182 0.0507 0.1698 0.1666 0.5636 
 529 0.0195 0.0260 0.1532 0.1884 0.3370 0.2758 
 530 0.0074 0.0456 0.2944 0.2645 0.2225 0.1657 
 531 0.0323 0.0667 0.1068 0.1408 0.2209 0.4325 
 532 0.0373 0.0188 0.2479 0.1926 0.2213 0.2821 
 533 0.0092 0.0475 0.3128 0.2978 0.1880 0.1447 
 534 0.0076 0.0210 0.0969 0.4595 0.1890 0.2259 
 535 0.0092 0.0815 0.0475 0.3222 0.3724 0.1672 
 536 0.0092 0.1639 0.0817 0.1678 0.2249 0.3525 
 537 0.0351 0.0302 0.0655 0.2574 0.1667 0.4450 
 538 0.0086 0.0379 0.0639 0.3542 0.1911 0.3443 
 539 0.0071 0.0149 0.0523 0.1249 0.1075 0.6933 
 540 0.2103 0.0383 0.0666 0.3679 0.1587 0.1582 
 541 0.1479 0.0545 0.0779 0.1058 0.1777 0.4362 
 542 0.0060 0.1869 0.0585 0.4617 0.1455 0.1413 
 543 0.2864 0.0491 0.0334 0.2589 0.2187 0.1535 
 544 0.0152 0.0428 0.0524 0.5543 0.1705 0.1649 
 545 0.0094 0.2510 0.0391 0.4395 0.1729 0.0880 
 546 0.0172 0.0435 0.0621 0.4319 0.1823 0.2630 
 547 0.0175 0.0781 0.0352 0.4097 0.1691 0.2903 
 548 0.0074 0.0191 0.0971 0.2225 0.2015 0.4524 
 549 0.0128 0.2042 0.0427 0.0892 0.1140 0.5371 
 550 0.0071 0.1451 0.0478 0.4166 0.2499 0.1335 
 551 0.0154 0.0506 0.0522 0.0761 0.1606 0.6452 
 552 0.0068 0.0245 0.0793 0.3836 0.1390 0.3667 
 553 0.1247 0.0359 0.0315 0.4488 0.1477 0.2114 
 554 0.2623 0.0351 0.1252 0.1719 0.2868 0.1187 
 555 0.0388 0.0232 0.0554 0.3313 0.1581 0.3933 
 556 0.0154 0.0278 0.0582 0.4158 0.1939 0.2890 
 557 0.0239 0.3503 0.0445 0.1459 0.2269 0.2084 
 558 0.0062 0.4043 0.1069 0.0394 0.3718 0.0714 
 559 0.0108 0.0258 0.0601 0.2101 0.5565 0.1368 
 560 0.0050 0.2045 0.0364 0.0670 0.6292 0.0579 
 561 0.0060 0.0665 0.0741 0.1282 0.6463 0.0789 
 562 0.0058 0.0466 0.0949 0.2054 0.5900 0.0572 
 563 0.0090 0.0646 0.0433 0.0713 0.5244 0.2874 
 564 0.0321 0.0296 0.0850 0.3710 0.3568 0.1255 
 565 0.0065 0.5130 0.1041 0.0540 0.2332 0.0891 
 566 0.0062 0.0711 0.0606 0.0695 0.7349 0.0578 
 567 0.0070 0.0236 0.0918 0.3253 0.4523 0.1000 
 568 0.0087 0.0776 0.0466 0.1518 0.5896 0.1257 
 569 0.0361 0.0712 0.1517 0.2007 0.4355 0.1048 
 570 0.0072 0.1010 0.3566 0.0515 0.4213 0.0623 
 571 0.0109 0.0555 0.0393 0.0801 0.7242 0.0900 
 572 0.0133 0.0658 0.0652 0.4219 0.1850 0.2489 
 573 0.0328 0.1510 0.0567 0.2507 0.3652 0.1437 
 574 0.0385 0.0646 0.2807 0.1023 0.2975 0.2163 
 575 0.0065 0.0451 0.0517 0.0862 0.5761 0.2344 
 576 0.0070 0.0527 0.0629 0.0570 0.7623 0.0581 
 577 0.0105 0.0441 0.2035 0.0801 0.4312 0.2306 
 578 0.0106 0.0932 0.0615 0.0879 0.6523 0.0946 
 579 0.0130 0.0608 0.0811 0.1230 0.6307 0.0915 
 580 0.0095 0.1409 0.1632 0.0729 0.4599 0.1535 
 581 0.0086 0.1651 0.0811 0.0630 0.5685 0.1136 
 582 0.0066 0.2495 0.1257 0.0905 0.4577 0.0699 
 583 0.0214 0.0463 0.1324 0.0688 0.6416 0.0895 
 584 0.0063 0.0532 0.0768 0.0563 0.7361 0.0713 
 585 0.0081 0.0747 0.0785 0.0766 0.6791 0.0830 
 586 0.0077 0.0309 0.0375 0.1112 0.6927 0.1200 
 587 0.0053 0.0425 0.2353 0.1963 0.4513 0.0693 
 588 0.0138 0.0159 0.0341 0.7276 0.1242 0.0844 
 589 0.0147 0.1804 0.1719 0.2078 0.3563 0.0689 
 590 0.0052 0.0200 0.0772 0.1274 0.6805 0.0897 
 591 0.0082 0.0381 0.0417 0.0727 0.7377 0.1017 
 592 0.0061 0.0517 0.0589 0.2897 0.5119 0.0819 
 593 0.0106 0.1065 0.0595 0.1208 0.5447 0.1579 
 594 0.0361 0.0413 0.0886 0.0956 0.5433 0.1951 
 595 0.0048 0.0202 0.4289 0.0862 0.3912 0.0687 
 596 0.0082 0.0907 0.0717 0.4549 0.2484 0.1262 
 597 0.0396 0.0420 0.0339 0.1096 0.5134 0.2616 
 598 0.0077 0.1813 0.3754 0.0460 0.3232 0.0663 
 599 0.0063 0.0421 0.0692 0.1332 0.6865 0.0628 
 600 0.0192 0.1660 0.1314 0.1196 0.3955 0.1683 
 601 0.0048 0.0843 0.0636 0.1080 0.6681 0.0711 
 602 0.0090 0.0355 0.0949 0.1598 0.3752 0.3254 
 603 0.0084 0.0285 0.0730 0.1527 0.4537 0.2837 
 604 0.0382 0.2976 0.1807 0.1163 0.2066 0.1607 
 605 0.0082 0.0742 0.0733 0.1777 0.5500 0.1167 
 606 0.0198 0.0427 0.1652 0.2039 0.3008 0.2676 
 607 0.0131 0.0725 0.1565 0.0848 0.2995 0.3736 
 608 0.0102 0.0742 0.0537 0.0626 0.2647 0.5346 
 609 0.0079 0.0997 0.1705 0.1032 0.4580 0.1607 
 610 0.0073 0.4455 0.0699 0.1718 0.1931 0.1123 
 611 0.0085 0.0413 0.0672 0.2177 0.4012 0.2641 
 612 0.0129 0.4893 0.1388 0.0756 0.1910 0.0924 
 613 0.0261 0.0730 0.2702 0.2058 0.2887 0.1361 
 614 0.0050 0.0627 0.6142 0.0805 0.1577 0.0800 
 615 0.0063 0.2465 0.2931 0.1032 0.1749 0.1760 
 616 0.0145 0.0338 0.1919 0.0863 0.4058 0.2677 
 617 0.0186 0.0491 0.3390 0.2099 0.3036 0.0799 
 618 0.0844 0.3018 0.1267 0.1255 0.1375 0.2241 
 619 0.0197 0.1104 0.0593 0.2101 0.3922 0.2084 
 620 0.0059 0.0398 0.0401 0.3077 0.5425 0.0640 
 621 0.0074 0.0576 0.0976 0.0528 0.6926 0.0919 
 622 0.0455 0.0960 0.2617 0.2685 0.1919 0.1364 
 623 0.0096 0.0467 0.0820 0.1764 0.5844 0.1009 
 624 0.1750 0.3029 0.0887 0.0759 0.2076 0.1499 
 625 0.0355 0.0602 0.3391 0.0705 0.2965 0.1981 
 626 0.1796 0.1899 0.0745 0.1752 0.0995 0.2813 
 627 0.0154 0.0510 0.1003 0.1678 0.5245 0.1410 
 628 0.0059 0.0327 0.0978 0.2356 0.4708 0.1572 
 629 0.0065 0.0258 0.2528 0.1177 0.4188 0.1784 
 630 0.0137 0.0960 0.2459 0.0957 0.4085 0.1403 
 631 0.0075 0.0496 0.2650 0.0944 0.4196 0.1639 
 632 0.0123 0.0353 0.1337 0.2528 0.1799 0.3861 
 633 0.0203 0.1491 0.1656 0.0944 0.3494 0.2211 
 634 0.0109 0.0580 0.0981 0.1662 0.3340 0.3327 
 635 0.0104 0.0497 0.1225 0.0918 0.1795 0.5461 
 636 0.0532 0.0659 0.1783 0.0929 0.3521 0.2576 
 637 0.0064 0.0505 0.1030 0.4023 0.2289 0.2089 
 638 0.0105 0.0376 0.1575 0.1096 0.4387 0.2461 
 639 0.0174 0.0927 0.3089 0.1197 0.2632 0.1982 
 640 0.0176 0.0368 0.0648 0.0594 0.7074 0.1141 
 641 0.0093 0.0325 0.3239 0.1323 0.3328 0.1692 
 642 0.0243 0.0440 0.0470 0.1266 0.1896 0.5685 
 643 0.0344 0.0283 0.0371 0.0560 0.1518 0.6924 
 644 0.0997 0.0289 0.0467 0.0942 0.2111 0.5194 
 645 0.0177 0.2360 0.0653 0.0887 0.0855 0.5068 
 646 0.0234 0.0371 0.0526 0.2613 0.3917 0.2339 
 647 0.0157 0.0292 0.0457 0.1094 0.3022 0.4979 
 648 0.0978 0.0242 0.2226 0.3440 0.1195 0.1918 
 649 0.0410 0.0261 0.0417 0.4052 0.2256 0.2604 
 650 0.0280 0.0275 0.0422 0.2328 0.3800 0.2895 
 651 0.1109 0.0195 0.0793 0.1138 0.2873 0.3892 
 652 0.0302 0.0275 0.0457 0.1049 0.2146 0.5770 
 653 0.0243 0.0422 0.1524 0.1895 0.1341 0.4575 
 654 0.0085 0.0258 0.0558 0.1863 0.1594 0.5641 
 655 0.2347 0.0344 0.0307 0.0831 0.2993 0.3177 
 656 0.0188 0.0391 0.0813 0.3758 0.1639 0.3211 
 657 0.0302 0.0612 0.2464 0.1025 0.2716 0.2882 
 658 0.0558 0.0651 0.0532 0.1400 0.4126 0.2732 
 659 0.0364 0.0353 0.0995 0.1885 0.1637 0.4766 
 660 0.0354 0.0211 0.0582 0.1465 0.1529 0.5859 
 661 0.1071 0.0457 0.0520 0.2187 0.1367 0.4398 
 662 0.0318 0.0246 0.0338 0.5393 0.1939 0.1766 
 663 0.0253 0.0233 0.0743 0.1446 0.1974 0.5352 
 664 0.2741 0.1040 0.0344 0.0908 0.3468 0.1499 
 665 0.0310 0.0191 0.0446 0.5118 0.1894 0.2041 
 666 0.0265 0.0355 0.0463 0.1619 0.1905 0.5393 
 667 0.0239 0.0342 0.0698 0.2703 0.4051 0.1968 
 668 0.1355 0.0443 0.0510 0.1696 0.2600 0.3396 
 669 0.0493 0.0256 0.1155 0.2643 0.1874 0.3580 
 670 0.0276 0.0185 0.0367 0.0679 0.0930 0.7563 
 671 0.0283 0.0226 0.0366 0.1056 0.1488 0.6581 
 672 0.0236 0.0686 0.0314 0.0754 0.1839 0.6170 
 673 0.2566 0.0183 0.0480 0.0426 0.0801 0.5543 
 674 0.0196 0.0257 0.0633 0.0862 0.1184 0.6868 
 675 0.0103 0.0188 0.0324 0.0532 0.1442 0.7411 
 676 0.0191 0.0184 0.0360 0.0435 0.0825 0.8006 
 677 0.0083 0.0168 0.0301 0.1382 0.0827 0.7240 
 678 0.3412 0.0188 0.0453 0.0388 0.0855 0.4704 
 679 0.0331 0.0250 0.0704 0.0495 0.1222 0.6997 
 680 0.0187 0.0307 0.0530 0.0676 0.0975 0.7325 
 681 0.0308 0.0709 0.1020 0.3672 0.1402 0.2888 
 682 0.0165 0.0323 0.0468 0.0541 0.0977 0.7526 
 683 0.0263 0.0184 0.0345 0.0677 0.0863 0.7668 
 684 0.0441 0.0196 0.0534 0.0444 0.0909 0.7476 
 685 0.0081 0.0171 0.0316 0.0452 0.0785 0.8194 
 686 0.0081 0.0293 0.0407 0.1233 0.1024 0.6963 
 687 0.0277 0.0197 0.0350 0.1328 0.1352 0.6495 
 688 0.0224 0.0215 0.0350 0.0562 0.1241 0.7408 
 689 0.0212 0.0177 0.0363 0.0476 0.0769 0.8001 
 690 0.0195 0.0188 0.0357 0.0436 0.0822 0.8001 
 691 0.0106 0.0230 0.0575 0.0615 0.1135 0.7339 
 692 0.2938 0.0212 0.0521 0.0544 0.1180 0.4605 
 693 0.0410 0.0321 0.0350 0.0458 0.1441 0.7021 
 694 0.0085 0.0162 0.0292 0.0469 0.0733 0.8259 
 695 0.0219 0.0411 0.0386 0.0814 0.0980 0.7191 
 696 0.0221 0.0214 0.0351 0.0574 0.1234 0.7406 
 697 0.2007 0.0192 0.0402 0.0658 0.0790 0.5951 
 698 0.0192 0.0183 0.0358 0.0480 0.0830 0.7957 
 699 0.0148 0.0381 0.0340 0.1496 0.0921 0.6713 
 700 0.0122 0.0604 0.0324 0.0727 0.1176 0.7047 
 701 0.2212 0.0386 0.0895 0.0802 0.1055 0.4649 
 702 0.1884 0.0440 0.0419 0.1105 0.1412 0.4740 
 703 0.0156 0.0323 0.0451 0.0594 0.0990 0.7485 
 704 0.0218 0.0212 0.0320 0.0714 0.1115 0.7420 
 705 0.1558 0.0670 0.0599 0.2928 0.1181 0.3064 
 706 0.0077 0.0283 0.0441 0.0687 0.0894 0.7617 
 707 0.0215 0.0188 0.0563 0.0723 0.0810 0.7501 
 708 0.0186 0.0180 0.0371 0.0574 0.0827 0.7861 
 709 0.0084 0.0242 0.0289 0.0652 0.0850 0.7883 
 710 0.0091 0.0170 0.0314 0.0458 0.0759 0.8208 
 711 0.0063 0.0281 0.0396 0.1045 0.0885 0.7331 
 712 0.0071 0.0167 0.0291 0.1047 0.0749 0.7674 
 713 0.0090 0.0193 0.0304 0.0609 0.1142 0.7662 
 714 0.0241 0.0256 0.0730 0.0722 0.1246 0.6805 
 715 0.0074 0.0169 0.0284 0.0720 0.0733 0.8020 
 716 0.0078 0.0282 0.0383 0.0582 0.0880 0.7795 
 717 0.0174 0.0182 0.0307 0.0575 0.0735 0.8027 
 718 0.0068 0.0284 0.0440 0.1028 0.0956 0.7224 
 719 0.0094 0.0175 0.0287 0.0648 0.0788 0.8007 
 720 0.0069 0.0378 0.1236 0.0960 0.6309 0.1048 
 721 0.0105 0.0439 0.1164 0.0713 0.1770 0.5809 
 722 0.0111 0.0544 0.3140 0.1384 0.3212 0.1608 
 723 0.0079 0.0288 0.5361 0.0657 0.2219 0.1396 
 724 0.0076 0.0314 0.4105 0.0667 0.2363 0.2475 
 725 0.0114 0.0235 0.1102 0.1122 0.4035 0.3392 
 726 0.0101 0.0342 0.3808 0.1755 0.2191 0.1804 
 727 0.0207 0.0346 0.1600 0.2682 0.2103 0.3062 
 728 0.0105 0.1107 0.6496 0.0661 0.1096 0.0534 
 729 0.0065 0.0551 0.6456 0.0558 0.1732 0.0639 
 730 0.0215 0.0279 0.3531 0.0720 0.4204 0.1049 
 731 0.0078 0.0540 0.4476 0.0681 0.2729 0.1495 
 732 0.0078 0.0302 0.5371 0.0650 0.2215 0.1383 
 733 0.0132 0.0332 0.6324 0.0486 0.1879 0.0847 
 734 0.0109 0.0403 0.4902 0.0545 0.3434 0.0607 
 735 0.0066 0.0370 0.6848 0.0401 0.1370 0.0943 
 736 0.0291 0.1008 0.1846 0.0658 0.5192 0.1005 
 737 0.0418 0.0536 0.3600 0.1603 0.2767 0.1076 
 738 0.0082 0.0293 0.4879 0.0694 0.2950 0.1102 
 739 0.0070 0.0399 0.6283 0.0463 0.1946 0.0840 
 740 0.0921 0.0225 0.1993 0.0607 0.1049 0.5205 
 741 0.0871 0.0409 0.1433 0.1017 0.1708 0.4562 
 742 0.0812 0.0345 0.0766 0.0497 0.6083 0.1498 
 743 0.0208 0.0246 0.2426 0.0850 0.4190 0.2079 
 744 0.0510 0.0335 0.0553 0.3300 0.3567 0.1735 
 745 0.0120 0.0438 0.1069 0.1313 0.6152 0.0907 
 746 0.0156 0.0292 0.2134 0.0968 0.2857 0.3592 
 747 0.0058 0.0184 0.1306 0.1137 0.5193 0.2123 
 748 0.0171 0.0291 0.0404 0.0553 0.3302 0.5280 
 749 0.0854 0.0427 0.0769 0.1764 0.3710 0.2476 
 750 0.0431 0.0241 0.1303 0.1381 0.4602 0.2042 
 751 0.1117 0.0265 0.0634 0.0789 0.3260 0.3935 
 752 0.0098 0.0252 0.1135 0.1275 0.4932 0.2310 
 753 0.0399 0.0346 0.2603 0.1042 0.2747 0.2863 
 754 0.0094 0.0189 0.2067 0.0682 0.2144 0.4822 
 755 0.0163 0.0226 0.2524 0.0692 0.2821 0.3574 
 756 0.0761 0.0357 0.0334 0.0681 0.4549 0.3319 
 757 0.0202 0.0221 0.0773 0.0628 0.5230 0.2945 
 758 0.0245 0.0307 0.0802 0.1237 0.6454 0.0954 
 759 0.0108 0.0200 0.1963 0.0994 0.1925 0.4810 
 760 0.0799 0.0371 0.3467 0.0628 0.3174 0.1561 
 761 0.0070 0.0197 0.3888 0.0800 0.1417 0.3629 
 762 0.0275 0.0350 0.4137 0.0453 0.3826 0.0959 
 763 0.0384 0.0350 0.2614 0.1052 0.2766 0.2834 
 764 0.0173 0.0246 0.1060 0.0712 0.5237 0.2572 
 765 0.0108 0.0225 0.4427 0.0889 0.2822 0.1531 
 766 0.1121 0.0208 0.0806 0.0625 0.4148 0.3093 
 767 0.0129 0.0465 0.0482 0.0723 0.4649 0.3552 
 768 0.0262 0.0312 0.4935 0.0466 0.3062 0.0962 
 769 0.0114 0.0338 0.3327 0.0663 0.2204 0.3354 
 770 0.0071 0.0291 0.3075 0.0656 0.4852 0.1055 
 771 0.0334 0.0251 0.0700 0.4001 0.1957 0.2757 
 772 0.1315 0.0332 0.0931 0.1285 0.3618 0.2518 
 773 0.0401 0.0211 0.2049 0.0844 0.4340 0.2156 
 774 0.0085 0.0164 0.1461 0.0838 0.1877 0.5575 
 775 0.0080 0.0714 0.2597 0.0507 0.4144 0.1956 
 776 0.0127 0.0289 0.0589 0.0759 0.6857 0.1379 
 777 0.0107 0.0271 0.0910 0.2012 0.4242 0.2458 
 778 0.0069 0.0158 0.1089 0.1569 0.3296 0.3819 
 779 0.1106 0.0313 0.1067 0.0748 0.4350 0.2417 
 780 0.0171 0.0298 0.0723 0.0666 0.3133 0.5009 
 781 0.0387 0.0170 0.1016 0.3851 0.1627 0.2950 
 782 0.1040 0.0318 0.1070 0.0759 0.4336 0.2477 
 783 0.0920 0.0242 0.1214 0.0681 0.4542 0.2402 
 784 0.0090 0.0369 0.0953 0.0686 0.6018 0.1885 
 785 0.0114 0.0223 0.1522 0.0825 0.4168 0.3149 
 786 0.1010 0.0219 0.0834 0.0650 0.3320 0.3966 
 787 0.0181 0.0194 0.0385 0.1091 0.2334 0.5815 
 788 0.0189 0.0347 0.2217 0.0977 0.4306 0.1964 
 789 0.0101 0.0396 0.0695 0.0523 0.6222 0.2064 
 790 0.0197 0.0318 0.1888 0.0545 0.2723 0.4329 
 791 0.0088 0.0294 0.0708 0.0603 0.5256 0.3051 
 792 0.2010 0.0225 0.0557 0.1823 0.2057 0.3327 
 793 0.0220 0.0751 0.0908 0.1378 0.1542 0.5202 
 794 0.0149 0.0289 0.0894 0.0866 0.4741 0.3061 
 795 0.0162 0.0494 0.1083 0.0859 0.1628 0.5774 
 796 0.0095 0.0492 0.0338 0.0682 0.5032 0.3360 
 797 0.0127 0.0374 0.0531 0.1390 0.1355 0.6223 
 798 0.0057 0.5044 0.0314 0.1567 0.2326 0.0692 
 799 0.0083 0.0297 0.0435 0.1086 0.6441 0.1657 
 800 0.0100 0.0205 0.0285 0.1470 0.1802 0.6137 
 801 0.0058 0.4037 0.0432 0.1369 0.2689 0.1415 
 802 0.0093 0.1716 0.0706 0.1445 0.2044 0.3995 
 803 0.0945 0.0425 0.0770 0.1228 0.2098 0.4533 
 804 0.0319 0.0553 0.0544 0.3683 0.2980 0.1920 
 805 0.0108 0.0283 0.0305 0.0561 0.1415 0.7328 
 806 0.0108 0.3096 0.0712 0.2430 0.1620 0.2034 
 807 0.0290 0.0307 0.0467 0.1523 0.1014 0.6398 
 808 0.0209 0.0413 0.0391 0.2720 0.1676 0.4591 
 809 0.0058 0.1988 0.0389 0.4260 0.1848 0.1456 
 810 0.0145 0.1089 0.1253 0.1221 0.2768 0.3524 
 811 0.0104 0.0487 0.0482 0.2475 0.1563 0.4889 
 812 0.0056 0.0265 0.0343 0.7112 0.1456 0.0769 
 813 0.0058 0.5074 0.0300 0.1142 0.2673 0.0753 
 814 0.0109 0.0258 0.0392 0.5846 0.2253 0.1142 
 815 0.0150 0.3518 0.0406 0.1371 0.1504 0.3052 
 816 0.0105 0.1280 0.0400 0.1144 0.2702 0.4369 
 817 0.0095 0.1750 0.0704 0.1435 0.2046 0.3969 
 818 0.0234 0.0684 0.0466 0.0657 0.6281 0.1678 
 819 0.0225 0.0219 0.0514 0.1576 0.4180 0.3287 
 820 0.0304 0.0278 0.0419 0.1115 0.5181 0.2704 
 821 0.0552 0.0378 0.2684 0.0530 0.4186 0.1669 
 822 0.0120 0.0199 0.4242 0.1515 0.3273 0.0651 
 823 0.2199 0.0432 0.1942 0.0444 0.3212 0.1771 
 824 0.0134 0.0252 0.0934 0.0761 0.4856 0.3064 
 825 0.0501 0.0330 0.2091 0.0905 0.4986 0.1188 
 826 0.0089 0.0301 0.0524 0.0770 0.7296 0.1020 
 827 0.0221 0.0391 0.2245 0.0581 0.5408 0.1153 
 828 0.0156 0.0194 0.5956 0.0696 0.1605 0.1394 
 829 0.0084 0.0399 0.3104 0.1385 0.3010 0.2018 
 830 0.0136 0.0253 0.4775 0.0503 0.3527 0.0805 
 831 0.0141 0.0274 0.4304 0.1512 0.1871 0.1899 
 832 0.0124 0.0706 0.0734 0.1255 0.4539 0.2641 
 833 0.0140 0.1068 0.0722 0.0620 0.4724 0.2726 
