   1 0.0063 0.0080 0.0148 0.0725 0.1341 0.1480 0.2390 0.2545 0.1228 
   2 0.0044 0.0071 0.1245 0.0575 0.1726 0.0946 0.1725 0.1034 0.2634 
   3 0.0069 0.0051 0.0198 0.0707 0.2437 0.0989 0.2386 0.2029 0.1133 
   4 0.0115 0.0061 0.0189 0.0641 0.0964 0.3210 0.2290 0.1236 0.1295 
   5 0.0059 0.0081 0.0396 0.0671 0.2479 0.1086 0.1419 0.1112 0.2699 
   6 0.0059 0.0052 0.0202 0.0448 0.3856 0.1171 0.0908 0.1515 0.1790 
   7 0.0070 0.0057 0.0131 0.0370 0.1681 0.0848 0.1232 0.2290 0.3320 
   8 0.0246 0.0074 0.0207 0.0477 0.1973 0.2307 0.1755 0.1638 0.1322 
   9 0.0082 0.0097 0.0696 0.0507 0.1940 0.0909 0.2245 0.1548 0.1976 
  10 0.0083 0.0071 0.0172 0.0319 0.2172 0.2105 0.1374 0.1870 0.1833 
  11 0.0050 0.0073 0.0134 0.0325 0.1231 0.0727 0.1345 0.3468 0.2647 
  12 0.0053 0.0056 0.0315 0.0653 0.2096 0.1363 0.1596 0.0991 0.2876 
  13 0.0065 0.0072 0.0292 0.0558 0.2122 0.1008 0.2141 0.1358 0.2385 
  14 0.0046 0.0055 0.0273 0.1427 0.1793 0.1528 0.1962 0.1729 0.1187 
  15 0.0060 0.0057 0.0211 0.0634 0.1232 0.2067 0.2176 0.1810 0.1753 
  16 0.0048 0.0075 0.0144 0.0454 0.2010 0.0886 0.2008 0.2918 0.1457 
  17 0.0086 0.0075 0.0195 0.0957 0.3317 0.1160 0.1541 0.1127 0.1542 
  18 0.0092 0.0088 0.1525 0.0523 0.1549 0.1483 0.1504 0.2169 0.1067 
  19 0.0051 0.0053 0.0244 0.0354 0.3548 0.1003 0.1481 0.1413 0.1853 
  20 0.0055 0.0061 0.0249 0.0577 0.1589 0.1368 0.1460 0.1900 0.2742 
  21 0.0053 0.0059 0.0252 0.0789 0.1117 0.2122 0.2247 0.2065 0.1296 
  22 0.0072 0.0059 0.0183 0.0519 0.3381 0.1060 0.1990 0.1415 0.1323 
  23 0.0092 0.0197 0.0417 0.1022 0.1298 0.1281 0.3120 0.1349 0.1223 
  24 0.0050 0.0070 0.0171 0.0441 0.1181 0.1268 0.3197 0.2340 0.1281 
  25 0.0060 0.0057 0.0254 0.0528 0.3145 0.0718 0.1049 0.1521 0.2667 
  26 0.0083 0.0063 0.0249 0.0559 0.2031 0.1768 0.1861 0.1683 0.1704 
  27 0.0063 0.0076 0.0172 0.0863 0.2239 0.1206 0.2003 0.1789 0.1590 
  28 0.0053 0.0073 0.0184 0.0537 0.1026 0.3130 0.1369 0.2300 0.1329 
  29 0.0042 0.0068 0.0233 0.0499 0.1346 0.0818 0.2337 0.1453 0.3204 
  30 0.0052 0.0070 0.0227 0.0630 0.2757 0.0874 0.2014 0.1963 0.1412 
  31 0.0173 0.0089 0.0238 0.0903 0.1434 0.1711 0.1517 0.1407 0.2529 
  32 0.0046 0.0053 0.0318 0.0521 0.2935 0.1614 0.1918 0.1302 0.1293 
  33 0.0052 0.0070 0.0210 0.0479 0.1494 0.0905 0.2819 0.2297 0.1674 
  34 0.0082 0.0138 0.0165 0.0384 0.2441 0.1568 0.0868 0.1899 0.2456 
  35 0.0110 0.0172 0.0309 0.1711 0.2379 0.0717 0.1907 0.1158 0.1536 
  36 0.0048 0.0065 0.0238 0.1148 0.0781 0.0709 0.2473 0.3500 0.1039 
  37 0.0073 0.0056 0.0316 0.0636 0.1417 0.1146 0.3705 0.1150 0.1500 
  38 0.0056 0.0155 0.0313 0.0619 0.0917 0.0610 0.1377 0.4209 0.1743 
  39 0.0080 0.0160 0.0238 0.1093 0.1203 0.0916 0.1540 0.2693 0.2077 
  40 0.0043 0.0068 0.0284 0.1264 0.1361 0.0842 0.3742 0.1446 0.0950 
  41 0.0075 0.0238 0.0188 0.1310 0.1159 0.0584 0.2432 0.2465 0.1549 
  42 0.0049 0.0110 0.0136 0.0756 0.0571 0.0949 0.3983 0.2383 0.1064 
  43 0.0084 0.0100 0.0281 0.1637 0.1152 0.0843 0.3069 0.1080 0.1754 
  44 0.0071 0.0086 0.0214 0.2835 0.1788 0.0562 0.1866 0.1044 0.1533 
  45 0.0056 0.0143 0.0521 0.1247 0.0803 0.0616 0.1813 0.2880 0.1921 
  46 0.0106 0.0079 0.0194 0.1419 0.2524 0.0998 0.1114 0.1557 0.2008 
  47 0.0156 0.0144 0.0449 0.0603 0.2536 0.1011 0.2262 0.1092 0.1746 
  48 0.0079 0.0107 0.0319 0.3388 0.1848 0.0595 0.1696 0.0938 0.1030 
  49 0.0095 0.0264 0.0205 0.1190 0.1252 0.0854 0.2402 0.1979 0.1759 
  50 0.0114 0.0111 0.0246 0.0655 0.2539 0.1188 0.0930 0.1770 0.2446 
  51 0.0044 0.0099 0.0214 0.2624 0.0609 0.0589 0.2247 0.2511 0.1063 
  52 0.0094 0.0174 0.0145 0.0989 0.1186 0.1089 0.1652 0.2705 0.1966 
  53 0.0074 0.0137 0.0204 0.0630 0.1344 0.0990 0.1793 0.3585 0.1243 
  54 0.0080 0.0118 0.0752 0.1266 0.1406 0.0998 0.2375 0.0875 0.2130 
  55 0.0066 0.0079 0.0369 0.3480 0.1202 0.0803 0.1705 0.0954 0.1342 
  56 0.0063 0.0147 0.0465 0.1726 0.1777 0.0895 0.2244 0.1586 0.1099 
  57 0.0148 0.0115 0.0183 0.0371 0.2343 0.2249 0.1650 0.1387 0.1554 
  58 0.0056 0.0135 0.0293 0.1436 0.0887 0.0794 0.2659 0.2021 0.1718 
  59 0.0057 0.0264 0.0294 0.1069 0.0954 0.0801 0.1962 0.2788 0.1811 
  60 0.0050 0.0065 0.0263 0.1853 0.0788 0.1351 0.2601 0.1944 0.1085 
  61 0.0040 0.0069 0.0849 0.2423 0.0659 0.1062 0.2308 0.0925 0.1664 
  62 0.0129 0.0444 0.0590 0.0782 0.1635 0.1324 0.1279 0.1661 0.2156 
  63 0.0042 0.0064 0.0312 0.0803 0.0864 0.0975 0.2951 0.1893 0.2096 
  64 0.0063 0.0106 0.0343 0.0487 0.2618 0.0738 0.1542 0.2386 0.1718 
  65 0.0055 0.0078 0.0299 0.0557 0.1497 0.0691 0.1055 0.1319 0.4449 
  66 0.0052 0.0080 0.0641 0.0707 0.0870 0.1493 0.2327 0.1380 0.2450 
  67 0.0058 0.0071 0.0644 0.2570 0.1187 0.0716 0.1784 0.0940 0.2029 
  68 0.0069 0.0264 0.0236 0.1165 0.0777 0.0913 0.2158 0.2901 0.1517 
  69 0.0108 0.0567 0.0256 0.0672 0.1119 0.1670 0.0936 0.3357 0.1314 
  70 0.0044 0.0076 0.0179 0.1137 0.0669 0.0860 0.2694 0.2957 0.1384 
  71 0.0059 0.0261 0.0346 0.1506 0.0966 0.0602 0.1394 0.2876 0.1990 
  72 0.0059 0.0064 0.0203 0.0962 0.1615 0.0674 0.1913 0.3144 0.1366 
  73 0.0062 0.0267 0.0869 0.1477 0.0901 0.0701 0.1746 0.1506 0.2472 
  74 0.0044 0.0061 0.0226 0.0916 0.0762 0.0853 0.3190 0.3007 0.0940 
  75 0.0050 0.0085 0.0266 0.0947 0.0691 0.0967 0.3928 0.2251 0.0815 
  76 0.0059 0.0060 0.0282 0.1644 0.1132 0.0766 0.2059 0.1449 0.2549 
  77 0.0050 0.0173 0.0272 0.0921 0.0810 0.0551 0.1959 0.3010 0.2254 
  78 0.0057 0.0211 0.0340 0.0722 0.0855 0.0560 0.2022 0.3541 0.1693 
  79 0.0050 0.0058 0.0307 0.0350 0.1463 0.0904 0.1543 0.2349 0.2976 
  80 0.0048 0.0060 0.0453 0.0371 0.0733 0.2240 0.3352 0.1279 0.1463 
  81 0.0052 0.0053 0.0502 0.0326 0.0790 0.2304 0.2324 0.1776 0.1873 
  82 0.0052 0.0093 0.0220 0.0962 0.0929 0.1108 0.2913 0.1326 0.2397 
  83 0.0046 0.0050 0.0352 0.0541 0.0931 0.1819 0.2091 0.2635 0.1535 
  84 0.0047 0.0052 0.0253 0.0372 0.0927 0.1723 0.2027 0.2382 0.2217 
  85 0.0047 0.0051 0.0274 0.0483 0.1274 0.1869 0.2244 0.2464 0.1294 
  86 0.0065 0.0096 0.0487 0.1484 0.1827 0.0936 0.1443 0.1305 0.2356 
  87 0.0053 0.0062 0.0331 0.0518 0.0878 0.0962 0.1591 0.2717 0.2888 
  88 0.0048 0.0052 0.0201 0.0405 0.0787 0.1350 0.3383 0.1557 0.2218 
  89 0.0056 0.0055 0.0591 0.0341 0.0767 0.1803 0.3019 0.1518 0.1851 
  90 0.0047 0.0055 0.0295 0.0373 0.0824 0.1052 0.1657 0.1761 0.3936 
  91 0.0047 0.0048 0.0230 0.0492 0.0877 0.2182 0.2936 0.2059 0.1129 
  92 0.0046 0.0055 0.0226 0.0416 0.1134 0.1163 0.2366 0.1892 0.2702 
  93 0.0047 0.0055 0.0184 0.0378 0.0732 0.3944 0.2496 0.1134 0.1030 
  94 0.0045 0.0057 0.0164 0.0463 0.0706 0.0857 0.1171 0.4638 0.1899 
  95 0.0048 0.0053 0.0293 0.0361 0.0629 0.1281 0.2463 0.1532 0.3340 
  96 0.0046 0.0077 0.0340 0.1777 0.0612 0.1166 0.3240 0.1030 0.1713 
  97 0.0054 0.0075 0.0309 0.0880 0.0724 0.1026 0.3556 0.2444 0.0932 
  98 0.0040 0.0072 0.0298 0.0822 0.1310 0.0716 0.3065 0.1671 0.2005 
  99 0.0048 0.0053 0.0449 0.0337 0.0859 0.1627 0.1872 0.2038 0.2718 
 100 0.0051 0.0063 0.0775 0.0482 0.0711 0.1936 0.4101 0.0841 0.1038 
 101 0.0064 0.0068 0.0417 0.0578 0.0899 0.1099 0.2349 0.2156 0.2369 
 102 0.0059 0.0119 0.0220 0.0790 0.0780 0.1769 0.2777 0.1768 0.1717 
 103 0.0051 0.0080 0.2138 0.0501 0.0834 0.1444 0.1204 0.1202 0.2546 
 104 0.0045 0.0058 0.0180 0.0492 0.0853 0.1450 0.0759 0.1316 0.4847 
 105 0.0059 0.0115 0.0295 0.0534 0.0778 0.1916 0.1010 0.1001 0.4292 
 106 0.0049 0.0056 0.0167 0.0504 0.1092 0.0550 0.0869 0.2843 0.3871 
 107 0.0053 0.0078 0.0601 0.0656 0.0874 0.1522 0.1277 0.1169 0.3769 
 108 0.0043 0.0053 0.0557 0.3042 0.1172 0.0914 0.1014 0.1733 0.1471 
 109 0.0071 0.0791 0.0221 0.0706 0.1064 0.0656 0.0845 0.2419 0.3227 
 110 0.0050 0.0073 0.0183 0.0368 0.0989 0.0612 0.0922 0.3262 0.3541 
 111 0.0065 0.0118 0.0278 0.0498 0.0822 0.0894 0.0938 0.1040 0.5346 
 112 0.0049 0.1292 0.0154 0.0736 0.0719 0.0652 0.0926 0.2387 0.3086 
 113 0.0055 0.0073 0.0791 0.0888 0.1456 0.1118 0.1682 0.1895 0.2041 
 114 0.0044 0.0094 0.0201 0.0427 0.0764 0.1739 0.0840 0.1273 0.4619 
 115 0.0056 0.0091 0.0184 0.1422 0.1050 0.0811 0.1423 0.1173 0.3790 
 116 0.0061 0.0103 0.0202 0.1287 0.0992 0.0557 0.1076 0.2859 0.2863 
 117 0.0073 0.0180 0.0174 0.0493 0.1013 0.0687 0.1218 0.2537 0.3625 
 118 0.0050 0.0098 0.0621 0.0917 0.1119 0.0929 0.1197 0.1074 0.3995 
 119 0.0042 0.0058 0.0292 0.1496 0.0664 0.1207 0.2985 0.1627 0.1630 
 120 0.0059 0.0154 0.0220 0.1100 0.0999 0.1067 0.1353 0.1470 0.3579 
 121 0.0102 0.0215 0.0223 0.1965 0.0915 0.0648 0.1117 0.1540 0.3276 
 122 0.0045 0.0103 0.0213 0.0459 0.1049 0.0851 0.0941 0.2676 0.3663 
 123 0.0053 0.0089 0.0313 0.0650 0.0869 0.1050 0.1121 0.2085 0.3770 
 124 0.0078 0.0156 0.0380 0.1146 0.1271 0.0759 0.1026 0.2414 0.2770 
 125 0.0058 0.0201 0.0180 0.0568 0.1426 0.0669 0.1287 0.3810 0.1802 
 126 0.0040 0.0057 0.0202 0.1130 0.0710 0.0987 0.1364 0.3142 0.2368 
 127 0.0051 0.0079 0.0286 0.0646 0.0705 0.0926 0.1013 0.1272 0.5022 
 128 0.0046 0.0084 0.0415 0.0833 0.1013 0.0933 0.1258 0.1011 0.4408 
 129 0.0062 0.0092 0.0986 0.0580 0.0882 0.0785 0.0896 0.1057 0.4660 
 130 0.0058 0.0135 0.0347 0.0469 0.0849 0.1515 0.1021 0.1372 0.4234 
 131 0.0103 0.0242 0.0327 0.0968 0.1044 0.0623 0.0895 0.3336 0.2462 
 132 0.0053 0.0093 0.0747 0.0545 0.0980 0.0696 0.0816 0.2411 0.3658 
 133 0.0093 0.0109 0.0573 0.0873 0.0970 0.1166 0.1197 0.1327 0.3692 
 134 0.0043 0.0098 0.0209 0.0330 0.0812 0.0506 0.0755 0.2285 0.4962 
 135 0.0062 0.0121 0.0246 0.1511 0.0597 0.2707 0.2619 0.1204 0.0932 
 136 0.0057 0.0068 0.0210 0.0440 0.1144 0.4326 0.2027 0.0950 0.0779 
 137 0.0050 0.0122 0.0170 0.0354 0.0729 0.3273 0.3116 0.0997 0.1190 
 138 0.0045 0.0054 0.0157 0.0488 0.0635 0.5210 0.1417 0.1217 0.0777 
 139 0.0047 0.0071 0.0877 0.0986 0.1046 0.2523 0.1976 0.1271 0.1202 
 140 0.0051 0.0070 0.0208 0.0758 0.0713 0.2544 0.2357 0.1884 0.1415 
 141 0.0052 0.0080 0.0233 0.0512 0.1263 0.4148 0.1444 0.1446 0.0820 
 142 0.0054 0.0128 0.0309 0.1849 0.0608 0.2737 0.2235 0.1133 0.0948 
 143 0.0043 0.0048 0.0181 0.0401 0.0613 0.3517 0.3571 0.0845 0.0781 
 144 0.0048 0.0119 0.0189 0.0415 0.0639 0.3173 0.3312 0.0904 0.1200 
 145 0.0061 0.0088 0.0238 0.0658 0.1408 0.2978 0.2327 0.1411 0.0831 
 146 0.0082 0.0064 0.0151 0.0484 0.0972 0.2842 0.2162 0.1781 0.1463 
 147 0.0045 0.0053 0.0154 0.0352 0.0679 0.4752 0.2296 0.0909 0.0760 
 148 0.0056 0.0104 0.0233 0.0877 0.1135 0.3520 0.1648 0.1082 0.1343 
 149 0.0054 0.0084 0.0245 0.0776 0.0713 0.3844 0.2117 0.1387 0.0780 
 150 0.0055 0.0138 0.0214 0.0437 0.0813 0.3214 0.2291 0.1156 0.1682 
 151 0.0050 0.0054 0.0199 0.0438 0.0667 0.3611 0.2909 0.1037 0.1035 
 152 0.0054 0.0088 0.0212 0.1338 0.1232 0.3411 0.1487 0.1195 0.0982 
 153 0.0046 0.0059 0.0146 0.0638 0.0652 0.4209 0.1663 0.1647 0.0939 
 154 0.0066 0.0074 0.0230 0.0840 0.1117 0.4372 0.1558 0.0955 0.0787 
 155 0.0045 0.0047 0.0184 0.0406 0.0655 0.5326 0.1314 0.0960 0.1065 
 156 0.0045 0.0071 0.0208 0.1151 0.0572 0.3565 0.2232 0.0979 0.1176 
 157 0.0045 0.0050 0.0164 0.0326 0.0637 0.4098 0.1754 0.1469 0.1456 
 158 0.0061 0.0091 0.0192 0.0555 0.1301 0.3133 0.2399 0.1476 0.0791 
 159 0.0056 0.0061 0.0201 0.0354 0.0700 0.4918 0.2040 0.0910 0.0761 
 160 0.0057 0.0062 0.0229 0.0369 0.0698 0.5314 0.1580 0.0910 0.0781 
 161 0.0044 0.0061 0.0163 0.0415 0.0765 0.1871 0.4042 0.1647 0.0992 
 162 0.0085 0.0064 0.0178 0.0573 0.1063 0.3200 0.1546 0.1735 0.1557 
 163 0.0044 0.0048 0.0167 0.0608 0.0596 0.4997 0.1577 0.0993 0.0970 
 164 0.0080 0.0058 0.0209 0.0551 0.0830 0.3835 0.1476 0.1387 0.1575 
 165 0.0056 0.0125 0.0189 0.0448 0.0691 0.3226 0.2554 0.1100 0.1612 
 166 0.0052 0.0054 0.0264 0.0725 0.0709 0.3438 0.1611 0.1831 0.1316 
 167 0.0109 0.0061 0.0131 0.0517 0.1286 0.4984 0.0970 0.0902 0.1040 
 168 0.0051 0.0055 0.0173 0.0608 0.0742 0.3966 0.1701 0.1885 0.0818 
 169 0.0069 0.0097 0.0174 0.0517 0.1281 0.2505 0.1958 0.2624 0.0776 
 170 0.0044 0.0054 0.0245 0.0510 0.0625 0.1308 0.5192 0.0984 0.1038 
 171 0.0053 0.0053 0.0203 0.0713 0.1130 0.3524 0.1790 0.1528 0.1006 
 172 0.0053 0.0099 0.0222 0.0870 0.0699 0.2402 0.2524 0.2369 0.0761 
 173 0.0052 0.0057 0.0289 0.0431 0.0738 0.5192 0.1546 0.0866 0.0828 
 174 0.0048 0.0050 0.0182 0.0324 0.0730 0.4827 0.1643 0.1139 0.1058 
 175 0.0052 0.0061 0.0193 0.0435 0.1146 0.3057 0.3428 0.0839 0.0788 
 176 0.0050 0.0122 0.0180 0.0408 0.0645 0.3127 0.3361 0.0915 0.1191 
 177 0.0052 0.0059 0.0152 0.0382 0.0659 0.3580 0.1471 0.2291 0.1355 
 178 0.0051 0.0052 0.0198 0.0353 0.1288 0.4531 0.1318 0.1114 0.1096 
 179 0.0045 0.0048 0.0201 0.0350 0.0707 0.5555 0.1405 0.0867 0.0823 
 180 0.0082 0.0075 0.0149 0.0613 0.0980 0.3147 0.2388 0.1451 0.1116 
 181 0.0057 0.0079 0.0263 0.0661 0.0795 0.3007 0.2976 0.1323 0.0839 
 182 0.0061 0.0066 0.0245 0.0713 0.0646 0.3628 0.2970 0.0860 0.0811 
 183 0.0048 0.0054 0.0209 0.0417 0.0736 0.4493 0.2345 0.0879 0.0819 
 184 0.0054 0.0059 0.2522 0.0576 0.2134 0.0851 0.1435 0.0956 0.1412 
 185 0.0038 0.0061 0.0214 0.1390 0.0582 0.4143 0.2079 0.0738 0.0756 
 186 0.0053 0.0051 0.1427 0.0525 0.1472 0.0833 0.1609 0.1139 0.2892 
 187 0.0042 0.0049 0.1544 0.0613 0.1186 0.2392 0.1559 0.0919 0.1695 
 188 0.0049 0.0057 0.3233 0.0521 0.1273 0.0658 0.1079 0.0931 0.2199 
 189 0.0044 0.0050 0.0438 0.0771 0.1764 0.1608 0.2503 0.1863 0.0960 
 190 0.0040 0.0072 0.0533 0.3302 0.0534 0.1641 0.2270 0.0731 0.0876 
 191 0.0040 0.0061 0.3954 0.0461 0.1107 0.0898 0.1120 0.0960 0.1399 
 192 0.0042 0.0051 0.1060 0.0386 0.1266 0.1523 0.2506 0.1093 0.2073 
 193 0.0047 0.0073 0.0666 0.0796 0.1535 0.1426 0.2569 0.1204 0.1685 
 194 0.0047 0.0054 0.0494 0.0774 0.1013 0.1285 0.3445 0.1183 0.1705 
 195 0.0040 0.0061 0.2166 0.0956 0.0646 0.2069 0.2377 0.0785 0.0900 
 196 0.0042 0.0074 0.1094 0.1680 0.0802 0.1548 0.2291 0.0930 0.1539 
 197 0.0052 0.0057 0.0442 0.0830 0.2026 0.1985 0.1300 0.1065 0.2242 
 198 0.0042 0.0052 0.0337 0.0785 0.1459 0.1269 0.2142 0.1912 0.2003 
 199 0.0046 0.0067 0.0461 0.1543 0.0749 0.1020 0.3982 0.0988 0.1144 
 200 0.0044 0.0096 0.1206 0.2060 0.1219 0.1444 0.1704 0.1137 0.1090 
 201 0.0039 0.0048 0.0828 0.0693 0.0908 0.3609 0.1851 0.0790 0.1233 
 202 0.0038 0.0054 0.0237 0.0940 0.0633 0.1795 0.4427 0.0775 0.1101 
 203 0.0042 0.0067 0.2246 0.0549 0.0731 0.3107 0.1562 0.0735 0.0961 
 204 0.0041 0.0054 0.3989 0.0797 0.0613 0.1041 0.1797 0.0781 0.0887 
 205 0.0044 0.0059 0.2292 0.1277 0.1012 0.1047 0.1690 0.1156 0.1424 
 206 0.0046 0.0054 0.2846 0.0797 0.0812 0.1683 0.1892 0.0766 0.1104 
 207 0.0042 0.0075 0.1777 0.0978 0.0830 0.0919 0.2727 0.0775 0.1877 
 208 0.0042 0.0057 0.1449 0.1174 0.0860 0.2632 0.1427 0.0849 0.1509 
 209 0.0043 0.0077 0.1781 0.0732 0.1308 0.1191 0.2094 0.0994 0.1781 
 210 0.0040 0.0053 0.3194 0.0573 0.0779 0.1374 0.1697 0.0881 0.1408 
 211 0.0056 0.0110 0.0331 0.2097 0.0832 0.1353 0.2430 0.0745 0.2045 
 212 0.0039 0.0056 0.0297 0.0830 0.0973 0.2398 0.3496 0.0950 0.0962 
 213 0.0044 0.0076 0.0548 0.1306 0.0647 0.0970 0.2673 0.1695 0.2040 
 214 0.0043 0.0063 0.0721 0.0685 0.0891 0.2388 0.3363 0.0780 0.1067 
 215 0.0040 0.0074 0.2982 0.1173 0.0985 0.0899 0.1078 0.0989 0.1779 
 216 0.0059 0.0061 0.0897 0.0766 0.2408 0.1025 0.2113 0.1073 0.1598 
 217 0.0041 0.0054 0.1017 0.0790 0.0992 0.2275 0.2944 0.0851 0.1036 
 218 0.0041 0.0055 0.3404 0.0506 0.0865 0.1102 0.1552 0.1111 0.1365 
 219 0.0063 0.0052 0.0536 0.0651 0.2122 0.2080 0.2186 0.1146 0.1165 
 220 0.0039 0.0054 0.4732 0.0556 0.0706 0.0839 0.1106 0.0795 0.1175 
 221 0.0041 0.0062 0.0292 0.0752 0.0605 0.1357 0.5369 0.0764 0.0757 
 222 0.0053 0.0050 0.0558 0.0585 0.2557 0.1237 0.2283 0.1070 0.1607 
 223 0.0042 0.0049 0.0572 0.0670 0.1338 0.2783 0.1930 0.1083 0.1532 
 224 0.0048 0.0062 0.1928 0.0574 0.0861 0.2314 0.2382 0.0764 0.1067 
 225 0.0044 0.0057 0.1933 0.1074 0.0934 0.1249 0.2391 0.1007 0.1311 
 226 0.0054 0.0067 0.1870 0.0608 0.1589 0.1223 0.1748 0.1650 0.1191 
 227 0.0042 0.0058 0.0658 0.1550 0.0666 0.1837 0.2880 0.0769 0.1541 
 228 0.0043 0.0080 0.1668 0.1918 0.0611 0.2065 0.2025 0.0736 0.0855 
 229 0.0040 0.0053 0.3040 0.0353 0.0805 0.1759 0.2173 0.0757 0.1020 
 230 0.0041 0.0056 0.3785 0.0394 0.0725 0.1327 0.1967 0.0748 0.0956 
 231 0.0042 0.0062 0.2261 0.0432 0.1274 0.2124 0.1701 0.0904 0.1201 
 232 0.0048 0.0069 0.0620 0.0706 0.0714 0.1170 0.3666 0.1714 0.1293 
 233 0.0043 0.0058 0.0686 0.0531 0.0920 0.3920 0.1974 0.0791 0.1077 
 234 0.0041 0.0052 0.0582 0.0499 0.1813 0.1916 0.1866 0.1255 0.1977 
 235 0.0044 0.0054 0.0857 0.0830 0.1181 0.1605 0.2869 0.1140 0.1420 
 236 0.0043 0.0059 0.0834 0.0588 0.1306 0.2449 0.2443 0.0963 0.1314 
 237 0.0044 0.0093 0.1880 0.1214 0.0947 0.1234 0.2142 0.0938 0.1509 
 238 0.0041 0.0056 0.0473 0.0554 0.0912 0.2124 0.3522 0.0907 0.1410 
 239 0.0040 0.0058 0.2155 0.0974 0.0646 0.2063 0.2375 0.0785 0.0904 
 240 0.0039 0.0052 0.0477 0.0546 0.0918 0.2132 0.3515 0.0910 0.1411 
 241 0.0049 0.0061 0.0427 0.0734 0.0712 0.1842 0.4289 0.0948 0.0938 
 242 0.0044 0.0055 0.3123 0.0624 0.1126 0.1225 0.1727 0.1215 0.0861 
 243 0.0041 0.0083 0.1223 0.2253 0.0707 0.1626 0.2122 0.0738 0.1206 
 244 0.0042 0.0062 0.2827 0.0502 0.0762 0.2000 0.2082 0.0757 0.0964 
 245 0.0042 0.0047 0.0274 0.0695 0.0669 0.3529 0.2731 0.0950 0.1062 
 246 0.0041 0.0054 0.1036 0.0777 0.0987 0.2283 0.2937 0.0851 0.1034 
 247 0.0039 0.0057 0.0927 0.0701 0.0949 0.0780 0.1581 0.1857 0.3110 
 248 0.0044 0.0068 0.0992 0.1537 0.1139 0.1022 0.1495 0.0979 0.2723 
 249 0.0043 0.0063 0.1585 0.0521 0.0863 0.1546 0.3407 0.0782 0.1189 
 250 0.0045 0.0057 0.1727 0.0454 0.1262 0.1604 0.2421 0.0961 0.1468 
 251 0.0048 0.0089 0.1146 0.1192 0.1900 0.1184 0.1484 0.1610 0.1348 
 252 0.0041 0.0050 0.1298 0.0855 0.0999 0.1569 0.2789 0.1011 0.1389 
 253 0.0044 0.0054 0.0414 0.1075 0.1099 0.0931 0.2874 0.1542 0.1968 
 254 0.0053 0.0052 0.0781 0.0772 0.2220 0.1613 0.1970 0.0904 0.1634 
 255 0.0041 0.0059 0.1143 0.0574 0.1430 0.1484 0.2307 0.1009 0.1953 
 256 0.0046 0.0063 0.0980 0.0811 0.0958 0.1494 0.3552 0.0905 0.1191 
 257 0.0084 0.0079 0.1634 0.0982 0.1045 0.1275 0.2193 0.1040 0.1668 
 258 0.0040 0.0067 0.0378 0.1959 0.1075 0.1412 0.1453 0.1369 0.2246 
 259 0.0051 0.0061 0.1498 0.0651 0.1280 0.1347 0.2576 0.0959 0.1577 
 260 0.0050 0.0051 0.0413 0.0475 0.2320 0.2121 0.2279 0.0905 0.1387 
 261 0.0039 0.0050 0.0510 0.1203 0.0950 0.2305 0.2769 0.1021 0.1153 
 262 0.0042 0.0060 0.0768 0.1622 0.0669 0.1834 0.3372 0.0833 0.0800 
 263 0.0053 0.0061 0.3666 0.0675 0.1211 0.1062 0.1383 0.0751 0.1138 
 264 0.0064 0.0065 0.0537 0.0859 0.3595 0.0668 0.1204 0.1221 0.1786 
 265 0.0042 0.0050 0.1281 0.0821 0.1466 0.1923 0.1625 0.1146 0.1646 
 266 0.0041 0.0057 0.0362 0.0995 0.0621 0.2228 0.4130 0.0773 0.0792 
 267 0.0038 0.0064 0.0388 0.0695 0.1346 0.1728 0.2940 0.0904 0.1896 
 268 0.0042 0.0075 0.1095 0.1698 0.0800 0.1544 0.2286 0.0921 0.1540 
 269 0.0042 0.0051 0.0861 0.0623 0.2255 0.2000 0.1642 0.1369 0.1157 
 270 0.0058 0.0067 0.1116 0.0757 0.1924 0.1344 0.1742 0.1167 0.1826 
 271 0.0046 0.0079 0.1110 0.1676 0.1098 0.1197 0.1511 0.1168 0.2115 
 272 0.0056 0.0093 0.1918 0.1182 0.1269 0.1124 0.1432 0.1558 0.1368 
 273 0.0195 0.0155 0.1633 0.0572 0.1237 0.1488 0.1790 0.1467 0.1463 
 274 0.0047 0.0061 0.1500 0.0808 0.1573 0.1265 0.1741 0.1390 0.1614 
 275 0.0064 0.0084 0.2362 0.0616 0.1677 0.1530 0.1363 0.1165 0.1140 
 276 0.0056 0.0093 0.1263 0.1052 0.1127 0.0911 0.2623 0.1354 0.1521 
 277 0.0044 0.0049 0.0704 0.0566 0.1478 0.1855 0.2637 0.1121 0.1544 
 278 0.0042 0.0073 0.1682 0.2038 0.1029 0.1285 0.1195 0.1011 0.1645 
 279 0.0047 0.0058 0.1215 0.0708 0.1390 0.1481 0.2496 0.1134 0.1471 
 280 0.0043 0.0058 0.0854 0.0848 0.1518 0.1589 0.2271 0.1546 0.1273 
 281 0.0046 0.0059 0.1332 0.0849 0.1025 0.1287 0.1903 0.1395 0.2104 
 282 0.0040 0.0050 0.0483 0.0454 0.1362 0.2908 0.2402 0.0967 0.1334 
 283 0.0042 0.0054 0.0866 0.0493 0.0882 0.3043 0.2578 0.0763 0.1279 
 284 0.0043 0.0075 0.0476 0.0734 0.1204 0.2173 0.1971 0.1163 0.2162 
 285 0.0044 0.0090 0.1547 0.1933 0.0981 0.0675 0.1152 0.1372 0.2207 
 286 0.0043 0.0063 0.2857 0.0489 0.0750 0.2016 0.2064 0.0758 0.0960 
 287 0.0045 0.0050 0.0977 0.0617 0.1284 0.1597 0.1957 0.1616 0.1858 
 288 0.0046 0.0061 0.3614 0.0503 0.1220 0.0933 0.1239 0.1214 0.1170 
 289 0.0064 0.0088 0.2458 0.0838 0.1171 0.0908 0.1285 0.1154 0.2035 
 290 0.0063 0.0140 0.0897 0.1227 0.1510 0.0908 0.2633 0.1234 0.1388 
 291 0.0046 0.0078 0.1104 0.1673 0.1097 0.1200 0.1514 0.1163 0.2126 
 292 0.0041 0.0054 0.0480 0.1395 0.1065 0.1588 0.2796 0.1576 0.1005 
 293 0.0052 0.0115 0.0305 0.1498 0.1906 0.0942 0.1808 0.1645 0.1730 
 294 0.0053 0.0058 0.3941 0.0774 0.1068 0.0818 0.1527 0.0820 0.0939 
 295 0.0058 0.0128 0.0535 0.1466 0.1309 0.1281 0.2204 0.1507 0.1511 
 296 0.0043 0.0076 0.3310 0.0912 0.0736 0.1036 0.1300 0.1042 0.1546 
 297 0.0044 0.0058 0.1628 0.0589 0.1531 0.1086 0.2090 0.1545 0.1429 
 298 0.0042 0.0049 0.1085 0.0380 0.1371 0.1990 0.2551 0.0960 0.1573 
 299 0.0053 0.0053 0.3683 0.0434 0.1352 0.1002 0.1466 0.0756 0.1203 
 300 0.0040 0.0068 0.4068 0.0618 0.0739 0.0768 0.1548 0.1125 0.1025 
 301 0.0058 0.0065 0.1153 0.0668 0.2839 0.1297 0.1575 0.1092 0.1254 
 302 0.0060 0.0103 0.2527 0.1745 0.1178 0.1133 0.1331 0.0883 0.1040 
 303 0.0042 0.0072 0.1761 0.0534 0.0881 0.1871 0.2656 0.1127 0.1056 
 304 0.0055 0.0058 0.0278 0.0359 0.2027 0.2953 0.1563 0.1081 0.1626 
 305 0.0044 0.0067 0.2848 0.0863 0.0757 0.1772 0.1894 0.0932 0.0824 
 306 0.0044 0.0053 0.0767 0.0593 0.1139 0.1788 0.3544 0.1002 0.1069 
 307 0.0057 0.0062 0.0543 0.0682 0.1501 0.1559 0.3092 0.1130 0.1375 
 308 0.0040 0.0049 0.0520 0.1203 0.0946 0.2295 0.2780 0.1010 0.1155 
 309 0.0067 0.0101 0.4588 0.0578 0.0695 0.0777 0.0970 0.0856 0.1368 
 310 0.0040 0.0063 0.1315 0.1093 0.0837 0.1848 0.2886 0.0775 0.1143 
 311 0.0040 0.0060 0.3728 0.0395 0.0731 0.1354 0.1974 0.0752 0.0967 
 312 0.0041 0.0066 0.3953 0.0719 0.0656 0.0888 0.1264 0.0827 0.1586 
 313 0.0050 0.0070 0.1158 0.3049 0.0802 0.0877 0.1587 0.0913 0.1495 
 314 0.0043 0.0077 0.0181 0.0668 0.0639 0.4538 0.2212 0.0885 0.0757 
 315 0.0041 0.0051 0.0174 0.0734 0.0781 0.4595 0.1560 0.1308 0.0756 
 316 0.0070 0.0068 0.0204 0.0473 0.0893 0.4765 0.1237 0.1474 0.0816 
 317 0.0048 0.0071 0.0161 0.0391 0.0657 0.5146 0.1858 0.0895 0.0772 
 318 0.0048 0.0063 0.0149 0.0300 0.0697 0.5866 0.1189 0.0930 0.0757 
 319 0.0046 0.0051 0.0183 0.0408 0.0630 0.4509 0.2539 0.0854 0.0779 
 320 0.0046 0.0076 0.0188 0.0664 0.0638 0.4559 0.2192 0.0881 0.0756 
 321 0.0048 0.0073 0.0156 0.0352 0.0709 0.5185 0.1765 0.0939 0.0773 
 322 0.0071 0.0080 0.0230 0.0718 0.0809 0.3884 0.2027 0.1352 0.0828 
 323 0.0104 0.0051 0.0180 0.0320 0.0725 0.5448 0.1518 0.0878 0.0776 
 324 0.0048 0.0073 0.0150 0.0355 0.0703 0.5218 0.1738 0.0953 0.0761 
 325 0.0047 0.0063 0.0160 0.0435 0.0834 0.5132 0.1118 0.1420 0.0789 
 326 0.0119 0.0117 0.0212 0.0471 0.0848 0.4765 0.1225 0.1436 0.0808 
 327 0.0045 0.0071 0.0164 0.0394 0.0653 0.5168 0.1844 0.0898 0.0763 
 328 0.0045 0.0057 0.0174 0.0547 0.0803 0.4105 0.2102 0.1357 0.0810 
 329 0.0044 0.0046 0.0150 0.0296 0.0669 0.5300 0.1850 0.0887 0.0757 
 330 0.0050 0.0072 0.0163 0.0396 0.0659 0.5171 0.1831 0.0894 0.0765 
 331 0.0044 0.0048 0.0166 0.0309 0.0660 0.5688 0.1420 0.0898 0.0769 
 332 0.0141 0.0078 0.0173 0.0439 0.0954 0.4822 0.1202 0.1393 0.0798 
 333 0.0106 0.0078 0.0236 0.0499 0.0810 0.4599 0.1495 0.1356 0.0821 
 334 0.0045 0.0057 0.0181 0.0542 0.0811 0.4090 0.2103 0.1362 0.0807 
 335 0.0044 0.0057 0.0170 0.0606 0.0744 0.4175 0.2155 0.1255 0.0795 
 336 0.0132 0.0076 0.0187 0.0520 0.0751 0.5116 0.1538 0.0931 0.0749 
 337 0.0048 0.0081 0.0160 0.0524 0.0844 0.4420 0.1676 0.1452 0.0794 
 338 0.0055 0.0063 0.0155 0.0300 0.0699 0.5815 0.1210 0.0942 0.0763 
 339 0.0045 0.0046 0.0165 0.0307 0.0666 0.5697 0.1417 0.0888 0.0769 
 340 0.0044 0.0047 0.0169 0.0340 0.0624 0.5671 0.1491 0.0844 0.0771 
 341 0.0111 0.0073 0.0222 0.0337 0.0686 0.5251 0.1633 0.0899 0.0788 
 342 0.0048 0.0069 0.0167 0.0394 0.0658 0.5175 0.1833 0.0893 0.0763 
 343 0.0104 0.0065 0.0184 0.0923 0.0847 0.3289 0.2581 0.1232 0.0776 
 344 0.0043 0.0048 0.0152 0.0296 0.0670 0.5778 0.1370 0.0889 0.0753 
 345 0.0048 0.0071 0.0166 0.0394 0.0657 0.5157 0.1840 0.0900 0.0766 
 346 0.0045 0.0059 0.0162 0.0326 0.0645 0.5879 0.1224 0.0889 0.0771 
 347 0.0044 0.0047 0.0156 0.0325 0.0622 0.5756 0.1450 0.0846 0.0754 
 348 0.0042 0.0056 0.0188 0.1053 0.0704 0.3532 0.2485 0.1166 0.0775 
 349 0.0049 0.0070 0.0167 0.0396 0.0652 0.5160 0.1843 0.0898 0.0764 
 350 0.0043 0.0049 0.0184 0.0506 0.0652 0.5114 0.1809 0.0892 0.0750 
 351 0.0045 0.0055 0.0168 0.0603 0.0736 0.4162 0.2175 0.1266 0.0791 
 352 0.0048 0.0078 0.0175 0.0610 0.0778 0.4407 0.1757 0.1343 0.0805 
 353 0.0130 0.0074 0.0184 0.0525 0.0761 0.5101 0.1549 0.0921 0.0755 
 354 0.0060 0.0056 0.0173 0.0309 0.0682 0.5525 0.1515 0.0909 0.0769 
 355 0.0048 0.0061 0.0150 0.0298 0.0687 0.5886 0.1179 0.0931 0.0761 
 356 0.0038 0.0052 0.0190 0.0984 0.0690 0.2393 0.3724 0.1154 0.0773 
 357 0.0043 0.0050 0.0187 0.0470 0.1556 0.3348 0.1332 0.2089 0.0925 
 358 0.0049 0.0053 0.0156 0.0420 0.0816 0.5001 0.1344 0.1376 0.0786 
 359 0.0048 0.0050 0.0166 0.0308 0.0672 0.5637 0.1440 0.0906 0.0773 
 360 0.0046 0.0059 0.0160 0.0326 0.0645 0.5901 0.1223 0.0877 0.0763 
 361 0.0044 0.0058 0.0202 0.0613 0.1525 0.2234 0.2307 0.2088 0.0931 
 362 0.0051 0.0079 0.1161 0.0509 0.1045 0.1075 0.1259 0.3417 0.1405 
 363 0.0066 0.0086 0.0349 0.0522 0.1639 0.0733 0.1206 0.2822 0.2578 
 364 0.0100 0.0086 0.0194 0.0532 0.2407 0.1571 0.2545 0.1126 0.1440 
 365 0.0141 0.0168 0.0295 0.0533 0.2200 0.0807 0.1309 0.3247 0.1300 
 366 0.0055 0.0101 0.0363 0.1257 0.2216 0.1124 0.1946 0.1759 0.1180 
 367 0.0047 0.0065 0.0225 0.0349 0.0923 0.0603 0.0850 0.3864 0.3074 
 368 0.0048 0.0057 0.0325 0.0418 0.1289 0.0911 0.1534 0.1639 0.3779 
 369 0.0066 0.0123 0.0218 0.0828 0.1956 0.1067 0.3289 0.1192 0.1261 
 370 0.0105 0.0113 0.0670 0.0484 0.1450 0.0933 0.1547 0.1334 0.3364 
 371 0.0086 0.0106 0.0572 0.0564 0.3028 0.1115 0.1795 0.1173 0.1561 
 372 0.0326 0.0229 0.1628 0.0603 0.0901 0.1078 0.1735 0.1303 0.2198 
 373 0.0051 0.0075 0.0290 0.0444 0.1234 0.1052 0.2132 0.2039 0.2684 
 374 0.0062 0.0143 0.0316 0.0416 0.1670 0.1272 0.2594 0.1893 0.1634 
 375 0.0139 0.0101 0.0408 0.0355 0.2677 0.0707 0.1078 0.1769 0.2765 
 376 0.1027 0.0102 0.0154 0.0357 0.1872 0.0650 0.1032 0.3416 0.1391 
 377 0.0063 0.0089 0.0253 0.0880 0.1394 0.1183 0.1114 0.2598 0.2427 
 378 0.0054 0.0085 0.0227 0.0523 0.0681 0.1923 0.1321 0.2399 0.2787 
 379 0.1715 0.0170 0.0239 0.0407 0.1748 0.0589 0.0939 0.2559 0.1633 
 380 0.0091 0.0105 0.0342 0.0569 0.1339 0.1132 0.2421 0.3015 0.0987 
 381 0.0076 0.0096 0.0175 0.0794 0.2738 0.0893 0.2567 0.1789 0.0871 
 382 0.0046 0.0054 0.0189 0.0343 0.3309 0.0884 0.0958 0.2109 0.2108 
 383 0.0146 0.0119 0.0527 0.0389 0.2040 0.2017 0.1051 0.2598 0.1113 
 384 0.0430 0.0199 0.0339 0.0404 0.2812 0.1395 0.1224 0.1656 0.1541 
 385 0.0073 0.1140 0.0185 0.0362 0.1837 0.2100 0.1221 0.1263 0.1819 
 386 0.0040 0.0056 0.0225 0.0406 0.1467 0.0724 0.1135 0.3812 0.2135 
 387 0.0045 0.0062 0.0161 0.0485 0.1785 0.1015 0.1008 0.3276 0.2164 
 388 0.0138 0.0189 0.0298 0.0361 0.1843 0.1620 0.1801 0.1798 0.1952 
 389 0.0101 0.0274 0.0568 0.1884 0.1606 0.0914 0.1276 0.0988 0.2388 
 390 0.0191 0.0199 0.0366 0.0823 0.0927 0.0652 0.1192 0.3697 0.1953 
 391 0.0129 0.0317 0.0297 0.0740 0.1245 0.0878 0.2002 0.1613 0.2778 
 392 0.0063 0.0062 0.0223 0.0566 0.1437 0.1399 0.1407 0.3174 0.1668 
 393 0.0072 0.0102 0.0179 0.0677 0.1086 0.1079 0.1574 0.4288 0.0944 
 394 0.0046 0.0052 0.0236 0.0500 0.0889 0.2041 0.1416 0.3157 0.1663 
 395 0.0040 0.0056 0.0434 0.0903 0.0875 0.0896 0.1368 0.3035 0.2394 
 396 0.0050 0.0053 0.0212 0.0369 0.2286 0.0593 0.0947 0.1988 0.3502 
 397 0.0488 0.0056 0.0645 0.0587 0.2330 0.1267 0.2311 0.0952 0.1364 
 398 0.0385 0.0061 0.0148 0.0401 0.0807 0.0634 0.0926 0.4892 0.1746 
 399 0.0046 0.0090 0.0245 0.0547 0.0872 0.0801 0.1259 0.2446 0.3696 
 400 0.0062 0.0071 0.0153 0.0413 0.1952 0.0799 0.1739 0.2866 0.1944 
 401 0.0045 0.0075 0.0168 0.0827 0.0635 0.0956 0.1509 0.3049 0.2736 
 402 0.0055 0.0062 0.0196 0.1096 0.1413 0.1029 0.1591 0.1894 0.2664 
 403 0.0061 0.0125 0.0211 0.0521 0.1054 0.2818 0.1879 0.1732 0.1599 
 404 0.0065 0.0116 0.0415 0.0362 0.2241 0.0869 0.1992 0.1747 0.2193 
 405 0.0042 0.0055 0.0333 0.0578 0.1643 0.0988 0.1805 0.2991 0.1566 
 406 0.0040 0.0061 0.0257 0.0938 0.0947 0.0919 0.2402 0.3372 0.1063 
 407 0.0041 0.0052 0.0189 0.0340 0.1618 0.0593 0.0982 0.4701 0.1484 
 408 0.0040 0.0052 0.0226 0.1228 0.0644 0.0559 0.1114 0.1685 0.4453 
 409 0.0108 0.0122 0.0200 0.0488 0.0713 0.0850 0.3883 0.2622 0.1013 
 410 0.0746 0.0101 0.0254 0.0531 0.1058 0.1031 0.1395 0.3048 0.1835 
 411 0.0134 0.0071 0.0174 0.0893 0.2584 0.1474 0.1182 0.1988 0.1501 
 412 0.0048 0.0057 0.0365 0.0392 0.1562 0.0868 0.1468 0.2120 0.3121 
 413 0.0045 0.0052 0.0253 0.0431 0.0972 0.1818 0.1292 0.2378 0.2757 
 414 0.0043 0.0093 0.0636 0.0357 0.2034 0.0761 0.0789 0.1470 0.3817 
 415 0.0048 0.0073 0.0211 0.0794 0.1886 0.0669 0.1497 0.3231 0.1591 
 416 0.0057 0.0171 0.0287 0.0653 0.1162 0.0856 0.2097 0.2732 0.1984 
 417 0.0054 0.0059 0.0315 0.0397 0.1060 0.0656 0.1122 0.4829 0.1507 
 418 0.0060 0.0056 0.0252 0.0333 0.1573 0.0686 0.1026 0.2181 0.3834 
 419 0.0098 0.0193 0.0235 0.0529 0.1064 0.1372 0.2133 0.2618 0.1757 
 420 0.0038 0.0070 0.0168 0.1226 0.0662 0.0612 0.1517 0.3140 0.2567 
 421 0.0056 0.0063 0.0352 0.0418 0.0849 0.0664 0.1292 0.3698 0.2609 
 422 0.0057 0.0069 0.0484 0.1143 0.0851 0.0795 0.1611 0.3462 0.1530 
 423 0.0066 0.0065 0.0467 0.0558 0.2016 0.1165 0.1136 0.2590 0.1938 
 424 0.0072 0.0137 0.0161 0.1340 0.0954 0.0961 0.1277 0.2570 0.2527 
 425 0.0172 0.0270 0.0306 0.0547 0.2699 0.1286 0.1368 0.1708 0.1644 
 426 0.0272 0.0233 0.0238 0.0564 0.1404 0.1170 0.1534 0.2414 0.2172 
 427 0.0043 0.0054 0.0132 0.0345 0.0781 0.1580 0.0848 0.4939 0.1277 
 428 0.0168 0.0071 0.0253 0.0684 0.0752 0.1300 0.2070 0.3619 0.1084 
 429 0.0053 0.0059 0.0239 0.0334 0.1586 0.0597 0.0887 0.4168 0.2076 
 430 0.0046 0.0061 0.0307 0.0381 0.1024 0.0651 0.1054 0.5107 0.1369 
 431 0.0090 0.0115 0.0362 0.0526 0.1678 0.1380 0.1342 0.1616 0.2890 
 432 0.0047 0.0055 0.0206 0.0473 0.1142 0.0950 0.1644 0.2035 0.3449 
 433 0.0080 0.0055 0.0187 0.0758 0.1242 0.1967 0.2559 0.1230 0.1923 
 434 0.0050 0.0074 0.0373 0.0515 0.2034 0.1059 0.2509 0.1837 0.1550 
 435 0.0041 0.0051 0.0136 0.0445 0.0822 0.0623 0.0869 0.5553 0.1460 
 436 0.0061 0.0081 0.0118 0.0545 0.0983 0.0742 0.1381 0.4969 0.1121 
 437 0.0058 0.0051 0.0163 0.0470 0.4036 0.0697 0.0984 0.2114 0.1426 
 438 0.0051 0.0070 0.0157 0.0820 0.0622 0.0747 0.1909 0.4236 0.1388 
 439 0.0043 0.0057 0.0123 0.0333 0.0822 0.0681 0.1036 0.5943 0.0964 
 440 0.0038 0.0055 0.0165 0.0443 0.1315 0.0541 0.0771 0.5218 0.1456 
 441 0.0046 0.0063 0.0156 0.0409 0.1040 0.0968 0.1536 0.4726 0.1056 
 442 0.0057 0.0150 0.0158 0.0547 0.1861 0.0609 0.1308 0.2689 0.2620 
 443 0.0043 0.0085 0.0151 0.1316 0.0784 0.0568 0.0951 0.4020 0.2082 
 444 0.0056 0.0148 0.0159 0.0719 0.1985 0.0609 0.1193 0.3086 0.2046 
 445 0.0373 0.0076 0.0167 0.0543 0.0888 0.0820 0.2304 0.3859 0.0970 
 446 0.0481 0.0069 0.0127 0.0318 0.0744 0.0649 0.1012 0.4974 0.1626 
 447 0.0055 0.0158 0.0140 0.0645 0.0990 0.0881 0.1807 0.3934 0.1389 
 448 0.0044 0.0056 0.0151 0.0493 0.1429 0.0683 0.1077 0.4394 0.1673 
 449 0.0045 0.0056 0.0179 0.0461 0.1457 0.0895 0.1576 0.3935 0.1396 
 450 0.0067 0.0071 0.0141 0.0292 0.2737 0.1000 0.1406 0.2870 0.1416 
 451 0.0046 0.0052 0.0166 0.0627 0.1279 0.0557 0.0815 0.2086 0.4372 
 452 0.0050 0.0057 0.0152 0.0332 0.1450 0.0998 0.1384 0.4223 0.1355 
 453 0.0041 0.0085 0.0197 0.1722 0.0802 0.0699 0.2289 0.2377 0.1787 
 454 0.0042 0.0058 0.0179 0.0471 0.1470 0.1144 0.1244 0.4231 0.1162 
 455 0.0044 0.0058 0.0125 0.0592 0.0861 0.0591 0.1060 0.5323 0.1346 
 456 0.0050 0.0078 0.0145 0.1453 0.1239 0.0585 0.0962 0.4030 0.1456 
 457 0.0053 0.0053 0.0138 0.0442 0.2161 0.0697 0.1082 0.4141 0.1232 
 458 0.0389 0.0072 0.0152 0.0336 0.0943 0.0693 0.1167 0.5104 0.1145 
 459 0.0045 0.0062 0.0115 0.0353 0.0747 0.0888 0.1510 0.5072 0.1209 
 460 0.0041 0.0059 0.0126 0.0376 0.0767 0.0617 0.0870 0.5725 0.1420 
 461 0.0065 0.0066 0.0124 0.0293 0.1318 0.0650 0.0931 0.4194 0.2359 
 462 0.0071 0.0424 0.0353 0.0686 0.1682 0.0524 0.0764 0.3485 0.2011 
 463 0.0040 0.0065 0.0227 0.1841 0.0816 0.0744 0.1466 0.3759 0.1042 
 464 0.0038 0.0053 0.0129 0.0731 0.0722 0.0573 0.0944 0.5055 0.1755 
 465 0.0063 0.0065 0.0158 0.0642 0.0890 0.0672 0.1281 0.3892 0.2336 
 466 0.0039 0.0053 0.0177 0.1327 0.0764 0.0588 0.1139 0.3996 0.1916 
 467 0.0045 0.0076 0.0286 0.0511 0.1116 0.0815 0.1332 0.4536 0.1282 
 468 0.0044 0.0055 0.0132 0.0900 0.1579 0.0583 0.0964 0.4664 0.1080 
 469 0.0041 0.0055 0.0112 0.0358 0.0752 0.0628 0.0887 0.6292 0.0874 
 470 0.0041 0.0050 0.0121 0.0404 0.0706 0.0621 0.0844 0.5830 0.1383 
 471 0.0052 0.0096 0.0305 0.1372 0.1463 0.0687 0.1208 0.2869 0.1947 
 472 0.0057 0.0072 0.0157 0.0791 0.1584 0.0632 0.1396 0.3581 0.1730 
 473 0.0045 0.0054 0.0208 0.0635 0.1576 0.0938 0.1480 0.3580 0.1484 
 474 0.0044 0.0057 0.0165 0.0546 0.1384 0.0889 0.1555 0.4040 0.1321 
 475 0.0048 0.0058 0.0162 0.0478 0.0792 0.0922 0.1830 0.3563 0.2148 
 476 0.0065 0.0067 0.0142 0.0567 0.2529 0.0636 0.1158 0.3706 0.1132 
 477 0.0062 0.0093 0.0119 0.0710 0.1036 0.0779 0.1663 0.3140 0.2397 
 478 0.0066 0.0118 0.0116 0.0456 0.0788 0.0632 0.0880 0.3418 0.3525 
 479 0.0041 0.0053 0.0125 0.0372 0.1251 0.0613 0.0872 0.5313 0.1360 
 480 0.0050 0.0055 0.0136 0.0378 0.1951 0.0673 0.1021 0.4692 0.1044 
 481 0.0051 0.0085 0.0350 0.0634 0.2072 0.0694 0.1219 0.2708 0.2187 
 482 0.0052 0.0055 0.0128 0.0328 0.1467 0.0619 0.0916 0.4971 0.1464 
 483 0.0051 0.0059 0.0131 0.0359 0.0858 0.0696 0.1115 0.5433 0.1298 
 484 0.0049 0.0084 0.0183 0.1121 0.0732 0.0663 0.1148 0.4797 0.1221 
 485 0.0049 0.0059 0.0130 0.0437 0.0759 0.0629 0.0909 0.5763 0.1265 
 486 0.0077 0.0127 0.0302 0.2086 0.1827 0.0890 0.1430 0.1259 0.2002 
 487 0.0078 0.0101 0.0180 0.0960 0.2250 0.1667 0.1813 0.1139 0.1812 
 488 0.0073 0.0164 0.0223 0.0966 0.1416 0.1724 0.1124 0.1134 0.3177 
 489 0.0067 0.0069 0.0213 0.0860 0.2889 0.0978 0.2740 0.0870 0.1315 
 490 0.0055 0.0077 0.0157 0.1328 0.1633 0.0656 0.1072 0.1646 0.3377 
 491 0.0072 0.0172 0.0419 0.0766 0.1634 0.1300 0.2945 0.1049 0.1642 
 492 0.0044 0.0114 0.0176 0.0932 0.0844 0.2221 0.1773 0.1189 0.2707 
 493 0.0078 0.0125 0.0349 0.1345 0.2456 0.1454 0.0942 0.0846 0.2405 
 494 0.0198 0.0180 0.0362 0.0867 0.2028 0.1070 0.2596 0.1114 0.1585 
 495 0.0201 0.0426 0.0147 0.1075 0.1229 0.1752 0.1404 0.0975 0.2790 
 496 0.0047 0.0052 0.0203 0.0747 0.1046 0.1406 0.3785 0.1394 0.1321 
 497 0.0139 0.0282 0.0361 0.0937 0.2144 0.2036 0.1582 0.1001 0.1519 
 498 0.0090 0.0207 0.0193 0.0849 0.2029 0.0695 0.2188 0.1206 0.2543 
 499 0.0145 0.0083 0.0214 0.1005 0.1784 0.2275 0.2289 0.1046 0.1159 
 500 0.0094 0.0067 0.0421 0.0982 0.3615 0.1186 0.1267 0.1105 0.1263 
 501 0.0079 0.0072 0.0259 0.0427 0.2085 0.1330 0.2573 0.1587 0.1587 
 502 0.0061 0.0112 0.0157 0.0338 0.1101 0.1530 0.2619 0.1463 0.2620 
 503 0.0057 0.0058 0.0218 0.0575 0.2738 0.0812 0.1288 0.2065 0.2189 
 504 0.0069 0.0176 0.0148 0.0902 0.0975 0.0766 0.1684 0.1316 0.3963 
 505 0.0065 0.0085 0.0508 0.1207 0.1355 0.0972 0.2837 0.1015 0.1956 
 506 0.0055 0.0127 0.0253 0.0464 0.1030 0.1331 0.2848 0.1164 0.2729 
 507 0.0054 0.0053 0.0214 0.0896 0.0721 0.2516 0.3785 0.0915 0.0846 
 508 0.0115 0.0085 0.0182 0.1350 0.0774 0.2800 0.2842 0.0808 0.1044 
 509 0.0059 0.0070 0.0324 0.1048 0.1055 0.1854 0.2818 0.1187 0.1585 
 510 0.0111 0.0065 0.0216 0.0532 0.2477 0.1980 0.2252 0.0909 0.1458 
 511 0.0078 0.0121 0.0481 0.0611 0.2042 0.0787 0.1726 0.2210 0.1945 
 512 0.0061 0.0079 0.0276 0.0420 0.3318 0.0672 0.1030 0.2193 0.1951 
 513 0.0080 0.1115 0.0426 0.1788 0.0732 0.0992 0.1231 0.0732 0.2905 
 514 0.0060 0.0060 0.0237 0.0489 0.0867 0.1362 0.1334 0.1727 0.3865 
 515 0.0082 0.0097 0.0186 0.1125 0.1124 0.1982 0.1340 0.2855 0.1208 
 516 0.0071 0.0067 0.0211 0.1099 0.0837 0.0837 0.2131 0.1201 0.3545 
 517 0.0058 0.0063 0.0201 0.1236 0.0784 0.1590 0.1844 0.2689 0.1536 
 518 0.0422 0.0058 0.0458 0.0418 0.2539 0.2113 0.1517 0.1080 0.1394 
 519 0.0051 0.0076 0.0159 0.0501 0.0820 0.0937 0.2050 0.1745 0.3662 
 520 0.0057 0.0065 0.0204 0.1255 0.0786 0.1908 0.2346 0.2491 0.0891 
 521 0.0048 0.0060 0.0484 0.0555 0.0893 0.2902 0.1512 0.1234 0.2311 
 522 0.0136 0.0077 0.0182 0.2002 0.2363 0.1140 0.0948 0.1783 0.1368 
 523 0.0065 0.0064 0.0184 0.2014 0.0717 0.1652 0.2150 0.1874 0.1281 
 524 0.0059 0.0056 0.0217 0.0995 0.0817 0.1497 0.1228 0.3794 0.1337 
 525 0.0562 0.0065 0.0267 0.0734 0.1223 0.1952 0.2135 0.2101 0.0961 
 526 0.0044 0.0059 0.0231 0.1541 0.0694 0.0851 0.2122 0.3501 0.0956 
 527 0.0493 0.0075 0.0206 0.0386 0.2416 0.1147 0.1158 0.1388 0.2731 
 528 0.0040 0.0051 0.0465 0.0619 0.0927 0.3903 0.1424 0.0949 0.1622 
 529 0.0640 0.0106 0.0544 0.0671 0.1090 0.1392 0.1953 0.1254 0.2350 
 530 0.0055 0.0080 0.0223 0.0803 0.2308 0.1268 0.1626 0.2266 0.1370 
 531 0.0051 0.0062 0.0167 0.0519 0.0902 0.3213 0.1320 0.2657 0.1110 
 532 0.0105 0.0074 0.0233 0.0920 0.1872 0.2946 0.1001 0.0900 0.1950 
 533 0.0452 0.0068 0.0439 0.1019 0.1719 0.1286 0.1364 0.2127 0.1525 
 534 0.0591 0.0107 0.0319 0.2208 0.0681 0.1758 0.1544 0.0845 0.1948 
 535 0.0043 0.0063 0.0230 0.1246 0.0728 0.0853 0.2211 0.2910 0.1716 
 536 0.0054 0.0081 0.0537 0.0464 0.0992 0.1015 0.2984 0.2223 0.1650 
 537 0.0052 0.0085 0.0321 0.0578 0.0964 0.0986 0.4495 0.1174 0.1346 
 538 0.0042 0.0063 0.0757 0.0779 0.1095 0.1028 0.3357 0.1538 0.1341 
 539 0.0039 0.0051 0.0374 0.0448 0.0916 0.1608 0.4759 0.0780 0.1025 
 540 0.0051 0.0069 0.0609 0.1104 0.1250 0.2095 0.1759 0.1794 0.1270 
 541 0.0067 0.0129 0.0321 0.0694 0.1151 0.2660 0.2054 0.1854 0.1070 
 542 0.0047 0.0115 0.0600 0.1229 0.1029 0.0728 0.2197 0.2848 0.1207 
 543 0.0074 0.0156 0.0348 0.1955 0.0758 0.1800 0.1381 0.1852 0.1677 
 544 0.0041 0.0070 0.0245 0.1902 0.0865 0.1063 0.2366 0.2217 0.1231 
 545 0.0048 0.0102 0.0276 0.2054 0.0839 0.0620 0.1453 0.2917 0.1691 
 546 0.0047 0.0128 0.0641 0.1184 0.1121 0.1218 0.2618 0.1838 0.1205 
 547 0.0049 0.0090 0.0173 0.2319 0.0663 0.0937 0.2889 0.1713 0.1167 
 548 0.0044 0.0059 0.1688 0.0459 0.1253 0.1617 0.2442 0.0962 0.1476 
 549 0.0052 0.0074 0.0151 0.0449 0.0669 0.1029 0.4356 0.2248 0.0972 
 550 0.0040 0.0086 0.0217 0.1055 0.0871 0.0679 0.2287 0.3238 0.1527 
 551 0.0056 0.0066 0.0171 0.0454 0.0753 0.1453 0.4486 0.1490 0.1072 
 552 0.0043 0.0059 0.0619 0.0939 0.1085 0.1151 0.3673 0.1179 0.1252 
 553 0.0074 0.0151 0.0359 0.2933 0.0690 0.1341 0.1989 0.1186 0.1278 
 554 0.0071 0.0096 0.0530 0.0836 0.2264 0.1731 0.1305 0.1752 0.1414 
 555 0.0056 0.0151 0.0378 0.0678 0.1119 0.1264 0.3873 0.1095 0.1386 
 556 0.0046 0.0067 0.0459 0.0644 0.1069 0.0982 0.3823 0.1413 0.1498 
 557 0.0046 0.0076 0.0192 0.0633 0.0914 0.1026 0.1896 0.3616 0.1602 
 558 0.0051 0.0053 0.0115 0.0297 0.1353 0.0626 0.0916 0.5246 0.1343 
 559 0.0054 0.0060 0.0527 0.0974 0.1378 0.0873 0.1783 0.1406 0.2945 
 560 0.0042 0.0090 0.0285 0.0349 0.0721 0.0526 0.0794 0.3558 0.3636 
 561 0.0048 0.0079 0.0160 0.0713 0.1089 0.0646 0.1031 0.3433 0.2802 
 562 0.0051 0.0085 0.0321 0.1012 0.1581 0.0530 0.0812 0.2053 0.3556 
 563 0.0074 0.0134 0.0118 0.0497 0.0735 0.0934 0.2683 0.2284 0.2542 
 564 0.0071 0.0098 0.1406 0.1687 0.1422 0.1124 0.1085 0.1374 0.1733 
 565 0.0043 0.0053 0.0142 0.0328 0.1482 0.0672 0.1109 0.4995 0.1175 
 566 0.0039 0.0055 0.0161 0.0430 0.1356 0.0548 0.0803 0.3329 0.3280 
 567 0.0052 0.0072 0.1769 0.0675 0.1588 0.0683 0.1147 0.1197 0.2817 
 568 0.0045 0.0055 0.0266 0.0793 0.0845 0.0842 0.1584 0.2961 0.2607 
 569 0.0061 0.0061 0.0180 0.1289 0.2503 0.1062 0.1019 0.2197 0.1629 
 570 0.0056 0.0050 0.0238 0.0364 0.3772 0.0609 0.0808 0.2389 0.1714 
 571 0.0044 0.0054 0.0272 0.0551 0.0839 0.0831 0.1120 0.2485 0.3803 
 572 0.0040 0.0086 0.0229 0.2171 0.1278 0.1034 0.2591 0.1597 0.0975 
 573 0.0065 0.0073 0.1515 0.0982 0.1047 0.1003 0.1265 0.2496 0.1554 
 574 0.0055 0.0066 0.0183 0.0583 0.3207 0.1283 0.1816 0.1800 0.1008 
 575 0.0048 0.0061 0.0296 0.0392 0.0806 0.0984 0.2039 0.2629 0.2746 
 576 0.0049 0.0088 0.0183 0.0377 0.1464 0.0582 0.0795 0.2776 0.3684 
 577 0.0059 0.0063 0.0180 0.0444 0.2816 0.1028 0.2327 0.1775 0.1309 
 578 0.0047 0.0102 0.0320 0.0526 0.1175 0.0804 0.1187 0.3106 0.2733 
 579 0.0054 0.0170 0.0658 0.0615 0.1324 0.0819 0.0951 0.3437 0.1971 
